0.6,-1.5690860141,-1.4795687841,-0.137132142,-1.09768027,0.135447267,0.0749668433
0.599532805543916,-1.5690775399673,-1.47962923021512,-0.13758025621941,-1.09768354025497,0.135574871860506,0.0744880532694805
0.598131919492483,-1.56905223837451,-1.4798101969759,-0.138922607768211,-1.09769358364409,0.135957525175779,0.0730657955846485
0.595799426384377,-1.5690104694494,-1.48011055027861,-0.141153216338077,-1.09771109582668,0.136594709806057,0.0707423552726097
0.592538786883264,-1.56895282593797,-1.48052833781566,-0.144262081346354,-1.09773722806547,0.137485450866099,0.0675880191097759
0.588354815394798,-1.56888012184873,-1.48106070904541,-0.148235135674954,-1.09777357264065,0.138628151137896,0.0637007032786238
0.583253650602161,-1.56879337644089,-1.48170382711905,-0.15305418289316,-1.09782213825783,0.140020369322835,0.059205265200758
0.577242721025081,-1.56869379362667,-1.48245279303047,-0.158696819771679,-1.09788531247669,0.141658550763041,0.0542523486181359
0.570330707262576,-1.56858273706538,-1.48330160313327,-0.165136347462098,-1.09796580894025,0.143537724320873,0.0490165895415172
0.562527503682553,-1.56846170153286,-1.48424315859504,-0.172341674835695,-1.09806659885025,0.14565118282956,0.0436940076925004
0.553844182328516,-1.56833228145804,-1.48526933977453,-0.180277218651229,-1.09819082857524,0.14799016806419,0.0384984240742322
0.544292961236483,-1.56819613777485,-1.48637115053639,-0.188902806888258,-1.09834172811037,0.150543583671301,0.0336567831412922
0.533887179951728,-1.56805496441005,-1.48753892821378,-0.198173592060989,-1.09852251774292,0.153297759746325,0.0294033190922035
0.522641283860365,-1.56791045572995,-1.4887626062526,-0.208039983247921,-1.0987363221243,0.156236291018566,0.0259725861638091
0.510570819301359,-1.56776427614576,-1.49003200970431,-0.218447605813694,-1.09898610143256,0.159339965805925,0.0235914701939917
0.497692440196459,-1.56761803280864,-1.49133716018935,-0.229337299086639,-1.09927460819809,0.162586796122517,0.022470404732059
0.484023926585102,-1.56747325202642,-1.49266856591259,-0.2406451623473,-1.0996043762317,0.165952150886278,0.0227941221918766
0.469584214908045,-1.56733135959293,-1.49401747999211,-0.252302658767126,-1.09997774156386,0.169408983786686,0.0247123706605604
0.454393439133289,-1.56719366517085,-1.49537610706916,-0.264236787001897,-1.10039689587108,0.172928141225985,0.0283311035021714
0.438472981363358,-1.56706135049339,-1.49673775262017,-0.276370327943276,-1.10086396359109,0.176478727495582,0.0337047029906814
0.42184553008701,-1.56693546120442,-1.4980969114022,-0.288622172572108,-1.10138109240322,0.180028502263713,0.0408298110153967
0.404535143787781,-1.5668169021915,-1.49944929696736,-0.30090773444716,-1.10195054361299,0.18354428612635,0.0496413089941485
0.386567316978358,-1.56670643638091,-1.5007918174354,-0.31313944779209,-1.10257476777559,0.186992354621476,0.0600109092470274
0.367969045807808,-1.56660468708955,-1.50212250450447,-0.325227348747438,-1.10325645139295,0.190338808547638,0.0717486906458667
0.348768889690364,-1.56651214409301,-1.50344040354731,-0.337079734310198,-1.10399852286936,0.193549917482922,0.0846077376918212
0.328997025495355,-1.56642917353655,-1.50474543296421,-0.348603889763063,-1.10480410995153,0.196592441807514,0.0982918343451366
0.308685290601599,-1.56635603165368,-1.50603822123838,-0.359706872005036,-1.10567644625653,0.199433944559608,0.112465939417731
0.287867211402755,-1.56629288198154,-1.50731993047658,-0.370296332845414,-1.10661873048108,0.20204310642113,0.126768950817445
0.266578013833183,-1.5662398154132,-1.50859207560826,-0.380281363851669,-1.10763394759427,0.204390054535262,0.140828076566
0.244854613167669,-1.56619687207726,-1.5098563485566,-0.389573342487524,-1.10872466574723,0.206446709038398,0.154273993825304
0.22273558053085,-1.56616406375636,-1.51111445638843,-0.398086758925332,-1.10989282510583,0.208187141870865,0.166755911361178
0.200261084393151,-1.56614139541302,-1.51236798144272,-0.405740003494605,-1.11113953499607,0.209587932699063,0.177955663127639
0.177472805771548,-1.56612888441453,-1.51361826978949,-0.412456096624041,-1.11246489395371,0.210628499112085,0.187600048572891
0.15441382699103,-1.56612657623516,-1.51486635219694,-0.418163345595977,-1.11386784413018,0.211291374395393,0.195470784903733
0.131128494471651,-1.56613455572795,-1.51611289945289,-0.422795915602373,-1.11534606797564,0.211562407163234,0.201411628155312
0.107662257135438,-1.56615295344741,-1.51735821166188,-0.426294305735117,-1.11689593191405,0.211430862728282,0.205332429533933
0.0840614829986112,-1.56618194691122,-1.51860223931721,-0.42860572372128,-1.11851247930524,0.210889415312844,0.207210099480544
0.0603732574328258,-1.56622175701821,-1.51984463192572,-0.429684356599682,-1.12018947213324,0.209934026958488,0.207086640901833
0.0366451671466632,-1.5662726404134,-1.52108481259558,-0.429491535764242,-1.12191948603355,0.20856374313146,0.205064541871478
0.0129250747485617,-1.56633487830036,-1.52232207227003,-0.427995800824223,-1.12369404945846,0.206780401812876,0.201299970079581
-0.0107391108287644,-1.56640876282688,-1.52355567587777,-0.425172867490552,-1.12550382624098,0.204588289400889,0.195994261487565
-0.0342996634202583,-1.56649458216354,-1.52478498408577,-0.421005506233123,-1.12733883906663,0.201993792899212,0.189384203297559
-0.0577092632425493,-1.56659260517423,-1.52600958323729,-0.415483343509998,-1.12918872180851,0.199005064299252,0.181731652249595
-0.080921210581387,-1.56670306662076,-1.52722942309939,-0.408602597874711,-1.13104299002978,0.195631728417148,0.17331297520806
-0.103889625770375,-1.56682615363281,-1.52844496248774,-0.400365764934682,-1.13289131542538,0.191884654406109,0.164408750038884
-0.126569632116255,-1.56696199392993,-1.529657324692,-0.390781265783223,-1.13472378813171,0.187775802281336,0.155294095050317
-0.1489175190191,-1.56711064598637,-1.53086846681127,-0.379863073384292,-1.13653115007671,0.183318146224342,0.146229916166975
-0.170890883077477,-1.5672720909959,-1.53208136958212,-0.367630330532331,-1.13830498289002,0.178525667327832,0.137455279382165
-0.192448745528104,-1.56744622613172,-1.53330025696457,-0.354106971567003,-1.14003783515215,0.173413400705302,0.129181038229142
-0.213551644907003,-1.56763285820469,-1.53453085748765,-0.339321358213982,-1.14172327558655,0.167997516093074,0.121584777469319
-0.234161704199814,-1.5678316963824,-1.53578072182604,-0.323305938100131,-1.14335586084784,0.162295407421401,0.114807078993256
-0.254242672607104,-1.56804234210654,-1.53705961267988,-0.306096932422838,-1.14493100876289,0.156325764936192,0.108949076188798
-0.273759942476848,-1.5682642736712,-1.53837998240175,-0.28773405761015,-1.14644477051674,0.1501086029776,0.104071239749358
-0.292680542580006,-1.56849682202713,-1.53975754839702,-0.268260284328903,-1.14789349957074,0.143665216617618,0.100193329870782
-0.310973109752592,-1.56873913320129,-1.54121196120505,-0.247721635667181,-1.14927342358703,0.137018040295381,0.0972954548446973
-0.328607841165034,-1.56899011128761,-1.54276752650804,-0.226167025418781,-1.15058014288222,0.13019038137879,0.0953201910239481
-0.345556430122926,-1.56924833458203,-1.54445387575358,-0.20364813601372,-1.15180811261576,0.123206001823934,0.0941757387647015
-0.361791988551328,-1.56951193701505,-1.54630636008128,-0.180219334062598,-1.15295022670496,0.116088525526953,0.0937401051873336
-0.377288958589559,-1.56977844973457,-1.54836574800336,-0.155937620269979,-1.15399772022981,0.108860666331176,0.0938663016268227
-0.392023015405841,-1.57004460771727,-1.55067654141073,-0.130862607425889,-1.15494074317607,0.101543317558063,0.0943884915600705
-0.405970961636014,-1.57030614984986,-1.55328297143944,-0.105056517602395,-1.15577008925082,0.09415464219089,0.0951288750635149
-0.419110612777823,-1.57055768298494,-1.55622176056382,-0.0785841865685503,-1.15648055528344,0.0867094679520384,0.0959047947067977
-0.431420673207823,-1.57079273359494,-1.55951153774963,-0.0515130634579096,-1.15707600591217,0.079219485886405,0.0965351058815516
-0.442880607603816,-1.57100413690682,-1.56314083173788,-0.0239131994311915,-1.15757518659328,0.0716948154176845,0.096844491367673
-0.45347052281455,-1.57118484244684,-1.56705937763937,0.00414276685811456,-1.15801589434314,0.0641471612332098,0.096664636471111
-0.463171085086741,-1.57132900566603,-1.57117874961464,0.0325796036395703,-1.15845444456594,0.0565939253359491,0.0958325083168365
-0.471963495021222,-1.57143298916595,-1.57538520168244,0.0613194362907188,-1.15895893425598,0.0490617105729314,0.0941879778486666
-0.47982952246445,-1.57149584785642,-1.57956071840887,0.0902816543701558,-1.15959828914983,0.0415875870170306,0.0915740315192113
-0.486751579962261,-1.57151913080182,-1.5836032896275,0.119382808924604,-1.16043164730343,0.0342176282611311,0.0878415227869506
-0.492712808314702,-1.57150619220202,-1.58743894069817,0.148536549009026,-1.16150190781159,0.0270036411369203,0.082857759062991
-0.497697161186347,-1.57146136984189,-1.59102391378294,0.17765363031934,-1.16283431897742,0.0199995620270659,0.076516425137702
-0.501689492447043,-1.57138930602634,-1.5943400920603,0.206642004490522,-1.16443858436747,0.0132585597596924,0.0687463763150527
-0.504675656654233,-1.57129451100736,-1.59738783213358,0.235406980422815,-1.16631239399082,0.00683115671513822,0.0595179066316742
-0.506642631324724,-1.57118114349677,-1.60017909289148,0.263851446819402,-1.16844491554091,0.000764202158752865,0.048846128389053
-0.507578664393757,-1.57105293780157,-1.60273209948097,0.291876147950487,-1.17081960824835,-0.00489961015688702,0.0367916610545904
-0.507473445832658,-1.57091321164417,-1.60506769983078,0.319380009569111,-1.17341626824139,-0.0101219403523657,0.023459009543854
-0.506318299339954,-1.57076490932521,-1.6072071057328,0.346260513042891,-1.17621245012251,-0.0148688771306251,0.00899302245102055
-0.504106388301843,-1.57061065424822,-1.6091706149989,0.372414116066279,-1.17918445731207,-0.0191109641989444,-0.00642620597317277
-0.500832929227914,-1.57045279811953,-1.61097696982853,0.397736715862879,-1.18230806219071,-0.0228231990911572,-0.0225896385653779
-0.496495405640351,-1.57029346190416,-1.61264310168034,0.422124147781972,-1.18555906641512,-0.0259849969630986,-0.0392664447392816
-0.491093775677089,-1.5701345676589,-1.61418409758938,0.445472710275048,-1.18891376676777,-0.0285801022157711,-0.0562116260982482
-0.484630667694407,-1.5699778622399,-1.61561328508274,0.467679704793191,-1.19234935895717,-0.0305964320899335,-0.0731737408829129
-0.477111559441442,-1.56982493458532,-1.61694237462442,0.488643979727151,-1.19584429090858,-0.0320258440452613,-0.0899023612015424
-0.468544937572956,-1.56967722838755,-1.61818162495166,0.508266469504637,-1.1993785656916,-0.0328638287807717,-0.106154930144418
-0.458942435080068,-1.56953605180263,-1.61934001270061,0.526450722985729,-1.20293398965807,-0.0331091405332277,-0.121702740553096
-0.448318944134431,-1.56940258555175,-1.62042539711117,0.543103419122204,-1.20649436136893,-0.0327633839836525,-0.136335829331592
-0.436692701052645,-1.5692778904411,-1.621444675831,0.558134870611266,-1.21004559939011,-0.0318305815767748,-0.149866662863271
-0.424085338995779,-1.56916291500771,-1.62240393056812,0.571459517368809,-1.21357581049462,-0.0303167461425649,-0.162132572417128
-0.410521903313576,-1.5690585037153,-1.62330856262028,0.582996410922054,-1.21707530310257,-0.0282294819151945,-0.172996976423897
-0.396030824066613,-1.56896540588057,-1.6241634188423,0.592669689376982,-1.2205365534345,-0.0255776331992268,-0.182349494787438
-0.380643841027347,-1.56888428531692,-1.62497290875281,0.600409040336758,-1.22395413339149,-0.0223709950513678,-0.190105115223486
-0.364395877899363,-1.56881573053361,-1.62574111351728,0.606150147421233,-1.22732460975543,-0.0186200952854177,-0.196202612188408
-0.347324863952736,-1.56876026522219,-1.62647188761623,0.609835115073812,-1.23064642412463,-0.014336052342824,-0.200602444768112
-0.329471504212459,-1.56871835870676,-1.6271689541012,0.611412865516445,-1.23391976189637,-0.00953050985660409,-0.203284370476951
-0.310879001002316,-1.56869043601395,-1.6278359946236,0.610839502244109,-1.23714641733468,-0.00421564569291747,-0.204245009324526
-0.291592732478111,-1.56867688724435,-1.62847673577358,0.608078634940498,-1.24032965990137,0.00159574860483461,-0.203495576575874
-0.271659895553319,-1.56867807598651,-1.62909503380467,0.603101661863307,-1.24347410513698,0.00789012335887699,-0.201059975556397
-0.251129122353712,-1.56869434660966,-1.62969496050854,0.595888006907206,-1.24658559127068,0.0146529674638302,-0.196973404504128
-0.230050080822865,-1.56872603039617,-1.6302808938886,0.586425309873533,-1.24967106048204,0.0218685529844373,-0.19128158556733
-0.208473070811751,-1.56877345062666,-1.63085761843112,0.574709569729628,-1.25273844140076,0.0295196351246123,-0.184040671045806
-0.186448627206935,-1.56883692691104,-1.63143044126057,0.560745241668466,-1.25579652693459,0.0375871161871557,-0.17531782347376
-0.164027141632838,-1.56891677926945,-1.63200533241591,0.544545289748715,-1.25885483881569,0.046049683784416,-0.165192404256466
-0.141258513391774,-1.56901333272301,-1.63258910009139,0.526131197462825,-1.26192346743565,0.0548834360964373,-0.15375764254892
-0.118191839087382,-1.56912692348077,-1.6331896151717,0.505532938830373,-1.2650128725382,0.0640615103936484,-0.141122595082835
-0.0948751490290122,-1.56925790825088,-1.6338161040247,0.482788912786329,-1.2681336271772,0.0735537353801601,-0.12741415287702
-0.0713551964117979,-1.5694066788464,-1.63447953453811,0.457945843166969,-1.27129608421632,0.0833263335616481,-0.112778806853506
-0.0476773033086005,-1.56957368522774,-1.63519312770011,0.43105864608903,-1.27450994170062,0.0933417066859407,-0.0973838576554095
-0.0238852654011422,-1.56975947164084,-1.6359730345728,0.402190265799359,-1.27778368147047,0.103558345881317,-0.0814177519253948
-2.1315321266e-05,-1.56996473290089,-1.6368392225274,0.371411479266835,-1.28112385645923,0.113930919205114,-0.0650892546785216
0.0238738575330275,-1.57019040159993,-1.63781660450164,0.338800668797256,-1.28453421167716,0.12441060443335,-0.0486252306938771
0.0477610343284118,-1.57043778257892,-1.63893639373862,0.304443561252925,-1.28801465557744,0.134945755957226,-0.0322669096170388
0.0716023462390649,-1.57070875839056,-1.640237509572,0.268432931516091,-1.29156018493779,0.145483022686346,-0.0162646436984443
0.0953611118436489,-1.57100609614009,-1.64176745587081,0.230868267066609,-1.29516007896025,0.155969060915128,-0.000871308581439551
0.119001640195279,-1.57133388090375,-1.64358117466849,0.191855388519517,-1.29879815202876,0.166352971555062,0.0136654280652177
0.142489012322067,-1.57169804956322,-1.64573460289161,0.15150601708927,-1.30245575803869,0.176589397920469,0.0271119167291845
0.165788868269563,-1.57210682304274,-1.6482672708107,0.109937272532355,-1.30612043767362,0.186641514774255,0.0392591062138473
0.188867255864425,-1.57257044349485,-1.65116846727689,0.0672710783818675,-1.3098029477626,0.196481477575867,0.0499370845841761
0.21169062441803,-1.57309920289687,-1.65433357974618,0.0236334633795474,-1.31355916346356,0.206083903452423,0.0590365971500251
0.234225990383603,-1.5736993424981,-1.65754684279447,-0.0208461920695219,-1.31749824120969,0.215409938579416,0.0665357964863915
0.256441096748827,-1.57436901287106,-1.66053750175266,-0.0660358404096275,-1.32175321550544,0.224390343446254,0.0725181796154192
0.2783042738915,-1.57509821671521,-1.66308887842866,-0.111801302796803,-1.32642496117389,0.232924528460805,0.077164712231155
0.299784012570753,-1.57587307301732,-1.66510652463318,-0.158006751543712,-1.33154763033537,0.24089848299722,0.0807246400801696
0.320848583808409,-1.5766803918328,-1.66660340665516,-0.204515284723387,-1.33709679325509,0.248205243241468,0.0834863913258877
0.341465906820897,-1.57750978752574,-1.66764757737738,-0.251189601306095,-1.34301680425828,0.254755432948875,0.0857591912201017
0.361603607668214,-1.57835373188157,-1.66832012478873,-0.297892697665913,-1.34924291834564,0.260478848927669,0.0878615847046428
0.381229153684989,-1.5792068424647,-1.66869456594749,-0.344488531484876,-1.35571246422668,0.265322397804875,0.0901112447672722
0.400310001682612,-1.58006515348262,-1.66883061246161,-0.390842639350727,-1.36236868681575,0.269247627624266,0.0928140258618364
0.418813741651917,-1.58092558368617,-1.66877442869493,-0.436822709415428,-1.36916126736299,0.272228850820952,0.0962526630949906
0.436708234093302,-1.58178559450911,-1.66856096049954,-0.482299111435596,-1.37604575919696,0.274251871068941,0.100676232209428
0.453961742119847,-1.5826429825125,-1.66821647643461,-0.527145383945486,-1.38298286894693,0.275313086639532,0.106291397556555
0.470543059220311,-1.58349575665578,-1.66776072087317,-0.571238676446475,-1.38993787478633,0.275418758729909,0.113256153631195
0.486421632983336,-1.58434206661077,-1.66720857943796,-0.614460142838351,-1.39688022178393,0.274584300905104,0.121676416829651
0.501567685242262,-1.58518016103224,-1.66657132014216,-0.656695282112756,-1.40378325564709,0.272833507335054,0.131605510129855
0.515952329306575,-1.58600836306899,-1.66585750643541,-0.697834222234244,-1.41062404317468,0.270197683423847,0.143046324550584
0.529547685390187,-1.58682505556891,-1.6650736685784,-0.737771944219826,-1.41738323597163,0.266714674846982,0.155955746297332
0.542326995519065,-1.58762867154068,-1.66422480040405,-0.776408444599038,-1.42404494648318,0.262427813047569,0.170250810128128
0.554264739421501,-1.58841768730442,-1.66331473047675,-0.813648836543324,-1.43059661693278,0.257384809042366,0.185815975725351
0.565336752849879,-1.58919061686938,-1.6623464026178,-0.849403391874499,-1.43702887088852,0.251636634455511,0.202510917885156
0.575520349573554,-1.58994600672085,-1.66132209062064,-0.883587527869633,-1.44333534400264,0.24523643030001,0.22017826302984
0.584794448364459,-1.59068243059551,-1.6602435648555,-0.916121745449925,-1.44951249550876,0.238238481149666,0.238650782574631
0.593139705855502,-1.59139848403234,-1.65911222356351,-0.946931526132358,-1.45555940508344,0.230697286710787,0.257757654183383
0.600538656233771,-1.59209277864312,-1.65792919820575,-0.975947197037585,-1.46147756137775,0.222666755376623,0.277329514081591
0.60697585890005,-1.59276393615997,-1.65669543982097,-1.00310377472179,-1.46727064874948,0.214199536597301,0.297202136186511
0.612438055664109,-1.5934105824004,-1.65541179168912,-1.02834079954301,-1.47294433750851,0.205346502201354,0.317218677988935
0.616914340579759,-1.59403134138926,-1.65407905247958,-1.05160217496146,-1.47850608079391,0.196156381663162,0.337230524215118
0.620396348143121,-1.59462482994092,-1.65269803353948,-1.07283602919406,-1.4839649176204,0.186675554129143,0.357096832748412
0.622878470751442,-1.59518965308769,-1.65126961401711,-1.09199462369193,-1.48933127703578,0.176948000849907,0.376682944337064
0.624358125302997,-1.59572440091147,-1.64979479814351,-1.10903434765719,-1.49461677174881,0.167015422780753,0.395857862806237
0.624836101562503,-1.59622764779089,-1.64827477913307,-1.12391586715827,-1.49983397171603,0.156917540882222,0.41449106013008
0.624317037281412,-1.59669795696118,-1.64671101124382,-1.13660456578363,-1.50499614381825,0.146692544231679,0.432448958574039
0.622810030980275,-1.59713389855493,-1.645105269606,-1.14707152378187,-1.51011701702567,0.136377542259483,0.449591700653463
0.620329170796505,-1.59753410162622,-1.64345960324935,-1.15529534297349,-1.51521083308003,0.126008417338513,0.465771420306031
0.616893083406085,-1.59789736591994,-1.64177595999851,-1.16126442793048,-1.52029327591719,0.115617805153633,0.480833638164258
0.612522319778229,-1.59822278448405,-1.64005543348385,-1.16497685112468,-1.52538332310123,0.105231206781217,0.494620303259231
0.607236102046931,-1.59850970215489,-1.63829789169434,-1.16643475612477,-1.53050383326694,0.0948660397213178,0.506966802739956
0.601051857913103,-1.59875752382569,-1.63650248863517,-1.16563801330955,-1.53567969653045,0.0845361272547844,0.517692370680988
0.593986774939126,-1.59896561102273,-1.6346682225337,-1.16258294343872,-1.54093607412464,0.07425608833027,0.526594125071283
0.58605902745013,-1.59913330488442,-1.63279405887216,-1.1572642502037,-1.54629792632162,0.064042937142978,0.53344751995908
0.57728825100643,-1.59925998776823,-1.63087881685682,-1.1496771547039,-1.55179012665067,0.0539163578814944,0.538010141140751
0.567695604394357,-1.59934513887656,-1.6289210043975,-1.13981891778243,-1.55743761540454,0.0438988348331678,0.540027160201397
0.557303660398569,-1.59938837640758,-1.62691865707856,-1.12768986408898,-1.56326544468503,0.0340159669440174,0.53923824074265
0.546136228444991,-1.5993894880575,-1.62486918651308,-1.11329411553937,-1.56929870303953,0.0242969771883457,0.535386114837281
0.534218148219114,-1.59934845201759,-1.62276923192706,-1.09664016834217,-1.57556232900322,0.0147753613715508,0.528227031095451
0.52157507131796,-1.59926544953771,-1.62061450801252,-1.0777413869767,-1.58208081535579,0.00548961340396011,0.517543165762618
0.508233240426313,-1.59914086943442,-1.61839964213217,-1.05661645343699,-1.58887779817603,-0.0035160411045113,0.503156944989307
0.494219273286312,-1.59897530472049,-1.61611799305435,-1.03328979151977,-1.59597552238126,-0.0121909831111141,0.484947051336461
0.479559958612374,-1.59876954172507,-1.61376144119719,-1.00779197613049,-1.60339418042537,-0.0204777078575564,0.462865671413251
0.464282071801078,-1.59852454256913,-1.61132013671035,-0.980160131662613,-1.61115113488466,-0.0283116177268138,0.436956279265645
0.448412219122528,-1.59824142256758,-1.60878218640669,-0.950438318590134,-1.61926005997678,-0.0356212277216079,0.407370947018358
0.431976719586206,-1.59792142494438,-1.60613325328024,-0.91867790206149,-1.62773007125807,-0.042328907365298,0.374385851617274
0.415001533520687,-1.59756589603425,-1.60335603272577,-0.884937890503151,-1.63656495357819,-0.0483522534996549,0.338413346853327
0.3975122455696,-1.59717626475067,-1.60042955698756,-0.849285226794128,-1.64576263805124,-0.0536061253658703,0.300008757534723
0.379534106374503,-1.59675403038917,-1.59732826264221,-0.811795009945648,-1.65531510959736,-0.0580052749306662,0.259870006349294
0.361092132373794,-1.59630076282888,-1.59402073317065,-0.772550624651062,-1.6652089363589,-0.0614673809341969,0.218828383590402
0.342211256709519,-1.59581811913752,-1.59046799616188,-0.731643759493201,-1.67542659438732,-0.0639161685028925,0.177829265146957
0.322916517849833,-1.5953078811057,-1.58662120642612,-0.689174302739846,-1.68594871758921,-0.0652842019467056,0.137902371562898
0.303233267548493,-1.59477202037419,-1.58241847289989,-0.645250114774052,-1.69675734987183,-0.0655149120511013,0.100122164452601
0.283187378223407,-1.59421280309023,-1.57778047571473,-0.59998668565644,-1.70784024166871,-0.0645634805834575,0.0655600605235117
0.262805432634868,-1.59363295654271,-1.57260435400001,-0.553506691704078,-1.71919624986434,-0.0623963425161178,0.0352311497484968
0.242114885792444,-1.59303593919223,-1.5667551098288,-0.505939465544528,-1.73084199395487,-0.0589892301942921,0.0100389106127213
0.221144199570995,-1.59242638848688,-1.56005347103044,-0.45742039358362,-1.74282009205853,-0.0543237879047066,-0.00927801507782474
0.199922963298905,-1.59181087800404,-1.55225885498397,-0.408090258490648,-1.75520949525395,-0.0483827210279334,-0.0221925280243975
0.178482029067814,-1.59119921461459,-1.54304606668047,-0.358094555052494,-1.76813848291797,-0.0411430901367573,-0.0284244292054624
0.156853713553008,-1.5906066731716,-1.531975579483,-0.307582815316298,-1.78180028266931,-0.0325666046020175,-0.0279591075700264
0.13507216131128,-1.59005781351547,-1.5184623152924,-0.256707939581918,-1.79646871786246,-0.0225846169426115,-0.0210436356863369
0.11317404708685,-1.58959274350415,-1.50176316277503,-0.205625330540311,-1.81250360615939,-0.0110745783556311,-0.00815442992476944
0.0911999101413718,-1.58927626595082,-1.48104045567899,-0.15449106800389,-1.83031725674596,0.00217317192314446,0.0100651441508582
0.0691963650045711,-1.58920729687072,-1.45561926019243,-0.103457387290596,-1.85024358343521,0.0174858976022421,0.0328802755460469
0.0472184316888715,-1.58951715733739,-1.42555850868786,-0.0526635826426377,-1.87225120698877,0.03528751922039,0.0594890105592054
0.02532827093043,-1.59033587375973,-1.3923351529401,-0.00222493220721172,-1.89560267875744,0.0559445075805618,0.0888873222779011
0.00358520385156878,-1.59172579595655,-1.35879791956393,0.0477689874918281,-1.91888046255693,0.0794933750501759,0.119591003993493
-0.0179684519571215,-1.59363960026073,-1.32787673162161,0.0972382980661822,-1.94063206413949,0.105497595498835,0.149535480998231
-0.0393107917311258,-1.59595267934498,-1.30124169666076,0.146091632698694,-1.96003647306732,0.133216389186734,0.176389724290361
-0.0604309967615163,-1.59852801812185,-1.27915777372683,0.194218369295363,-1.97697307449177,0.161884178173564,0.198015322593022
-0.0813193869835319,-1.60125434918167,-1.26110458239499,0.241494132641452,-1.99171040815312,0.190863843569049,0.212744072528761
-0.101963038482499,-1.60405253056346,-1.2463371558238,0.287788994109115,-2.00462627046723,0.219669687511777,0.219451817280788
-0.122345305245164,-1.6068687558463,-1.23415917533072,0.332973075188988,-2.01607252849499,0.247940451499995,0.21753219555177
-0.142446659267758,-1.60966640891561,-1.22400511261681,0.376919573632088,-2.02633571744972,0.275408076554141,0.206838352750501
-0.162245635219932,-1.612419998523,-1.21544102896399,0.419506355539963,-2.03563795694661,0.301873976285804,0.187616935078825
-0.181719560399433,-1.61511122838738,-1.20814104387396,0.460616867912866,-2.04414934954702,0.327192401719211,0.160440607948912
-0.200845057110752,-1.61772654998393,-1.20186146049356,0.500140730196902,-2.05200084362149,0.35125847926427,0.12614078472782
-0.219598361614252,-1.62025562883163,-1.19641908238709,0.537974172788093,-2.05929449454128,0.373999106273179,0.0857417384518277
-0.237955496345797,-1.6226903539925,-1.19167467623615,0.574020411339101,-2.0661109435325,0.395365675719137,0.0403975170773488
-0.255892321543884,-1.62502417409489,-1.18752088623155,0.608190001082746,-2.07251473617528,0.415328119157932,-0.00866668445364593
-0.27338449118896,-1.62725163890886,-1.18387361270697,0.640401178362739,-2.07855815407571,0.433870031455223,-0.0602069766368316
-0.290407343293499,-1.62936807943655,-1.18066596793469,0.670580166091346,-2.08428406457402,0.450984756841913,-0.113005488841335
-0.306935760151113,-1.63136938749406,-1.17784409672328,0.698661402036343,-2.0897281047324,0.466672341193397,-0.165906177160056
-0.322944036007873,-1.63325186916805,-1.1753643105118,0.724587647816945,-2.09492037458681,0.480937239151672,-0.217841163946638
-0.338405785730851,-1.6350121526157,-1.17319111709442,0.748309949488742,-2.09988673204047,0.493786640769776,-0.267847757283403
-0.353293918928843,-1.63664713382623,-1.17129583787061,0.76978744056441,-2.10464974574561,0.505229270783223,-0.315076981416128
-0.367580692557139,-1.63815394654488,-1.16965559503692,0.788986998415467,-2.1092293540717,0.515274521615685,-0.358794982537924
-0.381237842653078,-1.63952994527686,-1.16825252461257,0.80588277735329,-2.1136432804935,0.523931804117856,-0.398378979884075
-0.394236786207693,-1.640772693325,-1.16707312808013,0.820455646403336,-2.11790725824452,0.531210030656447,-0.433309503898846
-0.406548876612937,-1.64187995061453,-1.16610771694938,0.832692554822822,-2.12203511496406,0.537117173536702,-0.463160536105507
-0.418145691281059,-1.64284965830753,-1.1653499326079,0.842585837165632,-2.12603876159428,0.541659862859479,-0.487588908996989
-0.428999326731212,-1.64367991860145,-1.16479634133864,0.850132454116923,-2.12992812088304,0.54484299936217,-0.506324007786592
-0.439082672380157,-1.64436896847612,-1.16444611458926,0.855333146956697,-2.13371102125134,0.546669359992,-0.519158495157776
-0.44836962611699,-1.64491514556267,-1.16430081020993,0.858191465963982,-2.13739307164512,0.547139170507096,-0.525940499643798
-0.456835199394546,-1.64531684336799,-1.16436427251729,0.858712629425431,-2.14097752064705,0.546249620354068,-0.526567525651231
-0.464455434883297,-1.64557245369133,-1.16464266672634,0.856902216545922,-2.14446507957716,0.543994326597431,-0.520982344903439
-0.471207040153427,-1.64568030126944,-1.16514464461454,0.852764887025939,-2.14785365830912,0.540362873429974,-0.509171628337542
-0.477066697141674,-1.64563859894938,-1.16588159398372,0.846303768798113,-2.15113792172643,0.535340839716696,-0.491169238508408
-0.482010295606366,-1.64544549108941,-1.16686785535381,0.837521714497147,-2.15430863244895,0.528911065597056,-0.467067519282676
-0.486012842738462,-1.64509925904806,-1.16812080223375,0.826425248013361,-2.15735200773966,0.52105663781585,-0.43703844015994
-0.48904976297101,-1.64459865247134,-1.16966089055273,0.813029727194276,-2.16024960431494,0.511764589639329,-0.401359586993922
-0.491099078872112,-1.6439431701961,-1.171511979602,0.797362514729694,-2.1629789331146,0.501028266644264,-0.360434979807244
-0.492143078489323,-1.64313316735711,-1.17370206460305,0.779462974498188,-2.16551434007794,0.488847648599794,-0.314806366902954
-0.492168838468427,-1.64216983103251,-1.17626429715427,0.759380853859647,-2.16782761914077,0.475228610290094,-0.265158061513852
-0.491167966735331,-1.64105512023079,-1.17923815623274,0.737174694636614,-2.16988819390374,0.460182111467953,-0.212318241536445
-0.48913609222473,-1.63979172524367,-1.18267075626156,0.712910804168526,-2.17166288931014,0.443723650911034,-0.157256316512664
-0.486072390143447,-1.63838306371503,-1.18661838105884,0.686662679512357,-2.17311529017086,0.425873015452167,-0.101074227541337
-0.481979230626531,-1.63683331832872,-1.19114840464633,0.658510654224096,-2.1742046336803,0.406654370390672,-0.0449895273484005
-0.476861944132822,-1.63514752139542,-1.19634182990154,0.628541600653827,-2.17488417364614,0.386096835123587,0.00969112683042193
-0.470728662438032,-1.63333169533949,-1.20229675524334,0.596848610683666,-2.17509896876937,0.364235748321364,0.0616083676809594
-0.463590185099937,-1.63139306240077,-1.20913316815475,0.563530648700547,-2.17478304858071,0.341114817200846,0.109395630629371
-0.455459825037243,-1.62934034295143,-1.21699956039423,0.528692215472858,-2.17385586356029,0.316789277018428,0.151732159256316
-0.446353198827111,-1.62718417257855,-1.22608196295057,0.492443076286872,-2.17221781202508,0.291330092573574,0.187401403250143
-0.436287944123796,-1.62493768806371,-1.23661610164984,0.454898093807726,-2.16974446663336,0.264829158917098,0.215352671205696
-0.425283364618371,-1.62261736807779,-1.24890343509417,0.416177176387656,-2.16627895298949,0.237405449325669,0.234764217699043
-0.413360018566167,-1.62024427415007,-1.26333171550325,0.376405316713552,-2.16162188398244,0.209212151766572,0.245106444792274
-0.400539279821211,-1.61784593041701,-1.28040002532454,0.335712656979663,-2.15551857216011,0.180445066662752,0.246204387204826
-0.386842918743275,-1.61545920918409,-1.30074604409462,0.294234454772142,-2.14764443765507,0.151352949814641,0.238298932178464
-0.372292798419255,-1.61313472013135,-1.3251675001456,0.252110669067481,-2.13759265008253,0.122251065869139,0.222105930669151
-0.356910914182691,-1.61094317930532,-1.35461639936882,0.209484512043819,-2.12487502833703,0.0935396589895412,0.198870285422404
-0.340720300993381,-1.60898357860021,-1.39011866993963,0.166498583637559,-2.10896051031774,0.065727978880085,0.170404708483306
-0.323747787754631,-1.60739059606697,-1.43253627357023,0.123286333314898,-2.08939357558946,0.0394581280275967,0.139082642533646
-0.306029648410604,-1.60633329013103,-1.48208580636074,0.0799570983258237,-2.0660368758911,0.0155052432706346,0.107715882502691
-0.287619156584695,-1.60599090864053,-1.53767865879723,0.0365783374445582,-2.03940731535745,-0.00529577749678285,0.0792165201003815
-0.268589631860347,-1.60649763471091,-1.59653722994363,-0.00683057824723224,-2.01087943895902,-0.0222398673599894,0.0560245489391204
-0.249024121206415,-1.60788072934267,-1.654757786173,-0.0502765626209658,-1.98241699580812,-0.0349942519254176,0.039551620464497
-0.228994921506056,-1.61004507670078,-1.70875106558018,-0.0937496999378074,-1.95585707025929,-0.043702808765243,0.0300595271727083
-0.208550625131567,-1.61282103478945,-1.75642447599261,-0.137190568918071,-1.93230974092796,-0.0488514858056701,0.0270466975502824
-0.18771936557971,-1.61603022198374,-1.79730156089561,-0.180487988163398,-1.91208353373086,-0.0510304294660486,0.0297506695906678
-0.166519445472268,-1.61952475708952,-1.8319358169139,-0.223496934663561,-1.89496837205458,-0.0507681935244205,0.0374353226010327
-0.1449675895368,-1.62319596468602,-1.86128919535965,-0.266057857007348,-1.88054290363412,-0.0484771725693525,0.0494554304444057
-0.123082662637487,-1.62696797769606,-1.88635597324526,-0.308009005190523,-1.86836279785062,-0.0444635726708349,0.065222351332908
-0.100886546770826,-1.6307882260067,-1.90800445415438,-0.349192314345838,-1.85804095022538,-0.038956500939229,0.0841570594273957
-0.078403911288983,-1.63461953640509,-1.92693884278898,-0.389455639699166,-1.84926719376983,-0.0321351011243027,0.105660936994121
-0.0556617679402161,-1.63843463657804,-1.94371125203964,-0.428653417310578,-1.84180231830799,-0.0241482822446877,0.129107198564469
-0.0326891271162359,-1.64221259589801,-1.95874852489457,-0.466646812907604,-1.83546421396972,-0.0151275201839056,0.15384766080412
-0.00951681636990365,-1.6459365815789,-1.97237943127142,-0.503303797939313,-1.83011359250946,-0.00519453754503409,0.179228799939685
0.0138225642699432,-1.64959245140065,-1.98485759909659,-0.538499295708628,-1.82564181520685,0.00553448716302608,0.204612140594524
0.0372945951307369,-1.65316786697722,-1.99637947487282,-0.572115419893792,-1.82196133670786,0.0169469540173076,0.229395289026658
0.0608629404697757,-1.65665173123999,-2.0070979328563,-0.604041786319718,-1.81899855690635,0.0289332532129806,0.253031014712835
0.0844892381165217,-1.66003383072737,-2.01713244038412,-0.634175869885843,-1.81668867639541,0.0413869438272204,0.275042696305785
0.108133002890337,-1.6633046098722,-2.02657661678672,-0.662423380778575,-1.81497214080325,0.0542052721562028,0.295035215573433
0.131751565042516,-1.66645503204149,-2.03550386105108,-0.688698639591206,-1.81379230601386,0.0672897392472108,0.312701017068766
0.155300059343056,-1.66947649829008,-2.04397156259492,-0.712924935922057,-1.8130940152983,0.0805465362047578,0.327821545699502
0.178731475451765,-1.67236080450118,-2.05202427664356,-0.735034858477339,-1.81282283746077,0.0938867528982896,0.340264623695028
0.20199677593485,-1.67510012370522,-2.05969614327569,-0.75497058691909,-1.81292476871176,0.107226332498638,0.349978538041177
0.225045084281122,-1.67768700446457,-2.06701275240522,-0.772684136760941,-1.81334624877944,0.120485791301509,0.356983696497975
0.247823941727322,-1.6801143791677,-2.07399260015149,-0.788137549391685,-1.81403438265332,0.133589752384221,0.361362701055117
0.270279628441153,-1.68237557828015,-2.08064824020239,-0.801303020098957,-1.81493729252524,0.146466355698724,0.363249610936153
0.292357541842623,-1.68446434825783,-2.0869872031159,-0.81216295818481,-1.81600454976719,0.159046610093347,0.362819050103996
0.314002622067536,-1.68637487196625,-2.09301273400057,-0.820709974655459,-1.8171876546897,0.171263747930877,0.360275678812543
0.335159812893723,-1.68810179123254,-2.09872438284786,-0.826946795088105,-1.81844054354014,0.183052634249031,0.355844411664812
0.35577454448782,-1.68964023149422,-2.10411846994644,-0.830886097130578,-1.81972010913735,0.194349271379116,0.349761636800661
0.375793223600756,-1.6909858286177,-2.10918844052907,-0.83255027436115,-1.82098672526141,0.205090429028972,0.342267579024036
0.395163716412976,-1.69213475781981,-2.11392511689025,-0.831971130212132,-1.8222047667176,0.215213419409224,0.333599857188671
0.41383580968409,-1.69308376437088,-2.11831685212743,-0.829189507502388,-1.82334311793915,0.224656027792446,0.323988214068324
0.431761636676024,-1.6938301954315,-2.12234958672132,-0.824254860712812,-1.82437566377253,0.233356600815245,0.313650344909097
0.448896055978902,-1.69437203208817,-2.1260068070893,-0.817224779580226,-1.82528175716497,0.24125428815668,0.302788717153199
0.465196973696944,-1.69470792044042,-2.12926940363031,-0.80816447365863,-1.82604666003183,0.24828942781376,0.291588256016391
0.480625601804166,-1.69483720047313,-2.13211542423174,-0.79714622837461,-1.82666195561415,0.254404060723739,0.280214766237401
0.495146648243853,-1.6947599314831,-2.1345197176367,-0.784248843823922,-1.82712593310837,0.259542557197933,0.268813966127928
0.508728437511936,-1.69447691300655,-2.1364534593009,-0.769557067741144,-1.82744394812872,0.263652335515006,0.257511022753643
0.521342963364457,-1.69398970048084,-2.13788355013967,-0.753161033786674,-1.82762876547114,0.266684651768699,0.246410494098327
0.532965877553537,-1.69330061528227,-2.13877187578162,-0.735155716084072,-1.82770089356395,0.268595439641351,0.235596603139154
0.543576421439793,-1.69241274922998,-2.13907441071115,-0.715640408897619,-1.82768892283142,0.269346179467422,0.225133786492794
0.553157307991465,-1.69132996419185,-2.13874014761176,-0.694718239830329,-1.82762988284013,0.268904776890779,0.215067477498378
0.561694563407752,-1.69005688793884,-2.13770982778138,-0.67249572176445,-1.82756963556268,0.2672464334066,0.205425096238175
0.569177337081092,-1.68859890799328,-2.13591444347877,-0.64908234735005,-1.82756332430104,0.264354493296624,0.19621722935114
0.575597687748959,-1.68696216593287,-2.133273478268,-0.624590228846784,-1.8276758997006,0.260221254757674,0.187438988994664
0.580950352385936,-1.68515355548832,-2.12969284770365,-0.599133785887749,-1.82798274552843,0.25484873754503,0.179071543511717
0.58523250281783,-1.68318072887401,-2.1250625016143,-0.572829484420819,-1.82857042680224,0.248249405504699,0.171083813239761
0.588443493254238,-1.68105211734448,-2.11925365393222,-0.545795633638674,-1.82953758007012,0.240446850839754,0.163434325546754
0.590584601266715,-1.67877697373823,-2.11211562056848,-0.518152249525892,-1.83099595782032,0.231476457174307,0.156073224385468
0.591658764399196,-1.67636544692518,-2.10347227749318,-0.490020995907698,-1.8330716224389,0.221386070282058,0.148944435575691
0.591670315231982,-1.67382870031662,-2.09311821011146,-0.461525212821216,-1.83590625434155,0.210236716806536,0.141988002362182
0.590624719110953,-1.67117908866277,-2.08081472623607,-0.432790036793971,-1.83965848615548,0.198103419775167,0.135142630663824
0.5885283212629,-1.66843040871119,-2.06628606904535,-0.403942607110263,-1.84450508982147,0.185076161154374,0.128348523268591
0.585388114287295,-1.66559823852635,-2.04921641667329,-0.375112331775361,-1.85064171466404,0.17126102813722,0.121550637643388
0.581211544172043,-1.66270037552282,-2.02924861477899,-0.346431157483208,-1.85828269140868,0.156781541890424,0.114702569652689
0.576006384297536,-1.6597573705464,-2.00598605964175,-0.318033742531115,-1.86765918039008,0.141780088116575,0.107771328650659
0.569780723457494,-1.65679312971903,-1.97899968702223,-0.290057373342404,-1.87901467817225,0.12641923156516,0.10074329257721
0.562543134293683,-1.65383551064891,-1.94784247406192,-0.262641395168371,-1.89259668677044,0.110882486322831,0.0936315454561473
0.554303106327169,-1.65091677094509,-1.91207391076174,-0.235925863358801,-1.90864335911498,0.0953738396263198,0.0864844992574854
0.54507182867269,-1.6480736400445,-1.87129603959271,-0.21004910021586,-1.92736442072057,0.0801150528501865,0.079395069172451
0.534863366806051,-1.64534670555287,-1.82520032505706,-0.185143916717416,-1.94891691233839,0.0653396391589623,0.072508654388356
0.523696170094999,-1.64277878839004,-1.77362057385826,-0.161332488188927,-1.97337839155527,0.0512826833364886,0.0660269466135629
0.511594670667069,-1.64041210408392,-1.71658216450272,-0.13872027611346,-2.00072273338689,0.0381665548653896,0.0602036967674533
0.498590542167002,-1.63828432178108,-1.65433419560548,-0.117389873661373,-2.03080540657823,0.0261840548292192,0.0553288976781491
0.484723098710977,-1.6364240871681,-1.58735187943188,-0.0973960109195431,-2.06336452319391,0.0154821390049877,0.0517001150101103
0.470038453185841,-1.63484697367987,-1.51630329846599,-0.0787629352972859,-2.09804027167048,0.00615016062321274,0.0495836823758351
0.45458743108485,-1.63355290794866,-1.44198558697618,-0.0614848768179565,-2.13440965137484,-0.00178419071259981,0.0491725692476886
0.438422687168645,-1.63252575468273,-1.365245410543,-0.0455294911380031,-2.17202850868903,-0.0083503119383559,0.0505497430854377
0.421595747721212,-1.63173509040325,-1.2869021888873,-0.0308434188284543,-2.21047129961227,-0.0136231483915707,0.0536645949728705
0.40415466026022,-1.63113957840287,-1.20768872268163,-0.017358734440041,-2.24936120848608,-0.0177080675997241,0.0583262284724057
0.386142639124685,-1.63069105292024,-1.12821591402063,-0.00499915577559126,-2.28838748840556,-0.0207256909862215,0.0642131338052051
0.367597739487242,-1.63033847824882,-1.04896058439944,0.00631472356659267,-2.32731083161602,-0.0227992211202631,0.0708957539095
0.348553336024838,-1.63003122976921,-0.970270754104797,0.016661468278435,-2.36595986262547,-0.0240454024937286,0.0778673050153056
0.329039081644812,-1.62972146698621,-0.892381461602982,0.0261160558391297,-2.404222388723,-0.024569104764883,0.0845785310643804
0.309082043377647,-1.62936561556477,-0.815435128792684,0.034748129261852,-2.44203447784141,-0.0244608706239011,0.0904730719528027
0.288707794745178,-1.6289251121191,-0.739502276936169,0.0426209800179309,-2.47936946508837,-0.0237965734641619,0.0950211832873762
0.267941335635069,-1.62836661100927,-0.664600164877358,0.0497910225319843,-2.51622807282869,-0.0226384110977261,0.0977503489076055
0.246807785625738,-1.62766184206918,-0.590708264349346,0.056307580062293,-2.5526301514916,-0.0210366582376886,0.098271816667478
0.225332847232216,-1.62678727276852,-0.517780349241056,0.0622128614546104,-2.58860812706667,-0.0190318059970874,0.0963023305944931
0.203543065029388,-1.62572368735433,-0.445753451919821,0.0675420567528209,-2.6242020207874,-0.0166568788917615,0.0916804315805361
0.181465920956345,-1.62445575863634,-0.374554155521272,0.0723235140954097,-2.65945581883873,-0.0139398225970223,0.0843767481206056
0.159129810642297,-1.6229716584632,-0.304102752034549,0.076578981926393,-2.69441495836367,-0.0109059024372885,0.0744977693905603
0.136563944555711,-1.62126273059928,-0.234315776084115,0.0803239115872404,-2.72912471964857,-0.0075800560869213,0.0622827336216674
0.113798212629233,-1.61932323352938,-0.165107364130169,0.0835678184872624,-2.76362934883818,-0.00398912085549817,0.0480935022223513
0.0908630433074759,-1.61715014963693,-0.0963898122327147,0.0863146975470853,-2.79797176593514,-0.000163824193988135,0.0323976290015717
0.067789278207659,-1.61474305050532,-0.0280736226714742,0.0885634829809047,-2.83219373360697,0.00385959730734556,0.0157452536346299
0.0446080727537384,-1.61210400534566,0.0399327525961841,0.0903085361867342,-2.86633637321351,0.00803828662932097,-0.00125909656443679
0.0213508229451794,-1.6092375203221,0.107723337906386,0.0915401407629219,-2.90044091844818,0.0123222713635099,-0.0179882872025857
-0.00195088959625944,-1.6061505000747,0.175395154567305,0.0922449820661166,-2.93454959906675,0.0166546385889623,-0.0338261059683625
-0.0252653464985924,-1.60285222792121,0.243048798085981,0.0924065907545562,-2.96870655140934,0.0209723606404911,-0.0482005432465177
-0.0485607479284858,-1.59935436668574,0.310789044727885,0.0920057347084836,-3.00295866111839,0.02520767929756,-0.0606148571836155
-0.0718052826940518,-1.59567098673335,0.378725443993033,0.0910207499342799,-3.03735625448602,0.0292898985347422,-0.0706746750851498
-0.0949672151668388,-1.59181863065599,0.446972817733413,0.0894278066453235,-3.07195356592016,0.0331474081184532,-0.0781097521475757
-0.118014982881279,-1.58781642501471,0.5156515350923,0.0872011101130704,-3.10680891369565,0.0367097673612242,-0.0827894652614776
-0.140917290846573,-1.58368624861363,0.584887373385106,0.0843130364449464,-3.14198451091093,0.0399097175361085,-0.0847315963013445
-0.163643181659813,-1.57945296417139,0.654810710751629,0.0807342014376525,-3.17754582005688,0.0426850534181113,-0.0841043960627159
-0.186162054443313,-1.57514471588315,0.725554725796872,0.076433457158203,-3.21356032674591,0.0449803564691842,-0.0812222735967975
-0.208443600692118,-1.57079328846277,0.797252201519418,0.0713778073786316,-3.25009556305419,0.0467486612542175,-0.0765356993576994
-0.230457620806512,-1.56643451256246,0.870030444308107,0.0655322312718675,-3.28721615673779,0.0479531806503788,-0.0706160284436499
-0.252173682330203,-1.56210868510725,0.944003742612197,0.0588594070622626,-3.32497962677621,0.0485692434050731,-0.064135931501989
-0.273560581906873,-1.55786094908807,1.01926272852084,0.0513193365499616,-3.36343060152806,0.0485865886843497,-0.0578459573805816
-0.294585581059553,-1.55374154454943,1.09586001555101,0.0428688919723462,-3.40259312575734,0.0480121039350213,-0.0525474439198118
-0.315213407554742,-1.54980580142113,1.1737916510425,0.033461343963341,-3.44246078790723,0.0468729696511048,-0.0490615660598497
-0.335405056077793,-1.54611370026259,1.25297436019337,0.0230459894809747,-3.48298460088529,0.0452199711573325,-0.0481938394374377
-0.355116491606637,-1.54272879046242,1.33321942477878,0.01156808421532,-3.52405899488982,0.0431304428813492,-0.0506930431944519
-0.374297456767225,-1.53971624906641,1.41420547162791,-0.0010306111012722,-3.56550701887982,0.0407099383522048,-0.0572035635635772
-0.392890699627864,-1.53713992025723,1.49545447813908,-0.0148102641410984,-3.60706694453203,0.0380913395142223,-0.0682109780941509
-0.410832031667993,-1.53505833438368,1.57631765065909,-0.0298299445827121,-3.64838380681294,0.035429900096271,-0.0839827077347114
-0.428051631639938,-1.53351998843211,1.655979682751,-0.0461428165692072,-3.68901058485188,0.0328929413065006,-0.104508934480224
-0.444476843109514,-1.53255854543601,1.7334897588934,-0.0637895828723209,-3.7284238962687,0.030643901187793,-0.129453217905385
-0.46003632606739,-1.53218895228856,1.80782379851683,-0.0827908161483555,-3.76605720355065,0.0288222899771965,-0.158125754430565
-0.474664887140081,-1.53240557146522,1.87797408704836,-0.103139507794171,-3.80135003292049,0.0275233726000563,-0.189492453481935
-0.48830786520748,-1.53318308121815,1.94305158701439,-0.124795610018441,-3.8338055144871,0.0267829427295852,-0.222227717137857
-0.500923896520528,-1.53448013488528,2.00237802299134,-0.147684168362425,-3.86304352204619,0.0265720577956966,-0.254808269229634
-0.51248536568999,-1.53624489881613,2.05554501317548,-0.171697737728508,-3.88883623096268,0.0268037017630791,-0.285633597849931
-0.522976657451101,-1.53842106590272,2.10242762014863,-0.196702502079119,-3.91111822186074,0.0273493110309287,-0.313151472898197
-0.53239101431535,-1.54095302353618,2.14315478587954,-0.222546509334787,-3.92997177738075,0.0280601279060393,-0.335968150794163
-0.540727042169722,-1.54378940786975,2.17805119769798,-0.249068147849059,-3.94559517532927,0.0287878398602365,-0.352930781871529
-0.547985689313018,-1.5468849298605,2.20756914820811,-0.276103411373863,-3.95826447038177,0.029400603141724,-0.363179210601807
-0.554168103533456,-1.55020080734609,2.23222553198557,-0.303491248124574,-3.96829760663608,0.0297929284771168,-0.366171335124927
-0.559274400162604,-1.55370429711055,2.25255235686852,-0.331076958394989,-3.97602595038262,0.0298897768012729,-0.36168892711825
-0.563303166942158,-1.55736777488008,2.26906291222653,-0.358713992299789,-3.98177471459113,0.0296461269525156,-0.349830258259826
-0.566251474897994,-1.56116768242805,2.28223182089648,-0.386264607593201,-3.98585136627875,0.0290434282992521,-0.330993799046546
-0.568115194297102,-1.56508353393095,2.29248559302314,-0.413599785148328,-3.98854003385715,0.0280841377497486,-0.305855044749191
-0.568889472870449,-1.56909708085048,2.30020020691562,-0.440598675426284,-3.99009976480694,0.0267852739035339,-0.275336912160757
-0.568569287179119,-1.57319167583557,2.30570286275098,-0.467147735945321,-3.99076479777484,0.0251717443446997,-0.240573383315778
-0.567150015558802,-1.57735183987299,2.30927586168052,-0.493139651444704,-3.99074551713161,0.0232701228092107,-0.202866124473384
-0.564628002519118,-1.58156301160503,2.31116129384015,-0.518472104616776,-3.99022929293407,0.0211035061100014,-0.163634513737731
-0.56100109483247,-1.58581143896815,2.31156578469642,-0.543046478551454,-3.98938089017515,0.0186879861021475,-0.124360574976876
-0.556269134117957,-1.59008416042851,2.31066494005949,-0.5667665956226,-3.98834250217767,0.0160310807838311,-0.0865313752281387
-0.550434393495085,-1.59436901966056,2.30860737030785,-0.589537614995971,-3.98723368511559,0.0131321874275397,-0.0515821221838342
-0.543501949210223,-1.59865466476522,2.30551829657301,-0.611265203110696,-3.98615153020291,0.00998480953164312,-0.0208432572786487
-0.535479981999674,-1.60293050033268,2.30150278187158,-0.631855058019429,-3.98517132930395,0.00658005069728057,0.0045057558589282
-0.526380007207102,-1.60718658263998,2.29664862317195,-0.651212813830339,-3.98434782421112,0.00291072733661348,0.0234742999923787
-0.516217035939877,-1.61141346941226,2.29102891576967,-0.669244293378769,-3.98371694980313,-0.00102455327876348,0.0352896698002841
-0.505009671657616,-1.61560205041018,2.28470428016961,-0.685856029869747,-3.98329784776341,-0.00521790158529201,0.0394178697239296
-0.492780148257812,-1.61974339085061,2.27772473517505,-0.700955952581403,-3.98309487506703,-0.00964963918908198,0.0355772653521566
-0.47955431632291,-1.6238286168198,2.27013121039306,-0.714454134053131,-3.98309936451166,-0.0142870218140514,0.023746313661898
-0.465361584978664,-1.62784886177198,2.26195671342575,-0.72626352152241,-3.98329099482647,-0.0190843097036713,0.00416626940857468
-0.450234826992212,-1.6317952789145,2.25322719447878,-0.736300617308979,-3.98363876414564,-0.0239842019403791,-0.0226608565243647
-0.434210253867277,-1.63565910863753,2.24396217643663,-0.744486119991902,-3.98410169714664,-0.0289205517842655,-0.0559795399502099
-0.417327265222836,-1.63943177630697,2.23417523431365,-0.750745578290987,-3.98462951735729,-0.0338221569747618,-0.0947942647810774
-0.399628272755521,-1.643104987044,2.22387440819082,-0.755010130869631,-3.98516355097421,-0.0386172627040594,-0.137890708929916
-0.381158493365255,-1.6466707839048,2.21306261374522,-0.757217399788146,-3.98563807757945,-0.0432382474682186,-0.183865812471699
-0.361965702260084,-1.65012154540563,2.20173807582925,-0.757312570609583,-3.98598220826585,-0.0476258353240202,-0.231167245021922
-0.342099934735353,-1.65344991701197,2.18989475844922,-0.755249636914877,-3.98612218385893,-0.0517321583500925,-0.278141678708498
-0.321613128252532,-1.65664869378341,2.17752271265669,-0.750992726637719,-3.98598380235456,-0.0555221244032681,-0.323090038417202
-0.300558703852355,-1.65971069055554,2.16460822737733,-0.74451738284664,-3.98549457164827,-0.0589728196950985,-0.364326921951749
-0.278991094736273,-1.66262864468773,2.15113365853047,-0.735811657916929,-3.98458518915427,-0.0620710242264547,-0.400240978940702
-0.256965238619544,-1.66539519036671,2.13707683319513,-0.724876902511283,-3.98319008101057,-0.0648092365796816,-0.429353316059574
-0.234536055802641,-1.66800292446618,2.12240996997289,-0.711728182300287,-3.98124695197257,-0.0671808045865399,-0.450371815555191
-0.211757935317267,-1.6704445584851,2.10709810780904,-0.696394319752752,-3.97869553561924,-0.0691748091971892,-0.462240284068154
-0.188684248951466,-1.67271312755243,2.09109707545115,-0.678917618669618,-3.97547592346313,-0.0707712871023683,-0.464182209170115
-0.165366909062038,-1.67480221356374,2.07435104625411,-0.65935337196958,-3.97152693908301,-0.0719372808378938,-0.45573929411397
-0.141855983031297,-1.67670613966913,2.05678969740727,-0.637769270976807,-3.96678498167672,-0.0726241447410212,-0.436804710396172
-0.118199377298402,-1.67842010822557,2.03832492386314,-0.614244825879226,-3.96118358529944,-0.0727665340327667,-0.407650151670926
-0.0944426056838674,-1.67994028145367,2.01884694333737,-0.588870873632897,-3.95465363596741,-0.0722835147191434,-0.368944447247773
-0.0706286591686397,-1.68126383782118,1.99821947518806,-0.561749199032995,-3.94712379470738,-0.0710821440869865,-0.321760032656497
-0.0467979931085851,-1.6823890699032,1.97627349681238,-0.532992239479349,-3.93852026661456,-0.0690635596714372,-0.267562514487797
-0.0229886408081583,-1.68331561233003,1.95279890600784,-0.5027228058388,-3.92876475812166,-0.06613101839606,-0.208178600657865
0.000763552588116577,-1.68404489507511,1.92753328869654,-0.471073753507185,-3.91776942320164,-0.0621985408607112,-0.145739435577462
0.0244246021484046,-1.68458090875828,1.90014696073289,-0.438187592351391,-3.90542791570903,-0.0571981171889981,-0.0826000927423026
0.0479620046028346,-1.68493135753204,1.87022358724986,-0.404216118502084,-3.89160232024713,-0.0510831881430611,-0.021241056618874
0.071344355453451,-1.68510928460791,1.83723610487094,-0.369320233782492,-3.87610658013719,-0.0438265681132343,0.0358374000922599
0.0945409788699119,-1.685135308732,1.80051867698338,-0.333670115975335,-3.85868793980593,-0.0354120415237064,0.0862135463609841
0.117521505529534,-1.68504071175544,1.75923767251481,-0.297445735971523,-3.83900900017922,-0.0258201536762384,0.127619861317602
0.140255170009096,-1.68487172811188,1.71236947002136,-0.26083731146205,-3.8166348936472,-0.0150098317923387,0.157982154394277
0.162709316750931,-1.68469538037497,1.6587022007265,-0.224044556400491,-3.79103397745866,-0.00289839168279703,0.175411953478298
0.184846186058618,-1.68460679890949,1.59689391502719,-0.187272451324693,-3.76160733591479,0.0106562309598026,0.178149684886668
0.206616632313547,-1.68473666580512,1.5256381262073,-0.150719860362868,-3.72777097384819,0.025864689795742,0.164474351879859
0.227949583792757,-1.68525475429177,1.44399250024776,-0.114556645223473,-3.68911670484917,0.0429969044091025,0.132634996885426
0.248738060576832,-1.68636210164356,1.35187890520952,-0.0788876091667807,-3.64565447915824,0.0623427626211269,0.0809230309421541
0.268827501882409,-1.68826374337214,1.25062584950517,-0.0437109039037321,-3.59807218717503,0.0841395466548489,0.00805271830512188
0.288017630106131,-1.69112203519856,1.14324935699276,-0.00889250291659874,-3.54786432735201,0.108484175914421,-0.0860587769433321
0.306087293086929,-1.69500699742877,1.03415470046757,0.0258165085491413,-3.4971760659242,0.135267567523382,-0.199309376589048
0.322837935147409,-1.69986996919271,0.928238748208202,0.0607120435694727,-3.44835821032847,0.16415976580392,-0.326779785600821
0.338135911907923,-1.70555550276601,0.82977721658703,0.0960453879396402,-3.4034299968302,0.194644991097851,-0.46101940809998
0.351932739303807,-1.71184297120541,0.741610524632858,0.131952313131134,-3.36370482476564,0.226090705425021,-0.593293157208346
0.364256409138509,-1.71849549509495,0.664913350537878,0.168430255411703,-3.3297066383747,0.25783471585433,-0.715170817253629
0.375183306953236,-1.72529686042465,0.599483689507956,0.205358501109344,-3.30132557960199,0.289267749511658,-0.819699169823989
0.384807070757023,-1.73206931192213,0.544272238552522,0.242537840548289,-3.27806773468537,0.319886707571838,-0.90184599384598
0.393215935938766,-1.73867586857248,0.49788190772409,0.279728741784498,-3.25927470872343,0.349309459923606,-0.95839297898027
0.400481281813853,-1.74501465492566,0.458906303832814,0.316678692630696,-3.24426248040463,0.377261252857842,-0.987600402389439
0.406654621571306,-1.75101114977481,0.426102456836516,0.35313822788502,-3.23238679925834,0.403550507610263,-0.988865254982611
0.411769275705957,-1.75661125239607,0.39844773091351,0.388868510406693,-3.22306323363506,0.428048583802745,-0.962461845839868
0.415844093676421,-1.76177595475109,0.37513275970442,0.423643496971644,-3.21576733818452,0.450680608631944,-0.909377532573
0.418887896505926,-1.76647744928225,0.355525638498606,0.457249096368474,-3.21003109427229,0.471427183134486,-0.831227628694478
0.420904114203978,-1.77069624240593,0.339126804980833,0.489481311616441,-3.20544368166678,0.490331311804425,-0.730226348335787
0.421895365070876,-1.77441889202468,0.32552446163426,0.520145188334941,-3.20165894631606,0.507501783158199,-0.60918839510514
0.421867632271368,-1.77763614709036,0.314356262610342,0.549056135804443,-3.19840760835933,0.523104079094419,-0.471531468554714
0.420833443241239,-1.78034144863982,0.305281840212692,0.576044461827345,-3.19550869709034,0.537333609299809,-0.321243228996509
0.418813313239656,-1.78252988380837,0.297969939184593,0.60096257142588,-3.19287269742264,0.550373785749461,-0.162774305289273
0.415834960720143,-1.78419769738467,0.292101340083713,0.623692559682854,-3.19049027302113,0.562350679527961,-0.000834513120397486
0.411930534313669,-1.78534233921846,0.287383987536343,0.6441508887391,-3.18840608868651,0.573301079048516,0.159891415930375
0.407132965746588,-1.78596284551547,0.283572074746265,0.662287580106277,-3.18668474848878,0.58316655757063,0.315046663640775
0.401472933363255,-1.78606025993542,0.280479800101677,0.678079807424011,-3.18538004502454,0.591814045157131,0.460843863560807
0.394977451887152,-1.78563786018423,0.277984251461935,0.691522313103872,-3.18451640742793,0.599071712268874,0.594192110230735
0.387670170526079,-1.78470109669051,0.276017636263549,0.702617940297233,-3.18408485693532,0.604765192390682,0.712705638122247
0.379572761410238,-1.78325727096149,0.274553056613401,0.711370570129239,-3.18404993282645,0.608743430096193,0.814627012028536
0.370706667403789,-1.78131505356808,0.273588754496735,0.717781096373584,-3.18436184820109,0.610890655252261,0.898707151144675
0.361094762183178,-1.77888397750226,0.273134256518527,0.72184596195566,-3.18496906903304,0.611126646716868,0.964076545901432
0.350762758062859,-1.77597402880264,0.273199836663454,0.72355747171045,-3.18582865356594,0.609400034656144,1.01013021529625
0.33974029937508,-1.77259538839838,0.273789265350055,0.722905139924868,-3.18691356798941,0.60567945137513,1.03643884570586
0.328061683963058,-1.76875830264245,0.274895177604762,0.719877387174783,-3.18821724721399,0.599946146334639,1.04269098704632
0.315766167853298,-1.76447302335566,0.276496367545848,0.714462968849564,-3.18975594920194,0.592190319107318,1.02866673299547
0.302897822030652,-1.75974976098142,0.278556625587377,0.706651672250324,-3.19156923050475,0.582412364334965,0.994242040427191
0.289504896314854,-1.75459861379574,0.281025203300107,0.696434052135567,-3.1937183995295,0.5706293934891,0.939423604931388
0.275638604493834,-1.74902945759394,0.283839519007099,0.683800264169699,-3.19628226624014,0.556886486096694,0.864415622887677
0.261351211985106,-1.74305180389441,0.286931192898997,0.668738411327815,-3.19934910054753,0.541270799522098,0.769720703563834
0.246693336913971,-1.73667466438036,0.290236709601385,0.651233245788143,-3.20300376162012,0.523924752290978,0.65627628214996
0.231710533794856,-1.72990649185003,0.293713572752297,0.631266491257091,-3.20730997070964,0.505052199986197,0.525622616276571
0.216439572379458,-1.72275528702789,0.297361260398176,0.608820228786386,-3.21229017995521,0.484909830144643,0.38008506504595
0.200905320997033,-1.71522893706005,0.30124340210717,0.583884302811444,-3.21790931424682,0.463777009261049,0.222929725763674
0.185119556163867,-1.7073357678388,0.305504260248363,0.556467184038431,-3.22407201477096,0.441903690187421,0.0584249913364382
0.169082864973129,-1.69908518215223,0.310371477045997,0.526607454948082,-3.23064209425971,0.419448226111115,-0.108263845829438
0.152789690220754,-1.6904882187669,0.316141373510679,0.494381531586787,-3.23748467593524,0.396429171260613,-0.271375649391691
0.136234852331916,-1.68155798383274,0.32315263538673,0.459904261236926,-3.24451889034231,0.372715821165307,-0.424991504363127
0.119418798524729,-1.67231010457874,0.331762864249179,0.423322623678033,-3.25176169512032,0.348065355924865,-0.563482305001383
0.10234933183374,-1.66276345652963,0.342343171911448,0.384806223161535,-3.25934852531813,0.32219056133202,-0.681848871218374
0.0850391811630746,-1.65294135696325,0.355298578061251,0.344538926188954,-3.26752993096476,0.294830010654708,-0.77591395011377
0.0675001400584531,-1.6428733401916,0.371112244184469,0.302713976854669,-3.2766542255087,0.265799426434979,-0.842401013724542
0.0497348598800183,-1.6325977042297,0.390402887001138,0.259532207810435,-3.28714758198401,0.235019714999015,-0.878968777476459
0.0317270506854014,-1.62216526365934,0.413972473935663,0.215201018408699,-3.2994943252923,0.202531360798374,-0.884271655255524
0.0134308687880316,-1.611644937725,0.442793855783229,0.169930661512619,-3.31420140538934,0.168510093764634,-0.858107486479911
-0.00523770976522555,-1.60113119354509,0.477835975654988,0.123923589880311,-3.33170165359864,0.133293605473256,-0.801693689414299
-0.0243988912502376,-1.59075010841061,0.519580356415212,0.0773531852150658,-3.35212752667464,0.0974121169838105,-0.71803250265315
-0.0441805315220613,-1.58065316939998,0.56721006814535,0.0303352101861567,-3.37494939976274,0.0615863711476711,-0.612102621454601
-0.0646553358109608,-1.57098289459613,0.617980199733848,-0.0170871756903653,-3.39872642740456,0.0266365039232349,-0.490353842530381
-0.0857783620349969,-1.5618151302941,0.667767374012882,-0.0649163588512247,-3.42143887743286,-0.0067027629029457,-0.359325055975673
-0.107388488634966,-1.55312522761165,0.712870291696701,-0.113140058117205,-3.44139839788291,-0.0379436447501761,-0.224383466515228
-0.129276294690582,-1.54481465815023,0.751451116179749,-0.16169035856354,-3.45792831569267,-0.066868257862862,-0.08974405140646
-0.151250824817728,-1.53676686243507,0.783503113210342,-0.210448370603086,-3.47129113363584,-0.0934590640492981,0.0406802861204933
-0.173165481472748,-1.52888512793704,0.809994300524304,-0.25926936329702,-3.48221294990781,-0.117835235066238,0.162755896588784
-0.194914944131382,-1.52110348911991,0.832122367312138,-0.308000263401194,-3.49147772511642,-0.140212285537752,0.272245473256928
-0.216423588284634,-1.51338337881021,0.850949701061995,-0.356484751560537,-3.49972825041833,-0.160860641599707,0.365222615170962
-0.237634698586795,-1.50570647864593,0.867304031456279,-0.404562719832477,-3.50741845601667,-0.180056050577038,0.438449517346628
-0.258502403866481,-1.49806798743654,0.881797346263344,-0.452069893953027,-3.51483964105844,-0.198032958558327,0.489590808703819
-0.278986167034489,-1.49047138085405,0.894877817011998,-0.498839611344541,-3.5221694005051,-0.214951962012346,0.517275601830879
-0.299047424182294,-1.48292473180154,0.906878992414432,-0.544706262886058,-3.52951670349368,-0.230884203858853,0.521065938214363
-0.318647986663021,-1.47543840592388,0.918055892072958,-0.589509102051606,-3.53695257104274,-0.245809606985457,0.501384692744642
-0.337749808310979,-1.46802387962996,0.928607998991407,-0.633095333730864,-3.54452489866952,-0.259624833147235,0.459434964360882
-0.356315702409814,-1.46069339883741,0.93869236578239,-0.675321993443585,-3.55226060012387,-0.272158842131767,0.397122864526645
-0.374310582296718,-1.4534601726555,0.948430448658725,-0.716056734253696,-3.56016035771442,-0.28319607867116,0.316981041175179
-0.391702789865524,-1.44633877752862,0.957911822866151,-0.755178046916236,-3.56819197531087,-0.292507672796074,0.222081466489575
-0.408465086277386,-1.43934545481902,0.967197271176112,-0.792575532008066,-3.57628789473997,-0.299888934937219,0.115923193814999
-0.424574956941864,-1.43249805088448,0.976322936664075,-0.828150592024584,-3.58435063161042,-0.305197651063495,0.00228501864665864
-0.440014067012993,-1.42581549263511,0.98530622942933,-0.861817436065279,-3.5922667308185,-0.30838443482699,-0.11495562054502
-0.454766970964544,-1.41931688766511,0.994153080724518,-0.893503866232841,-3.59992620425317,-0.309506361867734,-0.232021026381752
-0.468819430502866,-1.41302050806293,1.00286528663209,-0.923151230418466,-3.60724190405674,-0.308719532397589,-0.345420766425126
-0.482156809696951,-1.40694297196001,1.01144644231337,-0.950713250239183,-3.6141632440972,-0.306253323938168,-0.452098935559707
-0.494762944245767,-1.40109884680039,1.01990541853756,-0.976153938955094,-3.6206810661843,-0.302374999047197,-0.549522159942554
-0.506619680187574,-1.39550072130194,1.02825717192408,-0.999445182230119,-3.6268237863186,-0.297354945377861,-0.63570573983142
-0.517707058002455,-1.39015963141214,1.03652144220222,-1.02056459120207,-3.63264749404409,-0.291440116523188,-0.709189564474776
-0.52800397138187,-1.38508564903927,1.04472026500363,-1.03949402479916,-3.63822355072488,-0.284838621937961,-0.768982503564306
-0.53748908111563,-1.38028845567226,1.05287519531278,-1.05621890086075,-3.64362668722013,-0.277714469280239,-0.814493865146511
-0.546141792222032,-1.37577778508591,1.06100486446783,-1.07072822325105,-3.64892542018064,-0.270189412949528,-0.845466226507192
-0.553943166873754,-1.37156368613179,1.06912317192479,-1.08301518983272,-3.65417547080345,-0.262348568964051,-0.861918677676147
-0.560876720901495,-1.36765660058389,1.07723815902009,-1.09307829734895,-3.65941610713028,-0.254247186229054,-0.864105181896083
-0.566929126709903,-1.36406726478423,1.0853514596172,-1.10092298140086,-3.66466896773705,-0.245917033941451,-0.852489879885977
-0.572090927301004,-1.36080642661836,1.09345817193208,-1.10656398656178,-3.66993885302651,-0.237371856034462,-0.827739337181282
-0.576357465744078,-1.35788431658076,1.10154708078942,-1.11002878378335,-3.6752160862969,-0.228612021174896,-0.790729651215215
-0.579730323459565,-1.35530971507842,1.10960154240056,-1.11136218255376,-3.68048035057748,-0.219628573155545,-0.742560946970316
-0.582219406651696,-1.35308837584246,1.11760229641816,-1.11063103269178,-3.6857064917453,-0.210405853421569,-0.684557659352157
-0.583844746222814,-1.35122087302993,1.12553441044348,-1.1079245503209,-3.6908732044954,-0.200919988302742,-0.618212397262309
-0.58463500382612,-1.34970127230325,1.13339767130809,-1.10334354352612,-3.69597338452937,-0.191132414276621,-0.545050998857999
-0.584620737633358,-1.34851885581968,1.14121182686036,-1.09698130372472,-3.70101990492536,-0.180987211359987,-0.46650659320168
-0.583827080269048,-1.34766196263137,1.14901084303797,-1.08891206926633,-3.70604303851748,-0.170420966019519,-0.383920037704231
-0.582271334449097,-1.34712042572803,1.15683407027274,-1.07919305194347,-3.71108498187484,-0.159377998149231,-0.298622125281734
-0.57996457551402,-1.34688579177847,1.16472153972806,-1.06787151749023,-3.71619617749468,-0.147821579812442,-0.211994673277773
-0.57691422863906,-1.34695064152422,1.17271273881566,-1.05499035529634,-3.72143289667461,-0.135739983207221,-0.125484284237853
-0.5731262243557,-1.3473079406033,1.18084653403068,-1.04059109666693,-3.72685467221792,-0.123148864100452,-0.0405848580992888
-0.568606517008094,-1.34795066157867,1.18916117786005,-1.02471519871449,-3.73252126106225,-0.110090785249515,0.0411946559987221
-0.563362063426447,-1.34887163667746,1.19769424380715,-1.0074044332194,-3.73848957817526,-0.096632221695225,0.118367215115976
-0.557401374517809,-1.35006354388927,1.20648263790671,-0.988700945675373,-3.7448112598681,-0.0828585284614879,0.189503450304195
-0.550734729010172,-1.3515189422573,1.21556285834683,-0.968647326297415,-3.75153140117107,-0.0688676229034348,0.253262957208807
-0.543374128043541,-1.35323030138095,1.22497160562522,-0.947286868202153,-3.75868873726244,-0.054763253244346,0.308419877566596
-0.535333067501271,-1.35518999969719,1.23474676223752,-0.924664058683897,-3.76631722595265,-0.0406486235100034,0.35388322375616
-0.526626202084193,-1.35739029062208,1.24492869518443,-0.900825251935105,-3.77444872346687,-0.0266208848531007,0.388713582567759
-0.517268967880116,-1.35982325266464,1.25556179562946,-0.875819408559005,-3.78311627227413,-0.0127666964158258,0.412138433096187
-0.507277219274646,-1.3624807488225,1.26669615713641,-0.849698755734975,-3.79235744249059,0.0008411936525418,0.423568385018177
-0.496666925758672,-1.36535442238633,1.27838930025215,-0.822519219754221,-3.8022171683059,0.0141465266914309,0.422616308505431
-0.485453965800986,-1.36843575207965,1.29070787401658,-0.794340501058135,-3.81274957915438,0.0271114340156482,0.409120699078852
-0.473654049485442,-1.37171617974448,1.30372930386725,-0.765225700934822,-3.82401843574034,0.039717662089138,0.383173729893556
-0.461282795404623,-1.37518730892371,1.31754341774924,-0.735240468187442,-3.83609595998735,0.0519668625338396,0.345153251098207
-0.448355975674041,-1.37884115258486,1.33225417726061,-0.704451718858496,-3.84906012520944,0.0638793974924,0.295756429683878
-0.434889920086572,-1.38267038393215,1.34798177521973,-0.672926093109629,-3.86299087063164,0.0754909150247481,0.236030783668559
-0.420902034215759,-1.38666851927324,1.36486552753553,-0.640728441182373,-3.87796619868978,0.0868460018491045,0.16739627148888
-0.406411341961954,-1.39082994366613,1.38306815249153,-0.60792074496683,-3.89405959300172,0.0979886628786078,0.0916504513263067
-0.39143892731343,-1.39514968889279,1.40278212969373,-0.574561933075323,-3.91134044743403,0.108950236058594,0.010948541565096
-0.376008147283179,-1.39962289805888,1.42423878312298,-0.540708977925701,-3.92987897255558,0.119736424618265,-0.0722473975955109
-0.360144538253387,-1.40424396092484,1.44772047970206,-0.506419443564768,-3.94975621165848,0.130315951560272,-0.155250544028045
-0.343875439047135,-1.40900536186375,1.47357588421218,-0.471755317596411,-3.97107850956905,0.140613357567909,-0.235255722679981
-0.327229472327391,-1.41389631823676,1.50223763298654,-0.436787615383999,-3.9939944963546,0.15050739285517,-0.309456669102287
-0.310236112526708,-1.41890127467703,1.53424112110802,-0.401601019846416,-4.01871189111251,0.159834589482782,-0.375157898839832
-0.292925592319703,-1.42399825700321,1.57024220182292,-0.366297784418196,-4.04551136767754,0.168395724447249,-0.429867301517784
-0.275329372100714,-1.42915701268489,1.6110300653307,-0.33100023080364,-4.07475495138393,0.175961784878416,-0.471361976117353
-0.257481362853622,-1.43433683876089,1.65752881811019,-0.295851267542152,-4.10688613112606,0.182276066740389,-0.497727753081315
-0.239420089006629,-1.43948411117981,1.71077698678392,-0.261012273504412,-4.14241737567428,0.187050056727196,-0.507380460544057
-0.221191982891088,-1.44452988131371,1.77186914279373,-0.226657369974101,-4.18189812542212,0.189952589937425,-0.499084212399156
-0.202855891344431,-1.44938855929584,1.84184158992706,-0.192962730256967,-4.22585431385285,0.190594624092479,-0.471989688190798
-0.184488419553773,-1.45395952995035,1.92149193798497,-0.160089720935975,-4.27469311444969,0.188516170367276,-0.425722407694184
-0.166188758624893,-1.45813396091746,2.01114877767301,-0.128162220247823,-4.32857910688872,0.183186708668034,-0.360550170111467
-0.148080431198036,-1.46180801483592,2.11045026283368,-0.0972418689480226,-4.38731075226551,0.174032098618548,-0.277635974860263
-0.130307061764104,-1.46490060405073,2.21822172621302,-0.0673088990670155,-4.45024568948343,0.160493774711249,-0.179327851156955
-0.113021050615627,-1.46737029432789,2.33252114346362,-0.0382570718607232,-4.51631645013797,0.142109067566987,-0.0693676247595686
-0.096367278759513,-1.46922529100063,2.45084375675643,-0.00990667255604116,-4.58413827604767,0.118586295585537,0.0471303262590844
-0.0804660048073964,-1.4705237446075,2.57040567962626,0.0179678985172974,-4.65216868065793,0.0898501826501971,0.164022719582399
-0.065398499167184,-1.471365641376,2.68842269758113,0.0456036732330524,-4.71887129481598,0.0560510720328148,0.274763378382981
-0.0511975060787355,-1.47187902605597,2.80234811075502,0.0732146170541205,-4.78286007405775,0.0175470619337257,0.373141353951263
-0.0378442184241329,-1.47220309598634,2.91006840558087,0.100961643446437,-4.84301877077372,-0.0251297679987781,0.45391847300702
-0.0252731794966509,-1.47247108537454,3.01005004858722,0.128931371003206,-4.89858746543102,-0.0713162561270046,0.51322085249009
-0.0133847076357924,-1.47279657998142,3.10141154019548,0.157127725148156,-4.94919875117357,-0.12026393970603,0.548659226830441
-0.00206165954482535,-1.47326618796484,3.18389848024474,0.18547777512989,-4.99485167965615,-0.171179184970738,0.559248415657422
0.00881411410922023,-1.47393912222065,3.25777000314897,0.213848795787731,-5.03583150984962,-0.223250832770927,0.545228694745191
0.0193492967384809,-1.47485187568895,3.32363608121661,0.242070667301761,-5.07260088207076,-0.275665450535321,0.507870880364189
0.0296319913142334,-1.47602520629601,3.38229338516123,0.269957904401184,-5.10569148041448,-0.327617456175776,0.449303480539145
0.0397294206115203,-1.47747103838137,3.43459339106191,0.297327700108573,-5.13561708202602,-0.378324081066939,0.37236115876398
0.0496890823296379,-1.47919779804747,3.4813555463109,0.324012530021603,-5.1628178043677,-0.427052249362014,0.280432436797899
0.0595419689759342,-1.48121354141597,3.52332246350181,0.349867202402945,-5.18763655186359,-0.473157533852965,0.17728380829946
0.0693066803525618,-1.48352688742382,3.56114622181092,0.374770895429062,-5.21032260931641,-0.516127435358439,0.0668534043175118
0.0789934712773802,-1.48614626774382,3.59539303505046,0.398625142746749,-5.23105331187014,-0.55561621446191,-0.0469699026678304
0.088607519566837,-1.48907830987203,3.62655540113743,0.421349114667027,-5.24996302941798,-0.591459462191887,-0.160550292022892
0.0981510386095909,-1.49232618778292,3.65506454566152,0.442873774428258,-5.26716994615641,-0.623663336326749,-0.270660519479972
0.107624242913722,-1.49588852738897,3.68129991413052,0.463136384331052,-5.28279475300912,-0.652372075152875,-0.374572630400271
0.117025466654926,-1.49975909297646,3.70559538600782,0.482076388416098,-5.2969696455209,-0.677823391322109,-0.470085478752526
0.126350845377284,-1.50392717699238,3.72824329295852,0.499633094321211,-5.3098392129185,-0.70030249334052,-0.555502996004329
0.135593916433018,-1.50837845489319,3.7494975154948,0.51574504095558,-5.32155622321365,-0.720102761455947,-0.62958107991164
0.14474535802417,-1.51309604113721,3.76957652253756,0.530350606117709,-5.33227526109803,-0.737496939974422,-0.691459071158548
0.153792949227785,-1.51806153741626,3.78866670688676,0.543389295141082,-5.34214636532774,-0.752719103801536,-0.740587622713485
0.162721737942263,-1.52325594579835,3.80692600301291,0.554803203337281,-5.3513098544207,-0.765955483583881,-0.776660651418936
0.171514356863223,-1.52866039211765,3.82448759704357,0.564538281105973,-5.3598927629184,-0.777341438214702,-0.799555862824585
0.18015141786787,-1.53425665391987,3.841463508179,0.572545184832174,-5.36800683812325,-0.786961988588973,-0.809286143246518
0.188611926341039,-1.54002751148276,3.8579478724684,0.578779628105569,-5.37574783577197,-0.794853895095012,-0.805962724909947
0.196873676653684,-1.54595694588639,3.87401984533108,0.583202241283002,-5.38319582135596,-0.801007946268688,-0.789770226241417
0.204913611356605,-1.55203020278152,3.88974613114614,0.585778005081739,-5.39041625244031,-0.805370765154364,-0.760953252888971
0.212708146275099,-1.55823373103675,3.90518323469271,0.586475355599522,-5.39746172673819,-0.807845986473752,-0.719814048660715
0.220233481340669,-1.56455499752356,3.92037960948094,0.585265076142553,-5.40437439253981,-0.808295123387906,-0.666720562818771
0.227465930627856,-1.57098217552072,3.93537794916971,0.582119104839102,-5.41118910484625,-0.806538847832332,-0.602124133067064
0.234382313364636,-1.57750370696816,3.95021792647291,0.577009403909279,-5.41793745061892,-0.802359751931941,-0.526585692766569
0.240960446883257,-1.58410774836794,3.96493971498053,0.569907060252059,-5.42465273711012,-0.79550789347345,-0.440808972153492
0.247179769544274,-1.59078152661737,3.9795886131101,0.560781816489137,-5.43137591843497,-0.785710458794104,-0.345678590464732
0.253022094288099,-1.5975106531014,3.99422100119286,0.549602257257597,-5.43816221809338,-0.77268656836977,-0.24230024042581
0.258472453109728,-1.60427846981716,4.00891168486516,0.536336876246947,-5.44508790594731,-0.756167479198489,-0.132039285672512
0.263519944614954,-1.61106552432055,4.02376241103256,0.520956196025842,-5.45225636452585,-0.735921167223042,-0.0165529186520884
0.268158453385836,-1.61784928159086,4.03891103187964,0.503435976216996,-5.45980234408817,-0.711778648124131,0.102190427863822
0.272387089633499,-1.62460416517385,4.05454054930986,0.48376131796612,-5.46789332545471,-0.683657819740238,0.221911958176704
0.276210221857404,-1.63130195897075,4.07088728164132,0.461931191129811,-5.47672737156924,-0.651579733510146,0.340051026707487
0.279637057185382,-1.63791248437529,4.08824785475387,0.4379626711148,-5.48652786135737,-0.615672721722932,0.453825541566008
0.282680852049423,-1.64440430727584,4.10698568121173,0.411894113252197,-5.49753693077752,-0.576162049903022,0.560322147299106
0.28535796798161,-1.65074507220047,4.12753877292887,0.383786708054128,-5.51001082029641,-0.533346213863218,0.656606582297187
0.28768706589589,-1.65690096644472,4.15043147277309,0.353724299552663,-5.52422093679449,-0.487564257802399,0.739840206343079
0.289688716886735,-1.66283481176463,4.17629209588471,0.321811798643752,-5.54046365165124,-0.439159986752841,0.807390827028275
0.291385595192747,-1.66850233276542,4.20587554132435,0.288172713777737,-5.55907930630956,-0.388447986469231,0.85693447082563
0.292803215589198,-1.67384620882555,4.24008324377077,0.252946076985384,-5.58047615556048,-0.335683600042991,0.886556008190833
0.293970834568527,-1.67878763739252,4.27995992524915,0.21628231807914,-5.60514690709768,-0.281036077310297,0.89486603310371
0.29492150736183,-1.68321568207626,4.32662460592129,0.178336477308728,-5.63365229557349,-0.224563188969675,0.881154877741247
0.295689260544388,-1.68697652550357,4.3810650512585,0.13925588033335,-5.6665285046389,-0.166189581952936,0.8455949016826
0.296300383263674,-1.68986908066319,4.44371705604794,0.0991594785023373,-5.70406716741027,-0.105703125170497,0.789463390469388
0.296757168867327,-1.69165964956766,4.51383686599668,0.0581110312417014,-5.74596063138379,-0.0428008056754072,0.715272518481592
0.29701960972073,-1.69212906442335,4.5889357483495,0.0161009736409537,-5.79095249241841,0.0227838972429425,0.626592881172138
0.297001304793868,-1.69114671720381,4.66484241941488,-0.026937122923123,-5.83681672427841,0.0910948985483297,0.527412832119054
0.296593531319286,-1.68872976078146,4.73677611919157,-0.0710648834532724,-5.8809105780974,0.161822244736457,0.421264749495655
0.295705437975518,-1.68503797158618,4.8009292785559,-0.116264973840411,-5.92104973209009,0.234336202453314,0.310755915272963
0.294289145212102,-1.68030655308636,4.85545381435293,-0.162406486576247,-5.95608309088865,0.307848573485965,0.197871624612128
0.29233655341898,-1.67477042767759,4.90035270684633,-0.209265124604751,-5.98586538066785,0.381560615591396,0.0846622237669053
0.28986132756334,-1.66862164208429,4.93674151895043,-0.25656982143458,-6.0108743334267,0.454725277798963,-0.0263166073891073
0.286882306015775,-1.6620008731457,4.96612465370571,-0.304043783485394,-6.03183081450711,0.526653025169923,-0.13203517434526
0.283414051301665,-1.65500577420464,4.98995693942055,-0.351427582263743,-6.04947049287694,0.59670972238602,-0.229324624604161
0.279463500978535,-1.64770285390403,5.00946217043885,-0.398486265157252,-6.06444711604656,0.664325185491462,-0.315266499659155
0.275030338867895,-1.64013752478668,5.02560074120063,-0.445006686960722,-6.0773066171467,0.729007016404211,-0.387483917598026
0.270109224301761,-1.63234138050691,5.03910190848171,-0.490790809446077,-6.08848942997598,0.790349490723922,-0.444291762006713
0.26469264675804,-1.62433717665145,5.05051386035485,-0.535648960267241,-6.09834153058488,0.848032738841236,-0.484727373436861
0.258773649354961,-1.61614215549144,5.06025075458286,-0.579395125364771,-6.10712776818745,0.901813696088411,-0.508502879653102
0.252348024880957,-1.60777021626058,5.06862990173659,-0.621844801029219,-6.11504585909606,0.951513267882916,-0.515916099189539
0.245415845084533,-1.59923329297043,5.07589867403295,-0.66281501504356,-6.12224042630947,0.997003997030921,-0.507745808831333
0.237982341425871,-1.59054220911483,5.08225305513857,-0.702125802690087,-6.12881641971639,1.03820079593754,-0.485146964636177
0.230058232688492,-1.58170721735004,5.08785017472587,-0.7396024754325,-6.13485119760089,1.07505537767242,-0.449554143602397
0.221659621290798,-1.57273838467017,5.09281685791889,-0.77507821121363,-6.14040468285847,1.10755360209593,-0.402596755897044
0.212807581463836,-1.56364593929594,5.09725571475309,-0.808396672513898,-6.14552725534754,1.13571425281138,-0.346026810143913
0.203527553975789,-1.55444065079375,5.10124981606628,-0.83941446322318,-6.15026531207553,1.15958770192573,-0.281658605784696
0.19384864911001,-1.54513427075599,5.10486661131905,-0.868003275748275,-6.15466466119288,1.17925331167884,-0.21131917578214
0.183802941977819,-1.53574002163502,5.10816144390502,-0.894051590786272,-6.15877208507155,1.19481504475124,-0.136808205300967
0.173424820902505,-1.52627309088848,5.11118080090482,-0.917465808375036,-6.16263550185144,1.20639540116866,-0.0598662293034368
0.16275042221851,-1.51675107079684,5.11396528875637,-0.938170727584859,-6.16630317741539,1.2141283016985,0.0178499728869389
0.151817157183194,-1.50719428234056,5.11655224760322,-0.956109354716291,-6.16982240609998,1.21815179529252,0.0947857508601829
0.14066331398521,-1.49762593273161,5.11897789638012,-0.97124209303143,-6.17323801001659,1.21860146056617,0.169501557090342
0.129327704249893,-1.48807207649438,5.12127892475863,-0.983545432964995,-6.17659092476826,1.2156051524005,0.240681200821841
0.117849320855452,-1.47856137433835,5.12349349984869,-0.993010305066133,-6.17991705901528,1.2092794156248,0.307135909359396
0.106266980543397,-1.469124667032,5.12566171712467,-0.999640271476202,-6.18324654499132,1.19972755765308,0.367804627279352
0.0946189380390847,-1.4597943998945,5.12782558058603,-1.00344971530488,-6.18660343874286,1.18703912418069,0.421750984561104
0.0829424733352001,-1.45060394480197,5.13002863615588,-1.00446214941531,-6.19000588216997,1.17129039654849,0.468157486711973
0.0712734673143913,-1.44158687109431,5.13231540031591,-1.00270871781485,-6.19346670259791,1.1525455242607,0.506317703424674
0.0596459895439755,-1.43277621496003,5.13473072491254,-0.998226916304097,-6.19699439907116,1.13085799026905,0.535627517940271
0.0480919245642692,-1.42420379070996,5.13731922531034,-0.99105952214328,-6.20059444689835,1.10627223736362,0.555576791660177
0.0366406605853946,-1.41589957989653,5.14012488102827,-0.981253699868761,-6.20427084066491,1.0788254243274,0.565743046652382
0.0253188572541292,-1.40789122653513,5.1431909044877,-0.968860242776451,-6.20802778724807,1.04854939970734,0.565788944139546
0.0141503001489286,-1.40020366103782,5.14655997102466,-0.953932915698508,-6.21187144831587,1.01547306191462,0.5554654144056
0.00315584131317819,-1.39285887245603,5.15027491525805,-0.936527884191743,-6.21581161057455,0.979625305861303,0.534622255730979
-0.00764658116746593,-1.38587584699955,5.1543800245579,-0.91670324716405,-6.2198631291717,0.94103872613614,0.503227833386758
-0.0182418535530182,-1.37927068877668,5.1589230931351,-0.894518734152605,-6.22404695010699,0.899754143901671,0.461399102197723
-0.0286175342063637,-1.373056931529,5.16395842741962,-0.870035678158948,-6.2283904911945,0.855825831012428,0.409442409042261
-0.038763639357877,-1.36724603424935,5.16955099369724,-0.843317420840093,-6.23292718704624,0.809327021459342,0.347904191497853
-0.0486723596704429,-1.36184802331389,5.1757818486681,-0.814430321428557,-6.23769514194295,0.760354942926883,0.277628495269959
-0.0583376922400728,-1.3568722006774,5.18275487460729,-0.78344549653786,-6.24273514485531,0.709034263172838,0.199814998585305
-0.0677549701192585,-1.35232778979438,5.19060466856986,-0.750441283704574,-6.24808879649657,0.655517691326849,0.116067156091632
-0.0769202766351494,-1.34822436150955,5.19950528770707,-0.715506203455631,-6.25379806998223,0.599982747092824,0.0284162371325936
-0.0858297449072582,-1.34457190395573,5.20967958707858,-0.678741959378154,-6.25990800205193,0.542624599058207,-0.0606943794184317
-0.0944787569995595,-1.34138050040536,5.2214092857033,-0.640265903142516,-6.26647404474066,0.48364630095891,-0.148476660378767
-0.102861061206675,-1.33865974804024,5.23504673531443,-0.600212545898375,-6.27357475377029,0.423249194608494,-0.231919447545358
-0.110967810102696,-1.33641822739806,5.25103046272201,-0.558734142770799,-6.28132929442879,0.361626868740176,-0.307953442724965
-0.118786481900268,-1.33466342922334,5.26990747529129,-0.516000934219076,-6.28991847270513,0.298965289266842,-0.373639089894309
-0.126299581173329,-1.33340251292495,5.29236556457573,-0.472202004224178,-6.29960825786804,0.235449790218283,-0.426355600294794
-0.133482913303248,-1.33264413946348,5.31927800992238,-0.42754771114829,-6.31077584497248,0.171277492979932,-0.463977729213315
-0.140303067747222,-1.3324014698498,5.3517606073662,-0.382274271992711,-6.32393901513756,0.106672323364982,-0.485040421222387
-0.146713503929734,-1.33269628300309,5.39123539940461,-0.336650404997013,-6.33978800605331,0.041899347662444,-0.48890419638937
-0.152648323996398,-1.33356394106028,5.43948375716868,-0.290984816092281,-6.35921301556879,-0.0227246524248995,-0.47594161317356
-0.158012605625043,-1.33505831251245,5.49864896351444,-0.24563122292757,-6.38330747245501,-0.0868266534363696,-0.447762132498802
-0.162668620612634,-1.33725427098898,5.57111322096795,-0.200983901218441,-6.41330705773385,-0.14997899864929,-0.407466966182858
-0.1664196297788,-1.34024277743834,5.65914096451784,-0.157451978524225,-6.45040630737847,-0.211702565558372,-0.359854174963684
-0.168998692947691,-1.34411126810269,5.7642053582847,-0.115399556474186,-6.49540893369452,-0.27146153480492,-0.311366723465855
-0.170077737677253,-1.34890519591538,5.88608716257678,-0.0750514495222733,-6.54826027674503,-0.328642164848466,-0.269472815531718
-0.169312951552357,-1.35458097185631,6.02214537016715,-0.0363965757572254,-6.60767067291433,-0.382528259774748,-0.241316502669479
-0.166424059163148,-1.36097942163132,6.16731497721333,0.000848904387116845,-6.67111244354157,-0.43231409905632,-0.23200508089335
-0.161274460791206,-1.36784729160226,6.31504088764426,0.0371727438267921,-6.73528966683204,-0.477193128226608,-0.243378700929462
-0.15390956720543,-1.37490220558871,6.45873270901722,0.0731133820974763,-6.79686665047538,-0.516509285429097,-0.273887548357448
-0.144536470966736,-1.38190510211549,6.59306398466099,0.109100731355192,-6.85311966773694,-0.549900438796016,-0.319455326753437
-0.133462168399392,-1.38870449220513,6.71467756050482,0.145363383115673,-6.90229837845783,-0.577357635230232,-0.374730073783046
-0.121022766111868,-1.39524103545957,6.8222276290462,0.181922204786648,-6.94366036482393,-0.599176564515011,-0.43418902458159
-0.107530116084281,-1.40152436477622,6.91595037975129,0.218642366844635,-6.97726797822897,-0.615840912114558,-0.492858688962096
-0.0932454981149232,-1.4076021771591,6.99705866916874,0.255301614448181,-7.00369115071091,-0.627899353078196,-0.546651054879741
-0.0783753003155996,-1.41353551816647,7.0672017542259,0.291646028461681,-7.02373716150212,-0.635875783691608,-0.592429761756569
-0.0630783734991042,-1.41938427614848,7.12809690405346,0.327424361471887,-7.03826312415785,-0.640220336792628,-0.62793321222046
-0.0474767907716556,-1.42520086801969,7.18132952183457,0.362404344148103,-7.04807162046386,-0.641291209975288,-0.65164624427635
-0.0316657621332853,-1.43102868080206,7.22827206369272,0.396377820493392,-7.05386596987133,-0.639354614156544,-0.662670275515713
-0.0157213736308462,-1.43690264357022,7.27007090414907,0.429160423710724,-7.05624044510343,-0.634593636861512,-0.660612490715045
0.000293786025302744,-1.44285045958366,7.30766542038919,0.46058931726129,-7.05568789375689,-0.627120794729599,-0.645498922100512
0.016326621391333,-1.44889384247546,7.34181866162668,0.490520791399597,-7.05261448765565,-0.616991801618946,-0.617709405423718
0.032330658041201,-1.45504953560192,7.3731492822589,0.518828456444402,-7.04735627639702,-0.604219654613075,-0.577929993002611
0.0482639390625187,-1.46133008415734,7.40216030541306,0.545402220354934,-7.04019502177207,-0.588788917912654,-0.527117881662263
0.0640874622180029,-1.46774439535061,7.42926327162991,0.570147962242728,-7.03137217731227,-0.570670331812522,-0.46647404473236
0.0797640350016887,-1.47429813453842,7.45479769654287,0.592987671289739,-7.02110048500614,-0.549835738561087,-0.397419051928044
0.0952574943166672,-1.48099400031873,7.47904631800876,0.613859742710708,-7.00957290437296,-0.526272907951745,-0.321567891730453
0.110532272601868,-1.48783191407619,7.50224679750207,0.632719089673435,-6.99696871748954,-0.499999303003944,-0.240700060810178
0.125553296019452,-1.4948091540128,7.52460056901661,0.649536751498386,-6.98345680844893,-0.471073350379572,-0.156721976366026
0.140286177348131,-1.50192046015172,7.54627949342237,0.664298769108791,-6.96919635748817,-0.4396016084203,-0.0716201651246178
0.154697626933776,-1.50915813400389,7.56743091004856,0.677004261768052,-6.95433550373824,-0.405740545992563,0.0125942051818434
0.168755966480476,-1.51651215380977,7.58818158910508,0.687662848371939,-6.93900883366124,-0.369692482173901,0.0939463423793666
0.182431612481958,-1.52397032342845,7.6086409831136,0.696291753148975,-6.9233347255909,-0.331696379314353,0.17055906011719
0.19569741281159,-1.53151847010384,7.62890406232186,0.702913047703077,-6.90741352697898,-0.292015233763947,0.24070793074934
0.208528769551829,-1.53914070239049,7.64905391085476,0.707551459659645,-6.89132724652092,-0.250922374870986,0.30286496273938
0.22090354584758,-1.54681973310134,7.66916417015693,0.710233028456267,-6.87514099702404,-0.208688880304471,0.355727920396676
0.232801809727583,-1.55453726251759,7.68930135113762,0.710984671007979,-6.85890597517291,-0.165573661157886,0.398235571857967
0.244205495833447,-1.56227440532603,7.70952699589228,0.70983451563816,-6.84266344233823,-0.121816883683677,0.429571817637281
0.255098063921618,-1.57001213336419,7.72989964813031,0.706812733487826,-6.82644903441968,-0.0776366078145062,0.449163076950102
0.265464210676281,-1.57773169828993,7.75047658225724,0.701952562375728,-6.81029675969265,-0.0332280334386584,0.456673389357709
0.27528966284667,-1.58541499591171,7.77131524097105,0.695291261513347,-6.79424218239122,0.011235412384361,0.452000773434271
0.284561056720845,-1.59304483856762,7.79247434246911,0.686870821714936,-6.77832447663228,0.0555998203610454,0.435276941033224
0.29326589654016,-1.60060511380768,7.8140146461563,0.676738350756944,-6.76258723532949,0.0997278235187065,0.406870846829609
0.301392582376357,-1.60808082641514,7.83599941722216,0.664946133655661,-6.74707812153799,0.143495108459432,0.367394940070059
0.308930501794988,-1.61545804476617,7.85849470845735,0.651551421448296,-6.7318476558715,0.186786458552211,0.317711470185856
0.315870183375057,-1.62272379789689,7.88156967511789,0.636616028592411,-6.71694763315718,0.229491354637518,0.258934916770839
0.322203508811297,-1.62986599006475,7.90529723328275,0.620205824478141,-6.70242981507123,0.271499304034376,0.192425852690834
0.327923971905301,-1.63687340675745,7.92975542652004,0.602390198316996,-6.68834558272483,0.312695340340291,0.119771731689317
0.333026959300236,-1.64373587205805,7.95502983594753,0.583241569178848,-6.6747470810966,0.35295641823936,0.0427516083406371
0.337510016280636,-1.65044458054501,7.98121723187266,0.562835008808369,-6.6616900233765,0.392149554019404,-0.0367153317827938
0.341373058979355,-1.65699257570791,8.00843044099688,0.541248042487147,-6.64923783080699,0.430132388005053,-0.116633947356511
0.34461850640629,-1.66337529938449,8.03680416331481,0.518560685056777,-6.63746634650041,0.466756349210499,-0.195003382307363
0.347251329663706,-1.6695911134649,8.06650131242434,0.494855746615415,-6.62646817878288,0.501871942286233,-0.269885253913999
0.349279043076962,-1.67564170681613,8.09771943424639,0.470219404244567,-6.6163558919814,0.535335121775903,-0.339462411908819
0.350711683405213,-1.68153234175933,8.13069687143919,0.444741990589907,-6.60726368752015,0.567013503549191,-0.402083396817819
0.351561833899122,-1.6872719474338,8.16571850293817,0.418518910235599,-6.59934769901862,0.596791357797661,-0.456290856001136
0.351844751130085,-1.69287311130513,8.20312098736049,0.391651571318489,-6.59278535298666,0.624572817748355,-0.500834811652326
0.35157864987114,-1.69835204146399,8.24329737854005,0.364248211695601,-6.58777430639132,0.650283316435231,-0.534673233618068
0.350785200284616,-1.70372856646897,8.28670069411702,0.336424496237702,-6.58453125954225,0.673869737718372,-0.556962855827178
0.349490294092228,-1.70902620780924,8.33384546885589,0.308303744963832,-6.58329051663804,0.695300028548001,-0.567042940758634
0.347725137807537,-1.71427230410513,8.38530550115811,0.280016603438203,-6.58430159945289,0.714563039195024,-0.564414158316064
0.345527719291929,-1.71949808583856,8.44170494798046,0.251699876623331,-6.58782458154464,0.73166916309789,-0.548714265619065
0.34294464792926,-1.72473849599768,8.50369882484053,0.223494121466404,-6.5941212045493,0.746651986812038,-0.519692155669115
0.340033262057665,-1.73003143798678,8.57193828343635,0.195539470175791,-6.60343947722462,0.759570691480558,-0.477182347288326
0.336863710744546,-1.73541604776771,8.64701662091323,0.167969117241999,-6.61598972716413,0.770512452099425,-0.421083246476691
0.333520468661202,-1.74092961182693,8.72939492050123,0.140900078953722,-6.63191146968807,0.779593688429293,-0.351344242131569
0.330102527696215,-1.74660298622764,8.81931215355799,0.114421360865369,-6.65123323498636,0.786958921893586,-0.267967874831104
0.326721504425052,-1.75245485586015,8.91669229515413,0.0885805769944382,-6.67383104460909,0.79277639717504,-0.171032217999247
0.323497267752626,-1.75848577028962,9.02106663721269,0.0633711379227068,-6.69939371781479,0.797230643518425,-0.0607340409405145
0.320551359054198,-1.76467326941557,9.13152819705914,0.0387228768688002,-6.72740249026248,0.800513613260916,0.0625532311119933
0.317999050991606,-1.77096927375381,9.24672598893321,0.01449891850755,-6.75712846634825,0.802817384879983,0.198216399342522
0.315940928716052,-1.77730036359127,9.36489645308984,-0.00949938110825175,-6.78764758392612,0.80433175380956,0.345340114800106
0.314454431122739,-1.78357110249886,9.48392740007675,-0.0335190737166686,-6.81787335888751,0.805248461649908,0.502642533486024
0.31358553631913,-1.78967049321612,9.60145945718745,-0.0578349649185897,-6.84661270144196,0.805770235280477,0.668404081186867
0.313341369456021,-1.79548163066161,9.71504107906227,-0.0827241232522036,-6.87265298539028,0.806118911880619,0.840399688652684
0.313685748310169,-1.8008939070441,9.82234758000055,-0.108439230993792,-6.89488068434065,0.806536157310639,1.01587367407228
0.314540357223206,-1.80581558456836,9.92144189467988,-0.135185236457445,-6.91241189146959,0.80727519434279,1.1916131888865
0.315793065573816,-1.81018324616856,10.0110097187093,-0.163103343363837,-6.92469547656009,0.808589970134436,1.36415102064732
0.317311994583923,-1.81396511075748,10.0904838890677,-0.192264406017485,-6.9315504037393,0.810731571780854,1.53006441760245
0.318961267995304,-1.81715769177885,10.1600108969509,-0.222671102098463,-6.9331261502766,0.813955588217314,1.68628080594094
0.320614046393466,-1.81977803005773,10.2202844993183,-0.254266267371727,-6.92981004839096,0.818533898518055,1.83029998428729
0.32216042639016,-1.82185478967519,10.2723222122495,-0.286944309986553,-6.92212150448423,0.824760141151224,1.96029011932675
0.323510258478084,-1.82342068941787,10.3172600321579,-0.320563325190381,-6.91062426300796,0.832942866807039,2.07506850273134
0.324592378290127,-1.8245072698357,10.3562062143141,-0.354956507526103,-6.89586851616473,0.84338828370875,2.17400640594321
0.325351969921389,-1.82514190973842,10.3901592297009,-0.389942144414197,-6.87835990142737,0.856379108642129,2.25689958641223
0.325747355738716,-1.82534654334613,10.4199753919105,-0.425331852984786,-6.85854683360992,0.872155804616846,2.32383539723067
0.325746965058684,-1.82513747719275,10.4463672920588,-0.460936966549145,-6.83681818831926,0.890903599462877,2.37507497562783
0.325326814893791,-1.82452582176577,10.469917700789,-0.4965731819385,-6.81350600267001,0.91274569898975,2.41095921886334
0.324468579325214,-1.82351820064934,10.4910990165555,-0.532063731744707,-6.7888902926793,0.937741297469854,2.43184086241954
0.323158193803285,-1.82211752723166,10.5102928651925,-0.567241417019394,-6.76320466207879,0.965886422329873,2.43804127477364
0.321384890498245,-1.82032373351439,10.527807432614,-0.601949822407502,-6.73664221230872,0.997115889450955,2.42982871471839
0.319140555283761,-1.81813439994035,10.5438917899587,-0.636043962013159,-6.70936163339342,1.03130523410069,2.40741406329555
0.316419313767366,-1.8155452766402,10.5587472904509,-0.66939049968183,-6.68149347185069,1.06827212654517,2.37095995418873
0.313217280551511,-1.81255071234305,10.572536448381,-0.701867580141134,-6.65314654925166,1.10777734899478,2.32059949732167
0.309532435951794,-1.80914402306653,10.5853897939608,-0.733364218173916,-6.6244143962538,1.14952586383238,2.25646128703774
0.305364623155825,-1.80531784224331,10.5974111736147,-0.763779139409432,-6.59538139883009,1.19316883844396,2.17869805165788
0.300715681015462,-1.80106449896864,10.6086819103955,-0.793018965042273,-6.56612815646327,1.2383076998902,2.08751704354866
0.295589736500766,-1.79637647225118,10.619264193849,-0.820995695243628,-6.53673538389572,1.28450132986919,1.98321087009705
0.289993668621451,-1.79124696573262,10.6292040502853,-0.847623577261959,-6.50728563933468,1.33127729685773,1.8661875660989
0.283937717341958,-1.78567063624534,10.6385342463605,-0.872815633896773,-6.4778623412723,1.37814746390494,1.73699795237377
0.277436150348287,-1.77964448534548,10.6472774648762,-0.89648033983863,-6.44854601509657,1.42462736885703,1.59635669605744
0.270507834930011,-1.77316888017854,10.6554500036549,-0.91851910002424,-6.41940843525261,1.47025757928669,1.44515165293007
0.263176522564648,-1.76624861052041,10.6630660399492,-0.938825214675903,-6.39050605781068,1.51462415038086,1.2844354172639
0.255470672862096,-1.75889382995735,10.6701421927401,-0.957284831277049,-6.36187450549772,1.5573748889853,1.1153950034879
0.247422734349271,-1.75112070257108,10.6767018167736,-0.973779980885059,-6.33352559605992,1.59822874345856,0.939300594305301
0.239067936797569,-1.74295160931284,10.6827783368519,-0.988193292517866,-6.30544754447275,1.6369772268341,0.757440652463521
0.230442776703152,-1.73441485891138,10.688417072851,-1.00041357547762,-6.27760792523693,1.67347874198416,0.571055306260392
0.221583438840069,-1.72554395876636,10.693675356347,-1.0103413232082,-6.24995824810879,1.70764823235752,0.381280227696761
0.212524374603214,-1.71637658118875,10.6986211216049,-1.01789334622881,-6.22243883493305,1.73944524561286,0.189109067202598
0.203297179955708,-1.7069533821274,10.70333040183,-1.02300605990193,-6.19498300204585,1.76886328221456,-0.00462383963522336
0.193929829493537,-1.69731680251614,10.707884226698,-1.02563726876482,-6.167520082478,1.7959225406242,-0.199244329605009
0.184446261985115,-1.68750993725474,10.7123653615058,-1.0257665057554,-6.13997732390295,1.82066720006564,-0.394229474859239
0.17486628307468,-1.67757552129312,10.716855244972,-1.02339410314023,-6.11228105298356,1.84316736599292,-0.589195204070921
0.16520573764368,-1.66755506435139,10.7214314227863,-1.0185392461123,-6.08435766882666,1.86352480632167,-0.783884322942291
0.155476891450615,-1.65748815781958,10.7261657250704,-1.01123732917614,-6.05613501623091,1.88188073893442,-0.97815540926226
0.145688943958474,-1.64741196548272,10.7311233541396,-1.00153699227705,-6.02754450830574,1.89842341742535,-1.17197023530401
0.135848581466991,-1.63736088745308,10.7363629082932,-0.989497217366583,-5.99852407581665,1.91339331990313,-1.36537608001314
0.125960485973913,-1.62736635891712,10.7419371910118,-0.975184784412945,-5.96902172010257,1.9270843926199,-1.5584798018541
0.116027746386616,-1.61745672414411,10.7478945050439,-0.958672227047532,-5.93899924674044,1.93984077383396,-1.75141233674334
0.106052166652017,-1.60765712236157,10.7542800680972,-0.940036239905687,-5.90843571764957,1.95204931705541,-1.94428443803511
0.0960345137713025,-1.59798933932833,10.7611372351922,-0.919356332990048,-5.87733026635677,1.96412873872796,-2.13713620716243
0.0859747812778336,-1.58847161205396,10.768508355734,-0.896713447301248,-5.84570410662,1.97651627914048,-2.32988401451815
0.0758725519631829,-1.57911841637177,10.7764352924616,-0.872188262283978,-5.81360175519803,1.98965256047835,-2.52226893288958
0.0657275248192718,-1.5699403082981,10.7849598440791,-0.845859042345854,-5.78109163237858,2.00396512417015,-2.7138110662883
0.0555402275806178,-1.56094392005165,10.7941245058065,-0.817799076233546,-5.74826627592573,2.01985116254167,-2.90377422494056
0.0453128737296687,-1.55213221823195,10.8039741347936,-0.788074024803762,-5.71524240269428,2.03766032135849,-3.0911450934947
0.0350502551367166,-1.54350510568238,10.8145591227164,-0.756739744535157,-5.68216099648891,2.05767903283164,-3.27463004401133
0.0247605092333602,-1.53506038732081,10.8259405941445,-0.723841298728223,-5.64918752017651,2.08011833770761,-3.45267089985065
0.0144555881978301,-1.52679503613891,10.8381979601717,-0.689413816813706,-5.6165122798185,2.10510718696733,-3.62347841853664
0.00415130332765958,-1.5187066146211,10.8514389277711,-0.653485582801376,-5.5843509242994,2.13269257257155,-3.78507954780234
-0.00613308367410829,-1.51079466213418,10.8658119032875,-0.616083297700041,-5.55294504664218,2.16284670678251,-3.93537225170559
-0.0163756316275429,-1.50306187452516,10.8815207510906,-0.577239020659443,-5.52256286855412,2.19548036180063,-4.07218045280818
-0.0265526697264273,-1.49551498326634,10.8988421556933,-0.536998021355781,-5.49350007697496,2.23046084307384,-4.19330170665511
-0.0366397167345654,-1.48816537162393,10.9181463890558,-0.495426777832755,-5.46608107780941,2.2676329046954,-4.29654170318725
-0.0466122084439725,-1.48102961801296,10.9399230026081,-0.452620625195483,-5.44066119412493,2.30684077584409,-4.37973242789395
-0.056445966325323,-1.47413031320508,10.9648136150579,-0.408710993141699,-5.41763048648902,2.34794879339889,-4.44073443340539
-0.0661174227816743,-1.46749766058022,10.9936540893139,-0.363872583073005,-5.39741960601526,2.39085658261544,-4.47742758599991
-0.0756036148462714,-1.46117255922204,11.0275269362731,-0.318330995597084,-5.3805069488642,2.43550222090883,-4.48769795550212
-0.0848817742097211,-1.45521209778399,11.0678192400471,-0.272370908331795,-5.36742350316816,2.48184351560608,-4.46942961651087
-0.0939278533483839,-1.44969854851986,11.1162661485731,-0.226343431320926,-5.35874528160982,2.52980416820137,-4.4205064317381
-0.102712433078225,-1.44475257374645,11.1749247454612,-0.18066803547091,-5.35504966019308,2.57917086601622,-4.33881822596098
-0.111191384809235,-1.44054913918356,11.2459580473898,-0.135819007675969,-5.35678874927688,2.62943636915323,-4.22225405689223
-0.119288829226864,-1.43732832173557,11.3310370639645,-0.0922805606958116,-5.36401303932511,2.67961494638672,-4.06868738555953
-0.126874781170705,-1.43538250942644,11.4302270622211,-0.0504567250357777,-5.37592418294947,2.72811555727582,-3.87610020235535
-0.133751419464791,-1.43499726211292,11.5406709518572,-0.0105454755781648,-5.39045249733674,2.7728057898275,-3.64331231791669
-0.139669161332976,-1.43634897622892,11.6561304222308,0.0275731293424419,-5.4043673287263,2.81135138848208,-3.37193216277687
-0.144377217473329,-1.43941351528421,11.7684182841236,0.0643677361348783,-5.4142989075085,2.84179734284806,-3.06915340065966
-0.147689840026169,-1.44395264405242,11.8702082943613,0.100560097320695,-5.41814962263961,2.86328142453146,-2.74884111550782
-0.14954618532214,-1.44959428823282,11.9573295706339,0.13690204513677,-5.4157290633339,2.87653963877402,-2.42827413724751
-0.150029768964574,-1.45595848095307,12.0291850624293,0.173924655526806,-5.40818758595106,2.88366800848577,-2.12250024631781
-0.149325258023546,-1.46275046125769,12.0875730438658,0.211816361709412,-5.39699832983329,2.88723508170982,-1.84114078824362
-0.147647970827458,-1.46978357918996,12.1351701797238,0.250462332617752,-5.38330664566816,2.88946046955099,-1.58874087096463
-0.145192395424706,-1.47695625973009,12.1745402058658,0.28955611018284,-5.36778650558979,2.89185379701962,-1.36643498803772
-0.142111000839613,-1.48421894669697,12.2077430329789,0.328706727716592,-5.35076089791145,2.89522728825265,-1.17332638295998
-0.138513331944222,-1.4915484220993,12.2362963210851,0.367514739167787,-5.33236904248379,2.89987683710709,-1.0073269817507
-0.134474088226515,-1.49893236565277,12.2612746958125,0.405616365672135,-5.31268800691304,2.90578897030225,-0.865667324589467
-0.130043216068577,-1.50636173433345,12.2834331828952,0.442702774490375,-5.29179564232008,2.91280583726554,-0.745247681672357
-0.125254743624453,-1.51382782338058,12.3033106817588,0.478523081572237,-5.26979138308583,2.92073048484944,-0.642895271727179
-0.12013334466173,-1.52132160353611,12.3213038828607,0.512878720851471,-5.24679493897728,2.92938097028444,-0.555542139283408
-0.114698745385448,-1.52883388464076,12.3377157531355,0.545614628972559,-5.2229370920688,2.93861037671907,-0.480331541313817
-0.108968486281398,-1.53635560236953,12.3527860121454,0.576610367555917,-5.19835009670182,2.94830825917941,-0.414666786610456
-0.102959569445571,-1.54387797578579,12.366710108018,0.605772553712599,-5.17316051632569,2.95839410829652,-0.356219937166203
-0.0966894015941165,-1.55139250113164,12.3796512524964,0.633028938784456,-5.14748489463954,2.96880878096393,-0.30291636660672
-0.0901763078907164,-1.55889082736991,12.3917483600793,0.658323995731371,-5.12142771125464,2.97950668835623,-0.252907240360348
-0.0834397862517259,-1.56636457416949,12.4031215543528,0.681615717465652,-5.0950808834763,2.99044975036778,-0.204537806467129
-0.0765006010961322,-1.57380514481947,12.4138761827151,0.702873321992165,-5.06852418075977,3.00160326544037,-0.156316041462341
-0.0693807720356341,-1.58120357356804,12.424105868342,0.722075607170209,-5.04182608781883,3.012933498734,-0.106883899560047
-0.0621034875691857,-1.58855043571618,12.4338949005383,0.73920975221132,-5.01504479679948,3.02440669407196,-0.0549920015131105
-0.0546929594730942,-1.59583584056399,12.4433201391557,0.754270406753336,-4.98822910648024,3.03598921771802,0.000522177535497257
-0.0471742255590637,-1.60304952130314,12.4524525370504,0.76725893755245,-4.96141906108162,3.04764856991232,0.0607529218676987
-0.0395729043333879,-1.61018103051973,12.4613583390063,0.778182718445053,-4.93464618630092,3.05935501683845,0.126742088306876
-0.0319149030225283,-1.61722004395094,12.4700999816468,0.787054356067606,-4.90793318841685,3.07108358580753,0.199492455095056
-0.0242260796140355,-1.62415676654225,12.4787366879048,0.793890746969829,-4.88129298782316,3.08281611232187,0.279978792456776
-0.0165318589696585,-1.63098242422866,12.4873247204449,0.798711868940019,-4.85472697409641,3.0945429601284,0.369156655231603
-0.0088568026711216,-1.63768980762915,12.4959172272254,0.801539226900589,-4.82822241249577,3.10626389230454,0.467968726593202
-0.00122413087217049,-1.64427381401358,12.5045635907205,0.802393911835055,-4.80174901466173,3.11798744907002,0.577348434263063
0.00634480615822755,-1.65073190739875,12.5133081874687,0.80129429481616,-4.77525482722461,3.12972804216369,0.698220522064786
0.0138311075342917,-1.65706438674795,12.5221884996757,0.798253472214383,-4.74866179623238,3.14149986841182,0.831498208929988
0.0212189434784888,-1.66327431955546,12.5312326199554,0.793276701179327,-4.72186163546703,3.15330668349723,0.978076188599304
0.0284961872066884,-1.66936696672016,12.5404563819077,0.786359213239933,-4.69471295556914,3.16512645483888,1.13881740941877
0.0356549798480007,-1.6753484988315,12.5498606493754,0.777484968245419,-4.66704102529138,3.17688991074649,1.3145283834673
0.0426920787714716,-1.68122379358319,12.5594296978239,0.766627124525466,-4.63864214414141,3.18845212913087,1.5059117357087
0.0496087387552272,-1.6869931333866,12.5691320599359,0.75375127965356,-4.60929562296414,3.19955715381475,1.71347555320612
0.0564097661290569,-1.69264775880465,12.5789255148155,0.738822857598142,-4.57878788998016,3.20979883957984,1.93736915491045
0.0631013464209302,-1.69816462465511,12.5887677093479,0.721820120262682,-4.54695441413386,3.2185895815092,2.17711299405155
0.0696874613784289,-1.70350156257369,12.5986326137247,0.702753323848265,-4.5137426578912,3.22516394506262,2.43121718456456
0.0761654269705867,-1.70859539178479,12.6085301760868,0.681687044103922,-4.47928705858915,3.22865851011929,2.69676747569349
0.0825222420166471,-1.71336648187505,12.6185230228068,0.65875614217006,-4.44396302408331,3.22829487461965,2.96919569425096
0.0887340899255103,-1.71773172725206,12.6287330135751,0.634160802183024,-4.40836929391338,3.22362113129874,3.24252586257231
0.0947700658591683,-1.72162257220577,12.6393348787061,0.608132762976192,-4.3732139737954,3.2146785903186,3.51019297021336
0.100598381786708,-1.72499945483359,12.6505415112634,0.580885207849314,-4.33914978047147,3.20197543803998,3.76610128504467
0.10619177457815,-1.72785551865854,12.6625890349281,0.552573260757883,-4.30664610813314,3.18629158089362,4.00537699318842
0.11153010310549,-1.73021000119126,12.6757275065942,0.523282830827101,-4.27594902182678,3.16844836285376,4.22455449455659
0.116600222169138,-1.73209718013239,12.6902191704594,0.493044827115581,-4.2471164330534,3.14914859460762,4.42135033717439
0.12139415332714,-1.73355636016833,12.7063438635485,0.461861007398903,-4.22008834290307,3.12890818771477,4.59431101144831
0.125906437498693,-1.73462532777417,12.7244104769389,0.429729669188849,-4.19476026469166,3.10805410154248,4.74251182220552
0.13013117108528,-1.73533737604818,12.7447732860472,0.396665362433111,-4.17104417433293,3.08675876446547,4.86534893162574
0.134058943605461,-1.73572107121118,12.7678518546285,0.362711306981104,-4.14891233588345,3.06509026628197,4.96240108773717
0.13767369469316,-1.73580183253947,12.7941527823307,0.327945526565919,-4.12842485728878,3.04306567916142,5.03333019121516
0.140949349180259,-1.73560463627661,12.8242904096915,0.292482568611056,-4.10974392249998,3.02070017557391,5.07780685838627
0.143846011483008,-1.73515750635291,12.8590009731666,0.256472568336423,-4.09313712742926,2.99804840193315,5.09546684335028
0.146305621121342,-1.73449580776474,12.8991395747378,0.220098566744547,-4.07896920883222,2.97523707833693,5.0859185110048
0.148247473545697,-1.73366759073874,12.945640997553,0.183571556847104,-4.06767578664716,2.9524886424504,5.04882854258174
0.149565114003824,-1.7327401261081,12.999415408465,0.147120942339645,-4.05970576886012,2.93013493048618,4.98410858918299
0.150127843008259,-1.73180693467523,13.0611459426279,0.110976632598407,-4.05541521767295,2.9086182069628,4.89219765695081
0.149791623366559,-1.73099262412659,13.1309742977624,0.0753396463476025,-4.0549047015673,2.8884756705512,4.7743684953019
0.148423201090456,-1.73045003347036,13.2081233553501,0.040343646953923,-4.05782676543509,2.87030328516461,4.63289240453261
0.145934889381634,-1.73034298458152,13.2906077553416,0.00602097317025237,-4.06324729717195,2.85469327489348,4.47085886098938
0.14231694879452,-1.73081269511201,13.3752578925748,-0.0277040718208694,-4.06968237966563,2.84213639014975,4.2915961757545
0.137648944205951,-1.73193789415659,13.4582190645014,-0.0609799551337816,-4.07538224066892,2.83288742956955,4.0979779652873
0.132080800139595,-1.73370955735499,13.5358372776215,-0.0939657534047513,-4.0787787654928,2.82682869984148,3.89213930133756
0.125794279023245,-1.73603701355851,13.6055442147954,-0.126783355100952,-4.07886107528594,2.82341281538499,3.67591918582696
0.11896716925179,-1.73878156334647,13.6662933149895,-0.159514159137868,-4.07526575148403,2.82176030224913,3.45177052424561
0.111753858377634,-1.74179618648724,13.7183961946187,-0.19222859637253,-4.06808337192242,2.82090413755283,3.22346622308033
0.10427926093589,-1.74495250421814,13.7629857347747,-0.225009777335285,-4.05757923911237,2.82007581689455,2.99607278218389
0.0966371382816746,-1.74815102507786,13.8014536957644,-0.257946451168881,-4.04401862890631,2.81889503261531,2.77521087045728
0.0888896300304081,-1.75132053145023,13.8350783059189,-0.291103568234409,-4.02763670980061,2.81738451262814,2.56609582195447
0.0810699846769254,-1.75441303244718,13.8648730109787,-0.32449510170858,-4.00867858634222,2.81584011976886,2.37287500753162
0.0731893305177387,-1.75739780364799,13.8915834307393,-0.358074766164188,-3.98743112647866,2.81465502761249,2.19843451493399
0.0652453425462051,-1.76025592448668,13.915746497255,-0.391744064802213,-3.9642202147204,2.81418287167896,2.04453579450941
0.0572300429710045,-1.76297582437716,13.9377569556395,-0.42536920379052,-3.93938484694475,2.81466983499832,1.91207444928483
0.0491352542834835,-1.7655499643599,13.9579192154318,-0.458799073967541,-3.91324691486541,2.81624412526995,1.80133258999896
0.0409555862902786,-1.76797256093909,13.9764814205287,-0.491880020560129,-3.88608818818233,2.81893794637966,1.71218140886539
0.0326895336845411,-1.77023813934658,13.9936556682088,-0.524466053431561,-3.85813772039974,2.82272067861024,1.64423317411279
0.0243394008118113,-1.77234067094265,14.0096293630598,-0.55642478641595,-3.82956816383887,2.82753025398875,1.59695269704359
0.0159106440335121,-1.77427307647592,14.02457163631,-0.587640052856488,-3.80049790344213,2.83329677858206,1.56973689515013
0.00741102637324866,-1.77602693229502,14.0386373606931,-0.618012236097014,-3.77099610805444,2.83995691864303,1.56196801240337
-0.0011501947468588,-1.77759227799388,14.0519701440138,-0.647457175952096,-3.74108866771913,2.84745980760658,1.57304444863755
-0.00976294823720356,-1.77895747986558,14.0647048959471,-0.675904249040188,-3.71076393976366,2.85576602425141,1.60239281867805
-0.0184168719949187,-1.78010915162307,14.0769700716193,-0.703293979838065,-3.67997801293583,2.86484123665035,1.64946494735369
-0.0271016841713919,-1.78103217212341,14.0888894095637,-0.72957537078586,-3.64865975911797,2.87464589342217,1.71372336966356
-0.035807418230709,-1.78170986923381,14.1005828293096,-0.754703059462052,-3.61671629876819,2.88512216484695,1.79461820952054
-0.0445245331622309,-1.78212445744884,14.1121660974033,-0.77863441389647,-3.58403969965913,2.89617933850789,1.89155694119626
-0.0532439041708382,-1.78225781982034,14.1237489006534,-0.801326745113224,-3.55051578763232,2.90767912860839,2.00386662377152
-0.061956699404426,-1.78209270502488,14.1354310930663,-0.822734922553266,-3.51603586827606,2.91942291783294,2.13074628463979
-0.0706541619521791,-1.78161435751162,14.1472971376118,-0.842809791699621,-3.48051186747547,2.93114385005269,2.27120640606937
-0.0793273470580191,-1.78081249853175,14.1594091927454,-0.861497875257334,-3.4438947161731,2.94250781836637,2.42399484535312
-0.0879669068062589,-1.77968341640333,14.1717999385596,-0.878742832712599,-3.40619445950785,2.95312818455849,2.58751607028998
-0.096563045759161,-1.77823171775217,14.1844670422153,-0.894488967051428,-3.36749843326217,2.96259820843553,2.75976370820155
-0.105105749582005,-1.77647111515057,14.1973717985625,-0.908686592654641,-3.32798148776105,2.97054090641194,2.93830042878919
-0.113585279752247,-1.77442364630111,14.2104442630243,-0.921298301713845,-3.2879014217869,2.97666796684415,3.12032219895933
-0.121992758962094,-1.7721171057636,14.2235954561294,-0.932304368902821,-3.24757581176783,2.98083089761566,3.3028225341348
-0.130320561456921,-1.76958117636954,14.2367342578092,-0.941705320566369,-3.20734353943153,2.98304584098252,3.48282802150065
-0.138562290928216,-1.76684337716129,14.2497841692904,-0.949520537884952,-3.16752165217821,2.9834828142936,3.657636229212
-0.146712349595674,-1.76392602068473,14.2626951274419,-0.955783346750472,-3.12837022392717,2.98242549378945,3.82498423608946
-0.154765302604497,-1.76084483200263,14.2754480553553,-0.960534350725225,-3.09007317368896,2.98021815321509,3.98311338846823
-0.162715284847676,-1.75760915088173,14.2880528879551,-0.963815023678888,-3.05273561643246,2.97721627738005,4.13074258084995
-0.170555604701913,-1.75422317512378,14.3005425646081,-0.965662928909216,-3.01639317229197,2.97375024356765,4.26698796917448
-0.178278578168302,-1.7506876276482,14.3129655943233,-0.966109027396375,-2.9810273303156,2.97010396494034,4.39126653274174
-0.185875550444956,-1.74700139097303,14.325379014379,-0.965176880045355,-2.946582143202,2.96650605702416,4.50320708894742
-0.193337038666024,-1.74316286374596,14.3378426619662,-0.962883255555288,-2.91297941098616,2.96312981346692,4.60257815272133
-0.200652936800111,-1.73917095680187,14.3504150249646,-0.95923962172231,-2.88013108160139,2.96009862734738,4.68923297733341
-0.2078127405935,-1.73502574207625,14.3631505701166,-0.954254087118626,-2.84794860358542,2.95749432631326,4.76306823785578
-0.214805765333841,-1.73072881258197,14.3760982795601,-0.947933483625591,-2.81634951317591,2.9553666780678,4.82399220794232
-0.221621339107769,-1.72628342555759,14.3893010741765,-0.940285397396471,-2.78526178764577,2.95374293026296,4.87189915964566
-0.228248959013751,-1.72169449840237,14.4027958080794,-0.931320052060149,-2.75462657727922,2.9526366838491,4.90664798305336
-0.234678398217429,-1.71696851680049,14.4166135515705,-0.921052019985806,-2.72439992049253,2.95205569110282,4.92804416904847
-0.24089974906955,-1.71211340088281,14.4307799244604,-0.909501784764862,-2.69455399460013,2.95200833511614,4.93582518121254
-0.246903382527908,-1.70713836065451,14.4453152897175,-0.89669720126675,-2.66507838303841,2.95250859090261,4.92964988379739
-0.252679798507505,-1.70205375660148,14.4602346685194,-0.882674897683878,-2.63598175340085,2.95357919086371,4.90909316369216
-0.258219337385065,-1.69687096523572,14.4755472965483,-0.867481635046281,-2.60729423109403,2.9552525263869,4.87364723518846
-0.263511723857622,-1.6916022312137,14.4912558208534,-0.851175578489762,-2.57907059114255,2.95756853613441,4.82273135830883
-0.268545426265195,-1.68626046749768,14.5073552536666,-0.833827336599098,-2.55139413169657,2.9605685159061,4.75571182530273
-0.273306846570069,-1.68085894348921,14.5238319759698,-0.815520486057712,-2.52438067304741,2.96428354667469,4.67193410954885
-0.277779418248052,-1.67541078325918,14.5406633323342,-0.796351126231411,-2.49818148674916,2.96871626942535,4.57076922519234
-0.281942790929113,-1.66992819138604,14.5578186767689,-0.776425824636146,-2.47298307050148,2.97381532894506,4.45167708182254
-0.285772421721296,-1.6644213502627,14.5752630732096,-0.755857174845466,-2.44900063008129,2.97944334881421,4.31429165877211
-0.289240054462044,-1.65889701331368,14.5929651221633,-0.734756188154622,-2.42646123512046,2.98534223496101,4.1585365987139
-0.292315689102633,-1.65335697806656,14.6109103731204,-0.713221041092097,-2.40557268361198,2.99110433502614,3.98478398462006
-0.294971591292321,-1.64779686817469,14.6291211143759,-0.691322558679037,-2.38647665775962,2.99616441461256,3.79406778353318
-0.297188433599142,-1.64220592833291,14.6476813944736,-0.669088558447248,-2.36919182522685,2.99983357033638,3.5883441112154
-0.298962536103026,-1.63656864012726,14.6667623500627,-0.646491904400701,-2.35356489548012,3.00139553564471,3.37073861893922
-0.300311498064323,-1.63086852178576,14.6866380455064,-0.623449760827101,-2.33926022210058,3.00026645215198,3.1456449635015
-0.301274461442122,-1.62509322167721,14.7076801265634,-0.599840933337119,-2.32581676640169,2.99617497893224,2.91850536698673
-0.301904853963933,-1.61923857035964,14.7303266403299,-0.575540957122166,-2.3127708930469,2.98927580313416,2.69521819060504
-0.302257971960537,-1.61330922915124,14.755035592928,-0.550463289170851,-2.29979763438677,2.98012167429487,2.48136056806634
-0.302379434275146,-1.60731564970857,14.7822443068083,-0.524589728677791,-2.28680538129548,2.96950187136534,2.28155918213707
-0.302299489877546,-1.60126938106321,14.8123504251368,-0.49798012974802,-2.27395116903736,2.95823468328274,2.09921850212604
-0.302033849235421,-1.59517915181939,14.8457159529701,-0.470763502655815,-2.26159207295523,2.94700507575899,1.9365704099737
-0.301588508857878,-1.58904888151315,14.8826856822499,-0.443119373085884,-2.25021086850232,2.93628558466978,1.79488198957638
-0.300965625692733,-1.58287746163353,14.9236098124814,-0.415257831815179,-2.24034728129981,2.92632970784708,1.67468519122224
-0.300168615625223,-1.57665961144891,14.9688633090907,-0.387403103279869,-2.2325490463472,2.91720861718502,1.57596893331394
-0.299205828955132,-1.5703871871546,15.0188574533899,-0.359782105081373,-2.22734352971054,2.90886471502355,1.49832634664743
-0.298092846036324,-1.56405061255236,15.0740408925789,-0.332617405818476,-2.22522394997193,2.90116492744736,1.44106768935878
-0.296853671059021,-1.55764036997078,15.1348885838727,-0.306123059666406,-2.22664252023008,2.89394523917646,1.40330925509039
-0.295521055472979,-1.55114865581901,15.2018779872778,-0.280501620694592,-2.23200388090865,2.88704385470534,1.38404428397717
-0.294136008284814,-1.54457134600598,15.2754533271865,-0.255940918308788,-2.24165455700836,2.88032363762371,1.3821990896319
-0.292746369255514,-1.53791032992611,15.3559811411276,-0.232609719203064,-2.25586711488154,2.87368577802859,1.3966767200147
-0.291404237812588,-1.53117606967391,15.4437035266674,-0.21065209799141,-2.27482077726448,2.86707667944664,1.42639023855874
-0.290162149223382,-1.52438997416378,15.5386984348336,-0.190181078037309,-2.29858291387096,2.86048950263879,1.47028720889698
-0.289068192232884,-1.5175859581386,15.6408572198994,-0.171272715874541,-2.32709719375497,2.85396120387802,1.527366057019
-0.288160676176769,-1.5108105325506,15.749886856725,-0.153962068327768,-2.36018344291806,2.84756562682673,1.59668405454985
-0.287463275112973,-1.50412103660323,15.8653379068181,-0.138242245898117,-2.39755133368033,2.8414033504767,1.67735612581644
-0.286981592532299,-1.49758210413839,15.9866518892373,-0.124067070419087,-2.43882606694808,2.83558938368076,1.76854365870935
-0.286701749592636,-1.49126093293135,16.1132166581027,-0.111356999102758,-2.48358101952772,2.8302401169107,1.86943291660109
-0.286591068936573,-1.48522216091564,16.2444178391386,-0.100007306835456,-2.53137126327926,2.82546097956333,1.97920347168897
-0.286600477370166,-1.47952307516388,16.379677843417,-0.0898972504386417,-2.58176296938934,2.82133602569567,2.09698843134494
-0.286668069702869,-1.47420961236029,16.5184791207193,-0.0808990556703852,-2.63435594600675,2.81792036498171,2.22183022257024
-0.286723356258008,-1.46931336007578,16.6603727856978,-0.0728858933343081,-2.68879867113148,2.81523612024426,2.35263818997554
-0.286691901020634,-1.46484967327364,16.8049763736049,-0.0657383569989702,-2.74479644509764,2.81327240432582,2.48815665293548
-0.286500162151021,-1.46081707025918,16.9519652646183,-0.059349223067584,-2.80211365261518,2.81198947971233,2.62695324971994
-0.286080276331859,-1.45719813237062,17.1010618406834,-0.0536264637626305,-2.8605710013716,2.81132660813386,2.76743599781778
-0.285374334428975,-1.45396203989288,17.2520253111906,-0.0484946399377191,-2.92003849977645,2.81121216165488,2.90790257661816
-0.284337551316886,-1.45106856569914,17.404643818765,-0.0438949478899984,-2.98042516430535,2.81157375052999,3.04661743894785
-0.282939819178859,-1.44847292625615,17.5587292283329,-0.039784308745066,-3.0416669451782,2.81234599463696,3.18190405591232
-0.281165494891919,-1.44613059623065,17.714114158322,-0.0361339229781241,-3.10371475563764,2.81347441187615,3.31223460499479
-0.279011753046236,-1.44400123129408,17.8706504354708,-0.0329276489319789,-3.16652438585866,2.81491538972528,3.43630027270528
-0.276486182804596,-1.44205121784528,18.0282081805258,-0.0301604390488693,-3.23004939596577,2.81663357257759,3.55305161469214
-0.273604351573009,-1.44025487826402,18.1866749567499,-0.027836944045349,-3.29423711349447,2.81859859150896,3.66170695270622
-0.270387823616999,-1.43859475490968,18.3459546397524,-0.0259703168954121,-3.35902705123248,2.82078278661226,3.76173395931962
-0.266862768001598,-1.43706153588768,18.5059657943982,-0.0245812202895449,-3.42435068347421,2.82316080429734,3.85281333873509
-0.263058988286601,-1.43565408782644,18.6666393691163,-0.0236970438567734,-3.49013156298653,2.82571117572934,3.93479387206617
-0.259009047858859,-1.43437983533163,18.8279154845179,-0.0233513496069492,-3.55628504329006,2.82841948975005,4.00764629483913
-0.254747153114202,-1.43325548853755,18.9897390374707,-0.0235835737920597,-3.62271719037109,2.83128261132378,4.07142088500513
-0.250307545389946,-1.43230794060074,19.1520537811842,-0.0244390166262486,-3.68932270340272,2.83431346646527,4.12621118052205
-0.245722285954998,-1.4315750587758,19.314794475587,-0.025969146359182,-3.75598178035664,2.83754608635155,4.17212430583827
-0.241018454383588,-1.43110606662868,19.4778766242044,-0.0282322275970791,-3.82255588145165,2.84104077577515,4.20925700366712
-0.236214896758102,-1.43096123811617,19.641183219534,-0.0312942488336918,-3.88888230282219,2.84488938375333,4.23767552681861
-0.231318751104477,-1.43121067223444,19.8045478287843,-0.0352300614847657,-3.95476742708376,2.84922067351098,4.25739691680545
-0.226322051933044,-1.43193197057713,19.9677333187066,-0.0401245412596845,-4.01997852713938,2.85420568916598,4.26836881535339
-0.221198792493962,-1.43320669102569,20.1304056684949,-0.0460734315328513,-4.08423415009413,2.86006276295377,4.27044487469274
-0.215902925267148,-1.43511550817607,20.2921028915947,-0.0531833212926436,-4.1471935250289,2.86706134920004,4.26335328380513
-0.210367921805981,-1.43773210983022,20.4522004695512,-0.0615699583543678,-4.20844629312619,2.87552315032827,4.24665740228794
-0.204508669571339,-1.44111606228756,20.6098774040629,-0.0713538582337585,-4.26750532583822,2.88581798901087,4.219710807804
-0.198226554654822,-1.4453052597663,20.7640914176979,-0.0826520889195544,-4.32380749133253,2.89835068973926,4.18161525299848
-0.191418347489158,-1.45030915734859,20.9135775943539,-0.0955654769867958,-4.37672942465618,2.91353430497835,4.13119973063896
-0.183988672114558,-1.45610461656401,21.0568894829855,-0.110161678220847,-4.42562602702976,2.9317453576011,4.06705074592319
-0.17586423634652,-1.46263640752368,21.1925000676807,-0.126456817613189,-4.46989564344677,2.95325992253102,3.98763241684034
-0.167006057481191,-1.4698235458785,21.3189653673604,-0.144401250112536,-4.5090649261145,2.97817666913085,3.89152946004334
-0.157414961639673,-1.47757042553468,21.43512452461,-0.163876728144524,-4.54286993600967,3.00634377663207,3.77781548928413
-0.147127253545814,-1.48577910528408,21.5402798525449,-0.184710444440431,-4.57129816095152,3.03731657505216,3.64649374085214
-0.136201747051597,-1.49435822489795,21.6342927725444,-0.206704925733334,-4.59456363676181,3.07037455526682,3.49889742213137
-0.124703817551091,-1.50322623727989,21.7175614252798,-0.229674052576627,-4.61301889576562,3.10461375745867,3.33790400347195
-0.112693357539116,-1.5123105809519,21.7908971903034,-0.253470262928174,-4.62704506926473,3.13910299068302,3.1678390873639
-0.100220415383011,-1.52154670665612,21.8553549232989,-0.277991209872377,-4.636974469609,3.17305905237399,2.9940363333163
-0.08732736446279,-1.53087951467002,21.9120739568119,-0.303165104145924,-4.64307457379154,3.20597760403504,2.82216364096292
-0.0740534439406191,-1.54026641989589,21.9621626586489,-0.328925250528399,-4.64557970325138,3.23767303206596,2.65754011473756
-0.0604380375306235,-1.54967939769922,22.0066319042362,-0.355187642935186,-4.64473308025815,3.26822700989182,2.50465470318344
-0.0465215286204793,-1.55910427785846,22.0463670719208,-0.381840017530473,-4.6408102510439,3.29788658361699,2.3669655994851
-0.0323445010480045,-1.5685375616173,22.0821245686897,-0.408742785624424,-4.63411729620864,3.32696070655691,2.24692617809506
-0.0179465081404841,-1.57798218332792,22.1145414739161,-0.435737535780772,-4.62497266298014,3.3557451573582,2.14613210538855
-0.0033651884942816,-1.5874435670759,22.1441508012224,-0.462658168968562,-4.61368452504243,3.38448229340928,2.06550327726268
0.0113640465053953,-1.59692669843744,22.1713980666415,-0.489341232781506,-4.60053178681729,3.41334802525758,2.00545376113636
0.0262078538009304,-1.60643434118737,22.1966569374724,-0.515633816876984,-4.5857520341455,3.44245452356673,1.96603253522589
0.0411345336341743,-1.61596619211221,22.2202429458299,-0.541398668743041,-4.56953644223909,3.4718589273348,1.94703240762734
0.0561135309590735,-1.62551865816412,22.2424248985215,-0.566516881291775,-4.55203014353498,3.50157173128241,1.94806948055763
0.0711150064745836,-1.63508496741379,22.2634339408206,-0.590888739986528,-4.53333628531966,3.53156160730437,1.96863649506326
0.0861095730156891,-1.64465540987136,22.283470384881,-0.614433282480187,-4.51352236488856,3.56175559837506,2.00813331921955
0.101068258053677,-1.65421759850121,22.3027084849112,-0.63708697045319,-4.49262798095509,3.59203502875525,2.06587772254153
0.115962725812454,-1.66375672208113,22.3212993918548,-0.658801704778436,-4.47067362849127,3.62222843271222,2.1410996020554
0.130765762834644,-1.67325582238931,22.3393725954958,-0.679542291387544,-4.44767046406605,3.65210363349416,2.23292209100157
0.145451988986214,-1.68269616620222,22.3570362884755,-0.699283413517789,-4.42363102224816,3.68136198184443,2.34033369757605
0.159998698235148,-1.69205779415663,22.3743772596561,-0.718006190503958,-4.39858064150516,3.70963861187334,2.46215693840956
0.174386668893018,-1.70132030727313,22.3914610888977,-0.735694489986061,-4.37256886535659,3.7365129617306,2.59702057644884
0.188600735891254,-1.71046389308686,22.4083334622122,-0.752331277602801,-4.3456794215141,3.76153299000612,2.7433435616292
0.202629923298511,-1.7194705046307,22.4250232307401,-0.767895391663514,-4.31803681248592,3.78425381140747,2.89933769259871
0.21646701752106,-1.72832501482829,22.4415473517472,-0.782359176410184,-4.28980747453131,3.80428699156838,3.06303215092028
0.23010760547004,-1.73701611710683,22.4579171982114,-0.795687373316344,-4.26119419315534,3.82135196829984,3.23231765078906
0.243548748249715,-1.74553675981252,22.474145180664,-0.807837556543982,-4.23242393655384,3.8353184157544,3.40500392502519
0.256787541571792,-1.75388398437748,22.4902504476157,-0.81876220893667,-4.20373096197307,3.8462296001064,3.57888377163634
0.269819802947827,-1.76205815617072,22.5062626784341,-0.828412260971612,-4.1753382802685,3.85430161717342,3.75179896474015
0.28263905191951,-1.7700617013232,22.5222235053817,-0.836741577204748,-4.14744089028691,3.85989973169389,3.92170487983621
0.295235863285678,-1.77789756860915,22.5381856797808,-0.843711575847055,-4.12019358400263,3.86349834199429,4.08672988797725
0.307597604690937,-1.7855676966628,22.5542105580796,-0.849295067210837,-4.0937048613798,3.86563376334847,4.24522378885405
0.3197085227965,-1.79307175777161,22.5703647278802,-0.853478593463043,-4.06803702755208,3.86685875285581,4.39578950567784
0.331550110635116,-1.80040636654994,22.5867165927258,-0.856262981079386,-4.04321132991872,3.8677052500499,4.53729502885727
0.343101669663931,-1.80756481584314,22.6033335342576,-0.857662286534413,-4.01921633020522,3.86865848556348,4.66886673849474
0.354340974270024,-1.81453728257376,22.6202799780424,-0.85770163977011,-3.99601763656224,3.87014263427118,4.78986849131997
0.365244953627958,-1.82131137037265,22.6376164177565,-0.856414593396951,-3.97356746775921,3.87251623652395,4.89987201295971
0.375790322174216,-1.82787283317781,22.6553992684426,-0.853840505905879,-3.95181304209962,3.8760747546848,4.99862346054944
0.385954111334548,-1.83420634216468,22.6736813339752,-0.850022313774736,-3.93070328877303,3.88105758578991,5.0860095237887
0.395714077558656,-1.84029619714511,22.6925126616355,-0.84500486208069,-3.91019377437829,3.88765725257351,5.16202499922496
0.405048982098251,-1.84612692573214,22.711941584322,-0.838833814833927,-3.89024999918142,3.89602906267713,5.22674280784243
0.41393875428341,-1.85168374891178,22.7320157926806,-0.831555071428357,-3.87084935889575,3.90630008860415,5.28028693711957
0.422364561235469,-1.85695291619541,22.7527833204931,-0.823214570395875,-3.85198211375773,3.91857679232493,5.32280860799765
0.430308812877507,-1.86192192723927,22.774293360469,-0.813858352752914,-3.83365168514434,3.93295096491956,5.35446592465773
0.437755132226008,-1.86657966155324,22.7965968517807,-0.803532770052621,-3.81587453694658,3.94950387128275,5.37540725809623
0.444688318416082,-1.87091643629587,22.8197467959843,-0.792284744784154,-3.79867981501192,3.96830859943148,5.38575860933871
0.451094324528982,-1.87492400641987,22.843798265831,-0.780162015598977,-3.78210882839021,3.98943063883461,5.38561519616083
0.456960264668894,-1.87859551348297,22.8688080745741,-0.767213323935706,-3.76621436996216,4.01292668034734,5.37503752078634
0.462274455115168,-1.88192538078146,22.8948340752598,-0.753488522278486,-3.75105979643587,4.03884156867367,5.35405221116079
0.467026482760563,-1.88490914446765,22.921934064398,-0.739038609885402,-3.73671772281429,4.06720327235679,5.32265797857991
0.471207280616722,-1.88754320459994,22.9501642772846,-0.72391573207236,-3.72326814045461,4.09801569298125,5.28083707875094
0.474809175825829,-1.88982447885718,22.9795774888964,-0.708173214859562,-3.710795751445,4.13124914750021,5.22857266052747
0.477825862553087,-1.8917499478639,23.0102207817916,-0.691865743906778,-3.69938634138948,4.16682847001028,5.16587225922435
0.480252243885324,-1.89331609778032,23.0421331151283,-0.675049824934688,-3.68912210939554,4.20461894636802,5.09279731028932
0.482084089087666,-1.89451829543762,23.0753429267442,-0.657784663045153,-3.68007605755005,4.24441077356014,5.00949773336565
0.483317472305126,-1.89535017319475,23.1098661118037,-0.640133544366324,-3.67230581756136,4.28590345458211,4.91624915272717
0.483948002158498,-1.89580314745425,23.1457048131389,-0.622165672477696,-3.66584763107372,4.3286924375754,4.81348809634436
0.483969919195373,-1.89586622877886,23.1828474695188,-0.603958204243107,-3.6607115180929,4.37226115353256,4.70183789874437
0.483375217240881,-1.89552627537669,23.2212704228822,-0.58559799460223,-3.65687881831495,4.41598195184519,4.58211611950572
0.48215300440634,-1.89476876912145,23.2609410339962,-0.567182410673244,-3.65430310141746,4.45912871338605,4.45531490108695
0.480289317691447,-1.89357905276294,23.3018217496184,-0.548818649413131,-3.65291481785209,4.50090181694045,4.32255045323719
0.477767514057811,-1.89194380346303,23.3438741011098,-0.530621351540545,-3.6526291089261,4.54046304954845,4.18498650174921
0.474569199706774,-1.88985241375506,23.3870614702552,-0.512708834936774,-3.65335526502879,4.57697524237554,4.04374584725288
0.470675498726512,-1.88729797442721,23.4313498036522,-0.495198706414743,-3.65500584719845,4.60964036038122,3.89982929529731
0.466068383096412,-1.88427770079545,23.4767061838723,-0.478203713537821,-3.65750369507106,4.63773107511338,3.75405919020866
0.4607318212091,-1.88079283510222,23.5230959404005,-0.461828437139503,-3.66078578509638,4.6606137272649,3.6070569107711
0.454652618872235,-1.87684819807299,23.5704794649224,-0.446166987494215,-3.66480378253912,4.67776350010041,3.45925433635841
0.44782095924727,-1.8724516027044,23.6188099472998,-0.431301490042921,-3.66952179493905,4.68877438711007,3.31093248135188
0.440230743936939,-1.86761329467852,23.6680329399848,-0.417300967857025,-3.67491215051519,4.69336684691379,3.16227773240791
0.431879875835662,-1.86234548983414,23.7180881607217,-0.404220248878044,-3.68095006290993,4.69139526978406,3.01344661622062
0.422770609705199,-1.85666198311324,23.7689134023194,-0.392098675963985,-3.68760795271958,4.68285607739472,2.86463210320971
0.412910040827092,-1.85057773267412,23.8204499207547,-0.380958599189951,-3.69485009540459,4.6678958483469,2.71612655117126
0.402310717503457,-1.84410829139225,23.8726482528218,-0.370803832054304,-3.70262819553907,4.64681753572154,2.56837742098556
0.390991261074492,-1.83726897360789,23.9254731093154,-0.361618426968222,-3.71087842138622,4.62008178259645,2.42203132024747
0.378976777490166,-1.83007371479002,23.9789058863688,-0.353366244152796,-3.71952031448228,4.58829978416825,2.27796008386799
0.366298786465854,-1.82253370691187,24.0329435859271,-0.345991807307968,-3.72845777487051,4.55221448335335,2.13726105224789
0.352994431818324,-1.81465604901251,24.0875936815896,-0.339422795771263,-3.73758201980508,4.51266855090355,2.00122500206084
0.339104907400157,-1.8064427760247,24.1428656659485,-0.333574180349908,-3.74677608169995,4.47056065510111,1.87127132112939
0.324673305067478,-1.79789063001049,24.198761284042,-0.328353535711291,-3.75592014663579,4.42679517330254,1.74886007036619
0.309742339714381,-1.78899176561536,24.2552661612197,-0.323666655270759,-3.76489693242132,4.38223309511906,1.63539978959338
0.294352483680483,-1.77973529169324,24.3123451931013,-0.319422486418972,-3.77359640003663,4.33765188870834,1.53217251903063
0.278540892604218,-1.77010928918003,24.3699427902749,-0.315536673999457,-3.78191933202385,4.29371937663379,1.44029150293753
0.262341218173906,-1.76010284381674,24.4279875143447,-0.311933497464572,-3.7897795860884,4.25098262737593,1.36069601752215
0.245784139206412,-1.74970771400896,24.4863995319417,-0.308546449965859,-3.79710504778575,4.20986942520326,1.29417771239144
0.228898310862965,-1.73891943966689,24.5450989811165,-0.305317956107338,-3.80383742665109,4.17069813908232,1.24142759865803
0.211711440168575,-1.72773788292083,24.6040136745635,-0.302198743979622,-3.80993107903766,4.13369170967937,1.20309240375354
0.194251287695987,-1.71616731388134,24.6630852191535,-0.299147271220797,-3.81535102726105,4.09899231186648,1.17983128594613
0.17654650517819,-1.70421620435443,24.722273306217,-0.296129463152705,-3.82007030435411,4.0666743108413,1.17236661949375
0.158627306337886,-1.69189689072232,24.7815584470455,-0.293118921746816,-3.82406670740326,4.03675397233338,1.1815244280534
0.140526018259452,-1.67922524078608,24.8409437326214,-0.290097727667721,-3.82731901182032,4.00919483790465,1.20826067636576
0.122277571464277,-1.66622042714219,24.9004562769403,-0.287057969674241,-3.82980271470092,3.98390772327881,1.25366918340562
0.103919958140458,-1.65290487925354,24.9601488474625,-0.284004157242957,-3.83148548585475,3.96074402204397,1.3189658176434
0.085494616103169,-1.63930445646664,25.0201017498901,-0.280956639419652,-3.83232278287842,3.93948058798872,1.40544248007115
0.0670465734340824,-1.62544884537541,25.0804242739764,-0.277955971797329,-3.83225462411612,3.91979431718384,1.51438393267171
0.0486240197893813,-1.61137212503915,25.1412539618943,-0.275067730922047,-3.83120537976389,3.90122540776773,1.64694152682361
0.0302767959673892,-1.59711335127185,25.2027509156819,-0.272386488376086,-3.82908957201839,3.88313137017899,1.80396055051977
0.0120532214066554,-1.58271687951772,25.2650839836645,-0.270036579702658,-3.82582767435498,3.86464074342809,1.98576130805372
-0.00600511099229703,-1.56823197475744,25.3284069185625,-0.268166270376856,-3.82137580796344,3.84462711285056,2.19187603867104
-0.0238702852299552,-1.55371106314228,25.392826226022,-0.266931656589206,-3.81577042859545,3.82173844671534,2.42074304904546
-0.0415353810403115,-1.53920587310909,25.458368049363,-0.266468289719951,-3.8091817136959,3.79452502866826,2.66936109747571
-0.0590195965532532,-1.52476106748789,25.5249569112119,-0.266853548069458,-3.80195689969177,3.76169273504139,2.93293318283287
-0.0763678671806778,-1.51040645894956,25.5924206747785,-0.268072109677871,-3.79462157850901,3.72244682965135,3.20462195398176
-0.0936421065961941,-1.49615164000645,25.6605287636552,-0.27000716684446,-3.78780609675454,3.67679270377902,3.47569945868003
-0.110904127283445,-1.48198842889755,25.7290506093453,-0.2724780479801,-3.78209457060258,3.62560061765366,3.73640179070304
-0.128196100064047,-1.46790268297962,25.797798034088,-0.275316550122018,-3.77785317984054,3.5703398422178,3.97738391912295
-0.145528254885097,-1.45388914019077,25.8666198169264,-0.278438011174133,-3.77512746917577,3.51262211471837,4.19106652203893
-0.162879210321935,-1.4399604239149,25.9353575061408,-0.281864923940276,-3.77365375174191,3.45381786359045,4.37219813688173
-0.180205663085178,-1.42614742444203,26.0038010250271,-0.285701239099653,-3.77295306669205,3.3948896636292,4.5176241887223
-0.197454303671684,-1.41249460529128,26.0716696084677,-0.290085436604011,-3.77244646013902,3.33641080887703,4.62569688430615
-0.214570978812197,-1.39905472683354,26.1386162519985,-0.295148665491614,-3.77155035743432,3.27867244639098,4.69569277614365
-0.231505692826267,-1.38588531275964,26.204241724034,-0.300988712892701,-3.76974008873243,3.22180514397516,4.72738473584474
-0.248214160637903,-1.37304717151514,26.2681071406828,-0.307658770727971,-3.76658700169647,3.16587674471649,4.72078686903856
-0.264657184819727,-1.36060427632229,26.3297418641887,-0.315165555913712,-3.76177970323178,3.11094996094312,4.67605429423939
-0.280798903283894,-1.3486239004406,26.3886506145472,-0.323471628143189,-3.75513742304066,3.05709222024034,4.59351666907462
-0.296604570887238,-1.33717569075618,26.4443290676935,-0.332498895505623,-3.74661680165598,3.00433517466894,4.4738266102306
-0.31203829240604,-1.32632826212998,26.4963001686038,-0.342132792122413,-3.73630510588836,2.95259040058435,4.31821011500069
-0.327061058495321,-1.31614209731866,26.544181615727,-0.3522288388271,-3.72438621490442,2.90154742827714,4.12881895612592
-0.341629506292781,-1.30665844231086,26.5877844047268,-0.362624724530298,-3.71106669945608,2.85060973793457,3.90918810242968
-0.355696053171176,-1.29788615759603,26.6272186796503,-0.373160540738562,-3.69646712524755,2.79894797030325,3.66473614314409
-0.369211352852038,-1.28979254142492,26.6629492532987,-0.383705533748544,-3.68052291723527,2.74572833206765,3.40304839010816
-0.382129568791823,-1.28230754358107,26.6957272245498,-0.39418145819987,-3.66297509503231,2.69046335318243,3.13346728897955
-0.39441454103111,-1.27534629833756,26.7263795506176,-0.404567329750808,-3.64349855013305,2.63327370204297,2.86573484278166
-0.406042240484563,-1.26884028312849,26.7555576914944,-0.414879806443933,-3.62189628034054,2.57484140675658,2.60825297806377
-0.416996744822858,-1.26275831620515,26.7835942818186,-0.425142347210164,-3.59821464181022,2.51607777865241,2.36699207424778
-0.427262543075671,-1.25710834879461,26.810518192861,-0.43536163410966,-3.57271673923803,2.45775262978908,2.14543647659348
-0.436818260138819,-1.2519261037916,26.8361629560954,-0.4455181670173,-3.54577309946839,2.40028394998862,1.94513564703492
-0.445634266670542,-1.24726087289517,26.8602843501773,-0.45556740343162,-3.51775425016996,2.34370935453703,1.76632791678404
-0.453673470992774,-1.24316462571102,26.8826437229465,-0.465445886775864,-3.48896496978573,2.28776229014143,1.60841093791724
-0.460893438613074,-1.23968597272527,26.9030507500546,-0.475078692636912,-3.45961882085338,2.23197618910579,1.47025724347447
-0.467248310343588,-1.23686824344462,26.9213755616315,-0.48438622507888,-3.42983679936055,2.17577302723584,1.3504308244562
-0.472689646867793,-1.23475041978454,26.9375426934455,-0.493289330372667,-3.39965514038082,2.11852010725606,1.24734478303057
-0.477165727253655,-1.23336995452775,26.9515163028553,-0.501712185693365,-3.36903289453652,2.05955358234107,1.15937831984847
-0.480618876793576,-1.23276701038279,26.9632818208099,-0.509582507041774,-3.33785523690279,1.99817425808241,1.0849620394024
-0.482980371272187,-1.23298989636219,26.9728255434156,-0.516828137133038,-3.30593425640971,1.93362881024107,1.02264072892603
-0.484163399438325,-1.23410055540874,26.9801122555654,-0.523368258563133,-3.2730187689066,1.86510892326633,0.971123351121816
-0.484058802797783,-1.23617554616917,26.9850660121828,-0.529098989653879,-3.23883632603293,1.79183092311827,0.929312213514081
-0.482544780411437,-1.23929501908948,26.9875726357739,-0.533882840797576,-3.20317041596419,1.71322263030963,0.896248402980806
-0.479514129248639,-1.24352222246723,26.9875180049686,-0.537560235594996,-3.16589983299211,1.62906096300557,0.870907030145043
-0.474898330155996,-1.24889145128548,26.9848314882044,-0.539978354544508,-3.12694146619142,1.53938945765886,0.851949893340067
-0.46867175283532,-1.25541094389434,26.9794964493621,-0.541009667484723,-3.08617115785168,1.44434358951614,0.837604629683211
-0.460843843743875,-1.26307070250273,26.9715356764198,-0.540553155858063,-3.0433930389186,1.34404930900554,0.825656650393326
-0.451450158511935,-1.27184825509663,26.9609935326275,-0.53852899515806,-2.99834970608665,1.23859596956037,0.813475151370511
-0.440545438203769,-1.28171161062656,26.9479235393574,-0.534874374957335,-2.95075159992789,1.12803854107903,0.79805556373717
-0.428198316219493,-1.29262030186282,26.9323817773806,-0.529542401472046,-2.90031788435748,1.01240687102741,0.776101491218672
-0.414486841120429,-1.30452528079972,26.9144245575465,-0.522503292085058,-2.84682924565914,0.891719265125252,0.744174107491725
-0.399494387136089,-1.31736836667894,26.8941081354832,-0.513745819698919,-2.79019299928161,0.766007235194915,0.698927490468202
-0.383305906599797,-1.33108227057904,26.8714865837104,-0.503276449965323,-2.73051389086243,0.635363090748065,0.637436089793881
-0.366004710106467,-1.3455927393898,26.8466012342458,-0.491114303046833,-2.66814939953377,0.500022382628814,0.557610911924227
-0.347670026812127,-1.36082454911669,26.8194533093178,-0.477282667020566,-2.60370912424663,0.360483974085437,0.458692548796912
-0.328375538799683,-1.37671204510243,26.7899550240346,-0.461802020772192,-2.53794951879383,0.21764447914657,0.341782968057671
-0.3081889567866,-1.39321186949163,26.7578690591987,-0.444692874328357,-2.47154784534417,0.0728824601614729,0.210296074342361
-0.287172521813751,-1.41031123218005,26.7227694953011,-0.425994600666798,-2.40482660484196,-0.0719985916457049,0.07006914939153
-0.265384103074728,-1.4280237291178,26.6840667097644,-0.405796142455843,-2.33758156126671,-0.215013562246345,-0.0711655300620029
-0.242878581851,-1.44637111992079,26.6411055682139,-0.384262053328467,-2.26912949311073,-0.354341799379383,-0.204973285443883
-0.219709626512041,-1.46536038434758,26.5932869320525,-0.361636163556659,-2.19853404166862,-0.48859509408668,-0.323638078748181
-0.195932165515116,-1.48496914488258,26.5401422029156,-0.338219448772502,-2.12485506814451,-0.616883532756739,-0.421250009344981
-0.171605401562494,-1.50514507984113,26.4813319153544,-0.31433474261018,-2.04730391062448,-0.738704110829384,-0.494219255672414
-0.146795758631128,-1.52581537512065,26.4165913287193,-0.290294902207341,-1.96528946194196,-0.85376146340875,-0.541304867405707
-0.12157930191585,-1.54689867908903,26.3456650648234,-0.266383987351867,-1.87839912948065,-0.961812672310106,-0.563327719661729
-0.0960435542830241,-1.56831391328972,26.2682630285531,-0.242851826838271,-1.78636075892714,-1.06257442555154,-0.562691004250791
-0.0702887668899537,-1.58998376744188,26.1840514038053,-0.219916882867816,-1.68901119581437,-1.15569140478888,-0.542797106558113
-0.0444285733954091,-1.61183333724532,26.0926769657992,-0.197771359552198,-1.58627914913212,-1.24074710734454,-0.507445098773435
-0.0185897902995118,-1.63378561670492,25.9938129223872,-0.176584356350079,-1.47818033092871,-1.31729429192985,-0.460290817292619
0.00708893644492154,-1.65575578916325,25.8872100151419,-0.156501708433965,-1.36481909064402,-1.38488593355866,-0.404433767423908
0.0324598684009867,-1.67764595923398,25.7727377190885,-0.137643670130932,-1.24639027026011,-1.44309562988947,-0.342162448768815
0.0573703402748301,-1.69934147009905,25.6504062372466,-0.120102969021364,-1.12317661984479,-1.49152514936329,-0.274854701117914
0.0816681617636185,-1.72070943714716,25.5203679647529,-0.103945749116763,-0.995540028822219,-1.52980288693309,-0.203005879895863
0.105207881273223,-1.74159969391713,25.3829037226636,-0.0892168923323169,-0.863907775385135,-1.55757930223307,-0.126350508365793
0.127857490035581,-1.76184807010975,25.2384018088551,-0.0759498153072059,-0.728756618787416,-1.57452522589531,-0.0440491642265734
0.149505185663904,-1.78128185963727,25.0873363684129,-0.0641796269957507,-0.590597240772439,-1.58033820990634,0.0450753530677062
0.170065781879745,-1.79972743642848,24.930247379572,-0.0539577184225741,-0.449959763169827,-1.57476201942795,0.142256572762845
0.189486119624232,-1.8170200414224,24.7677203479501,-0.0453653885145239,-0.307379041468355,-1.55762472854737,0.248454655120462
0.207748453154828,-1.83301555118684,24.6003622295358,-0.0385239187952,-0.163377539563295,-1.52890031490287,0.363976826782728
0.22487049535173,-1.84760346196854,24.4287730777298,-0.0335987921516365,-0.0184449289501783,-1.48879491373605,0.488059022386878
0.240900870373672,-1.86071962994821,24.2535212266583,-0.0307970817168619,0.126982358731907,-1.43784951205965,0.618447095168716
0.255909143684433,-1.87235702191555,24.0751420311374,-0.0303598987522529,0.272532329112652,-1.37703495178243,0.751058635075563
0.269969988592481,-1.88257310055588,23.8941908318122,-0.0325553006142853,0.417884733548438,-1.30779744573979,0.879851994318631
0.283141129509752,-1.89149262783954,23.7113800032502,-0.0376779183660323,0.562719228880799,-1.23200793629849,0.997037657988791
0.295435519173465,-1.89930290325629,23.5278070432178,-0.0460560327543511,0.706616315737523,-1.1517946720502,1.09368919964892
0.306792170521363,-1.90623513848891,23.3452308840908,-0.0580563220475379,0.848919967036254,-1.069292397371,1.16066497689239
0.317057348173612,-1.91252603714074,23.1662841857988,-0.0740694450421044,0.988600097074709,-0.986383163604309,1.18965749670561
0.325992035206696,-1.91836359091402,22.9944517425668,-0.0944633252751912,1.12418967830503,-0.90449108882723,1.17421931161984
0.333313242919376,-1.92383712851956,22.8336723414728,-0.119504241737973,1.25388577756274,-0.82443855013646,1.11065870031469
0.338756341064581,-1.92891827002076,22.6876061603185,-0.149262597107641,1.37585094268176,-0.746334399283463,0.998633705242955
0.342131061666517,-1.93348439013012,22.5588708474824,-0.18353366720317,1.48863813401947,-0.669492649907463,0.841242837178517
0.343352016848237,-1.9373701342155,22.4486145092561,-0.221804693861279,1.5915876005021,-0.59245642982109,0.644637942314126
0.342445140822126,-1.94041987034595,22.356541265619,-0.263284670983069,1.68507896391964,-0.513255057428617,0.417503591882081
0.339539907788846,-1.94252128908474,22.2812119345103,-0.306993324000785,1.77058384795845,-0.429978777559662,0.170731815122347
0.334849073044404,-1.94361397776288,22.2204107943637,-0.351892932917643,1.8504511109964,-0.341569958282136,-0.0828105167221352
0.328629871922254,-1.94367709675822,22.1715300854808,-0.397034046958929,1.92735266001712,-0.248436715129563,-0.329001984693941
0.321129132788405,-1.94270765228081,22.1319975085592,-0.44166525078755,2.00350740042134,-0.152383845036481,-0.554143410077127
0.312535130614523,-1.94070361403858,22.0996566497229,-0.485253818684083,2.08009218578347,-0.0558058194621704,-0.747040341987588
0.302961941239248,-1.93765962936226,22.0729332830628,-0.527415414310702,2.15719829860183,0.039252295208829,-0.900233452091969
0.292466776652535,-1.93357205195571,22.0507615225507,-0.56781543366429,2.23424344339455,0.131563038485243,-1.00994086279599
0.281079832099803,-1.9284454250557,22.032402639803,-0.606105350938619,2.31046626503286,0.220666421950185,-1.07533477777608
0.268828997264678,-1.92229542804766,22.0172838150064,-0.641911268699029,2.38524753861048,0.3065848719071,-1.09779939920569
0.255753633512301,-1.91514729782031,22.0049012636518,-0.67485878021642,2.45822361462733,0.389540502844937,-1.08037964413167
0.241908750456657,-1.90703096427964,21.9947800615515,-0.704612248834494,2.52926479756369,0.469764882854927,-1.02738226439276
0.227362585793291,-1.89797516956371,21.9864711503464,-0.730911892295293,2.59839709130598,0.547399591693228,-0.944043429281107
0.212190241784211,-1.88800326074679,21.9795690187232,-0.753597247760205,2.66571959526901,0.622457088467511,-0.836192251936603
0.196465830609412,-1.87713288291859,21.9737362614221,-0.772609753136894,2.73134597948195,0.694816432698526,-0.709868889768552
0.180255747867709,-1.86538013649829,21.9687222611838,-0.787973199710166,2.79538047271189,0.764242678919893,-0.570899445444167
0.163615363947252,-1.85276647799585,21.9643666889101,-0.799758908721418,2.85792334599565,0.830427015563531,-0.424481440754088
0.146589997602558,-1.83932519688038,21.9605859911935,-0.808048520618811,2.91908997170893,0.893042394226565,-0.274863924128671
0.129219102028738,-1.82510476977219,21.9573489475329,-0.812906803844729,2.97902612204334,0.951802477751089,-0.125188537653561
0.111541424185196,-1.81016829975044,21.954650784042,-0.814370303862272,3.037910010203,1.00650937480019,0.0224979319211818
0.0935991042526592,-1.7945900755964,21.9524931766955,-0.812449987389715,3.09594177770569,1.05708085668344,0.16710225813837
0.075439746219225,-1.77845100297385,21.9508728329827,-0.807141808239829,3.15332691037549,1.10355627078022,0.308278143306558
0.0571165331531302,-1.76183435660407,21.9497775935987,-0.798439046460301,3.2102601256151,1.14608664343064,0.446207707639673
0.038687016622979,-1.7448226114776,21.9491873673662,-0.786342447864008,3.26691341931643,1.18491646509868,0.581402947358615
0.020211304121631,-1.72749551741508,21.9490771881919,-0.770866615106631,3.32342913554697,1.22036352888214,0.714540582200073
0.00175021731305121,-1.70992923894343,21.9494203479008,-0.752042810089217,3.3799173494651,1.25280093539639,0.846333079982374
-0.0166362235031669,-1.69219624777535,21.9501903122361,-0.729919205027231,3.43645642646201,1.28264331600924,0.977434344240056
-0.0348898300882001,-1.6743656400971,21.9513607413216,-0.704559886444546,3.49309580352906,1.3103379272365,1.10837770201963
-0.0529547852576985,-1.65650359265338,21.9529033877856,-0.676043806571435,3.54986038920244,1.33636045445747,1.23954415556161
-0.0707777879038347,-1.63867374185676,21.9547839653711,-0.644464541717175,3.60675626812197,1.3612148529064,1.37115897966955
-0.0883079574093617,-1.62093735817177,21.9569562681182,-0.609931250205967,3.66377757385739,1.38543608766142,1.50331401517964
-0.105496650302002,-1.60335328510456,21.9593548246236,-0.572570715896561,3.72091450786956,1.409594090282,1.63601138807505
-0.122297283285554,-1.58597769942198,21.9618861188391,-0.532529933508183,3.77816262869605,1.4342966887774,1.76922232863671
-0.13866514754727,-1.56886380378279,21.9644178523637,-0.489978465051088,3.83553379121628,1.46018887724004,1.9029529770783
-0.154557059506349,-1.55206156522016,21.9667649110614,-0.445109849446662,3.89306950472697,1.48794576021901,2.03730823418292
-0.169930539339691,-1.53561756179273,21.9686698684289,-0.398141665888124,3.95085790277627,1.51825686681722,2.1725452732878
-0.184742037606247,-1.51957491669583,21.9697756688365,-0.349314320779677,4.00905563507559,1.55180006317834,2.30911018993622
-0.198943513672707,-1.50397322738529,21.9695902885376,-0.298889072755523,4.06791486011436,1.58920354884928,2.44765309723634
-0.212476411345536,-1.48884839076516,21.9674518099027,-0.247146047148724,4.12781078594109,1.63099394767282,2.58901416809893
-0.225262064073383,-1.47423233196203,21.9625258872905,-0.194382891438533,4.18925192236616,1.67752771949588,2.73415400433433
-0.237189080464041,-1.46015285374981,21.9539153293377,-0.140914295107925,4.25282731214139,1.72890617058494,2.88394790394764
-0.24810448246406,-1.44663391530826,21.9410108654935,-0.087072109041534,4.31901351493123,1.78489421346372,3.03868709592499
-0.257827929309746,-1.43369597644897,21.9241189887416,-0.0332054185126165,4.38781074829183,1.84491368894353,3.19720393293717
-0.266210328598028,-1.42135439886271,21.9049492561902,0.0203219794466835,4.45843720563913,1.90821274263282,3.35610110213624
-0.273212826024567,-1.40961469724549,21.8861562932148,0.073143410473598,4.52955466552116,1.97416858091395,3.51016707911857
-0.278928344876119,-1.39846986795391,21.8700097054626,0.124912725112321,4.60001176839106,2.04244964107999,3.65402123993457
-0.283522315021659,-1.38790602454553,21.8575021382351,0.175327489396717,4.66935421672831,2.11290651994434,3.78335868311368
-0.287159979277888,-1.37791225806735,21.8485142717871,0.224140664014063,4.73772946119828,2.18539964651817,3.89499855609123
-0.289970445098878,-1.36848671711818,21.8424189762864,0.271159391453461,4.80553813957918,2.25973776453239,3.98648674426331
-0.292042108533948,-1.35963673398599,21.8385313266233,0.316233676087429,4.87317440651164,2.33570467537569,4.0558910149145
-0.293430279658096,-1.35137518740323,21.8362985722392,0.359239661648785,4.94091172179573,2.41310270622379,4.10181481532054
-0.294166797804792,-1.34371579616991,21.835329694878,0.400063263920795,5.00887380860777,2.491777760999,4.12347480320457
-0.294268739846077,-1.33666919117866,21.8353607324991,0.438588859061324,5.07703766613756,2.57161971686639,4.12075062783144
-0.293745860416882,-1.33024072432346,21.8362075424226,0.474695416406257,5.14524471017006,2.65254174856342,4.09418743314477
-0.292606809679843,-1.32443030295162,21.8377267091944,0.508260329157953,5.21321519835879,2.73444420147099,4.04496234906853
-0.290864045976263,-1.31923405119269,21.8397903565224,0.539169760055057,5.28056966242103,2.81716971733086,3.97483237380029
-0.288537188695169,-1.3146471936803,21.842274805267,0.567333313263629,5.34686312252596,2.90045832988156,3.88607830731801
-0.285654488643174,-1.31066718413006,21.8450608863272,0.592699898590566,5.4116352267631,2.98391392211561,3.78145161279286
-0.282252234877968,-1.30729584002614,21.8480423999481,0.61527080617258,5.47447266731513,3.0669951478738,3.66411674280517
-0.278372322246682,-1.3045393108904,21.8511379157707,0.635105800397219,5.5350712818561,3.14904166812095,3.53756385239422
-0.274058763542187,-1.30240533584771,21.8543004205649,0.652319267287528,5.59327942849576,3.22933753501539,3.40545989145376
-0.269354321428755,-1.3008984095282,21.8575202987245,0.667066465784137,5.64910765477125,3.3071990024031,3.27142634292955
-0.264298292949008,-1.30001462866827,21.8608200948011,0.679523743417926,5.70270298656111,3.38206165629624,3.13877640431629
-0.258925774831575,-1.29973830991265,21.8642432073417,0.689868859818277,5.75430119324898,3.45354099584705,3.01028115785752
-0.253267949981557,-1.30004162342761,21.8678409344873,0.698266587029539,5.8041766633306,3.52145295508894,2.8880303623556
-0.247352639748279,-1.30088706693101,21.8716619597159,0.704861371513653,5.85260434920219,3.58579740674031,2.77341225339546
-0.241204651781727,-1.30223154941275,21.8757462327326,0.709775689438694,5.89983801094213,3.64671821993694,2.66719153279424
-0.234845909725808,-1.30403062638154,21.8801229985386,0.713111562075099,5.94610141711263,3.70445510865082,2.56964174184333
-0.228295576968931,-1.30624185446481,21.8848115677169,0.71495323315827,5.99158694848503,3.75929866043522,2.48068939318362
-0.221570330194615,-1.30882687038018,21.8898233395044,0.715370016933823,6.03645735937902,3.81155466196787,2.4000412540374
-0.214684784553781,-1.31175229734013,21.8951640587436,0.71441899977607,6.08084851749417,3.86151941261291,2.32728203174719
-0.207651978121441,-1.31498981572108,21.9008358135526,0.712147527175099,6.12487232576935,3.90946491200917,2.26194144358408
-0.200483818286641,-1.31851575435264,21.9068386359396,0.708595444495245,6.16861960613901,3.95563156954541,2.20353582393295
-0.193191432779427,-1.32231047384227,21.9131717389876,0.703797056056156,6.21216286680202,4.00022595920006,2.15159121187341
-0.185785410212967,-1.32635770983466,21.9198344777493,0.697782779094344,6.2555588837401,4.04342158398872,2.10565422011657
-0.1782759413431,-1.330643962338,21.9268271202722,0.690580493068592,6.29885103073383,4.08536120709286,2.0652954751854
-0.170672882928101,-1.33515796509795,21.9341514975709,0.682216606794576,6.34207131101092,4.12615983209984,2.03010890764813
-0.162985766864398,-1.33989024063181,21.9418115833426,0.672716879271505,6.38524206927742,4.16590780306786,1.99970898573217
-0.155223773771093,-1.34483273336071,21.9498140405465,0.662107034946452,6.42837738432616,4.20467375102993,1.97372716497575
-0.147395685490578,-1.34997850865385,21.9581687631319,0.650413213094775,6.47148415697555,4.24250726976231,1.95180829880309
-0.139509826646163,-1.35532150518624,21.9668894361613,0.637662286807199,6.51456291564431,4.27944129233465,1.93360743186411
-0.131574001938863,-1.36085632937772,21.9759941352729,0.623882081809521,6.55760836419041,4.31549418638973,1.91878720620259
-0.123595433237977,-1.36657808260487,21.9855059861331,0.609101520138406,6.60060969577087,4.35067160760094,1.90701599799638
-0.115580698561637,-1.37248221376919,21.9954539057464,0.593350709138341,6.64355069368898,4.38496815803629,1.89796683654029
-0.107535673440652,-1.37856439150156,22.0058734500587,0.576660992301138,6.68640963688451,4.41836889614024,1.89131711714
-0.0994654739890209,-1.38482039151198,22.01680779572,0.559064975604158,6.7291590229223,4.45085074036189,1.886749094688
-0.0913743997951373,-1.39124599556266,22.0283088883381,0.54059654052531,6.77176511701206,4.48238380278325,1.88395112857739
-0.0832658736511112,-1.3978368990567,22.0404387944174,0.521290853153639,6.81418733044103,4.51293268259276,1.88261964041036
-0.075142373893475,-1.4045886244028,22.053271299012,0.501184377306474,6.85637742694265,4.542457743555,1.88246174317639
-0.0670053537024302,-1.41149643707999,22.0668937947267,0.480314898207401,6.89827855117307,4.57091639522248,1.8831985051711
-0.0588551400995305,-1.41855526056254,22.0814095078036,0.458721562089068,6.93982407019108,4.59826439488953,1.88456882507185
-0.0506908033138003,-1.42575958505655,22.0969401002347,0.43644493528022,6.98093621954664,4.62445718758566,1.88633391716343
-0.0425099848989905,-1.43310336296111,22.1136286662338,0.413527084232123,7.02152455199017,4.64945130429394,1.88828243751235
-0.0343086702545051,-1.44057988110894,22.1316430965911,0.390011674245108,7.0614842057673,4.67320584556687,1.89023632043359
-0.0260808885131677,-1.44818159568002,22.1511796974101,0.365944078950449,7.10069404872645,4.6956840882788,1.89205743321642
-0.0178183206339602,-1.45589991005089,22.1724667931859,0.341371482820303,7.13901482907056,4.71685526762838,1.89365518160295
-0.00950979670568034,-1.46372486839392,22.1957677770686,0.316342943141298,7.17628759385841,4.73669660228915,1.89499518151412
-0.0011406690058156,-1.47164472890386,22.2213826389912,0.290909352548143,7.21233285142973,4.75519564287391,1.89610900464165
0.00730793598654572,-1.47964537165441,22.2496463451727,0.265123204797008,7.24695128635163,4.77235302102279,1.89710472412171
0.0158599463681249,-1.4877094917767,22.2809215269973,0.239038012758478,7.27992730675016,4.78818563603041,1.89817740689758
0.0245451438280906,-1.49581553895642,22.3155818359125,0.212707162789337,7.31103728486596,4.802730199712,1.89961766525414
0.0333997064101654,-1.50393640805815,22.3539813669693,0.186181933604227,7.34006488459973,4.81604681424224,1.90181477125941
0.0424661074705315,-1.51203799135969,22.3964055624693,0.159508411257379,7.3668259508735,4.82822182994733,1.90524875882437
0.0517918171577915,-1.52007789884791,22.4430014263499,0.132723186896758,7.39120432760459,4.8393686279092,1.910464073687
0.061426194856723,-1.5280049346106,22.4936914541612,0.105848145920069,7.41319674710509,4.84962437080634,1.91801735372775
0.0714152034953294,-1.5357601863761,22.5480870324209,0.0788853901331736,7.43295917868045,4.8591406189072,1.92839641093728
0.0817942920321422,-1.54328059932195,22.605430117573,0.0518141759510284,7.4508401494172,4.86806668490571,1.94191840991979
0.0925808975885041,-1.55050535058276,22.6645983280849,0.0245921211224502,7.46738276666855,4.87652711463749,1.95863067413567
0.103768958583077,-1.55738412602385,22.7241976261563,-0.00283790067736246,7.48328200604934,4.88459810240943,1.97824909928947
0.115327764229875,-1.56388502002224,22.7827356138683,-0.0305359562743023,7.49929922941529,4.89229000678622,2.00016516209806
0.127205996750737,-1.5699992410696,22.8388305151051,-0.0585516379444715,7.51615553395126,4.89954223376366,2.02352859726464
0.139339641373916,-1.57574083001578,22.8913907387512,-0.0869133977702424,7.53443690870464,4.90623229874442,2.04738044069751
0.151660958450647,-1.58114173339709,22.939713338465,-0.115623677635245,7.55453861073765,4.91219534222076,2.0707914081175
0.164105828276108,-1.58624440443412,22.9834879213106,-0.1446601259984,7.57665734816588,4.91724716841168,2.09296576461329
0.176618117093596,-1.59109452734693,23.0227296025961,-0.173980904341318,7.60082073177296,4.9212044498598,2.11329369638942
0.189151172548476,-1.59573559098661,23.0576804922625,-0.203531403365974,7.62693457043923,4.92389875050186,2.13135808731695
0.20166736078781,-1.60020579164682,23.088713381828,-0.233250350777063,7.65483079212513,4.9251841022711,2.14691288403354
0.214136648169331,-1.60453688012571,23.116255849067,-0.263074382412866,7.6843062417283,4.92493962808019,2.15984997806701
0.226534947976121,-1.60875426531032,23.1407391685791,-0.29294098933153,7.71514959007035,4.92306910304638,2.17016582518598
0.238842616343846,-1.61287775465992,23.1625686030242,-0.322790162874478,7.7471576842468,4.91949899275248,2.17793311884334
0.251043239042821,-1.61692251101638,23.1821090930384,-0.352565150162782,7.78014412589049,4.91417595977246,2.18327890201746
0.263122718522113,-1.62089999280974,23.1996807236141,-0.382212669236672,7.81394280360265,4.90706437004638,2.18636856014668
0.275068616099305,-1.62481877429011,23.2155597381378,-0.411682829838194,7.8484084743677,4.8981440295242,2.18739448518637
0.286869691475722,-1.62868521651577,23.2299823019481,-0.440928914021496,7.8834158016658,4.88740821407549,2.1865681837113
0.298515587146837,-1.63250399576779,23.2431493285424,-0.469907105023615,7.91885771073964,4.87486197583425,2.18411481742194
0.309996616058755,-1.63627850993388,23.2552314342462,-0.498576210960908,7.95464354439375,4.86052067874379,2.18026941712471
0.321303621519664,-1.64001118614855,23.2663735544837,-0.526897405426748,7.9906972652524,4.84440871040801,2.17527422758705
0.332427887062564,-1.64370371091409,23.2766990260832,-0.554833993782409,8.02695581080144,4.82655832253479,2.16937680439718
0.343361080435496,-1.64735720030959,23.2863130876949,-0.582351207329234,8.06336763076794,4.80700856118892,2.16282860082317
0.354095220515596,-1.65097232422081,23.2953058245757,-0.609416024704201,8.0998913977287,4.78580425745856,2.15588386398006
0.364622659185091,-1.65454939537681,23.3037546166184,-0.635997019021643,8.13649486535713,4.76299505757677,2.14879871596388
0.374936072396209,-1.65808843147586,23.3117261587491,-0.662064229238475,8.17315384430932,4.73863447874686,2.14183033518698
0.385028456171546,-1.6615891967987,23.3192781218348,-0.687589054533407,8.20985126779584,4.71277898277894,2.1352361815705
0.394893124392564,-1.66505122834429,23.326460516227,-0.712544170920703,8.24657632412487,4.68548706414864,2.12927323015235
0.404523705989374,-1.66847385052933,23.3333168122086,-0.736903469486574,8.2833236397025,4.65681835255433,2.12419719336716
0.413914139760488,-1.67185618179454,23.3398848636516,-0.760642015724073,8.32009250240034,4.62683273237599,2.12026172399282
0.423058665494184,-1.67519713593454,23.3461976737892,-0.783736029205299,8.35688612091251,4.59558948296318,2.11771759930621
0.431951810489086,-1.67849542058512,23.3522840355206,-0.806162882583853,8.39371092084829,4.56314644416527,2.11681189267344
0.440588370900875,-1.68174953497623,23.358169073067,-0.827901118443975,8.43057588232931,4.52955921131253,2.11778714194639
0.448963387582262,-1.6849577687514,23.3638747070066,-0.848930481836186,8.46749192669215,4.49488036315146,2.12088052484083
0.457072116346445,-1.68811820338314,23.3694200607136,-0.869231965764008,8.5044713620038,4.45915872475543,2.12632305018764
0.46490999274413,-1.69122871741971,23.3748218227968,-0.888787866105405,8.54152739802734,4.42243866573984,2.13433877095893
0.472472591515919,-1.69428699647772,23.3800945771913,-0.907581841500224,8.57867374109558,4.38475943243649,2.14514402051756
0.479755580992739,-1.69729054859411,23.3852511100757,-0.925598972903154,8.61592427869407,4.34615451066067,2.15894666799579
0.486754672699076,-1.70023672519909,23.3903027005557,-0.942825816322711,8.65329286168927,4.30665101430388,2.17594538212466
0.493465566407667,-1.70312274761639,23.3952594000609,-0.959250441034237,8.69079318965269,4.26626909392259,2.19632888511106
0.499883890837612,-1.70594573859882,23.4001303035056,-0.974862444051908,8.72843880124812,4.22502135942518,2.22027516866556
0.50600514021211,-1.70870275800378,23.4049238134328,-0.989652930142001,8.76624316774621,4.18291231155643,2.24795063232409
0.511824606796012,-1.71139084119258,23.4096478963448,-1.00361444463431,8.804219882085,4.13993777989279,2.27950908752925
0.517337309677169,-1.71400703822291,23.4143103283477,-1.01674084462403,8.84238293027981,4.09608436896225,2.31509054847342
0.522537920069881,-1.71654845119751,23.4189189247026,-1.02902709200312,8.8807470239001,4.05132892211332,2.35481969836651
0.527420683704299,-1.71901226636725,23.4234817450335,-1.04046895020905,8.9193279636067,4.00563802352804,2.39880387591377
0.531979341258372,-1.72139577664951,23.4280072625226,-1.05106256544146,8.95814299281322,3.95896757487064,2.44713036797512
0.536207048380005,-1.72369638911185,23.4325044813466,-1.06080391297589,8.99721108688241,3.91126250626919,2.49986271862073
0.540096297830897,-1.72591161076316,23.4369829819374,-1.06968809120712,9.03655310710932,3.86245671287476,2.55703567393258
0.543638847849336,-1.72803900484901,23.4414528686712,-1.07770845171484,9.0761917309367,3.81247334880829,2.6186482848977
0.546825662920153,-1.73007610893189,23.4459245897209,-1.08485556463781,9.11615105004499,3.76122566219912,2.68465460468528
0.549646876137858,-1.73202030605319,23.450408595818,-1.09111603864416,9.15645571320627,3.70861861096925,2.754951384529
0.552091785801223,-1.73386864197129,23.454914806003,-1.09647124667509,9.1971294875024,3.65455155040643,2.82936225923389
0.554148902288262,-1.73561758632532,23.4594518589638,-1.10089605590583,9.23819313839459,3.59892230162147,2.9076182268029
0.555806062492357,-1.73726274489154,23.4640261539294,-1.10435772175526,9.2796616032079,3.54163285960119,2.9893348841169
0.557050625454493,-1.73879854518587,23.4686407318491,-1.10681517372246,9.32154057857012,3.48259682384241,3.07398798318483
0.557869750532215,-1.74021793782789,23.4732941173213,-1.10821897380172,9.36382286314364,3.42174829364277,3.16089037438543
0.558250736708095,-1.74151217730538,23.4779793245998,-1.10851223098529,9.40648505672824,3.35905147616235,3.24917497275021
0.558181372344855,-1.74267075983151,23.4826832999318,-1.10763266761411,9.44948542994058,3.29450971181043,3.33778933519911
0.55765022041612,-1.74368159136092,23.4873870836552,-1.10551583198665,9.49276381151888,3.22817225250681,3.4255068697969
0.556646761722093,-1.74453142656046,23.4920668876671,-1.10209916287967,9.53624408066142,3.16013719441186,3.51095703029415
0.555161348953191,-1.74520656106618,23.4966960905434,-1.09732632490314,9.5798392985173,3.09054960085024,3.59267248223833
0.553184981752655,-1.74569369098091,23.5012479040436,-1.09115107443028,9.62345881032392,3.0195949324245,3.66914673130866
0.550708973284799,-1.74598080209039,23.5056982573879,-1.08353997697291,9.66701605690507,2.94748903593461,3.73889315164357
0.547724614061451,-1.74605793937038,23.5100283691033,-1.07447357181598,9.71043558624304,2.87446668196871,3.80049698851247
0.544222934157795,-1.7459177394684,23.5142265593809,-1.06394595473136,9.75365795086856,2.80077072066687,3.85265531585955
0.540194627799298,-1.74555566858063,23.5182890509763,-1.051963073336,9.79664171475502,2.72664343243801,3.89420431841144
0.535630155522992,-1.74496997002087,23.522219727953,-1.03854019750226,9.83936246895705,2.65232087710233,3.92413674661384
0.530520000566781,-1.74416137006648,23.5260289942957,-1.02369902866693,9.88180934491605,2.57803032263403,3.9416139521834
0.524855038496374,-1.74313261114105,23.5297319677801,-1.00746480384477,9.92397989636747,2.50399032919841,3.94597666206629
0.518626981423947,-1.7418878831043,23.5333462669173,-0.989863611774467,9.9658743692189,2.43041280181393,3.93675727525404
0.51182887098775,-1.74043221617642,23.5368896305736,-0.970920030190108,10.0074903416464,2.35750624064642,3.91369465056528
0.504455606165388,-1.73877089183492,23.5403775830746,-0.950655146444883,10.048818552285,2.28547944819982,3.87675046509399
0.496504492619356,-1.73690892558301,23.5438213446241,-0.929085039043265,10.0898404911347,2.21454504080715,3.8261243853892
0.487975785258003,-1.73485067700644,23.5472261915725,-0.906219854128487,10.1305280273825,2.144922224471,3.76226362059108
0.478873167863771,-1.73259964149768,23.5505904769841,-0.882063666897625,10.170845017932,2.07683838921141,3.68586125960775
0.469204085644705,-1.73015846482776,23.5539054963509,-0.856615323256254,10.2107505282035,2.01052911799684,3.59783775305411
0.458979837421547,-1.72752918898275,23.557156293843,-0.82987036910265,10.2502030798212,1.94623618371486,3.49930163066473
0.448215360734639,-1.7247136871385,23.5603233432321,-0.801823984966855,10.2891652855628,1.88420305821714,3.39148919414369
0.436928707923751,-1.72171419203909,23.5633848388952,-0.772474598974191,10.3276083416308,1.82466747010095,3.27568767796186
0.425140293910472,-1.71853378805233,23.5663191665819,-0.74182764272665,10.3655160381697,1.76785071572293,3.15315052232882
0.412872062181429,-1.71517674126847,23.5691070626827,-0.709898837685555,10.4028880989474,1.71394379563929,3.02501522309888
0.400146734527564,-1.71164858640292,23.5717330474063,-0.676716494044293,10.4397427002036,1.66309096954969,2.89223305729626
0.38698727613704,-1.70795595813308,23.5741859094946,-0.642322530200688,10.4761179729658,1.61537187619247,2.75551668245611
0.373416639913808,-1.70410622347751,23.5764582692216,-0.606772187913383,10.5120722458029,1.57078381224534,2.61530789464323
0.359457782017975,-1.70010702057896,23.5785454910213,-0.570132638613572,10.5476828015669,1.5292260031693,2.47176515669494
0.345133886858277,-1.69596582887512,23.5804444179838,-0.53248080572181,10.5830430065695,1.49048769154137,2.32476936464252
0.330468711562064,-1.69168968892282,23.5821525471441,-0.493900770870033,10.6182577760081,1.45424164829524,2.17394635576609
0.315486951533769,-1.68728516686943,23.5836683660376,-0.45448111995062,10.6534374065011,1.42004436164699,2.01870523535726
0.300214529132885,-1.68275863006845,23.5849936301469,-0.414312554413889,10.6886898015816,1.38734377170934,1.85829223350315
0.284678706976635,-1.67811687414106,23.586138326209,-0.373486068795997,10.7241110638317,1.35549505176327,1.6918602672149
0.268907922547442,-1.67336811756616,23.5871287581944,-0.332091982039057,10.7597744469358,1.32378458107126,1.51855457473707
0.252931238011547,-1.66852334598105,23.5880182202991,-0.290220090116257,10.7957180109952,1.29146186204896,1.33761470813786
0.236777313633329,-1.66359791570416,23.5888974682477,-0.247961142028643,10.8319324358236,1.25777867982897,1.14849311107701
0.220472863473691,-1.65861315501777,23.5898981137356,-0.205409685495578,10.8683528116151,1.22203423907982,0.950991116722741
0.204040651739442,-1.65359732941664,23.591176805841,-0.162668052270313,10.9048617748168,1.1836239313613,0.745414270256266
0.187497242529896,-1.64858467259045,23.5928662862023,-0.119850825419516,10.9413136841958,1.14208650163295,0.532745562531582
0.170850935737701,-1.64361048240798,23.5949929663061,-0.0770884756001202,10.977583354949,1.09713840787503,0.314814195480116
0.154100608588141,-1.63870084178348,23.5974015687258,-0.0345279776686149,11.0136192014899,1.04867875421902,0.0943886255607374
0.137236384818267,-1.63385942402163,23.599771794256,0.00767211591873073,11.0494509248386,0.99675651360331,-0.124917126462525
0.120242723121178,-1.62905974526151,23.6017741545445,0.0493527232373371,11.085118288717,0.941519618672496,-0.338968153422048
0.103103383124106,-1.62425081126727,23.6032655875606,0.0903678248553469,11.120572139742,0.883180315356567,-0.543537764618438
0.0858065765017852,-1.61937347201639,23.6043538495017,0.130594817869639,11.1556442904279,0.822002192411282,-0.734653637759873
0.0683486015914618,-1.61437636509518,23.6052963461469,0.169938037349942,11.1901057436261,0.758285259536294,-0.908803545008925
0.0507352457628529,-1.60922400263015,23.6063504767229,0.208325340315978,11.2237475517522,0.69233922324623,-1.06304556539143
0.0329812163251029,-1.60389747946218,23.6076817535953,0.245699908713325,11.2564287134488,0.624456699634253,-1.19505033336852
0.0151083378945704,-1.59839157053314,23.609347006179,0.282010442989072,11.2880863610234,0.5548962395479,-1.3030775758959
-0.00285670952082754,-1.59271118262238,23.6113197375744,0.31720266358985,11.3187275969882,0.483874361940353,-1.38590151382539
-0.0208845393887725,-1.58686853023871,23.6135241463594,0.351213769990805,11.3484189022636,0.411562333074826,-1.44271424699582
-0.0389447677496423,-1.58088138425501,23.615860856738,0.383970109388778,11.3772792767207,0.338086095818166,-1.47303456618332
-0.0570071346406122,-1.5747722683585,23.6182208161356,0.415387447014506,11.4054772533627,0.263530804725332,-1.47663945175013
-0.0750419888044208,-1.56856826906773,23.6204902968217,0.445372983509547,11.4332297403587,0.187952551470021,-1.45352605683301
-0.093020143130857,-1.56230100573795,23.622551831171,0.473828388578994,11.4608000510738,0.111399521205236,-1.40390621362316
-0.110912167858655,-1.55600621811361,23.6242857724726,0.500653353483852,11.4884921676195,0.0339439085268105,-1.32823346676594
-0.128687286714817,-1.54972238336367,23.6255762679083,0.525749355559069,11.5166380506719,-0.0442753095478082,-1.22726405763868
-0.146312190131061,-1.54348783957956,23.6263239572028,0.549023445889418,11.5455750136324,-0.123000906777726,-1.10215667771881
-0.163750251121043,-1.53733618922141,23.6264653253932,0.57039197447671,11.5756114157189,-0.201804408111716,-0.954615364971651
-0.180961730192996,-1.53129043700088,23.6259949707415,0.589784298724655,11.6069821465188,-0.280048204828554,-0.787063966048983
-0.197905415975658,-1.52535742262975,23.624982513218,0.607146549327098,11.6398017420926,-0.356891376074696,-0.602799145056754
-0.214541585958887,-1.51952519832834,23.6235729731289,0.622445110055115,11.6740316484521,-0.431370346910319,-0.406016839882589
-0.230835264597771,-1.5137658899996,23.6219629124675,0.63566851177492,11.7094822687928,-0.502559835746609,-0.201603648137187
-0.246758150370194,-1.50804424626431,23.620356595501,0.646825817018877,11.7458595289244,-0.569766131299655,0.00531176675477914
-0.262288095822302,-1.50232865331406,23.6189194239517,0.655940586289086,11.782841103133,-0.632667312621937,0.209894469367771
-0.27740646738534,-1.49659996255091,23.6177474297948,0.663041876208084,11.8201498611066,-0.691340356330298,0.40801680466693
-0.292094783805814,-1.49085534811411,23.6168602064233,0.668155299021407,11.857598155515,-0.746183465481174,0.596440938902708
-0.306331935422771,-1.48510743596565,23.616212021405,0.671296713333169,11.895097177045,-0.797789282531578,0.772801321909847
-0.320092520248435,-1.47938064319287,23.6157110892883,0.672469484550297,11.9326414685182,-0.846823894766988,0.935480383500058
-0.333346197160697,-1.47370669409857,23.6152390070612,0.67166483489103,11.9702827142046,-0.893940201778732,1.08345610658263
-0.3460577111502,-1.46812056837725,23.6146662442716,0.668864152117039,12.0081035445026,-0.939730023897359,1.21616193775382
-0.358187249100286,-1.46265743701575,23.6138625019054,0.664042108239997,12.0461970595803,-0.984706903582409,1.3333712502727
-0.369690868916151,-1.45735068937609,23.6127022925621,0.657169752556063,12.0846538164607,-1.02930836575335,1.43510576729032
-0.380520836409428,-1.45223092247111,23.611066705409,0.648217156282934,12.1235556403033,-1.0739077021877,1.52156446308723
-0.390625795499498,-1.44732566954897,23.6088424447318,0.637155562275706,12.1629745249554,-1.11882801267132,1.59307074033455
-0.399950794737435,-1.44265962729006,23.6059191223519,0.623959259700934,12.2029746821225,-1.16435384048346,1.65003778530291
-0.40843729724462,-1.43825516022065,23.6021855627091,0.608607521165675,12.243616149004,-1.21073781271608,1.6929535164208
-0.416023396925018,-1.43413289689797,23.5975255968729,0.591086887171268,12.2849590084268,-1.25820122595924,1.72238698470864
-0.422644516824151,-1.4303122808906,23.5918134904688,0.571393865593205,12.3270679931917,-1.30692868546877,1.73901722565159
-0.428234830070321,-1.42681200767805,23.5849087661072,0.54953780022508,12.3700178300099,-1.35705791196856,1.74368323795948
-0.432729491150737,-1.42365037152834,23.5766497552728,0.525543408937782,12.4138999363187,-1.40866677190789,1.7374501008185
-0.436067521452643,-1.42084565037165,23.5668448076335,0.499452497861635,12.4588309138797,-1.46176041567619,1.72168193486953
-0.43819495028075,-1.41841673400804,23.5552598102069,0.471324724507848,12.5049627807145,-1.51626198066014,1.69810868906092
-0.439067686062944,-1.41638421116118,23.5416006610325,0.441237872781509,12.5524943491516,-1.57201046564997,1.66887193949212
-0.438653649738339,-1.41477206801371,23.5254897397044,0.409288576231785,12.6016829045094,-1.62876889996916,1.6365360903375
-0.436933935862351,-1.4136100594396,23.5064363866745,0.375594441498141,12.6528554472405,-1.68624461475023,1.6040561350259
-0.433903114561687,-1.41293676594257,23.48380327111,0.340297961575384,12.7064189130586,-1.74412131325632,1.57470103557566
-0.429569163978848,-1.41280338651628,23.4567740943286,0.303571643838675,12.7628681714102,-1.80210027655114,1.55194076264022
-0.423953837519004,-1.41327837813905,23.4243350868177,0.265622715518326,12.8227879037246,-1.85994647382716,1.53931181859197
-0.417094429436747,-1.41445289062668,23.385296039237,0.226694788761041,12.8868379685368,-1.91753552635567,1.5402785101243
-0.409047761045278,-1.41644605718122,23.3383979501448,0.187062907112691,12.9557005938495,-1.97489944386481,1.55810769289412
-0.399896386815371,-1.41940689217983,23.2825757160091,0.147017616927197,13.029955617594,-2.03227127769222,1.59578077009377
-0.389754693451794,-1.4235057184888,23.2174285840683,0.1068347480647,13.1098550472101,-2.0901279754821,1.65598346167184
-0.378768171932375,-1.42890561254958,23.1438234358169,0.0667342651444192,13.1950274707427,-2.14922311482851,1.74122086670283
-0.367095596770991,-1.43571148260508,23.0642891922476,0.0268452505920419,13.2842724444075,-2.21058981353295,1.85403676603757
-0.354870415488268,-1.44391658268915,22.9826949439278,-0.0127972450973159,13.3756925203769,-2.27549785466731,1.99713272323025
-0.34215878561999,-1.45338526049997,22.9030915438925,-0.0522148741333383,13.467232565205,-2.34538402017335,2.17305593848349
-0.328945854226169,-1.46389303079155,22.8283947436191,-0.0914339157575046,13.5573027108533,-2.42179891694005,2.38333400452421
-0.315163261811875,-1.47520155752311,22.7598021868117,-0.130451366707844,13.6450313302118,-2.50635390452178,2.62730661687911
-0.300739100532014,-1.48712905050574,22.6971494744467,-0.169220411512304,13.7300184336006,-2.60054095493859,2.90092419709422
-0.285641060610073,-1.49959273453677,22.6397385969868,-0.207631320016092,13.8118339859516,-2.70528246524657,3.19558418039011
-0.269889709138041,-1.51261200012453,22.5870612446606,-0.245482749317392,13.8896627343593,-2.82028772896679,3.49749892578588
-0.253531424941837,-1.52626326769208,22.5390194727668,-0.282484910117345,13.9624640019634,-2.94372582239418,3.78911583110643
-0.236591674112701,-1.54060403949913,22.495611319081,-0.318330749471042,14.0296108909194,-3.07278279043245,4.0532360810438
-0.21905412276272,-1.55562000984238,22.4565334001892,-0.352781442247396,14.0913773631882,-3.20477374306216,4.27702461174131
-0.200879073294024,-1.57122566798382,22.421126787312,-0.385687509677653,14.1488204902803,-3.33785904861838,4.45298696275709
-0.182032321376084,-1.58729518035316,22.3885851604273,-0.416952183805579,14.2033220919932,-3.47107544993962,4.57771508433986
-0.162500978843228,-1.60369222640255,22.3581543886636,-0.446486980121991,14.2562026561905,-3.60402946264474,4.65041014958289
-0.142295225427341,-1.62028756567674,22.3292174755942,-0.474186087866595,14.3085368353207,-3.73656201656121,4.67195752766736
-0.121443853584178,-1.6369661798664,22.3012995825118,-0.499919858184467,14.3611115110615,-3.86849857571788,4.64450488515981
-0.0999901780527192,-1.65362903631633,22.2740531126767,-0.523537937732698,14.4144424340568,-3.99950455410273,4.57138673769084
-0.0779911966619243,-1.67019351530323,22.2472565618189,-0.544873798494091,14.4688039353073,-4.12903438415588,4.45728168140553
-0.0555194982496254,-1.68659407732574,22.2208282400417,-0.563748607956587,14.5242652102337,-4.25634844681434,4.30844304917147
-0.0326647933640514,-1.70278203978762,22.1948316457381,-0.579978545959274,14.5807424202074,-4.38056364814696,4.13272370893135
-0.00953111224969795,-1.71872192462244,22.1694433998277,-0.593390108934253,14.6380675695328,-4.50070582182806,3.93907750561503
0.0137716421025504,-1.73438334010155,22.1448778467142,-0.603840647046697,14.6960612062488,-4.61575141744062,3.73646983454305
0.0371380575138979,-1.74973095508894,22.1213014475311,-0.611234293931923,14.7545952419078,-4.72467080696776,3.53258561991361
0.060473625598501,-1.76471713956034,22.0987832262111,-0.615526074177938,14.8136389084549,-4.82649251428547,3.33290114882033
0.0836947746897729,-1.77928023454221,22.0772984675409,-0.616715454684716,14.8732820402078,-4.92039151436997,3.14036689311289
0.106724704318351,-1.79334817880076,22.0567671139876,-0.614835176980597,14.9337312057462,-5.00578523637191,2.95554640650886
0.129488461722764,-1.80684504476033,22.0370986924217,-0.609940730326369,14.9952820186866,-5.08241600654166,2.77695011673468
0.151909170545127,-1.81969766638127,22.0182271654174,-0.602103890891178,15.0582778705107,-5.15040764218601,2.60141091155938
0.173905508955052,-1.83184037901425,22.0001332865475,-0.591411786184524,15.1230648550599,-5.21029591041967,2.42445904882443
0.195389644037276,-1.84321702453476,21.9828597179909,-0.577971288698329,15.1899466668182,-5.26303836679034,2.24070053701868
0.216264831245732,-1.85378010728112,21.9665253337662,-0.561917732215955,15.2591365309004,-5.31000452716131,2.04422041480462
0.23642251973228,-1.86348716582517,21.9513421203512,-0.543426736188915,15.3306996498534,-5.35293385270227,1.82905132751201
0.255740027928455,-1.87229451145171,21.9376320654321,-0.522726881739465,15.4044825204994,-5.39383450960511,1.58976426316255
0.274081722083659,-1.88014935663391,21.9258323882638,-0.500107443552903,15.4800381485871,-5.43479475347901,1.32222969451268
0.291308618169576,-1.88698374653274,21.9164669724889,-0.475909748618805,15.5565808082134,-5.47770582371032,1.02455498658943
0.307301339259376,-1.89271686199648,21.9100576505231,-0.450488416617937,15.6330365980624,-5.52394885991825,0.698157562635133
0.321995370132158,-1.89727252519172,21.906969125995,-0.424139035837249,15.708269933992,-5.57415837141211,0.348874085985118
0.335412081882906,-1.90061055188967,21.90724986009,-0.397015624046521,15.7814789155656,-5.62822532148538,-0.0122980675858239
0.347652124481066,-1.90275322970997,21.9106273599159,-0.369091621990769,15.8525002780907,-5.68566816476735,-0.36988035184895
0.358831935141927,-1.90377928931122,21.9167809132479,-0.340215038841567,15.9216375188814,-5.74620442719317,-0.706845152223114
0.369001224511388,-1.90378367835101,21.9257401500473,-0.310239894245214,15.9890789277748,-5.8100258422927,-1.00843844178528
0.378104057828491,-1.90283777421773,21.9380945024208,-0.279146159367933,16.0544775291738,-5.8775681775096,-1.2643244175865
0.385995521631774,-1.90097733034138,21.9549215649635,-0.247086080110018,16.1169989098164,-5.94914281488041,-1.46846864990609
0.392480735307021,-1.8982133039197,21.9775764610338,-0.214367303184963,16.1756361236304,-6.02479636816453,-1.61794822994821
0.397347752786284,-1.8945486279528,22.0074702578849,-0.181412574484043,16.2295148606964,-6.10440056652217,-1.71166180097665
0.40038718800322,-1.88999047770441,22.0458609954633,-0.148723856255824,16.2780908899923,-6.18779383931716,-1.74926472668342
0.401404010086411,-1.88455552900138,22.0936323717026,-0.116858903608344,16.3212702689461,-6.2748399368341,-1.73041388051091
0.400229451500117,-1.8782690699256,22.151058230036,-0.0864157820821696,16.3594940840269,-6.36536936449919,-1.65437794311601
0.396737408343274,-1.87115932211144,22.2176096162241,-0.0580157968181375,16.3937778348494,-6.45902921899736,-1.52005683538347
0.39086419595262,-1.86324955366703,22.2919071034522,-0.0322715527851945,16.4256505682543,-6.5550678725569,-1.32647032051555
0.382627211221609,-1.85455446050976,22.3719133595097,-0.00971885384184176,16.4569380117918,-6.65203841749679,-1.07389519444255
0.372137730001507,-1.84509090249303,22.455365566516,0.00931165944486043,16.4893677073583,-6.74740444340958,-0.76596544989576
0.359599631586514,-1.83490616494722,22.5402526681941,0.0248626402216317,16.5240415239983,-6.83731954405252,-0.412552157505215
0.345277267310819,-1.8241003613904,22.6250352535503,0.0374130451639371,16.5610065635556,-6.9174254190605,-0.0311883299213027
0.329430188825353,-1.81280368296845,22.7086003961582,0.0476585131438817,16.599355323741,-6.98497507636056,0.35630038687124
0.312261350918686,-1.80111752621742,22.7902551606477,0.0561346608978693,16.6379027349375,-7.04040780415105,0.730225193400068
0.293920466601094,-1.78907489030454,22.8698085770548,0.0630220333585332,16.6758184372472,-7.08673269355532,1.07677526679438
0.274537901727193,-1.77664135140564,22.947562403143,0.0682067312285207,16.7127904633769,-7.12780622052134,1.38799798741858
0.254248893559253,-1.76373978675051,23.0241651163566,0.0714426937256137,16.7488596848135,-7.16705370890047,1.66046465053366
0.233198171119095,-1.7502792183908,23.100408990343,0.0724928995553893,16.7841918839549,-7.20700579822045,1.89403516023172
0.211533344448154,-1.73617596378421,23.1770539063871,0.0712086936397868,16.8189286641535,-7.24937305244459,2.09088848488463
0.189395756795898,-1.72136370272784,23.2547159961952,0.0675518205959735,16.8531401497758,-7.29532185059142,2.25470971707056
0.166913075691229,-1.70579531501166,23.3338158168918,0.0615809850238104,16.8868455864797,-7.34573938725431,2.39001035291942
0.144194796160438,-1.68944127667734,23.4145617465935,0.0534248836485081,16.9200599038091,-7.40140870325447,2.50161789565712
0.121330515104457,-1.67228816239463,23.4969478566655,0.043255586653087,16.9528390590643,-7.46309590037921,2.59434954999781
0.0983905534227861,-1.65433879671768,23.5807579686716,0.0312679158084757,16.9853125369317,-7.53157834910348,2.67284053819632
0.0754286120159255,-1.63561411279502,23.6655782224184,0.0176656540568731,17.0176993997079,-7.60763962986105,2.74147049610479
0.0524862398573228,-1.61615592696822,23.7508254497677,0.00265361001530907,17.050306490016,-7.69204648413585,2.80432502032407
0.0295987521942413,-1.59602938821707,23.8357977748853,-0.0135658856960356,17.0835080818712,-7.78551498712944,2.86513439412867
0.00680181927520846,-1.57532369476679,23.9197478825538,-0.0307937164037273,17.1177085046559,-7.88866891364532,2.92714198780634
-0.0158626218060679,-1.55414984620216,24.0019698528883,-0.0488339806929584,17.1532939487693,-8.00199143730008,2.99287154675195
-0.0383429000897583,-1.53263484535723,24.0818808084169,-0.0674955209922058,17.1905854766461,-8.12577056633969,3.06379023506695
-0.0605781779845246,-1.51091293677362,24.1590744840101,-0.0865968098478761,17.2298087892149,-8.26003895825446,3.13990717616272
-0.0825033982821215,-1.4891159635366,24.2333309405276,-0.105974532354754,17.2710933781142,-8.40451134217022,3.21940423166158
-0.104056586096143,-1.46736604400857,24.3045860270085,-0.125493719596425,17.3145026223662,-8.55852979745598,3.29845470850048
-0.125184079196718,-1.44577332785092,24.3728867807671,-0.145054735451056,17.3600813729947,-8.72103822486768,3.37141407166442
-0.145839304039549,-1.42443884111711,24.4383658349734,-0.16459181669354,17.4078981194977,-8.89061407525695,3.43150556985345
-0.165975019880014,-1.40345877591975,24.5012451434476,-0.184061320599734,17.4580624982643,-9.06557177843915,3.47192996612402
-0.185535013903903,-1.38292550873892,24.5618417363711,-0.203424525786294,17.5107130264194,-9.24411437548837,3.48708525197753
-0.204452900912499,-1.36292388638975,24.6205358677046,-0.222634634580252,17.5659826191729,-9.42447626131263,3.47350033609152
-0.222660465692084,-1.34352594596793,24.6776928731137,-0.24163596764253,17.6239508027737,-9.60500691525295,3.43025481074502
-0.240100605458752,-1.32478891893447,24.7335740064143,-0.260376636149696,17.6845848896458,-9.78418896455003,3.35889200357751
-0.256736374336315,-1.30675908638392,24.7882885062124,-0.278828980875972,17.7476738416343,-9.96062627618673,3.2629344355356
-0.272549872630136,-1.28947983649205,24.8418181581157,-0.297007699308448,17.8127795996764,-10.1330504747619,3.14710628710333
-0.287531199840242,-1.27299908828553,24.8941014978796,-0.314975340481594,17.8792534788368,-10.300372184972,3.01639477393717
-0.301664232356195,-1.25737160978373,24.9451274049861,-0.332830287142907,17.9463483712414,-10.4617626040644,2.8751591174672
-0.314917523606009,-1.24265556807642,24.9949866543079,-0.350681780646084,18.0133949371739,-10.616725387945,2.72650254326987
-0.327244136765364,-1.22890639403837,25.0438639104804,-0.368623075681261,18.0799620467647,-10.7651295870447,2.57200299755216
-0.338588357760817,-1.21617154447209,25.0919881579441,-0.386712042580088,18.1459387738436,-10.9072041520689,2.41175165479179
-0.348894730078692,-1.20448762929557,25.1395706433325,-0.404961242982107,18.2115296074984,-11.0435123123431,2.2445841653656
-0.358115965112016,-1.1938793459468,25.1867499402674,-0.423333622367379,18.2771906403016,-11.1749210673836,2.06840933272811
-0.366218528922304,-1.1843592206226,25.2335505350437,-0.441739136945806,18.3435353729788,-11.3025677959994,1.88058410471726
-0.373186156846027,-1.17592805956349,25.2798546940744,-0.460031129431202,18.4112209557917,-11.4278130641894,1.67830953048812
-0.379021694367757,-1.16857741048247,25.3253889477527,-0.478006783105596,18.4808079136271,-11.5521590541328,1.45902574890902
-0.383746693894712,-1.16229630977621,25.3697342933636,-0.495420952881939,18.5525807166389,-11.6771048046589,1.22079360440869
-0.387396390313996,-1.15708402068753,25.4123796960577,-0.512023865319287,18.6263379387428,-11.8039029341675,0.962708846869258
-0.390005774031124,-1.15296695189375,25.4528438223671,-0.527626824180775,18.7012318204543,-11.933197048773,0.6855090778735
-0.391583636078962,-1.15001073769549,25.4908710534428,-0.542182969588488,18.7758469056682,-12.0646125713696,0.392574756338813
-0.392082670390775,-1.1483112730107,25.5266371455153,-0.555842836114662,18.8487012243459,-12.1965870146261,0.0911343088306249
-0.39139444247834,-1.14795493133347,25.5608006659401,-0.568924420403812,18.9189871178357,-12.3268446874246,-0.207511165565983
-0.389395172695319,-1.14896870593124,25.594271620554,-0.58177430616417,18.9869182664214,-12.4534608532064,-0.490102130737376
-0.386015023432391,-1.15130321650155,25.6278325880639,-0.594601196719193,19.0533680077951,-12.5757000530042,-0.744874165066841
-0.381271498762412,-1.15486093845583,25.661898995007,-0.607401683571603,19.1192672110411,-12.6939987416144,-0.963645598725589
-0.375252772973837,-1.15953872941563,25.696512065866,-0.619998160260429,19.1852706172493,-12.8093892064355,-1.14181971652565
-0.368080925822988,-1.16525507764969,25.7314605535838,-0.632123054175436,19.2517292334112,-12.9229540242968,-1.27753356816701
-0.359881102881656,-1.17195695190395,25.7664204899997,-0.64349192478449,19.3187922698492,-13.0355505995244,-1.37090539302319
-0.350764230063363,-1.17961444246119,25.8010610328729,-0.65384624555141,19.3865103324566,-13.1477465610309,-1.42355885001963
-0.340820752846242,-1.18821192686146,25.8351057131138,-0.662970570888518,19.4548979948076,-13.2598420147628,-1.43833726578446
-0.3301202858977,-1.19774059892793,25.8683585871787,-0.670696180881476,19.5239600937102,-13.3718991278191,-1.4191413014999
-0.318713217536662,-1.20819343958951,25.9007105311079,-0.676900862136662,19.593697466987,-13.4837541533991,-1.37084817641824
-0.306632802839444,-1.21956164744947,25.9321369764388,-0.68150823879437,19.6641041196016,-13.5950217492724,-1.29924528439388
-0.293898358759411,-1.23183132981431,25.9626908619179,-0.684484660475228,19.735162382598,-13.7051156531015,-1.21088155999911
-0.280520652316548,-1.24498024475652,25.9924894015784,-0.685830093580358,19.8068399062897,-13.813305752424,-1.11275794242759
-0.266509250932276,-1.25897547130833,26.0216937442874,-0.685562479548946,19.8790907113923,-13.9188111289383,-1.0118624507551
-0.251879736923889,-1.27377300054382,26.050485345886,-0.683700004356076,19.9518597580228,-14.0209030159527,-0.914663023509248
-0.236658202419183,-1.2893192553255,26.0790465737104,-0.680247977441293,20.0250876260987,-14.1189812672198,-0.826716327495216
-0.220881919929939,-1.30555346665796,26.1075516383003,-0.67519435055933,20.0987115914812,-14.2126022842139,-0.752493219339152
-0.204597125833271,-1.32240964231301,26.1361687809463,-0.668512990691615,20.1726615777783,-14.3014615692129,-0.69541738326449
-0.187855854284788,-1.33981749593956,26.1650701355847,-0.660170705138498,20.24685164026,-14.38535026872,-0.65804410829434
-0.170713473109449,-1.35770245428361,26.1944442333935,-0.650133976552236,20.3211682851206,-14.4641063996602,-0.642295703689145
-0.15322773950663,-1.37598526158546,26.2245069734695,-0.638373036998825,20.3954565215096,-14.5375746558446,-0.649692973940557
-0.135459481945048,-1.39458176705221,26.2555081923333,-0.624862649997804,20.4695041137788,-14.6055816432459,-0.681548975132604
-0.117474613595625,-1.41340342911914,26.2877315119221,-0.609580106825899,20.5430246348656,-14.667929680014,-0.739109424066704
-0.099346956444362,-1.4323590572858,26.3214846871965,-0.592501620573098,20.6156407870323,-14.7244121881824,-0.823633415638772
-0.0811610854416996,-1.45135836071178,26.3570767348953,-0.57359894039633,20.6868711133041,-14.7748561982467,-0.936412074613938
-0.0630139339060408,-1.47031787406975,26.394777949677,-0.552838934575356,20.7561257303099,-14.8192010275979,-1.07872442898416
-0.0450132387629156,-1.48916956321999,26.4347616249463,-0.530190082916406,20.8227199630801,-14.8576241035555,-1.25172972481208
-0.0272703166368036,-1.50787156907154,26.4770346992724,-0.505640658929401,20.88591806852,-14.8907203472082,-1.45629029557315
-0.00988479159438727,-1.52641880978303,26.5213806442069,-0.479232467446918,20.9450207178103,-14.9197231424613,-1.69270263031149
0.00707922114199789,-1.54484839303069,26.5673593661984,-0.451109246440426,20.9995057954543,-14.9467143870361,-1.96028688589995
0.0236211128900326,-1.56323162034595,26.6144240180683,-0.421568216227512,21.0492161078645,-14.9747045224203,-2.25677635427177
0.0398234401665661,-1.58164368449747,26.6621990234392,-0.391087403047666,21.0945519328708,-15.0073871915404,-2.57753118312256
0.0558431739490049,-1.60011037206501,26.710888521257,-0.36029039862728,21.1365695331694,-15.0483662246812,-2.91483344619012
0.0718593294056212,-1.61855263313615,26.7616539808332,-0.329828793328265,21.1768389660582,-15.0998896140166,-3.2578011847264
0.0879901493719363,-1.6367709556179,26.8167052612477,-0.300225590598191,21.2169660908944,-15.1616868951136,-3.59349612623741
0.10422871955752,-1.65449720068048,26.8789457229829,-0.271783069192706,21.2579180072536,-15.230883028042,-3.90927838894738
0.120442149610373,-1.67148360078269,26.951320634273,-0.244626681925936,21.2995534186239,-15.3032790815846,-4.19532638141407
0.13642465383225,-1.6875628006962,27.0362304666306,-0.218839220449186,21.3406756687115,-15.3750342058375,-4.44570670772486
0.151955875897594,-1.70265268541602,27.1352119965384,-0.194575330766174,21.3795223213487,-15.4436600164399,-4.65772163937381
0.166834908372406,-1.71673330803956,27.2488341676597,-0.172097639123363,21.4143619986348,-15.5081585870515,-4.8306729282444
0.180893868110763,-1.72982721976431,27.3767142046531,-0.151748051315456,21.4439366660841,-15.5686969607173,-4.9649760448132
0.194005491007306,-1.74199141167495,27.517629227209,-0.133893711600394,21.4676540762012,-15.6261689111541,-5.06177002449578
0.206092947216411,-1.75331316314961,27.669719327259,-0.118879974106876,21.4855593684737,-15.681811836334,-5.12279892983893
0.21714084174713,-1.76390013000249,27.8307440772439,-0.107005974548768,21.4981752510194,-15.7369328611019,-5.15035007669796
0.2272012377331,-1.77386120965998,27.9983236021244,-0.0985227592186231,21.5063077238414,-15.7927446405877,-5.14714815164812
0.236389068760008,-1.78328192152027,28.170101956715,-0.0936444443425597,21.510886692287,-15.8502858480595,-5.11618928749319
0.24486523127158,-1.79220169995312,28.3438074434702,-0.0925607216606691,21.512870974422,-15.9103922600336,-5.06053414450504
0.252809693437429,-1.80060018531969,28.5172267194062,-0.0954418197069352,21.5132146349605,-15.9736879154976,-4.98308576843979
0.260389581818927,-1.80839728293536,28.6881404620121,-0.102431420893528,21.5128733103531,-16.0405775405044,-4.88637933339386
0.267728817113379,-1.81546887195621,28.8542836084483,-0.113627127807163,21.512821802241,-16.1112361079978,-4.77241660942928
0.274886969148197,-1.82167634244731,29.013389574816,-0.129051715238363,21.5140534511079,-16.1856039109044,-4.64258647718411
0.281854548504065,-1.82690311260723,29.1633471809067,-0.14862184510704,21.5175392177544,-16.2634006796866,-4.49771573512042
0.288567962772158,-1.83108653251995,29.302439062344,-0.17212327823435,21.52414422157,-16.3441667386946,-4.33828017299853
0.294939852256815,-1.83423303625641,29.4295662493359,-0.199200908277165,21.5345272410133,-16.4273257068699,-4.16476491792824
0.300893394842208,-1.83641054952145,29.5443458991274,-0.229367612119454,21.5490660447473,-16.5122517603911,-3.97809795942496
0.306387360318719,-1.83772219723666,29.6470274280488,-0.262030955469601,21.5678415948358,-16.598324737266,-3.7800147534547
0.311423338220979,-1.8382731533884,29.7382717714078,-0.296534674210427,21.5906829834973,-16.6849673894763,-3.57318788031422
0.316034750360506,-1.8381440271216,29.8189060618099,-0.332210979878354,21.6172467519219,-16.7716691272091,-3.36101866214893
0.320265080156997,-1.83737942916404,29.8897571167293,-0.368435716207417,21.6470973538816,-16.8580006531917,-3.147137656921
0.324146507398202,-1.83599208692234,29.9515981785347,-0.4046731020242,21.6797686523015,-16.9436190358796,-2.93481059996282
0.327687650222132,-1.83397590752374,30.0051718614808,-0.440498093033121,21.7148040299973,-17.0282635862014,-2.7264764553729
0.33087249399549,-1.83131973914534,30.0512273411756,-0.475594127575508,21.7517812471158,-17.1117481408564,-2.52353772474038
0.333666952267806,-1.8280167470021,30.0905325526224,-0.509734345335047,21.7903273316218,-17.1939556188361,-2.32638481370506
0.336027872081605,-1.8240685154358,30.1238574389938,-0.542757990843412,21.8301261566654,-17.2748349805144,-2.13456477853593
0.337910744163855,-1.81948544921406,30.1519437646667,-0.574550835523553,21.8709206853109,-17.3543959813934,-1.94700850779594
0.339274597131697,-1.8142855535431,30.1754778504752,-0.605033308839333,21.9125118495103,-17.4326973264409,-1.76226417009397
0.340084167539299,-1.80849315612466,30.1950750885607,-0.63415578059099,21.9547552823322,-17.5098273060255,-1.57871215604643
0.340310212354062,-1.80213836275811,30.2112777072474,-0.661898019006869,21.9975559777942,-17.5858795803429,-1.39474892258945
0.339929009901698,-1.795257351402,30.2245628573062,-0.688269080917757,22.0408602955755,-17.6609286051923,-1.20893122570539
0.33892194583262,-1.78789312526309,30.2353564175829,-0.713304376966127,22.0846448845882,-17.7350088553667,-1.02007720110273
0.337275785408884,-1.78009610567565,30.2440480109476,-0.737057990846064,22.1289027215993,-17.8081001868159,-0.827330250897708
0.334983912624835,-1.77192393387414,30.2510037470138,-0.759590023670517,22.1736269900482,-17.8801198249162,-0.630202494567912
0.332048529887101,-1.7634399844962,30.2565744396726,-0.780950282554487,22.2187937773792,-17.9509210364956,-0.42861926744441
0.328483533853495,-1.75471028723567,30.261097912931,-0.801160804127872,22.2643450379048,-18.0202998656079,-0.222978271306476
0.3243174273788,-1.7457988249603,30.2648944322363,-0.820200631739598,22.3101747258084,-18.0880128535795,-0.0142152489266059
0.319595182012691,-1.73676166331929,30.2682549572877,-0.837997031911273,22.356123335551,-18.1538076610461,0.196160324302647
0.314377682709906,-1.72764112526987,30.2714238336245,-0.854427303444281,22.4019871473973,-18.2174632106811,0.406113019003521
0.308737775450306,-1.71846190904732,30.2745807915116,-0.869333197837505,22.4475449500304,-18.2788284564334,0.613248426958227
0.302753256360684,-1.70923090858049,30.277829589838,-0.882545378344118,22.4925965081575,-18.3378454082984,0.815077776173871
0.29649872958835,-1.69994112100703,30.2811992687952,-0.893910656470499,22.5369992621613,-18.3945476806919,1.00929843496653
0.290038858170161,-1.6905781698704,30.2846585056215,-0.903313635485845,22.5806899300809,-18.4490376544812,1.19399816229096
0.283424641663248,-1.68112702584755,30.2881378558619,-0.91068777807842,22.6236859307274,-18.501454227494,1.36773863559688
0.276692824645943,-1.67157700932115,30.291552658855,-0.916015867829345,22.666070683805,-18.551943567104,1.52953422196228
0.269867498873383,-1.66192439909951,30.2948212815325,-0.919323060575102,22.7079709588404,-18.6006398078628,1.67877236845794
0.262962752335774,-1.65217298832593,30.2978766589601,-0.920666402944831,22.74953353495,-18.6476567405449,1.81511871829552
0.255985507042563,-1.64233333824793,30.300671617798,-0.920123857141548,22.7909055328051,-18.6930881653255,1.93843237915218
0.248938066991052,-1.6324214274978,30.3031796346728,-0.91778466173237,22.8322201767712,-18.7370136532414,2.04870054336937
0.24182017798399,-1.62245716324143,30.3053928326379,-0.913741848159681,22.8735881018184,-18.7795068210907,2.14599200329449
0.234630563030495,-1.61246300098686,30.3073186823508,-0.908087055289027,22.9150934562572,-18.8206439777584,2.23042508002628
0.227367979580026,-1.60246277647344,30.3089764172817,-0.900907397830932,22.9567936596026,-18.8605117488123,2.30214486000831
0.220031882768285,-1.5924807774158,30.3103937694815,-0.892283966975525,22.998721561771,-18.8992129275574,2.36130565921948
0.212622792318191,-1.58254104741485,30.3116043353119,-0.882291497561171,23.0408888167464,-18.9368703129988,2.40805618308668
0.205142459298014,-1.57266689731159,30.3126456833777,-0.870998768171221,23.0832894704587,-18.9736286634797,2.44252627547819
0.197593918252594,-1.5628805904596,30.313558196759,-0.858469369444062,23.125903010467,-19.0096551055255,2.46481515737139
0.189981493952828,-1.55320316381052,30.3143845750272,-0.844762555244704,23.1686963822653,-19.0451383987962,2.47498160963569
0.182310813430183,-1.54365434531875,30.3151698880883,-0.829933965310794,23.2116247035043,-19.0802873966334,2.47303675554612
0.174588855050432,-1.53425252875973,30.3159620563633,-0.814036068764142,23.2546305867305,-19.1153288956376,2.45894008697485
0.166824047982087,-1.52501476839947,30.3168126154251,-0.797118225184189,23.2976421185664,-19.1505048718456,2.43259926405342
0.15902641719483,-1.51595675702104,30.3177775958096,-0.779226299588105,23.340569660801,-19.1860688810957,2.39387406483098
0.151207750053633,-1.50709275129896,30.3189183015851,-0.760401809905691,23.3833017679277,-19.2222811741123,2.34258470094631
0.143381739608579,-1.49843540913056,30.3203017007933,-0.740680642809634,23.4257006887607,-19.2594018572173,2.27852458321306
0.135564036366758,-1.48999550592168,30.3220000515334,-0.720091457191185,23.4675981632531,-19.2976812387679,2.20147759357807
0.127772116272421,-1.48178150417472,30.3240892960296,-0.698654011623718,23.5087925458823,-19.3373463747854,2.11124013952442
0.120024851256384,-1.47379896633778,30.3266456964766,-0.676377799696261,23.5490486617137,-19.3785828319,2.0076489045634
0.112341657220082,-1.46604982891673,30.3297402210589,-0.65326153850138,23.5881021540481,-19.421510938027,1.89061632942915
0.104741104775126,-1.45853160052241,30.3334304097754,-0.629294193222851,23.6256702566313,-19.4661564921459,1.7601771346232
0.0972389307036086,-1.45123661190534,30.3377499854244,-0.604458265800442,23.6614706453942,-19.5124173629202,1.6165495101486
0.0898455129710985,-1.44415153268298,30.3426974542218,-0.578735910732903,23.6952488980092,-19.5600299714947,1.46021181704237
0.0825630991129244,-1.43725746296977,30.3482263640629,-0.552117898765977,23.7268127154491,-19.6085433810933,1.29198726314169
0.0753833958754634,-1.43053095705805,30.3542413553578,-0.524614395145551,23.7560674503766,-19.6573126073142,1.11311474381946
0.0682864123788982,-1.42394624076108,30.3606045790158,-0.496265107459413,23.7830437709474,-19.7055239686238,0.925270196443689
0.0612414319345774,-1.41747854912403,30.3671550474014,-0.467145338850672,23.8079070521008,-19.7522598464751,0.73050378326021
0.0542104275968976,-1.41110799356384,30.373738713259,-0.437365012995599,23.8309419907766,-19.7965969312213,0.531086222241002
0.0471532713542744,-1.40482296849052,30.3802418835132,-0.407060244070532,23.8525145465175,-19.837716957732,0.32930296064824
0.0400333291861148,-1.39862217279773,30.3866188413868,-0.376380147703504,23.8730216787846,-19.8750027119289,0.1272635930974
0.0328220387538246,-1.39251485796505,30.3929077327269,-0.345473108355475,23.892842019477,-19.9080992460406,-0.0732196670059399
0.0255017332215089,-1.38651954611099,30.3992341217439,-0.314475857366774,23.9122970164175,-19.9369340811702,-0.270673323847508
0.0180667207557295,-1.38066183015715,30.4058052828582,-0.283506723256746,23.9316262612303,-19.9617010882057,-0.463948758240691
0.010523038067821,-1.37497192382835,30.4128988793565,-0.252662860901421,23.9509765002641,-19.9828175745399,-0.652187884969783
0.00288737617054798,-1.36948251446989,30.4208481639708,-0.222020635171952,23.9704021611347,-20.0008653380386,-0.834792027446024
-0.00481437897981179,-1.36422729800254,30.4300235015755,-0.191638239168578,23.9898752852606,-20.0165265035434,-1.01140152422075
-0.0125486245775345,-1.35924035888576,30.4408074308501,-0.161559611185367,24.0093036605839,-20.0305240619709,-1.18188207252827
-0.0202752835422843,-1.35455627356297,30.4535580290341,-0.131818631085856,24.0285571398842,-20.0435747302114,-1.34630881557842
-0.0279487715740935,-1.35021045287892,30.4685543460676,-0.102442520746912,24.047502818844,-20.0563583103493,-1.50493842257509
-0.0355189968619069,-1.34623884993475,30.4859213077129,-0.0734535290791144,24.0660483937321,-20.0695039213747,-1.65816113654634
-0.0429330953488399,-1.34267595130864,30.5055439842952,-0.0448685504080183,24.0841877407906,-20.0835897469217,-1.80643014543027
-0.0501387413671059,-1.33955036462736,30.5270024681676,-0.0166973853472729,24.1020338262715,-20.0991494539409,-1.95017741335248
-0.0570892838511739,-1.33687867557993,30.5495751299399,0.0110584866219704,24.1198179399876,-20.1166763213782,-2.08974123310403
-0.0637495388272467,-1.33466007504809,30.5723431233948,0.038404544984228,24.1378426417043,-20.1366180098543,-2.22533790889976
-0.0700997974789723,-1.33287485188047,30.5943732571287,0.0653487635137398,24.1564016488178,-20.1593619473656,-2.35709218875648
-0.0761360145816127,-1.3314879593091,30.6149004586222,0.0918959250074489,24.1757036911126,-20.1852190124535,-2.48510506022473
-0.0818662772957649,-1.33045585426716,30.6334323061248,0.118043542664752,24.1958342278814,-20.2144145141424,-2.60951596911125
-0.0873055859227242,-1.32973341943364,30.6497546418234,0.14378087861657,24.2167619890739,-20.2470897233922,-2.73052881724606
-0.0924711660090628,-1.32927875877599,30.6638713042959,0.169090530253328,24.2383734858024,-20.2833108252593,-2.84839956987774
-0.0973794349959057,-1.32905544442463,30.6759246672486,0.193951086701428,24.260513861757,-20.3230800717661,-2.96340138280419
-0.102044636858281,-1.32903290271341,30.6861275636063,0.218339586948445,24.2830206554688,-20.3663454694751,-3.07578445480144
-0.10647864272558,-1.32918584141653,30.6947167651936,0.242233169397707,24.3057464459178,-20.4130077106222,-3.18574105860235
-0.110691379343343,-1.32949338368185,30.7019260605215,0.265609824082233,24.3285716176812,-20.4629246484543,-3.29337971568197
-0.114691496240143,-1.32993827281622,30.707973020218,0.288448420509129,24.3514099958344,-20.5159142848338,-3.39870899348769
-0.118487036907727,-1.33050629467202,30.7130538439129,0.310728269597008,24.3742097907393,-20.571757359452,-3.50163035589675
-0.122085984920277,-1.33118593891873,30.7173422852194,0.33242848171506,24.3969515239568,-20.6302005186054,-3.60193961091744
-0.125496618347245,-1.33196825518532,30.7209902169372,0.353527353622061,24.4196439636114,-20.6909608288635,-3.6993367841198
-0.128727645244906,-1.33284682792477,30.724128562532,0.37400197005694,24.442318716967,-20.7537321057742,-3.79344413091246
-0.131788125009382,-1.33381778179062,30.7268680936576,0.393828139815308,24.4650239685551,-20.8181931374831,-3.88383127251553
-0.134687211385825,-1.33487973427237,30.7293000658111,0.412980703956621,24.4878178285955,-20.8840174281,-3.97004524900231
-0.137433780359383,-1.33603363408462,30.7314969036836,0.43143416685697,24.5107617816612,-20.9508836582548,-4.05164208289382
-0.140036022659034,-1.33728245889126,30.7335132011762,0.44916353057701,24.5339147297458,-21.0184857945586,-4.12821582204907
-0.14250107964161,-1.33863078535016,30.7353872181741,0.466145178775661,24.5573280639009,-21.086541775076,-4.19942137545811
-0.144834782646171,-1.34008427650796,30.7371429037225,0.482357666857416,24.5810420694158,-21.1547999639165,-4.26498874377602
-0.147041526068476,-1.34164914735369,30.7387923253278,0.497782320089003,24.6050837966041,-21.2230430023509,-4.3247280225708
-0.149124273592519,-1.343331666924,30.740338290171,0.512403599925747,24.6294663539084,-21.2910891327503,-4.37852620744176
-0.151084673915752,-1.34513773967595,30.7417769244787,0.526209250027104,24.6541894392653,-21.3587914085657,-4.42633790333934
-0.152923250724192,-1.3470725879756,30.7431000181862,0.53919026510695,24.6792408386167,-21.4260353732612,-4.46817239989288
-0.154639630522259,-1.34914053847077,30.7442970135295,0.551340735576465,24.7045985864542,-21.4927358050343,-4.50407935645059
-0.156232777714352,-1.35134490179975,30.7453565900158,0.562657615624114,24.7302334930125,-21.5588330402577,-4.53413480802179
-0.157701214972403,-1.35368792810324,30.7462678565383,0.573140448651331,24.7561117796283,-21.6242892591074,-4.55842859447191
-0.159043215639573,-1.35617081890335,30.7470211986306,0.582791070018838,24.7821976152636,-21.6890849868206,-4.5770537722654
-0.160256962002558,-1.35879377723625,30.7476088452232,0.591613292579401,24.8084554014699,-21.7532159498042,-4.59009820406162
-0.161340668591498,-1.36155608049512,30.7480252232693,0.599612574645513,24.8348517040356,-21.8166903409216,-4.59763824382976
-0.162292673102022,-1.36445616351739,30.7482671618869,0.60679566377817,24.8613567724829,-21.8795264854242,-4.599734342571
-0.163111499781964,-1.367491702255,30.748333997881,0.613170209757288,24.8879456229368,-21.941750860662,-4.59642836018292
-0.163795901406491,-1.37065969089516,30.7482276227405,0.618744341298598,24.9145986845583,-22.003396400231,-4.58774240043552
-0.164344886650257,-1.37395650799282,30.7479524992011,0.623526204010059,24.9413020285335,-22.0645010095861,-4.57367904847017
-0.164757739720226,-1.37737797015817,30.7475156633199,0.627523459761438,24.9680472112843,-22.1251062270714,-4.5542229631332
-0.16503403850536,-1.38091937535545,30.7469267153608,0.630742749428046,24.9948307722174,-22.1852559789767,-4.52934384343025
-0.165173676110567,-1.38457554191932,30.7461977891726,0.633189121570816,25.0216534326448,-22.2449953953479,-4.49900083537181
-0.16517688837449,-1.38834085317147,30.7453434750703,0.634865429232432,25.0485190443458,-22.3043696619954,-4.46314846574651
-0.165044286976857,-1.39220932065353,30.7443806559904,0.635771697917316,25.0754333377982,-22.3634228850666,-4.42174417605043
-0.16477689423978,-1.39617468033236,30.743328202287,0.635904472143201,25.1024025215493,-22.4221969307041,-4.37475748007841
-0.164376172138538,-1.40023053511401,30.7422064593467,0.635256158557913,25.1294317912496,-22.4807301810817,-4.32218067407967
-0.163844034834725,-1.40437055298584,30.7410364578719,0.633814401998706,25.1565238237927,-22.5390561273084,-4.26404087653931
-0.163182831838353,-1.40858872254303,30.7398387842321,0.631561556575632,25.1836773606588,-22.597201708926,-4.20041295359859
-0.162395288383716,-1.41287965683176,30.7386320735271,0.62847434319631,25.2108860256964,-22.6551853266716,-4.1314325844348
-0.161484391673358,-1.41723892235486,30.7374311364789,0.624523810648259,25.2381375636028,-22.7130145021528,-4.05730836221774
-0.16045321702051,-1.42166335512972,30.7362448045787,0.619675728270155,25.2654137134786,-22.7706832494609,-3.97833145812261
-0.159304697022567,-1.4261513125207,30.7350736701618,0.613891522008605,25.2926909187487,-22.8281693442789,-3.89488111636106
-0.158041348936321,-1.43070280352814,30.733907991039,0.607129812144955,25.3199420001498,-22.8854318114391,-3.80742423985287
-0.156664988125649,-1.43531944642489,30.732726092749,0.59934851916888,25.347138771316,-22.9424090633087,-3.71650771337739
-0.155176465186079,-1.44000422407543,30.7314936001141,0.590507388535339,25.3742553725974,-22.9990181604581,-3.6227429556031
-0.153575466961934,-1.44476104281833,30.7301637385334,0.580570674362658,25.4012718923037,-23.0551556019746,-3.52678337499896
-0.151860414872925,-1.44959414192929,30.728678767598,0.5695096546904,25.4281777054105,-23.1106998700088,-3.42929664497121
-0.150028478312806,-1.45450743586335,30.7269723844118,0.557304654494536,25.4549739578089,-23.1655156959137,-3.33093460536969
-0.148075700659776,-1.45950388860976,30.7249727263964,0.543946333030784,25.4816747783322,-23.2194597481758,-3.23230383791168
-0.145997216351337,-1.46458501346583,30.7226054759518,0.529436125498451,25.5083070732762,-23.2723872463167,-3.13393947872348
-0.143787524442355,-1.46975056517889,30.7197965545292,0.513785875703959,25.5349090611524,-23.3241589254697,-3.03628384698485
-0.14144077893743,-1.47499845455237,30.7164739819254,0.497016817017827,25.5615279483707,-23.3746478188772,-2.93967036659475
-0.138951057933562,-1.4803248794017,30.7125686273103,0.479158130911637,25.5882172711697,-23.4237454533303,-2.84431239938575
-0.136312579670542,-1.4857246382411,30.7080137426562,0.460245333524487,25.6150344265768,-23.4713672120105,-2.75029618722659
-0.133519841315693,-1.49119157780431,30.7027433089216,0.440318721732586,25.6420388176633,-23.5174567669749,-2.657577105838
-0.130567664133889,-1.49671912151791,30.6966893227088,0.419422067606571,25.6692908919783,-23.5619895920271,-2.56597873062283
-0.127451135821811,-1.50230083062321,30.6897782065646,0.397601697436035,25.696852199449,-23.6049756306876,-2.47519463111567
-0.124165447145354,-1.50793095926392,30.6819265533625,0.374906038647501,25.7247864618576,-23.6464612161774,-2.38479322280071
-0.120705625789538,-1.5136049765983,30.6730364363926,0.35138566959386,25.7531615373794,-23.6865303278131,-2.29422636107385
-0.117066176212359,-1.51932004037485,30.6629905606666,0.327093864297152,25.7820520710796,-23.7253052242183,-2.20284267359279
-0.113240641682602,-1.52507541563033,30.6516476319453,0.302087582835982,25.8115425248897,-23.7629464206355,-2.10990691950113
-0.10922111595562,-1.53087283794655,30.6388385166728,0.276428809511447,25.8417301498503,-23.7996518805492,-2.01462691717895
-0.104997750116695,-1.53671682260178,30.6243640946872,0.250186071558082,25.8727272706553,-23.8356551885876,-1.91618966169012
-0.100558327281853,-1.54261491926004,30.607996188281,0.223435867260719,25.904661979429,-23.8712223996454,-1.81380786135855
-0.0958880129847225,-1.54857790744988,30.5894835684092,0.196263589429164,25.9376759941847,-23.9066472796747,-1.70677679669029
-0.0909694243163415,-1.55461992063712,30.5685657052369,0.168763372497532,25.9719180944259,-23.942244834726,-1.59453864051473
-0.0857831792953878,-1.56075847062953,30.5449974520046,0.141036194068965,26.0075313528189,-23.9783433905453,-1.4767469381239
-0.0803090674010873,-1.56701430177581,30.518587858408,0.113185662142611,26.0446326022817,-24.0152759162168,-1.35331833800111
-0.0745279066762279,-1.57341090469289,30.4892550709809,0.0853113799246038,26.0832836467416,-24.0533714200912,-1.22445358193667
-0.068424024711732,-1.57997333839421,30.4570953466182,0.0575006778686764,26.1234563159906,-24.0929464970196,-1.09060836499297
-0.0619881334575108,-1.58672580707243,30.4224553351392,0.0298206404593933,26.1649983491996,-24.1342950445511,-0.952401784471376
-0.0552201589758059,-1.59368747575216,30.3859818868869,0.00231309319452278,26.2076139794991,-24.1776714887441,-0.810471815578253
-0.0481313371895717,-1.6008667535546,30.3486089568041,-0.0250054315156581,26.2508778733975,-24.2232625431366,-0.66532581989272
-0.0407447312511236,-1.6082559097009,30.3114463547054,-0.0521392814374015,26.2942943293909,-24.2711489355183,-0.517273019237165
-0.0330936071417859,-1.61582938005103,30.2755805615074,-0.0791084384773753,26.3373888344431,-24.3212715792852,-0.36652024144255
-0.0252179647730009,-1.62354833740181,30.2418654192111,-0.105946422322235,26.3797902933984,-24.3734254738923,-0.213426750999481
-0.0171603501538426,-1.6313704615513,30.2108034929572,-0.132701480054573,26.4212617265931,-24.4272954806689,-0.0587962061214028
-0.00896204800687338,-1.63926033159075,30.1825598042524,-0.159436654148556,26.4616740690752,-24.4825244251741,0.0959546360439964
-0.000660066036169221,-1.64719581355725,30.1570647183679,-0.186224057585862,26.5009561500733,-24.5387863032156,0.248830982828123
0.00771511074041931,-1.65516876336238,30.1341304418315,-0.213132895953146,26.5390583625101,-24.595838674498,0.397462498802709
0.016140914311795,-1.66318135969946,30.1135323520213,-0.240215230973014,26.575944085491,-24.6535426505286,0.539373124091272
0.0246030040253253,-1.6712406355148,30.09504708604,-0.267494730360566,26.6115998559219,-24.7118538678029,0.672224008167907
0.0330944197346041,-1.67935344288445,30.0784618504716,-0.294961701109435,26.6460480767606,-24.7707962987024,0.793978202218297
0.0416138383300995,-1.68752305914489,30.0635719816365,-0.322574698261389,26.6793514423526,-24.8304317623814,0.902979703421522
0.0501634128420238,-1.69574765773464,30.0501773616079,-0.350266866660909,26.7116067292211,-24.8908341900667,0.997965543496169
0.0587466661699693,-1.70402026411703,30.0380815865298,-0.377954509997366,26.7429311138468,-24.9520725608541,1.0780365270942
0.0673667538382214,-1.71232961220689,30.0270938853066,-0.405545777770966,26.7734457493831,-25.0142023638417,1.14260789389211
0.0760252224920201,-1.72066137386297,30.0170324357363,-0.432948158940824,26.8032604730406,-25.0772632561165,1.19135380177338
0.0847212482388058,-1.72899940208843,30.0077277695717,-0.460074216822325,26.832461894637,-25.1412799883869,1.22415347594466
0.0934512627775064,-1.73732680459549,29.9990254857097,-0.486845509585693,26.8611057005116,-25.206264025253,1.24104313688746
0.102208855872366,-1.74562679858755,29.9907880227377,-0.513194901333724,26.8892131178929,-25.2722140324191,1.24217587508068
0.110984860865506,-1.75388337751411,29.9828956021861,-0.539067540366702,26.9167710935928,-25.3391141847934,1.22779072305269
0.119767567094101,-1.76208185245775,29.9752466212022,-0.564420738788415,26.943735683699,-25.4069299053393,1.19819176078695
0.128543045485398,-1.77020932745164,29.9677577872819,-0.589222898121052,26.9700382442816,-25.4756011502511,1.15373787544115
0.137295611448077,-1.77825514133937,29.9603641982568,-0.613451541331072,26.995594101452,-25.5450337643037,1.09484353799686
0.146008474469912,-1.78621126771936,29.9530194178648,-0.637090472195782,27.0203133533751,-25.6150898239602,1.02199035120572
0.154664627847469,-1.79407261634627,29.9456954089338,-0.66012611837132,27.0441132619537,-25.6855783370913,0.935747784654881
0.163248004584762,-1.80183713374097,29.938381991038,-0.682543243883147,27.0669313330484,-25.7562481919193,0.836799153800498
0.171744857900896,-1.80950557333697,29.931085337964,-0.704320431934751,27.0887377334034,-25.8267857299102,0.725965707168756
0.180145220706918,-1.81708081926657,29.9238250071098,-0.725425982534823,27.1095453024255,-25.8968194661912,0.604218796061828
0.188444187125759,-1.82456672265954,29.9166291942346,-0.745815017359103,27.1294153100681,-25.9659338712024,0.47266971588941
0.196642699669142,-1.83196654099167,29.9095283610112,-0.765428485030123,27.1484575121089,-26.0336924810176,0.332531199446776
0.204747580048254,-1.83928121304495,29.9025479566996,-0.784194346308834,27.1668240263961,-26.0996682187224,0.185053852466155
0.212770720759555,-1.84650777833285,29.8957013634163,-0.802030623878157,27.1846978472967,-26.1634767074656,0.0314513600745272
0.220727585187102,-1.85363820781879,29.8889841822613,-0.818849532305602,27.2022779133601,-26.2248077085383,-0.127166002021365
0.228635327326456,-1.86065877290511,29.882370548829,-0.834561821159483,27.2197630904584,-26.2834509503919,-0.289832979549391
0.236510864459689,-1.86754992437819,29.8758116024327,-0.849080763594852,27.2373371751967,-26.3393146484614,-0.455739373880843
0.24436913983165,-1.87428656082814,29.8692358545497,-0.862325649786604,27.2551563990593,-26.392436645726,-0.624212862121482
0.252221680934062,-1.88083855749543,29.8625511243637,-0.874224913360863,27.2733403199409,-26.4429886684658,-0.794686143678706
0.26007546455207,-1.88717146751279,29.8556478125561,-0.88471900648982,27.2919665927153,-26.4912739985744,-0.966661594046852
0.267932063604379,-1.89324734892003,29.8484033621103,-0.893762916043441,27.311069839526,-26.5377186794472,-1.13968391277941
0.275787052560219,-1.89902568258582,29.8406876765835,-0.901327956875467,27.3306445530245,-26.5828567302534,-1.31332638904357
0.283629654991512,-1.90446432776853,29.83236904941,-0.90740236324256,27.3506516175684,-26.627310695181,-1.48719127986686
0.291442608350319,-1.90952043497466,29.8233199353148,-0.911990313485486,27.3710277122007,-26.6717696896529,-1.66092074888638
0.299202197961028,-1.91415122643541,29.8134218201449,-0.915109331727938,27.3916967013429,-26.7169673518682,-1.83421257049551
0.306878389343795,-1.91831457809656,29.8025685958005,-0.916786382400384,27.4125821939088,-26.7636615140867,-2.00683435698008
0.314434983485312,-1.92196939201224,29.7906681838829,-0.917053256921361,27.4336207106372,-26.8126161701417,-2.17863077314715
0.321829743361686,-1.92507581913906,29.7776425582009,-0.915941945561015,27.4547752040408,-26.8645848842437,-2.34951912777208
0.329014492193983,-1.92759546026132,29.7634266658595,-0.913480571499367,27.4760488721082,-26.9202935903212,-2.5194691698021
0.335935258640193,-1.92949171904512,29.7479669505049,-0.909690184676947,27.4974991799191,-26.9804200310171,-2.68846273622303
0.342532631165357,-1.93073048862803,29.731220192141,-0.904582356125096,27.519251677065,-27.045567023499,-2.85642861586311
0.348742565694191,-1.93128130203225,29.7131531664941,-0.898157196058122,27.5415125173302,-27.1162274999501,-3.02314877998048
0.354497936271575,-1.93111894595752,29.693743158734,-0.890401296131245,27.5645775249604,-27.192741224446,-3.18813587408446
0.359731073224763,-1.93022531497278,29.6729786234512,-0.881285350073586,27.5888343004248,-27.2752467393724,-3.35049082914234
0.364377320499542,-1.92859099629765,29.6508583750895,-0.870761960590211,27.6147526407875,-27.363637590966,-3.50876450969695
0.368379208981711,-1.92621584273694,29.6273870601712,-0.858765255999851,27.6428584980349,-27.4575378425243,-3.66086396603203
0.371690273255186,-1.92310784371232,29.6025651377503,-0.845214801132265,27.6736893884998,-27.5563141996157,-3.80404887656845
0.374277180542729,-1.91928015297155,29.5763738414045,-0.830025933412379,27.7077355733503,-27.6591352575872,-3.93504151694109
0.376119143478215,-1.91474705714387,29.5487589371838,-0.813126603897569,27.7453797252489,-27.7650714242889,-4.05022622119978
0.377204600962939,-1.9095203840688,29.5196192090141,-0.794477948098757,27.7868531607996,-27.873210702996,-4.1458742504162
0.377526234602994,-1.90360775842021,29.4888045352084,-0.774093959668445,27.8322241460779,-27.9827588183615,-4.21833363144354
0.377075778487413,-1.89701326901961,29.4561248385922,-0.752055709794238,27.8814232226425,-28.0931014007155,-4.26416842720374
0.375839696589482,-1.88974015778509,29.4213675952947,-0.728516731078193,27.9342971709459,-28.2038229079401,-4.28027913121466
0.373796241972661,-1.88179459523127,29.384319430566,-0.703697088083914,27.9906733882881,-28.3146907766171,-4.2640544233347
0.370914301390474,-1.8731894768177,29.3447858960248,-0.677863879304337,28.0504133056222,-28.425618557967,-4.21359507906349
0.367154957042935,-1.86394714498064,29.3026011353397,-0.651296543124899,28.1134366845995,-28.5366179893317,-4.12803030987674
0.362477462676027,-1.85409975975684,29.2576152519622,-0.624238789953111,28.1797074120476,-28.6477387558093,-4.0079230842001
0.356851216063396,-1.84368581740947,29.209644937113,-0.596847955464694,28.2491875937694,-28.7589820471582,-3.85571641752868
0.350272664057551,-1.83274177129734,29.1583818431577,-0.569166413970873,28.3217918730416,-28.8701757044949,-3.67606574633051
0.342780478702694,-1.8212899574397,29.1032855699665,-0.541147450205105,28.3973951103877,-28.9808368083473,-3.47573285523865
0.334458295841931,-1.80932793342564,29.0435351848131,-0.512747855423119,28.475925989883,-29.0901147255689,-3.26267306283716
0.325420236632419,-1.79682634557548,28.9781174865686,-0.484047225329908,28.5574965363895,-29.196924038269,-3.04435505404845
0.315788773672038,-1.78373837811766,28.9060411994819,-0.45531945666287,28.6424512056288,-29.3002642118343,-2.82606012714484
0.305679700451573,-1.77001649616717,28.8265596741739,-0.427018809652925,28.7312760914028,-29.3995703789845,-2.61006997082983
0.295197739431322,-1.75562910007544,28.7392905258908,-0.399712165070999,28.824431621683,-29.4949194276679,-2.39599498230511
0.284434532390613,-1.74057217701638,28.6442193870669,-0.374012359782754,28.922213744101,-29.5870247827076,-2.18182474753318
0.273460288857018,-1.72487435367086,28.5416470667023,-0.350538802508749,29.0246969388865,-29.6770605469069,-1.96512369343085
0.262307406908318,-1.70859483781238,28.4321387180091,-0.329895230637613,29.131753091719,-29.7664008980124,-1.7439236327072
0.250952328927103,-1.69181325397924,28.3164947856491,-0.312640951455732,29.2431146097397,-29.856362793284,-1.51706221638584
0.239306194183203,-1.67461111481193,28.1957342036924,-0.299244864515932,29.3584448291259,-29.9480149172371,-1.28402504153983
0.227222091523121,-1.65704865129721,28.0710814226068,-0.29003143781531,29.4773789539765,-30.0420704752929,-1.04469617788625
0.214519418079223,-1.63914621743579,27.9439560440552,-0.285130889562564,29.5995089977256,-30.1388520093542,-0.799482992351407
0.201020838030846,-1.6208821399696,27.8159438259763,-0.284439259981505,29.7243150397855,-30.2383333683475,-0.549926613093622
0.186594452612961,-1.60221459385938,27.6887004481421,-0.287604812114747,29.8510909606894,-30.3402860800935,-0.29941322818345
0.171187727188538,-1.58312107528483,27.5637662363443,-0.29407693964445,29.9789484969845,-30.444508352075,-0.0533516446561102
0.15483575598576,-1.56363212553519,27.4423635936797,-0.303232748489962,30.1069459821392,-30.5510127195858,0.181495619403643
0.137637876690085,-1.54383638163727,27.325302325309,-0.314527950548495,30.2342725231254,-30.6600453917524,0.39809654405721
0.119717839227886,-1.52385695522996,27.213035944372,-0.327586432371073,30.360360128219,-30.7719590274572,0.589921022080193
0.101190198290232,-1.50381878590713,27.1057941951688,-0.342193303474631,30.4848716608371,-30.8870727048255,0.751175874068439
0.0821444561585291,-1.48382574061148,27.0036957301447,-0.358221186590688,30.6076047162865,-31.0056101163954,0.876796622495205
0.0626448092133624,-1.46395481138735,26.9067944179753,-0.375540830647119,30.7283681111211,-31.1277119322397,0.962487951601549
0.0427376413780123,-1.4442648695567,26.8150623248887,-0.393956276722464,30.8468638777961,-31.2534689987302,1.00488119395123
0.0224603258152535,-1.42481230868451,26.7283397488227,-0.413185610453063,30.9625947476313,-31.3829171296871,1.00176929653082
0.00184931694263387,-1.40566525807073,26.6462900654073,-0.432891116673164,31.0748244697167,-31.5159465081956,0.95240663198968
-0.0190508000071706,-1.38691019156925,26.5683935480685,-0.452749926250605,31.1826321393813,-31.6521080283153,0.85791723178006
-0.0401755513295857,-1.36864756954137,26.4940051361612,-0.472543804978229,31.2850978147497,-31.7903605369488,0.721839658524796
-0.0614290801560122,-1.35097643557851,26.4224773765371,-0.492229362862427,31.3816014434274,-31.9288995276907,0.550630846467231
-0.0826822936842966,-1.33397362029286,26.3533020771712,-0.51193813796835,31.4721073811738,-32.0652727373902,0.353560551944603
-0.103788384190854,-1.31768008242807,26.2861847475382,-0.53188279517705,31.557243734226,-32.1968697229961,0.1413856052198
-0.124608526679544,-1.3021054363607,26.2210040031408,-0.552218240489355,31.6381044379056,-32.3215612597843,-0.0758815635384225
-0.145029375499351,-1.28724758644419,26.1577069962613,-0.572948597089241,31.715914470174,-32.4381158363411,-0.290820908864693
-0.164963533028929,-1.2731131904548,26.0962278602391,-0.593922266369962,31.7917534011821,-32.5462541129176,-0.499234466171372
-0.184339637143442,-1.25972852296468,26.0364637383724,-0.614885155343099,31.8664167444034,-32.6464772603832,-0.699833730765176
-0.203092029877877,-1.24713985633602,25.9782917711222,-0.635542140931151,31.9403889809449,-32.7398454976669,-0.893599323957822
-0.221154992636865,-1.2354073796746,25.9215992078878,-0.655596552967054,32.0138749980511,-32.8278005090696,-1.08314282769582
-0.238462114786976,-1.22459696730834,25.8663067645376,-0.674760950557734,32.0868498742111,-32.9120586798393,-1.27213627223417
-0.25494965567126,-1.21477286851603,25.8123745955545,-0.692746426547667,32.1591071733996,-32.9945709692653,-1.46478935418362
-0.270562480979496,-1.20599325638699,25.7597867532465,-0.709243232022864,32.2303031298224,-33.0775317218857,-1.66534899363924
-0.285260979116037,-1.19831002021393,25.7085150052287,-0.723906790710748,32.3000070144058,-33.1634105932589,-1.8775984680933
-0.299026604372751,-1.19177403402791,25.6584695000887,-0.73636270934348,32.367776879184,-33.25497128488,-2.10433095997903
-0.311862349109615,-1.18644661861938,25.6094544349194,-0.746241314454119,32.4332833413268,-33.3552212652329,-2.34676424225123
-0.323783339059013,-1.18241587558689,25.5611586640889,-0.753243384917501,32.4964957122802,-33.467206637276,-2.60384140056684
-0.334793617088191,-1.17981204704576,25.5132127648192,-0.757222447278237,32.5579108975569,-33.5935461771757,-2.87135120443591
-0.34485076057989,-1.17880954775371,25.4653192454281,-0.758247112240091,32.6187302864875,-33.7356661201861,-3.1409660049908
-0.353832862455756,-1.17960038690578,25.4174017160078,-0.756585871970605,32.6807939402559,-33.8929852144695,-3.3999118470395
-0.361535999108548,-1.18233918124551,25.3696522018907,-0.752568780602905,32.7461066584889,-34.0627211020631,-3.63261915168386
-0.367717626990331,-1.18709666522263,25.3223956166582,-0.746381027174401,32.8161167614368,-34.2408208745832,-3.82443970614297
-0.372156464014542,-1.19386517678295,25.2758745536733,-0.737952032760584,32.891260589291,-34.4234199903092,-3.96473838245541
-0.374684590347666,-1.20260590273575,25.2301352023448,-0.727022792111673,32.9710835507098,-34.607718324583,-4.04721725504232
-0.375184243337844,-1.21329323390642,25.1850547056349,-0.713304272090092,33.0547338530672,-34.7919834687441,-4.06862277153129
-0.373566830199457,-1.22593391793568,25.1404437639835,-0.696605062419696,33.1414357152363,-34.9751145466059,-4.02783015014167
-0.369746219581878,-1.24056283334012,25.0961755828505,-0.676858900231221,33.2306899813855,-35.1561825369114,-3.92602800413239
-0.363613532429121,-1.25721762215379,25.0523137093801,-0.654026607163451,33.3221637967829,-35.3340895267875,-3.76771458069005
-0.355030394245417,-1.27589165788256,25.0091707347892,-0.627903887865759,33.4154278369006,-35.5073188080515,-3.56170359766543
-0.343863492035193,-1.2964822081025,24.967184789093,-0.5979682014638,33.5098455330005,-35.6737849757832,-3.32089608207664
-0.33005436316077,-1.31877585861506,24.9265952956043,-0.563449702240278,33.6048148262372,-35.8309506046879,-3.05981975198849
-0.313671768251134,-1.34249383334241,24.8871201957717,-0.523643855813765,33.7001371586537,-35.9763427880442,-2.79072803548226
-0.294903546032914,-1.3673581824035,24.8478614637085,-0.478228473329895,33.7961021244758,-36.1083025006179,-2.5204708187685
-0.274007504095949,-1.39312347655342,24.8073989878058,-0.42736534906496,33.893276436832,-36.2266582836195,-2.24916992086604
-0.251272149945836,-1.41956221387997,24.7638241993995,-0.371604849653903,33.9923567909918,-36.333150858939,-1.97019844159973
-0.227023551708319,-1.44642790259241,24.7144899965262,-0.311765994078637,34.0943819368421,-36.4315191821337,-1.67120907001602
-0.201689544650585,-1.47342531773772,24.655460532582,-0.248967491459761,34.2013083346239,-36.5270446072361,-1.33722670170569
-0.175880526702093,-1.50021312716616,24.5811709699085,-0.184869786399798,34.31645826248,-36.6251962219044,-0.958134646967157
-0.150320100217798,-1.52644193311857,24.4856330708254,-0.121783844144989,34.4436369063783,-36.7296876997336,-0.540285999813475
-0.125491236809932,-1.55175092993684,24.3659265307873,-0.0618302154466574,34.5844010300467,-36.8420087121033,-0.111628300619574
-0.101354790567967,-1.5756614517152,24.2264804762563,-0.00544893313406165,34.7354561055229,-36.9632319134226,0.287934058902423
-0.0774685845268602,-1.59759907562008,24.0812139515238,0.0487125276893592,34.8886107217488,-37.0951992734669,0.621355733067671
-0.0532405584423658,-1.61724521158651,23.9472172304105,0.102117821670818,35.0350379534819,-37.239368490361,0.862500603553867
-0.0281978273060164,-1.6347287293812,23.8339069113068,0.154927470904284,35.1701074990007,-37.3957605177174,0.993284933251782
-0.00214617702101197,-1.65042461710232,23.7414325083985,0.205981426919051,35.292982671573,-37.5634923052301,1.00257096404934
0.0248968034056312,-1.66474191199834,23.6653442912546,0.253621925771661,35.4036392711722,-37.7410991665613,0.889534190821861
0.0528517231388353,-1.6779814231619,23.6005164763846,0.296481561214375,35.5012647000708,-37.9256675634606,0.665326987376208
0.0816579843324594,-1.69019584284412,23.5434324154955,0.333721354456717,35.5849777818966,-38.1114798579705,0.354141619255003
0.111202761687148,-1.70113440733153,23.492983169873,0.364690742667386,35.6558405276814,-38.2904431737156,-0.00639434714416518
0.141174740024411,-1.71043676242055,23.4493377475508,0.38850529818992,35.7175113616738,-38.4559070363621,-0.374696886291983
0.171065974780184,-1.71791814020156,23.4120973063405,0.404091129739639,35.7745267541261,-38.6062429924048,-0.721290679691209
0.200317576235915,-1.7236203881501,23.3798186674351,0.410520006150984,35.8304241836479,-38.7442489251435,-1.03316620004587
0.228428717153866,-1.72769862787767,23.3505863440316,0.407229610583306,35.8871971881664,-38.8745121427729,-1.30820049379949
0.254985784201594,-1.73033090054328,23.3225112824479,0.394058852521632,35.9456629268229,-39.0015328543586,-1.54992987171233
0.279653375754098,-1.73168721605496,23.2938689916738,0.371180499777348,36.0060411861274,-39.1290475402723,-1.7650499344115
0.302156018253474,-1.73193293305131,23.2629865959333,0.339007182465372,36.0684319729436,-39.260057780975,-1.96253732453565
0.322257918117978,-1.73124937585685,23.2279887909389,0.298115056090968,36.1331666091842,-39.3971120641277,-2.15335329989834
0.339738124821108,-1.72986994962251,23.1864678816381,0.24920393920114,36.2011083758505,-39.5425829174094,-2.35001440355009
0.35435604908225,-1.72813761610542,23.1352219932449,0.193096148255604,36.2739386961275,-39.6987638550574,-2.565206845969
0.365806574078381,-1.72657474277557,23.0706254149949,0.130756795728322,36.3542197005901,-39.8675317519816,-2.80788216636126
0.373693484006335,-1.72587675801323,22.9910412319969,0.0632759451528022,36.4444720210124,-40.0492216438635,-3.07460418064613
0.377628297142151,-1.72662315533516,22.9019958310999,-0.00828644444006452,36.5445066841267,-40.2411041821245,-3.33935938197631
0.377536923779673,-1.72876181451594,22.8180414667803,-0.0831009262682642,36.6494606887419,-40.4379583640694,-3.56029207632982
0.37385047926564,-1.73158096088137,22.7526715996202,-0.160371519530015,36.7534506040021,-40.6352236174,-3.70609108484859
0.367184799331575,-1.73430597369296,22.7082347721966,-0.238918443504929,36.8543158383975,-40.8299945827944,-3.76580845328725
0.357965646284659,-1.73645240216863,22.6797203600833,-0.317233214159488,36.9524148788689,-41.0200384937213,-3.74175450325881
0.346396646033794,-1.73773708332589,22.6614617743381,-0.393846095425504,37.048185215379,-41.2032706211913,-3.64627721589517
0.332537019868374,-1.73793097577334,22.6494171623844,-0.467628392385635,37.141615406768,-41.3773399581565,-3.50046896007552
0.31635649417503,-1.73683175629893,22.6412349691213,-0.537822240327068,37.2325380586385,-41.5394563290144,-3.32967552028246
0.297801919028983,-1.73431901396438,22.6357803300676,-0.603777500789641,37.321058939957,-41.6868756712773,-3.15664936082279
0.276873716514502,-1.73038926869373,22.6325498302169,-0.664678355731063,37.4077574138987,-41.8177367149684,-2.99634446187837
0.253669429505463,-1.72513160030771,22.6312340503669,-0.719515370680066,37.493506411502,-41.931588764033,-2.85467122002654
0.22838342602914,-1.71868246030347,22.6315324372711,-0.767253864573631,37.5791542948879,-42.0293641010428,-2.73023532802765
0.201284391483886,-1.71119646950159,22.6331376805789,-0.807017294840044,37.6653294408195,-42.1130007679147,-2.61710273186954
0.172689720663657,-1.70283607464927,22.6357752393024,-0.838188107715848,37.7524057633817,-42.1849997439776,-2.5072980684878
0.142942643446135,-1.69376933372296,22.6392408061111,-0.860425886838909,37.8405506162029,-42.2480740066124,-2.39254047609203
0.112392196986771,-1.68416916783838,22.643425369874,-0.873632774945396,37.9297868988675,-42.3049199488653,-2.26524487081694
0.0813771339265422,-1.67421322552577,22.6483312180912,-0.877888327107206,38.0200421980101,-42.3580778799491,-2.11903981036412
0.0502168856254388,-1.66408490240058,22.6540762471146,-0.87336596902414,38.1111846161757,-42.4098336962009,-1.94905257750853
0.019212521999374,-1.65397372894982,22.6608725725703,-0.860243872634084,38.2030556064454,-42.4621252856794,-1.75210669770001
-0.0113427460189468,-1.64406990778295,22.6689587094946,-0.838633417516296,38.2955098261433,-42.5164461014412,-1.52685982556266
-0.041149878697532,-1.63454661095559,22.6784722777425,-0.808559595722501,38.3884623287257,-42.5737766366025,-1.27386269519214
-0.0698988779976551,-1.62552756131985,22.6892783803188,-0.770024792032145,38.4819286010317,-42.6345974667838,-0.995602044307757
-0.0972845066684034,-1.61704644189932,22.7008136065449,-0.72315980839309,38.5760348675827,-42.699016442223,-0.696718747020791
-0.123047962961826,-1.60901651097502,22.7120519190616,-0.668416666937888,38.6709842051099,-42.7669800902618,-0.384518627549458
-0.147033370683992,-1.60123862756567,22.7217022706476,-0.606700738112678,38.7669850005416,-42.8384753101402,-0.0695257991360599
-0.16922675968207,-1.59346857271436,22.7286280465504,-0.539319195452804,38.8641798122282,-42.9136195558907,0.234515879045797
-0.189739757272704,-1.58552369440632,22.7322520656946,-0.467713293790007,38.9626525012657,-42.9926082700223,0.511717310171768
-0.208733329166014,-1.57736075206936,22.732624693402,-0.393126812919897,39.0625708977241,-43.0755671076689,0.74606884674574
-0.226327465049183,-1.56906859565192,22.7300774417151,-0.316448804768719,39.1643734691914,-43.1624143500055,0.923392547104403
-0.242550719293628,-1.56079243195309,22.7247013450132,-0.238315913204922,39.2688092598079,-43.2528763121533,1.03223808420181
-0.257338903296163,-1.55264784741699,22.7159375231111,-0.159348168507339,39.3767449163784,-43.346672460079,1.06385083099467
-0.270553516592281,-1.54465824519615,22.7025904401848,-0.0803498543629207,39.4886965758727,-43.4436332532815,1.01205740552199
-0.28200524369348,-1.53673533170391,22.6840531478192,-0.00237513740811811,39.6038286357271,-43.5434570248114,0.87397669293048
-0.291542859039776,-1.5287754444825,22.6627599626312,0.0734012029793781,39.7187627352289,-43.6452539324707,0.652793954051508
-0.299186271937392,-1.52085580545974,22.6431234410887,0.146032299093972,39.8289421143544,-43.7472384195627,0.362430000946257
-0.305026595328673,-1.51325801931323,22.627341538345,0.215235711798981,39.9320810878342,-43.8464124016387,0.0298773028254529
-0.309037334084696,-1.50631076909924,22.6156246109313,0.281476144368197,40.0290765410906,-43.9395468819789,-0.308152983980211
-0.311118246143871,-1.50022121797604,22.607754370244,0.345386257883898,40.1225295495012,-44.0254748308931,-0.615641805842401
-0.311236120796827,-1.49501022830484,22.6033122225221,0.407086756765732,40.2147697070033,-44.1056037027396,-0.867604974372086
-0.309463973374472,-1.49058490737868,22.6016747019979,0.466076008883045,40.3069847144234,-44.1823113298166,-1.05203207470886
-0.305936014139959,-1.48683448530643,22.6021786674585,0.521535529833796,40.3994862778881,-44.2574989684059,-1.16652610579995
-0.300801723187367,-1.48367288763271,22.6042739287913,0.572641629643403,40.4922185190677,-44.3321710468153,-1.21466084556706
-0.294207673645588,-1.48103954742237,22.6075715031648,0.618730946433428,40.5850465563478,-44.4065644290371,-1.20343923438494
-0.286297946649488,-1.47888955058353,22.6118132128584,0.659352584089479,40.6778296615881,-44.4803535694979,-1.14173732875774
-0.277219275251683,-1.47718836323049,22.6168138345385,0.694271857480843,40.77040068784,-44.5527964523708,-1.03940760240391
-0.267123620045861,-1.47591125330948,22.6224125285419,0.723460687331772,40.8625348189034,-44.622862069719,-0.906692818391234
-0.256166576104376,-1.47504213964457,22.6284501684412,0.747078014767494,40.9539418698796,-44.6893992334542,-0.753667346684053
-0.244502665769103,-1.47456885441045,22.6347718682533,0.765431965071986,41.0442890846045,-44.7513517698243,-0.589595206819526
-0.232279315875246,-1.47447663121567,22.641242105083,0.778923742371575,41.1332457240847,-44.8079592452455,-0.422308205966109
-0.219631220255177,-1.47474383488249,22.6477577072695,0.787987129225337,41.2205307430014,-44.8588644215182,-0.257816491613165
-0.206676309986244,-1.47534195529372,22.6542511606603,0.793040757042458,41.3059450919883,-44.9040978657695,-0.100274721502799
-0.193513884574465,-1.47623870461367,22.6606854576564,0.794461151382046,41.3893809172881,-44.9439760524158,0.047755463427028
-0.180224795233896,-1.47740182645808,22.6670454784452,0.792573823255896,41.470811722093,-44.9789746633154,0.184907884537428
-0.166873120594072,-1.47880197931235,22.6733298807617,0.78765522997878,41.5502727089837,-45.0096216480648,0.310620595419161
-0.153508632424236,-1.48041424606022,22.6795451301638,0.779939406104412,41.6278393892921,-45.0364260534194,0.42482201876005
-0.140169451451724,-1.48221852245637,22.6857017294143,0.769625650138018,41.7036090916871,-45.059839732495,0.52770832463997
-0.126884501875318,-1.4841992185947,22.6918121252135,0.756885669848256,41.7776870046988,-45.0802422726647,0.619598214299829
-0.11367557577101,-1.48634463286625,22.6978897372777,0.741869678959857,41.85017662673,-45.0979396954772,0.700844230749338
-0.100558962562609,-1.48864622557744,22.7039487001086,0.724711406943568,41.9211737589992,-45.1131700423105,0.771782012694889
-0.0875466790629253,-1.49109791093362,22.7100040638319,0.705532145915366,41.9907630353507,-45.1261115499829,0.832703734565735
-0.0746473687709171,-1.49369541658028,22.7160723203721,0.684443994327935,42.0590161068865,-45.1368910262168,0.883846476001698
-0.0618669438895936,-1.4964357212204,22.7221722054036,0.661552446077393,42.1259908025901,-45.1455912446253,0.925389659905383
-0.0492090351372359,-1.49931656143667,22.7283257862729,0.636958447771781,42.1917307793236,-45.1522568794749,0.957458019672014
-0.0366753016278006,-1.50233599013119,22.7345598924158,0.610760017244719,42.2562653271301,-45.1568988802823,0.980128061324426
-0.0242656408667353,-1.50549196559831,22.7409079852918,0.583053487647907,42.3196091038018,-45.1594973824969,0.993436930382575
-0.0119783289202058,-1.50878194935326,22.7474126044857,0.55393441530098,42.3817616444002,-45.1600033519359,0.997393175296079
0.000189886691371616,-1.51220249106762,22.7541285676656,0.523498167224765,42.4427065368486,-45.1583392212126,0.991989257296598
0.0122437247291117,-1.51574877969417,22.7611271438554,0.4918401868725,42.5024101848451,-45.1543988284582,0.977215884397083
0.0241893273102059,-1.51941414051309,22.7685014554551,0.45905592630876,42.5608201030544,-45.148047031942,0.953078410769021
0.0360342319747513,-1.52318945762188,22.7763733765388,0.425240431241327,42.6178627212871,-45.1391194617859,0.919615694151442
0.0477873647876781,-1.5270624985721,22.7849021383408,0.390487574500564,42.6734407341422,-45.1274229913928,0.876921991493961
0.0594590767639289,-1.53101710981267,22.7942946250649,0.35488895327613,42.7274301663851,-45.1127376740827,0.825172744876122
0.0710612681164691,-1.53503223514485,22.8048167189943,0.318532492998029,42.7796776270478,-45.0948210994286,0.76465550483658
0.0826076678623775,-1.53908068480066,22.8168035686347,0.28150082444717,42.8299989023216,-45.0734163703331,0.695807732156079
0.0941143384263982,-1.54312756521095,22.8306634418696,0.24386949991646,42.8781814784116,-45.0482651300462,0.619263559712673
0.105600397892689,-1.54712832973608,22.8468636133854,0.205705062512763,42.9239963848364,-45.0191270758509,0.535910868536363
0.117088675011771,-1.55102669388229,22.8658768421893,0.167062883044452,42.96722925628,-44.9858066111264,0.446955793010219
0.128605371202844,-1.55475349262244,22.8880576934631,0.127984673957627,43.0077447951211,-44.9481844686821,0.353979275889992
0.140176868648536,-1.55822919049742,22.9134286151402,0.0884961202081818,43.0455938034407,-44.9062457218124,0.258945468395715
0.151821661011678,-1.56137425726166,22.9414251591322,0.048606663699446,43.0811390036799,-44.8600870023719,0.164096803057192
0.163538384299854,-1.56412926150511,22.9707830898285,0.00831522979286293,43.1151116899813,-44.8098862872416,0.0716975381798343
0.175297186771908,-1.56647686969303,22.9997919726849,-0.0323762607144946,43.1484892410223,-44.7558447333622,-0.0162827907261842
0.187043286384495,-1.56844929414094,23.0268692084465,-0.0734470702982627,43.1822118256644,-44.6981457935447,-0.0983319582996148
0.198711743531599,-1.57011372460779,23.0510491910745,-0.114849299851323,43.2169324702673,-44.6369663912562,-0.173299614452159
0.21024260308553,-1.57154777374752,23.0720727394303,-0.156510528027591,43.2529568963076,-44.5725194317277,-0.240189477923115
0.221588498016587,-1.57282110819157,23.0901682512923,-0.198342349368426,43.2903348414717,-44.5050831300646,-0.298034076171773
0.232715157468213,-1.57398817992948,23.1057805448753,-0.24024868572992,43.3289818367184,-44.4349990605246,-0.345900916403178
0.243598626805268,-1.5750883447602,23.1193875766531,-0.282131481971801,43.3687636577216,-44.3626486558687,-0.382972394305635
0.254221971596675,-1.5761488077758,23.1314146687773,-0.323894030684117,43.4095380359313,-44.2884239754516,-0.408636322763661
0.264572602744561,-1.57718790994757,23.1422099955193,-0.365442693340055,43.4511701912795,-44.2127030550654,-0.422555206322912
0.274640474550374,-1.57821789310618,23.1520484231887,-0.406687520364415,43.4935367852591,-44.1358338890077,-0.424706814979156
0.284417085355528,-1.5792469876068,23.161144514065,-0.44754205584747,43.5365259995124,-44.0581271976205,-0.415399555807082
0.293895112969221,-1.58028087218874,23.1696658389635,-0.487922585205385,43.5800365519821,-43.9798563006027,-0.395268491551644
0.30306848411602,-1.58132359017319,23.1777434594242,-0.527747154006871,43.6239762001384,-43.9012618344034,-0.365256335903632
0.311932664286101,-1.582378012568,23.1854791611877,-0.566934751600341,43.6682597027288,-43.8225591048342,-0.326581245714832
0.3204849600901,-1.58344595538436,23.1929501583542,-0.605405045938202,43.7128064003897,-43.743946173586,-0.280691366776025
0.328724658527981,-1.58452808267644,23.2002123383268,-0.643078937585328,43.7575379195804,-43.6656111611899,-0.229205777026824
0.336652891701939,-1.58562374210153,23.2073030545393,-0.679879974001962,43.8023766632866,-43.5877376715885,-0.173843005558071
0.344272205228889,-1.58673086940539,23.21424416777,-0.715736385565596,43.8472456003844,-43.5105077288918,-0.116341246426632
0.351585902934416,-1.58784605515295,23.22104560623,-0.750583275008776,43.8920694598303,-43.4341021572659,-0.0583775149301336
0.358597309165192,-1.58896480044199,23.2277092927673,-0.784364415283663,43.9367769608271,-43.3586988444506,-0.00149472893788334
0.365309108984108,-1.59008192109505,23.2342330078444,-0.817033227625879,43.9813033804856,-43.2844696776838,0.0529550570204435
0.371722892316116,-1.59119201620049,23.2406136950814,-0.848552768353865,44.0255927079312,-43.2115770366488,0.103846176249223
0.377838960575634,-1.59228990885427,23.2468498509432,-0.87889483307366,44.069598844667,-43.1401705843149,0.150292802795217
0.383656383768302,-1.59337098931789,23.2529428741666,-0.908038481255079,44.113285656161,-43.0703848173748,0.191643262754077
0.389173246626494,-1.59443142740798,23.2588974726336,-0.935968345584654,44.1566260041346,-43.0023375487541,0.227460328203226
0.394387002734676,-1.59546825540046,23.2647213651917,-0.962673038983485,44.1996000912776,-42.9361292789155,0.257493087279265
0.399294860917095,-1.59647934557741,23.2704245590197,-0.988143861888443,44.2421935071998,-42.8718432947712,0.281645229397006
0.403894147368678,-1.59746331605434,23.2760184535708,-1.01237389563593,44.2843953107214,-42.8095462986081,0.299943292918238
0.408182610004407,-1.59841939787928,23.2815149562921,-1.03535747759904,44.3261963763313,-42.7492893805769,0.312507124678579
0.412158651423283,-1.59934729007082,23.2869257228949,-1.05708999875835,44.3675881172092,-42.6911091833917,0.319523762973544
0.415821491310599,-1.60024702113471,23.2922615738159,-1.0775679423076,44.4085616049442,-42.6350291454163,0.321225239522213
0.419171267627573,-1.60111882799638,23.297532094969,-1.09678908173154,44.4491070453981,-42.5810607427473,0.317870350772378
0.422209089796888,-1.60196305733696,23.3027454047409,-1.11475276941291,44.4892135409236,-42.5292046770895,0.309730194258721
0.424937057666023,-1.60278009025654,23.3079080569709,-1.13146026440346,44.528869064373,-42.4794519740291,0.297077128737958
0.427358258481426,-1.60357028877102,23.3130250470047,-1.14691506495999,44.5680605808469,-42.4317849681343,0.280176746710292
0.429476751494293,-1.60433396152295,23.3180998913538,-1.16112322573865,44.6067742738139,-42.3861781562883,0.259282413180514
0.431297546609335,-1.60507134582127,23.3231347581087,-1.17409364922861,44.6449958573418,-42.3425989015784,0.234631906561521
0.432826579968161,-1.60578260337638,23.3281306332135,-1.1858383456073,44.6827109830652,-42.3010079680616,0.20644568548563
0.434070685593319,-1.60646782759653,23.3330875159191,-1.19637265459246,44.7199057780416,-42.2613598627119,0.174926290969959
0.435037558053878,-1.60712706081696,23.3380046442217,-1.20571541623084,44.7565675744855,-42.2236029588098,0.14025837298668
0.435735696551819,-1.60776032015674,23.3428807570527,-1.21388906481718,44.7926859106235,-42.1876793784896,0.102608804839711
0.436174316102338,-1.60836763058526,23.3477144026105,-1.22091960094181,44.8282538814132,-42.1535246308803,0.0621263331157675
0.43636320776983,-1.60894906301095,23.3525042991081,-1.22683637399139,44.8632698822575,-42.1210670453154,0.018940239421204
0.436312529643493,-1.60950477353529,23.3572497415303,-1.23167158817797,44.8977396919274,-42.0902271191232,-0.0268423719261939
0.436032517391303,-1.61003503761218,23.3619510237125,-1.23545944547686,44.931678670411,-42.0609170107801,-0.0751407249532373
0.435533121553375,-1.61054027058505,23.3666098126537,-1.23823488041077,44.9651136296574,-42.0330405148614,-0.125905493551296
0.434823607723512,-1.61102102572232,23.3712293852264,-1.24003193938956,44.9980837663081,-42.0064938771809,-0.179123790289036
0.433912185641971,-1.61147796457602,23.3758146404906,-1.24088199645406,45.0306400880619,-41.9811676505019,-0.234822504287434
0.432805745633173,-1.61191180251324,23.3803718503476,-1.24081211407774,45.0628431252027,-41.956949438492,-0.293068659049154
0.431509760772489,-1.61232324145837,23.3849081948087,-1.23984387062123,45.0947592863787,-41.9337269877367,-0.35396634498998
0.430028366150495,-1.61271290675182,23.3894311999539,-1.23799285099556,45.1264566875568,-41.9113908907552,-0.417650942272125
0.428364576784041,-1.61308130273913,23.3939482160177,-1.2352687969853,45.1580013702691,-41.8898363044711,-0.48428211809091
0.426520578934332,-1.6134287940238,23.3984660340715,-1.23167624611285,45.1894545206619,-41.8689634614786,-0.554037086114483
0.424498031801133,-1.61375561129347,23.4029906768619,-1.22721542200166,45.2208708515902,-41.8486771225315,-0.627105053873334
0.422298336434248,-1.6140618757841,23.4075273482206,-1.22188316729924,45.2522979613108,-41.8288853287562,-0.703683094338596
0.419922851030922,-1.61434763529485,23.4120805013304,-1.21567378292382,45.2837763296057,-41.8094978461029,-0.783973178166499
0.417373047696059,-1.61461290578488,23.4166539845294,-1.20857971006044,45.3153396158232,-41.790424624804,-0.868179865780598
0.414650613361501,-1.61485771435041,23.4212512332395,-1.20059204288046,45.3470150032213,-41.7715744988379,-0.956508115660201
0.411757499625502,-1.61508214092886,23.4258754879447,-1.19170089018285,45.3788234277959,-41.7528542673151,-1.04916069310701
0.408695924033188,-1.61528635666953,23.4305300281194,-1.18189561762881,45.4107796047669,-41.7341682483514,-1.14633473886424
0.405468322986167,-1.61547065725408,23.4352184169439,-1.17116500948428,45.4428918272412,-41.7154183612602,-1.24821707684129
0.402077253298038,-1.61563548906802,23.4399447540696,-1.15949739212166,45.4751615547192,-41.696504775665,-1.35497785801083
0.398525237513783,-1.61578146561746,23.4447139330599,-1.14688076591399,45.5075828477201,-41.6773271515404,-1.46676211504002
0.394814547653582,-1.61590937107835,23.4495318979555,-1.13330299743847,45.5401417464983,-41.65778647579,-1.58367876502577
0.390946924048644,-1.61602014761043,23.4544058901452,-1.11875212996542,45.572815740474,-41.6377874726369,-1.70578655908978
0.386923231230461,-1.61611486332247,23.4593446732129,-1.10321687388314,45.6055735332258,-41.617241517515,-1.83307648515574
0.382743062848738,-1.61619465875536,23.4643587197469,-1.08668733615701,45.6383753660891,-41.5960699076639,-1.96545025313823
0.378404323169954,-1.61626067163003,23.4694603408138,-1.06915603097425,45.6711742027101,-41.5742072239154,-2.10269485946179
0.373902834167448,-1.61631394244551,23.4746637362052,-1.05061917325153,45.7039180567869,-41.5516043528825,-2.24445399318325
0.369232042191539,-1.61635530723262,23.4799849432844,-1.03107818302304,45.7365536120263,-41.5282305454974,-2.39019834694737
0.364382920132234,-1.61638528809813,23.4854416674924,-1.01054122108685,45.7690309865803,-41.5040737349498,-2.53919870004065
0.359344166906459,-1.61640399655938,23.4910529940351,-0.989024451791426,45.8013090394713,-41.4791383519832,-2.69050756136113
0.354102779993887,-1.61641106797262,23.4968390122381,-0.966552638441746,45.8333601169935,-41.4534402185261,-2.84295626761618
0.348645007094809,-1.61640564582239,23.5028204297923,-0.94315869483461,45.8651728439779,-41.4269988505204,-2.99517347316717
0.342957578130884,-1.61638643013526,23.5090182986524,-0.91888200648056,45.8967517653411,-41.3998285077056,-3.14562708377914
0.337029015025874,-1.61635179372251,23.5154539927445,-0.893765682755963,45.928113449229,-41.3719301507596,-3.29268550377586
0.330850766352173,-1.61629995523361,23.5221495505349,-0.867853278724828,45.9592798192171,-41.3432865679717,-3.43468806660066
0.324417951504585,-1.6162291845046,23.5291284286225,-0.841185744342551,45.9902704382129,-41.313862083104,-3.57001180231843
0.317729611858377,-1.61613800969465,23.5364166388645,-0.813799298508065,46.0210957329424,-41.283606790296,-3.69712373821132
0.310788500411137,-1.61602540018337,23.544044199657,-0.785724624306247,46.0517526476992,-41.2524638993232,-3.8146134189444
0.303600539138799,-1.61589091184231,23.5520468403739,-0.756987400182309,46.0822232928523,-41.2203781138391,-3.92120629540961
0.296174108298689,-1.61573479655952,23.5604679483834,-0.727609882741897,46.1124762722592,-41.1873031376373,-4.01576261097426
0.288519313421842,-1.61555809067088,23.5693608187331,-0.697613115576402,46.1424698271215,-41.1532071278005,-4.09726771241788
0.28064733004572,-1.61536270463816,23.5787913382435,-0.667019338039582,46.1721557644787,-41.1180757842773,-4.1648190697937
0.272569877662654,-1.61515153865077,23.5888412973495,-0.635854249720367,46.201483230362,-41.081913492494,-4.2176138755608
0.264298836271285,-1.61492864665511,23.5996125697927,-0.604148893638117,46.230401591398,-41.044743402365,-4.25493979178251
0.255845995347298,-1.61469946551663,23.6112324272743,-0.571941019832659,46.2588618900826,-41.0066075402722,-4.27617061642618
0.24722291485227,-1.61447111702212,23.6238602531364,-0.53927586774744,46.2868164766271,-40.9675680643531,-4.28076838018897
0.238440878366932,-1.61425277820156,23.6376958664247,-0.506206360485774,46.3142164783902,-40.9277106367284,-4.26829354592879
0.229510927158541,-1.61405609993802,23.6529895340123,-0.472792743019248,46.3410067668354,-40.8871506153291,-4.23842544317683
0.220443979188285,-1.61389563593291,23.6700534919174,-0.439101726946871,46.3671180743881,-40.8460423305082,-4.19099575630775
0.211251057358256,-1.61378922727018,23.6892743717391,-0.405205229662776,46.3924559841493,-40.8045910183933,-4.12603868863798
0.201943675587315,-1.61375828054037,23.7111253004058,-0.371178811286441,46.4168867812258,-40.7630658967769,-4.04386197027984
0.19253445795467,-1.61382789594416,23.7361756165301,-0.337099902465674,46.4402207684496,-40.7218112664242,-3.94514215456032
0.183038092660964,-1.61402687055746,23.765095189999,-0.303045858200924,46.4621947977669,-40.681250488634,-3.83104373143128
0.173472745103165,-1.61438774449838,23.7986493198641,-0.269091754662513,46.4824576360677,-40.6418759317037,-3.70335206353932
0.163862068486903,-1.61494726176305,23.837678964392,-0.235307687489903,46.500564417247,-40.6042182679855,-3.56459416574561
0.15423794892797,-1.61574776489764,23.8830587972057,-0.20175518404965,46.515989454443,-40.5687933992936,-3.41810322223637
0.144644074711386,-1.61683984409615,23.9356208259047,-0.168482246256279,46.5281689668942,-40.5360358812091,-3.26797375952985
0.135140208479464,-1.61828562981216,23.9960243728521,-0.135516487257609,46.5365847346496,-40.5062398347875,-3.11886681964549
0.125806381859832,-1.620160348085,24.0645522296874,-0.10285596156867,46.5408929806398,-40.4795319707092,-2.97565926884778
0.116744809031301,-1.62254797992354,24.1408379479159,-0.0704583424166406,46.5410848041552,-40.4558884695231,-2.84297666922379
0.10807551329398,-1.62552724776605,24.2235988190717,-0.0382320791766192,46.5376320421877,-40.4351830156006,-2.72469665442823
0.0999215994104394,-1.6291490292099,24.3105365401283,-0.00603717537763627,46.5315386181406,-40.4172354703176,-2.62355572077895
0.0923847488621947,-1.63341441055254,24.3985733092627,0.02629658669566,46.5242230781777,-40.4018360260461,-2.54100311168653
0.085519898125556,-1.63826652903171,24.4844283701583,0.0589346039230584,46.5172370497875,-40.388745184749,-2.4773642533928
0.0793222846651142,-1.64360229360353,24.5652994585643,0.0919989744267162,46.5119340162036,-40.3776914746911,-2.43222186801801
0.0737334769419316,-1.64929698544111,24.6393303129729,0.125544231176918,46.5092385839485,-40.3683859610811,-2.40482246952043
0.0686610246398174,-1.65522839013923,24.7057080977452,0.159555347138261,46.5095902087235,-40.3605528819772,-2.39435550488494
0.0640004147989196,-1.66129166257782,24.7644673171593,0.193962535411553,46.5130273856309,-40.3539623996124,-2.4000691320031
0.0596511506129351,-1.66740419897349,24.816181202271,0.228661594644967,46.5193289494671,-40.3484535585252,-2.42127003840726
0.0555250095237331,-1.67350423007424,24.8616821912579,0.263531382083693,46.5281461083812,-40.3439442911984,-2.45727014544783
0.051548440279087,-1.67954700121685,24.901868031088,0.298445374008855,46.5390976969722,-40.3404310758076,-2.50732195036149
0.0476618659624027,-1.68550082688967,24.9375909769945,0.333277876907783,46.5518285895183,-40.3379817612717,-2.57056096435026
0.0438179273191119,-1.69134387516223,24.9696059168623,0.367906723090811,46.566041463674,-40.3367235953115,-2.64596055442323
0.0399797373507047,-1.69706174849942,24.9985534152032,0.402214238301367,46.5815120520713,-40.3368269494442,-2.73230001297764
0.0361195203155911,-1.70264563408405,25.0249608819792,0.436087786596172,46.5980945201797,-40.3384846452161,-2.82814649571166
0.0322176118714528,-1.70809076715039,25.0492521356848,0.469420667540436,46.6157201856055,-40.3418873034524,-2.93185249363176
0.0282616161521823,-1.71339503557754,25.0717605042754,0.502113654165607,46.6343906244386,-40.3471965061787,-3.0415711110599
0.0242454778970143,-1.71855767428566,25.0927433544636,0.534077027585462,46.6541654371169,-40.3545192350661,-3.15529082011063
0.0201682911571448,-1.72357810586746,25.1123971508684,0.565232621003187,46.6751453153464,-40.3638882410579,-3.27088926526596
0.016032796544127,-1.72845504305325,25.1308724187281,0.595515205729756,46.6974520849283,-40.3752528851857,-3.38620232088183
0.0118436706624979,-1.73318595880653,25.1482878304628,0.624872604979306,46.721208462332,-40.3884831544115,-3.49910082678503
0.00760582742277826,-1.73776695845409,25.1647424709377,0.653264206625559,46.7465207293428,-40.4033864057659,-3.60756465473423
0.00332298399767618,-1.74219299199418,25.1803254244699,0.680657962249154,46.7734670548265,-40.4197331417297,-3.70974340151986
-0.00100331687116384,-1.74645827019764,25.1951222222964,0.707026334970912,46.802092903889,-40.437286164457,-3.80399557528322
-0.0053741590524977,-1.75055672484605,25.2092182482678,0.732341842738125,46.8324134059314,-40.4558275236232,-3.88890274059562
-0.00979323852478249,-1.75448237941547,25.222699695234,0.756572787116502,46.8644213221715,-40.4751794382789,-3.96325983129234
-0.0142665279768976,-1.75822954607411,25.2356529288493,0.77967951781831,46.8980987276757,-40.4952178202858,-4.02604597489061
-0.01880179632348,-1.76179280913657,25.2481631214314,0.801611269417699,46.9334307112708,-40.5158791617117,-4.07638096402062
-0.0234081436259141,-1.76516677545004,25.2603128471045,0.822303303376834,46.9704200676194,-40.5371628762132,-4.11347125719935
-0.0280956748024852,-1.76834556195259,25.2721810964961,0.84167381942468,47.0091028464192,-40.5591317410756,-4.13654685063821
-0.0328753962719212,-1.77132194672429,25.2838429618315,0.859619820021099,47.0495655717284,-40.5819132006777,-4.14478712634868
-0.0377593860414425,-1.77408602231824,25.2953700982497,0.87601071274439,47.0919659195129,-40.6057043494206,-4.1372300148407
-0.0427612487957286,-1.77662302961032,25.3068319687215,0.890677734499022,47.1365596722869,-40.6307837236641,-4.11265439107015
-0.0478967788147999,-1.77890975205113,25.3182977511826,0.903395990645785,47.1837377352657,-40.6575337493837,-4.06942092471636
-0.0531844884574049,-1.78090829394103,25.3298384273874,0.913853637915412,47.2340769430862,-40.6864784871686,-4.00525521618791
-0.0586449060235969,-1.78255510934994,25.3415275376271,0.921599474104467,47.2884034637648,-40.7183401521981,-3.91697495390471
-0.0642957326441499,-1.78374200730294,25.3534367388201,0.925958671066862,47.3478459920389,-40.7541073511328,-3.8002544854593
-0.0701371919348537,-1.78428690285128,25.3656200133077,0.925920110674844,47.4137943149917,-40.7950700843139,-3.6498166573282
-0.0761243395849735,-1.78390369752116,25.3780912859234,0.920058847581244,47.487588036578,-40.8427024405388,-3.46101152203851
-0.0821471937899216,-1.78220981644039,25.3908512452219,0.906642379105289,47.5698588067922,-40.8982725819372,-3.23372483956093
-0.0880632903670261,-1.77881568096477,25.4040444464579,0.883951318800306,47.6599805494348,-40.9623128696408,-2.97710307827065
-0.0937562691179348,-1.77345942571028,25.4181280905327,0.850528448486933,47.7562437389073,-41.0342362287953,-2.71107279494892
-0.0991264619580744,-1.76607332648029,25.4337689116752,0.805217689652216,47.856647030361,-41.1121920360477,-2.46312929830849
-0.104035525742326,-1.75672260846331,25.4515238373284,0.747225055721762,47.9598029992325,-41.19326014927,-2.26294377239593
-0.108306694237391,-1.7454885749756,25.4717018939468,0.676291380267274,48.0654099010951,-41.2739087908631,-2.13813869485105
-0.111787816449607,-1.73241478071134,25.4946193809772,0.592799440987956,48.1739385061344,-41.3503090061998,-2.11199363262046
-0.114412345962216,-1.71754567393951,25.5211578615463,0.497684592949839,48.2856794825471,-41.4182507384964,-2.20152924896891
-0.116239862413231,-1.70099498754672,25.553627410463,0.392222106073779,48.3994995704519,-41.4730119619012,-2.41407910754836
-0.117537703919982,-1.68298219997161,25.5973629382432,0.2779071357807,48.5115295147315,-41.5100193701535,-2.74045865348894
-0.119012073463254,-1.66388358697624,25.6632273514347,0.156633655754228,48.6142837334568,-41.5268430419417,-3.14446668370683
-0.122210860627657,-1.64456433390553,25.7642266861301,0.03080746306181,48.7000229921859,-41.5261762930948,-3.55564745654129
-0.128761786153963,-1.62654525272665,25.8814901700876,-0.0976880360372631,48.779487196178,-41.5138656147206,-3.88229202712996
-0.137496097716444,-1.60983647564599,25.9682331216844,-0.22767114847782,48.8759173655739,-41.4864653537489,-4.06122997178004
-0.146427876217657,-1.59319270639569,26.0227043877561,-0.356776381310882,48.987541532816,-41.4390443075264,-4.07572825715584
-0.1547140543827,-1.5761281253532,26.0582628562052,-0.481625465800986,49.1070641791187,-41.3724128368945,-3.93310256222821
-0.162015260480772,-1.5587673710864,26.0824607588731,-0.599289773547395,49.2317529035173,-41.2905694483843,-3.66171271029524
-0.167929905383647,-1.5414510021653,26.0992929379334,-0.708311338684607,49.3602175835388,-41.1993844591245,-3.3119995784938
-0.17188582977982,-1.5243435682022,26.1121562180343,-0.808490787744405,49.4898387565624,-41.1041406459023,-2.94926142104152
-0.173509614750285,-1.50724891437866,26.1240528471362,-0.899428158085644,49.6180621617675,-41.0068199532722,-2.63454846307577
-0.172888896512898,-1.48986663705861,26.1366297186357,-0.979687791986056,49.7446955822534,-40.9067358240065,-2.40665469000093
-0.170383013733285,-1.47208221888161,26.1502190120758,-1.04732776400343,49.871455315928,-40.8030274289241,-2.28045333252065
-0.166359050679651,-1.45399224448008,26.164627172838,-1.10061610520568,49.9999924478922,-40.6956692804545,-2.25594236402181
-0.161091303659609,-1.43581150273442,26.1797006678949,-1.13821507355766,50.1306787217288,-40.5852488146811,-2.32690663945073
-0.154766186205713,-1.41781824381748,26.1954546410258,-1.15896018489791,50.2624763312811,-40.4729984115535,-2.48452700488623
-0.147533220856393,-1.40038049299701,26.2118689827245,-1.16154308116898,50.3935008237184,-40.3615538858315,-2.71533899653506
-0.139583639196755,-1.38404523467814,26.2284770169406,-1.14451949881835,50.5220045225176,-40.2556646570696,-2.99506507699702
-0.131162332006975,-1.36955401702634,26.2441733620028,-1.10699443749838,50.6473834979914,-40.1609820206056,-3.28499780417348
-0.122415014846057,-1.35764774296621,26.2577417084387,-1.04936295422378,50.7703418939806,-40.0809556661643,-3.53857161211471
-0.113245525068298,-1.34882656162229,26.268613290801,-0.973191921273274,50.8919553731824,-40.0157129851944,-3.7126996266425
-0.103377174419136,-1.34328063105663,26.2769718629296,-0.880590887358283,51.0130315902618,-39.9643035676628,-3.77545303500355
-0.0925245749348574,-1.34098323540988,26.2832387915673,-0.77383019111844,51.1343633698275,-39.9277810259191,-3.710286311092
-0.0805285307070924,-1.34181218327311,26.2874717476424,-0.655277266336755,51.2570400526409,-39.9112306089416,-3.51933186993406
-0.0674307924344338,-1.34559669522001,26.2889183028086,-0.527316101594247,51.3821635065582,-39.9235504783444,-3.22713244937758
-0.0534920896206943,-1.35207764925997,26.2856961202785,-0.392205097883367,51.5102229848114,-39.9730319581678,-2.88382696795716
-0.0391418675296241,-1.36089480664035,26.2742538174399,-0.252167285419492,51.6414034830593,-40.0598506867171,-2.56432998081988
-0.0249676076480885,-1.37189228967104,26.2478813866963,-0.109825431938874,51.7779856178009,-40.1731461383689,-2.35532204324545
-0.0119367623805141,-1.38579342560991,26.2040504130007,0.031637618948451,51.9224638053369,-40.2965829613987,-2.32566920945917
-0.000984265041583455,-1.40315711704767,26.1667851769222,0.168958779497344,52.0644467934753,-40.4203663524533,-2.489889811561
0.00785397771105901,-1.42321822729134,26.1480643207507,0.298812135144001,52.198271582626,-40.5474995092653,-2.81289330740569
0.0148877547029572,-1.44541153886284,26.1424890759819,0.417712265780159,52.3296613644288,-40.6835227117821,-3.22464501626834
0.0207196443089869,-1.46930299141239,26.1431012917514,0.522681427217964,52.4673173894542,-40.8269535938381,-3.63210895968773
0.0259085500629374,-1.49446343085782,26.1450099862604,0.612230313659066,52.6147941934584,-40.9691496967939,-3.96225480784684
0.0306729031268563,-1.52060801155757,26.1466302116922,0.685879446530799,52.7681271562956,-41.1043350382177,-4.18721021387442
0.035052618598752,-1.5474794883775,26.1479939535354,0.743207511830116,52.9214443534491,-41.2327666282934,-4.31054406247304
0.0390782541614142,-1.57468300826528,26.1491618660468,0.783826736400916,53.0707120610184,-41.3570894679971,-4.34922913548132
0.0427860786436414,-1.60165415107953,26.1498482116232,0.807782185801413,53.2138848570572,-41.4793064535304,-4.32355380478067
0.0461792684419607,-1.62773710696846,26.1495841958773,0.815806121062817,53.3501221253276,-41.5998482475992,-4.25227864439027
0.0492093536489751,-1.65231752672657,26.1479303261213,0.809281660932411,53.4793293171001,-41.7178406356705,-4.15054998466813
0.0517882714389754,-1.67493870801821,26.144580758666,0.789955532815146,53.6020221996376,-41.8317366757285,-4.02930457773236
0.0538107485670841,-1.69533543640435,26.1393553056626,0.75958251376105,53.719189650757,-41.9397757981741,-3.8956698803413
0.0551717668236904,-1.71339462857249,26.1321360886655,0.719706960550804,53.8320601419139,-42.0401266648337,-3.7539799991423
0.0557787128090546,-1.72910119576945,26.1227948333485,0.671618571264256,53.9418920038698,-42.1308885268828,-3.60686011322121
0.0555613848493878,-1.74250049697319,26.1111186863603,0.616399012362224,54.0498561443675,-42.2101126449223,-3.45602119635324
0.0544807299427252,-1.75367595073339,26.0967207532787,0.554989354712236,54.1569965878517,-42.2758829209142,-3.30273027644518
0.0525364313030397,-1.76273293661338,26.0789118480085,0.488251020464831,54.264250296035,-42.3264388121802,-3.14807785478969
0.0497748364448823,-1.76978257328386,26.0564957257133,0.417014083730254,54.3725346364908,-42.3603115965359,-2.99317783442443
0.0463017582463006,-1.77491952168063,26.0274283493709,0.342113871159352,54.482935020472,-42.3764378368555,-2.83936626092604
0.0423105710801166,-1.77818377042258,25.9882983562982,0.264421682796912,54.5970253473623,-42.3741997533466,-2.6882852706074
0.038146294650318,-1.77949017687726,25.9339155157232,0.184874282740627,54.7172118268406,-42.3533236423004,-2.54132278954863
0.0344196884924578,-1.77853373487976,25.8589021927515,0.10446290066196,54.8462366092451,-42.3136117607208,-2.39731272198149
0.0320230821735749,-1.77485715167592,25.7657246924494,0.0240348214389927,54.9835748645543,-42.2549444912247,-2.24956993604482
0.0315979564399462,-1.7683904990871,25.6725411341707,-0.0560387249130907,55.1211697109225,-42.1786425063044,-2.09252491358896
0.0329305865484899,-1.75972089816106,25.5974053713557,-0.135672342422617,55.2500665177192,-42.0884757129738,-1.93587148712507
0.0354118994739717,-1.74949119928221,25.5433295536743,-0.214414209924564,55.36812078388,-41.9887742345899,-1.79909430642716
0.0385608739627433,-1.73807428873674,25.5055732509308,-0.291374193397589,55.4774072447278,-41.8829980092382,-1.69822259070396
0.0420654517624635,-1.72566373688751,25.478932337273,-0.365560098367866,55.5807624082461,-41.7736398850492,-1.64244739122265
0.0457186434993405,-1.71238623111892,25.4595714995127,-0.436109660804134,55.6805932964173,-41.6623214570117,-1.63573603630205
0.0493828081882461,-1.69835341527217,25.4449607073382,-0.502374198531171,55.7786222025948,-41.549885035248,-1.6787848270406
0.0529743411928827,-1.68367901846829,25.4335190533364,-0.563927433162112,55.8758519469919,-41.4365519941805,-1.77026125308278
0.056456457942207,-1.66848248707912,25.4243152833503,-0.62054151819756,55.9725587031529,-41.3221654692074,-1.90740587700104
0.0598329857354637,-1.65288668674025,25.4168532828222,-0.672137509978723,56.0682998207603,-41.2065045109062,-2.08627061016355
0.0631358601778355,-1.63701081096814,25.4109038150124,-0.718708125881044,56.1620136561944,-41.0896439738877,-2.30173722921746
0.0663999328545131,-1.62095939545088,25.406342126389,-0.760225737368446,56.2523242153475,-40.9722975657594,-2.54720915193493
0.0696262461791672,-1.60481110856073,25.4029829471451,-0.796574132413431,56.3380789171169,-40.8559915418485,-2.81389079817581
0.0727505908952399,-1.58861427342736,25.4004608840244,-0.827556932210356,56.4188978073953,-40.7428396544038,-3.09024112259613
0.075646038181345,-1.572396946068,25.3982392227842,-0.853004857361378,56.495315588461,-40.634862002133,-3.36288063534403
0.0781689824464245,-1.55619058170537,25.3957605374039,-0.872916141021293,56.568362977684,-40.5332586296317,-3.61919600729244
0.080215455656673,-1.54005080065708,25.3926200299008,-0.887517761445411,56.6389763518364,-40.4381914091376,-3.84979375546288
0.0817477697814944,-1.52405975712572,25.3886371754579,-0.897216673543196,56.7076880132899,-40.3490982631855,-4.04919934281253
0.082786853301377,-1.50831319602516,25.383820059361,-0.902503492299797,56.7746496942453,-40.2651392084993,-4.21516215295338
0.0833892570030765,-1.49290498320422,25.3782864735464,-0.903871746084829,56.8397988163728,-40.1854931668544,-4.34760751477147
0.0836251674367752,-1.47791690156932,25.3721925594051,-0.901773856185817,56.9030135177627,-40.1094757682562,-4.44777871557693
0.0835637533778085,-1.46341447739581,25.3656870637277,-0.896607293678537,56.9642044978125,-40.0365511596154,-4.51765189389303
0.0832657841120081,-1.44944679760491,25.3588895977689,-0.888717096099314,57.0233497403978,-39.9663058609693,-4.55955940332884
0.0827812293345302,-1.43604832174121,25.351884777348,-0.878403856236711,57.0804942473139,-39.8984216514623,-4.57595640589759
0.0821495172941461,-1.42324139897002,25.3447243663179,-0.865931470002993,57.1357341928214,-39.8326602366361,-4.56928892619938
0.0814008359227759,-1.41103875230361,25.3374320536924,-0.851532801300583,57.1891976000818,-39.7688597264577,-4.54193471142777
0.0805576019607023,-1.39944554077566,25.3300080527763,-0.835413383250097,57.2410273872997,-39.7069382339356,-4.49619222517308
0.0796357560345595,-1.38846085047887,25.3224325463897,-0.817753932031804,57.2913687430611,-39.6468991513503,-4.43429446833352
0.078645849594557,-1.37807864847141,25.314668060381,-0.798712493670689,57.3403608887957,-39.58883336979,-4.35842659489281
0.0775940230657665,-1.3682883648445,25.3066613027587,-0.778426863523372,57.3881326086907,-39.5329149102044,-4.27073064098294
0.0764829857366486,-1.35907533366465,25.2983450335022,-0.757017643574594,57.4348008235372,-39.4793880548317,-4.17328741394748
0.0753130417760279,-1.35042130857003,25.2896402716575,-0.734591971098155,57.480471541558,-39.4285461775,-4.06807424721247
0.07408311208288,-1.34230517831434,25.2804587549377,-0.711247626384946,57.5252425458415,-39.3807047614762,-3.95690615943647
0.0727916312310414,-1.33470387806569,25.2707052260457,-0.687077013245012,57.5692071552402,-39.3361728087331,-3.84137411189611
0.071437189978824,-1.32759338098043,25.2602789848347,-0.662170487009474,57.6124583984175,-39.2952272242867,-3.72279515853777
0.0700188477680764,-1.32094960876575,25.2490742612686,-0.63661867471581,57.6550930336769,-39.2580936402374,-3.60218524405172
0.0685361226185543,-1.3147491276583,25.2369792441204,-0.610513692821281,57.6972150294285,-39.2249351198833,-3.48025863948719
0.0669887351352086,-1.30896956761035,25.2238738973067,-0.58394939821517,57.7389383327171,-39.1958481818695,-3.35745173618422
0.0653762141114931,-1.30358977573434,25.209626899476,-0.557020936262322,57.7803889294553,-39.1708642845295,-3.2339652054532
0.0636974640947154,-1.29858976269823,25.1940921264227,-0.529823873085066,57.8217063000317,-39.1499544751544,-3.10981759841705
0.0619503662294477,-1.29395051691682,25.1771050981804,-0.502453157578115,57.8630443923959,-39.1330351181323,-2.98490434108036
0.0601314499424509,-1.28965375460222,25.1584797910683,-0.475002095155382,57.9045721869294,-39.1199731407038,-2.85905760062535
0.0582356453352035,-1.28568165642959,25.1380062143218,-0.447561458035543,57.9464738340585,-39.1105898265075,-2.73210386341594
0.056256107797186,-1.28201662262499,25.1154491883497,-0.420218812419158,57.9889482314664,-39.1046627256972,-2.60391692406321
0.0541840962314614,-1.27864106210873,25.0905488303452,-0.393058106621241,58.0322077940209,-39.1019257200623,-2.47446430815811
0.052008881927825,-1.27553721820222,25.0630233265599,-0.366159524631877,58.0764760798899,-39.1020677126234,-2.34384505450851
0.0497176652924021,-1.27268702178241,25.0325746122116,-0.339599557392354,58.1219838933982,-39.1047308315593,-2.2123164634238
0.0472954836423562,-1.27007195095594,24.9988975505968,-0.313451176520741,58.1689635094823,-39.109509429931,-2.08030714803855
0.0447251090242913,-1.26767286437674,24.9616930687662,-0.287783920014488,58.2176407701723,-39.1159514336162,-1.94841386157732
0.0419869653460366,-1.26546976694111,24.9206854417825,-0.262663637281883,58.2682249936299,-39.1235635811769,-1.81738049833806
0.0390591404047032,-1.2634414700203,24.8756434925353,-0.238151623154646,58.3208969060689,-39.1318216502092,-1.6880596124338
0.0359176219308776,-1.26156513436462,24.8264048424705,-0.21430292913678,58.3757951566462,-39.1401858322705,-1.56135958674427
0.0325369239923785,-1.25981573906522,24.7729014654019,-0.191163793909941,58.4330024101705,-39.1481201836258,-1.43818350091951
0.0288912561488094,-1.25816559701109,24.7151837099611,-0.168768372190054,58.492532512002,-39.1551139332944,-1.31936774181386
0.0249562937578964,-1.2565841078233,24.6534389479059,-0.14713520957687,58.5543206708071,-39.1607018023657,-1.2056286096836
0.0207114373637499,-1.25503796074305,24.5880006346253,-0.126264127080986,58.6182187598605,-39.1644806148761,-1.09752342119632
0.0161422542162416,-1.25349193852046,24.519344425213,-0.106134249215687,58.6839974133892,-39.1661202883974,-0.995429465898918
0.0112426622814693,-1.25191033235157,24.4480702272816,-0.086703776429934,58.7513554927264,-39.1653684705935,-0.899540638052428
0.00601641979207689,-1.25025880752819,24.3748720621876,-0.0679117806210672,58.8199359997116,-39.1620492559668,-0.809878621860644
0.000477631633385212,-1.24850643283663,24.3005001673485,-0.0496818888636776,58.8893461970553,-39.1560572701102,-0.726313837077042
-0.00534978648877734,-1.24662755471303,24.225720873753,-0.031927351477917,58.9591790907276,-39.1473487949649,-0.648591168001799
-0.0114335307120181,-1.24460325853944,24.1512792060951,-0.0145567760390643,59.0290336843343,-39.1359315438177,-0.576356534904257
-0.0177349337644427,-1.24242227005299,24.0778674872747,0.00252021604771101,59.0985322454037,-39.1218543272566,-0.509182005690752
-0.0242112759658886,-1.24008125834331,24.006101408027,0.019388027534812,59.1673337626501,-39.1051973820677,-0.446588698848906
-0.0308181033852368,-1.23758458008245,23.9365037080664,0.0361212289299216,59.2351434683249,-39.0860637320672,-0.388067722661074
-0.0375113390052569,-1.23494355151383,23.8694949595228,0.0527819994026107,59.30171865569,-39.064571695049,-0.333099692385456
-0.0442490403189475,-1.23217536226788,23.805390732843,0.0694188648433018,59.3668711368921,-39.0408485398587,-0.281173130156975
-0.0509927193357939,-1.22930176203291,23.7444043505571,0.0860665879618967,59.4304667222544,-39.015025276383,-0.231801589173999
-0.0577081983825027,-1.2263476578982,23.6866543104726,0.102746972110694,59.4924221601068,-38.9872325666902,-0.184538954202258
-0.0643660266734145,-1.22333975258504,23.6321752680452,0.119470298847846,59.5527000763244,-38.9575977350789,-0.138992226665269
-0.0709415234142965,-1.22030533021549,23.5809313035604,0.136237122244296,59.6113025471647,-38.9262428184502,-0.0948312289239125
-0.0774145382229585,-1.21727126055413,23.532830160404,0.153040180563369,59.6682639770329,-38.8932835463665,-0.0517949631039773
-0.0837690265901904,-1.21426325299923,23.4877372687977,0.169866243572007,59.7236439060514,-38.8588290920952,-0.00969470188841857
-0.0899925295639346,-1.21130535635363,23.4454886339869,0.186697777369097,59.7775202521941,-38.822982405723,0.031585839353909
-0.0960756283501192,-1.20841967514706,23.4059019985695,0.203514366466568,59.8299833320966,-38.7858409335637,0.0720927502774079
-0.102011422423337,-1.2056262596069,23.3687860105655,0.220293878071139,59.8811308417454,-38.7474975414812,0.111806065106748
-0.107795059010092,-1.20294312278932,23.3339473898441,0.237013383726638,59.931063841173,-38.7080414865315,0.150645320595126
-0.11342332533866,-1.20038634184477,23.3011962632837,0.253649869853896,59.9798836896127,-38.667559314261,0.188476151368342
-0.118894303748898,-1.19797020772379,23.2703499358139,0.270180774203788,60.0276898198321,-38.6261355930036,0.225117633120853
-0.124207083256814,-1.19570739628538,23.2412353963306,0.286584383411053,60.0745782156649,-38.5838534286549,0.260350151218297
-0.129361518425214,-1.19360914210326,23.2136908452257,0.302840120899658,60.1206404550038,-38.5407947326788,0.293923606644652
-0.134358026273347,-1.19168540337535,23.1875664928308,0.318928747102941,60.1659631927332,-38.4970402417538,0.325565777245543
-0.139197413296487,-1.18994501194084,23.1627248308797,0.334832486857862,60.2106279760603,-38.4526693098993,0.354990640678692
-0.1438807267085,-1.18839580645185,23.1390405316414,0.350535093314116,60.2547113043856,-38.4077595117603,0.381906451308294
-0.148409126095698,-1.18704474942514,23.1164000878764,0.366021854057866,60.2982848639204,-38.3623861085807,0.406023359026962
-0.152783773391325,-1.18589803045006,23.0947012738133,0.381279543333679,60.3414158823925,-38.3166214356366,0.427060372350143
-0.157005740321366,-1.1849611584872,23.07385248295,0.396296324084816,60.3841675617203,-38.2705342707212,0.444751504283968
-0.161075933110717,-1.1842390462433,23.053771982072,0.411061604139054,60.4265995558513,-38.2241892390674,0.458850993883137
-0.164995034492291,-1.18373608924243,23.0343871099795,0.425565852122893,60.4687684688705,-38.1776463007398,0.469137562352729
-0.168763462898158,-1.18345624167404,23.0156334429994,0.439800379499583,60.5107283537139,-38.1309603555977,0.47541772967669
-0.172381348471827,-1.18340309048603,22.9974539448144,0.453757095852894,60.552531196584,-38.0841809883949,0.477528277766669
-0.17584852521865,-1.18357992864035,22.9797981149324,0.467428244630119,60.594227375341,-38.0373523655125,0.475337991361451
-0.179164538339644,-1.18398982798859,22.9626211472525,0.4808061262907,60.6358660823059,-37.990513285865,0.468748834727812
-0.182328665612726,-1.18463571187038,22.9458831073428,0.493882815463648,60.6774957032774,-37.9436973818953,0.457696729536387
-0.185339951521791,-1.18552042726883,22.9295481345294,0.506649878361396,60.7191641445322,-37.8969334627173,0.442152088315339
-0.188197252648371,-1.18664681613093,22.9135836729021,0.519098096600148,60.7609190982837,-37.8502459895091,0.422120231395249
-0.190899292611806,-1.18801778526171,22.8979597339111,0.531217204081419,60.8028082353419,-37.8036556712914,0.39764177599124
-0.193444724369435,-1.18963637396025,22.8826481934031,0.542995644110141,60.8448793099325,-37.7571801681433,0.368793037971155
-0.195832197110495,-1.19150581831422,22.8676221269263,0.554420355067351,60.8871801587639,-37.7108348848151,0.335686432574732
-0.198060424126818,-1.1936296107411,22.8528551899184,0.565476593659811,60.9297585727775,-37.6646338325786,0.298470805033445
-0.200128247162254,-1.19601155304365,22.8383210528004,0.576147805364115,60.972662019272,-37.6185905278954,0.25733156957754
-0.202034691836817,-1.19865580088149,22.8239929053523,0.586415551045604,61.0159371934658,-37.5727188860277,0.212490493682599
-0.203779008166938,-1.20156689728569,22.809843048417,0.596259497048022,61.0596293858765,-37.5270340549478,0.164204939631967
-0.205360690101919,-1.2047497925937,22.7958425937239,0.605657472405929,61.103781663995,-37.4815531247708,0.112766377260113
-0.206779468761224,-1.20820984815758,22.781961292366,0.614585591901536,61.1484338865228,-37.4362956407944,0.0584980132504808
-0.208035275741908,-1.21195282129142,22.7681675090361,0.623018437270755,61.1936215921609,-37.3912838501981,0.00175144694479796
-0.209128175574021,-1.2159848293752,22.7544283511799,0.63092928240141,61.2393748318655,-37.3465426237321,-0.0570976483072926
-0.21005826982546,-1.22031229175411,22.7407099505431,0.638290342704026,61.2857170371057,-37.3020990170588,-0.117654717567857
-0.210825579062087,-1.22494184914257,22.7269778800295,0.645073025539392,61.3326640322959,-37.2579814691297,-0.179512195802613
-0.211429912206264,-1.22988026165942,22.7131976733902,0.651248158691728,61.380223302276,-37.214218672686,-0.242255797441089
-0.211870735135243,-1.23513428820295,22.6993354019017,0.656786177616889,61.4283936115811,-37.1708381894415,-0.305470937145469
-0.212147051160584,-1.24071055152988,22.685358253108,0.661657259295856,61.4771650427368,-37.1278649122451,-0.368749014101342
-0.212257305138772,-1.24661539483534,22.6712350539147,0.665831399655027,61.5265194794411,-37.0853194940498,-0.431693346865309
-0.212199320564601,-1.25285473659285,22.6569366844549,0.669278441051355,61.5764315143998,-37.043216866173,-0.493924618837852
-0.211970275589922,-1.25943393067546,22.6424363397383,0.671968064604786,61.6268697186836,-37.0015649568003,-0.555085767640311
-0.21156671987014,-1.26635763830267,22.6277096100279,0.673869767776069,61.6777981772033,-36.9603636981623,-0.61484629408527
-0.210984630890303,-1.2736297172327,22.6127343699488,0.674952850384245,61.7291781781033,-36.9196043804787,-0.67290602528304
-0.210219504781324,-1.28125313199423,22.5974904795414,0.675186430987507,61.7809699426776,-36.8792693806988,-0.728998332958878
-0.209266474931109,-1.28922988718257,22.581959316143,0.67453951217943,61.8331342959214,-36.8393322643266,-0.782892826974884
-0.208120450364991,-1.29756098421062,22.5661231641122,0.672981107512684,61.8856342013269,-36.7997582348054,-0.834397516738106
-0.206776265673205,-1.306246400551,22.5499644937623,0.670480436044717,61.9384361116961,-36.7605048872274,-0.883360422845041
-0.205228834809457,-1.31528508957129,22.533465160287,0.667007183756937,61.9915111161527,-36.7215232116768,-0.929670619236768
-0.203473302225244,-1.32467499841254,22.5166055490607,0.66253182526162,62.0448358878831,-36.6827587860447,-0.973258695937571
-0.201505186284316,-1.33441310121996,22.4993636859634,0.657025994802833,62.0983934572608,-36.6441530961506,-1.0140966545896
-0.199320511599093,-1.34449544484051,22.481714322271,0.65046289303322,62.1521738475117,-36.6056449233401,-1.05219727717682
-0.196915928636812,-1.35491720411269,22.4636279934491,0.642817715389386,62.2061746176694,-36.567171743648,-1.08761303990205
-0.194288820495589,-1.36567274409925,22.4450700404748,0.634068088726875,62.2604013615449,-36.5286710872082,-1.12043467402395
-0.191437398205405,-1.37675568641234,22.4259995724935,0.624194505283824,62.3148682099508,-36.4900818134421,-1.15078949754443
-0.188360787058323,-1.38815897696906,22.4063683392639,0.613180746109031,62.369598382345,-36.4513452629387,-1.17883965683494
-0.185059107479993,-1.39987495237732,22.3861194719834,0.601014289881701,62.424624830695,-36.4124062532256,-1.20478042183528
-0.181533554779769,-1.41189540212454,22.3651860404797,0.587686706988568,62.4799910160735,-36.3732138908393,-1.22883867438415
-0.177786482897055,-1.42421162359168,22.3434893631784,0.573194042773773,62.5357518568699,-36.3337221768811,-1.2512717169486
-0.173821498063399,-1.43681446678712,22.3209369927301,0.557537197776519,62.5919748879461,-36.2938903869743,-1.27236651055293
-0.169643569357428,-1.44969436520612,22.2974202845858,0.540722316889537,62.6487416714246,-36.2536832104608,-1.29243942703857
-0.165259164438687,-1.46284134881597,22.2728114366898,0.522761203152132,62.7061495045965,-36.2130706364906,-1.31183657429457
-0.160676420686563,-1.47624503402123,22.2469598668691,0.503671776196616,62.7643134752611,-36.1720275794086,-1.33093472336773
-0.155905364538497,-1.48989458398149,22.2196877700184,0.483478599488278,62.8233689215003,-36.130533241847,-1.35014283482771
-0.150958195333861,-1.50377863006349,22.1907846728922,0.462213504830922,62.8834743573338,-36.0885702247512,-1.36990414723536
-0.14584965455479,-1.5178851410404,22.1600007855574,0.439916346731749,62.9448149239603,-36.0461234122929,-1.39069875202188
-0.140597506945257,-1.5322012202564,22.1270389460295,0.416635921935203,63.0076064112413,-36.0031786908914,-1.41304653454829
-0.135223166274523,-1.54671280091671,22.0915449895241,0.392431089113953,63.0720998509422,-35.9597216137069,-1.43751030680198
-0.129752504187961,-1.56140419444354,22.0530964826749,0.367372116301486,63.1385865895891,-35.9157362054275,-1.46469888829975
-0.12421688276283,-1.57625742412276,22.0111900086953,0.341542262658609,63.2074035664082,-35.8712042325069,-1.49526980097913
-0.118654443802371,-1.59125124400076,21.9652276697423,0.315039554793139,63.2789381951042,-35.8261054590056,-1.52993112295485
-0.113111658777059,-1.60635970034524,21.9145043281133,0.287978627727019,63.3536317019361,-35.7804196844996,-1.5694418897207
-0.107645072586037,-1.62155004382301,21.8581985079437,0.260492340964315,63.4319789260592,-35.7341317193432,-1.61461025291358
-0.102323032146289,-1.6367797613189,21.7953719530916,0.23273262028041,63.5145214093885,-35.6872408440243,-1.66628848319209
-0.0972269440733976,-1.65199250755398,21.7249855011807,0.204869596616676,63.6018292246801,-35.6397765594112,-1.72536407335406
-0.0924512431559132,-1.66711285689155,21.6459415709057,0.177087643933361,63.6944659120702,-35.5918221899778,-1.79274722246707
-0.0881008442891727,-1.68204017944434,21.5571646453214,0.149576500571569,63.7929311856715,-35.5435465074216,-1.86935786453429
-0.0842846301883584,-1.69664266592431,21.4577282436856,0.122515619715751,63.897579257301,-35.4952402419659,-1.95612122699697
-0.0811039277528771,-1.71075350270916,21.3470278593587,0.0960507277602404,64.0085177296589,-35.4473489589911,-2.05398914490724
-0.0786363754199532,-1.72417198276594,21.2249849995602,0.0702637018990186,64.1255016552977,-35.4004879231047,-2.16400946416716
-0.0769179620325729,-1.73667213887767,21.0922536213547,0.0451401874563209,64.2478445692847,-35.3554224016767,-2.28745439377209
-0.0759281559125796,-1.74801976294108,20.9503944044541,0.0205427745985903,64.3743675248641,-35.313003099808,-2.42597327414189
-0.0755832032460673,-1.75799600047843,20.8019831496768,-0.00380079864911098,64.503400015375,-35.2740614274718,-2.58165051123903
-0.0757402282079924,-1.76642360883012,20.6506106726812,-0.0282867239989479,64.6328458703392,-35.2392860395114,-2.75675581508105
-0.076211237331662,-1.77319115012025,20.5006996514691,-0.0533994079267978,64.760342886432,-35.2091101976918,-2.95296204795985
-0.0767837852931528,-1.77826983511151,20.35704425564,-0.0796563688479339,64.8835544957643,-35.1836322914246,-3.17002634458449
-0.0772449092149212,-1.78171732336259,20.2240649117545,-0.107543320976704,65.000575237815,-35.1625720865949,-3.40445078409988
-0.0774063321199033,-1.78366508618982,20.1049905908854,-0.137446977253036,65.1102989428388,-35.1452566530247,-3.64909331628465
-0.0771285048475426,-1.7842915015286,20.0013418753266,-0.169593850390564,65.2125337498312,-35.1306612679516,-3.89432558988803
-0.0763362047984707,-1.78378830579723,19.9129550221004,-0.204013368251588,65.3077990250879,-35.1175564443975,-4.13014000400795
-0.0750170798537751,-1.78233083082142,19.8384529624048,-0.240543606078774,65.3969684950692,-35.1047468776773,-4.3479387407502
-0.0732039001128066,-1.7800602988265,19.7758590397509,-0.278876025988248,65.4809737611203,-35.0912925051267,-4.54131924415509
-0.0709509621306426,-1.77707953513006,19.7230963006499,-0.318616155622312,65.5606575148135,-35.0766085973727,-4.706029326243
-0.0683147792241111,-1.77345751673288,19.678280350923,-0.3593381746241,65.6367456455059,-35.0604309560957,-4.83953384396983
-0.0653429732929212,-1.7692370038266,19.6398360687311,-0.400623056492895,65.7098734315652,-35.0427005279547,-4.9404884799819
-0.0620703331114051,-1.76444145165428,19.6065078455949,-0.442079373203205,65.7806209756819,-35.0234323144857,-5.00824823867043
-0.0585192820527506,-1.75907967409696,19.5773230120454,-0.483350058140489,65.8495412350864,-35.0026106174533,-5.04246218172222
-0.0547023020846958,-1.75314812280229,19.5515446922541,-0.524109024365227,65.9171810845017,-34.9801262631244,-5.04278123129974
-0.0506248112847313,-1.74663121045501,19.5286305912712,-0.564050445416564,65.9841012797018,-34.9557559112194,-5.00869281907462
-0.0462878768860925,-1.73950029721499,19.5082015892229,-0.602872082859707,66.0508998295797,-34.929180130603,-4.9394831190667
-0.0416907493675062,-1.73171219364529,19.4900165260272,-0.640253419677329,66.1182387575527,-34.9000405812603,-4.83431408247029
-0.036833503695746,-1.72320855435209,19.4739448269668,-0.67583059406097,66.1868677103745,-34.8680409604645,-4.6923914966836
-0.0317200577503626,-1.71391833070365,19.4599260838479,-0.709173978855879,66.2576294712253,-34.8330957273004,-4.5132048939847
-0.0263614860093006,-1.70376615299124,19.4479069348664,-0.739780341993948,66.3314229689788,-34.7955203382335,-4.29686771640348
-0.020778956512724,-1.69268922447603,19.4377531365772,-0.767097361611443,66.4090920030227,-34.7562291230122,-4.04468954897476
-0.015005125648486,-1.68066209651128,19.4291515589755,-0.790597798908758,66.4912134486969,-34.7168443454531,-3.76017632096203
-0.00908288954433536,-1.66771956822763,19.421546044794,-0.809900733050467,66.5778102036353,-34.6795210904904,-3.45036463964862
-0.00306111828476882,-1.65395529711455,19.4141796432933,-0.824883242668733,66.6681503119789,-34.6462985375839,-3.1264870269305
0.00301201754152379,-1.63947905241919,19.4062797743964,-0.835673008598319,66.7609014131754,-34.6181866653739,-2.80242708360543
0.00909579212389934,-1.62435678307406,19.3972838354389,-0.842474683459575,66.8546766792456,-34.594717278155,-2.49128715919313
0.0151592703644015,-1.60858480955828,19.3869322324584,-0.84534528765887,66.9485817253927,-34.5743502660664,-2.20285036525306
0.0211768042170719,-1.59211308241079,19.3751935368239,-0.844067468218174,67.0424124854727,-34.5552612014977,-1.94351808574289
0.0271197004398645,-1.57489062405735,19.3621221874251,-0.838152365380563,67.1365400006034,-34.5359348925758,-1.717663168441
0.0329489964277853,-1.55690655770445,19.3477349453239,-0.826925864883063,67.2316757546819,-34.5154231760841,-1.5289962076463
0.0386121123161479,-1.53821573398212,19.3319300995602,-0.809652433112454,67.3286443113567,-34.4933538393058,-1.38149715179886
0.0440435009229779,-1.51894663067,19.3144411565311,-0.78566764941821,67.4282111880224,-34.4697802141314,-1.28009564867522
0.0491679263109607,-1.49929344628786,19.2948083703554,-0.754502312390226,67.5309702282335,-34.4449288393624,-1.23141355313754
0.0539055986842946,-1.47949879138147,19.2723521834451,-0.715997013195943,67.6372566675329,-34.4188974634606,-1.24472710942037
0.0581828341732887,-1.45983760634428,19.2461433755541,-0.670427674282267,67.7470023444022,-34.3913903162317,-1.33293844677805
0.0619615476204336,-1.44061459041685,19.2149959581983,-0.618665525492813,67.8594041838244,-34.3617219015584,-1.51271652242759
0.0653084401054966,-1.42217905299419,19.1775590792716,-0.562310490846031,67.9723662588205,-34.3296754351528,-1.80219693735314
0.0684885475675662,-1.4049204431346,19.1325456920018,-0.503475380723378,68.0822974485448,-34.2980646606622,-2.21445640562287
0.0719134826292654,-1.38913857016771,19.0786451679912,-0.443695441915166,68.1862582351103,-34.2764431749749,-2.74497591831254
0.0756386532011439,-1.37477146889072,19.0126238608807,-0.382424408020672,68.288359142953,-34.2799695442313,-3.35174282234558
0.0787556336743943,-1.36142986817115,18.9255648388921,-0.317964087199164,68.4038355485728,-34.3149127692439,-3.95158851881914
0.0798640232078054,-1.34893349397489,18.8037151034963,-0.251104887424557,68.5490093654797,-34.3691213053946,-4.4672451138533
0.0778731825660768,-1.33734059270657,18.6355703244627,-0.185698801307808,68.7303985874203,-34.4270097235762,-4.86094362622242
0.0720344351519785,-1.32643057009622,18.4171209401645,-0.125944984645817,68.9456581859868,-34.4806610300567,-5.12053261744549
0.0619829170260685,-1.31545450033529,18.1539585407091,-0.0740936029402579,69.1871997802257,-34.5285705491523,-5.24466573363981
0.0480394770766213,-1.3033970660313,17.8597729533475,-0.0297452124234639,69.4447181771884,-34.5717716985347,-5.23917665057032
0.0312521945934804,-1.28944262923774,17.5504637111152,0.00941991283469252,69.7081893556037,-34.6107955322854,-5.11602693123322
0.0130864514558509,-1.27318454529203,17.2395457465425,0.0463286685116761,69.9698157112669,-34.6439161521311,-4.88838555253252
-0.00488293781188438,-1.2546416703955,16.9390145820682,0.0834613836489672,70.2236919578571,-34.6670646617442,-4.56251600616778
-0.0213262679126204,-1.23438201436656,16.6624504946079,0.122144240825962,70.4651486233069,-34.6764156022184,-4.13081324671551
-0.0357092615699154,-1.21362462799205,16.4229084912793,0.162313058088825,70.6918732234304,-34.6748926919612,-3.5791523382363
-0.0482484190335892,-1.19403251024924,16.2239876927568,0.204343888928806,70.902855834924,-34.6759519761133,-2.92912730385133
-0.058844999949676,-1.1772176662634,16.0604056223969,0.251430846244837,71.0920285286561,-34.6888289561119,-2.27245840972238
-0.067103118800369,-1.16397281674489,15.9270554766802,0.305866015120407,71.2541455802684,-34.7069760452631,-1.69735246548469
-0.0730970850311783,-1.15432220215277,15.8189457364341,0.365773335954276,71.3931157157339,-34.7222795616768,-1.24010438285783
-0.0772990532599919,-1.14819631926816,15.7303255202021,0.427337118305139,71.5172654002021,-34.7334308503055,-0.905394497771878
-0.0801933534322822,-1.14571791162568,15.6560650237256,0.48723017079478,71.6335912572511,-34.743892762802,-0.679421235053486
-0.0821001684807442,-1.14712411368899,15.5924002524473,0.543167616627017,71.7463256822575,-34.7580344723549,-0.541473362041693
-0.0831940947198434,-1.15264068560892,15.5367161530702,0.593536835371983,71.8578810883699,-34.7793195541379,-0.473880771014471
-0.0835622816040869,-1.16242295821853,15.4871457370036,0.637036492968725,71.969861133574,-34.8101661754098,-0.466169333981869
-0.0832429887697599,-1.17653126117624,15.4423092045559,0.672501647150593,72.0835711059784,-34.8521389923717,-0.515369819071251
-0.0822432249593061,-1.19490545055946,15.401180668929,0.698841686188918,72.2001907971585,-34.9059107790334,-0.624806443594079
-0.0805413151874814,-1.21733502412546,15.363030216789,0.715027371807847,72.3207631268562,-34.9709494437524,-0.802173099104346
-0.0780802900392853,-1.2434476952178,15.3274107494736,0.720085084608188,72.4460373799827,-35.0451497951173,-1.05701667519934
-0.0747671112782621,-1.2727488914986,15.2941640367674,0.713094328871466,72.5761679409807,-35.1248708984221,-1.39783965939703
-0.0705055876895682,-1.30473764772706,15.2633973996331,0.69327290111097,72.7104156167198,-35.2059033371016,-1.82887001644484
-0.0652933856062825,-1.33909130686388,15.2353156011047,0.660278335691561,72.8473274351894,-35.2852264794837,-2.34502231202662
-0.059378500336863,-1.3757965716922,15.2096810631941,0.614699264034816,72.9859378725108,-35.3617855442477,-2.92317622485433
-0.053310263361375,-1.41495167257373,15.1849768234299,0.558150092012427,73.1269561622573,-35.4342491968485,-3.51756344111271
-0.0476608329356669,-1.45629561375345,15.1582307925114,0.492209787763086,73.2713829816921,-35.4990309682672,-4.0760756572694
-0.0427392209809764,-1.49912024648966,15.1255504921637,0.417436095075627,73.4188787165909,-35.553857584678,-4.5628171493449
-0.0386719042456355,-1.54258429485376,15.0818900506832,0.333932177356579,73.5692649448109,-35.6017751859048,-4.96319880511438
-0.0356495914833327,-1.58586011749603,15.0195374192651,0.242386018597779,73.7248166262557,-35.6500652929413,-5.27913460260966
-0.034197829575727,-1.62791438532153,14.9263550597078,0.14447872805688,73.8912682694153,-35.7066997358375,-5.52430263037689
-0.0354106561401984,-1.66699544705383,14.7908938785001,0.0425158313824007,74.0746017145539,-35.7774086435666,-5.72743109992882
-0.0403013978471459,-1.70072319232154,14.6304799613447,-0.0618535511498734,74.2667128655319,-35.8650329611954,-5.93919046420299
-0.0480499196115181,-1.7285717564656,14.4972213141178,-0.167897008270063,74.4434293742994,-35.9736041880382,-6.19544823442538
-0.0569895229900072,-1.7523759482516,14.411279642103,-0.273954502025645,74.5973945560378,-36.1091363358407,-6.48014629099433
-0.0661277830103595,-1.77360269530358,14.3595840487261,-0.377381090014357,74.7367530589786,-36.2742714097953,-6.75894119075058
-0.0749249298789597,-1.79283434582171,14.3277154514514,-0.476090735652925,74.868532790475,-36.4667109567119,-6.9963805203808
-0.0830433144998914,-1.81022377986011,14.3070708117971,-0.5688300118731,74.9957514312678,-36.6815250600768,-7.15710722887144
-0.0903678899882418,-1.82571351689094,14.2934112628321,-0.654554481859279,75.119587217586,-36.913676902633,-7.21330711020369
-0.0970243270370014,-1.83912011169157,14.2849978206211,-0.731845044238804,75.2414128435358,-37.1587835432374,-7.15293920339603
-0.103253648245617,-1.85022990990502,14.2811072237213,-0.798912168256338,75.3633456685597,-37.4120843844358,-6.98217281362941
-0.109178739297207,-1.85890589625563,14.2809703856418,-0.85426159112856,75.4872364306835,-37.6669341219059,-6.72378362668501
-0.1146446047281,-1.86512902322786,14.2834290487227,-0.897606941950593,75.6131538976084,-37.9147843183049,-6.41526857123111
-0.119374176524526,-1.86893176849907,14.2874278247723,-0.929998691061852,75.7392101858129,-38.1483160466869,-6.10037257872628
-0.123279587679586,-1.87033363565594,14.292574360021,-0.952777315954596,75.8632261187899,-38.3648511362655,-5.81165422137082
-0.126493671333152,-1.86939061837661,14.2989798172131,-0.966747575305619,75.9839492441022,-38.5654583666716,-5.56268749884977
-0.129199613978822,-1.86626861119388,14.3068149770387,-0.972340874228902,76.1008705385289,-38.7521666030592,-5.35337737997123
-0.131526297411178,-1.86123799619988,14.3161239235109,-0.970037397341549,76.2139091376116,-38.92680050003,-5.17670047724013
-0.13353977905798,-1.85459795726897,14.3268731857178,-0.96047395246649,76.3234381392283,-39.0911665504856,-5.02277833351325
-0.135264171694523,-1.84660723079297,14.3390403089181,-0.944310452124819,76.4301781688972,-39.2471527796262,-4.88111441177754
-0.136697970690206,-1.83746954166506,14.3526442076473,-0.922136737013745,76.5348929597275,-39.396518017198,-4.74154062411778
-0.137823073281144,-1.82735033359499,14.3677358632145,-0.894488207290863,76.638188111578,-39.5408214850907,-4.59432458147489
-0.138607072830769,-1.81639433778756,14.3843808647817,-0.861904156384617,76.7404734268868,-39.6815616979612,-4.43010619256589
-0.138998436581126,-1.80473472327041,14.402647000678,-0.824983656996579,76.842008665423,-39.8203931025382,-4.24010915942221
-0.138916931563886,-1.79249255696017,14.4226108358152,-0.784414777520056,76.9429654000769,-39.9593236016216,-4.01683811308651
-0.138248673337364,-1.77976554576765,14.4444105906211,-0.740943427303387,77.0434378670314,-40.1007983456918,-3.75541119531047
-0.136865847063092,-1.76660810123735,14.4683817835699,-0.695236232239462,77.1433104725526,-40.2474961606699,-3.45579089489966
-0.134694520088859,-1.75301761403343,14.4952834986209,-0.647626273739963,77.2419161017161,-40.4015818376081,-3.12622863367854
-0.131815195254417,-1.73895877522419,14.5265075335396,-0.597887626469502,77.337655194414,-40.5633901891102,-2.78677453959475
-0.128484310527928,-1.72443391689927,14.5640319798885,-0.545404685244451,77.428174928741,-40.73052871312,-2.4677004365149
-0.124983736175223,-1.70952167907704,14.6101022384584,-0.489851610973543,77.5113771381356,-40.8989107526847,-2.19953608394078
-0.121457530954243,-1.69431996880647,14.6670930811294,-0.431746834283659,77.5861885110329,-41.0649209057426,-2.00366732060317
-0.117919676084858,-1.67886747273064,14.7377944736568,-0.372387703929115,77.6522327267572,-41.2265084809431,-1.89105414143382
-0.114364737618622,-1.66311748637922,14.8257894270722,-0.313454547299712,77.7089516667438,-41.3829666175276,-1.86493979213462
-0.110863996679294,-1.64694890614973,14.9354937054097,-0.256667637410061,77.7549761965514,-41.5342597862351,-1.92357726868394
-0.107625115894462,-1.63018836154039,15.0714826694006,-0.203559902505689,77.7881307170746,-41.6804998816386,-2.06277197032149
-0.10502825458556,-1.61266012306183,15.2367177881089,-0.155240788531349,77.8062337664633,-41.8218262556748,-2.27862348442695
-0.103615840920308,-1.59430142971104,15.4299623969836,-0.112061914002217,77.8085966005816,-41.958711585677,-2.56947370066073
-0.104002191725629,-1.57531929782904,15.6445347191985,-0.0733242555704811,77.7972982447235,-42.0924900860324,-2.93426864573345
-0.106743183507742,-1.55626560239885,15.8706988800245,-0.037435227544031,77.7768810054292,-42.2255103435074,-3.36637787277695
-0.112203099666197,-1.53793064778129,16.0998992342405,-0.00276394379548247,77.752628363173,-42.3601032408604,-3.84634790400634
-0.120351082142179,-1.52106037963003,16.3268291578454,0.0314071230669391,77.7290603004981,-42.4967158401124,-4.33883222537202
-0.130644209343994,-1.50609518895846,16.5484596961499,0.0650965695198343,77.709604882515,-42.6343344833298,-4.80441243592806
-0.142289480668124,-1.49323293133175,16.7612038499128,0.0986643052998631,77.6975243916524,-42.7739465725699,-5.22194800849525
-0.154555171536074,-1.48256715073821,16.9587922691564,0.132830706959756,77.6965820281277,-42.9191840482746,-5.59370107312731
-0.166852506892536,-1.47402245684663,17.1340256948139,0.167985415780927,77.709761335395,-43.0735122759753,-5.93393545362899
-0.178733249348238,-1.46731611663625,17.2826326874221,0.203979793515951,77.7374805526646,-43.237791902175,-6.25491115902757
-0.189855713842736,-1.46206975652178,17.4050228353145,0.240501407308547,77.7776155561709,-43.4099273942068,-6.55778912845408
-0.199953213042647,-1.45793382839521,17.5049225427423,0.277413711664202,77.8272246731783,-43.5863932372625,-6.83292819103174
-0.208859674069504,-1.45463471843585,17.5870259291515,0.314665827378759,77.8839550704717,-43.7641424908865,-7.0673295603624
-0.216538136455561,-1.45197591265497,17.6555107337162,0.35202500143694,77.9462264692835,-43.9414187041253,-7.25151877650976
-0.223051657677146,-1.44982772571062,17.713601134247,0.388990137934124,78.012918331807,-44.117468372892,-7.38165945879691
-0.228503894617702,-1.44811254935473,17.7636463135039,0.424895765725706,78.0831633563695,-44.2919895182681,-7.45870246825173
-0.23299226518338,-1.44678772229973,17.8073268626965,0.459062922348463,78.1562757008711,-44.4647627064591,-7.48706954122951
-0.23658509761573,-1.44582948194643,17.8458421458288,0.490914843578741,78.2317188163332,-44.6354657825894,-7.4736765069339
-0.239316740504206,-1.44522036390021,17.8800503152602,0.520042631745485,78.309074595608,-44.8035893606293,-7.42722064988502
-0.241194259100026,-1.44494100987007,17.9105725336468,0.546226815475466,78.3880093283593,-44.9684285250352,-7.35749842714085
-0.242211989525553,-1.44496689624711,17.9378765717088,0.569419619245921,78.4682396922704,-45.1291604611761,-7.27458189612418
-0.24236913371768,-1.44526962430522,17.9623434566768,0.589695615756415,78.5495047967396,-45.2849911777704,-7.18787215464255
-0.241683471648781,-1.44582062608832,17.9843118282694,0.607189834075357,78.6315485463112,-45.4353063733175,-7.10527383193346
-0.240196286820255,-1.44659431034922,18.0040979011559,0.622047612955414,78.7141111156191,-45.5797566763407,-7.03276758119462
-0.237969041929219,-1.44756901143273,18.0219983383853,0.634399762186316,78.7969265575212,-45.7182569364126,-6.97444576826183
-0.235076026269709,-1.44872615279059,18.0382871675283,0.644359920857234,78.879725878876,-45.8509292373747,-6.93285282102883
-0.231596964661003,-1.45004897260427,18.0532140189502,0.652032355630645,78.962245881999,-45.9780308111957,-6.90941854066253
-0.227611494783292,-1.45152185555524,18.0670052551166,0.657519770190002,79.0442422701276,-46.0998918289961,-6.90484649828397
-0.223195754969113,-1.45313060366019,18.079866289127,0.660926097627438,79.125503487994,-46.2168693691082,-6.91940700581762
-0.218420625483943,-1.45486345232301,18.0919827968526,0.662353912881347,79.2058615376721,-46.3293143031234,-6.95313444576015
-0.213351023451358,-1.45671242084599,18.1035192632951,0.661898550740714,79.2851976693123,-46.4375466962934,-7.00594687647493
-0.208045672306901,-1.45867457480054,18.1146143221211,0.659641582291581,79.3634430490651,-46.5418379445901,-7.07770944164407
-0.202556837855016,-1.46075284139393,18.1253732942001,0.655645812818824,79.4405758539499,-46.6424006149601,-7.16826262743613
-0.196929677874752,-1.46295609282711,18.1358592211893,0.649953111422332,79.5166162246174,-46.7393882026959,-7.27743402071777
-0.191201094346343,-1.46529830257764,18.1460845385174,0.642585527401211,79.5916197674559,-46.832906817309,-7.40504664937622
-0.185398236791541,-1.46779670677732,18.1560061500044,0.633549397741389,79.6656698551609,-46.9230396261919,-7.55092744702697
-0.17953698349108,-1.47046904656401,18.1655267884069,0.622841595072747,79.7388695373419,-47.0098829808094,-7.71490727591017
-0.173620779392134,-1.47333006012638,18.1745051012096,0.610456903879041,79.8113354258314,-47.0935903156093,-7.89679234796698
-0.167640188999883,-1.47638739034983,18.1827761232678,0.596395906703455,79.8831976889737,-47.17441564577,-8.09627918213929
-0.161573560230474,-1.47963704786397,18.1901828933441,0.58067356013993,79.9546106506894,-47.2527423975817,-8.3127851657413
-0.155389384605108,-1.48305876607396,18.1966184483954,0.563329148842268,80.0257749528253,-47.3290764278846,-8.54518295605173
-0.149051154049598,-1.48661234147482,18.2020736498897,0.54443727808353,80.0969621242828,-47.4039796785372,-8.79147792159185
-0.14252521869523,-1.49023736229573,18.2066786626718,0.524115931674404,80.1685168798494,-47.4779352837228,-9.04856736940909
-0.135790577373244,-1.49385937021728,18.2107174024617,0.502523054385143,80.2408051159201,-47.5511784854463,-9.31231470488987
-0.12884693068645,-1.49740309795456,18.2145966141509,0.479834554154145,80.3141013084411,-47.6235830351813,-9.57809272156862
-0.121716334410313,-1.50080796136923,18.2187740282595,0.456209508050321,80.388467148059,-47.6946938874497,-9.84161101153732
-0.114437016848834,-1.50403799005148,18.2236774790956,0.431761942977355,80.4637031065361,-47.7639052081374,-10.0995594693728
-0.107052959420773,-1.50708232526096,18.2296492107713,0.40655460472341,80.5394060594646,-47.8306811883967,-10.3497654205573
-0.0996045506944602,-1.50994880966909,18.2369274354551,0.380612715546886,80.6150899963134,-47.8947124583991,-10.5909691433073
-0.0921233769753164,-1.51265555175431,18.2456573832565,0.353945009228046,80.6903019955067,-47.9559722028099,-10.8225020834605
-0.0846312976545748,-1.51522374165927,18.2559189427831,0.326561455752168,80.7646935037355,-48.0146961993155,-11.0440546314457
-0.0771424563146661,-1.51767275661486,18.2677607140811,0.298483864199532,80.8380429765184,-48.0713258767266,-11.2555678381334
-0.0696666754344789,-1.52001735816068,18.2812333668662,0.269750174933526,80.9102446650687,-48.1264418461122,-11.4572009616973
-0.0622130667829834,-1.52226641645271,18.2964169178575,0.240414654097451,80.9812809340576,-48.1807007902861,-11.6493130277043
-0.0547932217400549,-1.52442261274709,18.3134376787899,0.210545795030911,81.0511911378914,-48.234780408976,-11.8324175482492
-0.0474238104844509,-1.52648271106946,18.3324713619202,0.180222873272164,81.1200452126248,-48.2893343185553,-12.0070984871193
-0.0401286706059285,-1.52843818552249,18.3537284866304,0.149531466342984,81.1879271822934,-48.3449578267879,-12.1738974336884
-0.0329404072155532,-1.53027622153092,18.3774166323975,0.118557993784413,81.2549326937708,-48.4021643255265,-12.3331928015102
-0.0259011374604816,-1.53198133351893,18.4036731545899,0.0873834288257369,81.3211839877251,-48.4613705658672,-12.4850958817747
-0.0190613989245553,-1.53353795219145,18.4324668365802,0.056076767192521,81.3868625478605,-48.5228880297038,-12.6293912087574
-0.0124757900993625,-1.5349341359594,18.4634846605375,0.0246895737476265,81.4522506040098,-48.5869178863762,-12.7655489824232
-0.00619443749731558,-1.53616585627362,18.4960510261635,-0.00674637348209025,81.5177578506448,-48.6535493967472,-12.8928244427496
-0.000251659103606243,-1.53724028350473,18.529149349608,-0.0382165183233253,81.5839004514971,-48.7227655479188,-13.0104217908422
0.00534364242366547,-1.53817612057196,18.5615867756868,-0.0697160786479061,81.6512160500397,-48.7944615663244,-13.1176521940295
0.0106105356015223,-1.53900030779664,18.5922518650263,-0.101240458512921,81.7201432004312,-48.8684773160182,-13.214004766902
0.0155900454793222,-1.53974264246811,18.6203392918625,-0.132777326057935,81.7909270655297,-48.9446355455618,-13.2991059291146
0.0203343357159163,-1.54043082561214,18.6454415757972,-0.164302382033041,81.863595748715,-49.0227737736162,-13.3726187431003
0.0248965174349682,-1.54108741900299,18.6675056565658,-0.195778161160101,81.9380023304405,-49.1027625672488,-13.4341566329414
0.0293241198042695,-1.54172866599465,18.6867200522915,-0.227154087254612,82.0138965782862,-49.1845108003783,-13.4832508069676
0.0336562388629157,-1.54236444712084,18.7033981405679,-0.258366618824802,82.0909931202809,-49.2679623464459,-13.5193677615996
0.0379229928706115,-1.54299875703404,18.7178901298637,-0.289339373370626,82.1690204200514,-49.3530882353976,-13.5419545673898
0.0421459611624261,-1.54363042343044,18.7305285167963,-0.319983727367121,82.247748754825,-49.4398764716556,-13.5504920188224
0.0463388275340218,-1.54425402306614,18.7415996470233,-0.350200505563977,82.327001241375,-49.5283203489637,-13.5445451904568
0.0505079342286776,-1.54486105167817,18.7513323203872,-0.379883246762815,82.4066527283695,-49.6184055479896,-13.523809127074
0.054652754545136,-1.54544142275745,18.7598967369918,-0.408923326489993,82.4866204006766,-49.7100962965537,-13.4881522655797
0.0587664574203848,-1.54598533305901,18.7674099175738,-0.437216948126372,82.5668489905911,-49.8033211464425,-13.4376622279384
0.0628368202803376,-1.54648543881252,18.7739457632956,-0.464673630262507,82.647293125256,-49.8979593698074,-13.3726983119115
0.0668477573375461,-1.54693912747134,18.7795488673097,-0.491225280620105,82.7278994912899,-49.9938296392668,-13.2939519553519
0.0707816368108346,-1.5473504610289,18.7842511020297,-0.516834303468255,82.8085918121761,-50.0906835913315,-13.2025097698085
0.0746223174330808,-1.54773117966116,18.7880890980656,-0.541498636540117,82.8892616926286,-50.1882078809858,-13.0999035304655
0.0783584489422427,-1.54810013086803,18.7911194926731,-0.565251534763892,82.96976786782,-50.2860385673344,-12.9881212207621
0.0819861905740533,-1.54848079290322,18.7934281260231,-0.588154759663176,83.0499450945174,-50.383789677011,-12.8695509243082
0.0855103822628736,-1.54889722336131,18.7951302021505,-0.610285743512158,83.1296217146386,-50.4810927897202,-12.7468438870589
0.0889435938037703,-1.54936951476518,18.7963611354613,-0.631721647307803,83.2086420920533,-50.5776383215797,-12.6227139870952
0.0923032872946847,-1.54991018050937,18.7972612565105,-0.652524665363337,83.2868878948988,-50.6732062687683,-12.4997214817586
0.0956080809273874,-1.55052251566195,18.797959662995,-0.672732370426819,83.3642922709136,-50.7676776711127,-12.3800968611175
0.0988743175575906,-1.55120110849346,18.7985619916777,-0.692354651096252,83.4408437799378,-50.8610260236942,-12.2656398779403
0.102113771306483,-1.55193389614903,18.7991444339416,-0.711376342945268,83.5165808430231,-50.9532948942683,-12.1576959811548
0.105332722806718,-1.55270485243663,18.7997537041982,-0.729763279438961,83.591580188711,-51.0445704492484,-12.0571888134081
0.108532168892707,-1.55349653739244,18.800411150425,-0.747469410000255,83.6659433914712,-51.1349559030645,-11.964681185207
0.111708740513764,-1.55429207057266,18.801118899094,-0.764443307824224,83.7397846740205,-51.2245516433312,-11.8804427528071
0.114855920652272,-1.5550763952878,18.8018663488688,-0.780633207222895,83.8132217087108,-51.3134419831186,-11.8045119625271
0.117965265709482,-1.55583689371789,18.8026359521073,-0.795990341905428,83.8863698971411,-51.401687854072,-11.7367474334711
0.121027455962546,-1.55656349955933,18.8034077672633,-0.810470732514157,83.9593397676628,-51.4893241156181,-11.6768684425215
0.12403309711758,-1.55724847274029,18.8041626448301,-0.824035745879188,84.0322366889578,-51.5763601141134,-11.6244861356585
0.126973259175154,-1.55788598362419,18.8048841377775,-0.836651793447569,84.1051619550524,-51.662782348045,-11.5791275448792
0.129839776492831,-1.55847162359717,18.8055593448984,-0.848289510641207,84.1782143565606,-51.7485583859505,-11.5402542472862
0.132625352020587,-1.55900192634272,18.8061789399652,-0.858922700107158,84.2514915343793,-51.833641449357,-11.507277042248
0.135323515771376,-1.55947395458204,18.8067366393934,-0.86852725223845,84.3250906499808,-51.9179752798374,-11.4795675751817
0.137928487245957,-1.55988498253275,18.8072283358478,-0.877080188538303,84.3991081477914,-52.0014990516687,-11.4564674870191
0.140434986922749,-1.56023228524926,18.8076510882378,-0.88455891456329,84.4736385953301,-52.0841521810935,-11.4372954278575
0.142838034924172,-1.56051303203984,18.8080021184588,-0.890940721757837,84.5487727399463,-52.1658789277009,-11.4213521286704
0.145132767162811,-1.56072427174472,18.8082779273923,-0.896202542811466,84.6245950150012,-52.2466327021848,-11.4079236549412
0.147314291512059,-1.56086299205532,18.8084736098503,-0.900320941817272,84.7011807640602,-52.3263799963816,-11.3962829572803
0.149377599658763,-1.56092623249863,18.808582421486,-0.90327230687577,84.7785934453021,-52.4051038516625,-11.3856898755723
0.151317544621198,-1.56091123037173,18.8085956301014,-0.905033205701896,84.8568820452793,-52.4828067877788,-11.3753898378622
0.153128889539096,-1.56081557993829,18.8085026683055,-0.905580860595404,84.9360788903061,-52.5595131326364,-11.364611612859
0.154806429858588,-1.56063738674549,18.8082915923514,-0.904893693629748,85.0161980081226,-52.6352707226017,-11.352564610368
0.156345187734331,-1.5603754002736,18.8079498406522,-0.902951882575981,85.0972341713328,-52.7101519791435,-11.3384363545754
0.157740673249837,-1.56002910890368,18.8074652717701,-0.899737851258599,85.1791627401877,-52.7842543971261,-11.3213908548497
0.158989201008675,-1.55959878150218,18.8068274421335,-0.895236596907467,85.2619404030107,-52.8577004937236,-11.3005686441272
0.160088242276743,-1.55908544043176,18.8060290550144,-0.889435737582992,85.3455068736462,-52.9306372620788,-11.275089235429
0.161036782156427,-1.55849075257743,18.8050674713475,-0.882325153843578,85.4297875345356,-53.00323515269,-11.2440566749695
0.161835638835389,-1.55781682917489,18.8039461168188,-0.873896109166808,85.5146969232809,-53.0756865865352,-11.2065687799385
0.162487688231177,-1.55706593294987,18.8026755452398,-0.864139770447182,85.6001428608103,-53.1482039925251,-11.1617305966586
0.162997922912093,-1.55624010338847,18.8012738232607,-0.853045118674173,85.6860309288911,-53.2210173563842,-11.1086726687113
0.163373260010833,-1.55534072923897,18.7997657877243,-0.840596347577564,85.7722689252356,-53.2943712408837,-11.0465749447235
0.163622001872605,-1.55436812334927,18.7981806071113,-0.826770003351406,85.8587708558128,-53.3685211530304,-10.9746976551946
0.163752851964685,-1.55332119047512,18.796546988405,-0.811532332023706,85.9454599522815,-53.4437289460244,-10.8924212782215
0.163773409857431,-1.55219732339594,18.7948853867416,-0.794837573031992,86.0322701338699,-53.5202566390877,-10.7992986492948
0.163688133725184,-1.55099270935726,18.7931968352448,-0.776628238643155,86.1191452901512,-53.5983576607412,-10.6951227847773
0.163495895311404,-1.54970325471056,18.791448721556,-0.756838648629877,86.2060358144044,-53.6782642415808,-10.5800127376152
0.163187485951223,-1.54832629184434,18.7895592061325,-0.735402920028612,86.2928921134427,-53.7601698666102,-10.4545144840819
0.162743749929079,-1.54686304586704,18.7873839900742,-0.712267867028368,86.3796555672932,-53.8442068798633,-10.3197020571439
0.162135304733108,-1.54532145533803,18.7847110971178,-0.687409477988429,86.4662487691948,-53.9304219280568,-10.1772465456218
0.16132478172236,-1.5437184403855,18.7812694751982,-0.660848974022489,86.5525685887143,-54.0187554104519,-10.0294059781496
0.160271864993576,-1.54208041428513,18.7767534201855,-0.63266230061954,86.6384866790345,-54.1090332282457,-9.8788951899945
0.158940135879793,-1.54044118320417,18.7708570850674,-0.602977595837903,86.7238610847034,-54.2009768530463,-9.72863408904456
0.157303532207186,-1.5388374587885,18.763306012508,-0.571959809371622,86.8085590654434,-54.2942307110101,-9.58142953273553
0.155350083223659,-1.53730339343869,18.7538718627709,-0.539787816813299,86.8924865765353,-54.3883987088806,-9.43967821911571
0.153081746842369,-1.53586595839427,18.7423636908998,-0.506632673794754,86.9756167654011,-54.4830798951244,-9.30515951269562
0.150510833515494,-1.53454237749911,18.7285988068288,-0.472644044163858,87.0580103854275,-54.5778969402771,-9.17893803487935
0.147654577011089,-1.53333976779207,18.7123619335579,-0.437947278346596,87.139824956427,-54.6725158795285,-9.06135605773907
0.14452950212,-1.53225632229587,18.6933612770385,-0.402649400283167,87.2213144599733,-54.7666580694571,-8.95208366245796
0.141146644125635,-1.53128307859718,18.671186773047,-0.36685016461468,87.3028246251495,-54.8601056803646,-8.85020208313455
0.137507897812472,-1.53040541757136,18.6452725497944,-0.330654268927064,87.3847891875651,-54.9527017270676,-8.75430739770022
0.13360315322617,-1.5296036689064,18.6148647967759,-0.294181792945811,87.4677303029256,-55.0443454615154,-8.66262878639801
0.129407534988934,-1.5288523715423,18.5789991864614,-0.257575051165263,87.5522624294978,-55.1349840095994,-8.57315575790621
0.124878036845514,-1.52811778070341,18.5365003537945,-0.221000694906606,87.6390936396031,-55.2246014121874,-8.48376200338576
0.119949258856192,-1.5273532012703,18.4860316415785,-0.184645851572812,87.7290108573873,-55.3132069042345,-8.39229879280205
0.114529192870923,-1.52649194997661,18.426245801748,-0.148706451701073,87.8228260660719,-55.4008255130631,-8.29660785619799
0.108498631224506,-1.52543887685895,18.3561035720685,-0.113365296000326,87.921254348414,-55.4874952114267,-8.19438441262722
0.101721532447349,-1.52406436520072,18.2753940013215,-0.0787584453543544,88.024709165871,-55.5732731088438,-8.08284967890151
0.0940748414603822,-1.52220926711031,18.185339888167,-0.0449336336274974,88.1330622958158,-55.6582439373056,-7.95834031737091
0.0854967362228122,-1.51970998119075,18.0889190285552,-0.0118139259743504,88.2455165383187,-55.7425080081285,-7.81617075858879
0.0760306260896084,-1.51644014697283,17.9904576934596,0.0208131517829432,88.3607631635701,-55.8261190590984,-7.65117981918395
0.0658309946813692,-1.51234296871879,17.8945070706849,0.0532664803914743,88.4774056138265,-55.9089654508216,-7.45890799289969
0.0551212749740245,-1.50742615455806,17.804680605866,0.085903575923472,88.5943622365946,-55.9906284701193,-7.23676680972705
0.044129832377107,-1.50172442244612,17.7231472066111,0.119026280892267,88.7109623748656,-56.0702730019608,-6.98473004240167
0.0330345000498269,-1.49526489193537,17.650810814956,0.152773808044801,88.8267294643731,-56.1466402346417,-6.70579803482466
0.021927563834103,-1.48806511483623,17.5877185853465,0.187029652282219,88.9410767237405,-56.2182532053444,-6.40654372934697
0.0108068163671547,-1.48016359747354,17.5333204687996,0.221403680551983,89.0531915986801,-56.2839091401131,-6.09707700596166
-0.000398320382832447,-1.471652002059,17.4865628869,0.255350163620295,89.1622563134648,-56.3432401390722,-5.78924897154946
-0.0117738369341926,-1.46267398762601,17.44603135031,0.288373196576071,89.2678239727311,-56.3968684722774,-5.49358063073551
-0.0233750022755516,-1.45339143556162,17.4102332842866,0.320171280667556,89.3699918154919,-56.4460338531355,-5.21718886159178
-0.0352104563055099,-1.44394915039388,17.3778766397801,0.350648623742047,89.4692825289536,-56.4920813357928,-4.96374596892085
-0.0472502326970646,-1.43445805351546,17.3480041524572,0.37984507223966,89.5664170641459,-56.5361416458926,-4.73451197117774
-0.0594414805865381,-1.42499487146717,17.3199847659058,0.407856178239226,89.6621323649023,-56.5790332911881,-4.52935357791434
-0.071722241276384,-1.41560944705195,17.2934335585355,0.43477615614495,89.7570786709517,-56.621293500636,-4.34739276468476
-0.0840306507245037,-1.40633354070761,17.2681206976135,0.460667558112123,89.8517779112655,-56.6632597005036,-4.18734801712155
-0.0963100155857371,-1.39718842971762,17.2438987666539,0.485551256847656,89.9466196343873,-56.7051574942306,-4.0477075826398
-0.108510927601724,-1.38819050514372,17.2206553533201,0.509408872179115,90.0418772694884,-56.7471737334305,-3.92683068087029
-0.120591497521907,-1.37935490612019,17.1982870729427,0.532191073887626,90.1377331092136,-56.7895070195188,-3.82302088697592
-0.132516541553706,-1.3706975795191,17.1766880808443,0.553827203456844,90.2343044370999,-56.832396408764,-3.73458408400109
-0.144256305490042,-1.36223625190215,17.1557467054877,0.574233655066992,90.3316664216165,-56.8761333625719,-3.65987064363677
-0.155785095051551,-1.35399075711324,17.1353456864569,0.593320032858791,90.4298699069866,-56.9210630247259,-3.59729991110362
-0.167080007620347,-1.34598305458387,17.1153633619402,0.610993088379399,90.5289539350686,-56.9675800250196,-3.54536745771609
-0.17811983718215,-1.33823715830884,17.0956745269227,0.627158900148699,90.6289537537491,-57.016122433439,-3.50263789824132
-0.188884147429627,-1.33077910513672,17.0761505241899,0.641723862407856,90.7299053893646,-57.0671659906847,-3.46772708865843
-0.199352467247847,-1.3236370302814,17.0566585660357,0.654594977962507,90.8318478206816,-57.1212196182035,-3.43927739378468
-0.209503546167839,-1.31684138225572,17.0370604731624,0.665679820615635,90.9348235794437,-57.1788224633652,-3.41592900472034
-0.219314605960924,-1.3104252894067,17.0172110781503,0.674886411160545,91.0388783362958,-57.2405422387493,-3.39628947540134
-0.228760534663275,-1.30442507661337,16.9969565438935,0.68212316844651,91.144059781091,-57.3069742298549,-3.37890307000838
-0.23781299093967,-1.29888091602818,16.9761328257095,0.687299068031981,91.2504159138089,-57.3787399630293,-3.3622214518506
-0.246439425165921,-1.29383757220936,16.954564461997,0.69032417398293,91.3579928020247,-57.4564841127963,-3.34457804042241
-0.254602082842507,-1.28934516491055,16.9320637987178,0.691110797827871,91.4668320317701,-57.5408678480425,-3.32417048308992
-0.262257134458828,-1.28545982196439,16.9084306087277,0.689575648379836,91.5769686296489,-57.6325566845862,-3.29905964495626
-0.269354149408296,-1.28224404248525,16.8834518502547,0.685643386451536,91.6884312251885,-57.7322013294252,-3.26719959978
-0.275836145394873,-1.27976655870709,16.8569010914666,0.679251871403546,91.80124746999,-57.8404111687687,-3.22652081700018
-0.281640323957623,-1.27810148595916,16.82853716499,0.670358971179549,91.9154585363106,-57.9577215838627,-3.17509618923605
-0.286699323476542,-1.27732654686367,16.7981023394261,0.658950069986339,92.0311456941676,-58.0845568184463,-3.11142304616516
-0.290942527243318,-1.2775200535506,16.7653219489742,0.645044420533684,92.1484683677653,-58.221187760091,-3.03484830225624
-0.294297024298972,-1.27875611693165,16.729909160551,0.628697468473312,92.2677066801998,-58.3676782947052,-2.94613992067968
-0.296688643736466,-1.28109760234257,16.691577439481,0.609995877117612,92.3892949484298,-58.5238094769556,-2.84815074521186
-0.298044944780202,-1.28458759110085,16.6500551303631,0.589043859188576,92.5138319524772,-58.6889792699441,-2.74640942143036
-0.298302765789054,-1.28924313870568,16.6050817610395,0.565945733239112,92.6420653378873,-58.8621075235154,-2.64931863026958
-0.297420628495486,-1.29505790616945,16.5563583055442,0.540798940103541,92.7748670479324,-59.0416146104737,-2.56757707737333
-0.295390891423392,-1.30201753700956,16.5034465513226,0.51371408410102,92.9132232713765,-59.2255311229048,-2.51270144904196
-0.29224326386863,-1.31012179305662,16.4456610775086,0.484862661547338,93.0582411072698,-59.4117085217051,-2.49506043271573
-0.288035360478021,-1.31939931460081,16.3820208023276,0.454526662437142,93.2111427800826,-59.5980226661612,-2.52210043774793
-0.282834056587293,-1.32990374980332,16.3112932010242,0.423111840018801,93.3732027607462,-59.7824854353088,-2.59713297674268
-0.276696823259,-1.34169056087667,16.2321044227515,0.391100951657342,93.545592562016,-59.9632571345628,-2.71865148566536
-0.269664390353986,-1.35478465851599,16.1430402564366,0.358959365539854,93.7291418384895,-60.1386069210707,-2.88018433582377
-0.261774697242009,-1.36915731225392,16.0426477421846,0.327050469586398,93.9241091357147,-60.3069184978114,-3.07102607903296
-0.253096883289405,-1.38472863180894,15.9293239573134,0.295637547146233,94.1301370687122,-60.4668818064757,-3.27814389166481
-0.243764722860654,-1.4013901154852,15.8012628793117,0.264990716597303,94.3465015137562,-60.6179093662504,-3.48878347695482
-0.233981971866776,-1.41901894225488,15.6567050780988,0.235506806271902,94.5724924594813,-60.7605457057271,-3.69266953099413
-0.223988623637723,-1.43746597800204,15.4944756581586,0.207719671348133,94.8076082232058,-60.8965155373958,-3.88305452056571
-0.214000064961044,-1.45653398671248,15.3144543446685,0.182182321968933,95.0514769435176,-61.0282790287256,-4.05654486433916
-0.204146058830247,-1.47597725563425,15.1176310135762,0.159313534108639,95.303712453239,-61.158304786083,-4.21203642503235
-0.194438863745942,-1.49553238105796,14.9057429292129,0.139305998430243,95.5638988101541,-61.2884390530419,-4.3494024719485
-0.184783478272855,-1.51495959244668,14.680784916947,0.122125082501419,95.8316931372216,-61.4196445954202,-4.46863117355612
-0.175016121492033,-1.53406804317448,14.4446792370216,0.107574106325636,96.1069171116309,-61.5521219298646,-4.56974180797997
-0.16494362509521,-1.55271901027986,14.1991784882173,0.0953920867287584,96.3895505723482,-61.6856279824265,-4.65336935698989
-0.15436795254098,-1.57082281836727,13.9458960545957,0.0853592639443117,96.6796375372316,-61.8197848400476,-4.72168527523541
-0.143103469867444,-1.5883469919552,13.686341012305,0.0773902671675431,96.9771594876302,-61.9542778705499,-4.77923982774325
-0.131007217328504,-1.60533347340223,13.421929301333,0.0715918304590798,97.2819158046496,-62.0889804707553,-4.83328526240775
-0.118030123301775,-1.62189871629898,13.1540285793196,0.0682669762804703,97.5934166560148,-62.2241201589966,-4.89331361617281
-0.104267767410924,-1.63818776163245,12.8840949948484,0.067876054176612,97.9107543289742,-62.3605536004429,-4.97000523794815
-0.0899736491210552,-1.65428172680364,12.6138989957219,0.0709972025524434,98.2323791423888,-62.5000711364753,-5.07411080502933
-0.0755164245724867,-1.67009022950828,12.3457765490759,0.0783171470259955,98.5557165343706,-62.6454943438443,-5.21538080494166
-0.0612954318817836,-1.68526641467095,12.0828109821028,0.0906114515804087,98.8767235930042,-62.8001933624731,-5.40067659016615
-0.0476406866454325,-1.69918227232127,11.8288498910999,0.108572212817696,99.1898922293287,-62.966585368113,-5.62971915581396
-0.0347074107357798,-1.71104243859207,11.5882693117841,0.132360977944342,99.4896012209919,-63.143679780261,-5.88840885986208
-0.0223847909397303,-1.72020799001829,11.3653904855888,0.16122802478487,99.772793187067,-63.3256133680441,-6.14708483488783
-0.0103106019493742,-1.72651075415117,11.1637221564694,0.193884991593189,100.040375300597,-63.5038914011167,-6.37474894282222
0.00196031370114018,-1.73021034376264,10.9854880368588,0.22914256748605,100.295595887457,-63.6712046447669,-6.55664706188164
0.0147708925713187,-1.73174401316801,10.8311783761821,0.265908464633855,100.541988955045,-63.8227781168175,-6.69491750391797
0.028289446138172,-1.73154935214023,10.6992213510411,0.302975808694137,100.782662191987,-63.9558750996399,-6.7993045174581
0.0425366559321841,-1.72998772744541,10.5864432958766,0.339066618431528,101.020167238607,-64.0691429490058,-6.87992431282852
0.0574421152498575,-1.72732469108244,10.4890375788716,0.372998480831006,101.256418412731,-64.1622078829447,-6.9444298334428
0.0728871896865282,-1.7237386288866,10.4033571289305,0.403790585403514,101.49270505802,-64.2354570193703,-6.99774993463718
0.0887270088230974,-1.71933972555199,10.3262864142105,0.430676275013393,101.72983532724,-64.289911581762,-7.04272729211695
0.104798887005349,-1.71419034379165,10.2552957314858,0.453059769810348,101.968346396147,-64.3271235108494,-7.08089029988411
0.120924751025406,-1.70832401950933,10.1883373643037,0.47045803997497,102.208702847033,-64.3490592810933,-7.11309839657449
0.136912177029157,-1.70176236269181,10.1236894519746,0.482453881705605,102.451436375758,-64.3579556428221,-7.13997526247419
0.152556119633588,-1.69452930850771,10.0597980875325,0.4886715746229,102.697214376307,-64.3561421665348,-7.16210937377513
0.167641627096641,-1.68666210835878,9.99513298731353,0.488776809985133,102.946849940861,-64.3458310249552,-7.18003372577106
0.181946593346445,-1.6782185495466,9.92805261426053,0.482498380869765,103.201280240528,-64.3288807445249,-7.19400423227606
0.195242735481518,-1.66927994871318,9.85666436375453,0.469668698596251,103.46154538552,-64.3065498024499,-7.20359035955914
0.207292374810392,-1.65994946311627,9.77866056804899,0.450281757954407,103.728796021986,-64.2792658033282,-7.20709904287216
0.217838518979674,-1.6503453202824,9.69111360255288,0.424570292735352,104.004344110679,-64.2464400776121,-7.20090286157336
0.226587179228737,-1.64058823681868,9.59023581054925,0.393107083189352,104.289746155852,-64.2063495257834,-7.17884677003145
0.233185216626304,-1.63078026911332,9.47117794293934,0.356930493761552,104.586868827982,-64.1560912450152,-7.13204060851477
0.237205711882763,-1.62096833289437,9.32807775663163,0.317665625267694,104.897829973668,-64.0916120938616,-7.04944666613367
0.238166882865139,-1.61108575213405,9.1547340133091,0.277553691231222,105.224656181299,-64.0078575725763,-6.91967216550091
0.23562269177102,-1.60088693979766,8.94620358280367,0.239258732596333,105.568569635825,-63.8992107668995,-6.73429140163074
0.229336848073712,-1.58994642135728,8.70082287838209,0.205430859195921,105.92920171456,-63.7606376635097,-6.49310550376063
0.219447531755637,-1.57783441213528,8.42106008788655,0.178356711618578,106.304437343372,-63.5901185601354,-6.21173527133028
0.206449904599804,-1.56449314444415,8.11274569977385,0.160096016341176,106.690820334936,-63.3918345607988,-5.92809220428614
0.19091603860647,-1.55057164359044,7.78502521554245,0.152511995214425,107.08330414109,-63.1760212332487,-5.69520587971442
0.173062656598055,-1.53723275675765,7.4510836948004,0.156488320457578,107.474764582554,-62.952541078576,-5.55999115765669
0.152590117099668,-1.52540808908327,7.12675746045037,0.171466654746351,107.856986605213,-62.7260365808344,-5.5541302494845
0.129086476751605,-1.51524411538542,6.82704211565969,0.195827881623531,108.223128633906,-62.4979772602255,-5.69556348557623
0.102466263299611,-1.50622648290671,6.56235524281186,0.227494005244639,108.569455261272,-62.2701055789291,-5.98087784484162
0.0728580919611072,-1.49766416557476,6.33720459415582,0.264345178426599,108.894505909132,-62.0457316040097,-6.37603325256826
0.0404235094898672,-1.48906935961818,6.15106005057955,0.303978767928014,109.197413256254,-61.8296749987279,-6.82836890924737
0.00559420714954717,-1.48032292018061,5.99877686348217,0.343510850243729,109.47878545398,-61.625814034089,-7.29660261763103
-0.0308477498987768,-1.47155645950209,5.87247181531465,0.380302180718433,109.742643656726,-61.4337675834042,-7.76429883807147
-0.0680023475300986,-1.46292127771632,5.76464501003703,0.412613531840397,109.995538239934,-61.2490506482888,-8.23137270492448
-0.105025025155463,-1.45447301484316,5.66966470009115,0.439528061173328,110.243969485823,-61.0656264407153,-8.70114286941022
-0.141155383787379,-1.44620413288494,5.58344425023486,0.460451201566582,110.492178789131,-60.8782178927113,-9.17134235778681
-0.175682438457026,-1.43820012745193,5.50227689660939,0.47467941167194,110.740925900189,-60.6838872121444,-9.62975715949354
-0.20791715556179,-1.43078836072977,5.42177735685772,0.481585855955201,110.988320167793,-60.4825966956811,-10.0531894676264
-0.237255800665147,-1.42446365735929,5.33717358015941,0.48128502918212,111.232444356205,-60.2756654293931,-10.4120122784558
-0.263304862443686,-1.41962114882907,5.24476410471994,0.47482010953456,111.472724637708,-60.0637141748862,-10.6786839224103
-0.285900075365868,-1.41640026985425,5.14270425222646,0.463665776000122,111.709425657094,-59.8463749328892,-10.8317495630111
-0.30501037368604,-1.41473010692527,5.03080784266296,0.449232073088777,111.943038455521,-59.6227293662427,-10.8550659823145
-0.320643195719857,-1.41442303594741,4.91030263008221,0.432628549406161,112.174027500711,-59.3917464365345,-10.7376924091153
-0.332772679114651,-1.41525564778631,4.78346115900744,0.414515815630944,112.402971192365,-59.1539898272678,-10.4777823098648
-0.341247573813817,-1.41714813871001,4.65186213001701,0.395302247421772,112.631336447269,-58.9155841817605,-10.0926428361318
-0.34580872025413,-1.42039209421917,4.51388792570637,0.376103116915376,112.861471847129,-58.6907156030524,-9.62929117521084
-0.346386744863831,-1.42543849776463,4.36592839707875,0.359083870723836,113.094742863749,-58.4934921171165,-9.14789061749074
-0.343245525117839,-1.43241961731475,4.20656809208189,0.346141521123949,113.330965071572,-58.3266324211802,-8.68726847555136
-0.336752383255026,-1.44116023843784,4.03775380871125,0.338117333975836,113.569235724239,-58.1825478937621,-8.25975793137755
-0.327194043859054,-1.45141487413972,3.86354168474056,0.335091565589961,113.808297667477,-58.0495980640756,-7.86123466418874
-0.314773367338562,-1.46299273522985,3.68859205637156,0.336733743590338,114.046624084924,-57.9159240416211,-7.4789541776086
-0.299681790356108,-1.47578597599365,3.5168909799358,0.342452503958489,114.282638090107,-57.771141709996,-7.09820952519653
-0.282139730148559,-1.48975380882205,3.35093190450887,0.351482962354276,114.515046959697,-57.6074691371374,-6.70932553541136
-0.262340927499575,-1.50488151024717,3.19167888966133,0.362905604141553,114.743089444457,-57.4211708425658,-6.31532712685861
-0.240343822868286,-1.52111147008431,3.03933687748247,0.375495848711862,114.966449118859,-57.2143793140451,-5.93909656474006
-0.21611080912938,-1.53827877618546,2.89406301517909,0.387685550612049,115.185117424431,-56.9954407395843,-5.62102289726369
-0.189766902562524,-1.55614653995123,2.75573221891146,0.39811284793339,115.399881847121,-56.7748913612881,-5.39855933373873
-0.161729975814434,-1.5744963842209,2.62356742580404,0.406151288776263,115.612533553085,-56.5604317152205,-5.28889933740414
-0.132569603971073,-1.59315085661957,2.4962885290411,0.411761739535239,115.825215824795,-56.35615087158,-5.29134430253917
-0.102841855178508,-1.61195741272971,2.37231435962486,0.415118148519136,116.039789340631,-56.1641260786678,-5.39511041591977
-0.0730080711410607,-1.63077461115805,2.2498832411987,0.416348431849093,116.257480908554,-55.9856529770874,-5.58302299623274
-0.0434026566014668,-1.64944684945336,2.12715200360844,0.415389579815901,116.478721644084,-55.8217701881427,-5.83222707897133
-0.0142368298637948,-1.66776955912895,2.00222788177365,0.412027190726546,116.70318117257,-55.6734437383501,-6.11552231428237
0.0143488834678289,-1.68548275957933,1.87320115031642,0.406181056177727,116.930016878467,-55.5414510026782,-6.4055117787297
0.0422110230733827,-1.70230925907352,1.73837218597024,0.398218978323193,117.158271156536,-55.4259464410087,-6.6796339529892
0.0691674263535974,-1.71799978644515,1.59663893784969,0.388999486353409,117.387208760213,-55.3260675508382,-6.92271099226856
0.0950136241882174,-1.73235058783412,1.44778322107021,0.379651951409225,117.616401230627,-55.2399338849687,-7.12666757789227
0.119558543660585,-1.74520062662706,1.2925518328939,0.371306504744321,117.845580457107,-55.1650212149565,-7.28884729178832
0.142649296854078,-1.75642703652885,1.13259859735597,0.364903000931551,118.074421655092,-55.0986713442947,-7.41002429477542
0.164177889000146,-1.76594282049497,0.970310836215691,0.361086956690687,118.302396053006,-55.0385077470331,-7.49284232111
0.184076869539932,-1.77369256431441,0.808494219035674,0.360170307018815,118.528751862038,-54.9826569295238,-7.54105425824961
0.202311219216459,-1.77964548854852,0.649950058112185,0.362147882285191,118.752604938424,-54.9298001870745,-7.55944453660327
0.218868189770625,-1.78378929067087,0.497070099331096,0.366760580625337,118.973076119395,-54.8791265421086,-7.55398644255234
0.233744770765071,-1.78612728029416,0.351586820343174,0.37357913458113,119.189412205878,-54.8302420155372,-7.53177086643569
0.246935974800259,-1.78667828542541,0.214528615615312,0.382074138383003,119.401061154039,-54.7830635783694,-7.50049566180845
0.258430003231905,-1.78547773722314,0.0863199839057319,0.391655737103909,119.607705075285,-54.7377145496803,-7.46765283666779
0.268213066452472,-1.78257913345949,-0.0330707486460266,0.401694378684636,119.809263117767,-54.6944360965732,-7.4397553000078
0.276280134041074,-1.77805552700336,-0.143998078531393,0.411543686977318,120.005870766337,-54.6535236019829,-7.42188079843122
0.282644972873603,-1.77200021260955,-0.247036021637649,0.420574014393756,120.197841383754,-54.6152860000696,-7.41759310906537
0.287345118913951,-1.76452550127715,-0.342900374242113,0.42821005831982,120.38561970753,-54.5800185369472,-7.42913481714087
0.290441290154447,-1.75575903786312,-0.432390912485865,0.433961553220357,120.569737263406,-54.5479791380966,-7.45774844601462
0.292013037382787,-1.74583809957418,-0.516350303496932,0.437440373992854,120.75077526549,-54.5193631848563,-7.50401940352167
0.292152818087789,-1.7349030436477,-0.595637161271819,0.438363463116539,120.92933557094,-54.4942764517082,-7.56818013236563
0.290960159415563,-1.72309126187093,-0.671110574403266,0.436545046187086,121.106017540001,-54.4727087143655,-7.65034598427564
0.288536917698394,-1.71053270188388,-0.74362378904989,0.431883102110374,121.281398557649,-54.454511203495,-7.75067078091492
0.284984097165425,-1.69734745694237,-0.814025559660952,0.424344692120147,121.456017367198,-54.4393809913809,-7.86941916804145
0.280400279881599,-1.68364539793538,-0.88316846585685,0.413953367254663,121.630360782723,-54.4268556501503,-8.00695686475192
0.274881441155285,-1.66952755190684,-0.951924017768523,0.400780214562076,121.804855073365,-54.416322105157,-8.16366064720364
0.268521759728393,-1.65508898373423,-1.02120480915597,0.384938721080417,121.979863683986,-54.4070434841672,-8.33975003641386
0.261414900483833,-1.64042321397401,-1.09199441424212,0.366582846520245,122.155693605995,-54.3982055235229,-8.53504635907905
0.253655028405667,-1.62562847597547,-1.16538560989582,0.345907618787524,122.332613591785,-54.3889788367071,-8.748677439672
0.245336435741178,-1.61081603167348,-1.24262521298949,0.323152095214747,122.510886853661,-54.3785856974554,-8.97877225323008
0.236550247619786,-1.59611993515073,-1.32515709728076,0.298605088854993,122.690815766233,-54.3663531224977,-9.22222810146904
0.227376634247465,-1.5817059700384,-1.41464337098842,0.272613464409082,122.872784404778,-54.3517341592697,-9.47466523306909
0.217871875125768,-1.56777575899661,-1.51293289291829,0.245590082580169,123.057271427182,-54.3342931321987,-9.73066880098247
0.20805163104334,-1.55456177084258,-1.62194826823113,0.218014632940611,123.244804921114,-54.3136770383087,-9.98431939030033
0.19787410666835,-1.54231087764419,-1.74348505222729,0.190419123041749,123.435853196449,-54.2896167204026,-10.2298690187171
0.187228410878549,-1.53125700983094,-1.87895203657167,0.163353432868843,123.630680959831,-54.261993702024,-10.4623490094112
0.175934085346776,-1.52158602586149,-2.02911204662598,0.137333690385025,123.829224629125,-54.2309679579147,-10.6779678520374
0.163757070120437,-1.51339903445415,-2.19389717449606,0.112783265385981,124.031039874455,-54.1971129115579,-10.8742899416629
0.15044350379166,-1.5066845390671,-2.37236230371647,0.0899798938988954,124.235349176336,-54.1614790771599,-11.050255428622
0.135764940310544,-1.50131121080618,-2.56279933217417,0.0690213409232817,124.441174929374,-54.1255288146371,-11.2060839898039
0.11956086261802,-1.49704710046797,-2.76297457268108,0.0498159552641629,124.647504632953,-54.0909469861253,-11.3430690662484
0.101763539290872,-1.49359919945155,-2.97040766245985,0.0320959218241868,124.853424870727,-54.0593960232756,-11.4632721058275
0.0823983742875722,-1.49065768911964,-3.18260596297248,0.0154445722112434,125.058184497696,-54.0323033721455,-11.5691601282779
0.0615645879289918,-1.48792879158276,-3.39719684567068,-0.00067187898772631,125.261181963151,-54.010737878382,-11.6632478641482
0.0394089427745037,-1.48514822867778,-3.61193875293279,-0.0168737814919171,125.461893535785,-53.9953824349044,-11.7477830957184
0.0161057847064363,-1.4820781774406,-3.82462529176476,-0.0338382178633757,125.659764488163,-53.9865774784967,-11.8244704214769
-0.00814907186740203,-1.47849886725983,-4.03292380347683,-0.0522641755552716,125.854085232564,-53.9844038777066,-11.894205763353
-0.0331322087529606,-1.47420872652581,-4.23421823219295,-0.072824662199863,126.043881900904,-53.9887843120046,-11.956822680583
-0.058584968291272,-1.46904273375141,-4.42555838283826,-0.096100586264294,126.227869919474,-53.9995928440627,-12.010931072102
-0.0842193645644416,-1.46290673192287,-4.60383051595408,-0.122501492395253,126.404533763585,-54.0167600577622,-12.0540052751669
-0.109745885507206,-1.45581007890281,-4.76620014687215,-0.15219386570538,126.572367353639,-54.0403459276042,-12.0828446876623
-0.134913992650606,-1.44787280407949,-4.91070518691588,-0.18506783231388,126.730213526992,-54.0705449467158,-12.0943191203202
-0.159542377157755,-1.43929768326865,-5.03670570911168,-0.220763489763423,126.877539945018,-54.1076121162455,-12.0860592465214
-0.183522592380595,-1.43032242771691,-5.14493351233747,-0.258749678711213,127.014505309691,-54.1517428727898,-12.0567444755702
-0.206800006938529,-1.42117742311052,-5.23714594910613,-0.298423287934137,127.141814165123,-54.2029609509398,-12.0059341402935
-0.22934774583006,-1.4120631095431,-5.31561362470262,-0.339196132337887,127.260482252794,-54.2610486241879,-11.9336809476524
-0.251145350115377,-1.40314502592751,-5.38267353223225,-0.380553476467308,127.371633545513,-54.3255228525923,-11.8402039592457
-0.272165064314341,-1.39455762629953,-5.44044474925044,-0.422084171260942,127.476375477348,-54.3956464311057,-11.7257517947472
-0.292363965268016,-1.3864093026969,-5.49069186487795,-0.463487595536623,127.575738482497,-54.4704644337108,-11.5906428522815
-0.311680037296906,-1.37878471443746,-5.53478390346958,-0.504560601256654,127.670647280653,-54.5488603617821,-11.4354087286341
-0.330032002518698,-1.37174347726285,-5.57370587131013,-0.545165246409202,127.761899133679,-54.6296267305511,-11.2609694954154
-0.347324136124311,-1.36531625999297,-5.60810146736975,-0.585179326466158,127.850140387756,-54.7115422481471,-11.0687901746701
-0.363457302414426,-1.35950082140415,-5.63834158445921,-0.624437413194483,127.935847703347,-54.793445604412,-10.8609740621602
-0.378345450923293,-1.35426144354649,-5.66461801566128,-0.66267829277408,128.019329209151,-54.8742963646735,-10.6402371414855
-0.39193328777081,-1.34953475606195,-5.68705415887135,-0.699519726772579,128.100757729806,-54.9532168310655,-10.4097150019516
-0.404208270015419,-1.34524234703125,-5.70581033618753,-0.73447560884636,128.180231688027,-55.0295134684257,-10.1726221120356
-0.415201650375868,-1.34130687294007,-5.72115506049635,-0.767012709657969,128.257840618715,-55.1026794864277,-9.93188304689633
-0.424978818042373,-1.33766647429404,-5.73348545833626,-0.7966262906464,128.33370901167,-55.1723802565826,-9.68988223789402
-0.433624112997832,-1.33428367612106,-5.74330170715778,-0.822909691100544,128.408006618133,-55.2384243442096,-9.44839330782974
-0.441226090768225,-1.3311478839261,-5.75115470812369,-0.845601928709626,128.480930305981,-55.3007278935236,-9.20864110856581
-0.447866887325823,-1.32827265144538,-5.75758760856851,-0.864608728022191,128.552670908296,-55.3592841282521,-8.97141131277669
-0.453616677237169,-1.32568952492731,-5.76308605790359,-0.879999631617688,128.623379637567,-55.414146667747,-8.73714933833486
-0.458532553071855,-1.32344019404646,-5.76804516238823,-0.891987016915009,128.693146731931,-55.4654264477343,-8.50603001634806
-0.462660333436794,-1.32156851030313,-5.77275507440049,-0.900893528275133,128.762000721851,-55.5132940102825,-8.27800086196305
-0.466037465171109,-1.32011376022798,-5.77740256184356,-0.907113631668386,128.829929184504,-55.5579766571361,-8.05280698406202
-0.46869529971712,-1.31910623118022,-5.7820831990696,-0.911073840798596,128.896912275726,-55.5997433426392,-7.83000862609331
-0.470659730963815,-1.31856542110488,-5.78681810463772,-0.913195642049328,128.962953365734,-55.6388763802943,-7.60900856882461
-0.471950322755216,-1.31850032536308,-5.79157014558862,-0.913864823252385,129.028092375551,-55.675635362409,-7.38910734943001
-0.472579001665823,-1.31891056309479,-5.79625674173119,-0.91340943860595,129.092396939687,-55.710222872361,-7.1695925524673
-0.472549588042335,-1.31978712653896,-5.80075898993926,-0.912086092992817,129.155936932763,-55.7427619381091,-6.94985329071723
-0.471858990353741,-1.32111215580057,-5.80492881847464,-0.910072396996788,129.218752487258,-55.7732921418979,-6.72950434668478
-0.470500295838668,-1.32285790864862,-5.80859683741891,-0.907463600434251,129.280825045852,-55.8017869017581,-6.50850390767597
-0.468467499976363,-1.32498570411729,-5.81158350932946,-0.904273129201469,129.342059336556,-55.8281897588604,-6.2872452836484
-0.46576112229991,-1.32744596241404,-5.8137151402562,-0.900438659520529,129.402282891034,-55.8524623502917,-6.06659588146527
-0.462393393272524,-1.33018038818945,-5.81484379783643,-0.895836000644718,129.461266893215,-55.8746317621041,-5.84785703999714
-0.458391364728977,-1.33312665922379,-5.81486717675445,-0.890301443856465,129.518765857972,-55.8948228919675,-5.63263787253958
-0.453796687942264,-1.33622482740347,-5.8137425092613,-0.883659798576058,129.574565674721,-55.9132652689995,-5.42267120332419
-0.448661997766328,-1.33942368228499,-5.81148974978481,-0.875752274718965,129.628525162777,-55.9302729308975,-5.21962642782362
-0.443045166648638,-1.34268527650897,-5.80818317523589,-0.866458045624387,129.680599246203,-55.9462054638378,-5.02497038080169
-0.437003284010162,-1.34598667546794,-5.80393464681034,-0.855705932722754,129.730840152032,-55.9614229070104,-4.83989708838039
-0.4305878574342,-1.34931909168604,-5.79887367834499,-0.843476183218725,129.779380955478,-55.9762458653056,-4.66531565993591
-0.423841906671448,-1.35268525194065,-5.79312888879147,-0.829794742466649,129.826409481757,-55.990927638903,-4.50187134683339
-0.416798899795511,-1.35609598030938,-5.78681363209281,-0.814723198499922,129.872140174557,-56.0056405539795,-4.34997766902372
-0.409483099421513,-1.3595667764429,-5.78001680604942,-0.798347236826055,129.916789182059,-56.0204753508236,-4.20984730471771
-0.401910793934363,-1.36311487040663,-5.77279856250795,-0.780765672444801,129.960555372582,-56.0354505468383,-4.08151797648012
-0.394091950816799,-1.36675697511878,-5.76518991539,-0.7620813216826,130.003608026223,-56.0505278844234,-3.96487419964433
-0.386031945573154,-1.37050777242322,-5.75719495762,-0.74239428995127,130.046080669008,-56.0656300648327,-3.85966715946875
-0.377733139578092,-1.37437905501621,-5.74879442645481,-0.721797728314872,130.088069814208,-56.0806577059342,-3.76553463274521
-0.369196182998186,-1.37837938896843,-5.73994957950708,-0.700375762054229,130.129637116617,-56.0955035274799,-3.68202189181974
-0.360420998012563,-1.38251414506117,-5.73060565119564,-0.678203108961777,130.170813500343,-56.1100628452888,-3.60860355387825
-0.351407452368201,-1.3867857574784,-5.7206944640337,-0.655345857305189,130.211604064435,-56.1242403188571,-3.54470566125662
-0.342155765687879,-1.39119409368083,-5.7101360156591,-0.63186292208073,130.251992895358,-56.1379534494483,-3.48972698010369
-0.332666704993688,-1.39573684990359,-5.69883902918836,-0.607807799633305,130.291947236846,-56.1511335807952,-3.44305853945261
-0.322941626593489,-1.4004099159171,-5.68670054505134,-0.583230357151606,130.331420735396,-56.163725186985,-3.40410068138543
-0.312982414110433,-1.40520767645669,-5.67360466514678,-0.558178499721876,130.370355672491,-56.1756841317798,-3.37227722374223
-0.302791351160035,-1.41012323367038,-5.6594205570981,-0.532699639990407,130.408684216069,-56.1869754273643,-3.34704664419706
-0.292370955577693,-1.41514854505293,-5.64399980896407,-0.506841952143826,130.446328787016,-56.1975708592522,-3.32791042205646
-0.281723791649033,-1.42027447593657,-5.62717320974631,-0.480655424739388,130.483201663289,-56.2074467058554,-3.31441880309761
-0.27085226878881,-1.42549076589818,-5.6087470334222,-0.454192742053954,130.519203952564,-56.2165816753103,-3.30617429540819
-0.259758429601404,-1.43078590585386,-5.58849893771821,-0.427510025307801,130.554224072759,-56.2249551082727,-3.30283318322154
-0.24844372757798,-1.43614691817038,-5.56617367000497,-0.400667457200952,130.588135903735,-56.2325454480598,-3.30410528925905
-0.236908794995699,-1.44155902697018,-5.5414789219433,-0.373729796578,130.620796828863,-56.2393289528433,-3.30975215201587
-0.225153205939715,-1.44700520113946,-5.51408191745899,-0.346766764701437,130.652045987026,-56.2452786137481,-3.31958374330314
-0.213175249113005,-1.45246555052909,-5.48360768037888,-0.319853248138385,130.681703219317,-56.2503632458659,-3.33345386985648
-0.200971742431532,-1.45791656000545,-5.44964042048853,-0.293069213436402,130.709569427548,-56.2545467376785,-3.3512545289493
-0.188537948556899,-1.46333016212899,-5.41173006878036,-0.266499165366347,130.735429350706,-56.257787483021,-3.37290977998862
-0.17586768783953,-1.4686726856003,-5.36940655894716,-0.240230909388963,130.759058051785,-56.260038085675,-3.39837020645815
-0.162953787667208,-1.47390378234253,-5.32220470792699,-0.21435331942408,130.780232553441,-56.2612455252455,-3.42760978365149
-0.149789039052036,-1.47897553568449,-5.26970200846393,-0.188952803859749,130.798749827536,-56.2613520985717,-3.46062781881953
-0.136367820804668,-1.48383207424198,-5.21156970654411,-0.164108267603362,130.814451427313,-56.2602975730953,-3.49745924303949
-0.122688455487098,-1.48841011894527,-5.14763380823434,-0.139884651920513,130.827253244177,-56.2580230396199,-3.53819628559067
-0.108756147854471,-1.49264089674765,-5.07793758720721,-0.116325618790267,130.837176366759,-56.2544768344164,-3.58302273319079
-0.0945860507437753,-1.49645367759849,-5.00279256217292,-0.093446542067855,130.844372688127,-56.2496225377316,-3.63225827932643
-0.080205722626972,-1.49978080667289,-4.92280363074445,-0.0712294351996962,130.849138150111,-56.2434484787213,-3.6864057254248
-0.0656561640691695,-1.50256362134321,-4.83885819824051,-0.0496214751259678,130.851908409419,-56.2359775843006,-3.74619008034078
-0.0509908643954069,-1.50475828913484,-4.75207787740008,-0.028538186657524,130.85323589881,-56.2272760966842,-3.81257819733565
-0.0362727899248967,-1.50634057267089,-4.66374058886994,-0.00787124351855543,130.853751766126,-56.2174598318193,-3.88677119864617
-0.0215697773804073,-1.50730881489835,-4.57518623868142,0.0125003862858156,130.854118801408,-56.2066971353095,-3.97016790745819
-0.00694915054854836,-1.50768484576816,-4.48771933578778,0.0326981228619703,130.854981542101,-56.1952081260469,-4.06430303907217
0.00752750464198097,-1.50751284130254,-4.40251931972892,0.0528327446033534,130.856918457172,-56.1832598180467,-4.17076715446684
0.021808540064409,-1.50685637325662,-4.32056704701313,0.072996723066165,130.860400079934,-56.1711561881756,-4.29111630924045
0.035854762321547,-1.50579403989629,-4.24259461623084,0.0932610441111433,130.865756779657,-56.1592215331273,-4.42677874954344
0.0496399467409554,-1.50441419361171,-4.16906398085296,0.11367632468416,130.873159962878,-56.1477751750941,-4.57896417604328
0.0631494492009803,-1.50280930731307,-4.10017616080455,0.134276691859262,130.882620168146,-56.1370964448902,-4.74857723596834
0.0763773994260592,-1.5010703681783,-4.0359078611471,0.155083899167361,130.894004794793,-56.1273813662801,-4.93612992338541
0.0893231798989257,-1.49928138623099,-3.9760680417795,0.176108827488733,130.907077615988,-56.1186966623913,-5.14163779171956
0.101987927513812,-1.4975138347207,-3.92036505305486,0.197348040051683,130.921561507839,-56.1109424413677,-5.36447690819822
0.114371739282809,-1.49582088392592,-3.86847488253892,0.2187746265979,130.937222465963,-56.1038417134036,-5.60318508669696
0.126472240873018,-1.49423196066301,-3.82010067005475,0.240325532290142,130.953962304702,-56.0969799286634,-5.85523353036779
0.138285126174383,-1.49274951695855,-3.77501167464651,0.261891842201458,130.971887860526,-56.0899114422115,-6.11688451388611
0.149806814603582,-1.49135103391533,-3.7330497919774,0.283321561772955,130.991309565233,-56.0823176322437,-6.38333349510955
0.161038204005551,-1.48999815748923,-3.69410124905327,0.304440630541484,131.012642560445,-56.0741484009329,-6.64926717491351
0.171987367056198,-1.48865060530173,-3.65805023326559,0.325085461675292,131.036247640623,-56.0656575813412,-6.90968963155035
0.182669449050639,-1.48727866290433,-3.62474252297948,0.345130161648038,131.06230015582,-56.0573038351519,-7.1606266341492
0.193103944932061,-1.48586927278689,-3.59397619920528,0.364496151905661,131.090750238531,-56.0495829039905,-7.39941894031835
0.203311010165998,-1.4844254671409,-3.5655155862178,0.383145390431292,131.121367532831,-56.0428849786174,-7.62462963502141
0.213308374269673,-1.48296210393157,-3.53911415511043,0.401066144887681,131.153822642738,-56.037424133462,-7.83577009551651
0.223109516906586,-1.48150087629283,-3.51453482452435,0.418259044523556,131.187763579982,-56.0332330862297,-8.03301779723217
0.232723027488887,-1.48006617295676,-3.49156291750204,0.434726830734049,131.222868850795,-56.0301953292917,-8.21699857881642
0.242152777042046,-1.47868220999371,-3.47001185693329,0.450468177153804,131.258876045808,-56.0280901385902,-8.38863822212405
0.251398527558505,-1.47737130322771,-3.44972363170375,0.465474724142079,131.29559189682,-56.0266361381319,-8.54906467977222
0.260456703024898,-1.47615299586079,-3.43056625831916,0.479730266965033,131.332890751103,-56.0255271521936,-8.69954215881995
0.269321151974011,-1.47504376691763,-3.4124299525945,0.493211195444148,131.370707072792,-56.0244586987891,-8.84142476577454
0.277983813187205,-1.47405710344814,-3.39522309098155,0.505887511993132,131.409025814805,-56.023145745261,-8.97612326249885
0.286435251026206,-1.47320377897988,-3.37886851701073,0.517723962807119,131.447872992154,-56.0213333197418,-9.10508200906125
0.294665058504325,-1.47249223075201,-3.36330039533976,0.528680981174733,131.48730767435,-56.0188018595394,-9.22976480090256
0.302662141108567,-1.47192896712174,-3.34846161327074,0.538715261624765,131.527415871455,-56.015369095725,-9.35164888269019
0.310414896877604,-1.47151896536818,-3.33430163524227,0.547779861238191,131.568306326292,-56.0108900083826,-9.47222655006147
0.317911303127166,-1.47126604046467,-3.32077468561211,0.555823768263462,131.610107952299,-56.0052560630388,-9.59301376867119
0.325138910501302,-1.47117317896186,-3.30783813708885,0.562790898754302,131.652968480568,-55.9983946353077,-9.71556523407098
0.332084732590389,-1.47124284049069,-3.29545099676309,0.568618493380311,131.697053712634,-55.990269287979,-9.84149517720067
0.338735007597497,-1.47147723388889,-3.28357239566247,0.573234910167102,131.742546539535,-55.9808813845069,-9.97250277899366
0.345074801919031,-1.47187857716066,-3.27215999528674,0.576556874307289,131.789644508712,-55.9702733643623,-10.1103999238314
0.351087434944888,-1.47244935339601,-3.26116822032359,0.578486397089441,131.838554176825,-55.9585337608593,-10.2571367289157
0.356753745957189,-1.47319258576105,-3.25054621423421,0.578907859769486,131.889479890429,-55.9458034970899,-10.4148163901441
0.362051313280517,-1.47411218952696,-3.24023542203672,0.577686189188205,131.942604423176,-55.9322818125816,-10.5856854497663
0.36695385555755,-1.47521354244769,-3.23016683965577,0.5746675237675,131.998059990731,-55.918228039226,-10.7720798671813
0.371431086379278,-1.47650456100046,-3.22025849888254,0.56968396818739,132.055891787045,-55.9039526275077,-10.9763037793375
0.375449031630432,-1.47799772588291,-3.21041511107562,0.562563537281876,132.116022891775,-55.889789141955,-11.2004184138109
0.378970070367973,-1.47971346371902,-3.20053421759141,0.553145082462971,132.178237542673,-55.8760422648209,-11.44592150185
0.38195100358621,-1.4816847042944,-3.19052575116794,0.541296385783788,132.242204879297,-55.8629193806354,-11.7133027170925
0.384337372334705,-1.48396098471464,-3.1803511260768,0.526932068125133,132.307559995098,-55.8504750986547,-12.0014908205323
0.386054550169648,-1.48660849009035,-3.17007795497554,0.510025585865868,132.374032683623,-55.83861791039,-12.3073178271554
0.387001014535613,-1.48970184000965,-3.15992539421732,0.490606165600382,132.441563214919,-55.8272161735347,-12.6253184519467
0.387052532341893,-1.49330740509442,-3.15026009015195,0.46873278470718,132.510309125029,-55.8162656460595,-12.9482392961513
0.386080679745323,-1.49746568336446,-3.14152620547513,0.444451210732811,132.58050567389,-55.8059860184068,-13.268235317162
0.383976974314084,-1.50218317353448,-3.13414775556849,0.417757904395452,132.652274846629,-55.7967328444166,-13.5781474608908
0.380669140326265,-1.50743707046409,-3.12846267190877,0.388593319841427,132.725523014994,-55.7887655108367,-13.8722577189201
0.376123710449905,-1.51318736349761,-3.12471310791427,0.356866247278187,132.799974196495,-55.7820210244372,-14.1464748160038
0.370338024027782,-1.51938903961762,-3.12307751939235,0.322493484185863,132.875287129647,-55.7760051573082,-14.3982493217989
0.363327186147149,-1.52600019220574,-3.1237195302963,0.285436973305703,132.951183874051,-55.7698190441037,-14.6264372963496
0.355110095089237,-1.53298521801333,-3.12683251397885,0.245727789311332,133.027542817674,-55.7622809924008,-14.8311528002507
0.345696714463482,-1.54031422461027,-3.13265859449191,0.203474846908206,133.104435403704,-55.752086130974,-15.0135813117631
0.335077703208819,-1.54796035734151,-3.14144878659292,0.158861664406304,133.18209800712,-55.737953567628,-15.1757518695749
0.323218345733949,-1.55589649616286,-3.15330933141535,0.112135952230645,133.260828129033,-55.7187311090294,-15.3203116299349
0.310062710688244,-1.56409236829002,-3.16788492551786,0.0635957861871672,133.340796846902,-55.693449119168,-15.4503624279329
0.295558327450824,-1.57251325523745,-3.18397966142431,0.0135757625085208,133.421836870164,-55.6613261435891,-15.5693598626205
0.279701128998619,-1.58112170866269,-3.19955646551489,-0.0375621636836725,133.503422223352,-55.6217336721055,-15.6809305809434
0.262566094996014,-1.58988145450732,-3.21251662216262,-0.089430873535671,133.58502938297,-55.5741476143013,-15.788448371112
0.244284726577855,-1.59875904150902,-3.221685115606,-0.141619262782715,133.666596441134,-55.5181341793698,-15.8945419235492
0.224992525269313,-1.60772157859802,-3.22701799437441,-0.193699707259278,133.748602315444,-55.4533829146506,-16.0008500102047
0.204797011665065,-1.61673422737571,-3.22912449391941,-0.245240732478016,133.831809364892,-55.379752051126,-16.1079689221029
0.183775801129615,-1.62575962943585,-3.2287789105833,-0.295820498865478,133.916994343468,-55.2972978121194,-16.2153662682308
0.161987689178919,-1.63475831698298,-3.22668756802153,-0.345040025274576,134.004798214431,-55.206281637846,-16.3212157592509
0.139484189039072,-1.64368902781889,-3.22343308536184,-0.392536216091534,134.095665567946,-55.1071539186898,-16.4222480489211
0.116317315076092,-1.65250895560854,-3.2194817006882,-0.437992581793456,134.18983243425,-55.000511459631,-16.5137353429221
0.0925428843225802,-1.66117476096943,-3.2151938219759,-0.481143079806355,134.287348969232,-54.8870299687487,-16.5897000147939
0.0682198437942667,-1.66964526652702,-3.2108208285535,-0.521764035588102,134.388137345197,-54.767383262721,-16.6433761458459
0.0434071887704609,-1.67788617849808,-3.20649339221884,-0.559651450567837,134.492080776981,-54.6421730576485,-16.6678667036044
0.0181609562158125,-1.6858763008116,-3.2022153257089,-0.594585053475427,134.599126335753,-54.5119001912338,-16.6568740690943
-0.00746585142207365,-1.69361383663014,-3.19787875210757,-0.626284758209284,134.709372165804,-54.3770048755447,-16.6053853936737
-0.0334176373857423,-1.70112010834902,-3.19331641089625,-0.654371292433535,134.82310296745,-54.2379896042049,-16.5102656996352
-0.0596227942775976,-1.7084359376531,-3.18840310955349,-0.678354016333181,134.940735398008,-54.0956138321583,-16.3708286755341
-0.0859732945766643,-1.71560451618735,-3.18319821399807,-0.697681798924555,135.062643186608,-53.9511080447665,-16.1895956217945
-0.112305574546573,-1.7226388181782,-3.17807272241247,-0.711886696829433,135.188873793822,-53.8062791207652,-15.973418588188
-0.138401806858378,-1.72948743376164,-3.17370668970805,-0.720788805781247,135.318877766218,-53.6632881730944,-15.7344313352454
-0.164028816642177,-1.73603167314686,-3.17087050230752,-0.72461666835218,135.451503798039,-53.523980295769,-15.4891224132189
-0.188996251485297,-1.74213148375252,-3.17010897729816,-0.723886751316309,135.585406194552,-53.3891417112898,-15.2546481333233
-0.213182722422811,-1.74768354637455,-3.17160672961804,-0.719116776764261,135.71957515131,-53.2583461874858,-15.044844895278
-0.236512388724882,-1.7526425276337,-3.17531576629015,-0.71062384888215,135.853556323452,-53.130444662637,-14.8688195574921
-0.258915207445218,-1.7570036399094,-3.18116933061425,-0.698514988599716,135.987316731891,-53.0041724591376,-14.7318024214945
-0.280302226855972,-1.76077324008066,-3.1892271169472,-0.682792109562778,136.120995954898,-52.8785291512811,-14.6365377984256
-0.300561759341122,-1.76394577602128,-3.19972474233454,-0.66347060492983,136.254731031216,-52.7529404315748,-14.5843086908655
-0.319569723319701,-1.76649159678835,-3.21305887181257,-0.640661773963884,136.388613407167,-52.6273293537159,-14.5754788286811
-0.33720715264327,-1.76835462078948,-3.22974043567017,-0.614607419736896,136.522758718986,-52.5021892309125,-14.6096491924919
-0.353380032671168,-1.76945897503059,-3.25033791811378,-0.585668732191379,136.657437043519,-52.3786824449065,-14.6855247275547
-0.368036403567198,-1.76972475512978,-3.27543185541839,-0.554274702791753,136.793198561338,-52.2587306828239,-14.8006152592467
-0.381173098702771,-1.76909150167776,-3.30561269111737,-0.520842717354056,136.930931782551,-52.1450237641303,-14.9509924600431
-0.392823709559841,-1.76754283836797,-3.34156233845303,-0.485702372288069,137.071816480641,-52.0408686934,-15.1314066410038
-0.403025891309519,-1.76512098504958,-3.38423796522567,-0.449070354504263,137.217185381122,-51.9498441692441,-15.3359888397593
-0.411778681252523,-1.76192308374245,-3.43511236425257,-0.411111446427724,137.368366101249,-51.875312143553,-15.5594798901096
-0.419007330605827,-1.75808405638204,-3.49635010897898,-0.372070451260198,137.526589917605,-51.8199131897458,-15.7986549230198
-0.424545814816618,-1.75376321151966,-3.57076408229202,-0.332408457374052,137.692993534924,-51.7851716038025,-16.0535830428672
-0.428134293033566,-1.74915292460007,-3.66144129616353,-0.292870743743571,137.86864047969,-51.7712392098872,-16.3283144662772
-0.429425331623939,-1.74451220921009,-3.77109151723369,-0.254477607015529,138.05445265841,-51.7766139019152,-16.6299631041661
-0.428009679581925,-1.74018852870522,-3.90137759719571,-0.218552506996852,138.251014941552,-51.7974674576651,-16.9643154296139
-0.423518778657624,-1.7365354753775,-4.05234850979212,-0.186886844915883,138.458245354196,-51.8266043312994,-17.3279297870882
-0.415851860841251,-1.73367364924838,-4.22185185967172,-0.161657504074047,138.674990087282,-51.8537601241566,-17.7049524731727
-0.405315837539992,-1.7312973471998,-4.4055488347685,-0.144622957020667,138.899027631553,-51.8688518153764,-18.0783495456729
-0.392408942745043,-1.72875645746406,-4.59786335518326,-0.136426770638104,139.127522603632,-51.8650529483152,-18.441804032978
-0.377498978481572,-1.72527053579955,-4.79282779286161,-0.136684638198741,139.357308091156,-51.8390089377719,-18.7963642050994
-0.360714535871724,-1.72015252339967,-4.98460869055311,-0.144274331547456,139.585146160637,-51.7903242267648,-19.1402034230361
-0.342042763114696,-1.71304663777005,-5.16801755361435,-0.157669061686445,139.808375238015,-51.7216623965583,-19.4642714850301
-0.32147832996518,-1.70401304821739,-5.33887719302645,-0.175472607577537,140.025589166165,-51.6382245858956,-19.7568887161627
-0.299090115565949,-1.69336441780394,-5.49416237027037,-0.196750307147967,140.236612913194,-51.5460580730328,-20.0089527219364
-0.275001742958234,-1.68145111601684,-5.63214106954443,-0.220917064273992,140.441936137727,-51.4504723657582,-20.2142417960898
-0.249347901095863,-1.66855198695776,-5.75244743881809,-0.247473733368019,140.64218474857,-51.3553070032413,-20.3677141976929
-0.22225148817232,-1.65485835700866,-5.85588710334013,-0.275824168540677,140.837835701452,-51.2627952284383,-20.4645975740322
-0.193833152909249,-1.64049659101837,-5.94407040167653,-0.305212010781247,141.029161781136,-51.1737295544182,-20.5002994377412
-0.164238637011347,-1.62555622341225,-6.01906755078153,-0.334755098028856,141.216326080672,-51.0877910721814,-20.4704903792259
-0.133665270150256,-1.61011314768301,-6.08317431906781,-0.36354043292621,141.399539108063,-51.003906913393,-20.3712509672731
-0.102377429317664,-1.59424974054624,-6.13878907663033,-0.390746976809241,141.579235410987,-50.9204873276211,-20.199569521393
-0.0707016170365239,-1.57807666292582,-6.18833859314645,-0.41577726499044,141.756224185877,-50.8354408175289,-19.9544616204801
-0.0389824457673728,-1.56175392695298,-6.23412415789853,-0.438365273808056,141.931677639357,-50.7460216761408,-19.638817083069
-0.00748048580665449,-1.54549162378447,-6.27795554587268,-0.458574688981434,142.106741077637,-50.6488909422188,-19.2621440025524
0.0237633489491018,-1.52949520154652,-6.32062064759483,-0.476573549634039,142.281692897133,-50.5410826798556,-18.8443671387164
0.0549656878736306,-1.5138478770975,-6.36168463351201,-0.492220727447571,142.455220173951,-50.4219829627983,-18.4180124603121
0.0863863910028133,-1.49843837789563,-6.400329139582,-0.504876882405382,142.625058152186,-50.294332884512,-18.0211263073831
0.118030562385051,-1.48307388049256,-6.43665888277202,-0.513802901453449,142.789826147872,-50.1623680108755,-17.6825730740757
0.149618821541856,-1.46766230300353,-6.47186514107316,-0.518684038212999,142.949902276121,-50.029414106953,-17.4159447644285
0.180763803588836,-1.4522650023003,-6.50740534458924,-0.519733947322334,143.106832585028,-49.8972198479701,-17.224055523803
0.211111584915242,-1.43703757759035,-6.54438377537971,-0.517489236297952,143.262440696705,-49.7663643197695,-17.1044295067672
0.240387711783549,-1.42215882838509,-6.58345667745306,-0.512587532360991,143.418320129951,-49.636857702158,-17.0523640402703
0.268390204804639,-1.40779190703767,-6.62498909176323,-0.505649574504165,143.575692820891,-49.5086326543867,-17.0623283815087
0.29497026029959,-1.39407375672715,-6.66921550656366,-0.497243932568465,143.735409221832,-49.3818469587957,-17.1284781023578
0.320018779449503,-1.38111615968091,-6.71632394457735,-0.487876715783068,143.897943939334,-49.2570052504802,-17.2446276734364
0.343460972341034,-1.36900599329632,-6.76647988403114,-0.477971978329679,144.063367356857,-49.1349412782306,-17.4039222889677
0.365253952369105,-1.35780065537721,-6.81983001856042,-0.467845659300435,144.23134710779,-49.0167098206356,-17.5985030681895
0.385381195988917,-1.34752272326368,-6.87651091472669,-0.457701679877065,144.401235990314,-48.9034417245821,-17.8195353336336
0.403841448379226,-1.33816197740848,-6.93665706076547,-0.447675192879201,144.57224767607,-48.7962088842554,-18.0578949980932
0.420635541110424,-1.32968864429875,-7.00038129791485,-0.437911918135022,144.743656223952,-48.695918338699,-18.3054151194633
0.435757803476992,-1.32207205554073,-7.06771189062018,-0.42863606032451,144.914939332162,-48.6032252922091,-18.5561247623121
0.449195886556282,-1.31529451241723,-7.13850715740297,-0.420164079853268,145.085825755301,-48.51845130657,-18.8069028221574
0.460936938599181,-1.30935519115241,-7.21239051739627,-0.412861868544473,145.256259236825,-48.4415118513222,-19.0574238505605
0.470975283571229,-1.30426615114072,-7.28873388858153,-0.407074609552895,145.426317631952,-48.3718704519686,-19.3096452750335
0.479318353535112,-1.30004524221307,-7.36668748437868,-0.40305991452797,145.596123415247,-48.3085342611075,-19.5671154880694
0.485990263073068,-1.29670945027972,-7.44523816496145,-0.400939483539148,145.765765087396,-48.2500979253235,-19.8342449165841
0.491033374648453,-1.29427009661426,-7.5232810240156,-0.400672133001069,145.935232011711,-48.1948385839153,-20.1155672733276
0.494507248101007,-1.29272996155839,-7.59969875672976,-0.402049215095457,146.104354926194,-48.1408632592529,-20.4149725158745
0.496482603460639,-1.29208201629723,-7.67345003580937,-0.404719546698225,146.272744191106,-48.0863062189111,-20.7348919067048
0.497027060244097,-1.29230991429946,-7.74366310427451,-0.408256770467755,146.439733987915,-48.0295721958521,-21.0754137315867
0.496181829116145,-1.29339143773974,-7.80970964913659,-0.412275608643693,146.604382906803,-47.9696168023125,-21.4333089409503
0.493937053494901,-1.2953061242074,-7.87121541629355,-0.416571626902307,146.765627565004,-47.9061911757179,-21.8011470293113
0.490226677141967,-1.29804479605622,-7.9279950458409,-0.421203794835348,146.922620180001,-47.8398315869357,-22.1673067799488
0.484963023616186,-1.30161358057917,-7.97997757124702,-0.426422842982566,147.075036598384,-47.771412066854,-22.5179664479837
0.478095431090406,-1.30602727280313,-8.02719623500729,-0.432464991163969,147.223057058373,-47.7015441930343,-22.840534866287
0.469645460137026,-1.3112969162141,-8.0698147857154,-0.439376604547769,147.367079304117,-47.6303660895216,-23.126086962513
0.459698640603775,-1.31742022213134,-8.10812163692801,-0.446984161499586,147.507481063403,-47.5577723799258,-23.3695680472666
0.448374736426389,-1.32437836046092,-8.14248324696535,-0.454969819668596,147.644564173783,-47.4837072106403,-23.5687306324916
0.435801471639741,-1.33213799867095,-8.17328751103823,-0.462966244841671,147.778599931223,-47.4082793272624,-23.7229776069915
0.422100274504094,-1.34065615670785,-8.20089958078481,-0.470623632943885,147.909877533894,-47.3317171289915,-23.8325156118857
0.407382435391307,-1.34988560647855,-8.22563624883554,-0.477640142122419,148.038719408977,-47.2542683547865,-23.8977925738526
0.391751712137459,-1.35977914874035,-8.24775744428267,-0.483763521691818,148.165471249054,-47.176119467221,-23.9191410293104
0.375310006331559,-1.37029186108846,-8.26747200292521,-0.488775406625089,148.290486547516,-47.0973619969846,-23.8965986125053
0.358163619374519,-1.38138101263873,-8.28495588485392,-0.492468707775989,148.41411994766,-47.0180069863025,-23.8299081649163
0.340427815417407,-1.39300368407548,-8.30038141265666,-0.494627409333011,148.536734279776,-46.938045677886,-23.7187071943549
0.322226804870424,-1.40511255276724,-8.31395242165561,-0.495018756520933,148.658717742207,-46.8575635739919,-23.5629230373336
0.303685481457088,-1.417651365038,-8.32593021983938,-0.493408838363984,148.780498322174,-46.7769227828709,-23.363410505705
0.284910181846907,-1.43055346296565,-8.33662382457092,-0.489608888826188,148.902528052554,-46.6970123052801,-23.1228790860493
0.265961413565372,-1.44374787002268,-8.34632383502396,-0.483544237305158,149.025196925369,-46.6194829018274,-22.8470334918106
0.246832984746776,-1.45717397044724,-8.35520509635916,-0.475309547751641,149.148666710266,-46.5467140824824,-22.5454077869347
0.227459493036168,-1.47079591620745,-8.36328417288266,-0.465156346765146,149.272727561548,-46.4812161975174,-22.2308778435484
0.207757651226624,-1.48460240384108,-8.37049362638176,-0.453398220562374,149.396850158439,-46.4246317203006,-21.9174401214124
0.187674159985887,-1.4985904711616,-8.37681031892087,-0.440297479499269,149.520436149978,-46.3770899658437,-21.6175541804808
0.167208815354662,-1.51274824742699,-8.38232703220124,-0.426007917863615,149.643058387739,-46.3373798070614,-21.3406722955912
0.146409344092589,-1.52704781515766,-8.38724461863715,-0.410583695540669,149.764541371419,-46.30360752126,-21.0931307179147
0.125352742100962,-1.5414468279842,-8.39183090478014,-0.394021982859752,149.884907411221,-46.2738039455215,-20.8786934788852
0.104126184251696,-1.55589349654946,-8.39638389684827,-0.376309555775041,150.004277974487,-46.2462547581732,-20.6992129208524
0.0828133358980803,-1.57033179679939,-8.40120904569799,-0.357457771733441,150.122790586504,-46.2195921544493,-20.5552131203726
0.0614869138882263,-1.58470595306409,-8.40660728437333,-0.337521147596462,150.240550197716,-46.1927604931527,-20.446360489153
0.0402061026247305,-1.59896409600289,-8.41286872960451,-0.316601210250512,150.357610248269,-46.1649455233464,-20.3718234594436
0.0190169603842903,-1.6130612453863,-8.4202682439224,-0.294839836390562,150.473971411367,-46.1355159783716,-20.3305244866353
-0.00204559664982527,-1.62696182545953,-8.42906071567679,-0.272405915754599,150.589587911459,-46.1039961844191,-20.321287055717
-0.0229548898524019,-1.6406417831392,-8.43947595680927,-0.249477627862777,150.70437669941,-46.0700721890656,-20.3428838755891
-0.0436886369136857,-1.65409000414189,-8.45171576232435,-0.226221568737138,150.818230227672,-46.0336270131277,-20.3939981325545
-0.0642237773276883,-1.66730816628782,-8.46595819946943,-0.202770374001853,150.931037193997,-45.9947968223522,-20.4731186540859
-0.0845296475483028,-1.68030766274282,-8.48237409025162,-0.179202526089626,151.042715665493,-45.9540341987961,-20.5784072310117
-0.104559875393597,-1.69310227554063,-8.50115353880264,-0.155530753405355,151.153257094961,-45.9121556675649,-20.707603501651
-0.1242445589161,-1.70569657064246,-8.52252391195324,-0.13170626963905,151.262767034951,-45.8703430942375,-20.8580513463417
-0.143485290097406,-1.71807263567868,-8.54672444876206,-0.107641919864946,151.371475302127,-45.8300747870109,-21.0268953317056
-0.162155330978713,-1.73018018845537,-8.57391142766986,-0.0832485927303829,151.479690944365,-45.792990292622,-21.2113768986517
-0.180105740732018,-1.7419345456537,-8.60401468265061,-0.0584733473580836,151.587705562573,-45.7607258965314,-21.4090280065549
-0.197177168972777,-1.75322323806471,-8.63661604792288,-0.033331445092554,151.695683898325,-45.7347596167463,-21.6175657898043
-0.213217418760873,-1.76391901425508,-8.67091944684948,-0.00793207086679154,151.803590843352,-45.7162695921622,-21.8344864250905
-0.2281046106422,-1.77389730812564,-8.70583558440996,0.0175043204948783,151.911186393948,-45.7059855092874,-22.0566095925084
-0.241771549794697,-1.78305679104054,-8.74016154906231,0.042650332994882,152.018096765761,-45.7040432381712,-22.2799504341491
-0.25422044117004,-1.79133819103896,-8.77280755767281,0.0671120932742046,152.123942489021,-45.7099125728841,-22.5001346311559
-0.265517603413623,-1.79873292208484,-8.80299351528458,0.0904980719018908,152.228467323968,-45.722471520308,-22.7131392310312
-0.275769711825408,-1.80527722751135,-8.83033906322517,0.112484710777937,152.331601646468,-45.7402151880941,-22.9158542864369
-0.285094401922568,-1.81103676302235,-8.85482874194327,0.132852526239791,152.433438556095,-45.7615054838363,-23.1061839597339
-0.293597206396447,-1.81609018530778,-8.87669596637677,0.151490336473082,152.534154973436,-45.7847750279176,-23.2828240524201
-0.301358985594424,-1.82051677786816,-8.89628628034759,0.168379137244165,152.633925064162,-45.8086563518208,-23.4449924281509
-0.308432539073224,-1.82438881393248,-8.91394456579014,0.183566707054857,152.732857763671,-45.832045856982,-23.5922634151844
-0.314845515036536,-1.82776763924057,-8.92994765279222,0.197140246633946,152.830969210378,-45.8541198027677,-23.7245082602044
-0.320606818928464,-1.83070245702645,-8.94448276298525,0.209202214677332,152.928185509845,-45.8743168015615,-23.841883306746
-0.325714189011709,-1.83323105590616,-8.95765820729563,0.219852820508686,153.024363682521,-45.8922994260413,-23.9448165701846
-0.330161255651838,-1.83538179131066,-8.96952874166119,0.229180377491499,153.119318385222,-45.9079064736376,-24.0339731696867
-0.33394313995733,-1.83717614947321,-8.98012187350951,0.237258557602659,153.212846232857,-45.9211051794017,-24.1102021369579
-0.337060284275259,-1.83863132734086,-8.98945804185234,0.244148349639551,153.30474468715,-45.931949312086,-24.1744755604029
-0.339520607194021,-1.83976244010085,-8.9975629768838,0.249902328970055,153.394826144794,-45.9405457717394,-24.2278303248838
-0.341340235888027,-1.84058414730729,-9.00447339879128,0.254569294025951,153.482929342609,-45.9470298333007,-24.2713184602497
-0.342543077565408,-1.84111162376839,-9.01023804069427,0.258197971855694,153.568929837019,-45.9515477405122,-24.3059678587627
-0.343159461317843,-1.8413608940169,-9.01491576080342,0.260839101290257,153.652749780017,-45.9542447986338,-24.3327523817789
-0.343224096942083,-1.84134862518842,-9.01857202405424,0.262545724670823,153.734365414803,-45.9552572176269,-24.3525694834889
-0.342773675302514,-1.84109154667814,-9.02127467640615,0.263371974836505,153.813809723951,-45.9547064743913,-24.3662240290571
-0.341844513525561,-1.84060571861581,-9.02308976247742,0.263370990889863,153.891168325305,-45.9526955969556,-24.3744180777796
-0.340470632999949,-1.83990586961638,-9.02407800992398,0.262592725312048,153.966568839185,-45.9493072154662,-24.3777470108013
-0.338682512080566,-1.83900495487764,-9.02429238583329,0.261082260314235,154.040166223298,-45.9446033151374,-24.3767020136477
-0.336506543199444,-1.83791398100364,-9.02377682620598,0.258878925640473,154.112127551771,-45.938626459319,-24.3716779424293
-0.33396505305149,-1.83664205611731,-9.0225659680634,0.256016187559821,154.1826190839,-45.9314020591599,-24.362984797989
-0.331076674638565,-1.83519658312445,-9.0206855742136,0.25252209168092,154.251796999402,-45.9229412103749,-24.3508608782794
-0.327856877676343,-1.83358351563979,-9.01815333862536,0.248420003857858,154.319801847876,-45.9132437011572,-24.335486092824
-0.324318522818439,-1.83180761899273,-9.01497983744128,0.2437294447185,154.386756003527,-45.9023009410659,-24.3169945537382
-0.320472365527212,-1.82987270406103,-9.01116948550676,0.238466889475928,154.45276321341,-45.8900986948075,-24.29548611553
-0.316327479708787,-1.82778182075384,-9.00672143647408,0.232646469380855,154.517909436521,-45.876619596007,-24.2710369039727
-0.311891597655862,-1.82553740949015,-9.00163041714729,0.226280554139033,154.582264385966,-45.8618454643872,-24.2437090604499
-0.307171375737282,-1.82314141469415,-8.99588751728523,0.219380218308528,154.645883396779,-45.8457594665029,-24.2135599831976
-0.302172600085022,-1.82059536653143,-8.98948097167072,0.211955605719513,154.708809401883,-45.8283481582062,-24.1806513224816
-0.296900347017558,-1.81790043750955,-8.98239697753799,0.204016209774258,154.771074906546,-45.8096034346061,-24.1450579166614
-0.291359111446145,-1.81505748022564,-8.97462059096024,0.195571087859975,154.83270391691,-45.7895243953902,-24.1068767591708
-0.285552914345405,-1.81206705206202,-8.96613674234427,0.186629027334484,154.893713811863,-45.7681191128935,-24.0662359725864
-0.279485397890286,-1.80892943214045,-8.95693140403873,0.177198679359008,154.954117162164,-45.7454062680321,-24.0233036392329
-0.273159914274734,-1.80564463538623,-8.94699293221485,0.167288675524256,155.013923503223,-45.7214165964316,-23.9782962040535
-0.266579611826622,-1.80221242817288,-8.93631359104195,0.156907740920988,155.073141061648,-45.6961940664382,-23.9314860361892
-0.25974751971351,-1.79863234952817,-8.92489125007149,0.146064815379689,155.131778427132,-45.6697966943839,-23.883207625353
-0.252666630772754,-1.79490374137502,-8.9127312273019,0.13476919214456,155.18984615062,-45.6422968955174,-23.8338618214193
-0.245339980825461,-1.79102579064911,-8.89984823166722,0.123030679713352,155.247358241485,-45.6137812749331,-23.7839175235169
-0.237770722952543,-1.78699758570921,-8.8862683411194,0.110859788840346,155.304333527639,-45.5843497869873,-23.7339103124994
-0.229962196198447,-1.78281818911102,-8.87203093397029,0.0982679425132624,155.360796836548,-45.554114233327,-23.6844377033891
-0.221917990324668,-1.77848672892953,-8.85719046867659,0.0852677038425138,155.416779944558,-45.5231961281428,-23.6361509654644
-0.213642010224907,-1.77400251094467,-8.84181797375495,0.0718730151853306,155.472322227757,-45.491724024914,-23.5897437797791
-0.205138544572758,-1.76936515381721,-8.82600206095547,0.0580994424434972,155.527470924628,-45.4598304619209,-23.5459383292717
-0.196412341562024,-1.76457474780953,-8.80984921374627,0.0439644204424423,155.582280893626,-45.4276487307564,-23.5054696901955
-0.187468689680262,-1.75963203377614,-8.79348304812621,0.0294874978382441,155.636813725697,-45.3953096941867,-23.4690695775361
-0.178313493350391,-1.75453859226217,-8.7770422293353,0.0146905807530901,155.691136073698,-45.3629388703692,-23.4374505728524
-0.168953324430397,-1.74929702335868,-8.76067680433553,-0.000401827653241594,155.745317108237,-45.3306539609721,-23.4112919351004
-0.159395423880221,-1.74391108831815,-8.74454291252234,-0.0157624008793779,155.799425123037,-45.2985629326174,-23.3912279671975
-0.149647627998278,-1.73838577786061,-8.72879616447221,-0.0313607942126131,155.853523483519,-45.2667626733712,-23.3778396823579
-0.13971820233721,-1.73272727309703,-8.71358436186475,-0.0471635100921727,155.907666306987,-45.2353381459669,-23.3716501692751
-0.129615583958921,-1.72694277560564,-8.69904054494933,-0.0631338611161281,155.961894411434,-45.2043618637169,-23.373123597361
-0.119348054386283,-1.72104020170967,-8.6852774549852,-0.0792320738875734,156.016232106709,-45.1738934390859,-23.382667274809
-0.10892338548842,-1.71502775761566,-8.67238430568506,-0.0954155790249189,156.070685288091,-45.1439789163547,-23.4006356721766
-0.098348512390307,-1.70891342997545,-8.66042629845473,-0.11163953281804,156.125241053546,-45.1146496061804,-23.4273349779094
-0.0876292889746376,-1.70270443598567,-8.64944672895955,-0.127857614544972,156.179868778285,-45.0859201894976,-23.4630266599196
-0.0767703737807244,-1.69640667763435,-8.63947099848101,-0.144023139389064,156.23452234122,-45.0577859392496,-23.5079286951333
-0.0657752812943129,-1.69002423996695,-8.63051150642991,-0.160090515362781,156.289143077671,-45.0302190099561,-23.5622135380042
-0.0546466193425101,-1.68355896867115,-8.6225723156027,-0.176017047407857,156.343663054367,-45.0031638620694,-23.626002418739
-0.0433865194304243,-1.67701016233426,-8.61565262104915,-0.191765046149057,156.398008400461,-44.9765320274785,-23.699356078749
-0.031997252231524,-1.67037442030065,-8.60974834314309,-0.207304129790888,156.452102632128,-44.950196598189,-23.7822624886043
-0.02048200247079,-1.66364569520555,-8.60485152895212,-0.222613518777996,156.50587012157,-44.9239870459925,-23.8746224220052
-0.0088457536034047,-1.65681560381864,-8.60094762531158,-0.237684026791658,156.559240032276,-44.8976852582948,-23.9762339742051
0.00290379746062167,-1.64987404318221,-8.59801104290342,-0.252519371349322,156.612151124437,-44.8710239802947,-24.0867772040765
0.0147554083743494,-1.64281013481866,-8.59599973113882,-0.267136393191046,156.664557784026,-44.8436891265115,-24.2058000000597
0.0266936832997916,-1.63561347580679,-8.59484969417821,-0.281563816872725,156.71643741259,-44.8153275652511,-24.3327059584659
0.0386988428729759,-1.62827561659714,-8.59447046451955,-0.295839324498262,156.767798922046,-44.7855618590842,-24.4667445145988
0.0507470134324979,-1.62079162313298,-8.5947424943943,-0.310004946021384,156.818691543669,-44.7540129259801,-24.6070029782104
0.0628111320114638,-1.61316152984166,-8.59551724547459,-0.324101062280599,156.869212571158,-44.7203305501656,-24.7523999814188
0.0748624866478026,-1.60539146160369,-8.59662050803652,-0.33815962580522,156.919512154398,-44.6842300418899,-24.9016808270006
0.0868728051438469,-1.5974942017657,-8.59785920813496,-0.352197486419349,156.969793024557,-44.6455311497165,-25.0534177559634
0.0988166738324459,-1.5894890134618,-8.59903163606508,-0.366210921381963,157.020303277813,-44.6041928708442,-25.2060216936791
0.110673924008953,-1.5814005973496,-8.59994052415769,-0.380172537059298,157.071321283467,-44.5603359259486,-25.3577744630432
0.122431509761815,-1.57325721309061,-8.60040760738291,-0.394031497152893,157.12313348856,-44.5142448010599,-25.5068885248118
0.134084396303905,-1.56508820504034,-8.60028736528417,-0.407717416106713,157.17600806445,-44.4663447762642,-25.6515929543958
0.14563515803905,-1.5569213893906,-8.59947710390393,-0.421147300268457,157.230169161964,-44.4171561019451,-25.7902319884419
0.157092334948112,-1.5487808563701,-8.5979210132312,-0.434233999747055,157.285776978719,-44.3672347817898,-25.9213534195742
0.168467965432443,-1.54068562696258,-8.5956074101222,-0.446894253780133,157.342917403661,-44.3171133571335,-26.0437654655383
0.179774911162664,-1.53264932053454,-8.5925603199201,-0.459054786793491,157.401602271324,-44.267253548765,-26.1565524412107
0.191024532924711,-1.52468069103603,-8.58882785996946,-0.470655768580702,157.461778531543,-44.2180170364754,-26.2590540651127
0.202225045858149,-1.51678471406116,-8.5844700834427,-0.481651787364353,157.523343004537,-44.1696545081477,-26.3508224066676
0.213380627287172,-1.50896388799081,-8.57954827320038,-0.492010965357028,157.586159130111,-44.1223090550899,-26.4315717021132
0.22449117452527,-1.50121949416652,-8.5741167159117,-0.501712947556124,157.65007284641,-44.0760286295171,-26.5011321520368
0.235552536014006,-1.49355266978123,-8.56821717750306,-0.510746368038158,157.714925854863,-44.0307828001521,-26.5594133318627
0.246557038849848,-1.48596523657001,-8.56187580616047,-0.51910620278843,157.78056558428,-43.9864803523377,-26.6063785318373
0.257494171238522,-1.47846028423213,-8.55510198103988,-0.526791245040063,157.846851932065,-43.9429856320164,-26.642028894981
0.268351322388627,-1.4710425339077,-8.54788860869206,-0.533801817727469,157.913661293515,-43.9001325968843,-26.6663952925659
0.279114520393282,-1.46371851374042,-8.54021345518216,-0.540137766086623,157.980888548756,-43.8577362517172,-26.6795358474147
0.289769136022449,-1.45649657396136,-8.53204122618531,-0.545796741270197,158.048447655196,-43.8156015643826,-26.6815373858884
0.30030053607088,-1.44938675944972,-8.52332623064125,-0.550772782421083,158.116271373182,-43.7735301751214,-26.6725195729581
0.310694675485989,-1.44240054722771,-8.51401556186739,-0.555055221880925,158.184310496956,-43.7313253038256,-26.6526409325155
0.320938614500143,-1.4355504477998,-8.50405278839783,-0.558627968738233,158.252532807975,-43.6887952882976,-26.6221063414608
0.331020937556765,-1.42884946483943,-8.49338215426138,-0.561469262356428,158.320921832989,-43.6457561864037,-26.5811759091075
0.340932037300992,-1.42231040967362,-8.48195323622354,-0.563552021048547,158.389475382242,-43.6020338622413,-26.5301753967732
0.350664212627162,-1.41594507758694,-8.46972588735268,-0.564844930681486,158.458203767134,-43.5574659491515,-26.4695084348065
0.360211519234407,-1.40976331466396,-8.45667511226297,-0.565314409426027,158.52712755384,-43.5119040278344,-26.3996706397096
0.369569310958719,-1.40377203841719,-8.44279528438525,-0.56492753038684,158.596274708072,-43.4652162566752,-26.321265172639
0.378733428118789,-1.3979743221874,-8.42810287424537,-0.563655864531273,158.665677037172,-43.4172905306034,-26.2350182060058
0.387699033840231,-1.39236870469326,-8.41263669704261,-0.561480010985409,158.735365960862,-43.3680380229405,-26.1417912346476
0.396459173717958,-1.38694892472799,-8.39645473909837,-0.558394324003197,158.805367850626,-43.3173967133183,-26.042585565691
0.405003229337055,-1.38170427824778,-8.37962702060253,-0.554411085865296,158.87569945632,-43.2653342904391,-25.9385334149326
0.413315524125973,-1.37662072112263,-8.36222474358959,-0.549563226232483,158.946364220453,-43.2118497363421,-25.8308707926497
0.421374375900427,-1.37168268650843,-8.34430701030082,-0.543904785407868,159.017350431576,-43.1569730389988,-25.7208904110643
0.429151834642434,-1.36687538442906,-8.32590729754752,-0.537508733556358,159.088632046292,-43.1007628521679,-25.6098777782755
0.43661419003619,-1.36218718168822,-8.3070221773613,-0.530462412857346,159.160172533679,-43.0433024288913,-25.4990387850537
0.443723129058524,-1.35761160901133,-8.28760422854057,-0.522861527843074,159.231931364323,-42.9846946064455,-25.3894301517572
0.450437252029859,-1.35314864754751,-8.26755986343991,-0.514803990337236,159.303872036645,-42.9250568476888,-25.2819035710341
0.456713586779477,-1.34880516615135,-8.24675143370911,-0.506384876063928,159.375970107991,-42.8645172918587,-25.1770705123595
0.462508791965351,-1.3445946165401,-8.22500204223027,-0.497693333760641,159.448219735606,-42.8032125135142,-25.0752892691472
0.467779873431709,-1.34053625328806,-8.20210125128739,-0.488811723332948,159.520637661695,-42.7412873627433,-24.9766711150715
0.472484390199877,-1.33665419009276,-8.17781025075843,-0.479816773853313,159.593264165387,-42.6788969622753,-24.8810997693369
0.476580251093852,-1.33297655009395,-8.15186574487801,-0.470782267157256,159.666161009554,-42.6162107027318,-24.7882579322847
0.480025281658298,-1.32953486112746,-8.1239825456109,-0.46178266476208,159.739406716946,-42.5534178707149,-24.6976557607617
0.482776779015821,-1.32636372936326,-8.09385546099688,-0.452897127091225,159.813089636195,-42.4907343035163,-24.608657888217
0.484791282089943,-1.32350072189624,-8.06116148823321,-0.444213433861414,159.887299318708,-42.4284091199708,-24.5205072039241
0.486024771877235,-1.32098631015336,-8.02556356113532,-0.435831340366284,159.962116866041,-42.3667300875702,-24.4323446302533
0.48643347365732,-1.31886367676264,-7.98671715327005,-0.427864881251973,160.037605209265,-42.3060256062975,-24.3432243933514
0.485975345983893,-1.31717817678706,-7.9442808612224,-0.420443089811593,160.113800750534,-42.2466607957102,-24.2521237601886
0.484612203168931,-1.31597628210106,-7.89793165516933,-0.413708596796067,160.190708294797,-42.1890250900627,-24.1579451221934
0.482312250615877,-1.31530393011,-7.84738482683727,-0.407813662662875,160.268301478758,-42.133509450345,-24.0595071527453
0.47905267425125,-1.31520432563238,-7.7924179292091,-0.402913377631129,160.34653075321,-42.080472985107,-23.9555213988847
0.474821886826584,-1.31571535671792,-7.73289742583878,-0.399155952494975,160.425340343433,-42.030201297606,-23.8445522305899
0.469621120147831,-1.31686681139312,-7.66880659997685,-0.396670105598599,160.504694700256,-41.9828618044288,-23.7249627272967
0.463465187047855,-1.31867746937658,-7.60027376253567,-0.395549520169862,160.584614000848,-41.9384641937114,-23.5948578275146
0.456382229079757,-1.32115190190867,-7.52760113933607,-0.395834457663568,160.665217237162,-41.8968369686121,-23.4520495858832
0.44841185991671,-1.32427658768221,-7.45129687634814,-0.397491499408303,160.746769695913,-41.8576335456216,-23.2940877427734
0.439600131661278,-1.32801512084415,-7.37211399121108,-0.400395050056323,160.829727642535,-41.8203825370701,-23.1184198068284
0.429988447059957,-1.33230352594336,-7.29109669072112,-0.404319615359829,160.914764334032,-41.7845927261525,-22.9227590622799
0.41959331902727,-1.33704965949154,-7.20961890033878,-0.408959121411524,161.002746755486,-41.7499056850284,-22.705720482706
0.408377866599651,-1.3421445387167,-7.12936761907506,-0.413992177478239,161.094618659514,-41.7162498824999,-22.4676870977074
0.396226893596245,-1.34749333246031,-7.05219312228176,-0.419195698556497,161.191158699156,-41.6839004821907,-22.2116622759333
0.382949850375871,-1.35306183711249,-6.97977763901259,-0.424564233426967,161.292658986825,-41.6533432957394,-21.9436385091116
0.368330662855611,-1.3589124439769,-6.91321047465776,-0.430348121497172,161.398691340354,-41.6249469058147,-21.6720445053489
0.352208184882923,-1.36519634210831,-6.8527058147356,-0.436948685594004,161.508161977332,-41.598624769509,-21.4063176988858
0.334536546814494,-1.37209767375283,-6.79765561815463,-0.44471518716052,161.619679462191,-41.573731378567,-21.1552725101876
0.315387649905551,-1.3797649367882,-6.7469683384943,-0.453768658370777,161.732015507802,-41.5492683568072,-20.9260321190915
0.294905880921315,-1.3882695094956,-6.69946867591593,-0.463942060023613,161.844403013865,-41.524244877102,-20.723746068437
0.273252485986858,-1.39760296888089,-6.65417470835273,-0.474832299491557,161.956593032595,-41.4979762280589,-20.551789924503
0.250567750426203,-1.40769993239377,-6.61040473998391,-0.485905730756398,162.068749660833,-41.470209970518,-20.4121047903926
0.226957904019639,-1.41846741796473,-6.56775572526825,-0.496601304871954,162.181291941873,-41.4410906625984,-20.3055593629127
0.202500070633547,-1.42980794432221,-6.52601805027195,-0.506401909403022,162.294752461195,-41.411030395608,-20.2323500781724
0.177255257863933,-1.44163212296438,-6.48507887113748,-0.51486960024407,162.409678325705,-41.3805503713604,-20.1924361385744
0.151282102051205,-1.4538623556479,-6.44484220200095,-0.521654713098169,162.526571537529,-41.3501311413743,-20.1859520277434
0.12464826697241,-1.46643129139879,-6.40517226691151,-0.526491721621565,162.645851632573,-41.3200828952659,-20.2135255578416
0.0974393145639774,-1.47927810385985,-6.36585395573236,-0.529190718097684,162.767819147699,-41.2904358023278,-20.276445701344
0.0697658360136444,-1.49234418573739,-6.32656092058392,-0.52962753472727,162.892599481779,-41.2608557167233,-20.3766404425945
0.0417689279810041,-1.50556864560891,-6.28682573724641,-0.527730546102071,163.020051827266,-41.2306088566896,-20.516428627476
0.0136219618080496,-1.51888349372793,-6.24601680708173,-0.523459341436189,163.149642660314,-41.1986233045724,-20.6980040704759
-0.0144767586233573,-1.53220899109049,-6.20334394410342,-0.516771821401101,163.28032186479,-41.1637094339638,-20.9225902605566
-0.0423289090656794,-1.54545196747675,-6.15793492944819,-0.507586131074039,163.410516740075,-41.1249703692161,-21.1891509427487
-0.0697843189301615,-1.55851388835292,-6.10902459812402,-0.495764839112135,163.538444407733,-41.0822971463113,-21.4925176883436
-0.0967986213698503,-1.5713159871823,-6.05621710681212,-0.481166852828963,163.662853876986,-41.0365743878013,-21.8212188518265
-0.123449690367128,-1.5838335669656,-5.99959665223885,-0.463781274245166,163.783787104677,-40.9890944441787,-22.1566974061598
-0.149860692094217,-1.59610449795518,-5.93941736934807,-0.443855235338542,163.902456244672,-40.940354065105,-22.4763022405049
-0.176072568033591,-1.60818743521856,-5.87553074964694,-0.421890823737468,164.020128371979,-40.8894562252272,-22.7589691427095
-0.201981582285138,-1.620103569563,-5.80707680232742,-0.398532377563055,164.1371873772,-40.8347532720143,-22.9890383233479
-0.227374468031657,-1.63181129319505,-5.73261428947413,-0.374475532830938,164.253115882762,-40.7748314535708,-23.1565083871804
-0.251998316192602,-1.6432189221891,-5.65044097914417,-0.350455991691213,164.366998312444,-40.7089617257425,-23.2555453874596
-0.275609656551508,-1.65421108341233,-5.55887942798505,-0.327284119916754,164.477970614133,-40.6370620651065,-23.2829702981948
-0.297992325710791,-1.66466893464083,-5.45648176982433,-0.305873911870063,164.585432330166,-40.5595620390696,-23.2374468098289
-0.318960647619217,-1.67447914363661,-5.34220255872052,-0.287229699813051,164.689098510328,-40.4773920716421,-23.1196577940326
-0.338370453589091,-1.68353961262955,-5.2156069336584,-0.272369213598858,164.789013329802,-40.3921012465939,-22.9335538898951
-0.356149306625792,-1.69177967843294,-5.0771548366277,-0.262185572325879,164.885591570205,-40.3059807264201,-22.6884752717498
-0.372325615159186,-1.69920587569408,-4.92851525062001,-0.257300043154835,164.979669308963,-40.221951839317,-22.4012656988367
-0.38700589361133,-1.70594409776779,-4.77272646736658,-0.258007647071725,165.072518912147,-40.1429121642523,-22.0962260310245
-0.4002837490019,-1.71221686237744,-4.61399401949607,-0.264372977063383,165.165859047383,-40.0707221571566,-21.8008604294188
-0.412154185205769,-1.71825157255227,-4.45715357213929,-0.276365369656117,165.261825686792,-40.0058350173264,-21.5392893678807
-0.42251020252871,-1.72419665518161,-4.30700997510381,-0.293865525209929,165.362700380885,-39.9480073755702,-21.327988313067
-0.431202152621582,-1.73010008004801,-4.16768524650024,-0.316553563646731,165.470385828634,-39.8972121883099,-21.1753790272322
-0.438092876062442,-1.7359367846061,-4.04209754695684,-0.343824487915827,165.585928709369,-39.8540004017174,-21.0834421848479
-0.443073806000254,-1.74164642544992,-3.93173714959734,-0.374821404946395,165.709350389792,-39.8193916563918,-21.049582960826
-0.446051237508382,-1.74715440137968,-3.83678156687437,-0.408565432535191,165.8397988867,-39.7946390359616,-21.0681537229478
-0.446929999439972,-1.75237120003785,-3.75641663201557,-0.444108324623201,165.975872895014,-39.7810419863389,-21.1316780489233
-0.445614164697373,-1.75718234897092,-3.68919011536766,-0.480641748628182,166.115966380485,-39.7798100283342,-21.2319162936201
-0.44202605680176,-1.76144518817313,-3.63330358206482,-0.517531924074513,166.258558417344,-39.7919363080969,-21.3607853602207
-0.436130924790828,-1.76500030159603,-3.58682988086236,-0.55428582090242,166.402436000597,-39.8180667039812,-21.5110214867741
-0.427952987400116,-1.76769396282512,-3.54787162915901,-0.590479437825704,166.546856572309,-39.8583741880797,-21.6764499750398
-0.417576223072049,-1.7694026483444,-3.51467215790396,-0.625680860800471,166.691648480462,-39.9124458114771,-21.8518028885766
-0.405131391397009,-1.77005295219849,-3.48568898161638,-0.659387789779344,166.837234976334,-39.9791814791533,-22.0321686391896
-0.390773834245055,-1.76963414401463,-3.45964603597395,-0.690989333175433,166.984559138468,-40.0567215712535,-22.2123144954041
-0.374657036758327,-1.76820086604987,-3.43557801310736,-0.719763844252199,167.134887966817,-40.1424694629908,-22.3862275711649
-0.356909350081607,-1.76586197759905,-3.4128588226959,-0.744925467660587,167.289502297965,-40.2333061614572,-22.547168751008
-0.337623869127328,-1.76275508678443,-3.3911851202918,-0.765712812242382,167.449345980585,-40.3260305091411,-22.688247722495
-0.316867070224366,-1.75901568554057,-3.37049703450239,-0.781481844945619,167.614767848109,-40.4179042459805,-22.8031697151234
-0.294700476995635,-1.75475490053679,-3.35085953444625,-0.791757774328638,167.785465205018,-40.5070804887512,-22.8867503941893
-0.271202033769904,-1.75005337477291,-3.33235542969891,-0.796230141610369,167.960627948145,-40.5927603928371,-22.9350995159366
-0.24647648600682,-1.74496762933026,-3.31502944374348,-0.79471131840693,168.139187176608,-40.675078053214,-22.9456512657467
-0.220651926895142,-1.7395393820698,-3.29889120093939,-0.787093298238068,168.320061776773,-40.7548159935248,-22.917231618665
-0.193866280197832,-1.7337992081579,-3.28395795317458,-0.77333145770908,168.502343946084,-40.8330655437354,-22.8502316859438
-0.166251426091252,-1.72776041322376,-3.27030154285096,-0.753467540471466,168.685408808693,-40.9109137082991,-22.7468783979619
-0.137924689352296,-1.7214051992081,-3.25805693895358,-0.727683008356259,168.868946177498,-40.9892031549286,-22.6115749393989
-0.108996469203129,-1.71467251613599,-3.24735703908721,-0.696350354745802,169.052906772999,-41.0683855381089,-22.451220637307
-0.0795953067573698,-1.70746221442813,-3.23819350770429,-0.660033153799979,169.237365751599,-41.148467298479,-22.2752372956966
-0.0498965549422871,-1.69966517764871,-3.23026503734536,-0.61939965252705,169.422356088319,-41.2290343944691,-22.0948765363376
-0.020129759278423,-1.69120949290918,-3.22291135069483,-0.575077298191337,169.607768935305,-41.3093371244262,-21.921665234595
0.0094476815770259,-1.68209435067543,-3.21517367761116,-0.527541199008483,169.793371079313,-41.3883961636404,-21.7655874779717
0.0385933925217467,-1.67239132224524,-3.20590650712252,-0.477110610086149,169.978877676747,-41.4650693796714,-21.6339370847581
0.0671100408085933,-1.66221954817932,-3.19382131603925,-0.424035789856,170.163974871901,-41.5380550292794,-21.5311941420549
0.0948480734769335,-1.6517155486345,-3.17739890792722,-0.368602405080041,170.348238158403,-41.6058772872262,-21.4595726277447
0.121684231660098,-1.64101222739465,-3.1546787114891,-0.311200621009817,170.530956634251,-41.6669249583918,-21.4197575927754
0.147482437531593,-1.63023094884559,-3.12299355039526,-0.25234850235549,170.710915902398,-41.7195907498962,-21.4115953248044
0.172038528865697,-1.6194863485945,-3.07885787943393,-0.19267958224298,170.886262316909,-41.7625275758989,-21.4347184415725
0.195013434315147,-1.60890607218052,-3.01858231989251,-0.13289474061848,171.054756650125,-41.794990558413,-21.4890731458551
0.215899822563918,-1.59866812799926,-2.94057199381499,-0.0736571699834094,171.21494632851,-41.81707615198,-21.5749061266427
0.234143290654255,-1.5890298713225,-2.84899153284338,-0.0154468972759593,171.368180053516,-41.829408679537,-21.6912482674388
0.249457221924577,-1.58026757346964,-2.75436242997306,0.0414745259852791,171.519188354984,-41.8321380111727,-21.8331567415431
0.262015523823795,-1.57252615364427,-2.66771092871707,0.0968824587301534,171.673214516511,-41.8243801421685,-21.9909419946416
0.272268249922616,-1.56576059319365,-2.59471559739302,0.150394650586246,171.832863821821,-41.8050060534511,-22.1528678546825
0.280654488557962,-1.55982239298195,-2.53571461998068,0.201470924594784,171.997963460243,-41.7737189784132,-22.3081382170253
0.287476847115604,-1.5545570497616,-2.48855888709722,0.249523932322731,172.167042797036,-41.7313712710778,-22.4480997996597
0.292906069591836,-1.54984651932794,-2.45069969532949,0.294008714863105,172.33848586918,-41.6796742212914,-22.5663036104839
0.297023611606549,-1.54561509501902,-2.42000857023384,0.334468723778168,172.511006179676,-41.6207503261179,-22.6582383306871
0.29986219153002,-1.54182255341779,-2.3949148947102,0.370558632766131,172.683721308519,-41.5567550331225,-22.7210102067164
0.301436769877937,-1.53845437538123,-2.37430337196297,0.40205646905109,172.856067537964,-41.4896228692856,-22.753030645864
0.301766859247779,-1.53551152437745,-2.35736458139709,0.428867404077144,173.027678753135,-41.4209275043573,-22.7537426868889
0.300891467609934,-1.53300029800006,-2.34346274703259,0.451017409857507,173.198286565051,-41.3518313213907,-22.7234120729329
0.298876857778133,-1.53092266009781,-2.33203593321693,0.468633529208103,173.367663627227,-41.2831036183707,-22.6629961327832
0.295816434047984,-1.52926790806808,-2.32253086112232,0.481907635802246,173.535607984147,-41.215191934446,-22.5740947520874
0.291822342349811,-1.52800707652455,-2.31437437684977,0.491044072259738,173.701945954425,-41.1483309359174,-22.4589922653892
0.287010066554094,-1.527091716732,-2.30698510838955,0.496199711071445,173.866523721272,-41.0826642326721,-22.3208029618554
0.281479656748855,-1.52645839639977,-2.29982621580781,0.497434721875574,174.029175729893,-41.0183391880962,-22.1636952030797
0.275299369247829,-1.52603924516738,-2.29248904875701,0.494696400496086,174.189689670841,-40.9555293509648,-21.9930768761089
0.268498606669307,-1.52577658733216,-2.28477752621091,0.487849950672048,174.347802013804,-40.8943646261626,-21.8155542539366
0.2610748643261,-1.52563654337775,-2.27674789531011,0.476748240457731,174.503239428234,-40.8348038975559,-21.6385434896168
0.253012562383081,-1.52561526301644,-2.2686722077018,0.461309059106642,174.655785304719,-40.7765289531336,-21.4696247515152
0.244304451049559,-1.52573479332009,-2.26093804624889,0.441563877594683,174.805329722971,-40.7189273501413,-21.3159052335749
0.234965395396597,-1.52603150066347,-2.25393578735378,0.417662489628447,174.95187505167,-40.6611724168634,-21.1836199526311
0.225034158695832,-1.52654349700969,-2.24798555098519,0.389844136318344,175.09550117798,-40.6023569769582,-21.07800840119
0.214565465102565,-1.52730269316615,-2.24332755542411,0.358397857348848,175.236314566596,-40.5416306699908,-21.0033611924767
0.203617729347042,-1.52833403312063,-2.24017021960352,0.32363151824651,175.374406216085,-40.4783172256917,-20.963111147112
0.192241536149062,-1.52966171134458,-2.23877359531986,0.285859469234503,175.509835136137,-40.4120193644019,-20.9598782474341
0.180472315483408,-1.53132042982224,-2.23953577520558,0.245410121480703,175.642644144443,-40.3427376833027,-20.9953902149131
0.168329214866808,-1.53336805710664,-2.24303396533894,0.202648467440742,175.772903160284,-40.271027894791,-21.0701796677636
0.155821254715723,-1.53589294107023,-2.24994605350349,0.158002363823171,175.900757741343,-40.1981887925581,-21.1829666534662
0.142960577804801,-1.53900507490303,-2.26077439382932,0.111972528123461,176.026442049278,-40.1264004190633,-21.3298085441215
0.129779362965798,-1.54280191765219,-2.27539545124576,0.0651007210980111,176.150224016663,-40.0586411535551,-21.503540814189
0.116342460628318,-1.5473169546417,-2.29270696673303,0.0178900152270255,176.272319111972,-39.9982278512889,-21.6943635539931
0.102746962007111,-1.55248362195061,-2.31080796239086,-0.0292805791932482,176.392894255231,-39.9480787039112,-21.8917135295807
0.0891035809670224,-1.55814580541743,-2.32781191347032,-0.0761884335099914,176.512229759621,-39.9100889344457,-22.0860807374229
0.075502033640174,-1.56411086417992,-2.34266074842457,-0.122739508981721,176.630861167566,-39.88492506815,-22.269447295806
0.0619804161180173,-1.57020865740781,-2.35519866650782,-0.168910082385467,176.749459506418,-39.8722031817297,-22.4348414618261
0.0485236054928077,-1.57632358580871,-2.36568274630976,-0.214677046069023,176.868561385262,-39.8708546640266,-22.5761788478323
0.0350879124284358,-1.5823959551102,-2.37439136172174,-0.259957463945145,176.988424893709,-39.879518226753,-22.6885131356763
0.0216295704829441,-1.58840690449814,-2.38153048478991,-0.304581387976673,177.109056640283,-39.896853872957,-22.7682501408375
0.00812235795127188,-1.5943598744943,-2.38727499479812,-0.3483028517661,177.230302580544,-39.9217306422689,-22.8131475941408
-0.00543733132285398,-1.60026531331516,-2.39180885854549,-0.390834702013332,177.351927562849,-39.9532973699156,-22.8221750217525
-0.0190337278272679,-1.60613081339631,-2.39533163848888,-0.431888706389435,177.473667693982,-39.9909769647951,-22.7953450789761
-0.0326385247269279,-1.61195642967771,-2.39804353603178,-0.47120787777598,177.595263508538,-40.0344252907845,-22.7335887442612
-0.0462180112409515,-1.61773402649147,-2.4001252403285,-0.508584681542529,177.71648245826,-40.0834804909202,-22.6387089195316
-0.0597385133848899,-1.62344952113087,-2.40172234139899,-0.54386305221327,177.837132952704,-40.1381102844252,-22.5134229058561
-0.0731688151084375,-1.62908715460282,-2.40293906153852,-0.576924570658548,177.957066756491,-40.1983497262724,-22.3614889849151
-0.0864785762580031,-1.63463487639636,-2.40384393234765,-0.607662138635169,178.076165178758,-40.2642146626112,-22.1878914312175
-0.0996326068389359,-1.64008934844595,-2.4044883372199,-0.635949840957574,178.194309223962,-40.3355831524281,-21.9990048743324
-0.11258291891465,-1.64545824633749,-2.40493448821868,-0.661624189656747,178.311344700962,-40.4120646428406,-21.8025618075603
-0.125263211875909,-1.65075755640597,-2.40528180135252,-0.684492991135999,178.427063332912,-40.4929157826121,-21.6071867669877
-0.13759098100901,-1.65600380993791,-2.4056757092704,-0.704374893214988,178.541215966283,-40.577071000589,-21.4214200076818
-0.149478024407112,-1.66120498384897,-2.40629045771717,-0.721149387012784,178.653551004203,-40.6632943618108,-21.2525509628662
-0.160843784964427,-1.66635528898098,-2.40729539251915,-0.734787343703906,178.763854009947,-40.7503711952154,-21.1058186458185
-0.171624639428691,-1.67143601339076,-2.40882464463976,-0.745349227637103,178.871971788398,-40.8372444123653,-20.9842770282439
-0.181776678589655,-1.67642036774719,-2.41096327432204,-0.752961557838248,178.97782010718,-40.9230652899355,-20.8891736615074
-0.191273929486884,-1.68127895101503,-2.41374973723722,-0.757789243042566,179.081380228217,-41.0071854237983,-20.8205082452088
-0.200104996881137,-1.68598376819615,-2.41718745106469,-0.760014343067311,179.182688577015,-41.0891257878425,-20.7775349548483
-0.208269967842442,-1.69051039265407,-2.42125846470309,-0.759823187077995,179.281822975126,-41.1685438588207,-20.7591249436166
-0.215778106773837,-1.69483871242788,-2.42593534615518,-0.75739946893961,179.378888431526,-41.2452059302938,-20.7639947099662
-0.22264613906218,-1.69895283572449,-2.4311901698624,-0.752920312148527,179.474004533004,-41.3189651837307,-20.7908335801716
-0.228896727895069,-1.70284057873543,-2.43700098105972,-0.746553258013274,179.567295275702,-41.3897442390659,-20.8383616421469
-0.2345568432815,-1.70649279175472,-2.44335658915601,-0.738453297418693,179.658881425922,-41.4575209274127,-20.9053399720131
-0.239655908489198,-1.70990268489021,-2.45026046873978,-0.728759875195973,179.748875406114,-41.5223164742526,-20.990547158175
-0.244223775651517,-1.71306527806451,-2.45773426411898,-0.717594173178805,179.837378949139,-41.5841855516946,-21.0927324504434
-0.248288690850931,-1.71597707747518,-2.46582106296618,-0.705057076395798,179.924483841258,-41.6432075909247,-21.2105559865063
-0.251875468193975,-1.71863603732591,-2.47458828888315,-0.691228237086119,180.010275658832,-41.6994785274238,-21.3425288935912
-0.255004121065734,-1.72104178978383,-2.48412981362955,-0.676166666251613,180.094839586393,-41.7531022207296,-21.4869684314154
-0.257689191208679,-1.72319603034472,-2.49456679095283,-0.659913252592908,180.178266640026,-41.8041815229989,-21.6419831961041
-0.259939939088806,-1.72510286504789,-2.50604685632836,-0.642495406493291,180.260658463786,-41.8528102967838,-21.8054985285967
-0.261761388113478,-1.72676890686591,-2.51874174778164,-0.623933583895538,180.342129606584,-41.8990689425133,-21.9753223669996
-0.263155983170639,-1.72820297879118,-2.53284397476848,-0.604248880757746,180.42280752158,-41.9430262336486,-22.149239935146
-0.264125429026617,-1.72941541847602,-2.54856366259286,-0.583470491671071,180.502831678782,-41.9847489283232,-22.325117487716
-0.264672222090109,-1.73041711632083,-2.56612688825781,-0.561641850940214,180.582353463297,-42.0243181530562,-22.5009950966087
-0.264800511231114,-1.73121849065973,-2.58577659054433,-0.538824726047881,180.661537908094,-42.0618491314023,-22.6751553732626
-0.264516152817767,-1.73182859301939,-2.60777655808044,-0.515101160432735,180.740567342445,-42.0975096000807,-22.8461639714255
-0.263826050978335,-1.73225447218125,-2.63241826964051,-0.490573670311697,180.819646317444,-42.1315325974623,-23.0128837594881
-0.262737014301449,-1.73250084853285,-2.66002969180237,-0.465364339821443,180.899006918828,-42.1642208298231,-23.174466416345
-0.261254392548814,-1.73257008681316,-2.69098466083714,-0.43961345260437,180.978913647332,-42.1959417863334,-23.330324753836
-0.259380706820651,-1.73246241805465,-2.72571119429118,-0.413478139219821,181.059667193058,-42.2271145389307,-23.4800886453644
-0.257114400356089,-1.73217635478772,-2.7646968820154,-0.387131292863156,181.141606469071,-42.2581903390566,-23.6235479985322
-0.254448760879072,-1.73170926642544,-2.80848925052313,-0.360760757733596,181.225108135947,-42.2896296017953,-23.760587417954
-0.251371033337975,-1.73105812606088,-2.85768860906555,-0.334568551053589,181.310582565368,-42.3218777654259,-23.8911183932012
-0.247861772345125,-1.73022048956004,-2.91293049350664,-0.308769660137735,181.398464870289,-42.3553420776921,-24.0150157083438
-0.243894578395371,-1.72919579813407,-2.97485481672678,-0.283589788014084,181.489199484892,-42.3903708442603,-24.1320653416776
-0.239436501702981,-1.72798707216682,-3.04405987290106,-0.259261356737099,181.583217130453,-42.4272362562855,-24.2419314084141
-0.234449528695527,-1.72660294689582,-3.12104217058676,-0.236017201133493,181.680904218801,-42.4661216710817,-24.3441493185537
-0.228893588527882,-1.72505976577759,-3.20612798324479,-0.214081794114502,181.782567013093,-42.5071141608253,-24.4381504716061
-0.22273130075021,-1.72338313440301,-3.29940852850548,-0.193660571679019,181.88839582254,-42.5502032266049,-24.5233196186291
-0.215934154123534,-1.72160809552204,-3.40069503317449,-0.174928829998213,181.998436939247,-42.5952866692107,-24.5990793101215
-0.208489070516351,-1.71977714575175,-3.50950887983251,-0.158022380690477,182.112580155622,-42.642184439815,-24.6649879430738
-0.20040372263413,-1.71793583233515,-3.62511361803844,-0.143032212537328,182.230566383878,-42.6906605274176,-24.7208317849729
-0.191708972006858,-1.71612651632558,-3.74658243170572,-0.13000458506581,182.352013973378,-42.7404514840811,-24.7666902933061
-0.182457526718695,-1.71438163928228,-3.87288322167687,-0.118946522870414,182.476456621191,-42.7912984952988,-24.8029594774727
-0.172719056099246,-1.71271805016084,-4.00295975217118,-0.109835233499053,182.603383215179,-42.842978799968,-24.8303281040658
-0.162572948877071,-1.7111335518967,-4.13579227163098,-0.102629155497433,182.732271378971,-42.8953323252022,-24.8497121180605
-0.152100261910496,-1.70960611642752,-4.27043060043965,-0.0972783768850699,182.862610357312,-42.9482804722197,-24.8621600886961
-0.141376205162981,-1.70809559164723,-4.40600164979901,-0.0937328323638199,182.993912832103,-43.0018353960944,-24.86874559773
-0.130464048819913,-1.70654738562786,-4.54169872212624,-0.0919475792705585,183.125717792144,-43.0560992701642,-24.8704623583202
-0.119410909063073,-1.70489751931143,-4.67676159926129,-0.0918852184481392,183.257587499848,-43.1112537753366,-24.8681362037242
-0.108245583954557,-1.70307844246956,-4.81045565982665,-0.0935159920803981,183.389101486006,-43.1675406350124,-24.8623658414029
-0.0969784330105861,-1.70102500563574,-4.94205641840875,-0.096816242677975,183.519850025326,-43.2252347195633,-24.8535012973128
-0.0856031410551784,-1.69867996318563,-5.07084368870475,-0.101765842266616,183.649429066535,-43.2846121765371,-24.8416647071999
-0.0741000337291279,-1.69599840220959,-5.19610726788283,-0.108345021018109,183.777438157011,-43.3459170612288,-24.8268122847162
-0.0624404367597875,-1.69295060530201,-5.31716366020386,-0.11653085014644,183.903482389653,-43.4093307111404,-24.8088293645052
-0.0505914545434073,-1.68952308069225,-5.43338106215275,-0.126293536179206,184.027178706134,-43.4749482201425,-24.7876436218607
-0.0385205444172628,-1.68571779236019,-5.54420803096344,-0.13759269290491,184.148166062158,-43.5427655243873,-24.7633367365371
-0.0261993943189139,-1.68154991504722,-5.64920048075524,-0.150373866680495,184.266118176941,-43.6126788134681,-24.7362337564184
-0.0136068214322601,-1.6770446381148,-5.7480422093423,-0.164565752027746,184.380757057805,-43.6844956331232,-24.7069532265784
-0.000730609458567716,-1.67223360145303,-5.84055584291177,-0.18007865091833,184.491865300764,-43.7579548259155,-24.6764091844834
0.0124316735723194,-1.66715147931986,-5.9267032151267,-0.196804683207977,184.599295284958,-43.83275100421,-24.6457662330296
0.0258727849938549,-1.66183308697487,-6.00657602461933,-0.214619978904685,184.702973738462,-43.9085588927193,-24.6163582468233
0.0395767236058873,-1.65631122255561,-6.08037876590495,-0.233388628776212,184.802900764008,-43.9850535751752,-24.5895873561065
0.0535202770841397,-1.65061530238952,-6.1484064759155,-0.252967714952271,184.899143304607,-44.0619241273603,-24.566821287241
0.0676749518587985,-1.64477071645024,-6.21102001750185,-0.273212491904875,184.991824087759,-44.1388798706028,-24.5493039995473
0.0820089885357559,-1.63879873649864,-6.26862154928745,-0.29398084586244,185.081108002054,-44.2156500629252,-24.5380884219346
0.0964891820808966,-1.63271676740972,-6.32163247702402,-0.31513647618687,185.167188272586,-44.2919788983463,-24.5339934200259
0.111082305997195,-1.62653874582958,-6.37047552657449,-0.336550659276456,185.250274544141,-44.3676180840801,-24.5375821333721
0.125756050333684,-1.62027554588788,-6.4155617285752,-0.358102815889895,185.330584180505,-44.4423191284322,-24.5491565546261
0.140479486355925,-1.61393532448473,-6.45728225406569,-0.379680317727502,185.408337068445,-44.5158270379461,-24.5687634052674
0.155223143036362,-1.60752380487545,-6.49600436469709,-0.401178025339727,185.483753309945,-44.5878765979982,-24.5962079519129
0.169958817968805,-1.60104454125602,-6.53207033572379,-0.422497978323728,185.557052617869,-44.6581919002719,-24.6310742602252
0.184659254196639,-1.59449922265471,-6.56579808940624,-0.443549504724135,185.628454076929,-44.7264892970968,-24.6727516687779
0.199297802616765,-1.58788806334479,-6.59748240415128,-0.464249823083807,185.698175154686,-44.7924834892145,-24.7204675862127
0.213848163239201,-1.58121029660704,-6.62739587672444,-0.484525021138625,185.766429331327,-44.8558960018294,-24.7733260908019
0.228284262581296,-1.57446475059507,-6.6557892250523,-0.50431115297459,185.833422302473,-44.9164649357715,-24.8303506075888
0.242580284709059,-1.56765045248295,-6.68289092506134,-0.523555136659326,185.89934722879,-44.9739546874584,-24.8905277325865
0.256710837128564,-1.56076719079282,-6.70890647794541,-0.542215169808734,185.964379825504,-45.0281643811774,-24.9528486335698
0.270651207157496,-1.55381597000112,-6.73401774193528,-0.560260493863591,186.028674144895,-45.0789340481247,-25.0163446943327
0.284377653495341,-1.5467993127321,-6.75838273107685,-0.577670486304094,186.092359732012,-45.126148033332,-25.0801151036861
0.297867680902727,-1.53972139413149,-6.78213613406992,-0.594433195001365,186.155540520996,-45.1697355841343,-25.1433455246454
0.311100258889167,-1.53258802059911,-6.80539061584932,-0.610543515848087,186.218295500035,-45.209668955586,-25.2053183277446
0.324055962264268,-1.52540648436075,-6.82823880028432,-0.626001242732396,186.280680896953,-45.2459595973244,-25.2654157893733
0.336717027399871,-1.51818533433093,-6.85075573025649,-0.64080919720384,186.342733469574,-45.2786530621426,-25.3231180368439
0.349067330469609,-1.5109341037054,-6.87300156635105,-0.654971593520755,186.40447442908,-45.3078232384285,-25.3779974640771
0.361092301675553,-1.50366302891849,-6.89502430170136,-0.668492732437231,186.465913555414,-45.3335664057398,-25.4297110311442
0.37277879314242,-1.49638278595844,-6.91686231691537,-0.681376058681417,186.527053148955,-45.3559954872771,-25.4779914752982
0.384114918446357,-1.48910426099268,-6.93854665605526,-0.693623570340602,186.587891569646,-45.3752347508512,-25.5226381148661
0.395089879922699,-1.48183836407267,-6.96010295979247,-0.705235536518469,186.648426221211,-45.3914151050568,-25.5635076701107
0.40569379663177,-1.47459588821482,-6.98155303750541,-0.716210461940383,186.708655928039,-45.4046700538534,-25.6005053571115
0.415917542154717,-1.46738741146444,-7.00291609387213,-0.72654523160011,186.768582720199,-45.4151323111052,-25.6335764114808
0.425752597708814,-1.4602232366319,-7.02420964722639,-0.736235371772435,186.828213086276,-45.4229310343758,-25.6626981421334
0.435190922828895,-1.45311336198601,-7.04545018818725,-0.745275372519268,186.887558777177,-45.4281896113506,-25.6878725811758
0.444224843369511,-1.44606747589694,-7.06665363033133,-0.753659028394756,186.946637251793,-45.431023919348,-25.7091197722289
0.452846954767608,-1.4390949689816,-7.08783560210792,-0.761379766031147,187.00547185171,-45.4315409749719,-25.7264717201472
0.461050037471324,-1.43220495828549,-7.10901162334926,-0.768430938317508,187.064091782284,-45.4298378941855,-25.7399670092799
0.468826980843878,-1.42540631935122,-7.13019720185114,-0.77480607394793,187.122531963425,-45.4260010904004,-25.749646085307
0.476170711886079,-1.41870772322273,-7.15140787767132,-0.780499078254361,187.180832799861,-45.42010564779,-25.75554718924
0.483074125282775,-1.41211767668775,-7.17265923493593,-0.785504386210177,187.239039906454,-45.412214817656,-25.7577029316119
0.489530011750193,-1.40564456507887,-7.19396689414885,-0.789817071863056,187.297203811777,-45.4023795966974,-25.7561375015688
0.495530982340489,-1.39929669770641,-7.21534649243789,-0.793432920542885,187.355379652782,-45.3906383570465,-25.7508645195574
0.501069386993946,-1.39308235669179,-7.2368136541065,-0.796348471196304,187.413626862941,-45.3770165094315,-25.7418855639296
0.506137226636815,-1.38700985019823,-7.25838395050466,-0.798561036702178,187.472008848894,-45.3615261927414,-25.7291894314625
0.510726059173967,-1.38108757111414,-7.28007284552936,-0.800068709908807,187.530592643469,-45.3441659964854,-25.7127522294458
0.514826901006133,-1.37532406196821,-7.30189562145085,-0.800870362567429,187.589448517078,-45.3249207378098,-25.6925384428378
0.518430127302634,-1.3697280860785,-7.32386727984594,-0.800965643207673,187.648649526236,-45.3037613320891,-25.668503172841
0.521525375983925,-1.36430870380967,-7.34600241384151,-0.800354977974437,187.708270976121,-45.2806448165681,-25.6405958013433
0.524101462304845,-1.35907535105726,-7.36831505198606,-0.799039575240222,187.768389776824,-45.2555146093883,-25.6087653939754
0.526146312678262,-1.35403791504065,-7.39081848010912,-0.79702143008582,187.829083677875,-45.2283011121194,-25.5729682067459
0.527646927918265,-1.34920679993957,-7.41352505709224,-0.794303318493403,187.890430376883,-45.1989227899028,-25.5331776943962
0.528589386904905,-1.34459297240997,-7.43644605217266,-0.790888763845638,187.952506512489,-45.1672878878323,-25.4893974172843
0.52895890160896,-1.34020797479589,-7.45959154489743,-0.786781951614358,188.015386569796,-45.1332969599996,-25.4416771844443
0.528739933216348,-1.33606389254313,-7.48297044180617,-0.781987564788839,188.079141745607,-45.0968463917053,-25.3901326242961
0.527916376662704,-1.33217326259938,-7.506590673064,-0.77651051680423,188.143838838737,-45.0578330746414,-25.3349681044097
0.526471817162849,-1.32854891236003,-7.53045963240216,-0.770355575462204,188.209539244773,-45.0161603348015,-25.2765024860978
0.524389857016049,-1.32520372469512,-7.55458491023148,-0.763526904203113,188.276298148059,-44.9717450920856,-25.215196553865
0.521654503674016,-1.32215033514386,-7.57897533323399,-0.75602759692908,188.344164009286,-44.9245260352495,-25.1516800912783
0.518250600155404,-1.3194007822531,-7.60364226251995,-0.747859341422656,188.413178453837,-44.8744723131698,-25.086775520305
0.514164266688835,-1.31696615069889,-7.62860101373995,-0.739022397358545,188.483376659753,-44.8215919012212,-25.0215139586342
0.509383309774264,-1.31485626496906,-7.6538721622862,-0.729516089079696,188.554788322215,-44.7659384661069,-24.9571388200403
0.503897546302133,-1.31307950218643,-7.67948241387467,-0.719339959858574,188.627439214625,-44.7076153555811,-24.895092198004
0.497698992507032,-1.31164278731391,-7.70546470131825,-0.708495595475377,188.701353265959,-44.6467754420729,-24.8369807256649
0.490781885570202,-1.31055180655255,-7.73185725658246,-0.696988916497454,188.776554942595,-44.5836160669761,-24.7845205314657
0.483142539663313,-1.30981142797401,-7.75870161373947,-0.684832521209406,188.853071596751,-44.5183692391224,-24.7394647499626
0.474779079178045,-1.30942626565667,-7.78603978135411,-0.672047520289187,188.930935389403,-44.45128829858,-24.703520517659
0.465691126125008,-1.30940128401585,-7.81391108823991,-0.658664309039784,189.010184456406,-44.3826331005016,-24.6782640351646
0.45587953399753,-1.30974232613989,-7.84234936223121,-0.644721879706002,189.090863166898,-44.3126560841145,-24.6650613408095
0.445346255087816,-1.31045646345203,-7.87138110564063,-0.630265528046878,189.173021556912,-44.2415912976932,-24.6649993866655
0.434094409826137,-1.31155209126466,-7.9010252172062,-0.615343074659993,189.256714212833,-44.1696477458142,-24.6788282934754
0.422128604274162,-1.31303872205449,-7.93129465250288,-0.599999954885338,189.341998940172,-44.0970076276697,-24.7069129467415
0.409455516906655,-1.3149264520657,-7.96220026470475,-0.584273738885163,189.428935427854,-44.0238293794037,-24.7491915465809
0.396084738263633,-1.3172251069708,-7.99375691022276,-0.568188859863009,189.517583806487,-43.9502549400817,-24.8051407714703
0.382029783244998,-1.31994312431841,-8.0259916537009,-0.551752555720784,189.608002571083,-43.8764201571423,-24.8737515678317
0.367309103926334,-1.32308631061308,-8.05895346377599,-0.534953180428837,189.700244983347,-43.8024665137514,-24.9535250185433
0.351946839985948,-1.32665670043077,-8.0927231451528,-0.517761928287316,189.794353111148,-43.7285513905876,-25.0425017249114
0.335973019291698,-1.33065179573923,-8.12742160802934,-0.500138433738753,189.890349454641,-43.6548533238431,-25.1383369771084
0.319423033340947,-1.33506441788621,-8.16321437375146,-0.482039639707151,189.988227687915,-43.5815690776324,-25.2384248784651
0.302336465060552,-1.33988324196099,-8.2003109134624,-0.46343011778964,190.087945766806,-43.508901507893,-25.3400591000374
0.284755627589457,-1.34509385891257,-8.23895904098959,-0.444291328429507,190.189425284013,-43.4370407164836,-25.4406035339602
0.266724307407701,-1.35068003740913,-8.27943645212834,-0.424627646014426,190.292559577444,-43.3661440735805,-25.5376418418948
0.248287100819084,-1.35662482524459,-8.32204257314516,-0.404468241597115,190.39723014047,-43.2963213747364,-25.6290837149342
0.229489466607158,-1.36291124062545,-8.36709351913469,-0.383865413495115,190.503327976301,-43.2276292949743,-25.7132216473329
0.210378362308067,-1.36952248234044,-8.41492141408343,-0.362890929360376,190.610775195304,-43.160075851666,-25.788745961645
0.19100320715444,-1.37644175145761,-8.46587743053439,-0.341632094742061,190.719542659129,-43.0936327328666,-25.8547325433884
0.171416923567528,-1.38365188308691,-8.52033645422722,-0.320188790258269,190.829661025255,-43.0282521076387,-25.9106179413408
0.151676877329508,-1.39113503458439,-8.5787006072913,-0.298672011879653,190.941224149586,-42.9638847330099,-25.9561735165875
0.131845589549569,-1.39887268356312,-8.64139890008199,-0.277203808972038,191.054384925007,-42.900497061416,-25.9914867333715
0.1119910938091,-1.40684616755168,-8.70888080630329,-0.255918064871917,191.169344263467,-42.838085953838,-26.0169540980418
0.0921867641045608,-1.41503794220682,-8.78160241943455,-0.234961300497169,191.286334345142,-42.7766901623727,-26.0332860182043
0.0725103814941297,-1.42343362399973,-8.86000502863136,-0.214492570208143,191.405597751604,-42.7163978948184,-26.041518315558
0.0530421995258254,-1.43202469083819,-8.94448744418167,-0.19468157756291,191.527364774853,-42.6573496367811,-26.0430188139919
0.0338618711915735,-1.44081144418104,-9.03537501577858,-0.175704449853444,191.651831843251,-42.5997352462151,-26.0394727260791
0.0150443325360781,-1.44980555854172,-9.13288953827075,-0.157737244637036,191.779144166967,-42.5437844892674,-26.0328310941229
-0.00334496016229633,-1.45903139140732,-9.23712452769155,-0.140948128758297,191.909384962458,-42.4897509251106,-26.0252147159233
-0.0212548043343515,-1.46852532190746,-9.34802943516504,-0.125489928251165,192.042572057443,-42.4378903382022,-26.0187800614378
-0.0386523398104928,-1.47833273645441,-9.46540466172927,-0.111494949041728,192.178660995321,-42.3884363268461,-26.0155675308884
-0.0555258706105412,-1.48850274665732,-9.58890749205143,-0.0990734007367986,192.31755275097,-42.3415765500771,-26.0173594323773
-0.0718860137072789,-1.49908113046695,-9.7180676510408,-0.0883156615721511,192.459104041592,-42.2974330786391,-26.0255729497086
-0.087764896342226,-1.51010224471058,-9.85230990930159,-0.0792975381705456,192.603138503294,-42.2560493060125,-26.0412047962317
-0.103213198669006,-1.52158079030608,-9.99097979352967,-0.072087046729358,192.749457143072,-42.2173843476151,-26.0648336689078
-0.118294940695385,-1.53350437529066,-10.1333672833403,-0.0667511848863949,192.897846350916,-42.1813143218567,-26.0966772766649
-0.133080107744023,-1.54582783242219,-10.2787230302456,-0.0633614974717813,193.048081650346,-42.1476388385341,-26.1366940429135
-0.147635496872732,-1.55847019540009,-10.4262625447579,-0.0619976889292539,193.199925612022,-42.1160906960749,-26.1847157735399
-0.16201450234428,-1.57131511044173,-10.5751558625202,-0.0627488887723595,193.353119072779,-42.0863472154026,-26.2405959740088
-0.176246902326669,-1.58421525304408,-10.7245030531531,-0.0657123386512533,193.507365971757,-42.0580425289625,-26.3043577441173
-0.190330037660222,-1.59700100422521,-10.8732993690233,-0.0709892461392813,193.662313724037,-42.0307810180223,-26.376323794657
-0.204223038112055,-1.60949314820773,-11.0203979667895,-0.0786774252534711,193.81753314675,-42.004152432375,-26.4572084748886
-0.217845819628793,-1.62151860819504,-11.1644830241585,-0.0888602857058298,193.972504440441,-41.9777486514254,-26.548148976999
-0.231084207157659,-1.63292724619079,-11.3040707350993,-0.101592009060497,194.126617946674,-41.9511804860026,-26.6506535804797
-0.243801464535126,-1.64360674857551,-11.4375570107242,-0.116879666588995,194.27919867974,-41.924090864978,-26.7664535813274
-0.255854698035242,-1.65349215556597,-11.5633237661983,-0.134664699139919,194.429559519449,-41.8961594994821,-26.897264596865
-0.267112593992398,-1.66256738012803,-11.679897103449,-0.15480811535901,194.577078110355,-41.86709559424,-27.0444868264112
-0.277469948377227,-1.67085836022743,-11.7861251768716,-0.177084738780459,194.721279898931,-41.8366205508728,-27.2088888083104
-0.286855533900648,-1.67842042958537,-11.88132611187,-0.201190498521899,194.861902599587,-41.8044499419528,-27.3903135065052
-0.29523274474254,-1.68532429625718,-11.9653622905112,-0.226762968664912,194.998923474921,-41.7702876509756,-27.5874255823171
-0.302595225712686,-1.69164442965124,-12.0386252247779,-0.253410806813886,195.13254799714,-41.7338396291175,-27.7975103145207
-0.308960320669475,-1.69745119886391,-12.101945098725,-0.280744743586107,195.263173405837,-41.6948415685573,-28.016359556801
-0.314361541007977,-1.70280565326409,-12.1564525651944,-0.308402452462674,195.391341284241,-41.6530834267079,-28.2383266183494
-0.318839346851626,-1.70775507916059,-12.2034192908977,-0.336061707988443,195.517682864004,-41.6084150470956,-28.4566460023271
-0.322429649505833,-1.71232871740014,-12.2441023828892,-0.363440156959778,195.642856388531,-41.5607323426075,-28.6640331113202
-0.325151747303466,-1.71653489184647,-12.2796202855975,-0.390284851225097,195.767487079044,-41.5099583205073,-28.8534176559236
-0.326999271816983,-1.7203611983757,-12.3108823130591,-0.416358084894218,195.892132408835,-41.4560307523961,-29.0185551175655
-0.327936667397432,-1.72377784435292,-12.3385743794032,-0.441425689544186,196.017288123394,-41.3988926363528,-29.1543202878252
-0.327900646133469,-1.72674244271606,-12.3631823407076,-0.465250314727419,196.143428145521,-41.338474125706,-29.256659033819
-0.326803851260185,-1.72920418462709,-12.3850266082184,-0.487588235005715,196.271055328939,-41.2746642779324,-29.3223093340827
-0.32453805123338,-1.7311061720303,-12.4042876698334,-0.508185834819066,196.400738645704,-41.207287090784,-29.3484392965021
-0.320975998790231,-1.73238577474486,-12.4210135015269,-0.526771146996204,196.533118072103,-41.1361077379214,-29.3323343722729
-0.315973677057153,-1.73297367035369,-12.4351118960993,-0.543036359467386,196.668863463965,-41.060900017148,-29.2712601865185
-0.309377376097578,-1.73279280450309,-12.4463452467948,-0.556609939167514,196.80858084516,-40.981604244972,-29.1626546305052
-0.3010417451343,-1.73175899162915,-12.4543640467518,-0.56702406055991,196.952677392114,-40.8985861410162,-29.0048436725759
-0.290863119760158,-1.72978511918548,-12.458827267492,-0.573695994521545,197.101220069603,-40.8129491513317,-28.7984740688412
-0.278823588002738,-1.72679044549108,-12.4596268644618,-0.575957165869649,197.253823929848,-40.7267259573151,-28.5486652569596
-0.265023837890324,-1.72271389964629,-12.457118160951,-0.57316037734731,197.409591444218,-40.6426071865637,-28.2671219235697
-0.249669005944866,-1.71752487740733,-12.4521200453582,-0.564838380222831,197.567178478978,-40.5629674937845,-27.9721609211297
-0.23299788105516,-1.71122314294519,-12.4455541008613,-0.550800812608066,197.725099661844,-40.4887194474009,-27.685145508594
-0.215208359075195,-1.7038283008657,-12.4379892702131,-0.531085573792981,197.8821382978,-40.419070459276,-27.4256087255553
-0.196437757433128,-1.69536859675038,-12.4294704814145,-0.505834201982173,198.037524844724,-40.352314235135,-27.2087241973591
-0.176792668632174,-1.68587677490028,-12.4196640147176,-0.47521540152642,198.190802541761,-40.2867876405392,-27.0454647465871
-0.156387828663996,-1.67539419999802,-12.4081164127203,-0.439438921215365,198.341567882568,-40.2214147013156,-26.9437648455208
-0.135367410142676,-1.66398191651031,-12.3944675782303,-0.398830478911782,198.489262222198,-40.1558929414592,-26.909628490717
-0.113902034044833,-1.65173792073298,-12.3785568011196,-0.353928050562349,198.63307585997,-40.0908239550132,-26.9477801468021
-0.0921591908013424,-1.63881700568331,-12.3603785791521,-0.305571817667606,198.771950997713,-40.0280428851447,-27.0614786948992
-0.0702393817302528,-1.62543562917006,-12.3397930927398,-0.254945468667565,198.904656085758,-39.9711894495437,-27.2512189633227
-0.0480793991008233,-1.61182467930293,-12.3159327599269,-0.203477226881674,199.029932740857,-39.9261758682908,-27.5127277056652
-0.0253709227821046,-1.59810362190833,-12.2866253451576,-0.152507958203304,199.146785721638,-39.9007889676599,-27.835311677079
-0.0015984363710524,-1.58412320425217,-12.2488194133007,-0.102785938364698,199.255125707978,-39.9026940996671,-28.2007142699546
0.023709619866719,-1.56942108043112,-12.2010146472916,-0.0540969670699116,199.356940907974,-39.9358634570911,-28.5814402758139
0.0505859257223273,-1.55345852746852,-12.1461716526888,-0.00551157539080376,199.456986951238,-39.9972552209754,-28.9410206965112
0.078493502513722,-1.53604551216352,-12.0904266833325,0.0436363942851163,199.56078977261,-40.0776420940042,-29.2424743944599
0.106714424447959,-1.51746213392273,-12.0384440615123,0.0929961587269738,199.671342096868,-40.1668989776876,-29.4599537128733
0.134735766845719,-1.49817332067729,-11.9918573884792,0.141443489830583,199.788556838059,-40.2581407398056,-29.5814275153157
0.162257335852038,-1.47857386445183,-11.9505233350025,0.187744320282342,199.91093033963,-40.3481838162149,-29.6042450700462
0.189040559111961,-1.45893563693006,-11.913471837095,0.23097830184316,200.036947387588,-40.4363227704086,-29.5306030570139
0.214803857505663,-1.43945407873889,-11.8791912603432,0.270640366959858,200.165648683661,-40.5232810349605,-29.3656125455344
0.239198440735037,-1.42030860231476,-11.8457642262956,0.306516172120748,200.296633632497,-40.6107969932229,-29.1179995757277
0.261867334794626,-1.40170754379039,-11.8111743413267,0.338385981763271,200.429677282068,-40.7013930766335,-28.8027747671996
0.282584100776133,-1.38389428322394,-11.7739518595994,0.36569485606031,200.564141308011,-40.7975212175475,-28.4447159742824
0.301371342948331,-1.36709083173811,-11.7338870631815,0.38755027462706,200.698657789877,-40.8999529093377,-28.078680386385
0.31841197129115,-1.35141892860704,-11.6919251313232,0.403268240987052,200.831571004499,-41.0070013142528,-27.7411069159668
0.333794345338069,-1.33690226110159,-11.6490344277685,0.412898050940652,200.961712426783,-41.1157646198583,-27.4579922516367
0.347389988817573,-1.32354985301302,-11.6053042341733,0.417109217942133,201.088710409085,-41.2237628571737,-27.2416861448846
0.358931838893021,-1.3114180425075,-11.5599723911258,0.416760404208953,201.212798417588,-41.3295386403337,-27.0952668821266
0.368137099058032,-1.30061227430899,-11.5118801451172,0.41262854503345,201.334448110402,-41.4324928018011,-27.0170930464465
0.37478214793991,-1.29125885162239,-11.4598355055527,0.40535734734371,201.454054807015,-41.5324665868853,-27.0032951555514
0.378728463189788,-1.28347749169262,-11.402763772087,0.395500547445614,201.571757487334,-41.6293397641694,-27.0488388708642
0.379923096218424,-1.27736539545364,-11.3397186632124,0.383564468755225,201.68738395482,-41.7227708782408,-27.1478139057621
0.378389862554834,-1.272991890818,-11.2698467530655,0.370020876127878,201.800484713726,-41.8121045747514,-27.2933171533565
0.374217226269037,-1.27040009664392,-11.19236292936,0.355303407141169,201.910420885989,-41.8963994758542,-27.4772231397133
0.367544012179754,-1.2696126745404,-11.1065569682319,0.339812264468677,202.016479300942,-41.9745093602279,-27.6901459663785
0.35854297353521,-1.27063990698601,-11.0118261321645,0.323939816480256,202.117992036839,-42.0451775001142,-27.9218542403222
0.347403968042818,-1.27348809573457,-10.9077270693819,0.308107572027331,202.21444017246,-42.1071483117678,-28.1621514658621
0.334320880724871,-1.27816424382476,-10.7940513348979,0.292789459402528,202.305531605269,-42.1593168071817,-28.4018855461734
0.319484754937208,-1.28467297933511,-10.6709248923311,0.278501349961112,202.391249640151,-42.2009004133803,-28.6336562448538
0.303080574938338,-1.2930061678781,-10.5389073532472,0.265758044640903,202.471865695678,-42.2315713308633,-28.8520251968945
0.285283075719065,-1.30313111864113,-10.3990463926166,0.255016204228693,202.547910842548,-42.2514929873637,-29.0533033016008
0.266250103565451,-1.3149846025404,-10.2528502961928,0.246623357291471,202.620112060311,-42.2612579638961,-29.2350978062925
0.24611640144297,-1.32847621448932,-10.1021736451465,0.240784554320636,202.689309025043,-42.2617712496765,-29.3957939727017
0.224992080221331,-1.34349912223475,-9.94904424399008,0.237548856378141,202.756369453854,-42.2541282366127,-29.5341007757893
0.20296786462919,-1.35994257186265,-9.79547428451627,0.236812193752313,202.822117564511,-42.2395141699974,-29.6487296129808
0.180125530395791,-1.37770033428114,-9.64329415536116,0.238331410875399,202.887284624409,-42.219128499414,-29.7382155040381
0.156549282723811,-1.39667201279533,-9.4940336697582,0.241744941551217,202.952485210003,-42.1941274074398,-29.800851496095
0.132333505472921,-1.41675790478352,-9.3488622568281,0.246596905653713,203.018219013426,-42.1655784836132,-29.8346955022584
0.10758407102909,-1.43785105654431,-9.20859001078562,0.252362736127142,203.08489608152,-42.1344259686616,-29.837616791019
0.082413064602401,-1.45983139827734,-9.07372433578305,0.258475895499047,203.152882374216,-42.1014689681016,-29.8073656809315
0.0569293223278137,-1.48256656158445,-8.94457014974866,0.264357336297935,203.222560766221,-42.0673579049736,-29.7416686678072
0.031229342031254,-1.50592261937269,-8.82135290523975,0.269452280542246,203.294397765483,-42.0326168360988,-29.6383735608774
0.0053951369347658,-1.52978535615647,-8.7043300435841,0.27328179080193,203.368995520719,-41.9977005157923,-29.4957016219006
-0.0204928167626218,-1.554087388616,-8.59383609217078,0.275516536742047,203.447090258408,-41.9630916974538,-29.3127085776392
-0.0463208329504636,-1.57882666506223,-8.49018683780818,0.276070611469705,203.529437011404,-41.9294272522713,-29.090084376076
-0.0718897887033709,-1.60404973198998,-8.39338116795665,0.275185292013135,203.616523288207,-41.897598689976,-28.8313172300501
-0.0968760691225422,-1.6297748637771,-8.3026468049299,0.273430186728954,203.708142341868,-41.8687163674162,-28.5438300764421
-0.120860379491866,-1.65587404740573,-8.21608914330375,0.2715437831387,203.803054052252,-41.8438521928117,-28.2391339428168
-0.1434475918041,-1.68200314102532,-8.13080980377275,0.2701440712696,203.899069415453,-41.8236665442052,-27.9313138007012
-0.164407977074248,-1.70766363040013,-8.04357867094745,0.269494934471739,203.993632565524,-41.8081709876437,-27.634609991313
-0.183731041401275,-1.73236245575854,-7.95169485535587,0.269495862210952,204.084571665416,-41.7967437346587,-27.3615270889207
-0.201561532231938,-1.7557517673101,-7.85357878742926,0.269870169315426,204.170618930024,-41.7883342265237,-27.1219320569305
-0.218081458314075,-1.77767046379073,-7.74890012544549,0.270393555308858,204.251522760794,-41.7817470063619,-26.9228331792985
-0.233418105348127,-1.79809893690009,-7.63833733150954,0.271029041955545,204.327828247368,-41.7758839120302,-26.7685672229609
-0.247611705813842,-1.81708466222721,-7.52319695638831,0.271935628936232,204.400533978693,-41.7698554707377,-26.6612381437048
-0.260629484159315,-1.83468441815384,-7.40508012683747,0.273394235692072,204.470800649681,-41.762959463487,-26.6012789770504
-0.272397726045641,-1.85093659497362,-7.28566727753812,0.275710205163901,204.539774658373,-41.7545882108501,-26.5880393245197
-0.282832132074197,-1.86585596752009,-7.16660158204526,0.279130702842177,204.608503617759,-41.7441280676072,-26.6203134730292
-0.291859917221023,-1.87943891114957,-7.04942081342884,0.283790448378451,204.677893078423,-41.7308867023202,-26.6967199633846
-0.299434619573691,-1.89167125699581,-6.93549833038188,0.289685209393065,204.748664565196,-41.7140645916428,-26.8158507271919
-0.305545540765024,-1.9025358658917,-6.82597889148806,0.296669119126513,204.821298909612,-41.6927859944708,-26.9761349558803
-0.310221223116012,-1.91201917784338,-6.72171874911353,0.304473628720653,204.895974300806,-41.6662063317135,-27.1754077996063
-0.313523714410816,-1.92011561152445,-6.62325646394267,0.312747704979032,204.972532924017,-41.6336962696024,-27.4102348510306
-0.315530557095977,-1.92682755433354,-6.53084381537255,0.321117450358459,205.050527018249,-41.5950590748683,-27.6751135539708
-0.316307028947345,-1.93215939868528,-6.44454262345357,0.329256428570507,205.129382449227,-41.5506819225541,-27.9617720112214
-0.315881681378631,-1.93610879385843,-6.36434265483954,0.336944855359832,205.208641741924,-41.5014958450006,-28.2589810190989
-0.314244737744056,-1.93866441727518,-6.29021781654673,0.344085211597106,205.288129670451,-41.4486954512712,-28.5534555127731
-0.311376503288375,-1.93981734193471,-6.22207908182237,0.350658311637509,205.367885368653,-41.3933698779429,-28.8319626584558
-0.307285590794769,-1.93957935008318,-6.15968772013187,0.356650517796376,205.447930105981,-41.3363098812505,-29.0836443854378
-0.302027926629476,-1.93799330054966,-6.1026264198719,0.362005091415556,205.528110435391,-41.2780658806751,-29.3012440278357
-0.295699123463587,-1.93512931601318,-6.05034862233203,0.366618089412534,205.608124581486,-41.219088443571,-29.4809533751722
-0.288414031635497,-1.9310724639199,-6.0022587976424,0.370361085052231,205.687643186719,-41.1597968538022,-29.6215077459033
-0.280288528377276,-1.92591026035322,-5.95777792053914,0.373107246651209,205.766410181002,-41.1005641579318,-29.7231804160626
-0.271429675505605,-1.91972451471066,-5.91637693280755,0.374749546814318,205.844283866177,-41.0416737900996,-29.7869856183464
-0.261933461864411,-1.91258803696776,-5.87758100887916,0.375209877419471,205.921232247607,-40.9832900165474,-29.8141485909893
-0.251887103647371,-1.90456488338789,-5.84095439785512,0.37444135414981,205.997307893834,-40.925456495746,-29.8058024966348
-0.241373197783942,-1.89571258511318,-5.8060753559374,0.372426017991017,206.072619374288,-40.868122195575,-29.7628576650733
-0.230473857675721,-1.88608514047144,-5.77250879865904,0.369169048335592,206.147306422622,-40.8111908266384,-29.6860034161224
-0.219273447374787,-1.87573584106588,-5.73978380791569,0.364689690286007,206.221519801454,-40.754591777455,-29.5758230977623
-0.207858604356522,-1.86471905546474,-5.70738463853389,0.359008932459238,206.295403954536,-40.6983715501547,-29.4330236445679
-0.19631423870903,-1.85309001123079,-5.67476594507345,0.352134857201401,206.369078956502,-40.6427998340625,-29.2587990997082
-0.184714746064108,-1.84090177012968,-5.64140177214709,0.344048473753964,206.442616506474,-40.588467379461,-29.0553467608676
-0.173111592880297,-1.82819959324579,-5.60686705056745,0.334695008910485,206.516004427771,-40.5363200510998,-28.8264921638226
-0.161522034010104,-1.81501506996881,-5.57092516965036,0.323986400227711,206.589102541833,-40.4875431387569,-28.5782125182279
-0.14992695717874,-1.80136448201147,-5.53356666125776,0.311817978538257,206.661614241143,-40.4432452485732,-28.3186579520248
-0.138283639777746,-1.78725475863918,-5.49494908336276,0.298095679449431,206.733111563705,-40.4040428710548,-28.0573545663362
-0.126549512972645,-1.77269513670845,-5.45525046121472,0.282763585957695,206.803120793419,-40.3697959443127,-27.8038032710887
-0.114704324321619,-1.75770844841854,-5.41451552703299,0.265820969556772,206.871219906562,-40.3396657546078,-27.5661783058242
-0.102760272052562,-1.74233753682475,-5.37257018653842,0.247324026315426,206.937090226203,-40.3124122955905,-27.3506765586204
-0.0907591455425504,-1.72664659292458,-5.32902153664956,0.227375081509772,207.000510216655,-40.2867191138747,-27.1615209488673
-0.0787619757372729,-1.71071939937793,-5.2833179038773,0.206106037151727,207.061318850585,-40.2614085280667,-27.0013047492202
-0.0668370845564222,-1.69465625808083,-5.23483845398955,0.183662186917997,207.119380763532,-40.2355290357284,-26.8714044179164
-0.0550498990752664,-1.67857046750041,-5.18299489265344,0.16018946636276,207.174572244314,-40.2083551531137,-26.7723452722493
-0.0434554742375481,-1.66258436156649,-5.12733962670052,0.135825392792597,207.226793834575,-40.1793463004085,-26.7041060267788
-0.0320933830951477,-1.64682418212286,-5.06767809140193,0.110692725697638,207.276005964517,-40.1480990893692,-26.6663768795562
-0.020984505715398,-1.63141259137479,-5.00417575677143,0.0848953433823208,207.322276392242,-40.1143141447558,-26.6587787296483
-0.0101299732446245,-1.6164578857866,-4.93743450910633,0.0585173591744258,207.365820644883,-40.0777896119646,-26.6810345228687
0.000486483732972543,-1.60204044310192,-4.86849791329863,0.0316280130106996,207.407011711484,-40.0384488188928,-26.7330644555584
0.0108912195274435,-1.58819963164082,-4.79874765572045,0.00429501227985483,207.446340254273,-39.9964065460545,-26.8149584009578
0.0211081778863603,-1.57492718979182,-4.72968990348771,-0.0233933187533888,207.484328622461,-39.9520725291008,-26.9267769031002
0.0311441304669278,-1.56217355415308,-4.66269381248645,-0.0513013420802366,207.521436163034,-39.9062769868973,-27.068171956337
0.0409778731019296,-1.54986954430723,-4.59879376682637,-0.079224311461612,207.558015482064,-39.8603785178196,-27.2379101122784
0.0505602817917214,-1.53795765828341,-4.53864975547902,-0.106883952791419,207.594359406065,-39.8162872132221,-27.4334809446624
0.0598282050760588,-1.52641963501306,-4.48266711179063,-0.133951543395512,207.630815357901,-39.7763299284174,-27.6509904129253
0.0687278851237787,-1.51528652437241,-4.43117074636233,-0.160098635004901,207.667884841698,-39.7429287014775,-27.8854079330637
0.0772377267894858,-1.50462654156578,-4.38450068074513,-0.185061119642641,207.706229007894,-39.7181512071681,-28.1310325818454
0.0853802744285433,-1.49451798790923,-4.34297129987797,-0.208693171878012,207.746568324182,-39.7032702018404,-28.3819479485743
0.0932187078439716,-1.4850202679083,-4.30674413986718,-0.230990637874765,207.789532549366,-39.6984854405638,-28.6323317339805
0.100839728106932,-1.47615374761128,-4.27571266800525,-0.252075235037449,207.835533525393,-39.7029109263957,-28.8766659186063
0.108329503026484,-1.46789383429979,-4.24946969533558,-0.272144535686827,207.884705058789,-39.7148349785632,-29.1099820987679
0.115751750352951,-1.46017945064469,-4.22736894763934,-0.291405155744949,207.93691713297,-39.7321518194006,-29.32819516384
0.123135834118399,-1.45293101203303,-4.20864514625002,-0.310013895277546,207.991844733264,-39.7527957348376,-29.5284162628644
0.130477320349651,-1.4460696950292,-4.19253913943747,-0.328046579964244,208.049057702876,-39.7750352755748,-29.7090805203065
0.137747203058158,-1.43953098772117,-4.17838699146258,-0.345498255256668,208.108100171594,-39.7975850611708,-29.8698345408793
0.14490357575745,-1.43327018411313,-4.16566010526834,-0.362303974215882,208.168543212773,-39.8195816796988,-30.011264657243
0.151901262417405,-1.42726156671467,-4.15396626682407,-0.378365812429418,208.230010392379,-39.8404962998758,-30.1345860096705
0.158697874522087,-1.42149437107147,-4.143029239262,-0.393576331620014,208.292184008065,-39.860037172262,-30.2413719393694
0.165256709156115,-1.41596800230665,-4.13266150321815,-0.407834773977386,208.35480057601,-39.8780670607697,-30.3333510170628
0.171547555880814,-1.41068783161647,-4.12273858711175,-0.421056204310952,208.417641752521,-39.8945419792385,-30.4122684060242
0.177546396726992,-1.40566202147386,-4.11317842841625,-0.43317539074223,208.480524300182,-39.9094692548256,-30.4797978187858
0.183234671128511,-1.40089935362724,-4.10392629154333,-0.444147371064726,208.543290883248,-39.9228805615863,-30.5374899259557
0.188598484039074,-1.39640785174451,-4.09494446565408,-0.453946238241812,208.60580241117,-39.9348156884521,-30.5867458163078
0.193627930992178,-1.39219396524481,-4.08620559607585,-0.462563162875172,208.667932103756,-39.9453136611748,-30.6288070975974
0.198316593821751,-1.38826211962943,-4.07768856765517,-0.470004242094443,208.729561222248,-39.9544087342027,-30.6647566812695
0.202661199245756,-1.38461449297211,-4.069376073259,-0.476288463443916,208.790576350563,-39.9621294937408,-30.6955261434566
0.206661405386796,-1.38125092761112,-4.06125322962079,-0.481445881200122,208.850868127021,-39.9684998387894,-30.7219069019807
0.210319671533045,-1.37816892473648,-4.05330679470109,-0.485515989610253,208.910331356129,-39.9735409626836,-30.7445634009383
0.213641164335724,-1.37536369760743,-4.04552468605286,-0.488546216776679,208.968866432468,-39.9772736882524,-30.7640471389934
0.216633654192232,-1.37282827881626,-4.03789560772014,-0.490590437843484,209.026381946814,-39.9797206595419,-30.780810782979
0.219307358612878,-1.37055368911895,-4.03040867600386,-0.491707411292969,209.082798210772,-39.9809080058122,-30.7952218422929
0.221674696512281,-1.36852917998624,-4.02305300273153,-0.491959076154978,209.1380512418,-39.9808662065128,-30.8075755016874
0.223749931366497,-1.36674255824558,-4.01581725168047,-0.491408708403297,209.192096553681,-39.9796300253757,-30.8181062816991
0.225548703191541,-1.36518058890427,-4.008689224503,-0.490119010387598,209.244911996776,-39.9772375509958,-30.8269982706442
0.227087475946016,-1.3638294546082,-4.00165554902346,-0.488150274908736,209.296498974638,-39.9737285540374,-30.8343937799631
0.228382951025533,-1.36267523311544,-3.99470152871666,-0.485558797955656,209.346881667543,-39.9691424993265,-30.8404004169627
0.229451509507496,-1.36170434542185,-3.98781117457363,-0.482395693766868,209.396104330717,-39.9635165901088,-30.8450967120849
0.230308740864177,-1.36090393095904,-3.98096739486139,-0.478706198061008,209.444227154063,-39.9568841597888,-30.8485365419072
0.230969095924838,-1.36026212154238,-3.97415228539733,-0.47452945766606,209.491321405034,-39.9492735958965,-30.8507526274237
0.231445675838496,-1.35976820575695,-3.96734745085575,-0.469898729036497,209.537464589389,-39.9407078349403,-30.8517593663271
0.231750145499687,-1.35941269350113,-3.96053429844644,-0.464841866945156,209.582736181501,-39.9312043558716,-30.8515552011446
0.231892745651601,-1.35918730144081,-3.95369426613222,-0.459381978956491,209.627214228565,-39.9207755421862,-30.850124663403
0.231882373127024,-1.35908488377459,-3.94680896987776,-0.453538140943538,209.670972904324,-39.909429273946,-30.8474401843357
0.231726701001456,-1.35909933081702,-3.93986027133385,-0.447326099268561,209.714080931368,-39.8971696325162,-30.8434637311042
0.231432316345688,-1.35922545317494,-3.9328302770055,-0.440758915082254,209.756600712585,-39.8839976338338,-30.8381483112762
0.231004859954793,-1.35945886393706,-3.92570128311175,-0.433847529393263,209.798587995453,-39.8699119372742,-30.8314393813845
0.230449158331986,-1.35979586657672,-3.91845568047254,-0.426601243934594,209.840091905295,-39.8549095032323,-30.8232761936952
0.229769342692339,-1.36023335265596,-3.91107583114526,-0.419028121962198,209.881155216314,-39.838986189388,-30.8135931149386
0.228968952819863,-1.36076871093992,-3.90354392581018,-0.411135317864136,209.921814761511,-39.8221372865363,-30.8023209506324
0.228051025529799,-1.36139974796242,-3.89584182828582,-0.402929346141837,209.962101911598,-39.8043580008375,-30.7893883080559
0.227018168557875,-1.36212461918561,-3.887950911351,-0.394416300230017,210.002043076524,-39.785643891988,-30.7747230296033
0.225872621217454,-1.36294176943296,-3.87985188651841,-0.385602030828408,210.041660199966,-39.7659912778378,-30.758253726416
0.224616303302506,-1.36384988110465,-3.8715246291483,-0.376492292080906,210.080971229994,-39.7453976154334,-30.7399114391998
0.223250853692919,-1.36484782863716,-3.8629479998464,-0.367092863001599,210.119990555912,-39.7238618683262,-30.7196314499496
0.221777659931802,-1.36593463774134,-3.85409966260212,-0.357409650293756,210.158729407219,-39.7013848686806,-30.6973552632786
0.220197879805188,-1.36710944806633,-3.84495590006479,-0.347448777717413,210.197196213699,-39.6779696815119,-30.6730327695997
0.218512455714597,-1.36837147805465,-3.83549142675778,-0.337216666460874,210.235396926579,-39.6536219774224,-30.6466245944354
0.216722122362095,-1.36971999091034,-3.82567920162628,-0.326720110165796,210.273335301507,-39.6283504186117,-30.6181046274969
0.214827407968036,-1.3711542608095,-3.81549024218956,-0.315966347281556,210.311013144857,-39.6021670605131,-30.5874627112235
0.212828629007137,-1.37267353869313,-3.80489344430036,-0.304963132699715,210.348430524155,-39.5750877691354,-30.5547074522097
0.210725878210054,-1.37427701727042,-3.79385541379025,-0.29371880954365,210.385585943763,-39.5471326506333,-30.5198690990535
0.208519005382625,-1.37596379521977,-3.78234031948317,-0.282242380718309,210.42247648767,-39.518326485091,-30.4830024074224
0.206207590466783,-1.37773284101607,-3.77030978137108,-0.270543578328828,210.459097932819,-39.4886991509226,-30.4441893885509
0.203790908284884,-1.37958295729905,-3.75772281355852,-0.25863292761495,210.495444838481,-39.4582860203854,-30.40354181369
0.201267884539507,-1.38151274726877,-3.74453584856923,-0.246521800324535,210.53151062124,-39.4271282999685,-30.3612033261013
0.198637042993235,-1.38352058516442,-3.73070287798528,-0.23422245099958,210.56728763012,-39.3952732835467,-30.3173509993462
0.195896444343671,-1.38560459341388,-3.71617575359545,-0.221748028577758,210.602767242609,-39.3627744820633,-30.2721961805245
0.193043618146268,-1.38776262947861,-3.70090470230534,-0.209112555221312,210.637940009436,-39.3296915923483,-30.2259844745143
0.19007549028688,-1.3899922856379,-3.68483911592421,-0.196330864922737,210.672795882338,-39.2960902716675,-30.1789947649165
0.18698830987737,-1.39229090493933,-3.66792868124144,-0.183418496072959,210.707324564275,-39.2620416939845,-30.1315372289278
0.183777580993827,-1.39465561622807,-3.65012491396658,-0.170391534941735,210.741516023667,-39.2276218791047,-30.0839503831434
0.180438006318401,-1.39708339051821,-3.63138314908145,-0.157266410862547,210.775361210961,-39.1929108060968,-30.036597286279
0.176963451307632,-1.39957112000844,-3.61166501638312,-0.144059648391461,210.808853005586,-39.1579913449483,-29.9898611082345
0.173346938769045,-1.40211571979712,-3.5909413902389,-0.130787586319401,210.84198740242,-39.1229480616994,-29.9441403357863
0.169580684427164,-1.40471425080189,-3.56919574500252,-0.117466077798041,210.874764917982,-39.0878659687052,-29.899843908769
0.165656183857214,-1.40736406050581,-3.54642777286768,-0.104110189654144,210.907192157872,-39.0528293000321,-29.8573865584416
0.161564359577341,-1.41006293595864,-3.52265703369436,-0.0907339217206007,210.939283441386,-39.0179203898559,-29.8171845528371
0.157295773780566,-1.41280926095008,-3.49792631769394,-0.0773499687611582,210.971062331298,-38.9832187199713,-29.7796519567616
0.152840906737977,-1.4156021667551,-3.47230432810352,-0.0639695474752163,211.002562876134,-38.9488001818354,-29.7451974082045
0.148190493525019,-1.41844166369631,-3.44588725502125,-0.0506023090683051,211.033830348922,-38.9147365735477,-29.714221326912
0.143335902877933,-1.42132873979033,-3.41879883517948,-0.0372563526898765,211.064921273495,-38.881095325192,-29.6871134264428
0.138269533073419,-1.42426541367498,-3.3911885923823,-0.023938346405533,211.095902575035,-38.8479394214067,-29.6642504113395
0.132985192638348,-1.4272547324383,-3.36322813134024,-0.0106537503208334,211.126849777522,-38.8153274706203,-29.6459938015506
0.127478430533922,-1.43030071091769,-3.33510559481416,0.00259287785575774,211.157844288139,-38.7833138577408,-29.6326879157244
0.121746782879494,-1.4334082167489,-3.3070186505344,0.0157975287769412,211.188969937813,-38.7519489117149,-29.6246581312465
0.115789911886352,-1.43658281339132,-3.27916659736643,0.0289563838121731,211.220309060676,-38.7212790209459,-29.6222095890898
0.109609626393302,-1.43983057970945,-3.25174231695046,0.0420655033475763,211.251938466897,-38.6913466359002,-29.6256265033313
0.103209789803779,-1.44315792779017,-3.22492481289417,0.0551206070814905,211.283925675045,-38.6621901071737,-29.635172165756
0.0965961369311673,-1.44657143971376,-3.19887296898688,0.0681169808508615,211.316325719367,-38.6338433157499,-29.6510896220244
0.089776033139672,-1.45007773917223,-3.17372094797765,0.0810495267839759,211.349178747768,-38.6063350581454,-29.673602867034
0.08275821500201,-1.45368340635988,-3.14957539298084,0.0939129529578922,211.382508503905,-38.5796881508392,-29.7029182939923
0.075552550959079,-1.45739493607394,-3.12651434198516,0.106702078428999,211.416321671038,-38.5539182163246,-29.7392260551597
0.0681698540332799,-1.46121873103363,-3.10458756947674,0.119412212022265,211.450607970416,-38.52903210914,-29.7827009571997
0.06062176826306,-1.46516111613604,-3.08381795418101,0.132039549843485,211.485340867179,-38.5050259379339,-29.8335025109574
0.0529207382275473,-1.46922835508723,-3.0642034421521,0.144581526919321,211.520478743375,-38.4818826445633,-29.8917737648664
0.0450800583075913,-1.4734266484793,-3.04571921573523,0.157037052023756,211.555966443296,-38.4595691199209,-29.9576385524616
0.0371139858198956,-1.4777620916729,-3.02831976859643,0.169406551223651,211.591737168929,-38.4380328761234,-30.0311967648732
0.0290378901475282,-1.48224057145899,-3.01194070353274,0.181691744823928,211.627714787646,-38.4171983656521,-30.1125172168715
0.0208683980238056,-1.48686758265468,-2.99650019635895,0.193895086068909,211.663816696968,-38.3969631495474,-30.2016276301111
0.0126234830949821,-1.4916479502561,-2.98190019699254,0.206018801505218,211.69995745767,-38.3771942786235,-30.2985012547609
0.00432243668133991,-1.4965854508017,-2.96802756455909,0.218063497509628,211.736053437834,-38.3577254696006,-30.4030397636979
-0.00401435155361524,-1.50168234019318,-2.95475545289488,0.230026342632446,211.772028683474,-38.3383559234325,-30.5150523863508
-0.0123658742891632,-1.50693881599568,-2.94194536593426,0.241898907821472,211.807822111943,-38.3188519096064,-30.6342319083341
-0.0207113040336545,-1.51235247070103,-2.929450362051,0.253664849750813,211.843395876813,-38.2989524390728,-30.7601292173887
-0.0290311218925765,-1.51791782541028,-2.91711985494418,0.265297748343712,211.878744352849,-38.2783803127876,-30.8921294652883
-0.0373085197550087,-1.52362606202941,-2.90480627299613,0.276759531040231,211.913902658356,-38.2568593469462,-31.0294343590668
-0.0455309186976527,-1.5294650812102,-2.89237344804969,0.287999982867838,211.948953078063,-38.2341374436829,-31.171056051331
-0.0536913430813373,-1.53541998530925,-2.87970602022502,0.298957788333757,211.984027391806,-38.2100133866922,-31.315827873314
-0.0617893258268755,-1.54147401085327,-2.86671849661202,0.30956333039292,212.019303244662,-38.1843631704419,-31.4624352112968
-0.0698310446167071,-1.54760982330021,-2.85336214478451,0.319743092797782,212.054993539209,-38.157160153381,-31.609466173747
-0.0778285270876286,-1.55381097312809,-2.83962793383029,0.329425070931328,212.091329356848,-38.1284833821951,-31.7554771183416
-0.0857979888337426,-1.56006324427236,-2.82554441793679,0.338544255350165,212.128538703186,-38.0985106506159,-31.8990640209254
-0.0937576009289547,-1.5663556395282,-2.81117065131485,0.347047169149273,212.166824724414,-38.0674967592411,-32.0389286409093
-0.101725125858667,-1.5726808423711,-2.79658548724925,0.354894673471507,212.206347329337,-38.0357414929109,-32.1739294736513
-0.109715854807962,-1.57903513196545,-2.78187542543031,0.362062718241776,212.247211213031,-38.0035542522267,-32.3031114062708
-0.117741142146818,-1.5854178525108,-2.76712323699247,0.368541216908615,212.289461534341,-37.9712221690214,-32.4257133356548
-0.125807639578411,-1.59183060846015,-2.75239900710533,0.374331579738897,212.333086687781,-37.9389863624772,-32.5411577003021
-0.133917164952099,-1.59827636489328,-2.73775435065017,0.379443566522931,212.378026350349,-37.9070280626784,-32.6490284153988
-0.142067044807709,-1.60475859559248,-2.72321975241892,0.383892048636576,212.424182505742,-37.8754638776186,-32.7490438150154
-0.150250746214401,-1.61128056728813,-2.7088044673642,0.387694095728202,212.471431323005,-37.844348094418,-32.8410296644808
-0.158458637604133,-1.61784479833053,-2.69449820950914,0.390866613051185,212.519634303914,-37.8136795341075,-32.9248952017662
-0.166678761620113,-1.62445269339473,-2.68027387568074,0.393424602939239,212.568647741122,-37.7834107594881,-33.0006133161277
-0.174897546419802,-1.63110433398374,-2.66609068668145,0.395380023023083,212.618330077751,-37.7534579894721,-33.0682047387901
-0.183100416704649,-1.63779839442444,-2.65189730337795,0.396741158359455,212.668547158795,-37.7237106469788,-33.1277255092796
-0.191272290343259,-1.6445321508933,-2.63763464162237,0.397512401944206,212.719175611419,-37.6940399394105,-33.1792568263419
-0.199397962328729,-1.65130155358181,-2.62323824685452,0.397694336314927,212.770104713087,-37.6643062093726,-33.2228964981704
-0.20746238719046,-1.65810133717804,-2.60864019104186,0.397284019436205,212.821237139855,-37.6343650118943,-33.2587514162111
-0.215450875776117,-1.66492515092717,-2.59377052355883,0.396275394952216,212.872488965641,-37.604072001176,-33.2869306914327
-0.223349223921183,-1.67176569570472,-2.57855834936276,0.394659766336561,212.923789232505,-37.5732867729061,-33.3075392640135
-0.23114378991223,-1.67861486123001,-2.56293262902178,0.392426293989291,212.975079349774,-37.5418758298685,-33.3206719147742
-0.238821535653591,-1.68546386159446,-2.54682280174994,0.38956249241446,213.026312518002,-37.5097148344886,-33.3264076775363
-0.246370043482743,-1.69230337153285,-2.53015932971362,0.386054720538573,213.077453317413,-37.476690293205,-33.3248046915885
-0.253777516981984,-1.69912366938066,-2.51287425279261,0.38188867191718,213.128477551672,-37.4427007909722,-33.3158955605643
-0.261032770155594,-1.70591479561558,-2.49490182890435,0.377049883286757,213.179372396396,-37.4076578635217,-33.299683314087
-0.268125204745302,-1.71266673812254,-2.4761793158101,0.371524290257767,213.230136863735,-37.3714865634834,-33.2761381146278
-0.275044770254283,-1.719369656898,-2.45664792294848,0.365298868340718,213.280782556872,-37.3341257444307,-33.2451949253189
-0.281781894891502,-1.72601416118406,-2.43625392203512,0.358362406305694,213.331334644468,-37.2955280560067,-33.2067524643235
-0.288327367822985,-1.73259165013904,-2.41494984602601,0.350706466756075,213.381832928997,-37.2556596140244,-33.1606739250242
-0.294672143486014,-1.739094722428,-2.39269561946976,0.342326594408665,213.432332806822,-37.2144992838044,-33.1067901402454
-0.300807027380578,-1.74551764793673,-2.36945934144751,0.333223832906839,213.482905814551,-37.1720374972156,-33.0449061018791
-0.306722191072475,-1.75185687280271,-2.34521728070321,0.323406600166339,213.533639323444,-37.1282745200682,-32.9748119746159
-0.312406455480116,-1.75811149316762,-2.31995244826274,0.312892940880797,213.584634789102,-37.0832181073067,-32.8962998744153
-0.317846282864754,-1.76428358095118,-2.29365091572934,0.301713109618694,213.636003817864,-37.0368805414396,-32.8091875525886
-0.323024440942919,-1.77037817910844,-2.26629491607058,0.28991232422708,213.687861243324,-36.9892751543383,-32.7133494806753
-0.327918362255063,-1.77640271778738,-2.23785181883268,0.2775533597192,213.740314531631,-36.9404125815426,-32.6087543822108
-0.332498331052861,-1.78236556770407,-2.20825847590366,0.264718444085126,213.79344930274,-36.8902971601871,-32.4955058660059
-0.336725784916991,-1.78827349142734,-2.17740133180744,0.251509732348709,213.847311678639,-36.8389239896863,-32.373879847594
-0.340552181279182,-1.79412792548845,-2.1450940822402,0.238047591141295,213.901889488175,-36.7862771477051,-32.2443501483155
-0.343918972037786,-1.79992033453278,-2.11105624951702,0.224466155100433,213.957095707475,-36.7323293640565,-32.1075940679333
-0.34675916313493,-1.80562724765687,-2.07489722839161,0.210906163970322,214.012758255188,-36.6770432172491,-31.9644745374305
-0.349000677561555,-1.81120586555754,-2.03611052750325,0.197505804648083,214.068619820232,-36.6203738761321,-31.8160040601293
-0.35057136604127,-1.81659117951137,-1.99408192633175,0.18439084250968,214.124349736998,-36.562273747034,-31.6633040586273
-0.351405167181917,-1.82169536521272,-1.94811353384235,0.171665453155275,214.179567663457,-36.5026999552685,-31.5075758824939
-0.351448702423244,-1.8264099373199,-1.89746386756233,0.159404878585188,214.233876764894,-36.4416258425361,-31.3500933400389
-0.350667458053016,-1.83061089067157,-1.84140209375011,0.147650649952339,214.286902603778,-36.3790569074759,-31.1922127812054
-0.349050551995719,-1.83416675129242,-1.77927183855251,0.136408955955484,214.338332774894,-36.3150494304777,-31.0353810618057
-0.346612930925266,-1.83694890469792,-1.7105561143066,0.125652751049953,214.387951295765,-36.2497267227075,-30.8811114925532
-0.343393964854247,-1.8388426762586,-1.63493110719643,0.115327943682241,214.435661290613,-36.183285091463,-30.7309004274028
-0.339452155644637,-1.83975678161167,-1.55229587227764,0.105363019504733,214.481490711911,-36.1159818802686,-30.5860764755791
-0.334857028250774,-1.83962872987072,-1.46277009556957,0.0956798974194167,214.525579624167,-36.0481031890618,-30.4476050848334
-0.32968051099859,-1.83842505023985,-1.36666191984634,0.0862026852968892,214.568153164663,-35.9799173903576,-30.3158965859653
-0.323990276673807,-1.8361372744049,-1.26441701996745,0.0768613825710082,214.609488888413,-35.9116271484802,-30.1906682072952
-0.317846382320712,-1.83277611965252,-1.15656343859878,0.0675894768429049,214.649888032882,-35.8433330087348,-30.0708882902061
-0.311300906133613,-1.82836641236054,-1.04366369597096,0.0583166084918781,214.689657155769,-35.7750163091593,-29.9548001671131
-0.304399137397532,-1.82294424844016,-0.926279946828611,0.0489587878453973,214.729102017263,-35.70654244549,-29.8400025674975
-0.297180591879612,-1.81655658300178,-0.804953052361653,0.0394087743414953,214.768531949911,-35.6376811926634,-29.7235600466601
-0.289678423216622,-1.80926246209577,-0.68019351917956,0.0295287620783308,214.808270967585,-35.5681398199381,-29.6021264986513
-0.281916310082388,-1.80113446962668,-0.552480538193048,0.0191471988366641,214.848670656483,-35.4976059180315,-29.4720803148249
-0.273902577714264,-1.79225840180918,-0.422263692849645,0.00806178419884853,214.890118250701,-35.4257984213206,-29.3296878527767
-0.265622519137267,-1.78272860084517,-0.289960118591013,-0.00394863667559805,214.933030740994,-35.3525256864827,-29.1713336620226
-0.25703215506299,-1.77263624102548,-0.155940111757361,-0.0171000745124716,214.977823736667,-35.277746981216,-28.9938828480102
-0.248060069391722,-1.76204952324741,-0.0205020847612869,-0.0315653014275927,215.024846895449,-35.2016257215569,-28.7952639282186
-0.23862653625707,-1.750990296161,0.116139262951533,-0.0474255240056467,215.074295390464,-35.1245469062484,-28.5753372460151
-0.228685001735574,-1.73942160137854,0.253793821172842,-0.0646294203724024,215.12614708772,-35.0470541729974,-28.3369500198442
-0.218272627182075,-1.72726764471301,0.392105122250274,-0.0829948661051876,215.180219225618,-34.9696764202665,-28.0867100209662
-0.207530965527823,-1.71447339012879,0.530262677787986,-0.102286198158469,215.236410988319,-34.89270186778,-27.8347087861119
-0.196661437989528,-1.70107037896555,0.666814412685409,-0.122347228202971,215.295037220028,-34.816063390393,-27.5928830619817
-0.185835104755835,-1.68719320223658,0.799784760894293,-0.143201618706691,215.357004800543,-34.7394464732753,-27.3728861188135
-0.175123084247539,-1.67303115873419,0.927065784162537,-0.165042409062705,215.423676112617,-34.6625204026837,-27.1847638798453
-0.164489849464382,-1.65875600942532,1.04684085809484,-0.188121053920245,215.496508720473,-34.5850937538158,-27.0367944506119
-0.153836522479025,-1.64447335012492,1.15783872137489,-0.212606550057332,215.576662932691,-34.5071039247659,-26.9359281934284
-0.143057960655412,-1.63021466080699,1.2593689139349,-0.238475335456722,215.66470186098,-34.4284999749664,-26.8882025175074
-0.132086284302913,-1.61596201476147,1.35118948036585,-0.26545773090256,215.76041900476,-34.3491556848274,-26.8988267267632
-0.120907774505259,-1.60169033034561,1.43329041655978,-0.293047890006707,215.862790247953,-34.2689637040969,-26.9718363429081
-0.10954663735611,-1.5874127724647,1.50569279914123,-0.320588521193028,215.970064006185,-34.1882235081606,-27.1092716701944
-0.0980130514504153,-1.57321084222147,1.5683878788865,-0.347447841724733,216.080052549156,-34.108303758423,-27.309891435787
-0.0862305630616874,-1.55922097410991,1.62152933622046,-0.373268005443459,216.190692944129,-34.0322777232955,-27.5676331568197
-0.0739951346060932,-1.54555758575937,1.66584691222708,-0.398153105464509,216.300788302963,-33.9648918242038,-27.8705879515575
-0.0610315641604532,-1.5322088556291,1.70297789949093,-0.422584344543246,216.410551169193,-33.9112814273639,-28.2018783894257
-0.047136678712309,-1.51900270470473,1.73533339669952,-0.447019697012724,216.521528134491,-33.8747697453896,-28.5427536297588
-0.0322972784985396,-1.50569419484679,1.76549592461983,-0.471465589698818,216.635927013223,-33.8551507176208,-28.875712296089
-0.0166953197735543,-1.4921075591476,1.79553461837614,-0.495340063889501,216.755785804068,-33.8486265552899,-29.1859693994792
-0.000617299998618813,-1.47822831486531,1.82659179847582,-0.517665680194028,216.882398296127,-33.8493270329387,-29.4621337190703
0.0156578752679491,-1.46419662713183,1.85888600916341,-0.537402247876109,217.016169140024,-33.8513159509626,-29.6967100824322
0.0319259156778055,-1.45023351517389,1.89204313462658,-0.553698060840637,217.156813677945,-33.8499329808833,-29.8857679103294
0.0480630536895261,-1.43656665620789,1.92549856433468,-0.565970913512442,217.303677671159,-33.8421515302869,-30.0276704682917
0.0639977371717991,-1.42339220254851,1.95877046728001,-0.573869733114944,217.455999921502,-33.8263392449393,-30.1216083277846
0.0796780739181348,-1.41086883556083,1.99157014771094,-0.577198061866204,217.613061438861,-33.8018700258823,-30.1665518443526
0.0950487511784166,-1.39912749066117,2.02380595719754,-0.575844916510766,217.774243426242,-33.7688108392514,-30.1607930626716
0.110039399715755,-1.38828471328418,2.0555405489465,-0.569735835439268,217.939038901254,-33.7277362111722,-30.1020334943916
0.124562655968268,-1.37845324654634,2.08694004209602,-0.55880440749346,218.107056724189,-33.6796671743013,-29.9879653334535
0.138519285332653,-1.36974524009249,2.11824544763363,-0.542982814783559,218.278039445702,-33.6261428412598,-29.8173394643756
0.15180525274809,-1.36226378080619,2.14980321813219,-0.52220860903655,218.451884652771,-33.5694524691161,-29.5914797964704
0.164311902457738,-1.356082844491,2.18218345712814,-0.496440305484562,218.628610881047,-33.5129890181582,-29.315917103259
0.175913426912007,-1.35122756006046,2.21634683612085,-0.465672068516077,218.80819118292,-33.4614251559648,-29.0011792943005
0.186452320055155,-1.34767440080036,2.25373182356658,-0.429948675495747,218.99027879098,-33.4201631627731,-28.6614867490533
0.195743206125169,-1.34537283417216,2.29620418341105,-0.389399045262187,219.173997778796,-33.3939425748856,-28.3117024795495
0.203591317494869,-1.34426288121476,2.34603726781492,-0.344299274423885,219.357917226131,-33.3854106564088,-27.9652061100241
0.209796255755019,-1.34427197038621,2.40611750322225,-0.295145020014777,219.540124546199,-33.3944549154735,-27.63435456898
0.214120111361325,-1.34530082873919,2.48033785572566,-0.242696032928803,219.718242611656,-33.4183351466959,-27.3319816821575
0.216214420689916,-1.34721180955583,2.57386471309977,-0.187959698747838,219.88936332572,-33.4523797372928,-27.0715023459133
0.215509112791719,-1.34983252901443,2.6924926792829,-0.132081383511541,220.050226013241,-33.4910482906672,-26.8652755297951
0.211109754846702,-1.35302147840858,2.83964476561873,-0.0760789040087942,220.198453934771,-33.5290574128189,-26.7233309637349
0.201879650373293,-1.35686939434359,3.01052650848464,-0.0204084130621497,220.335264085006,-33.5622499081226,-26.6541544455081
0.186939893174004,-1.3619335220509,3.18826708360788,0.0352663699465163,220.467311837316,-33.5879614707297,-26.6658358787573
0.166344901922238,-1.36911981361666,3.35034273589532,0.0915628917764606,220.603516668994,-33.6048964335682,-26.7648571798113
0.141151846901733,-1.37921220800735,3.48199162976857,0.148589999005216,220.748628665076,-33.6132059328631,-26.9540897910997
0.112853428138628,-1.39261931877107,3.58184952129425,0.205898421504146,220.900961796107,-33.6155396278109,-27.2320269498399
0.0829466710706128,-1.40938920924627,3.65736701624957,0.262875310512478,221.055556854723,-33.6185750328589,-27.5906357939407
0.0527466645624283,-1.42914896936662,3.71885094939747,0.318515042554584,221.208474598532,-33.6329383961892,-28.0097766171216
0.0230445095140699,-1.45109972455447,3.77519770553799,0.370665083297238,221.359925366446,-33.6687452103446,-28.4538338454386
-0.00617864306124736,-1.4744073910978,3.8306525768631,0.416222648838623,221.514790502979,-33.7280578307328,-28.8797893929298
-0.0353999462704829,-1.49866210776534,3.88463158930866,0.452634375289595,221.679264988676,-33.8029900907646,-29.2496743221567
-0.0648928312763111,-1.52385106220545,3.93496255756574,0.478951060711928,221.856394756019,-33.8827026691876,-29.5363060709827
-0.0944599943096259,-1.55000557450889,3.98087324946028,0.495479693158032,222.044785206599,-33.9605056903645,-29.7229696500998
-0.123603586747569,-1.57695746848833,4.02344886505557,0.502866141949407,222.240491398848,-34.035158295065,-29.8003672583875
-0.151789393271985,-1.60433309699461,4.06457524103194,0.501562561558134,222.439435507564,-34.1086609809854,-29.7638957617134
-0.178601295067926,-1.63169013525748,4.10583149066054,0.491826029340535,222.638939295365,-34.1839015491328,-29.6118192130649
-0.203751699197602,-1.65869436771334,4.14785323046646,0.473999046689492,222.838452708626,-34.263636425909,-29.344866677571
-0.226947528482605,-1.68524788245441,4.19044147104293,0.448856531332031,223.03951364666,-34.3510075718209,-28.9698865973558
-0.247653301794803,-1.71138327668506,4.23413820904894,0.417799307055712,223.243918965785,-34.4502749715671,-28.5111493815569
-0.265059495237092,-1.73677499844919,4.28316434005089,0.382483588267236,223.449674569125,-34.5643908874537,-28.0241591672064
-0.27863303192077,-1.76047077773645,4.34588310609865,0.343902577590875,223.649616044951,-34.6905980302326,-27.5823488166239
-0.288537006297728,-1.78150605702653,4.43061287790007,0.302330721513634,223.836252718087,-34.8224023104631,-27.2372852390203
-0.295234705659554,-1.79936756929108,4.54285587558128,0.25843343911038,224.005534544551,-34.9539418161278,-27.0097681235806
-0.299092067964614,-1.81378007219023,4.68575061053201,0.213814605235754,224.156431969511,-35.0811235031704,-26.9048642661896
-0.300409141226488,-1.82445111515977,4.86022758977382,0.170554367824879,224.289535133078,-35.2014279716692,-26.9215610949344
-0.299601094792265,-1.83110426688326,5.06386393690796,0.130404166507491,224.406592398901,-35.3133614165294,-27.055792814308
-0.297245110636003,-1.83368323827271,5.29031969433447,0.0941870266547077,224.510454198323,-35.4159456551884,-27.3005990218619
-0.293961854142047,-1.83244620320761,5.53107533573433,0.0616828812699601,224.60447258975,-35.5088249567129,-27.6440997042506
-0.290310594145371,-1.82784471412188,5.77844008251414,0.0320160957225291,224.691717894518,-35.5928775511575,-28.0661026251271
-0.286773443956134,-1.82038885511498,6.02730486153868,0.00422488202331519,224.77482382212,-35.6700849868053,-28.5368341176362
-0.283685994196407,-1.8106601181128,6.27473004843129,-0.0225239913563954,224.856125691423,-35.7421992652172,-29.0219990347325
-0.281115553262631,-1.79933062876398,6.51858161167,-0.0492168489521136,224.93760849772,-35.8102314834964,-29.491986315761
-0.278885176302852,-1.78707435968275,6.7563322321536,-0.0772244513242271,225.021229692199,-35.8756735513405,-29.9274640518712
-0.276713475125794,-1.77447990830337,6.98416474336099,-0.108110890223501,225.109629513257,-35.941299902241,-30.3191563395662
-0.274287021192085,-1.76200143910525,7.19676231731443,-0.143197358314917,225.206377740706,-36.0105864195872,-30.6654256763493
-0.271267085529987,-1.74989187390109,7.38843249276838,-0.183153983736835,225.315307360563,-36.0867221793252,-30.969869077396
-0.267329133647028,-1.73815921804673,7.55518694386515,-0.227815719295345,225.439293631803,-36.1719374961549,-31.238317083744
-0.26222808393532,-1.72662203537088,7.6961757059558,-0.27631043835328,225.579353962664,-36.267268965072,-31.4751020778337
-0.255821147364893,-1.71502901356967,7.81344593008329,-0.327391014514445,225.734613375701,-36.3726833865184,-31.6802374711689
-0.248045859696211,-1.70315005578225,7.91065674991438,-0.37974626691244,225.902910347343,-36.4874494864437,-31.8489373132672
-0.238899668453583,-1.69080901608255,7.99184979139956,-0.432140988312204,226.081564201347,-36.610612166215,-31.9733455964731
-0.228441021007494,-1.67788968571684,8.0607065041963,-0.483389986031338,226.268016389681,-36.7413667739403,-32.0453630192949
-0.216792720626094,-1.66434755143697,8.1201893020229,-0.53227420703218,226.460218703702,-36.8791665067963,-32.0594399389247
-0.204119738481408,-1.65023059442116,8.17238925091193,-0.577526259387465,226.656703277595,-37.0235473089136,-32.0146575326789
-0.19057203004559,-1.63568701735137,8.21852584722712,-0.617968536271295,226.856329706368,-37.1738178652544,-31.9158400036741
-0.176216155224171,-1.62093108892223,8.25915609651217,-0.652782885447187,227.057833258887,-37.3288514335148,-31.7736647831609
-0.161010556679466,-1.60616325878329,8.29461119893655,-0.681740669677312,227.259474386069,-37.4871702216463,-31.6037864065446
-0.144865425022573,-1.59149258563237,8.32546632441354,-0.705165670968899,227.459105599113,-37.6473179544525,-31.4248513400131
-0.127750955281365,-1.57692951749275,8.35272121190137,-0.7235996950357,227.654652716545,-37.8082652726674,-31.2555013444662
-0.109761360645992,-1.56245289583959,8.37759952176504,-0.737432616409233,227.844619895265,-37.9695058920551,-31.1114319052352
-0.0910931508660146,-1.54807934114282,8.40122544409221,-0.746763556036013,228.028252077308,-38.1307582551299,-31.0038434150328
-0.0719824293697526,-1.53387921046373,8.42445952489612,-0.751489832304053,228.205372019457,-38.2915111593006,-30.9394055787593
-0.0526594023297206,-1.51995005454975,8.44793868757134,-0.751448391962112,228.376148609831,-38.4506627682892,-30.9208572585153
-0.0333379427157723,-1.50638787981997,8.47220163017579,-0.746483002748042,228.540976679919,-38.6063375461248,-30.9475153002262
-0.0142248536108887,-1.49328184024774,8.49777386825018,-0.736430284282666,228.700462843594,-38.7558920978341,-31.0155760677238
0.00447528294933799,-1.48073048070734,8.52515467491285,-0.721092682726297,228.855401737853,-38.8961378452479,-31.1185471919367
0.0225740198242381,-1.46885780736609,8.55473183555607,-0.700268048373645,229.006647481675,-39.0237850038178,-31.2481805388436
0.0399263353086316,-1.45780769841686,8.58670920238212,-0.673845548063042,229.1548978584,-39.1359992939823,-31.3958499205371
0.056451723903407,-1.44771548460159,8.62112305835648,-0.641911387877827,229.300505384041,-39.2308692810294,-31.5538767915048
0.0721339391909277,-1.43867517926394,8.65795461169428,-0.604798624024821,229.443416575019,-39.3076295058236,-31.7163735950994
0.0870005571444065,-1.43072123311802,8.69728545822977,-0.563061298599877,229.58324391709,-39.3666254492451,-31.879568485292
0.101094957310989,-1.42383010759829,8.73943575568969,-0.517401217182302,229.719397801727,-39.4091118784175,-32.0417998673426
0.114453085410713,-1.41793473743761,8.78505770033328,-0.46859181946825,229.851199980003,-39.4369989756672,-32.2033381750953
0.127089972788404,-1.41294113427293,8.83519473373208,-0.417431233363356,229.977937313903,-39.4526311266048,-32.3661015552363
0.13899320959098,-1.40873914638507,8.89133665164671,-0.364734504818465,230.098850491676,-39.4586402697532,-32.5332933891409
0.150115879207669,-1.40520449641622,8.95549598075409,-0.311357684751956,230.21307121903,-39.4578796295492,-32.7089909137795
0.160359917190014,-1.40219420088234,9.03029890296722,-0.258237149904666,230.319533257216,-39.453419642505,-32.8977200854848
0.169541974770438,-1.3995426609939,9.11900954664786,-0.206420513758871,230.416908524766,-39.448575984536,-33.1040418829605
0.177340128149894,-1.39707310738813,9.2252686829401,-0.157052278480715,230.503677371785,-39.4469425060957,-33.3321206412395
0.183238829172285,-1.39464857718762,9.35218157100687,-0.111255962516953,230.578509304221,-39.4524168953439,-33.5851082314988
0.186528195748616,-1.39228544799237,9.50053956926744,-0.0698522823521427,230.641068202288,-39.4691835319291,-33.8640447292796
0.186446861472143,-1.39030501038186,9.66684790211391,-0.0329473808086149,230.692967788715,-39.5014549636738,-34.1662284960089
0.182496094585201,-1.3893947674304,9.84292574946811,0.000360145578566474,230.738120140359,-39.5525925272885,-34.4838614732505
0.174758709742101,-1.3904233783993,10.0181844945993,0.0318138801149319,230.781950657072,-39.6236147758726,-34.8042126292187
0.163944277710578,-1.3940566241418,10.1832180513053,0.0633533308042723,230.829882033253,-39.7121128537389,-35.1115616472065
0.15108287918813,-1.40046651306741,10.3322341313666,0.0963982534116164,230.885957713225,-39.8128176056678,-35.3902023936648
0.137108578327361,-1.40935883323866,10.4632577317868,0.131492919235392,230.952193021264,-39.9196670075324,-35.6275660390438
0.122630526315818,-1.42022843674329,10.5768616334029,0.168395827599937,231.028732875944,-40.027809793624,-35.8160810678806
0.107952327767838,-1.43259413354943,10.6747627149842,0.206406541126934,231.114467453862,-40.1343789669983,-35.9529586795091
0.093200171096155,-1.4460946250601,10.7589772665802,0.244686659293242,231.20768439156,-40.238204458571,-36.038693128249
0.0784336996907656,-1.46048277264606,10.8314807031146,0.282464302055499,231.306550859465,-40.33916658844,-36.075491250771
0.0637051194919227,-1.47558571139669,10.8941132556133,0.319126453825334,231.409405612532,-40.4376376437889,-36.0661959466499
0.0490801200031954,-1.49126633328678,10.9485721468562,0.354239796500481,231.514906671443,-40.534137502504,-36.0137388604889
0.0346390454688526,-1.50739522719198,10.9964317765935,0.387532073290568,231.622081634069,-40.6291796398251,-35.9209900805315
0.0204685681593618,-1.52383306605118,11.0391706838059,0.418848746015704,231.730310689388,-40.7232444700025,-35.7908720151106
0.00664771061539217,-1.54042358441502,11.0781863727255,0.448089626544586,231.839256979955,-40.8168140044611,-35.6266533626142
-0.00676964534428955,-1.55699950778312,11.1147741070043,0.47513141387396,231.948752780717,-40.9104053194116,-35.432391393874
-0.0197713789058301,-1.57340377557269,11.1500482741924,0.499754069383173,232.058655145861,-41.0045494225826,-35.2134894187569
-0.0323941979640757,-1.58952286180688,11.1848080351684,0.521606559602276,232.16870125633,-41.0996898000942,-34.9772023456548
-0.0447108256781799,-1.60531720033038,11.2194025287236,0.540253385032658,232.278415815843,-41.1960323377035,-34.7326691151613
-0.0567956912770218,-1.62082468861145,11.2537056465567,0.555307473560789,232.387125915787,-41.2934415346215,-34.4899955631057
-0.0686861971548129,-1.63612539915341,11.2872770224506,0.566579485378859,232.494090594541,-41.3914716393235,-34.2585078216
-0.0803648977579694,-1.65128757777097,11.3196391109632,0.574141156564317,232.598674279097,-41.4895176471155,-34.0451531655785
-0.0917704304969259,-1.6663298547513,11.3505017771603,0.578272319425879,232.700466795945,-41.5869856855232,-33.8539444016416
-0.102822722402293,-1.68121471973272,11.3798377978894,0.579351346489917,232.799304834592,-41.6834074988459,-33.6863762000334
-0.113445172310194,-1.69586373419203,11.4078376241193,0.577759379338993,232.895216854204,-41.7784894517622,-33.5421743187707
-0.123576781293656,-1.71017902526405,11.4348176913484,0.573827068956763,232.988339867828,-41.8721153487267,-33.4199230568215
-0.133175447689354,-1.7240615537355,11.4611354088377,0.567819231254346,233.078845426108,-41.964321734953,-33.3174704854154
-0.142216127882872,-1.73742303516353,11.4871315889649,0.559942291077464,233.16689047963,-42.0552593603711,-33.2321781639055
-0.150687004916896,-1.7501918496183,11.5131009880925,0.550361095652031,233.252593357987,-42.1451514576356,-33.1610919092153
-0.158585547673677,-1.76231452994279,11.5392836545582,0.539216623327166,233.33602850952,-42.2342564883038,-33.1010740091312
-0.165915299107323,-1.7737545263104,11.5658688192727,0.526640600118603,233.41723273774,-42.3228393462837,-33.0489107730561
-0.17268359997016,-1.78448957056653,11.5930050827817,0.512765991367937,233.496217099402,-42.4111516084744,-33.001399986919
-0.178900173144182,-1.79450849563837,11.6208132318264,0.49773377184331,233.572980434275,-42.4994191520648,-32.9554222289641
-0.184576428634553,-1.80380799305375,11.6494000460634,0.48169675444398,233.647521898025,-42.5878344419889,-32.9080009401187
-0.189725379378059,-1.81238956416958,11.6788726626713,0.464821085777084,233.71985073522,-42.6765507035421,-32.8563559767444
-0.194362105047106,-1.82025681748323,11.7093535562401,0.447285661108138,233.789991982588,-42.7656756748699,-32.7979540640082
-0.198504722685918,-1.82741324897194,11.7409961203968,0.42927937930074,233.857987018846,-42.8552634674992,-32.7305578053541
-0.202175796665987,-1.83386068319058,11.7740003024769,0.410995969421912,233.923888089806,-42.9453041615318,-32.6522734380577
-0.205404033902368,-1.83959861756912,11.8086268094331,0.392626163711889,233.987746389952,-43.0357120486334,-32.5615972094048
-0.208225964646946,-1.84462475574838,11.8452071993019,0.374347332987874,234.049594246382,-43.1263147341679,-32.4574620159766
-0.210687128592692,-1.84893697741495,11.8841459681612,0.356311345492875,234.109423596809,-43.216846330807,-32.339290148184
-0.212842124394405,-1.85253680704709,11.9259099793455,0.3386322707957,234.167165096515,-43.3069484318937,-32.2070630220249
-0.214752827709251,-1.85543406526722,11.9710009228709,0.321376447087402,234.222674096685,-43.3961824210738,-32.061419665966
-0.216484272014725,-1.85765180890205,12.0199089169693,0.304558114426316,234.275730216112,-43.4840562317345,-31.9037840368222
-0.218098289378804,-1.85922998589297,12.0730510638406,0.288143888539463,234.326055269345,-43.5700678699595,-31.7364891995471
-0.219646115868822,-1.86022578488214,12.130707924692,0.272068087478319,234.373349838334,-43.6537651951739,-31.5628191373464
-0.221162446293721,-1.86070912543558,12.1929796628203,0.256257499639608,234.417342644212,-43.7348135955443,-31.386861683621
-0.222663819158437,-1.86075370688722,12.2597827890772,0.24065903596286,234.457840595991,-43.8130512918335,-31.2131162637637
-0.224152598954542,-1.86042681439834,12.3308911918324,0.225260158461362,234.494764060166,-43.8885071266167,-31.0459374832404
-0.225624744029708,-1.85978231917283,12.406000730186,0.210094267581815,234.528155934888,-43.9613700361178,-30.8890165158529
-0.227077510552496,-1.85885942487473,12.4847864990459,0.195230844346227,234.558164528124,-44.0319255215116,-30.7450818924221
-0.228513950565258,-1.85768630218124,12.5669337886563,0.180756952421556,234.585011079272,-44.1004888419088,-30.6158618394747
-0.229943426761687,-1.85628572236871,12.6521433254449,0.166758066291378,234.608955323506,-44.1673574884861,-30.5022280826268
-0.231379268262871,-1.854680035972,12.7401224998879,0.153303299370086,234.630267694818,-44.2327888879376,-30.4044111926336
-0.232835268037759,-1.85289419185666,12.8305743938833,0.140436571644597,234.649210576122,-44.2969974737513,-30.3222104895349
-0.234322377147616,-1.85095670523074,12.9231913288582,0.128173075606954,234.666027293167,-44.3601618407171,-30.2551639009428
-0.235846329316042,-1.8488991133157,13.0176546016823,0.116499618881914,234.680936537581,-44.4224343742592,-30.2026705154895
-0.23740640074166,-1.84675460125607,13.1136390621081,0.10537742682057,234.694130309113,-44.4839488310894,-30.1640707344922
-0.23899518285071,-1.84455636512148,13.2108201644307,0.0947462819483479,234.705774189794,-44.5448239754834,-30.1386925441447
-0.240599103090668,-1.84233607945683,13.3088813651505,0.0845292129259517,234.716009298922,-44.6051630782911,-30.125872529964
-0.242199414592744,-1.84012265319013,13.4075205052632,0.0746372323955229,234.724955537788,-44.6650500011121,-30.1249592247678
-0.243773429656497,-1.83794133171514,13.5064546053507,0.0649738360933367,234.732715800505,-44.7245429954116,-30.1353051082312
-0.245295844964113,-1.83581314022076,13.6054230518907,0.0554391146483575,234.739380810823,-44.7836674796153,-30.1562523819837
-0.246740064723513,-1.83375464886794,13.7041893928368,0.0459334034603504,234.745034222132,-44.8424090613185,-30.1871166803343
-0.248079455477934,-1.83177805004168,13.8025419327452,0.0363604196127431,234.749757629165,-44.9007080079909,-30.2271722084118
-0.24928846329657,-1.82989154636463,13.9002931207607,0.0266298274555732,234.753635198439,-44.9584562387958,-30.275641385775
-0.250343504433981,-1.82810003533042,13.9972774841952,0.01665915901098,234.756757725509,-45.0154976845282,-30.3316917507176
-0.25122352735495,-1.82640603339414,14.0933477003807,0.00637501596399238,234.759226050284,-45.0716325089243,-30.3944423848549
-0.251910161813147,-1.8248107161135,14.1883684352999,-0.00428648376217541,234.761153872429,-45.1266251998949,-30.4629811772591
-0.252387434231715,-1.8233148856394,14.2822078740947,-0.0153799714526325,234.762670063406,-45.180215967511,-30.5363927237607
-0.252641132078915,-1.82191964699089,14.3747274192954,-0.0269516482280533,234.763920532426,-45.2321343322953,-30.613794695633
-0.252658012445599,-1.82062660991076,14.4657707200139,-0.0390403881305915,234.765069560052,-45.2821133871005,-30.6943785689783
-0.252425125169358,-1.81943754032491,14.5551538204857,-0.0516787758600234,234.766300300441,-45.3299030903803,-30.7774493050233
-0.251929517582563,-1.81835353850308,14.6426585415746,-0.0648937337637984,234.767813952511,-45.375281142682,-30.8624583973412
-0.251158493138438,-1.81737396844863,14.728031049653,-0.0787064857143216,234.769827016657,-45.4180604600486,-30.9490257496152
-0.250100434212073,-1.81649545016054,14.8109868637115,-0.0931317707184114,234.772566173847,-45.4580928635713,-31.0369477819036
-0.2487460232699,-1.81571121991882,14.8912224031426,-0.108176412886713,234.776260674383,-45.4952692131782,-31.1261914114142
-0.247089565829891,-1.81501106528913,14.968431834519,-0.123837524071235,234.781132643731,-45.5295167183296,-31.216875570218
-0.245130075756586,-1.81438188525118,15.042326779179,-0.140100716417958,234.787386261348,-45.5607944987515,-31.3092433510844
-0.242871838991299,-1.81380876339212,15.1126557422933,-0.156938711422383,234.795197165018,-45.5890886229755,-31.4036285678325
-0.240324302296889,-1.81327632274352,15.1792201477393,-0.174310654464968,234.804703527853,-45.6144078205358,-31.5004204847723
-0.237501292390194,-1.81277008404284,15.2418846239634,-0.19216230977432,234.815999996105,-45.6367808625122,-31.6000298314084
-0.234419707758921,-1.81227757631907,15.3005804559815,-0.210427165785135,234.829135139859,-45.6562562722509,-31.702858192804
-0.231097906556924,-1.81178902707909,15.3553025085387,-0.2290283661623,234.844112426954,-45.6729046160343,-31.809271730925
-0.227554031450816,-1.81129755594038,15.4061010530378,-0.247881320244696,234.860894171658,-45.6868231910743,-31.9195792293873
-0.223804481411623,-1.81079888231071,15.4530705594231,-0.266896834988807,234.879407561246,-45.6981425232747,-32.0340138657253
-0.219862686693138,-1.81029062082835,15.496337610021,-0.285984625284273,234.899551757898,-45.7070337415621,-32.1527179894139
-0.215738288853817,-1.80977127807983,15.5360497748702,-0.305057068963955,234.921205164004,-45.7137156303636,-32.2757304936748
-0.211436783342169,-1.80923908846253,15.5723667387794,-0.324033052023328,234.944232147714,-45.7184600034041,-32.4029770113827
-0.206959646640489,-1.80869084322432,15.6054543451235,-0.342841689043297,234.968488781202,-45.7215940327053,-32.5342639648475
-0.202304934434714,-1.80812087553603,15.6354816208499,-0.361425617258664,234.99382740128,-45.7234983644167,-32.6692782109204
-0.197468292713945,-1.8075203589816,15.6626203258967,-0.37974348663642,235.020100035677,-45.7246003077202,-32.8075943302762
-0.192444268399661,-1.8068770459956,15.687046169845,-0.397771253310059,235.04716092748,-45.7253620930396,-32.948691188649
-0.187227750137579,-1.80617550924763,15.7089406145437,-0.415501975739567,235.074868509094,-45.7262650619717,-33.0919780865609
-0.181815333880015,-1.80539785825585,15.7284921921626,-0.432944024026561,235.103087199656,-45.7277914624403,-33.2368287987013
-0.176206413348128,-1.80452480760878,15.7458965350391,-0.450117900283301,235.131689318286,-45.7304060109552,-33.3826196874272
-0.170403850872541,-1.80353690379324,15.761354776748,-0.467052140726691,235.160557247911,-45.7345393485959,-33.5287666760171
-0.164414176310409,-1.80241570039732,15.7750704988096,-0.483778928018619,235.189585809054,-45.7405749469137,-33.6747558000161
-0.158247359903401,-1.80114471115156,15.7872457945942,-0.500330029716106,235.218684674473,-45.7488401206273,-33.8201633770315
-0.151916276796135,-1.79971004825696,15.7980771868279,-0.516733511974302,235.247780608894,-45.7596008987722,-33.9646640103589
-0.14543600817588,-1.79810073883436,15.8077520590168,-0.533011432622471,235.276819347685,-45.7730598732414,-34.1080268790578
-0.138823108957776,-1.79630877825502,15.8164460238571,-0.549178483044228,235.305766994914,-45.7893559047216,-34.2501024173021
-0.132094930508159,-1.79432901260969,15.8243213669114,-0.56524138810135,235.334610883323,-45.8085646809383,-34.3908023069015
-0.12526903876495,-1.79215894491592,15.8315264618273,-0.581198808605513,235.363359868302,-45.8306994605222,-34.5300758143976
-0.11836272778294,-1.78979854002327,15.8381958989452,-0.597041509710596,235.392044021622,-45.8557117596566,-34.6678852126283
-0.111392603764361,-1.78725007222603,15.8444510063221,-0.612752631830864,235.420713660643,-45.883492146116,-34.8041826411306
-0.104374206393282,-1.78451802573445,15.8504004545822,-0.628307997695592,235.449437617831,-45.9138716353838,-34.9388904684876
-0.0973216410225657,-1.78160902732527,15.8561407040589,-0.643676482848062,235.478300646886,-45.9466243945842,-35.0718870341818
-0.0902472133578519,-1.77853176747564,15.8617561573778,-0.658820544864363,235.507399895874,-45.9814725098147,-35.2029994215432
-0.0831610825425148,-1.77529685587376,15.8673190069262,-0.673697030452814,235.536840465345,-46.0180934164699,-35.3320044127399
-0.0760709714774568,-1.7719165634592,15.8728888931603,-0.688258349192711,235.56673020701,-46.0561302102471,-35.4586378209189
-0.0689819861924939,-1.76840442698528,15.8785125862137,-0.702454022187589,235.597174080029,-46.0952044941228,-35.5826110131083
-0.0618965919433724,-1.76477472822727,15.8842239382075,-0.716232508135129,235.628268522392,-46.1349308122993,-35.7036319690025
-0.0548147711464916,-1.76104189677679,15.8900443101279,-0.72954311817051,235.660096363434,-46.1749312769494,-35.8214272103534
-0.0477343541777918,-1.75721990929424,15.8959835674492,-0.742337791919677,235.692722767316,-46.2148488797232,-35.9357608458562
-0.0406514809116486,-1.75332176044408,15.9020416033099,-0.754572535743277,235.72619256007,-46.254358243436,-36.0464478919286
-0.0335611304658116,-1.74935906238116,15.9082102360219,-0.766208404683369,235.760529093712,-46.2931730999555,-36.1533605848491
-0.0264576539179455,-1.74534179960974,15.9144752721787,-0.777212007293982,235.795734596052,-46.3310503789224,-36.2564280023756
-0.0193352572153032,-1.74127823606714,15.920818531989,-0.787555592538188,235.831791789699,-46.3677912748905,-36.3556304627682
-0.0121884014884662,-1.7371749497288,15.9272196813282,-0.797216822249507,235.868666462825,-46.403239937652,-36.4509906699204
-0.0050121080526431,-1.73303695978105,15.9336577789006,-0.806178341236295,235.906310637892,-46.437280507108,-36.5425635086058
0.00219782918577581,-1.72886791080058,15.940112505595,-0.814427241423792,235.944666000066,-46.4698331518456,-36.6304259909675
0.0094447120401793,-1.72467028365375,15.9465650859323,-0.821954490483833,235.983667297667,-46.5008496418342,-36.7146683437662
0.0167308712935005,-1.72044561057135,15.9529989364358,-0.828754369250519,236.023245494971,-46.5303088426472,-36.7953867549465
0.0240576490049491,-1.7161946794885,15.9594000863057,-0.834823941608282,236.063330530631,-46.5582123917248,-36.8726779401776
0.0314254158823115,-1.71191771908655,15.9657574166812,-0.840162566726587,236.103853602477,-46.5845807162361,-36.9466354536445
0.0388336124612988,-1.70761456059992,15.9720627604734,-0.844771455763377,236.144748956046,-46.6094494774894,-37.0173475340494
0.0462808055041386,-1.70328477555106,15.978310898246,-0.848653271646304,236.185955196158,-46.6328664738507,-37.0848962166874
0.0537647534187283,-1.69892779037708,15.9844994789514,-0.851811769704365,236.227416169074,-46.6548889985541,-37.1493574313209
0.0612824763211125,-1.69454297986099,15.9906288883216,-0.854251477294056,236.269081477826,-46.6755816258053,-37.2108018220009
0.0688303277549735,-1.69012974161999,15.9967020828279,-0.85597741133868,236.310906698668,-46.6950143853265,-37.2692960568094
0.0764040659798238,-1.68568755395847,16.0027244032534,-0.856994833299852,236.35285336435,-46.7132612789408,-37.3249044330089
0.0839989234164267,-1.68121601923461,16.008703379047,-0.857309041383992,236.39488877364,-46.7303990914167,-37.3776906226946
0.0916096731898047,-1.67671489474087,16.0146485323595,-0.856925199659051,236.436985677488,-46.7465064493982,-37.4277194411576
0.0992306920482556,-1.67218411288382,16.020571188984,-0.85584820335709,236.479121883115,-46.7616630861519,-37.475058554895
0.106856019074648,-1.66762379233587,16.0264843019662,-0.854082579052072,236.521279808008,-46.7759492744572,-37.5197800757756
0.114479409855202,-1.66303424166208,16.0324022925093,-0.851632417777654,236.563446008282,-46.7894453951689,-37.56196201376
0.122094385841992,-1.65841595687489,16.0383409116749,-0.848501338608675,236.605610698764,-46.8022316136379,-37.6016895806386
0.129694278895255,-1.65376961421852,16.0443171255078,-0.844692479808089,236.647767277332,-46.8143876407146,-37.6390563538923
0.137272271043502,-1.64909605944639,16.0503490253093,-0.840208514452575,236.689911861448,-46.8259925586174,-37.6741653211415
0.144821429775382,-1.64439629471484,16.0564557641489,-0.8350516874121,236.73204284226,-46.8371246955472,-37.7071298346139
0.152334739051499,-1.63967146398871,16.0626575200258,-0.829223870598005,236.774160459721,-46.8478615335871,-37.7380745095205
0.159805126654642,-1.63492283806786,16.068975486256,-0.822726634060419,236.816266398978,-46.8582796394151,-37.7671361049062
0.167225488311664,-1.63015179985708,16.0754318878298,-0.815561330475211,236.858363410089,-46.868454606903,-37.7944644246441
0.174588709061394,-1.62535983047997,16.0820500246643,-0.80772919133439,236.900454950416,-46.8784610003708,-37.8202232792353
0.181887682457812,-1.62054849681501,16.0888543409523,-0.799231433643292,236.942544849649,-46.8883722905008,-37.8445915471632
0.189115328087473,-1.61571944083344,16.0958705207551,-0.790069376469144,236.984636997221,-46.898260773674,-37.8677643747926
0.196264607829211,-1.61087437104851,16.1031256101978,-0.780244567279527,237.026735051889,-46.9081974656892,-37.8899545531781
0.203328541212747,-1.60601505629672,16.1106481671218,-0.769758918573963,237.068842173427,-46.9182519603811,-37.911394109663
0.210300220055704,-1.60114332205646,16.1184684396088,-0.758614856004336,237.110960776071,-46.9284922426908,-37.9323361512262
0.217172822509066,-1.59626104940853,16.1266185756716,-0.746815479684777,237.153092303834,-46.9389844445124,-37.9530569955452
0.223939626349761,-1.59137017680648,16.1351328672923,-0.734364741232628,237.195237026814,-46.9497925295612,-37.9738586229365
0.230594021194648,-1.58647270479768,16.1440480333259,-0.72126763975455,237.237393857316,-46.9609778909976,-37.9950714779456
0.237129518956148,-1.58157070393004,16.1534035473812,-0.707530440951451,237.279560182826,-46.9725988420866,-38.0170576411138
0.243539761507702,-1.57666632615433,16.1632420190472,-0.693160924436638,237.321731710853,-46.9847099760134,-38.0402143781171
0.249818523958813,-1.57176182023523,16.1736096397511,-0.678168665574249,237.363902316557,-46.9973613658489,-38.0649780519732
0.25595971126476,-1.5668595519306,16.1845567086285,-0.662565359352661,237.40606387849,-47.0105975699793,-38.0918283515048
0.261957344983351,-1.5619620300787,16.1961382593756,-0.646365195072058,237.448206079185,-47.0244564024996,-38.1212927414257
0.267805535779539,-1.55707194030192,16.2084148166117,-0.629585291841133,237.490316134756,-47.0389674231792,-38.1539509714505
0.273498435775204,-1.55219218881776,16.2214533204379,-0.612246205663099,237.532378400128,-47.05415009979,-38.1904393889087
0.279030163036041,-1.54732595992144,16.2353282710816,-0.594372518793495,237.574373772558,-47.0700116003792,-38.2314546773434
0.284394688434621,-1.5424767921811,16.250123161744,-0.575993520509945,237.616278784445,-47.0865441900081,-38.2777564907753
0.28958567325674,-1.53764868019723,16.2659322864784,-0.557143984006527,237.658064237869,-47.103722244415,-38.3301682748763
0.294596244740379,-1.53284621097652,16.2828630282915,-0.537865035739809,237.699693189439,-47.1214989633333,-38.3895753756858
0.299418697535484,-1.52807474622111,16.3010387453343,-0.518205099116331,237.741118052207,-47.1398029833086,-38.4569193620937
0.304044113723765,-1.52334066355603,16.3206023699725,-0.498220872095368,237.782276555666,-47.1585352677116,-38.5331873721254
0.308461905275447,-1.51865166973757,16.3417208009412,-0.477978266592991,237.823086319325,-47.1775668976381,-38.6193952838674
0.312659303968373,-1.51401719528581,16.364590080848,-0.45755319654011,237.863437887553,-47.1967386911092,-38.7165636408786
0.31662085812517,-1.50944886985271,16.3894411844491,-0.43703205345702,237.903186295354,-47.2158638963664,-38.8256855004375
0.320328044655028,-1.50496105715002,16.4165459732394,-0.41651165981846,237.942141652318,-47.2347354464953,-38.9476855751576
0.323759166443166,-1.50057139295313,16.4462224846677,-0.396098452613503,237.980059920049,-47.2531392771147,-39.0833699033367
0.326889769793047,-1.49630121496023,16.4788382284736,-0.375906638072353,238.016636088285,-47.2708747891438,-39.2333644098905
0.32969386390393,-1.49217569649057,16.5148096100007,-0.356055094392251,238.051503343289,-47.2877824234192,-39.3980388502021
0.332146216715085,-1.48822340225938,16.5545951301051,-0.336662909407455,238.084243380393,-47.3037761864355,-39.5774102232603
0.334225875727064,-1.48447490179409,16.5986799381189,-0.31784366279587,238.114414011131,-47.3188754928766,-39.7710189699189
0.335920725904231,-1.48096008471576,16.6475502257981,-0.29969895897896,238.141598906729,-47.3332258268527,-39.9777771365492
0.337232263907732,-1.47770408023732,16.701658621559,-0.28231235912549,238.165477943193,-47.347092755758,-40.1958076674393
0.338178910458252,-1.47472237458842,16.761386385926,-0.265745720890051,238.185903404988,-47.3608131790111,-40.4223319058938
0.33879561144847,-1.47201678827343,16.8270128271648,-0.250040598623837,238.202951675437,-47.3746991244625,-40.6537026969405
0.339128199699508,-1.46957470272634,16.8987019007641,-0.235226712081807,238.21691656685,-47.3889169614629,-40.8856758961774
0.339223571100844,-1.46737306430607,16.9765064240281,-0.221336598312345,238.228234303213,-47.4033946324072,-41.1139173709454
0.339119706697839,-1.46538593984386,17.0603770690195,-0.208421515516737,238.237372663227,-47.4178097604659,-41.3345946206817
0.338839988351764,-1.46359176285775,17.1501600032881,-0.196561905649876,238.244740814294,-47.4316685416478,-41.5448341625885
0.338393269782984,-1.4619764945235,17.2455790496305,-0.185868343119476,238.25065745013,-47.4444326805619,-41.7429090665185
0.33777755531387,-1.46053167688705,17.3462135903938,-0.176473749421161,238.255373641784,-47.4556346126763,-41.9281665733037
0.336983853758194,-1.45924928466402,17.4514879702707,-0.168521021177846,238.25912041183,-47.4649441248783,-42.1007919622538
0.335997957746024,-1.45811645054934,17.5606807043007,-0.162150667120857,238.262151592087,-47.4721827198398,-42.26151001307
0.334799883737178,-1.45711250749813,17.6729509080343,-0.157491504545913,238.26476749557,-47.4773022058003,-42.4112948571111
0.333362107009425,-1.45620933128674,17.7873727384637,-0.154655378989275,238.267319133268,-47.4803479287539,-42.551128391055
0.331648129042385,-1.45537459021802,17.9029684291754,-0.153735209619454,238.270199669137,-47.4814219774306,-42.6818256733691
0.329612563742947,-1.45457667440198,18.0187346457958,-0.154804809097325,238.273830325696,-47.4806545476194,-42.8039310999062
0.327203247519569,-1.45378983653688,18.1336621193192,-0.157918847805614,238.278645312633,-47.4781859604005,-42.9176797155615
0.324365196344777,-1.45299826762779,18.246752410443,-0.163111792277807,238.285077317597,-47.4741583967678,-43.0230125719099
0.321045717553821,-1.45219825669882,18.3570371180307,-0.170395377654191,238.293543102843,-47.4687148133375,-43.119632192983
0.317199690041303,-1.45139809961128,18.4636037297938,-0.179754947642834,238.304428189919,-47.4620020724377,-43.2070826185175
0.312793970032245,-1.45061593943597,18.565629101123,-0.191145620340576,238.318070306921,-47.4541755561099,-43.2848376765988
0.307810069033676,-1.4498761618855,18.6624173093795,-0.204489541354506,238.334742693067,-47.4454031475523,-43.3523817021001
0.302244660763552,-1.44920524140474,18.753435005703,-0.21967535307437,238.35463973174,-47.4358672704629,-43.4092698369383
0.29610800376682,-1.44862795481726,18.8383360945878,-0.236560465370832,238.37786791862,-47.4257645062212,-43.4551605165722
0.289420843413309,-1.44816464148345,18.916969460369,-0.254975958016691,238.404444441848,-47.4153029924492,-43.4898195465946
0.282210613782378,-1.44782979166781,18.9893678020591,-0.274733278146927,238.434303910719,-47.4046982236572,-43.5131011720883
0.274507731664613,-1.44763185409002,19.055720449973,-0.295631560970145,238.467311830352,-47.3941679975496,-43.5249149550125
0.266342530720233,-1.44757390724604,19.1163362992051,-0.317464465054714,238.503282132541,-47.3839271451482,-43.5251876323461
0.25774306774651,-1.44765477967822,19.171603788631,-0.340025763945136,238.541995830724,-47.3741824668471,-43.51382726506
0.248733772564666,-1.44787028538891,19.2219535782302,-0.363113385721197,238.583218499457,-47.3651280859922,-43.4906942749197
0.239334766945949,-1.44821438068586,19.2678273307373,-0.386531985845428,238.626715308151,-47.3569413059589,-43.4555815157767
0.229561640787804,-1.44868018202102,19.3096538228911,-0.410094404463139,238.672263307504,-47.3497790493192,-43.408203853482
0.219425508977595,-1.44926087889486,19.3478320743645,-0.433622499064524,238.719661312706,-47.3437750634818,-43.3481968309958
0.20893324321751,-1.44995062632235,19.3827204082877,-0.4569478911365,238.768737978854,-47.3390382637912,-43.2751236039195
0.198087853928175,-1.4507455136476,19.4146302073882,-0.479913154660968,238.819358567551,-47.3356527955041,-43.1884891278973
0.186889074651619,-1.4516446863348,19.4438233819346,-0.502373914170854,238.871430548684,-47.3336805493542,-43.0877603368409
0.175334265836108,-1.45265164587601,19.4705130174366,-0.524202194370825,238.924907680647,-47.3331668614883,-42.9723907171825
0.163419795887351,-1.4537756682396,19.4948671575374,-0.545291137138009,238.979791706089,-47.3341498772948,-42.8418474490158
0.151143059952684,-1.45503316332846,19.5170160678035,-0.565560840442647,239.036130454789,-47.3366735357495,-42.6956396265274
0.138505242219957,-1.45644865400453,19.5370635141307,-0.584964568727031,239.094011106294,-47.3408034355728,-42.5333476988479
0.125514797236405,-1.45805490062428,19.5551025070269,-0.603493969937249,239.153547635945,-47.346644188138,-42.3546579435675
0.11219140113249,-1.45989156298477,19.5712355880739,-0.621181293508303,239.214861798835,-47.3543564016969,-42.1594118636278
0.0985697810697469,-1.46200171773082,19.585599037419,-0.638096057232407,239.278056940783,-47.3641709566829,-41.9476881020341
0.084702339577095,-1.46442561910905,19.59838917806,-0.654333353240626,239.343183280072,-47.3763968810695,-41.7199402937319
0.070658860969011,-1.46719149683139,19.6098867374458,-0.669991443454773,239.410193174071,-47.3914159075239,-41.4772090481263
0.0565210639603242,-1.47030428708785,19.6204713825743,-0.685138430543174,239.478888604051,-47.4096525372303,-41.221392546937
0.0423701795179166,-1.47373530893321,19.6306138184869,-0.699772976832923,239.548874732886,-47.4315091260687,-40.9554815008988
0.0282684844725782,-1.47741835995158,19.6408322861322,-0.713792097562577,239.619549983729,-47.4572712221461,-40.6835669309561
0.0142409848411817,-1.48125768806406,19.6516128857202,-0.726984188255701,239.69016536188,-47.4870180386509,-40.4104351326955
0.000267099120588293,-1.485147727536,19.663318911008,-0.739057489089802,239.759952121211,-47.5205866808707,-40.1407989226822
-0.0137118508496574,-1.48899625353203,19.6761304483332,-0.749693497931525,239.828266688431,-47.5576069513694,-39.8785287502973
-0.0277734896870731,-1.49274041331054,19.6900389507502,-0.758600683532949,239.894690149724,-47.5975753306573,-39.6262650459047
-0.0419935458088871,-1.49635131383017,19.7048878170926,-0.76555003856428,239.959057378455,-47.6399273172946,-39.3854775368746
-0.0564307069647416,-1.49982988867355,19.7204325710726,-0.770389446158254,240.021430635653,-47.6840932843795,-39.1567648644408
-0.0711190170705888,-1.50319886055107,19.7363990270222,-0.773042686529103,240.082044041201,-47.7295430290862,-38.9401670134393
-0.0860663515242235,-1.50649416415861,19.7525291279268,-0.773499455210278,240.141239061074,-47.7758240147272,-38.7353774408233
-0.10125682212863,-1.50975739266889,19.76861148686,-0.771800696607964,240.19940338203,-47.8225904562439,-38.5418430661788
-0.116655331410165,-1.5130298813094,19.7844968902491,-0.768022294728716,240.256920894191,-47.86961680468,-38.3587864857138
-0.132212935031129,-1.51634867767812,19.8001007851069,-0.762259780277508,240.31413724985,-47.9167921192919,-38.1851918524228
-0.147871995903919,-1.5197444195901,19.8153961994075,-0.754616294763574,240.371342099272,-47.9640976331758,-38.0197856388378
-0.163570414589746,-1.52324088988348,19.8304013734167,-0.745195181470905,240.42876588971,-48.0115741762977,-37.8610297033827
-0.179244537626047,-1.52685579655094,19.8451662801091,-0.734097467960611,240.48658698809,-48.0592870731511,-37.7071332485304
-0.194830638590879,-1.53060220767557,19.859761389635,-0.721423557984063,240.544944265596,-48.1072944105087,-37.5560841441652
-0.210265088203322,-1.53449005646134,19.8742710062147,-0.707277860974517,240.603950796687,-48.1556220327555,-37.4056979209794
-0.225483476666215,-1.53852717480474,19.8887927017245,-0.691774796693533,240.663705267723,-48.2042467460475,-37.2536829329007
-0.240419062033536,-1.54271936978471,19.9034439134617,-0.675044436739773,240.724298480273,-48.2530885135299,-37.0977213684592
-0.25500104937206,-1.54706912461962,19.9183765031779,-0.657235823492217,240.785812753895,-48.3020126160955,-36.935567116742
-0.269153399005597,-1.55157264049207,19.9337996305647,-0.638515715472288,240.848312237625,-48.3508430736653,-36.765162663481
-0.282795113006783,-1.55621524616434,19.9500101954368,-0.619060331440354,240.911822610454,-48.399388070157,-36.584778003999
-0.295843162121504,-1.56096581246345,19.9674278199129,-0.599038069659547,240.976300152689,-48.4474756601374,-36.3931737742517
-0.308219146693724,-1.56577176543765,19.9866275059137,-0.578582954189594,241.04159360133,-48.4949929916611,-36.1897845741566
-0.319860014291522,-1.57055737320395,20.0083581564996,-0.557762619588505,241.107408004208,-48.5419154371001,-35.9749004586318
-0.330731263827483,-1.57522843770144,20.0335316067773,-0.536551031708376,241.173286430352,-48.5883074302089,-35.749792566406
-0.340838288922459,-1.57968511767199,20.0631699068018,-0.514821986323077,241.238627586796,-48.6342824079797,-35.5166991414794
-0.350229620664511,-1.58384069425302,20.0983128877086,-0.492378042704834,241.302747789715,-48.6799310766742,-35.2785999695738
-0.358987561773734,-1.58763946793223,20.1399091730041,-0.469015615964256,241.364973893959,-48.7252561500432,-35.0387845422179
-0.367207638873183,-1.59106570172146,20.1887260916678,-0.444606277835974,241.424734263682,-48.7701609955636,-34.8003142232225
-0.374974638529903,-1.59413974917608,20.2453047069525,-0.419162998188132,241.481616696516,-48.8145124583537,-34.5655029764727
-0.382344802686238,-1.59690434126717,20.3099607127297,-0.392867504806933,241.535386105401,-48.8582544864361,-34.3354847659811
-0.389339918804141,-1.59940866444839,20.3828066018347,-0.366054107435707,241.585981199546,-48.9015236659185,-34.1098841765152
-0.395952341388361,-1.60169826829275,20.4637582721606,-0.339163272090973,241.633520320374,-48.9447194855812,-33.8866165380062
-0.402154019611556,-1.60381571822123,20.5524977057203,-0.312687690150708,241.678338143379,-48.9884960282223,-33.6618826153341
-0.407899810419563,-1.60581155046302,20.6483937117124,-0.287134066465371,241.721052209312,-49.0336545418833,-33.4304454491797
-0.413116953612311,-1.60775823143811,20.7504254448846,-0.2630181728665,241.762627601381,-49.0809273248004,-33.1862754582352
-0.417680161111935,-1.6097523896593,20.8571888732467,-0.240899402513161,241.804376230414,-49.1306653392753,-32.923599031403
-0.421387362666798,-1.61188753731667,20.9670638889368,-0.221438330887403,241.847810465027,-49.1824983131369,-32.6381991504633
-0.423968854256916,-1.61419294456239,21.0785439637499,-0.205426385683348,241.894306589325,-49.2351255604193,-32.3284985722963
-0.425158355157892,-1.61656942829575,21.1905984167045,-0.193721300984822,241.944646406048,-49.2864295796168,-31.9958901726797
-0.424809488846318,-1.61878043276931,21.3028748872778,-0.187067346973738,241.998625977842,-49.3339684703005,-31.6443843642564
-0.422987282373142,-1.62053518604203,21.4156406725842,-0.185860668708906,242.054939256942,-49.3756787144773,-31.2802682712018
-0.419955515308396,-1.62163663055986,21.5294684821034,-0.189969746972666,242.111482909551,-49.4105127426383,-30.9119669034983
-0.416036059969357,-1.62210303812185,21.6447055244144,-0.198723706284125,242.166108838671,-49.4387512412847,-30.5491922828549
-0.411421396183901,-1.62216406926298,21.760910294223,-0.211113061173013,242.21754617231,-49.4617976186382,-30.2006454671683
-0.406082960309664,-1.6221301748308,21.8766377081578,-0.22608984631487,242.265910804101,-49.4814980200765,-29.8713760454309
-0.399826151738671,-1.6222513467507,21.9897495326369,-0.242769700542207,242.312484107039,-49.4993882781406,-29.5617566671629
-0.392405627227335,-1.62266031881253,22.0979763411742,-0.260460924809767,242.359076377292,-49.5162941299708,-29.2684088632868
-0.383606226708694,-1.62339049394409,22.1993652194978,-0.278598222974649,242.407466567184,-49.5323516159763,-28.9858930142105
-0.373268783312823,-1.62441456397006,22.292480856982,-0.296677970723219,242.459122472887,-49.547249873112,-28.7081171885125
-0.361284511250439,-1.62567049146131,22.3764171044388,-0.314237095524309,242.515154538506,-49.5604986451943,-28.4291411379344
-0.347583180149522,-1.62706922387807,22.4507201671411,-0.330875877985768,242.576391315622,-49.5716217905256,-28.1434739428783
-0.332128493376317,-1.62849098778596,22.5152993812462,-0.346311100303297,242.643488755335,-49.5802509567794,-27.8460780807119
-0.314925419384656,-1.62977936101854,22.570370429195,-0.360443923744545,242.717018815486,-49.5861227491644,-27.5322743165951
-0.296040112063733,-1.63074245094308,22.6164572186398,-0.373422155448995,242.797502012137,-49.5889888797959,-27.1976667239177
-0.275629248294282,-1.63117119182665,22.6544655173305,-0.385663862942343,242.885358549131,-49.588451143053,-26.8381189010086
-0.253968119735137,-1.63088385398544,22.6858228179473,-0.397795149835926,242.980756699725,-49.5837339552564,-26.449865645279
-0.231454267999976,-1.62980075739495,22.7126502595159,-0.410448291611598,243.083309132852,-49.573424590752,-26.0302548879928
-0.208544077546067,-1.62803986015368,22.7378513609049,-0.423873368183171,243.191532101186,-49.55537530492,-25.5801404505793
-0.185571945288925,-1.6259781641371,22.7647705022662,-0.437426932532387,243.302263276907,-49.527325302592,-25.107934028908
-0.162510595111098,-1.62414882448224,22.7959826111478,-0.449385579648484,243.411070366571,-49.488468879218,-24.6306757208072
-0.138950291184556,-1.62294782990924,22.8318236170187,-0.457642333947822,243.514298406442,-49.4404771139508,-24.1666987675249
-0.114400689352327,-1.62242906279208,22.8703271757134,-0.460772887687573,243.610829596063,-49.3867273526325,-23.7272298701099
-0.0885812786585343,-1.62236251390735,22.9086277418551,-0.458464726104459,243.701862953922,-49.3309004975431,-23.3157613379456
-0.061490437977371,-1.62240424735983,22.944384758815,-0.451288059790977,243.789623835195,-49.2759380168836,-22.9311259263802
-0.0333338939160471,-1.62223337177399,22.9764140134755,-0.440262069971116,243.876248828792,-49.2234887637183,-22.5694785087589
-0.00442514470316813,-1.62162085605515,23.0046019364098,-0.426497625975955,243.963266907461,-49.1739597765048,-22.2249250090374
0.0248872674825864,-1.62044143601022,23.0295234300904,-0.411014377326733,244.051574975449,-49.1270613703211,-21.8898019167333
0.0542521999742565,-1.61865938738654,23.0521369968399,-0.394709958027357,244.141626068353,-49.0824379066583,-21.5552452575168
0.0833198694475323,-1.61632187541296,23.0737256290752,-0.378385700567494,244.23358344984,-49.0400057257749,-21.2121805089979
0.111744468902156,-1.61357656688935,23.0960647198727,-0.362717172836222,244.327310286972,-48.9998565948427,-20.8526413036707
0.139218589523119,-1.61069994108687,23.121661309631,-0.348093564182027,244.422179401257,-48.961816686522,-20.4714003172853
0.165561721044952,-1.60808766890834,23.1537559977626,-0.334347731384617,244.51683606973,-48.9249776128925,-20.0677081230901
0.190832424781377,-1.60614784126621,23.1956808624203,-0.320582666089566,244.609260560057,-48.8877065279344,-19.6460034231981
0.215354117202257,-1.60511398602407,23.2495163315235,-0.305401683723037,244.69746105684,-48.8483553772005,-19.2141636843205
0.239569407930723,-1.60491271263594,23.3148186473571,-0.28754463656789,244.780517771558,-48.8060354291349,-18.7800305708496
0.263803476948015,-1.60519010833114,23.3884920584122,-0.266499015978982,244.859137699816,-48.7606723412111,-18.3485007218484
0.288102773922318,-1.60544927039188,23.4660448512249,-0.242716816087804,244.935282213062,-48.7124736590317,-17.9201956312167
0.312215418446683,-1.60519538435215,23.5433398869487,-0.217474058620629,245.011267617146,-48.6615263852201,-17.4922125761796
0.335656506769066,-1.60406103522851,23.6178575408088,-0.192624283185893,245.088948163248,-48.6080183607925,-17.0610718105551
0.357821901283064,-1.60194442931495,23.6892277322919,-0.170298893073819,245.169233535932,-48.5528160573507,-16.6252561676825
0.378166524254116,-1.59910519052709,23.7590120194263,-0.152437373791394,245.251989091896,-48.4976319792873,-16.1842388868991
0.396388736086649,-1.59611355328569,23.8299068448674,-0.140286091144899,245.336156965439,-48.4446361528542,-15.7366417099575
0.412543287430589,-1.59366740461124,23.9049198095757,-0.134061408958054,245.419800400285,-48.3957635176246,-15.2818632225374
0.427048992299376,-1.59231232636234,23.9866065605244,-0.132789068288111,245.500291646137,-48.3517327284158,-14.823863586347
0.440506911332996,-1.59213094144338,24.0760287946201,-0.134519660934764,245.575265862076,-48.3112637395515,-14.3719000760056
0.453344674182017,-1.59266432409143,24.1718211465218,-0.137110132046179,245.644074830558,-48.2715060481331,-13.9349882737637
0.465580791875953,-1.59319597630531,24.2704218860532,-0.139042075460827,245.708287234515,-48.2295937397677,-13.5154917681093
0.476876254431775,-1.59308833068123,24.3673768610143,-0.139651685363287,245.770858746626,-48.1837982872559,-13.1083754981244
0.486693320708085,-1.59192176656773,24.4585931270333,-0.13894816663964,245.835102552413,-48.1335814079774,-12.7043571166163
0.494404415773154,-1.58950475743947,24.5409998489019,-0.137449153317643,245.90416874956,-48.079184013909,-12.2933223589055
0.499371095311705,-1.58588128665375,24.6127849913998,-0.136161060557516,245.980897773769,-48.0214668044523,-11.8669618490993
0.501075632906248,-1.58135742067564,24.6734848249984,-0.136542706529988,246.067663542415,-47.9621448368163,-11.4197760758624
0.49930940834392,-1.57647326301871,24.7240114443252,-0.140213820163009,246.166044359255,-47.9039734588456,-10.94697024627
0.494306583449356,-1.57186957714125,24.7666598181812,-0.148443726700979,246.276478132978,-47.8507312660083,-10.4414095799423
0.486750510890396,-1.56806712817234,24.8051537360117,-0.161578821218841,246.39769861002,-47.8075703240615,-9.89630452633171
0.477590404599582,-1.56512126227293,24.8439698866274,-0.178278513721073,246.525431905587,-47.7807146525908,-9.31822272246258
0.467456044196525,-1.56233903391119,24.8852058712915,-0.195260214643136,246.652623448626,-47.7734705382035,-8.73770833221719
0.456099195707778,-1.55875229057202,24.9253302332514,-0.209243060160902,246.774426195695,-47.7826447658057,-8.18763552161971
0.442760914900566,-1.55391004564565,24.9578614633151,-0.219022181658197,246.891093629526,-47.8017662247799,-7.67967116420588
0.426801559851133,-1.54794742024339,24.9783934989505,-0.225254418742803,247.005420483182,-47.825077812497,-7.21122473593109
0.407927525843003,-1.54126873180985,24.9861791732889,-0.229420162164378,247.120227338003,-47.8491033864082,-6.77571522530009
0.38617683074445,-1.53430258362631,24.9829237457673,-0.233029458349151,247.237483050226,-47.872746052641,-6.36455448560835
0.361819647900733,-1.52739789279558,24.971155381485,-0.237224836767234,247.358339500941,-47.8962608368358,-5.96521091955355
0.335261188928144,-1.52082727155277,24.9534017011344,-0.242772110236129,247.483562060335,-47.9199068100202,-5.5605250218329
0.307029376749484,-1.51483216292952,24.9323651775199,-0.250180009032968,247.613942588764,-47.9434452099574,-5.13108340784334
0.277828721455762,-1.50961427618802,24.9116156786543,-0.2595204874559,247.750252234046,-47.9670256174995,-4.66031574664483
0.248481728723172,-1.50518295081528,24.8955919678691,-0.26975085912559,247.8924459907,-47.9928368253039,-4.14182328903471
0.219537170924571,-1.50112421152843,24.8871268345062,-0.278220989448868,248.038812577238,-48.0252059556631,-3.58491980184988
0.190760159089107,-1.49668290252323,24.8833351368588,-0.281802131441752,248.186675681362,-48.0675381172766,-3.01237224437296
0.161191674283598,-1.4913423869771,24.8760381591706,-0.279327162104135,248.333978733024,-48.1192635810341,-2.45011332543617
0.129874369964881,-1.48523408572542,24.8586542818716,-0.272516382270414,248.479564648379,-48.1763425460379,-1.9158409800203
0.0964959938309632,-1.47891745674304,24.8305894369949,-0.264428633335833,248.622811478063,-48.2340133834066,-1.41773212996499
0.0614684684358489,-1.47297608697376,24.795330972264,-0.257501010305233,248.763703929859,-48.2892180118327,-0.955449674014111
0.0255686649249852,-1.46781451303626,24.7570157944342,-0.252785638575946,248.902764902622,-48.3413879404301,-0.51821696634633
-0.0103883981521603,-1.46367226103258,24.7190658762406,-0.250297041455182,249.040539021758,-48.3910144479487,-0.0889463186462124
-0.0456344821465958,-1.46066416274865,24.6845572782486,-0.249340886867684,249.177140513429,-48.437995969934,0.347508454447435
-0.079494070053851,-1.45871632075286,24.6563921713092,-0.248440697596936,249.312183284389,-48.4817538862867,0.798440073375174
-0.111541723767667,-1.45747811744351,24.6362373870423,-0.245468214573311,249.445237153862,-48.5225851113436,1.26321626957395
-0.141760662618146,-1.45639033446933,24.6230028181665,-0.238418054900466,249.576582092255,-48.5623561144108,1.73773133372472
-0.170550788162069,-1.45492253706743,24.612686748971,-0.226383592007147,249.707446762098,-48.6038932657507,2.21755759086888
-0.198568382457036,-1.4528152840915,24.6004325458224,-0.210065251695046,249.839288429187,-48.6498348198447,2.6982588229101
-0.226421099614698,-1.45018943160502,24.5833536132318,-0.191513950826103,249.972759491106,-48.7016580112236,3.17483814357096
-0.254327467011298,-1.44748713505506,24.5617546515352,-0.173223458692743,250.107487156707,-48.7592796529597,3.64341096297049
-0.281991359892899,-1.44528736937124,24.5382084945052,-0.157111793137176,250.242844747963,-48.8216501523728,4.10639757991056
-0.308747180396559,-1.44414312332373,24.5161913044035,-0.144081945716635,250.378570299531,-48.8876448899472,4.57399061273855
-0.333712561364399,-1.44450199126072,24.4996896758998,-0.1339708228531,250.514494319883,-48.9555655231483,5.05744409081809
-0.355917702896941,-1.44654588028581,24.492841666726,-0.125321153882922,250.649788473773,-49.0218570613546,5.55939871608982
-0.374649234423043,-1.44993667163664,24.4980240189272,-0.115528318677495,250.782735574965,-49.0819223819227,6.07118577474051
-0.38986076952693,-1.45386072037632,24.5136203298995,-0.102118159765666,250.911658274803,-49.1330241394253,6.58036611465192
-0.402196467309667,-1.45748906283829,24.5348016432479,-0.084160050269641,251.035719694162,-49.1755797425599,7.07706434936189
-0.412599046185007,-1.46041353693133,24.5571646098372,-0.0625750456785003,251.15450597434,-49.2121680893179,7.5540225525831
-0.421798725219253,-1.46275588832948,24.5792139536364,-0.0394257119789368,251.267549536111,-49.2460088995888,8.00502325358092
-0.430005908352652,-1.46497820961182,24.6016617379053,-0.0168648999442291,251.374789082381,-49.2796458326378,8.42701940349147
-0.436986359013886,-1.46758080219311,24.6254405240426,0.00359542536106207,251.477089599138,-49.3141570860389,8.82409200672008
-0.442330043666417,-1.47092230121502,24.6506304326043,0.0211721440663545,251.576024803636,-49.3494607527843,9.20658741101674
-0.445619661144443,-1.47520326147879,24.676457279432,0.0356064205373105,251.673470961922,-49.3851515199491,9.58682945283028
-0.446466715565074,-1.48049049735358,24.7016594594524,0.0470801474729816,251.771461042527,-49.4208957490645,9.97552853977253
-0.444522354912348,-1.48670650117671,24.72491213711,0.0562839996054849,251.872120782087,-49.4561949609573,10.3797772221773
-0.439542943428009,-1.49359619505622,24.7452764271554,0.0644195440795005,251.977380373249,-49.4899245725228,10.8028611675549
-0.431509429466251,-1.50073123037153,24.7626041367483,0.072933038243195,252.088451293896,-49.5201618527822,11.2461359450282
-0.420723559202598,-1.50759293439019,24.7777929054821,0.0830447916786548,252.205370853757,-49.5442973217665,11.7108107562985
-0.407821811976014,-1.5137255597725,24.7928355638621,0.0952538663261922,252.326601296505,-49.5590956084705,12.1957928861889
-0.393657399278477,-1.51895315824937,24.8103914603103,0.108886690096162,252.448579484821,-49.5613165104528,12.691328608595
-0.378948083065512,-1.52355248092165,24.8323431435496,0.122082566234413,252.566450349829,-49.5497678467664,13.177304195185
-0.363893564618487,-1.52809470567141,24.8581335307605,0.132744340116546,252.67686429814,-49.526608562256,13.6352011298965
-0.348229627777302,-1.53305392538593,24.8850346788171,0.139596046744003,252.779670128712,-49.4957139987894,14.0586314148758
-0.331553225445958,-1.5386252013744,24.9099339491675,0.142349169688571,252.876820021562,-49.460660459325,14.4505929650542
-0.313526867239821,-1.54477689258119,24.9306512540523,0.141372347409023,252.97075600608,-49.4239976263613,14.8175688039139
-0.293935955739621,-1.55135193157575,24.9462423155838,0.137369037149618,253.06355710629,-49.3872326822044,15.1665005231791
-0.272689731156938,-1.55813865685458,24.9567317138045,0.131172781401147,253.156706514102,-49.3510642784343,15.5038982155172
-0.249810704628728,-1.56490838099757,24.9627405898305,0.123631527680916,253.25114954093,-49.3157042849047,15.8358716511527
-0.22542492100592,-1.57143300456678,24.9652255422822,0.115542623340707,253.347443709137,-49.2811801545055,16.1684721694568
-0.199758073420063,-1.57749308809406,24.9653743308978,0.107611515852984,253.445901133385,-49.2475266757093,16.5079406017856
-0.173142402506177,-1.58288551688358,24.964634190025,0.100402752387834,253.546661216027,-49.2147889013183,16.8604971552732
-0.146030552234645,-1.58744506866111,24.9647919864408,0.0942324842852259,253.649640051326,-49.1827952824949,17.2312849509395
-0.118983763923975,-1.59109885144368,24.9679135449302,0.0889573147739085,253.754337322976,-49.150796624785,17.6221355786742
-0.0925651710911831,-1.5939505836743,24.9758308903342,0.0837362215265556,253.859653926267,-49.1173815720955,18.0289527351732
-0.0671169162230516,-1.59631671866233,24.9891399706758,0.0770894195155591,253.964137003256,-49.0811858606392,18.4420011804662
-0.0425879919553622,-1.59861335389968,25.0065607069687,0.0674827434566123,254.066749625975,-49.041956982912,18.8511125277615
-0.0185961015319934,-1.6011613143575,25.0255914793925,0.0540076990232077,254.167377148922,-49.0007258678997,19.2509728049394
0.00536860544969308,-1.60407791260474,25.0439399906194,0.0366195881479364,254.266541192731,-48.9590199037051,19.641635375746
0.029770734470865,-1.60728274406804,25.0605205586541,0.0160014322288619,254.364792138513,-48.9180959105401,20.0256009741022
0.0549142348335804,-1.61054667845298,25.0755727591141,-0.00665901963307692,254.462345753048,-48.878721370056,20.404624560629
0.0808549966884046,-1.61355493998774,25.0901211165084,-0.0299161489111073,254.559135012408,-48.8413164012322,20.7786760326025
0.10737640175272,-1.61599107816616,25.1051142030983,-0.0523793865744728,254.655162588504,-48.8060926298499,21.1478181364369
0.134061924176214,-1.61761433098018,25.1206870849641,-0.072981225209641,254.750822269015,-48.7731923180158,21.5142186307695
0.16040060466968,-1.61830011479118,25.1358785575115,-0.0910996630155801,254.846946318381,-48.7429052389506,21.8814880213924
0.185867838572817,-1.6180603114774,25.1488288248494,-0.10662252333531,254.944589532902,-48.7156941731891,22.2522568606976
0.21000505604458,-1.61705508528359,25.1574251768931,-0.120008169850007,255.044620012438,-48.6918392395599,22.6260443383
0.232523320907685,-1.61556740734881,25.1602181982573,-0.132225319618001,255.147286988901,-48.6709565557641,22.9988993013449
0.253382121894207,-1.61391735787945,25.1570693249188,-0.144448984447108,255.252091185062,-48.6518888008333,23.3655690777264
0.272766086606283,-1.61236000789243,25.1490566480433,-0.157644145781205,255.358085320439,-48.6331314125225,23.7227592955874
0.290977244774843,-1.61103658295158,25.1378601244851,-0.172326424418243,255.464298165869,-48.6133616141575,24.0706406584793
0.308333786536718,-1.60998329798158,25.1252129951662,-0.188564172686297,255.569959124639,-48.591635629413,24.4119549149434
0.325114798664528,-1.60915514656554,25.1126496978521,-0.2060657326513,255.674521607652,-48.5672971876138,24.7502325096535
0.341529036397948,-1.60844023881485,25.1014071104312,-0.224242327066754,255.777641673006,-48.5398629997786,25.0884033529457
0.357684987425459,-1.60767027171058,25.0922945711161,-0.242262272117624,255.879225831775,-48.5090329448912,25.4283445948437
0.373567444934206,-1.60664155391163,25.0854952131592,-0.259153984202797,255.97955215439,-48.4747803047874,25.7713791208983
0.389037106724652,-1.60514933636002,25.0804017261217,-0.273964285827117,256.079374922812,-48.4374266519028,26.1190450641339
0.403851844138882,-1.60302664868816,25.075596305708,-0.285930893140533,256.179917868801,-48.3977086504964,26.4732573962068
0.417696072400935,-1.60018223183018,25.069035908216,-0.29464704839094,256.282703759467,-48.3568704317293,26.8356962034091
0.430218787585973,-1.59663502385767,25.0584890473216,-0.300209073872572,256.389189192676,-48.3166984216124,27.2068521534121
0.441096277555904,-1.59253281853581,25.0421784067664,-0.303294086514109,256.50023792221,-48.2793311059231,27.5851129714907
0.450124575857367,-1.58813311261388,25.0193943824832,-0.30507042604316,256.615632518708,-48.2467368681782,27.9663808745453
0.457303098799257,-1.58373451165295,24.9907323186101,-0.306880726684876,256.733980484156,-48.220035574839,28.3450922619392
0.46284088511649,-1.57958679788029,24.9577663325976,-0.309814776403437,256.853194890732,-48.1991780206646,28.7164834348865
0.46707292997573,-1.57583427246215,24.9224058305906,-0.314429025602679,256.971204303871,-48.1832468481012,29.0780882542564
0.470351699930567,-1.57251030406332,24.8863678864913,-0.320718505678286,257.086411697375,-48.1709963231516,29.4292737699404
0.472967557476107,-1.56955798226762,24.8509065148279,-0.328239799811864,257.197837400631,-48.1612062463998,29.7699091345766
0.475105632115124,-1.56685746497546,24.8166972616665,-0.33628802094021,257.305128466722,-48.1528324375927,30.0996717144032
0.476835807292693,-1.56425852408828,24.7838213797982,-0.344095593861937,257.408512855126,-48.1451036177006,30.4183917700991
0.478133169667642,-1.56161414868491,24.7518718774205,-0.351009458800691,257.508666991226,-48.1375956243459,30.7267668074929
0.478914542534244,-1.55880355025415,24.7201521955749,-0.356592334021239,257.606516334235,-48.1302172515455,31.0266716649398
0.479071003309936,-1.55573919377764,24.6878742168702,-0.360641444149182,257.703057616458,-48.1231000941727,31.3209528151729
0.478486505941372,-1.55236323646828,24.6542898695751,-0.363163269624244,257.799260120225,-48.1164624571027,31.6130066860508
0.477044645469362,-1.54864207137557,24.6187543662112,-0.364344015954414,257.896034819263,-48.1105178915713,31.9063384677543
0.474630775628241,-1.54456544104032,24.580757605517,-0.364534263998978,257.994224698629,-48.1054598975331,32.2041215947206
0.471137427330024,-1.54015286960934,24.5399665127664,-0.364242389355819,258.094570460357,-48.1015151273724,32.5087841424199
0.466478611188911,-1.53546540194064,24.4962975308897,-0.364110957641196,258.197632900108,-48.0990243318002,32.8217766574382
0.460611798253206,-1.53061572245067,24.4499947457962,-0.364847466930855,258.303695768368,-48.0984980710338,33.1437015715714
0.453558383915487,-1.52576854139758,24.4016653651476,-0.367107277313825,258.412692955861,-48.1006252099851,33.4747018457786
0.445413176722601,-1.52112684258341,24.3522515159805,-0.3713570483546,258.524167300808,-48.1062523599627,33.8146169884509
0.436340763322928,-1.51690172400524,24.3029451977573,-0.377745770225204,258.637231461145,-48.1163223857673,34.1624621558832
0.426558240264384,-1.51326295670589,24.2550185730451,-0.386005729021032,258.750563278392,-48.1316886479976,34.5154429197185
0.416298188873234,-1.51027927071104,24.2095169816249,-0.395446605860603,258.862584456082,-48.1527821185758,34.8685619917988
0.405753911028907,-1.50788488455789,24.1668963717258,-0.405124465161148,258.97189738336,-48.1793449823566,35.2158441695984
0.395034377945208,-1.50590654709059,24.1268702857097,-0.414140276789426,259.077728730368,-48.2104967189062,35.552517814535
0.384156656260762,-1.50413130419417,24.0886059371557,-0.421882555152023,259.18004281842,-48.2450625337157,35.8762926311412
0.373069892506489,-1.50236479991824,24.0510949179879,-0.428102355346646,259.279332748416,-48.281884599329,36.18716350632
0.361687058710815,-1.50045824328019,24.0134592808017,-0.432862026128158,259.376326270682,-48.3199888993362,36.4865601174571
0.349909959065857,-1.49831320157718,23.9751012562733,-0.436440878054889,259.471764583045,-48.3586370408182,36.7765407195714
0.337645017579173,-1.49587888655246,23.9357276482706,-0.439246461943851,259.566281827359,-48.3973181840638,37.0592312607596
0.324812442270195,-1.49314964619677,23.8953134493152,-0.441743057270167,259.660357718077,-48.435719307405,37.3365357498005
0.311351615934836,-1.49016328559107,23.8540480026468,-0.444391903826943,259.7543130218,-48.4736897373959,37.6101100060928
0.297223862148266,-1.48699774194888,23.8122792459549,-0.447599347056732,259.848328466951,-48.5111957634256,37.881515232276
0.282412711681279,-1.48376462295129,23.7704630142026,-0.451676019959147,259.942472442246,-48.5482609225795,38.1523818845697
0.266922650269011,-1.48060039206631,23.7291264013714,-0.456808897503262,260.036722750018,-48.5849063756318,38.4244163905733
0.250778643965871,-1.47765618851291,23.6888475888769,-0.463039922994497,260.130972868237,-48.6211177426692,38.6991830929047
0.234028378021506,-1.47508509141462,23.6502369807756,-0.470242743118249,260.225027280096,-48.6568531224659,38.9777218800408
0.216746515099759,-1.47302421417338,23.6138903651987,-0.478100779756666,260.318607218582,-48.6920802272147,39.2601777733341
0.199036760715925,-1.47157194516994,23.5802931950233,-0.486108652125347,260.411393785959,-48.7268085341658,39.5456895023386
0.181026437515713,-1.47076746042127,23.5496939250241,-0.493623523727947,260.503114428781,-48.7610856878526,39.8326934789995
0.162852359443929,-1.47058295752077,23.5220055166507,-0.499967005892737,260.593639565237,-48.794959406549,40.1195059989858
0.144642944541642,-1.4709325614943,23.4967895446026,-0.504542704877723,260.683040674758,-48.8284341170005,40.4048332800021
0.126503226347067,-1.47169181451994,23.4733295767048,-0.506928074054648,260.771588639802,-48.8614466760438,40.6879956445017
0.108506302323814,-1.47271863954408,23.4507605123839,-0.506921357003036,260.85970625317,-48.8938667574496,40.968922212007
0.0906912718820226,-1.47387053755459,23.4282101425275,-0.504546168818518,260.947900809077,-48.9255180407014,41.248052305039
0.0730658272094726,-1.47501731431991,23.4049171097777,-0.500026049538959,261.03669734752,-48.9562100562796,41.5262007749667
0.0556110538729621,-1.47605100278007,23.3803076494331,-0.493742508123428,261.126583400904,-48.9857635671988,41.8043935242425
0.038286670436151,-1.47689495438602,23.3540333297259,-0.486184941347352,261.217967873867,-49.0140150528823,42.0837120387965
0.0210363922337294,-1.47751261373725,23.3259805551428,-0.477893838447978,261.311153340349,-49.0407991307237,42.3652247107096
0.00379389380847004,-1.47791426845747,23.2962596259064,-0.469397546222858,261.406320621136,-49.0659169107872,42.6500381797781
-0.0135105300841072,-1.47815933570042,23.265179798275,-0.461147635188748,261.50351938511,-49.0890955342678,42.9393757968481
-0.0309424529802193,-1.47835337375086,23.2332202056778,-0.453458591422663,261.602648885786,-49.1099448096874,43.2345006641354
-0.0485531366935959,-1.47864023854874,23.200999913143,-0.44645103475098,261.703414264714,-49.1279380100472,43.5363516889036
-0.0663637672811798,-1.47918788067692,23.1692258184617,-0.439997784590225,261.805271372117,-49.1424702235488,43.8449355946413
-0.0843449568760499,-1.48016366865961,23.1385748590496,-0.433692270495801,261.907420062055,-49.1530332384711,44.1587595593021
-0.10240179574299,-1.48169883092663,23.1094903574227,-0.426885022494754,262.008925356993,-49.1594592834121,44.4747754883775
-0.120380112317046,-1.48385377262699,23.08196004122,-0.418819832533245,262.108970754699,-49.1620867257877,44.7891070467507
-0.138097554038533,-1.4866031501085,23.0554129516616,-0.408828892149043,262.20711452596,-49.1617277651317,45.0981858288486
-0.155382587592979,-1.48984770381383,23.0288130930347,-0.396492264285542,262.303396138789,-49.1594703010584,45.399592123774
-0.17210063468077,-1.49344199028708,23.0008933863285,-0.38169984530839,262.398264033435,-49.156438689552,45.6923089419619
-0.188160476685389,-1.49722322533736,22.9704055281589,-0.364623418442503,262.492408058061,-49.153607348026,45.9765547036338
-0.203507315927478,-1.50103355394653,22.936289548175,-0.345643179479383,262.586592415293,-49.1517022403698,46.253404303186
-0.218112535103634,-1.50473507687886,22.8977376895124,-0.325269991038072,262.681541903332,-49.1511843201035,46.5243261915598
-0.231966692406858,-1.50822012380342,22.8541830838187,-0.304081774513871,262.77788956239,-49.1522812703561,46.7907687746215
-0.245076772877759,-1.51141877055551,22.8052541422852,-0.282671303034581,262.876170633281,-49.1550303044052,47.0539487835116
-0.25746521707412,-1.51430292269176,22.7507160512145,-0.261598008417728,262.97684454519,-49.159318129475,47.3149177774015
-0.269168325745169,-1.51688475069325,22.6904082961078,-0.241345792503728,263.08032920892,-49.1649257768847,47.5748123201641
-0.280233838464307,-1.51920923495217,22.6241932264239,-0.22229495629436,263.1870317472,-49.1715798581817,47.835067992969
-0.290718614990111,-1.52134377953421,22.5519337139388,-0.204709234406902,263.297360783924,-49.1789926819682,48.0974216144633
-0.300685845133083,-1.52336832630352,22.4735027560097,-0.188728814165602,263.411711697434,-49.1868730329685,48.3636758958618
-0.310198552225742,-1.52536707130455,22.3888064326693,-0.174361384318741,263.530426107693,-49.1949109535013,48.6353287500419
-0.319305345171318,-1.52742084534536,22.2977950945277,-0.161477045890001,263.65373847557,-49.2027634634632,48.9132655225143
-0.328018412304205,-1.52959995143615,22.2004609880547,-0.149827174583676,263.781731345765,-49.2100690790322,49.1977776590595
-0.33629191711381,-1.53196052411094,22.0968620679312,-0.13910177467786,263.914312374599,-49.2164792570111,49.4890484849352
-0.344012522368319,-1.53454921595268,21.9872076016669,-0.129010219008691,264.051199119033,-49.2216445800195,49.787830384158
-0.351005774205347,-1.53741651038524,21.871950189233,-0.119354648442529,264.191886161546,-49.2251167938831,50.0956672979639
-0.35705365732967,-1.54063000919079,21.7517641815637,-0.110095187833157,264.335592500298,-49.226243660495,50.4141480308669
-0.361925865563857,-1.54427281921922,21.627400337007,-0.101433064146311,264.481214516805,-49.2242340324515,50.7432865682798
-0.36543965325626,-1.54841502703085,21.4995887463284,-0.0938846368353692,264.627349417353,-49.2185158570115,51.0800531664666
-0.36754120406455,-1.55306482554649,21.3691184161406,-0.0882254478079347,264.772507039646,-49.2092135671759,51.4188555945898
-0.368345624724516,-1.55813201860546,21.2369487256886,-0.0852509694718205,264.91549849094,-49.1972791055048,51.7544923498324
-0.368086191285335,-1.56342959729678,21.1041666945754,-0.0855319267263669,265.055700792102,-49.1841236691944,52.0849125375442
-0.367020875223583,-1.56869933282624,20.9718564466372,-0.0893353352121318,265.192990694325,-49.1711848431619,52.4111419769083
-0.365367549663224,-1.57364150531751,20.8410224978188,-0.096646499842966,265.327503368306,-49.1597442524075,52.7349461493257
-0.363279725515293,-1.57795774230662,20.7125919653394,-0.107179245635788,265.459422625004,-49.1508377530783,53.0562178516703
-0.360842026186733,-1.58141899066376,20.5874422638057,-0.12040400639916,265.588867666002,-49.1450362121666,53.3719329375224
-0.358075044719699,-1.58392783434579,20.4664292081528,-0.135689953593787,265.715856309239,-49.1422290140185,53.677823688004
-0.354953399360239,-1.58552168374117,20.3504688648249,-0.152508846296396,265.840290737737,-49.1417500646581,53.9715355125539
-0.351435955648816,-1.58632213618601,20.2406392807483,-0.170522675329172,265.961959750206,-49.1428024342089,54.2544720371349
-0.347496810011401,-1.58648567068232,20.1381096837277,-0.189517199380857,266.080624995528,-49.1447893600235,54.5314070575486
-0.343144853546478,-1.58618284386943,20.043818082139,-0.209306234136647,266.196196290117,-49.1473509997609,54.8088105019514
-0.338422910419983,-1.58559467846117,19.958092294627,-0.229718946322074,266.308872466761,-49.1501914229872,55.0928236737396
-0.333382930591779,-1.58490712198799,19.8805199484593,-0.250682451830369,266.419099868116,-49.1528781851642,55.3875187309772
-0.328045441675184,-1.58429252797141,19.8102028760808,-0.27232086754614,266.527327953717,-49.1547781126574,55.6940347970625
-0.32236406021311,-1.58387947358684,19.746224792669,-0.294965757343962,266.633720989854,-49.155189066727,56.010911400762
-0.316216464056213,-1.58372473592827,19.6880136762434,-0.319039318612145,266.738033065748,-49.1535631008736,56.335290788438
-0.309427555869281,-1.5838030998732,19.6354275331181,-0.344872316551435,266.83970249191,-49.1496371229307,56.6641093395468
-0.301813202505854,-1.58401819090709,19.5886270596617,-0.372549536956914,266.938051203728,-49.1434012530337,56.994574069014
-0.293228664554613,-1.58422673730476,19.547868153267,-0.401831024356611,267.032472184245,-49.1349962569518,57.3239967265563
-0.28360810471406,-1.58426938653624,19.5132864919257,-0.432159814318263,267.12257952622,-49.1246425782155,57.6496229982272
-0.272981154988069,-1.58400299202263,19.4847204584316,-0.462755870251805,267.208318598674,-49.1126041318076,57.9689494763983
-0.261458609034448,-1.58332566826412,19.4616369697232,-0.492767332097971,267.289994509014,-49.0991477277077,58.2803561129781
-0.24919729614955,-1.58218665478137,19.4431871061026,-0.521415394713478,267.368194329658,-49.084507463488,58.5834556632245
-0.236365029826033,-1.58058258803702,19.428338423868,-0.548084111129476,267.443652534952,-49.0688837154841,58.8788864958856
-0.223118055428057,-1.57854846968797,19.4160113703498,-0.572355211628935,267.517130416817,-49.0524622620257,59.167810690537
-0.209590274545259,-1.57614907283871,19.4051875878945,-0.594011568644149,267.589337323162,-49.0354166485586,59.4514752346722
-0.195888782282376,-1.57347141061035,19.3949889633687,-0.613025009246787,267.6608850694,-49.0178834339402,59.7309742035966
-0.182091745503854,-1.57061687344619,19.3847304685283,-0.62953229300153,267.732261749627,-48.9999284353735,60.0071721498466
-0.168247051565843,-1.56769221338487,19.3739471908566,-0.643799420816592,267.803818744412,-48.9815252612853,60.2807166746865
-0.154371791773995,-1.56479965073534,19.3623966489636,-0.656175740578691,267.875770289772,-48.9625557515205,60.5521082918062
-0.140453538498606,-1.56202722335739,19.3500395533002,-0.667041992051869,267.948206222723,-48.9428307156065,60.821822687601
-0.126454314118702,-1.55944095514237,19.3370045204047,-0.676759391423308,268.021116178773,-48.9221219192232,61.0904626987018
-0.112317119366488,-1.55708009224591,19.3235455569962,-0.685627680379355,268.094418884612,-48.9001916451442,61.3588810735555
-0.0979738514983934,-1.55495542244132,19.3100028060346,-0.69385611388988,268.167987201059,-48.8768074227805,61.6282081614522
-0.0833535693419774,-1.55304942480204,19.2967730455888,-0.701544581486398,268.241662345665,-48.8517395354155,61.8997564442825
-0.0683912692117369,-1.55131685690503,19.284287316776,-0.708668414094717,268.315258810793,-48.8247531853116,62.1748279639885
-0.0530382586249676,-1.54968561196018,19.2729843729357,-0.715063771721284,268.388570079483,-48.7956158250957,62.4544902441723
-0.0372745312806984,-1.54805940545685,19.2632664207225,-0.720419009633893,268.46138875455,-48.7641351145199,62.7394015911933
-0.0211212133548624,-1.54632474104589,19.2554310883806,-0.724284795856317,268.533549138932,-48.730224444325,63.0297508642277
-0.00464885944780526,-1.5443636775476,19.2495885833905,-0.726115063150527,268.604986117283,-48.6939733084834,63.325320623194
0.0120225697933778,-1.54207153927922,19.2455871367558,-0.725340590947399,268.675789569035,-48.6556958781551,63.6256098027747
0.0287334849259844,-1.53937652863094,19.2429747229569,-0.721463861585615,268.746229385185,-48.6159441107894,63.9299285845751
0.0453025065116248,-1.53625718958024,19.2410201415895,-0.714155322475625,268.816734841376,-48.5754836158687,64.237435781681
0.0615489975761211,-1.53275324207319,19.2388036955997,-0.703327883651813,268.887827008044,-48.5352316030029,64.5471603499258
0.0773163481143105,-1.52896548151285,19.2353647522103,-0.689168034802769,268.960018184518,-48.4961593173896,64.8580406592712
0.0924921097438441,-1.52504260406968,19.2298670229291,-0.672112225925331,269.033704045047,-48.4591744673037,65.1689492349192
0.107021876802526,-1.52115674237013,19.2217326331397,-0.652773678516072,269.109077805628,-48.4250076483152,65.4786720384739
0.120914487006864,-1.5174730341084,19.210710028038,-0.631836952343098,269.186091373565,-48.3941235317668,65.7859064079717
0.134236359706613,-1.51412090329505,19.1968638712662,-0.609943294294758,269.264477412059,-48.3666771646394,66.089377312467
0.147094870812471,-1.51117524673569,19.180498317192,-0.587593643495228,269.343824753717,-48.3425345533775,66.3880486026703
0.159615047662735,-1.50865209957626,19.1620457460274,-0.565092155009002,269.423675577419,-48.3213529333317,66.6812694705532
0.171916337706232,-1.50651673462345,19.1419575243162,-0.542535990349056,269.503609798268,-48.3026845738964,66.9687342709762
0.184094199112778,-1.50469815689988,19.1206156918955,-0.519840189407423,269.583303827502,-48.2860667550833,67.2502995544182
0.196207901650405,-1.50310499058017,19.0982633802789,-0.49678361919983,269.662571644467,-48.2710877131723,67.5258148548543
0.208274640889377,-1.50164050843525,19.0749466581469,-0.473068117347447,269.741397175598,-48.2574388640124,67.7951063753334
0.220270189483074,-1.5002156420016,19.0504696718225,-0.448384943820819,269.81995513666,-48.2449584214755,68.0581470404026
0.232135401048336,-1.49875840716039,19.024372743637,-0.422477875307784,269.898610895882,-48.2336526384309,68.3153349963433
0.243785691082698,-1.49721829570211,18.9959391417247,-0.395189365904918,269.977897379167,-48.2236730233184,68.5677634707706
0.255119225521375,-1.49556551799963,18.9642253691444,-0.366481709860328,270.058480468634,-48.2152412960412,68.8174096022433
0.266020243662975,-1.4937864272229,18.9281027528644,-0.336435463513581,270.14113072278,-48.2085358407957,69.0672264975976
0.276355867135599,-1.49187709091119,18.8862980502446,-0.305235831964059,270.226715227419,-48.2035684705249,69.3211172021846
0.285966873165747,-1.48983710621099,18.8374256812963,-0.273162909474399,270.316212423583,-48.2000884630454,69.5836896584336
0.29465611605948,-1.48766596489493,18.7800179867794,-0.240604625477357,270.41073284657,-48.1975612467636,69.8595776232305
0.302185279195139,-1.48536411383456,18.7125924946425,-0.208105102063261,270.51149194862,-48.1952779432388,70.1520814944419
0.308300993717618,-1.48293825476481,18.6338298387915,-0.176423877568772,270.61964594667,-48.1926146049543,70.4612700028493
0.312806986051909,-1.48040437398381,18.5428775858496,-0.146508330678507,270.73596739452,-48.1893138870235,70.7828077738067
0.315650851985144,-1.47778064727848,18.4395994042181,-0.119282077787613,270.860558993358,-48.1855327661002,71.1093591860436
0.31694798705708,-1.47507527316604,18.3245725804105,-0.0953464957787186,270.992852649415,-48.1816128642903,71.4340301011815
0.316920536636828,-1.47228260628931,18.1989505596052,-0.074826087026616,271.131806147882,-48.1778498056048,71.7527640477903
0.315812837105842,-1.46938797313064,18.0643826394418,-0.0574166307691307,271.276061387988,-48.1744269561261,72.0643999333103
0.313836227811813,-1.46637047552601,17.9229509263145,-0.0425240856536569,271.424032778744,-48.171434516713,72.3695988872942
0.311150038600744,-1.46319721433861,17.7770189446777,-0.0294039625754465,271.5740124969,-48.1688780866521,72.6698847597519
0.307867783431851,-1.45981216179069,17.6289957581541,-0.0172785953993052,271.724325223129,-48.1666701494134,72.9672024754761
0.304077938971165,-1.45612818028235,17.4810830884053,-0.00542999802665687,271.873491011619,-48.1646361551267,73.263763271091
0.299867904893548,-1.45202687519769,17.3350593162758,0.00673256728214737,272.020341251332,-48.1625268983577,73.5617037489876
0.295339505924885,-1.44736688698558,17.1921427934777,0.0196170759320311,272.16406751582,-48.1600034058513,73.8623225094457
0.290608572468302,-1.44200524487149,17.0529681131638,0.0333906025091815,272.304219608582,-48.1566105845938,74.1650439195204
0.285786895352036,-1.43583858111369,16.9176712110545,0.0479417630240212,272.440687997373,-48.151828564741,74.4666904285453
0.28095474493785,-1.42885394370765,16.786040956669,0.0629346921213182,272.573690965214,-48.1452819497668,74.7620795234364
0.276144612232086,-1.42115079756028,16.6577119727114,0.0779856119423415,272.703719741306,-48.1370040628244,75.046321182339
0.271349958828346,-1.412908076018,16.5324019258076,0.0928506731306384,272.831377047434,-48.1274885893132,75.3172851275139
0.266545468254561,-1.40432522388811,16.4101293012896,0.107484598343291,272.957173090371,-48.1174596879154,75.5764454672674
0.261696956123854,-1.39558153420823,16.2912892111252,0.121975064468283,273.081423134639,-48.1075799837314,75.8282124157931
0.256755704192531,-1.38682467504638,16.1765375632057,0.136449962950813,273.204298321376,-48.0982873783965,76.0787605984019
0.25164658561913,-1.37817641054986,16.0665429233334,0.151029509153074,273.325970533635,-48.0897919540477,76.3348368606006
0.246263935584026,-1.36974434760741,15.9617327369906,0.16584510415765,273.446747511642,-48.0821932269622,76.6025879980904
0.24048709861052,-1.36163522037399,15.8621782925383,0.181105383830802,273.567096919755,-48.0756624440027,76.8865183360283
0.234218228633811,-1.35396747792343,15.7676996305308,0.19715337927083,273.687512065651,-48.0706141021299,77.1888989699976
0.227429631665085,-1.34687906833845,15.6781299127939,0.214449561910733,273.808270462929,-48.0677876512066,77.5098386676609
0.220197823277283,-1.34052443623654,15.5935735951366,0.233455720335222,273.929196385464,-48.0682083672483,77.8476747128267
0.212705310736112,-1.335054130844,15.5145178501842,0.254450372220896,274.049507788432,-48.0730353534372,78.198957436122
0.205199852863843,-1.33057294089509,15.4417216606385,0.277340102302164,274.16781872176,-48.0832763674135,78.5578740024354
0.197911606399516,-1.3270895821192,15.3758466511141,0.301571844869865,274.282442964903,-48.0993956370212,78.9162693776646
0.190962001271068,-1.32449921958322,15.3169760260447,0.326261553022558,274.392018452445,-48.1210752857284,79.2656106862458
0.184327970102536,-1.32262709047048,15.2644096996027,0.350494561104656,274.496039992555,-48.1474102730785,79.5998721488223
0.177879868444906,-1.32129847721263,15.2169111322363,0.373574756555636,274.594875312259,-48.1773630069979,79.9168163602885
0.171444596365598,-1.32038274187147,15.1731292132394,0.395095460595711,274.689401678783,-48.2100883894746,80.2172798242786
0.164850250110257,-1.31980135589378,15.1318914654142,0.414889736001493,274.780636076322,-48.2450167313721,80.5038517199206
0.157945756715247,-1.31951777893801,15.0923051951978,0.432953457915358,274.869522950612,-48.2817950456914,80.7798441200669
0.150605365925758,-1.31952527347643,15.0537403625553,0.44938717266112,274.956857381155,-48.3201883793527,81.0486564456437
0.14272740926621,-1.31983955944727,15.015777200402,0.464363615508411,275.043278158507,-48.3599958947225,81.3134088217674
0.134232908596145,-1.3204969723891,14.9781652020625,0.47811012939368,275.12928284918,-48.4010046023917,81.5767553306683
0.125066452109622,-1.32155586438019,14.9408044333862,0.490891673251019,275.215242004663,-48.4429808885691,81.8408343419011
0.115199418184449,-1.32309814211542,14.9037408190117,0.502984694901711,275.301406895992,-48.4856845497871,82.1073170113658
0.104634235131735,-1.32522822758147,14.8671636925258,0.514639557537154,275.38791238284,-48.5288872687992,82.3774911827046
0.0934081143434042,-1.32806761902933,14.8313982501666,0.526034402278939,275.474776798438,-48.5723870079621,82.6522989953375
0.0815950577862196,-1.33174386692526,14.796887512662,0.537224618560207,275.561900808962,-48.616021402236,82.9322691043095
0.0693047988775177,-1.33637323310052,14.7641534300693,0.548093622815183,275.649073014296,-48.659684453692,83.217363603002
0.0566764781062727,-1.34203810356251,14.7337222019043,0.558317963979973,275.735999119762,-48.7033395091341,83.5068665311882
0.0438651047298528,-1.34876455380618,14.7060102578587,0.567369272712943,275.822370295651,-48.7470107380901,83.7994870247803
0.0310222034108219,-1.35650939376427,14.6811979366071,0.574571337733851,275.907963566275,-48.7907427026127,84.0937326603127
0.0182764354201433,-1.36516350094229,14.6591404523505,0.579204693389499,275.992737914182,-48.8345408085571,84.3883823803737
0.0057201962513388,-1.3745693414894,14.6393509737803,0.580625093513984,276.076887315601,-48.8783189227544,84.6828083649387
-0.00659623027646539,-1.38454403277445,14.621054357002,0.578361653947091,276.160838580481,-48.9218736965089,84.9770647236329
-0.0186650715620271,-1.39490028104418,14.6032877985888,0.572177970290194,276.245206724457,-48.9648944091803,85.2718484366208
-0.0305183612572082,-1.40546209742221,14.5850202376902,0.562094476770206,276.33072806987,-49.0070078958657,85.5684415327867
-0.0422234104600575,-1.41607593324649,14.5652642624606,0.54837871154346,276.418188615262,-49.0478404986241,85.8686237255168
-0.0538769838271851,-1.42662034472563,14.5431654273227,0.531514357237177,276.508356435026,-49.0870600099316,86.1744696035831
-0.065597242265145,-1.43701831190454,14.5180742213547,0.51215494924185,276.601912694537,-49.1243642115677,86.4879988045344
-0.0775102717578549,-1.44725389855768,14.4896150161142,0.491053757309699,276.699367378608,-49.1594156375364,86.8107767359718
-0.0897281496650796,-1.45738845971608,14.4577490749091,0.468953819935192,276.800953964089,-49.1917598338421,87.1436067263684
-0.102319970985092,-1.46756530747493,14.4228037726309,0.446436912745537,276.906512111932,-49.2207825266329,87.4862873275238
-0.115282356821269,-1.47799071312687,14.3854294364386,0.423757797303183,277.015382385595,-49.2457717785292,87.8372031531194
-0.128519314308279,-1.4888833444215,14.3464309505853,0.400716386233263,277.126388281581,-49.2661513499814,88.1927104234584
-0.141846595150599,-1.50039676546761,14.306414871535,0.376650961248189,277.238059083079,-49.2818540094111,88.5469295253563
-0.155034370393714,-1.51254662234496,14.2653041019154,0.350630088831079,277.34916741839,-49.2935957238748,88.892786608963
-0.16787520267086,-1.52518881901603,14.2219855589722,0.321796105617537,277.459327437094,-49.3027652576251,89.2241014256961
-0.180234651232483,-1.53805758231863,14.174363407949,0.289663697219426,277.569232164459,-49.3109464929399,89.5374859076838
-0.192053854530582,-1.55082257169053,14.1198022419999,0.254213107860842,277.680403635688,-49.3193939628966,89.8333477883444
-0.203309938945528,-1.56312460826127,14.0556998297665,0.215786000789875,277.794681367006,-49.3287658533601,90.1160292824731
-0.213960496919868,-1.57458139261077,13.9799382350422,0.174905074800303,277.913730575683,-49.3392125151336,90.3929206197037
-0.223897950049315,-1.58478040167532,13.8911684041802,0.132146028814199,278.038700255029,-49.3507025098593,90.6721050299115
-0.232931845008407,-1.59329403877631,13.7891094598436,0.0881164616188662,278.169985871297,-49.3633117797644,90.958463972606
-0.240809015864037,-1.59975732809203,13.6750491640725,0.0434576346000838,278.30699294949,-49.3771746444778,91.2499071802313
-0.247263178771515,-1.60399437271798,13.5523785959825,-0.00131043276539588,278.447931389142,-49.3921307015347,91.5379076992047
-0.252068477590055,-1.60608686554905,13.4267577597364,-0.046050718683293,278.58981676901,-49.4076511036847,91.8142050280832
-0.255100993313228,-1.60632636624201,13.305615060495,-0.0909967078426283,278.7288910722,-49.4232954921096,92.0782872510311
-0.256421311542491,-1.60511476082547,13.1963671703413,-0.136367392085159,278.861754829683,-49.4390831581591,92.339595002009
-0.256309129520836,-1.60286649982858,13.1036144037604,-0.182031391113162,278.986857635791,-49.4553122974573,92.6132906509095
-0.255176674651402,-1.59994681248339,13.0276488291871,-0.227593272057913,279.105033612154,-49.4720409662369,92.9129455718148
-0.253410995676888,-1.59667180624017,12.9656380840966,-0.272788764532293,279.218522192046,-49.488675871102,93.2454516968811
-0.251235409252238,-1.59333396081487,12.9140279086015,-0.31779484172848,279.329379130274,-49.5039666600181,93.6101192431017
-0.248632221979986,-1.5901916464095,12.8703025901763,-0.363188678873025,279.438358035246,-49.516443318631,94.0001525221933
-0.245355863536004,-1.58740744503716,12.8334814447342,-0.409568047518958,279.544725226739,-49.525027964611,94.4045974905669
-0.241055506378057,-1.58498110044605,12.8036092553811,-0.457083201654371,279.646914695142,-49.529416937334,94.8103757609174
-0.235455421103222,-1.58274560482198,12.7808323950752,-0.505214897345617,279.743562674426,-49.5300371410196,95.2048540920528
-0.228472162375965,-1.5804487106709,12.7647150358791,-0.552950734570839,279.834282205541,-49.5276549955418,95.5786637833865
-0.220198997949754,-1.577861225689,12.7541605481788,-0.599171279339775,279.919731842152,-49.5228837397807,95.9272513899296
-0.210813594811695,-1.57483832817742,12.7477606338825,-0.642942122890061,280.001137592307,-49.5158970840704,96.2503936531322
-0.200498707381908,-1.57132130030193,12.7441673519868,-0.683604693794879,280.07977270532,-49.506459320187,96.550629825807
-0.189407604880963,-1.56731106672408,12.7422837525602,-0.720740611213038,280.156677113933,-49.4941339470125,96.8317876899393
-0.17766088657161,-1.56284122575971,12.7412930442423,-0.754103536055572,280.23259848781,-49.4784972580985,97.0980312872245
-0.165355240376828,-1.55796070758522,12.7406112040939,-0.783564654082496,280.308044355191,-49.4592727971613,97.3533653490095
-0.152572946608959,-1.55272574577139,12.7398248936385,-0.809081026729026,280.383362824373,-49.4363798368293,97.6014305613881
-0.139388003860863,-1.54719776122644,12.7386423029771,-0.830680817601774,280.458812968271,-49.4099221646856,97.8454667957902
-0.125868277245105,-1.54144393927629,12.7368631979039,-0.848456512567446,280.534613659546,-49.3801474798184,98.0883726992162
-0.112074382002668,-1.53553830724243,12.7343653925789,-0.86255914547161,280.61097245435,-49.3473991058989,98.3328189228831
-0.0980562922572303,-1.52956207546925,12.7311030518454,-0.87318939124937,280.688099455884,-49.3120698251298,98.581380938162
-0.0838485059197074,-1.52360256367554,12.7271138036444,-0.880583202947077,280.766208727287,-49.2745571165585,98.8366530878154
-0.0694644226184902,-1.517750018731,12.7225338892064,-0.88498923526018,280.845504578219,-49.2352132288979,99.101295446372
-0.0548909601434057,-1.51209101781652,12.7176207392262,-0.886632472458794,280.92614525825,-49.1942860162325,99.3779561060644
-0.040085994711274,-1.50669638482355,12.7127771462824,-0.885655524594493,281.008177358045,-49.1518613298725,99.6690130165652
-0.0249840168284809,-1.50160199916347,12.7085580024232,-0.882032312743167,281.091447931436,-49.1078448412179,99.9761117681678
-0.00951734661172318,-1.4967849347037,12.7056227170507,-0.875468108018771,281.175533165053,-49.0620429041704,100.299572694756
0.00634405932583116,-1.49214627546979,12.7045928331708,-0.865337667651983,281.259757436329,-49.0143732839651,100.637904232911
0.0225459076275675,-1.48751990340079,12.7058168083009,-0.850741475124485,281.343362506225,-48.9651279629406,100.987753180368
0.0389234018465343,-1.48271951970811,12.709131799771,-0.830722769736124,281.425782250273,-48.9151066453048,101.344420574752
0.0552182304308504,-1.47761032077057,12.7137681436258,-0.804579484302432,281.506863050417,-48.8654891131001,101.702683928707
0.0711340132064741,-1.47216926735341,12.7184865533319,-0.772120408866355,281.586890793042,-48.8174830786322,102.057597758521
0.0864024726530255,-1.46650158658831,12.7218985513558,-0.73373793120952,281.666432745508,-48.7719005778527,102.405194141069
0.100831568122453,-1.46080814474273,12.7228009255554,-0.690280372517418,281.746121544254,-48.7288540674014,102.743008178592
0.11432271702922,-1.45532739835769,12.7203584427505,-0.642820219436701,281.826509055315,-48.6877341584893,103.070197691252
0.126862891136927,-1.45028277709242,12.7140964644825,-0.592440377854867,281.908032596182,-48.6474787507305,103.387207751941
0.138505051565747,-1.44585031831659,12.7037784163102,-0.540097862034804,281.991055090421,-48.6069693353723,103.695205713466
0.149346510639252,-1.44214422971435,12.6892538261404,-0.48655817727262,282.075919574387,-48.5653598200058,103.995469726429
0.159508112354049,-1.43921241362206,12.6703141909287,-0.43237048493937,282.162984643016,-48.5222364971953,104.288749189925
0.1691116946519,-1.43703659460473,12.6465411113563,-0.377861678324857,282.252651384518,-48.4776156913499,104.574630350761
0.17825015357143,-1.43553740515885,12.6170969063234,-0.323150909315201,282.345431055955,-48.4318546885386,104.851108388541
0.186945929859615,-1.4345889347211,12.5804265207481,-0.268209026177519,282.442101719279,-48.3855673379955,105.114721986168
0.195099544565866,-1.43404395035307,12.5339812505756,-0.212982094235825,282.543913050022,-48.3395925146116,105.361622126856
0.202437137668925,-1.43375797339754,12.4744282972169,-0.157545162650832,282.652589677739,-48.2949829474791,105.589743534029
0.208486872280055,-1.43358665945801,12.3992670843487,-0.102175028437603,282.769635003371,-48.2529249689718,105.801604756819
0.212668818182103,-1.43334434453413,12.3101848600022,-0.0472177242436166,282.89468891123,-48.2145197095362,106.005548378205
0.214563679618975,-1.43278251339268,12.2150656592457,0.00717896744273047,283.024334326074,-48.1804682426502,106.212015029145
0.214149472762324,-1.4316716040987,12.1242505836757,0.0611197134211884,283.153625395529,-48.1508764186258,106.426879474072
0.211717244618946,-1.42990592447136,12.0446852981268,0.114678772537783,283.278933070183,-48.125336405237,106.649991262895
0.207626218668469,-1.42750899244032,11.9785003007926,0.167652497124924,283.398887479984,-48.1031118127203,106.87948269265
0.202163899261182,-1.42457786941988,11.9249371626194,0.219567107137281,283.513642899557,-48.0832262798404,107.115522720511
0.195519498859114,-1.4212374222628,11.8822755020897,0.269789541782428,283.624030759772,-48.0644869881266,107.361063232433
0.187798412473464,-1.41762475095723,11.8487982243172,0.317588009151386,283.731137024386,-48.0455777576965,107.620778981896
0.179046253754719,-1.41389802089263,11.8230306298188,0.362128645145035,283.836208981168,-48.0253027958929,107.899594313759
0.169280469920044,-1.41025461687756,11.8035796005315,0.40247378633381,283.940693710453,-48.0029644471074,108.201454846946
0.158534629525917,-1.40693883683187,11.7888291403351,0.437662065391068,284.046222280689,-47.9787576665549,108.528469392663
0.146914412972423,-1.40422014339511,11.7767442920567,0.466916689094071,284.154388640286,-47.953980405874,108.880310262257
0.13464622374675,-1.40233406354247,11.7650105318358,0.489943407428604,284.266281956872,-47.9308600904666,109.253673181344
0.122077081999819,-1.40140073964125,11.7515617250711,0.507168663055214,284.381929711366,-47.9119271152371,109.641719585749
0.109587455488125,-1.4013653074899,11.7352473136084,0.519704819374311,284.500016573958,-47.8990976837234,110.034214465944
0.0974444718862646,-1.40201675121328,11.7161573120501,0.528931523980413,284.618270377242,-47.892952640619,110.419789989768
0.0857100665451126,-1.40309004856428,11.6952968331959,0.535916273565415,284.734419766551,-47.8927924670867,110.789729550593
0.0742779408567049,-1.40437282124958,11.6739101612907,0.541096341328284,284.846987174945,-47.8973761219206,111.139991623136
0.0629770404868165,-1.40574982348667,11.6529904575486,0.544337599411983,284.955443432442,-47.9056268591531,111.470346709776
0.0516538531439914,-1.40719437446402,11.6331196599639,0.545161083962018,285.059955463001,-47.9169268419383,111.782573547988
0.0402102516697159,-1.40874088137561,11.6144909133204,0.542957739687973,285.161083085459,-47.9311219796695,112.079263182142
0.0286101262539532,-1.41045745500538,11.5969832168952,0.537140201042796,285.259559399393,-47.9484231112633,112.36339328953
0.0168696926247669,-1.41242508556436,11.5802368098002,0.527233365200951,285.356156313043,-47.9692782069139,112.638311845221
0.00504154310025053,-1.41472561449377,11.5637100609914,0.512913938936753,285.451617258432,-47.9942289152889,112.907825560058
-0.00680025519722524,-1.4174386889963,11.5467039655342,0.49401386278686,285.54664835589,-48.0237619471396,113.176260422902
-0.0185689121544129,-1.42064609317489,11.5283441682701,0.470508117899423,285.641962517279,-48.0581750745362,113.448463314401
-0.0301646656769768,-1.42444072709147,11.5075193589812,0.442509007680441,285.738366675283,-48.0974793432485,113.729718832342
-0.0414645658258077,-1.42893645859892,11.4827917082999,0.410286842088679,285.836868989919,-48.1413583608338,114.025483325732
-0.0523042249963307,-1.43427211567456,11.452328651175,0.374331059269833,285.938751009829,-48.189208383434,114.340698355303
-0.062461727094347,-1.44059634470852,11.413962591247,0.335443923155703,286.045494780453,-48.2402765346086,114.678335258852
-0.0716705620112027,-1.44801646318806,11.3655148455905,0.29479294451684,286.158439806819,-48.2938485892389,115.037228071546
-0.0796932721883984,-1.45652096262081,11.3053312960554,0.253760815699405,286.278264372441,-48.3493047898228,115.410752434772
-0.086431185646276,-1.4659489714174,11.2325515749172,0.213524708730851,286.404789140412,-48.4059174804498,115.788614147242
-0.0919732349029143,-1.47607812303468,11.1467305633752,0.174639360419419,286.537417636932,-48.4626128181221,116.160684498858
-0.0965435218331358,-1.48678736173756,11.0473018324838,0.136967014549845,286.675759928329,-48.5179334337976,116.519594642221
-0.100415923543632,-1.49818127081654,10.9338359924132,0.0999468219656177,286.81979866266,-48.5702059456592,116.862469345728
-0.103869179056275,-1.51057343444202,10.80764459666,0.0629333447802947,286.969295627501,-48.6179939628392,117.193667215879
-0.107196097887488,-1.5242951222798,10.6736314233912,0.0252908474000018,287.122839570868,-48.6606978592981,117.525774735731
-0.110726803037859,-1.53949419288903,10.5395740815122,-0.0137728983471862,287.27779352993,-48.6985701983989,117.874361835944
-0.114837363601989,-1.55615927527047,10.4128517863317,-0.055177856299248,287.431396922103,-48.7318094317156,118.249717910161
-0.119916861202599,-1.57428998567823,10.2984985170588,-0.0994526280502001,287.581415379596,-48.7596740797701,118.651816662723
-0.126204587228316,-1.59393257738291,10.1995790863191,-0.146084076150576,287.725791311926,-48.7808798561488,119.069235340053
-0.13356171007191,-1.61502811070753,10.1172446045378,-0.193516027670176,287.862833226726,-48.7952212824029,119.485174199686
-0.141496584850146,-1.63732584926507,10.0501022368894,-0.240012654884844,287.992248819235,-48.8041119457969,119.889041049441
-0.149430713341802,-1.66047564396127,9.99478040522158,-0.28439256739836,288.115220694728,-48.809339089051,120.279403588323
-0.156887081535397,-1.68411901451802,9.94731697212319,-0.326180663781,288.233491190911,-48.8122362943158,120.658323936551
-0.163547544030952,-1.70791024521205,9.90432243244263,-0.365537609566739,288.348568810454,-48.8137808988283,121.027023953962
-0.169259587687532,-1.73152762193754,9.86360798093278,-0.403094927803479,288.461408820397,-48.8147708576669,121.385274676641
-0.174020697721757,-1.75470040405549,9.82421530868963,-0.439683351034744,288.572468089956,-48.8157724474958,121.732581550405
-0.177940524365027,-1.77723146787879,9.78603931160008,-0.476046831359817,288.68193106805,-48.8170424194483,122.069553835541
-0.18119123836386,-1.79899755221544,9.74937965147014,-0.512666249968901,288.789919081119,-48.8186332885281,122.398604953137
-0.183966252920939,-1.81993307247303,9.7146528643062,-0.549721242038348,288.896592364811,-48.8206439425299,122.723750912695
-0.186456705700251,-1.84001516987189,9.68229401796242,-0.587117861413578,289.002160023575,-48.8234186179703,123.049831735151
-0.188837655778767,-1.8592604042903,9.65274869180761,-0.624500505978364,289.106855362617,-48.8275484571304,123.38158349953
-0.19124958113028,-1.8777305897326,9.62643732063546,-0.661224529696125,289.21092273252,-48.8336587932969,123.72282648216
-0.193767612997652,-1.89553555287104,9.60361733526227,-0.69633350476765,289.314633291689,-48.8420655931587,124.075924904088
-0.196364980091485,-1.91281758399452,9.58414998913136,-0.728622922929193,289.418306451198,-48.8524488064289,124.44151524823
-0.198888094843216,-1.92970898486539,9.56727728977383,-0.756853950768663,289.522277271646,-48.8637273098419,124.818280230284
-0.201063071248918,-1.94627000614969,9.55158518412638,-0.780105991261038,289.62677209933,-48.8743114966676,125.202712808329
-0.202548844382605,-1.96243630471929,9.5353021629581,-0.798135701184511,289.731753912274,-48.8827373728864,125.589376472097
-0.203031368771253,-1.97801545727687,9.51686745095662,-0.811512657102775,289.836875785822,-48.8883244361346,125.972110145705
-0.202318022659866,-1.99274280180485,9.4954279063696,-0.821400001359357,289.941606340853,-48.8913823708527,126.345651313183
-0.200382616503517,-2.00635912391424,9.47096029275394,-0.829115949396009,290.045437108646,-48.8928975558908,126.706770932795
-0.197346457392794,-2.01866468635443,9.44404570377348,-0.835742146094569,290.148040876709,-48.8940246349246,127.054705473218
-0.193420840975408,-2.02953479167852,9.41553433173217,-0.841937262535801,290.24932270546,-48.895698832909,127.391068652172
-0.188848632466594,-2.03890973685868,9.38629832535905,-0.847940920275532,290.34938045604,-48.8984995104703,127.719315093506
-0.183866612195344,-2.04677922888607,9.35712622012806,-0.853657776728066,290.448428190537,-48.9027297061675,128.04387912534
-0.178686262581444,-2.05317380701448,9.32870291093832,-0.858726529785955,290.546734095757,-48.9085708868622,128.369264892194
-0.173479374552786,-2.05816462218905,9.3015912374399,-0.862550769470859,290.644598693366,-48.9161628959415,128.699347841649
-0.168359145403557,-2.06186520231345,9.27616244187603,-0.864328351682413,290.742369119224,-48.9255380876134,129.03698695729
-0.163357493001744,-2.06442610621586,9.25247441523928,-0.863132684845141,290.840463547694,-48.9364467081372,129.38386538003
-0.158406246548371,-2.06601454352103,9.23014511489402,-0.858077988582687,290.93937402465,-48.948184876002,129.740414083554
-0.153332458799067,-2.06677592068808,9.20830501946092,-0.848553785613394,291.039628387256,-48.9595503626098,130.105807755539
-0.147878575212687,-2.0667849563419,9.18571650162452,-0.834452626982814,291.141708538838,-48.9690025484164,130.478163798637
-0.141753821350984,-2.06600752104037,9.16107683410464,-0.816280253770637,291.245931386791,-48.9749923446555,130.854928076133
-0.134710168854061,-2.06429633028649,9.13339399543579,-0.795077717238803,291.352326364932,-48.9763185475227,131.233225674681
-0.126620265238483,-2.06142710904861,9.10226018449416,-0.772170076331089,291.460580595569,-48.9723582171373,131.610169181176
-0.117524791723638,-2.05716060237742,9.06790591877813,-0.748827408244535,291.570108370228,-48.9630901091415,131.983396292285
-0.107624465362652,-2.05130303763433,9.03104301675191,-0.725966894628349,291.680220562978,-48.9489114904234,132.35174488188
-0.0972238447743081,-2.04374246381035,8.9926184050719,-0.703999561527776,291.790289308689,-48.9303652106728,132.715454730092
-0.0866596689058323,-2.03445993745846,8.9536013613068,-0.68282313096772,291.899834943012,-48.9079674990314,133.075618988557
-0.0762377699073213,-2.02352810410374,8.91482170999496,-0.661900699429479,292.008563668296,-48.882214378551,133.4333687635
-0.0661843464728739,-2.01110272517721,8.87681318528358,-0.64039686861629,292.116411023598,-48.853664710563,133.789476055653
-0.0566152572608951,-1.99740349305168,8.83965678775518,-0.617371166268431,292.223588088273,-48.8229624340107,134.144553057127
-0.0475279694398951,-1.98268423863908,8.80287215018565,-0.591997720203421,292.330588494328,-48.7907702622504,134.499392455159
-0.0388120181137136,-1.96719970032086,8.76540056137197,-0.563758216083869,292.438140102215,-48.7576759778693,134.854988749087
-0.0302691778330272,-1.95117507505476,8.7257072202049,-0.532577290786165,292.54711324174,-48.7241319381578,135.212267763627
-0.0216421034848378,-1.9347809113267,8.68201963428899,-0.498885687541477,292.658389289944,-48.6904592425151,135.57172165955
-0.0126581260785463,-1.9181138626499,8.63266982040979,-0.463592943960923,292.772688040477,-48.6568953415957,135.932929643654
-0.00309287224117386,-1.90118327707096,8.57644144003534,-0.427946778949258,292.890391583176,-48.6236130846238,136.294078921137
0.00715971073327063,-1.88391032877607,8.51277263724569,-0.393266470137436,293.011478131836,-48.5907058939566,136.652202015158
0.0180509716278601,-1.86615211189843,8.44167294860805,-0.360620832726055,293.135667870704,-48.558237293767,137.004536407386
0.0294044689273978,-1.84774649561173,8.36339874749472,-0.330618783929131,293.262690397223,-48.5263570384702,137.349857238318
0.0409821323528673,-1.82855575369178,8.27812673534785,-0.303395971854216,293.392470777641,-48.4953600765459,137.688474286146
0.0525453791610333,-1.80849898233194,8.18577044779453,-0.278722068353382,293.525180114972,-48.4656651679474,138.021297281585
0.063893884370478,-1.7875777060704,8.08591524986588,-0.2561499171264,293.661228934594,-48.4377784349943,138.349309964628
0.074882568622446,-1.76589118120107,7.9778773517187,-0.235187074407343,293.801239029014,-48.4122196910234,138.674256866598
0.0854137694731513,-1.74363032308476,7.86097113120437,-0.215443059333058,293.94595750285,-48.3893490496834,139.000130713689
0.0954023344316954,-1.72105510458208,7.7349163906063,-0.196670929465971,294.096127148214,-48.3691947404592,139.334113975211
0.104726089281668,-1.6984794770968,7.60002723519027,-0.178720786154773,294.252433202229,-48.3515420374597,139.685739743657
0.113192270545712,-1.67627430697024,7.45687695300266,-0.161586669896975,294.415555886049,-48.3364512477307,140.063591376026
0.120569440253499,-1.65483940047126,7.30577833448537,-0.145722907686251,294.585986619214,-48.3249379737006,140.469604944111
0.12672775781263,-1.63444556580096,7.14699080272219,-0.13237726574334,294.763243249706,-48.3188090536099,140.894833494781
0.131806294747261,-1.61501866769102,6.98158905750579,-0.123214658636939,294.945343341151,-48.3191549748441,141.325058617066
0.136224812554747,-1.59617518751514,6.81163179708267,-0.119400705950951,295.129555273042,-48.3255279168796,141.7520316795
0.140558341556907,-1.57748182755216,6.63957916972682,-0.121182121106914,295.313260702931,-48.3367902646727,142.174375505821
0.145369711323971,-1.55864048581044,6.46774289037645,-0.127948163636152,295.494147710302,-48.3517503355234,142.589372221983
0.150987707989524,-1.53953995625912,6.29791237583278,-0.138517202883167,295.670451140932,-48.3690535167269,142.988254845308
0.157382024968718,-1.52022894400091,6.13146513771353,-0.151815904970636,295.841329867172,-48.387530359625,143.362094659837
0.164302092557497,-1.50083642031961,5.97017399700885,-0.167417265014449,296.006557372608,-48.4069914308838,143.709757635288
0.171474912201053,-1.48148436398096,5.81666689328243,-0.185380885798134,296.165864469372,-48.4282167673641,144.03807947599
0.178669706439099,-1.46223537268081,5.6737575533437,-0.205845694295782,296.318859426398,-48.4522110835703,144.357559910749
0.185680820311895,-1.443090131924,5.54333818963942,-0.228870652311945,296.465376899114,-48.4795492883556,144.678136661944
0.192313293279632,-1.42403592447997,5.42587732547857,-0.254534130246741,296.605664319615,-48.5102137162023,145.00639741869
0.198394956991413,-1.40512100668294,5.32080933651432,-0.283049014727242,296.740212676667,-48.5438451507033,145.344962766415
0.203800539009778,-1.38650591069945,5.22727709292752,-0.31470575388451,296.869469798248,-48.5800493194312,145.693832297526
0.208469634234855,-1.3684598865369,5.1446377747197,-0.349670775104536,296.993679000916,-48.6185003893279,146.052030919361
0.212416537845587,-1.35130749319504,5.07260124185491,-0.38776602637242,297.11285934183,-48.6588997962234,146.418055748919
0.215734970097754,-1.33534354151884,5.01108966133961,-0.428309902144711,297.226891980864,-48.7009294773604,146.789426471589
0.218586637716063,-1.32074238528161,4.95989034877049,-0.470098296356665,297.33574180185,-48.7442174062544,147.162935182417
0.221162880380635,-1.30750961409958,4.91828865596411,-0.511594674347315,297.439739279758,-48.788346447818,147.536221290842
0.223635688204054,-1.29550467921888,4.88493673616758,-0.55124246214983,297.539709413258,-48.8329525204184,147.909092649066
0.226120865152363,-1.28450055742279,4.85797996959896,-0.587732873052548,297.6368819474,-48.8777665269906,148.283198749007
0.228652408267451,-1.27423571857298,4.8353004935409,-0.620186295999477,297.732699996194,-48.9224527891004,148.660718293141
0.231160417670285,-1.26445289120982,4.81481934870236,-0.648281351946648,297.828602421406,-48.9663586585918,149.043269789286
0.233460191822487,-1.25494063792288,4.79484001335558,-0.672312892112327,297.925784403092,-49.0084004092717,149.431459701732
0.235269626604321,-1.24558555828501,4.77435226306713,-0.693117541016005,298.02496653135,-49.047192135635,149.824943166337
0.236263733764495,-1.23642288202554,4.753182540719,-0.711839122313985,298.126254393938,-49.0813554291529,150.222895446077
0.236153700878653,-1.22765812465825,4.73193257700023,-0.729591375556066,298.229155273999,-49.109819770212,150.624697040726
0.234761855515742,-1.21964072568075,4.7117587794676,-0.747135797278608,298.332713764393,-49.1319414878142,151.03022704303
0.232072187720786,-1.21279440289758,4.69409488059681,-0.764654876833416,298.435672335447,-49.1474997926379,151.439316998732
0.228248914918439,-1.20751942933861,4.68034159148466,-0.781641837033384,298.536671629345,-49.1567765227408,151.85085681538
0.2236085720004,-1.20408955107378,4.67149947051657,-0.796953982558496,298.634579543996,-49.1607314652014,152.26262815396
0.218536899766552,-1.2025862425258,4.66783653486016,-0.80908117721158,298.728869686991,-49.1610384558206,152.67215575459
0.213381322022498,-1.20290323542503,4.66876775949493,-0.816554383751157,298.819809138684,-49.1598149011491,153.07758429934
0.208367299432055,-1.20480576581507,4.67301175705275,-0.818325862838647,298.908358144746,-49.1591063017028,153.477849177343
0.203561224824491,-1.2080062836171,4.6789507468797,-0.813999096177363,298.995891623918,-49.1603410853451,153.87257711174
0.198878130617063,-1.2122322992149,4.68505789404206,-0.80386118767349,299.083883962093,-49.1640453516941,154.262235205933
0.194121197890467,-1.21727570985781,4.69023827731727,-0.788741718511217,299.173654122885,-49.1699671562553,154.648443546689
0.18903376470865,-1.22302099379984,4.69399346840765,-0.769785203340992,299.266228493472,-49.177446112311,155.034237385623
0.183347106346873,-1.22945681171944,4.69643582017432,-0.748226815259691,299.362314867542,-49.1857146211951,155.424180261123
0.176817712760178,-1.2366794093908,4.69825524480847,-0.725208418253419,299.462296796548,-49.1939216294501,155.824098039334
0.169263408851052,-1.24489380568103,4.70073610033005,-0.701595911649279,299.566100847658,-49.200899364471,156.240053502198
0.160621510548684,-1.25440041388872,4.7058127364795,-0.677710840388764,299.672833891959,-49.2049937177545,156.676259464137
0.151037313388138,-1.26552341091771,4.71594775867298,-0.652978343235253,299.780352576912,-49.2044916557368,157.13211327046
0.140916790453926,-1.27844701708047,4.73349498148886,-0.625787359849569,299.885377566997,-49.1987745859468,157.600018588391
0.130813127338937,-1.29304870497212,4.75962425540449,-0.594028983793316,299.984653341797,-49.1892070012154,158.066714285627
0.121155111634201,-1.30891689443022,4.79371410504434,-0.556192777594871,300.076394353695,-49.1786413731389,158.517729813851
0.112049525771951,-1.32556658938714,4.8339870545312,-0.512135855553366,300.160666030749,-49.1698854175633,158.941641053097
0.103321616011372,-1.34265392959333,4.87890203212178,-0.462955925498848,300.238577250055,-49.1642651091244,159.332900344822
0.0947019439951973,-1.36004472647119,4.92812668430934,-0.410307913861007,300.311215859887,-49.1612022302263,159.692934932269
0.0859757798979234,-1.37776073539582,4.98261011988984,-0.355834758624799,300.379077096507,-49.1589711305123,160.02933214901
0.07702484467834,-1.39590068257637,5.04421001604185,-0.300995987926383,300.442039513089,-49.1558697121791,160.35402748195
0.067804004589428,-1.41460213216276,5.11541949229712,-0.247171230727565,300.499580317155,-49.1509979717595,160.681220650039
0.0583196833715141,-1.43406307221291,5.19937882644986,-0.195821475792832,300.550977841999,-49.1443242001852,161.025201408084
0.0486656012009934,-1.4546088648304,5.29999302215917,-0.148528879020541,300.595427152681,-49.1360039177644,161.39828144726
0.0391521113501825,-1.47674690902393,5.42156757065266,-0.106760504810232,300.63217084873,-49.1250683883202,161.80879155441
0.0305012249743434,-1.50107854581133,5.56709342141227,-0.071232934670199,300.660820737505,-49.1079885592793,162.258020244395
0.023897066653552,-1.52791227030656,5.7350798568317,-0.0410066205767276,300.681825119399,-49.0785905050318,162.734902388418
0.0205137583391471,-1.55675091966854,5.9173815743962,-0.0131716408753412,300.696818144957,-49.0313396724692,163.213622511316
0.0207153983764729,-1.58639633561134,6.10176202388024,0.0158543400980027,300.708770288457,-48.9660287301775,163.665524125075
0.023950932223951,-1.61572854268309,6.27766517752917,0.0484748884867206,300.721455387433,-48.8877493513158,164.075598649876
0.0293434885826445,-1.64414084848761,6.43928909584786,0.085390450327393,300.738230765239,-48.8029303627642,164.443452608981
0.0361265307179465,-1.67143061269085,6.58485190889985,0.126135976664104,300.76133640258,-48.716415965919,164.776498140709
0.0437396619865815,-1.69758563193261,6.71478246958388,0.16972053146529,300.791958343578,-48.6306230301326,165.085869049488
0.051777810706307,-1.72266727241481,6.83054160522606,0.215014894828274,300.830540195861,-48.5459607968712,165.384435714438
0.0599405955204831,-1.7467803611415,6.9340867659289,0.260879824981407,300.877095863526,-48.4618099369654,165.684744241955
0.0680289649504567,-1.77006633171615,7.02746063512347,0.30613852285713,300.931499243347,-48.3775500094402,165.996693969055
0.0759701928103568,-1.79267016383257,7.11225438729899,0.349533172631803,300.993679023124,-48.2932884543492,166.325386792842
0.0838247310086302,-1.81466576325145,7.18908209152449,0.389805805565918,301.063577730296,-48.2100519575351,166.669313213801
0.0917286075845579,-1.83597224346057,7.25748270516169,0.425978744421544,301.140834800119,-48.1293059148194,167.019616236672
0.0997724140406075,-1.85634231713272,7.31660507097937,0.457693650964927,301.224475182453,-48.0520677635912,167.362306564969
0.107905949250122,-1.8754663827301,7.36626238730442,0.485261248439264,301.313031909679,-47.9783837668831,167.683316801415
0.115952697446498,-1.8931051270937,7.40737473171074,0.50931894167815,301.405058377223,-47.9075956109835,167.972512262874
0.123695862519962,-1.90914176029655,7.44158500263497,0.530416724563548,301.4995493933,-47.8389466494555,168.224448539545
0.130950558689998,-1.92355252503544,7.47064400259216,0.548810576439539,301.596016373158,-47.7719597584202,168.437336284422
0.137590552200548,-1.93635243971011,7.49601340817868,0.564468714267949,301.694331879896,-47.7064692783856,168.611800741322
0.143542735261972,-1.94755528183905,7.51874038311579,0.577175767556169,301.794539557597,-47.64247136896,168.74988904706
0.148769979965603,-1.95715612680862,7.53949485592122,0.586640935458259,301.896730609036,-47.579963640899,168.854315838532
0.153254846978804,-1.96512943405745,7.55866392729528,0.592570176947697,302.000995500945,-47.5188496143445,168.927891721231
0.156988279489733,-1.97143357850408,7.57644366322363,0.594700021408555,302.107420679888,-47.458908468755,168.973096277703
0.159963048745469,-1.97601601757094,7.5929053552565,0.592806293569011,302.216095113886,-47.3998040525252,168.991762049713
0.162170696484807,-1.97881745556428,7.60803314072939,0.586704724323161,302.327097200453,-47.3411102123358,168.984840413164
0.163601467617018,-1.97977687094163,7.62173943315295,0.576259304505509,302.440450989356,-47.2823346776487,168.952233779218
0.164247014610459,-1.97883948418885,7.63386962173379,0.56140526925359,302.556081995834,-47.2229163869596,168.89267454675
0.164103290947428,-1.97596448410752,7.64420320554,0.542178306802038,302.673811404769,-47.1621778850285,168.803598384978
0.163168609607016,-1.97112680112944,7.65244778189717,0.518742616626377,302.793351432538,-47.0992608803217,168.680990114428
0.161432775206041,-1.96431389198555,7.65822736589983,0.491425307892755,302.914220657579,-47.0331138352081,168.519291214908
0.1588548897898,-1.95552556102651,7.6610897375113,0.460760250868743,303.03554284173,-46.9626314749569,168.311529160103
0.155331203296493,-1.94478849568134,7.66058643793553,0.427512215100518,303.155768887442,-46.8871055398452,168.049868067805
0.150669100876697,-1.93219792295006,7.65649977085173,0.392597245764192,303.272508079657,-46.8071776331668,167.726973389673
0.144615296971522,-1.91798375894034,7.64924716255085,0.356763802044486,303.382913460948,-46.7262951088463,167.339268469238
0.137011423336208,-1.90254040385168,7.6402360184015,0.319978636906063,303.485191944916,-46.6518500537255,166.893689666511
0.12804682497349,-1.88627917063651,7.63140578818122,0.280948393455429,303.580940866628,-46.5934836954601,166.414916811518
0.1182861926732,-1.86930201161502,7.62349350299531,0.237734589499181,303.675833055402,-46.5568732104369,165.940624476812
0.108291588795375,-1.85128042937336,7.61487998573594,0.189225617910985,303.77673326722,-46.5390911135131,165.504945404092
0.0983034306735658,-1.831714671658,7.60303664744895,0.135791984457705,303.888005209589,-46.531778918309,165.129359618321
0.0882794323463033,-1.81024115415045,7.58711871691557,0.0787724642888018,304.010086774902,-46.5268417753203,164.824509644363
0.0780761381471981,-1.78677801764247,7.56905172871132,0.0196916632524053,304.140275855327,-46.5189451476713,164.594668299378
0.0675653276421876,-1.76152615085418,7.55221853866255,-0.0401897717493049,304.274737995425,-46.5053813830368,164.440092836233
0.056672994624419,-1.73485197269648,7.53905381663092,-0.0999460190113085,304.410600335045,-46.4851465621505,164.358002548536
0.0453859034120077,-1.7071232975063,7.52996657320901,-0.158867594517025,304.546753018351,-46.4580486633034,164.344427018523
0.0337376307574122,-1.6786165150388,7.52412163975928,-0.216328940816614,304.683278995021,-46.4241685932793,164.396328843875
0.0217813084349414,-1.6495145521482,7.52050506620435,-0.271705244500788,304.820675124796,-46.3837229636428,164.512281416418
0.0095664689152859,-1.61993673569403,7.51838478615941,-0.324339342975904,304.959477656998,-46.3372313208311,164.691510582665
-0.00286760368365102,-1.58996515126936,7.51733576615729,-0.373565650097933,305.100183125533,-46.2859194347638,164.931912105387
-0.0154768698911419,-1.55966558284514,7.51711798032386,-0.418810363972418,305.243243217589,-46.2322883382124,165.227629974664
-0.0281838667975775,-1.52910826262866,7.51754244381796,-0.459747076410654,305.388981258692,-46.1805275724127,165.567052687907
-0.0408663297720372,-1.49838684760958,7.51837399212675,-0.496386361308623,305.537392516192,-46.1360076584227,165.932926439188
-0.0533896119532925,-1.46762898462821,7.51928505239759,-0.528965569464893,305.688010679514,-46.1034141931869,166.305815255478
-0.0656549453732334,-1.43699637830497,7.51986282487938,-0.557717562144022,305.840056013491,-46.0847560710837,166.66856910854
-0.0776165537582184,-1.40667684605815,7.51966021713123,-0.58273515502738,305.992755132163,-46.0789562252065,167.00824605514
-0.0892678342861675,-1.37687009378746,7.51826570218282,-0.603982364987216,306.145563125628,-46.0829474127144,167.315747177802
-0.100619699792952,-1.34777244987583,7.5153577391366,-0.621362223294012,306.298194668799,-46.0931069246393,167.585132368242
-0.111682462283789,-1.3195682367611,7.510715910455,-0.634779201385008,306.450539003782,-46.1062546290769,167.813130655513
-0.122454185586861,-1.29242925858074,7.5041907641277,-0.64418475411475,306.602559033467,-46.1200573828514,167.998525137406
-0.132915732815513,-1.26651724779952,7.49566013402399,-0.649608225510932,306.7542241979,-46.1330099283714,168.141349211894
-0.143030559347352,-1.24198414086991,7.48499787303161,-0.651174915643505,306.905478000473,-46.1442265149836,168.24209511056
-0.152746470520946,-1.21896854178893,7.472064649388,-0.649112899312242,307.056222121879,-46.1532083343727,168.301110004251
-0.161997341206509,-1.19758898339859,7.45671948413022,-0.643749947701405,307.206300260167,-46.1596661432402,168.318244621836
-0.170704204467686,-1.17793491236481,7.43884843559123,-0.635499461221782,307.355471724205,-46.1634258700178,168.292757396887
-0.178776699902929,-1.16005619558884,7.41840670353784,-0.624829924456187,307.503372737051,-46.1644276278227,168.223467313903
-0.186117744512656,-1.14395285590414,7.39546509051543,-0.612208945567738,307.649474993945,-46.1628284774154,168.109156911371
-0.192636130237533,-1.12956942743315,7.37023647851724,-0.598016654971528,307.793070307716,-46.1592158095109,167.949220426358
-0.19827143421341,-1.11680195312141,7.34303592481718,-0.582442756974002,307.933334404453,-46.1549062629482,167.744504563995
-0.203028911687388,-1.10552648363202,7.31412205612484,-0.565418496493051,308.06953093169,-46.152222110487,167.498189126628
-0.207007193280615,-1.09565005389236,7.2834233206468,-0.546664237260106,308.201367756913,-46.1545175336662,167.216421490108
-0.210389733864662,-1.087166931093,7.25028896417512,-0.525900007349066,308.329392505805,-46.1656746162496,166.908347422658
-0.213385104772818,-1.08018621820802,7.21350742230644,-0.50314533438495,308.455190080649,-46.1889791982396,166.585409372449
-0.216142510769031,-1.07490244240222,7.17169956978007,-0.478921724097591,308.58117400438,-46.2257568810348,166.260363745001
-0.21869452359818,-1.07151246992483,7.12387265446356,-0.454207118507029,308.709975527023,-46.2745637682376,165.94650626569
-0.220960355036539,-1.07011931663285,7.06976907012051,-0.430151094101187,308.843681210739,-46.3316105042418,165.656598935944
-0.2228021816927,-1.07068272534841,7.00981061864317,-0.407718713804587,308.983311018346,-46.3922765376699,165.401044582829
-0.224092898412183,-1.07304672824604,6.94476268991367,-0.387485856336342,309.128792445016,-46.4526595840731,165.186518547318
-0.224755112787466,-1.07700935612398,6.87542000213069,-0.369664668345267,309.279308899425,-46.5102740839571,165.016196425779
-0.224765003396788,-1.08238013392029,6.80247972492986,-0.354250533425981,309.43371534972,-46.5639537961837,164.890979050086
-0.224137148232049,-1.08900511695726,6.72656570538347,-0.341161399657338,309.590834357388,-46.6134425881694,164.810662282185
-0.222905013182061,-1.09676821836917,6.64830924607754,-0.330318985579405,309.749606079382,-46.6589962942767,164.774657370033
-0.221103699998102,-1.10558282953834,6.56842393084316,-0.321677140860794,309.909137504561,-46.701098485083,164.782330084604
-0.218756617177179,-1.11538274927631,6.48775068585245,-0.315217305952457,310.068704430036,-46.7402946515833,164.833102775779
-0.215866210696931,-1.12611610052217,6.40727085331098,-0.31092651893618,310.227743003318,-46.7771270229895,164.926404713037
-0.212409268190783,-1.13774244231077,6.32808972155426,-0.308765400264067,310.385846611455,-46.8121535514668,165.061499639047
-0.208338501935472,-1.15023131214226,6.25138480981733,-0.30862925705021,310.542767491247,-46.8460342449299,165.237185498723
-0.203593071585016,-1.16355955799261,6.17830061525416,-0.310307993382152,310.698412571362,-46.8796537663607,165.451332767898
-0.198120045759681,-1.17770524630684,6.10976956541518,-0.313459362365978,310.852817356273,-46.9142153728182,165.700198322225
-0.191904939743505,-1.19263821842776,6.0462681621622,-0.317619657693637,311.006078878157,-46.9511945121885,165.977484471968
-0.185001146257476,-1.20831145567117,5.98759438254344,-0.322274957608272,311.158240886112,-46.9920289383983,166.273400449481
-0.177537537897397,-1.22466098164748,5.93285008760382,-0.326988961843176,311.309173433076,-47.0375675892396,166.574627582837
-0.169685199978259,-1.24161903594406,5.88078376315075,-0.331526419717814,311.45854220291,-47.0876319912848,166.866277303729
-0.16159554506856,-1.25913253652644,5.8303491865437,-0.335878064790866,311.605913809653,-47.1411286749885,167.135284366099
-0.153354396219835,-1.27717095575619,5.78106704972571,-0.340163466029449,311.750920230178,-47.1966220026241,167.372785235769
-0.144978844147351,-1.29571915831858,5.73298891656138,-0.344495919688003,311.893380523897,-47.2528576407339,167.574182219812
-0.136442826526018,-1.31476459990324,5.68643924303299,-0.348898245611199,312.033341026692,-47.3089762318932,167.737890792557
-0.127706122017301,-1.33428790774199,5.64177142545867,-0.353288582651214,312.171045433803,-47.3644971322212,167.864056016208
-0.118733597041459,-1.35425922272105,5.59923236246949,-0.357509268064061,312.306868578087,-47.4192114642138,167.953688728655
-0.109503345865968,-1.37463885257338,5.55892377226095,-0.361367568341899,312.441247362287,-47.4730624360235,168.008165628634
-0.10000726240112,-1.39538009344606,5.5208186116313,-0.364669731981785,312.574627081238,-47.5260432673373,168.028953058091
-0.0902480196179662,-1.41643259296937,5.48479781769175,-0.36724230086367,312.707425999669,-47.5781216543627,168.017464464025
-0.0802352431753189,-1.437745309908,5.45068700655971,-0.368941822915621,312.840013281483,-47.6291913256828,167.975009100084
-0.0699823726034719,-1.45926863043709,5.41828402131063,-0.369656723814552,312.9726943333,-47.6790486509537,167.90281285823
-0.0595048160383355,-1.48095547710486,5.38737469898156,-0.369305156567356,313.105699956667,-47.7273920873945,167.802100532273
-0.0488195071312134,-1.50276135871707,5.35773725094688,-0.367831742747961,313.239178934254,-47.7738421202656,167.674230780088
-0.0379456793804007,-1.52464335803083,5.32913694075482,-0.365205020735897,313.373196433355,-47.8179776926721,167.520872806726
-0.0269064171078792,-1.54655813925574,5.3013136311479,-0.361416352329104,313.507741812426,-47.8593816953571,167.344205233238
-0.0157302589543954,-1.56845926842771,5.27396610446751,-0.356480062152536,313.642747888275,-47.8976845509891,167.147100289804
-0.0044519011917172,-1.59029451203433,5.24673899266924,-0.350433794384035,313.778118943328,-47.9325946029953,166.933233794736
0.00688888540277836,-1.61200416669865,5.21921951191546,-0.343337680509861,313.913758652139,-47.963909873616,166.707049562348
0.018250390779257,-1.63352147223789,5.19094938946706,-0.335271209228598,314.049586843108,-47.9915165872617,166.47353209902
0.0295933334286741,-1.65477540166583,5.16145080575881,-0.326327822308937,314.185540081962,-48.0153881707406,166.237813720571
0.0408847775120003,-1.67569488169101,5.13025707041599,-0.316608795775195,314.321562304899,-48.0355956502066,166.004723769459
0.0521000602589667,-1.69621274314377,5.09693598827681,-0.306218810931472,314.457597891102,-48.0523272929358,165.77841320036
0.0632223043176733,-1.71626806862401,5.06109928825134,-0.295264923740323,314.593595046123,-48.065903988031,165.562137524204
0.0742402708051819,-1.73580665113332,5.02240008264084,-0.283858836971293,314.729517939088,-48.0767773294694,165.358203523078
0.0851457761262774,-1.75478011998935,4.98052543046522,-0.272120837759341,314.865360426715,-48.0855071677738,165.168035316463
0.0959316287646172,-1.77314454746284,4.93519096009734,-0.260183411917694,315.001154691148,-48.0927249933856,164.992304957048
0.106590489284552,-1.79085920045396,4.88614160336772,-0.248193205838403,315.136971629195,-48.0990931913602,164.831084052848
0.117114600118321,-1.8078858379893,4.83315947130276,-0.236310931519241,315.272913136118,-48.1052686094699,164.683988928849
0.12749609466957,-1.82418873191645,4.77607783752865,-0.224709448544501,315.409098339576,-48.1118751224506,164.550305476884
0.137727529865378,-1.83973542933804,4.71479901557367,-0.213570493403408,315.545646532807,-48.1194862982639,164.429089841335
0.147802307332838,-1.85449815218669,4.64931328217238,-0.20308051027084,315.682659532017,-48.1286168333487,164.319247717683
0.157714705653514,-1.86845561555094,4.57971575234838,-0.193425950715558,315.820205817719,-48.1397202263188,164.219598563137
0.167459330082769,-1.8815949376673,4.5062183154298,-0.184788355925032,315.958308272056,-48.1531899648874,164.12893162981
0.177029907214159,-1.89391323564513,4.42915448443101,-0.177339524543497,316.096936657098,-48.169361974475,164.046058802708
0.186417510921021,-1.90541848969894,4.34897622976683,-0.171237060632191,316.236005238194,-48.1885168766127,163.969865607918
0.195608478554245,-1.91612934478387,4.26624325632406,-0.166620541892973,316.375375247787,-48.2108814266085,163.899357806222
0.204582416470811,-1.92607370036909,4.18160629639973,-0.163608431782016,316.514861344741,-48.2366291210828,163.833698244461
0.213310753264227,-1.93528617788683,4.0957864590202,-0.162295708095679,316.654240962237,-48.265880292418,163.772228221291
0.22175624948191,-1.94380478856258,4.00955241023689,-0.16275205400979,316.793265463259,-48.2987020858147,163.714469742979
0.229873718406252,-1.95166729148425,3.92369641294746,-0.165020413766865,316.931672239345,-48.3351086920748,163.660108916295
0.237611986992188,-1.95890779499206,3.83900950618576,-0.169115780264086,317.069197139414,-48.3750622356894,163.608964952968
0.244916880112233,-1.9655541041117,3.75625581897697,-0.17502423406578,317.20558676064,-48.4184748418486,163.560952407596
0.251734801516423,-1.97162616711212,3.67614640903806,-0.18270243067308,317.340610109347,-48.4652125283248,163.516045351375
0.258016363695865,-1.97713575870591,3.5993139248369,-0.192077858024879,317.474068995149,-48.5151015038752,163.474250919489
0.263719519689833,-1.9820873036755,3.52629033381037,-0.203050198198174,317.605806374278,-48.5679370680255,163.435596526289
0.268811774012146,-1.98647954847212,3.45749038403368,-0.215494007070378,317.735711850379,-48.623494642939,163.400131037434
0.273271259533963,-1.9903076769135,3.39320304482033,-0.229262704801581,317.863723753098,-48.6815417640141,163.367936535871
0.277086697860218,-1.99356546060174,3.33359198027807,-0.244193618144564,317.989827626904,-48.7418494213306,163.339144995671
0.280256447516429,-1.9962471211001,3.27870457307701,-0.260113611906201,318.114051464262,-48.8042011823852,163.313953602888
0.282786947169375,-1.99834871794288,3.22848766789776,-0.276844746398047,318.236458450673,-48.8683990184463,163.292633437744
0.284690876671737,-1.9998690163765,3.18280741541379,-0.294209415823366,318.357138241528,-48.9342654968038,163.275528141811
0.285985311202298,-2.00080989535195,3.14147045926762,-0.312034537752343,318.476197821571,-49.0016427178557,163.263041334814
0.286690067515288,-2.00117641420989,3.1042440780707,-0.330154535499886,318.593752834707,-49.0703888600673,163.255613388012
0.286826365116595,-2.00097666835516,3.07087352673056,-0.348413046670268,318.709920001815,-49.1403733767105,163.253689439361
0.286415863932107,-2.00022154211702,3.04109551012752,-0.36666347567134,318.824810944888,-49.2114718072237,163.257681212176
0.285480095824967,-1.99892442569878,3.0146473500955,-0.384768671097448,318.938527477788,-49.2835609379608,163.267925371892
0.284040274142065,-1.99710091598886,2.99127194831622,-0.402600137051495,319.051158237292,-49.3565147912181,163.284641004551
0.282117435109253,-1.99476847934081,2.97071911888381,-0.420037264556594,319.162776428266,-49.4302017333947,163.307888567659
0.279732831215023,-1.99194602788046,2.95274428046284,-0.436967071056434,319.273438433409,-49.5044829104657,163.337532630402
0.276908458662388,-1.98865335747255,2.93710583532907,-0.453284837263934,319.383183079889,-49.579212222282,163.373211112709
0.273667564525854,-1.98491042007262,2.92356274809975,-0.468895814687358,319.49203144741,-49.6542380614435,163.414314550718
0.270034958636242,-1.98073645456729,2.91187376256474,-0.483717854745388,319.599987220398,-49.7294069606941,163.459979750906
0.266036970344392,-1.97614906681641,2.9017992663658,-0.497684442473153,319.707037695658,-49.8045690307689,163.509102227777
0.261700957800751,-1.97116340801669,2.89310603292569,-0.510747323184428,319.813155598815,-49.8795846274529,163.560370168367
0.257054395309041,-1.96579162092954,2.88557411115757,-0.522877835882084,319.918301782919,-49.954331190202,163.612319053014
0.252123700333121,-1.96004268442614,2.8790043300571,-0.534066309710352,320.022428677345,-50.028708874042,163.663401374792
0.246933060395723,-1.95392269234988,2.87322458842493,-0.544319398663881,320.125484099409,-50.1026436525495,163.712062029429
0.241503531796499,-1.94743548655813,2.86809346083467,-0.553655832053016,320.22741488208,-50.176087042497,163.756808738559
0.235852597538165,-1.9405834744135,2.86350050449804,-0.562101489978616,320.328169811963,-50.249012305592,163.796268886209
0.229994229009122,-1.93336843165643,2.8593636097244,-0.569684810630997,320.427701623281,-50.3214076428684,163.829228344466
0.223939356056814,-1.92579212549527,2.85562442653733,-0.5764333067939,320.525968145282,-50.3932672998909,163.854652363018
0.217696561601952,-1.91785666674102,2.85224314993081,-0.582371556002253,320.622932998555,-50.4645815978293,163.871691858881
0.211272795310403,-1.90956458219269,2.84919380552604,-0.587520608165941,320.718566375744,-50.5353267933056,163.879679893986
0.204673933565569,-1.90091866620161,2.84646081324201,-0.591898446310568,320.812846391564,-50.6054554850123,163.878123032122
0.197905075813757,-1.89192171376588,2.84403718593127,-0.595520980893479,320.905761281653,-50.6748881315892,163.866691248554
0.190970538566303,-1.88257625668382,2.84192434781487,-0.598403038828299,320.997312441006,-50.7435061657671,163.845208711843
0.183873574956295,-1.8728844233143,2.84013327425375,-0.60055888519935,321.087517993186,-50.8111471702032,163.813646452408
0.17661590388797,-1.8628480247615,2.83868646076739,-0.602001951879697,321.176416336182,-50.8776025791158,163.772116877601
0.169197175469458,-1.85246893730142,2.83762011390865,-0.602743617880026,321.26406897183,-50.942618343148,163.720869379984
0.161614525201431,-1.84174980384266,2.83698591228292,-0.602791075162686,321.350561923964,-51.0058989131235,163.660285951706
0.153862373017008,-1.83069501881084,2.83685171288737,-0.602144506262952,321.436005196349,-51.0671147587419,163.590875755068
0.145932600103401,-1.81931189819928,2.83730067941775,-0.600793976632377,321.520529989063,-51.1259134527627,163.513267945421
0.137815184513504,-1.80761187968425,2.8384284844814,-0.598716578803443,321.60428373613,-51.1819341422795,163.428202570545
0.129499300812813,-1.79561155945692,2.84033847746406,-0.595874427965422,321.687423378696,-51.2348249985095,163.336519921336
0.120974801466426,-1.78333336411367,2.84313499551481,-0.592214075312051,321.77010757732,-51.2842629652529,163.239149128689
0.112233915501629,-1.77080568379562,2.84691530102161,-0.5876677665097,321.852488739328,-51.3299747854887,163.137096963173
0.103272941556386,-1.75806235639695,2.85176092426011,-0.582156738115887,321.934705753953,-51.371757868316,163.031437597621
0.094093690772462,-1.74514148320432,2.85772943936927,-0.575596445135359,322.016878183738,-51.4094991209374,162.923303465453
0.0847044546399303,-1.73208365979867,2.8648478629775,-0.567903291698932,322.099102378328,-51.4431895388471,162.813876331416
0.0751203295325928,-1.71892980646129,2.87310888183737,-0.559002141455466,322.181449615539,-51.4729323001198,162.704376565007
0.0653628141115764,-1.7057188639301,2.88247091844554,-0.548833662815069,322.263966023512,-51.4989425235938,162.596047919815
0.055458698686288,-1.69248566770962,2.89286257024532,-0.537360471501712,322.346673788511,-51.5215378173434,162.490135500306
0.0454383758325455,-1.67925930995141,2.90419121695468,-0.524571128657314,322.429573071772,-51.5411201762381,162.387856309181
0.0353338011525614,-1.66606222885432,2.91635472701147,-0.510481373327231,322.512644150198,-51.5581513590147,162.290364356476
0.0251763955803404,-1.65291013460546,2.92925448781235,-0.495132477276115,322.595849497632,-51.5731250869835,162.198714655045
0.0149951813010916,-1.6398127177931,2.9428077275685,-0.478587175030809,322.679135734868,-51.5865398078191,162.113831357664
0.00481537610254759,-1.62677494079644,2.95695741361219,-0.46092405890693,322.762435508499,-51.5988752168767,162.036484358903
-0.00534244333317858,-1.61379863029063,2.97167876772005,-0.442231498478244,322.845669379236,-51.6105744856501,161.967276431757
-0.0154626213521015,-1.60088408743615,2.98698231916228,-0.422602026703005,322.928747736884,-51.6220327142287,161.906640493776
-0.0255342538248952,-1.58803149590697,3.00291411185496,-0.402127824333146,323.011572672467,-51.6335909636223,161.854844824928
-0.0355507264964656,-1.57524200217838,3.01955403072104,-0.380897568849216,323.094039683784,-51.6455345629706,161.812003320256
-0.0455091248727002,-1.56251843408808,3.0370132181697,-0.35899460625647,323.176039096155,-51.6580942102675,161.778087964418
-0.0554096556147353,-1.54986569241476,3.05543131633477,-0.336496207274084,323.257457143325,-51.671448541105,161.75294127249
-0.0652551814407865,-1.53729089010499,3.07497391145268,-0.313473584598157,323.338176758778,-51.6857271558447,161.736287126241
-0.0750509313892764,-1.5248033286684,3.09583015467999,-0.289992346974957,323.418078257377,-51.7010134437599,161.72773907857
-0.0848044123628013,-1.51241439894024,3.11821012180498,-0.266113113079018,323.497040232245,-51.717346853462,161.726805755745
-0.0945255171168265,-1.50013748146505,3.14234105069402,-0.241892072838746,323.574941152207,-51.7347245084052,161.732893471535
-0.104226794559633,-1.4879879057156,3.16846114946913,-0.217381345657777,323.651662320577,-51.7531022581687,161.745306608422
-0.113923813596757,-1.475983009165,3.19680922222409,-0.192629034285051,323.727093031752,-51.7723954092992,161.76324674691
-0.123635503179305,-1.46414231537488,3.22760802344408,-0.167678912107443,323.801138876787,-51.7924795184704,161.785811962413
-0.133384283230826,-1.45248781836488,3.26103930499267,-0.14256972233753,323.873734066494,-51.813191780612,161.811998184567
-0.143195718563526,-1.44104431006118,3.29720946154704,-0.117334134142413,323.944858112778,-51.8343337149946,161.840705016271
-0.153097361194814,-1.4298396114396,3.33610717382144,-0.0919975194281145,324.014555926587,-51.8556760129647,161.870748823285
-0.163116463842241,-1.41890447468592,3.3775589232404,-0.0665768950800861,324.082958174736,-51.8769664548529,161.900885902711
-0.173276446291152,-1.40827185642112,3.42119403921599,-0.0410805758017429,324.1502959678,-51.8979415354404,161.929847546727
-0.183592439930469,-1.39797530601284,3.46643529576619,-0.0155091755076975,324.216902025203,-51.9183416575478,161.956386251974
-0.19406683275215,-1.38804645453568,3.5125294243119,0.0101415950476649,324.28319161974,-51.9379284791944,161.979328234395
-0.204686165719736,-1.37851201128343,3.55862091757212,0.0358764392398984,324.349622356564,-51.9565016997033,161.997623200182
-0.21542058646045,-1.36939106678739,3.60385489905757,0.0616951257757925,324.416640633991,-51.9739120741736,162.010380590806
-0.226226235958329,-1.3606935579008,3.6474805515508,0.0875875812552142,324.484629425643,-51.9900683418867,162.016884304718
-0.237049849522212,-1.35242034889775,3.68892580368161,0.113530589074502,324.553871888602,-52.0049377391835,162.016584530507
-0.247834162923873,-1.34456475666525,3.7278274777246,0.139486589636619,324.624538127782,-52.0185417475626,162.009072357486
-0.258522765333469,-1.33711489713225,3.76401938579878,0.165404314808579,324.696693186602,-52.0309497019786,161.994046671241
-0.269063617279614,-1.33005616531417,3.79749311256227,0.191220557184107,324.770318369193,-52.0422726657241,161.971282426459
-0.279411095091487,-1.3233733914759,3.82834860198165,0.216862377766425,324.84533708336,-52.0526590804193,161.940606249721
-0.289526825037784,-1.31705251810171,3.8567472633276,0.242249327814026,324.921638831953,-52.062292743584,161.901881714486
-0.299379687255651,-1.31108185789097,3.88287412053503,0.267295580164695,324.999098221312,-52.0713929822786,161.855003948203
-0.308945307022023,-1.30545308163175,3.9069107281769,0.291912097294059,325.077588327756,-52.0802165081675,161.799901755448
-0.318205227154561,-1.30016207746618,3.92901798318494,0.31600906831914,325.156989093364,-52.089060252868,161.736544849142
-0.327145843969554,-1.2952097647739,3.94932707689431,0.33949883702087,325.237191889856,-52.0982643954361,161.664953681911
-0.335757119043528,-1.29060287091631,3.96793685559603,0.362299439889461,325.318101401508,-52.1082147660827,161.585209552425
-0.344031053739522,-1.28635460835049,3.98491617106489,0.384338702049143,325.399635844674,-52.1193438491811,161.497463099431
-0.351959924151692,-1.28248513742602,4.00031006651669,0.405558627472493,325.481726419007,-52.1321297298663,161.401940034708
-0.359534308107152,-1.27902167634708,4.01414875079579,0.425919608335279,325.564316826808,-52.1470925165615,161.298943972047
-0.366740979046437,-1.27599812976624,4.02645829881679,0.445403811143165,325.647363682716,-52.1647879567178,161.188857303866
-0.373560783202747,-1.27345414960463,4.03727197401588,0.464017013968496,325.730838617514,-52.1857980377252,161.07214198515
-0.379966651604609,-1.27143360724602,4.04664108313647,0.481788193010386,325.814732794977,-52.2107182393644,160.949342609994
-0.385921928050879,-1.2699825319398,4.05464438066765,0.498766293066623,325.899064341897,-52.2401407711642,160.821094352607
-0.391379222508517,-1.26914664150816,4.06139522516029,0.515013858927424,325.983888776665,-52.2746327039942,160.688138423849
-0.396280029261165,-1.26896864644874,4.06704590266117,0.530597538335237,326.069311868828,-52.3147076350483,160.551347750582
-0.400555377829206,-1.2694855449249,4.07178869699956,0.545575874003744,326.15550347699,-52.3607897853228,160.41176507693
-0.404127792533177,-1.27072616052668,4.07585331069995,0.559985273369558,326.24270985307,-52.4131707263408,160.2706532871
-0.406914769458609,-1.27270923969102,4.07950008934884,0.573825597986216,326.331260794297,-52.4719617975999,160.129551962999
-0.408833743094341,-1.27544253227463,4.08300834990443,0.587047452849107,326.421567109964,-52.5370497778928,159.990325055028
-0.409808034511188,-1.27892334775322,4.08665944792987,0.599543831884593,326.514103688942,-52.6080682505363,159.85517571528
-0.409772637156045,-1.28314092074947,4.09071561895212,0.61114884408111,326.609374980643,-52.6843992235918,159.726603473902
-0.408678268599508,-1.28808036920108,4.09539807016432,0.621645188290148,326.707863855597,-52.7652151615438,159.607293338331
-0.406492381767007,-1.29372721433801,4.10087001391409,0.630779684773865,326.809971194311,-52.849559781227,159.499953929879
-0.403196920757217,-1.30007086258714,4.10723033841638,0.638283388863795,326.915959478538,-52.9364516944357,159.407146206556
-0.398783975425317,-1.30710564898348,4.1145205414546,0.643891195532311,327.025915333666,-53.024986617947,159.331146428163
-0.393251268035636,-1.31482901278951,4.12274286385217,0.647356323381444,327.139741463477,-53.1144161949866,159.273864256717
-0.386599188604322,-1.32323755427104,4.13188379796105,0.648457113824626,327.257179438721,-53.2041916798772,159.236806781485
-0.378830212562294,-1.33232249487041,4.141935739855,0.646995987047982,327.37785554848,-53.2939720742282,159.221061054185
-0.369950579601736,-1.34206622094863,4.15291021752841,0.642792436885403,327.50133634769,-53.3836038971352,159.227266603143
-0.359973417279301,-1.3524412845497,4.16483796492894,0.635673564416187,327.627180178476,-53.4730824454408,159.255559037065
-0.348922046245668,-1.36341266957891,4.17775375452583,0.625466897067405,327.754974665145,-53.5625032545325,159.305479091795
-0.336831906899687,-1.3749433514448,4.19166778434168,0.612000794445564,327.8843554641,-53.6520094510148,159.375856116217
-0.323749478434265,-1.38700209169272,4.20653117761282,0.595116760098851,328.015006340379,-53.7417381240513,159.464692734869
-0.309727069013856,-1.39957105138453,4.22221013140719,0.574694376790869,328.14664423828,-53.8317688473004,159.569098370775
-0.294813830120676,-1.41264970527984,4.23848759545346,0.550683165610967,328.278995606779,-53.9220804017959,159.685333771538
-0.279045591264837,-1.4262518011014,4.25510643980316,0.523128943227162,328.411771969761,-54.0125244689849,159.809015109898
-0.262437805177729,-1.44039461771689,4.27185064580858,0.492180651578098,328.544653091406,-54.1028224219709,159.935471257656
-0.244985276646035,-1.4550837318404,4.2886396920286,0.458071174743796,328.677284049601,-54.1925825641517,160.060177957892
-0.226669155375878,-1.47029922169405,4.30560331955698,0.421078971006811,328.809287074223,-54.2813275395983,160.179162576594
-0.207467983740041,-1.48598843225725,4.32311771137629,0.381487021804883,328.940280798883,-54.368522164131,160.289302549889
-0.187367961235849,-1.50206655073873,4.34180901772002,0.339555179898832,329.069893071903,-54.4535977044146,160.388493705059
-0.166368715063486,-1.51842195006212,4.36254718156962,0.295513367492843,329.197754594574,-54.5359725682955,160.475705031262
-0.144483433512176,-1.53492093261466,4.38645058187712,0.249573025426672,329.323470962947,-54.6150707496763,160.550961278155
-0.121734516444644,-1.55140663997596,4.41489602456868,0.201948117525284,329.446588043773,-54.6903422192139,160.61531132586
-0.0981473683217448,-1.56768884130702,4.44946923774385,0.152875357471748,329.566593085314,-54.7612950536801,160.670843283665
-0.0737465981044603,-1.5835261098675,4.49167913771566,0.102622710624377,329.683041360412,-54.8275529779437,160.720765998137
-0.0485618017291347,-1.59861506614059,4.54214192723417,0.0514734356509334,329.79594118799,-54.8889401431284,160.769409289305
-0.022649805546429,-1.61262536276864,4.59918644892497,-0.000320614479533988,329.906390749173,-54.9455422293021,160.821651354316
0.00387812456479775,-1.6253152176337,4.65802699506691,-0.0525877901927395,330.016885939228,-54.9976215500805,160.881273788146
0.0308622133939636,-1.63665867127782,4.71245421458286,-0.105224062390142,330.130414903559,-55.0453485411218,160.949169818843
0.0581391564918957,-1.64683407974025,4.75815399498715,-0.158112487369836,330.248887216098,-55.0885861152241,161.023563778739
0.0855739951202641,-1.65608633461906,4.79407658598478,-0.211062082914646,330.372596715004,-55.1269457387986,161.102036712406
0.11305735335003,-1.66461761002695,4.82131569332278,-0.263816135991373,330.500843947484,-55.1599936331981,161.183055199575
0.140491610563983,-1.67256070202453,4.84161791439903,-0.316091452098296,330.632665000207,-55.1874120697212,161.26625735537
0.167781828035301,-1.67999355910568,4.8565970549634,-0.367609792239142,330.76719564011,-55.2090745804191,161.35216840968
0.194831889421255,-1.68695923195212,4.86751405678028,-0.418115586745716,330.903769059681,-55.2250693349078,161.441888891197
0.22154309665535,-1.69348063875743,4.8752965887045,-0.467385385886195,331.041909714205,-55.2356980758988,161.536901586534
0.247813693837685,-1.69957040720766,4.8806217689293,-0.515232879828663,331.181304628561,-55.2414607371201,161.638979624803
0.273538945322831,-1.70523798810878,4.8839996742185,-0.561510317229536,331.321777693849,-55.2430272348578,161.750149270594
0.29861202649169,-1.71049566590036,4.88584361524492,-0.606105013370828,331.463269912386,-55.2411947068287,161.872664382887
0.322926393687601,-1.7153641209686,4.88652778787435,-0.648927777868105,331.60582170601,-55.2368271745371,162.008952083123
0.34638058618769,-1.71987704454865,4.88643370866335,-0.689888278144624,331.749552224494,-55.2307746485459,162.161488082963
0.368886349570493,-1.72408279447534,4.88598096740032,-0.728851778823228,331.894631579745,-55.223771911372,162.332562776383
0.390379961546693,-1.72803941258432,4.88562791738377,-0.765575677407362,332.041244553056,-55.2163270221469,162.523917857688
0.410833985989766,-1.73179876190549,4.88581919084343,-0.799637413794516,332.189548630235,-55.208628171363,162.736276463274
0.430262604874201,-1.73537846268571,4.88686214674338,-0.8303882571265,332.339634203799,-55.2005192433361,162.968847555397
0.448710845205908,-1.73872827007172,4.88874961447884,-0.856987255934237,332.491498715934,-55.1915991867838,163.218934389501
0.466221458521379,-1.74170761714012,4.89100957776766,-0.878557220943785,332.645049037207,-55.1814586715876,163.481820530127
0.482786202882997,-1.74409425697124,4.89270621960173,-0.894436047126062,332.800144574685,-55.1699727292754,163.751133268095
0.498304537359526,-1.74563071064215,4.89266180831394,-0.904401079219197,332.956676648084,-55.1574842660316,164.019740786721
0.512574743828687,-1.74608981508774,4.88981058815362,-0.908721466457266,333.114650734988,-55.1447495588464,164.280878568115
0.525321881984699,-1.74532643977837,4.88348377912167,-0.908001339085436,333.274232616165,-55.1326700656857,164.529062629474
0.536243141739263,-1.74329387959375,4.87348634198303,-0.90291524441362,333.435750436008,-55.1219516168682,164.760682771267
0.54504592186272,-1.74002637324231,4.85997867999416,-0.893980641335286,333.599669002875,-55.1128269258719,164.974429848631
0.551465726577177,-1.73560560402161,4.84327602893195,-0.881459501795276,333.766543215318,-55.1049127410158,165.17156567001
0.555267318124869,-1.73013260696192,4.82368295410042,-0.865395140615126,333.936946506867,-55.0972105628066,165.35590497188
0.556242431540906,-1.72371744615142,4.8014220737334,-0.845725589775302,334.111388486521,-55.0882198723676,165.533482918221
0.554214866170667,-1.71648533096073,4.7766524662912,-0.822396074383535,334.290257527091,-55.0761287355644,165.711965696813
0.549054815108372,-1.70858950502674,4.74954264366061,-0.795407764892282,334.473805042537,-55.0590614397808,165.899781474376
0.540700055105531,-1.70021856360887,4.72035164029919,-0.764767243744419,334.662147325626,-55.0353579924026,166.104870544454
0.529181677744825,-1.69158272594352,4.68944134144873,-0.73034268297255,334.855257575987,-55.0038178394987,166.333059694343
0.514645186080811,-1.68286328105556,4.65709694929835,-0.691710922589992,335.052962940262,-54.9637915229893,166.586385936848
0.497342155156777,-1.67412813542207,4.62306420951,-0.648176039770525,335.255003074474,-54.9150494400524,166.86196737048
0.477564735553764,-1.66525621116408,4.58594238657786,-0.599122954166884,335.46119662215,-54.8575486491379,167.151875721627
0.455534479327338,-1.65593653561171,4.54291162173218,-0.544612721274362,335.67167909828,-54.7913817641194,167.444217183881
0.431323596245947,-1.64577100549516,4.49024268929141,-0.485790079089217,335.887077675586,-54.7170929193328,167.725408376647
0.404888470090586,-1.63442887619849,4.42429400516997,-0.424715918858686,336.108520496709,-54.6361959626383,167.98259127447
0.376191137287203,-1.62175744270246,4.34210330159356,-0.363748590151054,336.337564706874,-54.5514530160035,168.204898110146
0.345311416942332,-1.60778937384365,4.24117875777684,-0.304944507575773,336.576170727564,-54.4666284495816,168.383723860653
0.312495246491418,-1.59266354105036,4.11896769710148,-0.249799848612259,336.826624450109,-54.3858332814823,168.51221406372
0.278155540808632,-1.57653741717155,3.97275845287966,-0.199301902399214,337.091202324361,-54.3127697642979,168.584010295035
0.24285404907297,-1.55956387583076,3.80036675153128,-0.154063074277843,337.37156324381,-54.2501041209264,168.59246423858
0.207251401849809,-1.54195026559383,3.60125409073462,-0.114388362657989,337.668122331358,-54.1990661551418,168.531479856184
0.171990069246411,-1.52405054350963,3.37715846714398,-0.0802781218143422,337.979868545525,-54.1593369031612,168.39718423945
0.137530125641265,-1.50639140508806,3.13157706894372,-0.0514248714525188,338.30489782556,-54.1291825460222,168.188202538461
0.10403552797772,-1.4895747578469,2.86858962870189,-0.0272386367398502,338.641215753979,-54.105617458461,167.903898889729
0.0713907287633993,-1.47411707132559,2.59206320777391,-0.00690164918818956,338.986958734197,-54.0845506891349,167.543122278748
0.0393420513583848,-1.46035789280562,2.3056504038258,0.0105463985541343,339.339751286599,-54.0613429126251,167.107145763892
0.00768958968376846,-1.44856120288975,2.01333990414399,0.0260304467473873,339.696039184022,-54.0319707981055,166.608933794722
-0.0236500302144766,-1.43915607856744,1.71978503049716,0.0400959406524421,340.051766497874,-53.9937381630574,166.084141172659
-0.0548500494227761,-1.43266374204444,1.42920347571627,0.0527504465504869,340.403819036512,-53.9452444401543,165.584951532409
-0.0862726860962411,-1.42920955304089,1.14380234319357,0.0639208632448778,340.750386103965,-53.8875637355867,165.152810182148
-0.11819914290253,-1.4283895069004,0.86418219297671,0.0738703341898667,341.090851818265,-53.8247234460714,164.804648308236
-0.150623479207967,-1.42958721213681,0.590655544370617,0.083147153479332,341.425609618237,-53.7617339781843,164.54049389962
-0.18329234006978,-1.43224938965545,0.323768999275727,0.0924094481089681,341.75554117279,-53.7026034751474,164.354604180883
-0.215830897759964,-1.43596992966723,0.0642746474324535,0.102325939298441,342.081450855541,-53.649721312777,164.242648177751
-0.24783377386756,-1.44046616023809,-0.186851168808901,0.113532588218439,342.403729632347,-53.6041299899872,164.205152226919
-0.278887704866883,-1.44553541807386,-0.428260010096642,0.126604703948932,342.722299538444,-53.565931304689,164.248633020752
-0.308536879528989,-1.45103722462327,-0.658188741392952,0.142077926741171,343.03685544676,-53.5344669103988,164.38512356333
-0.336228301804379,-1.45688595171691,-0.874674175166491,0.160627620277144,343.347431434374,-53.5083950877616,164.629593709109
-0.36128455302473,-1.46295659190448,-1.07568086354461,0.183403828513981,343.655039389352,-53.4863837232249,164.994846798666
-0.382941164584842,-1.46884117785163,-1.25858702909759,0.211946190918294,343.961600387424,-53.4695143851638,165.484885096402
-0.400539984099419,-1.47376941112492,-1.42013768012299,0.246648948944254,344.268181325903,-53.4647734997312,166.08191636804
-0.414015948107401,-1.47731245661298,-1.55996631467488,0.28452160320251,344.571685967832,-53.4817105454651,166.719282531338
-0.423951907052161,-1.480202856767,-1.68423702583273,0.321128447707986,344.866471343097,-53.5183809255786,167.297021941907
-0.430593989399866,-1.48356402811775,-1.79918963523793,0.355346283568006,345.150687640777,-53.5639500921305,167.758864761091
-0.433602336105081,-1.48795532109265,-1.90571914453872,0.388270953565907,345.425880782498,-53.6110775001844,168.0941771605
-0.432503666625158,-1.49343026863573,-2.0023158036666,0.420308501916291,345.694682370336,-53.6571668102405,168.306167645315
-0.426961338347026,-1.4998786388338,-2.08818133529022,0.450546670478633,345.959829552212,-53.7016663640033,168.400948091426
-0.416829931581827,-1.50721091156844,-2.16386915226681,0.477414906521261,346.223820004577,-53.7440839569071,168.384670210315
-0.402111551455489,-1.51538284751105,-2.23073157349419,0.499408895310129,346.488786831879,-53.7830625066417,168.261557479376
-0.382880238413949,-1.52436538407841,-2.29026955464372,0.515499224948122,346.756280029726,-53.8161157127582,168.03319135684
-0.359200036648363,-1.53412015964998,-2.34368833927643,0.52522191065152,347.026735395511,-53.8399656611022,167.699821713751
-0.331074889876867,-1.54459042425193,-2.39167733138257,0.528390847685834,347.298803676799,-53.8519145984057,167.264773415154
-0.298546226236143,-1.55569026867482,-2.43465093525308,0.524308148266022,347.569762900373,-53.8521661869431,166.744899774253
-0.262038043596451,-1.56727582865628,-2.47390541791095,0.51096060104506,347.838610847441,-53.8443617249786,166.186489985607
-0.222517050227774,-1.5791620449085,-2.51264155107109,0.485902752226667,348.10801642315,-53.8312987262522,165.660619417524
-0.180964246281792,-1.59123295692212,-2.55462120315922,0.44832983289903,348.380084161919,-53.8128418367967,165.225293757527
-0.138016118169688,-1.60345718666913,-2.60272519663869,0.39912394513757,348.654102980646,-53.7898332776172,164.909960600945
-0.0941901332820722,-1.61581368476515,-2.65987963473713,0.339691092343015,348.929292047709,-53.7651743445271,164.727238332203
-0.050193093978332,-1.62828705235649,-2.73105254770752,0.271533546385291,349.207346752255,-53.7411949627105,164.684753603808
-0.0071394387077013,-1.640945961907,-2.82500653496806,0.196644244823391,349.493427053062,-53.7173173870115,164.791263811018
0.0332890609061276,-1.65402097078827,-2.95390714134405,0.118173131626055,349.795470439324,-53.6895576160786,165.05210594496
0.0690039320416623,-1.66770295656008,-3.12482676141082,0.040034969235325,350.118638901114,-53.6514690324911,165.455456617929
0.0985596361587125,-1.68155632349141,-3.31957581523449,-0.0359321291046327,350.454575439644,-53.5968839616076,165.980784259147
0.122698684620547,-1.69456321806743,-3.49359267103834,-0.112242055584804,350.78192489361,-53.5305502405815,166.610163926743
0.143069263584904,-1.70552177983386,-3.62179933198533,-0.194106115324769,351.083218444325,-53.4680370065198,167.259458065136
0.160148579174512,-1.71369055192376,-3.70567985713526,-0.282562916675718,351.351682844214,-53.4125502079395,167.804549638995
0.174317126966246,-1.71965770482732,-3.7571760839933,-0.372857203831514,351.595245053446,-53.3586009515063,168.178023790242
0.186180613790998,-1.72420659571639,-3.7890551022906,-0.459963411681704,351.827362709934,-53.304936794684,168.371858976634
0.196131754679119,-1.72759815294449,-3.80923661026425,-0.540853470792203,352.056428059801,-53.2528849041061,168.400173182892
0.20419847301847,-1.72978600195328,-3.8212341809276,-0.613711917022413,352.28459607849,-53.2017943749841,168.276789965166
0.210082806584274,-1.73071344054284,-3.82610925121321,-0.676896938741621,352.509276225082,-53.1490640471292,168.014660815291
0.213359294778517,-1.73051346082609,-3.82438999288945,-0.728366109844754,352.724701536643,-53.0937530281182,167.632835051563
0.21391710704454,-1.72955723825363,-3.81795958723313,-0.766187358320871,352.925326006871,-53.040727215611,167.163110821001
0.212347610691311,-1.72821167214236,-3.81034085175711,-0.790309605346098,353.110835316273,-52.9997556055813,166.656747019741
0.209584447501861,-1.72650051619745,-3.80417298536483,-0.803440081621459,353.287130780083,-52.976230307361,166.175258320773
0.206096841714548,-1.7241950582745,-3.799312988021,-0.808959013475305,353.460416923132,-52.9652486402888,165.761152067761
0.20182733517554,-1.72116687916421,-3.79422473593482,-0.808803207480677,353.632943065939,-52.9579484735373,165.427627321449
0.196618680765468,-1.71747838158304,-3.78769134257768,-0.803586148005233,353.804155074713,-52.9480230162851,165.170460328386
0.190425776611304,-1.71327456752068,-3.77918047308701,-0.793433456695086,353.972994801804,-52.9325692851136,164.980066680371
0.18330455142007,-1.70869170208462,-3.76858639660664,-0.778424773491662,354.138925699207,-52.9107499084208,164.847586026762
0.175355690406514,-1.7038291568424,-3.7559657379052,-0.758701199410041,354.301928251112,-52.8826777903831,164.766961363503
0.166689444794287,-1.69875371638637,-3.7413923574003,-0.734468930288449,354.462221999321,-52.8488834921797,164.735051391877
0.157409485474395,-1.69351067968637,-3.72488740960452,-0.705987908970407,354.620070039899,-52.8101373867429,164.750985494853
0.147605185995901,-1.68813295566154,-3.70637887221412,-0.67355832679743,354.775697623788,-52.7674316662741,164.815304210091
0.13734762516442,-1.68264668864034,-3.68567009759468,-0.637504880737201,354.92927486549,-52.7220411331114,164.929013610389
0.126688681646813,-1.67707297271224,-3.66241234253805,-0.598163616213482,355.080922135933,-52.6756486196258,165.09251822039
0.115663746873001,-1.67142492052888,-3.63608248192859,-0.555882242452313,355.230704963637,-52.6305305180373,165.304402515982
0.104297426611693,-1.66570070220519,-3.60596780144201,-0.511042719507865,355.37857951146,-52.5897270134134,165.560188882782
0.0926090621676804,-1.65987734005942,-3.57115735795051,-0.464095827286319,355.524260422541,-52.556963058285,165.851513907878
0.0806140483023882,-1.65391350557903,-3.53053690746265,-0.415572579307255,355.667055076294,-52.536015517701,166.166334834874
0.0683205559445397,-1.64776452079455,-3.48278129931935,-0.366049394080375,355.805798634721,-52.5295789211117,166.490166767746
0.0557240683143463,-1.64140104477494,-3.42632745435513,-0.316097495636366,355.938980638447,-52.538282359842,166.807399497467
0.0427968363558572,-1.63481972328772,-3.35930287281763,-0.266264279062282,356.064982564756,-52.5605193153317,167.102127915983
0.0294655822662823,-1.62804340486419,-3.27944155633856,-0.217091949075504,356.182276379313,-52.593100563087,167.359049563096
0.0155815941532818,-1.62111976240858,-3.18418066106033,-0.169142738189386,356.289564031767,-52.6322044223805,167.56470744697
0.000903140669961078,-1.61413099598465,-3.07125066242066,-0.122991877578587,356.386005566481,-52.6740801427925,167.708477813313
-0.0148849646764633,-1.60721808382587,-2.93988430515611,-0.0791581227301767,356.471652900828,-52.7153377429321,167.782924043427
-0.0321011863692675,-1.60060325401465,-2.79219879901213,-0.0379822414557797,356.547912834722,-52.7530282042658,167.783750175204
-0.0509682917608833,-1.59458181949753,-2.63379689590693,0.000472774285358951,356.617600191907,-52.7848045196695,167.70955934309
-0.0715437014347889,-1.58947693957409,-2.47299303070875,0.036417381205012,356.684363843962,-52.8093487060354,167.561520166664
-0.0937103389939597,-1.58559253819951,-2.31905206040169,0.0702419658561509,356.751825973768,-52.8270869900568,167.34355538711
-0.117187056991735,-1.5831924547875,-2.18008765992707,0.102459003453725,356.822960527019,-52.8408702617158,167.063967372641
-0.141513837196335,-1.5824709486341,-2.06099664522742,0.133764357674186,356.899968454022,-52.8557112595333,166.738117893837
-0.166062469799692,-1.58345796070255,-1.96222549117998,0.165076421469252,356.984513232874,-52.876690513251,166.389287166428
-0.190175778351925,-1.58591689646649,-1.88044746588738,0.197304834923495,357.077817591029,-52.9059799390746,166.04454466277
-0.213385250697074,-1.58939555175878,-1.81088798505266,0.230944004299648,357.180359292335,-52.9418201985963,165.7274117595
-0.235507619776912,-1.59342450274211,-1.74951302153823,0.265893910212438,357.291611862405,-52.9803839963196,165.453217498272
-0.256562865350091,-1.59767415063171,-1.69384914549588,0.30162275968009,357.410246878432,-53.0182220240685,165.229349694971
-0.276636673157379,-1.60197851965434,-1.64271277506032,0.337445620080694,357.534617312658,-53.0533772426643,165.057845799238
-0.295791158368151,-1.60628027717919,-1.59562068533438,0.372726358937087,357.663164686178,-53.08527593502,164.937833733654
-0.314038313865621,-1.61056824001633,-1.55232584955674,0.406963464170765,357.794611484543,-53.1141824673095,164.867139946924
-0.331349757373368,-1.61483688691082,-1.51257199669796,0.439795441242902,357.927990378546,-53.1407076083398,164.843219507058
-0.347677724653736,-1.61906800077709,-1.4760094977628,0.470968157521968,358.062603869498,-53.1655105372916,164.863628406584
-0.362974629575198,-1.62322627299971,-1.44219542878337,0.500290407205452,358.197974780619,-53.1891722105716,164.92617386485
-0.377207207490155,-1.62726255523678,-1.41062909547713,0.527589548967812,358.333809662263,-53.2121817131191,165.02883211809
-0.390364327539207,-1.6311219767034,-1.38080509619624,0.552673470459049,358.469974881135,-53.2349871268033,165.169500658104
-0.402457380488435,-1.63475593100069,-1.35228214476398,0.575307010829448,358.606474911822,-53.2580755511954,165.345622715088
-0.413511505775374,-1.63813631808996,-1.32476495140755,0.595215461813361,358.743416903721,-53.282048548196,165.553683919107
-0.423547231372184,-1.64126795436728,-1.29818164896304,0.612128086327457,358.880942852872,-53.3076480307012,165.788580562478
-0.43255717455647,-1.64419227119442,-1.27271797814799,0.625862670116166,359.019118608709,-53.3356752960988,166.042995219209
-0.44049038614815,-1.64697544007313,-1.24875927810672,0.636422813056108,359.157803145611,-53.3667742899119,166.307226468688
-0.447259818817942,-1.64968113576432,-1.22672443197967,0.644046606181795,359.296572030404,-53.401165636347,166.570084466451
-0.452775083949212,-1.65234123632149,-1.20686207705313,0.649153814758328,359.43476685038,-53.4385342340849,166.820868860055
-0.45698021878984,-1.6549433058546,-1.18913640119568,0.652212631010853,359.571650379019,-53.4781793805726,167.051362049698
-0.459872402447955,-1.6574408178593,-1.17326161548366,0.653612353918092,359.706570425232,-53.5192949848625,167.256671223391
-0.461496977221238,-1.65977476557146,-1.15882487012834,0.653605485836545,359.83906105964,-53.561184813471,167.434840640499
-0.461930227562913,-1.66189231945353,-1.14540511443379,0.652316486583021,359.968873437602,-53.6033493596962,167.585928195399
-0.461261620223066,-1.66375631182051,-1.13264270573609,0.649781533997693,360.095959513255,-53.645483819872,167.711129158538
-0.459580799769412,-1.66534664571056,-1.12026175239011,0.645989629455709,360.220432790484,-53.6874380600258,167.812150411298
-0.456969980672616,-1.66665721741904,-1.10806430521919,0.640912139490916,360.342521860256,-53.7291679105281,167.890821202963
-0.45350061909588,-1.66769144959234,-1.09591353401085,0.634519556064544,360.462525541667,-53.7706901773122,167.948872780614
-0.44923295763726,-1.66845822937776,-1.08371591593979,0.626788989326168,360.58077472236,-53.8120456895149,167.987828700043
-0.444217203419829,-1.66896894169842,-1.07140659104296,0.617706364108602,360.69760359382,-53.8532712684442,168.008965309983
-0.438495389466453,-1.66923562578036,-1.05893871827938,0.607266144916147,360.813330615814,-53.8943798842531,168.013314605889
-0.432103290167708,-1.66927000003533,-1.04627628519948,0.595470179838602,360.928247595453,-53.9353475570353,168.001690550507
-0.425072049598708,-1.66908304788912,-1.03338947381842,0.582326433710041,361.04261432875,-53.976105488345,167.974726928998
-0.417429392003759,-1.66868490484922,-1.02025172595605,0.567847949889057,361.156656307496,-54.0165362322082,167.932920187493
-0.409200412744657,-1.66808485778274,-1.00683777379994,0.552052179007418,361.270563592555,-54.0564731606625,167.876674413523
-0.400408015867393,-1.66729133027978,-0.993122003276555,0.534960713804008,361.384489699167,-54.0957028537682,167.806347798216
-0.391073096592418,-1.66631177837146,-0.979076596864372,0.516599406224835,361.498550002994,-54.1339702379429,167.72230087823
-0.381214579648603,-1.66515246324646,-0.964668989077982,0.496998789967136,361.612819696799,-54.1709862790741,167.624946855338
-0.370849425366053,-1.66381810648054,-0.949858298237966,0.47619468530494,361.727331684938,-54.2064378305342,167.514803505746
-0.359992706764004,-1.66231146943975,-0.934590594263356,0.45422882840219,361.842074981004,-54.239998928676,167.392544771753
-0.348657841605877,-1.66063292806063,-0.918793117722441,0.431149349219912,361.956994163852,-54.2713425772757,167.25904832495
-0.336857034272517,-1.65878012984698,-0.902367841335475,0.407010926674096,362.07199025178,-54.3001520558914,167.115433675373
-0.324601945436142,-1.65674781316334,-0.885184992149962,0.381874482892719,362.186923042381,-54.3261311608675,166.963084454315
-0.311904569531737,-1.65452783412579,-0.867077254800235,0.355806351506153,362.301614652403,-54.3490134925933,166.8036490438
-0.298778271217739,-1.65210938550946,-0.847835308285416,0.328876973284175,362.41585381995,-54.3685716364334,166.639016154045
-0.285238926385038,-1.64947931913791,-0.827205154072327,0.301159319860795,362.529400591016,-54.3846273751856,166.471265978726
-0.271306140271658,-1.64662242444912,-0.804887560881407,0.27272736737436,362.641991328784,-54.3970635546893,166.302602168962
-0.257004569324988,-1.64352150318742,-0.78054024022875,0.243654957653701,362.753344551418,-54.4058369529653,166.135273747912
-0.242365425893541,-1.64015713929535,-0.753784541630213,0.214015239093242,362.863168954971,-54.4109900103481,165.971498256799
-0.227428243448729,-1.63650720529441,-0.724220881644917,0.183880582214026,362.971176180038,-54.4126582635617,165.813397485645
-0.212242857425448,-1.63254636869571,-0.691460647988869,0.153322503556574,363.077102327365,-54.4110701748035,165.662955030181
-0.196871236493637,-1.62824614334406,-0.655185506699903,0.122410851056437,363.180743219028,-54.4065366376594,165.522000387501
-0.181388232740937,-1.62357629406298,-0.615243941543771,0.0912115121291226,363.282007026489,-54.3994285176523,165.392216782287
-0.165879623856215,-1.61850842379873,-0.571782432578296,0.0597824805913856,363.380980871123,-54.3901424223644,165.275159243579
-0.150435551005586,-1.61302193602251,-0.525378868295444,0.0281694637004673,363.477992965666,-54.3790584575878,165.172258572266
-0.135138676442466,-1.60711098885152,-0.477107144705546,-0.00359608447363059,363.573634111182,-54.3664992677393,165.084785419953
-0.12004970960839,-1.60078924193929,-0.428451712609494,-0.0354931190402943,363.668700832503,-54.3527041095863,165.013769821629
-0.105196577513781,-1.59408913655653,-0.381052702933973,-0.0675004655563467,363.764056789309,-54.3378288784588,164.959912213021
-0.0905733657724138,-1.58705538648853,-0.33637542517139,-0.0995834015959555,363.860465145304,-54.3219707550778,164.923547082618
-0.0761497474817703,-1.57973613153879,-0.295458765496039,-0.131683922435713,363.958469718263,-54.3052030314424,164.904694478562
-0.0618855353115259,-1.57217614098723,-0.2588374015641,-0.163719129090235,364.058367641135,-54.2876032950279,164.903176732346
-0.0477436529362096,-1.56441415299721,-0.226617373917247,-0.195587453114687,364.160257736,-54.2692668861509,164.918744419065
-0.0336979378341052,-1.55648374586035,-0.19861980665867,-0.227179414040298,364.264119233519,-54.2503076478118,164.951168108291
-0.0197357481452158,-1.54841607185714,-0.174517648162499,-0.25838958472144,364.369883384695,-54.2308523979148,165.000283986348
-0.00585695430789643,-1.5402430666428,-0.153930928671023,-0.289127781260778,364.477481939125,-54.2110348268925,165.066002879619
0.00792916399549505,-1.53200035344318,-0.136477731080576,-0.319328512691664,364.586872068048,-54.1909921548386,165.148297530965
0.0216082148939137,-1.5237294395501,-0.121791541823969,-0.348957936546893,364.698043367751,-54.1708660383864,165.247179221758
0.0351657694297665,-1.51547889841499,-0.109517416203739,-0.378017229941244,364.811012826162,-54.150808293875,165.362668396382
0.0485929497083344,-1.50730416442412,-0.0992969603174133,-0.406540800464384,364.925811844524,-54.1309916044456,165.494756871332
0.0618921084242337,-1.49926545608014,-0.090749552225161,-0.434587437049024,365.042467427712,-54.1116249027103,165.643351373219
0.0750817833191047,-1.49142327708297,-0.0834559764548489,-0.462222594808721,365.160978165792,-54.0929718380906,165.808180640458
0.0881995442996251,-1.48383105129023,-0.076951103478782,-0.489490912088265,365.281285256879,-54.0753679307256,165.98864627887
0.101300770389608,-1.4765249918615,-0.070734034138657,-0.516380551319107,365.403240753119,-54.0592277744597,166.183611146488
0.114451281922381,-1.46951267671164,-0.0643051240085687,-0.542785997553785,365.526580486923,-54.0450304290362,166.391158928736
0.127713059628283,-1.46276405740429,-0.057234527672102,-0.568483012023677,365.650915983896,-54.0332743212964,166.608419861333
0.141125724527588,-1.45621049616402,-0.0492512069823703,-0.593133629759152,365.775760937901,-54.024406577894,166.831597173875
0.154690664006785,-1.44975611710537,-0.0403189553805876,-0.616331865421438,365.900595350075,-54.0187494843106,167.056277449604
0.168365634907217,-1.44329981721607,-0.0306568574969573,-0.637680042461915,366.024948352147,-54.0164524713625,167.277956961825
0.182072727689927,-1.4367594101944,-0.0206840991095404,-0.656865556875838,366.148468305442,-54.0174846574157,167.492581569791
0.195715207929328,-1.43008795141786,-0.0109109840424273,-0.673707267459094,366.270957997756,-54.0216638215561,167.696905982947
0.209195252363547,-1.42327758272368,-0.00182402945014191,-0.688159831591454,366.3923728342,-54.0287072488218,167.888604993782
0.222426668231679,-1.416353033199,0.0061946344823674,-0.70028541249649,366.512793976866,-54.0382886183322,168.066192300824
0.235340915255027,-1.40936023328848,0.0128999103575262,-0.71021117684465,366.63239149236,-54.0500882629318,168.22885025107
0.247887692579953,-1.40235490202524,0.0181770517922492,-0.718088125233784,366.751388929458,-54.0638293456402,168.376256377345
0.260032231832496,-1.39539373724382,0.0220126567789188,-0.724059541486985,366.870035396412,-54.0792980416038,168.508449995209
0.271751124455211,-1.38852889768618,0.0244584362114712,-0.728241303123458,366.988586891687,-54.0963499836347,168.625745155398
0.28302791016183,-1.38180539917147,0.0255973913534723,-0.730712899706514,367.107296081602,-54.114907379323,168.72867685431
0.29384914553921,-1.37526066281448,0.0255170005417463,-0.731516577439239,367.226408584031,-54.134951610274,168.817963864829
0.304201301117933,-1.36892543078052,0.0242905612275393,-0.730661712010399,367.346163558154,-54.1565153364789,168.894476703051
0.31406856735676,-1.36282539629697,0.0219658435150983,-0.728131822638048,367.466796595007,-54.1796767297466,168.959206290079
0.323431473478732,-1.35698307466764,0.0185593105758985,-0.72389230086122,367.58854329766,-54.2045569817999,169.013233909834
0.332266138566687,-1.35141961583648,0.0140539941833627,-0.717897701892332,367.71164237898,-54.2313210540362,169.057705172922
0.340543970981827,-1.34615639529479,0.0083993674724011,-0.710098136062991,367.83633751899,-54.260180904615,169.093810673298
0.348231682869057,-1.3412163070243,0.00151197645694916,-0.700444787529669,367.962877592603,-54.2914000876761,169.122775051395
0.355291559740512,-1.33662472347486,-0.00672399829976834,-0.688894848857143,368.091515230307,-54.3252985189536,169.145855086744
0.361681992858056,-1.33241009756685,-0.016456770580504,-0.675416220815269,368.222504040183,-54.3622561968982,169.164346566592
0.367358323249445,-1.32860417884636,-0.0278679101581942,-0.659992237885134,368.356095192959,-54.4027146665165,169.179598998861
0.372274049108123,-1.32524181639168,-0.0411745156050825,-0.642626498525338,368.492534409898,-54.4471749832789,169.193036571753
0.376382411398798,-1.32236033486271,-0.0566328848865637,-0.623347663763984,368.632060600709,-54.4961908814305,169.206182833898
0.379638306865353,-1.31999849584339,-0.074543995413371,-0.60221388379361,368.774907412102,-54.5503558141132,169.220685055005
0.382000399309614,-1.31819508267088,-0.0952611038043785,-0.579316335012712,368.92130876965,-54.6102825987645,169.23833183568
0.383433213539858,-1.31698715766621,-0.119199752215354,-0.554781189320896,369.071509159139,-54.6765747332316,169.261054292693
0.383908879931701,-1.31640802574531,-0.14685052506456,-0.528769206056356,369.225778949709,-54.7497893423371,169.290897992427
0.383408001428217,-1.31648490569078,-0.178795225944184,-0.501472202166383,369.384434444679,-54.8303935438549,169.32995236847
0.381918806767997,-1.31723629215258,-0.215727813725937,-0.473106363023076,369.54786140172,-54.9187189896441,169.380231248217
0.379433420533046,-1.31866903563299,-0.25848177031548,-0.443904328510859,369.716539285666,-55.0149228572659,169.44351708036
0.375940047168833,-1.32077528818401,-0.308063061444063,-0.414111346716916,369.891061166883,-55.1189654302315,169.521211383294
0.371410670423053,-1.32352954850746,-0.365677916105339,-0.38399386795776,370.072140236104,-55.2306106908288,169.614258301564
0.365785910798803,-1.32688586122942,-0.432724527363283,-0.35386789111432,370.260587050805,-55.349443579205,169.723189087932
0.358961710771634,-1.33077487355444,-0.510696917929301,-0.324146187608983,370.457231757909,-55.4748784206966,169.848224064436
0.350785621118765,-1.33510129824604,-0.600956064046886,-0.295392143189748,370.662759324417,-55.6061248320591,169.989154100767
0.34107271207839,-1.33974689436573,-0.704380544267518,-0.268362393588433,370.877443431429,-55.7421153581994,170.144560032299
0.329650488215107,-1.34459121874785,-0.820984365300865,-0.244014480521134,371.100837703063,-55.881501928413,170.310262898233
0.31642977645094,-1.34955947115771,-0.949632644270824,-0.223429244805939,371.33161459596,-56.0228970276905,170.478028255698
0.301465043258705,-1.3546792755541,-1.08801294316517,-0.207601868034616,371.567782479657,-56.1653509759095,170.636253829865
0.284947604343605,-1.36010029088243,-1.23295824083399,-0.197186530524426,371.807203958694,-56.3087108896032,170.772601562887
0.26712666880437,-1.36605382596144,-1.38097026999779,-0.19238477576376,372.04795988322,-56.4535729323293,170.876246446857
0.248219837564385,-1.37278277519551,-1.52866815033275,-0.193035546003793,372.288291903873,-56.6009762757366,170.938457512255
0.228362891809628,-1.38048740300824,-1.67304962915061,-0.198796089112768,372.526310318166,-56.7520905378036,170.952417022225
0.20759875766816,-1.38931020778915,-1.8115945421346,-0.209288726960682,372.759771548314,-56.9079101401239,170.913308474455
0.185887122452379,-1.39935547519895,-1.94225266126281,-0.22413686091268,372.986124635644,-57.0688039856158,170.818902460857
0.163132648692222,-1.41071891432654,-2.0633712794431,-0.242858025301308,373.202939020654,-57.233824683206,170.670685962807
0.139249465575767,-1.42349549873255,-2.17369791836979,-0.264659471610975,373.408701667435,-57.3999823312245,170.475413994647
0.114258895999696,-1.43774702928846,-2.27262350768645,-0.28831852282654,373.603639089666,-57.5621489247532,170.245530204015
0.0883509410770139,-1.45345095726658,-2.36055102765145,-0.312366751094468,373.789855967501,-57.7142098040545,169.996050394594
0.0618419976756657,-1.47048091980656,-2.43892373245997,-0.335497494262346,373.970448051482,-57.8508826088239,169.739275914169
0.0350754411634266,-1.48863288030239,-2.50977469301841,-0.356850564633186,374.148257536357,-57.968875364351,169.482040936369
0.00835028483389317,-1.50766518657462,-2.57518493896288,-0.376043904410689,374.325122690069,-58.0670569305055,169.226524203225
-0.0181050114429241,-1.52732911188517,-2.6369422295739,-0.393072782756663,374.501783796263,-58.1461650820819,168.97215708853
-0.0441355922535751,-1.54738817958352,-2.69641022271725,-0.40818378453471,374.678171238136,-58.2084282178912,168.716921298755
-0.0696559874453678,-1.56762957398812,-2.75452960241898,-0.421758568345814,374.853792743681,-58.2572012149309,168.457819757256
-0.0946444675444947,-1.58786921190549,-2.81187637579593,-0.434218431227917,375.028047297418,-58.2966541890881,168.190927216446
-0.119139255645251,-1.60795331827497,-2.86871126655866,-0.445948902652619,375.200393480168,-58.331567877611,167.911524749285
-0.14323664254417,-1.62776313633501,-2.92498159348748,-0.457218023805941,375.370383118528,-58.3672664977528,167.614706537434
-0.167080172519671,-1.64723007622531,-2.98030689771309,-0.468046753248824,375.53764877903,-58.409624362548,167.296643357775
-0.190817044290041,-1.66635974559479,-3.03408110814752,-0.478035229236211,375.702012664117,-58.4649035038985,166.956332696739
-0.214505932702238,-1.68524331033561,-3.08586730739342,-0.4862734872111,375.863905791679,-58.5389765528983,166.597225832802
-0.23800743767208,-1.7040220117414,-3.13607874043747,-0.491551079799102,376.025063464991,-58.6355790822817,166.228466222457
-0.260937657544678,-1.72279568650478,-3.18652206739239,-0.492936206506004,376.188920834872,-58.7540631721684,165.866208623102
-0.282767322093919,-1.74152533216483,-3.24004092873127,-0.490433389520524,376.359748616225,-58.8886270986508,165.532926917072
-0.303052986436939,-1.76002393898891,-3.29906666913133,-0.485098404429394,376.540502564137,-59.0310158621474,165.250862719027
-0.321600877535129,-1.77805459517571,-3.36446362992823,-0.478394796121229,376.731314898422,-59.1746976830412,165.034634692477
-0.338423091754494,-1.79542659028776,-3.43577384096569,-0.47149215605329,376.930006432233,-59.3166628475045,164.890557269448
-0.353595791991891,-1.8120231810509,-3.51208951942189,-0.465055768072011,377.133626417955,-59.4567087949138,164.8201513039
-0.367150788903167,-1.82778844850586,-3.59263740693857,-0.45940061797471,377.339691665784,-59.5960161198574,164.823282324148
-0.379026807769272,-1.84270348438793,-3.67695932986094,-0.454747719124176,377.546780335302,-59.7360392931846,164.899599016045
-0.389062204740849,-1.85675179361924,-3.76486027129747,-0.451474344302186,377.754673975611,-59.8779595635326,165.048292873672
-0.397024830640157,-1.86985846288168,-3.85616817660665,-0.450315004930374,377.964152573462,-60.0226467231803,165.266562682207
-0.402695209180961,-1.88180300502202,-3.95025047559342,-0.452376874126416,378.176333602859,-60.1709313000866,165.547529255709
-0.405998885509015,-1.89216333929881,-4.04543606385212,-0.458742930217458,378.39152967256,-60.3238090419667,165.878206855428
-0.407108971493691,-1.90041235298726,-4.13892380079625,-0.469657443633725,378.608116360504,-60.4820613124018,166.237789502892
-0.406378177157025,-1.90620657075294,-4.22782451762575,-0.483950057441366,378.822745312235,-60.6452017369756,166.599560961454
-0.404083897403686,-1.90959467758046,-4.31069349619574,-0.499612461246408,379.032618538992,-60.8110592693375,166.941007337434
-0.400250541158561,-1.91087911028681,-4.3876948078678,-0.514994123640556,379.237367164776,-60.9769442653932,167.253259770371
-0.394708102136766,-1.91036423183628,-4.45954946978145,-0.529249710921973,379.438604776006,-61.140925879658,167.539852264375
-0.38722760150476,-1.90824960679312,-4.52684697555112,-0.54207536690843,379.638659904099,-61.3021905627593,167.810923986325
-0.377597510479045,-1.90463568615042,-4.59001683225965,-0.553415251990107,379.839857652317,-61.4608449816594,168.07929042981
-0.365634408716983,-1.89955047474331,-4.6494607125763,-0.563387232220201,380.044352329871,-61.6175651096212,168.358760699471
-0.351159391223502,-1.89295121689729,-4.7055020264713,-0.572350484562059,380.254129285266,-61.7731572996579,168.66337320191
-0.333973932128913,-1.88468259359088,-4.75805939999221,-0.580916365202096,380.470854760219,-61.9279181843627,169.006417051441
-0.313886235693893,-1.87440556872023,-4.80614763514957,-0.589615945892643,380.695301429926,-62.0807249184285,169.397734296037
-0.290869136255806,-1.86159072387571,-4.84768784632616,-0.597986123783705,380.926194799047,-62.2283559899251,169.836140213249
-0.265338122225318,-1.84576158087478,-4.88069556146066,-0.603579599403228,381.159391810207,-62.3668335025039,170.297953349578
-0.238134776751524,-1.82693011781108,-4.90575799632636,-0.602778884871881,381.390037086087,-62.4952201673966,170.740347750938
-0.209978731812042,-1.80562079049492,-4.92618701728047,-0.593369395353596,381.616480874521,-62.6168244660694,171.125099793612
-0.181147488964155,-1.78242957036986,-4.94518331804744,-0.575404255380337,381.840526596596,-62.7361573306839,171.430054464783
-0.151669746674268,-1.75774455703515,-4.96413405705566,-0.549995314751851,382.064796719232,-62.8566156643348,171.64467691573
-0.121586133056293,-1.73176027026489,-4.98305119583532,-0.518115507082706,382.290777053686,-62.9806689738848,171.765123524588
-0.0910655773452087,-1.70459201258678,-5.00161991826094,-0.480197590436764,382.518339443156,-63.1109433070496,171.791114893808
-0.0604195544845385,-1.67637361973498,-5.01999519947267,-0.43625136239387,382.745974574213,-63.250743380252,171.722805343192
-0.0300787850667533,-1.64733973423555,-5.03949040879714,-0.386143086931362,382.971128021885,-63.4034640698491,171.558250404324
-0.000527007072491992,-1.61793954597507,-5.06348652099878,-0.330003099747298,383.190830703945,-63.570470608547,171.293455502452
0.0278791629336577,-1.58895217106758,-5.09801949351148,-0.268937295215864,383.403345364497,-63.7469829474655,170.928395309773
0.0551890013117898,-1.56132066112285,-5.15002490819546,-0.205745345784282,383.610591403955,-63.9178493371903,170.48106255882
0.081836623437315,-1.53549200767047,-5.22346540781358,-0.144075271234986,383.818676227968,-64.0607340297229,169.990387208085
0.108065141790322,-1.51116367817341,-5.31874576962562,-0.0859877428370901,384.034567434289,-64.1583077321619,169.489114989608
0.133504512702248,-1.48789909129328,-5.43285464068295,-0.0311179600745075,384.261548983052,-64.205379761384,168.988287705745
0.15727489932551,-1.46548359290446,-5.55572231804476,0.0223987433113831,384.497140162136,-64.2082382702076,168.484812218958
0.178302400598485,-1.44377656548293,-5.67251215629352,0.0767715479892582,384.73580494661,-64.1827937986896,167.976014709429
0.195539588157106,-1.42283135303303,-5.7719034068681,0.132988879496974,384.972995086741,-64.1520279470094,167.471081717994
0.208405401937529,-1.40305203522266,-5.84854990584454,0.18933378323207,385.204961963643,-64.1395125741066,166.986110031468
0.217176767902409,-1.38494932473863,-5.90264046103074,0.242014940984313,385.428464554178,-64.1614976423,166.528391775614
0.222673808211153,-1.36887883152902,-5.93850143759835,0.287177988014195,385.642254248419,-64.2238820077481,166.089326666964
0.225809423913439,-1.35496938167453,-5.96257485362783,0.322111432980602,385.847688998843,-64.3238595406491,165.65730283672
0.227401611921509,-1.34302648230595,-5.98177840374825,0.345934485276369,386.048499812407,-64.4515923939679,165.231100838602
0.227960323883002,-1.33253008841631,-6.0011456930199,0.359913647722245,386.249625856006,-64.5924255612529,164.822605585445
0.227469968811825,-1.32295760175998,-6.02200622142587,0.366448218029354,386.455139402704,-64.7317197850811,164.446924544624
0.22550948650737,-1.31412660488354,-6.04291116050549,0.367327763804858,386.666831486176,-64.8593474423137,164.107886722856
0.221607819629074,-1.306164354412,-6.06181993084969,0.363134183669174,386.884417619898,-64.9699300074386,163.794423872706
0.215437675869502,-1.29930664496285,-6.07700992201404,0.353752291058086,387.106269445732,-65.0605442612166,163.48637569619
0.206807254750776,-1.29380472837501,-6.08672504385356,0.33885190111945,387.329664337522,-65.1287627011174,163.16044253404
0.195613294935319,-1.28996241255307,-6.08860398499475,0.317903918330541,387.550505877614,-65.1718490336542,162.793901117376
0.181879810151614,-1.28822052137771,-6.07990408948946,0.289876241043389,387.763070207833,-65.1873566236576,162.366881964703
0.165933578910458,-1.28915162001372,-6.05974793329056,0.253076918324379,387.960912764112,-65.1757955180069,161.863269322154
0.148679300295768,-1.29315758770655,-6.03344287105171,0.205867956009315,388.140215347211,-65.1458762871635,161.272209732465
0.13170053981471,-1.29975888871405,-6.01305123111376,0.148746225850516,388.304632968916,-65.1189690035975,160.599319336799
0.116196649057746,-1.30726504312932,-6.00491427245273,0.0861625143671903,388.465209929646,-65.1202558117267,159.894866115909
0.101071903080797,-1.31439855896272,-5.99942703336296,0.0232686153050083,388.632809374781,-65.1529106847333,159.239938774804
0.0841028493771235,-1.32165218231052,-5.98823553408102,-0.0390120890261623,388.813996322799,-65.1953670085231,158.681492521948
0.0645387383159078,-1.33014505174556,-5.97677323088915,-0.102636207680361,389.011004141647,-65.2254441731363,158.237035188441
0.0432894985456375,-1.34043267203878,-5.97113152955539,-0.169109142409127,389.220174531285,-65.2332881481435,157.911801226795
0.021466530666976,-1.35248108059433,-5.96979137755814,-0.238000095625123,389.434843756992,-65.219309648971,157.697245879451
-0.000332464196831472,-1.36609158332371,-5.96966752387964,-0.307603818470926,389.650436341963,-65.187605879079,157.578046765279
-0.0218825672422623,-1.38109099924613,-5.96925669994418,-0.37593207117957,389.865131264704,-65.1424362872434,157.539863932121
-0.0431084157487027,-1.39734390502459,-5.96815462855855,-0.441184223475455,390.078560746317,-65.0872312163035,157.572583520434
-0.063967152898375,-1.41472409384629,-5.96631445732223,-0.501874105687149,390.290813644041,-65.0244788738457,157.670715143759
-0.0843990085325997,-1.43309264721388,-5.96369804840788,-0.556842270860768,390.501978155789,-64.9558857869979,157.832158440777
-0.104307607491707,-1.45229247491974,-5.96016688769303,-0.605246506951629,390.712018684992,-64.8827087387515,158.055920540757
-0.123559071815652,-1.47215783717763,-5.95550172167728,-0.646541120434718,390.920841197682,-64.8062967986152,158.339266694381
-0.142003938302374,-1.49252966128309,-5.94952128912053,-0.680433315110875,391.12844242097,-64.7288124421593,158.675139517849
-0.159516532505787,-1.51325888063105,-5.94222847790101,-0.706824598908578,391.334984369822,-64.6537947875511,159.051351563718
-0.176018099427031,-1.5341858038223,-5.93381566573615,-0.725763321078098,391.540637878386,-64.5858483716588,159.453217492732
-0.191455283711409,-1.55511653314938,-5.92446384230377,-0.737411953734876,391.745287096688,-64.5291499828199,159.869002252917
-0.205764304473403,-1.57583301658733,-5.91415378926424,-0.74201557332106,391.948407462108,-64.4858371647812,160.293871293584
-0.218866919826691,-1.59613147510531,-5.90268417187915,-0.739874607893946,392.149233388772,-64.4554782611685,160.729227967774
-0.230693893665772,-1.61585106549299,-5.88980545409807,-0.731315341395809,392.347043504404,-64.435386081462,161.179085391511
-0.24120709254865,-1.63487099729654,-5.87530519934359,-0.71663952257294,392.541373510559,-64.4209472070941,161.646467571954
-0.250403811913597,-1.65308276230794,-5.85898943254598,-0.696076458521843,392.732055906276,-64.4058199334541,162.131734304977
-0.258302849222936,-1.6703657731183,-5.84060479263351,-0.669795917454556,392.919059612227,-64.3826460361773,162.63369147714
-0.264922996819291,-1.68659410450921,-5.81977306378508,-0.637970834220863,393.102258678327,-64.3447423262901,163.152009747628
-0.270255032922197,-1.70166557376995,-5.79588120659942,-0.600811153288195,393.281379280874,-64.288172597329,163.686633460872
-0.274207962813141,-1.71551508890881,-5.76771121699085,-0.558615973239465,393.456127271611,-64.2135437847087,164.231495280414
-0.276568390206796,-1.72809136636593,-5.73292559191499,-0.511966190613034,393.626161808498,-64.1272914093753,164.767624512055
-0.277106182013967,-1.73933017440337,-5.68828360872193,-0.461857605560111,393.790895605716,-64.0401854224297,165.268951613261
-0.27575659673278,-1.74916932676802,-5.63064274708257,-0.409502265996546,393.949373824544,-63.9621748012065,165.720172606807
-0.272612073819451,-1.75756141189261,-5.55722564772541,-0.35613566430124,394.100139558553,-63.8989808469666,166.124800894838
-0.267784121583573,-1.76443309705771,-5.46504893488957,-0.30306036977629,394.241205391805,-63.8523997257348,166.500480406707
-0.261325742271845,-1.76962318319435,-5.35064139275352,-0.251738736252297,394.370331239178,-63.8215529434903,166.87193703794
-0.253241106699406,-1.77284772732552,-5.21054477859555,-0.203832075742288,394.485660423865,-63.8035487702615,167.264282975392
-0.24355374280174,-1.77372320001222,-5.04247886541069,-0.161144358060414,394.58657574015,-63.7934764883594,167.696189286527
-0.23241381406814,-1.77188450253357,-4.84668579991251,-0.125385679288637,394.674254206725,-63.7842109814616,168.174793819857
-0.220166422969118,-1.76719815883865,-4.62655407779515,-0.0977588343387742,394.751246485697,-63.7669463044792,168.695624926203
-0.207261080349604,-1.75993524388422,-4.38774851081709,-0.0785884408628803,394.820175883665,-63.7332765888866,169.246221655658
-0.19405481659489,-1.75073219397603,-4.1362647679731,-0.0671816184366979,394.882596690942,-63.6784109142879,169.805959973696
-0.180703015537001,-1.74036037001179,-3.87689045570654,-0.0619726435785457,394.938907601016,-63.6039081735566,170.340627775203
-0.167133343376734,-1.72944751595685,-3.61323014478384,-0.0612887027845956,394.989586199793,-63.5169479704911,170.808816591146
-0.153028220454429,-1.71830302096455,-3.34882491393172,-0.0643764096801222,395.03651845406,-63.4249240275227,171.182905335645
-0.137936751055983,-1.70692320010619,-3.0877424815064,-0.0714192357702947,395.082766922102,-63.3318181414522,171.455060074632
-0.121469145055233,-1.6950891955925,-2.83438456860445,-0.0828920990397231,395.131659904691,-63.2389649909115,171.627972673129
-0.103417932797196,-1.68247405584117,-2.59332221990625,-0.0991402785418801,395.186344283135,-63.14681319397,171.707031255206
-0.0837879742321003,-1.6687414131559,-2.36921130166883,-0.120240497854857,395.249695272722,-63.0560494373515,171.697045378806
-0.0627703608176913,-1.65362778127753,-2.16647560021575,-0.145966064465124,395.324164863554,-62.9681084594568,171.601400569116
-0.0406872051178502,-1.63698811872576,-1.98870989181232,-0.175799694513888,395.41137930875,-62.885223972746,171.422312880214
-0.0179357114054927,-1.6187939908654,-1.83802613138066,-0.209020040484057,395.511587167512,-62.8099359057843,171.161676101312
0.00504724603194446,-1.5991094986208,-1.71455511715802,-0.244870960697945,395.623271316279,-62.7439057370243,170.822466148283
0.027812320397688,-1.57809694767249,-1.61609200757788,-0.282747652941304,395.743392372277,-62.6863211771589,170.411480681322
0.0499706650638832,-1.55608486164161,-1.53784281312708,-0.322248891518434,395.868773908134,-62.6332350149911,169.944905068808
0.0713569798368502,-1.53361222418008,-1.47287343856086,-0.362961687859661,395.998210035241,-62.5800538603295,169.454206489609
0.0921441003677346,-1.51123440146694,-1.41445119406937,-0.404198515083413,396.132682903944,-62.526227659595,168.979505709677
0.112664439658011,-1.48921561367535,-1.35890563059691,-0.445126745343436,396.272787417311,-62.4754069044361,168.550043785141
0.133125433741465,-1.46753661377421,-1.30567194921363,-0.485071062814886,396.417343525504,-62.4307887133469,168.17702580905
0.153533850169504,-1.44610641118201,-1.25541764966013,-0.523585432207004,396.564383799321,-62.3926670855292,167.860461185227
0.173771067358365,-1.42488877476433,-1.20872513853807,-0.560374861952153,396.712251961253,-62.3591728602594,167.595704924089
0.193677324521242,-1.40392114578237,-1.16572406589711,-0.595222056102069,396.859923384245,-62.3276644272057,167.376537512694
0.213099713143746,-1.38329249475413,-1.12617401701227,-0.627952240661643,397.006883739411,-62.2956071817527,167.196513820325
0.231910156941754,-1.36311786587084,-1.08963859937021,-0.658420978387344,397.152922246043,-62.2609244999891,167.049632808728
0.25000775423122,-1.34352019272135,-1.05561993245266,-0.686509953905168,397.297976314438,-62.2220556557473,166.930657249254
0.2673153241539,-1.32461927404348,-1.02363545606466,-0.712124111945708,397.442043493074,-62.1779008233318,166.835215218624
0.283774930879238,-1.30652544564632,-0.993253091765765,-0.735188600171615,397.585140933388,-62.1277446600457,166.759776814461
0.299344091362078,-1.28933585285137,-0.964103004891435,-0.755645674041641,397.727291578674,-62.0711919247181,166.701572318016
0.313992947174605,-1.27313205517248,-0.935878473310295,-0.773451937829868,397.868523354602,-62.0081206624209,166.658488694403
0.327702155333723,-1.25797834777929,-0.908332932423797,-0.788576162336938,398.008873758244,-61.9386483297456,166.628959042367
0.340461129645673,-1.24392059639069,-0.881276705576507,-0.80099783435408,398.148395855928,-61.8631042159156,166.611847487171
0.352266297179085,-1.23098561930626,-0.854574857979224,-0.810706622325749,398.28716343445,-61.7820024714649,166.606328246557
0.363119124860526,-1.2191812785887,-0.828146393957271,-0.817703052372156,398.425273759968,-61.6960118121033,166.611759180107
0.373023796460049,-1.20849749889211,-0.801964181029784,-0.822000801867251,398.562846727234,-61.6059198107307,166.627554311159
0.381984589571247,-1.19890842528437,-0.776054291419737,-0.823630997716713,398.700019523598,-61.5125914903652,166.653064315936
0.390003223506378,-1.19037583855581,-0.750492906245104,-0.822648579690228,398.836936545632,-61.4169236370874,166.687476946289
0.397076685846294,-1.18285373804703,-0.72539877565866,-0.819140049564147,398.973735293554,-61.3197977132624,166.729749439756
0.403196195999204,-1.17629368131457,-0.700919822380542,-0.813230904317644,399.110530238445,-61.2220351806999,166.778581588352
0.408347888947137,-1.17065012283579,-0.677213991010815,-0.805090199096895,399.247397815382,-61.1243591862844,166.832431728708
0.412515421205219,-1.16588478503753,-0.654426554616731,-0.79492962677237,399.384366160315,-61.0273658487088,166.889570038019
0.415684094807087,-1.16196918913089,-0.632667926563343,-0.782995623686444,399.521412483154,-60.9315070145944,166.948156508528
0.417845518937088,-1.15888491071509,-0.611996589513341,-0.76955507137456,399.658469061429,-60.8370846813012,167.006327092339
0.4190015778979,-1.15662175833242,-0.592410584459099,-0.754877286108121,399.795436352813,-60.7442557116119,167.062271883821
0.419166692328757,-1.15517463146914,-0.573848554501883,-0.739216167175121,399.932199614601,-60.6530443128273,167.114293346913
0.418367942124968,-1.15454006574386,-0.556198721771652,-0.72279611736339,400.068644446577,-60.5633592299094,167.160838823174
0.416643285868069,-1.15471335444059,-0.539312450854889,-0.705803924926066,400.204667098176,-60.4750127361602,167.200507941709
0.414038587538325,-1.15568676601598,-0.523018659763714,-0.688386961364542,400.340176893223,-60.3877391681027,167.232040570446
0.410604316431809,-1.15744895675972,-0.50713603448968,-0.670656537728081,400.475090064543,-60.3012117515592,167.25429377173
0.406392659340633,-1.1599853635331,-0.491481194307714,-0.652694437689254,400.609316004333,-60.2150576296757,167.266216821015
0.401455508486451,-1.16327920457005,-0.475872118096375,-0.634560475109818,400.742738084179,-60.1288722121265,167.266832397723
0.395843493761483,-1.16731267900714,-0.460127038318656,-0.616299161932986,400.875191881751,-60.0422351127591,167.25523064962
0.389605979718364,-1.17206797107222,-0.444059675397315,-0.59794397432511,401.006444299209,-59.9547308612797,167.230581993775
0.382791748551121,-1.17752768737695,-0.427472305420413,-0.579518160199514,401.136178102834,-59.8659779635261,167.192174761314
0.375449911755586,-1.18367438641634,-0.410148906490775,-0.561031589255802,401.263987947889,-59.775669201593,167.139484696768
0.367630422549449,-1.19048894958863,-0.391851538587796,-0.542473980293711,401.389395320057,-59.6836235148668,167.072282987976
0.359383443175354,-1.19794778957602,-0.372323864031565,-0.52380613100217,401.511889361321,-59.5898445814485,166.990784035316
0.350756894227992,-1.20601939493366,-0.351305476470781,-0.504952496741793,401.630995775463,-59.4945734475084,166.895818385386
0.341791990238329,-1.21466144765318,-0.328558198023306,-0.485800021081391,401.746365284792,-59.3983148285227,166.788988180717
0.33251757075772,-1.22382037039408,-0.30389993038765,-0.466208094292274,401.857858849248,-59.3018151352675,166.672732779683
0.322945265118579,-1.23343492526763,-0.277234648768249,-0.446031273598631,401.965597756724,-59.205981904055,166.550229760607
0.313068069540782,-1.24344384322019,-0.248563827472722,-0.425150107736344,402.069953538883,-59.1117590374014,166.425109233778
0.302863875118938,-1.25379506570932,-0.217970100745275,-0.40349974880088,402.171476751967,-59.0199962055543,166.301050573759
0.292303190965881,-1.264452893412,-0.185576679877062,-0.381085896796266,402.270790438248,-58.9313546991318,166.181390753094
0.281358388947567,-1.27540037563919,-0.151497049604756,-0.357983679947486,402.368485051125,-58.8462719569524,166.068850463452
0.270011549223161,-1.28663673202168,-0.115791476469764,-0.334322604400077,402.465042605352,-58.7649795571115,165.96540678753
0.25825915368446,-1.29817157312963,-0.0784409483729549,-0.310264808341124,402.560799926173,-58.6875530873982,165.872277933065
0.24611334352989,-1.31001824004146,-0.0393412146467468,-0.285983635549912,402.655946403495,-58.6139711019304,165.789968849661
0.233600453920771,-1.32218805286653,0.00168609369814015,-0.261646994221309,402.750545031979,-58.5441675092069,165.718341669883
0.220757927047415,-1.33468637072157,0.0448707550296824,-0.237407149480275,402.844565074744,-58.4780699316296,165.656695590289
0.207630656235128,-1.34751060097716,0.0904652239743985,-0.213396514430151,402.937917343532,-58.4156224839432,165.603853114034
0.194267532321766,-1.36064982163759,0.138714258609712,-0.189727873287138,403.030486540392,-58.356794664561,165.558252553181
0.180718609725386,-1.3740854933084,0.189825830447991,-0.166497161619718,403.122158077028,-58.3015793327514,165.518044783558
0.167033002870544,-1.38779275929008,0.243945153164728,-0.143787188981093,403.212838722645,-58.2499828562038,165.48118971734
0.153257436463213,-1.4017419645818,0.301133211842086,-0.12167123301124,403.302471298955,-58.2020100717122,165.44554686785
0.139435323994837,-1.41590017291797,0.361351176504031,-0.10021601447916,403.391043763694,-58.1576461037819,165.408954902962
0.125606305352905,-1.43023255651537,0.424452050856198,-0.0794840111494375,403.478592887441,-58.1168365312786,165.369296586345
0.111806267667754,-1.44470354478376,0.490180313624556,-0.0595352982587009,403.565202775947,-58.0794669234693,165.324547424866
0.0980679229749998,-1.4592775559295,0.558178947634982,-0.0404290964171704,403.650998923414,-58.0453423392838,165.27280852119
0.0844219583773128,-1.47391904655961,0.628001480048216,-0.0222249952944753,403.736139165515,-58.0141669502711,165.212326694381
0.070898589505523,-1.48859156680409,0.699125326281719,-0.00498347186991069,403.820803426823,-57.985523551643,165.141507908884
0.057529067618192,-1.50325557059324,0.770962773740201,0.0112350729544037,403.905184090052,-57.9588525500885,165.058933061804
0.0443463865314445,-1.51786496012008,0.842867880801921,0.0263738605844276,403.989477957938,-57.9334303741419,164.963387335896
0.0313842119743223,-1.53236278653179,0.914141231963101,0.0403870533625648,404.07387932243,-57.9083485060774,164.853914320488
0.0186730667749089,-1.54667720290101,0.984038962400325,0.0532516201365431,404.158572189872,-57.8824967538093,164.729902261953
0.00623327375698767,-1.56071957825117,1.0517960037034,0.0649832417015907,404.243719202577,-57.8545578976606,164.591200300454
-0.00593469096265364,-1.57438727690858,1.11667348915656,0.075653348654235,404.32944643374,-57.8230246700842,164.438246641502
-0.0178599960337927,-1.58757327741261,1.17803395078404,0.0854012777394633,404.415827719599,-57.7862522502269,164.27217207569
-0.0296072771673194,-1.60018280024031,1.23543498588903,0.0944334469024777,404.502878209534,-57.7425572116626,164.094833783307
-0.0412742076999129,-1.61215359162285,1.28871778012839,0.103003094879789,404.590569834831,-57.6903649764377,163.908754774968
-0.0529790026635804,-1.62347336489318,1.33806143964069,0.111370754603461,404.678875747125,-57.6283938563604,163.716998122535
-0.0648401677833041,-1.63418770296488,1.38398374549766,0.119754190661106,404.767835633428,-57.5558505434171,163.523056735233
-0.0769538945413263,-1.64439487060089,1.42728669767691,0.128281407155388,404.857616742532,-57.4726033302038,163.330827262946
-0.0893750193743141,-1.6542280084812,1.46895681110939,0.136959493804438,404.948537470094,-57.379291093549,163.144637631043
-0.102106570136629,-1.66382823758516,1.51003261011143,0.145668593247649,405.041028561841,-57.2773153239283,162.9691757253
-0.115101648713418,-1.67331530158719,1.55145841894255,0.15418550357295,405.135532462262,-57.1686687308184,162.809151959067
-0.128278083665922,-1.68276557521196,1.59396152797268,0.162231968018791,405.232375563411,-57.0556097714967,162.668707625038
-0.141540198229781,-1.69220613377634,1.6379981464671,0.169529964154831,405.331668619087,-56.9402825663591,162.550830105111
-0.154797918513926,-1.70162540661038,1.68378684253849,0.17584210602595,405.433276635341,-56.8244219308552,162.457073145954
-0.167976167404437,-1.71099205557329,1.7314026619636,0.180986063376173,405.53686001826,-56.7092250497678,162.387650933958
-0.181014249772748,-1.72027202514339,1.78088238380591,0.184827090313445,405.641955821902,-56.5953755873808,162.341746922868
-0.193859481523379,-1.72943834877307,1.83230265203812,0.187259893617436,405.748061212556,-56.4831533706208,162.317842449636
-0.206459763818441,-1.73847344572752,1.88581671891055,0.188189693009471,405.854694714108,-56.3725652021502,162.313959495981
-0.218758166019138,-1.74736626416141,1.94165320346468,0.187518221200885,405.961428573807,-56.2634586922986,162.327801855984
-0.230690817802977,-1.75610715520261,2.00008812215516,0.185137179718414,406.067897440901,-56.1556057118309,162.356824368895
-0.242188108529679,-1.76468302462832,2.06140369717012,0.180929666800849,406.173792640378,-56.0487568264499,162.398270933577
-0.253178215144768,-1.77307470989018,2.12584776703262,0.17477855041004,406.278850266988,-55.9426739800326,162.449216239352
-0.263591210556507,-1.78125769594396,2.19360651297092,0.166579217072159,406.382838395321,-55.8371492904848,162.506632859212
-0.273361608702138,-1.78920613896886,2.2647989925023,0.156252849955729,406.485546302483,-55.7320161560395,162.567488454356
-0.282427480474946,-1.79689890129529,2.33949339178998,0.143756072603861,406.586777923877,-55.6271567917662,162.628861321159
-0.290725319671624,-1.80432538420484,2.41773364238339,0.129083877095215,406.686352754737,-55.5225084558103,162.688052777719
-0.298181326724682,-1.81148878962586,2.49955562953708,0.112264866558258,406.784118881309,-55.41806887814,162.742677497618
-0.304701174544124,-1.81840505701829,2.58496912196963,0.0933499763019931,406.879983286193,-55.3138996074426,162.790726496119
-0.310161288434231,-1.82509675960348,2.67388644515649,0.0723972091595207,406.973962988018,-55.2101245418396,162.830612544658
-0.314405215465481,-1.83158240785113,2.76599163024642,0.0494556071246238,407.06625624529,-55.1069206270195,162.86121357662
-0.317248782555308,-1.83786294157667,2.86056549650755,0.0245523823494194,407.157324755777,-55.004499294227,162.881921837537
-0.318496925965538,-1.84390887730853,2.95631525156144,-0.00231176430255398,407.247964169548,-54.90308097799,162.892687823032
-0.317972121395595,-1.84965325313981,3.05129657186852,-0.0311535622781659,407.339323922695,-54.8028706844352,162.894024514904
-0.315548408508432,-1.85499554084994,3.14303358863165,-0.0619813361129133,407.432831828796,-54.7040480525135,162.886920158054
-0.311178251873623,-1.8598177652392,3.22888732329707,-0.0947571508369788,407.530006972122,-54.606785301827,162.872618751552
-0.304898509718043,-1.86400660223698,3.30657938106207,-0.129361326181445,407.632211324,-54.5112948988077,162.852285354284
-0.296811687840196,-1.86747024953209,3.37464166998254,-0.165576170314802,407.740448613815,-54.4178888249532,162.826650269427
-0.287053243901449,-1.87014257295924,3.43258580194699,-0.203095764593496,407.855300309037,-54.3270191432254,162.795745167504
-0.275761560562981,-1.8719763211523,3.480768336417,-0.24155385908443,407.976999610055,-54.2392771988739,162.758773806355
-0.26306068724474,-1.87293285962369,3.52009239803305,-0.280555069766681,408.105570797265,-54.1553475465226,162.714070962279
-0.24905612163623,-1.87297468363875,3.55170843562851,-0.319698357808427,408.240956648224,-54.0759251163745,162.659076094812
-0.233838881847044,-1.87206310334169,3.57680236046656,-0.358589070569856,408.383094540295,-54.0016047328295,162.590285054738
-0.21749312805411,-1.87016100913711,3.59648401298571,-0.396839997929843,408.531935592414,-53.9327478886266,162.503200085052
-0.200104267104758,-1.86724009017489,3.61175241669762,-0.434061649749989,408.687412680005,-53.8693319865667,162.39234617519
-0.181765398554455,-1.86329197141596,3.62350608993579,-0.469839427848914,408.849358387442,-53.8107994759564,162.251451954666
-0.162579406980056,-1.85834181317354,3.63256560311362,-0.503694363956613,409.017366170571,-53.7559537295631,162.073893887837
-0.142652544942681,-1.85245941136743,3.63966942428877,-0.535030762485228,409.190592964603,-53.7029928585518,161.853453227419
-0.122075300910679,-1.84575605796399,3.64539752969019,-0.563096375414578,409.367540709786,-53.6498100500021,161.585367932681
-0.100892163937991,-1.83834819043171,3.64999945017315,-0.587020372296907,409.545960045675,-53.5946690361002,161.267769821104
-0.0790774660471113,-1.83027265868429,3.65319965863276,-0.606026378982441,409.72321014016,-53.5371758416746,160.904064457759
-0.0565536799528284,-1.82138056694323,3.65421739971344,-0.619852219483758,409.897447000032,-53.4788936525413,160.506741627512
-0.0332766542520642,-1.81132950976994,3.65225441965743,-0.629102060379876,410.069104897319,-53.4222857879542,160.099850017185
-0.00932888871003056,-1.79978508144809,3.64719529223669,-0.63496571770254,410.240755063916,-53.3680414988525,159.71366165078
0.0150869764931436,-1.78665952410535,3.63974429026582,-0.638366619238542,410.415030265227,-53.3138825862113,159.373637315556
0.0397369164365999,-1.77212378076799,3.63090745733203,-0.639452819014871,410.59313317583,-53.2562035925992,159.095132572614
0.0644207610148875,-1.75645919536005,3.62150067727594,-0.637762646414174,410.775013019248,-53.192009837563,158.88543194247
0.0889814671023661,-1.73993633793181,3.6120087422822,-0.632627383572072,410.960140967314,-53.1195470145846,158.747468436645
0.113287895252449,-1.72277516265726,3.60266893668569,-0.62345535101046,411.148006402873,-53.0380897686898,158.682536563245
0.137218690991744,-1.70515440372323,3.59360452349319,-0.60983312958553,411.338234388085,-52.9476394743429,158.691666679623
0.160656960790324,-1.68723090435968,3.58491819413871,-0.591511982683595,411.530543063404,-52.8488505226647,158.775600890064
0.183493604590138,-1.66914421051292,3.57671737621388,-0.568369879790025,411.724742584765,-52.7432275140717,158.933300344413
0.205630238782054,-1.65099666124296,3.56908527534503,-0.540428455287391,411.920841583813,-52.6335575176036,159.1591481284
0.226970918184709,-1.63282246715614,3.56206287612799,-0.507948044279908,412.119130780734,-52.5243522805233,159.43987213878
0.247405448492944,-1.61458868620744,3.55571729976227,-0.471485671230284,412.320025807406,-52.4215551950077,159.754063362728
0.266807067048167,-1.59625335471218,3.55025874088929,-0.431748461689199,412.523756280303,-52.3308729103414,160.077141618727
0.285051446769319,-1.57782714292036,3.54608127732986,-0.389340128263963,412.730233495845,-52.2558782086978,160.388693123798
0.302030687496505,-1.55937916267708,3.54373205466879,-0.344671335690724,412.93910043558,-52.1976086231404,160.675792344489
0.317647386515556,-1.54100808805404,3.54391425193105,-0.298049277844416,413.149784406,-52.1553656007787,160.931737445797
0.331798636921983,-1.52282026103932,3.54755260179178,-0.249791751374107,413.361520451452,-52.1275408804402,161.153417501611
0.344358704468718,-1.50492558820328,3.55587656583426,-0.200292589389133,413.573375989366,-52.1120374966532,161.339184980227
0.355159254830864,-1.48744625277979,3.57043470223566,-0.150046110626554,413.784302087883,-52.1064206114268,161.487604395863
0.363965318485306,-1.47053392491072,3.5928429464424,-0.0996449702803584,413.993283891808,-52.1080179242718,161.596989708889
0.370460695427518,-1.45439014530874,3.62392926996342,-0.0497441725143205,414.199735505599,-52.1141242490237,161.665606122079
0.374284933786374,-1.43927192635913,3.66226936912084,-0.000978176637049945,414.40413379793,-52.1223702089492,161.692449784737
0.375151724053978,-1.42545562448717,3.70346340245657,0.0461381985954441,414.608268026593,-52.1311050104859,161.678237192486
0.37296858778177,-1.41317258484176,3.74187742571975,0.0912486572674002,414.814357370876,-52.1394842858409,161.625653023686
0.367836723209968,-1.40258104835047,3.77347895907063,0.134123584507173,415.023747720407,-52.1472874975001,161.538440374806
0.359965146501314,-1.39378710866213,3.79689907613216,0.174625924491003,415.236515957798,-52.1548403417176,161.420234405623
0.349604959486643,-1.38686338844134,3.81271575565197,0.21268752197012,415.451922742435,-52.1631569680479,161.273848975258
0.337026315925758,-1.38184084267791,3.82246423257702,0.24825351659956,415.668978403233,-52.1741412025946,161.101009756017
0.322509298560536,-1.37868558806078,3.82804604627662,0.281175261998674,415.886800987758,-52.1907230991655,160.902602316497
0.306322178791674,-1.37727737513005,3.83146156112976,0.311055802209793,416.104804835948,-52.2168534167573,160.679709101572
0.288669792490945,-1.37740887961581,3.83458401277323,0.337076009381823,416.322869896585,-52.2571968541703,160.435424558045
0.269618308447236,-1.37883426795203,3.83871805875248,0.35790961713354,416.541625238417,-52.3162918079569,160.176775757123
0.249051880866086,-1.38137856694122,3.84395321706163,0.371910734543331,416.762782186611,-52.3971565052296,159.915933861349
0.226735197242589,-1.38505733263481,3.84877998980429,0.37763866333958,416.989126564009,-52.4999097177728,159.670544876702
0.202482096620467,-1.3901040260958,3.85057725394257,0.37445039845557,417.223732828551,-52.6214612497411,159.462747280091
0.176315179571045,-1.39684673982965,3.84686191031977,0.362671678878105,417.468593997337,-52.7568433216598,159.315984843473
0.148481090415041,-1.40552723782192,3.83616466050267,0.343197510333106,417.723786226525,-52.9012833115615,159.250520700965
