0
0
0
1.11022302462516e-08
1.11022302462516e-08
1.11022302462516e-08
1.11022302462516e-08
-2.22044604925031e-08
-7.7715611723761e-08
-1.77635683940025e-07
-2.88657986402541e-07
-4.55191440096314e-07
-6.66133814775094e-07
-9.10382880192628e-07
-1.22124532708767e-06
-1.56541446472147e-06
-1.94289029309402e-06
-2.35367281220533e-06
-2.79776202205539e-06
-3.24185123190546e-06
-3.69704267200177e-06
-4.15223411209809e-06
-4.57411886145564e-06
-4.98490138056695e-06
-5.36237720893951e-06
-5.6843418860808e-06
-5.97299987248334e-06
-6.19504447740837e-06
-6.3504757008559e-06
-6.47260023356466e-06
-6.52811138479592e-06
-6.52811138479592e-06
-6.48370246381091e-06
-6.3948846218409e-06
-6.27276008913213e-06
-6.10622663543836e-06
-5.92859095149834e-06
-5.71764857681956e-06
-5.51780843238703e-06
-5.30686605770825e-06
-5.07371922253697e-06
-4.82947015711943e-06
-4.59632332194815e-06
-4.32986979603811e-06
-4.04121180963557e-06
-3.73034936274053e-06
-3.39728245535298e-06
-3.00870439673417e-06
-2.59792187762287e-06
-2.14273043752655e-06
-1.64313007644523e-06
-1.0991207943789e-06
-5.21804821573824e-07
8.88178419700125e-08
7.21644966006352e-07
1.37667655053519e-06
2.00950367457153e-06
2.65343302885412e-06
3.25295346215171e-06
3.81916720471054e-06
4.31876756579186e-06
4.72955008490317e-06
5.08482145278322e-06
5.30686605770825e-06
5.41788836017076e-06
5.40678612992451e-06
5.26245713672324e-06
5.00710584105946e-06
4.61852778244065e-06
4.13002965160558e-06
3.530509218308e-06
2.8199664825479e-06
2.06501482580279e-06
1.23234755733392e-06
3.66373598126302e-07
-5.21804821573824e-07
-1.38777878078145e-06
-2.23154827949656e-06
-3.00870439673417e-06
-3.73034936274053e-06
-4.37427871702312e-06
-4.90718576884319e-06
-5.32907051820075e-06
-5.65103519534205e-06
-5.87307980026708e-06
-5.97299987248334e-06
-6.0063065632221e-06
-5.95079541199084e-06
-5.83977310952832e-06
-5.6843418860808e-06
-5.50670620214078e-06
-5.32907051820075e-06
-5.15143483426073e-06
-5.00710584105946e-06
-4.90718576884319e-06
-4.84057238736568e-06
-4.82947015711943e-06
-4.85167461761193e-06
-4.9293902293357e-06
-5.04041253179821e-06
-5.15143483426073e-06
-5.26245713672324e-06
-5.36237720893951e-06
-5.42899059041702e-06
-5.41788836017076e-06
-5.36237720893951e-06
-5.18474152499948e-06
-4.91828799908944e-06
-4.51860771022439e-06
-4.00790511889682e-06
-3.36397576461422e-06
-2.60902410786912e-06
-1.7430501486615e-06
-8.10462807976364e-07
1.88737914186277e-07
1.21014309684142e-06
2.20934381900406e-06
3.19744231092045e-06
4.13002965160558e-06
5.02931030155196e-06
5.87307980026708e-06
6.67244037799719e-06
7.4273920347423e-06
8.12683254025615e-06
8.74855743404623e-06
9.25926002537381e-06
9.70334923522387e-06
1.00031094518727e-05
1.02140518265514e-05
1.03139718987677e-05
1.03139718987677e-05
1.02362562870439e-05
1.00808250635964e-05
9.88098491916389e-06
9.64783808399261e-06
9.39248678832882e-06
9.14823772291129e-06
8.90398865749376e-06
8.71525074330748e-06
8.55981951985996e-06
8.45989944764369e-06
8.41549052665869e-06
8.41549052665869e-06
8.49320613838245e-06
8.61533067109121e-06
8.78186412478499e-06
8.95949980872501e-06
9.18154441365004e-06
9.39248678832882e-06
9.5812247025151e-06
9.69224700497762e-06
9.70334923522387e-06
9.61453139325386e-06
9.41469124882133e-06
9.15933995315754e-06
8.88178419700125e-06
8.57092175010621e-06
8.23785484271866e-06
7.84927678409986e-06
7.43849426498855e-06
6.98330282489223e-06
6.49480469405717e-06
5.98410210272959e-06
5.45119505090952e-06
4.9293902293357e-06
4.39648317751562e-06
3.8968828164343e-06
3.41948691584548e-06
2.97539770599542e-06
2.59792187762287e-06
2.27595720048157e-06
2.00950367457153e-06
1.80966353013901e-06
1.66533453693773e-06
1.57651669496772e-06
1.55431223447522e-06
1.59872115546023e-06
1.66533453693773e-06
1.7874590696465e-06
1.96509475358653e-06
2.18713935851156e-06
2.48689957516035e-06
2.87547763377916e-06
3.38618022510673e-06
4.04121180963557e-06
4.80726569662693e-06
5.61772850460329e-06
6.3726801613484e-06
6.86117829218347e-06
6.94999613415348e-06
6.53921361504217e-06
5.72875080706581e-06
4.66293670342566e-06
3.54161144855425e-06
2.52020626589911e-06
1.68753899743024e-06
1.12132525487141e-06
7.7715611723761e-07
6.32827124036339e-07
6.55031584528842e-07
8.32667268468867e-07
1.08801856413265e-06
1.43218770176645e-06
1.82076576038526e-06
2.20934381900406e-06
2.62012633811537e-06
2.99760216648792e-06
3.33066907387547e-06
3.58602036953926e-06
3.76365605347928e-06
3.84137166520304e-06
3.76365605347928e-06
3.530509218308e-06
3.09752223870419e-06
2.42028619368284e-06
1.4432899320127e-06
1.22124532708767e-07
-1.45439216225896e-06
-3.11972669919669e-06
-4.64073224293315e-06
-5.88418203051333e-06
-6.89448498292222e-06
-7.67164110015983e-06
-8.26005930321116e-06
-8.69304628281498e-06
-9.00390872971002e-06
-9.20374887414255e-06
-9.30366894635881e-06
-9.31477117660506e-06
-9.2370555648813e-06
-9.09272657168003e-06
-8.90398865749376e-06
-8.68194405256872e-06
-8.41549052665869e-06
-8.17124146124115e-06
-7.90478793533111e-06
-7.69384556065233e-06
-7.49400541621981e-06
-7.37188088351104e-06
-7.34967642301854e-06
-7.41628980449605e-06
-7.60502771868232e-06
-7.93809462606987e-06
-8.40438829641244e-06
-9.00390872971002e-06
-9.73665592596262e-06
-1.06026298851702e-05
-1.15685239165941e-05
-1.26010313294955e-05
-1.37001521238744e-05
-1.48436818392383e-05
-1.5976109324356e-05
-1.70863323489812e-05
-1.81410442223751e-05
-1.91180404840452e-05
-1.99951166734991e-05
-2.07722727907367e-05
-2.1405099914773e-05
-2.19158025061006e-05
-2.22821761042269e-05
-2.25153229393982e-05
-2.26263452418607e-05
-2.26263452418607e-05
-2.25153229393982e-05
-2.23487894857044e-05
-2.20823359597944e-05
-2.17825757431456e-05
-2.14606110660043e-05
-2.11164419283705e-05
-2.07722727907367e-05
-2.04392058833491e-05
-2.01283434364541e-05
-1.98396854500515e-05
-1.95621296938953e-05
-1.93067783982315e-05
-1.90625293328139e-05
-1.87960758069039e-05
-1.84963155902551e-05
-1.81521464526213e-05
-1.774136393351e-05
-1.72417635724287e-05
-1.66422431391311e-05
-1.59094959428785e-05
-1.50546242139171e-05
-1.4077627952247e-05
-1.29452004671293e-05
-1.16795462190566e-05
-1.03028696685215e-05
-8.78186412478499e-06
-7.20534742981727e-06
-5.55111512312578e-06
-3.86357612569554e-06
-2.14273043752655e-06
-4.44089209850063e-07
1.22124532708767e-06
2.8421709430404e-06
4.37427871702312e-06
5.79536418854332e-06
7.1276318180935e-06
8.31557045444242e-06
9.38138455808257e-06
1.03361763592602e-05
1.11355369369903e-05
1.18016707517654e-05
1.23345778035855e-05
1.2756462552943e-05
1.30784272300843e-05
1.32782673745169e-05
1.33670852164869e-05
1.34003919072256e-05
1.33337785257481e-05
1.32338584535319e-05
1.30562227695918e-05
1.28674848554056e-05
1.26454402504805e-05
1.24344978758018e-05
1.22013510406305e-05
1.19682042054592e-05
1.17461596005342e-05
1.15352172258554e-05
1.13464793116691e-05
1.11688436277291e-05
1.10134124042816e-05
1.08690834110803e-05
1.07469588783715e-05
1.06470388061553e-05
1.0547118733939e-05
1.0458300891969e-05
1.0369483049999e-05
1.03028696685215e-05
1.02473585172902e-05
1.02029495963052e-05
1.01807451358127e-05
1.01585406753202e-05
1.01918473660589e-05
1.02473585172902e-05
1.03472785895065e-05
1.04805053524615e-05
1.06692432666478e-05
1.09245945623115e-05
1.12243547789603e-05
1.15574216863479e-05
1.19682042054592e-05
1.24122934153093e-05
1.29007915461443e-05
1.34225963677181e-05
1.39666056497845e-05
1.45328193923433e-05
1.51101353651484e-05
1.56874513379535e-05
1.6242562850266e-05
1.67754699020861e-05
1.72861724934137e-05
1.77524661637563e-05
1.81743509131138e-05
1.85407245112401e-05
1.88404847278889e-05
1.90958360235527e-05
1.92623694772465e-05
1.93400850889702e-05
1.93067783982315e-05
1.91735516352765e-05
1.88293824976427e-05
1.82409642945913e-05
1.72417635724287e-05
1.55320201145059e-05
1.24789067967868e-05
6.86117829218347e-06
-2.32036612146658e-06
-1.13464793116691e-05
-1.68309810533174e-05
-1.98951966012828e-05
-2.17936779733918e-05
-2.31370478331883e-05
-2.42361686275672e-05
-2.52353693497298e-05
-2.62123656113999e-05
-2.72115663335626e-05
-2.82662782069565e-05
-2.93876034618279e-05
-3.05422354074381e-05
-3.17523785042795e-05
-3.29625216011209e-05
-3.41504602374698e-05
-3.530509218308e-05
-3.63598040564739e-05
-3.72701869366665e-05
-3.80251385934116e-05
-3.85580456452317e-05
-3.88467036316342e-05
-3.88467036316342e-05
-3.85469434149854e-05
-3.79807296724266e-05
-3.71036534829727e-05
-3.59601237676088e-05
-3.45834472170736e-05
-3.30402372128447e-05
-3.13415959851682e-05
-2.95652391457679e-05
-2.77999845366139e-05
-2.60791388484449e-05
-2.44804176929847e-05
-2.3081536681957e-05
-2.19269047363468e-05
-2.1094237467878e-05
-2.06057393370429e-05
-2.05169214950729e-05
-2.08499884024604e-05
-2.16160422894518e-05
-2.28039809258007e-05
-2.44249065417534e-05
-2.6434410216325e-05
-2.87658785680378e-05
-3.13638004456607e-05
-3.41171535467311e-05
-3.69260177990327e-05
-3.96349619791181e-05
-4.20996570937859e-05
-4.413136522885e-05
-4.55524507003702e-05
-4.61963800546528e-05
-4.59188242984965e-05
-4.45643522084538e-05
-4.20885548635397e-05
-3.84692278032617e-05
-3.3761882178851e-05
-2.80553358322777e-05
-2.15605311382205e-05
-1.44440015503733e-05
-6.93889390390723e-06
6.99440505513849e-07
8.21565038222616e-06
1.54321000422897e-05
2.21600515715181e-05
2.82662782069565e-05
3.36397576461422e-05
3.82027742773516e-05
4.19331236400922e-05
4.48419079646101e-05
4.69513317113979e-05
4.82947015711943e-05
4.89386309254769e-05
4.89608353859694e-05
4.84168261039031e-05
4.74065231514942e-05
4.59965399102202e-05
4.42756942220512e-05
4.2321701698711e-05
4.02122779519232e-05
3.80029341329191e-05
3.57824880836688e-05
3.36064509554035e-05
3.15192316691082e-05
2.95763413760142e-05
2.78110867668602e-05
2.62789789928775e-05
2.5024426975051e-05
2.40474307133809e-05
2.3392399128852e-05
2.3081536681957e-05
2.3125945602942e-05
2.35811370430383e-05
2.44138043115072e-05
2.56905607898261e-05
2.73892020175026e-05
2.95541369155217e-05
3.2174263253637e-05
3.5260683262095e-05
3.88467036316342e-05
4.29434265925011e-05
4.75508521446955e-05
5.26578780579712e-05
5.83089132533132e-05
6.44595488097366e-05
7.11652958784725e-05
7.83817455385361e-05
8.61088977899271e-05
9.43578548628921e-05
0.000103095310066692
0.000112354570092066
0.000122080123787782
0.000132271971153841
0.000142919009959996
0.000153999035745755
0.000165489844050626
0.000177347025953623
0.000189492865843022
0.000201838545876853
0.000214217532601424
0.000226352270260577
0.000237831976335201
0.000247979414780275
0.000255884202715606
0.00026031399258386
0.000259858801143764
0.000253097542923797
0.000238919994899334
0.000216882067860524
0.000187505566628943
0.00015235590566931
0.000113775655563586
7.44404538011167e-05
3.69704267200177e-05
3.37507799486048e-06
-2.5068835896036e-05
-4.78728168218368e-05
-6.52033982362354e-05
-7.7671202802776e-05
-8.61311022504196e-05
-9.14934794593592e-05
-9.46132061585558e-05
-9.62119273140161e-05
-9.68780611287912e-05
-9.70112878917462e-05
-9.69113678195299e-05
-9.66893232146049e-05
-9.64006652282023e-05
-9.60009849393373e-05
-9.53903622757934e-05
-9.45021838560933e-05
-9.32254273777744e-05
-9.15600928408367e-05
-8.95061802452801e-05
-8.71414052028285e-05
-8.45545855554519e-05
-8.18345391451203e-05
-7.91033905045424e-05
-7.64610597059345e-05
-7.40074668215129e-05
-7.18536341537401e-05
-7.00994817748324e-05
-6.8800520836021e-05
-6.80566714095221e-05
-6.79567513373058e-05
-6.85673740008497e-05
-6.99551527816311e-05
-7.21978032913739e-05
-7.53619389115556e-05
-7.9569684174885e-05
-8.50763903770257e-05
-9.2459373490783e-05
-0.000102851061001275
-0.000117783560682483
-0.000138755673617652
-0.000166233693477125
-0.000198729921407903
-0.000232891483875619
-0.00026461055568916
-0.00029055646777465
-0.000308941761062442
-0.000319499982026628
-0.000323052695705428
-0.000320810045195685
-0.000314159809278181
-0.000304400948891725
-0.000292788016054146
-0.000280375722638837
-0.000268007838144513
-0.00025622837185324
-0.000245292675060682
-0.000235123032155116
-0.000225497398531616
-0.000216127116203779
-0.000206712424954958
-0.000197120098022197
-0.000187350135405495
-0.000177469150486331
-0.000167532654415936
-0.000157462931582586
-0.000146904710618401
-0.000135158551017867
-0.000121191945368082
-0.000103506092585803
-8.03246358316301e-05
-4.99711383383783e-05
-1.23789867245705e-05
2.89435142519778e-05
6.75404177030714e-05
9.86322135076989e-05
0.0001215083589301
0.000137634348362781
0.000148808743105633
0.000156435975284808
0.000161531898967837
0.00016484036358122
0.000166866520601161
0.000167971192510663
0.000168448588411252
0.000168470792871744
0.000168165481539972
0.000167627023373029
0.0001668998272919
0.000166006097757077
0.000164979141459298
0.000163852265089304
0.000162658775337832
0.00016146528558636
0.000160377267022227
0.000159500190832773
0.000158972834896076
0.00015896173266583
0.000159633417595728
0.000161176627599957
0.000163780100592703
0.000167638125603276
0.000172944991660984
0.000179922743370753
0.000188787874222385
0.000199795735511543
0.000213218331879261
0.000229355423542188
0.000248484566256479
0.000270855560202676
0.000296646041064719
0.000325878213303099
0.00035839664569437
0.000393779453489174
0.000431338298412243
0.000470135042007769
0.000508992847869649
0.00054660720394395
0.000581618087025504
0.00061274318952087
0.000638922248441531
0.000659322596519019
0.000673450184507374
0.00068111627449241
0.000682409684316099
0.000677641276425334
0.000667271793375335
0.000651861897793538
0.000632044416803978
0.00060846327976094
0.000581767967133828
0.000552657919428157
0.000521827026034316
0.00048997472745782
0.000457756055283198
0.000425803836634486
0.000394656529678628
0.00036473601916498
0.000336347616425314
0.000309635650452833
0.000284644530168521
0.000261268784385038
0.000239303021842829
0.000218497442361354
0.00019854673460884
0.000179184445059377
0.000160160773532425
0.000141375799955767
0.00012285727990502
0.000104766195718753
8.74578187648467e-05
7.13706871380282e-05
5.6976645623763e-05
4.46864767411626e-05
3.47721851312599e-05
2.73114864057789e-05
2.21489493412719e-05
1.90625293328139e-05
1.78079773149875e-05
1.82964754458226e-05
2.06612504882742e-05
2.53241871916998e-05
3.28070903776734e-05
4.35762537165374e-05
5.78759262737094e-05
7.54729612140181e-05
9.56568158017035e-05
0.000117272858091155
0.000138877798150361
0.00015887291482386
0.000175626180265454
0.000187472259938204
0.000192534876930495
0.000188293824976427
0.000171096470324983
0.000135813582602395
7.60280727263307e-05
-1.47548639972683e-05
-0.000140309985852127
-0.000297883939737176
-0.000475974815117297
-0.0006563416476979
-0.000820588041960946
-0.000956235091109647
-0.00105779829340236
-0.00112366782545337
-0.00115426557201204
-0.00115332188244111
-0.00112914122496477
-0.00109331432796012
-0.00105739861311349
-0.00102977626426082
-0.00101401109731114
-0.00100799368851767
-0.00100456309937158
-0.000994104798479611
-0.000969146984886038
-0.000928968013624853
-0.000880617800902428
-0.000835420621569938
-0.000802902189178667
-0.000786315457190767
-0.000781708031638573
-0.000780764342067641
-0.000775624009463627
-0.00076287864914093
-0.000743838324268609
-0.000721667170466844
-0.000698974211843506
-0.000677347067323808
-0.000657596199715726
-0.000640265618301328
-0.000625888230132432
-0.000614952533339874
-0.000607724981449564
-0.000603883609784361
-0.000602717875608505
-0.000603062044746139
-0.00060338400942328
-0.000602240479707916
-0.000598854299482809
-0.000593791682490519
-0.000589306381471033
-0.000588618043195765
-0.00059438010069357
-0.000606614758424939
-0.000621758200480826
-0.000634170493896136
-0.000638700203836606
-0.000632294216984519
-0.000613475936717123
-0.00058244520317885
-0.0005418665516288
-0.000496391816540154
-0.000450550707853381
-0.000406907840755366
-0.000365574237548572
-0.00032506219938
-0.000283262302502862
-0.00023813173655185
-0.000188160598213472
-0.00013248291352852
-7.10875802667488e-05
-4.86832796298131e-06
6.4609428918061e-05
0.000135452760119392
0.000205807593189888
0.000274036349168227
0.000338690187007273
0.000398520105804323
0.000452504700376721
0.000499977836909693
0.000540734124143682
0.000574995606683615
0.00060337568274349
0.000626645957339633
0.000645630771060723
0.000661107280023998
0.000673749944724022
0.000684113876658898
0.000692651491718266
0.000699731939050707
0.000705618896645888
0.000710545511310556
0.000714686643192408
0.000718175519054398
0.000721123161184778
0.000723621162990185
0.000725736137852095
0.000727526372472198
0.000729036275785688
0.000730304705598428
0.000731364968586945
0.000732244820326855
0.000732963689742405
0.000733543781265666
0.000733996197155307
0.000734337590728273
0.000734576288678568
0.000734726168786892
0.00073480110884816
0.000734798333283493
0.000734737271017138
0.000734612370933974
0.000734443061915613
0.000734221017310688
0.000733957339349445
0.000733660354683252
0.000733330063340532
0.000732972016407984
0.000732583438349366
0.000732175431394921
0.000731747995530441
0.000731298355205467
0.000730829285970458
0.000730349114519413
0.000729849514158332
0.000729330484887214
0.000728792026720271
0.000728236915207958
0.000727651272569574
0.000727043425456486
0.000726399496102204
0.000725722260057182
0.000725000615091176
0.000724240112319308
0.000723424098396208
0.000722555348886544
0.000721619985981192
0.000720623560823697
0.000719557746720056
0.000718425319234939
0.00071721240057343
0.000715927317429532
0.000714564518659699
0.00071312677984281
0.00071161687652932
0.000710029257604106
0.000708372249746958
0.000706648628494122
0.000704858393874019
0.000703001545858228
0.00070108641114075
0.000699112989721584
0.000697075730471397
0.000694991286735558
0.000692851331862698
0.00069066141693952
0.0006884243175449
0.000686137258114172
0.000683800238647336
0.000681404932478813
0.000678954115144847
0.000676439459994072
0.000673855415911362
0.000671190880652262
0.000668423649756278
0.000665548172122499
0.000662542243290432
0.000659380883220706
0.000656033560801461
0.000652478071572204
0.000648667231033073
0.000644570508072206
0.000640143493768619
0.000635344554737571
0.000630140384316746
0.000624497675786984
0.000618374795806176
0.00061175786657941
0.000604630234761316
0.000597000227031685
0.000588873394491429
0.000580302472741323
0.000571331870702352
0.000562017099525747
0.000552438650373688
0.000542654809976284
0.000532746069481504
0.000522737408914509
0.000512628828275297
0.000502375918642883
0.000491851004369437
0.000480859796425648
0.000469091432364621
0.000456135129667246
0.000441469083511947
0.000424416057853705
0.000404148936539173
0.000379668518846188
0.000349742457217417
0.000312788683842768
0.000266781041702302
0.000208955075464701
0.000135386146737915
4.02955446787701e-05
-8.52540260609658e-05
-0.000255495624656987
-0.000493716179050807
-0.000838162872440762
-0.00134973143772754
-0.0021131207894598
-0.00318771675722473
-0.00442961223257043
-0.0054248827652259
-0.00598312510646792
-0.00634172714342185
-0.0066765482031883
-0.00685826950785895
-0.00679940548309332
-0.00691717794154556
-0.00726374516091255
-0.0072612360568769
-0.0070710770572191
-0.0070251804373811
-0.00690192347718721
-0.00639386321665825
-0.00568116664823037
-0.00510131936692915
-0.0044916070862655
-0.00345328210471507
-0.00202232675050595
-0.000883970674436796
-0.000271349609448635
5.21083176607817e-05
0.000241145992063707
0.000362898600059225
0.000447397674463446
0.000509431385964376
0.000556898971382225
0.000594391202923816
0.000624722495956576
0.000649730269586257
0.000670646871370195
0.000688363255278546
0.0007035094728991
0.000716568471219148
0.000727901072750115
0.000737801486565104
0.000746483430617673
0.000754146745052253
0.000760935758847836
0.000766969820986674
0.000772359953771229
0.000777183872813225
0.000781516518159719
0.000785430054321523
0.000788966114654954
0.000792173271420893
0.000795087606860534
0.000797742427664616
0.000800161326083071
0.000802381772132321
0.000804414868042613
0.000806282818288651
0.000808005051752048
0.000809592670677262
0.000811059552844995
0.0008124209638396
0.000813681066972549
0.000814852352263529
0.000815944534153346
0.000816960388220878
0.000817906853356476
0.000818790868436281
0.000819620760154294
0.000820395140706864
0.000821122336787994
0.00082180373617291
0.000822443502187298
0.000823044410395823
0.000823609236363154
0.000824140755639746
0.000824640356000828
0.000825112200786293
0.000825554902220915
0.000825972623630378
0.000826365365028892
0.000826735901952702
0.000827084234430231
0.000827413137997723
0.000827721224894162
0.000828012658431021
0.000828284663072054
0.000828541402157157
0.000828781487882679
0.000829004920262832
0.000829215862637511
0.000829412927231488
0.000829594726241112
0.000829765423034701
0.000829922242033376
0.000830066571026578
0.000830199797789533
0.000830321922322241
0.000830432944624704
0.000830534252486359
0.000830624458103557
0.000830703561490509
0.000830774338211882
0.000830834012703008
0.000830886748289572
0.000830928381660101
0.000830958912786173
0.00083098528058656
0.000831000546156702
0.000831008872822281
0.000831008872822281
0.000830999158367263
0.000830983892811332
0.000830958912786173
0.000830926993870662
0.0008308881360648
0.000830840951593359
0.000830786828217356
0.000830724378175773
0.000830656377019068
0.000830582824733028
0.000830498170230953
0.000830409352388983
0.000830310820091995
0.000830209512244551
0.00083009710216686
0.000829980528749275
0.000829855628651899
0.000829721014113716
0.000829583624010866
0.00082943513169198
0.000829281088243761
0.000829115942565295
0.000828946633561145
0.000828767610087766
0.00082857887217358
0.000828383195369042
0.000828176416334259
0.000827959922844457
0.000827733714899637
0.000827497792514009
0.000827249380108697
0.000826991253248366
0.000826717860832105
0.000826433366185597
0.000826133605968948
0.000825821355746825
0.000825493839954561
0.000825149670816927
0.000824788848333924
0.000824411372505551
0.000824017243331809
0.000823600909697575
0.000823165147153304
0.00082270856793798
0.000822231172037391
0.000821730183901082
0.000821204215739613
0.000820653267567195
0.000820078727144846
0.000819475043371654
0.000818844991812284
0.000818184409112632
0.000817496070837365
0.000816777201421814
0.000816025025329736
0.000815240930322148
0.000814420753059153
0.000813564493554964
0.000812673539570596
0.000811743727794578
0.000810772282648031
0.000809761979695622
0.000808708655597457
0.00080760814702785
0.000806464617312486
0.000805266964221119
0.00080402212665831
0.000802719002379604
0.000801363142514333
0.000799943444818041
0.000798458521515499
0.000796908372620919
0.000795281895889843
0.000793579091322272
0.000791794407817292
0.000789915355341009
0.000787944709472299
0.000785865816865794
0.000783678677507282
0.000781369413616062
0.000778929698512343
0.000776351205544756
0.000773614505789055
0.000770705721464537
0.000767610974776289
0.000764305285727573
0.000760769225394142
0.000756980589315503
0.000752900519700006
0.00074850403652249
0.000743741179746849
0.000738567540452095
0.000732924831936543
0.000726738114124714
0.000719921344753516
0.000712380154865855
0.000703981317684566
0.000694583279781114
0.000683997303241313
0.000672004119010694
0.000658345600257348
0.000642691455610134
0.000624655882575098
0.000603789240827268
0.000579508663278716
0.000551164669460036
0.000517919040987636
0.000478778128254476
0.000432465174782237
0.000377298192688613
0.000310990122542876
0.000230226948616519
0.000130112587370945
3.17523785042795e-06
-0.000161926028141579
-0.00038175018701736
-0.000678190836822523
-0.0010743961276205
-0.00158344448664138
-0.00219472218176975
-0.002867039938792
-0.00351778606244579
-0.00402198274684906
-0.00433564295576616
-0.0046580739265778
-0.00521378495932368
-0.00587934145812596
-0.00631030783182496
-0.00620943296780752
-0.00538473710065546
-0.00400879329731652
-0.00277959877337253
-0.00219206874874089
-0.00217099671573351
-0.00248432385774322
-0.00290989454754254
-0.00340780736962643
-0.00413755696371254
-0.00497375474139972
-0.00539017719347612
-0.00525650634131125
-0.00497726304615753
-0.00469431160610156
-0.00420834478376264
-0.00342395001240448
-0.00255404586368968
-0.00179283254908569
-0.00099049657364958
-0.000285793610999008
-0.000329114513419881
-0.00136330946531871
-0.00269630984206515
-0.00372817332561226
-0.00461248816918669
-0.00524942311841414
-0.00539832623047687
-0.00520790077729316
-0.00494393415095828
-0.00467514915669653
-0.00424775770113683
-0.003577893536999
-0.0027817526060403
-0.00197425409353968
-0.00116804343974763
-0.000420397050504562
0.000114702691789148
0.000397459842815806
0.000524000287597914
0.000578900816165628
0.000603313232701908
0.000614562567506027
0.000619923556925528
0.000622542989376029
0.000623852011713666
0.000624517798584634
0.000624861447306557
0.000625040817709532
0.000625135533610433
0.000625186187534155
0.000625213856380924
0.000625229685724094
0.000625239682079837
0.000625247683487373
0.000625256552254427
0.000625269269946216
0.000625289967373988
0.000625301763491848
0.000625301763491848
0.000625301763491848
0.00062530177433473
0.00062530177433473
0.00062530177433473
0.000625301785177612
0.000625301785177612
0.000625301796020494
0.000625301796020494
0.000625301806863376
0.000625301806863376
0.000625301806863376
0.000625301806863376
0.000625301817706259
0.000625301817706259
0.000625301828549141
0.000625301839392023
0.000625301839392023
0.000625301850220694
0.000625301850220694
0.000625301850220694
0.000625301861063576
0.000625301861063576
0.000625301871906458
0.000625301861063576
0.000625301861063576
0.000625301882749341
0.000625301871906458
0.000625301893592223
0.000625301882749341
0.000625301893592223
0.000625301893592223
0.000625301904435105
0.000625301893592223
0.000625301904435105
0.000625301904435105
0.000625301904435105
0.000625301904435105
0.000625301904435105
0.000625301904435105
0.000625301904435105
0.000625301904435105
0.000625301904435105
0.000625301915277987
0.000625301926120869
0.000625301926120869
0.000625301936963751
0.000625301936963751
0.000625301936963751
0.000625301947806634
0.000625301936963751
0.000625301947806634
0.000625301936963751
0.000625301947806634
0.000625301947806634
0.000625301958649516
0.000625301958649516
0.000625301958649516
0.000625301969492398
0.000625301969492398
0.000625301969492398
0.000625301969492398
0.00062530198033528
0.00062530198033528
0.00062530198033528
0.00062530198033528
0.00062530198033528
0.00062530198033528
0.00062530198033528
0.000625301991178162
0.000625301991178162
0.000625301991178162
0.000625302002021044
0.000625301991178162
0.000625302012863926
0.000625302012863926
0.000625302012863926
0.000625302023692598
0.000625302023692598
0.000625302012863926
0.000625302023692598
0.00062530203453548
0.000625302023692598
0.00062530203453548
0.000625302023692598
0.000625302045378362
0.000625302045378362
0.000625302045378362
0.000625302045378362
0.000625302056221244
0.000625302056221244
0.000625302067064126
0.000625302056221244
0.000625302067064126
0.000625302067064126
0.000625302077907008
0.000625302077907008
0.000625302067064126
0.000625302077907008
0.000625302077907008
0.000625302088749891
0.000625302088749891
0.000625302099592773
0.000625302099592773
0.000625302099592773
0.000625302099592773
0.000625302110435655
0.000625302121278537
0.000625302110435655
0.000625302121278537
0.000625302067064126
0.000625301752648966
0.000625301199704609
0.000625300408245266
0.000625299378242516
0.000625298131410545
0.000625296700263789
0.000625295073959364
0.000625293274183036
0.000625291333463451
0.000625289273486374
0.000625287115923356
0.0006252848607744
0.000625282551425244
0.000625280209547441
0.000625277845998085
0.000625275471591635
0.000625273129713833
0.000625270798678912
0.000625268521858402
0.000625266299238092
0.000625264119989311
0.000625262016640704
0.000625259967492298
0.000625257983401184
0.000625256075210245
0.000625254232062389
0.000625252410614507
0.000625250654195497
0.000625248919476462
0.000625247184757427
0.000625245428352628
0.0006252436285763
0.000625241742056915
0.000625239725437154
0.000625237578717019
0.000625235193481899
0.000625232461288761
0.000625229425523344
0.000625225912713745
0.000625221836102696
0.000625216848774812
0.000625211080816257
0.000625204055197059
0.000625195641788423
0.000625185406917694
0.000625172830169163
0.000625157564599021
0.000625138742847753
0.000625115410826993
0.000625086354204996
0.000625050358692647
0.000625005429355951
0.000624949224317106
0.000624878794539541
0.000624790323641378
0.000624679127867012
0.000624538615269898
0.000624360632642151
0.00062413685330398
0.000623852011713666
0.000623491189230663
0.000623034263071531
0.000622454171534059
0.000621719342674965
0.000620789530884736
0.000619614082268072
0.000618133322305425
0.000616273004851564
0.000613949169277817
0.000611059813863335
0.000607489059049726
0.000603113392557475
0.000597794036494292
0.000591396376307785
0.000583781634148295
0.000574829073229921
0.000564431834604306
0.000552513590434955
0.00053902438068576
0.00052394755201135
0.000507283104411727
0.000489053242347381
0.000469282945829264
0.000448002746011866
0.000425243174007051
0.000401040312070222
0.000375471875813105
0.000348659989768407
0.000320815596310808
0.000292260660117449
0.00026343927039818
0.000234878783089698
0.000207167616395054
0.000180871984056807
0.000156441526399931
0.000134087185799103
0.000113759002218217
9.50961531742678e-05
7.75324249246978e-05
6.03961325396085e-05
4.30766533554561e-05
2.51354492775135e-05
6.3948846218409e-06
-1.30506716544687e-05
-3.28848059893971e-05
-5.25579579857549e-05
-7.13984427136438e-05
-8.85846951348412e-05
-0.000103295150211125
-0.000114946940854566
-0.000123612231561765
-0.000130517818774933
-0.000138122846493616
-0.000149380507963315
-0.000166300306858602
-0.000188482562890613
-0.000213062900655814
-0.000236199948489002
-0.000255151455519353
-0.000269395616925294
-0.000280386824869083
-0.000290445445472187
-0.000301791924783856
-0.00031596947280832
-0.000334021699188725
-0.000356559226588615
-0.0003837041795407
-0.000414812628690697
-0.000448208137271422
-0.000481581441391654
-0.000512867526225591
-0.000541611200333136
-0.000569777558467877
-0.000601652061504865
-0.000643352038309786
-0.000702626845594523
-0.000789235343745531
-0.000916500209058313
-0.00110604858605257
-0.00139930289577705
-0.0018782420063701
-0.00265631960871815
-0.0036886715903961
-0.00463362681557555
-0.00520756771038577
-0.00543838307720534
-0.00556761303727171
-0.00565605340341335
-0.00553155299343189
-0.00521307441658792
-0.00496678254080507
-0.00494353447066942
-0.00503117547623333
-0.00497442087521449
-0.00483915130189416
-0.00477999861914213
-0.00481121809059459
-0.00486937157262446
-0.00480282480452843
-0.00458442173112417
-0.00434308145003115
-0.00411819467416308
-0.00389639431830346
-0.00365132368784771
-0.00338293837387482
-0.00310482750620622
-0.00279563039384811
-0.00243923770071319
-0.00206764605437115
-0.00171690439643157
-0.00139940281584927
-0.00111634035349084
-0.000865563176688511
-0.000644706510399828
-0.000453126425270511
-0.000290689694537605
-0.000155864210427126
-4.55191440096314e-05
4.44366765606219e-05
0.000118138832050363
0.000179201098404747
0.000230504504372675
0.000274230638197537
0.000311933812113807
0.000344763106951973
0.000373523434404888
0.000398836519366341
0.000421171431057132
0.000440900094204721
0.000458341697921583
0.000473771022413416
0.000487418438936515
0.000499492114329314
0.000510169684275752
0.000519623233330435
0.000527991539371442
0.000535402278060815
0.00054197202281614
0.000547809020361001
0.000552988210770877
0.000557595636323072
0.000561696522623834
0.000565350544150078
0.000568614599842476
0.000571528935282117
0.000574137959389986
0.000576477754421489
0.000578577463713259
0.000580463455079894
0.000582164871858026
0.000583695591856781
0.000585076431747211
0.000586324044874686
0.000587455084570365
0.00058847648975302
0.000589404913768021
0.000590245907702069
0.000591011961589061
0.00059170723875468
0.000592341453668155
0.000592920157416188
0.000593446819465271
0.000593928378691544
0.00059436830457571
0.000594771454302645
0.00059513921569021
0.000595477139810896
0.000595785920594949
0.00059607110912907
0.000596332705441682
0.000596572791167205
0.000596793447996902
0.000596996757579404
0.000597184107718363
0.000597357233118601
0.000597516480738136
0.000597663932225601
0.00059780028149703
0.000597925528538212
0.000598042101955798
0.000598150001749786
0.000598249227934389
0.000598342556060061
0.000598428251393557
0.000598508395626141
0.000598582294841776
0.000598651336829903
0.000598715521604731
0.000598775543039665
0.000598831401134703
0.000598883095889846
0.000598931668150726
0.000598976770959325
0.000599019098217468
0.000599058302967137
0.000599095079095946
0.000599129773561913
0.000599161865949327
0.000599192050145803
0.000599220499609032
0.000599247040881323
0.000599272020892272
0.000599295266184185
0.000599317123700871
0.000599337940386135
0.000599357195810057
0.000599375583888673
0.000599392757649753
0.000599408717107508
0.000599423982663438
0.000599438380874062
0.000599451911710958
0.00059946474867445
0.000599476718264214
0.000599488167438267
0.000599498749252803
0.000599508984123531
0.000599518525092435
0.000599527719131743
0.00059953639275534
0.000599544372477112
0.000599552178741192
0.000599559291103446
0.000599566229993798
0.000599572821940342
0.000599579066943079
0.000599584791530106
0.000599590516117132
0.000599595720288448
0.000599600750987861
0.000599605434743467
0.000599610118499072
0.000599614368567813
0.000599618531907709
0.000599622348303797
0.000599626077956827
0.000599629547394898
0.000599632930118332
0.000599636052612595
0.000599639001649166
0.000599641950671526
0.000599644639493135
0.000599647068113995
0.000599649670192548
0.000599651838598447
0.000599654093733193
0.000599656175410246
0.000599658083601184
0.000599659991792123
0.000599661639782312
0.000599663374515558
0.000599664935762689
0.000599666410280975
0.000599667884785049
0.000599669185831431
0.000599670313405909
0.000599671527709233
0.000599672568540655
0.000599673522643229
0.000599674390002747
0.000599675344105322
0.000599676037992936
0.000599676818623607
0.000599677512511221
0.000599678119655778
0.000599678553342642
0.000599679073758352
0.000599679333959102
0.000599679767645966
0.000599680027860927
0.000599680201332831
0.000599680374804734
0.000599680548276638
0.00059968046153358
0.00059968046153358
0.000599680374804734
0.000599680201332831
0.000599680114589773
0.000599679767645966
0.000599679507431006
0.000599679160487199
0.000599678726814545
0.000599678206398835
0.000599677599240067
0.000599677078824357
0.000599676384936743
0.000599675604306071
0.000599674823689611
0.000599673869587036
0.000599673002227519
0.000599671961396098
0.000599670833821619
0.000599669706247141
0.000599668405200759
0.000599667104168589
0.000599665629650303
0.000599664155132018
0.000599662593884887
0.000599660945894698
0.000599659124432605
0.000599657216241667
0.000599655394779575
0.000599653226373675
0.00059965097123893
0.00059964880283303
0.000599646287483324
0.000599643858876675
0.000599640996583162
0.000599638307761552
0.000599635358724981
0.000599632149487661
0.000599628853507284
0.000599625384069213
0.000599621827888086
0.000599617924748941
0.00059961393489516
0.000599609771555265
0.000599605434743467
0.000599600750987861
0.000599595893760352
0.000599590689589036
0.00059958548543193
0.000599579760844904
0.000599573862771763
0.000599567617769026
0.000599560852350578
0.00059955408693213
0.000599546801097972
0.000599539168305796
0.00059953101511212
0.000599522341488523
0.000599513494407233
0.000599503953424119
0.000599494065497197
0.000599483657154565
0.000599472554924319
0.000599460758806458
0.000599448442272887
0.000599435431851703
0.000599421727528693
0.000599406982374262
0.000599391716818332
0.000599375583888673
0.000599358236655689
0.000599340022048978
0.000599320766625056
0.000599300470355502
0.00059927878631072
0.000599255887962613
0.000599231775311182
0.000599206101398408
0.0005991786927666
0.000599149549415756
0.000599118671331667
0.00059908640548656
0.000599051711006382
0.000599014934877573
0.000598975383184097
0.000598934096757375
0.00059888968783639
0.000598842850308756
0.000598792196385034
0.000598738766896645
0.000598681867970186
0.000598620805703831
0.000598556273985196
0.000598487231997069
0.00059841367971103
0.000598335270211692
0.000598251309597231
0.000598162144811454
0.00059806673502294
0.000597965080231688
0.000597855792648261
0.000597739566174482
0.000597614666091317
0.000597481092370344
0.000597338845054196
0.000597185495493591
0.000597022431492178
0.000596848265246308
0.000596660915121561
0.000596459687187689
0.000596244581487326
0.000596015597977839
0.00059576926724958
0.000595504895386512
0.000595221094627618
0.000594918558860513
0.000594592430843477
0.000594244098365948
0.000593870091989857
0.000593469023925763
0.000593038118609002
0.000592575988278554
0.000592081245144982
0.000591551113643618
0.000590980736561164
0.000590369420010006
0.000589713000650249
0.00058900939680484
0.000588253057372867
0.000587443982340119
0.000586572457265788
0.000585637094374647
0.000584630954762133
0.000583554038428247
0.000582392467578075
0.000581143466675371
0.000579801484605014
0.000578356806883562
0.000576801106873859
0.000575124670106675
0.000573317782141203
0.000571365177393091
0.000569257141421531
0.000566977020881154
0.000564508162440802
0.00056183668827714
0.000558939006182868
0.000555791523908056
0.000552374812556877
0.000548663892089962
0.00054462823139545
0.000540237299333057
0.000535466115891836
0.000530284149917293
0.00052465809474711
0.000518562970341918
0.000511973796690768
0.000504868369333167
0.000497232810474202
0.000489050466782714
0.000480315787143581
0.000471028771542592
0.000461189419979746
0.000450797732469255
0.000439842606780871
0.000428299062875226
0.000416144896320247
0.000403316269270704
0.000389721588334169
0.000375255382323303
0.000359789975590274
0.000343192141372128
0.00032531199956054
0.000306027425622801
0.000285260703947188
0.000262978527842961
0.000239208652885736
0.000214100959183838
0.000187860837996823
0.000160815805116954
0.000133376643063343
0.000105954134355102
7.89424081659718e-05
5.25246512950162e-05
2.64954724826794e-05
7.7715611723761e-08
-2.82218692859715e-05
-6.0418337000101e-05
-9.84878845144976e-05
-0.000143518530393294
-0.000195043980966148
-0.000251121345939964
-0.000309419156963031
-0.000368760577629246
-0.000430178115351509
-0.000497135665966653
-0.000575339775821249
-0.000673094913139494
-0.000802613531192264
-0.000980826531105095
-0.00122386545342579
-0.00152714507706264
-0.00183764115035956
-0.0020685453350211
-0.0022035928637365
-0.00239144259950308
-0.00287185830671888
-0.00377675668516986
-0.0049749981911873
-0.00645004050170428
-0.0091280760727841
-0.0117828191648073
-0.0118344667399128
-0.0118951293259784
-0.0121838761302229
-0.0110468745262438
-0.0108555164857194
-0.0110433662214859
-0.00995215021504237
-0.00948630063390965
-0.00922770748701396
-0.00782025555423616
-0.0067503114209444
-0.00660151933118414
-0.00680522305174236
-0.00755122631090899
-0.00832514057691469
-0.00805298050465808
-0.00694773127918324
-0.00571580560659868
-0.00455364634888156
-0.00348612250178348
-0.00260294008569417
-0.00197313276828481
-0.00157698298863806
-0.00132596156277032
-0.00113280496094603
-0.000963462642999957
-0.000822231172037391
-0.000712607750585903
-0.000624877927180023
-0.000544109202138543
-0.000458921789459055
-0.000365207863950445
-0.000265187871661965
-0.000164479541098217
-6.79789557977983e-05
2.2770674235062e-05
0.000109501296918779
0.000194960714239301
0.000280653278394993
0.000366023877873545
0.000449096315691122
0.00052742810119355
0.000599037486281873
0.000662714327859248
0.000718058945636812
0.000765326690910229
0.000805155941918656
0.000838401570391056
0.000865996163668115
0.000888819573489741
0.00090766838489742
0.000923247589483367
0.000936140054363932
0.000946837053206195
0.000955732715183899
0.000963165658333764
0.000969389846176227
0.000974621772172668
0.000979036296470781
0.000982777748063768
0.000985955761478863
0.000988666093434176
0.000990982296215748
0.000992969595429827
0.00099467933888775
0.000996153159960045
0.000997428528663136
0.000998532506670813
0.0009994921556995
0.00100032759853264
0.00100105757016422
0.00100169386674054
0.00100225036602808
0.00100273955804653
0.00100316976947568
0.00100354724530405
0.00100388031221144
0.00100417590908819
0.00100443542372375
0.00100466614193806
0.00100486979847858
0.00100505194444622
0.00100521257984099
0.00100535621494657
0.00100548423753821
0.00100559838233494
0.00100570107797182
0.00100579301830805
0.00100587489725967
0.0010059484495315
0.00100601436902537
0.0010060743904603
0.00100612781994869
0.00100617587177965
0.00100621941334111
0.00100625896503459
0.00100629452687429
0.0010063266192617
0.00100635593608445
0.00100638247735674
0.00100640659000817
0.00100642862099676
0.00100644839683639
0.0010064666114431
0.00100648309131657
0.0010064983568725
0.00100651223466741
0.00100652472467289
0.00100653634731884
0.00100654710260528
0.00100655690380336
0.0010065658376277
0.00100657416429328
0.00100658188381431
0.00100658882270466
0.00100659532792235
0.00100660131272434
0.00100660686383947
0.00100661206799657
0.00100661683849523
0.00100662126203588
0.00100662533863272
0.00100662932850071
0.00100663297142489
0.00100663626739106
0.00100663938989953
0.00100664242566495
0.00100664511448656
0.00100664771656511
0.00100665023191482
0.00100665240032072
0.00100665465546967
0.00100665665038946
0.00100665864532345
0.00100666051015708
0.00100666224487611
0.00100666397960936
0.00100666549748496
0.00100666705873209
0.00100666848987885
0.0010066699210256
0.00100667122207199
0.00100667247974684
0.00100667378079322
0.00100667495172502
0.00100667603592797
0.00100667707675939
0.00100667811760502
0.00100667915843644
0.00100668006916749
0.00100668097989853
0.00100668184725805
0.00100668271461757
0.00100668349524824
0.0010066842758647
0.00100668501312384
0.00100668570701146
0.0010066864442706
0.00100668709478668
0.00100668765857392
0.00100668826573269
0.00100668882951993
0.00100668934993564
0.00100668987035135
0.00100669034739553
0.0010066907810824
0.00100669117139773
0.00100669156171307
0.00100669195201419
0.00100669225560068
0.00100669255917296
0.00100669286274524
0.00100669307958867
0.0010066932964321
0.00100669342653248
0.00100669360000438
0.00100669373010476
0.00100669377347629
0.00100669381684781
0.00100669386021934
0.00100669381684781
0.00100669381684781
0.00100669373010476
0.00100669360000438
0.00100669351327554
0.0010066932964321
0.00100669316633173
0.0010066929494883
0.00100669264590181
0.00100669238570106
0.00100669208212878
0.00100669173518497
0.00100669138822695
0.0010066909545543
0.00100669056423897
0.00100669008719478
0.00100668956677907
0.00100668908972068
0.00100668852593344
0.00100668796216041
0.00100668735500165
0.00100668674784288
0.00100668609732679
0.00100668540343918
0.00100668470955156
0.00100668397229242
0.00100668314830443
0.00100668236767376
0.00100668150031424
0.00100668063295473
0.001006679765581
0.00100667881149263
0.00100667785739006
0.00100667681655864
0.00100667577572722
0.00100667464815274
0.00100667356394979
0.00100667230627494
0.00100667104860008
0.0010066697475537
0.00100666835977847
0.00100666697200325
0.00100666554085649
0.00100666402296667
0.0010066623749907
0.00100666072700051
0.00100665899226726
0.00100665699734748
0.00100665500241348
0.00100665292073643
0.00100665075233053
0.00100664849719578
0.00100664598184608
0.00100664337976752
0.00100664060420286
0.00100663774190934
0.00100663461941508
0.0010066313234347
0.00100662768051052
0.00100662386412864
0.00100661987426065
0.00100661545072001
0.0010066109404363
0.00100660582299383
0.00100660053209367
0.00100659472076359
0.00100658856250391
0.00100658179707125
0.00100657459798015
0.00100656679171607
0.00100655846505049
0.00100654935775424
0.00100653964329922
0.00100652871454088
0.00100651726536682
0.00100650477536135
0.00100649141798215
0.00100647649937002
0.00100646053991227
0.00100644319267928
0.00100642428418496
0.00100640346749969
0.0010063809160954
0.00100635645650016
0.00100632956828406
0.00100630042493322
0.0010062681590739
0.00100623329113603
0.00100619512721778
0.00100615314690344
0.00100610735020723
0.00100605669628351
0.00100600153207608
0.00100594116369734
0.00100587455031587
0.00100580134498784
0.00100572120075526
0.00100563307681512
0.00100553558534955
0.0010054294202746
0.00100531180602559
0.00100518343649014
0.00100504084221598
0.0010048840232173
0.00100471193864848
0.00100452215988867
0.00100431260530343
0.0010040815401311
0.00100382827049827
0.00100354793919166
0.00100324054619705
0.00100290192817454
0.00100252861567185
0.00100211852704035
0.00100166680505254
0.00100117067414374
0.00100062735874928
0.00100003130775406
0.000999378357846581
0.000998662263995698
0.000997880944538565
0.000997030236149499
0.000996104587699165
0.000995099835861879
0.000994010429522518
0.000992828042001292
0.00099155406107343
0.000990175996747666
0.000988691073459336
0.00098709651562956
0.000985379833281286
0.00098353547528518
0.00098155650273668
0.000979422098978944
0.000977112835087723
0.000974609282167194
0.00097186703129637
0.000968838897989599
0.000965452717764492
0.000961622448329535
0.000957223189601564
0.000952116163688288
0.000946109857125066
0.000938976674191849
0.000930461263592974
0.000920280518457162
0.000908106922992147
0.000893624063635912
0.000876515526826438
0.00085650375680757
0.000833327851168519
0.000806765765304363
0.000776451125616973
0.000741767758327683
0.000701461111418666
0.000653188614307965
0.000593003424143035
0.00051512127896558
0.000412458955878492
0.000278610468029683
0.000111377573830396
-8.30335800117155e-05
-0.000289412938059286
-0.000490840701417028
-0.000683575418491955
-0.000886746231998359
-0.00113401510404287
-0.00145314871247137
-0.00185862436552497
-0.00236477504245158
-0.00297719626729531
-0.00363555852089803
-0.00422972767921692
-0.00470490313375649
-0.00521320764335087
-0.00612927486542958
-0.00762216956218253
-0.00911135611403324
-0.00946458467154798
-0.0111304521155375
-0.0132531097207789
-0.0140268907600216
-0.0151299639483682
-0.0173772773948144
-0.0170517600039943
-0.0174011693943044
-0.0191935134452592
-0.0172033720602371
-0.0147199807898346
-0.0134040556432069
-0.0117823306666764
-0.0103792308081552
-0.0088120399865943
-0.00717419457174628
-0.00595574700668067
-0.00505875341616502
-0.00431352731311563
-0.00363957752824717
-0.00292743607133161
-0.00213125073145193
-0.00138231648350029
-0.000764055485547033
-0.000289412938059286
6.3637983771514e-05
0.000333499894367151
0.000556299450948927
0.000754307727390824
0.000935418409397926
0.00109896536315546
0.00124197319095742
0.00136277100715176
0.00146191947436591
0.00154177226541208
0.00160556012929192
0.00165662483730955
0.0016979473382861
0.00173199232733623
0.00176061942802619
0.00178518311244602
0.0018066381723969
0.00182565629280873
0.00184268711400648
0.00185804704955217
0.00187194704182048
0.00188456472649534
0.00189601390142968
0.00190641391561996
0.00191585913799486
0.00192442728419451
0.00193219606980222
0.00193923488377834
0.00194561311505481
0.00195138627478286
0.00195661820079351
0.00196135330199354
0.00196564431398372
0.00196953287012036
0.00197305782822355
0.00197625527053447
0.0019791557281934
0.00198179805899201
0.00198419336516054
0.00198637772896859
0.00198836780373313
0.00199018024282793
0.00199183447513462
0.00199334437844811
0.00199472383054911
0.00199598948479718
0.00199714689230746
0.00199820993084643
0.00199918415155764
0.00200007788109247
0.00200090083390592
0.00200165717333789
0.00200235522606818
0.00200299915542246
0.0020035917369654
0.00200413852179793
0.00200464506106357
0.00200511413028437
0.0020055485050392
0.00200594679755284
0.00200631872226609
0.00200666150362849
0.00200697791719051
0.00200726796295214
0.00200753719204272
0.00200778421665859
0.00200800764903875
0.00200821165252307
0.00200839622709736
0.0020085599850006
0.0020087084773337
0.00200883476519209
0.00200895272639912
0.00200904987090667
0.00200912758651839
0.00200918587323429
0.00200922611881538
0.0020092455477112
0.00200924415993597
0.00200922195547548
0.00200917893432973
0.00200911232094825
0.00200902489089572
0.00200890970525336
0.00200876815181061
0.00200860161835692
0.00200840455377715
0.00200817834583233
0.00200791744342155
0.00200762323432002
0.00200728877963741
0.00200691685492416
0.00200649913351469
0.00200603422761958
0.00200551936168836
0.00200494759683068
0.00200431476970664
0.00200361532920112
0.00200284372419901
0.00200199162803472
0.00200105210178947
0.00200001404326144
0.00199886912577085
0.00199760763486267
0.0019962115294021
0.001994673870513
0.0019929696781702
0.00199108785014346
0.00198900895753695
0.00198669969364573
0.00198414618068909
0.00198130956086118
0.00197816207858637
0.00197467042717392
0.00197079019770285
0.0019664686545724
0.00196165306221019
0.001956279582771
0.0019502788273229
0.0019435703046895
0.00193605131926233
0.00192761362427518
0.00191812399296509
0.00190741034077746
0.00189527005200318
0.00188143667311635
0.00186558546388937
0.00184727788621331
0.00182594495079513
0.0018008539104386
0.00177104997334254
0.00173531189417986
0.00169206870737071
0.00163929980701027
0.00157431845337896
0.0014933609904233
0.00139085964967478
0.00125803811812375
0.00108062447878865
0.000834876612287871
0.000482069939522489
-3.73256980878978e-05
-0.000800259858380059
-0.001860023246536
-0.00310722558793941
-0.00411413125789295
-0.00454767334900907
-0.00477440309509802
-0.00517375031705569
-0.00546316325511498
-0.00551432233208971
-0.00599924554478548
-0.00737652161575397
-0.00841353653413535
-0.0087581275565185
-0.00910933550812842
-0.00923434662070122
-0.00900923780022822
-0.00886630768803798
-0.00863691340668993
-0.00863471516510117
-0.00867623750622215
-0.00652835563386134
-0.00546425127367911
-0.00487965223783249
-0.00480602224683935
-0.00486852780312574
-0.00479694062249791
-0.0047087223009612
-0.0048260062612826
-0.00494366769743237
-0.00456712445640051
-0.0036501468514416
-0.00291866530943707
-0.00276509926067092
-0.00273887579282928
-0.00266486832600776
-0.00267825761568474
-0.00271054290124084
-0.00250863774198251
-0.00207815986641435
-0.00159265933774577
-0.00110722542245867
-0.000598299187970497
-8.61200000201734e-05
0.000362809782217255
0.000708999525755871
0.000959632373565
0.0011391332321864
0.00126952892642862
0.00136648470316914
0.00144034228988232
0.00149791290482426
0.0015437706668564
0.00158099644487208
0.00161173296930883
0.00163748459236501
0.00165934488371988
0.00167810210172092
0.00169433911345607
0.00170850000813516
0.0017209317304463
0.00173190906060938
0.0017416346143051
0.00175028047610226
0.00175799930168807
0.00176491044001637
0.00177110270892911
0.00177666492628248
0.00178167203212354
0.00178618231316818
0.00179024850498877
0.0017939150165347
0.0017972290322632
0.00180022108331457
0.00180292447637953
0.00180536419146904
0.00180757075973759
0.00180956361006679
0.00181136217136668
0.00181298032141797
0.00181444026469535
0.00181575587897953
0.00181693826650076
0.0018180040806044
0.00181896164797024
0.00181982484636478
0.00182060477804669
0.00182130699410266
0.00182194259679136
0.00182251991276416
0.00182304449313619
0.00182352188903678
0.00182396320269618
0.00182436843410017
0.00182474590992854
0.00182509563018129
0.00182542037040889
0.00182572290619021
0.00182600323749682
0.00182625581324203
0.00182648618451253
0.00182669157577209
0.00182685533367533
0.00182698023375849
0.00182706072493488
0.00182708570494583
0.00182705239825509
0.00182694692706775
0.00182677206694848
0.00182651116453769
0.00182616144428493
0.00182571457951042
0.00182516501911323
0.00182451276309337
0.00182374393364171
0.00182286130633713
0.00182185933006451
0.00182073522924497
0.00181948345279181
0.00181810955179174
0.00181660519959337
0.00181496762063205
0.00181319959047244
0.0018112955579852
0.00180925829873502
0.00180708226160675
0.00180476467103574
0.00180230275148574
0.0017996909518132
0.00179693204759701
0.00179401493660691
0.00179094239437916
0.00178770054314725
0.00178427828068095
0.0017806783825165
0.00177687586865716
0.00177285686130801
0.00176859360489345
0.00176406111940253
0.00175920944478491
0.00175399139656918
0.00174834036137383
0.0017421619702418
0.00173536462976642
0.0017277984598536
0.00171933023374038
0.00170976566238323
0.0016989076812024
0.00168653424559295
0.0016724066576046
0.00165630287263241
0.00163802305053196
0.00161740620896467
0.00159436353008857
0.00156892832059441
0.00154121160278464
0.00151147427907006
0.00148002166078243
0.00144718126371401
0.00141319733693024
0.00137805877820085
0.00134133260054625
0.00130203070547452
0.00125846555398823
0.00120816134874246
0.0011478706873902
0.00107371889157548
0.000981215109163713
0.000865607585609496
0.000721955828453247
0.000545785638905727
0.000333899574656016
8.66862137627322e-05
-0.000188660198574553
-0.000477540229582019
-0.000776023689752492
-0.00113393738843115
-0.00164537272695497
-0.00230220287278371
-0.00296127566912219
-0.00358348906104311
-0.00434157154671766
-0.00531261701297581
-0.00613067374644061
-0.00699482693988784
-0.00803186406272971
-0.00896334118039022
-0.00992190773985158
-0.0118736354082216
-0.0131264998870506
-0.0123578702826421
-0.0122532872737224
-0.0123391297179865
-0.0114050768829088
-0.0112768239191041
-0.011771894570245
-0.0105940367589596
-0.00953954693017067
-0.00873641159415683
-0.00708928471482295
-0.00513422637737904
-0.00366835450904546
-0.00251172416199097
-0.0016521228829447
-0.00109259268299411
-0.000748190398525139
-0.000531996668939883
-0.000378341802331761
-0.000245370390672406
-0.000114108722470974
1.756372824957e-05
0.000144018130754375
0.000259392507473422
0.000360911300845146
0.00044863002202078
0.000524313925609476
0.000590338888883934
0.000648942011238773
0.000701977365125117
0.000750799422633008
0.000796401833369487
0.000839417424458588
0.000880207018383317
0.000918903841906626
0.000955385770495809
0.000989269777207369
0.0010200507105651
0.00104712905013571
0.00107007180893959
0.00108872355575329
0.00110331743741199
0.00111450293438509
0.0011231959806679
0.00113041798144309
0.00113711262628158
0.00114398490680401
0.00115146225887486
0.0011597056648327
0.00116865406241118
0.00117812426481123
0.00118786092073719
0.00119758647443291
0.00120710108575395
0.00121619936344075
0.00122477583630598
0.001232738910943
0.0012400608317904
0.00124673882328352
0.00125278398765261
0.00125823795826818
0.0012631395929219
0.00126753330053475
0.00127147459227217
0.0012750106526056
0.00127818589045603
0.00128104193919398
0.00128362598327669
0.0012859657783082
0.00128809740651548
0.00129004584792369
0.00129183885810846
0.00129349864153028
0.00129503630041938
0.00129647681478673
0.00129782851132632
0.00129910249223997
0.00130030708422169
0.00130145338950172
0.00130253585695073
0.00130357391547875
0.00130456201397067
0.0013055057035416
0.00130640498419154
0.00130726263147096
0.00130808142095873
0.00130885857707597
0.0013095996509378
0.00131029909144331
0.00131096244970763
0.00131158139903675
0.00131215871500956
0.00131269439762605
0.00131319399798713
0.00131364641386256
0.00131405442083121
0.00131441524331422
0.00131473165687623
0.00131499811040214
0.00131522015500707
0.00131538668846076
0.00131550048631368
0.00131555877302958
0.00131555877302958
0.00131549771076322
0.00131537281066585
0.00131517019497096
0.00131490374144505
0.00131455402119229
0.00131411825864802
0.00131358812716087
0.00131296640226708
0.0013122281039557
0.00131137323222674
0.00131039068484995
0.00130926658403041
0.00130798427643697
0.00130652988427471
0.00130488397864781
0.00130302990619668
0.00130094268691039
0.00129860566744355
0.00129597721442565
0.00129304067452551
0.00128975718993729
0.00128609067839136
0.00128200228211028
0.00127745591882444
0.00127239607738261
0.00126678112444267
0.00126056109994011
0.0012536804927521
0.00124608101614854
0.00123769883231262
0.00122846732786286
0.00121831156273799
0.00120713716799514
0.00119483867244696
0.0011812606448558
0.00116623932733262
0.00114953047081201
0.00113083431507732
0.00110981224210605
0.0010860368160337
0.00105912500991678
0.0010287160012723
0.000994604398840693
0.000956890122694176
0.000916056119848463
0.000873107142140839
0.000829536439539424
0.000787303555682684
0.000748495709856911
0.000715028036779586
0.000688121781777795
0.00066792127384474
0.000653316289955796
0.000642136344097821
0.00063174465658733
0.00061970428788527
0.000604261085612734
0.000584421400162682
0.000559630120022803
0.000529121191306103
0.000491617857534266
0.00044522163733518
0.000387923027034276
0.000318423065692741
0.000236932695685255
0.000145616851909836
4.82724971107018e-05
-5.03153074760121e-05
-0.000146238576803626
-0.000238520314610469
-0.00033048008774017
-0.000428423962972602
-0.000538646904857387
-0.000664790444915297
-0.000807232058974705
-0.000963806812137591
-0.00113030695914063
-0.00129868338305528
-0.00145371492621393
-0.00157811541612318
-0.00168931535426964
-0.0019127588402057
-0.00245345965765864
-0.00330671046100406
-0.00417259560236971
-0.00487534457249694
-0.00547468737011059
-0.00621496187847015
-0.00732385263546576
-0.00821802625949886
-0.00837083735660826
-0.00829760704590399
-0.00839550651221543
-0.00875002292843874
-0.00924125220791439
-0.00881728023927053
-0.00764355245763682
-0.0068522076901445
-0.00635125285697313
-0.00572266678489086
-0.00508075803651309
-0.00473110439713764
-0.00460753657449686
-0.00416735534969348
-0.00317963433360546
-0.00198328020672989
-0.000920896692235829
-0.000137290179225147
0.000385447229689362
0.000727384819043664
0.000958277901474958
0.0011231238161713
0.0012484235867305
0.00134923183736646
0.00143381417849753
0.00150648937768949
0.00156946677876135
0.00162386770696799
0.00167045266508126
0.0017099488491823
0.0017431001086976
0.00177075021312589
0.001793748483081
0.00181291093248603
0.00182896475742211
0.0018425483361284
0.00185417792231135
0.00186427540072032
0.00187317383826269
0.00188113413734925
0.00188835891367489
0.00189498139401678
0.00190109872288247
0.00190679416699879
0.00191211768640187
0.00191709981223198
0.00192176830005053
0.00192613980320289
0.00193021987281838
0.00193401961112727
0.00193753901811533
0.00194078642046236
0.00194376459371881
0.0019464735378989
0.00194890770188749
0.00195107818790063
0.00195297666927274
0.00195460869711894
0.00195597149587456
0.00195706229000336
0.00195788385504159
0.00195843063987411
0.00195870819563027
0.00195871097119493
0.00195844729321948
0.00195790883505254
0.00195710669892435
0.00195604366037117
0.00195472804608698
0.00195316540718693
0.00195137517255262
0.00194936566887804
0.00194715354950858
0.00194475546777539
0.00194219640370363
0.00193950133730425
0.00193668969750149
0.00193378368872743
0.00193080273990631
0.00192777183104909
0.00192470761550112
0.00192161564437754
0.00191850979547326
0.00191539006877406
0.00191225091316483
0.00190906734864882
0.00190581994630179
0.00190247262388255
0.00189897819690543
0.00189528115423343
0.0018913121069204
0.00188698778823948
0.00188222215591338
0.0018769347187515
0.00187101723003025
0.0018643919741379
0.00185695347987291
0.00184861570495798
0.00183929538266625
0.00182894255296162
0.00181749615357774
0.0018049339800541
0.00179123937904535
0.0017764401061271
0.00176056946799008
0.00174367742467041
0.00172583614066468
0.0017071177804695
0.00168755565077561
0.00166716640492837
0.00164579461170433
0.00162314606200198
0.00159857682646702
0.00157099888653534
0.00153865253871288
0.00149902312784889
0.00144884659825095
0.00138460909404614
0.00130355726213338
0.00120508047984913
0.00109136033543678
0.000966537960778169
0.000833766389263246
0.000691602330959995
0.00053144155742757
0.000336963790203981
8.49431636140707e-05
-0.000253974619113251
-0.000716360304409136
-0.00134618982627899
-0.00217441620264935
-0.00312461168050504
-0.00389139831469265
-0.00420341539353331
-0.00433413305245267
-0.00473105998821666
-0.0053549831235955
-0.00582405235149963
-0.00624322815667711
-0.00754227791333051
-0.00945250544504006
-0.0100319530460524
-0.009664447020441
-0.00985185266699773
-0.00995838966844076
-0.00903699337584385
-0.00823427992457937
-0.00830298052534317
-0.00770687957896143
-0.00672017996805607
-0.00508562081336095
-0.00227386998119528
-0.000625244300778149
9.28923604703868e-05
0.000476740869004288
0.000711242176265614
0.00086478046945615
0.000969463398448056
0.00104320996285878
0.0010969836150565
0.00113775100452074
0.00116994192111974
0.00119635412687558
0.00121876397862763
0.00123824839270981
0.00125552346297297
0.00127101662528162
0.00128500543539189
0.00129769528456336
0.00130923605290434
0.00131970545602655
0.00132920896511735
0.00133781319355819
0.00134554034580958
0.00135244593302275
0.0013585438329784
0.00136384237237053
0.00136834155117072
0.00137203859384272
0.00137492794927141
0.00137699296409721
0.00137823363832013
0.00137864442083924
0.00137823641388479
0.00137702904633841
0.00137506672714949
0.00137241329412063
0.00136913258508287
0.00136533562233865
0.0013611362037409
0.00135666478051633
0.00135207955942462
0.00134752209390854
0.00134314781519151
0.00133910105226676
0.00133549005187206
0.00133242861188876
0.00132997501900434
0.00132815702879441
0.00132697464127318
0.00132637234528943
0.00132626409853742
0.00132653055206333
0.00132700794796392
0.00132754085501574
0.00132794053530461
0.00132802935314658
0.00132764077508796
0.00132660826767506
0.00132480970637516
0.00132214517111606
0.00131856747742631
0.0013140266652556
0.00130854216351395
0.00130213617666186
0.00129487531808081
0.00128684285449765
0.00127812205263922
0.00126884058815335
0.00125909838111227
0.00124902310716379
0.00123871468638015
0.0012282841410638
0.00121780918682646
0.00120731202812863
0.00119674270493419
0.00118593468378947
0.00117454379555681
0.00116203158206929
0.00114760978497941
0.00113029030579526
0.00110899067706782
0.00108273945365056
0.00105092601287993
0.00101345598579883
0.000970840074998591
0.000923966458898917
0.000873701111459013
0.00082038265070139
0.000763422658422996
0.000700911551021477
0.000629618579495173
0.000544997380558243
0.000441535696893425
0.000313105097404787
0.000153910217903785
-3.97015753605956e-05
-0.000265043542668764
-0.000506517050524735
-0.000730815408189756
-0.000898348062605692
-0.00100026653626628
-0.00108782982621847
-0.00123792087691754
-0.00147907242009637
-0.00176972880794324
-0.00204407601955836
-0.00226909602218939
-0.00249260612150692
-0.0028649749239662
