0,0,0,0,0,0,0
0.166917823475629,0.000168659384268821,0.000762262198057435,0.0437456814776818,0.000112111633828129,-0.000825101404689089,-0.000993098756159597
0.333382962956401,0.000538483923893052,0.00149613651100619,0.0874025541669063,0.00021380953282445,-0.00165912797846005,-0.00196198837865899
0.498951223585397,0.00131552230565252,0.00217385911739789,0.13089590539488,0.000293662436044602,-0.00250911133853492,-0.00288197479660048
0.663191788225953,0.00271361643639753,0.00276927082749018,0.174174467494458,0.000338590311117969,-0.00337832669558998,-0.00372761473739599
0.825685365469132,0.0049535157964426,0.00325937330249492,0.217210801482503,0.000333978598345239,-0.00426458149528087,-0.0044728684385289
0.986013673934531,0.0082567230648198,0.00362642432666184,0.259989954483066,0.00026480645956219,-0.0051589208287415,-0.00509180368426133
1.14374061151615,0.0128331360508904,0.00386021895568533,0.302486433011158,0.00011785377556749,-0.0060451401030857,-0.00555987220802054
1.29838873265639,0.0188620807310605,0.00395994142911652,0.344633546120142,-0.000115278151251922,-0.00690050468284254,-0.00585562162556135
1.4494176842855,0.0264666961517011,0.00393488245785311,0.38629302797406,-0.000435012095400564,-0.0076978888940186,-0.00596254807345016
1.59621292500253,0.0356817609852437,0.00380349031164816,0.427234696174702,-0.000831525405401673,-0.00840917196536141,-0.00587070952908709
1.57167252022573,0.0424704091331387,0.00348207149113363,0.422810565250191,-0.00129351854253445,-0.00810314847154149,-0.00469467854852739
1.54219451813915,0.0491161324263452,0.00322676601550944,0.41664174052168,-0.00175640280251944,-0.00767870958198287,-0.00341937982086944
1.50778786217724,0.0554573207304719,0.00304136006134406,0.408612247439918,-0.00220962768595777,-0.00715995418656013,-0.00208285198698541
1.46854015593851,0.0613787257032027,0.0029254588942561,0.398714157070187,-0.00265072650985737,-0.00657338083018328,-0.000720676752115622
1.42466333529171,0.0667965819838607,0.00287746149988282,0.387032229554349,-0.00308247384494353,-0.00594591040189863,0.000633724837636333
1.376288346619,0.0716267570863501,0.002895560978783,0.373653707781934,-0.00350899504682492,-0.0053027376204212,0.00194882034654364
1.32375587189112,0.0757740739356862,0.00297823042157266,0.358713035979902,-0.0039328670799509,-0.00466792218782328,0.00319431883589677
1.26694868648346,0.079080639644832,0.0031216958288077,0.342180985281867,-0.00435093340751728,-0.00406098420175119,0.00434045581164234
1.20659543407231,0.0813940823682376,0.00332128975948091,0.324200565040938,-0.00475614708250157,-0.00350074283839594,0.00536012126334016
1.14145041302838,0.0824052202061579,0.00356403774265517,0.30431516728105,-0.00512884652921428,-0.00299415142038987,0.00622206825871979
1.07455617265796,0.0820937387677033,0.00384495121220668,0.283179273860607,-0.00546054242114999,-0.00255444425412314,0.00691475655544684
0.999053578138075,0.0797524425326957,0.00412840887943295,0.258758047109859,-0.00569913546043092,-0.00215894603974719,0.00738168050451033
0.931386950835416,0.0765463487918647,0.004457989244612,0.23525792794447,-0.00590707587339492,-0.00183779082714474,0.00771153465890187
0.833070453146436,0.0693296324848173,0.004671530070656,0.202486563974558,-0.00585674778869611,-0.00148080091692497,0.00761904358194524
0.797408194616703,0.0659636189389363,0.00519286184528428,0.18428630584706,-0.00612176400036085,-0.00127513306937473,0.00786516690210624
0.613770652272825,0.0489453139821129,0.00491641346604719,0.128595406436859,-0.00528088424767344,-0.000755256573630596,0.00657154601543787
0.793859910556459,0.0608367885183666,0.00710196705360289,0.154464096580946,-0.0072107860409943,-0.000861494448029226,0.00879680672533623
0.345049650076571,0.0215300968462637,0.00456984059072746,0.0442961274059028,-0.00388077465126247,8.6518384637219e-05,0.00419172752198301
0.107720643511282,-0.00249465772621304,0.00409652692158873,-0.0270218937288614,-0.00252242712804474,0.000939666438186512,0.00176630004948226
186.918027414353,-5.09161285329117,7.07964610434221,-47.0427060317035,-4.37462039021732,1.59508448361984,3.06618839634064
97.0581503031321,-3.04860555894625,3.66191496613918,-24.5209963068873,-2.26962877746207,0.810121528880472,1.59261409640698
22.3089489624655,-0.795812937433212,0.838612819970915,-5.66130583545483,-0.521090681258113,0.182117895204598,0.366135662876518
0.325648400945341,-0.020766669342284,0.0141147509842289,-0.112537613399171,-0.00851399560959629,0.00324848044248339,0.00554359919498343
-0.417624067259194,-0.0617899303941318,0.00314550764143023,-0.184893058447957,0.000485508040713917,0.0028596503182132,-0.00463126945684595
-0.832795959966393,-0.116296923553635,0.00454795170888801,-0.33466919884299,0.000920445196531566,0.00433685405993518,-0.00720739696674809
-1.16807277256507,-0.146530135083702,0.00509942643103924,-0.431897649633504,-0.000408038136592766,0.00528076457199249,-0.00542305917659623
-1.39955455425287,-0.15433997822959,0.00407780707606432,-0.474825489982218,-0.00228378922576095,0.00665836086800224,-0.000154181782621242
-1.51609429799839,-0.140441506007582,0.00205180233898679,-0.466997444514816,-0.00363218440197123,0.0072523986821369,0.00580162432288118
-1.52188720734182,-0.105747374730237,-0.000739162441284778,-0.424517326616695,-0.00403721944545593,0.00538186566384271,0.00854055779501003
-1.43393627182565,-0.0691089703417581,-0.000976813269745028,-0.37130725287841,-0.00307152787753451,0.0031272127853116,0.00581284169300818
-1.24476416108194,-0.0312343333349976,0.0025588896425757,-0.286219957977502,-0.00249671718067912,0.00261121728570191,0.000309888708993956
-0.965796356354661,0.013193267219482,0.0073013330347297,-0.16871790998688,-0.00226422834234176,0.00216887823950672,-0.00473014082611253
-0.617856293643652,0.0678216070945087,0.00948061271055395,-0.0276114708358241,-0.00177534931760824,0.000100813946105267,-0.00713029526180776
-0.21730071497848,0.130416956359611,0.00875078890026143,0.140489903376662,-0.00182875997656408,-0.00280745366762562,-0.00568487198312144
0.200032690012737,0.185774194711221,0.00966523660871743,0.315760550545376,-0.00254810504146639,-0.00455282537110025,-0.00113830146234734
0.59307437582299,0.229526030660068,0.0112590746728669,0.468756153464173,-0.00410581393712261,-0.00546931752195306,0.00398295750885277
0.918956673964268,0.26377841403555,0.0117424250149873,0.573177463167164,-0.00678695712977989,-0.00651256297068939,0.00664138450557783
1.12628474484507,0.291237272526497,0.011960630135454,0.602361481265659,-0.00985402527968293,-0.00628998240392186,0.00488844180654207
1.19074067909106,0.32820935160704,0.0115825373018782,0.562694456135828,-0.0118080081470571,-0.00361037870416327,-0.000314454157147712
1.1404172730134,0.324463863465611,0.0139191819332802,0.471177828066437,-0.00980622334757406,-0.000867057309331685,-0.00575523728414196
1.03600328574941,0.235918979098291,0.0177276034761812,0.352359551983588,-0.00706600326862868,-0.000210925730969938,-0.00778425897801497
0.90412316827715,0.0983825008398028,0.0199160796326262,0.228975543205955,-0.00686860099181727,0.000158217804343113,-0.00512106488004711
0.738349538286618,-0.0642832928462804,0.0208190258114626,0.0911525135969946,-0.00785038026630163,0.00152739612849334,-7.35611431650826e-05
0.540276604645805,-0.238165734474334,0.0214335822731965,-0.0571123778388708,-0.00939627883592637,0.00260425126990196,0.00477377671112998
0.320288325180444,-0.414381305317389,0.0225958238013527,-0.2082651931795,-0.0112298893398116,0.00205994838825753,0.00725550204091459
0.0970775270041672,-0.587622683145983,0.0248347603256947,-0.364064966347479,-0.0123959218301187,0.00065659694563912,0.00565689702957832
-0.0756540391804105,-0.740059543190404,0.0255649536897555,-0.501389747991139,-0.0134601137203367,-0.00025231649555039,0.000667834413436276
-0.158544052843702,-0.838148231520933,0.0253128985089713,-0.595405554804529,-0.0124334735429473,-0.00166382668452463,-0.00482724367668264
-0.227832565580476,-0.821433022466912,0.025063657561953,-0.626737432838407,-0.00758513866030969,-0.00369582357105328,-0.00734364039081305
-0.33438864005045,-0.678127986900035,0.0229903019551079,-0.581947641230079,-0.00450771037794237,-0.00426885500261392,-0.00472290331501397
-0.45351882573154,-0.449276438120301,0.0200847824016347,-0.479952375322001,-0.0045167281101465,-0.00297838144256758,0.0011636982288511
-0.559701072915093,-0.166298066341925,0.0173445273255589,-0.337942942334792,-0.0060728473614141,-0.00185624557302886,0.00663542086547574
-0.646984440686277,0.136001988056103,0.0120861565639311,-0.182286870986253,-0.00670511149148875,-0.0018450800405339,0.00833333536453026
-0.714143567320424,0.417807029135396,0.00102528283352515,-0.0358380658363808,-0.00518353380531914,-0.00106594538155452,0.00530787611868696
-0.739767367015452,0.666695655924293,-0.00851539759199326,0.105816404473267,-0.00312298347880351,0.00123074467439251,-0.000356093222896467
-0.719647777995099,0.871007125583158,-0.0150555946449221,0.235033097711334,-0.00126451466370295,0.00340314239481778,-0.00603793176830051
-0.651571926909495,1.02295854605736,-0.0170347672316894,0.349264971669043,-0.000384299558336454,0.00356669140077761,-0.00875999657543838
-0.521871902899493,1.11312670184918,-0.0093982865953565,0.454571265580732,-0.00223474346529069,0.00263451864736826,-0.0062031805798314
-0.353596969403292,1.10935396957303,0.000680646925325546,0.522741971252945,-0.00557662617283708,0.00306566325234606,-2.94805508166e-05
-0.18312413122502,1.00255166248698,0.00717291169291129,0.536406115308771,-0.00919505560797963,0.00362186378908596,0.00596847764162008
-0.0564750347604596,0.793349805169196,0.00877128085794783,0.489369451575251,-0.0118468393387188,0.00265615869916767,0.00842174285736852
0.0301640402611057,0.48498080411952,0.0106652908910125,0.38272249034196,-0.0106954890080857,0.00163802910380613,0.00578231651234327
0.150926185637837,0.125224659064557,0.0142932499361802,0.24353233648202,-0.00825477789108575,0.00178285277317477,-0.0001880920969649
0.301350928871231,-0.247005813868757,0.0189618765458336,0.0911532648486476,-0.00604101612493237,0.00141490773600865,-0.00618617907898203
0.462189132020104,-0.5997526651366,0.0237665685118374,-0.0540329218411871,-0.00433280448003887,-0.00114234875806105,-0.0091227332400851
0.643796550142657,-0.886538660298794,0.0230339740757854,-0.177699278591021,-0.00533139426118242,-0.00383934082704153,-0.00707864883156488
0.82255695631054,-1.08869420657454,0.020127194246642,-0.284218635687986,-0.00771328157018123,-0.00419706480763827,-0.00123474604644208
0.973864625046874,-1.18688651349568,0.0181368607358251,-0.365296207763003,-0.0105493330831125,-0.00389098604208579,0.00537428176502293
1.06254596250389,-1.1773997893335,0.0187870141852311,-0.413672508960538,-0.0121530661927936,-0.0049945295158917,0.009026109107475
1.02073047641726,-1.11565854701357,0.0192115314895714,-0.429122574326159,-0.0100616229750256,-0.00552754439398117,0.00710050929078958
0.864802888122357,-1.00027859807429,0.0149509656786091,-0.398846222032216,-0.00672408272440562,-0.00360694274486898,0.00116811926600942
0.631649655604765,-0.815628281475788,0.00823464292695415,-0.321749070099697,-0.00352470377459204,-0.00109338312573086,-0.00506300864100296
0.348182936215333,-0.567046620025896,0.00218923024920527,-0.209621213817304,-0.00151248970370142,0.000244678406308547,-0.00832253754391898
0.0532202715276627,-0.257049485475448,0.00527979547086536,-0.0771906610811436,-0.00228421662941315,0.00117622917834687,-0.00685152374432671
-0.236612583207528,0.0775014117232285,0.0141262562197365,0.0593086127003561,-0.00495304667107439,0.00319798553719136,-0.00178355100543187
-0.509240743737164,0.402118495503126,0.023373014669494,0.184963965301415,-0.00782195596156215,0.00549185475205073,0.00422093827032071
-0.75064069289974,0.695116455165638,0.0314598098282433,0.290161345687697,-0.0100095676947242,0.00618600223967808,0.00823844724281147
-0.962813731451013,0.90834162335233,0.030909488297979,0.370674961945701,-0.0107412955094454,0.00518582727019394,0.00755431690121846
-1.12310175042188,1.01033786170603,0.025114542592345,0.414020961430405,-0.0112428115656331,0.00478056136871855,0.00251136420387447
-1.20240226164943,0.995322558433401,0.0201191785617667,0.415566138739878,-0.0126000677091511,0.00459539601278541,-0.00368118362013142
-1.18020787078625,0.887267771686614,0.0190440300023653,0.38990184194725,-0.0127795855471331,0.00228011721878176,-0.0075322537686167
-1.03106165013494,0.775486207595399,0.0204739777332337,0.327890895896671,-0.0123446476794636,-0.00157302577362349,-0.00707453685882566
-0.779738668879618,0.68392718419467,0.0204972258082424,0.21615227807585,-0.0127651237424184,-0.003872112578472,-0.0028767301822548
-0.471520626957243,0.589483066176818,0.0204303908776565,0.0745690535377576,-0.0136618347649184,-0.00455523674168651,0.00259756125082637
-0.139723942304818,0.492035166508938,0.0202638941453024,-0.073010273452801,-0.0155224502941225,-0.0054108392119617,0.00654665679330545
0.178808965707384,0.384310832984382,0.0217133471679285,-0.200888723956291,-0.017127409269846,-0.00644525679652022,0.0066997020958556
0.445824582581349,0.273512505694548,0.0237698475602851,-0.290987488169188,-0.0175753993694246,-0.00557115257843889,0.00279769692021185
0.631114933540552,0.175583973622531,0.0239296617593559,-0.34285741189636,-0.016685074337317,-0.00279390672517093,-0.00303361009897433
0.735262966012905,0.062293735269658,0.0235623696357699,-0.362232007944283,-0.0132729782458921,-0.000181433618914305,-0.00753802508184843
0.794228239806521,-0.0841305637278005,0.0229110366207,-0.372619281447504,-0.00982748203152461,0.00155470197922654,-0.00747645836477015
0.826605715132929,-0.263322052442125,0.0214067157083115,-0.371988593827388,-0.00811106447727121,0.00385935018367349,-0.00293576870922903
0.827399964987432,-0.466482864091424,0.018333325181007,-0.341329658204444,-0.00757588904522616,0.00635287046014832,0.00301664411983393
0.783321370983711,-0.669710396592127,0.0156135991843671,-0.280526513513652,-0.00784786395011073,0.00725430285081811,0.00719573513390647
0.685276704946085,-0.86728214711059,0.0157215880468549,-0.176488485696156,-0.00742748715292036,0.00629486111357517,0.00704548495802754
0.543197192711747,-1.03530861151212,0.0185999414068113,-0.0400109970924244,-0.00648147953170998,0.00556777411908115,0.00266189316790475
0.372444843131098,-1.14039014655754,0.0244602129736072,0.0947686464585626,-0.00625003648567258,0.0051464011215617,-0.00304446520501464
0.179921900146326,-1.16862129440479,0.0351809291929726,0.207602778242355,-0.00686130162222854,0.0034643050907554,-0.00694533052450989
-0.0139792354374587,-1.09993086177617,0.0481826096498211,0.267567643839676,-0.00902923598117324,0.000917587877657067,-0.00678971972825298
-0.178775802419594,-0.937263753752679,0.0565826377547225,0.267982392934466,-0.0126529372293069,-0.000487819133323654,-0.002635711451086
-0.303070653323887,-0.701637294233406,0.0592814052678997,0.225314305957193,-0.0170196556212787,-0.00119559364918756,0.00322388630175377
-0.39699799879307,-0.405465216920077,0.0586879779833611,0.150502318071227,-0.0216479078493708,-0.0032711791614815,0.00766930476385042
-0.479415314743619,-0.0872257798661039,0.0577261953013007,0.0787399261809116,-0.0243104599119361,-0.00645393389575919,0.00775954418404485
-0.558047766834646,0.218460458734646,0.0576774302879904,0.0231188466074528,-0.0241156797181162,-0.00757857568369857,0.00367218682785699
-0.630718034931355,0.489790754180972,0.0582055862933099,-0.0303278252619808,-0.0222371133146682,-0.00653715828191381,-0.00208440130209686
-0.676686752779771,0.703619190066253,0.0596683008826521,-0.0794819048582351,-0.0188715724194252,-0.00540169913682727,-0.00684647508708836
-0.670466313552392,0.882470900705294,0.0583149878801411,-0.121804868727899,-0.0159990503604772,-0.00499028623457715,-0.00774726959455651
-0.612352856838933,1.04215800475113,0.0509009169009016,-0.145978554402114,-0.0153734223850366,-0.00353803886235327,-0.00392958615333305
-0.509193724723003,1.15244357016628,0.0423405350648733,-0.138190529652469,-0.0155172398501198,-0.00067246101183221,0.0019190793534925
-0.364920155831924,1.20099262328012,0.0356386142652404,-0.100196691144521,-0.0160484860777944,0.00186458073755526,0.00650127815129243
-0.185805711680153,1.17021625964533,0.0363863474369405,-0.0400197697659231,-0.0158247485999478,0.00333484022432482,0.00730743341665124
0.0114800102751493,1.05294770777585,0.0475366387497115,0.0200682720634783,-0.0145765051324287,0.00501803319455068,0.00386038375919541
0.206482014031682,0.872291958944574,0.0632165330319563,0.0613220718853368,-0.013994432861641,0.00704622291240271,-0.00177366756247215
0.386130434639534,0.646524336131405,0.0796729032847222,0.073530434900412,-0.0142688202776722,0.00778646188681869,-0.00643988530858132
0.525501385495564,0.403630519511738,0.0900398301828966,0.0510247062245583,-0.0160675521920502,0.00666702992054073,-0.00729406299818326
0.610012652049232,0.156682629698964,0.0922098474099849,0.00899182427942274,-0.0189080489096112,0.0056223739837311,-0.00395878163677137
0.657125315293547,-0.103069442427038,0.0921144993182997,-0.0344617496944398,-0.020628744177777,0.00525901718076702,0.00148516088562025
0.673704701277334,-0.362405913084111,0.0907205349256675,-0.0717600805627475,-0.0209672034398124,0.00387358501349014,0.00646362335773697
0.664899328293331,-0.606482470137838,0.0899693107032136,-0.106835187831233,-0.019692695373024,0.000479627930061954,0.00815099640532147
0.636373336649397,-0.814095858516624,0.092862835120123,-0.140953885635915,-0.0168019316228973,-0.00240648019967076,0.00509912539317063
0.56220062817944,-0.958748788201609,0.094404341988574,-0.152419046465986,-0.0139200220828398,-0.00332703604097429,-0.000457000335328555
0.430083442842431,-1.0403197434724,0.0911167978130111,-0.135272764488958,-0.0113301233907655,-0.0040260847285453,-0.00548391630091069
0.239996052080558,-1.05872846591847,0.0812317919599025,-0.0823127615281287,-0.00931229242202384,-0.00580196799627484,-0.00740322281723344
0.00452124657569923,-1.00796981794116,0.0672484692051666,0.017930117901491,-0.00895623553509469,-0.00730953591432748,-0.00495301180703223
-0.240423409738419,-0.898735355003732,0.0562568420855532,0.140916302536561,-0.0100375681734478,-0.00708245419968804,0.000386169712037388
-0.47179016195555,-0.747172109138831,0.0498326520994625,0.258602400411637,-0.0124915114474504,-0.00619544501565368,0.00551483743746553
-0.663590587697618,-0.574475596146927,0.04880300411918,0.34112747868444,-0.0156702544452592,-0.00560697060126901,0.00728985344809951
-0.79045032320242,-0.412739896293372,0.0513641778047509,0.360240011272996,-0.0188030179610447,-0.00392384728512984,0.0044646677860414
-0.851533661478651,-0.290693113657602,0.0524331537422317,0.323330330343964,-0.0227442156535365,-0.00051519004591787,-0.00114884409504256
-0.823537696508922,-0.209170815906378,0.0520824041853901,0.247882145162326,-0.0261400809063668,0.00282430445439203,-0.00631754562967992
-0.697675029402408,-0.110970142338975,0.0525692114681623,0.173292202030235,-0.0284278974067291,0.00435846089669905,-0.007558889709563
-0.519277676521888,0.0630281829570819,0.0538908313302845,0.121175888908667,-0.0306677338591843,0.00488308267804072,-0.00407349200168422
-0.342136021241929,0.314554034701511,0.054870548949008,0.064141797801129,-0.0322893000966741,0.00503775764157337,0.00129688180153174
-0.213497714651177,0.591230244557237,0.054689731081625,-0.00851694694597013,-0.033589179339839,0.00359466171266226,0.00555211549291502
-0.133852526737052,0.826492404396764,0.0543325959310704,-0.0955344130773168,-0.0338295821215157,0.00053083560165195,0.00621737380972562
-0.0790587842260016,0.975170792215884,0.054364253234729,-0.180844057728052,-0.0323007510393341,-0.00175468556582753,0.00263146421640044
-0.0237094913143212,1.00959688851901,0.0545699134868288,-0.239537725784187,-0.0292307812023626,-0.00267943247340125,-0.00283721388047071
0.0686444070282974,0.942316281281145,0.0560754630464175,-0.263363443348054,-0.0248118797737276,-0.00354286686268877,-0.00677444929786738
0.202792219163507,0.798421169584485,0.0617091093280998,-0.270739367388845,-0.0209025419092286,-0.00407018851444358,-0.00651120195967124
0.365167739283776,0.621130054801958,0.0721089574111355,-0.279268115110494,-0.0185574539709864,-0.00287683853319231,-0.00205779454782129
0.532165422336451,0.443061259022654,0.0848181181300196,-0.282174605022794,-0.0175665918776517,-0.000736850619910813,0.00378271831576225
0.68395275884431,0.274864855849301,0.0977465734597372,-0.270696822418354,-0.017160192611263,0.000434464467769168,0.00749426337758589
0.80323698018599,0.141633682920187,0.104438689540912,-0.228658662713905,-0.0156170808650542,0.000601395461189682,0.00656627436073589
0.870943840270497,0.0327031230792931,0.105289650442484,-0.160321201834881,-0.0130488893805585,0.00151928705760743,0.00178095707691916
0.88057072245945,-0.0671414013398964,0.103778907094197,-0.0811402908342355,-0.0106576731812445,0.00270183148293962,-0.00398632436582182
0.835951833400119,-0.156120961290464,0.101885166117199,0.000651906248139635,-0.00904316785587314,0.00240121079675446,-0.00770458862789336
0.738205563577439,-0.249623626242724,0.103208096626203,0.06021680022244,-0.0093766367914992,0.00109713451034477,-0.00698847868846836
0.581496091514146,-0.341717089364503,0.1019226470725,0.09417608012984,-0.0108487910412525,0.00108200722590057,-0.00235409932986432
0.372780299742143,-0.413113819160865,0.0941397996409349,0.11973432275156,-0.0120948304057441,0.00183649731993189,0.0034172178995923
0.130637184449574,-0.456827084476489,0.0824873639730301,0.145367459919059,-0.0131884098499999,0.00130868037369217,0.00740217619571745
-0.133322911180985,-0.458410644345404,0.0678222396316302,0.19121684553554,-0.0131644829343121,-0.000620326223646808,0.00724739331049439
-0.407008528111634,-0.428106466192879,0.0524993016229239,0.254873177561916,-0.0121015238236238,-0.00150505545960697,0.00295732038762636
-0.667024050205179,-0.387135572442831,0.0405415383995471,0.313225418724271,-0.0112043961263647,-0.0013149165950734,-0.00293021454251947
-0.893270483371293,-0.343847941673438,0.0334843307893765,0.352589652505094,-0.0107434985428979,-0.00196833185712905,-0.00714367105004756
-1.07217466500704,-0.324547705043636,0.0288853506323131,0.344526966913084,-0.0121205663927845,-0.00324069075110118,-0.00686104014621466
-1.19595861731592,-0.334481348131929,0.0252201395549587,0.291396359396657,-0.0148158716974929,-0.00317548244399881,-0.00232378967878735
-1.24304554118415,-0.354253201109224,0.0233542291620021,0.218372873909819,-0.0171212048864103,-0.00228399151052388,0.00353190709127429
-1.18919407934851,-0.365690211356687,0.0232740204162485,0.137730282485971,-0.0185359101394624,-0.00204911836642659,0.00738851457668947
-1.03586202994082,-0.332460360885172,0.0245165424396802,0.0715395036626133,-0.0176943112551569,-0.00169656059639882,0.00675066764464797
-0.797280238408401,-0.242215137853994,0.0252539578543306,0.0112498690512312,-0.015605356061296,0.000390048471284165,0.00232283203072821
-0.492452428805924,-0.108897026246237,0.025094868164383,-0.0611471158314366,-0.013988001869837,0.00330295312771342,-0.00310051276572598
-0.145819728609937,0.0621253594683351,0.0246037068776597,-0.146388126101687,-0.0134686316890415,0.0055392451694259,-0.0067506582808159
0.2183524287607,0.257213462711119,0.0245802958903204,-0.250226259860204,-0.0146574511719857,0.00696091889955855,-0.00637175128001756
0.559511185728719,0.467455021161445,0.0252123128757194,-0.355200124818889,-0.0157208997199558,0.00875509884516825,-0.00196340912885545
0.83487175209675,0.659076471948392,0.0263013600391974,-0.428606684260975,-0.013970751344885,0.0104050685897468,0.00373458721569785
1.02892664047942,0.787973106203466,0.0274722318673471,-0.456914141687161,-0.0104024481758813,0.00989284167698482,0.00704847642499477
1.12446362534498,0.848128876967968,0.0327270023919189,-0.432535485155452,-0.00676285395759268,0.00747069489161145,0.00563415599265052
1.12465988004362,0.828408573148707,0.0400054197753713,-0.354789597443839,-0.00477990572863389,0.005320419142619,0.00080362768585376
1.04405409511466,0.733510522508254,0.0460768931516338,-0.237068901888411,-0.00430302547727464,0.0029696831804702,-0.00440730637235959
0.900804884397504,0.578273395022431,0.049455385108075,-0.102160704512582,-0.0039322035546424,-0.000992383390884574,-0.00712940107630071
0.718380768751216,0.36827095561751,0.0421515573147706,0.0386572801563707,-0.00356080489691677,-0.00527555121922949,-0.00587136319614856
0.503827835673528,0.123658491471245,0.0281758991960818,0.186352176850676,-0.00291715437485893,-0.00768173763703369,-0.00152440872451541
0.268154277665741,-0.126768779249265,0.0153850414377858,0.325632776112182,-0.00258496479615727,-0.0089236176854182,0.00374204347910982
0.0303868929508675,-0.360557030089256,0.00649375066248577,0.438685184656233,-0.00374573079908043,-0.0107105896298084,0.00731779399677801
-0.200798763787072,-0.554516218664945,0.00623623644849792,0.526358864632224,-0.00507022210189564,-0.0123038893549711,0.00659258538108264
-0.393142868714351,-0.703028555543182,0.0092432174439738,0.579317393864733,-0.00571437055705014,-0.0113951512166777,0.00152264283937422
-0.506531484462246,-0.807497054620772,0.0106502082498851,0.577316383054965,-0.00453312885606677,-0.00898161249018041,-0.00475037145489876
-0.555110887929662,-0.838177778914723,0.0115572622462984,0.521136281481309,-0.00104811583898211,-0.00670937647286632,-0.00801163180726466
-0.552796205455318,-0.784559721566551,0.014165480314982,0.41913106939126,0.000581771020633683,-0.00371906537349233,-0.0059315072695504
-0.521240816390125,-0.651305459818085,0.0178923822365495,0.276080937740666,-0.000173606321597579,0.000565138997303054,-0.000465678542532448
-0.466758150416386,-0.45930597028571,0.0215380143789093,0.106663556010573,-0.00190503658282403,0.00475078405790457,0.00517787759185508
-0.393304010601889,-0.226325532393253,0.0242328667340173,-0.0716786500179555,-0.00288710290468167,0.00750777881446987,0.00818452552683965
-0.326855896438066,0.0373318016657792,0.0204079639612303,-0.247021404703307,-0.00185239021928046,0.00944696706744575,0.00664149967437656
-0.267639969934861,0.29874962078348,0.0143494815192861,-0.405274477732511,-0.000388676666926517,0.0118825854300576,0.00129959912950225
-0.214371127505339,0.530114681483113,0.0105782379746161,-0.529739898078441,-8.28899111127404e-05,0.0137644308101289,-0.00492166999747468
-0.170842064255608,0.716677047910935,0.010004854778826,-0.619631712114964,-0.00029130840587694,0.0127904795229892,-0.00832776962701026
-0.0941117279431301,0.813273570483758,0.00937795213277804,-0.670671495335952,-0.000325925877338768,0.00957360037377551,-0.00644591624044483
-0.0026806682070751,0.800695553099289,0.00223329079999066,-0.658244746735587,0.000403540031657027,0.0070857081193627,-0.000767393269986176
0.0742411301959091,0.697505706789296,-0.0105097898695824,-0.586381841853238,0.00200433792845233,0.00440066859961692,0.00507039929848854
0.125852389382146,0.531485376975002,-0.0230666689504403,-0.475872309673082,0.00308009666372812,-0.000247088259220115,0.00766892372551354
0.139077985228576,0.322483032221085,-0.024177112804261,-0.326257474436827,0.0035556314558949,-0.00490644573312304,0.00580399463640789
0.131126010422846,0.0859110819215522,-0.0198867483439651,-0.140956206076336,0.00312398715438587,-0.00737271045623669,0.00103946261859326
0.113728604649213,-0.156103581456287,-0.0148384451191366,0.0557757246169023,0.00270856120039986,-0.00880622181606328,-0.00425035855577003
0.0891759848710281,-0.387559810176483,-0.0101764844562049,0.242376978643524,0.00366121699723621,-0.0108402291177787,-0.00762918112714628
0.0760015478927733,-0.597290935682208,-0.0180520896430436,0.407659233210164,0.00509600203593217,-0.0124964473574903,-0.00675374921740527
0.0759561848461742,-0.756442852217794,-0.0327937359612921,0.538907356512595,0.00640988576816459,-0.0115502254470022,-0.00168557143147032
0.0762354792334916,-0.835317716495856,-0.0425628764913444,0.617580837497892,0.00744670123929045,-0.00894691348722892,0.00468062611931539
0.0578672752608316,-0.814066210387196,-0.0438099186854423,0.638726062116182,0.00918276806866641,-0.00648815736558692,0.00853194476129348
-0.0270232722410076,-0.647537151759057,-0.0359633147615531,0.615968756794862,0.013909331201569,-0.00321125230619744,0.00734686694283025
-0.118947364904875,-0.342900414207123,-0.0334433114943778,0.562568619350473,0.0153558823642991,0.0019281277101852,0.00215511681906681
-0.106363626961742,-0.0485018107888313,-0.0384352183492668,0.487226596230245,0.0131589220041211,0.00703547555870303,-0.00435574847622505
-0.0122696649873329,0.183024792919021,-0.0446683346756946,0.384044568752093,0.0115543784262349,0.00998858805913883,-0.00861301286232862
0.141772842881638,0.354620229828754,-0.0470835065451204,0.231339414823384,0.00950972965025756,0.0104826648609728,-0.00795702096566408
0.308912577030259,0.470081221636127,-0.0448758873567594,0.045640521179985,0.00750257958900058,0.0109176453543102,-0.00296321483026144
0.45045771655004,0.532782047108295,-0.0398867927436354,-0.137306174316415,0.00732731961144462,0.0113333798759477,0.00337664710481527
0.564841198868778,0.543289235157744,-0.0346773913027622,-0.310526100208178,0.00874020351635176,0.0093369850573329,0.00794204075960943
0.622809757035068,0.509526432606797,-0.0338723632126248,-0.444291811604904,0.0119010415219956,0.00449358204239416,0.00791433215041846
0.58311281862008,0.386439114377931,-0.0315536872105964,-0.510803215810166,0.016908557450868,-0.000155026889887043,0.00321257898617425
0.419480057330048,0.139445359380349,-0.0290028136144706,-0.532259592516935,0.0207263812404938,-0.00469084664182171,-0.00338353994896318
0.160154099489955,-0.0998070388787892,-0.0333862448671793,-0.528598381160378,0.0193628996592355,-0.0111520306489988,-0.00849421053955463
-0.0929935390426383,-0.245224298861692,-0.0427531166506357,-0.523613670595569,0.0147318103447796,-0.0174240877873232,-0.0086099226809324
-0.313854725248544,-0.320204773931024,-0.0560478680522541,-0.510607308524676,0.00968374889198376,-0.0187880129458549,-0.0034612038256677
-0.495856429898221,-0.324358661090588,-0.0670484763848979,-0.459476652959877,0.00567014379860752,-0.0166229886960143,0.00315258898919871
-0.638401948152462,-0.269287054419402,-0.0742475015049852,-0.367453226768646,0.00233922252101647,-0.0138064473789848,0.00752241095564007
-0.753269237947655,-0.160097090414221,-0.0822710316836238,-0.223733823764056,0.0018097606234088,-0.0105377528735407,0.00718136250267887
-0.819517376089663,-0.0195104230552306,-0.0867865631068647,-0.0450513177291572,0.00465936671445301,-0.00573316670543103,0.00283012112509157
-0.821809260962187,0.125400488102077,-0.0852744452407038,0.136557792978439,0.00890301244142633,2.38841433939519e-05,-0.00280626013373993
-0.769801473230683,0.260191569380601,-0.0839653727116288,0.301269821728155,0.0126425975919499,0.00549361498547166,-0.00697533432409682
-0.65673842429515,0.35761593985754,-0.0808870037832431,0.419409967624987,0.013739398172562,0.0102611279189263,-0.00732700097108587
-0.470708714419898,0.396835297038776,-0.069607296341574,0.481816018918411,0.0126371614606192,0.0149636571851674,-0.00326474060755815
-0.233033400123259,0.37744087479157,-0.0559131875554569,0.499502962337477,0.0118964552561587,0.0191847907788415,0.0032094793685217
0.0445554752393589,0.298306555161333,-0.0425838904962595,0.476472300362361,0.0128706374072426,0.0209464738227157,0.00840427284441215
0.361513953529829,0.177469179610586,-0.0313432028747858,0.453763988540744,0.0156856402967486,0.0194517664933258,0.00830104933583125
0.653490458187073,0.0152127885289929,-0.0269709969031297,0.431959642143468,0.0161035526314661,0.0173874297874585,0.00321944019699185
0.834320337059728,-0.169291203121547,-0.0267961033493943,0.373076227134551,0.0129311538177482,0.0147355239921202,-0.00282730315718504
0.90607402846615,-0.338966794976758,-0.0273006247813552,0.28451198891277,0.00977184316053339,0.00919676146279536,-0.00685810826676608
0.896120727871931,-0.493934170574982,-0.0298590754135729,0.170282256044691,0.00791192567322035,0.00105177013410537,-0.00723301428351626
0.80409641086523,-0.621909340085866,-0.032544445790407,0.0264370466154125,0.00759504335618569,-0.00621674370189999,-0.00420503232620139
0.642085560054116,-0.696319147475288,-0.0322590174246501,-0.129687798608011,0.00861545290230384,-0.0113775217134516,0.000653313890166295
0.439528571874025,-0.70970493518049,-0.0316542549029622,-0.269945020250173,0.00939706591285763,-0.0161643606187698,0.00543615945496551
0.214552845243051,-0.64232179951008,-0.0303736619138211,-0.371719025307984,0.00961776665461313,-0.0218087653666568,0.00797696071206984
-0.0262128074564444,-0.440300602146185,-0.026659633870256,-0.440707583918216,0.0110673158338165,-0.0261506476652545,0.00653321037788119
-0.236872387672389,-0.131602118528195,-0.0287263902168165,-0.49488860337073,0.0117338400464846,-0.026388626413741,0.00134609208171927
-0.372348649882601,0.161612573850552,-0.0386781493473217,-0.523270087663914,0.0116130427001922,-0.0234066714236583,-0.00495292811355674
-0.446908272001631,0.383555942607479,-0.0513611871240495,-0.522891899560396,0.0119979820377735,-0.0189447122024161,-0.00852221008318627
-0.478570706898481,0.516297066622726,-0.0573425094030916,-0.492538774226752,0.0100933444133858,-0.0129413252562508,-0.00727128901940472
-0.454599696981255,0.579033750557868,-0.0560528685298507,-0.406984809333964,0.00572468669719208,-0.00561037254620282,-0.00269872374989016
-0.382012861702075,0.591901572566533,-0.0523186713452979,-0.27425690388411,0.000503607796213949,0.0019599517735629,0.00281678801873891
-0.28503199210906,0.561276210811067,-0.045411664066191,-0.124250945385815,-0.00381183259196278,0.00889152131606442,0.00705701531387968
-0.169370824967848,0.503991955503974,-0.0423636242947865,0.0285428730602041,-0.00494422256871317,0.0146360412961643,0.00807988137084987
-0.0304766932275796,0.428615827926119,-0.0488503326026241,0.191017273413547,-0.00239357656756947,0.0196410321088649,0.0050102505882917
0.106469238174144,0.329116641187843,-0.0565385542661314,0.347071828669048,0.00107106233238087,0.0241089381841285,-0.000840388857873836
0.219250540024049,0.212835090474977,-0.0628471198657206,0.470420835953602,0.0031838718177799,0.0265847387825757,-0.00656666299336592
0.296374835783504,0.0692574453572884,-0.0619290639286321,0.563554187732146,0.00329679443997181,0.0249380854159192,-0.0086891045619136
0.299465379172548,-0.114469939900056,-0.050750808429753,0.618494224411735,0.00313178550835399,0.0208570538226912,-0.00560466141670617
0.198597692208643,-0.30883237301007,-0.0408391551385669,0.611383892335133,0.00518520787899501,0.0169095648720567,-6.81963926930031e-05
0.0116064410626477,-0.473443744696193,-0.0384081348806748,0.562836149166404,0.00538237670089249,0.0113303697618819,0.00464791081987756
-0.162283538915115,-0.53486581216964,-0.0421456316346271,0.491778499115801,0.00275850655063862,0.00279437120089953,0.00703742736875429
-0.278299438723132,-0.493338927260727,-0.0436110242801957,0.387343550300235,0.000804283498677306,-0.00661159937435529,0.00648475579948758
-0.353107509880771,-0.381174829882277,-0.0402111549084828,0.240098282908379,-0.000576623919745692,-0.0136576453020757,0.00317424153538827
-0.394024479636602,-0.232468202751843,-0.033987723764848,0.0675854852055927,-0.00167017528076478,-0.0180095756119501,-0.00168287207498012
-0.395765278861541,-0.0717821820940834,-0.0250962822592708,-0.101181475669298,-0.00116638205159743,-0.0214427776416275,-0.00611366796543179
-0.371959483343457,0.0894065126952187,-0.0190449182684159,-0.258675996998941,0.000735861699697912,-0.024461707161647,-0.00755722301944134
-0.329998840924357,0.240611462850704,-0.0196318805098122,-0.407683938963996,0.00182332501849472,-0.0246947849605741,-0.00445978050163764
-0.230515003219923,0.363502661594235,-0.0202671307930586,-0.523356180983919,0.00174648298574318,-0.0215433742796239,0.00141923223377623
-0.0507562539219,0.44610324069318,-0.020843413350619,-0.593693000517669,-0.000518998369530445,-0.0166202473847542,0.00690754094622622
0.17312591292039,0.474270994000661,-0.0248353342227317,-0.630859178408091,-0.00447097349628086,-0.010747657423318,0.00856830339756682
0.37323326467325,0.417203633271696,-0.0345117945204796,-0.620084057766407,-0.00548762435606306,-0.0037279939394441,0.00504200625085873
0.510923485526459,0.278560617915651,-0.0469535805339129,-0.54698670394219,-0.00338379285487084,0.00393568188602112,-0.00123459941042525
0.593764156467264,0.0958439038394752,-0.0613395139828765,-0.434343123516331,-0.000634638153787401,0.0110032742386435,-0.00691737083808022
0.616046720866671,-0.103699445003442,-0.0720117860868001,-0.29954648240406,-8.32329280960695e-05,0.0160935497331241,-0.00916923021880376
0.561382551917737,-0.304884325957024,-0.0661873466908305,-0.136819485859155,-0.00332578791505276,0.0194887240510082,-0.00665533584945599
0.458805862565991,-0.479699736105787,-0.0511228125209108,0.0367823205466606,-0.00768852482242034,0.0223958343381306,-0.000759365503211308
0.329954208781111,-0.607826614763662,-0.0338391296270358,0.192201956727434,-0.0105585414558736,0.0236744401927413,0.00558706785530585
0.181630345881484,-0.698275198226198,-0.0175479124014001,0.333552044094996,-0.011520122347728,0.0206937215216765,0.0091978585650809
0.0454526739155171,-0.754338137451971,-0.0139240134321007,0.467699911956339,-0.0110163020860378,0.0144302794575261,0.00756020571402814
-0.0680662905663095,-0.73628228095831,-0.0160462802021263,0.556545259013685,-0.0112653420721549,0.00936145294316068,0.00220674929156787
-0.156222704911551,-0.638409860798627,-0.0176394397375602,0.591846796931449,-0.0131105493651343,0.00491423896784317,-0.00384504925461236
-0.212904640219652,-0.482954984514899,-0.017126336238755,0.595144422704096,-0.0149751941855352,-0.00191201211586729,-0.00787707898152811
-0.262612494103476,-0.256671323784941,-0.0147879940749033,0.550845558989297,-0.0155841806571024,-0.0103676994876386,-0.00797605990359706
-0.306803962627122,0.0416064261370078,-0.0149573835467121,0.431926616368701,-0.0152583045018003,-0.0160432410760181,-0.00402878675298267
-0.333291818774059,0.362159297596411,-0.0168670374596991,0.266444412774513,-0.0147848199016038,-0.0184463199268849,0.00208275528646766
-0.350839690005443,0.67255284015993,-0.0216868285884058,0.0843317060796544,-0.0161300345684867,-0.0200355855830567,0.00738819971055161
-0.338405867150947,0.940459295057518,-0.0235571941037181,-0.0895543001917952,-0.0176403093660119,-0.0211150306197143,0.0088366651623785
-0.293833893474784,1.12402675017079,-0.0191310710445239,-0.227616603250467,-0.0168330669696893,-0.0191552725779946,0.0054386198639189
-0.254734853330766,1.21728062846641,-0.0163216668601998,-0.32863542107134,-0.0150014199307202,-0.0141203440711726,-0.000831883808160399
-0.22144634980871,1.21765698676107,-0.0147226062010518,-0.390355336675361,-0.011879021600675,-0.00787175513561109,-0.00708429262012257
-0.16523085492196,1.13155010884566,-0.0136080926546491,-0.423982148147598,-0.0090810392576568,-0.00202341268093849,-0.00997186937156268
-0.105365243110835,0.977139389813444,-0.0156236742813431,-0.447455160251496,-0.0101445598056674,0.0038021661487499,-0.00748555322324698
-0.0558061109371051,0.742368781650044,-0.0176279393682328,-0.437121162602338,-0.0119432080612364,0.0100772810115686,-0.00157976881101131
0.00855657168937027,0.435281115682754,-0.0218531807378703,-0.387997371681305,-0.0128732548735406,0.0156529717859324,0.00472042169742449
0.0910110742444715,0.0768170990376743,-0.0318786761753824,-0.306364668134346,-0.0132145488522229,0.0190997783696825,0.0087211648806461
0.162985416156029,-0.326759403500233,-0.0403871897097729,-0.174093323985132,-0.011503193349761,0.0197227143726282,0.0080086591971644
0.2082384983064,-0.730554270080639,-0.0431393604585092,-0.00895393710851263,-0.00924573976034794,0.0195846342739171,0.00289571401846288
0.237995642509951,-1.08796220188653,-0.0459115164317282,0.15215257906908,-0.00875131174969834,0.0188545083546377,-0.00341152652830428
0.240819279324853,-1.37190655533715,-0.0440944464491942,0.288955501414389,-0.00873600603380622,0.0153641634326024,-0.00777092157443895
0.220027265195743,-1.53515125937858,-0.0386055395990253,0.365554625351148,-0.00845339233354655,0.00934627618485784,-0.00806706537457246
0.204004958052558,-1.568163345218,-0.0371776049561153,0.383895348224831,-0.00708786727759135,0.00442337426829266,-0.00423537850929285
0.18930442688298,-1.49056729644191,-0.0370878261861096,0.367447245176053,-0.00433748371779894,0.00114699923136844,0.00178790096127331
0.162443279116902,-1.29526395836249,-0.0349759316737628,0.307859504997387,-0.00236729392175992,-0.0033311489375916,0.00728844272215716
0.117902847699551,-0.99263407729169,-0.0315188734296353,0.219528957002133,-0.00236279996649045,-0.0104144356863548,0.00946156525459331
0.0711786346046256,-0.641563773836804,-0.0293361281991564,0.14782594723548,-0.00331990517300704,-0.0159917557135491,0.0065819401511262
0.0499992962418619,-0.277346589904162,-0.0281054486758973,0.0824876719852692,-0.00418058879626387,-0.017492431088265,0.000559942847580443
0.0391330727480599,0.102800935281518,-0.0274373120463452,0.0106606873407187,-0.00386012041677384,-0.0171349851789642,-0.0058186547090832
0.0424365858073431,0.479457879431182,-0.0268396711267964,-0.067180923941907,-0.00229457066263501,-0.0171225100129666,-0.00950222204643325
0.0929040745775518,0.79086750465682,-0.0255509091057163,-0.160071846910222,-0.00254354189394042,-0.0165453310475798,-0.00790056565798312
0.147736323778419,1.02459112659328,-0.0255081941488539,-0.250441461848135,-0.00549470240442331,-0.0132554871979676,-0.00216671346563044
0.170440131238032,1.19819207204594,-0.026383024774948,-0.320498744327094,-0.00963609119737137,-0.00819659020183945,0.00455431745544797
0.152897222625902,1.2979103655295,-0.0284188315625831,-0.352360726291655,-0.0134791174824142,-0.00296503630001926,0.00902988392234333
0.0685323510015836,1.3292513244925,-0.0279142951471309,-0.320080981736211,-0.0132706491099164,0.00195850977645759,0.00855007457013071
-0.0587059586837976,1.30687238642334,-0.0213729516585433,-0.250084562841675,-0.0093988077715427,0.00738951988465221,0.00322926917148879
-0.190760181972837,1.20803232626506,-0.0159578051414633,-0.163903012347457,-0.0058054234892146,0.0128017547383312,-0.00364653620161941
-0.324187899769497,1.02612767845783,-0.0150367824550515,-0.0588192973618858,-0.00310292593401801,0.0164191810643437,-0.00861728879934642
-0.425990717420507,0.770319595152463,-0.0241843732568683,0.0326995912806215,-0.00260806417294188,0.0172043292271517,-0.00875460873054759
-0.478337184615237,0.45961641485954,-0.0434828065288091,0.096190923629129,-0.00305689454745039,0.0175567133925755,-0.00398802494774095
-0.50483428149477,0.117894158702786,-0.0650753781330869,0.15096138459235,-0.00137203004344852,0.0177771456778021,0.00277359651717528
-0.503808590256257,-0.225316122274242,-0.0853889829946665,0.178741051842144,0.00131385875612821,0.0150909292614305,0.00821413134915878
-0.469838470580369,-0.511025695220668,-0.0947973673958749,0.163601606801133,0.00486641828248713,0.00858401795745112,0.00954403020277494
-0.403537276184066,-0.714773718009553,-0.0935747827617058,0.130595997706843,0.0088674943674327,0.00277367807032654,0.00642681216225151
-0.300652479107755,-0.874822842902331,-0.0918065460414656,0.0931791138434611,0.0110087783439761,0.000169620265885035,0.000762771634636876
-0.16579632298707,-1.00006446119097,-0.0892890487380109,0.0492664025920366,0.0115178607882442,-0.00142584698920457,-0.00539936137920464
-0.0024789821626052,-1.08368389861951,-0.083142095839947,0.00185586424345784,0.0118276992230415,-0.00535719620073414,-0.00996502438332118
0.146131637420346,-1.15499086065968,-0.079101349645662,-0.0580711434278341,0.0113243769656424,-0.0114717029900129,-0.009637133708623
0.229980632330982,-1.17115200764493,-0.0819214620372758,-0.112160896836273,0.00899879745422345,-0.0147632813674443,-0.00442130152906485
0.292921972585225,-1.08641528295118,-0.0860761338345089,-0.142097947530078,0.0061868599393455,-0.0152472016777168,0.0026053288794457
0.361377941513593,-0.926543966768795,-0.0897510942108723,-0.158886025292544,0.00257825271909721,-0.0159236913601743,0.0085930585817914
0.442210870228524,-0.692509822063242,-0.0922758134779027,-0.137046009634033,-9.44952332310898e-05,-0.0176079627623533,0.0102345929485317
0.535061022761291,-0.39687697854726,-0.0929938583392514,-0.0624041928934529,0.0013147975177954,-0.017039038228891,0.00592453820469944
0.60865222442757,-0.0985412214327078,-0.0942881344401759,0.00968030466721089,0.00515779191523343,-0.0133211940326458,-0.00126447037616408
0.651375597064318,0.185364274118371,-0.0969998819814542,0.0667285591183455,0.0107864225609157,-0.00878838061470604,-0.00759528246264191
0.643869285606584,0.458122808074,-0.106839823852438,0.0934262816409116,0.0154407193067098,-0.00509403610146629,-0.00998607698218618
0.569388178685696,0.698203157755598,-0.122044888863909,0.051391834266142,0.0154037775628442,-0.000971407671449432,-0.00694086899318402
0.450698405037065,0.882972392294901,-0.132661615331871,-0.0337520376823289,0.0124311746533077,0.00445078421219865,-0.0002447732936982
0.308606527524346,1.02501424713604,-0.140149374611566,-0.125852290187063,0.00763098880579022,0.00974943021067786,0.00673385549351229
0.175914803116109,1.11503930898796,-0.146087254462593,-0.192366931475277,0.00309903391659697,0.0134852747299949,0.0100778350091774
0.0614922671675975,1.09801228953407,-0.143493388529233,-0.191033423716134,0.00214968638136914,0.0161623710189418,0.00768642687566264
-0.066054776918421,0.983697331600193,-0.133590500759228,-0.139315909205816,0.00265638206344072,0.0189943460919793,0.0011130582231215
-0.194231285200168,0.796972172955581,-0.124082006839095,-0.0534621607357774,0.0025359300295798,0.0207499750166586,-0.00632725909999086
-0.327071833973319,0.541008008579442,-0.111065324705617,0.0527435544321525,0.00186403642789541,0.0186910391709524,-0.0108253819287728
-0.480598033151173,0.277753075939877,-0.0933709904151366,0.122991332182423,0.000538595322045091,0.014243595458649,-0.00917725621132646
-0.601646871428419,0.0227393237942152,-0.0843322242459192,0.178296758559292,0.000531640377102568,0.0121396643999459,-0.00365959595998872
-0.675006847825911,-0.235756031444895,-0.083480403924846,0.234869815225111,0.00231435780557947,0.0110930792881526,0.00264918194842611
-0.726494940701503,-0.468018429134185,-0.0828408134999689,0.26291306441989,0.00471491095107549,0.0073577930227205,0.00807159694933588
-0.792069911839633,-0.649400446898409,-0.0758962876383458,0.262476904914631,0.00768337597007482,-0.00147952977510506,0.0106338820458905
-0.859601520807266,-0.770163983869706,-0.0687907857819252,0.27116635798593,0.0109342287557626,-0.0109130829675419,0.00824519464255202
-0.867308246813139,-0.800789118064211,-0.0670598637452384,0.266407560428714,0.0130138156652412,-0.0152719811458993,0.002061328007231
-0.795778251469278,-0.734144888044831,-0.0664316451027085,0.233616318870596,0.0139402092784444,-0.0164053349884452,-0.00508285958711201
-0.635764223480705,-0.599896899980388,-0.0651289717955267,0.195958054675834,0.0153470851872446,-0.0185078975896345,-0.0103719228287323
-0.351443362639426,-0.463627625744996,-0.0643698551192932,0.122324098737298,0.0157232864009761,-0.0218062962773509,-0.0104328754605336
-0.00602595623836002,-0.398287856770195,-0.0637983321415629,0.0121139283869307,0.0142104430924723,-0.0215480775746177,-0.00436991867922654
0.303405776182936,-0.366393492971087,-0.063784542887999,-0.0794515995338319,0.0113341684941068,-0.0190223479719775,0.00402262467908139
0.565114056267138,-0.34617643956952,-0.0646756972736259,-0.152199324896596,0.00614062838711572,-0.0166172558375929,0.0107041177205696
0.695719046147153,-0.334406632494662,-0.0646125817681578,-0.198412788442719,0.00307349587200021,-0.0143055563707761,0.0120105979884776
0.708169341576857,-0.238269090387388,-0.064778772127762,-0.208847047997286,0.00410590327310584,-0.0102366149781003,0.00751711591880872
0.721590571890861,-0.0602760528196356,-0.0646875103535325,-0.203464318165625,0.00624537211855904,-0.0046062386310793,-0.000231173653176814
0.725475389783605,0.155259480948949,-0.0665832961715381,-0.185592492101537,0.00906391363037567,0.00156677958309092,-0.00796618321112295
0.688605848100554,0.383262241192265,-0.0756218501065375,-0.177613806975994,0.0108499391627157,0.00689968946727331,-0.0124999686877108
0.657415741238507,0.555758168597702,-0.0840461661251804,-0.199471380663397,0.00735195134477905,0.0110171629770034,-0.0110997939212348
0.640110795702908,0.665173649064508,-0.0847963447213547,-0.204583221431246,0.00111111431702947,0.0158920676625997,-0.00432044975276119
0.583512712182923,0.735130064672006,-0.085539622098297,-0.194582066633888,-0.00387877894878809,0.0206648771830223,0.00451708056199576
0.477873895493713,0.747904759195594,-0.0848682053819645,-0.19881571160216,-0.00810769783809197,0.0225461973233872,0.0117930133743254
0.368899452259351,0.747605915677259,-0.0866063179774883,-0.160760997620903,-0.00898750614385207,0.0188909927123757,0.0125046703481159
0.264888578494813,0.730688278044981,-0.0939330512346286,-0.076521353624612,-0.00745299031619555,0.0159400905934949,0.00637171167528041
0.129763317986583,0.653596477186405,-0.0998833828572537,-0.0151075383101657,-0.00806635997947336,0.0157185327431263,-0.00160868708376091
-0.00217708458614975,0.534640222004474,-0.103552988187794,0.0503509949764803,-0.00931351406792015,0.0142285589074248,-0.00859390241089159
-0.104865381180793,0.350927020689662,-0.0938233191951369,0.13650522911596,-0.0101746981471075,0.00792371501757159,-0.0124941036731278
-0.236443694641566,0.0917512778022566,-0.0675628089043509,0.180333733549692,-0.0113330472043613,0.00060184439569373,-0.0111188618241269
-0.402483181020434,-0.15128456498902,-0.0498474399006519,0.181987436915372,-0.0114873184712651,-0.00132948346331566,-0.0053988021010838
-0.544435405451996,-0.353054707261722,-0.0429404338829897,0.187866306011453,-0.0107887455004106,-0.000176693243931397,0.00166460075239205
-0.664101688694615,-0.535946612079972,-0.0370934333093828,0.184064169876624,-0.010826427922927,-0.00047040011941763,0.00851424020931727
-0.763397819766488,-0.71769186581034,-0.027758003259911,0.168150723381872,-0.0124097538959016,-0.00638223893203417,0.0128306735035059
-0.79363438455202,-0.862926070085213,-0.0215906408473215,0.188827160259309,-0.0136840156027216,-0.0154670943382724,0.011355275221346
-0.761512418043332,-0.91973075228291,-0.0224958737366024,0.221810190374255,-0.0142792776880798,-0.0193201767507564,0.00451620384535965
-0.703489611335068,-0.926492763093099,-0.0240272310862071,0.234257356766567,-0.0142879597955167,-0.0184752154872905,-0.00452144474544812
-0.625096099287976,-0.925691686795371,-0.0231310787417711,0.242017587930449,-0.0110996384185899,-0.0172986785563671,-0.011672807532828
-0.556723382812862,-0.847941974782637,-0.0234182807442209,0.19561442512266,-0.00917700328266085,-0.0176046874642396,-0.0121637340891289
-0.474236247437312,-0.670895586575444,-0.0254977805694419,0.0990288917697235,-0.0113877781741144,-0.0150742851978659,-0.00616337200078972
-0.358561984348738,-0.467030136074506,-0.0272161281593705,0.00637189380095458,-0.013793230630374,-0.0102347166726625,0.00210828391773237
-0.219936482739267,-0.217583510255493,-0.0288284940917366,-0.0925587658452671,-0.0172793644441208,-0.00545395654463657,0.00951034424597064
-0.0304345757412912,0.0709482033638484,-0.0292275254753731,-0.166253511643656,-0.0191745152377698,-0.00187481074074107,0.0127005667206254
0.184309815389339,0.299923565339301,-0.0287042607761202,-0.184794772931067,-0.0153999039265828,0.00226167751558539,0.00955554233021239
0.369789391018551,0.488589024692389,-0.0287403907827976,-0.204598537319501,-0.0106682958950762,0.00775484208250019,0.002401212024733
0.544162385925799,0.664931041223595,-0.0292588734702622,-0.220729443194163,-0.00665239497539207,0.0133230088013549,-0.00604470654463286
0.711643938695509,0.789016035912381,-0.0289010446457568,-0.198923864025912,-0.00239080795745138,0.0169870843510565,-0.0129511310226961
0.856146345173492,0.899364268869994,-0.0342706598013509,-0.194403182084409,-0.0037924855974692,0.0170784173795048,-0.0130090046815907
0.962388119559513,0.983621937849893,-0.0447769463627535,-0.21699544008909,-0.00799846133039942,0.0189539760620169,-0.00519614367768758
1.02894269688376,0.965970722033264,-0.0524405564168766,-0.190815280006141,-0.00807690097181011,0.0215585744454729,0.00429455739739367
1.04766892657881,0.868956708045019,-0.0608284455057915,-0.141258639317054,-0.00821095259069788,0.0203605745247626,0.0112433521647967
0.966224689594863,0.697177587608924,-0.0546993097605878,-0.0847619774365197,-0.00840538272647229,0.0130766547865172,0.0126572348315183
0.791437464390779,0.454322245628613,-0.0322087933097988,0.00273856775183997,-0.00881680693543749,0.0066176423101756,0.00826669030949831
0.58818649346733,0.183105850776949,-0.0154249638314374,0.112209698329874,-0.0125682955313038,0.0045846711888327,0.00100544065127383
0.349627034563684,-0.09177672295968,0.00112037436995331,0.213127488506153,-0.0173033785179897,0.00320667687749483,-0.00631229570684152
0.0602876677166756,-0.338640891871812,0.0241478119372079,0.262456804240456,-0.0199839671011019,-0.00208255203843432,-0.0115297904438757
-0.202567877513152,-0.507206568323401,0.0356947497369425,0.238895555970687,-0.0224814418312819,-0.0113090075604201,-0.0121796418172445
-0.369497895464961,-0.61248378731277,0.0328704346841076,0.211544889382254,-0.0259412735822596,-0.0165317266598954,-0.00775868122133372
-0.506134879291972,-0.672222104431784,0.0318389186501826,0.19690148522806,-0.0273250738557789,-0.0161403274186308,-5.08862019193218e-05
-0.632205146789039,-0.653148617272077,0.0305873721569799,0.168157994205991,-0.0290173711268249,-0.014540461258678,0.00837041819382123
-0.750928540276084,-0.548851424267353,0.0276818166068966,0.146074782960854,-0.0331106227544264,-0.015879690524418,0.014125123641114
-0.925107984261768,-0.506930292327405,0.0285005074211711,0.107410248022624,-0.033710367678417,-0.0181335849701893,0.0120549351896128
-1.0645721923243,-0.517647740354274,0.0307076689017967,0.0312745370274651,-0.0313953613770726,-0.015763547137999,0.00394665787742664
-1.12364292500515,-0.500675489679315,0.0324596191328546,-0.0503843476743033,-0.0287855881310164,-0.0115310037175062,-0.00531737655653166
-1.1092074177321,-0.481585967264545,0.0344992335962582,-0.134129590429941,-0.0245059465114274,-0.00826434632121462,-0.0120693545918619
-0.972058216162782,-0.440291972025941,0.0355052539415776,-0.166829387752907,-0.0231965641886769,-0.00672897960344988,-0.0126870222028286
-0.735983253661386,-0.33156825724924,0.034797524325068,-0.145775043018343,-0.0269297259560302,-0.00365947206455647,-0.00679110878023302
-0.46440663685274,-0.185043369573808,0.0350698911300933,-0.124663592200758,-0.0310096519433769,0.000929384720268917,0.00198614640702267
-0.137455475964317,-0.0117818759539337,0.039415095653056,-0.0993992216521398,-0.0356264615500058,0.00485995170221687,0.0100385685045642
0.226391288902609,0.169351329416635,0.0510697432060732,-0.115641175348003,-0.0375433381541863,0.00607202265926334,0.0131935114562509
0.511978985639315,0.323266886148142,0.0604621123217938,-0.187744143888939,-0.0333277801799566,0.00768126797792868,0.00911791115468932
0.737592467439394,0.471589132856542,0.0657339150680289,-0.234305671999191,-0.0285411147269882,0.0114295825328106,0.000894859132728021
0.91429775195215,0.59730277882065,0.0687170502709104,-0.255704040526365,-0.0238795384236491,0.0147725686204525,-0.00803082487808352
1.009332607464,0.681467525662474,0.0644416277072018,-0.239327286655075,-0.01952994848944,0.0138489241330671,-0.0137570153383757
1.04755573475047,0.793073490962974,0.073744409102488,-0.166235164757063,-0.0197142130275931,0.0101433812715946,-0.0113085492258894
1.0300928762649,0.857834134032297,0.0876983568506242,-0.105682392279224,-0.02044423657815,0.0103663471344189,-0.00328555167296371
0.94327226588705,0.831980896603826,0.0906858112364559,-0.0581216199992975,-0.0198664457581561,0.0118052957907785,0.00519981483842109
0.78675461366925,0.755085514565072,0.0920947363501717,0.000592070192153876,-0.019874126364088,0.00967521106910282,0.0111324142987909
0.548143131442205,0.606435148553314,0.084429585850641,0.0947624166538826,-0.0197535368618289,0.00262874088569645,0.0120122822706234
0.276467246483917,0.367502132806454,0.0625211136507151,0.200823106068174,-0.0195460095027992,-0.00257503938587622,0.00728815114716948
0.0243540936794441,0.0932680641229981,0.0411788103833887,0.283317557137074,-0.0210243557946716,-0.00358274046294453,-0.000384217394049056
-0.216614239882476,-0.199211699628109,0.024724339210057,0.366381568473064,-0.0226679107972096,-0.00469048537215112,-0.00809813145900448
-0.440200688938546,-0.481501232240755,0.0180056502841789,0.453738046125807,-0.0232116305013392,-0.00991439383054251,-0.0124223609836654
-0.569947573811358,-0.712228948162244,0.0163437803552086,0.453728093988614,-0.0255177876231797,-0.0158055426890112,-0.0102581697289473
-0.590936805359574,-0.918173543423623,0.0141893160390078,0.383242399894608,-0.0271867729320423,-0.016942262572818,-0.00299335142772657
-0.563855405732615,-1.03445815425747,0.0144747692532707,0.289574863436914,-0.0274580318172268,-0.0155633938674536,0.00600780881217461
-0.501937961579532,-1.01900501188741,0.0150208839786801,0.15867810810519,-0.0299929603653135,-0.0153193562392191,0.0126848856926394
-0.43832606162877,-0.941076152440688,0.0204560020719468,0.0684234428406509,-0.0282204387852548,-0.0149645802161414,0.0116119192321665
-0.41984454547474,-0.794189818006516,0.0228222542390689,-0.00400140667518382,-0.0238311659442429,-0.010497226241472,0.00492566857836401
-0.419933965155062,-0.566298208735833,0.0206813482347403,-0.109671571781772,-0.0212221562524228,-0.00430217215563415,-0.00290619267688484
-0.437575074912211,-0.304723046842911,0.017388509262181,-0.216053639021324,-0.0195739092135744,0.00223169010657465,-0.00930902788896927
