0,0,0,0,0,0,0
-0.0411217160172095,-0.000519700216475205,1.58092474899972e-05,-0.00550542537336808,7.5312207891759e-06,3.1716214861945e-05,-1.8188473208675e-05
-0.123251278523472,-0.00155179731380491,4.66943380069002e-05,-0.0164841428893649,2.23296390290977e-05,9.49838735091048e-05,-5.39287530176754e-05
-0.205039530516801,-0.00256211481688396,7.53901080758249e-05,-0.0273666165101872,3.634234670597e-05,0.000157757219036693,-8.77741802061027e-05
-0.286259949123546,-0.00353656523861535,0.000100473394720566,-0.0380892064316205,4.90666781260587e-05,0.000219706658678777,-0.000118511864278637
-0.366687502922418,-0.00446169937875905,0.000120575813937599,-0.0485890534622926,6.00314486219094e-05,0.000280502268824914,-0.000145003860671965
-0.446099258570878,-0.00532494233731394,0.000134406011546818,-0.0588043941960771,6.88090505333124e-05,0.000339813263619348,-0.00016621598270356
-0.524275026640593,-0.00611481038584181,0.000140772069055702,-0.0686748818632325,7.5026953341563e-05,0.000397307196468268,-0.000181245330665937
-0.600997999668582,-0.00682110238575664,0.000138603811949065,-0.0781419050608476,7.83782984778553e-05,0.000452648916923375,-0.000189345975950787
-0.676055419343258,-0.00743506085571206,0.000126974658558458,-0.0871489070190772,7.86312354284655e-05,0.000505499456135138,-0.000189952183619535
-0.749239243725882,-0.00794949764086487,0.000105122464700103,-0.0956416984332631,7.56365949212776e-05,0.000555515046199866,-0.000182698446062889
-0.820346829830379,-0.00835888076752144,7.24687178421141e-05,-0.103568762153414,6.93334938528204e-05,0.000602346579719914,-0.000167435559386397
-0.889181609981733,-0.00865938011734811,2.86353402458741e-05,-0.110881542894217,5.97524944731727e-05,0.000645639829543525,-0.000144241944645022
-0.955553774763342,-0.00884887153868712,-2.65416754279159e-05,-0.117534719094011,4.70160126504221e-05,0.000685036776731493,-0.000113429443789871
-1.01928094254198,-0.00892690054583881,-9.300254840195e-05,-0.123486450299073,3.13357797267709e-05,0.000720178332543161,-7.55429042033874e-05
-1.0801888087248,-0.00889460853080384,-0.000170458596816175,-0.128698595378957,1.30072989341414e-05,0.000750708663389876,-3.1353006093236e-05
-1.13811177291505,-0.00875462579693579,-0.000258392314721715,-0.133136897926215,-7.59861390685844e-06,0.000776281200010469,1.81580193739767e-05
-1.19289353267064,-0.00851093662052977,-0.000356063090579365,-0.136771134884641,-3.0046964639179e-05,0.000796566239526706,7.1817883770649e-05
-1.2443876372808,-0.00816872204934561,-0.000462518876490529,-0.139575225885452,-5.38520125633084e-05,0.000811259863984267,0.000128292762432434
-1.29245799477648,-0.00773418617168297,-0.000576613966312483,-0.141527301796528,-7.84925073202035e-05,0.00082009370830485,0.000186122342787117
-1.33697932782391,-0.00721437126767847,-0.00069703288475829,-0.14260973235191,-0.000103428151107359,0.000822844941432507,0.000243760574763963
-1.37783757319068,-0.00661696676960749,-0.000822320209023605,-0.142809114044773,-0.000128116645463347,0.000819345698903288,0.000299620975442373
-1.41493022153699,-0.00595011643482977,-0.000950915938307755,-0.142116221101778,-0.000152030648746466,0.000809491147432738,0.000352125046295048
-1.44816659616815,-0.00522222772660215,-0.00108119577648981,-0.140525924053657,-0.00017467396317135,0.000793245388111401,0.000399752114157246
-1.47746807068524,-0.00444178716697776,-0.00121151539597647,-0.138037081947817,-0.000195596289355049,0.000770644521859763,0.000441088726700451
-1.50276822731065,-0.00361718538203146,-0.00134025741625199,-0.134652415630261,-0.00021440593543293,0.000741796406820985,0.000474875639581731
-1.52401295921667,-0.00275655561406209,-0.00146587948728809,-0.130378370331987,-0.000230779951209916,0.000706876915018392,0.000500050440188242
-1.5411605216197,-0.00186762952192645,-0.0015869615572777,-0.12522497596622,-0.000244471279380107,0.000666122817922456,0.000515783971252703
-1.55418153610865,-0.00095761404427383,-0.00170225017102677,-0.119205713174258,-0.000255312674327581,0.000619821762710091,0.000521508946057562
-1.56305895431092,-3.30927032733746e-05,-0.00181069756261169,-0.112337391566615,-0.000263217330874432,0.000568300096470298,0.000516939481167658
-1.56778798612298,0.000900045926562012,-0.00191149339017189,-0.104640044609839,-0.000268176373294246,0.000511909521292248,0.00050208068825819
-1.56837599655777,0.00183665082840999,-0.0020040872388288,-0.0961368432723872,-0.000270253559791358,0.000451013686949637,0.000477227938993062
-1.56484237485753,0.00277232176745468,-0.00208820048968697,-0.0868540276438395,-0.000269577736152348,0.0003859758284474,0.000442955912153052
-1.55721837786404,0.00370339402340162,-0.00216382676265922,-0.0768208534801605,-0.000266333699205021,0.000317148439142244,0.00040009801241474
-1.54554694878053,0.00462689688540009,-0.00223122084014492,-0.0660695489113316,-0.00026075219001315,0.000244865749147566,0.00034971718289316
-1.52988251165016,0.00554048939897022,-0.00229087669630265,-0.0546352752511285,-0.000253099719990329,0.000169439480812838,0.000293069487516118
-1.51029074130767,0.00644237778809086,-0.00234349591674021,-0.0425560856431465,-0.000243668844131999,9.11580207221427e-05,0.000231562096897523
-1.4868483083564,0.00733121957323546,-0.00238994834085333,-0.0298728758181673,-0.000232769349462343,1.02888194029072e-05,0.000166707462948092
-1.45964259910691,0.00820601964666758,-0.00243122715466868,-0.016629322405439,-0.00022072064669109,-7.29164570974893e-05,0.000100075514504564
-1.42877141104279,0.00906602347466446,-0.00246840088597721,-0.00287180576798605,-0.000207845465487455,-0.0001582147170756,3.32456579268368e-05
-1.39434262427112,0.00991061225450862,-0.00250256480761826,0.0113506844927055,-0.000194464783658256,-0.000245363001377234,-3.22397633923768e-05
-1.35647384964676,0.0107392042784553,-0.00253479415005621,0.0259866618999471,-0.000180893788300757,-0.000334109676734177,-9.4919085424214e-05
-1.31529205479771,0.0115511660329459,-0.00256610128548431,0.0409822727574103,-0.000167438584134621,-0.000424186084384686,-0.000153450779561011
-1.27093316981344,0.0123457357548684,-0.00259739869940843,0.0562814418406374,-0.000154393332844518,-0.000515299346297484,-0.000206647764241204
-1.22354167331963,0.0131219613367138,-0.00262946914052735,0.0718260330382987,-0.000142037521163217,-0.000607126864837748,-0.000253505848841355
-1.17327015914767,0.0138786535991823,-0.00266294386256576,0.0875560239942045,-0.000130633103898475,-0.000699312854474959,-0.000293225839335602
-1.12027888442378,0.014614355057927,-0.00269828937203497,0.103409693691978,-0.000120421336779523,-0.000791467038495498,-0.000325229070409443
-1.06473529866116,0.0153273234707191,-0.00273580260576988,0.119323822499705,-0.000111619187909229,-0.000883165456453511,-0.000349166342527129
-1.00681355453538,0.0160155286102115,-0.00277561400817606,0.135233903986463,-0.000104415285489388,-0.000973953167958617,-0.000364920425656867
-0.946693998185969,0.0166766599707458,-0.00281769759424221,0.151074368619474,-9.8965415116979e-05,-0.00106334852781881,-0.000372602443554174
-0.884562637959365,0.017308142392394,-0.0028618867865508,0.166778819021746,-9.53876218135598e-05,-0.0011508486402016,-0.000372542569374031
-0.820610592066507,0.0179071559363158,-0.00290789462373249,0.182280275867587,-9.37570011723886e-05,-0.00123593558226936,-0.000365275547320526
-0.755033512932581,0.0184706558143716,-0.00295533685985993,0.19751143408758,-9.4100286605085e-05,-0.00131808302426198,-0.000351521610216311
-0.688030986695102,0.0189953876551806,-0.00300375650108041,0.212404928652542,-9.63903652056833e-05,-0.00139676294198366,-0.000332163389666676
-0.619805905993927,0.0194778929279211,-0.00305264844526419,0.226893609182629,-0.000100540892510287,-0.00147145221550147,-0.000308219423300472
-0.550563815448517,0.0199144989299837,-0.00310148308277486,0.240910822349051,-0.00010640123708003,-0.00154163901746323,-0.000280814859579911
-0.480512227779594,0.0203012874795175,-0.0031497279666527,0.254390701434503,-0.000113752080087232,-0.00160682900601656,-0.000251149951964483
-0.409859910683407,0.020634036458825,-0.00319686694979026,0.267268462120261,-0.000122302132561061,-0.00166655142863145,-0.000220466930841651
-0.338816144467577,0.0209081290090657,-0.00324241651736081,0.279480703727839,-0.000131686620181026,-0.00172036530471857,-0.000190015848755167
-0.267589952760623,0.0211184269888253,-0.00328593940880536,0.290965714895874,-0.000141468422054662,-0.00176786586753824,-0.000161020019743507
-0.196389309930426,0.0212591090771134,-0.00332705603161121,0.301663782474484,-0.000151143019010231,-0.00180869139612396,-0.000134641718934054
-0.125420329751286,0.0213234805512618,-0.00336545459178277,0.311517502253138,-0.00016014866466911,-0.00184253044285571,-0.000111948875671641
-0.0548864462067707,0.0213037721674014,-0.0034009012415635,0.32047208896892,-0.000167883347838698,-0.00186912924951193,-9.3883582503674e-05
0.0150124041025608,0.021190960042434,-0.00343325174848709,0.32847568300284,-0.000173730022543067,-0.00188829885805816,-8.12333417646999e-05
0.0840805826632169,0.0209746558462344,-0.00346246600660244,0.335479649925091,-0.000177091039616924,-0.00189992108232708,-7.46060728932199e-05
0.152127517159464,0.0206431334804523,-0.00348862590819166,0.341438868331629,-0.000177431508915456,-0.0019039521864149,-7.44099790332445e-05
0.218968424216533,0.0201835680515263,-0.00351195548043895,0.346312000826234,-0.000174329334655721,-0.00190042292659778,-8.08393841481664e-05
0.284424968312993,0.0195825560892901,-0.00353283982420495,0.350061741506803,-0.000167527033189344,-0.00188943370302734,-9.38675519867478e-05
0.348325849444532,0.0188269533229485,-0.00355183677512993,0.352655033638872,-0.000156977723394458,-0.00187114407721941,-0.00011324723303157
0.410507319833846,0.0179050043111817,-0.00356967333403242,0.354063251536756,-0.00014287589684963,-0.00184575688086097,-0.00013851923114071
0.470813631115088,0.0168076553573557,-0.00358721909159787,0.354262341711408,-0.000125663953618763,-0.0018134984306407,-0.000169028664788571
0.529097426542828,0.0155298616298502,-0.00360543207504333,0.35323292132779,-0.000106008859424582,-0.00177459760164371,-0.000203947931002846
0.585220094913667,0.0140716542927805,-0.00362527853162374,0.35096033502365,-8.4749366017222e-05,-0.0017292672023235,-0.000242304831500568
0.639052090733116,0.0124387514546251,-0.00364763548390999,0.347434674526235,-6.28213432901371e-05,-0.00167769084987452,-0.000283014050464188
0.690473225510743,0.0106425820269929,-0.00367319074303077,0.342650767709384,-4.11742977138258e-05,-0.00162001730516534,-0.000324910274942066
0.739372923668982,0.00869971936737024,-0.00370235697734184,0.336608144224532,-2.06938920473228e-05,-0.00155636240942751,-0.000366781639745887
0.785650424236719,0.00663084680524379,-0.00373521357425953,0.329310983917482,-2.14261131475441e-06,-0.001486817041031,-0.000407402674767061
0.829214912800928,0.0044594573258506,-0.00377148362511015,0.32076805220791,1.38750547743264e-05,-0.00141145846918159,-0.000445566334976836
0.869985573089036,0.00221050577531049,-0.00381054594146087,0.310992623890752,2.69230085316225e-05,-0.0013303623667646,-0.000480114866817033
0.907891551844813,-9.08072457183736e-05,-0.00385147602244601,0.300002396090136,3.67245537451527e-05,-0.0012436133985004,-0.000509969204989939
0.942871839675407,-0.00242000957324964,-0.00389310667455996,0.287819390740179,4.31413803021381e-05,-0.0011513132987631,-0.000534156404402453
0.974875079905558,-0.00475405029218829,-0.0039340985344858,0.27446984734882,4.61477477718524e-05,-0.0010535862919634,-0.000551834416818533
1.00385932035283,-0.00707172562704537,-0.0039730121971978,0.259984107805035,4.58053867421159e-05,-0.000950582342851777,-0.000562313409519754
1.02979172640333,-0.00935388340810718,-0.00400837593769447,0.244396495461579,4.22423925583411e-05,-0.000842478985415664,-0.000565072841865145
1.05264827150589,-0.0115834620942168,-0.00403874529865168,0.227745192166014,3.56373588116861e-05,-0.000729482453250601,-0.000559773653271131
1.07241342356548,-0.0137454176749089,-0.00406275266853558,0.210072114852234,2.62085530794616e-05,-0.000611828613438759,-0.000546265142014617
1.08907984150311,-0.0158265818347867,-0.00407914626706643,0.191422793624038,1.42071304244944e-05,-0.000489783948134156,-0.000524586381337527
1.1026480929184,-0.0178154830754624,-0.00408681876692281,0.171846253408081,-8.69046004662558e-08,-0.000363646595526088,-0.000494962292503915
1.11312640454213,-0.0197021522936338,-0.00408482625617148,0.151394897726066,-1.63672187607539e-05,-0.000233747273698384,-0.0004577947392356
1.12053045279906,-0.0214779259037891,-0.00407239849966422,0.130124392404681,-3.43031428832934e-05,-0.000100449823028533,-0.00041364920495552
1.12488319823262,-0.0231352534837578,-0.00404894159103704,0.108093547629911,-5.35418193143113e-05,3.58489045485851e-05,-0.000363237758467374
1.12621476594878,-0.0246675129876355,-0.00401403415385735,0.085364195894232,-7.37108962251418e-05,0.000174720042997122,-0.000307399095858551
1.12456237216915,-0.0260688340446445,-0.0039674182730867,0.0620010628417965,-9.44219260472736e-05,0.000315704755273757,-0.000247076469366201
1.11997029446904,-0.027333928220151,-0.0039089863270722,0.0380716284399663,-0.000115274461123747,0.000458317385260921,-0.000183294286683553
1.11248988158867,-0.0284579240452413,-0.00383876485747112,0.0136459773964921,-0.000135860746178515,0.000602049681227488,-0.0001171340989984
1.10217959715446,-0.0294362040026531,-0.00375689656121737,-0.0112033620814291,-0.000155770879248243,0.000746375973880379,-4.9710598234083e-05
1.08910509016169,-0.0302642402406941,-0.00366362143105838,-0.0364015916270143,-0.000174598338804884,0.000890759130674955,1.78518694708015e-05
1.07333928419716,-0.0309374255174994,-0.00355925802854561,-0.0618718266966955,-0.000191945845948243,0.00103465706090622,8.4441880569174e-05
1.05496247592248,-0.0314508960105559,-0.00344418585411322,-0.0875352905273464,-0.000207431645909722,0.00117752953646087,0.000148982321449743
1.03406243265329,-0.0317993431360014,-0.0033188298155688,-0.113311516528643,-0.000220696450627009,0.00131884509112721,0.000210450400738025
1.01073447804098,-0.031976812851018,-0.00318364789977341,-0.139118557546916,-0.000231411493236487,0.0014580877740284,0.000267896176910012
0.98508155411319,-0.0319764935766282,-0.00303912333907569,-0.164873201057717,-0.000239288417326314,0.00159476354794594,0.000320459547559156
0.95721425141868,-0.0317905121878238,-0.0028857641907561,-0.190491188265576,-0.000244091758363052,0.00172840619562531,0.000367385682141545
0.927250775636602,-0.031409685824026,-0.00272410559455862,-0.215887443512689,-0.000245657005807839,0.00185858211163683,0.000408038904466942
0.895316874669474,-0.0308233866667032,-0.00255473011377297,-0.240976302505786,-0.000243913284566155,0.00198489432843643,0.000441915050659347
0.861545679127578,-0.0300194408715556,-0.00237829588910178,-0.265671751641575,-0.000238915801355806,0.0021069845111092,0.000468652364410022
0.826077460875989,-0.0289842004784126,-0.00219558136527033,-0.289887674640931,-0.000230889152915282,0.00222453231859852,0.000488041042439368
0.789059294759701,-0.0277028928259762,-0.00200754691181155,-0.313538109302191,-0.00022028359222072,0.00233725061316785,0.000500031625275877
0.750644613638283,-0.0261604091924297,-0.00181541238131163,-0.336537515280553,-0.000207844043864841,0.00244487441347638,0.000504742516109484
0.710992647065783,-0.0243427326820309,-0.00162074459481578,-0.358801054125911,-0.000194687214426416,0.00254714088759587,0.000502466947355372
0.670267734877052,-0.0222392079854964,-0.00142554029512343,-0.380244882968892,-0.000182374354082353,0.00264375753338655,0.000493679569660847
0.628638509772949,-0.0198457733985922,-0.00123227842727772,-0.400786463592782,-0.000172956003982657,0.00273435672090873,0.000479042308252799
0.586276942053086,-0.0171690361087945,-0.00104390307876853,-0.420344893056029,-0.000168952858997223,0.00281843782859335,0.000459407988338202
0.543357265851616,-0.0142307178272579,-0.000863695515641357,-0.438841259020046,-0.000173229220401516,0.00289530491298128,0.000435818430793932
0.500054761020771,-0.0110712868926264,-0.000694999663118285,-0.456199049285466,-0.000188727283330083,0.00296401424563853,0.000409491596741575
0.456544457156295,-0.00775137755318161,-0.000540815994555673,-0.472344616517041,-0.000218063955541546,0.00302335542912295,0.000381791272745653
0.412999773796947,-0.00434947070974458,-0.000403335979871961,-0.487207719369532,-0.000263056516428501,0.0030718879858854,0.00035417424159283
0.369591144244475,-0.000955266753962681,-0.000283554012217681,-0.500722132389899,-0.00032430497412105,0.00310804361157027,0.00032811521776428
0.326484655586424,0.00234024567447608,-0.000181104978674142,-0.512826294710677,-0.000400978701082688,0.00313028066125416,0.000305017748934759
0.283840722526159,0.00545549287436339,-9.44092118841736e-05,-0.523463945677265,-0.0004909001479315,0.00313725380625758,0.000286125924967189
0.241812799848733,0.00832677270108456,-2.10856038562444e-05,-0.532584691434373,-0.000590906436229175,0.00312795302526285,0.00027245275790035
0.200546124638809,0.0109123933031084,4.15117506065475e-05,-0.540144470287731,-0.000697364016009826,0.00310177881387168,0.000264735350366344
0.160176591398046,0.013192189388896,9.58071480967302e-05,-0.546105867019221,-0.000806674252758157,0.00305854714375537,0.00026341854678123
0.120829655000994,0.0151637003993224,0.000143686240063607,-0.550438353805499,-0.000915646014528055,0.002998440495748,0.000268660420752364
0.0826194498881969,0.0168368567152533,0.000186382639321245,-0.553118411175423,-0.00102169122053553,0.00292193300587067,0.000280351860860384
0.0456481036578495,0.0182287993522783,0.000224529877775741,-0.554129574946538,-0.00112286473259602,0.00282971370976904,0.00029814289503329
0.010005281484348,0.0193597545596884,0.000258310956171414,-0.553462413532604,-0.00121780291310334,0.00272262246095368,0.000321471748580971
-0.0242320188048842,0.0202502418375295,0.000287640454797327,-0.551114434617546,-0.00130561581992412,0.00260160329504844,0.000349595245042106
-0.0569994848995835,0.0209194505623997,0.000312337738264504,-0.547089950801319,-0.00138577297291805,0.00246767388438163,0.000381620052042507
-0.088245212684211,0.0213845358162409,0.000332261513323419,-0.541399848823425,-0.00145800382663244,0.00232190661462296,0.000416535897135988
-0.117929283508742,0.0216604674591027,0.000347404366591925,-0.534061328103642,-0.00152222127532854,0.00216541698321433,0.000453249805883613
-0.146023152518676,0.0217602075288827,0.000357946176714369,-0.525097584048667,-0.0015784675668961,0.0019993555507856,0.000490621328259282
-0.172508889102762,0.0216950374100834,0.000364273182613837,-0.514537452516926,-0.00162687858951201,0.00182490089928724,0.000527497739073848
-0.197378298556393,0.0214749272801003,0.000366970195629358,-0.502415026649147,-0.00166766153039568,0.00164325204838493,0.000562748049057805
-0.220631955452028,0.0211088882169173,0.000366793170203176,-0.488769257813878,-0.00170108137314071,0.00145561955832403,0.0005952945977665
-0.242278178952096,0.0206052784414349,0.000364628471807982,-0.473643552394052,-0.0017274526733076,0.00126321510376401,0.000624141086864708
-0.262331979910521,0.0199720536884831,0.000361444188036796,-0.457085375357502,-0.00174713407407247,0.00106723967988965,0.000648396114375586
-0.280814008366015,0.0192169618120313,0.000358237919068014,-0.439145870193827,-0.00176052389843877,0.000868870849221276,0.000667291545252418
-0.297749528246872,0.0183476866599988,0.000355984703722208,-0.419879502828201,-0.00176805582969426,0.000669249586167791,0.000680195364221239
-0.313167443215317,0.0173719482405503,0.000355588065104578,-0.399343735355144,-0.00177019417895961,0.000469467353936424,0.00068661897119934
-0.327099394097569,0.0162975666573568,0.000357836552636774,-0.377598734268321,-0.00176742857313944,0.000270554066486073,0.000686219173927599
-0.339578946293325,0.0151324968811707,0.00036336757736965,-0.354707114398165,-0.00176026811380139,7.34675277020876e-05,0.000678795387481426
-0.350640881159366,0.0138848408480171,0.000372639759193215,-0.330733719302578,-0.00174923518699657,-0.000120915138853274,0.00066428275087107
-0.3603206015679,0.0125628426913743,0.000385914433724869,-0.305745438257785,-0.00173485917179099,-0.000311803676245728,0.000642742011336732
-0.368653659712176,0.0111748721252645,0.000403246410776189,-0.27981105728933,-0.00171767031671513,-0.000498498266860462,0.000614347103350708
-0.375675410758574,0.00972940050653193,0.000424483566047362,-0.253001144689032,-0.00169819404475936,-0.000680390389656976,0.000579371366958517
-0.381420794252639,0.00823497338621645,0.000449274418918808,-0.225387970031547,-0.00167694591527822,-0.000856961022681458,0.000538173309221663
-0.385924243109411,0.00670018278434528,0.000477082521795128,-0.197045457067011,-0.00165442742553708,-0.00102777637821001,0.000491182726425897
-0.389219718093386,0.0051336418391825,0.000507206290611997,-0.168049172706525,-0.00163112278164895,-0.00119248145611913,0.000438887879714244
-0.391340866033565,0.00354396229506351,0.000538802873758014,-0.138476326602656,-0.00160749669012287,-0.00135079192459031,0.000381824206033307
-0.392321291717784,0.00193973115198336,0.000570914783136443,-0.108405689087979,-0.00158399311974351,-0.00150248514382946,0.000320564712283201
-0.392194903937356,0.00032947556166174,0.000602498250053213,-0.0779172000902071,-0.00156103486768917,-0.00164739158196939,0.000255711677896579
-0.390996248175676,-0.00127839012148096,0.000632452178455241,-0.0470911140609339,-0.00153902386810349,-0.00178538713604921,0.000187889219312867
-0.388760778468859,-0.0028756028928884,0.000659645882354992,-0.0160072511125888,-0.00151834272627009,-0.00191638371143769,0.000117737825728417
-0.385525190560894,-0.00445403251248879,0.000682944191624578,0.0152547965234347,-0.001499357945824,-0.00204031543009384,4.59127620867989e-05
-0.38132794324154,-0.00600562993661923,0.000701230519978832,0.0466148673033713,-0.00148242421418571,-0.00215712361175678,-2.69146199533041e-05
-0.376209903631036,-0.00752239343621532,0.000713429081199326,0.0779917703952889,-0.00146788880402855,-0.00226674473986029,-0.000100055381247196
-0.370214998387442,-0.00899635797198939,0.000718526397619482,0.109303279771147,-0.0014560959073814,-0.00236910129556993,-0.000172802398110379
-0.363390824214025,-0.0104195931656399,0.00071559184097982,0.140466303466883,-0.00144739099031901,-0.00246409402372643,-0.000244430750536841
-0.355789208641605,-0.0117842023930776,0.000703797110451014,0.171397074341069,-0.00144212509774213,-0.00255159509145915,-0.000314199371648258
-0.347466715091188,-0.0130823213682493,0.000682434611604771,0.202011321209263,-0.00144065892152437,-0.00263144216788856,-0.000381354453829926
-0.338485081239345,-0.014306116311026,0.000650934592403287,0.232224421039176,-0.00144336640857483,-0.00270343362694856,-0.000445135149865742
-0.328911576367586,-0.0154477814983775,0.000608880690523375,0.261951540040894,-0.00145063769198189,-0.00276732509939687,-0.000504782028617097
-0.318819261858099,-0.0164995351020515,0.000556023305223028,0.291107770631638,-0.00146288116062972,-0.00282282759563651,-0.000559548601329534
-0.30828713877359,-0.0174536110827611,0.00049228996463824,0.319608269638302,-0.00148052453815714,-0.00286960740924387,-0.00060871604620436
-0.297400167274134,-0.0183022435596945,0.00041779164783456,0.347368401620252,-0.001504014922249,-0.00290728798435593,-0.000651611033186925
-0.286249143185958,-0.0190376385624277,0.000332823864460582,0.374303892974117,-0.00153381784073474,-0.00293545388240838,-0.000687626302301232
-0.274930418729462,-0.0196519261520514,0.000237861229155889,0.400331002897369,-0.00157041550484849,-0.00295365689566021,-0.000716243380625319
-0.263545457350103,-0.0201370835267111,0.000133544323830893,0.425366716655275,-0.00161430456693281,-0.00296142422395933,-0.000737056554142532
-0.252200225929957,-0.0204848300960536,2.06607305968656e-05,0.449328963941393,-0.00166599389975501,-0.00295826821380272,-0.000749797052901994
-0.241004371925426,-0.0206864145212466,-9.98945958321376e-05,0.47213688867023,-0.0017260023848761,-0.00294369841944387,-0.000754355711897705
-0.230070279233859,-0.0207323987106123,-0.000227151992928102,0.4937111415495,-0.00179485806040731,-0.00291723284176075,-0.000750803432001984
-0.21951192234293,-0.0206122923441145,-0.000360119163260204,0.513974234005964,-0.00187309790304624,-0.00287840978629505,-0.000739407189410956
-0.209443573176717,-0.0203140665377088,-0.000497837648428644,0.532850941535557,-0.00196126832560399,-0.00282679795916555,-0.000720640520204481
-0.199978371790948,-0.0198235000273325,-0.00063944294334707,0.550268761216235,-0.00205992496860441,-0.00276200364879579,-0.000695187165575428
-0.191226786848979,-0.01912332070706,-0.000784222742591853,0.566158421459764,-0.00216962880119746,-0.00268367353401238,-0.000663936932994171
-0.183294997967512,-0.0181921109849797,-0.000931664727792031,0.580454439234718,-0.00229093296132586,-0.00259149178056194,-0.000627973224582383
-0.176283237905433,-0.0170029679178488,-0.00108148095316358,0.593095716648724,-0.00242435093494913,-0.00248517055876998,-0.000588552130905768
-0.170284137455085,-0.0155219651240795,-0.00123358998490201,0.604026165775268,-0.00257029140815386,-0.00236443419362881,-0.000547073412250732
-0.165381118697322,-0.013706580310129,-0.00138803066864686,0.613195348821116,-0.00272893872282505,-0.00222899925451687,-0.000505043972627978
-0.161646881644112,-0.0115044687517808,-0.00154477421167937,0.620559120496384,-0.00290005191771616,-0.00207855658298202,-0.000464034411121302
-0.159142022767089,-0.00885332065215504,-0.00170339856653044,0.626080261277897,-0.00308265418960037,-0.001912767132799,-0.000425628720182322
-0.157913807948183,-0.00568304733376403,-0.00186260049442571,0.62972909434522,-0.00327459730553289,-0.0017312915831949,-0.000391366067644588
-0.15799509387403,-0.00192208672704569,-0.00201956242936091,0.631484083770591,-0.00347202664312116,-0.00153388208139778,-0.000362672043419305
-0.1594033524929,0.00249017304512954,-0.00216928203666196,0.631332413231551,-0.00366885753769416,-0.00132056708331724,-0.000340775742406309
-0.162139720229978,0.00758373790888444,-0.0023041143464187,0.629270534808808,-0.00385650038134398,-0.0010919451802737,-0.000326610810919591
-0.166188011450257,0.0133329046726233,-0.00241391689981312,0.625304646731908,-0.00402418633582061,-0.000849557035259007,-0.000320706183564392
-0.171513766284869,0.0196325052559682,-0.00248718796903847,0.619451006176657,-0.00416021709190601,-0.000596225942106511,-0.000323086889099758
-0.178063661288533,0.0262870939544966,-0.00251327451705363,0.61173593252035,-0.0042541433502171,-0.000336185299978013,-0.00033322121355009
-0.185765855471234,0.0330243036583898,-0.00248510162403817,0.602195364403645,-0.00429929590825075,-7.48235940565396e-05,-0.000350052881315793
-0.19453180923455,0.0395344495439972,-0.0024013129016112,0.590873936567437,-0.00429462161312092,0.000181973420754229,-0.000372131233899627
-0.204259525449264,0.0455240564515552,-0.002266784535396,0.577823755595039,-0.0042449152546589,0.000428679206356557,-0.000397808628949767
-0.214837591688075,0.0507627751475652,-0.00209128438730768,0.563103141793246,-0.00415934915449467,0.000660854079780118,-0.000425439831150702
-0.226148932592072,0.0551074959032365,-0.00188702165702155,0.546775608544697,-0.00404907341365234,0.000875505036922765,-0.000453523639545602
-0.238073618592742,0.0585010186065471,-0.00166619957518465,0.528909158195219,-0.00392494023025149,0.00107104539098031,-0.000480766347016406
-0.250490625657373,0.0609536994797788,-0.00143934497502389,0.509575816046212,-0.0037960304892262,0.00124699733450441,-0.000506082414563507
-0.263278882867031,0.062519529269586,-0.00121459257824625,0.48885126566257,-0.00366909213537375,0.00140361792695986,-0.000528563750979433
-0.276318019654569,0.0632748425776912,-0.000997692677513415,0.466814482829419,-0.00354863612036638,0.00154157301081765,-0.000547443697850128
-0.289489084878617,0.063303061919195,-0.000792399746951205,0.443547326937254,-0.00343735647447465,0.00166170720147045,-0.000562069154880643
-0.302675336538902,0.0626854934942633,-0.000600971868510979,0.419134093405693,-0.00333662489501358,0.00176490640479468,-0.000571883917198091
-0.315763086693515,0.0614967255756194,-0.000424629525940995,0.393661050469257,-0.00324692734116935,0.00185202833184267,-0.000576421027667253
-0.328642540683383,0.0598029845334959,-0.000263915520644538,0.367215984573839,-0.00316819725460601,0.00192387496100896,-0.000575300565631955
-0.341208567406012,0.0576621457063454,-0.000118950651325685,0.339887771839223,-0.00310004710640342,0.00198118713739143,-0.000568229823110086
-0.353361352188952,0.0551245353692387,1.039783855006e-05,0.311765987203711,-0.00304191828584202,0.00202464872933207,-0.000555003896455444
-0.36500690357954,0.0522340173035695,0.000124412803660178,0.282940555481347,-0.00299317222122163,0.00205489342021904,-0.000535505703171432
-0.37605740158764,0.0490290984616472,0.000223468717006394,0.253501444726807,-0.00295314217508871,0.00207251090192281,-0.000509705125175269
-0.386431395246741,0.0455439398178362,0.000308003724011842,0.223538396919278,-0.00292116029949766,0.00207805134939446,-0.000477657444379166
-0.39605381211352,0.0418091956851895,0.000378505125993173,0.19314071160984,-0.00289656918024068,0.00207202826759429,-0.000439501061721873
-0.404855890627871,0.0378527536743444,0.000435512891961407,0.16239703535961,-0.00287872580928755,0.00205492000353217,-0.000395455493519999
-0.412774947036209,0.0337003129319675,0.000479623055241498,0.131395199320147,-0.00286700042914762,0.00202717076683427,-0.00034581922872514
-0.41975405159425,0.0293758623289059,0.000511494359948178,0.100222076050589,-0.0028607734904565,0.00198919167782337,-0.000290968007570033
-0.425741621108118,0.0249020707231727,0.000531854521265917,0.0689634574563403,-0.00285943191150443,0.00194136240465669,-0.000231353492200451
-0.43069094741132,0.0203006074410259,0.000541504715137109,0.0377039500705863,-0.00286236538019585,0.00188403381353577,-0.000167502241880342
-0.434559680681216,0.01559240838643,0.000541321484539857,0.00652688707046535,-0.00286896307153262,0.00181753194269159,-0.000100014778283803
-0.437309286983249,0.010797898740339,0.000532255656875808,-0.0244857526679669,-0.00287861095476857,0.00174216347608773,-2.95643883064488e-05
-0.438904496840277,0.0059371803369883,0.000515328158086471,-0.0552534284909711,-0.00289068976980015,0.00165822276668064,4.31047886973841e-05
-0.439312757276487,0.00103018796038563,0.000491622819598694,-0.0856971444389419,-0.00290457372227465,0.00156600029837716,0.000117180935299869
-0.438503692652529,-0.00390318301768109,0.000462276449126765,-0.115739597445576,-0.00291962994040741,0.00146579232851077,0.000191789564787628
-0.436448578026205,-0.00884296344570901,0.000428466668977192,-0.145305308566726,-0.00293521869478844,0.00135791159381878,0.000266000716639522
-0.433119849344518,-0.0137689897225302,0.000391398261031201,-0.174320638298021,-0.00295069436145496,0.0012426991570426,0.000338838510488159
-0.428490689855125,-0.0186607701997951,0.000352288725338733,-0.20271369209945,-0.00296540721357586,0.00112053716126505,0.000409293422117214
-0.422534712837122,-0.0234973518753817,0.000312353492907565,-0.230414225789557,-0.00297870626744626,0.000991861698580343,0.000476337833304416
-0.415225737883395,-0.0282571942412459,0.000272791050560865,-0.257353612217912,-0.00298994344596911,0.00085717491961827,0.000538945134773244
-0.406537658920639,-0.0329180431178469,0.000234768115085383,-0.283464846996046,-0.0029984793407733,0.00071705576060818,0.000596112219948147
-0.396444409388692,-0.0374567962167283,0.000199404683846648,-0.308682565461217,-0.00300369097087882,0.000572168749739188,0.000646884938229797
-0.384920033486563,-0.0418493563857501,0.000167758266945001,-0.332943059551571,-0.00300498215578519,0.000423270372963691,0.00069038586680611
-0.371938871187594,-0.0460704746099494,0.000140805927788623,-0.356184295656893,-0.00300179745548324,0.00027121250629107,0.000725843547831751
-0.357475859052699,-0.0500935947342873,0.000119421962367513,-0.378345944668534,-0.00299364108723469,0.000116942430395741,0.000752622137656268
-0.341506946290799,-0.0538907255718203,0.000104348254543307,-0.399369431209513,-0.00298010278331434,-3.85010221873753e-05,0.00077025022624797
-0.324009620266718,-0.0574323898213808,9.61537548293057e-05,-0.419198008751339,-0.0029608930843576,-0.000193995739912381,0.000778447470388184
-0.304963526385979,-0.0606877356346053,9.51795707310627e-05,-0.437776869504671,-0.00293589072197591,-0.000348349899503471,0.000777147650637847
-0.284351159017653,-0.063624944154745,0.000101467624157731,-0.455053294174574,-0.00290520385696648,-0.000500322232130261,0.000766516797939652
-0.262158587995424,-0.0662121182422929,0.000114674895524543,-0.470976846265955,-0.00286924389238668,-0.000648651117178734,0.000746965129793334
-0.238376177441533,-0.0684188673018805,0.000133983258837056,-0.485499613126349,-0.00282880400559961,-0.000792095147946495,0.000719151632052771
-0.21299925173424,-0.0702187593411172,0.000158027326148798,-0.498576495735471,-0.00278512366525148,-0.000929487337919281,0.000683980142619171
-0.186028679744661,-0.0715926195672719,0.000184877069513899,-0.510165550357177,-0.00273990697863211,-0.0010598023945226,0.000642585691905039
-0.15747139295857,-0.072532258889414,0.000212120237672396,-0.520228385358119,-0.00269525368111884,-0.00118223037649687,0.000596309709867571
-0.127340917800705,-0.0730436740812555,0.00023707805531198,-0.528730617199382,-0.00265346950636547,-0.00129624124368003,0.000546662840755843
-0.0956580624841432,-0.0731483463669645,0.000257144994281825,-0.535642382875935,-0.00261675924910006,-0.0014016174702068,0.000495275047568914
-0.0624518959602555,-0.0728814192671314,0.000270176940113088,-0.540938892087881,-0.00258686655169287,-0.00149843339989903,0.000443834782311623
-0.0277610489113122,-0.0722865323217273,0.000274799010512146,-0.544600984004481,-0.00256477695796208,-0.00158697554594467,0.000394021769669468
0.0083648135729801,-0.0714085821983692,0.000270512764747404,-0.546615640968486,-0.00255059961986957,-0.0016676228667545,0.000347439943290829
0.0458636422617961,-0.0702867375069032,0.000257564899480912,-0.546976415620353,-0.00254367235622391,-0.0017407250098585,0.000305556816780059
0.0846600752602342,-0.0689498633677465,0.000236646854933742,-0.545683748261675,-0.0025428352887536,-0.00180651579511896,0.000269653062783393
0.124665089472625,-0.0674152562448345,0.000208555231443471,-0.542745174481411,-0.00254675643872956,-0.00186507974292572,0.000240782986036769
0.165776212950024,-0.0656901670000285,0.000173926795766789,-0.538175436106272,-0.00255420039898664,-0.00191636576478612,0.00021974473214875
0.207878164600728,-0.0637748215600737,0.000133098780220653,-0.531996508338042,-0.00256418557185721,-0.00196022824027579,0.00020705896761916
0.250843768439758,-0.0616656810208814,8.60844867959224e-05,-0.524237548968445,-0.00257603194635297,-0.00199647494372687,0.000202955604589795
0.294535029459816,-0.0593581555785598,3.26234278285095e-05,-0.514934769504334,-0.00258933273716986,-0.0020249082683192,0.000207368911568657
0.338804308413044,-0.0568484898294842,-2.77368706825817e-05,-0.504131226462241,-0.00260388831663829,-0.00204535422480165,0.000219941558129263
0.38349556820043,-0.0541348656097506,-9.55578391907388e-05,-0.491876533256597,-0.00261963157121657,-0.00205767918862741,0.000240037832149371
0.428445677793294,-0.0512179080711659,-0.00017144143003009,-0.47822649752141,-0.00263656136417722,-0.00206179688530487,0.000266765707904998
0.473485762005271,-0.0481007971969201,-0.000255981213281122,-0.463242692372036,-0.00265469095330549,-0.0020576686204415,0.000299006873387012
0.518442579643534,-0.0447891489781838,-0.000349731766736424,-0.446991973481618,-0.00267401228010058,-0.00204529935648066,0.000335453378101295
0.563139908065712,-0.0412907804568286,-0.000453192538813533,-0.429545955289671,-0.00269447423178087,-0.00202473160500201,0.00037464928738736
0.607399910571836,-0.0376154299129836,-0.000566801893124766,-0.410980459661903,-0.00271597206422807,-0.00199603854904109,0.000415035619744927
0.651044461531044,-0.0337744728550666,-0.000690937558052294,-0.391374950080124,-0.00273834520677689,-0.00195931740974896,0.000454996870656086
0.693896408125743,-0.0297806545953408,-0.000825920540876347,-0.370811962467221,-0.00276138106654433,-0.00191468379891914,0.00049290755782906
0.735780750555898,-0.025647848553285,-0.000972020372212084,-0.349376542280234,-0.0027848229146174,-0.0018622676024514,0.000527177419076003
0.776525726766763,-0.0213908430382943,-0.00112946019592098,-0.327155695837445,-0.00280838034961961,-0.00180221077549138,0.000556294124963335
0.815963792990251,-0.0170251559685978,-0.0012984206945355,-0.304237861795285,-0.00283174116533454,-0.00173466726901574,0.000578862607382091
0.853932495048381,-0.0125668755858337,-0.00147904216622879,-0.280712407382206,-0.00285458370498805,-0.00165980514148948,0.000593640329651156
0.890275228790736,-0.0080325247182097,-0.00167142430181356,-0.256669152726338,-0.00287658898649826,-0.00157781073781881,0.000599568020970573
0.924841890792171,-0.00343894607144768,-0.00187562339544531,-0.232197925587424,-0.00289745205010294,-0.00148889465010357,0.000595795560358784
0.957489422122541,0.0011967938348785,-0.00209164689460206,-0.207388148227365,-0.0029168921268097,-0.00139329902329445,0.000581702820207474
0.988082250947688,0.00585748453962204,-0.00231944538455093,-0.182328456419307,-0.00293466136209658,-0.00129130563984572,0.00055691536867068
1.01649263995524,0.0105258375643491,-0.00255890228701438,-0.157106350524711,-0.00295055195307521,-0.00118324413077746,0.000521314987886545
1.04260094575244,0.0151845405986046,-0.00280982174053498,-0.13180787776866,-0.00296440166724025,-0.00106949961527504,0.000475044997565576
1.0662957989068,0.0198163021948416,-0.00307191529630791,-0.106517343771714,-0.00297609779949454,-0.0009505190711794,0.000418510387760633
1.087474212814,0.024403888951394,-0.00334478817082932,-0.0813170521028631,-0.00298557968226199,-0.000826815793196907,0.00035237276972017
1.10604163150596,0.0289301572989466,-0.00362792586831832,-0.0562870691802821,-0.00299283988727787,-0.000698971383981304,0.000277540151108173
1.12191192606885,0.0333780817345363,-0.00392068197323985,-0.031505012703786,-0.00299792424210972,-0.00056763485923848,0.000195151546246034
1.13500734860839,0.0377307809576541,-0.00422226783545738,-0.00704586346443701,-0.00300093073374128,-0.00043351862011706,0.000106556450426965
1.14525845377681,0.0419715434173907,-0.00453174477688724,0.0170182002566989,-0.00300200729556142,-0.000297391230271276,1.32892379823415e-05
1.15260399678518,0.0460838534361776,-0.00484801931027735,0.0406179447977534,-0.00300134838596715,-0.000160067145916957,-8.29613936508418e-05
1.15699081601363,0.0500514188284228,-0.00516984172714851,0.0636871975495658,-0.00299919018718101,-2.23937636084018e-05,-0.00018038771633762
1.15837370801443,0.0538582009146086,-0.00549580831141955,0.0861629355764306,-0.00299580420326203,0.000114763643703815,-0.000277102653394145
1.15671530179709,0.0574884476583928,-0.00582436735051536,0.10798534364076,-0.00299148903659628,0.000250538337612338,-0.000371183332502856
1.1519859387748,0.0609267307315751,-0.00615382907638353,0.129097840060716,-0.00298656018776172,0.000384078954568062,-0.000460717787228843
1.14416356444354,0.0641579872405971,-0.00648237963139019,0.149447069744113,-0.00298133786102054,0.000514565751298431,-0.000543853850837992
1.13323363752709,0.0671675669194316,-0.00680809912582872,0.168982866278889,-0.00297613296121992,0.000641225201180762,-0.000618849044723147
1.11918906267762,0.069941285526596,-0.00712898378673949,0.187658187365484,-0.00297123171906939,0.000763341941023224,-0.000684120030439987
1.10203015136151,0.072465485230878,-0.0074429721046255,0.205429031936897,-0.00296687964979936,0.000880267228670303,-0.000738290001739383
1.0817646159326,0.0747271023484019,-0.00774797468888222,0.222254348664286,-0.00296326579560356,0.000991423314745145,-0.000780232255568605
1.05840760078895,0.0767137423999383,-0.00804190729794146,0.238095947280965,-0.0029605083835983,0.00109630346619474,-0.000809108136871339
1.03198175131716,0.0784137622483258,-0.00832272626031691,0.252918426680386,-0.00295864310862308,0.00119446778364805,-0.000824397623653088
1.00251732153311,0.0798163581929615,-0.00858846516578916,0.266689130550872,-0.00295761520229419,0.00128553534686737,-0.000825920996395031
0.97005231603086,0.0809116586458725,-0.00883727148497101,0.279378141147628,-0.00295727626809072,0.0013691736119853,-0.000813850341314189
0.934632660518583,0.0816908195386541,-0.00906744159644951,0.290958317559861,-0.00295738656182873,0.00144508627308545,-0.00078871003735761
0.896312393029079,0.0821461204293973,-0.00927745265774007,0.301405380429128,-0.00295762301464043,0.00151300096968939,-0.000751365850129823
0.855153863817243,0.0822710595952423,-0.0094659899079334,0.310698041850456,-0.00295759287573402,0.0015726582495802,-0.000703002766702864
0.81122793221013,0.0820604468653866,-0.00963196826422945,0.318818174392209,-0.00295685244919479,0.00162380305483018,-0.000645092210804681
0.764614147873025,0.0815104939655213,-0.00977454751629653,0.325751010503149,-0.00295493005542079,0.00166617972553995,-0.000579349745006593
0.715400903163351,0.08061890340354,-0.00989314094799386,0.331485361800457,-0.00295135209360555,0.0016995311360985,-0.000507684760612661
0.66368554665786,0.0793849584466499,-0.00998741775443216,0.336013846733555,-0.00294567092430192,0.0017236021410342,-0.000432143965521984
0.609574448704476,0.0778096181972116,-0.0100573001009665,0.339333115607725,-0.00293749322070508,0.00173814707155788,-0.000354850686343718
0.553182996147345,0.0758956235800163,-0.0101029561632549,0.341444055772658,-0.00292650735550035,0.00174294060982246,-0.000277942204519843
0.494635585128189,0.0736476163322686,-0.010124789628133,0.34235200430222,-0.00291250881715124,0.00173779122644159,-0.000203506793996817
0.434065462148233,0.0710722837406441,-0.0101234285778289,0.342066890401147,-0.00289542161093428,0.00172255579572617,-0.000133523460041841
0.371614552037889,0.0681785230317469,-0.0100997126788719,0.340603369816892,-0.00287531500141573,0.00169715442998526,-6.98054115152785e-05
0.30743320422515,0.0649776285471774,-0.0100546798792941,0.337980912330005,-0.00285241388066552,0.00166158425418075,-1.39494480395628e-05
0.24167987012443,0.061483492411582,-0.00998955192953649,0.334223843973852,-0.00282710150501756,0.0016159311030412,3.27073343349556e-05
0.174520713318026,0.0577128020212059,-0.00990571762146399,0.329361339960177,-0.00279991340866865,0.00156037827828085,6.91223239547629e-05
0.106129153401471,0.0536852078955516,-0.00980471220700733,0.323427364867357,-0.00277152163055441,0.00149521170551923,9.45727943293655e-05
0.0366853474899101,0.0494234264721119,-0.0096881914258874,0.316460558198091,-0.00274270897956001,0.00142082104677273,0.000108671411083222
-0.0336243831327977,0.0449532363598961,-0.0095578990292032,0.308504065322798,-0.0027143339474236,0.00133769654936896,0.000111371693837769
-0.104608175267214,0.040303326023394,-0.00941562766556,0.299605316090168,-0.00268728800297526,0.00124642165155732,0.000102963644795859
-0.176069275392265,0.0355049598795994,-0.00926317450436876,0.289815761696104,-0.00266244820737352,0.00114766166955971,8.40601669395905e-05
-0.247806781218575,0.0305914388716119,-0.00910229362049563,0.279190544841076,-0.00264062926817164,0.00104214899463661,5.55746911035182e-05
-0.319616327199959,0.0255973764541668,-0.00893465053721978,0.26778817715871,-0.00262253957183261,0.000930666089579001,1.8691923330887e-05
-0.391290854551195,0.0205578141761663,-0.00876178212823053,0.255670164531406,-0.00260874592111579,0.000814027137464126,-2.51679831558367e-05
-0.462621388732908,0.0155072482741063,-0.00858506692900523,0.242900623321933,-0.00259965067613226,0.00069305995534913,-7.43901313182229e-05
-0.533397835001468,0.0104786506251237,-0.00840570890062299,0.229545887236714,-0.00259548342919049,0.000568589581379838,-0.000127209336775727
-0.603409788133681,0.0055025746159018,-0.00822473595110643,0.215674109507195,-0.00259630728291171,0.000441424784640603,-0.00018175721400129
-0.672447352373193,0.000606427017007468,-0.00804301237004152,0.201354862811107,-0.00260203774325269,0.000312348335444584,-0.000236110894220708
-0.740301965359157,-0.00418603571597046,-0.00786126240560227,0.186658737782428,-0.0026124706211553,0.000182111318722144,-0.000288342501297469
-0.806767218496104,-0.00885495895487677,-0.00768010090825732,0.171656940178577,-0.00262731446837358,5.14311789251523e-05,-0.000336568606072385
-0.871639666211637,-0.0133843933023253,-0.00750006648733787,0.156420886712964,-0.00264622305311937,-7.9007327476051e-05,-0.000378998924394779
-0.93471961912527,-0.0177620808812713,-0.00732165294904604,0.141021799922421,-0.00266882409236873,-0.000208549431357321,-0.00041398351286444
-0.995811912588271,-0.0219790730156337,-0.00714533573055367,0.125530304883717,-0.00269474163318343,-0.000336567150918866,-0.000440057650080378
-1.05472664646522,-0.0260292358238063,-0.00697159129023089,0.11001603151146,-0.00272361080770317,-0.000462456714334319,-0.000455983497775155
-1.11127989235897,-0.0299086991732471,-0.00680090871174902,0.0945472278405945,-0.00275508490674349,-0.000585637409319522,-0.000460787532485289
-1.16529436293713,-0.0336152971009846,-0.0066337939158544,0.0791903913122444,-0.00278883565158331,-0.000705552231574684,-0.000453792652460829
-1.21660004237074,-0.0371480376274777,-0.00647076770361035,0.0640099244525588,-0.00282454813012937,-0.00082167025729669,-0.000434643823476845
-1.26503477281177,-0.04050662837064,-0.00631235938247875,0.0490678221980085,-0.00286191211296724,-0.000933490247624504,-0.000403326146449167
-1.31044479500081,-0.0436910742652843,-0.00615909792312055,0.0344233963549953,-0.0029006114555483,-0.00104054469673944,-0.000360174321367921
-1.35268524388684,-0.0467013553140451,-0.00601150253197413,0.020133040489511,-0.00294031311443609,-0.00114240338373987,-0.000305872646598325
-1.39162059592127,-0.049537185459372,-0.00587007429178429,0.00625003834018283,-0.0029806570389826,-0.00123867548015767,-0.000241444931106246
-1.42712506816388,-0.0521978492450297,-0.00573529013924134,-0.00717558346080703,-0.00302124792577366,-0.00132900942988842,-0.000168233994218302
-1.45908297072435,-0.0546821099754113,-0.00560760000869952,-0.0200971590700672,-0.00306164957998225,-0.00141309011238893,-8.78707702372584e-05
-1.48738901211061,-0.0569881811744715,-0.00548742753371318,-0.0324714441652591,-0.00310138242990362,-0.00149063318104586,-2.23341593153927e-06
-1.51194855869108,-0.0591137525024332,-0.00537517427964513,-0.0442586352562346,-0.00313992458968605,-0.00156137690491926,8.66027871561835e-05
-1.5326778494426,-0.0610560612599123,-0.0052712271265833,-0.05542234930566,-0.00317671673243161,-0.00162507226579422,0.000176423542626487
-1.5495041666397,-0.0628120010437895,-0.00517596814117108,-0.0659295655465271,-0.00321117089085502,-0.00168147241933324,0.000264940075381874
-1.562365964453,-0.0643782599394159,-0.00508978606195797,-0.0757505326728524,-0.00324268311922775,-0.00173032287397697,0.00034985814379033
-1.57121295763112,-0.0657514813647668,-0.00501308838406192,-0.0848586458883168,-0.003270649707087,-0.0017713538247804,0.000428949252808387
-1.57600617383259,-0.0669284412809772,-0.00494631295225725,-0.0932303004867061,-0.00329448633783754,-0.00180427598311519,0.000500121536471218
-1.57671797511069,-0.0679062357991645,-0.00488993795634581,-0.100844731581898,-0.003313649260205,-0.00182878096381873,0.000561487618805438
-1.57333205509283,-0.0686824730694976,-0.00484448928036317,-0.107683852127707,-0.00332765723121265,-0.00184454684650267,0.00061142672112398
-1.56584341911707,-0.0692554628300596,-0.0048105442943355,-0.113732102854439,-0.00333611275436723,-0.00185124896472891,0.000648638385139945
-1.55425835498299,-0.0696243964353961,-0.00478873139117853,-0.118976328567306,-0.00333872103477291,-0.00184857536648018,0.000672185448919424
-1.53859440054618,-0.0697895097215102,-0.00477972486459091,-0.123405694260994,-0.00333530513998794,-0.00183624580779336,0.00068152433991283
-1.51888031254464,-0.0697522209740453,-0.00478423507882171,-0.127011651196326,-0.00332581610204525,-0.0018140326705249,0.000676521317443033
-1.49515603800109,-0.0695152368773466,-0.00480299425867723,-0.129787958780919,-0.00331033709954237,-0.00178178190519212,0.000657453977119102
-1.46747268523576,-0.0690826206307302,-0.00483673859135612,-0.131730762726214,-0.00328908136082891,-0.00173943203070455,0.00062499806396271
-1.43589248958167,-0.0684598183975589,-0.00488618763269038,-0.132838724044822,-0.0032623839572751,-0.00168702938873919,0.00058020037230266
-1.40048876574161,-0.0676536426854893,-0.0049520222125779,-0.133113188693687,-0.00323068812926947,-0.00162473822222172,0.000524439177688407
-1.36134583616409,-0.0666722137835226,-0.00503486212000896,-0.132558384107037,-0.00319452714250538,-0.00155284466958898,0.00045937419421024
-1.31855892661813,-0.065524862776915,-0.00513524480754304,-0.13118162696107,-0.00315450287548534,-0.0014717543725117,0.000386888449586488
-1.27223402014274,-0.0642220015556175,-0.00525360621268739,-0.128993526663523,-0.00311126238166876,-0.00138198399607563,0.000309024695060335
-1.22248766227518,-0.0627749665401349,-0.0053902645726695,-0.126008170675955,-0.00306547357950881,-0.00128414749141176,0.000227919023595779
-1.16944671331124,-0.061195843554883,-0.00554540784183243,-0.122243280431143,-0.00301780104589172,-0.00117893833884919,0.00014573427663563
-1.11324804772227,-0.0594972815115214,-0.00571908503214526,-0.11772032997976,-0.0029688826761032,-0.00106710926578403,6.45956064870583e-05
-1.05403820131068,-0.0576923022832722,-0.00591120152922323,-0.112464622511728,-0.00291930776815501,-0.000949451019934971,-1.34697468886246e-05
-0.991972966206314,-0.0557941135974156,-0.0061215181973152,-0.10650532231723,-0.00286959692784778,-0.000826771712214897,-8.65867691879468e-05
-0.927216939462105,-0.0538159312619823,-0.00634965386575031,-0.0998754420395334,-0.00282018409346164,-0.000699878064789961,-0.000153079759574707
-0.859943029324116,-0.0517708162181746,-0.00659509063484029,-0.0926117862078442,-0.00277140093069892,-0.000569559615289417,-0.000211511270937836
-0.790331919083022,-0.0496715309183902,-0.00685718134658297,-0.0847548522647539,-0.00272346383958644,-0.000436576583250762,-0.000260712358447635
-0.718571490111186,-0.0475304186144507,-0.00713515850902367,-0.0763486907510792,-0.00267646382931164,-0.000301651752389387,-0.000299803932975382
-0.644856205358543,-0.0453593080371941,-0.0074281439702304,-0.0674407265205392,-0.00263035952485374,-0.000165466378681851,-0.000328209321721891
-0.56938644651911,-0.0431694445074222,-0.00773515873129647,-0.0580815421677186,-0.00258497355084355,-2.86598161708601e-05,-0.000345658400927873
-0.492367791721798,-0.0409714470956541,-0.00805513242615771,-0.0483246243485738,-0.00253999249102478,0.000108167700526875,-0.000352183868657216
-0.414010196379549,-0.0387752895616232,-0.00838691225223909,-0.0382260709526458,-0.00249497053081204,0.000244449884108894,-0.000348110366977743
-0.334527013414392,-0.0365903011149074,-0.0087292714256563,-0.0278442540776956,-0.00244933676911706,0.00037964772360338,-0.000334037232956454
-0.254133708558509,-0.0344251801962755,-0.00908091778443466,-0.017239423794598,-0.00240240599738608,0.000513242322560222,-0.000310815648609441
-0.173045893821893,-0.0322880083536563,-0.00944050440151134,-0.00647320803793831,-0.00235339240849598,0.000644728510046018,-0.00027952081925614
-0.0914759577564949,-0.0301862439072777,-0.00980664584608835,0.00439207880103999,-0.00230142514522288,0.00077361076128876,-0.000241419524916721
-0.00962764687776612,-0.0281266808657231,-0.0101779435329979,0.015294386434883,-0.00224556403619191,0.000899402415379062,-0.000197933399902561
0.0723032111460837,-0.0261155833019567,-0.0105529819587558,0.0261720217276761,-0.00218482034748892,0.00102161618864325,-0.000150603949465921
0.154097845126558,-0.0241595386040651,-0.0109301828891268,0.0369597536738445,-0.00211820559099584,0.00113971438405869,-0.000101076555243756
0.23549748877172,-0.0222658161550389,-0.0113077264609777,0.0475869098820788,-0.00204478115244039,0.00125308501599572,-5.10770464248943e-05
0.316237185891148,-0.020441513673774,-0.0116837074276527,0.057982312081649,-0.00196367289379839,0.00136109414913202,-2.34990229455029e-06
0.3960683075597,-0.0186930830647479,-0.0120562427963287,0.0680776339167151,-0.00187408792041166,0.00146311850151599,4.3402934028049e-05
0.474753981580372,-0.0170264614179545,-0.0124234598578293,0.0778071163035494,-0.00177534993994369,0.00155853785564191,8.45649806032378e-05
0.552064772689364,-0.0154471319681183,-0.0127834877526757,0.0871073221816577,-0.00166693551010852,0.00164672983110869,0.000119646003056648
0.627777164783058,-0.0139600581115121,-0.013134465312525,0.095917270217583,-0.00154850776598076,0.0017270700701288,0.000147322729571881
0.701673344160042,-0.0125695204494703,-0.013474559052641,0.104178742849919,-0.00141994728229975,0.00179893523027551,0.000166478073066679
0.773541533029666,-0.0112788664011964,-0.0138019880630074,0.111836663054106,-0.00128137923641909,0.00186170764919208,0.000176237434106358
0.843176577571308,-0.0100901728819846,-0.0141150540992812,0.118839493274444,-0.00113319558874535,0.00191478141899435,0.000176000709358648
0.91038065046032,-0.00900382856741997,-0.0144121748024006,0.125139625287994,-0.000976070959859241,0.00195757006752578,0.000165468562680178
0.974964076963143,-0.00801801643127048,-0.0146919210093975,0.130693773427982,-0.000810969568036385,0.00198951575198619,0.000144661840324679
1.0367461195565,-0.00712816319896664,-0.0149530504202333,0.13546329876909,-0.000639143506557448,0.00201010095875191,0.000113932286821248
1.09555584080108,-0.00632633315296202,-0.0151945403043113,0.139414509789661,-0.000462119061765511,0.00201886223380468,7.39639204494959e-05
1.15123295954588,-0.00560062903344516,-0.0154156137225396,0.142518899764655,-0.000281670881407859,0.00201540622487631,2.57638967958081e-05
1.203628691688,-0.0049346445603714,-0.0156157569723063,0.144753316361948,-9.9783348512746e-05,0.00199942763922241,-2.93576598505794e-05
1.25260656124532,-0.00430702483972779,-0.0157947259717261,0.146100056001591,8.1400547157399e-05,0.00197072842004761,-8.98190137956931e-05
1.29804315975628,-0.0036911928535506,-0.0159525401358329,0.146546877684688,0.000259641571749863,0.00192923707398028,-0.000153809032166353
1.33982882415102,-0.00305529513175933,-0.0160894634125699,0.14608693387372,0.000432675499242347,0.00187502676295396,-0.000219339390440009
1.37786820945587,-0.00236240684071838,-0.0162059734583686,0.144718620062331,0.000598289904393217,0.00180833056356089,-0.000284305365721174
1.41208072721703,-0.00157101683523412,-0.0163027211415696,0.142445348679453,0.000754402268462136,0.00172955225414678,-0.000346553278864403
1.44240082708025,-0.000635788464038156,-0.0163804835452021,0.139275257354757,0.000899134638046952,0.00163927113486847,-0.000403952177390092
1.4687781068704,0.000491434430002919,-0.0164401142139399,0.135220865807343,0.00103087997773177,0.00153823973511295,-0.000454466974182332
1.49117724445572,0.0018604309133875,-0.0164824944409531,0.130298699118499,0.00114835573467071,0.00142737379053175,-0.000496230011485497
1.50957776267793,0.00352129654393459,-0.0165084890479031,0.124528898370899,0.00125064114661137,0.00130773436792611,-0.000527607966561087
1.52397362270218,0.00552306634970084,-0.0165189087679534,0.117934834741975,0.00133719515044987,0.00118050367295719,-0.000547261022378523
1.53437272161088,0.00791243620552808,-0.0165144817109711,0.110542756127802,0.00140785555675835,0.00104695426920744,-0.000554191814538456
1.54079627722283,0.0107325616012755,-0.0164958332417226,0.102381472218925,0.00146281833276211,0.000908415395428836,-0.000547781790414789
1.5432781630874,0.0140220336338412,-0.0164634743824505,0.0934820948882007,0.00150259972968344,0.000766237787019028,-0.000527813533173314
1.54186422062962,0.0178140533936691,-0.016417797420395,0.0838778382437854,0.00152798393104599,0.000621759608196396,-0.000494478230390659
1.53661157475192,0.0221358129820059,-0.0163590771709414,0.073603877903301,0.00153995972640664,0.000476275773772039,-0.000448368255724527
1.52758796965656,0.0270080709409583,-0.0162874762579491,0.0626972634525429,0.00153964995953343,0.000331012548650275,-0.000390455571053524
1.51487113101041,0.0324448934560184,-0.016203052901452,0.0511968739315915,0.00152823739111739,0.000187108723184709,-0.000322057307895576
1.49854815058381,0.0384535210257124,-0.0161057699537749,0.0391434043361722,0.00150689023532699,4.5603945272679e-05,-0.000244790409022391
1.4787148799968,0.0450343141122767,-0.0159955041959345,0.0265793701757555,0.00147669008831431,-9.25659922431833e-05,-0.000160517570413977
1.45547531295157,0.0521807293208353,-0.0158720551242091,0.0135491186779799,0.00143856438406594,-0.000226567848168789,-7.12869227193825e-05
1.42894093020143,0.0598792794259962,-0.01573515255144,9.88379691057748e-05,0.0013932250054687,-0.000355665180532142,2.07320611174958e-05
1.39922997842357,0.06810943559068,-0.0155844622800115,-0.0137234414174031,0.00134111434760645,-0.000479210171925881,0.000113314026602814
1.3664666529492,0.076843437839976,-0.0154195888552711,-0.0278678553387387,0.00128236004689114,-0.000596635301749511,0.00020424233823794
1.33078015711999,0.0860459899281988,-0.0152400739975946,-0.0422827249078403,0.00121673979388534,-0.000707447135860273,0.000291370828723241
1.29230361476723,0.0956738283017978,-0.0150453887598206,-0.056914584292881,0.00114365812100044,-0.000811224268889737,0.000372680986313822
1.25117282140912,0.105675171612764,-0.0148349168597342,-0.0717082161709511,0.00106213773598951,-0.000907620979848003,0.000446333164574873
1.20752483501821,0.115989077518408,-0.0146079261188378,-0.0866066942353947,0.000970828723101613,-0.000996377465562393,0.00051071069696167
1.16149642639299,0.126544758384646,-0.0143635246617673,-0.101551435033698,0.000868039543522774,-0.00107733664317024,0.000564456104948049
1.11322243813363,0.13726093469747,-0.0141005987569704,-0.116482263972143,0.000751793971479246,-0.00115046648889298,0.000606498887919363
1.06283413478603,0.148045333542368,-0.0138177301543753,-0.131337504080719,0.00061991757192367,-0.00121588578918638,0.000636074685477353
1.01045766569943,0.158794464731389,-0.0135130927768974,-0.14605409943288,0.000470155747132647,-0.00127389011647894,0.000652735898146756
0.956212796952454,0.169393824094094,-0.0131843317845865,-0.160567788620669,0.000300322503682356,-0.00132497395314447,0.000656354133152342
0.900212095166346,0.179718673984797,-0.0128284323247938,-0.174813345437709,0.000108474896193344,-0.00136984435276831,0.000647115088567206
0.842560752257854,0.189635527870615,-0.0124415902931127,-0.188724903275917,-0.000106897111066969,-0.00140942155000479,0.00062550668140242
0.783357209282853,0.199004428793912,-0.0120191025930167,-0.202236381521599,-0.000346681134708717,-0.00144482280739561,0.000592301260492006
0.722694680219705,0.207681947117939,-0.0115552961253193,-0.215281998444696,-0.000610973492934057,-0.00147732673019437,0.000548533229544072
0.660663557223963,0.215524918767004,-0.0110435197803468,-0.227796904383038,-0.00089895374971672,-0.00150831916828177,0.000495472226121672
0.597354561708371,0.222394579438635,-0.0104762146659747,-0.239717877689647,-0.00120882355571661,-0.00153922267776271,0.000434593233046685
0.532862363329152,0.228160841360176,-0.00984507422983985,-0.250984064873282,-0.00153782527118145,-0.00157141566572229,0.00036754379315522
0.467289283654359,0.232706334765098,-0.0091412928011215,-0.261537713411389,-0.00188234584888076,-0.00160614894136308,0.000296108653907162
0.400748656829016,0.235929852027532,-0.00835588829135619,-0.271324842325499,-0.00223809931221466,-0.00164446839078373,0.000222171947576028
0.33336744623443,0.237748900067958,-0.00748007298845137,-0.280295799211815,-0.00260036924205837,-0.00168715190214998,0.000147676946585597
0.265287815667692,0.238101184886561,-0.00650563873989075,-0.288405665548512,-0.00296428378709972,-0.00173466665269811,7.45834902879625e-05
0.196667515624598,0.236944987602031,-0.00542532126183538,-0.295614487025927,-0.00332509191149929,-0.00178714985096574,4.82342512922848e-06
0.127679072578193,0.234258578956979,-0.00423311336800779,-0.301887358406604,-0.00367841123033564,-0.00184441299097806,-5.9745729068476e-05
0.0585080379694656,0.230038785079322,-0.00292450586281135,-0.307194328702975,-0.00402042527803444,-0.00190596622543642,-0.000117387228815498
-0.0106495255528969,0.224299076582021,-0.00149664764703751,-0.31151022947569,-0.0043480166164402,-0.00197105846537397,-0.000166531371594672
-0.0795899618138765,0.217067390834456,5.1572861189356e-05,-0.314814433813267,-0.00465883309168426,-0.00203872724798543,-0.000205819673283432
-0.148105069463827,0.208383944975195,0.00171951414612574,-0.317090601801245,-0.00495129271095726,-0.00210785289332509,-0.000234145594190276
-0.21598498557004,0.198299168626772,0.003504818716239,-0.318326409617677,-0.00522453812083006,-0.002177212457465,-0.00025068976671416
-0.283020829928169,0.186871935094164,0.00540348592102262,-0.318513337610084,-0.00547835514621102,-0.00224552975254834,-0.000254948907942244
-0.349006941298416,0.174168080041914,0.00740996361395149,-0.317646482498494,-0.00571306908798499,-0.00231151941678168,-0.000246756509898825
-0.413742706937449,0.160259229512564,0.00951724785355098,-0.315724412246942,-0.00592943150090153,-0.00237392367925034,-0.000226294470945069
-0.477034001369874,0.145221899031558,0.0117169835098628,-0.312749054650331,-0.00612850739262107,-0.00243154137698479,-0.00019409488787618
-0.538694277208147,0.129136814443601,0.0139995625432073,-0.308725610888104,-0.00631156997821571,-0.00248324928369583,-0.000151031638114403
-0.598545365014703,0.112088400032959,0.0163542199862659,-0.303662484646832,-0.00648000756953232,-0.00252801616444696,-9.83017611752777e-05
-0.656418050580371,0.0941643802333704,0.0187691300828295,-0.297571217741822,-0.00663524508980628,-0.00256491021654917,-3.73970155884439e-05
-0.712152484070141,0.0754554499404705,0.0212315058815275,-0.290466424644849,-0.00677868111649022,-0.00259310073245843,2.99336684840861e-05
-0.765598468781409,0.0560549765432588,0.0237277058951275,-0.282365719725939,-0.0069116403007256,-0.00261185498376984,0.000101729816942513
-0.816615667455328,0.0360587049214579,0.0262433510907086,-0.273289632139696,-0.00703534034636126,-0.00262053147122447,0.00017587183839314
-0.865073749467677,0.0155644457922117,0.0287634545081687,-0.263261505141702,-0.00715087233423705,-0.00261857080468703,0.000250138751208687
-0.910852498247211,-0.00532826766485424,0.0312725651003545,-0.252307377064977,-0.00725919297905489,-0.0026054855525615,0.000322269554103778
-0.953841886826383,-0.0265185625626898,0.0337549261329635,-0.240455843584067,-0.00736112726289642,-0.00258085039958259,0.000390026456453196
-0.993942125592041,-0.0479046518409276,0.0361946475578595,-0.227737902481903,-0.00745737980601455,-0.00254429386272073,0.000451258111068794
-1.03106368490075,-0.0693843018049548,0.0385758908284459,-0.214186784247139,-0.00754855324705502,-0.0024954926216097,0.000503960966492933
-1.06512729012514,-0.0908553348966683,0.0408830634636956,-0.19983777515595,-0.00763517182367602,-0.00243416923226666,0.000546336876325627
-1.09606389223609,-0.112216159588685,0.0431010200469611,-0.184728040199788,-0.00771770830460909,-0.00236009361871616,0.000576845198767764
-1.1238146158663,-0.133366315386194,0.0452152654177639,-0.168896454838041,-0.00779661242380486,-0.00227308831541692,0.000594247769876941
-1.14833068803523,-0.154207018673155,0.0472121551315326,-0.152383454840968,-0.00787233904993789,-0.00217303700493709,0.000597645357384852
-1.16957335223314,-0.174641694328027,0.049079087838675,-0.135230912390751,-0.0079453745018829,-0.00205989550491954,0.000586504492313719
-1.18751377385862,-0.194576478857363,0.0508046841464274,-0.117482044021301,-0.00801625969123534,-0.00193370404818195,0.000560673920393028
-1.20213294267683,-0.213920682083781,0.0523789467167218,-0.0991813530798221,-0.00808560911358782,-0.00179459951071655,0.000520390295098895
-1.21342157765302,-0.23258719741746,0.0537933969510245,-0.0803746054492367,-0.00815412509241374,-0.00164282618811463,0.000466273123069788
-1.22138003799666,-0.250492853511304,0.0550411844369344,-0.0611088341867134,-0.00822260705456153,-0.0014787438142179,0.00039930934509992
-1.2260182281585,-0.267558698076299,0.0561171637935445,-0.0414323623277946,-0.00829195575322952,-0.00130283199596978,0.000320828301288666
-1.22735557738477,-0.2837102377384,0.0570179509992572,-0.0213948589027846,-0.00836317384988585,-0.0011156889968054,0.000232467831656128
-1.22542091222206,-0.298877585810119,0.0577419288319007,-0.00104736482932776,-0.00843736110857487,-0.000918027176949503,0.000136133219616026
-1.22025242318479,-0.312995565040489,0.0582892332002635,0.0195576547502922,-0.00851570720172692,-0.000710662379299265,3.39495716451629e-05
-1.21189761017584,-0.326003730964108,0.0586617015684395,0.0403662688960188,-0.00859948112580486,-0.000494498913192549,-7.17907108075112e-05
-1.20041321464442,-0.337846385951573,0.0588627999968042,0.0613230630313724,-0.00869001931883684,-0.000270511709864732,-0.00017868391602338
-1.18586514523094,-0.348472477247412,0.0588975103939733,0.082371119310139,-0.00878871080893727,-3.97246477752164e-05,-0.000284273537790684
-1.16832838503773,-0.357835464460599,0.0587721969183595,0.103452012149135,-0.00889698178827815,0.000196811557062858,-0.000386109840733684
-1.14788687453599,-0.365893119491211,0.0584944470576168,0.124505810933452,-0.00901627944787969,0.000438041536683039,-0.000481809343606228
-1.12463336222904,-0.372607261605824,0.0580728916657312,0.145471089865921,-0.00914805598917569,0.000682925921132156,-0.000569112983816372
-1.09866921585219,-0.377943423686507,0.0575170078706326,0.166284944816028,-0.00929375381875433,0.000930459161642332,-0.00064594170119395
-1.07010418735042,-0.38187044527631,0.0568369096155905,0.186883019640072,-0.00945479317763278,0.00117968347100272,-0.00071044812550497
-1.03905612506481,-0.384359986972561,0.0560431313529253,0.207199547296549,-0.00963256366724459,0.00142969816695627,-0.000761062991357833
-1.00565062737865,-0.385385958903447,0.0551464109784108,0.227167413816871,-0.00982842123866993,0.00167966413726165,-0.000796534856635428
-0.970020635622682,-0.384923852913696,0.0541574784085658,0.246718253879886,-0.0100436921223911,0.00192880361822414,-0.000815961683558957
-0.932305966394653,-0.382949964241652,0.0530868561132433,0.265782588336722,-0.0102796848423248,0.00217639598685469,-0.000818812884567863
-0.892652787047908,-0.379440483094623,0.0519446774836142,0.284290014185185,-0.0105377108011278,0.00242177072695377,-0.000804940539882361
-0.851213045248109,-0.374370430566163,0.0507405283339729,0.302169455825017,-0.010819112870056,0.00266429906824702,-0.000774578670089802
-0.808143871132517,-0.367712407907213,0.04948331623747,0.319349485379477,-0.0111252999275153,0.00290338597367455,-0.000728329700476802
-0.763606979609726,-0.359435124721325,0.0481811720531727,0.335758719665277,-0.0114577832965846,0.00313846409852268,-0.000667137581635537
-0.717768114004674,-0.349501673449529,0.0468413883168427,0.351326301680494,-0.011818208433434,0.00336899099897942,-0.000592247442826309
-0.670796589240522,-0.337867529184451,0.0454704003789726,0.365982477385214,-0.0122083719264783,0.00359445020498194,-0.000505152176751244
-0.622865012827193,-0.32447828204435,0.0440738184986406,0.379659284876809,-0.0126302097971838,0.00381435576987152,-0.000407527033379608
-0.574149286454958,-0.309267164481909,0.0426565226789732,0.392291382565308,-0.0130857382272941,0.00402825854944365,-0.000301154222800173
-0.524829019145114,-0.292152532790028,0.0412228367528747,0.403817055071803,-0.0135769223886134,0.0042357507551721,-0.000187840821664586
-0.475088505406239,-0.273035617845921,0.0397768033681254,0.414179449675295,-0.0141054437850783,0.00443646335458713,-6.93350949450828e-05
-0.425118429487553,-0.251799094503398,0.0383225856794019,0.423328107214478,-0.0146723330685069,0.00463004882241593,5.27511561992248e-05
-0.375118426411418,-0.228307343953461,0.0368650219165517,0.431220852056494,-0.0152774367987645,0.00481613998367475,0.000177003362138255
-0.325300523031069,-0.202409684889725,0.0354103507327219,0.437826084083471,-0.0159186982023724,0.00499427502380283,0.000302233417242501
-0.275893253283248,-0.173948261698088,0.0339671017236811,0.443125452774208,-0.0165912605842933,0.00516378045614105,0.000427459124743511
-0.227145837438805,-0.142772537234982,0.0325470990606305,0.4471167696298,-0.0172864550881876,0.00532360978202563,0.000551813871286077
-0.179331223853036,-0.108762155770777,0.031166452163169,0.449816815705295,-0.0179908154235795,0.00547214767455816,0.000674369568139581
-0.132746100166879,-0.0718589250852171,0.0298463114465263,0.451263436564141,-0.018685362759334,0.00560700854894569,0.000793867517836314
-0.087705440587816,-0.0321064522829155,0.0286130743901546,0.451516050167252,-0.0193454949575764,0.00572488186241621,0.000908375519497491
-0.0445292300579632,0.0103074525395197,0.0274976877579234,0.450653555249223,-0.0199418408535476,0.00582149623185404,0.00101492505462194
-0.00352022266744171,0.0550143716277313,0.0265337706725815,0.448768802606188,-0.0204423352561298,0.00589177642368065,0.00110922200255247
0.0350658099166473,0.101446287614045,0.025754525087133,0.445959429279219,-0.02081549341098,0.00593023662768713,0.00118555053419355
0.0710524181162323,0.148844654828471,0.0251887787258012,0.442315928381078,-0.0210344551573193,0.0059315858337674,0.00123698004157704
0.104369610589646,0.196302680884239,0.0248568932050319,0.437909018877026,-0.0210809770161156,0.00589143441727406,0.00125592485274755
0.135067566816112,0.242836719137211,0.0247674760590185,0.432779140883678,-0.0209483814306819,0.005806924953289,0.001235005656554
0.163311699895904,0.287473270598927,0.0249157154571082,0.426930734660589,-0.0206426669663088,0.00567710651201615,0.00116805760998245
0.189359376619794,0.329332965072395,0.025283721875589,0.420332772210921,-0.0201815011661606,0.00550294396331004,0.00105107148710239
0.213524182510058,0.367694498237721,0.025842692057994,0.412925248231577,-0.0195914373412074,0.00528697289828992,0.000882870405916314
0.236136691565562,0.402028749228079,0.0265562501024952,0.404629754882796,-0.0189041468401621,0.00503272070124721,0.000665406606149795
0.257510234354559,0.432002464900328,0.0273841317030609,0.39536147269396,-0.0181525803176634,0.00474406812771087,0.00040367004134135
0.277917027569304,0.45745811542041,0.0282854732796054,0.385040062949813,-0.0173677864175476,0.00442471147483838,0.000105287987132693
0.297576100286198,0.478379821942337,0.0292212429975189,0.373597765907569,-0.0165767712070559,0.00407782481676603,-0.000220063247817989
0.31665135063543,0.49485487654004,0.0301556678567482,0.360984036815637,-0.0158014411342477,0.00370594944053236,-0.000561316651980252
0.335256499382501,0.507037836863465,0.0310567687658518,0.347166917037183,-0.015058439264188,0.00331108027912303,-0.000906656072575112
0.353463534772747,0.515121102247919,0.0318962708023869,0.332131872630172,-0.0143595835471729,0.0028948872147046,-0.00124409277550425
0.371311922151901,0.519313309326663,0.0326492105648961,0.315879043989453,-0.0137126186423855,0.00245899994950602,-0.00156196074768717
0.388816830683888,0.519825196002334,0.033293538730634,0.298419831626425,-0.0131220539118646,0.00200529069387237,-0.00184933399564931
0.405975547516748,0.516861704513695,0.0338099390389572,0.279773594716542,-0.0125899403178311,0.00153610173122435,-0.00209637653719195
0.422771944693121,0.510618781257157,0.034181977335707,0.259965032209425,-0.0121165134857441,0.00105438060229217,-0.00229463462552788
0.439179306881715,0.501283341046128,0.0343965767174427,0.239022589090986,-0.0117006875732907,0.000563702493482772,-0.00243727522582862
0.455162047151014,0.489035034464755,0.0344447085762318,0.216978006768306,-0.0113404216806533,6.81769588471408e-05,-0.00251926862993102
0.470676885603967,0.474048702427254,0.0343221158997664,0.193866927286961,-0.0110329982795607,-0.000427746634957431,-0.00253750915319374
0.485673988781424,0.456496684843079,0.0340298614061109,0.169730286429778,-0.010775254780499,-0.000919545397322128,-0.00249086755581081
0.500098410560396,0.436550449145222,0.0335745247368795,0.144616112268442,-0.0105637993596064,-0.00140292083105731,-0.00238017219750609
0.513891982066183,0.41438130093349,0.0329679513990687,0.118581304882773,-0.0103952258177192,-0.00187408442648643,-0.00220812191744886
0.526995614439546,0.39016019907395,0.0322265587260628,0.0916930103104346,-0.0102663249629598,-0.00232999074868608,-0.00197914034385071
0.539351837628666,0.36405689963132,0.0313703019750071,0.0640293152402773,-0.0101742765615594,-0.00276848799785716,-0.0016991869561349
0.55090732361786,0.336238780449693,0.0304214702716699,0.0356791547014524,-0.0101167992296888,-0.0031883698880934,-0.00137554335019777
0.561615154075295,0.306869722968486,0.0294035010107194,0.00674148346272763,-0.0100922364467544,-0.00358932729873647,-0.00101659292765833
0.571436651364826,0.276109382076296,0.0283399750449843,-0.0226761143992139,-0.010099564543389,-0.00397181028687876,-0.000631608697106814
0.580342812009064,0.24411299013031,0.0272538727209988,-0.0524591243528009,-0.0101383177238694,-0.00433681930013905,-0.000230557621864554
0.588315244881852,0.211031799210691,0.0261671295195863,-0.0824878954666424,-0.010208443973808,-0.00468564716381835,0.000176077122789816
0.59534705895524,0.17701394034171,0.0251003887633253,-0.112639281803269,-0.0103101074101068,-0.00501959553901857,0.000577462258260686
0.601443815332609,0.142205499158503,0.024072855080135,-0.142788017055525,-0.0104434707948835,-0.00533968672442497,0.000962579960027388
0.606624938902395,0.106751450872295,0.0231020981576552,-0.172807735112203,-0.010608490228211,-0.00564639207293564,0.00132040702356726
0.610925893363315,0.0707961045795082,0.022203688987016,-0.202571632111191,-0.010804754021605,-0.0059393981064527,0.0016401211160799
0.614401364848791,0.034482756898126,0.0213906093326065,-0.231952824130841,-0.0110313883514802,-0.00621743212353875,0.00191134350992114
0.617129567767069,-0.00204761512529715,0.0206724646542002,-0.260824506575807,-0.0112870349391716,-0.00647816862673394,0.00212442036480571
0.619217588127636,-0.0386585751603005,0.0200546319371988,-0.289060055931431,-0.011569880583015,-0.00671823417075798,0.00227073505165415
0.620807411538603,-0.0752210277301756,0.01953756182118,-0.31653323448075,-0.0118776871986222,-0.0069333197548493,0.00234303427420238
0.622081933167,-0.111615928670612,0.0191165021364947,-0.343118662969051,-0.0122077392620076,-0.00711839677961981,0.00233574369878589
0.623269783525017,-0.147735895029672,0.0187818965788042,-0.368692713826276,-0.0125566014092058,-0.00726801744323549,0.00224524758069871
0.624647170338264,-0.183484410375694,0.0185206301168536,-0.393134956794835,-0.0129195738966267,-0.00737666826100461,0.00207011395453135
0.626534076041107,-0.218771151245529,0.0183181489473803,-0.416330261882426,-0.0132897629794739,-0.00743914205049741,0.00181126289356646
0.629281102119489,-0.253502046942769,0.018161291543442,-0.438171624028078,-0.0136567675773866,-0.00745090344795278,0.00147209765602956
0.63324235948177,-0.287563277121318,0.018041438328711,-0.458563689945414,-0.014005147163337,-0.0074084450094069,0.00105864070423242
0.63873000568031,-0.32079990140153,0.0179573273163825,-0.477426793795157,-0.0143130931408197,-0.00730965601018187,0.000579726899292192
0.645949002327617,-0.352992564240467,0.0179166284897178,-0.494701009531171,-0.0145520424018925,-0.00715423459248869,4.72876680295113e-05
0.654918242079887,-0.383839492902441,0.017935253700708,-0.510349338966207,-0.0146881994275083,-0.00694413940486584,-0.000523304893153075
0.665396345048228,-0.412954135113971,0.0180336648930095,-0.524358854860177,-0.014686777666483,-0.00668398265335337,-0.00111297859122207
0.676842205326354,-0.439887899008693,0.0182303920440473,-0.536738700452232,-0.0145189180732972,-0.00638113890276895,-0.00169905449928657
0.688441224365212,-0.464179508556176,0.0185344645868877,-0.547514532611273,-0.0141697360373643,-0.00604527848747578,-0.00225600281603379
0.699208673959192,-0.485419010834092,0.0189396671122156,-0.556720134907966,-0.0136445623446182,-0.00568715674805025,-0.00275703212096583
0.708146162564331,-0.50330378321437,0.0194232754665739,-0.564387929668811,-0.012970412218863,-0.00531682727006086,-0.00317636587537819
0.714398002610842,-0.517665512969563,0.0199498724074586,-0.570540381169634,-0.0121915844289503,-0.00494182013640674,-0.00349173037954492
0.717354477845725,-0.528461631508379,0.0204782451902606,-0.575183765851446,-0.0113610178221534,-0.00456595017842415,-0.00368645873722198
0.716678804677291,-0.535741554677671,0.0209681283475009,-0.578305032885596,-0.0105307287551103,-0.00418917288262368,-0.00375078048208607
0.712270694124754,-0.53960589057589,0.0213843749134671,-0.579871976335678,-0.00974436188475444,-0.00380845567678852,-0.00368217951801933
0.704198722860378,-0.540173331550764,0.0216980318019797,-0.579836639030717,-0.00903327111509089,-0.00341926890641882,-0.00348496519069076
0.692631582762475,-0.537561256871844,0.0218853015450555,-0.578141445508645,-0.00841591528567757,-0.00301718578768454,-0.00316931825680393
0.677784922999907,-0.531878741776987,0.021925807921514,-0.574726958248046,-0.00789947980064005,-0.0025991835542944,-0.00275007166241709
0.659887474403045,-0.523227333604405,0.021801175008267,-0.569539671208161,-0.0074825216507143,-0.00216443612203625,-0.0022454306180717
0.639162760264135,-0.511704899823074,0.0214942544558683,-0.562538228581792,-0.00715772782231962,-0.00171457407699829,-0.00167577082929932
0.615820687977935,-0.497409343406264,0.0209888304301942,-0.553696945218968,-0.00691426134254062,-0.00125350747353311,-0.00106259346431994
0.590054316095219,-0.480440706625754,0.0202694487521988,-0.543006297354772,-0.00673948866019976,-0.000786954077968105,-0.000427664553236779
0.562038988703591,-0.460901526662428,0.0193211031432282,-0.530470845876847,-0.00662009617025273,-0.000321809313257143,0.000207672373253336
0.531932664973649,-0.438896112970596,0.0181287313685321,-0.51610562246399,-0.00654272296761954,0.000134538474773002,0.000823046062179623
0.49987726740939,-0.414529740814785,0.0166766954714885,-0.499932257772236,-0.00649428463581094,0.000574878784958692,0.00139951469063654
0.466001251728283,-0.387908698410013,0.014948552340863,-0.481976065917363,-0.00646216051095218,0.00099279025057494,0.00191997118716143
0.430423534685714,-0.359141785852603,0.0129274206083557,-0.462264976038578,-0.00643438113908146,0.00138315495167527,0.00236952314564702
0.393258614823198,-0.328343344653612,0.0105971214904924,-0.440830694706497,-0.00639989646735533,0.00174253612548891,0.00273585319288058
0.354622236842013,-0.295637353189053,0.00794402720861983,-0.417711912282605,-0.00634894247009393,0.0020693814289613,0.00300954444293754
0.314636930172746,-0.2611615811433,0.00495936353336708,-0.392958754441211,-0.00627346178263636,0.00236401434462043,0.00318433693134754
0.273436263462333,-0.225070718187588,0.00164145114952363,-0.366637400347191,-0.00616749691042333,0.00262841138882363,0.00325727501400241
0.231167190268983,-0.187537398294352,-0.00200260637021801,-0.338833616771405,-0.00602746061156172,0.00286578706089985,0.00322870926048476
0.187990134232095,-0.148750591223499,-0.00595618946850021,-0.309654265591805,-0.00585220950763475,0.00308004825702408,0.00310213540744742
0.144077028577522,-0.10891151058196,-0.0101935328202009,-0.279226377461302,-0.00564289220514586,0.00327520352717508,0.00288387941062707
0.0996079530749558,-0.0682277559501713,-0.0146810706444753,-0.247693989616926,-0.00540259645025365,0.00345481701478765,0.00258266412126982
0.0547673669488268,-0.0269070508613971,-0.0193793688643117,-0.215213591162189,-0.00513586519676189,0.00362158178429259,0.00220911302808389
0.00974081168626786,0.0148482525637026,-0.0242451908470972,-0.181949196669003,-0.0048481705887453,0.00377705657413273,0.00177525075292315
-0.035287161843785,0.0568446717013908,-0.0292332492658047,-0.148068194660206,-0.0045454315933659,0.00392157831034082,0.00129405308530498
-0.0801334760276321,0.0988985770779293,-0.034297362543153,-0.113738731351387,-0.00423363484022479,0.00405433562321728,0.000779079463675067
-0.124615538029526,0.140834443254704,-0.0393909393692131,-0.0791290432432335,-0.00391858295041989,0.00417357536206902,0.000244197043310026
-0.168549702029286,0.182481270277994,-0.0444669756265911,-0.0444082320011286,-0.00360575670089127,0.00427691005734294,-0.00029662473429701
-0.211751751601564,0.223669723229555,-0.0494780611940612,-0.00974643926342342,-0.00330024198071657,0.00436169703793798,-0.000829504938900766
-0.254043311340291,0.264234079787069,-0.0543771010801958,0.0246890926770432,-0.00300665350230485,0.00442545479795495,-0.00134089900141302
-0.295262995990023,0.304018492036842,-0.0591188088894974,0.0587418057004811,-0.00272902855229437,0.00446625913298604,-0.00181788768264681
-0.335270959746673,0.34287725652057,-0.0636607532838236,0.092268585677201,-0.00247074031793345,0.00448305713040503,-0.00224835541493266
-0.373941637062883,0.380664193476249,-0.067963428041731,0.125132809521022,-0.00223443443296095,0.00447588840116686,-0.00262102508400843
-0.41115536273425,0.417221586968707,-0.0719906056739109,0.157196302542326,-0.00202189719516337,0.00444602716740523,-0.00292554085686465
-0.446797194182367,0.452377406622774,-0.0757108369823093,0.188317652672305,-0.0018338139237644,0.00439601607796591,-0.00315272038446771
-0.480760573598449,0.485949231501101,-0.0790995174110673,0.218355603926647,-0.00166948185924374,0.00432954448225909,-0.00329492336229814
-0.512951641956326,0.517751126884786,-0.0821406554704731,0.247174286029017,-0.00152656710860821,0.00425115150780257,-0.00334644682059552
-0.543292001424133,0.547601177195415,-0.0848277458934701,0.274648333911492,-0.00140097910899779,0.00416577315149819,-0.00330388006363405
-0.571719082902374,0.575328266542309,-0.0871634474237289,0.300666856975402,-0.00128690899795619,0.00407818734086814,-0.00316637142094966
-0.598183997996508,0.600777081526997,-0.0891580596844504,0.325135688911821,-0.00117704207489279,0.00399243545586162,-0.00293577615540319
-0.622647279517564,0.623810703782722,-0.0908270791219463,0.347977764814896,-0.00106291379926354,0.00391130697076705,-0.00261667489210262
-0.645073319403711,0.644310677008949,-0.0921883297197884,0.369131905100917,-0.000935344152575628,0.00383596330005237,-0.00221627235688679
-0.665424524613885,0.662174959799975,-0.0932592490107711,0.388550641374309,-0.000784867258413196,0.00376575163056493,-0.00174420204171773
-0.683656188643673,0.677314557821954,-0.0940548445716437,0.406197897515061,-0.000602077224291871,0.00369822835614966,-0.00121226977412863
-0.699712852942591,0.689649765712083,-0.0945866511691367,0.422047295228684,-0.000377835520389835,0.00362938430850897,-0.000634166940186989
-0.71352658638334,0.69910681441079,-0.0948627756337631,0.436081597946131,-0.000103322814537477,0.00355404651174312,-2.5174096152814e-05
-0.725017246303935,0.705615378847934,-0.0948888822437057,0.448293414085132,0.000230040080714179,0.00346642419118436,0.000598138773447988
-0.734094478234859,0.709106961342685,-0.094669795273419,0.458686844859423,0.000630739850308798,0.00336076559959769,0.00121822423788189
-0.74066100257427,0.709513745026125,-0.0942113020969979,0.46727938208693,0.00110729714523829,0.00323208963967402,0.00181690283557165
-0.744616641238935,0.706767215581449,-0.0935217351872024,0.474103137167547,0.00166826933920199,0.00307694582859495,0.00237576974215151
-0.745862559616064,0.700795758855486,-0.0926129894619048,0.479204496499741,0.00232203245102038,0.00289413562737594,0.0028766887113995
-0.744305359150912,0.691520614498415,-0.0915007818334771,0.482641613451609,0.00307627136362691,0.00268530171788418,0.00330238727526085
-0.739860980888658,0.678850027295776,-0.0902041624095377,0.484479763765014,0.00393715470008387,0.00245527042743935,0.00363714478751766
-0.732458872474877,0.662672162797703,-0.0887445035073626,0.484785404194349,0.00490823402889637,0.00221203125135269,0.00386753520697432
-0.722047457344211,0.642848244131491,-0.0871443640981169,0.483620550782209,0.00598917571202273,0.00196626927281638,0.00398315713086932
-0.708602424288015,0.61920823859392,-0.0854266849145082,0.481039506925811,0.00717449287872883,0.00173043425026437,0.00397726514204922
-0.692139407639705,0.591552023402491,-0.0836146653416437,0.477089728086113,0.0084524814805692,0.0015174219110851,0.00384721889195261
-0.67273190217644,0.559659005039902,-0.0817324145160821,0.471817612150373,0.00980457199931276,0.001339032842958,0.00359469281591567
-0.650533560826601,0.523308396796145,-0.0798061343096016,0.465278466298552,0.0112052878492107,0.00120443372583423,0.00322563302971408
-0.625801545797259,0.482310598168017,-0.0778653101876986,0.457548316622295,0.0126229537467732,0.0011188564953532,0.00274999343766702
-0.598915070890294,0.436547391216301,-0.0759432851111806,0.448734187252334,0.0140212156652132,0.00108273369202772,0.00218131401437988
-0.570381880284072,0.38601538303319,-0.0740767389868751,0.43897942732639,0.0153613074320789,0.00109139813241,0.00153621158175177
-0.540826394099719,0.330864238856353,-0.07230395986458,0.428461723135654,0.0166048313482421,0.0011353921722915,0.000833839225300347
-0.5109571454764,0.271420170890324,-0.0706622434161299,0.417383327709299,0.0177166513666889,0.00120135200642442,9.53447092969322e-05
-0.48151706853163,0.208187121407717,-0.0691851108016998,0.405955186768218,0.0186674026098944,0.00127336494285037,-0.000656668151817035
-0.453225877426741,0.141823261913618,-0.067900132462247,0.394378330135965,0.0194351732703779,0.00133464721906055,-0.00139869163963287
-0.426726513884795,0.0730973118454807,-0.0668279307837359,0.38282656296158,0.0200061292460363,0.00136935810744181,-0.0021069088262226
-0.40254594652795,0.00283502455833406,-0.0659824909420679,0.371433938944255,0.0203741570828685,0.00136435008167038,-0.00275786379081422
-0.381075222631922,-0.0681315838200286,-0.0653724217558503,0.360288985646652,0.0205398686205735,0.0013106497341706,-0.00332923302808392
-0.362567204645358,-0.139002045588996,-0.0650024780057287,0.349435755966546,0.0205094250860633,0.00120446942283716,-0.00380070107064624
-0.347145816284004,-0.209027870407371,-0.0648746123910626,0.338880134613577,0.020293557784744,0.00104757558092925,-0.00415490434251798
-0.334819574376899,-0.277517811459184,-0.0649880815667142,0.328598892130477,0.0199069378636617,0.000846904501189178,-0.00437835934735122
-0.325494455202975,-0.343834922075148,-0.0653385811858667,0.318548920786979,0.0193677920205155,0.000613431292592664,-0.00446225151276108
-0.318984952226978,-0.40739347375248,-0.0659168441764687,0.308674785349175,0.0186974947865872,0.000360448238301362,-0.00440295038855917
-0.315025293269656,-0.467661332837618,-0.0667074086403465,0.298913826587948,0.0179198625288417,0.000101549851007637,-0.00420214927091434
-0.313283710090579,-0.524168923949008,-0.0676882277972929,0.289199116975642,0.0170600198979669,-0.00015130417152154,-0.00386659840688011
-0.313381304901719,-0.576521735831177,-0.0688314744973331,0.279461210094518,0.0161429239490252,-0.000389306939065144,-0.00340748707494116
-0.314914566669894,-0.62441125201731,-0.0701054380169924,0.269629698742626,0.0151918072824335,-0.000607687074289747,-0.00283959901902499
-0.317478464671954,-0.667619693974642,-0.0714770190249423,0.259635220826009,0.0142268651887456,-0.000805908066280364,-0.00218039447907804
-0.320686281514712,-0.706016255757092,-0.0729141413060251,0.249412005705518,0.0132644536704645,-0.000987283145984972,-0.00144915632570184
-0.324183046412436,-0.73954524013119,-0.074387446612354,0.23890060252981,0.0123169301840883,-0.00115818631129167,-0.000666291084078969
-0.327651030293314,-0.768208575219538,-0.0758708595110791,0.228050215579594,0.0113931192196967,-0.00132704876023591,0.000147181519852556
-0.330807543858415,-0.792046159380325,-0.0773409068492768,0.216820090355209,0.0104992658429204,-0.00150328711639692,0.000969967679555411
-0.333396736166972,-0.811117477049751,-0.0787749743967716,0.205179576630063,0.00964026841230271,-0.00169624886712079,0.00178072062877195
-0.335178045612244,-0.825487330259963,-0.0801489400812291,0.193106760122099,0.00882095118567538,-0.00191421095499393,0.00255821759058345
-0.335914433130799,-0.835217665372488,-0.0814348183945681,0.180585845353863,0.00804713672113595,-0.00216344723793858,0.00328157324382658
-0.335363580432975,-0.840366484988376,-0.0825991578105254,0.167603747765983,0.00732630184186133,-0.00244739396622091,0.00393056481604637
-0.33327482530594,-0.840993712580576,-0.0836029046767354,0.154146571509895,0.00666765537151611,-0.00276598130146821,0.0044861244331241
-0.329393611155717,-0.837172597058412,-0.0844032240845901,0.140196761074554,0.00608157197255385,-0.00311524345017958,0.00493101793604702
-0.323473581931231,-0.829003926816758,-0.0849573229631758,0.125731668709922,0.00557845642568595,-0.00348734200979992,0.00525067582576849
-0.315294341184572,-0.81662931657308,-0.0852277141214868,0.110724051091193,0.00516727462225382,-0.00387110862003576,0.00543407938175804
-0.304680874878691,-0.800239632246386,-0.0851877747420162,0.0951446162615119,0.00485411950720974,-0.00425312170162336,0.0054745527774937
-0.291519534728447,-0.780075605617034,-0.0848261490020138,0.0789662678051503,0.00464121721753218,-0.00461919641704846,0.00537029574022117
-0.275765973627538,-0.756419780590648,-0.0841487275953877,0.0621692603249404,0.00452667961192097,-0.00495603764576323,0.00512452876879884
-0.257442569491142,-0.729581457213422,-0.0831776082065253,0.0447462174278087,0.00450509295899975,-0.00525274341852118,0.00474520922426563
-0.236625912247777,-0.699878267595637,-0.0819473506347264,0.026705958621711,0.00456877973048492,-0.00550188529972903,0.00424438099629403
-0.213427652453693,-0.667618671115011,-0.0804996114647193,0.00807534153444829,0.00470938273984631,-0.0057000172036586,0.00363730206265844
-0.187973414837815,-0.633088868064435,-0.0788775837802895,-0.0111012421906382,0.00491936331867758,-0.00584761887800307,0.00294152451528177
-0.160384282062234,-0.596545938492424,-0.0771215171131188,-0.0307646064205757,0.00519307628740333,-0.00594860209514015,0.00217607850026036
-0.130763981594766,-0.558217218564196,-0.0752661058886692,-0.0508452404423915,0.00552723069431967,-0.00600956034663404,0.00136085474093915
-0.0991930777969338,-0.5183046238995,-0.0733399471229634,-0.071268765439079,0.00592070174739693,-0.00603892731068664,0.000516215188701681
-0.0657298063173589,-0.476992060197086,-0.0713667684558908,-0.0919615352655402,0.0063737827253632,-0.00604615108094507,-0.000337193629074439
-0.0304159789131453,-0.434454117437365,-0.0693677987708832,-0.112855533992488,0.00688704409016214,-0.00604092248374267,-0.00117848813960355
0.00671436341928121,-0.39086466246086,-0.0673644938714273,-0.13389176604754,0.00746001042162444,-0.0060324430469735,-0.0019865424361746
0.0456262725601194,-0.346404481114845,-0.0653808064561461,-0.155021422509448,0.00808988871208755,-0.00602869722178761,-0.00274002697723185
0.0862780176120023,-0.30126763340466,-0.0634442858059538,-0.176204291294987,0.00877058867467156,-0.00603571016259025,-0.00341758671486558
0.128620564096562,-0.255666602578314,-0.0615855204632087,-0.197404260951042,0.00949225576941606,-0.00605682254269881,-0.00399823751537083
0.172604084267483,-0.20983664231475,-0.0598358188110902,-0.21858240682652,0.0102414667005047,-0.00609208158630267,-0.00446202226952661
0.218191470694099,-0.164039958557183,-0.0582235393353771,-0.239688971034945,0.0110020945929063,-0.00613790411637912,-0.00479090760516609
0.265376346769922,-0.118570426100986,-0.0567700223401483,-0.260656299199694,0.0117566446377643,-0.00618717735122438,-0.00496982783850946
0.314200303894753,-0.0737593209317792,-0.0554864300505181,-0.281395068081455,0.012487645867619,-0.00622989993993476,-0.00498771784793373
0.364762008184485,-0.0299818814145712,-0.0543727463861182,-0.301795601574742,0.0131785588073024,-0.00625433352369713,-0.00483835231488203
0.41721045886037,0.012336688754956,-0.0534196242613908,-0.321734731778636,0.0138137193658639,-0.0062484796964077,-0.00452084703186313
0.471716640335773,0.0527187752647413,-0.0526128407653306,-0.341086955718695,0.0143771216469865,-0.00620158970212079,-0.00403977309308236
0.528421960468809,0.0906401016785719,-0.0519391789554042,-0.35973725132401,0.014850283981811,-0.0061054108704226,-0.00340495094502435
0.587367529568898,0.125549253852052,-0.0513919751934156,-0.377592380027975,0.0152099044759463,-0.00595497916106079,-0.00263107998036315
0.648414697039386,0.156905800054283,-0.0509745609269081,-0.394587933178112,0.015426338909909,-0.00574892909740194,-0.00173738543252217
0.711173423502691,0.18423824233973,-0.0507003693816528,-0.410689535507148,0.0154639990656836,-0.00548943187599532,-0.000747419963439073
0.774959416509486,0.207216030018174,-0.0505894140545579,-0.42588814638076,0.0152844863053956,-0.00518192423325373,0.000310942644679466
0.838800538410605,0.225720507320466,-0.0506619836356374,-0.440190946268126,0.0148526013299855,-0.00483473036028808,0.00140541450529634
0.901504269082446,0.239891851569012,-0.0509314949743584,-0.453610419954013,0.0141443683912223,-0.00445853425270324,0.00249932401965787
0.961779876592934,0.250129043289739,-0.0513991146780037,-0.466154359028262,0.01315514766501,-0.00406551108137199,0.00355208190582861
1.01838656983765,0.257032596539056,-0.0520524863821768,-0.477818218887996,0.0119052756859473,-0.00366789150928712,0.00452039553282757
1.0702640502654,0.26130288301064,-0.0528693677120147,-0.488579084625285,0.0104409799622009,-0.00327591080483997,0.00536041757943543
1.11660628864092,0.263628504858786,-0.0538245807609615,-0.498389027642123,0.008829683379796,-0.00289547020471115,0.00603076807076416
1.15686425346121,0.264604287627673,-0.0548966771597034,-0.507166525926093,0.00715072606942718,-0.00252622595228064,0.00649606854971596
1.1906952226524,0.26470148844882,-0.056070582790951,-0.514787841702159,0.00548406271739536,-0.00216094141512436,0.00673037728802393
1.21789578911687,0.264284232824117,-0.05733469164807,-0.521083480517076,0.00389993460738676,-0.00178661413405677,0.00671981375907183
1.23835237076344,0.263645031488384,-0.0586742357868683,-0.525845132390988,0.00245181773387502,-0.00138722263196888,0.00646377218726339
1.2520228904402,0.263030768186761,-0.0600650962272585,-0.528844825399567,0.00117361620815356,-0.000947278284912781,0.00597444964897587
1.25894194650669,0.262645752912872,-0.0614719946765578,-0.529862447396549,8.07377815723233e-05,-0.00045508890903754,0.00527486270912392
1.25923168533145,0.26263688156899,-0.0628524794440831,-0.528713814360078,-0.000826207968605795,9.51213641046565e-05,0.00439592036795677
1.25310344234642,0.263075775111722,-0.064165039354701,-0.525271320674805,-0.00155665450979666,0.000702521341438052,0.00337328863424702
1.24084448754768,0.263951328857348,-0.0653778319879288,-0.519472455559735,-0.00212562708378302,0.0013601425755977,0.0022446756213329
1.22279242640187,0.265178421027978,-0.066474526804794,-0.511315838764939,-0.00255045847304989,0.00205596654227872,0.00104788536099725
1.19930357484542,0.26662101520318,-0.0674550923365573,-0.500847741686775,-0.00284898862147391,0.00277413629265558,-0.000180310087815327
1.17072164990956,0.268123826341338,-0.0683310651661954,-0.488143468858609,-0.00303913697159429,0.00349604852685016,-0.00140464015354041
1.1373516400162,0.269545936013374,-0.0691163048320721,-0.473287883296476,-0.00313947691328666,0.00420135836183755,-0.00259140404612481
1.09944240217742,0.270790566376143,-0.0698153105759193,-0.456358628330496,-0.00317031526675571,0.00486910871960809,-0.00370841066664435
1.05718079127814,0.271826264006134,-0.07041192899302,-0.437414844396362,-0.00315472951649741,0.00547922304056561,-0.00472503638369852
1.01069943885321,0.272695612347871,-0.0708617081750543,-0.416493509645599,-0.00311901748642009,0.00601446926641958,-0.00561259815235245
0.96009879603513,0.273508761210081,-0.0710910039225275,-0.393614643467887,-0.003092096495675,0.00646274969024795,-0.00634516466464399
0.90548114712885,0.274421307262644,-0.0710048159857286,-0.368795096583455,-0.00310360983552276,0.00681927477227724,-0.00690081106710844
0.846990284309761,0.275599698391485,-0.0705030198372004,-0.342068415000523,-0.00318088507643305,0.00708796739837145,-0.00726315908519397
0.784846908250572,0.277181574210297,-0.0695015964038096,-0.313505854278662,-0.00334536528855419,0.00728146259734043,-0.00742287051540986
0.719368890566887,0.27924134600371,-0.0679528963546687,-0.28323222463152,-0.00360949834484127,0.00741939420334554,-0.00737866011253974
0.650968997108899,0.281770759193743,-0.065858456766961,-0.25143108385939,-0.00397508267052627,0.0075252107562955,-0.00713745057228593
0.580129919639328,0.284679577622618,-0.0632701656323928,-0.218337095102748,-0.0044336364013009,0.00762228799849045,-0.00671352508772289
0.507364283878271,0.287814721384265,-0.0602797677884299,-0.184217819795924,-0.00496865416977099,0.00773032710835188,-0.00612684895604041
0.433171706942231,0.290990470976523,-0.0570007136897447,-0.149350592043386,-0.0055589975996938,0.00786283718973023,-0.00540097576177061
0.358004080538013,0.294020209996316,-0.0535482748753942,-0.114000839161057,-0.00618242281186917,0.00802603300710618,-0.00456101618066407
0.282245275728204,0.296741806091657,-0.0500232160666494,-0.0784063284528189,-0.00681842063982797,0.00821899985999084,-0.00363203256224153
0.20620556075289,0.299032321102389,-0.04650208934157,-0.042768760311533,-0.00744994746082705,0.00843469520150246,-0.00263802249588027
0.130126785280413,0.300811527143356,-0.0430347123230258,-0.00725154852624402,-0.00806402421843144,0.00866131226721658,-0.00160147577998563
0.0541937320945383,0.302035837656209,-0.0396477489881557,0.0280183618871402,-0.0086514272073331,0.00888365981040851,-0.000543389306111234
-0.0214515288171293,0.302685520042347,-0.0363524796459757,0.0629464096678347,-0.00920578444798611,0.0090843880680617,0.000516395234745937
-0.0966934683863352,0.302748159180239,-0.0331547535374138,0.0974650014868687,-0.00972237941220009,0.00924505806409523,0.00155865635728088
-0.171426005625494,0.302201209193408,-0.0300652426070086,0.13152737052383,-0.0101969228473818,0.00934716969737744,0.00256419224730124
-0.245536045082556,0.300996359585649,-0.027108249779404,0.165101219620459,-0.010624514301122,0.00937331289819277,0.0035133031130138
-0.318888967591712,0.299048430423373,-0.0243274471415036,0.198162107102419,-0.0109989785213821,0.00930857245243324,0.00438550517971451
-0.391317132524617,0.296231734239346,-0.0217870344027036,0.230686069660417,-0.0113127347203202,0.00914220008520893,0.00515960235290196
-0.462612267169906,0.29238654675319,-0.0195672284285897,0.262640951025185,-0.0115573027501913,0.00886939556947063,0.00581420429475213
-0.532523029357116,0.287337081883333,-0.0177539313252774,0.293976678423697,-0.011724446921766,0.00849284933817628,0.00632871617050264
-0.600759079375926,0.280919705988617,-0.0164239806067352,0.324615895344041,-0.0118077882584607,0.00802356578836765,0.00668472438419143
-0.667002164801008,0.27301647826313,-0.0156291839479419,0.354447369351252,-0.0118045183759856,0.00748050041796094,0.00686757551519519
-0.73092302461962,0.263585862840107,-0.0153835503384441,0.383324809775218,-0.0117167132371896,0.00688876790600609,0.00686783910890439
-0.792201029214405,0.252681550650439,-0.0156578386587357,0.411072743879934,-0.0115517734508567,0.00627657842285497,0.0066823223695125
-0.850542397461854,0.240452999241241,-0.0163834451032475,0.437499101625552,-0.0113217466891829,0.00567148199999945,0.00631440389939603
-0.905693317089502,0.227126923166563,-0.0174644872374189,0.462412020071694,-0.0110416405673692,0.0050967407691015,0.00577364789951935
-0.957446209512093,0.21297510834119,-0.0187942027819592,0.485637150004525,-0.0107271520263052,0.00456858291822346,0.0050748641094596
-1.00563975528668,0.1982778394261,-0.0202707401602932,0.50703195117728,-0.0103923813649273,0.00409476569629896,0.00423690183303332
-1.05015501579607,0.183292623064727,-0.0218083322289102,0.526494790395817,-0.0100480307011032,0.00367446428286707,0.00328147119294108
-1.0909104164855,0.168235445505126,-0.0233419603612726,0.543968256403133,-0.00970038204408657,0.00329919404694736,0.00223219870682676
-1.12785760151036,0.153278273599623,-0.0248258387547434,0.559437210206526,-0.00935112577940562,0.00295435797836199,0.00111400521566805
-1.16097875931569,0.138563395435818,-0.026227616303508,0.572922399329401,-0.0089979543369752,0.00262107234648955,-4.72107789448764e-05
-1.19028454394616,0.124232973843131,-0.0275209035022248,0.584470181644255,-0.00863577927291914,0.00227808196420656,-0.00122467317262319
-1.2158106007948,0.110470294034938,-0.028678762675166,0.594138534664063,-0.00825845707392429,0.00190374084629591,-0.00239074019470322
-1.23761016161602,0.0975465115670757,-0.0296704023205904,0.601979644291643,-0.00786097677793719,0.00147813101636293,-0.00351696801508002
-1.25574030060807,0.0858622748874673,-0.0304626025412561,0.608020406235265,-0.0074421078671778,0.000985374229756422,-0.00457434517582253
-1.27024034805795,0.0759675218491413,-0.031026306337653,0.612244140897953,-0.00700743779176832,0.000416045863846038,-0.00553375715959255
-1.2811029226851,0.0685374719204889,-0.0313472415318306,0.614578945118455,-0.00657242629959796,-0.000230630881481069,-0.00636665042365279
-1.28824161767534,0.0642840915850618,-0.0314375105819431,0.614898699075767,-0.006164499925708,-0.000945338906650196,-0.00704579754407182
-1.29146489008186,0.0637979044229146,-0.0313434014162929,0.613039962923091,-0.00582249514993437,-0.00170853702694029,-0.00754611232015455
-1.29047151862416,0.0673486156743353,-0.0311443584522121,0.608831714478144,-0.00559161130936473,-0.0024920126610848,-0.00784566628512116
-1.2848835442813,0.0747135619547752,-0.0309402964473335,0.6021283876519,-0.00551340542845449,-0.00326212153462987,-0.00792725102622148
-1.27432076044076,0.0851206293120439,-0.0308293663262312,0.592835159776605,-0.00561338391070061,-0.00398433974214773,-0.00778066130936453
-1.25849741800216,0.0973575388046395,-0.030883797369117,0.580919764201357,-0.00589157844973584,-0.00462839672883005,-0.00740520737880592
-1.23730262457952,0.110019657919254,-0.0311337301938675,0.566412633642421,-0.00632123366403576,-0.00517291119267063,-0.00681130159799244
-1.21082998475932,0.121797327986523,-0.0315655658297034,0.549400443019248,-0.00685663608975765,-0.00560832506189613,-0.00602007583357126
-1.17934913483905,0.131694378822867,-0.0321341695909623,0.530016220288754,-0.00744617480108629,-0.00593735556280506,-0.00506095350791792
-1.14324025818931,0.139121467512065,-0.0327822490849318,0.508426628728015,-0.00804475048444968,-0.00617309261534824,-0.00396811849554218
-1.102922700018,0.143873629893932,-0.0334588120066594,0.484817065984613,-0.00862139963478131,-0.00633568651692041,-0.00277712402867351
-1.05880015518772,0.146038546191939,-0.0341312034980893,0.45937682562392,-0.00916121684279092,-0.00644880335017626,-0.00152247187273315
-1.01123010159013,0.145883536632859,-0.0347889713568364,0.432287289262557,-0.00966296185790535,-0.00653669221905222,-0.000236373378040013
-0.960514589474274,0.143752155289978,-0.0354405140953688,0.403715227299652,-0.0101344167618247,-0.00662216891560001,0.0010515177552052
-0.906905701709454,0.139983072304127,-0.0361046376087342,0.373811683045021,-0.010587174657797,-0.00672539039578256,0.0023137577535228
-0.850619629773461,0.134852749410494,-0.0367993429747723,0.342715634398156,-0.0110318766026329,-0.00686308588972648,0.00352448555889797
-0.791855320872146,0.12853947741817,-0.0375301010528847,0.310561015311602,-0.0114744192164992,-0.00704789539495017,0.00465878293951171
-0.730815123437295,0.121106861197248,-0.0382799267799409,0.277485484883391,-0.0119134341466436,-0.00728758021914616,0.00569223718696802
-0.667725137403269,0.11250677685686,-0.0390037154093393,0.243639166434338,-0.0123393011021136,-0.00758406314765534,0.00660089521808885
-0.602852248906904,0.102602754884589,-0.039629167741589,0.2091912524476,-0.0127349358366891,-0.00793248817175369,0.00736176710935358
-0.536513906535491,0.0912130258762202,-0.0400656865265214,0.174332112222346,-0.0130784307962567,-0.00832070247972344,0.007953954533542
-0.469076758538108,0.0781677259272009,-0.0402205631996065,0.139268940689679,-0.0133472294232026,-0.00872965744361319,0.00836031124650904
-0.400942266396461,0.0633685790165339,-0.0400189684759287,0.104214567725649,-0.01352295803195,-0.00913508980732479,0.00856931194065124
-0.332521270111369,0.0468352800548252,-0.0394219653266508,0.0693716291294981,-0.0135955930792628,-0.00951044694285092,0.00857661429604083
-0.264203555211596,0.0287244673140506,-0.0384365562673596,0.0349166417351819,-0.0135656522351326,-0.00983049903594243,0.00838578390665165
-0.196330342662657,0.00931536773523144,-0.0371143307341249,0.000988971793928446,-0.0134437054769176,-0.0100747172243463,0.00800787580233867
-0.129175765650857,-0.0110324484223097,-0.0355395534019548,-0.0323124092862127,-0.0132474752590489,-0.0102295270282527,0.00745993918945971
-0.062939648107481,-0.0319352240276474,-0.0338112185010638,-0.0649247394098693,-0.0129975985736194,-0.0102889678673492,0.00676284516558304
0.00224898740369885,-0.0530385302061548,-0.0320249848037529,-0.0968122709307537,-0.0127134027719176,-0.010253864575747,0.00593899536288311
0.0663186240231361,-0.0740553838178913,-0.0302596885075823,-0.127954392216567,-0.0124097454331881,-0.0101300642504746,0.00501043642334821
0.129234094508859,-0.0947838664281345,-0.0285704418723139,-0.158332931190558,-0.0120953646969976,-0.0099264458411839,0.00399771478797526
0.190972821883188,-0.115107103478576,-0.0269877270363975,-0.187921175043564,-0.0117726253047196,-0.00965326228833909,0.00291951652232532
0.251505661423687,-0.134982683853223,-0.0255205500668752,-0.216677554007152,-0.0114382650988251,-0.00932106953838844,0.0017928914506489
0.310786926897406,-0.154427925010236,-0.0241617141179003,-0.244545590240434,-0.0110847550043253,-0.00894023374251381,0.000633791784913498
0.368753717796176,-0.173504421147122,-0.0228938733757096,-0.271459724057762,-0.0107020255954621,-0.00852087810797622,-0.000542269283508258
0.425332086950348,-0.192302952642381,-0.0216955865643455,-0.297355581304969,-0.0102794406887392,-0.00807310057441874,-0.00171953583763095
0.480447147547873,-0.210928435999305,-0.0205469200908882,-0.322183036271453,-0.00980797080410631,-0.00760727158453107,-0.00288135589695073
0.534034533755446,-0.229484376826818,-0.0194342641860591,-0.345920362995605,-0.00928251170298563,-0.00713423048109355,-0.00400959961543707
0.586050749255316,-0.248056216921822,-0.018354015254168,-0.368587270353653,-0.00870422739117357,-0.00666518676142374,-0.00508421944763562
0.6364798488826,-0.266693579171628,-0.0173146810227814,-0.390253840216649,-0.00808265780623115,-0.00621116236286801,-0.0060830577746823
0.685333874800872,-0.285392517315797,-0.0163368807766117,-0.411041698228409,-0.00743715363702793,-0.00578188829806299,-0.00698204093602858
0.732645011378277,-0.304080442628429,-0.0154507717069119,-0.431113873140118,-0.00679705231240372,-0.00538421993016636,-0.00775590417557072
0.778448953934413,-0.322607927380013,-0.0146907840055789,-0.450651522163266,-0.00620001140886429,-0.00502035261068809,-0.00837953741346059
0.822761575793534,-0.340752117280839,-0.0140882625266576,-0.469819370494881,-0.00568820155500253,-0.00468634154797696,-0.00882990379549477
0.865553983745576,-0.358234910411105,-0.0136635436743088,-0.488726569040764,-0.00530267481261871,-0.00437153511299228,-0.00908827788549083
0.906733076965806,-0.374754948630906,-0.013419705484728,-0.507393552062934,-0.00507700313674531,-0.00405939043658245,-0.00914235556742422
0.946134281623896,-0.390026994044971,-0.0133401552496836,-0.525735703494886,-0.00503184010892045,-0.0037297244389652,-0.00898772006495771
0.983529784566229,-0.403818185442793,-0.0133910940866879,-0.543569997193318,-0.00517199206115195,-0.00336191351615257,-0.00862828713812666
1.01865061913866,-0.415970766940619,-0.0135281059080796,-0.560642991305407,-0.00548679174887073,-0.00293817116879063,-0.0080756605846411
1.05121671387299,-0.426405791375142,-0.0137045759550529,-0.576671551287335,-0.00595341059954472,-0.00244602610286804,-0.00734765784912289
1.08096732352026,-0.435109703379974,-0.0138791824805955,-0.591384815585528,-0.00654182903818639,-0.00187948720184358,-0.00646645606467398
1.10768532709877,-0.442111742301288,-0.0140204807313543,-0.604557757334986,-0.00721992665241341,-0.00123889429940206,-0.00545680197556942
1.13121157255034,-0.447461903700421,-0.0141080519783719,-0.616031188310366,-0.00795753061027226,-0.00052985171155073,-0.00434458340916996
1.1514483299875,-0.451216557884773,-0.0141310174737418,-0.625717527992728,-0.00872891278663594,0.000238211857480684,-0.0031558808633228
1.16835301144291,-0.453433972563412,-0.0140853892058482,-0.633594525704641,-0.00951377379589112,0.00105339351365858,-0.00191648023790337
1.18192434088669,-0.454177772696211,-0.0139716898672262,-0.63969019089226,-0.0102970268435894,0.00190231019290071,-0.00065175107537594
1.19218337569511,-0.453524365791686,-0.0137937863534454,-0.644062079699298,-0.0110677452963075,0.00277068002282952,0.000613235712898295
1.19915173084088,-0.451570353676598,-0.0135592519285104,-0.646773588546866,-0.011817596950522,0.00364359801268555,0.00185348181944011
1.2028295365508,-0.44843685870083,-0.0132809881715633,-0.647869613422095,-0.0125390517462454,0.00450571039015076,0.00304385340470725
1.20317626144105,-0.444268685203569,-0.012979367064691,-0.647354135760048,-0.0132236501356912,0.00534152059609083,0.00415900978969704
1.20009834223389,-0.439227156114809,-0.0126838335843965,-0.645172937709018,-0.0138606454838948,0.00613602031057029,0.00517357970813922
1.19344799375227,-0.433476568779817,-0.0124328164227796,-0.641205325445077,-0.014436351301077,0.00687573213126957,0.00606268049296619
1.18303683931471,-0.427165742704825,-0.01227104512265,-0.635268752028892,-0.0149344826579948,0.00755008744423779,0.00680283979343594
1.1686654352196,-0.420407967927009,-0.0122440464629869,-0.627138801172553,-0.015337629204672,0.00815287737476663,0.00737330803221897
1.15016533772424,-0.413264200613258,-0.0123906133632071,-0.616583689349785,-0.0156297158577311,0.00868337047343737,0.00775763782434587
1.1274451991896,-0.405734661757103,-0.0127350786769311,-0.603407749194673,-0.0157989529562972,0.00914666851461159,0.00794527500722686
1.10052876204838,-0.397762344119824,-0.0132817680419934,-0.587493977711177,-0.0158404950660777,0.0095530261330522,0.00793280839625003
1.06957301250254,-0.389248470504923,-0.0140136171421387,-0.56883408705741,-0.0157579912138557,0.00991616664906027,0.00772452909634366
1.03486008473372,-0.380075984235358,-0.0148956189517829,-0.54753725999697,-0.0155635049663305,0.0102509641981384,0.00733209094834715
0.996764938663802,-0.370134573361659,-0.0158820741293308,-0.52381541406964,-0.0152758139609476,0.0105710679782517,0.00677330472463097
0.955708473154064,-0.359340774826005,-0.0169253730586581,-0.497950290852868,-0.0149176189443871,0.0108870169454468,0.00607033735660557
0.912109081698833,-0.347649127384453,-0.0179837897881852,-0.470252604271472,-0.0145124624011846,0.0112051635027,0.00524771735591911
0.866343829660326,-0.335053683735902,-0.0190264696066247,-0.441023995399827,-0.014082095846074,0.0115274276204703,0.00433052704447575
0.818725314286876,-0.321581868118769,-0.0200349354129126,-0.41052938498187,-0.0136447436133743,0.0118516795204716,0.00334303082435028
0.769494794434652,-0.307283882533573,-0.0210014592736444,-0.378982753230407,-0.0132143691296683,0.0121724658767451,0.00230782618287498
0.718828443688538,-0.29222075555421,-0.0219252370740845,-0.346545520211923,-0.0128007956907135,0.0124818331162194,0.00124547570772015
0.666852146600841,-0.276453309904156,-0.0228074621111302,-0.313334535413912,-0.0124104142176833,0.0127701010987991,0.000174509155360104
0.61366053962825,-0.260033404489861,-0.0236462841669201,-0.279436109422976,-0.0120471998864185,0.0130265434606311,-0.000888333603477771
0.559337113463886,-0.242998092254988,-0.0244324436042507,-0.244922901172549,-0.0117138068376566,0.0132400081305543,-0.00192773743551598
0.503973101994653,-0.225366991292496,-0.0251462043820681,-0.209871103469205,-0.0114125678186939,0.0133995393278462,-0.00292942145849594
0.447683743876667,-0.207142908024588,-0.0257560847513673,-0.174375916196866,-0.0111462772873318,0.0134950718561592,-0.00387980204762671
0.390620494713386,-0.188315651763149,-0.0262197708570532,-0.138563497605641,-0.0109186678716317,0.0135182272107644,-0.00476577080408153
0.332977804387013,-0.168868740551811,-0.0264874098329994,-0.102597707625191,-0.0107345195245636,0.0134631896656799,-0.00557463286214979
0.274993174056405,-0.14878835100547,-0.0265071574275878,-0.0666802260489626,-0.0105993767940428,0.0133275737212507,-0.00629422849099847
0.216939852991894,-0.128073446463153,-0.0262324029671757,-0.0310433607434365,-0.010518903160177,0.0131131372059204,-0.00691323041419493
0.159112763453978,-0.106745658061049,-0.0256296120733209,0.00406390092158628,-0.0104979691764783,0.0128261701604428,-0.00742157531103239
0.101809576002963,-0.0848572860588517,-0.0246853861315514,0.0383946722990198,-0.0105396366734716,0.0124774147211717,-0.00781096124154304
0.0453097551717842,-0.0624958197578302,-0.0234112920117288,0.0717248267836291,-0.0106442426472782,0.012081443659507,-0.00807532923613993
-0.0101453124985991,-0.0397837491443769,-0.0218453303915458,0.103872153526082,-0.0108087861713382,0.011655527176826,-0.008211245894503
-0.064368149513965,-0.0168732311420722,-0.0200495440708419,0.134710801107152,-0.0110267722029459,0.0112181244857342,-0.00821811370750292
-0.117234527057601,0.00606371756331581,-0.0181040836936745,0.164178550892306,-0.0112885736629333,0.0107872219537168,-0.00809816062149627
-0.168684867249001,0.0288478468577141,-0.0160988051732048,0.192275778997488,-0.0115822580331246,0.010378774697943,-0.00785620210999199
-0.218717616009063,0.0513056923826271,-0.0141239990183857,0.219056575573991,-0.0118947281700587,0.0100054822252643,-0.00749921566804476
-0.2673761687786,0.0732808778756363,-0.0122618586143736,0.244614059666559,-0.0122129691160753,0.00967603917252178,-0.00703580568202699
-0.314731932010074,0.094642108937971,-0.01057995515915,0.269062781072428,-0.0125252005536298,0.00939489119976808,-0.0064756476361525
-0.360866486209899,0.115287258288303,-0.00912736896010109,0.292521186446859,-0.0128217857082144,0.00916242428871515,-0.00582898839628096
-0.40585542883489,0.135143799601486,-0.00793350174629109,0.315096524485076,-0.0130958211847074,0.0089754528618201,-0.00510625157639519
-0.449755649680675,0.15416642665916,-0.00700912139672376,0.336873631897677,-0.0133434011103075,0.00882785431149445,-0.00431776719693938
-0.492596866477689,0.172332939289227,-0.00634894058767565,0.357908116650481,-0.0135635972724701,0.00871121576299641,-0.00347362176543322
-0.534377483558455,0.189639452337241,-0.0059349888411647,0.37822375636861,-0.0137582204234519,0.00861539749250682,-0.00258361157191084
-0.575064317577845,0.206095780363024,-0.00574014290053298,0.397813514761964,-0.0139314303828265,0.0085289620574329,-0.00165727745179496
-0.614595479712205,0.221721572439713,-0.00573136238518402,0.416643424567744,-0.0140892516867578,0.00843945923833716,-0.000704000100726281
-0.6528856517531,0.236543483915251,-0.00587237864000045,0.434658610632095,-0.0142390349936925,0.00833359003842424,0.00026686204323307
-0.689833056358637,0.250593408308793,-0.0061257661210129,0.45179083824836,-0.0143888883885632,0.00819729757340063,0.00124580746488139
-0.725327532204612,0.263907570289275,-0.00645446652951205,0.467967095500139,-0.014547091401013,0.00801584968675405,0.00222301257959452
-0.759259220529122,0.276526102074574,-0.00682292764257519,0.483118793340506,-0.0147215004828963,0.00777398847716298,0.0031881536140578
-0.791527398925998,0.288492588977064,-0.00719805948101758,0.497191149352634,-0.0149189589428184,0.00745622528848951,0.00413024649874877
-0.822048945169236,0.299852986126388,-0.00755020121971556,0.510152196231757,-0.0151447366043181,0.00704735375329598,0.00503752623689916
-0.850765777573585,0.310653296219323,-0.00785423574098815,0.522000633725409,-0.0154020425999265,0.00653323396009492,0.00589739248167176
-0.877650431407503,0.320935488215173,-0.00809089029582276,0.532771472252715,-0.0156916741890089,0.00590186268407224,0.00669645282056495
-0.902708772311854,0.330731367059663,-0.00824813295182943,0.542538198511923,-0.0160118779450667,0.00514468444322606,0.00742069730768576
-0.925978830998935,0.340054498437082,-0.00832243736951781,0.551410174152044,-0.0163584973657051,0.00425801815375345,0.00805583368870783
-0.947525001493293,0.348890835389189,-0.00831957784783323,0.55952432461447,-0.0167254531006006,0.00324438678283283,0.00858779870644061
-0.967427474378326,0.357189302534658,-0.00825457671548568,0.567031005234452,-0.0171055432000272,0.00211346792322567,0.00900343422699
-0.985767756806136,0.3648541062131,-0.00815049749518753,0.574075215312828,-0.0174914660720283,0.00088236659250583,0.0092912788980317
-1.00261226248331,0.371740749115705,-0.0080359746369009,0.580775802126988,-0.0178768780103197,-0.00042502025454082,0.00944238438190176
-1.01799685374159,0.377657473473559,-0.00794166130695377,0.58720645474207,-0.0182572328412712,-0.00177961566230933,0.00945103395923385
-1.03191544911081,0.382373137956885,-0.00789607597666672,0.593382562207146,-0.0186301479055201,-0.0031495931421433,0.00931523640424502
-1.04431511605603,0.385631576929479,-0.007921526573237,0.599257060233261,-0.0189951175455117,-0.00450324750803761,0.009036898803175
-1.05509857193572,0.387171673441123,-0.00803080673764796,0.604726362889409,-0.0193525435919708,-0.00581179592926219,0.00862164362169421
-1.06413323292204,0.386752001278278,-0.00822518987487018,0.609645026394289,-0.0197022359398419,-0.00705160975604543,0.00807830874372193
-1.07126455685449,0.384178925629677,-0.00849397642873946,0.613845784438216,-0.0200417072419698,-0.00820552825206617,0.00741822997917505
-1.07633091057756,0.379337034221507,-0.00881559811260242,0.617160667780993,-0.0203647015527999,-0.00926313911525703,0.00665443646882881
-1.07917761165751,0.37222000784957,-0.00916012987037656,0.619439214267788,-0.0206604255647506,-0.010220148954128,0.00580088770283337
-1.07966876851954,0.362958105519168,-0.0094929941539142,0.620560968348552,-0.0209138649651965,-0.0110771448012661,0.00487185557337367
-1.077696469316,0.351835781826321,-0.00977956981575659,0.620441043165879,-0.0211073439190606,-0.0118381309904527,0.00388151792258462
-1.07318724308558,0.339291187303832,-0.0099902440029005,0.619029015116493,-0.0212231319349596,-0.0125092067671001,0.00284378880170347
-1.06610543094169,0.325890645576661,-0.0101051746931229,0.616302550114003,-0.0212465078103711,-0.0130976396901958,0.00177236768276827
-1.05645257586012,0.312276881140428,-0.0101178152679108,0.612257779331529,-0.0211684327714017,-0.0136114182177525,0.000680948614450137
-1.0442618758207,0.299098322952587,-0.0100363057069753,0.606898521078801,-0.0209870469108196,-0.0140591867806214,-0.000416499859512192
-1.02958760700201,0.286934101247518,-0.00988225410787907,0.600226089801226,-0.0207076207325942,-0.0144503423337146,-0.00150548040365974
-1.01249097972794,0.276231180392939,-0.00968707421622891,0.592230890391205,-0.0203411774148548,-0.0147950460606751,-0.00257081478861512
-0.993025337485338,0.267265405337209,-0.0094866114755075,0.58288655884609,-0.019902442470839,-0.0151039722395369,-0.0035966343292804
-0.971224194169547,0.260130034502407,-0.0093150578067367,0.572147241172575,-0.0194078675043282,-0.0153877309357726,-0.00456652009530812
-0.947095126658937,0.254748057928041,-0.00919912328622028,0.559948623393508,-0.018874235750731,-0.015656009573752,-0.00546378455974696
-0.920621310109559,0.250901049694657,-0.00915326378150951,0.546213273760614,-0.0183179797183814,-0.0159165544012101,-0.00627188823340703
-0.891770933878356,0.248267403097144,-0.00917660745295183,0.530860461984439,-0.0177550265099692,-0.0161741583707461,-0.0069749912984347
-0.860513143998527,0.246464666148487,-0.00925209937882473,0.513819771514531,-0.0172008392035744,-0.0164298465085216,-0.00755863519262025
-0.826837683274391,0.245092390628042,-0.00934819694823489,0.495046668364475,-0.0166703452020762,-0.0166804514742286,-0.00801052302265602
-0.790774272177786,0.243772496509787,-0.0094230938396923,0.474537129620452,-0.0161775793791949,-0.0169187354469506,-0.00832132393012036
-0.752407366091078,0.242183849431743,-0.0094309237006,0.452337980883415,-0.0157350488826399,-0.0171341257541352,-0.00848538223935342
-0.711882603721284,0.240087451374955,-0.00932884144421509,0.428550141524204,-0.0153529791416896,-0.0173139977600315,-0.00850119204889323
-0.66940308541514,0.237339252433916,-0.00908354090956692,0.403323546108182,-0.0150386751057919,-0.0174452963129637,-0.00837152123493657
-0.62521613357249,0.233889413170232,-0.00867584118701928,0.376844625007425,-0.0147962069955007,-0.0175161909814775,-0.00810313621726242
-0.579593536520641,0.229769397863046,-0.00810248145068041,0.349319101658886,-0.0146265248362728,-0.0175174531047272,-0.00770616817877785
-0.53280961693605,0.225070582439418,-0.00737501762029338,0.320953799922636,-0.0145279713762812,-0.0174433288305362,-0.007193238585055
-0.485121415765155,0.219919247533892,-0.00651641952225107,0.291940910270207,-0.0144970552075338,-0.0172918246843468,-0.00657849947878012
-0.436754080834855,0.214452605416924,-0.00555638678765128,0.262447023118616,-0.0145292998153952,-0.017064464330077,-0.00587673517868743
-0.387892828598763,0.208799216349189,-0.00452645981637997,0.23260777367797,-0.0146200012646008,-0.0167656714312401,-0.0051026296453877
-0.33868126861814,0.20306544468699,-0.00345577913268291,0.202527690296315,-0.0147647838156249,-0.0164019668039118,-0.0042702496942929
-0.289224842162808,0.197328089408125,-0.00236799619825941,0.172284078752088,-0.0149599088106018,-0.0159811481333248,-0.00339274689528625
-0.23959770651328,0.191632325174079,-0.00127950134012117,0.14193352037456,-0.0152023456159105,-0.0155115705806128,-0.00248224952328147
-0.189851445368216,0.185993651376736,-0.000198890154918662,0.111519656905664,-0.0154896455555006,-0.0150015894714728,-0.00154990062567115
-0.140024258956168,0.180402543565951,0.000872541467266283,0.081081175009128,-0.0158196725696646,-0.0144591770536387,-0.000605994599883937
-0.090149670990943,0.174830661672705,0.00193953560715933,0.0506591835398834,-0.0161902460851163,-0.0138916898929357,0.000339832572685437
-0.0402639014412879,0.169237934793969,0.00301107022412934,0.0203032736940214,-0.0165987457220974,-0.0133057450863217,0.00127839809302224
0.00958841482701455,0.163579868104236,0.0040982479077832,-0.00992413118890828,-0.0170417257694166,-0.0127071561585953,0.00220078134446807
0.0593501926048205,0.157814821374242,0.00521204694325222,-0.0399453307393957,-0.0175145785220298,-0.0121008886090068,0.0030981615264484
0.108948876763453,0.151911067964182,0.00636109383884132,-0.0696665566858241,-0.0180112774675824,-0.0114910109916423,0.00396168271941394
0.158293529978499,0.145853518457498,0.00754960088684692,-0.0989784016474603,-0.0185242236648764,-0.0108806335362125,0.00478234077516063
0.207271795761765,0.139649906305098,0.00877562168051573,-0.127757394728494,-0.0190442222875997,-0.0102718325082747,0.00555090295005108
0.255747800571413,0.133335994432953,0.0100298123059206,-0.155869332830411,-0.0195606300553082,-0.00966555847261643,0.00625789609197541
0.303562724787465,0.126979106365065,0.0112949175464349,-0.183175176807572,-0.0200617187976987,-0.00906153531291439,0.00689370462251537
0.350539239042457,0.120679174684659,0.0125461873726803,-0.209539718908733,-0.0205352783031723,-0.008458177227835,0.00744879819377646
0.396489953221808,0.114566568806396,0.0137528497777422,-0.234842294317814,-0.0209694373937923,-0.00785257029496969,0.00791407741333958
0.441228710735796,0.108796395941404,0.0148805968937401,-0.258987913375103,-0.0213536215667294,-0.00724056762847325,0.00828129838372337
0.484583081372455,0.103539390107865,0.0158948588834232,-0.281916877176494,-0.0216795231076721,-0.00661703322077235,0.00854352112796509
0.526405861820809,0.0989702676102631,0.0167644278179633,-0.303610955297426,-0.0219419300426684,-0.00597623708968277,0.00869552079094652
0.566583538440569,0.0952550131101911,0.017464866908764,-0.324094766647428,-0.022139270227776,-0.00531236763387502,0.00873410572687862
0.605040162646552,0.0925389536584319,0.0179811267382323,-0.343431888517005,-0.0222737702540752,-0.00462009484948175,0.00865830172223252
0.641735951506761,0.0909374740504609,0.0183089189763032,-0.361716243931485,-0.0223511977588807,-0.0038951008109108,0.00846938398253055
0.676660928223298,0.0905307952359644,0.0184546427618011,-0.379060205002408,-0.0223802305853419,-0.00313449684915109,0.00817076289623337
0.709824786400772,0.0913634782999908,0.0184339531634586,-0.395581366743691,-0.0223715558979292,-0.0023370691699408,0.00776775045651885
0.741244701973078,0.0934484258173997,0.0182693234918676,-0.411389999045513,-0.0223368322098934,-0.00150332911908011,0.00726724757917447
0.770932945507673,0.096774348347089,0.0179871171666853,-0.426578825913481,-0.0222876437286265,-0.000635381153971088,0.00667739686554215
0.798885917919178,0.101315107729813,0.0176147204524022,-0.44121616888593,-0.0222345465553458,0.000263348204792965,0.00600724149259377
0.825075790979341,0.107039102221787,0.0171782055496074,-0.45534281674311,-0.0221862636120129,0.00118845930535656,0.00526642142603725
0.849445450041083,0.11391689035381,0.0167008334882063,-0.46897240043687,-0.0221490441957766,0.00213494109069557,0.00446492606045866
0.871907047990737,0.121925479834551,0.0162025162014257,-0.482094645003532,-0.022126176313315,0.00309748861663473,0.00361291031209219
0.892344249419256,0.131048057162822,0.0157001771858653,-0.494680648032132,-0.0221176322183795,0.00407073540367848,0.00272057104480032
0.910618168001356,0.141268375522946,0.0152088035922174,-0.506689262146599,-0.0221198418101979,0.00504937948729569,0.00179807332175977
0.926576997969012,0.152559592067253,0.0147428771745442,-0.51807368135255,-0.0221256220702564,0.00602820201689604,0.00085551173430388
0.940069278961628,0.164868137453377,0.0143178069279595,-0.528787403409984,-0.0221243354867559,0.00700199499716187,-9.71087886713852e-05
0.950960459206754,0.178094282702324,0.0139509640994794,-0.538788851672748,-0.0221023914757639,0.00796542911265395,-0.0010498855351197
0.959151809285089,0.192072387947887,0.0136619513167286,-0.548044113339042,-0.0220442194222283,0.00891290269845377,-0.00199303009893941
0.964599789339668,0.206555082571742,0.0134718401629083,-0.556527534106126,-0.0219338032294352,0.00983841808424813,-0.00291687620939516
0.967332912708346,0.221206268785471,0.0134012982594888,-0.564220331072781,-0.0217567557385283,0.0107355308497801,-0.00381186893012041
0.96746245627162,0.23560717254696,0.0134677827076877,-0.571107897761261,-0.0215027337702482,0.0115974100701586,-0.00466851475821676
0.965183626239706,0.249277277186797,0.0136822401032488,-0.577176908684006,-0.0211678006415,0.0124170319700116,-0.00547727589162191
0.96076535684335,0.261708276242511,0.0140459500649093,-0.582413517304605,-0.0207562031860404,0.0131875219372312,-0.00622842050076675
0.954529457716728,0.272405235409454,0.0145481243942175,-0.586803413461203,-0.0202810813842991,0.0139026049445712,-0.00691184873257451
0.946822553343297,0.280927122636511,0.0151647925621986,-0.590333945423152,-0.019763769901217,0.0145571607816154,-0.00751699001649579
0.937985760691761,0.286919136027866,0.0158591832664221,-0.592997239806946,-0.0192317159895397,0.0151478026968648,-0.00803284399544855
0.928326961240323,0.290132269354893,0.0165836282204298,-0.594792714744987,-0.0187153222459108,0.015673410816242,-0.00844825144172002
0.918098971579468,0.290429355336311,0.0172828579338454,-0.595727294333053,-0.0182442500602432,0.0161355201655686,-0.00875242912149869
0.907484980154156,0.287779876425005,0.0178984717542626,-0.595812357356776,-0.0178437953768672,0.0165384559841811,-0.00893573607103912
0.896591228267831,0.282247127029151,0.0183742383933024,-0.595057665409379,-0.0175319061133181,0.0168891261959669,-0.00899056632966636
0.88544639636909,0.273971024694877,0.0186616727371628,-0.593463751773947,-0.0173172863783852,0.0171964346167971,-0.00891220907306628
0.874007169174434,0.263148871148869,0.0187251008179657,-0.591015016802041,-0.0171988488621187,0.0174703634348052,-0.00869950183730953
0.862169408207486,0.250015517434604,0.0185453153465853,-0.587675742591774,-0.0171665454219111,0.0177208641220373,-0.00835513664711385
0.849783918163374,0.234824063749004,0.0181210727914847,-0.583390400742,-0.017203356268915,0.0179567553652205,-0.00788555586821208
0.83667506990086,0.217828277796842,0.0174681031976615,-0.578088315862496,-0.0172880089907149,0.0181848265546337,-0.00730047008678331
0.822659952662046,0.199267967222491,0.0166158618766128,-0.571691497089926,-0.0173978952010926,0.0184092837771255,-0.00661211122286958
0.807565649277747,0.179358316129514,0.0156027397093051,-0.56412372979296,-0.0175116867979934,0.0186315782911201,-0.00583437451149764
0.791242749660486,0.158283675711265,0.014470701464758,-0.55531901451221,-0.0176113024874382,0.0188505642492542,-0.00498199615408105
0.773574128385462,0.13619566858222,0.0132602948272256,-0.545228007406957,-0.0176830743390693,0.0190628739564452,-0.00406987196472331
0.754478970056191,0.113214946345322,0.0120067372250318,-0.533821923773721,-0.0177181447693988,0.0192633855688852,-0.00311256814291695
0.733912753408674,0.0894356587092949,0.0107374657116226,-0.521094087593685,-0.0177122432179961,0.0194456810500793,-0.00212402763578655
0.711864284290043,0.0649316551480894,0.00947123546153939,-0.507059755172586,-0.0176650400523755,0.0196024335359825,-0.00111744431309692
0.688350926648067,0.0397635681020672,0.0082186343225484,-0.491754974619304,-0.0175792688002178,0.0197257062714436,-0.000105262983732756
0.663413026241392,0.0139861207257559,0.00698375463044987,-0.475235134580105,-0.017459771485374,0.0198071795110785,0.000900738513245166
0.637108268174876,-0.0123448216832118,0.00576670815394353,-0.457573608875952,-0.0173125774323972,0.0198383433045563,0.00188932432158988
0.609506445636633,-0.0391658260536227,0.0045666537949973,-0.438860612984039,-0.0171440870541913,0.0198107031031923,0.00284966554224737
0.580684895788561,-0.066400427146944,0.00338500242549783,-0.419202120882372,-0.0169604043821546,0.0197160433489077,0.00377122255071465
0.550724698700939,-0.0939549905640912,0.00222845248662456,-0.398718487615481,-0.0167668450802693,0.0195467832434146,0.00464366820920618
0.519707637512872,-0.121716327650558,0.00111149258289919,-0.377542312464812,-0.0165676366856828,0.0192964397432605,0.00545687264914422
0.487713871709993,-0.149551519747275,5.79976621563442e-05,-0.35581508251353,-0.0163658197788933,0.0189601864547528,0.00620096684148068
0.45482026288273,-0.177310356227276,-0.000898429548630297,-0.333682273991897,-0.0161633478934371,0.0185354655896845,0.0068664962378526
0.421099295693596,-0.204830596184776,-0.00171562856523162,-0.311286864161489,-0.015961367130085,0.0180225779617685,0.00744466565927627
0.386618542827229,-0.231945899281179,-0.00234563815810964,-0.288761597485981,-0.0157606336458539,0.0174251507202932,0.00792766171704492
0.351440619073507,-0.258495769994288,-0.00273884875775023,-0.266220786354182,-0.01556200238741,0.0167503738049191,0.00830902096574049
0.315623553477539,-0.284336327191712,-0.00284904979606743,-0.243752792567078,-0.0153669011600712,0.0160089126861953,0.00858399482759836
0.279221485890926,-0.309350314280877,-0.00263860501500626,-0.221414493389204,-0.0151776991459915,0.015214449928721,0.00874985207961514
0.24228557472641,-0.333454679861649,-0.00208286424913346,-0.199228877142649,-0.0149978943171541,0.0143828747909873,0.00880606205608051
0.204864997149107,-0.356604383661798,-0.00117300872720532,-0.17718642408031,-0.0148320792022245,0.0135312116541624,0.00875431895525659
0.167007935863893,-0.378791773894513,8.31710731566335e-05,-0.155250219121076,-0.014685690626092,0.0126764327973587,0.00859839649053257
0.128762474835939,-0.40004174940938,0.0016626330090584,-0.133364020835247,-0.0145645927835252,0.0118343213164702,0.00834385433024829
0.090177360963518,-0.42040370061754,0.00353021428108335,-0.111461994834624,-0.0144745715972549,0.0110185304158302,0.00799764347594952
0.0513026197561188,-0.439941698374128,0.00564287296618396,-0.0894786458197049,-0.0144208252893514,0.0102399346905418,0.00756766991049215
0.0121900364984106,-0.458724480354356,0.00795427145824169,-0.0673576569221271,-0.0144075232115114,0.00950630544588646,0.00706237308350606
-0.0271064789774098,-0.476816520665218,0.0104190147535197,-0.0450587584193514,-0.0144374801279759,0.00882228434908305,0.00649036200381433
-0.0665305459430769,-0.494271047286636,0.0129960373845872,-0.0225622558777916,-0.0145119641288498,0.0081895902998434,0.00586013291967552
-0.106023059607824,-0.511125312854678,0.0156509137055881,0.000128741843272206,-0.0146306360832827,0.00760737699154879,0.00517987602669493
-0.145521832072371,-0.52739813927868,0.0183570083363754,0.0229880067437738,-0.0147915986030911,0.00707266046307085,0.00445736520787805
-0.184961147235949,-0.543089420813795,0.0210955824156081,0.0459673009149507,-0.0149915291647941,0.00658074983789796,0.00369991850656526
-0.224271169610717,-0.558181197072011,0.0238550289238721,0.0689984069396984,-0.0152258702425195,0.00612563428822643,0.00291441434340773
-0.263377195799261,-0.572639903756572,0.0266294414468898,0.0919956788652787,-0.0154890539145467,0.00570029959288125,0.00210734886052734
-0.302198774332554,-0.586419474311779,0.0294167143255141,0.114858858882716,-0.015774744962541,0.0052969656944266,0.00128492154449619
-0.34064875718371,-0.599465053128405,0.0322163516603484,0.137476056095352,-0.0160760933796737,0.00490725106980728,0.000453138439737905
-0.378632383728388,-0.611717161419359,0.035027143123882,0.159726913759912,-0.0163859930487636,0.00452228033525469,-0.000382075781535983
-0.416046503714751,-0.623116195684358,0.037844853759344,0.181486065511965,-0.0166973472063318,0.00413275897171077,-0.00121476383913831
-0.452779131630988,-0.633607207694992,0.0406600774222238,0.202627057944865,-0.0170033422130942,0.00372904373616512,-0.00203882512005704
-0.488709389330356,-0.643144767589861,0.0434564183398782,0.223026815342486,-0.0172977312439743,0.00330123978426614,-0.00284791425405824
-0.523708122712126,-0.651697821204793,0.0462091860266717,0.24257078864124,-0.0175751248866719,0.00283935580730543,-0.00363535374199619
-0.557639346788683,-0.659254246629237,0.0488848069409642,0.261158739130037,-0.0178312812324448,0.00233354588526533,-0.0043940677487146
-0.590362712306244,-0.665824747453615,0.0514411575369626,0.278710980421892,-0.018063380743615,0.00177446052166194,-0.00511654522682227
-0.621737111816351,-0.67144559207356,0.053828993465991,0.295174688331342,-0.0182702635317158,0.00115371799735392,-0.00579484211431416
-0.651625411707681,-0.676179612122014,0.0559945733194425,0.310529652744375,-0.0184525996898348,0.000464489761564195,-0.00642063321684513
-0.679900102281079,-0.680114847839107,0.0578834430261588,0.324792628627975,-0.0186129592151077,-0.000297830120795479,-0.00698532396340483
-0.706449414358344,-0.683360325927719,0.0594451603099445,0.338019307780374,-0.0187557493866121,-0.00113492966130999,-0.00748022960186995
-0.731183203801841,-0.686038721806542,0.0606385179652319,0.350302957861557,-0.0188869967009752,-0.00204494445937149,-0.00789682394660264
-0.754037713068144,-0.688276106479923,0.0614366123672253,0.361769026142059,-0.0190139689245227,-0.00302199213700001,-0.00822705115351937
-0.774978256068662,-0.690189566886848,0.0618309615683308,0.372565511163857,-0.0191446594909638,-0.00405598904901548,-0.00846368285815603
-0.79399900535875,-0.691874105255375,0.0618338729323268,0.382849624639973,-0.0192871870770163,-0.00513284346018643,-0.00860069136695721
-0.811119411299348,-0.693390694325989,0.0614784408544266,0.392772066224077,-0.0194491901062465,-0.00623507235180334,-0.00863360045260899
-0.826377313233092,-0.694757505135917,0.0608159203640643,0.402460912674125,-0.0196373099843146,-0.00734281940862618,-0.00855977206923079
-0.839819401730012,-0.695946006949553,0.0599107068748376,0.412007461282057,-0.0198568505881718,-0.00843517444241929,-0.00837859224879351
-0.851490202192075,-0.696882871662409,0.0588336351561436,0.421456214193191,-0.0201116729025145,-0.00949163045410883,-0.00809153258502546
-0.8614210273329,-0.697457561670326,0.057654653829767,0.430800536565971,-0.0204043382315667,-0.0104934833868075,-0.00770208240711077
-0.869620309507339,-0.697534416601344,0.0564360338200509,0.439984520472793,-0.0207364629449925,-0.0114249915012201,-0.00721556647101381
-0.876066393046656,-0.696967265435073,0.0552271066135563,0.448910502890932,-0.0211092060046117,-0.0122741623525427,-0.00663887899014899
-0.880703353861033,-0.695614262055361,0.0540611628951275,0.457450799770569,-0.0215237879131655,-0.0130331095958601,-0.00598017374240911
-0.883439874848045,-0.693350799357995,0.0529546923906171,0.465461721680819,-0.0219819394758443,-0.0136979978621618,-0.0052485508478314
-0.884150787125276,-0.6900788773034,0.0519087366039601,0.472797883878238,-0.0224861969203771,-0.0142686533110681,-0.00445377478526518
-0.882680679044497,-0.685731983633788,0.0509118459359708,0.479325135537333,-0.0230399881611822,-0.0147479501224166,-0.00360604780698285
-0.878848997147444,-0.680275200236817,0.0499440125094497,0.484930950370319,-0.0236474846527589,-0.0151410886164319,-0.00271585088447142
-0.872456275719655,-0.673700752445497,0.0489809690915313,0.489531672909316,-0.0243132185603189,-0.0154548653661091,-0.00179385291373234
-0.863291456654406,-0.666019545684481,0.0479983516855639,0.493076470315295,-0.025041484238572,-0.0156970089251053,-0.000850879517015893
-0.851140604094658,-0.657249435259401,0.0469753619221446,0.495548133733269,-0.0258355583349478,-0.0158756253120612,0.00010207412139466
-0.835797579228054,-0.647401145650546,0.0458976916251863,0.496961005718615,-0.026696788250614,-0.0159987710426209,0.0010538063518307
-0.817077321348096,-0.636462990222297,0.0447595638777964,0.497356331684096,-0.0276236180478223,-0.016074150999178,0.00199287018852779
-0.794832188569529,-0.624385891508565,0.0435648024328174,0.496795324421122,-0.0286106458446091,-0.0161089239857502,0.00290755477326258
-0.768971276075007,-0.611070638193889,0.0423268808048694,0.495350279108542,-0.0296478348173501,-0.0161095892677431,0.00378590783374837
-0.739481741864222,-0.596359708303352,0.0410679477435709,0.493094252274306,-0.0307200236212023,-0.016081921583937,0.00461581629126393
-0.7064500271297,-0.580036114902904,0.0398168977651265,0.490090146043896,-0.0318068894494077,-0.0160309199860355,0.00538515687514086
-0.670079711346118,-0.561831330666275,0.0386066613677955,0.486380467239663,-0.0328834944400533,-0.0159607389653994,0.00608202163096652
-0.630701987074361,-0.541443233828663,0.0374710159202151,0.481979417258014,-0.0339214837412883,-0.0158745812924538,0.00669501498169182
-0.588774824366286,-0.518563213969699,0.0364413305290771,0.476869099968318,-0.0348909015598074,-0.0157745525399697,0.00721361011894321
-0.544868142457271,-0.492909416420146,0.0355437115428547,0.471001299097959,-0.0357624651923726,-0.0156615053516643,0.00762854340925693
-0.499634691578922,-0.464261201556169,0.0347969729280855,0.464305374626628,-0.0365100165986855,-0.0155349292934269,0.00793221664548574
-0.453769371777789,-0.43248894472371,0.0342117091218996,0.456701478593225,-0.0371127939766154,-0.015392956968426,0.0081190690901398
-0.407962502919733,-0.397573784359652,0.033790527448935,0.448116858449,-0.0375571630461075,-0.0152325470528251,0.00818587600710119
-0.362854156511171,-0.359613839193475,0.0335292642077703,0.438502003288887,-0.0378375303757561,-0.0150498665050199,0.00813193083763855
-0.31899646693445,-0.318816231796343,0.0334188325802266,0.427843224115695,-0.0379563124656196,-0.0148408374944951,0.00795907758954454
-0.276828903062156,-0.275477117842961,0.0334472803391677,0.416169078403483,-0.0379230140982726,-0.0146017608842207,0.0076715794319646
-0.236668475198156,-0.229953992015949,0.0336016796377488,0.40354959719998,-0.0377526279699557,-0.0143298997947164,0.00727583571690664
-0.198713780670646,-0.182635344989321,0.0338695984351879,0.390089014198793,-0.0374636641114897,-0.0140239155723538,0.0067799854499653
-0.163059530566534,-0.133912283430007,0.0342400590657451,0.375914059957427,-0.0370761347963384,-0.0136840894441307,0.00619345255041192
-0.12971719148278,-0.0841553947118312,0.0347040219989932,0.361160513902517,-0.0366097678431625,-0.0133123185654716,0.00552649222277373
-0.0986375603370686,-0.0336985020929194,0.0352545108750227,0.345960567929066,-0.0360826266371976,-0.0129119246733282,0.0047897889256797
-0.069732062869858,0.0171705033004514,0.035886513688935,0.330432873442176,-0.0355102120237366,-0.0124873433630426,0.00399413958572589
-0.0428908348288737,0.0682125697571394,0.0365967692681546,0.314676248852687,-0.034905035521197,-0.0120437686955729,0.0031502371296067
-0.0179968106474583,0.11923543936838,0.0373835003641214,0.298767199380595,-0.0342765979834285,-0.0115868161775446,0.00226855386756482
0.00506410605741898,0.170088029279624,0.0382461048298657,0.282760807879114,-0.0336316835112372,-0.0111222455089822,0.00135931399511084
0.0263962374546266,0.220652435205552,0.039184777804612,0.266694230167097,-0.0329748776867207,-0.010655760554228,0.000432539195413868
0.046089978672252,0.270834468549298,0.0402000169221407,0.250591925249097,-0.0323092318070602,-0.0101928828844912,-0.000501850527233325
0.0642196450402094,0.320553375280532,0.0412919612632949,0.234471789627843,-0.0316370111451855,-0.0097388793140086,-0.00143389898323276
0.0808428514445852,0.369731220483531,0.0424595330422304,0.218351466410038,-0.0309604781335133,-0.00929871362653132,-0.00235345751939106
0.0960011791435365,0.418282393191091,0.0436993882586227,0.202254206262844,-0.0302826664199585,-0.00887698797541596,-0.00325003047049599
0.109722083084349,0.466103797256939,0.0450047372733846,0.186213736235973,-0.0296080973206466,-0.00847784021036737,-0.00411264554631783
0.122022110658698,0.513066505683227,0.0463641639739326,0.170277642106803,-0.028943377559657,-0.00810477029673292,-0.00492977642389776
0.132911502763289,0.559009902465509,0.0477606429952667,0.15450880780681,-0.02829760049795,-0.00776038305225595,-0.00568934865131719
0.142400103823124,0.603739504199616,0.0491710102683759,0.138984520428247,-0.0276824600132916,-0.007446056352846,-0.00637886113694975
0.150504221178918,0.647029599733785,0.050566156940234,0.123792990833003,-0.027111987672586,-0.00716157267433977,-0.0069856506531441
0.157253694904377,0.688631432920659,0.0519121619450492,0.10902730249151,-0.0266018517264983,-0.00690478274605175,-0.00749731257736783
0.162698075389821,0.728286814795604,0.0531724356346037,0.0947772003312863,-0.0261682188078582,-0.0066713941252491,-0.00790226591640792
0.166910616163487,0.765745871939634,0.0543107242834432,0.0811196245850454,-0.0258262731937544,-0.00645498239810091,-0.00819041690464629
0.169988931074548,0.800786394142671,0.0552945710082108,0.0681093664626156,-0.0255885945310954,-0.00624729768338876,-0.0083538409543487
0.172051713701156,0.833231377111271,0.0560986266326813,0.0557714956299575,-0.0254636774109911,-0.00603888182156409,-0.00838737974212664
0.173231783790519,0.862961285714479,0.056707144144215,0.0440971147851465,-0.0254548955026593,-0.00581993400653308,-0.00828905065329673
0.173666649978054,0.889918474279018,0.0571151226553698,0.0330434626191672,-0.0255601456989912,-0.00558128980128299,-0.00806019478164755
0.173488421955501,0.914102898655871,0.0573278660116189,0.0225385036618668,-0.0257722639430241,-0.00531533893418771,-0.00770534104255814
0.172815016850758,0.93556018689371,0.0573590890086087,0.0124891653361167,-0.0260801287386795,-0.00501671852439557,-0.00723182161394882
0.171744154727009,0.954364670007876,0.0572280153442519,0.00279161319860162,-0.026470220357185,-0.00468267697079561,-0.00664921921939622
0.170350827448461,0.970600681412852,0.0569560736868357,-0.00665837999912219,-0.0269283292695105,-0.00431308707852622,-0.00596874724646584
0.168688068804825,0.984345247534287,0.0565637891058276,-0.0159567612098036,-0.0274411188346985,-0.00391016530750349,-0.00520265771493605
0.166790222381975,0.995654474554425,0.0560683292571287,-0.0251854813070916,-0.0279973239683813,-0.00347800428865524,-0.00436374743517356
0.164677622773649,1.00455487891641,0.0554819710980315,-0.034410300115467,-0.0285884715415497,-0.00302203957060036,-0.00346500095845039
0.162361650216463,1.01103995623763,0.054811570381985,-0.0436820084512401,-0.029209104276591,-0.00254855413139145,-0.00251937992548608
0.159849374701998,1.01507162182375,0.0540589802762931,-0.0530404513835657,-0.0298565571361097,-0.00206428808527631,-0.00153974748720063
0.157147342821869,1.01658581762747,0.0532222841884052,-0.0625204172746691,-0.0305303696230868,-0.0015761791935485,-0.000538904178272887
0.154264380012246,1.01550148723872,0.0522976676070367,-0.0721582978971882,-0.0312314267451694,-0.00109122172168049,0.000470294132844066
0.151213527190938,1.01173214551344,0.051281731677696,-0.0819983681265335,-0.0319609187264326,-0.000616401826554499,0.00147476816535067
0.148013385341011,1.00519928100377,0.0501740259780553,-0.092097527908194,-0.0327192074428218,-0.000158649079581194,0.00246103089287752
0.144689205824001,0.995846721172577,0.0489795358951542,-0.102527381431667,-0.033504694922068,0.000275263211515444,0.00341502370747003
0.141274047231389,0.983654804715029,0.0477108007773269,-0.113372638501319,-0.0343128090765462,0.00067893039147742,0.00432201386370077
0.13781023412138,0.968652757947018,0.046389279748071,-0.124725095673817,-0.0351352492899227,0.00104668255692641,0.00516659743282839
0.134351214206996,0.950927181093798,0.045045558189059,-0.136672999127524,-0.035959656464771,0.00137410902147277,0.00593285186857186
0.130963742261111,0.930624247803619,0.0437180482564411,-0.149286476611009,-0.0367698681036302,0.0016586955092893,0.00660467418781319
0.127730156851364,0.907943426735196,0.0424500268947136,-0.16260089804961,-0.0375468664838014,0.001900472341338,0.00716632051072934
0.124750404092344,0.883121544820788,0.0412851879481032,-0.176601228562528,-0.0382704135921514,0.0021025259195256,0.00760312872946218
0.122143440277177,0.856407923698863,0.0402623108826502,-0.191211211512574,-0.0389211996605589,0.00227121099658573,0.00790236219817982
0.120047723648968,0.8280338379448,0.0394100405999434,-0.206291031597097,-0.0394831543071668,0.00241593520964046,0.00805406924991795
0.118620648427955,0.798181915913183,0.0387429580704393,-0.221645643436949,-0.0399454475221468,0.00254847278659334,0.00805182670258239
0.118036903499529,0.766962340278304,0.0382599604593692,-0.237043400506823,-0.0403037076347066,0.00268188077560211,0.00789323950675919
0.118485771750937,0.734402024947849,0.0379454473833262,-0.252241765120906,-0.0405601321174349,0.00282919897211998,0.00758010827643564
0.120167294693144,0.700450266136793,0.0377730789292919,-0.267014805177168,-0.0407224291176263,0.00300217208757054,0.00711824248016421
0.123287066315743,0.665000467196414,0.0377111950844238,-0.281176725815523,-0.0408018148479571,0.00321021709052168,0.00651696896759245
0.128049310623716,0.627923732151075,0.0377286121725547,-0.294596983247101,-0.0408105056241286,0.00345977868415231,0.00578844049412785
0.13464796100736,0.589107631325623,0.0377995478060806,-0.307204973415647,-0.0407592214106677,0.00375410550214118,0.00494687256259034
0.143255756291353,0.548492846914381,0.0379068040506354,-0.318984902468181,-0.0406551583667747,0.00409337938117309,0.00400782847316896
0.154011872115521,0.506101518967045,0.0380428765907591,-0.329963401507387,-0.0405007379335955,0.00447506868616368,0.00298764230904448
0.16700922323976,0.462053246490283,0.038209163123794,-0.340193384576554,-0.0402932630281877,0.00489436288887398,0.00190303174159238
0.182283171283284,0.416567092566665,0.0384137939626069,-0.349737669304868,-0.0400254581286507,0.00534457180386021,0.000770917762960191
0.199803802312551,0.3699500736669,0.0386687702041018,-0.358655328927799,-0.0396867621996255,0.00581742407883999,-0.000391558955881013
0.219474027507778,0.322574289357767,0.0389871034183091,-0.366992959716221,-0.0392651789444053,0.00630326106371414,-0.00156685662730805
0.241135312528469,0.274846119922485,0.0393805604537273,-0.374782209215525,-0.0387494511497763,0.00679118262735177,-0.00273673599047351
0.26458167169891,0.227171901657927,0.0398584672509034,-0.382044021360363,-0.0381312973232718,0.00726925123988945,-0.00388191805030149
0.289580598941478,0.179925186475821,0.0404278246623171,-0.388799016728721,-0.0374074213558297,0.00772488865296001,-0.00498178447912384
0.315897054381581,0.133420901800294,0.0410947207256256,-0.395082162965551,-0.0365809868426565,0.00814559144370912,-0.00601422682980842
0.343314135186542,0.0879010714528104,0.0418666742908399,-0.40095847432268,-0.0356622590733775,0.00852003260198394,-0.00695576061620659
0.371642751313635,0.0435348795893759,0.0427551448456385,-0.406535223630845,-0.0346681888534226,0.00883949963345901,-0.00778201399705132
0.400713807926232,0.000432721314358217,0.0437771032871837,-0.4119656136269,-0.0336208652001489,0.009099460396915,-0.0084686675483742
0.43035089373528,-0.0413299308115597,0.0449544699378335,-0.417439699007111,-0.0325449949297379,0.00930089306299286,-0.00899285100670337
0.460328773286891,-0.0816862488765323,0.0463105961423212,-0.423161021037969,-0.0314648311801109,0.00945094051966837,-0.00933489202215603
0.490330666898366,-0.120557867264978,0.0478638745453391,-0.429311700012953,-0.0304011814191204,0.00956252497290757,-0.00948017752102966
0.519921511267016,-0.157847239993488,0.0496198048074186,-0.436013423613373,-0.0293691728699137,0.00965280764993939,-0.00942077517250128
0.548551702903695,-0.193444142715432,0.0515638859847891,-0.443294842568985,-0.0283772748073435,0.00974073323576944,-0.00915643502640862
0.575595864787866,-0.227242359625915,0.0536579185365918,-0.451075401944564,-0.0274277103107723,0.00984421025259461,-0.00869469756743907
0.60041796476694,-0.259159047586974,0.0558413670351077,-0.459171088666271,-0.0265179820173957,0.0099775938334019,-0.00805006084342665
0.622444253385384,-0.289149395761249,0.0580376966238173,-0.467320629420478,-0.0256429664880378,0.0101499976784671,-0.00724241883286978
0.64122388830781,-0.317212416865596,0.0601639048147007,-0.475224432469302,-0.0247969969553782,0.0103646455626662,-0.00629516056546198
0.656463706580123,-0.343387766607207,0.0621406350854327,-0.482585686768306,-0.0239755155236245,0.0106191397065222,-0.00523334536740682
0.668033908871341,-0.367746214817866,0.0639005287842489,-0.489144159814572,-0.0231761087246503,0.0109063113700409,-0.00408225992312764
0.675950105797885,-0.390377005824292,0.0653934820140445,-0.494696992534973,-0.0223989303058843,0.0112152751625152,-0.00286649381700603
0.680341318176809,-0.41137445307717,0.0665886102735831,-0.499105033791595,-0.0216466149938536,0.0115323951100148,-0.00160952016570525
0.681413278886889,-0.430824826191953,0.0674735244761414,-0.502286417446653,-0.0209238100291094,0.0118420157776872,-0.000333676966440075
0.67941365275556,-0.44879373482376,0.0680518397857383,-0.504200684505176,-0.020236435115095,0.0121269553854782,0.000939587925915832
0.674602571355338,-0.465314089784728,0.0683397673706807,-0.504827152916264,-0.0195907598220282,0.0123688677191349,0.00218934169338436
0.667229409625587,-0.480375237521088,0.0683623659522191,-0.504141102426774,-0.0189923806585324,0.0125486457259254,0.00339477849431482
0.657515423433252,-0.493914747977894,0.0681497281851882,-0.50209121668812,-0.0184451955725243,0.0126470605080797,0.00453492163916972
0.645641600270423,-0.505815241087979,0.0677331651097268,-0.49858183236917,-0.0179505082155766,0.0126458015925911,0.00558851244902257
0.631741479579558,-0.515909145120718,0.0671413926779757,-0.493463735999068,-0.0175064331984487,0.0125289999315598,0.00653417826572104
0.615899313186885,-0.523993904219067,0.066396828912388,-0.486537045106385,-0.0171077902624858,0.01228516846404,0.00735095826160434
0.598154279389317,-0.529858454695369,0.0655123343109281,-0.477568458914904,-0.0167466362710162,0.01190929871263,0.00801922429737069
0.578511124578679,-0.53331867849474,0.06448896467883,-0.466322377216551,-0.0164134637951419,0.0114046545271513,0.00852195082220087
0.556956416132234,-0.534255670074444,0.0633153998281311,-0.452601248128096,-0.0160989012224288,0.010783695133964,0.00884616715828208
0.533477843228477,-0.532647581921729,0.0619695234482316,-0.43628628390828,-0.0157955420064898,0.010067638958073,0.00898430439498027
0.508082494706951,-0.528585511108146,0.060422134463782,-0.417367517514461,-0.0154994124114919,0.00928448925873152,0.0089350924725051
0.480809735827624,-0.52226747336234,0.0586421310708115,-0.395953919519436,-0.0152106473689425,0.00846580093324517,0.00870372821521529
0.45173567958276,-0.513971050505379,0.0566020259760706,-0.372260000599206,-0.0149331872607506,0.00764287800059382,0.00830122246718892
0.420968830022018,-0.50401190483646,0.0542825835332738,-0.346572659640598,-0.0146736296099867,0.00684325074636056,0.00774306925499387
0.388639053425044,-0.492698913181851,0.0516757518622292,-0.319207576621979,-0.0144396154047675,0.00608811983683001,0.00704755342482588
0.354883474822342,-0.480295886003588,0.0487856885834047,-0.290465923355258,-0.0142381998903119,0.00539107808118387,0.00623405584824654
0.319832839664739,-0.466995830640562,0.0456282535496544,-0.260599733896181,-0.0140745594255362,0.00475802452232741,0.00532163629982057
0.283600799496293,-0.452908903628475,0.0422296724496667,-0.229789950886061,-0.0139512048265441,0.0041879243257458,0.00432804003289766
0.246277382499364,-0.438061659171567,0.0386251467072427,-0.198137279916789,-0.01386770095576,0.00367398763994014,0.00326915824707382
0.207927440660313,-0.42240387523864,0.0348581081434466,-0.165664053494266,-0.0138207845859248,0.00320489967790387,0.00215891963642764
0.168595692232683,-0.405820131215591,0.0309807170969167,-0.132325859794292,-0.0138047349275528,0.0027658653949864,0.00100961098530008
0.128321843402437,-0.388145941293846,0.027056059624972,-0.0980342794985265,-0.0138118696927714,0.00233938964548637,-0.000167308172732703
0.0871692292337278,-0.369191206002432,0.0231619088742526,-0.062694009840326,-0.0138331077757025,0.00190587847827615,-0.00135983198911083
0.0452620472639836,-0.348773294045621,0.0193941508659672,-0.0262530413567305,-0.0138586564909929,0.0014442892033352,-0.00255367226713542
0.00281161332595436,-0.3267564445595,0.0158657827987987,0.011247067646609,-0.0138789847784577,0.000933111202983639,-0.0037307962618148
-0.0398887456415362,-0.303089573287054,0.0126976598383536,0.0496374994528481,-0.0138861671067432,0.000351912347020894,-0.00486884114861997
-0.0824979891288059,-0.277838756107538,0.0100008623730489,0.0886082371832825,-0.0138753992619226,-0.000316390561058976,-0.00594130772169238
-0.124671789312624,-0.251215126377865,0.00785386376629448,0.127707274202482,-0.0138462282298075,-0.00108249486205063,-0.00691805059674081
-0.166104709334048,-0.223593336636337,0.006278782620132,0.166354882079767,-0.0138029691674762,-0.00194715357190724,-0.00776599430737664
-0.206567718459399,-0.195506925294575,0.00522244798293655,0.203885181517665,-0.0137538546190333,-0.00289782602429192,-0.00845048324363195
-0.245938073648199,-0.167605312870646,0.00454998686796061,0.239624088598581,-0.0137087040870008,-0.0039067873241637,-0.00893767183189397
-0.284213102264705,-0.140567246961366,0.00405825184066467,0.272996542455596,-0.0136754131904163,-0.00493214242404136,-0.00919793786829308
-0.321497987458804,-0.114985438279756,0.00351102366121018,0.303635234804737,-0.0136562597151268,-0.00592263769191479,-0.00920969047602547
-0.357964130733596,-0.0912575453643967,0.00268844778725152,0.331450646375928,-0.0136455152733365,-0.00682575344001358,-0.00896247099884916
-0.39378673094136,-0.0695248678496379,0.00143481374732263,0.356630048194774,-0.0136296446682112,-0.00759690812558506,-0.00845827925646402
-0.42908042227657,-0.0496835206512966,-0.000312148744462627,0.379561187033295,-0.0135903689303461,-0.00820682463587678,-0.00771070295614004
-0.46385293076258,-0.0314615978742938,-0.00251920483775675,0.400708404206135,-0.0135096104651013,-0.00864487910643307,-0.00674231978521137
-0.49798801641185,-0.0145297466524395,-0.00507961140095546,0.420484887931806,-0.0133746263537369,-0.00891809386007041,-0.00558141475966978
-0.531256659241465,0.0013940183108818,-0.00784763818193924,0.43915791300012,-0.0131818152074748,-0.00904713223174373,-0.00425904158004824
-0.563346775483811,0.0164730102689848,-0.0106727904911151,0.456803872234259,-0.0129384356575847,-0.00906132730636762,-0.00280704024593983
-0.593899723368373,0.0307240936125538,-0.0134250265890819,0.473311066072353,-0.0126622240175973,-0.00899442212392342,-0.00125716224833747
-0.622544936903179,0.0440298356468378,-0.0160079225253938,0.488418696362678,-0.0123792828261313,-0.00888184688063558,0.000358830770435537
-0.648928936151457,0.0561810507684289,-0.0183610660290392,0.501780104846978,-0.0121206110299741,-0.00875951416314814,0.00200832519540547
-0.672739009193357,0.0669399776375669,-0.020455028704848,0.51304235830666,-0.0119174499923926,-0.00866350011056625,0.0036564979125571
-0.693723567410773,0.0761157939821817,-0.0222824780884483,0.521937550569496,-0.0117954750797998,-0.00862960636001042,0.00526466593393963
-0.711709966526386,0.083643592474516,-0.0238482217692887,0.528379517596361,-0.0117680069601527,-0.0086916335653868,0.00678863733316177
-0.72661659945414,0.0896530653470147,-0.0251600500193676,0.532550813674266,-0.0118290399558647,-0.00887731597949838,0.00817756743379639
-0.738450735098754,0.0945045476420012,-0.026221739329723,0.53495024615824,-0.0119480192486752,-0.00920150651455757,0.00937418164127748
-0.74728074515254,0.0987633636541765,-0.0270296671491135,0.536359579203159,-0.0120695403618203,-0.00965765057413369,0.0103175536017649
-0.753177138067584,0.103090338729398,-0.0275746488675254,0.537696483532167,-0.012121332803793,-0.0102107307131855,0.0109494206840782
-0.756134852320073,0.108058310081943,-0.0278496200574046,0.539765974293925,-0.0120314298843307,-0.0107965008614132,0.0112236609382374
-0.756011812206392,0.113954786154256,-0.0278608715151961,0.542994371974488,-0.0117500947606538,-0.011330745017036,0.0111162004212541
-0.752525362027903,0.120662302926432,-0.0276373087860279,0.547274210953267,-0.0112671418593804,-0.01172741976945,0.0106309898633659
-0.745324568878864,0.127679548024997,-0.0272321923436806,0.552006913646997,-0.0106158976018819,-0.0119186870402073,0.00979891400717674
-0.734115982829899,0.134268169631748,-0.0267161246378284,0.55631760658774,-0.00986208452865135,-0.011868219921485,0.00867027445417185
-0.718793067793528,0.139646882120217,-0.0261649613687244,0.559325552297183,-0.0090836522588979,-0.011573460362533,0.00730469333742246
-0.69951872477981,0.143153112177827,-0.0256477812293813,0.560352196579887,-0.00835014458848154,-0.011058693083948,0.00576250028357034
-0.676728665471963,0.144334921230813,-0.0252184101518704,0.559013598454145,-0.00770781320378612,-0.0103641177585354,0.0040996226941231
-0.651052928438448,0.142975309447492,-0.0249120070035948,0.555209474318685,-0.00717319634821291,-0.00953567621244888,0.00236589070680443
-0.62318795766991,0.139065229139279,-0.0247468024026882,0.549050480077894,-0.00673530025732089,-0.00861821325751956,0.000605662866777779
-0.593775750231653,0.13274036852028,-0.0247294509029279,0.540762511789559,-0.00636452264777239,-0.00765244576452143,-0.0011403832083268
-0.563339719123112,0.124195661423629,-0.024860772443453,0.530591232985825,-0.00602494833080608,-0.00667480735220113,-0.00283313821219606
-0.532291424152492,0.113594611622618,-0.0251383795857139,0.518717203474866,-0.00568638678662555,-0.00571852360452503,-0.00443316965293878
-0.500984239850094,0.100993740834907,-0.025554528139488,0.505187886271894,-0.00533359207698115,-0.0048141709712663,-0.00589945069828268
-0.469772096795716,0.0863026425536392,-0.0260905288082001,0.489875907722044,-0.00497143895764584,-0.00398841468664239,-0.00718911360675682
-0.4390362322488,0.0692963691342888,-0.0267115957371065,0.472477617569778,-0.00462547567771151,-0.00326053927082562,-0.0082586765259457
-0.409161477591364,0.0496870370283362,-0.0273667711727804,0.452565104059507,-0.00433740102088304,-0.00263765130451221,-0.00906707837439924
-0.380468109203854,0.0272429094714452,-0.0279967464649886,0.42969241371169,-0.00415557204079973,-0.00211067382610952,-0.00958037342054352
-0.353129006630287,0.00191899825650965,-0.0285481920846123,0.403533049768519,-0.00412228342700938,-0.00165372685748219,-0.00977708322250728
-0.327114127316829,-0.0260528808867738,-0.0289886872241664,0.374002375178811,-0.00426165449124398,-0.00122847039666052,-0.0096524146437726
-0.302194369038291,-0.0561576451350685,-0.0293148788374217,0.341314453436064,-0.00457273741753874,-0.000792615955814858,-0.00921954606081025
-0.278007044858399,-0.0876806809401224,-0.029549822682787,0.305948392584145,-0.00503057291528001,-0.000309514183839316,-0.00850727878090987
-0.254154848565015,-0.11984599835068,-0.0297312870580827,0.268541194836609,-0.00559419763817984,0.000244793603759945,-0.00755494449669662
-0.230299648915139,-0.151953232734101,-0.0298967715690294,0.22975423965719,-0.00621763172384781,0.000879069993228603,-0.00640647386281473
-0.206224191055262,-0.183470046169331,-0.0300709384152672,0.190161495507937,-0.00685949821530483,0.00158854449468976,-0.00510542626292065
-0.181854895387559,-0.214065489980034,-0.0302584616155437,0.150186027794547,-0.00748872934760765,0.00235881553148557,-0.00369192410014392
-0.157253270380211,-0.243594555687692,-0.0304425663884331,0.110086433768322,-0.00808605149639684,0.00316991195000074,-0.00220154746124518
-0.132587622687655,-0.272054111157621,-0.0305881613613385,0.0699800559763953,-0.00864230510537826,0.00399919878984646,-0.000665757610556994
-0.108094132338965,-0.299527693919033,-0.0306483818632513,0.0298873677047924,-0.00915494015023662,0.00482274659354541,0.000886652771883333
-0.0840320320290917,-0.326127964071483,-0.0305738877512068,-0.0102125272731967,-0.00962368127974088,0.00561546030764778,0.0024274124847501
-0.0606348181177322,-0.351937008697523,-0.0303247854424073,-0.0503172648213362,-0.0100459142718705,0.00635064830011231,0.00392604868828109
-0.0380569386856303,-0.376942287309243,-0.0298850648627965,-0.0903273827657813,-0.0104122124527589,0.00700004842623184,0.00534681939459622
-0.0163123748122821,-0.400977213182696,-0.0292778253263559,-0.129979447421173,-0.010702864885563,0.00753574068003359,0.00664634687104881
0.00478896673656107,-0.42369055836523,-0.0285756602460586,-0.168822720189422,-0.0108869591029332,0.007935071559472,0.00777364273864489
0.0256689443521738,-0.444563812198865,-0.0278973531050842,-0.206261222962421,-0.0109256426431031,0.00818788280389309,0.00867329083574467
0.0469192449704758,-0.46297900566646,-0.027384436205537,-0.241650524377631,-0.0107801519258383,0.00830324127787272,0.00929130061031798
0.0691308292938151,-0.478328080557767,-0.0271599425503329,-0.274425647044142,-0.0104230795419167,0.00831209325670878,0.00958280315881404
0.0926595819098481,-0.490135149015415,-0.0272836229146893,-0.30422453693457,-0.0098487288392429,0.00826314731059101,0.00952000760138703
0.117426667043021,-0.498141085788928,-0.02772552779768,-0.330957021659507,-0.00907732859016159,0.00821210197548158,0.00909768850326074
0.142854360834804,-0.502307041597102,-0.0283739314006004,-0.354782919630841,-0.00815035328071472,0.00820804031673436,0.00833377983686756
0.167972473920553,-0.502735355841508,-0.0290747019002782,-0.376008060406513,-0.0071191069892594,0.00828253768202841,0.00726488883574742
0.191641491053955,-0.499551328103421,-0.0296817219724267,-0.394949083293931,-0.00603223349834183,0.00844512283462387,0.00593901397320214
0.212794451018542,-0.492803268106633,-0.0300955046996845,-0.411825105608513,-0.00492739350637614,0.00868489372253614,0.00440852428769615
0.230620716202312,-0.48241880462091,-0.0302784968427543,-0.426709192820422,-0.00382920254947154,0.0089753805342992,0.00272540795739417
0.244665337321327,-0.468225584524527,-0.0302490271432496,-0.439541101450325,-0.00275248617081124,0.00927950263181849,0.000939262124718165
0.254854675385345,-0.450023775752905,-0.030062806999363,-0.450184952961929,-0.00170849679202358,0.00955287996358515,-0.000902437198005061
0.261466360458332,-0.427688714235611,-0.0297909383410832,-0.458513208358065,-0.000711713169279365,0.00974550695745318,-0.00275247098261052
0.265048631318716,-0.401276866203097,-0.0295005568720686,-0.464502625641484,0.000214557848905286,0.00980314616384628,-0.00456105177331934
0.266281636569745,-0.371101017067742,-0.0292421406061635,-0.468328839291022,0.00103479761643502,0.00967057180336674,-0.00627274664199656
0.265784957357566,-0.337735173561413,-0.0290470419308582,-0.470437840916377,0.00170049291101197,0.00929886067530836,-0.00782423409218543
0.263923155171149,-0.301920766452615,-0.0289377890985051,-0.471556835472649,0.00215239205023533,0.00865784465636897,-0.00914452273397604
0.260718823176612,-0.264386656454907,-0.0289485669826931,-0.472598495896182,0.00232746110616657,0.00775196304643228,-0.0101594465601956
0.255979115182155,-0.225654457876037,-0.0291438853834202,-0.474437669224301,0.00217322024968092,0.00663326356727528,-0.0108012674998006
0.249620566722389,-0.185931666238115,-0.0296179031814252,-0.47761224256875,0.00166920934597223,0.00540193778163727,-0.0110216186555525
0.242001719231684,-0.145153762477604,-0.0304664157653052,-0.482083780163933,0.000847215597766469,0.00418766082166761,-0.010802908983405
0.234021289673427,-0.10314073820828,-0.0317457360400687,-0.487203855832553,-0.000204013815697563,0.00311600480419362,-0.0101625038580279
0.226902658748358,-0.0597649776848949,-0.0334464103008849,-0.491923661787515,-0.00135752028987877,0.00227553985348282,-0.00914740011064558
0.221815186467329,-0.015044721353609,-0.0354990309571187,-0.495135513506074,-0.00248256430212226,0.00170131863412706,-0.0078224855827348
0.219559292057831,0.0308514844644017,-0.0378058904163014,-0.495975839109059,-0.0034771847424133,0.00137871964932659,-0.00625819235683567
0.220438741936787,0.0776515331898092,-0.0402787472553673,-0.49398194861878,-0.00428573383397227,0.0012597711771511,-0.00452183756517953
0.224304971118526,0.125034484262665,-0.0428660207539525,-0.48909747859827,-0.00489952353367546,0.00128103077865789,-0.00267372970958249
0.230694764919057,0.172670134041478,-0.0455625383141058,-0.481582047991706,-0.00534639174497596,0.00137623695645755,-0.000766982637734158
0.238992447085672,0.220239680186533,-0.0484021337769922,-0.471884640181339,-0.00567608497032848,0.0014823343205277,0.00115050856465253
0.248582256689066,0.267443501720656,-0.0514360100850029,-0.460515562703268,-0.00594581650043536,0.00154076315613518,0.00303312129323238
0.258981937726351,0.314004048201071,-0.0547002636622414,-0.447927348210611,-0.00620762614029096,0.00149701910517868,0.00483434800491603
0.269954740012977,0.359669405008862,-0.0581772406400217,-0.434404806823338,-0.00649785292834962,0.00130142177509024,0.00650399462883564
0.281586544996608,0.404218618724161,-0.0617592748089629,-0.419970975778856,-0.00682928314857952,0.000913365994575327,0.00798641895470205
0.294296339863828,0.447465382796714,-0.0652295533686951,-0.404333720305354,-0.00718773859575651,0.00030992797978773,0.00922087059494266
0.308738400776387,0.489254824686162,-0.0682792603821072,-0.386913837893982,-0.00753582651864544,-0.000502886767256521,0.0101453104128607
0.325577855048543,0.529451181570699,-0.070574047795873,-0.366987606888056,-0.00782554978814898,-0.00148143092745787,0.0107045584516695
0.345191405735765,0.567921057584881,-0.0718587438034496,-0.343926829665392,-0.00801728996764275,-0.00254544082856029,0.0108614703772294
0.367426953593316,0.604521603535386,-0.07205552992634,-0.317444970350343,-0.00809714426759362,-0.00359300046379626,0.0106067977307935
0.391564309838297,0.639099252398313,-0.0712983821324813,-0.287724282898623,-0.00808309131303043,-0.00452530866539173,0.0099623719203503
0.416509358019934,0.671495314205204,-0.0698792637609281,-0.255358832452252,-0.00801648484566276,-0.00526987714971778,0.00897550555247655
0.441109199266725,0.701549827054582,-0.0681370477090137,-0.221161267478916,-0.00794450287548513,-0.00579196480842098,0.00770773971306414
0.464426460858158,0.729098997611199,-0.0663483265047941,-0.185946459706146,-0.00790322420722072,-0.00609234277304763,0.00622351270168236
0.485878006438709,0.753968495391848,-0.0646625789118538,-0.150382058674301,-0.00790785267149888,-0.00619679722236185,0.00458261945170859
0.505239232306954,0.775968180328667,-0.0630895794974195,-0.11493218683982,-0.00795104802792917,-0.00614431486532446,0.00283720856921082
0.522565784234097,0.794893149208967,-0.0615245469614147,-0.079873974366574,-0.00800695708625878,-0.00597831486239891,0.00103216305297125
0.538084118721139,0.810534267642184,-0.0597930406472695,-0.0453534208341684,-0.00803811683898864,-0.00574209621932675,-0.000792608721123716
0.552079652401506,0.822700304955767,-0.0577041938519036,-0.0114538562471626,-0.00800346769749827,-0.00547760765384853,-0.00259902915311377
0.564790645840338,0.831252716065104,-0.0551077124771208,0.0217387290163227,-0.00786683688538696,-0.0052257393295645,-0.00434747564318432
0.57630777339022,0.836151086090073,-0.0519518129235557,0.0540820280454519,-0.0076056795270624,-0.00502609312750046,-0.00599362051594918
0.586485040835604,0.837500548593712,-0.0483344562296102,0.0853423086083905,-0.0072193452001413,-0.00491435186710395,-0.00748608422559429
0.594883979348364,0.835582396805949,-0.0445306985694065,0.115186935666495,-0.0067347808785003,-0.00491611421467256,-0.00876593259602904
0.600789953225785,0.83084062245481,-0.0409712629701863,0.143215450435169,-0.00620609020127964,-0.00503783482495655,-0.00976948963120563
0.603337475389182,0.823801526575735,-0.0381535241954564,0.169034557139572,-0.00570439150076325,-0.00525833512366937,-0.0104356655663845
0.601739776812686,0.81493214778729,-0.0364963181878874,0.192363094650656,-0.0052979569680091,-0.00552672485461721,-0.010717154833981
0.595543522712403,0.804489021890922,-0.0361947681862249,0.213125500288283,-0.00502938276524126,-0.00577143639974827,-0.0105917584763831
0.584780529679024,0.792434927454595,-0.0371521434723635,0.23148080768421,-0.00490142692214509,-0.00591896283104642,-0.010068288647416
0.569930125142946,0.778471513644506,-0.0390288760253894,0.24776223372009,-0.00487980843173824,-0.00591385379388437,-0.0091837526929889
0.551720618285649,0.762166608347949,-0.0413768068248463,0.262355822973553,-0.00491080493498973,-0.00573040538083602,-0.00799362885213119
0.530885471725252,0.743107275925071,-0.0437834299164988,0.275579309687028,-0.0049432077568151,-0.00537250144160431,-0.00656045170623609
0.50798366982363,0.721016513590708,-0.0459660112345199,0.287609740432105,-0.00494454647603425,-0.00486518049356934,-0.00494517997612871
0.483327629377929,0.695809439785349,-0.0477994298121911,0.298471520649452,-0.00490757971094755,-0.00424418293359013,-0.00320287229011318
0.457002982654159,0.667596217314989,-0.049294096221632,0.308068593395972,-0.00484848549026339,-0.00354804414996845,-0.00138194182368901
0.428942295241162,0.636649452704202,-0.0505488440033972,0.31623763813453,-0.00480010120237754,-0.00281428385039913,0.000474399372444712
0.399019773867935,0.603349606310454,-0.0516974823427135,0.322806108117769,-0.00480287262056837,-0.00207902730561685,0.00232561404778453
0.367147020224351,0.568113495313212,-0.0528586510840644,0.327648124078291,-0.00489476787480644,-0.00137834901609272,0.0041309053543318
0.333358553051328,0.531305690081111,-0.0540931162127239,0.33073553608241,-0.00510058158600687,-0.000749323813291278,0.00584633062544978
0.297876185613839,0.493135172971429,-0.0553721563515659,0.332178690915551,-0.00542136056644288,-0.000228846301246597,0.00742249142635043
0.261135281288359,0.453552677870677,-0.0565638355003984,0.332243644673216,-0.0058261495048975,0.000151211742360212,0.00880365064590653
0.22375040332028,0.412185552808131,-0.0574471271214578,0.331326481651755,-0.00625018763333909,0.000372585211691844,0.00992951059352089
0.186404702594538,0.36836390071338,-0.0577613133442136,0.32987191992388,-0.00660427378092686,0.000440559928126211,0.0107408169601513
0.149677004931777,0.321278863847902,-0.057284681915487,0.32825006897275,-0.0067967952145477,0.000390193687467808,0.0111887093085753
0.113866101805694,0.270252223133764,-0.0559152923786993,0.326641330098428,-0.00676242423452633,0.000283295834823836,0.0112452529016018
0.0788980327396857,0.215011458531253,-0.0537141630333801,0.324991909844894,-0.00648446630609414,0.000194718564342339,0.0109105063747212
0.0443711025903312,0.155831438387979,-0.0508859601567449,0.323066434416841,-0.00599891089498892,0.000193281813123018,0.0102123128338084
0.00971606137617753,0.0934725864622445,-0.0477087126509739,0.32056327078133,-0.0053787382059327,0.000326279883972523,0.00919895328298321
-0.025611557868078,0.0289640879637584,-0.0444516009061969,0.317227107223251,-0.00470822043082291,0.000613529911305779,0.00792860779511522
-0.0619878995363137,-0.0366515368795719,-0.0413170610382872,0.312913290573543,-0.00405973323988239,0.00105057616509346,0.00646014580116784
-0.0995605332237004,-0.102514905754933,-0.0384202841943132,0.307598817598066,-0.00348033779022632,0.00161652851051372,0.00484758695605527
-0.138261415865765,-0.168049520553489,-0.0357985413583968,0.301359556680749,-0.00298868937079932,0.00228190886474694,0.00313817852633678
-0.177864369173605,-0.23297387637761,-0.033435430666603,0.294334820358905,-0.0025791816028754,0.00301394357777908,0.0013729288704122
-0.218060999804842,-0.297251484744268,-0.0312878043144603,0.286690973642237,-0.00222979671578344,0.00377880303554304,-0.000411551959228418
-0.258538978219509,-0.361000157500907,-0.0293087509285627,0.278586930207453,-0.00191120360068354,0.00454152999773675,-0.00218065767306014
-0.299054200993895,-0.424372129381843,-0.0274643283931725,0.270140360155698,-0.00159581781071391,0.00526494776415496,-0.00389928149732934
-0.33948998659668,-0.487412030816085,-0.0257437130704873,0.261393948003678,-0.00126615137564453,0.00590903227186954,-0.00552954797096562
-0.379892745446262,-0.549905989249137,-0.0241626771683318,0.2522849095092,-0.000921684241770443,0.00643222656704517,-0.00702920211046798
-0.420468311673768,-0.61125266621218,-0.0227599842741765,0.242626970723773,-0.000582857693659979,0.00679586376245065,-0.00835124730594592
-0.461522981199224,-0.670408444370608,-0.0215865705371602,0.232119643203186,-0.000290133679521162,0.00697193968615519,-0.00944555133793873
-0.503345921688635,-0.725966206470925,-0.0206890427027808,0.220399632039644,-9.62608671055852e-05,0.00695272172935298,-0.0102629757088979
-0.546057472145256,-0.776396613511287,-0.0200918790711803,0.207136879256833,-5.18536210841998e-05,0.00675852450478489,-0.0107618376453507
-0.589479289137397,-0.820404990998369,-0.0197850491484591,0.19215213639974,-0.000188061149301825,0.00643891369642461,-0.0109152094650986
-0.633091255228954,-0.857271820066741,-0.0197229653974758,0.175507903655829,-0.000503381971212495,0.00606442626010627,-0.010716432165363
-0.676106709970101,-0.887021531466748,-0.0198357277039641,0.157524381444803,-0.000961281044394248,0.00571059789711441,-0.0101804200680192
-0.717636381036734,-0.910342448053437,-0.0200472795869559,0.138706949251172,-0.00150014112422999,0.00544058186409527,-0.00934019004685816
-0.756867167664283,-0.928310618406209,-0.0202921276350128,0.119618902066574,-0.00205063020676966,0.00529322178426548,-0.00824031485337456
-0.793186325953823,-0.942054203387712,-0.020524643608491,0.100756212248101,-0.00255268272331317,0.00527977740750291,-0.00692999358107556
-0.826222901714169,-0.952486154341978,-0.0207200303289033,0.0824671945036008,-0.00296635259658608,0.00538786506184462,-0.00545777272406454
-0.855820643831977,-0.960165607400594,-0.0208698401039845,0.0649278908982226,-0.00327507137620944,0.00558873891233508,-0.00386861481835729
-0.881976563976035,-0.965282744044944,-0.0209758449021213,0.0481588973572025,-0.00348306956349797,0.0058443319368166,-0.00220302742642107
-0.904776872926539,-0.967729269136016,-0.0210449256449788,0.0320615235367439,-0.00360972301468279,0.00611215053494721,-0.000497617294374336
-0.924348974660904,-0.96721463972991,-0.021086002702568,0.0164564336194457,-0.00368301211001346,0.00634779448924113,0.00121352202200912
-0.940834850352395,-0.963400463000815,-0.0211087950684126,0.00111777912801496,-0.00373321962949709,0.00650595683997514,0.0028970429722948
-0.954382052160266,-0.956037642323635,-0.0211235661375759,-0.0141957831404502,-0.00378718422976158,0.00654124185451361,0.00451856301760208
-0.965143959629464,-0.945095040280667,-0.0211408454217321,-0.0297076283832313,-0.00386316209512938,0.00641018328475246,0.00604121866353068
-0.973279747299536,-0.930862952045066,-0.0211702718003935,-0.0455825411963766,-0.00396661893865923,0.00607550943852769,0.00742493304496579
-0.978945807711325,-0.914003398805596,-0.0212181795390572,-0.0618799018533363,-0.00408785666705834,0.00551290767590727,0.00862681218473988
-0.982274142703421,-0.895511757082679,-0.0212843746059831,-0.0785105888202657,-0.00420284465955379,0.00471922788979055,0.00960305782991903
-0.98333966534003,-0.876564248329895,-0.0213595549493239,-0.0952155392084556,-0.00427839020720745,0.00371948814334962,0.0103125732795734
-0.982126391507827,-0.858263307767211,-0.0214254424764033,-0.111584529620773,-0.00428141108849963,0.0025690270629082,0.0107219268979689
-0.978508500599191,-0.84134980100441,-0.0214591203668005,-0.127121887891559,-0.00418985177773251,0.00134785215626455,0.0108105866230331
-0.972260820857899,-0.825993218504367,-0.0214410305931651,-0.141344296347039,-0.00400104618271284,0.000147175834453827,0.0105747531894894
-0.963102182817091,-0.811756541633351,-0.0213635905414925,-0.153877425459121,-0.00373371692962815,-0.000947948350742487,0.0100282756706359
-0.950759152652166,-0.797754779012741,-0.021236338159051,-0.164517024838676,-0.00342262031178535,-0.00187374984068277,0.00920021540477275
-0.935028288590958,-0.782933493047396,-0.0210849850852231,-0.173238262194894,-0.00310832303261766,-0.00259573669183585,0.00813000788231017
-0.915818138279949,-0.76634978912038,-0.0209447628903172,-0.180161266285471,-0.00282636722393194,-0.00310842155157256,0.00686195697178936
-0.893164269744276,-0.747363153386617,-0.0208508703569167,-0.185495478069368,-0.00259936174861926,-0.00342914396365788,0.00544061109589347
-0.867222117474859,-0.725704188989042,-0.0208293899960954,-0.189485530661341,-0.00243345697109499,-0.00358972196435088,0.00390781317874505
-0.838247209284276,-0.701440787068114,-0.0208910617041405,-0.192372477491472,-0.00231880037445099,-0.00362898408646209,0.00230147852987807
-0.806570529248407,-0.674882681766734,-0.0210289040683183,-0.194374038098928,-0.00223271832651139,-0.00358768814958984,0.000655738198295373
-0.772571874975094,-0.646461820305045,-0.0212197253219858,-0.195680490611243,-0.00214441706696802,-0.00350594554520217,-0.000998032169381712
-0.736649494642566,-0.616612498592331,-0.0214292677983092,-0.196459605349413,-0.00202045218380581,-0.00342242778992091,-0.0026297361082717
-0.699182081038667,-0.585663696285194,-0.0216207758679149,-0.196863634203328,-0.00183062602981256,-0.00337428173946156,-0.00420898281005688
-0.660480318294137,-0.553751630508454,-0.0217666652757526,-0.197032798092374,-0.00155406966660693,-0.00339664540706381,-0.00570369297466067
-0.620729972483054,-0.520762879430236,-0.0218622571652845,-0.197092278438226,-0.00118497309084607,-0.00352083466845815,-0.00707913560007247
-0.579936582094678,-0.486323642079993,-0.0219390499391886,-0.197142894482892,-0.000736842740285411,-0.00377068174440413,-0.0082976898432043
-0.537891048973089,-0.449852617444013,-0.0220730875466829,-0.197248673612231,-0.000243578674786965,-0.0041572395091968,-0.00931971701623546
-0.494180971606703,-0.410686476646014,-0.0223827732524301,-0.197426352940849,0.000244423589853525,-0.00467313549664972,-0.0101059531248791
-0.448266931710361,-0.368263448948284,-0.0230117850383559,-0.197641682618285,0.000669934060284193,-0.00528896716255806,-0.010621575333751
-0.399620537419138,-0.322317078713925,-0.0240979588657725,-0.19781533925238,0.000982762020261462,-0.00595450449678963,-0.0108413956345346
-0.347887093915697,-0.273008203981103,-0.0257369056630382,-0.197838333336602,0.00115346887429144,-0.00660620580271619,-0.0107547068356381
-0.293011255544549,-0.220934040612159,-0.0279547619087335,-0.197594129834682,0.001181275916007,-0.00717965668586585,-0.0103678557636427
-0.235272608489584,-0.1670049256529,-0.0307022688124826,-0.196982813654163,0.00109253437355955,-0.00762267049521111,-0.0097032995988569
-0.175220541999796,-0.112241791809427,-0.0338722542017987,-0.195941774910423,0.000930658982953192,-0.00790421434462643,-0.00879547495146524
-0.113544804456269,-0.057576993074397,-0.0373315379439181,-0.19445809534608,0.00074232690490975,-0.00801662133564815,-0.00768516298455529
-0.0509378812710329,-0.00372211752878075,-0.0409538135999375,-0.192570337873923,0.000565437414588698,-0.00797188527652096,-0.00641427595157767
0.012007704870725,0.0488778070594134,-0.0446433461906653,-0.190360817655147,0.00042211824985463,-0.00779490962714084,-0.00502225340151715
0.0748514143698461,0.10002079034301,-0.0483458964255556,-0.187941901864924,0.000317161665862907,-0.00751665317341242,-0.00354430342616099
0.137312150045885,0.14968597299654,-0.0520484501800606,-0.185440319046139,0.00024044372048568,-0.00716896749132192,-0.00201112553861
0.19924621439887,0.197960079448788,-0.0557714023498953,-0.182982127298413,0.000171463257305151,-0.0067816391387981,-0.000449592167194303
0.260609712449069,0.244967878115379,-0.0595565493264269,-0.180679047552256,8.45830348595253e-05,-0.00638130434629775,0.00111604010383426
0.321414163960362,0.290812526639574,-0.0634529973703393,-0.178615443681098,-4.57784013485181e-05,-0.00599154183870436,0.00266266648692965
0.381679326817873,0.335526520440998,-0.067501970906903,-0.176834972685338,-0.000240257057828707,-0.00563339345046697,0.0041667906030992
0.441384980783169,0.379033444149276,-0.0717210840389108,-0.175327011411056,-0.000510028258927999,-0.00532564288535201,0.00560305072159932
0.500424088214633,0.421123423549587,-0.0760891473420853,-0.174015174324833,-0.000852891706923876,-0.00508432345570657,0.00694301376079457
0.558562921750796,0.461449066326306,-0.0805339566746219,-0.172752836022917,-0.00125059756398371,-0.00492114262354972,0.00815453949461626
0.615418324522621,0.49955114871072,-0.0849272613958895,-0.171332093261142,-0.00166853505272,-0.00484087640161719,0.00920213392398237
0.670465683407357,0.534920969759841,-0.089092087546167,-0.169511002459526,-0.00205908348981985,-0.00483834373619356,0.0100487353283597
0.723089103346685,0.567096183877956,-0.0928260805464946,-0.167057758206924,-0.00236932247189922,-0.00489619685824834,0.0106591456102624
0.772673589844215,0.595769895956993,-0.0959392797085257,-0.163801049218119,-0.0025521645980985,-0.00498506686657486,0.0110047272635785
0.818719066632289,0.620877137566529,-0.0982969232427006,-0.159668557779824,-0.00257784054921159,-0.0050670842786796,0.011068197351624
0.860938392712656,0.642621962658565,-0.0998521363307605,-0.154697276552489,-0.00244146771549141,-0.0051023602002786,0.0108468768686441
0.899301047532129,0.661429506027109,-0.100655062976372,-0.149011539277014,-0.00216351919291741,-0.00505640740443565,0.0103531173775889
0.934005936729742,0.677840571766129,-0.100834845287076,-0.142779914915009,-0.00178312208535787,-0.00490587484930711,0.00961177903624551
0.965397991566687,0.692389916430174,-0.100562752026663,-0.136169718579525,-0.00134722379429814,-0.00464086590427706,0.00865584413074433
0.993863501883148,0.705509142444963,-0.100011012017655,-0.129314051005312,-0.000899780760941567,-0.00426380612185224,0.00752174718521587
1.01973876516712,0.717475907805418,-0.0993199952231508,-0.122296410157417,-0.00047402485149154,-0.00378614401116629,0.00624565519281488
1.04325195715383,0.728408820835169,-0.0985797861827946,-0.115149741155317,-8.88462692245945e-05,-0.00322451180188996,0.00486120138751218
1.0645015881354,0.738293791260194,-0.097825883264133,-0.107863735916823,0.000251256399517699,-0.00259755495632883,0.00339857421213988
1.08346450205336,0.74702479183385,-0.0970453635104681,-0.100395106353016,0.000553869229983298,-0.0019239814338741,0.00188459107570061
1.10002323144183,0.754445877146251,-0.0961893075101626,-0.0926778724958216,0.000835145814614565,-0.00122184731769937,0.000343374557865808
1.11400402220325,0.760387147140564,-0.0951883076911274,-0.0846327382623867,0.0011158450477121,-0.000508784496437188,-0.00120265210278455
1.12521990053493,0.764692242574822,-0.0939692575857249,-0.0761758749099162,0.00141729605723263,0.000197261648816367,-0.00273162958521218
1.13351562674449,0.767237928696925,-0.0924725782322377,-0.0672280119666251,0.0017574134515744,0.000877261353141482,-0.00422110249891303
1.13881216699014,0.767947453244285,-0.0906692335651146,-0.0577248362176931,0.00214683519722191,0.00151077564834773,-0.0056469353351811
1.14114708281044,0.766799134256035,-0.0885762486932831,-0.047629343779303,0.00258540410601352,0.00207652174866472,-0.00698243748956841
1.14070433476779,0.763830576668895,-0.0862681460906817,-0.0369458223925368,0.00305952164383204,0.00255416020068411,-0.00819790448805887
1.13782364461439,0.759137572805957,-0.0838802701184945,-0.0257333920907361,0.00354126215738399,0.00292737604169885,-0.00926087399553822
1.13297815368683,0.752865747815006,-0.0815993711333026,-0.0141146913182188,0.00399033147489086,0.00318786507825514,-0.010137439447764
1.12671294181533,0.74519316648609,-0.0796384213967051,-0.00227339878557601,0.0043596684444338,0.00333922112275167,-0.0107948513920899
1.1195483890232,0.736304149831492,-0.0781973906522948,0.0095651525652366,0.00460445592148633,0.00339920192146253,-0.0112052671444285
1.11186935505829,0.726358395366385,-0.0774187326321109,0.0211710598826793,0.00469265882466912,0.00339887116524606,-0.0113499242668681
1.10383504299989,0.715463481495465,-0.0773519594882772,0.0323566899413717,0.00461375021480895,0.0033780177855233,-0.0112225037405983
1.09534364841059,0.703659971646548,-0.0779411014442272,0.0430175959907753,0.00438221180722924,0.00337783485101089,-0.0108304440537273
1.0860662304053,0.690924539462035,-0.0790404263561131,0.053151518500437,0.00403425108201517,0.00343320873131133,-0.0101936568778641
1.07553568137425,0.677189205587553,-0.0804519087802166,0.0628485279744666,0.00361904945425208,0.00356716319809473,-0.00934113510974658
1.06325683881662,0.662368382004355,-0.0819700284947616,0.0722582125102322,0.00318793134682948,0.00378887612507801,-0.00830668118761639
1.04880289782546,0.646383773317158,-0.0834196390361775,0.0815480434557069,0.00278498030431698,0.00409505495470113,-0.00712502644174164
1.0318772121063,0.629180351812649,-0.0846788489105876,0.0908668157780438,0.00244119401331341,0.00447332543179269,-0.0058291112838479
1.01233665467609,0.610731675401345,-0.0856860557111982,0.100320979877031,0.00217248910884089,0.00490606544120577,-0.00444868598331255
0.990184142787707,0.591036795242233,-0.0864348447409166,0.109964863204613,0.00198069061140073,0.00537355458306668,-0.00300999227812744
0.965541694612644,0.570112754788945,-0.0869617440893113,0.11980154710942,0.00185628867041026,0.00585594306329143,-0.00153615792619685
0.938613884243978,0.54798664367302,-0.0873309743673885,0.129790021607263,0.00178194852395766,0.00633405096063834,-4.79815103959282e-05
0.909648062450413,0.524690272066106,-0.0876187659198039,0.13985509731506,0.00173615960512601,0.00678929830101514,0.00143511350612588
0.878894490655191,0.500259461247463,-0.0878984708012734,0.149898103470834,0.00169676469196452,0.00720318155910194,0.00289408852423102
0.8465676725132,0.47473894725828,-0.0882269638534046,0.159807758929205,0.00164431389454764,0.00755673048036692,0.0043093467382736
0.812809958870484,0.448192884232849,-0.0886327596584275,0.16947134862611,0.00156521942924472,0.00783035442093671,0.00565991063125337
0.777659823434055,0.420719695816955,-0.0891067445820089,0.178786366573126,0.00145456460143176,0.00800443308905557,0.0069228181747798
0.741029597100983,0.392468405513564,-0.0895971814615471,0.187672200035246,0.00131819197555665,0.00806089750355354,0.00807288708465075
0.702699952944218,0.363651716660427,-0.0900112736989975,0.196080514139282,0.00117345253918692,0.00798583452984979,0.0090830531381932
0.662339389829185,0.334549665092592,-0.0902254757810151,0.204002219981896,0.00104789391015078,0.00777279627531343,0.00992550411212437
0.619554178009048,0.305497870560584,-0.0901052642764963,0.211468825758915,0.00097539916089123,0.00742604351203454,0.0105737344906297
0.57396614975614,0.276857629478294,-0.0895320067871383,0.218546946180018,0.000989989141429426,0.00696257971092141,0.0110053815973257
0.525303600681688,0.248971566033129,-0.0884307370868073,0.225326612262111,0.00111853802922052,0.00641183873210374,0.0112053103663313
0.47348002215246,0.22211604388656,-0.0867902045222584,0.231905966463795,0.00137451410292292,0.00581250225255916,0.0111680850167053
0.418634267772031,0.196465568136341,-0.0846678346339398,0.238375912750035,0.00175488070942525,0.00520700919896867,0.0108989727324104
0.361117869591375,0.172081343817796,-0.0821775638171446,0.244807840281836,0.00224121609357281,0.00463530971660133,0.0104130850330648
0.301435238955135,0.148926892166447,-0.0794652025188886,0.251246119487649,0.00280446016264388,0.00412968165125271,0.0097329632492353
0.240158892490104,0.12690359018347,-0.0766801102398326,0.257705618656851,0.00341144475132401,0.00371182299435011,0.00888543738219999
0.177846189333145,0.105893755089929,-0.0739515680971538,0.26417359765048,0.00403113451835826,0.00339241376564098,0.00789865977207786
0.114976933294297,0.0857999282086692,-0.0713745432675031,0.270614957944916,0.00463915632597931,0.0031725232674437,0.00679990465761866
0.0519194886239477,0.0665737754838077,-0.0690053141785705,0.27697965978184,0.00522012980011042,0.00304593011268102,0.00561430623334777
-0.0110765513900136,0.0482330054946843,-0.0668646645810878,0.283211008036091,0.00576802695995099,0.00300154216917042,0.00436440825926296
-0.0738678763060547,0.0308678539320899,-0.0649454772464451,0.289253513383783,0.00628511752964682,0.00302540912764834,0.00307028146310513
-0.136392493034391,0.0146396943904496,-0.0632219667007335,0.295059231807462,0.0067800792170496,0.00310211987247865,0.00174997759309988
-0.198638005405902,-0.000226165077688547,-0.0616587012496766,0.300591841757694,0.00726571964323813,0.00321559069119225,0.00042015191524025
-0.260606738487428,-0.0134526718661116,-0.0602184405424336,0.30582811470892,0.00775658853418422,0.00334937607145135,-0.00090325391363304
-0.322279750282721,-0.0247287092435203,-0.0588684187603352,0.310756753773291,0.00826662411507172,0.00348669692629837,-0.00220433966875699
-0.383581283305593,-0.0337337100047484,-0.0575849988099234,0.315374770560945,0.00880690768225695,0.00361040648468766,-0.00346664255561731
-0.444345897037711,-0.0401707470725435,-0.0563566746713041,0.319681688521912,0.00938360302253146,0.00370311556495225,-0.00467266183274161
-0.504292155105273,-0.0438084873200799,-0.0551853166170703,0.323672017579655,0.00999622296765503,0.00374767704442683,-0.0058035841738423
-0.56300868649325,-0.0445297090797042,-0.0540854646135622,0.327326776161338,0.0106364657462815,0.00372817299295503,-0.00683929418902733
-0.619959605373009,-0.0423800465971901,-0.0530815057463642,0.330605412710858,0.0112879497740431,0.00363144034236168,-0.00775875699398922
-0.674515226530976,-0.0376062473174138,-0.0522028182704576,0.333440182542082,0.0119271797921366,0.00344900232347848,-0.00854083762425287
-0.726009562233059,-0.030670554304131,-0.0514774420134567,0.335735472159969,0.012525932352898,0.00317906068156835,-0.00916556009988655
-0.773818285401105,-0.0222294566901518,-0.0509254197403566,0.337374130761995,0.0130549260221373,0.00282801167522762,-0.00961570183720813
-0.817441937183577,-0.0130726778388422,-0.0505533791846171,0.338231125226734,0.0134882016446935,0.0024108839909944,-0.00987848718501945
-0.856573414585362,-0.00403072031918281,-0.0503518764583412,0.338192043187302,0.0138072514816179,0.00195026106686994,-0.00994703996640999
-0.891130428773248,0.00412830481270725,-0.0502963407802843,0.337171349263692,0.0140038272623963,0.00147365651762796,-0.00982124589868421
-0.921243678396733,0.0107860372134594,-0.0503513306586592,0.335124482372654,0.014080663713552,0.00100982347885827,-0.00950779779914461
-0.947205986273005,0.0155236600538147,-0.0504767300212595,0.332049715688966,0.0140499955648946,0.000584857159419336,-0.00901941576949049
-0.969399657085129,0.0181257980724526,-0.0506340013482298,0.327979422359737,0.0139304345280667,0.000218999552799152,-0.00837345608545033
-0.98822341550902,0.0185454777677236,-0.0507908731280215,0.322964056337176,0.0137431900222248,-7.52379899403553e-05,-0.00759024974925027
-1.00403591040909,0.0168472261423756,-0.0509236447517822,0.317054025407062,0.0135086182427724,-0.000293485426048617,-0.00669150751353744
-1.017123689499,0.0131473001458631,-0.0510171918462614,0.310284239534199,0.0132437572332927,-0.000438723891127702,-0.00569902648387848
-1.027692661166,0.00756535940730568,-0.0510633758485461,0.302664247513485,0.0129610687091678,-0.000519779665716962,-0.00463380119833964
-1.03587652344308,0.000194527266371904,-0.0510587729270246,0.294174741641698,0.0126682546546986,-0.000549595291574123,-0.00351553384659514
-1.04175405024985,-0.00890980087238567,-0.0510025199810152,0.284769682303988,0.0123688349153712,-0.000543640876768249,-0.00236247577114292
-1.04536836660679,-0.0197261398555662,-0.0508947953518714,0.274382633583039,0.0120631474052794,-0.000518652190648471,-0.00119151063637122
-1.04674383563921,-0.0322533554310994,-0.0507361532533863,0.262935923666605,0.0117495023418028,-0.000491725489876065,-1.83930481014589e-05
-1.04589868414868,-0.0464923809015879,-0.05052769234281,0.250351598528604,0.0114253210685852,-0.00047969203745972,0.00114192979061989
-1.04285336027033,-0.0624271514925685,-0.0502718791013693,0.236563503813834,0.0110881745009296,-0.000498641179391499,0.00227497117475259
-1.03763567428171,-0.0800075266796286,-0.0499737507995537,0.221530000745586,0.0107366862761605,-0.000563450573117089,0.00336637955096929
-1.03028412219106,-0.0991361011186129,-0.0496421678172869,0.205246705427546,0.0103712796773993,-0.000687205092258216,0.00440167575353364
-1.02085062919831,-0.119660332248921,-0.0492907573099123,0.187758249240995,0.00999473460181325,-0.000880434615430122,0.00536609285336564
-1.00940347269264,-0.141371217192288,-0.0489381930551542,0.169167494973623,0.009612496215208,-0.00115017083381215,0.0062445606686449
-0.996030518665573,-0.164009574109533,-0.0486075098391058,0.14964011443965,0.00923265834211915,-0.00149890907369731,0.00702187779601976
-0.980842279633712,-0.187280506243018,-0.0483242827018139,0.129402239298095,0.00886555029117853,-0.00192365127816493,0.00768310667231805
-0.96397382400659,-0.210875594252382,-0.0481137291791717,0.108729369991582,0.00852289972710168,-0.00241527825693717,0.00821420376143142
-0.945584388755976,-0.234500722559236,-0.0479970988776581,0.0879261022650319,0.00821662912251634,-0.00295852039800867,0.00860285221048524
-0.925853787286662,-0.257905515618436,-0.0479880261221471,0.0672984287983141,0.00795745270846154,-0.00353273383935165,0.00883940241170215
-0.904975376685551,-0.280908858560485,-0.0480897130816925,0.0471228429660328,0.00775353686549896,-0.00411353209348279,0.00891776505040048
-0.883146292312288,-0.303414791308849,-0.0482937532984375,0.027618244126089,0.00760952166825058,-0.00467510180464754,0.00883607050954373
-0.860556541672773,-0.325414750192574,-0.0485810471578703,0.0089267406367987,0.0075261418014968,-0.00519282095109275,0.00859693368767975
-0.837378996199911,-0.346975409087997,-0.0489246927415691,-0.00889251173160407,0.0075005384939503,-0.00564568888628754,0.00820724771018636
-0.813762107592468,-0.368215085349204,-0.0492941747563092,-0.025855714219117,0.00752717243267851,-0.0060181249575774,0.00767754609754769
-0.789826383722779,-0.389274355533536,-0.0496598520103199,-0.0420358754053988,0.0075991021767941,-0.00630087853124235,0.0070210745890997
-0.765664631573949,-0.410287228915806,-0.0499967723497065,-0.0575383957723031,0.00770933438347356,-0.00649103703211134,0.00625276305905394
-0.741345120089734,-0.431358006426266,-0.0502871627474634,-0.0724762948377811,0.00785198703715214,-0.0065913240593284,0.00538827531644976
-0.716916398934737,-0.452546660108689,-0.0505213773180986,-0.0869494284908055,0.00802310111205326,-0.00660898622548524,0.00444325892122055
-0.692412563658509,-0.47386324485574,-0.0506974614194191,-0.101030130816552,0.00822104252063179,-0.00655456888571372,0.00343284902739815
-0.667858142319588,-0.49527020854573,-0.0508197082750897,-0.114755880791085,0.00844651896121653,-0.00644081031017371,0.00237142410115933
-0.64327229984813,-0.516690699336061,-0.0508966399822513,-0.12812832861308,0.00870228095371434,-0.00628178476566289,0.0012725775958286
-0.618672552660509,-0.538020905588957,-0.0509387892594556,-0.141117422206159,0.00899258644664781,-0.00609233083655755,0.000149256592720532
-0.5940785625457,-0.559144773644213,-0.0509565580962817,-0.153669299321721,0.0093224963893757,-0.00588772854461365,-0.000985981379877946
-0.569516788609325,-0.579949814681327,-0.0509583368872463,-0.165716810342148,0.00969704858535541,-0.00568354027855296,-0.0021206365981523
-0.545026787158341,-0.600342910849387,-0.0509490109042818,-0.177191782712275,0.0101203406383001,-0.0054955024614597,-0.00324189884285813
-0.520669719902186,-0.620264948782275,-0.0509289654075141,-0.188038262422114,0.0105945482892766,-0.00533934299412481,-0.00433628045238561
-0.496539109537932,-0.639702735818184,-0.050893713408279,-0.198225873973317,0.0111189181848195,-0.00523040288849406,-0.00538929415069527
-0.472773029175614,-0.658696095715872,-0.050834284391131,-0.207762108901541,0.0116888059951024,-0.00518296292660189,-0.00638523023367752
-0.449565759400153,-0.677337538035262,-0.0507384921924246,-0.216701860407669,0.0122948786364997,-0.00520922508287934,-0.0073071014399632
-0.427175684177509,-0.695761833976563,-0.0505931086556944,-0.225152060968495,0.0129226516980083,-0.00531798090499536,-0.00813683301835686
-0.405925247123961,-0.714123687333521,-0.0503867844807381,-0.233269164573757,0.0135525672347802,-0.00551311416995137,-0.00885576872180113
-0.386188792517229,-0.732563839937616,-0.0501132967479494,-0.24124781260095,0.0141607997505865,-0.00579221427236487,-0.00944552772092203
-0.368365710044924,-0.751167344889294,-0.04977444152032,-0.249300578709451,0.0147208769642889,-0.00614567702508285,-0.00988917573998846
-0.352839695039709,-0.769921550865465,-0.0493817632806452,-0.257631070193018,0.0152060080368082,-0.00655668005488505,-0.010172575251156
-0.339929420707436,-0.788683953645759,-0.0489564551074941,-0.266405178514564,0.0155917669086428,-0.00700228946609684,-0.0102856862783495
-0.329839807583832,-0.807169715681003,-0.0485272125162501,-0.275726798795669,0.0158585801429778,-0.00745568308896452,-0.0102235478710097
-0.322624395237762,-0.824964549137266,-0.048126447536792,-0.285623875162983,0.0159934327098057,-0.00788914270093094,-0.00998671640063937
-0.318167037126284,-0.841561906478955,-0.0477857985434899,-0.296048002779642,0.0159903902631285,-0.00827721032593824,-0.0095810671992275
-0.316186015512165,-0.856416731625143,-0.047532052262331,-0.306886983771772,0.0158498873800323,-0.00859934404303707,-0.00901703143097273
-0.316257939295667,-0.86900418253966,-0.0473843558397192,-0.317986308353321,0.015577096231251,-0.00884157588126753,-0.00830847153197757
-0.317854776264857,-0.878871967668203,-0.0473530890641305,-0.32917383794818,0.0151799115226038,-0.00899698596705601,-0.00747144874307181
-0.320386212506692,-0.885678407032134,-0.0474402467668575,-0.340282334750916,0.0146670942659226,-0.009065124492045,-0.00652310315504316
-0.3232408302274,-0.88921299688883,-0.0476408505692899,-0.351166271182006,0.0140469497107278,-0.00905072336318442,-0.00548078476590647
-0.32582206694701,-0.889400223074426,-0.0479448271664473,-0.361711526416574,0.0133266788054934,-0.00896210328742103,-0.00436148635653377
-0.327577284924001,-0.886289686695439,-0.0483388959265003,-0.371838301031061,0.0125123392039281,-0.00880962734790971,-0.00318156425457507
-0.328019811388568,-0.880036314649645,-0.0488081930132454,-0.381498496515835,0.0116092367386795,-0.00860443639313788,-0.00195669909210305
-0.326744397645518,-0.870874105710406,-0.0493375300786802,-0.390668977580248,0.0106225473349155,-0.00835757688029612,-0.000702038776484697
-0.323436476462,-0.859086164092763,-0.0499122935974343,-0.399341849225376,0.00955801618915448,-0.00807952845812148,0.000567531133169848
-0.317875285958443,-0.844973162983226,-0.0505190279775917,-0.40751247800997,0.00842265686059853,-0.00778006551381675,0.00183703835450706
-0.309930717898476,-0.828822088788886,-0.0511457295274986,-0.415165754769891,0.00722544064549337,-0.00746834042157886,0.00309104130973806
-0.299553833646601,-0.810877192142202,-0.0517818377643144,-0.422261225282141,0.00597799815391317,-0.00715304921354407,0.0043132600744155
-0.286761430082403,-0.791315448962162,-0.0524178752128671,-0.42871827815167,0.00469533481306499,-0.00684252919679644,0.00548627620647841
-0.271615802515517,-0.770229354099824,-0.0530446835925896,-0.434403498620707,0.00339648958695704,-0.00654464611593355,0.00659137107808549
-0.254201855955358,-0.747620241225944,-0.0536522557570994,-0.439123311944411,0.00210495869633633,-0.00626636606423839,0.0076085889249156
-0.234604790896586,-0.723405107906426,-0.0542282821256161,-0.442625676886039,0.000848602344342883,-0.00601298637290026,0.00851712000492263
-0.212892412819367,-0.697438609386348,-0.0547567079437519,-0.444614214896877,-0.000341287688426697,-0.00578712230134449,0.00929608439263777
-0.189106186630258,-0.669549137177737,-0.0552167817387739,-0.444776196581836,-0.00143199070358321,-0.00558769022286849,0.00992573909031628
-0.163263937955606,-0.639583983337098,-0.0555831638759311,-0.442822155291649,-0.00239240023871128,-0.00540923814302265,0.0103890223814424
-0.135374372935416,-0.607454693995805,-0.0558275364210399,-0.438530401025945,-0.00319668845486859,-0.00524197681310989,0.0106732103704881
-0.105459899950102,-0.573171763212122,-0.0559217535682439,-0.431786221131023,-0.00382780224622549,-0.00507270970375576,0.0107713471671866
-0.0735810153911285,-0.536859489087788,-0.0558419921544494,-0.422605198514716,-0.00427985774145707,-0.00488657437957507,0.0106830926407926
-0.0398544638624239,-0.498747217370844,-0.0555728631678187,-0.411133836431454,-0.00455872077375736,-0.00466920849828113,0.010414748761142
-0.00445935071747304,-0.459140298379214,-0.0551103140833225,-0.397627354298427,-0.00468059392296237,-0.00440879070712953,0.00997844519567577
0.0323703963298998,-0.418379712320686,-0.0544624988813545,-0.38241116412029,-0.00466903534473289,-0.00409746442569486,0.00939069279570984
0.0703643612873257,-0.376801151793691,-0.0536484561482786,-0.365836259000899,-0.00455123263601548,-0.00373189133307476,0.00867065101460337
0.10923916280798,-0.334702257331724,-0.0526950911148156,-0.348238453978105,-0.0043544069131043,-0.00331297159984217,0.0078384596883118
0.14872127408919,-0.292322424487994,-0.0516333337216017,-0.329908135538324,-0.00410298508199083,-0.00284498069711686,0.00691388561480372
0.188564871305438,-0.249835336927819,-0.0504943648746548,-0.311072948250631,-0.00381682382822198,-0.00233444983351768,0.00591539630949027
0.228562774023815,-0.207351567721554,-0.0493065673616439,-0.291892414662645,-0.00351045920658506,-0.0017890774757811,0.00485965614465316
0.268550560231965,-0.164927536811607,-0.0480935324069179,-0.272461603028146,-0.00319317151511018,-0.00121685976285481,0.00376137100135312
0.308405157111812,-0.122577379996191,-0.0468731695146456,-0.252820518786895,-0.00286959704335351,-0.000625521531602724,0.00263338474288897
0.348039620126905,-0.0802852229483778,-0.0456577861321718,-0.232966383292775,-0.00254064529760694,-2.22477082412815e-05,0.00148693831145707
0.387395671700574,-0.038016426409974,-0.0444549243876164,-0.21286683423078,-0.00220454576456776,0.000586335214885116,0.00033202282733147
0.42643516722876,0.00427272500087109,-0.0432687337042483,-0.192472957256548,-0.00185791813767224,0.00119400145390581,-0.000822220087901384
0.465131213661906,0.0466267870671863,-0.0421016831006814,-0.171731739168952,-0.00149681567187252,0.00179467258345575,-0.00196708027114433
0.503459324170158,0.089083920815566,-0.0409564444947053,-0.15059794497691,-0.00111772569740053,0.0023821479140414,-0.00309386205182227
0.541388811863856,0.131669095464003,-0.0398377885739327,-0.129045560058588,-0.000718523240883112,0.00294989397260744,-0.00419348291255108
0.578874624214031,0.17438725882504,-0.0387543193140283,-0.10707882249974,-0.000299364644500035,0.00349096356591436,-0.00525610417268674
0.615849978506755,0.217216267262118,-0.0377198351114404,-0.0847425312599384,0.000136519147219769,0.00399810736960683,-0.00627081742728678
0.652220433596208,0.260099783033222,-0.0367540589813826,-0.0621307996515315,0.000582210601332941,0.00446412627263178,-0.00722542243007878
0.687860359787843,0.302940897844961,-0.035882455281175,-0.0393928144038054,0.00102680050214933,0.00488248404638783,-0.00810634649997594
0.722612927053931,0.345597782138772,-0.0351348874922149,-0.0167336439475407,0.00145555347722047,0.00524815588321858,-0.00889876759390856
0.75629490698653,0.387883280707525,-0.0345430037379426,0.00559209450373559,0.00185069470065473,0.00555861014104397,-0.00958700306718964
0.788706786838225,0.429570248684561,-0.0341365024981956,0.0272953612497103,0.00219292661783898,0.00581475973700117,-0.0101552069475184
0.819648046849166,0.470404101723565,-0.033938775154047,0.048076923525339,0.00246362178884994,0.0060216377892062,-0.0105883660728307
0.848935847334929,0.510122499309681,-0.0339627680189867,0.0676586267014983,0.00264744147115277,0.00618854921782252,-0.0108735071174249
0.876424013562007,0.548480014842686,-0.034208076126935,0.0858169367342112,0.00273490866741669,0.00632851841851122,-0.0110009377489024
0.902018362681968,0.585273478443746,-0.0346601327571607,0.102411934590283,0.0027243397930091,0.00645701698902425,-0.0109652840651238
0.925684731179996,0.620362471611615,-0.0352918619615306,0.117404772162623,0.00262259993155793,0.00659016782300152,-0.0107660916426072
0.947447663888425,0.653680047144119,-0.0360674665846317,0.130858906579692,0.00244441738693751,0.00674279719911573,-0.0104078455666239
0.967380006942566,0.68523116626375,-0.036947474701475,0.142924587582637,0.00221037891261489,0.0069267741565481,-0.00989940890105671
0.985586139156746,0.715079829542703,-0.0378937874929072,0.153810590558635,0.00194409822299346,0.00714994969177375,-0.00925303040996812
1.00218238857642,0.743328622601399,-0.0388738591943215,0.163749912523015,0.00166918645004516,0.00741586091968596,-0.00848315078209801
1.01727859665736,0.770095878186261,-0.0398633541463275,0.172966698531835,0.00140662628310536,0.00772409521906561,-0.00760524852508797
1.03096350994286,0.795495102352015,-0.0408472358889807,0.181649835683291,0.00117291420035076,0.00807109331112587,-0.00663489668801543
1.04329536550087,0.819619707104339,-0.0418195358388363,0.189935940285556,0.00097908242088278,0.00845111330512894,-0.00558711187790591
1.05429778017114,0.842534152780562,-0.0427821946077707,0.197901896390392,0.000830508798605823,0.00885711882427815,-0.00447599704434084
1.06396025844452,0.864271049224854,-0.0437433494468129,0.205565413421125,0.000727318048272058,0.00928143806769152,-0.00331463099933742
1.07224231732317,0.88483287025179,-0.044715339910666,0.212891382717266,0.00066516162974192,0.00971612946092295,-0.00211514066686847
1.07908026447917,0.9041966509676,-0.0457125877261889,0.219801895153094,0.000636203509891474,0.0101530605491685,-0.000888896453136282
1.08439589451884,0.92232016482527,-0.0467494160337286,0.226188290802902,0.000630200805382298,0.0105837538645758,0.000353215044766819
1.08810664131716,0.939148404416038,-0.0478378238965808,0.231924244426438,0.000635627434219161,0.0109990808182252,0.00160047220499695
1.0901369346641,0.954619561484557,-0.0489852270191489,0.236879439176632,0.000640831292189827,0.0113889000264743,0.00284197400608055
1.09043057991275,0.968670027694799,-0.0501922122382983,0.240933720069321,0.000635234247467658,0.0117417467108966,0.0040662857727613
1.08896385447535,0.981238182737959,-0.0514504267224036,0.243991678609197,0.000610576300200949,0.0120446883729596,0.00526109205294208
1.08575865738752,0.992266902228618,-0.052740825315414,0.245997366981022,0.000562169600269725,0.0122834676566243,0.00641288183982323
1.08089445037577,1.00170482565184,-0.0540326163149007,0.246948277202761,0.000490066602718131,0.0124430493547109,0.00750670670211929
1.07451694809661,1.00950650894054,-0.0552833489769512,0.246906915054219,0.000399967654707711,0.0125086623060739,0.00852607393115367
1.06684073017671,1.01563168400009,-0.0564406265280513,0.246007431780753,0.000303616413214037,0.0124673620028919,0.00945305971348178
1.05814251734638,1.02004398305043,-0.0574458361216625,0.244454194272638,0.000218392226296734,0.01231002246522,0.0102687400871055
1.0487423139869,1.02270965345458,-0.0582399873313274,0.242509382141711,0.000165855823465184,0.0120334991480749,0.0109540218571652
1.03897151695354,1.02359692578621,-0.0587712111695348,0.240468212864297,0.000169182427420408,0.0116425247975908,0.0114908921164484
1.02913058268175,1.02267668837005,-0.05900277595541,0.238623389434288,0.000249727062863396,0.0111507858700446,0.011863987421333
1.0194431916648,1.01992484861522,-0.0589198756567107,0.237224235780313,0.000423331183247709,0.0105806776821664,0.0120622377538631
1.01001724458354,1.01532621152477,-0.0585333038742455,0.236439198816829,0.000697234739828781,0.00996151072766189,0.0120802296456801
1.00082327991586,1.00887905395134,-0.0578787104648028,0.236331056177156,0.00106842969168468,0.00932638517615229,0.011918933000628
0.991696933391075,1.00059913932891,-0.0570113648442215,0.236851260112931,0.00152392138484048,0.00870838634085763,0.0115855814350562
0.982365077685546,0.990521969245604,-0.0559977224098864,0.237854258604994,0.00204278894522223,0.0081369667992537,0.0110927382525558
0.972488406783419,0.978702611829832,-0.0549059650172599,0.239126875163472,0.00259942107531268,0.0076352660773503,0.0104568076042229
0.961709525660737,0.965213206509062,-0.0537976978157159,0.240424441068349,0.00316707263264183,0.00721875416723937,0.00969636068185256
0.949696159785649,0.950138854105836,-0.0527222579715473,0.241505352293206,0.00372098513906878,0.00689516592693042,0.00883061247003379
0.936172728285524,0.933572836239825,-0.0517140827310991,0.242158233928206,0.00424061759482661,0.00666539558411518,0.00787825574980447
0.920938015395346,0.915611976036316,-0.0507927472828258,0.242219237647288,0.00471086683362933,0.00652491143356028,0.0068567141331598
0.903870229615058,0.896352612302853,-0.049964839359113,0.241579761581011,0.00512239805587217,0.00646529517045725,0.00578177090216837
0.884922631204225,0.875887297338443,-0.0492267708248126,0.240186468836675,0.0054713215478405,0.00647563074949433,0.00466748154215075
0.864113299560494,0.854302072891131,-0.048567796361986,0.238035974615227,0.00575846570421938,0.00654359749975301,0.00352627306479919
0.841512058179707,0.831674077277503,-0.0479727663658315,0.23516635862971,0.00598845315891092,0.00665622562164262,0.00236915139525677
0.817226637566549,0.808069282863208,-0.047424383886959,0.231647130214852,0.00616872331406188,0.00680033985178063,0.00120596230476192
0.791389221985252,0.783540313757816,-0.0469049164635729,0.22756869787574,0.00630858393808918,0.0069627540597192,4.56721470188423e-05
0.764143801708523,0.75812450028742,-0.0463974239171087,0.223031916911551,0.00641832765657054,0.00713029538259735,-0.00110335092154313
0.73563431089199,0.731842539647079,-0.0458866129835,0.218137964836169,0.00650841936721907,0.00728974002884413,-0.00223306618870804
0.70599337191976,0.704698309008313,-0.0453594359923649,0.212978635346131,0.00658874718692525,0.0074277402822629,-0.00333550730231363
0.675331553556158,0.676680479931021,-0.0448055300941004,0.207627137242174,0.00666792997494304,0.00753081683661954,-0.00440255367892296
0.643727331645422,0.64776657547835,-0.0442175590064786,0.202129615677881,0.00675268552490823,0.00758548310464246,-0.00542573552839841
0.611218352813744,0.617929956471695,-0.0435914804554941,0.196497850127191,0.00684728150861159,0.00757855705289743,-0.00639608625232658
0.577795062086245,0.58714988877134,-0.042926726225593,0.190703881154607,0.00695311202661202,0.00749769815368088,-0.00730406238593425
0.54339815026501,0.55542431138299,-0.0422262530842049,0.18467760203951,0.00706846112470461,0.00733217807486155,-0.00813955798038124
0.507921451346544,0.522784214823368,-0.0414964063567083,0.178308509269478,0.00718852454596581,0.00707385050322144,-0.00889204455218147
0.471221690152774,0.489307738798596,-0.0407465380857794,0.171452691990173,0.00730575482764625,0.00671822838286628,-0.00955086502036603
0.433135682698047,0.455131393950618,-0.0399883424991792,0.163945610998189,0.00741056547256797,0.00626551343554664,-0.010105695497674
0.393504184201907,0.420455488377532,-0.0392349142996524,0.155620207012935,0.00749237399096215,0.0057213703513457,-0.0105471592720921
0.352199759607073,0.385541208887578,-0.0384995955016481,0.146328499732925,0.00754088664018728,0.00509722187221329,-0.0108675353165223
0.309154329593168,0.350698065763264,-0.0377947407875833,0.135963456639277,0.00754744796912122,0.00440988584524753,-0.0110614599259731
0.264381123648814,0.316262427115025,-0.0371305778149257,0.124477076240168,0.00750622506135486,0.00368048964479906,-0.0111264927074901
0.217986272225153,0.282570121794814,-0.036514345230117,0.111890864081912,0.00741499889797829,0.00293275977359797,-0.0110634246281722
0.170167319898067,0.249927781574885,-0.0359498461090158,0.0982963440924877,0.00727540595165344,0.00219094359865312,-0.0108762524256813
0.1211989608777,0.218588020231857,-0.0354374675379337,0.0838455502128304,0.00709259546389936,0.0014777152302077,-0.010571818206714
0.0714092174808874,0.188732508271128,-0.0349746169682733,0.0687337642970005,0.00687440020046901,0.000812410520433105,-0.0101591885033631
0.021151077681937,0.160464924252694,-0.0345564473504564,0.0531782743217172,0.00663021438135989,0.000209833414257858,-0.0096488958968602
-0.0292252051085661,0.133813447351624,-0.0341767085985569,0.0373971975268058,0.00636980406799862,-0.000320277241009292,-0.00905217474794382
-0.07939512118063,0.108740671336494,-0.0338285748471565,0.0215915899833881,0.00610224430342644,-0.00077317684620604,-0.0083802957061455
-0.129076053305646,0.0851579643881893,-0.0335053396020053,0.005932662938579,0.00583510845034654,-0.00114859307799661,-0.00764405880348132
-0.17803616327894,0.0629412672439694,-0.0332009263734898,-0.00944546238693323,0.00557395531559575,-0.00144994068032957,-0.00685346136076936
-0.226097043186372,0.0419460599980581,-0.0329102007263309,-0.0244481069392428,0.00532210467213193,-0.00168344664702031,-0.00601752391727059
-0.273131635549548,0.022019899262818,-0.0326291102060639,-0.0390186144376676,0.00508064407931914,-0.00185731605927223,-0.00514424342107897
-0.319059191602788,0.0030118527433539,-0.0323546836391321,-0.053134448940119,0.0048486037337132,-0.00198101993199262,-0.0042406384964511
-0.363838744246067,-0.0152212671880295,-0.0320849264911432,-0.0668019186690954,0.00462323576266412,-0.00206474209016603,-0.00331285690485304
-0.407462192566034,-0.0328115582381532,-0.0318186423797408,-0.0800503506057066,0.00440034756095604,-0.00211898957352085,-0.00236632303445194
-0.449947705322563,-0.0498790459524679,-0.0315552021379741,-0.0929262368974825,0.00417465513019243,-0.00215434993803883,-0.0014059102334597
-0.491333790034,-0.0665325383513054,-0.0312942722899962,-0.10548758765752,0.0039401371390265,-0.00218136768707437,-0.000436129168329314
-0.531674091621729,-0.0828716569053578,-0.03103551130648,-0.117798534020249,0.00369038639703815,-0.00221050482067007,0.000538674601906411
-0.571032749367158,-0.0989896367675418,-0.0307782369531634,-0.129924041955145,0.00341896129255089,-0.00225215084368607,0.00151411612283522
-0.609479967267046,-0.114976411128621,-0.0305210725381548,-0.141924529789515,0.00311974732441697,-0.00231664599379089,0.00248556166355073
-0.647087350854889,-0.130921599931723,-0.0302615862734982,-0.153850154965959,0.00278733842589398,-0.00241428223330846,0.00344791546426943
-0.683922547546626,-0.146917052550681,-0.0299959495103635,-0.16573459060007,0.00241744391541535,-0.00255524633290161,0.00439540456081758
-0.720042814937771,-0.163058617041468,-0.0297186542619851,-0.177588248511829,0.00200731824563244,-0.00274946913654631,0.00532136641651558
-0.755487348126302,-0.179446820172702,-0.0294223463216036,-0.189391133496196,0.00155619742393589,-0.00300634604195757,0.00621804918878985
-0.790268539558299,-0.196186152632569,-0.0290978438603309,-0.201085839219475,0.00106570837697514,-0.00333429838390629,0.00707644223946384
-0.824362831885598,-0.213382682201739,-0.0287344173298781,-0.212571609410002,0.000540196906830713,-0.00374015754206785,0.00788616504471758
-0.857702410380448,-0.231139787982802,-0.0283203977232575,-0.223700833905065,-1.31004909121634e-05,-0.00422837777173636,0.00863545455370565
-0.890169563679647,-0.249551960178325,-0.027844148858746,-0.23427971129229,-0.000584129734803957,-0.00480012385939487,0.00931130115170748
-0.921595914789962,-0.268696881062149,-0.0272953792951248,-0.244074889098114,-0.00116042418328769,-0.0054523357417728,0.00989978564585662
-0.951768613499063,-0.28862641771624,-0.0266666812148494,-0.252827438937539,-0.0017278995111251,-0.0061769358761235,0.010386656142777
-0.980444719037922,-0.309357681590459,-0.0259550803473774,-0.260274333782798,-0.00227203145227688,-0.00696039593876116,0.0107581472247476
-1.00737330170073,-0.330865810435766,-0.0251632930368054,-0.266175687140719,-0.00277931129277338,-0.00778388629059883,0.0110019841062283
-1.03232254708996,-0.353080369939849,-0.0243003573089522,-0.270343810768152,-0.00323876488273363,-0.00862416477650927,0.011108444078564
-1.05510708446405,-0.375886991833081,-0.0233813738425846,-0.272668480516158,-0.00364324252106025,-0.00945521307824333,0.0110712929272597
-1.07560982794454,-0.399134939310108,-0.0224262685376674,-0.273132609646094,-0.00399018519351308,-0.0102504320351822,0.0108884059340593
-1.09379348253107,-0.422649899948539,-0.0214577279578575,-0.27181430542295,-0.00428166973292274,-0.0109850334501191,0.0105619383323458
-1.10969941616666,-0.44624993507481,-0.0204986764278121,-0.268874609234453,-0.00452370851507862,-0.0116381919623796,0.0100980158144825
-1.12343488367379,-0.469761724010801,-0.019569771754401,-0.264533843581922,-0.00472496461417026,-0.0121945836161673,0.00950603169982111
-1.1351523118739,-0.493034346121812,-0.0186873561183736,-0.259041993965509,-0.00489516996395199,-0.0126451103356963,0.00879771794603794
-1.14502559472891,-0.515948730033721,-0.017862138812279,-0.252649142353294,-0.00504356261605694,-0.0129868171024336,0.00798617713136402
-1.153227972233,-0.538422133433147,-0.0170986829866135,-0.245580794196329,-0.00517759787582994,-0.0132221743641623,0.00708502750101289
-1.15991461831255,-0.560408114192476,-0.0163955954754898,-0.238020826084363,-0.00530207851549072,-0.0133579802380699,0.00610774988375686
-1.1652113093568,-0.581893112826497,-0.0157462208060389,-0.230102653594251,-0.0054187383372566,-0.0134041367005852,0.00506726269053102
-1.16920908243517,-0.60289093836763,-0.0151396222271055,-0.221907684656937,-0.00552623234258978,-0.0133724995981336,0.00397570700708961
-1.17196388339523,-0.623436253996936,-0.0145616731560526,-0.213469362600686,-0.00562044570596651,-0.0132759273486927,0.0028444021539778
-1.17349983898373,-0.643577777832864,-0.0139961529605897,-0.204780988796606,-0.00569502725772218,-0.0131275820658626,0.00168392801978874
-1.17381481276518,-0.66337150388974,-0.0134258166378948,-0.195805800298326,-0.00574206900760636,-0.0129404813684305,0.000504296282619183
-1.17288714618429,-0.682873910833569,-0.0128334716672824,-0.186488224171275,-0.00575287869148864,-0.0127272615031162,-0.000684818240898941
-1.17068280294685,-0.702134918372522,-0.0122031365883774,-0.176765662044779,-0.00571881717612192,-0.0125000896624067,-0.00187380664052936
-1.16716243429247,-0.721190298014928,-0.0115213680105513,-0.166580469126064,-0.00563218956025172,-0.0122706511612115,-0.00305283055443244
-1.1622881125029,-0.740053361458592,-0.0107788204769225,-0.155891923827188,-0.00548718314058706,-0.0120501319326273,-0.00421151631403695
-1.15602961371705,-0.758706042960679,-0.00997204241096651,-0.144687912330339,-0.00528083398514606,-0.011849117182025,-0.00533865593357439
-1.14837015770624,-0.777089956569319,-0.00910540926019143,-0.132995776171977,-0.0050139752160608,-0.0116773342409938,-0.00642194110956248
-1.13931143122371,-0.795098609788754,-0.00819295687780233,-0.120891320252111,-0.00469207529601966,-0.0115431856988673,-0.00744777076345399
-1.12887754807759,-0.812572591529023,-0.00725972364810545,-0.108504439306168,-0.00432581954636635,-0.0114530538481816,-0.00840119067395327
-1.1171173757839,-0.82930002770632,-0.0063420812936894,-0.0960193649154776,-0.00393123715001047,-0.0114104150002082,-0.00926603979972113
-1.10410447087231,-0.845024611216341,-0.00548650064530598,-0.0836674398794159,-0.00352915475277067,-0.0114148823464562,-0.0100253813568233
-1.08993384625842,-0.859462718554347,-0.00474634322679417,-0.0717109362052519,-0.00314380154810013,-0.0114613857621468,-0.0106622732061785
-1.07471509518952,-0.872329314258882,-0.00417665046807472,-0.0604180061719618,-0.00280053050199776,-0.0115397643901221,-0.0111608701043976
-1.05856210455852,-0.883369708615209,-0.00382748964452442,-0.0500313120709025,-0.00252285702885176,-0.0116350462854518,-0.0115077523780155
-1.04158061311344,-0.892391563602091,-0.00373703964703939,-0.0407355640087819,-0.00232929290907277,-0.0117285787213229,-0.0116932685141663
-1.02385586729868,-0.899290080010665,-0.00392597588612167,-0.0326309303143123,-0.00223065301432859,-0.0117999542093166,-0.0117126119134018
-1.00544310273267,-0.9040601209239,-0.00439458123312791,-0.0257189051320713,-0.00222850864459552,-0.0118294173301101,-0.011566372213969
-0.986363153970055,-0.90679224010394,-0.00512332260912752,-0.0199043763674439,-0.0023152024646416,-0.0118002496736766,-0.0112604210046627
-0.966604201971668,-0.907654005070412,-0.00607664607461665,-0.0150132735000494,-0.0024754081002879,-0.0117006116928676,-0.0108051684204423
-0.946129006561045,-0.90686175294032,-0.00720888748011095,-0.0108211054549131,-0.00268879596111473,-0.0115244859884458,-0.0102143853542955
-0.924885627546052,-0.904649545788868,-0.00847081302542618,-0.00708554215486333,-0.00293313091670079,-0.0112716371459377,-0.00950386267592803
-0.902819087493878,-0.901241363386719,-0.00981545943317959,-0.00357646919310289,-0.00318714232634274,-0.0109467583271976,-0.00869015879088068
-0.879881710578861,-0.89683033547272,-0.0112024452945672,-9.90003473951909e-05,-0.00343271153614459,-0.0105581249504296,-0.00778960162138399
-0.856040673187378,-0.891566281175539,-0.0126004949134763,0.00349242463542371,-0.00365619236248374,-0.0101160993575311,-0.00681760981118789
-0.831282212169664,-0.885550873940317,-0.013988349413285,0.0072885065217172,-0.00384890817450747,-0.00963176144511426,-0.00578831824933786
-0.805612655323424,-0.878838705129522,-0.0153544653267841,0.0113264353612017,-0.00400700350318329,-0.00911583262912154,-0.00471444925283053
-0.779056849581883,-0.871442265362215,-0.0166959473150176,0.0155959870837348,-0.00413086991177359,-0.00857795797578229,-0.00360735881153672
-0.751654692755525,-0.863339108639837,-0.0180170980577277,0.0200483961055343,-0.00422434398629574,-0.00802633624416782,-0.00247719507761976
-0.723456420446699,-0.85447993002256,-0.0193278591705192,0.02460650435665,-0.00429382268868678,-0.0074676439513001,-0.00133312203081842
-0.694517164364943,-0.844796781195573,-0.0206423045359072,0.0291752316289909,-0.00434738278813198,-0.00690718118615291,-0.000183577184415394
-0.664891160473844,-0.834211066781099,-0.0219772525770502,0.033651884444738,-0.00439394088232648,-0.00634916444128602,0.000963455459364799
-0.634625898802395,-0.822641267260105,-0.0233509933729089,0.0379361496623046,-0.00444245472427739,-0.00579709696595739,0.00210016809828318
-0.603756496535362,-0.810010511839879,-0.0247820801710446,0.0419397798060906,-0.00450114667493674,-0.005254154309985,0.00321865463275986
-0.572300648944943,-0.796254178448389,-0.0262881110689504,0.04559596822478,-0.00457672578882946,-0.0047235287599548,0.00431064604532515
-0.540254659743217,-0.781327631880535,-0.0278844246724788,0.0488682446825216,-0.00467359571772127,-0.00420868060982708,0.00536726583162388
-0.507591240183705,-0.765214026912814,-0.0295826550688798,0.0517584204106227,-0.00479306075833115,-0.00371344799880399,0.00637882190379858
-0.474259937104292,-0.747931808700095,-0.031389139947538,0.0543127225699034,-0.00493258064021438,-0.00324197364545942,0.00733466026202332
-0.440191108229885,-0.729541160944095,-0.033303254545954,0.0566248668507687,-0.00508517197451046,-0.00279842081071851,0.00822311585176434
-0.405304185669392,-0.71014824262324,-0.0353158512273891,0.0588345604394257,-0.00523910117455472,-0.002386477170302,0.00903160413553827
-0.369520432424092,-0.689905730156456,-0.0374081047932443,0.0611199908499196,-0.00537804313957683,-0.00200868680039149,0.00974689771447157
-0.33277944519441,-0.669008116879626,-0.0395511612852684,0.0636834301366966,-0.00548186865090874,-0.00166570432503366,0.0103556194093202
-0.295057396848688,-0.647680617667918,-0.0417070058950782,0.0667302712589236,-0.00552814861375936,-0.0013556194478715,0.0108449516011397
-0.256383785353874,-0.626161524677096,-0.04383084144698,0.0704434996951217,-0.0054943174133869,-0.00107353304408054,0.0112035121675515
-0.216852793901328,-0.604679400514087,-0.0458749727593277,0.0749573676343938,-0.00536024455278582,-0.000811552730746433,0.0114222904293057
-0.176625802391105,-0.583428220788288,-0.0477937686165904,0.080335205102995,-0.00511078437323152,-0.000559301486155877,0.0114954915982077
-0.135923314283957,-0.562544859847916,-0.0495488588835909,0.0865562054026193,-0.00473778884604944,-0.000304907073820259,0.0114211274643437
-0.0950071668722309,-0.542093491883054,-0.0511135055254199,0.0935143890813315,-0.00424113817090627,-3.63016073205889e-05,0.0112012277567053
-0.0541564586759564,-0.522060247879091,-0.0524751989328543,0.101030168340963,-0.00362856577629442,0.00025743599400941,0.0108416249645337
-0.0136421366651477,-0.502359120171769,-0.0536359685350888,0.108871960254611,-0.0029143528885346,0.000584974702497882,0.0103513602930575
0.0262949059453219,-0.482847468800931,-0.054610494974233,0.116783202398651,-0.00211723005171148,0.000952066943527169,0.00974183651580545
0.0654588734234589,-0.463347500739156,-0.0554226354017105,0.12450955226365,-0.00125795789521059,0.0013613976213102,0.00902587979336722
0.103706058576683,-0.443669356187964,-0.0561012453166971,0.131821950621438,-0.000357041529112828,0.00181288667002844,0.00821686176566426
0.140944542780272,-0.423631950218954,-0.0566761569100943,0.138532999660418,0.000567097865826591,0.00230429518143175,0.00732798875942087
0.177128582567287,-0.403079028310054,-0.0571749363356142,0.144505992343025,0.00149934323464318,0.00283195467874283,0.00637180880944065
0.21225002051025,-0.381889405491285,-0.0576207246523353,0.149657366307388,0.00242849367601356,0.00339145887726157,0.00535993866431319
0.246328780519359,-0.359981600924347,-0.0580311843911787,0.153954121395673,0.00334736493785493,0.00397820488241477,0.00430298177702378
0.279403905571012,-0.337313838610936,-0.0584183857340596,0.157407891005951,0.00425251351971321,0.00458772407855476,0.00321059520877179
0.311525946915993,-0.313880656159115,-0.0587893809179296,0.160067092806536,0.00514371424250338,0.00521578805191689,0.00209166335086718
0.342750981780928,-0.289707265595037,-0.0591472091429895,0.162008118981369,0.0060232912552336,0.0058583069863311,0.000954542995931265
0.373136172614524,-0.264842504448036,-0.0594921135545378,0.163326028068359,0.00689536411322392,0.00651105849846441,-0.000192647249956453
0.402736582636355,-0.239350843101637,-0.0598228072799091,0.164124782142853,0.00776503524258135,0.00716929839137654,-0.00134171297495312
0.431602888494034,-0.2133035957151,-0.0601376766787468,0.164506804182006,0.00863751971600575,0.00782731583507391,-0.00248406000588543
0.459779628454565,-0.186769317261268,-0.0604358460172758,0.164561557676699,0.00951720682385699,0.00847800680175282,-0.00361037166994253
0.487303688223282,-0.159803399711909,-0.0607180460309939,0.164353008218244,0.0104066491585879,0.00911255240398032,-0.00471029787500704
0.514202847736456,-0.132437130983534,-0.0609872321020136,0.163906235604378,0.0113055013183129,0.00972030114285088,-0.00577217027830573
0.540494402017012,-0.104666931497033,-0.061248892305724,0.163194123113588,0.012209478354886,0.0102889609615118,-0.00678276822927033
0.566184120464834,-0.0764450955496517,-0.0615109803517702,0.162125914513872,0.0131094711889389,0.0108051991011706,-0.00772717857122103
0.59126608229268,-0.0476740473941988,-0.061783414692328,0.160540364180892,0.0139910313300531,0.0112557118529027,-0.0085888165793973
0.61572415072687,-0.0182066797238963,-0.0620771167418771,0.158206927087275,0.0148344957464221,0.0116287487215967,-0.00934969775810637
0.639535894440659,0.0121445544783449,-0.0624026309327904,0.154838467606755,0.0156160230897973,0.0119159501612609,-0.00999105565096652
0.662679481706829,0.0435879289109031,-0.0627684804302508,0.150117721277153,0.0163097051376648,0.0121142004202632,-0.0104943693729067
0.68514332985104,0.0763223049691248,-0.0631795445528996,0.143736810677774,0.0168906703296057,0.0122270563090656,-0.0108427797631802
0.706937134267428,0.110499989269495,-0.0636358450555658,0.135444759656211,0.0173387390181063,0.012265269360944,-0.0110227394384997
0.728101676909742,0.146189484828195,-0.0641321254529401,0.125093532004456,0.0176418451430178,0.0122460505174434,-0.0110256004200008
0.748714179512015,0.183347101162118,-0.0646584491577529,0.11267089813031,0.0177982970741508,0.0121910463865455,-0.0108487665770411
0.768886552228367,0.221805449971497,-0.0652017524311595,0.0983103774752526,0.0178171614454326,0.0121234052738855,-0.0104960939654775
0.788755782740886,0.261282590773951,-0.0657479820014217,0.0822746893493572,0.0177165947840225,0.0120646239289761,-0.00997741648484654
0.808468193492234,0.301409607077675,-0.0662842722548652,0.0649171186389164,0.0175205889805235,0.0120319197553115,-0.00930732928714429
0.828161174388247,0.341769393625389,-0.0668006534769933,0.0466313017356841,0.0172550339186225,0.0120366440038722,-0.00850355851712335
0.847946409171827,0.38193750461654,-0.067290990210765,0.0278016573666527,0.0169440572225051,0.0120838699317114,-0.00758530177038942
0.867897560251152,0.421517307448931,-0.0677531056246091,0.00876409853713805,0.0166073246123477,0.0121729441019733,-0.00657184281522231
0.888043587636619,0.460165038031428,-0.0681882395739491,-0.0102181455523133,0.0162585717231698,0.0122986043936038,-0.00548159552467999
0.908367223365168,0.497603857398096,-0.0686000677554184,-0.0289633796072001,0.0159052850426772,0.0124522596872453,-0.004331592638241
0.928807125916363,0.533628452385279,-0.0689934954552782,-0.0473677148379101,0.0155492528485149,0.0126231314107293,-0.00313734809528243
0.949261969205181,0.568102777936607,-0.0693733793088241,-0.0653926078332778,0.0151876623166002,0.0127990982583725,-0.00191299090959164
0.969594965402891,0.60095348296332,-0.0697432675606859,-0.0830472421781266,0.0148144700488387,0.0129672090185601,-0.000671575455773382
0.989637812248783,0.632160888321484,-0.0701042094808974,-0.100368412040351,0.0144218593410437,0.0131139139713379,0.00057450454583685
1.00919359480411,0.661748528467157,-0.0704536775769971,-0.117399573270215,0.0140016764853597,0.0132251148330514,0.00181304884476574
1.028038661348,0.689771525416899,-0.0707846713281514,-0.134170009602679,0.0135467892702838,0.0132861579731925,0.00303156676623902
1.0459239173106,0.716303619707124,-0.0710851211408095,-0.150674790400905,0.0130523277051222,0.0132819063834657,0.00421681014222069
1.0625763581536,0.74142264345931,-0.0713377724851146,-0.166856416399414,0.0125167529579431,0.0131970276348114,0.00535436462910099
1.07770200986605,0.765194641753952,-0.0715207806479995,-0.182589712350924,0.0119426645647019,0.0130166246975525,0.00642835841493998
1.09099172795273,0.787657700822678,-0.0716092533337714,-0.197672459479219,0.0113372132873342,0.0127273024349588,0.00742136970877078
1.10213138988627,0.808807653083548,-0.071577899819146,-0.211825117278885,0.0107119601420336,0.0123186878425641,0.00831463238683958
1.11081765388592,0.82858881691215,-0.0714047435048453,-0.224703192216682,0.0100820403652835,0.0117852936464935,0.0090886367595995
1.11677935598948,0.846893210414562,-0.0710755227148456,-0.235924658530242,0.00946458258828185,0.0111284404852466,0.00972417949851725
1.11980266033091,0.863570657344732,-0.0705880052924292,-0.2451118040884,0.00887650704405876,0.0103577799048813,0.0102038195407783
1.11975564100373,0.87844965947644,-0.0699551315149748,-0.251942209732113,0.00833204808780207,0.00949187846485101,0.0105135554456948
1.11660610329618,0.891365429720057,-0.0692058890012136,-0.2561987755838,0.00784052878991826,0.00855742922427171,0.0106444024278182
1.11042651530551,0.902188508284076,-0.0683832599453331,-0.257806281815658,0.00740494900084614,0.00758698243362815,0.0105934900426157
1.10138268214082,0.910846565280505,-0.0675393987053844,-0.256844046870331,0.00702177040119374,0.00661553760919121,0.0103643836700613
1.08970752456189,0.917334056557027,-0.0667290753075841,-0.253530819205887,0.00668194024304174,0.00567671409073897,0.00996654429927116
1.07566590446035,0.921708469209332,-0.0660029436172023,-0.24818639910564,0.0063728383856031,0.00479933042791026,0.00941409065041196
1.05951867823231,0.924075984258131,-0.0654021245657702,-0.24118076621455,0.006080617706272,0.00400503072982522,0.0087241985455476
1.04149325235727,0.924571739346924,-0.0649550238752154,-0.232883187022211,0.00579240346567464,0.00330721941118753,0.00791550026434326
1.02176479425043,0.923339972834917,-0.0646765506792316,-0.223621103154021,0.00549797575635755,0.00271119275793846,0.00700675217958446
1.00044867800378,0.920517846964082,-0.0645692909777611,-0.213653739511157,0.00519077554174888,0.00221512080575527,0.00601589574041315
0.977602130691049,0.916224783705394,-0.0646258789552938,-0.203160730679888,0.00486825824801968,0.00181146662530691,0.00495951405691499
0.953231904260472,0.910557523527878,-0.0648317870540041,-0.192243050824671,0.00453172820643266,0.00148848714448253,0.00385261615247607
0.927304900484939,0.903590142742156,-0.0651679175178874,-0.180932373069947,0.00418582409520141,0.00123157345343536,0.00270866036686082
0.899759486396007,0.895377871091508,-0.0656126116456936,-0.169205197361445,0.00383781171148212,0.00102430747843033,0.00153973791795177
0.870516264555532,0.885963523186619,-0.0661429210472201,-0.15699901312865,0.00349680021967652,0.000849209454736607,0.000356858129305193
0.839487989155403,0.875385487217646,-0.0667351708179436,-0.144228869486927,0.00317295048806739,0.000688219627967649,-0.000829703678033323
0.806588996880794,0.863686357837417,-0.0673649791304745,-0.130803680195635,0.00287670198972323,0.000523001297108375,-0.00201002085074126
0.771744902943219,0.850921376050295,-0.0680069868502594,-0.116642227176817,0.00261801574485882,0.000335177122207514,-0.00317411031757601
0.734903386459921,0.83716581449349,-0.0686346031355691,-0.101689077697084,0.00240561912326248,0.000106621903268817,-0.00431152348464527
0.696046649289158,0.82252033034587,-0.0692200928856545,-0.0859304794291491,0.00224624576604982,-0.000180065242222716,-0.0054109520010289
0.65520555395456,0.807113146685716,-0.0697353151282,-0.0694097519563722,0.00214388998934138,-0.000540800863563761,-0.00645987631367009
0.612474516461373,0.791097812470563,-0.0701533535690316,-0.052240802527556,0.0020991368474379,-0.000988896916931418,-0.00744430071492939
0.568024999381263,0.774645383440963,-0.0704511397594812,-0.034617297865309,0.00210867956723058,-0.00153357594173199,-0.00834864037142318
0.522114121499376,0.757930359904571,-0.0706129362549288,-0.0168140263621743,0.00216518181428507,-0.00217822642899817,-0.00915584833749709
0.475083925083505,0.741110803024305,-0.0706342246972926,0.000823387653667088,0.00225766104025453,-0.00291865086275995,-0.00984788092311004
0.427346939758672,0.724304777623885,-0.0705251863890825,0.0179033105673392,0.00237253163879698,-0.00374171753542843,-0.0104065776953471
0.379355639023391,0.707567343901928,-0.0703126999425256,0.0340275284381115,0.00249532695832688,-0.00462493232701971,-0.0108149577616662
0.33155751057998,0.690873957186989,-0.070039799926486,0.048840744682135,0.00261291789816145,-0.00553740615209239,-0.0110588047298616
0.284342912500535,0.674116209269472,-0.069761997993743,0.062080609187845,0.00271581544107821,-0.00644243438277732,-0.0111282640574218
0.237997420635232,0.657113510053465,-0.0695407398000506,0.0736158096008235,0.00279999166840353,-0.00730144680274641,-0.01101908179738
0.192671238091164,0.639639843076102,-0.0694352585121668,0.0834612433749791,0.00286769102204209,-0.00807859123194067,-0.0107331480832715
0.148374071447579,0.62145986016859,-0.0694947159299286,0.0917655366899897,0.00292696472193079,-0.0087449256898889,-0.010278188903146
0.104996120538895,0.602365654547084,-0.0697524423773328,0.098774668948729,0.00299005013800967,-0.00928128641944497,-0.00966670368742716
0.0623481139536474,0.582205975633455,-0.070223327953032,0.104782194501072,0.00307105277651,-0.00967933955168374,-0.00891445222604877
0.0202090902158032,0.560902942510246,-0.0709043799618836,0.110078690835101,0.00318352435904012,-0.00994088955812815,-0.00803886427012068
-0.021629003347148,0.538455596129852,-0.0717776259773048,0.11491058078317,0.00333844247138897,-0.0100759517347714,-0.00705767690767512
-0.0633272013694368,0.51493299051237,-0.0728141802793102,0.119453573903037,0.00354287501751714,-0.0101002643207372,-0.00598796453189479
-0.104978695041238,0.490461042788605,-0.0739783844371368,0.12380121977943,0.0037993790095624,-0.0100328419046325,-0.00484559062556662
-0.146600515854007,0.465207196944163,-0.0752312886569211,0.12796600124556,0.00410602155591278,-0.00989396791203831,-0.00364502379442231
-0.188135044538666,0.439365808058267,-0.0765331541455248,0.13188927262526,0.00445684397299764,-0.00970380300602891,-0.00239942779860627
-0.229458244751962,0.413145725464075,-0.0778449995100211,0.135456640806744,0.00484259828078395,-0.00948161409820974,-0.00112093991815442
-0.270392059497899,0.386760289693847,-0.079129441729922,0.13851637709813,0.00525163531502518,-0.00924552259055253,0.000178926777598657
-0.310719364898674,0.360419044138736,-0.0803512018498268,0.140899555646962,0.00567088568545238,-0.00901261840968776,0.001488798624685
-0.350200861513343,0.334319929533931,-0.081477680771705,0.142441472457811,0.00608692884564971,-0.00879926687414489,0.00279689820868579
-0.388594037159427,0.308640571223183,-0.0824799777937134,0.14300429658115,0.0064871793479996,-0.00862142975265594,0.00409045882686096
-0.425674663629792,0.283527505972187,-0.0833346238544567,0.142500713513896,0.0068612243589727,-0.00849481941835705,0.00535511538512073
-0.46126100949978,0.259082889642458,-0.0840261178944077,0.140917460334157,0.0072023146179498,-0.00843470520890359,0.00657430801521828
-0.495239866675287,0.23534945434397,-0.0845500703666104,0.13833612581521,0.00750893390477862,-0.00845520482709041,0.00772877122962884
-0.527591495261455,0.212296208964108,-0.0849163778368664,0.134946605600374,0.00778624591900327,-0.00856794397936203,0.00879623877739974
-0.558407909990742,0.189809270506872,-0.0851514438284375,0.131046774882229,0.00804705596700593,-0.0087800868664121,0.00975156249000909
-0.587896459645256,0.167693461050512,-0.0852981896270729,0.127021453306857,0.00831178065056726,-0.00909195547659268,0.0105674887225603
-0.616360190222035,0.14568963936991,-0.0854127216143108,0.123296206763912,0.00860689965096129,-0.00949475346251771,0.0112162975791201
-0.644150262831333,0.123509032920282,-0.0855572701272704,0.120268161987315,0.00896160814969472,-0.00996919081423097,0.0116723230003355
-0.671594727586435,0.100879318836089,-0.085790357040161,0.118225979490851,0.00940296362110458,-0.0104858712710049,0.0119150303010265
-0.69891974674831,0.0775904952448282,-0.0861565819407725,0.117280292565742,0.009950574327245,-0.0110079549250174,0.0119319541732205
-0.726187477192158,0.0535259900281126,-0.0866790871063948,0.117327969095446,0.0106123977414581,-0.011495839418268,0.0117206306956173
-0.753272590433482,0.0286688686520574,-0.0873570473013593,0.118064529012878,0.0113830689922912,-0.0119127433647259,0.0112888829754951
-0.779885963060932,0.0030828126934415,-0.0881686602591865,0.119041936150112,0.0122453002140596,-0.0122296359136375,0.0106533886512958
-0.805636512824827,-0.0231228391510994,-0.0890781272862928,0.11975292394109,0.0131737453766909,-0.0124282310443935,0.0098370575600593
-0.830110327251828,-0.0498304634746445,-0.0900440691627043,0.119716528186759,0.0141399610029889,-0.0125015725923324,0.00886604862442094
-0.852945070606584,-0.0769425849166437,-0.0910270301089809,0.118544204604483,0.0151170357667911,-0.0124525852649498,0.00776716086997488
-0.873884774616509,-0.104395737356017,-0.0919947137124971,0.115976745090198,0.0160829476568137,-0.0122914568068894,0.00656600282176671
-0.892809593652738,-0.132159767279692,-0.0929246702945547,0.111892587170796,0.0170223383298859,-0.0120327614945724,0.00528600728266828
-0.909742303451979,-0.160226149707737,-0.0938048718783809,0.106294259828777,0.0179268622491634,-0.0116929917781682,0.00394815096934055
-0.924836751336816,-0.188590208560556,-0.0946328845437612,0.099281355784251,0.0187944769791638,-0.0112888389350628,0.00257117254022366
-0.938353875737251,-0.21723199747091,-0.0954143033809669,0.0910171861911141,0.0196280451309448,-0.0108362872113259,0.00117210415716055
-0.95062974458899,-0.246099828316372,-0.0961609166911877,0.0816939938598957,0.0204335192543082,-0.0103504013687841,-0.000233017579395155
-0.962038522027462,-0.275099538733355,-0.0968888333180975,0.0714995462865081,0.0212178646613011,-0.00984558310218656,-0.00162835187822226
-0.972952106505816,-0.304091733834486,-0.097616604773086,0.0605867365715254,0.0219867970405888,-0.00933601967816786,-0.00299743363372037
-0.983697787882258,-0.332898341199147,-0.0983632322686814,0.0490476770034678,0.0227424020173984,-0.00883602772005753,-0.00432240281014903
-0.994515830721543,-0.361318662998056,-0.0991458868807398,0.0368945586750196,0.0234807747724014,-0.00836000300236401,-0.00558337550830128
-1.00552039445279,-0.389153451336534,-0.0999772110368948,0.0240508659402177,0.02418996211593,-0.00792173958900202,-0.00675808564899953
-1.01666931365491,-0.41623329371349,-0.10086223619019,0.0103576113990636,0.0248486686271017,-0.00753300766969843,-0.0078219632413938
-1.02775013140343,-0.442445122832457,-0.101795251017097,-0.00440104386480347,0.025426319114348,-0.00720150125469214,-0.00874882500423518
-1.03838997161477,-0.467748944655023,-0.102757331499011,-0.0204513244791352,0.025885025808595,-0.00692856584131415,-0.00951229602102329
-1.04809376023135,-0.492177414919089,-0.103715541200101,-0.0379670938920323,0.0261836707519416,-0.00670739830619794,-0.0100879249842854
-1.05630831363917,-0.515814891891352,-0.104624781939087,-0.0570032110833061,0.0262836712812986,-0.00652251154498119,-0.0104557129837662
-1.06250056653435,-0.538759641948747,-0.105432718854915,-0.0774433348791182,0.0261552501401305,-0.00635102063444731,-0.0106025355820644
-1.06623094283079,-0.561080188193407,-0.106087171107833,-0.0989801007651183,0.0257825706826685,-0.00616573248905286,-0.0105238428987157
-1.06720230620227,-0.582780308436265,-0.10654426974732,-0.121136798760427,0.0251662733296447,-0.00593933626599577,-0.0102241741463492
-1.06527270623416,-0.603784407790285,-0.10677514261956,-0.143325685997939,0.0243227782960645,-0.0056485550078748,-0.00971638215669112
-1.06043289334841,-0.623947144155778,-0.106769262939338,-0.16492591118847,0.0232808036768,-0.00527716910334391,-0.00901985407425464
-1.05276092654538,-0.643082459590371,-0.106533731708402,-0.185359694624723,0.0220763413065037,-0.00481730525216354,-0.00815824946545354
-1.0423711112297,-0.661001666186423,-0.106089076991094,-0.204149786474423,0.020747520995697,-0.00426901578106498,-0.00715728582422324
-1.02937217287484,-0.677549497848716,-0.105463061168351,-0.220950432939262,0.019330446939354,-0.00363865406690966,-0.00604294567123696
-1.01384285473051,-0.692629960887797,-0.104684233631588,-0.235553013105359,0.0178565149191372,-0.00293673956272473,-0.00484027400808338
-0.995825921851511,-0.706218136600539,-0.103776659368587,-0.24787298860342,0.0163512117037537,-0.00217593027225427,-0.00357276662772509
-0.975336535018002,-0.7183578903334,-0.102756686626305,-0.257926330291825,0.0148341038374649,-0.00136950048365873,-0.00226225059200076
-0.952378869445406,-0.729147810817536,-0.101632061348937,-0.265802339391481,0.013319638468402,-0.000530475565592078,-0.00092911999829987
-0.926965043347118,-0.738718642140547,-0.100403295240698,-0.271637347925262,0.0118184260647105,0.000328623853095129,0.000407209863220778
-0.899131756984445,-0.74720549716775,-0.0990669581493591,-0.275591377692289,0.0103387683555158,0.00119560502949239,0.00172775019368232
-0.868951583362165,-0.754717898540803,-0.0976204230749206,-0.27782811088727,0.00888827421448672,0.00205823503603517,0.00301338957168525
-0.836537123261633,-0.761310680161223,-0.0960674531578504,-0.278497687020318,0.00747544122221227,0.0029039385608163,0.00424443579412672
-0.802037207123692,-0.766959210912281,-0.094423825202236,-0.277721840113833,0.00611106518798305,0.00371979526175407,0.00540033030816308
-0.765625242731748,-0.771543133338639,-0.0927219413749868,-0.275581544361636,0.00480928721681155,0.0044930079390428,0.00645961597055932
-0.727480977921369,-0.774843343935921,-0.0910131829795192,-0.272108365143535,0.00358802916083468,0.00521190557456776,0.00740023650684262
-0.687768513815961,-0.776556499745716,-0.0893667778041992,-0.267281707404782,0.00246855190047981,0.00586739273813926,0.0082002304836045
-0.646615115515433,-0.776329111746831,-0.0878643765659022,-0.261034556179246,0.00147395203020185,0.00645457870759697,0.00883883932953491
-0.604096496704028,-0.773808925338304,-0.0865904655021604,-0.253269506918437,0.000626626863369173,0.00697416598103878,0.00929796734628203
-0.560233797653732,-0.768705486091277,-0.0856200548656366,-0.243884544502367,-5.49376778225304e-05,0.00743312288970552,0.00956381709836503
-0.515004774584805,-0.760846596113852,-0.0850063496791011,-0.232804545536242,-0.000559374019567691,0.00784427492272356,0.0096284083323712
-0.468367226203567,-0.750215635004112,-0.0847717078104127,-0.220011239284371,-0.000884788707735001,0.00822473200048988,0.00949062954246032
-0.420288198014224,-0.736958506618478,-0.0849046273178912,-0.205563295124236,-0.00103955851108039,0.00859343832264755,0.00915652452845518
-0.37077033489093,-0.72135772775875,-0.0853637983303702,-0.189600531308597,-0.0010412955467351,0.00896842816763071,0.00863869381739518
-0.3198681487305,-0.703781344616657,-0.0860880640323164,-0.172331313353475,-0.000914271362882255,0.00936444857950702,0.00795493393188287
-0.267691125911316,-0.684621291193741,-0.0870094346597544,-0.154007623591544,-0.000686019297938842,0.00979143221383537,0.00712643994690286
-0.214395216340782,-0.664236703867665,-0.0880657794521924,-0.134895441604224,-0.000383957632684429,0.010253971941849,0.00617597151212331
-0.160167179374833,-0.642913237265731,-0.089210501089832,-0.115247909819155,-3.26977406286777e-05,0.0107516297496022,0.00512631674577996
-0.105206759403663,-0.620842693937613,-0.0904178240060986,-0.0952861128378526,0.00034763213612921,0.0112797312125777,0.0039992402032503
-0.049710388473553,-0.59812150842283,-0.0916836218779231,-0.0751889531712495,0.000742035183551025,0.0118302809262649,0.00281494958669038
0.00614173627272139,-0.574763485807043,-0.0930225418828972,-0.0550910216760539,0.00114045535448981,0.0123927337926717,0.00159201270717697
0.0621948402555287,-0.550721640620749,-0.0944624783291966,-0.035086109607926,0.00153700648258343,0.0129544997183156,0.000347611877523219
0.118325398604228,-0.525915021067892,-0.0960373682539338,-0.0152339271621416,0.0019288581925546,0.0135011919899027,-0.000901979267132798
0.174444009853711,-0.500257904937386,-0.0977790620478795,0.00443179270138478,0.00231495600053068,0.0140167294448744,-0.00214079477543456
0.230495296370815,-0.473689875111554,-0.0997088644231362,0.0238948040181256,0.00269470188588205,0.0144834699696939,-0.00335253770272439
0.286454243840917,-0.446205578013284,-0.101829360330077,0.0431476384856019,0.0030666933708996,0.014882581729802,-0.00451997228678463
0.342317936947421,-0.417882248923083,-0.104117384790914,0.0621824780288496,0.00342764976124431,0.0151948687587353,-0.00562444550908581
0.398091660324233,-0.388901571435698,-0.106519380736779,0.0809812077762958,0.00377169469880699,0.0154022105782279,-0.00664563616531393
0.453769029419226,-0.359560583113454,-0.108950754880766,0.0995047090123001,0.0040902272167137,0.0154896623095322,-0.00756166444154976
0.509307402907059,-0.330265180450691,-0.11130087020959,0.117682280963104,0.00437262223154542,0.0154480527410289,-0.00834969402338325
0.564602144623304,-0.301500692977301,-0.113444642830252,0.135403190402325,0.00460790560465047,0.0152766398043336,-0.00898711402218417
0.61946566052409,-0.27377826373209,-0.115260107080907,0.152513206518886,0.00478730362279229,0.0149851154235734,-0.0094532685354597
0.673618254756756,-0.247563429640387,-0.116648998563115,0.168818868113615,0.004907203056796,0.0145941458899616,-0.00973151353844517
0.726696358319565,-0.223202001217655,-0.117555282563869,0.184100610666781,0.00497171830269489,0.0141338475421559,-0.00981118684798512
0.778279147177467,-0.200863542897839,-0.117975960986026,0.198132979208719,0.00499396330824644,0.0136401665613886,-0.00968898803095301
0.827928377324464,-0.180520167995407,-0.117960329068826,0.210707222799556,0.00499541986311307,0.013149864936094,-0.00936937389637698
0.875231347576729,-0.16196757343065,-0.117597666311024,0.221650298197907,0.00500341282052952,0.0126953480248362,-0.00886386890767525
0.919835903949494,-0.144881081632624,-0.116997302679825,0.230835611792456,0.00504735209503814,0.0123006013408561,-0.00818953106970691
0.961469764230339,-0.128889032636369,-0.116267099957527,0.238184056804997,0.00515475077455991,0.011979026644835,-0.00736703073668071
0.999942178107648,-0.11364356304518,-0.115495860554481,0.243657342606615,0.00534794490897425,0.0117332648118145,-0.00641880963171193
1.03513119111251,-0.0988738675851497,-0.114742812203814,0.247247721236401,0.00564204746619689,0.0115565193091647,-0.0053676374719614
1.06696267710038,-0.0844152966311051,-0.114034610837763,0.248968488017148,0.00604421319000028,0.0114346459945094,-0.00423568770748217
1.09538761970722,-0.0702149291528423,-0.1133683974095,0.248848529883915,0.00655396682038793,0.0113483360966939,-0.00304410333975017
1.12036273589508,-0.0563184856760015,-0.112718687555433,0.246932520062266,0.0071642182688055,0.0112749539241454,-0.00181294837538802
1.14183755837457,-0.0428446135870418,-0.112046013246176,0.243286722164969,0.00786261583453506,0.0111898599161479,-0.000561423104081538
1.15974931954592,-0.0299517816310458,-0.111305810539426,0.238009015534342,0.00863299502061073,0.0110672696478949,0.000691769428270172
1.17402573046207,-0.017801530083095,-0.110456661891422,0.231240668768832,0.00945679758964681,0.0108808430071839,0.00192800646745019
1.18459497830396,-0.00652062615195632,-0.10946742540574,0.223176492955813,0.0103144211107621,0.0106042683281983,0.00312837400356521
1.19140172873236,0.00383564479691832,-0.10832294404785,0.214069344615481,0.0111864961431139,0.0102121127821718,0.00427343743208237
1.19442732311201,0.013316099319971,-0.10702797121892,0.204224793060989,0.0120550768089006,0.00968115394730258,0.00534324945862954
1.19371151684152,0.0220977771179781,-0.105608805810757,0.193982599457058,0.0129046837437492,0.00899228192328217,0.00631767378883638
1.18937207859297,0.03049579003456,-0.1041120808959,0.183683961956731,0.0137230801690017,0.00813286607642466,0.00717706071911216
1.18161776659581,0.0389530863166673,-0.102600370215944,0.173627355706015,0.0145016249365532,0.00709924192680103,0.00790323800868507
1.17075030007378,0.048006755117086,-0.101144843254684,0.16402048237862,0.0152350655772218,0.00589876116135422,0.00848068807071788
1.15715257519092,0.0582326603689661,-0.0998160010686671,0.154939596357746,0.0159207302627876,0.00455076373541747,0.00889770016881268
1.14126357335057,0.0701767295766815,-0.0986742468279116,0.146308142394651,0.0165572363669402,0.00308596376439928,0.00914725354982771
1.12354426712935,0.0842863680030152,-0.0977623026829485,0.137902926565752,0.0171429990665388,0.00154409699020869,0.00922743215650315
1.10444173293137,0.100856459420001,-0.0971010613825522,0.129388686422134,0.0176749185086398,-2.98539086426862e-05,0.00914128717191162
1.08435919806535,0.120000328767237,-0.0966894820710877,0.12037371901097,0.0181475930565233,-0.00159014621741601,0.00889620581119112
1.06363756486398,0.141648585668183,-0.0965080214278018,0.110473565092675,0.0185532537505735,-0.00309460795964951,0.00850295547072775
1.04255008434817,0.165571245290721,-0.096524289663387,0.0993687117469766,0.0188824058628542,-0.00450806443404094,0.00797461412944058
1.02130798562982,0.191413828799723,-0.096699375495041,0.086845640718103,0.0191249825575355,-0.00580442776312363,0.00732557167646235
1.00007239305632,0.218737339381628,-0.0969935418920318,0.0728163183150547,0.0192717224617076,-0.00696738270198453,0.00657072225116723
0.978967288543508,0.247054291123721,-0.0973705177983514,0.0573169756087322,0.0193154880736216,-0.00798989436502098,0.00572489926183556
0.958089268985737,0.275856632143995,-0.0978001464255168,0.0404910685301327,0.0192523162906197,-0.00887292243647625,0.0048025539632702
0.937511640501416,0.304634883753348,-0.0982595371521158,0.0225630572049998,0.0190820916111397,-0.00962375428245643,0.00381764985403278
0.917282222298979,0.332890225422823,-0.0987330578262654,0.00380941981316708,0.018808819395755,-0.0102543040725004,0.00278373306176238
0.897415611818358,0.360142406477446,-0.0992115279174329,-0.0154681342971636,0.018440531101697,-0.0107796127922762,0.00171413548900154
0.877881440818549,0.385936520701342,-0.0996908937679577,-0.0349641950240753,0.0179888734901492,-0.0112166626785743,0.00062226730903708
0.858590459268051,0.409851234507171,-0.100170548868548,-0.0543846714919031,0.0174684291086112,-0.0115835123819236,-0.000478044113695655
0.839380395984633,0.431510320438292,-0.100651355169309,-0.0734554566023016,0.0168958008551675,-0.0118986764933322,-0.00157221152124368
0.820003736274452,0.45059843510487,-0.101133362246739,-0.0919258363760072,0.0162884842483399,-0.0121806178270996,-0.00264458429706969
0.800119968434804,0.466880954310518,-0.101613235461184,-0.109568285173777,0.0156635592897793,-0.0124471945461023,-0.00367822915325013
0.779295403951755,0.480226243553362,-0.102081507713211,-0.126176512024978,0.0150362664494319,-0.0127149112957858,-0.00465484420435377
0.757014039933817,0.490627011968589,-0.102519960304499,-0.141563576095824,0.0144185877237245,-0.0129978723117288,-0.00555486224707809
0.732702570772529,0.498215653421933,-0.102899681853235,-0.155561551017004,0.0138180223755957,-0.0133064329758923,-0.0063578048470785
0.705770991597687,0.503267354928469,-0.103180564950669,-0.168023541490766,0.01323680254362,-0.0136456921521594,-0.00704294565980577
0.675666946619282,0.506185147795222,-0.103313040222505,-0.178827864198263,0.0126717987400506,-0.0140141344261632,-0.00759031570899504
0.641937383090883,0.507463801310049,-0.103242563472892,-0.187883110258665,0.0121152808808323,-0.0144028595274271,-0.00798202157252878
0.604286468889539,0.50763462515564,-0.102916688163738,-0.195132031017255,0.0115565125673821,-0.0147958424236711,-0.00820374836447453
0.562616271163775,0.507199671101104,-0.102293595784907,-0.200552203611861,0.0109839032117244,-0.0151714851828821,-0.00824620885090462
0.517038509037929,0.506568979464205,-0.101350094716394,-0.204152420683578,0.0103872228576236,-0.0155053615126643,-0.00810623195403578
0.467852409043814,0.506015551876995,-0.100086826383049,-0.20596534204233,0.0097593180039556,-0.0157736411849593,-0.00778721466836704
0.415493302986205,0.505658310860971,-0.0985290347445411,-0.20603834945783,0.00909691661063063,-0.0159564101174746,-0.00729880650572254
0.360465050633251,0.505474917229598,-0.0967225920854768,-0.204425044211426,0.00840042444658371,-0.0160401219417226,-0.00665590415060997
0.303272884000203,0.505337689574647,-0.0947264324605483,-0.201179280784719,0.00767294597350535,-0.0160187233806096,-0.00587721333675152
0.244370770992138,0.505060675075871,-0.0926034719930344,-0.196352513476971,0.00691896332909806,-0.0158934300924912,-0.0049837104932877
0.184130895988826,0.504445604094649,-0.0904121899121457,-0.189994214330421,0.00614311810914567,-0.0156714899711891,-0.00399729593532028
0.122835791374562,0.503317888090235,-0.0882004621380247,-0.182154606976796,0.00534940848682024,-0.0153644341590787,-0.00293981761112193
0.0606886802160717,0.501548592231354,-0.0860023881737315,-0.172888948387168,0.00454093380512961,-0.014986280504558,-0.0018325203738289
-0.00216443201908491,0.499062368845527,-0.0838381044910146,-0.162262821646,0.00372016874327124,-0.0145519983755661,-0.00069588199180158
-0.0656070890078852,0.49583373940224,-0.0817161109426479,-0.150358090385675,0.00288966009845316,-0.0140763594360258,0.000450254900073104
-0.129523950454667,0.491874949986427,-0.079637437827549,-0.137279127907538,0.00205300059489629,-0.0135731486578165,0.00158636551639868
-0.193775040963581,0.487218509267264,-0.0776009360072615,-0.123158626320967,0.00121591797917973,-0.0130546193170508,0.00269285425422519
-0.258175333403841,0.481897126835226,-0.0756089555255122,-0.10816178957463,0.000387299486661884,-0.0125310468339832,0.00374970785063981
-0.322482147168144,0.475923585544335,-0.0736726129213037,-0.0924872055315873,-0.000420056846364214,-0.0120102615890577,0.00473630340855704
-0.386392896523132,0.469273283368319,-0.0718157369923786,-0.0763624739208059,-0.00118919849325869,-0.0114971107955053,0.00563148044411135
-0.449555333764411,0.461872605919191,-0.0700765169919243,-0.060033099435583,-0.001899507182529,-0.0109929002246813,0.00641396684300212
-0.511590923577476,0.453596457866545,-0.068506008799052,-0.043744513721209,-0.00252805878546486,-0.0104949721069132,0.00706320011164709
-0.572129083984628,0.444277534719031,-0.0671631301255608,-0.027719294741307,-0.00305180680522725,-0.00999664418359225,0.00756050084506214
-0.630846307604155,0.433727775662102,-0.0661066220823872,-0.0121340631852799,-0.00345028151314098,-0.00948771959747831,0.00789044722574413
-0.687501155939655,0.421769071896203,-0.0653854749343055,0.0028979935105624,-0.00370825366804026,-0.00895565322159583,0.00804220371203092
-0.741955666615306,0.408266805485717,-0.0650300974680015,0.017333586821804,-0.0038177133613497,-0.00838725442725409,0.00801052158929281
-0.794176823202036,0.393157847063261,-0.0650466071715765,0.031192244195925,-0.00377864800587873,-0.00777060239318536,0.00779618483598311
-0.844217570285424,0.37646555801857,-0.0654158435726224,0.044537223621519,-0.00359844284248209,-0.00709674779689155,0.00740581105828644
-0.892182958122316,0.358298080809021,-0.0660973068239189,0.0574494718270386,-0.00329013091861219,-0.00636082967673796,0.00685108166543862
-0.93819074244752,0.338831219964372,-0.067036778516572,0.070001097963858,-0.00287001286789373,-0.00556242362738632,0.00614760321673052
-0.982335904808676,0.318281387836602,-0.0681754724274419,0.082233893710803,-0.00235524750468252,-0.00470517009189839,0.00531365215091381
-1.02466574195767,0.296875941107643,-0.069458456329407,0.0941459970799417,-0.00176189679119038,-0.00379591415071625,0.00436902755385897
-1.06516815168829,0.274827613828859,-0.0708406545400055,0.105687168579541,-0.00110368940321738,-0.00284366638621617,0.00333416165789198
-1.10377222750255,0.252317552928984,-0.0722896220815545,0.116761297844462,-0.00039155214025169,-0.00185866730039443,0.00222955278679625
-1.14035817358217,0.229488877022592,-0.0737851130686055,0.12723401932244,0.000366187364917904,-0.000851740800167368,0.00107551645717923
-1.1747728992525,0.206450569406297,-0.0753160406863893,0.136943496385242,0.00116308722123719,0.000166000201127254,-0.000107793720714913
-1.20684799252313,0.183290162687802,-0.0768757148405877,0.145713111877286,0.00199353301065456,0.00118314735951942,-0.00130016697239735
-1.23641752082077,0.160092903904548,-0.0784563306239062,0.153365542917029,0.00285148226894567,0.00218782879641069,-0.00248100119062592
-1.26333381665869,0.136964526288972,-0.0800436778380464,0.159738158515569,0.00372914867918514,0.00316757230515053,-0.00362894461771458
-1.28747984718542,0.114054066609542,-0.0816130203109842,0.164699638661857,0.00461577891010435,0.00410940796699475,-0.00472161318892998
-1.30877691694409,0.0915722708198541,-0.0831270501987901,0.168167077524821,0.00549672030522718,0.00500038710942633,-0.00573549288730463
-1.3271864650899,0.0698003095738186,-0.0845366787408135,0.170121673803276,0.00635303556408138,0.00582860749781952,-0.00664614106344851
-1.34270486573678,0.0490834553936548,-0.0857850647207739,0.17061974333628,0.00716195270333231,0.00658468801416586,-0.00742878889782189
-1.35535076147479,0.0298059359741933,-0.0868146269406626,0.16979483375774,0.00789838920118549,0.00726344668057046,-0.00805940418744008
-1.36514581911305,0.0123470060542504,-0.0875758960906096,0.167847028173675,0.00853760466249532,0.00786535414402629,-0.00851618767902541
-1.37209185878643,-0.00297591713697462,-0.0880362002084712,0.165017825860544,0.00905870486936941,0.00839724371976348,-0.00878135068672951
-1.37614949595286,-0.0159651532580909,-0.0881857744144564,0.161553275082536,0.00944831828742313,0.00887184513418796,-0.00884288710599047
-1.3772246075032,-0.0265863570605317,-0.0880393188909666,0.15766300369523,0.00970347106133293,0.00930600472939056,-0.00869596636693312
-1.37516787804898,-0.0349843041054731,-0.0876323328280084,0.153486012942541,0.00983270759385621,0.00971788476826736,-0.00834359711638771
-1.36978906486782,-0.0414648756110629,-0.0870132587947145,0.149073289461707,0.00985493834555962,0.010123817040205,-0.00779636924593448
-1.36088267890119,-0.0464477392041124,-0.0862338049678139,0.144392106757149,0.00979621090340389,0.0105356226557326,-0.00707132927722437
-1.3482578970422,-0.0504029862252368,-0.0853401589541032,0.139349626894452,0.00968526737603995,0.0109590174376287,-0.00619027760669997
-1.33176468763408,-0.0537882690954091,-0.0843671108887791,0.133827648385526,0.00954905511365899,0.0113933010987986,-0.00517789425578808
-1.31131056046414,-0.0570001963760405,-0.0833358512271562,0.12771849802309,0.00940920319464051,0.0118320972195314,-0.00406006757336734
-1.28686649210264,-0.0603473272631359,-0.0822550471438004,0.120954036323524,0.00928002079544364,0.0122646606137595,-0.00286266252230896
-1.25846436731362,-0.0640454591805562,-0.0811241424648677,0.113523577879897,0.00916807695193951,0.0126772586136916,-0.00161080288801788
-1.22619040819479,-0.0682313217935497,-0.0799377145492966,0.105480066705816,0.00907307680273264,0.0130542981150233,-0.000328617731994374
-1.1901793392652,-0.0729887759129592,-0.0786899588900991,0.0969359304022595,0.00898960922959372,0.0133790979549086,0.00096066280441036
-1.15061294688772,-0.0783813875433686,-0.0773787104335319,0.0880506395141719,0.00890935085496631,0.0136344052193792,0.00223439574280909
-1.10772480957998,-0.0844856664904625,-0.0760086766769741,0.0790117530073046,0.00882338276154801,0.0138028793745879,0.00347012608795784
-1.06181066232424,-0.091419508447978,-0.074593683826532,0.0700109088419971,0.00872433826500011,0.0138678086551313,0.0046452194657078
-1.01324129432734,-0.0993602739108054,-0.0731577387006233,0.061216406894164,0.00860812178952381,0.0138142802561901,0.00573664161250733
-0.962472331915721,-0.108546950896495,-0.0717346520736945,0.0527449818504078,0.00847493158081655,0.013630900634068,0.00672100013844963
-0.910043385283819,-0.119261937092497,-0.0703659489980204,0.0446369082715757,0.00832932828654144,0.0133119591788665,0.00757495836065831
-0.856558978654527,-0.131791170006312,-0.069096911516163,0.0368400701853357,0.00817918040506316,0.0128596741688013,0.00827610034034042
-0.80264674253412,-0.14636703097877,-0.0679709355962975,0.0292090032482687,0.00803353430681327,0.0122859245140442,0.00880424907399509
-0.748895083769522,-0.163105576767267,-0.0670229259332983,0.0215230642784277,0.00789978729531236,0.0116127716087479,0.00914310815828233
-0.695781553643424,-0.181955276703812,-0.0662730363938383,0.0135233511887916,0.00778087603012597,0.0108712341462323,0.00928193898727041
-0.643610540862671,-0.20267471353026,-0.0657223805226971,0.00496179661417166,0.00767334429701735,0.0100982294945779,0.00921687246551617
-0.592479923902289,-0.224849415879778,-0.065352077358458,-0.00434940958172716,0.00756697187583435,0.0093322030833531,0.00895147237263598
-0.542288577145692,-0.247945071894775,-0.065126105935472,-0.0145012530960993,0.00744614758902908,0.00860845137426723,0.00849635199519891
-0.492782920816111,-0.271381828052083,-0.0649972556527834,-0.0254734640277195,0.0072925763466352,0.00795524265216467,0.00786793154328056
-0.443627879109588,-0.294608547008573,-0.0649145507819251,-0.0371439908476257,0.00708851435513067,0.00739150205293339,0.00708667370655834
-0.394481877226452,-0.317159020824563,-0.0648303128538741,-0.0493166844742815,0.00681968942997808,0.0069262506763493,0.00617523307245266
-0.345058348139211,-0.338681191838319,-0.064705496189652,-0.0617572895301915,0.00647732659701028,0.00655946675294661,0.00515688530039498
-0.295164311011645,-0.358940026414799,-0.0645127296604919,-0.0742278135389897,0.00605907137476174,0.0062837639883915,0.00405443749808753
-0.244715013307078,-0.37780084624579,-0.0642372076149288,-0.0865122487995208,0.00556890788451148,0.00608627843441957,0.00288965641517206
-0.193729095109375,-0.395201717739069,-0.0638759621231377,-0.0984304207333954,0.00501632821468975,0.00595032453806828,0.00168314227127927
-0.14231051785751,-0.411122251768836,-0.0634361053449138,-0.109839906872349,0.00441503558471734,0.00585660740249661,0.000454530377371409
-0.0906226332317271,-0.425553817532079,-0.0629324712894929,-0.120627959892183,0.00378141055190696,0.00578398374404147,-0.000777101623158366
-0.0388578668424739,-0.438474151641392,-0.0623848527320987,-0.130696358096109,0.00313289266616028,0.00570991671478512,-0.00199273109234737
0.0127950862219546,-0.449828253560518,-0.0618148364425873,-0.139942583829117,0.00248636991381684,0.00561086560846796,-0.00317289098689022
0.0641851114343764,-0.459517247883071,-0.0612421667653801,-0.148241131618113,0.00185664673683171,0.00546289296991208,-0.00429726875389221
0.115231226469186,-0.46739709587307,-0.0606806610494011,-0.155429233634584,0.00125508285677085,0.00524275384536857,-0.00534450318005963
0.165949543867079,-0.473288984215319,-0.0601339714334456,-0.161301638336471,0.000688547531504262,0.00492963890558232,-0.00629228579108276
0.216468238511103,-0.477002213237694,-0.0595918863150559,-0.165618687044685,0.000158887778482813,0.00450755726426168,-0.00711786954554845
0.267023204621717,-0.478367987363083,-0.0590282493525069,-0.168130018995193,-0.000336880275727043,0.00396807018457396,-0.00779905204084308
0.317928946617141,-0.477278834336134,-0.0584017044759613,-0.168612319224218,-0.000805528983249716,0.00331278138788172,-0.00831561246070209
0.36952482244449,-0.473724603526848,-0.0576600935266681,-0.166914147590675,-0.00125579484681573,0.0025547816918983,-0.00865104010251543
0.422105161744366,-0.46781418237433,-0.0567483447037754,-0.162996062091805,-0.00169611508224799,0.00171829865835655,-0.00879423704451032
0.475849708499023,-0.459774229637682,-0.0556183618708567,-0.156952901364085,-0.00213250064733852,0.000836209714046098,-0.00874078873903836
0.530773723290844,-0.449922671096038,-0.0542383830692477,-0.149009213848347,-0.00256716512097319,-5.42539690088658e-05,-0.0084934521930322
0.586712134487236,-0.438623078795104,-0.0525991673210736,-0.139487481781701,-0.00299830976440673,-0.0009166486005689,-0.00806172166008288
0.643340966844213,-0.426232327060335,-0.0507153701440583,-0.128758004402155,-0.00342106311821013,-0.00172006394303645,-0.00746060847100375
0.700227315112013,-0.413055041378981,-0.0486221006379849,-0.117184526027588,-0.00382918683205086,-0.00244245427575994,-0.00670898090444704
0.756891924860406,-0.399314321487639,-0.0463681075177937,-0.105078906404392,-0.00421696947547847,-0.00307209810500603,-0.00582786593832313
0.812868162431342,-0.385141713997543,-0.0440077307258374,-0.0926728369617568,-0.00458078558008533,-0.00360733225859479,-0.00483902851488818
0.867746041080053,-0.370583678709314,-0.0415936063277192,-0.0801081767103905,-0.00492001153115914,-0.00405509500719786,-0.00376399327951174
0.9211965290201,-0.355618732072975,-0.0391714448853642,-0.0674427432381642,-0.00523722849522678,-0.00442891268139344,-0.0026235365886856
0.972976741243259,-0.340179172048194,-0.0367774243817181,-0.0546664135304393,-0.00553780877390067,-0.00474684361274836,-0.00143759073584764
1.02291963460452,-0.324172803265841,-0.0344381206380427,-0.0417227064815556,-0.00582904847404443,-0.00502967264059627,-0.000225466261649615
1.07091271681814,-0.307502194496855,-0.0321725268202598,-0.0285325165482657,-0.00611900114148105,-0.005299428184754,0.000993707738086639
1.11686994775272,-0.290080829427041,-0.0299955421747643,-0.0150182762095967,-0.00641512965353674,-0.0055781261515074,0.0022004210373223
1.16070043504204,-0.271846598883219,-0.0279222372478944,-0.00112781987015122,-0.006722869614481,-0.00588654988775805,0.00337419180906858
1.20227741894047,-0.252773302966312,-0.0259721362395931,0.0131427490114795,-0.00704421388459694,-0.00624285737083296,0.00449305112326862
1.24141170704776,-0.232880275418617,-0.0241726551238584,0.0277288517009503,-0.0073764910565873,-0.0066608702696474,0.00553322546429786
1.27783494008876,-0.21223917243637,-0.0225607333286239,0.0424832015940179,-0.00771160119153757,-0.00714805102440016,0.0064691672230743
1.31119900646474,-0.190975845849513,-0.0211817233380891,0.0571724438497913,-0.00803603974277711,-0.00770340839311891,0.0072740996792895
1.34109717315091,-0.169264710377877,-0.0200849453386568,0.0714898915868653,-0.0083320085090603,-0.00831584399288757,0.00792121637996085
1.36710859554745,-0.147313827313518,-0.0193161235620472,0.0850873184680556,-0.00857970626294564,-0.00896365118336231,0.00838556464475064
1.38886045469553,-0.125341382456732,-0.0189081282524003,0.0976233392380183,-0.00876050223549094,-0.0096158385531623,0.00864643243044609
1.40609318485328,-0.103547709707662,-0.0188726051518181,0.10881866366229,-0.00886024668248328,-0.0102355448684115,0.00868979843460778
1.41870882184557,-0.0820898015127456,-0.0191954475723515,0.118503025403027,-0.00887171485165016,-0.0107850951381604,0.00851023041481367
1.42678516941647,-0.0610654041432287,-0.0198381042543406,0.126638932664718,-0.00879534695034686,-0.0112315307277141,0.00811167410865834
1.4305498347334,-0.040510652088963,-0.0207446350184196,0.13331482890592,-0.0086380413744522,-0.0115511544128975,0.0075068992141382
1.43032288404434,-0.0204102290792709,-0.0218522696639241,0.138711392291499,-0.0084104879753273,-0.0117319813467737,0.00671581338040547
1.42644705827269,-0.000714960617328342,-0.0231021561903725,0.143053540386721,-0.00812399708616541,-0.0117737901042284,0.00576318473791624
1.41922565422761,0.0186395143369549,-0.0244474139655088,0.146563092858259,-0.00778778692202032,-0.0116862718767194,0.00467638199622388
1.40888179289014,0.0377177827430405,-0.0258570109034562,0.149423262429509,-0.00740733966299089,-0.011486208984543,0.00348357988085996
1.39554388803841,0.0565752635995814,-0.0273154650342441,0.151759636157667,-0.00698398933070927,-0.0111945970045788,0.00221262806071381
1.379255115937,0.0752535080514198,-0.0288193194639733,0.153636623577991,-0.00651557775682902,-0.0108343162974388,0.000890571738635657
1.36000121204333,0.0937776724877396,-0.0303716535789332,0.15506521188318,-0.00599787728747255,-0.0104285736839295,-0.000456307879409006
1.33775023741966,0.112153229679237,-0.0319758050648907,0.156017180930146,-0.00542648268634137,-0.0100000181418445,-0.00180210946606588
1.31249836071317,0.130359621555873,-0.0336292846997019,0.156441715212692,-0.00479893027560843,-0.00957023826680686,-0.00312076679019757
1.28431570236703,0.148340036725783,-0.0353187601215672,0.156281602994605,-0.00411683289229201,-0.00915927304004357,-0.00438552592442861
1.25338520513747,0.16598863229049,-0.03701699586287,0.155487293998161,-0.00338778460142922,-0.00878479974653905,-0.00556863269070443
1.22002570904762,0.183138976940724,-0.0386826449798428,0.154027754443313,-0.00262669402471779,-0.00846080162312879,-0.00664142405096991
1.18468940950624,0.199559531481602,-0.040263575768546,0.151897357348794,-0.00185610384103883,-0.00819576148560911,-0.00757499858313093
1.14792591177887,0.214962403218632,-0.0417037804773827,0.149118178675258,-0.00110504658525654,-0.00799074350957456,-0.00834156399258964
1.11031204904102,0.229029176024452,-0.0429528307325803,0.145737287468,-0.000406187884224344,-0.00783801543721064,-0.00891639852514322
1.07235814441122,0.241452073746392,-0.0439756439867794,0.141819143689533,0.000208529697237697,-0.00772096608015192,-0.00928013632130272
1.03441337157019,0.25198181119553,-0.0447596581463904,0.137434157779766,0.000712911593160163,-0.00761583889390629,-0.0094208793988381
0.996598471993893,0.26046878398235,-0.0453169920717499,0.132645674662072,0.00109089091872032,-0.00749522781163571,-0.0093355763673766
0.958788060830462,0.266885008725431,-0.0456808355592099,0.127498610238087,0.00133893496261557,-0.00733258985675274,-0.00903026950058462
0.920648240458579,0.271320704854881,-0.0458974059845957,0.122012975640027,0.0014657311104989,-0.00710658055833347,-0.00851914973290976
0.881716193807809,0.273958237064233,-0.0460162302073564,0.116184185165239,0.00148933918913399,-0.00680407038190052,-0.0078227121861734
0.841496314643778,0.275032744603203,-0.0460816111500813,0.109989788718335,0.00143281272533624,-0.00642121830593937,-0.00696550931898491
0.799546794505687,0.274790623008202,-0.0461271180869417,0.103400188363583,0.0013196135085307,-0.00596266999330494,-0.0059739957474349
0.755539096863925,0.273454683338011,-0.0461735436013303,0.0963899600980797,0.00116992517348011,-0.00543947982610689,-0.0048748063347693
0.709284365955874,0.271200669253802,-0.0462296921038804,0.0889468022679183,0.000998448342998462,-0.00486655374698432,-0.00369361383212453
0.660730200257651,0.26814609026297,-0.0462948925680223,0.0810763340641377,0.000813734455317643,-0.00426030047018474,-0.00245455567516085
0.609936080280665,0.264350119628185,-0.0463621743784345,0.0728022441882886,0.000618776091721218,-0.00363690445888393,-0.00118013091248274
0.557036544797236,0.259822632575296,-0.0464213633494385,0.0641621921866278,0.000412450236113798,-0.00301134102355814,0.000108562624531196
0.502199732394444,0.254540772912781,-0.0464617216119869,0.0552003407933826,0.000191438927829867,-0.00239702976170279,0.00139137886929388
0.445586933554622,0.248472018768341,-0.0464740416912595,0.0459576448503721,-4.76652625400564e-05,-0.00180589293587365,0.0026485771897181
0.387317474193417,0.241602915122778,-0.0464522698151954,0.0364612813420183,-0.000306297093714053,-0.00124853944638133,0.00386028467231797
0.327442941348383,0.233971970382844,-0.0463947841706296,0.0267150029055455,-0.000582117942740103,-0.000734313489822112,0.00500606963492324
0.265935104478818,0.22570347785589,-0.0463054161806919,0.0166926506468438,-0.00086773570000558,-0.000271017374190052,0.00606473119008613
0.20269198989911,0.217036470804942,-0.046194204551428,0.0063372620083759,-0.00115025692977241,0.000135763733053403,0.00701440851293251
0.1375652295557,0.20834050065893,-0.0460777437295188,-0.00443229849384864,-0.00141198170207146,0.000483651871473483,0.00783309824471388
0.0704080479416229,0.200108953191463,-0.0459788663803266,-0.0157068327515877,-0.00163241069114326,0.000774521668789896,0.00849961496042622
0.00113720634957935,0.192922873555647,-0.0459253587926771,-0.0275665587084672,-0.00179144019846213,0.0010152264942574,0.00899494764620873
-0.0702043996419393,0.187384891859471,-0.0459475029218651,-0.0400598191483112,-0.00187318720667981,0.00121761112129993,0.00930383382840162
-0.143401713375189,0.184032774517612,-0.0460745307436616,-0.0531867097013189,-0.00186951921741928,0.00139758062111092,0.00941626253204136
-0.218053380409876,0.183251776922391,-0.0463304991620323,-0.0668924982814496,-0.00178226153799396,0.00157329044729456,0.00932856637648503
-0.293596267266604,0.185209197114082,-0.0467304773006292,-0.0810724452903013,-0.00162336471454865,0.0017628425542517,0.0090438253661855
-0.369363133620297,0.189829841213359,-0.0472780534453451,-0.0955857657040148,-0.00141295054532066,0.00198205861019494,0.00857147373587059
-0.444657477171867,0.196818557533785,-0.0479648879086716,-0.110273953820206,-0.00117582884957055,0.00224285871915434,0.00792621557759447
-0.518825671390476,0.205721175828495,-0.0487724489156113,-0.124978499552813,-0.000937476058522235,0.00255253134206162,0.00712652726708131
-0.591310266177933,0.216004843777608,-0.049675439171037,-0.139554648941005,-0.000720453009640526,0.00291386647749176,0.00619309062565505
-0.661676799610919,0.227136595105825,-0.0506460229089679,-0.153879966938276,-0.000541907372811179,0.00332588056900776,0.00514745307448564
-0.729615210894576,0.238644066240083,-0.0516579089970497,-0.167857962755681,-0.000412374562904438,0.00378476268891597,0.00401109349745967
-0.794922648813383,0.250150646014666,-0.0526895589428016,-0.181417608199055,-0.000335750048215319,0.00428470899655197,0.00280494523111514
-0.857476220784403,0.26138495946488,-0.0537260998580753,-0.194509472984794,-0.000310136016812394,0.00481843049096823,0.00154933341529756
-0.917203059048089,0.272169279214438,-0.0547597861957436,-0.207098855092093,-0.000329247324011608,0.0053772603308577,0.000264234498961413
-0.974052654242977,0.282393113473936,-0.0557890089816364,-0.219156032458352,-0.000384130129413187,0.00595091670957727,-0.00103024960726622
-1.0279740597925,0.291977949732113,-0.0568159183713482,-0.23064379298023,-0.000465034598212821,0.00652708335337226,-0.00231330921570704
-1.07889903378601,0.30083833192616,-0.0578427782269003,-0.241502827171787,-0.000563341237404084,0.00709105115577827,-0.0035628416489194
-1.12673156418063,0.308844153382289,-0.0588672988105753,-0.251636440336159,-0.000673440197448186,0.00762571660611129,-0.00475497621509756
-1.17134427290637,0.315789663381169,-0.0598774644884389,-0.260897299311753,-0.000794395568586163,0.00811223759388187,-0.00586384221059503
-1.21258246727178,0.321375877712994,-0.0608467935197442,-0.269080281724936,-0.000931108904085368,0.00853157129102891,-0.0068617385145263
-1.2502765540266,0.325213766605208,-0.0617314278751103,-0.275926304748312,-0.00109458111202922,0.00886692440888398,-0.00771987536395538
-1.28426261749715,0.326854120122297,-0.0624706943180907,-0.281141319233448,-0.0013008550994904,0.00910682249814232,-0.00840982124073665
-1.31440888914327,0.325844821370778,-0.0629924392672313,-0.284431550100691,-0.00156841707806672,0.00924811495867931,-0.00890565869182143
-1.34064294256887,0.321807285574537,-0.0632232473793474,-0.285550476785307,-0.00191429747100122,0.00929794358957327,-0.00918661928658871
-1.36297200836618,0.314513797084143,-0.0631017567164146,-0.284346649259303,-0.00234973106172607,0.00927374419848517,-0.00923969115838117
-1.38148875555158,0.303941921540447,-0.0625914679161663,-0.280797663826962,-0.00287669369577735,0.00920086310504514,-0.00906152034513946
-1.39635853223123,0.290286332669607,-0.0616888555401725,-0.2750178731663,-0.00348656188976435,0.00910822209116112,-0.00865901647353886
-1.40779052599686,0.273922520895067,-0.060423912277015,-0.267236059483252,-0.00416143169198109,0.00902323641751315,-0.00804845235734866
-1.4160014055559,0.255334334781317,-0.0588530031816829,-0.257750348101892,-0.00487761337534345,0.00896743184522055,-0.00725334503632471
-1.42118228541696,0.235028819534493,-0.0570466245809645,-0.246875080712008,-0.00561005947745722,0.00895379217232819,-0.00630175806079868
-1.42347726256005,0.213462223137651,-0.0550760014371934,-0.234894677406098,-0.00633635967836751,0.00898609133927837,-0.005223713324155
-1.42297628529052,0.190992436478954,-0.0530020812975326,-0.222033887258574,-0.00703937899952002,0.009059778913098,-0.00404919146781324
-1.41971990857013,0.167861835641038,-0.0508690396992272,-0.208446403010417,-0.00770826167975032,0.00916367992178792,-0.00280690289847314
-1.41371070446775,0.144205946672365,-0.0487028305454153,-0.194218298381504,-0.00833803027181305,0.00928183977911246,-0.00152377555163141
-1.40492600645713,0.120079534297564,-0.0465141944580758,-0.179380525619276,-0.00892824215710477,0.00939512094016084,-0.000224984965555383
-1.39332831527505,0.095491705290639,-0.0443049942911225,-0.163925172611852,-0.00948117135306138,0.00948245997647528,0.00106567514965953
-1.37887189823969,0.0704434059481315,-0.0420765865963289,-0.147821947684419,-0.00999988103671777,0.00952191697687218,0.0023252650752557
-1.36150605669863,0.0449625662013481,-0.0398388935981049,-0.131033251179733,-0.0104864434925288,0.00949176120557122,0.00353116950712344
-1.3411768527321,0.0191331935816413,-0.0376187280305838,-0.113527528077534,-0.0109405011494244,0.00937184147747622,0.00466070246785547
-1.31782968383907,-0.00688514222174064,-0.0354657181288132,-0.0952911392415967,-0.0113583483003559,0.00914539680132584,0.00569097309740078
-1.29141495328018,-0.032851217916151,-0.0334540370924143,-0.0763387847327479,-0.0117327154969848,0.0088012815819275,0.00659912768897119
-1.26189816500956,-0.0584528622138174,-0.0316783626789994,-0.0567217913038201,-0.0120534046461058,0.00833633129815026,0.00736305193526003
-1.2292741658505,-0.0833358162119717,-0.0302434018892909,-0.0365327668364427,-0.012308803352009,0.00775734377577825,0.00796254442991334
-1.19358300993687,-0.107148055013889,-0.0292480391291888,-0.0159046888618894,-0.0124880843922068,0.00708198424958564,0.00838084729858232
-1.15492328362225,-0.129591323205794,-0.0287672942787095,0.00499685518285737,-0.0125836300966239,0.00633801618664615,0.00860626892010562
-1.11345792977681,-0.150467336250959,-0.0288369158490722,0.0259879695479746,-0.0125930350973521,0.00556061954829497,0.00863351733354237
-1.06940916806096,-0.16970555584562,-0.0294454289697725,0.0468847262941655,-0.0125200717478116,0.00478815314960955,0.00846436589674958
-1.02304227451399,-0.187364293470261,-0.0305363788257875,0.0675212162943721,-0.0123742955025545,0.00405726668481558,0.00810743001304464
-0.974641842648926,-0.203605554445729,-0.0320200686803988,0.0877630650865184,-0.0121694147329464,0.00339849892547861,0.00757709880583843
-0.924486209662544,-0.218652220863626,-0.0337910186769892,0.107513824431734,-0.0119209302100276,0.00283328169022821,0.0068919062559221
-0.872825714281931,-0.232740383972592,-0.035746037144307,0.126714166975211,-0.0116437023730311,0.00237274062532788,0.00607274343262258
-0.819868269943894,-0.246078518713811,-0.0377985672238253,0.145335953551606,-0.0113499950921681,0.00201811993861535,0.00514127097222128
-0.765773004872075,-0.258820639797687,-0.0398869951208381,0.16337414903932,-0.0110482869394037,0.00176229425157135,0.00411875168748548
-0.710650669875871,-0.271055393142453,-0.0419767139391991,0.180839234275101,-0.0107428778332039,0.00159174103960258,0.00302537072132721
-0.65456872805504,-0.282809283018597,-0.0440571398875698,0.197751714599561,-0.0104341448237563,0.00148846655453842,0.0018800018818884
-0.597559379963583,-0.294060528121134,-0.0461354014080675,0.214139136540207,-0.0101192365600024,0.0014315908768256,0.000700326609469448
-0.539629749319456,-0.304759927834247,-0.0482283105578502,0.230035045016775,-0.00979301321228318,0.00139851009183294,-0.000496799062510077
-0.480774540788592,-0.314855760915639,-0.0503538462648703,0.24547864733223,-0.0094490935463006,0.0013657183297833,-0.00169482656817377
-0.420992259618253,-0.324320376106876,-0.0525230269552001,0.260513575548888,-0.0090809258255664,0.00130947852058447,-0.00287693375935759
-0.360306236636158,-0.333176281222697,-0.054732883503822,0.275184034150464,-0.00868283019833395,0.00120658205904899,-0.00402546672110939
-0.298790970716814,-0.341519016546567,-0.056961285145431,0.289526849509752,-0.00825095667958645,0.00103543531326668,-0.00512149797560801
-0.236602524640595,-0.349533054403041,-0.0591645264306702,0.303558659876972,-0.00778406723892649,0.000777645442839219,-0.00614460824466739
-0.174008989286768,-0.357495905022021,-0.0612786606417192,0.317258873762666,-0.00728399985275356,0.000420132792807004,-0.00707300929849871
-0.11141397352742,-0.365765399729722,-0.0632253157151696,0.330551088630049,-0.00675563994962945,-4.24337901897211e-05,-0.00788411615392198
-0.0493639812694051,-0.374746812328314,-0.0649219461800088,0.34328798209968,-0.00620625544464395,-0.000605365777873587,-0.00855562713844036
0.0114688144552672,-0.384840752503087,-0.0662951634631177,0.355246247138805,-0.00564418301970887,-0.00125257333987431,-0.00906706525206298
0.0703321169881532,-0.396379120267998,-0.0672943289998319,0.36613754441147,-0.00507708112284348,-0.00195683988526121,-0.00940158378777017
0.126462595790368,-0.409562596799436,-0.067901732801596,0.375637744617113,-0.00451021281608771,-0.00268223035722011,-0.00954769345794504
0.179164587316974,-0.42441573418958,-0.0681361578295346,0.383430558908495,-0.00394535211131309,-0.0033884984815206,-0.00950050729441302
0.227879364542858,-0.44077213035641,-0.0680486006300356,0.389255601295976,-0.00338079936155424,-0.00403664332947363,-0.00926218584059101
0.272228246669965,-0.458293025381222,-0.0677116059358293,0.392948307262781,-0.00281264090155585,-0.00459430072982253,-0.00884148644928441
0.312021884033274,-0.476512014608951,-0.0672057456613015,0.394461668305567,-0.00223694406590016,-0.00503969889448424,-0.00825257999476499
0.347239296286115,-0.494891536200262,-0.0666072400641683,0.393866156720707,-0.00165225636728152,-0.00536343491571145,-0.00751347445606663
0.377988357559828,-0.512876102429248,-0.065979580177568,0.391331146907486,-0.00106171635990649,-0.00556805302291682,-0.00664441326707308
0.404461710372312,-0.529931945778634,-0.065370108240834,0.387095510078129,-0.000474269088065939,-0.00566598837566563,-0.00566652103843902
0.426899292676493,-0.545569554582067,-0.0648108372740504,0.381435777049523,9.52165943419723e-05,-0.00567669364497315,-0.00460082611060957
0.445563467689672,-0.55935128306378,-0.0643218991947144,0.3746381960835,0.000626849546619683,-0.00562370280131134,-0.00346766760439245
0.460727771281946,-0.570889223360585,-0.0639159145475098,0.366977841601144,0.00109738079362525,-0.00553214004619151,-0.00228642505079419
0.472677006228113,-0.579838861033585,-0.0636019708040794,0.358705065257191,0.0014823170029143,-0.00542689569236541,-0.00107548744926123
0.48171508888967,-0.585892682287079,-0.0633884350995617,0.350037718931794,0.00175819989682831,-0.00533145843315553,0.000147613517778516
0.488177189264166,-0.588776024475103,-0.0632842832156913,0.34115680338548,0.0019048449190655,-0.00526724932404217,0.00136596301535644
0.492443489521629,-0.588245930376865,-0.0632989188609826,0.332203283162314,0.00190741445020801,-0.00525324194861167,0.00256295524322296
0.494952552011806,-0.584092969048634,-0.0634406136200076,0.323274478115697,0.00175825676132767,-0.00530565420685208,0.0037219486249169
0.496212341925601,-0.576145858349629,-0.0637137985979749,0.314419470910865,0.00145845027728864,-0.00543753778256249,0.00482591514476289
0.496806294148391,-0.56427891599249,-0.0641155672267236,0.305634171874892,0.00101894578890756,-0.00565815624960236,0.00585712841599623
0.497390757922471,-0.548422447993283,-0.0646319557991299,0.296857836594175,0.000461108063254951,-0.00597212535558592,0.00679696185621765
0.498679351416239,-0.528575814501389,-0.0652348447070451,0.287973616689888,-0.000183641797308128,-0.00637838961277197,0.00762590404940914
0.501410103991489,-0.504821934750601,-0.0658805783132626,0.27881574114891,-0.000875428321111143,-0.0068692284591632,0.00832392744630982
0.506293689546094,-0.477340503082556,-0.0665114551515174,0.269184846394986,-0.00156902277860828,-0.00742960944524593,0.00887133876635398
0.513946084850705,-0.446415650136483,-0.0670608661741462,0.258870796481799,-0.00221839974698324,-0.00803728980104605,0.00925015901931272
0.524815954353692,-0.412433087157308,-0.0674619176069909,0.247679628967895,-0.00278220558162753,-0.00866403173062193,0.00944591350780553
0.539123409981711,-0.375862985403178,-0.0676580209118492,0.23545915626076,-0.00322905207810992,-0.00927806729792479,0.00944949950638568
0.556828536382464,-0.337228457919523,-0.0676127289900224,0.222117455610433,-0.00354126302136342,-0.00984754041925379,0.00925864845349185
0.577642181591286,-0.297064554111538,-0.067315807423966,0.207630457206729,-0.0037159525043894,-0.0103442265357542,0.00887852902901852
0.601078974433135,-0.255876735470903,-0.066783567190381,0.192038276547215,-0.00376311072511485,-0.0107466289428887,0.00832128047442184
0.626538959092136,-0.214108460368669,-0.0660534689758095,0.175433136396267,-0.00370136010115612,-0.0110417256230331,0.00760461641036943
0.653396436400531,-0.172124234376981,-0.065174925455404,0.157943256466247,-0.0035527192445498,-0.0112251132148055,0.00674991663827886
0.68107573517175,-0.130209099269156,-0.0641991527029155,0.139716694147644,-0.00333778574780887,-0.0112998093585972,0.00578030284067073
0.709101524569936,-0.0885807639966848,-0.0631706291632714,0.12090758436285,-0.00307231285637122,-0.0112742911006549,0.0047190816772198
0.737120875026953,-0.0474082123919998,-0.062121666146484,0.101665588037818,-0.00276553730453071,-0.0111603870361745,0.00358873908440591
0.764901395493859,-0.00683077468490853,-0.0610704413633076,0.0821282438229655,-0.00242011627898561,-0.0109714806731545,0.00241048998474278
0.792312933804252,0.0330266624766126,-0.0600220386115965,0.0624154388966374,-0.00203327718984047,-0.010721251586265,0.00120428042260538
0.819300256282903,0.0720445360986466,-0.0589716750094067,0.0426252201892887,-0.00159874404540641,-0.010422976089453,-1.08981113570396e-05
0.845852403770304,0.110106003044243,-0.0579092594730254,0.0228304771708975,-0.00110907952022324,-0.0100892698105911,-0.00121651805361463
0.871972452240335,0.147099981077758,-0.0568245249275179,0.00307651736535879,-0.000558176811310336,-0.00973208000810531,-0.0023939675479861
0.897650005972969,0.182928065498058,-0.0557120642076833,-0.0166198635558262,5.63107045258989e-05,-0.00936271147377094,-0.00352405093021824
0.922838194910759,0.217512881115579,-0.0545756079779299,-0.0362686749337151,0.00073082382554896,-0.00899168622618709,-0.00458664228476206
0.947437099197179,0.250804913607827,-0.0534308308298881,-0.055900963223468,0.00145431936427619,-0.00862829350599448,-0.00556060038170243
0.971285943689467,0.282784634802348,-0.05230595454425,-0.0755578312580109,0.00220761225999376,-0.00827978748591002,-0.00642404989674187
0.994166449512509,0.313457129312085,-0.0512395786645765,-0.0952741857943228,0.0029639963633473,-0.00795033249599587,-0.0071551044031223
1.01581871268501,0.342837812440306,-0.0502756343579085,-0.11505906100373,0.00369136528933594,-0.00763995273881089,-0.00773303430707377
1.03596853843782,0.370930307251002,-0.0494561324885834,-0.13487656680444,0.00435573374287106,-0.00734385695719653,-0.00813976741576826
1.05436167756411,0.397700612431216,-0.048813250002,-0.154632941505999,0.00492560785885632,-0.0070525040879529,-0.00836148084362018
1.0707971904569,0.423054158647803,-0.0483628620262515,-0.174174683987211,0.00537624189694867,-0.00675260860593427,-0.00838995794719239
1.0851509642433,0.446822869371723,-0.0481014761505317,-0.19329988517471,0.00569267635947888,-0.00642898842050918,-0.00822339998199085
1.09738238432756,0.468767291076903,-0.0480075587051795,-0.211780626738002,0.00587072229994634,-0.0060668553772408,-0.00786651361736662
1.10752193167708,0.488594928998435,-0.0480468170051036,-0.229390664462879,0.00591567218502849,-0.00565398615109102,-0.00732989358851487
1.11564316067062,0.505991775353474,-0.0481797575966428,-0.245931345351892,0.00583921683818825,-0.00518226918282561,-0.00662889853031709
1.12182683038328,0.520661215087569,-0.0483693078614992,-0.261250205848026,0.005655530687872,-0.00464836243693628,-0.00578230837457853
1.12612650957564,0.532363628261014,-0.0485865854197307,-0.275249846018907,0.00537759297884123,-0.00405349314878124,-0.00481103873101113
1.12854373832993,0.540950630365499,-0.0488137462573176,-0.287887794929442,0.00501458001576478,-0.0034026576738871,-0.00373710545033856
1.12901778374308,0.54638912770037,-0.0490438061727061,-0.299170008534034,0.00457075904004061,-0.00270357174705578,-0.00258293097712559
1.12743136406595,0.548771574173558,-0.0492780791514162,-0.309141124792361,0.00404591115557175,-0.00196568539133114,-0.00137099901994462
1.12363029080526,0.548309892282901,-0.0495222830678922,-0.317874045170615,0.00343701155533191,-0.00119946088328406,-0.000123807463326816
1.11745220534887,0.545311809434976,-0.0497824628633199,-0.325460387045998,0.00274072294915216,-0.000415970771896085,0.00113596385301579
1.10875764091488,0.540140366411008,-0.0500617712847179,-0.332002283422423,0.00195618752816428,0.000373254687026792,0.00238517413097358
1.0974557201241,0.533160392136111,-0.0503589041994984,-0.337605133432298,0.00108759905553919,0.00115629272310025,0.00359994885455763
1.08351725164945,0.524679609802653,-0.0506686371019467,-0.342370385225735,0.000146078672675127,0.00192100974358177,0.00475553770875178
1.06697021726433,0.514895829722858,-0.0509844464596011,-0.346387425115857,-0.00084953535904103,0.00265554491836799,0.00582642205268433
1.04787679047407,0.503863814365702,-0.0513026401905113,-0.349724289373368,-0.00187323072942693,0.00334919547222246,0.00678676589800002
1.0262965860707,0.491494064631162,-0.0516268581509896,-0.352418154259584,-0.00289373516197049,0.00399365802015215,0.00761125664728443
1.00224636305284,0.477589790051922,-0.0519714238174367,-0.354467975681223,-0.00387757731087488,0.00458440746045125,0.00827631383469046
0.975669687162551,0.461918136225922,-0.0523620657613669,-0.355832461470295,-0.00479279984755148,0.00512185393919869,0.00876156363317338
0.946428939970029,0.44430003842924,-0.0528331389460313,-0.356435968782484,-0.00561263012009947,0.005611877972887,0.00905139609574533
0.914325729452179,0.424694367611932,-0.0534215954965606,-0.356182696432553,-0.00631836928455118,0.006065448963389,0.00913635731949252
0.879145859853441,0.403250908239207,-0.0541592211068124,-0.354976452298748,-0.00690091983055011,0.00649727216171445,0.00901410328693439
0.840715572805807,0.380315180700349,-0.0550655076547901,-0.35274086178101,-0.0073607060684476,0.00692370588604641,0.00868968334971937
0.798951337360841,0.356383710568314,-0.0561434988142857,-0.34943453726815,-0.00770614528072705,0.00736042431890213,0.00817504324836598
0.75388836038448,0.3320245370294,-0.0573799508558882,-0.345057690476545,-0.0079511571875438,0.00782036606197956,0.0074878173834741
0.705681599115036,0.307787390920135,-0.0587496358686951,-0.339649821040479,-0.00811234873847921,0.00831237521128363,0.00664965358758893
0.654582829704319,0.284127522288624,-0.0602222894719947,-0.333280802667868,-0.00820645717045174,0.00884067829227719,0.0056844082505535
0.600903771889182,0.261358523183377,-0.061770110785964,-0.326038841993569,-0.00824843821611864,0.0094050724565672,0.00461653178369477
0.54497655837182,0.239638083206537,-0.0633739428867114,-0.318018401984224,-0.00825034902607414,0.0100015351508645,0.00346985895328475
0.487120093912154,0.218981586785524,-0.0650269825014707,-0.309309976822074,-0.00822098240995,0.0106229398635586,0.00226688456319698
0.427616583733221,0.199294180072907,-0.0667356586354517,-0.299992363346797,-0.00816610050136292,0.0112596452336262,0.00102849481869348
0.366698871435368,0.180411916800714,-0.0685178877369658,-0.290127254985107,-0.00808908769168281,0.0118998550696563,-0.000225938407065104
0.304547161897995,0.16214491098926,-0.0703991827268256,-0.279755688960824,-0.007991865285455,0.0125297730093965,-0.00147821378329897
0.241293134025619,0.144318158616384,-0.0724071497055255,-0.268896002847876,-0.00787594917070851,0.0131336707040801,-0.00271081585726158
0.177029786640491,0.126807627499635,-0.074564895484657,-0.257543333357617,-0.00774355898718673,0.0136940459576018,-0.00390638536104417
0.111825942926976,0.109569912000049,-0.076883922265581,-0.245671143887579,-0.00759868639849862,0.0141920685145293,-0.00504723143874438
0.0457446578387003,0.0926633384132585,-0.0793572754254946,-0.233235622515652,-0.00744799754768347,0.0146084941175291,-0.00611497297030675
-0.0211354786824069,0.0762573966565505,-0.0819540270139195,-0.22018385521911,-0.00730139151641552,0.0149251621977952,-0.00709040426308835
-0.088698040844255,0.060626558467448,-0.0846165094090832,-0.20646625289817,-0.00717199049156498,0.0151270653138491,-0.0079536872606646
-0.156768696453404,0.0461249139486262,-0.0872618395154959,-0.192052664625569,-0.00707534253554,0.015204785392771,-0.00868496082405187
-0.225101822429535,0.033140565207622,-0.0897889033766936,-0.17695002714464,-0.00702772336732177,0.0151568607043002,-0.00926540573341665
-0.293378551773101,0.0220337054002301,-0.0920908801316372,-0.161217739441499,-0.0070436541195467,0.0149914559486295,-0.00967869796670544
-0.361219525356767,0.0130687824348829,-0.0940716451322595,-0.144976053792146,-0.00713306757330375,0.0147266750384154,-0.0099126365591532
-0.428212145319446,0.00635641873240789,-0.0956625629004161,-0.128403546429511,-0.00729882970792032,0.0143890855404707,-0.00996060072055667
-0.4939475457587,0.00182138510185254,-0.0968352058479021,-0.111722485233582,-0.00753538521940271,0.0140105104582879,-0.00982245398194245
-0.558058777511004,-0.000793048284152248,-0.097606218335194,-0.0951748165790684,-0.00782903911562714,0.0136237168031368,-0.00950462504148376
-0.620250843311617,-0.00188501407764248,-0.0980328809492816,-0.0789947594795231,-0.00815987833355494,0.0132580175460994,-0.00901933007709056
-0.680315857258288,-0.00192985439591772,-0.0982009055748426,-0.0633849421126419,-0.00850480963225433,0.0129357995912902,-0.00838315368895491
-0.738131475742403,-0.00140943349358194,-0.0982081934435216,-0.0485012386050156,-0.00884089451311709,0.0126706076683887,-0.0076153568297053
-0.793645565837478,-0.000751426718886998,-0.0981488341849997,-0.0344480574087648,-0.00914820390454514,0.0124668674667034,-0.00673627837264537
-0.84685297736748,-0.000288748803366969,-0.0981006274462747,-0.0212825305299397,-0.00941170913941897,0.0123208800583827,-0.0057660794989108
-0.897770740371047,-0.000241627963067599,-0.0981176783431457,-0.00902410088884203,-0.00962208841757317,0.0122225108061588,-0.00472392829274309
-0.946416671921541,-0.000718975699702747,-0.0982280145371877,0.00233433745830752,-0.00977560611119049,0.0121570239316266,-0.00362760240639318
-0.992794298950241,-0.00173287706765557,-0.0984351768242085,0.0128167943372591,-0.00987335500743602,0.0121066821176054,-0.00249342524739494
-1.03688505852382,-0.00321984367941853,-0.0987224011530728,0.0224578258169486,-0.00992015793728626,0.0120519335543421,-0.0013364366615481
-1.07864736127091,-0.00506384657361564,-0.0990581442331096,0.0313000499189636,-0.00992335918485142,0.0119721794093505,-0.000170710483305869
-1.1180213448424,-0.00711803609501752,-0.0994020572133137,0.0393951904747739,-0.00989164947215025,0.0118462288234035,0.000990250214415775
-1.15493784787668,-0.00922377351548131,-0.0997108835572021,0.0468076621322848,-0.00983399495515601,0.0116526096870557,0.00213309462794111
-1.18933007537249,-0.0112268136539681,-0.0999440291354869,0.0536192762149528,-0.0097586955991498,0.0113699244628788,0.00324422962105346
-1.22114640052156,-0.0129911001091245,-0.100068673700828,0.059933345021932,-0.00967258338684792,0.0109774312330649,0.00430949560954183
-1.25036263986451,-0.0144107043722685,-0.100064261464877,0.0658762826941359,-0.00958038018068614,0.010455993141029,0.00531396325195011
-1.2769919309489,-0.015420062809748,-0.0999260609024182,0.0715948265842646,-0.00948425831170197,0.00978946959680516,0.00624190493327961
-1.301090153673,-0.0160020052406598,-0.0996672936932678,0.0772473995940045,-0.00938367044920093,0.00896651378444351,0.00707699298955542
-1.32275489905381,-0.0161923665191262,-0.0993192091963663,0.0829890800564313,-0.0092755231660947,0.00798259563082929,0.00780276174198549
-1.34211659453228,-0.0160795509650548,-0.0989285516433207,0.088951207304161,-0.00915474569028782,0.00684191017400684,0.00840333653676603
-1.3593217475382,-0.0157976179316977,-0.0985522298497027,0.0952186169777311,-0.00901524326353607,0.00555870776206056,0.00886437911967736
-1.37451027762993,-0.0155124730298086,-0.0982496467856696,0.101809281468373,-0.00885112997294148,0.00415756267418797,0.00917413395951413
-1.38779104559737,-0.0154024422946664,-0.0980739079834873,0.108661873942109,-0.00865803562943508,0.00267223636045309,0.00932440593572178
-1.3992210659538,-0.0156363097235286,-0.0980636906461048,0.115635754756041,-0.0084342170143413,0.00114309164544265,0.00931128295101293
-1.40879367213309,-0.0163530016772113,-0.0982376040859821,0.122525034539721,-0.00818121393959929,-0.000386605895443206,0.00913545556570052
-1.41643885838947,-0.0176468797732659,-0.0985922877265063,0.129084572626295,-0.00790388615624964,-0.00187484545601986,0.00880207424406355
-1.42203579696239,-0.0195610317629277,-0.0991044656446801,0.135062512792602,-0.00760981981849325,-0.00328471033024998,0.00832019241342701
-1.42543437524578,-0.0220886647522342,-0.0997361221465091,0.140232545867403,-0.00730824556431512,-0.00458724118371564,0.00770192966783989
-1.42648067292083,-0.0251806415559786,-0.100441286545099,0.144419913798517,-0.00700870951421171,-0.00576296481290817,0.00696152630903469
-1.42504107375333,-0.0287560730779634,-0.101172799721683,0.147517592150591,-0.006719757650413,-0.00680208005446524,0.00611444589893345
-1.42102086759553,-0.0327128812576949,-0.101887793078577,0.149491934740699,-0.0064478434182901,-0.0077035702016774,0.00517663543525871
-1.41437499915543,-0.0369361084459138,-0.102551197491309,0.150379301336847,-0.00619658172908682,-0.00847365208293174,0.00416399768574075
-1.40511034595511,-0.0413030017058462,-0.103137169942499,0.150276319602156,-0.00596638669557499,-0.00912397709818886,0.00309208480079108
-1.39328015209783,-0.0456851299447022,-0.103628730331184,0.149326501367364,-0.00575447023225303,-0.00966991153616556,0.00197599300932045
-1.3789719419293,-0.0499487503644285,-0.104016104569725,0.147705302274312,-0.00555515205232816,-0.0101290945424874,0.000830423302654899
-1.36229054718052,-0.0539552342236501,-0.104294311930635,0.145604814538574,-0.00536043276806534,-0.0105203430924583,-0.000330132323699663
-1.34333804256673,-0.0575635771162122,-0.1044604823793,0.143218469639472,-0.00516079716127399,-0.0108628675495665,-0.00149111996575275
-1.32219260493229,-0.0606368526832598,-0.104511305119371,0.140725632691733,-0.00494622867732218,-0.0111756875589061,-0.00263760827177242
-1.29888869963356,-0.0630538890459267,-0.1044409325847,0.138275916520381,-0.00470741516831983,-0.0114770972552384,-0.00375396880899076
-1.27340152910018,-0.064726399053904,-0.104239608995178,0.13597347043905,-0.00443710067743287,-0.0117840212044667,-0.00482359725827444
-1.24563916613588,-0.0656202519779463,-0.103893251348949,0.133862363242799,-0.00413148578078491,-0.0121111314474207,-0.00582873092215702
-1.21544589884709,-0.0657776303400402,-0.103384158233867,0.131915322949366,-0.00379150589829853,-0.0124696677576163,-0.0067504345982533
-1.18261957232022,-0.0653348125293992,-0.102692923274524,0.130029180458895,-0.00342374156639329,-0.0128660219613987,-0.00756884413267301
-1.14694367057699,-0.0645289463380117,-0.10180145305655,0.128030835217574,-0.00304067022064436,-0.0133003039183142,-0.00826376115997472
-1.108231375648,-0.0636874229002736,-0.100696725379648,0.12569671994705,-0.00266000035227657,-0.0137652652331426,-0.00881566199214383
-1.06637438236826,-0.0631962800410572,-0.0993746160329099,0.122786055080167,-0.00230297574020666,-0.0142460464820356,-0.00920709883735006
-1.0213853225001,-0.0634496593227587,-0.0978428841351755,0.119083830406155,-0.00199180221356822,-0.0147211475719405,-0.00942433476035503
-0.973421476375273,-0.0647893682139479,-0.0961223961451309,0.114444803280472,-0.00174666360292548,-0.0151647478988886,-0.00945890770682706
-0.922780831071583,-0.0674490819337851,-0.0942460026095768,0.108827222920302,-0.00158301865870449,-0.0155500754739711,-0.00930874196350509
-0.869869273560137,-0.0715183784773655,-0.0922551171092063,0.102306561543204,-0.00150986363246069,-0.0158531166170537,-0.00897848827034908
-0.815146882880406,-0.0769363532560574,-0.0901947451372039,0.0950653509411837,-0.00152936346977407,-0.0160557849615367,-0.00847897898954902
-0.759067636796738,-0.0835151394144566,-0.0881081519692458,0.0873628019656631,-0.00163781275355772,-0.0161478393029171,-0.00782594605652028
-0.702027503076285,-0.0909847213103773,-0.0860323496199181,0.0794936006211827,-0.00182749582188484,-0.016127269561473,-0.00703834289800434
-0.644331215400604,-0.0990458139281336,-0.083995180826905,0.0717467833455901,-0.0020888402623863,-0.0159993395000237,-0.00613665940989628
-0.586181012257316,-0.107418275410103,-0.0820142246820106,0.0643731129559314,-0.00241232541920957,-0.0157747819336443,-0.00514153232628315
-0.527684572084718,-0.115876762317994,-0.0800972945576359,0.0575649746238067,-0.00278982108123333,-0.015467712894866,-0.00407280381223189
-0.468876125544189,-0.124270408076716,-0.0782440698360998,0.051448728881226,-0.00321526186594929,-0.015093718058735,-0.00294904330737207
-0.409744255991406,-0.132527207170506,-0.0764483851296343,0.0460869460940333,-0.00368472436815296,-0.0146683730758349,-0.00178746070429999
-0.350261142917322,-0.140645831009011,-0.074700805523323,0.0414871291499795,-0.00419604542067009,-0.014206277653914,-0.000604104736843086
-0.290409746387761,-0.148678088565534,-0.072991248935982,0.0376138879059578,-0.00474812271963118,-0.0137205545088329,0.000585758975958239
-0.230206848579859,-0.156704890579843,-0.0713115122466637,0.0344024127502362,-0.00534000949157926,-0.0132226938239816,0.00176718069575536
-0.169720597341302,-0.1648080874236,-0.0696575864883092,0.0317720091721735,-0.00596988420529278,-0.0127225977579399,0.00292504561173853
-0.109081279225032,-0.173040428136407,-0.0680316074436918,0.029639118386794,-0.00663396467975696,-0.0122286815053933,0.00404364644039588
-0.0484837745191973,-0.181396366599374,-0.0664432030785482,0.0279295460419009,-0.00732545234326986,-0.0117479069248407,0.00510637642319622
0.0118200396118736,-0.18978745845885,-0.0649099112277431,0.0265895454246465,-0.00803363526890554,-0.0112856590524606,0.00609561351668502
0.0715401884023997,-0.198027231625564,-0.0634563154074086,0.0255950297937012,-0.00874333287005796,-0.0108454279141286,0.00699286635705916
0.130378586220288,-0.205831001746873,-0.0621116389924718,0.0249576814733488,-0.00943490856278099,-0.010428328163053,0.00777924147597843
0.188066935739356,-0.212834889544109,-0.0609058512906919,0.0247263533697649,-0.010085046821717,-0.0100325740170216,0.00843624716918278
0.244406380942242,-0.218635465458292,-0.0598647270074314,0.0249821828489284,-0.0106684049805278,-0.00965309751930582,0.00894689344143408
0.299299874964861,-0.22284563296784,-0.0590048074085861,0.0258267441876814,-0.0111600235258809,-0.00928152493728849,0.00929695863118582
0.352768083222552,-0.225156881574541,-0.0583294735345863,0.0273640850416259,-0.0115381348465011,-0.00890667919854453,0.00947622025238653
0.404942844215727,-0.225393833833324,-0.057827243348663,0.0296795699911144,-0.0117868021449126,-0.00851564201219179,0.00947941736445958
0.456038241002195,-0.223547327526838,-0.0574728756804355,0.0328200436006599,-0.0118977771770659,-0.008095234231457,0.00930674477851763
0.506306107398448,-0.219777409565491,-0.057231065595364,0.0367801747333895,-0.01187113127094,-0.00763362165155921,0.00896377755193195
0.555986971123574,-0.214386055626406,-0.05706180497233,0.0414983718086191,-0.0117145522366043,-0.00712169934318517,0.00846085153753587
0.605268208337348,-0.207767448041188,-0.0569260764013669,0.0468631222403946,-0.0114415433344884,-0.00655396824684832,0.00781204498097931
0.654257283232439,-0.200348636676888,-0.0567906691787534,0.0527275970056745,-0.0110690203350104,-0.00592877734603759,0.00703396869739672
0.702972826177757,-0.192533571104075,-0.0566313279846191,0.0589285014329026,-0.0106148561267302,-0.00524798208282249,0.00614457743683091
0.7513513042862,-0.184660050803423,-0.0564340120562151,0.0653046866047311,-0.0100958217453487,-0.004516206888305,0.00516216730289748
0.799264098186744,-0.176974061033402,-0.056194507699608,0.0717119278292717,-0.00952618243127178,-0.00373995650906202,0.00410465367974609
0.846539101248464,-0.169621349635968,-0.055916895668053,0.0780318443321077,-0.00891701682849069,-0.00292680002647454,0.00298915615848633
0.892981895352366,-0.162653142358514,-0.0556114246260491,0.0841744934752313,-0.00827619174551716,-0.00208478022967696,0.00183186739259479
0.938393229727748,-0.156041783084474,-0.0552922482406482,0.0900752985719179,-0.00760885919647718,-0.00122211209515603,0.000648155249846305
0.982581207484766,-0.149702354343591,-0.054975327962948,0.0956875643340671,-0.00691833262418501,-0.000347151988473918,-0.00054716259828758
1.02536788009742,-0.143517289617893,-0.0546766506964034,0.100972030809258,-0.00620721846524422,0.000531444252361586,-0.00173943311895649
1.0665907823031,-0.137362011266246,-0.0544107965589311,0.105884936538055,-0.00547870090414441,0.00140449843046839,-0.00291373088204427
1.10610040524469,-0.131130292895791,-0.0541898286418623,0.110366100309389,-0.0047378819592908,0.00226216819670638,-0.00405442913796496
1.1437548730738,-0.124758139847238,-0.0540224598450937,0.114328691379887,-0.00399305550163037,0.00309403278304553,-0.00514484314759124
1.17941328193521,-0.118244490076332,-0.0539134692699256,0.117652610494786,-0.00325674368450427,0.00388952636309636,-0.00616701804130376
1.21292933372621,-0.111666136742379,-0.0538633764390572,0.120183575372531,-0.0025462628350187,0.0046387776105111,-0.00710174131585164
1.24414699242469,-0.105183357785093,-0.0538684183508919,0.121739797752603,-0.0018835450370734,0.00533381196297031,-0.00792885957396992
1.27289976395913,-0.0990324165140192,-0.0539208939609327,0.122127225441543,-0.00129396714167771,0.00596993849055011,-0.00862795910974255
1.29901469119054,-0.0935020840005031,-0.0540099264263098,0.121162526310337,-0.000804076045040278,0.00654700746289583,-0.00917942005247406
1.32232119288573,-0.0888941400381816,-0.054122635505728,0.118700531902027,-0.000438363815646565,0.00707014370327765,-0.00956577176076251
1.34266360426034,-0.0854722676200896,-0.0542456160709951,0.114660503162152,-0.000215590687180174,0.00754959833707637,-0.00977317777707734
1.35991506155086,-0.0834086375948257,-0.0543665108705015,0.109044477369562,-0.000145453072965249,0.00799955146771551,-0.0097927956527039
1.37398967629738,-0.0827406343302865,-0.0544753926426842,0.101942060615779,-0.000226484078893712,0.00843600530456164,-0.00962173259591582
1.38485009258404,-0.0833494784444076,-0.054565678888132,0.0935193950209036,-0.000445846095533614,0.0088742186479356,-0.00926338002356814
1.39250852065474,-0.0849672858826934,-0.0546344094829071,0.0839945035890848,-0.000781166870525197,0.00932630624699682,-0.00872705012544826
1.3970208789394,-0.0872110051301055,-0.0546818909643821,0.0736049575869683,-0.00120397896543864,0.0097995699801307,-0.0080270075174155
1.39847527060637,-0.0896340447332579,-0.0547108805499533,0.0625753396326861,-0.00168390124171484,0.0102958664328527,-0.00718112424312833
1.39697721368492,-0.0917824089586443,-0.0547255769302961,0.0510909816799413,-0.00219260984153551,0.0108119723093295,-0.00620944033021712
1.3926345582904,-0.0932429844696139,-0.0547306744875935,0.0392818033726882,-0.00270686817339667,0.0113406344609046,-0.00513287922672813
1.38554483522558,-0.0936760788919405,-0.0547306469253045,0.0272171123368132,-0.00321026639418541,0.0118718758457452,-0.00397227910250846
1.37578708662058,-0.0928299484686452,-0.0547293095086891,0.0149100189472981,-0.00369368148543477,0.0123941734520349,-0.00274780134471495
1.36341934278039,-0.0905396692474517,-0.0547296157167988,0.00232907592096934,-0.00415469787775309,0.0128952674108023,-0.00147869958692488
1.34848210472542,-0.0867152508438403,-0.0547335980698481,-0.0105852847600293,-0.00459630661311256,0.0133625277023149,-0.000183388179105852
1.33100760189551,-0.0813244401964204,-0.0547423627754469,-0.0239014291695081,-0.00502517188005491,0.0137829448543388,0.00112026701718135
1.31103417836885,-0.0743749011600741,-0.0547560785832253,-0.0376756343479648,-0.00544968057596804,0.0141429050421517,0.00241451295268002
1.28862474640694,-0.065899144957577,-0.0547739448678613,-0.0519306636594361,-0.00587792667982825,0.014427961651027,0.00368120362110507
1.26388761091455,-0.055944254152932,-0.0547941691112677,-0.0666350516963896,-0.00631576012416807,0.0146228349332532,0.00490130263874611
1.23699694533274,-0.0445673052656215,-0.0548140197210623,-0.0816851380535928,-0.00676506024194256,0.0147118629866728,0.0060544876425292
1.20820881195001,-0.0318364192905306,-0.0548300372526284,-0.0968931055764359,-0.00722246558832426,0.0146800817720594,0.00711897551354267
1.17786724199312,-0.0178364016021947,-0.0548384749541176,-0.111985477076583,-0.00767886900311206,0.0145150078005411,0.00807171324701497
1.14639436846498,-0.00267686645439072,-0.0548359878460511,-0.126616889596475,-0.00812000638103816,0.0142090128662955,0.00888908192555195
1.11426014643005,0.0135003005492387,-0.0548204962008641,-0.140402411524664,-0.00852835204002029,0.0137619207555166,0.00954820608715841
1.08193178950552,0.0305178395957668,-0.0547920334690145,-0.152967360312947,-0.00888623105844989,0.0131831867470233,0.0100288186468896
1.04981036593791,0.0481674499921104,-0.0547533000953576,-0.164006914769031,-0.00917961063257949,0.012492880223478,0.010315412696557
1.01816942092439,0.066222442848932,-0.0547096512760025,-0.17334127291483,-0.00940161806270523,0.011720837196549,0.0103991967625736
0.987113666562362,0.0844563382877388,-0.0546683902613433,-0.180949708176525,-0.00955471481909479,0.0109038368294163,0.0102792945758505
0.956571342417886,0.10266224006547,-0.0546374820359529,-0.186971621142893,-0.00965079974088534,0.0100813233838318,0.00996279516639777
0.926322693678336,0.120667165924552,-0.0546240257901359,-0.191673520559922,-0.00970921245497625,0.00929071148413505,0.00946362592577972
0.896054654025289,0.138337481366104,-0.0546329031074886,-0.195392456600499,-0.00975330676149048,0.00856339845276103,0.00880060583536783
0.865424623549306,0.155575007454466,-0.054665916521671,-0.198472787570903,-0.00980661419186938,0.00792224637856663,0.00799523740796102
0.834116845382584,0.172306353419911,-0.0547215246356676,-0.20121197604435,-0.00988952088889147,0.00738072855433122,0.0070697451173245
0.801881125824269,0.18846932439491,-0.0547950802264466,-0.203824681981709,-0.0100170002048071,0.0069434526527824,0.00604565309126147
0.768551160310351,0.203999865398064,-0.0548793599721516,-0.206427021104478,-0.0101975269788816,0.00660753399555795,0.00494296161422583
0.73404521169468,0.218821715677424,-0.0549651461561359,-0.209037644251788,-0.0104330108491126,0.00636428645514064,0.00377982850637323
0.698354326494348,0.232839614149698,-0.0550416515859726,-0.211590171652744,-0.0107194620135614,0.0062008296957521,0.00257260634951106
0.66152331949072,0.245936014323656,-0.0550966365018714,-0.213951791270927,-0.0110481026961735,0.00610138332889707,0.00133609855266254
0.623628590483142,0.257970945956176,-0.0551161326728423,-0.215944323711094,-0.0114067020065258,0.00604817299861668,8.3936170173892e-05
0.584755441262833,0.268784775489936,-0.0550837617516465,-0.2173657995141,-0.0117809942373189,0.00602198896370815,-0.00117098393248982
0.544976494369928,0.278203960949787,-0.0549797167813796,-0.21801201567171,-0.0121561123273046,0.00600251447550717,-0.00241603207497104
0.504332297208822,0.286050254375238,-0.0547795736248719,-0.217698371640268,-0.0125180139483496,0.00596858723146242,-0.00363836881364894
0.462815222859925,0.292153980298386,-0.054453215149349,-0.216282432652444,-0.0128548903468751,0.00589857977415035,-0.00482447508730279
0.420358233485528,0.296371828054979,-0.0539642769626933,-0.213687104729605,-0.0131585257925231,0.00577108571407119,-0.00595971533046232
0.376830728858704,0.298608873357166,-0.0532706322778069,-0.209923062778658,-0.0134255215083024,0.00556607181021883,-0.0070279796507582
0.332044229441814,0.298843180483334,-0.0523264713592299,-0.205107299824016,-0.0136582225347597,0.00526658682177128,-0.00801148260837124
0.285770576663669,0.297149381014784,-0.0510864160208565,-0.199472760057704,-0.0138651104529696,0.00486098844300627,-0.00889083289656214
0.237774077709429,0.293715466372096,-0.0495117494173554,-0.193362770108883,-0.0140603859832195,0.00434544988686209,-0.00964551356238871
0.187856103400958,0.288845563780869,-0.0475781879944117,-0.187204579828138,-0.0142625134778605,0.00372625967146435,-0.0102548951181846
0.135906144219923,0.282942053361879,-0.0452837657038602,-0.18145996269794,-0.0144916813474802,0.0030212114829684,-0.0106998089167448
0.0819484605871263,0.276464287402403,-0.0426546526643956,-0.176557751725874,-0.0147664527042137,0.00225933588226446,-0.0109645247652769
0.0261707650425859,0.269868370238813,-0.0397465869281616,-0.172821538250775,-0.0151002529523797,0.00147849480028363,-0.0110387541838381
-0.0310763888355316,0.263540573877677,-0.0366404670776463,-0.17041141075283,-0.0154985842700469,0.000720963895664296,-0.0109191558896324
-0.0893128738883502,0.257741726248799,-0.0334324490002469,-0.169297219723646,-0.0159577816806132,2.78614842373843e-05,-0.0106098766221985
-0.147987454320954,0.252577784632905,-0.0302208592522263,-0.169271418613142,-0.0164656872693023,-0.00056622831096489,-0.0101219423745722
-0.20654570412653,0.248003073507338,-0.0270933494282074,-0.169996207476369,-0.0170040003478879,-0.00103714249842955,-0.00947169489056494
-0.264490094114599,0.24385175718847,-0.0241173992692197,-0.171069353376026,-0.017551569229647,-0.00137281309586481,-0.00867874589906228
-0.321420181035065,0.239885462731153,-0.021335823905392,-0.172090292311097,-0.0180877410622424,-0.00157277274448829,-0.00776397338947711
-0.377049115125181,0.235843276709256,-0.018767211887752,-0.172712521648417,-0.018595074462222,-0.00164612211398469,-0.00674793782359609
-0.431199764135078,0.231483590710977,-0.0164099881253949,-0.172675916292744,-0.0190610732432942,-0.00160880401420302,-0.00564987503124603
-0.483787398149848,0.226612516761727,-0.0142483434937536,-0.171819379748896,-0.0194789287704421,-0.00148092066833516,-0.00448724078126852
-0.534796159049842,0.221098137447374,-0.0122584521237457,-0.170078110267232,-0.0198474609019829,-0.00128455852353997,-0.00327568672298773
-0.584254983731478,0.21487281707476,-0.0104138678890097,-0.167470860379396,-0.0201705090800635,-0.00104231558105408,-0.00202932793122156
-0.63221625950815,0.207926557955101,-0.00868952237372449,-0.164081680193215,-0.0204559994587535,-0.000776507465904221,-0.000761183711750285
-0.678738589561954,0.200294371994601,-0.00706414070106594,-0.160039165214986,-0.0207148369411721,-0.000508915306771496,0.000516292057007128
-0.723873582432242,0.19203986361132,-0.00552116027615347,-0.155494695302776,-0.0209596957582405,-0.000260877565048853,0.00179064443650299
-0.767655775223422,0.18323653826673,-0.0040483805676033,-0.150600093236077,-0.0212037245758355,-5.35078592061443e-05,0.00304884751525775
-0.810094666309571,0.173947987075934,-0.00263663315330866,-0.145484699927586,-0.0214591607093726,9.21822996018387e-05,0.00427675504158637
-0.851167926799573,0.164208129531787,-0.00127780969449586,-0.140232070857087,-0.0217358567563099,0.00015548018010763,0.00545860193466118
-0.890815739305716,0.154003340266459,3.73899615097976e-05,-0.134857469970806,-0.0220397879123844,0.000116689965453146,0.00657660498198902
-0.928936927844107,0.143259191920989,0.00132155487363349,-0.12928884771323,-0.0223716979448078,-4.14725515703639e-05,0.00761074550313983
-0.965388489037789,0.131835623230519,0.00259199193356911,-0.12335584175465,-0.022726160694512,-0.000331773655598757,0.00853885814057856
-0.999990683801388,0.119534833609915,0.0038709153375841,-0.116792735717077,-0.0230914291793701,-0.000759819350206459,0.00933718338299285
-1.03253958478399,0.106125217059688,0.00518388532190566,-0.109261056307937,-0.0234504458661705,-0.00132134891814977,0.00998153142721609
-1.06282746856082,0.0913812927839377,0.00655628566222934,-0.100394226794475,-0.0237832102769771,-0.00200023912025935,0.0104491079808434
-1.09066869725466,0.0751338791437755,0.00800823862133037,-0.0898599415936087,-0.0240703052264663,-0.00276813465396324,0.0107208459817064
-1.11592565091898,0.0573185300108897,0.00954915111279913,-0.0774274169893559,-0.024296862123253,-0.00358640017443945,0.0107838179258539
-1.13852748024791,0.0380070526539998,0.0111736703200136,-0.06302067545486,-0.024455849884442,-0.00441043430097284,0.0106331077008652
-1.15847596045016,0.0174102255489724,0.0128607694615293,-0.0467404694536075,-0.0245496025579176,-0.00519550583298094,0.0102725640602297
-1.17583665861622,-0.00415077520756207,0.0145766984966587,-0.0288472637807948,-0.0245890510530554,-0.00590262526909789,0.00971418254280672
-1.19071911469499,-0.0262954090510877,0.016281176521091,-0.00971176842978608,-0.0245909522460424,-0.00650294756244872,0.00897633111796479
-1.20325296287358,-0.0486416849537866,0.0179350951477019,0.0102500569348438,-0.0245740693620606,-0.0069798298605647,0.00808138614918287
-1.21356685722128,-0.0708556680105109,0.0195077266589508,0.0306385402408365,-0.0245554208894352,-0.00732853560152102,0.00705341531876421
-1.22177451452148,-0.0926835532014996,0.0209819629742163,0.0511148881943526,-0.0245474457638731,-0.00755426219825309,0.00591636608306545
-1.22796883135314,-0.113964426041073,0.0223569521948474,0.0714237743609713,-0.0245564419768298,-0.00766940123563541,0.0046929456367108
-1.23222255749457,-0.13462697750366,0.0236481923116272,0.0913957977765038,-0.0245822307371031,-0.0076908177243959,0.0034041590445832
-1.23459286956741,-0.154675317201022,0.0248854704715382,0.110935249761269,-0.0246187806421581,-0.00763763623825825,0.00206936157629162
-1.23512712329689,-0.174168459246457,0.0261090390984062,0.12999921928358,-0.0246554896761506,-0.00752971942786454,0.000706661945860919
-1.23386755405515,-0.193196379619766,0.0273642609728325,0.148573034106383,-0.0246788916780996,-0.00738679887443845,-0.000666459672889793
-1.23085335591101,-0.211853884643423,0.0286948123684656,0.166645609637541,-0.0246746509452342,-0.00722808024430751,-0.0020324188105869
-1.22611924082743,-0.230212586081158,0.0301345512236064,0.184187198876999,-0.0246297777095929,-0.0070720738322,-0.00337275531814392
-1.21969027880014,-0.248291404059318,0.0316984332920394,0.201131564071781,-0.0245350037635757,-0.00693637618512671,-0.00466739786045954
-1.21157363944383,-0.266027327667408,0.0333734274988963,0.217364644356317,-0.0243871837595484,-0.00683714111138604,-0.00589406198077668
-1.20174885749134,-0.283250495270393,0.0351111727368336,0.232722065257526,-0.0241914342851443,-0.00678804060137947,-0.00702792602362987
-1.1901593454468,-0.299670378590532,0.0368248908205255,0.246997831853346,-0.0239625217342377,-0.00679865420002939,-0.0080417852995304
-1.17670874069705,-0.314881625403918,0.0383933595132323,0.259965652060239,-0.0237248464354462,-0.00687246085202406,-0.00890691451661416
-1.16126568783242,-0.328396936263368,0.039673936530754,0.271411998499681,-0.0235103930646883,-0.00700491849966982,-0.00959481109917516
-1.14367913926288,-0.339708408552451,0.0405242689817433,0.281176181335596,-0.0233543932834245,-0.00718239276207142,-0.0100797878673669
-1.12380301349131,-0.34836827855518,0.040828751666756,0.28918840151273,-0.0232892246855301,-0.00738273430605923,-0.0103420377287599
-1.10152501252891,-0.354068884590124,0.0405225414167014,0.295494291119928,-0.0233380069708754,-0.00757791986047163,-0.0103704401822899
-1.07679163334515,-0.356696855545218,0.0396052193610638,0.30025637399174,-0.0235099064793069,-0.00773839986324342,-0.0101642569870182
-1.04962188853621,-0.356343146528745,0.038139286977418,0.30372980536754,-0.0237988117419687,-0.00783800328544481,-0.00973314283879003
-1.02010613270792,-0.353266669403558,0.0362343802894873,0.306218876757376,-0.0241858121003602,-0.0078579388304822,-0.00909548896780431
-0.988391571564223,-0.347826021731954,0.034023212619633,0.308027287665388,-0.0246444646425866,-0.00778882676539397,-0.0082756936928639
-0.954659754366706,-0.340402149582265,0.0316371071449035,0.309415829696283,-0.0251469885230265,-0.00763053689688073,-0.00730120040464328
-0.919102265708695,-0.331332216688376,0.0291872853327567,0.310576477738157,-0.0256696108650269,-0.00739038289341419,-0.00620000138636835
-0.881899499542531,-0.320865859011452,0.026754640240839,0.311625272635846,-0.0261960124204696,-0.007080577066133,-0.00499895741416858
-0.843205257751235,-0.309145641217554,0.0243876197280508,0.312611084154738,-0.0267186460188442,-0.00671576794680461,-0.00372295571809147
-0.803138107498269,-0.296207702123093,0.0221061219432503,0.313534786573011,-0.0272382553370504,-0.00631116746051495,-0.00239474189185762
-0.761779392037646,-0.281996787845949,0.0199089207903903,0.314373219084553,-0.0277621251332604,-0.00588143694283961,-0.00103521192201388
-0.719177437614173,-0.266390778289735,0.0177825390450941,0.31510341639774,-0.0283015522090919,-0.00544025467835385,0.000336021420399211
-0.675357530611436,-0.249231750113281,0.0157101182667324,0.315723915510264,-0.0288688886348139,-0.00500035038384943,0.00169992621888613
-0.630337298715679,-0.230362311974839,0.0136793515348116,0.316270823640213,-0.0294743915283546,-0.0045737369091855,0.0030373180480411
-0.584146869372233,-0.209666572655173,0.0116888115816709,0.316826582871958,-0.0301230824912152,-0.0041718654117513,0.00432819166552787
-0.536852327740637,-0.187114184420433,0.00975204374108902,0.317519212586629,-0.0308118939832971,-0.00380546309232769,0.00555122590112964
-0.488579479485364,-0.162803344572034,0.00789873349575005,0.318509824824414,-0.0315275336227582,-0.0034838875432142,0.00668359082961253
-0.439533052633002,-0.136994977018762,0.00617231459840659,0.319967190268161,-0.0322456530725986,-0.003213963982676,0.00770119598787295
-0.39000508069752,-0.11012705771649,0.00462378541706027,0.322030784932048,-0.0329319379978682,-0.00299846486040032,0.00857949033909693
-0.340366521690883,-0.082797627871161,0.00330237072843678,0.324768075521446,-0.0335454983985679,-0.00283461047785147,0.00929483569976784
-0.291039232088462,-0.0557098956998001,0.00224485401393263,0.328136479671125,-0.0340443697891964,-0.00271312609879807,0.00982632473786612
-0.242451150308543,-0.0295835002997555,0.00146640667875938,0.331962802183139,-0.0343921580385591,-0.00261837082017059,0.0101577435089666
-0.194984072654269,-0.00504938056573159,0.000955869962208131,0.33595028731235,-0.0345642144956601,-0.00252979217130145,0.0102792653515435
-0.148927550921358,0.0174446155925829,0.000677292600024896,0.339715232621862,-0.0345516190718636,-0.00242452470101429,0.0101884818611488
-0.104451567298672,0.0376903710320007,0.000577395405582922,0.342844478367395,-0.0343618597290931,-0.00228053617397386,0.00989054071108434
-0.0616046163161217,0.0557227376263426,0.00059650740268283,0.344957380778854,-0.0340161938492293,-0.00207954041450827,0.00939740163576366
-0.0203353890752357,0.0717714103702501,0.000679460863979997,0.345755137812383,-0.0335447265469029,-0.00180902116467693,0.00872643514492329
0.0194706639356956,0.0861792333807536,0.000783381125451798,0.345046457097917,-0.0329807652647458,-0.00146305434198621,0.00789869806091871
0.0579513161476993,0.099312086827814,0.00088085078782567,0.342747719009723,-0.0323558771101358,-0.00104199677197835,0.00693721543617898
0.0952337911709702,0.111483031627528,0.000958690873622975,0.338863440349092,-0.0316965047331218,-0.000551379867574145,0.00586551773425936
0.131412578599405,0.122904348348555,0.00101382771280518,0.33345643901124,-0.0310223420265906,-4.50699601588179e-07,0.00470657429703564
0.16653959261716,0.133670602275658,0.00104811355435118,0.326616745955201,-0.0303461977396851,0.000599237330786813,0.00348216472529585
0.200624274539066,0.143767948064356,0.00106369215915351,0.318435678990712,-0.0296748708565738,0.00123490896239926,0.00221265633417381
0.233640041578979,0.153101163654113,0.00105990092295066,0.30898838490284,-0.0290105751701804,0.00189320710163978,0.000917112344285633
0.265533831011627,0.161529811061845,0.00103209691223245,0.29832569334506,-0.0283525768650913,0.00256041147638412,-0.000386361959168131
0.296236610014287,0.168906841579165,0.00097235325667087,0.286474646022271,-0.0276988539172015,0.00322236711311496,-0.00168012762561347
0.325673919406537,0.175115271299263,0.000871713436689126,0.273446384774084,-0.0270476919466189,0.00386432201089499,-0.00294645959430869
0.353776350861868,0.180100178980517,0.000723545748424707,0.259249804288023,-0.0263991744923127,0.00447090364938202,-0.00416701130870528
0.380490130624509,0.183893807737407,0.00052742108013512,0.243909101235238,-0.0257565062861338,0.00502645691890387,-0.00532237515831433
0.405787696863484,0.186631117157164,0.000292788086050177,0.227482807309052,-0.0251270406413033,0.00551591546291456,-0.00639182868541991
0.429677433278395,0.188552280626036,4.15483995356092e-05,0.210081033213791,-0.0245227956612123,0.00592627158709126,-0.00735337392107543
0.452210819460873,0.189988233937459,-0.000191472588596922,0.191876739564224,-0.0239601849386367,0.00624853784398457,-0.00818418755236055
0.473484603064282,0.191326521866882,-0.000361050751054266,0.173106492416059,-0.0234587179345621,0.00647987002062388,-0.00886157957367681
0.49363570182142,0.19295822463935,-0.000417474583347649,0.154057162765068,-0.023038600187375,0.00662530406452438,-0.00936448034285262
0.512827791721805,0.195212633399785,-0.000315287185520984,0.13503797483445,-0.0227174934595349,0.00669845463765258,-0.00967532860734298
0.531230857215964,0.198292882974315,-2.31125644670153e-05,0.116341908752217,-0.0225070931970147,0.00672064871520337,-0.00978204626142801
0.548997605645978,0.202229597757288,0.000468102779152055,0.0982051305911884,-0.0224104533828521,0.00671837006969117,-0.009679642986329
0.56624233143749,0.206867355441692,0.00114113251468346,0.0807754119013773,-0.0224209286725636,0.00671945935259456,-0.00937099893137705
0.583027526432249,0.211889658789865,0.00195433715869732,0.0640985997415893,-0.0225231459381214,0.00674899114140197,-0.00886657332173354
0.599361216092484,0.216875609385864,0.0028489315924879,0.0481264773984049,-0.0226957418692438,0.00682587233408285,-0.00818311280913781
0.615204706204589,0.221371675157178,0.00375940899433368,0.0327424631897685,-0.0229150463839793,0.00696090144977682,-0.00734172893302957
0.630487610634908,0.224959396389185,0.00462408160487015,0.0177967519718356,-0.0231587137966458,0.00715646980612526,-0.00636584135952955
0.645125677929857,0.22730466457511,0.00539316610138617,0.00314141319187918,-0.0234085203775722,0.00740756428171442,-0.00527941468550342
0.659037136474614,0.228182616973396,0.0060331078443179,-0.0113418996871221,-0.0236519644902097,0.00770345758848859,-0.00410573079762887
0.672154479726516,0.22747983046389,0.00652717833138576,-0.0257254306798721,-0.023882692539085,0.00802947873861386,-0.00286674633524206
0.684430112865173,0.22517987946656,0.00687327775958514,-0.0400305991701426,-0.0240999994303506,0.00836844510705194,-0.00158295622551596
0.695835586038434,0.221339304157756,0.00708019484683263,-0.0542337005322195,-0.0243077084702226,0.00870158040487901,-0.000273632031678408
0.706355067549564,0.216059830355964,0.0071634591400576,-0.0682798963179735,-0.0245126851983494,0.00900895346813531,0.00104269595562778
0.715974324509834,0.209460710202252,0.00714159294330168,-0.0821033364571903,-0.0247231563098638,0.00926961942894096,0.00234762278175214
0.724666960571572,0.201653328250427,0.00703321368760775,-0.0956513680020122,-0.0249469429544883,0.00946173064538239,0.00362220982044111
0.732380200918141,0.192719244146252,0.00685515068012135,-0.108910544258957,-0.0251897068264663,0.00956292114167554,0.00484636889919607
0.739023204851839,0.182692723301782,0.00662154649207778,-0.121931283008996,-0.0254533552393032,0.00955125600704107,0.00599839000924148
0.744461615677962,0.171549347601808,0.00634379262926453,-0.134846587840947,-0.0257348438593591,0.00940695852510101,0.00705474350282829
0.748522416938985,0.159203041180986,0.00603106772886314,-0.147878764112143,-0.026025711714478,0.00911495190431443,0.00799032088682506
0.751012432594976,0.145514075576249,0.00569118269314586,-0.161327630733915,-0.0263127094092785,0.00866795893818527,0.00877928422660811
0.751751190231716,0.130309498732046,0.00533140016160875,-0.175535858715615,-0.0265797466821699,0.0080695255953197,0.00939662779995235
0.750614120663173,0.113414457641107,0.00495892725083392,-0.190832868885948,-0.0268110309084945,0.00733600689278397,0.00982037919803376
0.747576380042456,0.0946885888255434,0.00458092460274818,-0.207467472946378,-0.0269947525497712,0.00649650168348894,0.0100340969527825
0.742743850499889,0.0740580332524455,0.00420412048454791,-0.225547502246883,-0.0271262254629709,0.00559014616759839,0.0100290684769041
0.736359363852788,0.051533401853707,0.00383436197663726,-0.245006592171772,-0.0272093247655614,0.00466103967793171,0.00980555064222246
0.728779734211092,0.0272085410772184,0.00347652359030319,-0.265610752116234,-0.0272555492908321,0.00375200520821481,0.00937263775778231
0.720429430222369,0.00124251567458392,0.00313504489635674,-0.287002957682541,-0.0272808868894066,0.00289885474477897,0.00874680659186434
0.711743978811748,-0.0261662255585194,0.00281505345874012,-0.308770460692784,-0.0273014284501884,0.00212655873188526,0.00794962408463646
0.703116802559618,-0.0548024285815466,0.0025237195040837,-0.33051389015917,-0.027328981387008,0.00144790874048192,0.00700528137747678
0.69485809809038,-0.084445016796449,0.00227132362645194,-0.351900819634537,-0.0273677325384203,0.000864399951272194,0.00593850169899727
0.687167638499,-0.114863489363097,0.00207152528543127,-0.372695157119447,-0.027412546691009,0.000368536499101701,0.0047731014484699
0.680118850271994,-0.145802059440285,0.00194044370858192,-0.392762123430833,-0.0274490406146654,-5.33328207899799e-05,0.00353123705973083
0.673650717715957,-0.17695760683676,0.0018943486749034,-0.412053686002611,-0.0274552800855767,-0.000418349288154081,0.00223323536752366
0.667566401026686,-0.20795936835805,0.00194599674734925,-0.430580922308733,-0.0274047907896161,-0.000745063360263118,0.000897877688130798
0.661541195196107,-0.238358322050873,0.00209996288896488,-0.448379223627023,-0.0272704691046544,-0.00105209586927643,-0.000456964358124115
0.655145549097505,-0.267632435866065,0.0023477174930105,-0.465470964034081,-0.0270288653793921,-0.00135751095802583,-0.00181341488416144
0.647889334847909,-0.295210376849726,0.00266363002420538,-0.481829204963642,-0.0266642002493999,-0.00167872959639348,-0.00315248266604804
0.639289984976417,-0.32051148384755,0.00300340286018158,-0.497345663718163,-0.026171436507354,-0.00203268358483174,-0.00445288913954748
0.628959361007484,-0.342995214519485,0.00330644998997966,-0.511806773651195,-0.0255578456831156,-0.00243578447345839,-0.00569006091296561
0.616694115807131,-0.362210733330463,0.00350323119740711,-0.524883177767174,-0.0248427919243218,-0.00290320871012407,-0.00683559965335254
0.602545673584293,-0.377837942768684,0.00352741255785846,-0.536139736538496,-0.024055809440236,-0.00344708648248329,-0.00785757906708967
0.586843505306868,-0.389714424451844,0.00333101529113738,-0.545073225706469,-0.0232333201834254,-0.00407353892760054,-0.00872195618159542
0.570152900663986,-0.397846183619453,0.00289882826673824,-0.551180576095931,-0.0224144448131721,-0.00477914174493458,-0.00939518399797176
0.553166588230017,-0.402401673162453,0.002257122284171,-0.55405007491905,-0.0216363851133647,-0.00554808321461232,-0.0098477673961413
0.536553853810297,-0.40368845158873,0.00147222380038574,-0.553453987519602,-0.0209299654025428,-0.00635158853040635,-0.0100580843029949
0.520811075499536,-0.402112510474308,0.00063745559195803,-0.549411680178913,-0.0203161369320081,-0.00715068036106605,-0.010015488661836
0.506161641831557,-0.39812399494717,-0.000148433931768605,-0.542196768432509,-0.0198043321674637,-0.00790205633452302,-0.00972176350478348
0.492535437589211,-0.392158611903962,-0.000804330508094407,-0.532281745142364,-0.0193932079550943,-0.00856544038781906,-0.00919049313638813
0.4796263895725,-0.384587369334734,-0.00128357373117371,-0.520238728749628,-0.0190735568124916,-0.00911010087528326,-0.00844465296772067
0.466998521777397,-0.375685236514259,-0.00157977172915643,-0.506630305114217,-0.0188324106616239,-0.00951872543749008,-0.00751326535332305
0.454200523528747,-0.365622733989927,-0.00172151976752087,-0.491922345157525,-0.018657067027597,-0.00978808897507197,-0.00642807408285466
0.440856850147686,-0.354477253838474,-0.00175964724522545,-0.476435927679608,-0.0185380365903906,-0.00992714287044024,-0.00522090914902831
0.426720365054036,-0.342256543178116,-0.00175196183067479,-0.460338850223929,-0.0184704784364041,-0.00995374436537047,-0.00392200589932951
0.411687001036037,-0.328926195924741,-0.00174971819850505,-0.443666586544163,-0.0184542079375697,-0.00989119626153965,-0.00255922862550834
0.39578158576558,-0.314435033036794,-0.00178834494096551,-0.426359639490392,-0.0184926416224678,-0.00976535554734414,-0.00115799902932581
0.379125935767615,-0.29873516134838,-0.00188333693043624,-0.408306545148307,-0.0185910859241439,-0.00960259452662368,0.000258293891753346
0.361898251864069,-0.281796000117805,-0.00203115424622768,-0.389385903204345,-0.0187546862250692,-0.00942853209011779,0.00166759184614025
0.344289580181854,-0.26361308775909,-0.00221447753778476,-0.369504311324233,-0.0189862417538365,-0.00926724181567308,0.00304832028794664
0.326460579693787,-0.244212993967638,-0.00241100288952924,-0.34862886230704,-0.0192840370656964,-0.00914056722850818,0.00437851874687263
0.308501017300068,-0.223655393040202,-0.00260479204973677,-0.326812794621152,-0.019639875001554,-0.00906720118929074,0.00563507277995062
0.290395456122631,-0.202032636799229,-0.00279876056039404,-0.304211467670299,-0.0200376119817632,-0.00906130144885024,0.00679320132068724
0.272000944928645,-0.179466390946544,-0.00302609379950255,-0.281084047573725,-0.0204526442890366,-0.00913062127557265,0.00782639839069026
0.253044760877108,-0.156100518083136,-0.00335743534993702,-0.257775602091492,-0.0208528734205428,-0.00927442980320801,0.00870705566275809
0.233150179227632,-0.132089826764599,-0.00390019807334692,-0.234676415137576,-0.0212015500122477,-0.00948182826338962,0.00940794385442283
0.211893491132834,-0.107585692865753,-0.00478720515741268,-0.212161299158843,-0.0214619458977113,-0.0097312942040803,0.00990454586673081
0.18888542060596,-0.0827214087532645,-0.00615473671352851,-0.190520450928674,-0.0216030740844092,-0.0099922005718195,0.010177909267148
0.163857921401082,-0.0576012757891626,-0.00811446630700418,-0.169900861401556,-0.0216049712025658,-0.0102285256192708,0.0102173374867446
0.136729986003786,-0.0322967435497977,-0.0107276385607634,-0.15027785883204,-0.0214618435083176,-0.0104041185251126,0.0100220904590586
0.107630475741865,-0.00685036736846744,-0.0139903981972824,-0.131467256832491,-0.021181996345972,-0.0104881438963846,0.00960149196191899
0.0768709584289858,0.0187149264457277,-0.0178354328634136,-0.113173495939507,-0.0207846408059669,-0.010459177134696,0.00897339016089451
0.0448805749504093,0.0443853815561158,-0.0221486335050578,-0.0950563382516715,-0.0202947996276767,-0.010306964668332,0.00816149206128934
0.0121258660561926,0.0701486214932566,-0.0267943826558949,-0.076795040949792,-0.0197379978354334,-0.0100317956659761,0.00719237671228509
-0.0209616231560419,0.0959904661990791,-0.0316414219813694,-0.0581344340755671,-0.0191360830651302,-0.00964218759882608,0.00609289878151675
-0.0540357404052817,0.121896252530634,-0.0365831271068051,-0.0389071079589229,-0.0185047975248123,-0.00915189317557755,0.00488837652643513
-0.0868597314547976,0.147854837170727,-0.0415492739758498,-0.0190345768378519,-0.0178530558735981,-0.00857711476400539,0.00360165469116576
-0.119305401953859,0.173861921582783,-0.0465090787637862,0.00148431468669043,-0.0171835382262836,-0.00793451578789742,0.00225301206517883
-0.151329674430082,0.199917224896483,-0.0514664171848134,0.0225871280115052,-0.0164942094947764,-0.00724033580864304,0.000860937528814748
-0.182934275598007,0.226013089093541,-0.0564488147327798,0.0441569830786822,-0.0157804642035144,-0.00651059166785021,-0.000556341332169975
-0.214125808348167,0.252123574760125,-0.0614931734267323,0.0660334234206021,-0.0150374990049356,-0.00576178538149975,-0.00197936602828974
-0.244890415362272,0.278203240263933,-0.066630822245927,0.0880346293627279,-0.0142625557924915,-0.00501136438931867,-0.00338680016041474
-0.275174247526053,0.3041861232013,-0.0718716966498567,0.109984293234678,-0.0134570997859423,-0.00427775568471122,-0.00475526168747436
-0.304858213263467,0.329972150849328,-0.0771876492896709,0.131730973276706,-0.0126290808235169,-0.00358000997881287,-0.00605894773272025
-0.33373295256783,0.355403504061365,-0.0824982446488858,0.153158600394697,-0.0117949780049923,-0.0029367450299581,-0.00726916520517001
-0.361486659118398,0.380241450564333,-0.0876642900946941,0.174191590254609,-0.0109809611410084,-0.00236403467872807,-0.00835428296164314
-0.387716209041694,0.404154900949984,-0.0924943582167476,0.194795834639812,-0.0102223378800087,-0.00187229343267408,-0.00928054829333329
-0.411967709655099,0.426730627380978,-0.0967675866259655,0.214974568022749,-0.00956053466903032,-0.00146279508166784,-0.0100140293554746
-0.43380504666061,0.447510225471501,-0.100271339300923,0.234757338397993,-0.00903737463356772,-0.00112502056801255,-0.0105236478247306
-0.452893863283458,0.46604929300646,-0.102845581909955,0.254181319536226,-0.00868742213543951,-0.000836230049064725,-0.0107848313487702
-0.469077680836433,0.481983108504982,-0.104420274169065,0.273267075099929,-0.00853032060447167,-0.00056417384139542,-0.0107828980365176
-0.482419693028569,0.495077071270152,-0.105031971545994,0.291994647491905,-0.00856564738410065,-0.000272702966671225,-0.0105151635279259
-0.493192983657504,0.505244497759301,-0.10481287985696,0.310288023716684,-0.0087722364449144,7.12587371621662e-05,-0.00999110885176814
-0.501820739604093,0.512527395336145,-0.103956561257514,0.328014193149929,-0.00911227249507637,0.000491582520693774,-0.00923063237185866
-0.508786541524705,0.517049686847105,-0.102673051455061,0.344997297761525,-0.00953863038993412,0.000999443095078375,-0.00826105440939022
-0.514543160406359,0.518959564229668,-0.10114793319586,0.361042119090318,-0.0100029520456974,0.00159307787772005,-0.00711382011318011
-0.519443806346751,0.518376540365844,-0.0995154046830286,0.375958218174193,-0.0104622014036242,0.00226015698090455,-0.00582170341227145
-0.523707566277057,0.515352850228307,-0.0978484574377936,0.389577645811728,-0.0108824959178002,0.00298142370218051,-0.00441694362136627
-0.527418494894266,0.509852632697373,-0.0961637204703324,0.401763392814435,-0.0112401485931769,0.00373426476387149,-0.00293038321383093
-0.530550441879241,0.50174838690417,-0.0944359421920638,0.412409860822316,-0.0115205710791931,0.00449533334038184,-0.00139145077604585
-0.533007866501897,0.490832929373886,-0.0926170400248218,0.421438960916591,-0.0117158989386063,0.00524193846547678,0.000171249133433443
-0.534674455242667,0.476845618903541,-0.0906558594582167,0.428795874613925,-0.0118220815403268,0.0059524007144301,0.00172897899903267
-0.535463513526509,0.459512630821623,-0.0885160712383276,0.434447691390494,-0.0118359602830432,0.00660587486016164,0.00325176871190483
-0.535364777501383,0.438601049472217,-0.0861903469096959,0.438386687809348,-0.0117527007568116,0.00718226340450977,0.00470740436301918
-0.534480748433187,0.4139840226121,-0.0837090097560634,0.440638207925518,-0.0115639103387386,0.00766281080988309,0.00606077561490447
-0.533042809343704,0.385708233856185,-0.0811411651793361,0.441271003100983,-0.0112568374780694,0.00803176836269567,0.00727390692315628
-0.531395999537574,0.354046244679915,-0.0785866154237663,0.440405702266821,-0.0108151095022828,0.00827912879289672,0.00830701984935492
-0.52994540490274,0.31950878793408,-0.0761584373952748,0.43821554438807,-0.0102213607664427,0.00840387267734488,0.00912087924567378
-0.529069495814934,0.28279329645005,-0.0739591857888636,0.434913953788761,-0.00946168207065239,0.0084166087364649,0.00968038157366472
-0.529023924607967,0.244662127494784,-0.0720572937425173,0.430727286006392,-0.00853108961388691,0.00834025221992236,0.00995885246866704
-0.529873117579628,0.20577620433285,-0.0704721088256089,0.425857887799025,-0.00743846263100542,0.00820779885613575,0.0099420157313069
-0.531483431583164,0.166541734499663,-0.0691738829846283,0.420449384068535,-0.00620914829331146,0.00805733044434552,0.00963040931832593
-0.533586616182662,0.127035570068236,-0.0680989558307369,0.41456785299252,-0.00488403323992669,0.00792562813577937,0.00903940521393254
-0.535888460999796,0.0870463199783873,-0.0671735409355963,0.408206533463678,-0.0035151227520375,0.00784240060534663,0.00819683121540135
-0.538176312083221,0.0462173490582317,-0.066336207872631,0.401310906141349,-0.00215885391902306,0.00782673535126819,0.00713903169732811
-0.540383117772418,0.00423514988776587,-0.0655511347438013,0.39381232054063,-0.000868888906081644,0.0078862559557144,0.00590658371573559
-0.542589245996797,-0.0390051936863245,-0.0648095442807566,0.385656815861246,0.000310074502774206,0.0080183611691806,0.004540705770497
-0.544970474952781,-0.0833071324373531,-0.0641218674209742,0.376820919971961,0.00134650454078797,0.00821240035474879,0.00308091061698997
-0.547718148737039,-0.128169755060807,-0.0635057612813875,0.367313724822001,0.00222382394014527,0.00845177055183629,0.00156397728440692
-0.550961534390717,-0.172863460490818,-0.0629749981974984,0.357170214061675,0.0029397411204206,0.00871541675160019,2.40134604099625e-05
-0.554716076026988,-0.216556034980802,-0.062532605940479,0.346442752787929,0.00350334048201731,0.00897875159328603,-0.00150675114983016
-0.558870040273605,-0.258456203422078,-0.0621697014926205,0.335196172090263,0.00393037747563955,0.00921439354829218,-0.00299682202351535
-0.563210488302922,-0.297944524038297,-0.0618698563415634,0.323508477359076,0.00423748353767105,0.00939330044863985,-0.00441430464222898
-0.567479887520163,-0.334667182429297,-0.0616176115087138,0.311475504322094,0.00443629350021375,0.00948685064156978,-0.00572610324698767
-0.571447519725665,-0.368574383572636,-0.0614087291458242,0.29921506640158,0.00452881777953115,0.00947018893865086,-0.00689776039208994
-0.57497523415016,-0.399892224468028,-0.0612588658426512,0.286865036624707,0.00450554287773611,0.00932668448813926,-0.00789422133287934
-0.578056043353154,-0.429027822144419,-0.061206924239027,0.274570857910873,0.00434749034320048,0.00905267134501803,-0.00868172168124996
-0.580808900442519,-0.456424085882797,-0.0613101047177329,0.26246142740453,0.00403252500679186,0.00866095721847873,-0.00923076163025328
-0.583425730307559,-0.482400247351355,-0.0616302344721028,0.250617736543262,0.00354458585499823,0.00818131288838442,-0.00951971161603832
-0.586085497212298,-0.507027504112444,-0.0622148771836491,0.239044169177069,0.0028828183847063,0.00765676022934945,-0.00953812688679246
-0.588866520331182,-0.530083453754156,-0.0630800744774085,0.227654548909323,0.00206693054972317,0.00713601825511442,-0.00928864931374051
-0.591691395598554,-0.55110041200663,-0.0642018307532416,0.216281043195997,0.00113631624791172,0.00666423677084675,-0.0087867235733699
-0.594324387568083,-0.569484175702441,-0.0655198034055718,0.204704817665597,0.000143183995954155,0.00627500045526597,-0.00805817055336011
-0.596417216549665,-0.584654129163391,-0.0669512057820975,0.192698155667226,-0.000857529837780881,0.00598589854873485,-0.00713546711646342
-0.597580564382418,-0.596156564427253,-0.068409093548324,0.180064235519825,-0.00181781363410626,0.00579823138918382,-0.00605389872779895
-0.597454383070276,-0.603724905333103,-0.0698188244666096,0.166664194177611,-0.00270312476492409,0.0056998143460753,-0.0048485005700734
-0.595758061495341,-0.607286152989054,-0.0711287583991736,0.152428114019315,-0.00349494215744806,0.00566914179154849,-0.00355218117344151
-0.592313417536643,-0.606929108286386,-0.072314154221021,0.137352653916497,-0.00418990414043606,0.00567939680977841,-0.00219497341879378
-0.587042556720955,-0.602854000128333,-0.073375220831106,0.121490822501568,-0.00479674422048655,0.00570146562089517,-0.000804131944905494
-0.579946714800013,-0.595319318753397,-0.0743310343348557,0.104939060070018,-0.00533218450277,0.00570578299309645,0.000595239784601408
-0.571072500990837,-0.584595376553069,-0.0752109360396296,0.0878248126662161,-0.00581657865073804,0.00566328120691664,0.00197929433989522
-0.560470750487983,-0.570928867541962,-0.0760446469761855,0.07029556741153,-0.0062697260825566,0.0055459271683542,0.00332447151341094
-0.54815235259354,-0.554519655222817,-0.0768521045885242,0.052508724631354,-0.00670706854593349,0.00532737550845571,0.00460660894571521
-0.534045952092068,-0.535509921472849,-0.0776341522866051,0.0346210187378956,-0.00713646821994362,0.00498419459705646,0.00580028022050581
-0.517964410896702,-0.513985758827132,-0.0783656685018344,0.0167764648394545,-0.00755591044570399,0.00449794777813756,0.00687853253536858
-0.499589431725761,-0.48999122335491,-0.0789932386475187,-0.00090717504530571,-0.00795266696742939,0.00385811120708049,0.00781322579382799
-0.478484717998842,-0.463553826291522,-0.0794395311926022,-0.0183519739778681,-0.00830452720913524,0.00306537446016394,0.00857616447251762
-0.454144675725766,-0.434717953867736,-0.0796155068539203,-0.0355306624852022,-0.00858345568440438,0.00213438299444003,0.0091410987548409
-0.426076002952081,-0.403579256926825,-0.0794391541876172,-0.0524712003971883,-0.00876135111655199,0.00109467150395859,0.00948641077349831
-0.393895196729478,-0.370310449551665,-0.0788562233816054,-0.0692521815225729,-0.00881662405931312,-1.12786701021734e-05,0.00959794636201354
-0.357412889893603,-0.335169689821598,-0.0778561776055304,-0.0859881645055906,-0.00873957757745583,-0.00113308043337415,0.00947118701731763
-0.316675101961787,-0.298488008299861,-0.0764772643442557,-0.102806985367716,-0.0085346693619905,-0.00221956703621239,0.00911201491064486
-0.271945821764948,-0.260640269875599,-0.0747986213866705,-0.119823836742652,-0.00821882810793741,-0.00322604771897427,0.00853577913048126
-0.22363809010012,-0.222010505153587,-0.0729226050435499,-0.13711808525011,-0.00781654807701711,-0.00411970412687878,0.00776500350771301
-0.172218748129809,-0.182963523625391,-0.07095394802326,-0.154717821199546,-0.00735359694069819,-0.00488202157118701,0.0068265143738857
-0.118116327666428,-0.143830592258088,-0.0689822922940599,-0.17259453166516,-0.00685131821773853,-0.00550834842219901,0.00574879799439396
-0.0616534427221793,-0.104910767530621,-0.0670719502544621,-0.190667395107692,-0.00632286324578832,-0.00600552732263549,0.00456010936348488
-0.00301241201967808,-0.0664845290454568,-0.0652595137712776,-0.208814736214821,-0.0057718076642487,-0.00638877661871232,0.00328749025661873
0.0577670551186577,-0.0288340444311562,-0.0635577232921993,-0.226889649996802,-0.00519295281786931,-0.00667876064739778,0.00195659891426069
0.120763715823483,0.0077358661729258,-0.0619632026153473,-0.244737450443111,-0.00457482976901109,-0.00689935504341887,0.00059214691546484
0.186129835227303,0.0428814570416757,-0.0604658218313183,-0.262213724872816,-0.00390342135379545,-0.00707619578014575,-0.000781271321078597
0.254029296447407,0.0762134550880879,-0.0590579434911996,-0.279202601299503,-0.00316671743144321,-0.00723578360796191,-0.00213815271366027
0.324561755231208,0.107304998025132,-0.0577421866389956,-0.295634748938991,-0.00235975292994274,-0.00740471088137697,-0.00345105869469046
0.397677739920923,0.135718471293997,-0.0565364519166819,-0.311503349077496,-0.00148963641304709,-0.00760848766920539,-0.00468981567984313
0.473095247084315,0.161053309933005,-0.055474915350809,-0.32687407546153,-0.000579738029510105,-0.00786950277612543,-0.00582122997079971
0.550236571845024,0.183011242012875,-0.0546038868137739,-0.341883077951649,0.000328209550295768,-0.00820393136317465,-0.00680965122909794
0.628210413623188,0.201466322279175,-0.0539723118452871,-0.356716909892342,0.00117553449269808,-0.00861794014641767,-0.00761868088681662
0.705861374186311,0.216517471616691,-0.0536185053329119,-0.371572131605103,0.00189256413947877,-0.00910424712885983,-0.00821411095030115
0.781890732663033,0.228498105557174,-0.0535569492521079,-0.386600138709804,0.00240873894342502,-0.00964061968881057,-0.00856776198351865
0.855021851762804,0.237928142910315,-0.0537702566271227,-0.40185154065267,0.00266468631753251,-0.0101917355156245,-0.00866138984959855
0.924157242687322,0.24541783626023,-0.0542101460813911,-0.417238555756831,0.00262266127504859,-0.0107147168540993,-0.00848954156364496
0.988473277738304,0.251557360457346,-0.0548073809825451,-0.432529230483524,0.00227200431095823,-0.0111669977687988,-0.0080604401764091
1.04742868947371,0.256832918488043,-0.0554862749247156,-0.447375343565452,0.00162825654933062,-0.0115140093496016,-0.00739465639434907
1.10070524807467,0.261593177480887,-0.0561775305377833,-0.461363456609645,0.000727102086117289,-0.0117342855374608,-0.00652211850188152
1.14812465077424,0.266062091094408,-0.0568249843231677,-0.474072472602405,-0.000384149637643794,-0.0118208863525576,-0.00547848519973111
1.18958189403152,0.270375223224332,-0.057385632154725,-0.485122980601904,-0.00165483330846603,-0.011779600108168,-0.00430187971182
1.22501296647859,0.274615292985974,-0.0578254676907215,-0.494210358700581,-0.00303721846826519,-0.0116253398539335,-0.00303059930740804
1.25439297464175,0.278832926780319,-0.0581147665739284,-0.501120497574442,-0.00449017295460211,-0.0113782237892223,-0.00170194524321957
1.27775073742964,0.28304989306184,-0.0582257981517116,-0.505731241742917,-0.00598028596188786,-0.0110603141921357,-0.000351969650888089
1.2951863125893,0.287248629772914,-0.0581345506486643,-0.508003786153065,-0.00748092505942147,-0.0106933335979751,0.000984226891626629
1.30688245318907,0.291354100888389,-0.0578266035470092,-0.507967396222585,-0.0089698926974098,-0.0102971878005871,0.00227203168554026
1.31310490703248,0.295214730781327,-0.0573059185880478,-0.505699413872609,-0.0104264527185297,-0.00988890588660759,0.00347702441115531
1.3141887556458,0.298590039868207,-0.0566040026248416,-0.501301733385414,-0.0118285532845352,-0.0094816343308706,0.00456511844190142
1.31050995349067,0.301153233486071,-0.0557858032152253,-0.494875364188701,-0.013151058832532,-0.00908352737334879,0.00550333374481599
1.30244443204634,0.302515615564782,-0.0549484144556692,-0.486496246141548,-0.0143656519537936,-0.00869667368738016,0.00626128457014745
1.29032183217312,0.30227462902813,-0.0542099593190057,-0.476197277439429,-0.0154426945541662,-0.0083164718948144,0.00681328287380928
1.27438537428549,0.300078666606519,-0.0536891872724544,-0.463962051455912,-0.0163547393752255,-0.00793196619698561,0.00714071566835513
1.25477043944996,0.295692628841912,-0.0534805206983125,-0.449733678055067,-0.0170807239907118,-0.00752746309803333,0.00723413767129483
1.23150980022295,0.289043826894257,-0.0536323971468116,-0.433437259847222,-0.017609485614113,-0.00708529750938306,0.00709446638295206
1.20456413080067,0.280232357867972,-0.0541365961800162,-0.415009186681468,-0.0179413960716045,-0.00658911702886924,0.00673286569650943
1.17386708383431,0.269502595943367,-0.0549323230352423,-0.394423589045502,-0.0180876259095317,-0.00602680091567743,0.00616930262355489
1.13937000521548,0.257186593625429,-0.0559231050685562,-0.371707926615621,-0.0180674444140127,-0.00539228345927585,0.00543016962406824
1.10107402152911,0.243638555215982,-0.0570001352374527,-0.346944746785658,-0.0179045809563606,-0.00468600883267398,0.00454558584388927
1.05904419418663,0.229178922506134,-0.0580645561468456,-0.320262091746951,-0.0176237692917148,-0.00391423476962792,0.00354695595337365
1.01340736110022,0.214059394691024,-0.0590430907022453,-0.291818211961194,-0.0172482637611111,-0.00308768968775596,0.002465154226582
0.964339289411454,0.198451446488046,-0.0598946782427534,-0.261786453632192,-0.0167986314462628,-0.00222010410651147,0.0013294517897661
0.912047474028169,0.182454558169327,-0.0606086424224304,-0.230344389078569,-0.0162927264598257,-0.00132696312976985,0.000167117054097131
0.856754560221725,0.16611764474204,-0.061196565468604,-0.197668869902226,-0.0157465359076968,-0.000424592606738728,-0.000996477503639507
0.79868538903464,0.1494671903481,-0.0616805353073675,-0.163936675258261,-0.0151755235572415,0.00047050293810708,-0.00213743517885548
0.738058976527872,0.132536791325474,-0.0620802669025632,-0.129329129485583,-0.0145961109623591,0.00134224140996726,-0.00323278450601945
0.67508558938186,0.115393934714357,-0.0624012728523939,-0.0940383664654012,-0.0140269623571125,0.00217571038787022,-0.00425996288628587
0.609968451962245,0.0981603637597664,-0.0626260428219405,-0.058272683195889,-0.0134897502184403,0.00295820296960885,-0.00519648370140253
0.542909103531445,0.0810224304880146,-0.0627100346698864,-0.0222584980032801,-0.0130090987983054,0.0036805430345723,-0.00601992001329956
0.474115285342116,0.0642281357214079,-0.0625840013110554,0.0137628920385608,-0.0126114615102168,0.00433852795724429,-0.00670831075714482
0.403809774514909,0.0480687776931334,-0.0621633580435706,0.0495444541996946,-0.012322860868615,0.00493413087444802,-0.0072410344565264
0.332238347549475,0.0328460377362876,-0.0613637875478716,0.0848474143048915,-0.0121657144704236,0.00547600221957482,-0.00760009347963187
0.259674913730259,0.0188295948163694,-0.0601202316652741,0.119457199988334,-0.0121553410374585,0.00597886141786815,-0.00777161770131065
0.186422114778574,0.00621465687001704,-0.0584045612065427,0.153197161977031,-0.0122970373143394,0.00646162155902355,-0.00774727499440271
0.112806531506622,-0.00490927953537712,-0.0562366565347397,0.185935995356104,-0.012584643168638,0.00694448782917673,-0.00752523550754353
0.0391690541726867,-0.0145688672791018,-0.0536850392059255,0.217586357757664,-0.0130011753298331,0.00744565789730839,-0.0071104189986122
-0.0341473715278118,-0.0228933726224947,-0.0508565624402692,0.248094840684069,-0.0135214713148578,0.00797842251757219,-0.00651396167924019
-0.106809490542811,-0.0300813551953226,-0.0478782976675209,0.277425956378589,-0.0141161540082353,0.00854932168499813,-0.00575207071521885
-0.178502071187511,-0.036357604087423,-0.0448771146848509,0.305544292929439,-0.0147558794517732,0.00915761363833235,-0.00484459769103684
-0.248931357872902,-0.0419318595323657,-0.0419624331555882,0.332399022699337,-0.0154148991957065,0.0097958825339537,-0.00381368481903792
-0.317824260571014,-0.046968670916364,-0.039215750815098,0.357914257455859,-0.0160733267765364,0.0104512787968107,-0.00268275555048343
-0.384925352902299,-0.0515728577972095,-0.0366877739223862,0.38198709662696,-0.0167179522544382,0.0111068974133403,-0.00147596076195026
-0.44999456566103,-0.055791128685187,-0.0344019160711259,0.404494413692545,-0.0173417620660433,0.0117428836563794,-0.000218080937380777
-0.51280802877579,-0.0596272312156986,-0.0323617174087694,0.425308303932074,-0.0179424829177758,0.0123371441738994,0.00106520834043316
-0.573163457065147,-0.0630666188348073,-0.0305595882924257,0.44431933372977,-0.0185204879239544,0.0128657836270672,0.00234684010041227
-0.630889939252683,-0.0661059592899697,-0.0289846952435606,0.461465501392575,-0.0190763840506918,0.0133035882730118,0.00359778922134648
-0.685860203170855,-0.0687822311439188,-0.0276284497064892,0.476762845099885,-0.019608616139762,0.0136249847568618,0.00478662910257125
-0.73800156272937,-0.0711952600295357,-0.0264867387916681,0.490330868102827,-0.0201115063390519,0.0138058800554754,0.00587945358686424
-0.787300216009501,-0.0735166713268008,-0.0255587419734616,0.502403141488055,-0.0205742621497773,0.0138265888334674,0.00684045149255869
-0.833793214585442,-0.0759785940201938,-0.0248429734568855,0.513312461038902,-0.0209815170115731,0.0136756415150626,0.00763341283293735
-0.877544496900687,-0.0788387967544322,-0.0243320456685921,0.523443502033616,-0.0213157499635806,0.0133536865852281,0.00822430441740062
-0.918606701608565,-0.0823262904351188,-0.0240082875483277,0.533155955349233,-0.0215613557828134,0.0128761676843343,0.0085847198571299
-0.956978006468336,-0.0865810798902459,-0.0238422849753994,0.542695783332067,-0.0217093192512489,0.0122733470719464,0.00869554271352232
-0.992569187496974,-0.0916083701853679,-0.0237953082416697,0.552124037901271,-0.0217608178109034,0.0115868869263492,0.00854980014697957
-1.02519555976509,-0.0972649838434756,-0.0238247829007913,0.56129187162718,-0.0217281754183859,0.0108634927013583,0.00815374230238999
-1.05459972713105,-0.103282878160307,-0.0238904885110633,0.569873462700248,-0.0216325833272569,0.0101474039393136,0.00752576611860208
-1.08049845675116,-0.109318354432816,-0.0239590419135917,0.577444114628351,-0.0214993928814557,0.00947397202667066,0.00669361919999294
-1.10263800820458,-0.11500603739294,-0.0240054921066599,0.583573770556577,-0.0213527443647509,0.00886592029524966,0.0056908741535835
-1.12084120475498,-0.119999067405798,-0.0240125700572819,0.58790541653224,-0.0212113442729425,0.00833263460517552,0.00455368249567602
-1.1350347294825,-0.123987858673771,-0.0239691964237531,0.59019998407299,-0.0210864922723533,0.00787175714110578,0.00331843058625954
-1.14525201754771,-0.126701465702529,-0.0238698007240577,0.590344468756574,-0.0209824769247911,0.00747190607539436,0.00202045247972692
-1.15161278958895,-0.127901650020825,-0.0237151413298214,0.588330375137773,-0.0208986447139858,0.00711549746454626,0.000693631892569684
-1.15428448266676,-0.127378369685611,-0.0235142815620884,0.584213442719463,-0.0208320644924184,0.00678112477452493,-0.000629415071943464
-1.15343394747591,-0.124949864683742,-0.0232867022697765,0.5780651231181,-0.0207798390343255,0.00644545891695362,-0.0019169072113642
-1.14917937019259,-0.120466352198019,-0.0230633385187265,0.569924601781983,-0.0207405886512586,0.00608496393688911,-0.00313751588294176
-1.14155212647566,-0.113816587066849,-0.022885409957557,0.559759309945788,-0.0207150887196273,0.00567779893601271,-0.00426028415990979
-1.13047687437811,-0.104939073619817,-0.0228001317173467,0.547442044672174,-0.0207062180756116,0.00520611766349462,-0.00525503959591304
-1.11577625744595,-0.0938401230221548,-0.0228529294018804,0.532752551473174,-0.0207183136865585,0.00465865920688805,-0.00609341386549127
-1.09720330076766,-0.0806171774618222,-0.0230769072313016,0.515408511226209,-0.0207559689898067,0.00403314844666655,-0.00675045817149258
-1.07449850999046,-0.0654797987460363,-0.0234818985017205,0.495123853919522,-0.0208224259807713,0.00333774085935296,-0.00720665694084209
-1.04746021633279,-0.0487567181264029,-0.0240466969823952,0.471682274772525,-0.0209179550983477,0.00259074190032977,-0.00744992847472249
-1.01600943221167,-0.0308791532996575,-0.0247179741697402,0.445005164521479,-0.0210387984830945,0.00181823354119731,-0.00747706292267254
-0.980229476408095,-0.0123387849659008,-0.0254174113703393,0.415191736615109,-0.0211771765322178,0.00104995692075415,-0.00729410745571925
-0.940368383466426,0.00637048190594618,-0.0260554235263331,0.382517818372911,-0.0213224905764514,0.000314483597318454,-0.00691550050582539
-0.896805529164842,0.0248107507749551,-0.026547223555138,0.347395080444868,-0.0214633774007005,-0.000365037208528705,-0.00636216169180027
-0.849995912741976,0.0426427349682597,-0.0268263589971638,0.310306267943282,-0.02158995731734,-0.000973581037915462,-0.00565905291994404
-0.800410332522008,0.0596443507167534,-0.0268524017319295,0.271737460517801,-0.0216956221139785,-0.0015050850050598,-0.0048327966049378
-0.748486555304155,0.0757060525044237,-0.0266120454717133,0.232124605920741,-0.0217779728541081,-0.00196172531171259,-0.00390978561333294
-0.694599250152752,0.0908100410987154,-0.0261150455119529,0.191822811002184,-0.0218388512772183,-0.00235226099707097,-0.0029149747513658
-0.639049077897103,0.10500249270638,-0.0253874384216488,0.15109832476659,-0.0218836506309261,-0.00269007244539552,-0.00187133343949277
-0.582067059780539,0.1183663411797,-0.0244643776522804,0.110137968800948,-0.0219201835620287,-0.00299131663759954,-0.000799818765464921
-0.523828637002169,0.130999181603992,-0.0233841749012473,0.0690691069189332,-0.0219573624367169,-0.00327338804964248,0.000280305816087726
-0.464472599877625,0.142997896859036,-0.0221842846199453,0.0279841233129864,-0.0220038753751094,-0.00355368167387755,0.00135096170963513
-0.404121927398696,0.154449522465321,-0.0208992952903698,-0.0130346213065916,-0.0220669726693246,-0.00384854742119568,0.00239466776659947
-0.342905540507427,0.16542678621728,-0.0195605832206037,-0.0538914593054266,-0.0221514377511063,-0.0041722900372671,0.00339394625169224
-0.280980626135812,0.175986599912753,-0.0181970781222837,-0.0944570533650073,-0.0222588080127795,-0.0045360883618907,0.00433078963029168
-0.218553783100747,0.186170258973998,-0.0168364926238657,-0.134553116887436,-0.0223869298343312,-0.00494677594634545,0.00518629224822279
-0.155896835545815,0.196004758978695,-0.0155063508700908,-0.173945669805684,-0.0225299660833056,-0.00540554377170167,0.00594059209429523
-0.0933518951952611,0.205505056089197,-0.0142342467397536,-0.212350530553653,-0.0226789876723668,-0.00590678115724422,0.00657326366574478
-0.0313212013293319,0.214677215995659,-0.0130469984202971,-0.249453097861536,-0.0228232233157445,-0.00643741571398328,0.00706423647639162
0.0297595873828611,0.223522337648177,-0.0119687380263878,-0.284941054057105,-0.0229518839937157,-0.0069771701943957,0.0073951931536622
0.0894611025296395,0.232041014441194,-0.0110184190171143,-0.318544185051214,-0.023056249333632,-0.00750004423271467,0.00755124818739476
0.147404175035787,0.240237997468269,-0.0102075834257047,-0.350071684050733,-0.0231315005399716,-0.00797702602495836,0.00752257192105296
0.203295894484689,0.248126706484941,-0.00953928926988752,-0.379436263235072,-0.0231777390986993,-0.00837962433582769,0.00730557694568634
0.256946848895301,0.25573349462917,-0.0090087610260757,-0.40665759983001,-0.0231998225423363,-0.0086834743589097,0.00690337973065993
0.308264386779765,0.263101457326187,-0.00860560167916864,-0.431844226139146,-0.0232060087978538,-0.00887119422505822,0.00632546574504581
0.357224770880441,0.270293908895382,-0.00831679557059,-0.455160089406447,-0.0232057819744784,-0.00893392238205775,0.00558672922962484
0.403833612929487,0.277397078813579,-0.00812935790396578,-0.476786173192458,-0.0232074184476066,-0.00887140898534812,0.00470620931653318
0.448086503824678,0.284520841194219,-0.00803162826744705,-0.496887471817374,-0.0232158093401494,-0.00869095560310406,0.00370585590358537
0.489940296875714,0.291795052056538,-0.00801268061472504,-0.515592109269886,-0.0232308508487401,-0.00840572667028362,0.00260955706510584
0.52930194102217,0.299357723041477,-0.00805994541921907,-0.532984677911035,-0.0232465057131276,-0.0080329578285036,0.00144251515992492
0.566038018035207,0.307330486477414,-0.00815576591617638,-0.549111780052657,-0.0232505617833503,-0.0075924275256169,0.000230930159531243
0.600004890644726,0.315777893127032,-0.00827418725012555,-0.563995111119554,-0.0232252230297557,-0.00710533536982375,-0.000998136101966181
0.631095787390762,0.324651761877017,-0.00837973605667522,-0.577646287533696,-0.0231489041865172,-0.0065935162058402,-0.0022168730632744
0.659295850350655,0.333731040279088,-0.00843004860412187,-0.590077952053536,-0.0229997485361612,-0.00607875233679932,-0.00339694169821279
0.684729208809183,0.342579062059333,-0.00838351563562457,-0.60130763235724,-0.0227611007963725,-0.00558185678430678,-0.00450984018821435
0.707677167367423,0.350545943353628,-0.00821132582028687,-0.611354234851918,-0.0224281838251699,-0.00512123096292694,-0.00552733671448824
0.72855028486484,0.356834259122328,-0.00791083027978943,-0.620230555062862,-0.0220138211998771,-0.00471079967701823,-0.00642185153342333
0.747813202435411,0.36061959917333,-0.00751538927554208,-0.627936330183111,-0.0215502374510692,-0.00435759201750973,-0.00716680859464638
0.765883091966344,0.361188975956585,-0.00709621471303088,-0.634453918930059,-0.0210848563534941,-0.00405964797880916,-0.0077372382896055
0.783035996320285,0.358050852454508,-0.00675425374134674,-0.639744949413011,-0.020670552604034,-0.00380516479770954,-0.00811103619443905
0.799350819302031,0.350987137973069,-0.00660350431876284,-0.643745398590055,-0.0203534873552301,-0.00357364827156919,-0.00827102473651646
0.814703224934624,0.34004467931582,-0.00674991824300267,-0.646359852884385,-0.0201627895629757,-0.00333925116919053,-0.00820740901945226
0.828803545481197,0.325482712633401,-0.00727159960195647,-0.647459697619905,-0.02010542893977,-0.00307564621276093,-0.00791976994206352
0.841261823647211,0.307698062509296,-0.00820592589971345,-0.646890223262534,-0.0201673876361659,-0.00276109079238033,-0.00741776781023702
0.851660062948657,0.287147245759719,-0.0095471215405635,-0.644487343978959,-0.0203198699735794,-0.00238220774285746,-0.00672024261977142
0.859614585345484,0.264279704063143,-0.0112542064820334,-0.640099185451474,-0.0205278134710434,-0.00193554690572949,-0.00585304634020967
0.864817877216516,0.23949077869408,-0.0132657821061101,-0.633605230300888,-0.0207578341810204,-0.00142688962694179,-0.00484633745790297
0.867056894511208,0.213097125184449,-0.015516440455366,-0.624927278056608,-0.0209836910951918,-0.000869004666784756,-0.00373206292460827
0.86621092567399,0.185332237803526,-0.0179500826404674,-0.614030443283015,-0.0211886706846825,-0.000278840490060716,-0.00254207557795957
0.862235362625813,0.156356875177761,-0.0205272706850284,-0.60091616454077,-0.0213653192567371,0.000325030552589866,-0.00130700955197735
0.855138299915635,0.126278638912822,-0.0232257730040068,-0.585611188780937,-0.0215134260210237,0.000924285645449116,-5.58098237099543e-05
0.844955895683417,0.0951759288517212,-0.0260350056365879,-0.56815666562926,-0.0216371791558638,0.0015019855127435,0.00118428599687336
0.831731006137051,0.0631228861213468,-0.0289460101123003,-0.548600551882938,-0.0217422145997018,0.00204315567525963,0.00238752530252288
0.815498357806852,0.0302129430513459,-0.0319391596086035,-0.526995205639982,-0.0218330472319951,0.0025350972757246,0.00352936169650617
0.796278512547735,-0.00342108594805329,-0.034972180063931,-0.503400704103835,-0.0219112083217728,0.00296768750720626,0.00458627130888564
0.774081821326477,-0.0375927014932922,-0.0379713660372558,-0.477893094271493,-0.0219743138585381,0.00333382838559887,0.00553578753904875
0.748922078669151,-0.0720559270828815,-0.0408288745446361,-0.450575442906965,-0.0220162062864158,0.00363005694826797,0.00635684635979649
0.72083750366977,-0.106510614536443,-0.0434083331658248,-0.42158832424467,-0.0220281856076256,0.00385717561750881,0.00703048429079312
0.689914270770085,-0.140620133889381,-0.04555938460502,-0.391115701554636,-0.0220011395887247,0.00402064432665006,0.00754084943460888
0.656305956479387,-0.17404004595658,-0.0471392643416176,-0.359382641673626,-0.0219281226177923,0.00413044887830573,0.00787637671069867
0.620242166232631,-0.206452782921688,-0.0480367645718353,-0.32664333517778,-0.0218067206159811,0.00420026450832661,0.00803087373260866
0.582022018509089,-0.237600613786822,-0.0481922363882736,-0.29316114820655,-0.0216404993918024,0.00424593928589697,0.00800421833255887
0.541992746140633,-0.267308439227214,-0.047607761716355,-0.259185535827436,-0.0214390692690613,0.00428358249287082,0.00780242787293125
0.500518625728338,-0.295490736055944,-0.0463445266951365,-0.224932132818359,-0.021216724383334,0.00432768622631132,0.00743702448751079
0.457948436022149,-0.322141807420264,-0.0445085602033722,-0.190571213241961,-0.0209900698923955,0.00438969857315981,0.00692382419591923
0.414589372625327,-0.347313487971194,-0.0422294789524693,-0.156226615169295,-0.0207753153562778,0.00447728862412993,0.00628143017873835
0.370692258604168,-0.371087366101591,-0.0396382501487047,-0.12198374915888,-0.020585899476935,0.00459430429722349,0.00552974922179992
0.326448760823983,-0.393548647857717,-0.0368490752744778,-0.0879029732586495,-0.0204308830477653,0.00474123560259729,0.00468877865708206
0.281997978898255,-0.414766717231292,-0.0339482495796024,-0.0540340149193345,-0.0203142517369521,0.00491591965313929,0.00377778317649764
0.237438172585449,-0.434784630938539,-0.0309904888139947,-0.020427907564747,-0.0202350369110661,0.00511425161450525,0.0028148597617129
0.192839553342567,-0.453617333007949,-0.0280015545059242,0.0128556072476947,-0.0201880431278143,0.0053307502406827,0.00181681516558599
0.148255535059661,-0.471256733894733,-0.0249852649716181,0.0457455970716167,-0.0201649492745592,0.00555891807574735,0.00079926478756797
0.103731873103335,-0.48768102758123,-0.0219329484933892,0.0781613064465213,-0.0201555836845883,0.00579140639511653,-0.000223111893409529
0.0593145935395842,-0.502865738293875,-0.0188337263787844,0.110015634257846,-0.0201492275614643,0.00602004118523563,-0.0012361948648294
0.0150575708118783,-0.516794833320549,-0.015684389918375,0.141219512064038,-0.0201358575508314,0.00623580048499628,-0.0022259659514626
-0.028970597385218,-0.529471133836176,-0.0124978673754018,0.171687158113567,-0.0201072808072836,0.00642885915652209,-0.00317804387250938
-0.0726816718435568,-0.54092544524774,-0.00930933394395134,0.201342748748833,-0.020058124361409,0.00658882410433249,-0.00407731089041612
-0.115966036965429,-0.551223208932412,-0.00617895681698298,0.230128502270396,-0.0199866140890327,0.00670525728800111,-0.00490772548479702
-0.158694512059784,-0.560466944694013,-0.00319032974506488,0.25801306306369,-0.0198950243516581,0.00676853252258302,-0.00565239734989095
-0.200723780867686,-0.568792416254078,-0.000443879388267596,0.284998233693179,-0.0197896555750218,0.00677098035680298,-0.00629397908482379
-0.24190485365562,-0.576357177494248,0.00195471030171672,0.311121737109007,-0.0196802097008395,0.00670816947458391,-0.00681539854405358
-0.282093480794316,-0.583321612826257,0.00390982120071679,0.336454042887278,-0.0195785266667008,0.00658006188087093,-0.00720089991940207
-0.321160760984234,-0.589824796106144,0.00535230890921772,0.361088411961094,-0.0194968073973817,0.00639171383014765,-0.0074372804469266
-0.359001681321281,-0.595959776543574,0.00625324855276092,0.385125087901208,-0.0194456402557461,0.00615322550945485,-0.00751512498454774
-0.395539371921174,-0.601754245126523,0.00663121652460428,0.408652484853255,-0.0194322861774792,0.00587879675261968,-0.0074297936770352
-0.430723697491809,-0.607161997805618,0.00655067028500911,0.43172949842678,-0.0194596766428692,0.00558499069390228,-0.00718194650970535
-0.464524282373416,-0.612067999396739,0.00611147194255752,0.454373012470981,-0.0195264053002987,0.00528854810497585,-0.00677749844048486
-0.496919625961269,-0.616306065331014,0.00543222466936628,0.476553199211368,-0.019627705190509,0.00500422328913234,-0.0062270507534383
-0.52788493418321,-0.619684792770977,0.0046317193839242,0.498196916795662,-0.0197571215842208,0.00474307219756425,-0.00554497349835604
-0.557381286071278,-0.622015711791485,0.00381281799892528,0.519197353230627,-0.0199084301159993,0.00451144706082312,-0.00474837021321554
-0.58534788045587,-0.623138040764473,0.00305175468528435,0.539426796832795,-0.0200773530623096,0.00431073251344685,-0.00385613163216728
-0.611697837788577,-0.62293629366652,0.00239390584347456,0.558749241693561,-0.0202627535192705,0.00413768873238656,-0.00288820961166053
-0.636316899212864,-0.621349273627095,0.00185537582566018,0.577030207090098,-0.0204671583484655,0.00398519373434446,-0.00186515717217237
-0.65906371601875,-0.618370871933967,0.00142872438805401,0.594142227327455,-0.0206966072914902,0.00384319344047416,-0.000807913768369069
-0.679770351756938,-0.614044226204662,0.00109086279873084,0.609965591480503,-0.0209599156043413,0.00369973792453844,0.000262225008059304
-0.698242045320493,-0.608451238278627,0.000811352745168872,0.624384895144628,-0.0212674736716593,0.00354206401466241,0.00132353297424954
-0.714256054937425,-0.601699467801222,0.000559783620686482,0.637282767916326,-0.021629710910929,0.00335774579426752,0.00235376200162796
-0.72756036377821,-0.593908243061641,0.000311379169450798,0.648532775842845,-0.0220553473573571,0.00313595474217239,0.00333012677518751
-0.737874028636341,-0.585195560512996,5.04051311699784e-05,0.657993948369113,-0.0225495620831075,0.0028688387635225,0.00422946294816339
-0.744891819205294,-0.575666884498331,-0.000228684616021396,0.665509523316027,-0.0231122297257543,0.00255294195473817,0.0050286547647983
-0.748296289960159,-0.565406096533102,-0.00052208302562873,0.670912110704165,-0.0237364123435159,0.00219045719008086,0.0057054108121109
-0.747780226607263,-0.554467474354396,-0.000818847465851924,0.674036290887555,-0.0244073372900487,0.00178996888588525,0.00623941867550076
-0.743081112675595,-0.542866083239259,-0.00110368854403246,0.67473760436455,-0.0251021378663739,0.00136627229808338,0.00661382011369082
-0.734026456289202,-0.530563509472213,-0.00135955169474022,0.672914324000606,-0.0257906730160813,0.000938936786881534,0.00681682271425481
-0.720584299057057,-0.517448143250321,-0.00156957887615474,0.668526272975293,-0.0264377351710601,0.000529577114798399,0.00684313416643425
-0.702907582318149,-0.503314971117573,-0.00171860606772739,0.661604541417179,-0.0270067998936453,0.000158274278432885,0.00669483289341046
-0.681356528627691,-0.487856708002852,-0.00179472883246687,0.652248118786169,-0.027465040003478,-0.00015994338879921,0.00638134375156854
-0.656483901575625,-0.470680199582195,-0.00179125231746015,0.640607765630958,-0.0277886369082653,-0.000417484573785509,0.00591840189268251
-0.62897745651664,-0.451354078266676,-0.00170858793891164,0.626861988654699,-0.0279668236341687,-0.000614722622828401,0.00532620549820997
-0.599570334328558,-0.429477774465333,-0.00155502189855885,0.611192395842023,-0.0280031560363134,-0.00075870068290363,0.00462723088628418
-0.568944688983889,-0.404748920471575,-0.00134545613279897,0.593764851719094,-0.0279134765548649,-0.000860769221222845,0.00384425624318939
-0.53765646801423,-0.377006322058741,-0.00109817773165881,0.574719642892019,-0.0277214096286127,-0.000934158490213361,0.00299897595506155
-0.506098213085707,-0.346238629033535,-0.000830683584701282,0.554170413116218,-0.0274531121267027,-0.000992198418482416,0.00211130466394749
-0.474500199275507,-0.312564358960744,-0.000555880807183685,0.53220956007218,-0.0271329188063589,-0.0010473799046029,0.00119923875063951
-0.442958318209731,-0.276197353070424,-0.000279583529329125,0.508917353701473,-0.0267807511638594,-0.00111105860216274,0.000279051740028473
-0.411473968789586,-0.237411170345945,4.03520194612188e-07,0.484372534656581,-0.0264113155857374,-0.00119347029493419,-0.000634373942850662
-0.379994501461542,-0.196510438146038,0.000293773082332725,0.458662802900032,-0.0260346113753844,-0.00130378432085792,-0.00152720483773163
-0.348448005589495,-0.153811453832354,0.000616094726697399,0.431894022350385,-0.0256571449487629,-0.00145004133986052,-0.0023863671865841
-0.316770400048817,-0.109630690653829,0.000986387042961722,0.40419712478448,-0.0252833488590257,-0.00163892485617975,-0.00319933830890221
-0.284924988697159,-0.0642784428337817,0.00142413338169594,0.375731738500226,-0.0249168721298463,-0.00187538254769658,-0.00395403311763123
-0.252915258022894,-0.0180548708456167,0.00194599598306211,0.346685655950669,-0.0245615532735864,-0.00216215387847497,-0.00463879774109959
-0.220791482514404,0.0287535912641589,0.0025625569986492,0.317269526958132,-0.0242219872976805,-0.00249928837935935,-0.00524252047853423
-0.188651325052392,0.0758785939696653,0.00327551958133704,0.287706708864976,-0.0239036647311991,-0.00288375975385974,-0.00575486313714869
-0.156634499903323,0.123075225752972,0.00407587092133116,0.258219021612002,-0.0236127134785686,-0.00330929052295264,-0.00616660074419553
-0.124911895601851,0.170127816914987,0.00494347175153557,0.229010122023218,-0.0233553256878644,-0.00376649072598356,-0.00647003594644026
-0.0936702988535028,0.216855091473324,0.00584834946331515,0.200249072937181,-0.0231370021439155,-0.00424337385427847,-0.00665943133025095
-0.0630947684220572,0.26311334380129,0.00675364572785822,0.172057101706531,-0.0229617846547411,-0.004726243957526,-0.00673138684402033
-0.0333514028191151,0.308796511006406,0.00761978322766338,0.144500244489807,-0.022831655802492,-0.0052008633508242,-0.00668508896561982
-0.00457336789979387,0.353832601477909,0.00840909650756569,0.117589500987804,-0.0227462531972551,-0.00565373592522867,-0.00652237749005253
0.0231475648297389,0.39817676814974,0.00909004089603384,0.0912885262257551,-0.0227029739563465,-0.0060733042052529,-0.00624761142544243
0.0497629260183471,0.441802106870081,0.0096402067164339,0.0655272562965729,-0.0226974532623194,-0.0064508748003325,-0.00586735677619333
0.0752632741125442,0.484689757397408,0.0100476832613915,0.0402187173957132,-0.0227243168662306,-0.00678115208652458,-0.00538995270092187
0.0996692814905445,0.526819942868971,0.0103107221705719,0.0152759131143583,-0.022778056262587,-0.00706235035670797,-0.00482502908941619
0.123020347474122,0.568165229107138,0.0104360104151375,-0.00937388526512086,-0.0228538676552712,-0.00729593981923329,-0.00418304608669628
0.145362873559115,0.608686709796144,0.0104360769344824,-0.0337791821947603,-0.0229483247637043,-0.00748613758989067,-0.00347490912046464
0.166740004298116,0.648333148001786,0.010326435165646,-0.0579592974627859,-0.0230598071449171,-0.00763927369345728,-0.00271169156662658
0.187183785639768,0.687042675258618,0.0101229540979219,-0.0819041441758613,-0.023188653816751,-0.00776314585962033,-0.00190447452918966
0.206710211167269,0.724746419066511,0.00983982140246818,-0.105577969472324,-0.0233370525741354,-0.00786644223888474,-0.0010642989597327
0.225317154712107,0.761373223358825,0.00948830141224351,-0.128925995271186,-0.0235087005448559,-0.00795826896352195,-0.000202212939018636
0.242984805209715,0.796854904222396,0.00907632021120382,-0.151882990825239,-0.0237082749220689,-0.00804778086743861,0.000670608017969343
0.259678185297357,0.831131434892316,0.00860882210345636,-0.174382892088342,-0.0239407563632971,-0.0081438849859403,0.00154269419058156
0.275351253191792,0.864155533952395,0.00808876184142432,-0.196368682971522,-0.0242106459255778,-0.00825496952146441,0.00240209716223504
0.289952059722609,0.895896079688159,0.00751854715485847,-0.217801725293903,-0.0245211223291458,-0.00838860621468334,0.00323621912151303
0.303428371535072,0.926339698002077,0.00690170268590854,-0.238669580080154,-0.0248732016419347,-0.00855118149077188,0.00403169157699768
0.315733067924981,0.95548984144594,0.00624448365358987,-0.258991161176524,-0.0252649856488263,-0.00874743189672011,0.00477434442469842
0.326828489852601,0.983362781935224,0.00555713183192413,-0.278817921339673,-0.0256911119482413,-0.00897989271762083,0.00544931044443156
0.336688828392463,1.00998026851289,0.0048544594021079,-0.298229862216697,-0.0261425355768414,-0.00924831363911668,0.00604130864881336
0.34529969134747,1.03535919436453,0.00415550090552741,-0.317325661357129,-0.0266067608536261,-0.00954914494402687,0.00653513625884121
0.352654307326984,1.05949941313369,0.00348212039643014,-0.336207222732913,-0.0270685856684898,-0.0098752372155823,0.00691636834836302
0.358746507232996,1.08237164344486,0.00285670384466072,-0.35496039263593,-0.0275113126483792,-0.0102159057246002,0.00717221690808514
0.363561628853008,1.10390787062603,0.00229935881241737,-0.373635064977736,-0.0279182406594155,-0.010557467992513,0.00729244723122682
0.367067596937117,1.12399646096232,0.0018252812358868,-0.392228821499144,-0.0282741233073249,-0.0108842650023152,0.00727020885300253
0.369209250541378,1.14248322374699,0.00144300765756459,-0.410678030929207,-0.0285662320076471,-0.0111800456692559,0.00710263318187644
0.36990910874126,1.15917813471622,0.00115407286666882,-0.428858768123385,-0.0287847374060287,-0.0114294778740108,0.00679109215926365
0.369076947176066,1.17386596294109,0.000954170482406667,-0.446597436283236,-0.0289223228337844,-0.0116194993092174,0.00634109234528744
0.36662884386316,1.18631827854292,0.000835415780032823,-0.463688498972154,-0.0289732064328021,-0.0117402642601347,0.00576186727546982
0.362514008078103,1.19630461187313,0.000788931952507574,-0.479915191377191,-0.0289319790661997,-0.0117855627899603,0.00506579300986087
0.356745090096289,1.20360170919245,0.000806872108587847,-0.49506894907917,-0.0287927740604632,-0.0117527374697299,0.00426776592138753
0.34942523648521,1.20800125122522,0.000883193894660958,-0.508964393038884,-0.0285492209531326,-0.0116422436749231,0.0033846488579479
0.340763636648487,1.20931727858167,0.00101296091514737,-0.521448423943635,-0.0281953976579951,-0.0114570548221987,0.0024348315147693
0.331071803412016,1.20739435514228,0.00119051657883762,-0.532403618787798,-0.0277276386085542,-0.0112020949551143,0.00143788999350084
0.320736381321933,1.20211623554607,0.00140737085632746,-0.541747215730726,-0.0271466960982014,-0.0108838047906354,0.000414291588641674
0.310170819691436,1.19341321087915,0.00165085411964233,-0.549427363699011,-0.0264595455310132,-0.010509847552874,-0.000614915304386325
0.299755743291776,1.18126547650461,0.00190439014906163,-0.555418126631264,-0.025680199624562,-0.0100888772950842,-0.00162846392688074
0.289782785188354,1.1657005361756,0.0021496617032778,-0.559714256596232,-0.0248292484263626,-0.00963025642009504,-0.00260528869115747
0.280416175330453,1.14678460724974,0.00237022414259519,-0.562326279819056,-0.023932301930148,-0.00914363067036982,-0.00352498135905743
0.271680536666245,1.12461013979063,0.00255558018215672,-0.563276147380317,-0.0230178401167632,-0.00863833360604886,-0.00436826027938198
0.263475123717475,1.09928275809273,0.00270456560215683,-0.562593595733163,-0.0221150264370638,-0.00812266869493403,-0.00511744198394268
0.255607916206394,1.07091073844669,0.00282710963591491,-0.560313347675085,-0.0212518539623511,-0.00760317817134563,-0.00575691771894491
0.247839701364748,1.03959892777584,0.00294387926495488,-0.556473266731258,-0.0204537322086019,-0.00708403824862803,-0.00627363637326422
0.239928420860635,1.00544749819849,0.00308383002774126,-0.551113513336421,-0.0197424425351222,-0.00656671514872867,-0.00665757612054346
0.231666246165915,0.96855468141532,0.0032801530845392,-0.544276641765341,-0.0191353501769365,-0.00604997677166525,-0.00690215897531698
0.222904740204782,0.929021869206175,0.00356545384737399,-0.536008442858328,-0.0186448242999886,-0.0055302870266634,-0.00700454118410023
0.213566321422065,0.886959221490842,0.00396715696472697,-0.526359208614587,-0.0182779045819392,-0.0050025283632948,-0.00696571149972852
0.203642769883791,0.842490127769132,0.00450405928051292,-0.515385012344557,-0.0180362971377925,-0.0044609251490063,-0.00679035332370905
0.193183508392324,0.795753416355412,0.00518465336076913,-0.503148607420161,-0.0179167592446619,-0.00389999933095148,-0.00648646868843623
0.182277628181685,0.746902941981507,0.00600740068294148,-0.489719669488657,-0.0179118583567187,-0.00331539381971635,-0.0060648075981581
0.171033944209113,0.696104897810082,0.0069626794200363,-0.475174311300784,-0.0180110061664554,-0.00270444513590205,-0.0055381802126627
0.159562802213981,0.643533697667379,0.00803579744322166,-0.459594011806891,-0.018201611030718,-0.00206645690786785,-0.00492074251036284
0.147962194896571,0.589367444900501,0.00921032120136561,-0.443064239231363,-0.01847018095415,-0.00140269540789304,-0.00422733781538893
0.136309378410337,0.533783857755677,0.0104710243465706,-0.425673065005857,-0.0188032409087939,-0.000716177528759939,-0.00347295329411787
0.124657978387949,0.476957182630841,0.0118059470956337,-0.407509973813038,-0.0191879841586981,-1.13416576806648e-05,-0.00267232156118756
0.113039747343815,0.419056236449207,0.0132072987918973,-0.388664921677015,-0.0196126362948812,0.000706314924440679,-0.00183967078028018
0.101469723898181,0.360243404933214,0.0146711649927017,-0.369227541472456,-0.0200665577416929,0.00143057270957086,-0.000988606797145838
0.0899534652301069,0.300674249134458,0.016196159409679,-0.34928629088464,-0.0205401395824972,0.00215477172728092,-0.000132099102725665
0.0784951402057052,0.240497331017432,0.0177812825676268,-0.328927301185883,-0.0210245601880053,0.00287203728626994,0.000717462570634284
0.0671054575223856,0.179853936104971,0.0194233236193326,-0.30823272127653,-0.0215114714893918,0.00357546841425979,0.00154817457190874
0.0558085775567896,0.118877503169798,0.0211141852436855,-0.287278451226543,-0.0219926793828573,0.00425831756049999,0.00234851997626254
0.0446472873216346,0.0576927312082328,0.0228385343047739,-0.266131309679891,-0.022459876469863,0.00491419011269139,0.00310729173651581
0.0336858188860741,-0.00358550607612346,0.0245721820687827,-0.244845861968594,-0.0229044783725325,0.005537283709949,0.00381356281100567
0.0230098077485666,-0.0648531698597503,0.0262815645998885,-0.223461325612117,-0.0233176060980662,0.00612267210967437,0.00445672325546573
0.0127230765520285,-0.126017624050221,0.0279246066698181,-0.201999131322467,-0.0236902437598542,0.00666661900685526,0.00502659811444049
0.0029412379431213,-0.186997364120353,0.0294530937415188,-0.180461801955985,-0.0240135807802004,0.0071668871986258,0.00551365109663855
-0.00621745222991395,-0.247720581439166,0.0308164443386838,-0.158833761688528,-0.0242795196481302,0.00762299247092345,0.00590926696178356
-0.0146430377751875,-0.308122416367698,0.031966494066978,-0.13708446761227,-0.02448129675921,0.00803634455164677,0.00620609072017672
-0.0222451613671047,-0.368141030925932,0.0328626328101884,-0.1151738648882,-0.0246141312639036,0.0084102237681055,0.00639838639330271
-0.028962907629359,-0.427712931034661,0.0334764386944286,-0.0930596732250642,-0.0246757960799934,0.00874956338810808,0.0064823667710262
-0.0347715819869147,-0.486768308421807,0.0337949853168764,-0.0707055077486821,-0.0246670024468694,0.00906054064060896,0.0064564410887459
-0.0396849967621074,-0.545227195354375,0.0338221320568447,-0.0480885585620223,-0.0245915159011444,0.0093500172232649,0.00632133676560735
-0.0437528434889472,-0.602997208258235,0.0335775425648088,-0.0252055113723899,-0.024455967640191,0.00962490053654037,0.00608006987960125
-0.0470535932175077,-0.659973314852234,0.0330936228751241,-0.00207571960491066,-0.0242693836730341,0.00989151178763228,0.00573776636173913
-0.0496842440307637,-0.716039629865775,0.0324109977791532,0.0212587990882413,-0.0240425070638329,0.010155041166855,0.00530136288391794
-0.051748671166419,-0.771072882201302,0.0315733826889673,0.0447363596664559,-0.0237870199695406,0.0104191461428328,0.00477923592671274
-0.0533465960329743,-0.824946811417599,0.0306227789282509,0.0682808353197527,-0.0235147817954722,0.0106857164566666,0.00418081514296091
-0.0545646086563013,-0.877536804315164,0.0295957001307034,0.0918081215923146,-0.0232371764820555,0.0109547968075241,0.00351623163260583
-0.0554703106964945,-0.928724072631599,0.0285208892391859,0.11523275702171,-0.0229646326407374,0.0112246365329271,0.00279603801293006
-0.0561099607863055,-0.978398898204449,0.0274186565779869,0.138473790721756,-0.0227063418631108,0.0114918266973139,0.00203101923069869
-0.0565095029797704,-1.0264626744806,0.0263017070559252,0.161459236931676,-0.0224701693415355,0.0117514887795073,0.0012320962779639
-0.0566785069098044,-1.07282864039187,0.0251771430347951,0.184128716453849,-0.0222627291267702,0.0119974915341781,0.00041031186845545
-0.0566163499773661,-1.11742131055348,0.0240492307117193,0.206434099148523,-0.0220895841830436,0.0122226888037504,-0.000423121695428423
-0.0563198743188209,-1.16017465378764,0.0229224805259921,0.228338112026043,-0.0219555262757478,0.012419186573102,-0.00125673741429475
-0.0557916890067675,-1.20102910059193,0.0218045898742292,0.249810989453571,-0.0218648892001186,0.0125786588473531,-0.00207871916992165
-0.0550482106560534,-1.23992749939359,0.0207088121968153,0.270825352170855,-0.0218218483771606,0.0126927361055854,-0.00287682761675334
-0.0541264279592175,-1.27681022453056,0.019655348478212,0.291349653540625,-0.021830659550895,0.0127534848698047,-0.00363837681344634
-0.0530882679571572,-1.31160978367906,0.0186714196974193,0.311340753447059,-0.0218957904826314,0.012753980834553,-0.00435029142621123
-0.0520214112354673,-1.34424546531828,0.0177897963551073,0.330736465727273,-0.0220219053164229,0.012688951090153,-0.00499927094797265
-0.0510355600104886,-1.37461876732241,0.0170457564503075,0.349449221879455,-0.0222136756946376,0.0125554262443364,-0.00557207939010706
-0.0502536159295377,-1.40261047415845,0.0164727197545452,0.367362192002498,-0.0224754186899049,0.0123533078884261,-0.00605596454371549
-0.0497980225871102,-1.42808021794818,0.0160971304371679,0.384329166920497,-0.0228105985330766,0.0120857323854479,-0.00643918999708778
-0.049773596577243,-1.45086909013067,0.0159334540956946,0.400179107075679,-0.0232212704000577,0.0117591119157462,-0.00671163780925924
-0.0502492736723101,-1.47080535898668,0.0159803092534574,0.414725474467971,-0.023707577567424,0.011382768422462,-0.00686541563641264
-0.0512419694745691,-1.48771268494186,0.016218666309565,0.427779411679598,-0.0242674227522339,0.010968145891844,-0.00689538709637703
-0.0527058336233348,-1.50141959501484,0.0166126821329146,0.439164808168721,-0.0248964093856695,0.010527677044419,-0.00679954567182405
-0.0545293845280962,-1.51176860666727,0.0171131654892793,0.448732667894633,-0.0255880897035775,0.0100734650395833,-0.00657917368456368
-0.05654149014644,-1.51862343893256,0.0176630562029299,0.45637223970723,-0.0263344793826206,0.00961598956587048,-0.00623876484222652
-0.0585253593785144,-1.52187323344417,0.0182038526821326,0.462017131236002,-0.0271267286308674,0.00916304105998935,-0.00578573116056144
-0.0602381991676503,-1.52143347982589,0.0186817830647563,0.465645853452761,-0.027955801448281,0.00871902895334872,-0.00522995007987928
-0.0614334080247106,-1.51724415163623,0.0190527058083851,0.467277521737977,-0.028813020104653,0.00828472172931564,-0.00458322612343578
-0.0618822363474341,-1.50926617303648,0.0192851439713053,0.466964375080924,-0.0296903758164523,0.00785738888964811,-0.00385874119195515
-0.061392547716032,-1.49747761128606,0.0193613387753389,0.464783149969429,-0.030580571510551,0.00743125325569068,-0.00307055283852388
-0.0598232892327214,-1.48187091168964,0.0192766026143237,0.460827168694586,-0.0314768273828192,0.00699813777512172,-0.00223317819249129
-0.0570941612195441,-1.46245213818416,0.0190374771024368,0.455200447137468,-0.0323725284857779,0.00654820072262004,-0.00136127954165442
-0.0531905490296384,-1.43924267151612,0.0186592520149275,0.448014424988499,-0.0332608179716375,0.00607068412884464,-0.000469450116868261
-0.0481640072024328,-1.41228325829275,0.0181633230336706,0.439387266355798,-0.0341342396038214,0.00555463743774165,0.000427913520790037
-0.0421285807394699,-1.38163978217096,0.0175747259352922,0.429445184698263,-0.0349845133040985,0.00498960958901776,0.00131667383832816
-0.0352531961537276,-1.34740971078397,0.0169200395568576,0.418324947342027,-0.0358024945153504,0.00436632080020358,0.00218297552658572
-0.0277504338627502,-1.30972791863883,0.0162257342086275,0.406176590718671,-0.0365783298885191,0.00367732783713994,0.00301325845138234
-0.0198622999417477,-1.26877055447153,0.0155169665843903,0.393165384309009,-0.0373017865484214,0.0029176846454211,0.00379429037594242
-0.0118441175025541,-1.22475584950033,0.0148167794534251,0.379472179755922,-0.0379627075548037,0.00208557738564546,0.00451324816030991
-0.00394819372826287,-1.17794124386699,0.0141456401690478,0.365291455544531,-0.0385515368182358,0.00118288448998221,0.00515787119550669
0.00359075318792247,-1.12861686131456,0.0135212347844079,0.350826626522727,-0.0390598619905521,0.000215585232433277,0.00571670111091967
0.0105665205232318,-1.07709604259559,0.0129584219575161,0.336282556307377,-0.0394809368874796,-0.00080607700554011,0.00617940683723951
0.0168074240262327,-1.0237041853361,0.012469249339256,0.321855698445301,-0.0398101554578317,-0.00186776884577681,0.0065371749048295
0.0221771118844995,-0.968767391422501,0.0120629536709346,0.307722853079528,-0.0400454490207199,-0.00295164223250013,0.00678312450844396
0.0265710468771271,-0.912602346215261,0.0117459068238811,0.294030038989396,-0.0401875670384669,-0.00403731825148936,0.00691269041876844
0.0299103881455323,-0.855508487877254,0.0115215235194924,0.280883263262746,-0.0402401883742071,-0.00510321026244051,0.00692391037682566
0.0321353454251167,-0.797763000024926,0.0113901925743239,0.268342856868209,-0.0402098089972315,-0.00612803966924536,0.00681756174175859
0.0331998041329149,-0.739618626609501,0.0113493119569422,0.256422476923035,-0.0401053739179535,-0.00709234409480431,0.00659711536263777
0.0330682781378907,-0.681303879426555,0.011393489862545,0.245092968821137,-0.0399376647562996,-0.00797976897634533,0.00626850780313882
0.0317153415366761,-0.62302495722532,0.0115149277287793,0.234290298737994,-0.0397185063325241,-0.00877797560043981,0.00583976669089919
0.0291269388877689,-0.564968618758873,0.0117039476842153,0.223926010210763,-0.0394598969645579,-0.00947907883636386,0.00532054818069186
0.0253025754327715,-0.507305311905629,0.0119495888958007,0.213898335532409,-0.0391731830210702,-0.0100796204124094,0.00472165421964942
0.0202573742504791,-0.450191989454683,0.0122401879031955,0.204102237249122,-0.0388683850589269,-0.0105801612795557,0.00405459026807311
0.0140232479052262,-0.393774190420202,0.0125638769417804,0.194437145215851,-0.0385537480328294,-0.0109846214469221,0.00333120627093613
0.00664880630370367,-0.338187102782074,0.0129089707016599,0.184811792792828,-0.0382355448752306,-0.0112995037592937,0.00256344190667421
-0.00180202993457149,-0.283555432352088,0.0132642516201718,0.175146158230862,-0.0379181235545722,-0.0115331171512324,0.00176317725893339
-0.011252496617255,-0.229992001670545,0.0136191945663174,0.165370974527007,-0.0376041599739266,-0.0116948778743272,0.000942175371165703
-0.0216161928197015,-0.177595107464823,0.0139641866074846,0.155425549257004,-0.0372950643356945,-0.0117947266943265,0.000112094194654392
-0.0328006529795409,-0.126444796062027,0.0142907942347044,0.145254755911638,-0.0369914842527572,-0.0118426650017526,-0.000715458887014154
-0.0447109311445976,-0.0765983865074255,0.0145921101698116,0.134806061144797,-0.0366938495256839,-0.0118483878890343,-0.00152885815447642
-0.0572528870133181,-0.0280857818286802,0.0148631781052648,0.124027373462842,-0.0364029069852506,-0.0118209790930573,-0.00231640424031083
-0.0703359072239307,0.0190946597901126,0.0151014518399804,0.112866355153522,-0.036120196554251,-0.0117686311132425,-0.00306630911311322
-0.0838748366273839,0.0649787225242983,0.0153072031526414,0.101271627839359,-0.035848421266843,-0.0116983627854388,-0.00376674555312593
-0.0977909399973026,0.109636331343967,0.0154837610234788,0.0891960141349607,-0.0355916661899909,-0.0116157244113156,-0.00440598051231459
-0.112011778187813,0.153167979443941,0.0156374560403824,0.0766015954872332,-0.0353554274830739,-0.0115245043035945,-0.00497260335203191
-0.126469980234025,0.195696987412693,0.0157771693848468,0.0634659589409451,-0.035146427083478,-0.0114264754600449,-0.00545584724112767
-0.141101028458139,0.237357668292743,0.0159134504233142,0.049788627364867,-0.0349722132470535,-0.0113212401413555,-0.00584598538813504
-0.155840335530361,0.278280361129834,0.0160572630756311,0.0355964270741156,-0.0348405813357534,-0.0112062356720343,-0.00613476575123664
-0.170620050213061,0.318575203260712,0.0162185262212252,0.0209465538640265,-0.0347588867032777,-0.0110769509477297,-0.00631583292727829
-0.185366133430932,0.358317147431028,0.0164046940098652,0.00592641788168038,-0.0347333517820186,-0.01092736937863,-0.00638507926454907
-0.199996252718534,0.397534828180959,0.0166196456658839,-0.00935005379335475,-0.0347684808724862,-0.0107506072854317,-0.00634087285867864
-0.214418931959664,0.436205328237021,0.0168631057313891,-0.0247492403262787,-0.0348666817488091,-0.010539670957585,-0.00618412850664303
-0.228534134914778,0.474255731279313,0.0171306976563353,-0.0401267064173482,-0.0350281487804949,-0.0102882223369781,-0.00591821352705244
-0.242235278051447,0.511571133020763,0.0174146083362711,-0.055336628763512,-0.0352510195831398,-0.00999124765917232,-0.00554871143488337
-0.25541223831433,0.548007344116294,0.0177046875527906,-0.0702402934593745,-0.0355317426177852,-0.00964553287864018,-0.00508308316859439
-0.267954902379198,0.583406024482829,0.017989757571539,-0.0847124362275797,-0.0358655762007513,-0.00924990632078485,-0.00453028092520444
-0.279756632572934,0.617609699008615,0.018258880758937,-0.0986447656702323,-0.0362471133717554,-0.00880524856442716,-0.00390036518828893
-0.2907170968977,0.650474523800942,0.0185023839555157,-0.111946586638274,-0.0366707411030468,-0.00831431199445098,-0.00320416595238712
-0.300744020686271,0.681879343464738,0.0187125170233197,-0.124542952602955,-0.0371309675277227,-0.00778141505667634,-0.0024530139574985
-0.309753567954199,0.711730343184224,0.0188837112395296,-0.136371131187732,-0.0376225827396536,-0.0072120806378935,-0.00165855238829366
-0.317669216537366,0.739961281957666,0.0190124808656972,-0.147376353501702,-0.038140648463518,-0.0066126771433986,-0.000832626474441396
-0.324419142489658,0.766529818195453,0.0190970679165549,-0.157507861374483,-0.0386803350397744,-0.00599010080298191,1.27613072845447e-05
-0.329932284750958,0.791410803425459,0.019136963234457,-0.166716203584286,-0.0392366399713124,-0.00535151491268042,0.000865449317739604
-0.33413343954732,0.81458766371749,0.0191324479875935,-0.17495258807934,-0.0398040324349144,-0.00470414138449037,0.00171309099712025
-0.336937950935662,0.836043159754707,0.0190842908935477,-0.182170877451941,-0.0403760751859329,-0.00405508562950413,0.00254313002938027
-0.33824681326092,0.855750936367615,0.0189937086534094,-0.188332505095536,-0.040945080945841,-0.00341116929777632,0.0033428011648934
-0.337943242427221,0.873669317678313,0.0188626498163972,-0.193414169620077,-0.0415018646578641,-0.00277874726066523,0.00409917923330565
-0.335891926722453,0.889738714192148,0.0186943960107,-0.197417634649176,-0.0420356540008793,-0.00216349460123198,0.00479929432230452
-0.331942127091533,0.903883700898431,0.018494393959482,-0.200380362693136,-0.0425342147553678,-0.00157016423748005,0.00543032422858893
-0.325935456876946,0.916020235828211,0.0182711492207581,-0.20238514906741,-0.0429842310442695,-0.00100233302593373,0.00597986654491426
-0.317718480327004,0.926067621334212,0.0180369485766382,-0.203566558933886,-0.0433719505401641,-0.000462169833037333,0.00643628307557285
-0.307159277431895,0.933963775037701,0.0178081573297528,-0.204111996950388,-0.0436840620461698,4.97309033516486e-05,0.00678909963569065
-0.294166010230628,0.93968139641132,0.0176048814543899,-0.204255804310506,-0.0439087226740456,0.000534405463155117,0.00702943533722552
-0.278704585677629,0.943241981139079,0.0174498989544398,-0.204265908479099,-0.0440366042297811,0.000994431870210719,0.00715042744178467
-0.260812075124826,0.944724623763565,0.0173669329383198,-0.204424083577621,-0.0440617967455216,0.00143368051240323,0.0071476112336793
-0.240602882530641,0.944267302203879,0.0173785193614885,-0.205002453867581,-0.0439824045490489,0.00185691674074831,0.00701921063875318
-0.218265820623241,0.942059774556794,0.0175038586676703,-0.206240013848869,-0.0438007052188756,0.00226929744607441,0.00676629749036651
-0.194052051452526,0.938329006420171,0.0177570809232146,-0.208323220960694,-0.0435228129093189,0.00267582769212133,0.00639278864170712
-0.168255815968321,0.933319680268567,0.0181462742159019,-0.211373956411684,-0.0431578812734819,0.00308085413337198,0.00590527147373484
-0.141191437220856,0.927273318772978,0.018673443861797,-0.215446519800119,-0.0427169740016085,0.00348766426238265,0.00531267636394136
-0.113170755711495,0.92040959663577,0.0193353416335137,-0.220533315783586,-0.0422117968813879,0.00389823551215751,0.00462584188326788
-0.0844847700137813,0.912912575736529,0.0201249019423094,-0.226577118488922,-0.0416535062433697,0.00431314336295548,0.00385703644784465
-0.0553920069316042,0.9049232353387,0.0210329032860971,-0.233486739428691,-0.041051781926385,0.00473160411047713,0.00301950351788888
-0.0261144927565901,0.896538269048441,0.0220494599778876,-0.241152748014338,-0.0404142911464079,0.00515160603393128,0.00212708637009843
0.00315935621674136,0.887814081311924,0.0231650253931786,-0.249460458334421,-0.0397465938335352,0.00557007758702961,0.00119396778791976
0.032266704572674,0.878774417314095,0.0243707158228723,-0.258298378710877,-0.0390524697324413,0.00598305200063659,0.000234536377835543
0.0610594336107179,0.869420051742423,0.0256579044433028,-0.267561390637285,-0.0383345941888103,0.00638580899848503,-0.000736630013140803
0.0893927707419816,0.859739251595467,0.0270171623121955,-0.277148861371281,-0.037595454535911,0.00677299933636211,-0.00170468973540416
0.117115441635021,0.849718088866103,0.0284367289820853,-0.286958620994316,-0.0368383771589915,0.00713878039066788,-0.00265440954393584
0.144062929003798,0.839349928426111,0.0299007823342747,-0.296878274848348,-0.0360685197297233,0.00747700635587811,-0.00357003096025476
0.170054946463955,0.828643462756697,0.0313878503138822,-0.306775731492778,-0.0352936701819785,0.0077815209188875,-0.00443518679141599
0.19489777148607,0.817628520065743,0.0328697632664085,-0.31649112574402,-0.0345246866885617,0.00804658983331447,-0.00523293129625871
0.218391602868205,0.806358654603382,0.03431156638478,-0.325832447444731,-0.033775421826659,0.00826748213773324,-0.00594595030827893
0.24034254751274,0.79490944882668,0.0356727626912903,-0.334577002378425,-0.033062015774249,0.00844116081064193,-0.00655700867978261
0.260578133486392,0.783371765590417,0.0369100956768309,-0.342480141943184,-0.0324015335778234,0.00856698223341529,-0.00704966312823941
0.278964395156292,0.771840056538022,0.0379817808430858,-0.34929137924292,-0.0318100636723812,0.00864724595159335,-0.00740921390222406
0.295421733249327,0.760397197119998,0.0388526824763414,-0.354776161591961,-0.0313005659017472,0.00868740973482245,-0.00762379430100063
0.309936251400573,0.749098771815971,0.0394995128823282,-0.358739638343596,-0.0308809015035854,0.00869581837663083,-0.00768542428007575
0.322563533668426,0.737960600071452,0.0399148831454569,-0.361047486781456,-0.0305525207629769,0.00868289808836224,-0.00759081629939934
0.333423111983725,0.726952960701073,0.0401091285390328,-0.361638955903435,-0.0303101729996984,0.00865991641154338,-0.00734174719687513
0.342683991284706,0.716003317878926,0.04010931859166,-0.360529001004517,-0.0301427497579497,0.00863754240097329,-0.00694490314693623
0.350543863285868,0.705006943175828,0.0399555998358827,-0.357799203580937,-0.0300350638285438,0.00862450176338787,-0.00641123509087677
0.357206158672275,0.693842661903675,0.0396957227224122,-0.353580030558942,-0.0299701281096396,0.00862657920570931,-0.00575497773414585
0.362859276707794,0.682389875214938,0.0393789973534649,-0.348028827167792,-0.029931418520544,0.00864609957951891,-0.0049925429281089
0.36766123364034,0.670543261195475,0.0390508895962682,-0.34130826554018,-0.0299046915584395,0.00868187896907339,-0.00414148601098108
0.371731169844209,0.658222753605058,0.0387490924626564,-0.333569001491769,-0.0298791141929799,0.00872953301731871,-0.00321968167424078
0.375147391550167,0.645377872728756,0.0385013879132793,-0.324938670147459,-0.0298476628059767,0.00878198951208318,-0.00224476836318703
0.37795042325143,0.631986692449855,0.0383251488001239,-0.31551773732798,-0.0298068944314725,0.00883006993954687,-0.00123385520078802
0.380149076728719,0.618050435556716,0.0382280347846782,-0.305381521981705,-0.0297562662962027,0.00886305632762225,-0.000203445347138878
0.381727679104355,0.60358493843029,0.0382093317953241,-0.294587015114021,-0.0296971911782224,0.00886921945834125,0.000830487015148095
0.382653094897821,0.588610204226092,0.0382614332381079,-0.283182836537508,-0.0296319931924192,0.00883633417819823,0.0018523306039247
0.382880783285637,0.57313917381684,0.0383711036541517,-0.271220611286701,-0.0295628962616408,0.00875223757078467,0.00284664190026421
0.382359681919917,0.557166827318924,0.0385203490320392,-0.258766054581327,-0.0294911511546562,0.00860549241575821,0.00379797624236026
0.381036110880058,0.540660836543592,0.0386869049936058,-0.245908049790273,-0.0294163910483294,0.00838620042069757,0.00469079764471171
0.378857108454688,0.523555172618678,0.0388445184226081,-0.232764012414774,-0.0293362953979879,0.00808696738027277,0.00550951761431547
0.375773639567808,0.50574819130312,0.038963316097016,-0.219479976419302,-0.029246626614156,0.00770395890360676,0.0062387073622526
0.371743971468958,0.487106560576497,0.0390105975507071,-0.206224299029764,-0.0291416709207579,0.00723791042658018,0.00686351227317666
0.366737226182956,0.467475749845499,0.0389523287162382,-0.193174814660582,-0.0290150553789601,0.00669488858228423,0.00737026685514242
0.360736768340821,0.446696577306439,0.0387554311774949,-0.180500684670317,-0.0288608306597911,0.00608657159889625,0.00774726182370535
0.35374278641545,0.424625680733231,0.0383906807022127,-0.168341816010123,-0.0286746238750363,0.00542985366841225,0.00798556079378123
0.345773310636614,0.401156231407581,0.0378357263833286,-0.156789994249698,-0.02845461191487,0.00474569514332185,0.00807972080398464
0.336863078624384,0.376234445839989,0.037077540903751,-0.145876132209813,-0.0282020773838799,0.00405731650153868,0.00802826142310834
0.327060094545284,0.349868007120934,0.0361136259597125,-0.135566882573736,-0.0279213987956256,0.00338801245470782,0.00783376599799501
0.316420276101407,0.322124392530306,0.0349515552940634,-0.125771518767764,-0.0276194706319114,0.00275897200904369,0.00750257934728543
0.30500102152889,0.293119677478772,0.0336068537749335,-0.116357289408724,-0.0273046946556909,0.00218748316471275,0.00704416067158582
0.292854674480645,0.263000646000534,0.0320996173822294,-0.107169429432252,-0.0269857768843065,0.00168578126712989,0.00647022258215429
