0,0,0,0,0,0,0
-0.0411217160172095,-0.000519700216475205,1.58092474899972e-05,-0.00550542537336808,7.5312207891759e-06,3.1716214861945e-05,-1.8188473208675e-05
-0.123251278523472,-0.00155179731380491,4.66943380069002e-05,-0.0164841428893649,2.23296390290977e-05,9.49838735091048e-05,-5.39287530176754e-05
-0.205039530516801,-0.00256211481688396,7.53901080758249e-05,-0.0273666165101872,3.634234670597e-05,0.000157757219036693,-8.77741802061027e-05
-0.286259930664767,-0.00353656502632736,0.000100473390477719,-0.0380892040215926,4.90666755751958e-05,0.000219706644707235,-0.000118511858169812
-0.366687438313709,-0.00446169866483057,0.000120575801969088,-0.0485890451153849,6.00314409196124e-05,0.000280502220370776,-0.000145003842211072
-0.446099127880032,-0.00532494098170392,0.000134405997736674,-0.0588043775843685,6.88090385493668e-05,0.000339813166920284,-0.000166215954033237
-0.524274820177875,-0.00611480840977068,0.00014077206683071,-0.0686748561435074,7.5026941074946e-05,0.000397307046284084,-0.000181245301434419
-0.600997725194629,-0.00682110001634652,0.000138603840114106,-0.0781418717083689,7.83782923889479e-05,0.000452648721495353,-0.00018934596173958
-0.676055101259795,-0.00743505844521549,0.000126974732096139,-0.0871488695011568,7.86312414748706e-05,0.000505499235547618,-0.000189952198724596
-0.749238923916463,-0.00794949558961577,0.000105122584498738,-0.0956416620231238,7.56366152757968e-05,0.000555514831472671,-0.000182698495585291
-0.820346563830061,-0.00835887939068933,7.24688580589046e-05,-0.103568733084593,6.93335232130774e-05,0.000602346407948301,-0.000167435630257181
-0.889181467861696,-0.0086593795387957,2.86354332585344e-05,-0.11088152797903,5.97525163597503e-05,0.000645639741499004,-0.000144241996667316
-0.955553837716589,-0.00884887155673469,-2.65417526494942e-05,-0.117534724769323,4.70159965249983e-05,0.000685036810677934,-0.000113429402851993
-1.01928129770905,-0.00892690050352253,-9.30029855620349e-05,-0.123486481430778,3.13356796337942e-05,0.000720178516124964,-7.55426593929743e-05
-1.08018954543506,-0.00889460721480979,-0.000170459659113055,-0.128698654186946,1.30070536543545e-05,0.000750709005640096,-3.13524110255287e-05
-1.13811297753355,-0.00875462135827974,-0.000258394346341901,-0.133136982747658,-7.59907852602909e-06,0.000776281681852225,1.81591391576935e-05
-1.19289528274703,-0.00851092652945184,-0.000356066511507448,-0.136771238890226,-3.00477310316017e-05,0.000796566803603988,7.18197166675736e-05
-1.24438999536304,-0.00816870308903103,-0.000462524171891405,-0.139575335815373,-5.385316462031e-05,0.00081126040451931,0.000128295490008261
-1.29246100247738,-0.00773415446810569,-0.000576621669138255,-0.141527396776549,-7.84941219837135e-05,0.000820094061739453,0.000186126113619303
-1.33698299960378,-0.0072143223581507,-0.000697043550469984,-0.142609782788317,-0.000103430288679425,0.000822844878369747,0.000243765473620608
-1.3778418900805,-0.00661689570586609,-0.000822334383453885,-0.14280908064402,-0.000128119339394512,0.000819344918162632,0.000299626989965968
-1.41493512528518,-0.00595001791383858,-0.000950934120859835,-0.142116054077006,-0.000152033895964141,0.000809489273040795,0.000352132034294916
-1.4481719838113,-0.00522209624064328,-0.00108121838096217,-0.140525562534759,-0.000174677715841295,0.000793241969620544,0.000399759774603004
-1.47747378978206,-0.00444161716298483,-0.00121154271226867,-0.138036453631836,-0.000195600449044662,0.000770639038237319,0.000441096577946057
-1.50277407203757,-0.00361697141519105,-0.0013402895771422,-0.134651436664162,-0.000214410350497496,0.000741788273509718,0.000474883008192055
-1.52401866739412,-0.00275629248490233,-0.0014659164439522,-0.130376945432418,-0.000230784417892423,0.000706865493535781,0.000500056463045367
-1.54116577241706,-0.00186731240017101,-0.00158700306513955,-0.125222998839946,-0.000244475546545058,0.000666107427582298,0.000515787612481687
-1.55418594894619,-0.000957238555061537,-0.00170229579124994,-0.119203067160645,-0.000255316452000991,0.000619801692705112,0.000521509030210958
-1.56306208883983,-3.26549752173175e-05,-0.00181074668040711,-0.112333950504981,-0.000263220301981043,0.000568274617222113,0.000516934742058994
-1.56778934307203,0.000900549242534693,-0.00191154524882003,-0.10463567397807,-0.000268178207627028,0.000511877894499669,0.000502069831528913
-1.56837501960696,0.00183722257889145,-0.002004140989765,-0.096131401505455,-0.000270253929409468,0.000450975173025494,0.000477209715575694
-1.56483845337925,0.00277296434276548,-0.00208825525504176,-0.0868473676531682,-0.000269576331118843,0.000385929691387869,0.00044292919857345
-1.55721085050061,0.00370410941620727,-0.00216388170562942,-0.076812824410963,-0.000266330242769684,0.000317093949481943,0.000400061893450354
-1.54553510778204,0.0046276867592829,-0.00223127523873447,-0.0660599980480197,-0.000260746452547979,0.000244802185272231,0.000349671031280846
-1.5298656078092,0.00554135515640221,-0.00229093001462142,-0.0546240500247827,-0.000253091531176193,0.000169366129654196,0.000293013035411051
-1.51026798938677,0.00644332062232412,-0.00234354786754803,-0.0425430357611062,-0.000243658103207714,9.1074179554004e-05,0.000231495494478697
-1.48681889304376,0.00733224049051691,-0.00238999893392856,-0.0298578555510538,-0.000232756033647908,1.01938005393482e-05,0.000166631320440894
-1.45960568144962,0.00820711945310274,-0.00243127672683839,-0.0166121930007745,-0.000220704817984845,-7.30233175223789e-05,9.99909244000411e-05
-1.42872613505492,0.00906720273018231,-0.0024684501102084,-0.00285243785338409,-0.000207827275951415,-0.000158334046075837,3.31541946624009e-05
-1.39428812360949,0.00991187118940458,-0.00250261467953871,0.0113724085196519,-0.000194444479350762,-0.000245495371270128,-3.23360671620947e-05
-1.35640925453967,0.0107405426656053,-0.00253484595191573,0.0260108453993743,-0.000180871711984176,-0.000334255581898878,-9.5017785240962e-05
-1.31521649949334,0.0115525830149661,-0.00256615652940711,0.0410090022151238,-0.000167415176664413,-0.000424345912737156,-0.000153549086807243
-1.27084580017022,0.0123472296414371,-0.00259745905373697,0.0563107842406657,-0.000154369132690417,-0.000515473347504836,-0.000206742633707742
-1.22344165443995,0.013123529379623,-0.00262953634380859,0.0718580332770667,-0.000142013161456121,-0.000607315116822609,-0.000253594083491786
-1.17315668353913,0.01388029174479,-0.00266301963018961,0.0875907021770523,-0.000130609306417656,-0.000699515228765348,-0.000293304208242851
-1.12015118055636,0.0146160576895655,-0.00269837530141776,0.103447042390072,-0.00012039890198324,-0.000791683166403824,-0.000325294436361325
-1.06459264021397,0.0153290831463492,-0.00273590008551582,0.11936380391576,-0.000111598980170336,-0.000883394697162255,-0.000349215795164496
-1.00665526952945,0.0160173358129525,-0.00277572413709355,0.135276447282466,-0.000104398212531983,-0.000974194581065981,-0.000364951416054289
-0.946519478578826,0.0166785028680383,-0.00281782111395484,0.151119367271554,-9.89524009937903e-05,-0.00106360085033635,-0.000372612915469714
-0.884371350376832,0.0173100065982353,-0.00286202403074584,0.166826128056876,-9.53795727169011e-05,-0.0011511102676153,-0.000372531082426738
-0.820402088698563,0.0179090242853234,-0.00290804548661246,0.182329709307276,-9.37547633182061e-05,-0.0012362045556897,-0.000365241387939103
-0.75480744237388,0.0184725081385229,-0.00295550078478285,0.197562762673629,-9.41045958085219e-05,-0.00131835702399381,-0.000351464885396265
-0.687787104551771,0.0189972005464798,-0.00300393248897391,0.212457877922457,-9.64017880810168e-05,-0.00139703928772613,-0.000332085098693015
-0.619544085561768,0.0194796394576444,-0.00305283508106792,0.226947857855454,-0.000100559759639769,-0.00147172787289473,-0.000308121502896453
-0.550284057653805,0.0199161482951143,-0.00310167857822626,0.240966001231158,-0.000106427569187382,-0.00154191061223219,-0.000280700197936113
-0.480214670391841,0.0203028045284213,-0.00314993021632013,0.254446392870211,-0.000113785509321665,-0.00160709284631808,-0.000251022367753874
-0.409544836254978,0.0206353810431882,-0.00319707359807522,0.26732420010372,-0.000122341822467404,-0.00166680353699101,-0.000220331113734163
-0.338483986770025,0.0209092551001317,-0.00324262503385811,0.279535974737576,-0.000131731190060148,-0.0017206014610387,-0.000189877259109419
-0.267241301035628,0.0211192815012883,-0.00328614717167319,0.29101995954867,-0.000141515884083549,-0.00176808166480289,-0.00016088474627715
-0.196024910294461,0.0212596303612307,-0.00332726041983311,0.301716398078474,-0.000151190739911052,-0.00180888231008156,-0.000134516295024145
-0.125041084585155,0.021323596557766,-0.00336565308986258,0.31156784606481,-0.000160193366940014,-0.00184269191489056,-0.000111840057750074
-0.0544934101753162,0.0213033983819386,-0.00340109156469076,0.320519482285763,-0.000167921168867933,-0.00186925678160654,-9.3798095767176e-05
0.0154180307698808,0.0211899974134596,-0.00343343199705941,0.328519415896979,-0.000173756650891683,-0.0018883881149655,-8.11776019564216e-05
0.0844974640912974,0.0209729891055162,-0.00346263486020117,0.3355189865109,-0.00017710194470986,-0.00189996799291143,-7.45858957363868e-05
0.152554195369704,0.0206406304385833,-0.00348878286226255,0.341473052412256,-0.000177422271227259,-0.00190395303242265,-7.44302917163676e-05
0.219403333407613,0.0201800806078291,-0.00351210111497517,0.346340261411842,-0.000174296065791501,-0.00190037440388973,-8.09039554438062e-05
0.28486645127714,0.0195779236871366,-0.00353297607498187,0.350083298103306,-0.000167466850219936,-0.00188933294056944,-9.39787578072133e-05
0.348772175659592,0.0188210093492697,-0.00355196715064811,0.352669100989473,-0.00015688921418394,-0.00187098860219285,-0.000113405873062117
0.410956702630497,0.0178975854422395,-0.0035698030021929,0.354069043361305,-0.000142759491598495,-0.00184554452653416,-0.000138724408102003
0.471264245356349,0.0167986130655407,-0.00358735475855125,0.354259073238158,-0.000125522114761693,-0.00181322719464631,-0.000169277732669992
0.529547425377857,0.0155190743213022,-0.00360558160214955,0.353219810282583,-0.000105846027147578,-0.00177426547477257,-0.000204236510914026
0.585667622060604,0.0140590381282955,-0.00362545028838343,0.35093660096362,-8.45716479459078e-05,-0.00172887199792056,-0.00024262688538001
0.639495290399844,0.0124242678542792,-0.00364783750127144,0.347399536485731,-6.26359966703879e-05,-0.00167723006060151,-0.000283362001661403
0.690910248500699,0.0106262405824459,-0.00367342978282797,0.342603440296791,-4.09891050005423e-05,-0.00161948800767145,-0.000325275161896372
0.739801926971614,0.00868157598365675,-0.00370263765603976,0.336547832557141,-2.05165497104019e-05,-0.00155576122500818,-0.000367153290249496
0.786069565284142,0.00661099785813506,-0.00373553766108005,0.329236877847082,-1.98023377455899e-06,-0.00148614014435342,-0.000407769894864759
0.829622338595816,0.00443803133546575,-0.00377184958720299,0.320679320287746,1.40162579033328e-05,-0.00141070162876832,-0.000445917110315733
0.870379403133876,0.00218765439288702,-0.00381094874997646,0.310888408072365,2.70378734640036e-05,-0.00132952100327334,-0.000480436575904513
0.908269855699346,-0.00011491745411922,-0.00385190718787671,0.299881808064845,3.6808955283674e-05,-0.00124268264986687,-0.00051024884694924
0.943232611669469,-0.00244520363030874,-0.00389355445520879,0.287681510711887,4.31921304269797e-05,-0.00115028808705824,-0.00053438084578702
0.975216212801647,-0.00478014920852775,-0.00393454825762797,0.274313726005635,4.61624560736491e-05,-0.00105246139446771,-0.00055199066068289
1.00417858058476,-0.00709854877800429,-0.00397344664348249,0.259808772014979,4.57823277454983e-05,-0.000949352473100495,-0.000562388889389906
1.03008673279828,-0.0093812492068918,-0.00400877575482999,0.244200958193109,4.21804089769538e-05,-0.000841138892657065,-0.000565055740683079
1.0529164806376,-0.0116111875229752,-0.0040390894274567,0.227528466005015,3.55358137591519e-05,-0.000728027041302116,-0.0005596532446449
1.07265212264213,-0.013773317088189,-0.00406301877273533,0.209833229045429,2.60673316059468e-05,-0.000610253082842252,-0.000546032146717907
1.0892861493155,-0.0158544653891316,-0.00407931116275041,0.191160814296983,1.40266828980472e-05,-0.000488083961614028,-0.000524233328333909
1.10281897009813,-0.0178431551792997,-0.00408685884950854,0.171560305171757,-3.05490117761024e-07,-0.000361818454973045,-0.000494483869390606
1.11325867210048,-0.019729410216793,-0.00408471791747867,0.151084185688308,-1.66221292403302e-05,-0.000231788100523249,-0.000457188114291875
1.12062081727626,-0.0215045585295225,-0.00407211852443495,0.129788224342097,-3.45917508540733e-05,-9.83577366934976e-05,-0.000412914304152509
1.1249282823373,-0.0231610401959302,-0.00404846752085775,0.107731355498489,-5.38606023403371e-05,3.80746199959609e-05,-0.000362377481710083
1.12621114345534,-0.0246922226407358,-0.00401334460567327,0.0849755558274391,-7.40553741835495e-05,0.000177078795154701,-0.000306419459013975
1.12450660564586,-0.0260922238899777,-0.00396649320041854,0.0615857133484296,-9.47866220904995e-05,0.000318194529342295,-0.000245986663009288
1.11985897478187,-0.0273557426379429,-0.00390780721596262,0.0376294868855841,-0.000115652889643943,0.000460934663766149,-0.000182106647364434
1.11231966837878,-0.0284778929508757,-0.00383731485249878,0.0131771545615086,-0.000136245429764695,0.000604789402130525,-0.000115863991596889
1.10194725971709,-0.0294540407816411,-0.00375516052210939,-0.0116985493975298,-0.000156153395677733,0.000749231529214757,-4.83762113056217e-05
1.0888075484907,-0.0302796390408518,-0.00366158592702168,-0.0369226094563471,-0.000174969398969489,0.000893722403218199,1.92298099642275e-05
1.07297364987367,-0.030950057757793,-0.00355691128127707,-0.0624179144379432,-0.000192295405767541,0.00103771849925514,8.58404743732603e-05
1.05452609279224,-0.0314604059422761,-0.00344151764895626,-0.0881054528846336,-0.000207749057990938,0.00118067826466653,0.000150376927221228
1.0335529172214,-0.0318053423062231,-0.0033158314083959,-0.113904516633852,-0.000220970666666656,0.00132206904831206,0.000211815132523947
1.01014975945417,-0.0319788733640388,-0.00318031195759281,-0.139732911260679,-0.000231631336194896,0.00146137387973664,0.000269204457774779
0.984419913514725,-0.03197414013243,-0.00303544396657655,-0.165507172371166,-0.000239442953638625,0.00159809788732459,0.000321684714038849
0.956474360489133,-0.0317832131389418,-0.00288173712002741,-0.191142785742797,-0.000244170814339914,0.00173177421735187,0.000368501633499424
0.926431733900574,-0.0313968434415419,-0.00271972860447782,-0.216554417761955,-0.000245651901758541,0.00186196882568109,0.000409020790626015
0.894418245232042,-0.0308043281678128,-0.00255000383730295,-0.241656144749688,-0.000243817866451887,0.00198828448975473,0.000442739993902165
0.860567521989737,-0.0299934119230445,-0.0023732251197741,-0.266361693625494,-0.0002387278907243,0.00211036276010369,0.000469300210611161
0.825020362945411,-0.0289503646920037,-0.00219017701496772,-0.290584690128802,-0.000230612539734047,0.00222788323345168,0.000488495139853016
0.787924395987029,-0.0276603426593542,-0.00200182873649046,-0.314238917099414,-0.000219930677504239,0.00234055860083047,0.000500279631758522
0.749433628123623,-0.0261081960205494,-0.0018094124824402,-0.337238584105531,-0.000207439151794081,0.00244812333473996,0.000504777239668365
0.709707878044782,-0.0242799259456599,-0.00161451147276804,-0.359498609539987,-0.000194270388808059,0.00255031327896515,0.000502287225537359
0.668912082809485,-0.0221649938260436,-0.00141914282918379,-0.380934916378818,-0.000182005081671308,0.00264683327671315,0.000493291184832276
0.627215472153865,-0.01975959948289,-0.001225808585914,-0.401464743765251,-0.000172715761854825,0.00273731106094142,0.000478458907922158
0.584790603606783,-0.0170707984146676,-0.00103747558167385,-0.421006980692279,-0.000168944784791682,0.00282123879236191,0.000458651920686043
0.541812278739557,-0.0141209648098533,-0.000857442403126964,-0.439482524825934,-0.000173572906551515,0.00289791047568768,0.000434921314677996
0.498456314568606,-0.0109513911764568,-0.00068905845331326,-0.456814696486847,-0.000189547194660287,0.0029663699762566,0.000408494344875418
0.454898237248092,-0.00762360538167965,-0.000535312043550791,-0.472929708879081,-0.000219471800740845,0.00302539365900141,0.000380743238842439
0.411311913406528,-0.00421688568221047,-0.00039836269252604,-0.487757215106029,-0.000265130780335432,0.00307352948604951,0.000353131249766639
0.367868165750414,-0.000821448502460166,-0.000279157051661924,-0.50123092391854,-0.000327073443079778,0.00310920213551821,0.000327136493357354
0.324733406367192,0.00247161568966471,-0.00017727660372391,-0.513289252609647,-0.000404410184397249,0.00313086964037769,0.000304162129003352
0.282068304415592,0.00558106576298343,-9.1095443542961e-05,-0.523875964467864,-0.000494908692349665,0.00313719353734403,0.000285447992637962
0.240026492693344,0.00844386436086857,-1.82036960015274e-05,-0.532940734783915,-0.000595366438453254,0.0031271764774014,0.000271999548576815
0.198753305063743,0.0110191401475811,4.40519393730273e-05,-0.540439613879382,-0.000702130678187459,0.00310023485026708,0.000264544017016658
0.158384649234824,0.0132875270167648,9.80846868253683e-05,-0.546335338003358,-0.000811602962516968,0.0030562010450101,0.000263515028490644
0.119045909030893,0.0152472197633466,0.000145757813473213,-0.550597567437407,-0.000920606275272394,0.00299527252952767,0.000269058896025917
0.0808510668518694,0.0169086099379674,0.000188279165247854,-0.553203004389899,-0.00102657384789197,0.00291793609118701,0.000281054719656467
0.0439020227389367,0.0182891129083116,0.000226259353004075,-0.554135437058636,-0.00112758339874076,0.00282489103910945,0.000299141023832994
0.0082881469149947,0.0194090813000981,0.000259864905223372,-0.553385713789059,-0.00122229211133125,0.00271698556672584,0.000322745032576125
-0.0259139155787259,0.0202890604579767,0.000289001593770967,-0.550951646299567,-0.00130982722752664,0.00259517070223504,0.000351113272807251
-0.0586402521778049,0.0209482071804786,0.00031348722953256,-0.546837871269463,-0.00138967160127622,0.00246047028429801,0.000383343046405601
-0.0898393945343739,0.0214036173375524,0.000333184882090166,-0.541055615513497,-0.00146156469968763,0.00231396239624335,0.000418415887858165
-0.11947188409691,0.0216701957759904,0.000348095762894331,-0.533622430152966,-0.0015254269091343,0.00215676796195876,0.000455232042714776
-0.14750964884568,0.0217608459072538,0.000358410970868825,-0.524561869728822,-0.00158130623653707,0.00199004275817034,0.00049264590249425
-0.173935232736813,0.0216868029227159,0.000364529057487699,-0.513903132701458,-0.00162934324155846,0.00181497033499298,0.000529501358375583
-0.198740907225395,0.0214580053485515,0.000367046965742459,-0.501680674664376,-0.00166974916314534,0.00163275433213213,0.000564665893640203
-0.221927695291178,0.0210834469510636,0.000366731572000718,-0.487933806226818,-0.00170279271889387,0.00144460945044892,0.000597062177445573
-0.243504338679371,0.0205714815568936,0.000364478161514164,-0.472706287306534,-0.00172879204922969,0.00125175088539343,0.000625696018683151
-0.263486238433191,0.0199300714544079,0.000361261168627324,-0.456045928727713,-0.00174810930349347,0.00105538240092429,0.000649679747289532
-0.281894397439329,0.0191669798695139,0.000358081602573203,-0.438004210600096,-0.00176114623605383,0.000856683465705585,0.000668250370254211
-0.298754391633118,0.0182899127725215,0.000355914800481366,-0.418635925208218,-0.0017683398498119,0.000656796021255953,0.000680782163571471
-0.314095393831917,0.0173066171486454,0.000355661476705722,-0.397998850211198,-0.001770157606171,0.000456811523829067,0.000686793678315894
-0.327949271136092,0.0162249432206118,0.000358104427684429,-0.376153455936212,-0.00176709204963354,0.000257758908918645,0.000685949433902378
-0.340349773486157,0.0150528777426662,0.000363872666698838,-0.353162648592549,-0.00175965490769849,6.05940788579978e-05,0.00067805682507838
-0.351331827409782,0.0137985548355853,0.000373414181950145,-0.329091549592722,-0.00174837085337244,-0.000133808579502412,0.000663058968178035
-0.36093094538145,0.0124702501184888,0.000386977933915977,-0.304007310013923,-0.00173377118210531,-0.000324662266739526,0.00064102434933589
-0.369182757835665,0.0110763631948305,0.000404605150410289,-0.277978958475955,-0.00171638767490272,-0.000511271200265127,0.00061213421061879
-0.376122671669838,0.00962539291067291,0.000426129468094446,-0.251077280827749,-0.00169674690809273,-0.000693031320991963,0.000576668622118471
-0.381785656427753,0.00812590917766234,0.000451185039886368,-0.223374730329219,-0.00167536523744907,-0.000869428344578699,0.000534992144362037
-0.386206157109914,0.00658652457087532,0.00047922140616618,-0.194945368287313,-0.00165274463847593,-0.00104003335030449,0.000487539895522058
-0.389418131101194,0.00501586818490933,0.000509523737363086,-0.16586483410558,-0.00162936952960092,-0.00120449621448587,0.000434804706034785
-0.391455205546362,0.00342256279019521,0.000541237013549457,-0.136210329613656,-0.00160570463756233,-0.00136253734017008,0.000377325855599497
-0.392350945931479,0.0018152028919286,0.000573392826364455,-0.106060549514459,-0.00158219387319443,-0.00151393839616767,0.000315679589161311
-0.392139204454201,0.00020232547078077,0.000604937715995521,-0.0754953838590987,-0.00155926008325142,-0.00165853312782057,0.00025047116191338
-0.390854479711445,-0.00140763112210835,0.000634761948084798,-0.0445952767556751,-0.0015373056156514,-0.00179619871953106,0.00018232807135058
-0.388532250038933,-0.00300635632924891,0.000661727201987396,-0.0134406639764389,-0.00151671403006571,-0.00192684584396217,0.000111895249831585
-0.385209364533046,-0.00458565474505855,0.000684692037200627,0.0178879124267337,-0.00149785324725557,-0.00205040565291037,3.98334608548497e-05
-0.380924576350255,-0.00613740944563896,0.0007025355005603,0.0493092787482508,-0.00148107963948461,-0.00216681603961432,-3.31799327505523e-05
-0.375719168496681,-0.00765355650320756,0.000714179686874273,0.0807413321005355,-0.00146674236170635,-0.00227601012937516,-0.000106449874982959
-0.369637585399394,-0.00912607515930873,0.000718611389609131,0.112101056790421,-0.00145518773563445,-0.00237790699529634,-0.000179263157400541
-0.362728032603954,-0.0105469840357874,0.000714902711509794,0.143304665614827,-0.00144676368100342,-0.00247240366875804,-0.00025088886474451
-0.355043032684471,-0.0119083384350756,0.000702230601755804,0.174267759437027,-0.00144182407738143,-0.00255936811107965,-0.000320580122482231
-0.346639927070435,-0.0132022277512439,0.000679895287985154,0.204905477524013,-0.00144073285665898,-0.00263863321028741,-0.000387577686760533
-0.337581310523982,-0.0144207729241452,0.000647337438099315,0.235132637706154,-0.00144386760235263,-0.00270999198452757,-0.000451115917009542
-0.327935382813508,-0.0155561234747579,0.000604153675745074,0.264863870964456,-0.00145162244120416,-0.00277319419932202,-0.000510431580414348
-0.317776201275588,-0.0166004527869597,0.000550109829729638,0.294013754984964,-0.00146441004575955,-0.00282794460982007,-0.000564775788448734
-0.307183817936872,-0.0175459491892267,0.000485151053791549,0.322496950681555,-0.00148266262450923,-0.00287390303238776,-0.000613429172331897
-0.296244285331622,-0.0183847990715527,0.000409407740704902,0.350228346163021,-0.00150683186019908,-0.00291068642620115,-0.00065572017544505
-0.285049516484461,-0.0191091566422037,0.000323196006567589,0.377123212678565,-0.00153738786553409,-0.00293787311104227,-0.000691046082400413
-0.273696986262923,-0.0197110929746378,0.00022701146583483,0.403097378133432,-0.00157481735195492,-0.00295500915664938,-0.000718896132845519
-0.262289263839901,-0.0201825145792152,0.000121515084706249,0.428067424526015,-0.00161962133637014,-0.00296161684361205,-0.000738875798481529
-0.25093338025994,-0.0205150522404218,7.51306561738306e-06,0.451950911760339,-0.00167231291969221,-0.00295720466679787,-0.000750731144344564
-0.239739977252974,-0.020699838058485,-0.000114084296725018,0.474666654909371,-0.00173341512364286,-0.00294127962251226,-0.000754371487233949
-0.228822335361576,-0.0207272776558527,-0.000242296551807784,0.496135024335354,-0.00180346014028503,-0.00291335856819645,-0.000749889670527791
-0.218295198209916,-0.0205866674586148,-0.000376126610870967,0.516278308939326,-0.00188298921421522,-0.00287298008601395,-0.000737577662223673
-0.208273449712477,-0.0202656859772884,-0.000514618399053043,0.535021129850036,-0.00197255315430936,-0.00281971441149505,-0.000717936409512603
-0.198870656273294,-0.0197497112764382,-0.00065691766944713,0.552290908739597,-0.00207271187905103,-0.00275317024392343,-0.000691678645339853
-0.19019750087601,-0.0190209271030238,-0.000802330084260088,0.568018388742494,-0.00218402971771932,-0.00267299696053015,-0.000659723731631441
-0.18236014241845,-0.018057187290621,-0.000950367400724475,0.582138202577128,-0.00230706042841023,-0.00257888091283142,-0.000623184034990065
-0.175458539481021,-0.0168306339501627,-0.0011007680009165,0.594589479207316,-0.00244231183324837,-0.00247053501976632,-0.000583342786646493
-0.169584782421865,-0.0153061277188786,-0.00125347181524717,0.605316477554417,-0.00259017444973416,-0.00234768206805387,-0.00054162379849952
-0.164821480240545,-0.0134396772720027,-0.00140852218372244,0.614269234045646,-0.00275079192415301,-0.00221003442648658,-0.000499553666317486
-0.161240247399976,-0.0111772911875789,-0.00156586014731309,0.621404210802413,-0.00292384532891516,-0.00205727688075526,-0.000458717017293118
-0.158900328163192,-0.00845505883615032,-0.00172497508108546,0.626684933421128,-0.00310822339755983,-0.00188906557319785,-0.000420704759409979
-0.157847378281996,-0.0052017973516288,-0.00188439010587306,0.630082611640555,-0.00330156649514215,-0.00170506445923992,-0.000387054061802793
-0.158112393088179,-0.00134613969733527,-0.00204100870273428,0.631576741067487,-0.00349971903451095,-0.001505048909969,-0.000359177209066315
-0.159710730445087,0.00316994621856171,-0.00218944873856845,0.63115568477822,-0.00369621793021275,-0.00128910715004804,-0.000338275665614374
-0.162641147348645,0.00837034409428428,-0.00232163898614718,0.628817221337904,-0.00388207653550974,-0.00105795126854846,-0.000325238095946884
-0.166884799236091,0.0142190902638053,-0.00242708646662347,0.624569011186161,-0.00404622905749121,-0.000813296976339058,-0.000320529821183525
-0.172404303467233,0.02059746834586,-0.00249418728221176,0.618428877750135,-0.00417693771852801,-0.000558188927350957,-0.000324096823563393
-0.179143242250777,0.0272960444340342,-0.00251258285539425,0.610424752510672,-0.00426409458059999,-0.00029708201443945,-0.000335322666544656
-0.187026704211017,0.0340322356779804,-0.00247590592897244,0.600594154450888,-0.00430174529346404,-3.55203392864043e-05,-0.000353075677513735
-0.195963355500097,0.0404934955968561,-0.00238375048439236,0.58898319593524,-0.00428974611594209,0.000220574798452483,-0.000375853520408507
-0.205848889789303,0.0463917116899445,-0.00224189740476184,0.575645321634504,-0.00423372083296929,0.000465771438673948,-0.00040198731142296
-0.216570136386493,0.0515078335789837,-0.00206072291816153,0.56064005909748,-0.00414336746859896,0.000695815784302792,-0.000429837266465389
-0.228008729150275,0.0557120702504029,-0.00185265430187675,0.544032037284139,-0.00402998920797436,0.000907929699556042,-0.000457923746228151
-0.240043769121015,0.0589591291476555,-0.00162978534372678,0.525890321121027,-0.00390429333956196,0.00110071742185834,-0.000484979706000589
-0.252553459020646,0.0612680668047285,-0.00140234446194365,0.506287966685146,-0.00377505480810732,0.00127384167968821,-0.000509944233532823
-0.265416086305614,0.0626981370752856,-0.00117811067415074,0.485301658926209,-0.00364867757533344,0.0014276475076515,-0.000531929230220623
-0.278510759070837,0.0633281632948185,-0.000962506399235697,0.463011337146791,-0.00352936611452311,0.00156284720409542,-0.000550183798883789
-0.291718140724345,0.0632421948469881,-0.000759023550038097,0.439499775542197,-0.00341957579583956,0.00168030453591096,-0.000564067948577668
-0.304921259434336,0.0625211010320072,-0.000569728488103865,0.414852127551841,-0.00332050888653206,0.00178090921469024,-0.000573037510291788
-0.318006365031029,0.061238534971836,-0.000395710677168477,0.389155458437419,-0.00323253930911083,0.0018655155435881,-0.000576637591542722
-0.330863768892414,0.0594596368314043,-0.000237427690895804,0.362498289995939,-0.00315553077389534,0.00193491959787528,-0.000574500946035193
-0.343388604271886,0.0572412321159938,-9.49467517504193e-05,0.334970174534266,-0.00308905478729902,0.00198985614350667,-0.000566348339904846
-0.355481461744221,0.0546327196170441,3.18981700631822e-05,0.306661307830067,-0.00303253010317133,0.00203100366986763,-0.000551989102663527
-0.3670488735789,0.051677186173188,0.000143411202326037,0.277662185142955,-0.00298530648681782,0.00205899130242017,-0.000531321002963652
-0.37800364837869,0.0484125193402535,0.000239983184385456,0.248063295096125,-0.00294671180427323,0.00207440477321551,-0.000504329314933189
-0.388264996339217,0.0448723701526214,0.000322061884505639,0.217954876314003,-0.00291607533889812,0.002077790703092,-0.000471084822001465
-0.397758584256398,0.0410870248663379,0.000390148203662202,0.187426675023691,-0.00289273852942823,0.00206965908546322,-0.000431741952658764
-0.406416395919415,0.0370840928637691,0.000444795338022433,0.156567762041915,-0.00287605719888264,0.0020504847584258,-0.000386536452931391
-0.414176489469535,0.0328890778660846,0.000486614213403886,0.125466371464659,-0.00286540003641962,0.00202070839344401,-0.00033578336965128
-0.420982654770175,0.028525843529055,0.000516280274581376,0.094209765058862,-0.00286014530885115,0.00198073765311334,-0.000279875401038712
-0.426783990691148,0.0240169942128475,0.000534539569222755,0.0628841197699088,-0.00285967704492342,0.00193094904886166,-0.000219281642883783
-0.431534422767159,0.0193841889433872,0.000542212850705835,0.0315744356902677,-0.00286338135561716,0.00187169091342476,-0.000154546617565003
-0.435192181740897,0.0146484032172998,0.000540196966723713,0.000364461204351534,-0.00287064322036694,0.00180328778226656,-8.62893371042023e-05
-0.437719263295273,0.00983014919099688,0.00052946318339484,-0.0306633744719757,-0.00288084389376309,0.00172604634404502,-1.5202017101703e-05
-0.439080886756052,0.00494965899870539,0.000511052356232149,-0.0614280499239641,-0.00289335901648008,0.0016402629362638,5.79520861139675e-05
-0.439244960529788,2.7028591521407e-05,0.000486067021679175,-0.0918501187232995,-0.0029075575084606,0.00154623229541271,0.000132342385641037
-0.438181543107196,-0.00491767910408418,0.000455660640516901,-0.121851988303622,-0.00292280130888284,0.001444257110339,0.000207076852069017
-0.435862289007668,-0.00986434627847659,0.00042102458695901,-0.151358178150044,-0.00293844591046064,0.00133465836693846,0.000281210223110124
-0.432259919354352,-0.0147926820853726,0.000383373898255919,-0.180295323550504,-0.00295384155117927,0.00121778708854797,0.000353754291740183
-0.427347790846843,-0.0196820675240715,0.000343932651033005,-0.208591939780983,-0.00296833513701856,0.00109403745436398,0.00042369059623753
-0.421099592193828,-0.0245113993243877,0.000303919244716902,-0.236178197649419,-0.00298127323684612,0.000963860095409737,0.000489986418405395
-0.413489149189532,-0.0292589516823554,0.000264531627962838,-0.262985836038743,-0.00299200649968505,0.000827774345813948,0.000551614539306513
-0.404490323857287,-0.0339022454054044,0.000226932494519792,-0.288948163073058,-0.00299989579970049,0.000686378803680014,0.000607576494764185
-0.394077010410823,-0.0384179109624242,0.000192234200807741,-0.314000083842636,-0.00300432052817252,0.000540359753926712,0.00065692875713146
-0.382223236602017,-0.0427815399587248,0.000161482594857608,-0.338078131290779,-0.00300468970467941,0.000390496980650244,0.000698811106891347
-0.368903377922698,-0.0469675279853896,0.000135638219998096,-0.36112049883728,-0.00300045694911531,0.000237666497676142,0.000732476270169543
-0.354092487997449,-0.0509489226711184,0.000115552539003904,-0.383067082297244,-0.00299114084813323,8.28397447468802e-05,0.00075731970466451
-0.337766743622562,-0.0546973074472688,0.000101936034299393,-0.403859540236224,-0.00297635282362703,-7.29212195215243e-05,0.00077290825282218
-0.319903996697236,-0.0581827779914782,9.53145334434886e-05,-0.423441381238691,-0.00295583510268069,-0.000228473139973847,0.000779006280576651
-0.300484416831725,-0.0613741074453637,9.59703877643529e-05,-0.441758085837192,-0.00292951139105028,-0.00038260657465154,0.000775597900030869
-0.279491198188359,-0.0642392468476232,0.000103867076573535,-0.458757269048111,-0.00289755158530086,-0.000534068065767281,0.000762903928888107
-0.256911293167876,-0.0667463575316856,0.000118560683636943,-0.474388887586887,-0.00286044810839407,-0.0006815917688888,0.000741392340353902
-0.232736127473504,-0.0688655912916175,0.00013911077886621,-0.48860549432081,-0.00281909385899712,-0.000823943229630242,0.000711781043455037
-0.206962252924806,-0.0705717631223332,0.000164016587747487,-0.501362542194356,-0.00277483990373233,-0.000959977119398706,0.000675031829158805
-0.179591916701325,-0.0718478237076627,0.000191218380916756,-0.512618740653498,-0.00272949765591622,-0.00108870726863536,0.000632334190800096
-0.150633575695957,-0.0726885940786518,0.000218209130725187,-0.522336468757241,-0.00268524379695522,-0.00120938039171256,0.000585077605875304
-0.12010245379135,-0.0731036741553821,0.000242283282172494,-0.530482247764657,-0.0026444000747624,-0.00132153581377181,0.000534811137227369
-0.0880212903936385,-0.0731181091457954,0.000260899156303656,-0.537027268126692,-0.00260910397973672,-0.00142502745865388,0.000483190417245645
-0.0544214032454984,-0.0727697416041941,0.000272063207988658,-0.541947949886132,-0.00258094956662045,-0.00151998893397814,0.000431914433590505
-0.0193440573729871,-0.0721033579818399,0.000274601373486179,-0.545226496969852,-0.00256072190861457,-0.00160674129096103,0.000382657307304835
0.0171580535327446,-0.0711632392059397,0.000268209859333313,-0.546851396598136,-0.00254833054689618,-0.00168566830691755,0.000337001833064409
0.0550195264394534,-0.0699865443783977,0.000253273130165317,-0.546817823720413,-0.00254296354087078,-0.00175709947499103,0.000296380684308432
0.0941614465883923,-0.0685994742785712,0.000230539930978417,-0.545127932925149,-0.00254338661439752,-0.0018212349487799,0.000262028325960884
0.13449117993777,-0.0670167583279754,0.000200791149306285,-0.541791042251876,-0.00254826539043805,-0.001878124464884,0.000234943725434933
0.175902704917756,-0.0652436763548175,0.000164601439460211,-0.536823723116524,-0.00255641141084909,-0.00192768974904867,0.00021586252473219
0.218277336208451,-0.0632792568651676,0.000122229270246301,-0.530249807958374,-0.00256691193029806,-0.00196976919021257,0.000205237556162697
0.261484692670809,-0.0611194751423487,7.36147529868761e-05,-0.522100319810552,-0.00257915581266139,-0.00200416534115285,0.000203227492724958
0.305383808223796,-0.0587597907465788,1.8441446570569e-05,-0.512413322818313,-0.00259279243703973,-0.00203068364295961,0.000209694083270861
0.349824333109791,-0.0561968392866302,-4.37788180732199e-05,-0.501233692206839,-0.00260766091207631,-0.00204915844450983,0.000224208486555141
0.394647802785721,-0.0534293749999568,-0.000113625049810368,-0.488612805184655,-0.00262371588089203,-0.00205946716022571,0.000246066818024048
0.439688962118911,-0.0504586639545774,-0.000191702958829649,-0.474608158557578,-0.00264096395356401,-0.00206153534510208,0.000274314437010919
0.484777131514361,-0.0472885253318944,-0.000278600592894577,-0.459282922717493,-0.00265941584400725,-0.00205533566963398,0.000307777948659635
0.529737596499985,-0.043925173909613,-0.000374861579114361,-0.442705444350872,-0.00267905418746487,-0.00204088326427907,0.000345103485545408
0.574392997950505,-0.0403769670982431,-0.00048097185291028,-0.424948711433637,-0.0026998147589765,-0.00201822926639603,0.000384799599336091
0.618564698190537,-0.0366541195437625,-0.000597355615971957,-0.406089794070718,-0.00272157820509479,-0.00198745388042725,0.000425283019976022
0.662074099117085,-0.032768420279173,-0.000724376916456626,-0.386209273715293,-0.00274416956838207,-0.00194865989463208,0.000464925597806357
0.704743891258725,-0.0287329698033094,-0.000862344101085138,-0.365390671772172,-0.00276736332108904,-0.00190196734685298,0.000502100895927384
0.746399216770074,-0.0245619442407874,-0.00101151517115515,-0.343719886766,-0.00279089208749617,-0.00184750984501542,0.000535229110594125
0.786868733954562,-0.0202703882428278,-0.00117210268472281,-0.321284647415207,-0.00281445763128409,-0.00178543288463909,0.000562819234929784
0.825985575199921,-0.0158740356164951,-0.00134427728213596,-0.298173987350644,-0.00283774299738776,-0.00171589434289845,0.000583507619792453
0.863588194223509,-0.0113891555266854,-0.00152816921279669,-0.274477745760312,-0.00286042494021017,-0.00163906715907025,0.000596092306460225
0.899521101796734,-0.00683242175676161,-0.00172386745889359,-0.250286097040293,-0.00288218596289616,-0.00155514403822485,0.000599562696235986
0.933635491738023,-0.00222080249186357,-0.00193141623363951,-0.225689111502346,-0.00290272545473201,-0.00146434384836739,0.000593124275954554
0.965789760931023,0.00242853181470855,-0.00215080880857403,-0.200776348321446,-0.00292176955869433,-0.00136691923315268,0.0005762182345687
0.995849928792315,0.00709828485085561,-0.00238197881178161,-0.175636481002841,-0.00293907953494518,-0.00126316484385968,0.000548535887064826
1.02368996282115,0.0117710974184227,-0.00262478933169404,-0.150356954885371,-0.00295445850830354,-0.00115342551558035,0.000510027872981457
1.04919201785445,0.0164295992057943,-0.0028790203451051,-0.125023675512749,-0.00296775659355445,-0.00103810367944756,0.000460908124209443
1.07224659750533,0.0210564515458068,-0.0031443551420263,-0.0997207261482452,-0.00297887447437057,-0.000917665317750422,0.000401652607745697
1.0927526468626,0.025634383251919,-0.00342036652361318,-0.0745301124535999,-0.0029877655617964,-0.000792643831551297,0.000332992850982846
1.11061758598657,0.0301462214968146,-0.00370650359032239,-0.0495315323761203,-0.00299443687128642,-0.000663641296948039,0.000255904257440285
1.12575729391257,0.0345749195120384,-0.00400207991264669,-0.0248021697137872,-0.00299894873194032,-0.000531326731083292,0.000171589227267527
1.13809605281562,0.0389035826653706,-0.00430626379527929,-0.000416510592789146,-0.00300141338247624,-0.000396431165107268,8.14551171259858e-05
1.14756646174952,0.0431154942660146,-0.00461807122785473,0.023553817073199,-0.00300199242645799,-0.000259739519406436,-1.29128848682748e-05
1.15410932874856,0.0471941421945146,-0.00493636197848327,0.0470401798337023,-0.00300089303086211,-0.00012207949020025,-0.000109783822461003
1.15767354946935,0.0511232472815366,-0.00525983915969247,0.0699770484880093,-0.00299836267789429,1.56921271283084e-05,-0.000207317721195118
1.15821597995469,0.0548867942881552,-0.0055870524983376,0.0923020790146262,-0.00299468224175126,0.000152705046479364,-0.000303606631025626
1.15570131036795,0.0584690662141083,-0.0059164054663549,0.113956161962706,-0.00299015717928561,0.000288092212719388,-0.000396719384166937
1.15010194616096,0.0618546827108862,-0.00624616639205272,0.134883438811012,-0.00298510670951787,0.000421006675116191,-0.000484749276423317
1.14139790287448,0.0650286434035528,-0.00657448364355284,0.155031285504269,-0.00297985101499101,0.000550637565183388,-0.000565863642030488
1.12957672049322,0.0679763769341439,-0.00689940493757647,0.174350265772559,-0.00297469671903631,0.00067622412275253,-0.000638354048044313
1.11463340315644,0.0706837965047649,-0.00721890075366616,0.192794059745362,-0.00296992115468492,0.000797066797695537,-0.000700685607846143
1.09657038952909,0.0731373625520724,-0.00753089170406431,0.210319376295743,-0.00296575620928219,0.000912534637897612,-0.000751543730518828
1.07539755828969,0.0753241529258719,-0.00783327951521354,0.226885860142124,-0.00296237276230359,0.0010220684540729,-0.00078987651209227
1.05113227199455,0.0772319404995588,-0.00812398101598365,0.2424560060713,-0.00295986689056854,0.00112517960841131,-0.000814930958960889
1.02379946026976,0.0788492776729391,-0.00840096424011307,0.256995093266913,-0.00295824905976482,0.00122144468098589,-0.000826281333753065
0.993431741095774,0.080165586642324,-0.00866228545556468,0.270471151281466,-0.00295743743382309,0.00131049667392748,-0.000823848133036366
0.960069575656058,0.0811712538338901,-0.0089061256986637,0.282854966794042,-0.00295725621413525,0.00139201377538091,-0.00080790654025361
0.923761449480791,0.081857726559991,-0.00913082525615301,0.294120136542358,-0.00295743958958855,0.00146570696987062,-0.000779083626012113
0.884564070216916,0.0822176098781124,-0.00933491454509355,0.304243167393553,-0.00295764147615981,0.00153130791138715,-0.00073834405994275
0.842542569917518,0.0822447619540719,-0.00951714002320675,0.313203620472599,-0.00295745080087337,0.00158855845195294,-0.000686964616498495
0.7977706991316,0.0819343869026055,-0.00967648409828029,0.320984292331081,-0.00295641169092083,0.00163720303641836,-0.000626498261088803
0.750330999602338,0.0812831251634211,-0.00981217847848298,0.327571423524162,-0.00295404760571497,0.00167698486142267,-0.000558729056905141
0.700314943887003,0.0802891428633017,-0.00992371094706853,0.332954923341214,-0.0029498882213236,0.00170764629008846,-0.000485619510412585
0.647823031372909,0.0789522231462936,-0.010010826084416,0.33712859918574,-0.00294349774595204,0.00172893356881827,-0.000409252254814576
0.592964831850193,0.0772738638875919,-0.0100735209107371,0.34009037975138,-0.00293450329391055,0.00174060546156094,-0.000331768150637667
0.535858954967486,0.0752573877488615,-0.0101120368371122,0.341842514606406,-0.00292262187727901,0.00174244501987759,-0.000255303063832695
0.476633018123453,0.0729080672511019,-0.0101268484886286,0.342391779366893,-0.00290768499709392,0.00173427360455015,-0.000181924981349649
0.415423458422008,0.0702332760021176,-0.0101186520800047,0.341749606304586,-0.0028896587900326,0.00171596572014029,-0.000113574483476851
0.352375334549116,0.0672426601945638,-0.0100883522865292,0.339932205901263,-0.00286865906667313,0.00168746370929856,-5.2009532400779e-05
0.287642045997653,0.0639483311072581,-0.0100370485330626,0.336960639320377,-0.00284495952605431,0.00164879104430551,1.2432857658497e-06
0.221384983696901,0.0603650670245898,-0.00996601983059656,0.332860844008409,-0.0028189919096788,0.00160006324247244,4.49297430980285e-05
0.15377311405079,0.0565105049134943,-0.0098767068873686,0.327663608581892,-0.00279133697642851,0.00154149559855185,7.81000735825881e-05
0.0849824993522518,0.0524052924529328,-0.00977068989567911,0.321404494178575,-0.0027627055839414,0.00147340713820407,0.000100131437533541
0.0151957590188938,0.0480731624963737,-0.00964966049994338,0.31412370095734,-0.00273390984472067,0.00139622041568399,0.000110740347400988
-0.0553985223263654,0.0435408873308896,-0.00951538707694702,0.305865880422386,-0.00270582529703094,0.00131045700768971,0.000109985022942882
-0.12660643308648,0.038838071950631,-0.0093696735838159,0.296679896579501,-0.00267934621384268,0.00121672880579028,9.8257999760816e-05
-0.198229399974637,0.033996757529288,-0.00921431382436504,0.286618547039101,-0.00265533736578573,0.00111572552599313,7.62697136273703e-05
-0.270064938023379,0.0290508179105459,-0.00905104359318466,0.275738221270384,-0.00263458665216597,0.00100819897897135,4.50235861191927e-05
-0.341907347785611,0.024035179384616,-0.00888149640935615,0.264098566867183,-0.00261776319577492,0.000894945474776722,5.78454157884159e-06
-0.413548492600212,0.0189848969791474,-0.00870716606305449,0.251762107800589,-0.0026053854976497,0.00077678731562684,-3.9958664440183e-05
-0.484778582326527,0.0139341664742529,-0.00852938078319118,0.238793855803057,-0.00259780291449323,0.000654555017521015,-9.05356187494647e-05
-0.555386974339102,0.00891535928726381,-0.00834929154853637,0.225260914168587,-0.0025951919848188,0.000529071638688882,-0.000144139817260591
-0.62516298757137,0.00395816988677979,-0.00816787518365221,0.211232077987802,-0.00259756700375374,0.000401140361715969,-0.000198876533367698
-0.693896724739879,-0.000911048705448487,-0.00798595073806318,0.19677743270074,-0.00260480227220137,0.000271536007366027,-0.000252812026470911
-0.761379896326182,-0.00566971180799678,-0.00780420586973795,0.181967951414517,-0.00261666203180911,0.000141000573787592,-0.000304023248227267
-0.827406639039089,-0.01029917480175,-0.00762322889243734,0.166875090822379,-0.00263283349363516,1.02423105063123e-05,-0.000350647285270998
-0.891774321535272,-0.0147846630833967,-0.00744354193438019,0.15157038583285,-0.00265295860187255,-0.000120062629700895,-0.000390929804108416
-0.954284330937694,-0.0191149980199043,-0.00726563120574259,0.136125044051006,-0.00267666106947982,-0.0002492671800102,-0.000423271733976445
-1.01474283418307,-0.0232821713427405,-0.0070899714469504,0.120609542929271,-0.00270356648787137,-0.000376750230239371,-0.000446273346953543
-1.07296150906297,-0.0272808251882633,-0.00691704293242735,0.105093234142526,-0.00273331464100192,-0.000501914419793599,-0.000458774793018555
-1.12875824077333,-0.0311076916731312,-0.00674734067264295,0.0896439611568326,-0.00276556430327647,-0.000624185531102815,-0.000459892047049933
-1.18195778032468,-0.0347610373037348,-0.00658137650933595,0.0743276968530799,-0.00279999163153998,-0.000743013714435322,-0.000449047150845396
-1.23239236187292,-0.0382401465576692,-0.00641967553981494,0.0592082081380938,-0.00283628373715337,-0.000857876325825539,-0.000425991608985876
-1.27990227621743,-0.0415448678447007,-0.00626276871999162,0.0443467539360428,-0.0028741291834809,-0.000968281778291187,-0.000390821838966277
-1.3243363983533,-0.0446752352272075,-0.00611118361060942,0.0298018217015953,-0.00291320707867974,-0.00107377354707922,-0.000343985691895142
-1.36555266792462,-0.0476311713862165,-0.00596543510482958,0.0156289059102388,-0.00295317621685857,-0.00117393336327851,-0.000286279250268828
-1.40341852181141,-0.0504122713978015,-0.00582601767850844,0.00188033042467946,-0.00299366544552906,-0.00126838268408879,-0.000218833367968041
-1.43781127892006,-0.0530176628148079,-0.00569340030096303,-0.0113948848570744,-0.00303426616685602,-0.00135678173411384,-0.000143089732783489
-1.46861847762492,-0.0554459349543994,-0.00556802469750837,-0.0241511136517319,-0.0030745276495148,-0.00143882574017844,-6.07665903666237e-05
-1.49573816657287,-0.0576951288936825,-0.00545030721432356,-0.0363461704096968,-0.00311395564688027,-0.00151423839106376,2.6185344938643e-05
-1.51907914985035,-0.059762779197162,-0.00534064413744815,-0.0479413164333417,-0.00315201467363046,-0.00158276299189091,0.000115635866593072
-1.53856118736955,-0.0616459985559421,-0.00523941998500471,-0.058901226701312,-0.00318813415908567,-0.00164415219275909,0.000205335812584615
-1.55411515173243,-0.0633415971298622,-0.00514701803069169,-0.0691939197161036,-0.00322171854076074,-0.0016981574992894,0.000292983448889127
-1.56568314341924,-0.0648462291766206,-0.00506383212835554,-0.0787906538193461,-0.00325216115861726,-0.00174451996881852,0.000376294630377416
-1.57321856713922,-0.0661565603010791,-0.00499027878680848,-0.0876657952393542,-0.00327886154808801,-0.00178296352420729,0.000453074365208096
-1.57668617355329,-0.0672694491680408,-0.00492680838769125,-0.0957966655580049,-0.00330124541829883,-0.00181319215958544,0.000521287179716545
-1.57606207207397,-0.0681821376584535,-0.00487391444874127,-0.103163378955852,-0.00331878627425056,-0.00183489197333683,0.000579123554890404
-1.57133372174355,-0.0688924432024419,-0.00483213991642275,-0.109748682015241,-0.00333102734968941,-0.00184773847313327,0.000625059710173835
-1.56249990777645,-0.0693989464882433,-0.00480207963346385,-0.115537810352648,-0.00333760231986048,-0.00185140900939993,0.00065790816694105
-1.54957071104194,-0.0697011671488103,-0.00478437837080458,-0.120518376347026,-0.00333825321261191,-0.00184559958031051,0.000676856843548935
-1.53256747635834,-0.0697997196658696,-0.00477972413032904,-0.124680300500776,-0.0033328440634682,-0.00183004469580403,0.00068149491229225
-1.51152278289996,-0.0696964418693286,-0.00478883679164995,-0.128015795482429,-0.00332136916399944,-0.00180453856862967,0.000671824261646668
-1.48648041680561,-0.0693944892329848,-0.00481245255646718,-0.130519406942165,-0.00330395519741983,-0.00176895567870597,0.000648256112727919
-1.45749534256774,-0.0688983897245152,-0.0048513049922348,-0.132188109563983,-0.00328085707694284,-0.0017232687662276,0.000611593082162709
-1.4246336666341,-0.0682140561320831,-0.00490610375003694,-0.133021451306225,-0.00325244782222802,-0.00166756254700159,0.000562997702474226
-1.38797258442131,-0.0673487552999555,-0.00497751219717525,-0.1330217341931,-0.00321920325168807,-0.00160204187440822,0.000503949046551764
-1.34760030094248,-0.0663110362407322,-0.00506612524767927,-0.132194217007019,-0.00318168257724097,-0.00152703363339663,0.000436189607123167
-1.30361591553692,-0.0651106213366033,-0.00517244859831141,-0.130547324064691,-0.00314050613698383,-0.00144298226560231,0.000361664924418653
-1.256129262666,-0.0637582665727858,-0.0052968804039132,-0.128092844893488,-0.00309633149659574,-0.00135043941324381,0.000282458624724006
-1.20526070337174,-0.0622655978714102,-0.00543969618340191,-0.124846111712486,-0.00304982902556447,-0.0012500486673725,0.000200725537472237
-1.1511408643634,-0.0606449311044562,-0.00560103747144694,-0.120826144570879,-0.00300165785769814,-0.00114252676518806,0.000118625419473271
-1.09391032452521,-0.0589090833962232,-0.00578090444689951,-0.116055757251749,-0.00295244292976685,-0.00102864278057436,3.82595647827545e-05
-1.03371925102632,-0.0570711830042952,-0.00597915250127439,-0.110561620077372,-0.00290275360004817,-0.000909196889867795,-3.83877494023395e-05
-0.970726988641936,-0.0551444845119666,-0.00619549247520143,-0.104374278194103,-0.00285308420686577,-0.000785000187007363,-0.000109501404866728
-0.905101607110043,-0.0531421953793117,-0.00642949409618427,-0.097528125667169,-0.00280383684525336,-0.000656856799047151,-0.000173479988431776
-0.837019411641745,-0.0510773190973155,-0.00668059200645054,-0.0900613367739404,-0.00275530660945169,-0.000525549248061408,-0.000228971946530005
-0.766664421877522,-0.048962519284747,-0.00694809367841111,-0.0820157564633667,-0.00270766955224076,-0.000391827656930029,-0.000274902920972774
-0.694227825685941,-0.0468100080699875,-0.00723118847665889,-0.073436752387646,-0.00266097362694794,-0.000256403041019014,-0.00031049417391879
-0.619907413254746,-0.0446314609082607,-0.00752895715214295,-0.0643730310476143,-0.00261513288146063,-0.000119944590517994,-0.000335272305525786
-0.54390700057378,-0.0424379588258232,-0.00784038111502832,-0.0548764213262474,-0.00256992515634258,1.69194341243104e-05,-0.000349070712956361
-0.466435853151045,-0.0402399577998169,-0.00816435094640323,-0.0450016292868664,-0.00252499349089839,0.000153597791814061,-0.000352023432959968
-0.387708127285468,-0.0380472838727164,-0.00849967372958,-0.0348059693648156,-0.00247985137098112,0.00028953007200148,-0.00034455214784463
-0.307942364201678,-0.0358691518948248,-0.00884507886657105,-0.0243490797368762,-0.00243389187490125,0.000424179005363264,-0.00032734721804013
-0.227361101895339,-0.0337142055164001,-0.00919922206738715,-0.0136926336384474,-0.00238640070847888,0.000557022007280406,-0.000301343644842897
-0.146190755654841,-0.0315905773508277,-0.00956068694209209,-0.00290006927883416,-0.00233657312338201,0.000687542502878497,-0.000267692886230182
-0.0646620451647248,-0.0295059702888812,-0.00992798314557067,0.00796362396159612,-0.0022835348238985,0.000815221321317734,-0.000227731458621382
0.0169891499328433,-0.0274677490920021,-0.0102995419696547,0.0188320826290173,-0.00222636682302031,0.000939528972940372,-0.000182946901033828
0.098525294245214,-0.0254829161887547,-0.0106737324338322,0.0296383493394638,-0.00216413030085951,0.00105992600011969,-0.00013493851224535
0.17971938379951,-0.0235578870351162,-0.0110489187066665,0.0403167945379948,-0.0020958853288396,0.00117587645427155,-8.53699514783686e-05
0.260356088077764,-0.0216985652118709,-0.011423466483971,0.0508035270311625,-0.00202071719808576,0.00128684576545745,-3.59271419105538e-05
0.340220269788651,-0.0199106685566349,-0.0117956933866738,0.0610351282136089,-0.00193777433925018,0.00139228197006029,1.17145383658946e-05
0.419093985793598,-0.0181997977170716,-0.0121638595842139,0.0709485516370688,-0.00184630323505759,0.00149161211141115,5.59278147779451e-05
0.49675917855991,-0.0165713420686895,-0.0125261872001442,0.0804817954065478,-0.00174567961460729,0.00158424805438019,9.51753937764958e-05
0.572999754357996,-0.0150303626118221,-0.0128808806731152,0.0895744981775858,-0.00163543939412198,0.00166959187869381,0.000128051356709081
0.647602934806302,-0.0135814407739033,-0.013226147868876,0.0981684412687528,-0.00151530877492395,0.00174704075446446,0.000153320919943465
0.720360293200032,-0.0122284721090394,-0.0135602240178141,0.106208008085343,-0.00138523222742867,0.00181599198550497,0.00016995779682134
0.79106866633402,-0.0109743912875149,-0.0138813992724129,0.113640620930469,-0.00124539700724605,0.0018758486473009,0.000177178181829742
0.859531021925466,-0.00982082074969668,-0.0141880497451209,0.120417158894315,-0.00109625273879313,0.0019260261795725,0.000174470205080887
0.925557297537554,-0.00876764734699355,-0.0144786705602165,0.126492346645476,-0.000938524720205778,0.00196596038143007,0.000161617555627776
0.988965293606972,-0.0078125072708418,-0.0147519121562216,0.13182513643238,-0.00077321834351325,0.00199511679730661,0.000138716270188408
1.0495814847931,-0.00695024743951632,-0.0150066122375702,0.136379015570163,-0.000601615044732811,0.0020130025172335,0.000106182964790469
1.10724188215511,-0.00617234071755645,-0.0152418262087918,0.140122287424855,-0.000425256609009721,0.00201917986802652,6.4753987291056e-05
1.16179287248902,-0.00546631791854264,-0.0154568507719338,0.14302828848702,-0.000245917814619086,0.00201328224688242,1.54744431980327e-05
1.21309203605654,-0.00481525976382146,-0.015651238667495,0.145075538824666,-6.55669221294213e-05,0.00199503165654135,-4.03233163136126e-05
1.26100892710409,-0.00419740259287062,-0.015824802544406,0.146247819377591,0.000113685533094641,0.00196425721644487,-0.000101051800242215
1.30542579641117,-0.00358591217200203,-0.0159776067916677,0.14653417180244,0.000289648256814038,0.00192091358237965,-0.000164910669997533
1.34623823242369,-0.00294887380941339,-0.0161099472629939,0.145928819524105,0.000460118641244256,0.00186509792319122,-0.000229938312644443
1.38335569570254,-0.00224953379633704,-0.0162223200236075,0.144431012136709,0.000622956816736809,0.00179706393240944,-0.000294071281099888
1.41670192170288,-0.00144680776636986,-0.0163153813632104,0.14204479920195,0.000776160224722525,0.00171723133924769,-0.000355209699699329
1.44621517176966,-0.000496048001393192,-0.0163899021797228,0.138778743574275,0.000917934186952442,0.00162618955215369,-0.00041128630487159
1.47184831893143,0.000649962793927276,-0.0164467202930139,0.134645588215099,0.00104675391692774,0.00152469442229987,-0.000460336454477962
1.49356877009563,0.002039854750354,-0.0164866943602904,0.129661894744718,0.00116141402612913,0.001413657449284,-0.000500566251267843
1.51135820459968,0.00372237370750209,-0.0165106617929795,0.123847666797201,0.00126106133914741,0.00129412846525204,-0.000530415775801806
1.52521220545895,0.00574511891930555,-0.0165194044507794,0.117225990352021,0.00134521086643578,0.00116727067760598,-0.000548614816951665
1.5351397494059,0.0081532903494359,-0.0165136217641475,0.109822695382091,0.00141374220703614,0.00103433140587524,-0.000554228458577386
1.5411626200123,0.0109885617730344,-0.0164939124770886,0.101666060927329,0.00146687807517436,0.000896609399506089,-0.000546690609430487
1.54331477061868,0.014288116806668,-0.0164607642602523,0.0927865721935646,0.00150514658351704,0.000755421133933219,-0.000525824077138031
1.54164166753192,0.018083874925851,-0.0164145500380527,0.0832167343549997,0.00152933005157503,0.000612068364650126,-0.00049184649606185
1.5361996374383,0.0224019135083756,-0.0163555295538167,0.0729909420964619,0.00154040367291376,0.000467809063584034,-0.000445362138417926
1.52705523407576,0.0272620730343306,-0.0162838546353042,0.0621453989583654,0.0015394675752857,0.000323833482165315,-0.000387340324871647
1.51428462937871,0.0326777175260412,-0.0161995767536286,0.0507180768381621,0.00152767568484276,0.000181246522723757,-0.00031908175269164
1.49797302469666,0.0386556119209875,-0.0161026557050179,0.038748703958459,0.00150616443757892,4.1056918187961e-05,-0.000242174536707646
1.47821406919611,0.0451958723388468,-0.0159929684994032,0.0262787693383795,0.00147598386999137,-9.58270044118267e-05,-0.000158442088306602
1.45510926583985,0.0522919435894785,-0.0158703177373753,0.0133515331659322,0.00143803307745225,-0.00022859588974431,-6.98851365905989e-05
1.42876734056625,0.0599305601108591,-0.0157344388398084,1.20349313060639e-05,0.00139300155943862,-0.000356533745788787,2.13797653160764e-05
1.39930354749293,0.0680916512230587,-0.0155850054260917,-0.0136929058489593,0.00134131766691384,-0.000479010079723188,0.000113182984076958
1.36683888229279,0.0767481587642402,-0.0154216319029904,-0.0277146985777103,0.00128310529524728,-0.00059547191810955,0.000203363701551865
1.33149917755463,0.0858657448364837,-0.0152438719353417,-0.0420030001787075,0.00121815015819136,-0.000705437852585886,0.000289829088693184
1.29341405851217,0.0954023798017683,-0.0150512109589239,-0.0565057420606331,0.00114587742347701,-0.000808496027888573,0.00037060914461343
1.25271574570171,0.105307816308486,-0.0148430503358183,-0.0711691641021358,0.00106534312491911,-0.000904307546685657,0.000443905864009729
1.20953770443815,0.115522974270548,-0.0146186802607054,-0.0859378553241288,0.0009752424670399,-0.000992616121440001,0.000508135677719514
1.16401316029225,0.125979284447745,-0.0143772382667018,-0.10075480294105,0.000873938717695114,-0.00107326398582651,0.000561964394147375
1.11627352539684,0.136598063923905,-0.0141176503647529,-0.115561454356491,0.000759516591576772,-0.00114621312894046,0.000604334152819874
1.06644681220092,0.147290023338413,-0.0138385527303116,-0.130297799940063,0.000629863569143902,-0.00121156989588075,0.00063448218343586
1.01465614701695,0.157955029692488,-0.0135381936645773,-0.144902487704246,0.000482781175475885,-0.00126961000090306,0.000651951440882375
0.961018529790445,0.168482264843041,-0.0132143184559807,-0.159312984000973,0.000316125635140655,-0.00132080015438795,0.000656593450009424
0.905644011705836,0.178750921709999,-0.01286404371743,-0.173465796286231,0.000127973476240826,-0.00136581197745838,0.000648563927593177
0.848635468923277,0.188631560778709,-0.012483732431064,-0.187296773930639,-8.31971674024053e-05,-0.00140552385386982,0.000628311932865007
0.790089126896332,0.197988217197768,-0.0120688858397818,-0.200741504519455,-0.000318323974803241,-0.00144100712337375,0.000596563335193124
0.730095937703553,0.206681196371887,-0.0116140700770888,-0.213735792134463,-0.000577595328603608,-0.00147349382443073,0.000554299852100479
0.668743806795914,0.214570590794751,-0.0111129006272517,-0.226216250902396,-0.000860324135222409,-0.00150432677579634,0.000502733805579897
0.606120554431062,0.221520204177779,-0.0105580995269749,-0.238120961710349,-0.00116488059098629,-0.00153489354690057,0.000443279909980572
0.542317365470188,0.227401654248126,-0.00994163751530494,-0.249390176455804,-0.00148869942912258,-0.00156654978578872,0.000377524271167519
0.477432377267305,0.232098302000875,-0.00925496136596642,-0.259967022656966,-0.00182836821370588,-0.00160053897947992,0.000307190919915596
0.411574001780761,0.235508662336541,-0.00848929470846766,-0.269798157618032,-0.00217979207970541,-0.00163791683198952,0.000234105980116142
0.344863592358199,0.237549005704771,-0.00763598922615468,-0.278834323126851,-0.00253841896204711,-0.00167948810449371,0.000160159492938207
0.277437151407953,0.238154964536488,-0.00668689522478587,-0.287030762144578,-0.00289950042339016,-0.0017257620631344,8.72649561160706e-05
0.209445920279081,0.237282081795734,-0.00563471807037027,-0.294347471530154,-0.00325835878791758,-0.00177692995952572,1.73168614803903e-05
0.141055805611282,0.234905425113866,-0.00447333079535207,-0.300749318646774,-0.00361063187546633,-0.00183286516004288,-4.78536773021374e-05
0.0724458668672089,0.231018344023441,-0.0031980206872108,-0.306205978944713,-0.00395247305736491,-0.0018931431062061,-0.000106523596591301
0.00380601135844412,0.225630727570364,-0.0018056597414089,-0.310691796510897,-0.00428069185626889,-0.00195707729673275,-0.000157122715906808
-0.0646657623605191,0.21876695518151,-0.000294798813871448,-0.314185570064373,-0.00459283074018714,-0.00202376570730667,-0.000198276904301322
-0.132766309664368,0.210463792087209,0.00133430579575006,-0.316670317419598,-0.00488718177723159,-0.00209214238744901,-0.000228848285457567
-0.200290185471372,0.200768370783273,0.003079718036294,-0.318133022279199,-0.00516275258441048,-0.00216102976250618,-0.000247970580898001
-0.267032287696525,0.189736427585138,0.00493788562284423,-0.318564426490396,-0.00541919484848075,-0.00222918786791796,-0.000255078635816749
-0.332790135332393,0.177430808016914,0.00690372516950726,-0.317958845575717,-0.00565670853920338,-0.00229535832850457,-0.000249930363185225
-0.397365761068634,0.163920265669291,0.00897071770577864,-0.316314022389234,-0.00587593431130905,-0.00235830158424548,-0.00023262017513502
-0.460567218889951,0.149278526671544,0.0111310066567581,-0.313631012256457,-0.00607784413707529,-0.00241682676477987,-0.000203583083084719
-0.522209742442386,0.133583576006575,0.0133754943583465,-0.30991409181617,-0.00626363762463133,-0.00246981415083939,-0.000163589026561571
-0.582116606516524,0.116917114920971,0.0156939363963069,-0.305170682795358,-0.00643464897416202,-0.00251623053224208,-0.000113727358295622
-0.640119748745563,0.0993641399032626,0.0180750353116764,-0.299411282532355,-0.00659226741630501,-0.00255513802428631,-5.53817750283175e-05
-0.696060207494243,0.0810125990972722,0.0205065365529968,-0.292649394254439,-0.00673787237089227,-0.00258569709444317,9.80368092438166e-06
-0.749788423583895,0.0619530900892338,0.0229753299424979,-0.28490145163372,-0.00687278343039039,-0.00260716471074749,7.99666252298618e-05
-0.801164444755594,0.042278570780696,0.025467559748595,-0.276186733379286,-0.0069982245461335,-0.00261888866926732,0.000153075164263192
-0.85005806265181,0.0220840621151022,0.0279687458641679,-0.266527264668492,-0.00711530135951042,-0.00262029928167486,0.000226982176765005
-0.896348901969241,0.00146632804711459,0.0304639177072274,-0.255947703476434,-0.00722499037260485,-0.00261089968786735,0.000299483503930608
-0.939926475529153,-0.0194764771072743,0.0329377616138919,-0.244475210906448,-0.00732813851624186,-0.00259025608162737,0.000368378393336131
-0.980690213065428,-0.0406451990876122,0.0353747815519235,-0.232139306208203,-0.00742547157749912,-0.00255798907749618,0.00043153046645029
-1.01854946747673,-0.0619401126730456,0.0377594720550609,-0.218971709114543,-0.00751760986820453,-0.00251376729420135,0.000486927444644624
-1.05342350090633,-0.0832613863717573,0.0400765014175778,-0.205006174009455,-0.00760508944361986,-0.00245730398240834,0.000532737879859548
-1.08524145196383,-0.104509576134566,0.0423109022980193,-0.190278322407741,-0.00768838712443122,-0.00238835719540787,0.000567363196605522
-1.11394228583627,-0.125586138316454,0.044448266071349,-0.174825481550978,-0.00776794756141963,-0.00230673361544887,0.000589483470976882
-1.13947472979879,-0.146393949626484,0.046474936553128,-0.158686537477824,-0.00784421063306235,-0.00221229574189,0.000598095553974576
-1.16179719753934,-0.166837820359964,0.0483781981903496,-0.141901810383524,-0.00791763760072446,-0.00210497176172468,0.00059254239110475
-1.18087770664438,-0.186824987117526,0.0501464535652294,-0.124512958292493,-0.00798873466880085,-0.00198476709960836,0.000572532691453172
-1.19669379372521,-0.206265572110818,0.0517693851068819,-0.10656291248458,-0.00805807289532341,-0.00185177642101502,0.000538150442035521
-1.20923243137667,-0.225072998119728,0.0532380962970772,-0.0880958449772593,-0.0081263037461693,-0.00170619476314988,0.000489854126811936
-1.21848995041741,-0.243164350910459,0.0545452283550633,-0.0691571651159986,-0.00819416994583509,-0.00154832650300015,0.000428465868354791
-1.22447196965032,-0.260460683933448,0.0556850492993957,-0.0497935395404503,-0.0082625116093285,-0.00137859103422755,0.000355151037679038
-1.22719332494453,-0.276887257953238,0.0566535113910173,-0.0300529261959096,-0.0083322677650923,-0.00119752453119234,0.000271389165709554
-1.22667804735055,-0.292373741566348,0.0574482864262427,-0.0099846256472903,-0.00840447451712848,-0.0010057760879125,0.000178937098232494
-1.2229592704135,-0.306854319873389,0.0580687553601966,0.0103606864025263,-0.00848025858796417,-0.000804100556384409,7.97857974235828e-05
-1.21607920010626,-0.320267765336186,0.0585159779657011,0.0309309148577467,-0.00856082874591312,-0.000593345839490413,-2.38883150212488e-05
-1.20608907137661,-0.33255742515545,0.0587926262837042,0.0516725076578526,-0.0086474642053513,-0.000374436326564587,-0.000129776114608936
-1.19304907373566,-0.343671226776831,0.0589029021753576,0.0725304537363786,-0.00874150245734451,-0.000148354213354963,-0.000235491023784281
-1.17702828306454,-0.353561534663251,0.0588524122060297,0.0934482631197214,-0.00884432394975766,8.38822450183059e-05,-0.000338626266852012
-1.15810456244439,-0.36218499942617,0.0586480272182853,0.114367970179064,-0.00895733687482635,0.000321240155459511,-0.000436812402187248
-1.13636443659521,-0.369502335380571,0.0582977182277372,0.135230141141823,-0.00908196153137569,0.000562692769478146,-0.000527774196971095
-1.11190293109381,-0.375478033867903,0.0578103739392158,0.155973888201032,-0.00921961532544428,0.000807238128395719,-0.000609385623242535
-1.08482336952833,-0.380080008479617,0.057195604026892,0.176536891531616,-0.00937169949079739,0.00105391444753252,-0.000679721746383116
-1.05523712216358,-0.383279167542687,0.056463533097169,0.196855432950003,-0.00953958883243625,0.00130181138898763,-0.000737106219257659
-1.02326330057049,-0.385048907895623,0.0556245909081798,0.216864447383047,-0.0097246259505961,0.00155007673889981,-0.000780153040867378
-0.989028394231588,-0.38536452182209,0.054689304839905,0.23649760037635,-0.00992812142067627,0.00179791844268954,-0.000807801207522698
-0.952665847734091,-0.384202505724801,0.0536681007136689,0.255687401027702,-0.0101513612146441,0.00204460242266318,-0.000819340895200541
-0.914315580491401,-0.381539754722158,0.0525711178207302,0.274365360177679,-0.0103956221887159,0.00228944706332551,-0.000814429879754081
-0.874123455846509,-0.377352622011776,0.0514080435219762,0.292462203048691,-0.0106621956677717,0.00253181563821909,-0.000793099034818005
-0.832240712698496,-0.37161581630022,0.0501879721730117,0.309908144461031,-0.0109524179775598,0.00277110821090914,-0.000755745950140117
-0.788823381067339,-0.364301106117959,0.0489192926491083,0.326633233724874,-0.0112677051528803,0.00300675461123913,-0.000703115986380025
-0.744031713633951,-0.355375798545075,0.0476096086714809,0.342567776130466,-0.0116095869170556,0.00323820991492566,-0.000636270429370425
-0.698029678907537,-0.344800965134185,0.0462656967576332,0.357642839495643,-0.0119797322999778,0.00346495339923245,-0.000556541840721604
-0.650984579038569,-0.332529404825512,0.0448935081994285,0.371790858207888,-0.0123799558459242,0.00368649117965559,-0.000465477254474783
-0.603066876476084,-0.318503370092377,0.0434982241773648,0.384946354297942,-0.0128121891985674,0.00390236163723011,-0.000364770600880838
-0.554450338207428,-0.30265214954734,0.0420843769674344,0.397046805269602,-0.0132783980036695,0.00411214132105824,-0.000256186743263775
-0.505312631077917,-0.284889712593395,0.040656054883329,0.4080337009317,-0.01378041891675,0.00431544728733279,-0.000141480922318794
-0.455836519217768,-0.265112797005691,0.0392172132602299,0.41785384394767,-0.0143196870357247,0.00451192991292309,-2.23193638967776e-05
-0.406211809898353,-0.243200074622973,0.0377721165999551,0.426460956321197,-0.0148968223433332,0.00470124833828364,9.97905576676421e-05
-0.356638140916405,-0.219013367428574,0.0363259346624886,0.433817647859191,-0.0155110483480238,0.00488301934947821,0.000223548914660408
-0.307328562435411,-0.192402277851935,0.0348855026579068,0.439897769057085,-0.0161594325193159,0.00505673060299976,0.000347875291557931
-0.258513591159327,-0.163213950301757,0.0334602259943236,0.444689091822608,-0.0168359731970776,0.00522161204219396,0.000471866111058626
-0.210444967243644,-0.131309802380492,0.0320630567592361,0.448196118813937,-0.0175306174318873,0.00537646695371744,0.000594678730161443
-0.163397738642462,-0.0965906432214998,0.030711390663525,0.450442609127669,-0.0182283787405886,0.00551947792347301,0.000715329248897651
-0.117668663818396,-0.059030257496666,0.0294276405234476,0.451473149579048,-0.0189088190727319,0.00564802282922983,0.000832405755948054
-0.0735685702673424,-0.0187150231566549,0.0282391671861075,0.451352876849281,-0.0195462295127724,0.00575855791777249,0.00094372520672153
-0.0314067030982024,0.0241163493463705,0.0271772444645499,0.450164410048481,-0.0201108321781645,0.00584663929536479,0.0010459980152738
0.00853331274450719,0.0690423163169043,0.0262748592730207,0.448001356717215,-0.0205711729472377,0.00590714674235127,0.0011345993709545
0.0460234648916085,0.115448203616487,0.0255634254633703,0.44495850557103,-0.020897564331426,0.00593473294910193,0.00120356161632351
0.0809216251755969,0.162544937439483,0.0250688643538986,0.441119906970922,-0.0210660410660654,0.00592444910450425,0.00124587785957734
0.113194307513702,0.209419107372561,0.0248078318528268,0.436547087366699,-0.0210619714404841,0.00587241827088912,0.00125413614606892
0.142924704251171,0.255107525412599,0.0247849766759101,0.431270119400983,-0.0208824097539465,0.0057763811621724,0.0012214037067485
0.170302500353852,0.298681496143485,0.0249919011365998,0.425283803204176,-0.020536563970739,0.00563595782343412,0.00114219241777811
0.195597427314108,0.339323035149465,0.0254080289948618,0.418549878404115,-0.0200442919410255,0.00545255385800786,0.00101330167723278
0.219123245959918,0.376378584461082,0.0260030614091701,0.411004516206899,-0.019433095152007,0.0052289540920932,0.000834370576317145
0.241200788487727,0.409383459475597,0.0267403358074804,0.402569032963068,-0.0187344190945004,0.00496873742587846,0.000608058846238724
0.2621274281223,0.438058608769135,0.0275803054256282,0.393161277479555,-0.0179800948816277,0.00467567879578874,0.000339874454908786
0.282157051574034,0.462287092128299,0.0284835039809625,0.382705489735595,-0.017199528519215,0.00435327650999437,3.77368650950836e-05
0.301491036663042,0.482079762438832,0.0294126378113434,0.371139280687425,-0.0164179111758087,0.00400448103265053,-0.00028860796571518
0.32027818128738,0.497538620540273,0.0303337351610387,0.358417324798544,-0.0156554263634668,0.00363163582961108,-0.00062821607504324
0.338620415266348,0.508823705340684,0.0312165000684694,0.344512093128871,-0.0149272433613489,0.00323659300544703,-0.000969544782327222
0.356581196206906,0.516126570882922,0.0320341395096205,0.329412377073449,-0.0142440180060656,0.00282094220203367,-0.00130098529539309
0.374194219392601,0.51965118793269,0.0327629651954284,0.313120493862586,-0.0136126400164895,0.00238628638423244,-0.0016113184364532
0.391470988267858,0.519601716072234,0.033382037565537,0.295649016290933,-0.0130370288208038,0.00193450513154378,-0.00189009882683979
0.408406608860344,0.516175905350549,0.0338730415793864,0.277017717946407,-0.0125188543295586,0.00146795861278036,-0.00212797785085367
0.424983771561922,0.509562670533023,0.0342204815234173,0.257251229289626,-0.0120581255825057,0.000989600128521262,-0.00231697357010228
0.44117525474789,0.499942426642921,0.0344121737710889,0.236377690332782,-0.0116536400436102,0.000502980773857389,-0.00245069028861703
0.456945460231495,0.487488947073261,0.0344399216769085,0.214428478630723,-0.0113033175369935,1.2145957915922e-05,-0.00252448495319572
0.472251514672892,0.472371737582896,0.0343001946594094,0.19143890092573,-0.0110044567821509,-0.000478560684505864,-0.00253557432751007
0.487044386333135,0.454758182590023,0.0339946182773448,0.167449581139225,-0.0107539522627629,-0.00096475683609222,-0.00248307704587553
0.501270313922886,0.434814997541364,0.0335301175805714,0.142508176493256,-0.0105484988774388,-0.00144230620976416,-0.00236798816085244
0.514872664232548,0.412708792259634,0.032918632538564,0.116671023446632,-0.0103847963161533,-0.00190758737846503,-0.00219308954125361
0.527794165100041,0.388605791831174,0.0321764205433749,0.0900043639083776,-0.0102597493307492,-0.00235770976867168,-0.00196280579129279
0.539979334471052,0.362670947335045,0.0313230500792696,0.0625849171026199,-0.0101706481172118,-0.00279064973781384,-0.00168302054848069
0.551376868063288,0.335066776792822,0.0303802479731728,0.0344997134315648,-0.0101153074267073,-0.00320529284482751,-0.00136087075377967
0.561941764242989,0.30595229470055,0.029370776457902,0.00584525423808813,-0.0100921443514592,-0.00360138188192524,-0.00100453605610788
0.571637027031832,0.275482332570168,0.0283174885121256,-0.023273834672276,-0.0101001821377912,-0.00397938134526814,-0.000623036927574937
0.580434994288094,0.243807379622683,0.0272426323447318,-0.0527464191318645,-0.0101389761048591,-0.00434027639665902,-0.000226049069504841
0.588318201226243,0.211074026693262,0.026167438008331,-0.0824565514210673,-0.0102084751680238,-0.00468532655597077,0.000176264967592702
0.595280208433426,0.177425799974765,0.0251118871854996,-0.112285014338692,-0.0103088335978511,-0.00501579627850102,0.000573413073268355
0.601326492039646,0.143004195291356,0.0240945767672519,-0.142110613438605,-0.0104402046887526,-0.00533268169761199,0.000954730223673549
0.606475767285092,0.107949578456784,0.0231325356186472,-0.17181113742427,-0.0106025460006246,-0.00563645324283378,0.00130954773078128
0.610762025828974,0.0724016266957999,0.0222408849697715,-0.201263983006037,-0.0107954659045338,-0.00592683359711906,0.00162738765915887
0.614237514920373,0.0364990309998888,0.0214322863007693,-0.230346494496396,-0.0110181325684824,-0.00620263111359601,0.00189819123929461
0.616976766801852,0.000378299555488567,0.0207162024139051,-0.258936114061253,-0.0112692507530684,-0.00646164840554115,0.00211258339583468
0.619081607539765,-0.0358283032741851,0.0200980901569513,-0.286910472283998,-0.011547088719846,-0.00670068255247499,0.00226216678146883
0.620686832369003,-0.0719953869054553,0.0195787248475835,-0.31414756776626,-0.0118495091713203,-0.00691562579915212,0.00233982973220247
0.621965919689385,-0.108007032576035,0.0191539026532863,-0.340526187812923,-0.0121739289265259,-0.0071016637942422,0.00234004588221432
0.623135741414505,-0.143758445852225,0.0188147587436601,-0.365926712322223,-0.0125171092129486,-0.00725355454625782,0.00225914163972554
0.624458663690897,-0.179155476835258,0.0185488683582291,-0.390232424347396,-0.0128746720382443,-0.007365959710371,0.00209551359479954
0.626239665427419,-0.214110652469936,0.0183421706902163,-0.41333142695648,-0.0132402614481352,-0.0074337958630133,0.00184979186809629
0.62881515305482,-0.248534412041884,0.0181815843794623,-0.435119231033582,-0.013604339452116,-0.00745258110127694,0.00152496548484357
0.632529284856914,-0.282320709802986,0.0180579779095593,-0.455502008941656,-0.0139527467144447,-0.00741877150211939,0.00112650663126148
0.637693602171765,-0.315327386205753,0.0179689233828463,-0.474400363065871,-0.014265383120078,-0.00733010544010143,0.000662542228411653
0.644528025578225,-0.347354059263149,0.0179204242363975,-0.491753200064147,-0.0145156507164208,-0.00718598508297256,0.0001441089433863
0.653087515381037,-0.378123663635061,0.0179266697437216,-0.507520950741447,-0.0146715364011119,-0.00698790007434017,-0.000414524671784372
0.663189318767433,-0.407276901251403,0.0180070529804886,-0.521687069026426,-0.0146991472409932,-0.00673982054659877,-0.000995583328059659
0.67436716269767,-0.434388934160682,0.0181804472683193,-0.534256738563807,-0.0145688504856664,-0.00644837032892962,-0.00157778829898352
0.685882176233513,-0.459011607931007,0.0184580506540563,-0.54525224257715,-0.0142628660496465,-0.00612251176119026,-0.00213692913632337
0.696806259621185,-0.480732681806363,0.0188373515488679,-0.55470545327787,-0.0137817810448858,-0.00577254583537034,-0.00264720264178577
0.706162821116928,-0.499232410377716,0.0192998742457931,-0.562648898708579,-0.0131470962181502,-0.00540850750145974,-0.00308325255944335
0.713079675087774,-0.514316477567313,0.0198137782625552,-0.569107275697408,-0.0123982864084671,-0.00503839304224479,-0.00342252555994609
0.716902093314395,-0.525915534201214,0.0203399545877434,-0.574090927281024,-0.0115853298718654,-0.00466684002262118,-0.00364739350628443
0.717236391965142,-0.534057678615456,0.0208387143843374,-0.577592105689205,-0.0107595705902351,-0.00429472836396907,-0.0037465879387613
0.7139285352821,-0.538829982222288,0.0212744928656692,-0.579584310761104,-0.00996594895948375,-0.00391977930203172,-0.00371576437141579
0.707005017433395,-0.540344281655741,0.0216176129430331,-0.580024703073161,-0.00923835001338053,-0.00353785419522019,-0.00355727906865396
0.69660594596746,-0.538715072010829,0.0218437304387034,-0.578859258256542,-0.00859822548219899,-0.00314448563912667,-0.00327940395588854
0.682929627471388,-0.534049855682843,0.0219322602697535,-0.576029804150179,-0.00805562896357052,-0.00273622216442474,-0.00289522748629673
0.66619514930611,-0.526448171210617,0.0218648794926889,-0.571481569797104,-0.00761152755640878,-0.00231153596553486,-0.00242144734237376
0.646621004686617,-0.516004743373013,0.0216246041237682,-0.565169703781623,-0.00726044609070806,-0.00187122380176177,-0.00187720146579912
0.624414651496963,-0.502813283340213,0.021195398155708,-0.557063530591594,-0.00699284753791946,-0.00141836181457666,-0.00128302690585965
0.599768178470422,-0.486969069413538,0.0205620091208849,-0.547147980171034,-0.00679697211395958,-0.000957938461534742,-0.000659986543553684
0.57285688068749,-0.468569815950853,0.0197097340929321,-0.53542238247519,-0.00666008574702809,-0.000496297613148523,-2.89642337052288e-05
0.543839196566522,-0.447715246891129,0.0186239951067714,-0.521897428844497,-0.00656922545281502,-4.04994921558414e-05,0.00058989822587883
0.512857588683315,-0.424506235764569,0.0172898181690369,-0.506591439542048,-0.00651159382857094,0.000402326137496683,0.00117766232763008
0.480040489085233,-0.399044439856342,0.0156914688488786,-0.489527120050337,-0.00647476769750401,0.000825586111180382,0.00171699280254597
0.445505501001673,-0.371433133011799,0.0138125455815341,-0.470729775538555,-0.00644686333451343,0.00122375313286639,0.00219252675876697
0.409363825163919,-0.341779517984412,0.0116367554512336,-0.45022754543724,-0.00641675531532275,0.00159278276423847,0.00259122536404594
0.371725536018396,-0.310198278262378,0.00914942076718755,-0.428053695307516,-0.00637438850584786,0.00193037976929799,0.00290270128644506
0.332704950225249,-0.276815641745266,0.00633952404031792,-0.404250467432896,-0.00631116620239407,0.00223608080701873,0.00311949705153291
0.29242532717113,-0.241772908893676,0.00320193728854196,-0.378873540881354,-0.00622034782164123,0.00251113033091192,0.00323727711312265
0.25102194559313,-0.20522840246955,-0.000260678658559768,-0.351995977506551,-0.00609737067229618,0.00275816288972343,0.0032548968983777
0.208643131156833,-0.167357069544443,-0.00403672675856385,-0.323710594965473,-0.00594001336977371,0.00298073171980686,0.00317432282288024
0.165449169428605,-0.128347555166013,-0.00810554017151027,-0.294130120954656,-0.00574835251039854,0.00318275524549364,0.00300039956394985
0.121609536847806,-0.0883972147807691,-0.012438259317904,-0.263385054607899,-0.00552451238228669,0.00336796610333508,0.00274048660544435
0.0772991957224419,-0.0477059577570678,-0.016999476351443,-0.231619691038837,-0.0052722540831711,0.00353944100930636,0.00240400757119246
0.0326948836645369,-0.00647025798420442,-0.0217492211119871,-0.198987254340315,-0.0049964823135991,0.00369926813410013,0.00200196839335082
-0.0120278963361434,0.035121616644175,-0.0266448659311406,-0.165645123732931,-0.00470275385035419,0.00384837770945996,0.00154649803051001
-0.0566966783815223,0.0768924275180767,-0.0316425989853183,-0.131750998843093,-0.00439685778502212,0.00398653322995133,0.00105045299910033
-0.101142490363173,0.118676341175656,-0.03669828143777,-0.0974606338057279,-0.00408450874054151,0.00411246197375256,0.000527108440022745
-0.145199169124563,0.160317013916443,-0.0417677011552765,-0.0629272745826096,-0.00377116103854254,0.00422409403574341,-1.00634648488086e-05
-0.188702064602339,0.201663892277944,-0.0468064036974904,-0.0283025347815959,-0.00346192271973351,0.00431887909049183,-0.000547546006262925
-0.231487069577586,0.242567755006566,-0.0517694216774575,0.00626207026938185,-0.0031615268920588,0.00439415312475639,-0.00107189581621761
-0.273391044370585,0.282876785291215,-0.0566112746060988,0.0406140057107409,-0.00287430897448264,0.00444752764346818,-0.00156986624785176
-0.314253531633323,0.322433485003711,-0.0612864480887206,0.0745992768834123,-0.00260414878560967,0.00447726833732805,-0.0020285586294671
-0.35391828446441,0.361071505021997,-0.0657503242651307,0.10806180596782,-0.00235435531405532,0.00448262633582155,-0.00243560384724803
-0.392234522046745,0.398612883220909,-0.0699606056754652,0.140842833338228,-0.00212747677344368,0.00446408629421712,-0.00277939336362446
-0.429059198803767,0.434867532642072,-0.0738792630802124,0.172781794835078,-0.00192503473024527,0.00442349323501234,-0.00304938792373168
-0.464260628161713,0.469635988709599,-0.077474812410559,0.203719319653705,-0.00174721235714858,0.00436401741397629,-0.00323650033551472
-0.49772231203918,0.502714748418808,-0.0807244087440842,0.23350167118727,-0.00159256101434561,0.00428993110287016,-0.00333351369886541
-0.529345725928716,0.533903063733838,-0.0836152159743591,0.261985612637712,-0.0014577986110434,0.00420620086744087,-0.00333548331545119
-0.559051131383415,0.563009893139499,-0.086144635425415,0.289042701140797,-0.00133776251969684,0.00411793571921742,-0.00324007001841372
-0.586775952898729,0.589859734083592,-0.088319225545877,0.314562198861822,-0.00122554962826607,0.00402976486760938,-0.00304776219859899
-0.612470802911489,0.614296327822303,-0.0901524592209684,0.338452144259769,-0.00111283291083288,0.00394523824956375,-0.00276196230147599
-0.636093770059526,0.636183744134972,-0.0916617556664869,0.360638604455494,-0.000990300022310957,0.00386634188344973,-0.00238893670656901
-0.657603961306575,0.655404979597463,-0.0928653985991562,0.381063599965228,-0.000848128903525429,0.00379319903796594,-0.00193764909935134
-0.676955410508894,0.671858747675123,-0.0937799595322476,0.399682513723668,-0.000676408011996862,0.00372399514100425,-0.00141951077335887
-0.694092323377653,0.685455439027613,-0.0944186926994302,0.416461871879365,-0.000465426483108315,0.00365513063535285,-0.000848083797480941
-0.708946295675213,0.696113216283665,-0.0947911146909263,0.431378199344922,-0.000205796570380814,0.00358158106183387,-0.000238765259782684
-0.721435733529853,0.703754913882822,-0.0949037061049016,0.444418267042717,0.000111582864745622,0.00349743109529555,0.0003915338809981
-0.731467327265753,0.708305948652334,-0.0947614422783276,0.455580562182902,0.000495667514403955,0.0033965459551811,0.00102471907858417
-0.73893915001703,0.709692949320456,-0.0943697163079723,0.46487734630752,0.000955422723655483,0.00327334189130717,0.00164187099069674
-0.743744795704653,0.707842414070977,-0.093736174518571,0.472336334378717,0.00149988046703033,0.00312360898357815,0.00222366239230909
-0.745777947392858,0.702678512434281,-0.092872040561233,0.478000940388107,0.00213798451297995,0.00294531951431588,0.00275086438843286
-0.744936894356673,0.694119241360729,-0.091792649753025,0.48192827766772,0.00287813191072722,0.00273932584134339,0.0032049633099792
-0.741128826736968,0.68207057125176,-0.0905171312215941,0.484184706299927,0.00372736569311185,0.00250982354850386,0.00356888745108317
-0.734274249363157,0.666418969277614,-0.0890674244046454,0.484839606519586,0.00469024183043846,0.00226444561768558,0.00382781049533233
-0.724312515853489,0.647023676191829,-0.0874670348322101,0.483958992416559,0.00576747221577615,0.00201387851027973,0.00396996346301179
-0.711210095513007,0.623711148468798,-0.0857400405872952,0.481601197573267,0.00695451810757784,0.00177095906910031,0.00398736129754005
-0.694973395757306,0.596274874610565,-0.0839107878720232,0.477816785531892,0.00824035816390111,0.00154931233177403,0.00387634637374743
-0.675667345593294,0.564483995841355,-0.0820044514994934,0.472653874262686,0.00960667215637784,0.00136169724556005,0.00363787560368807
-0.653439207241689,0.528103479906159,-0.0800482586567645,0.46616838290393,0.0110276649042543,0.00121830530982635,0.00327752498875002
-0.628544339549163,0.486926770555909,-0.078072827387592,0.458436843269741,0.0124707063324268,0.00112528122312951,0.00280523872638222
-0.60136763910141,0.440818835634427,-0.0761129131964317,0.449568073352179,0.0138978763297063,0.00108370065852926,0.00223488933651518
-0.572432497244718,0.389763766424848,-0.074206984629481,0.439709766974145,0.0152683639262897,0.00108916401696891,0.00158372805481414
-0.542389858610387,0.333907602171533,-0.0723954427760559,0.429047121735864,0.0165414797456095,0.00113206997890018,0.000871791453764959
-0.511984142594253,0.273585517863916,-0.0707178184076347,0.417792741595768,0.0176798409929622,0.00119853865011454,0.000121301908594056
-0.481999541872557,0.209324481895956,-0.0692097070752035,0.406169541393869,0.0186521669612335,0.00127187323766836,-0.000643930632975495
-0.453196904670503,0.141818291946033,-0.0679003390713081,0.394390397284122,0.0194351703475557,0.00133438819561609,-0.00139912168356517
-0.426254790186955,0.0718798387308142,-0.0668114501447926,0.382639123111529,0.0200142696581992,0.00136939326142533,-0.00211917062188205
-0.401726473728268,0.000382275445831255,-0.0659576120662818,0.37105674988406,0.0203831998750773,0.00136310427022849,-0.00277939969195488
-0.380018488263948,-0.0717966242446992,-0.0653476197930173,0.359735341568527,0.0205429094549469,0.00130624732529897,-0.00335640066021427
-0.361388826150721,-0.143815417637887,-0.0649861547374654,0.348719387988104,0.0205002624685363,0.00119513174759314,-0.00382899049526602
-0.345957696412192,-0.214890508628798,-0.0648749044266314,0.338012935683629,0.0202669673207201,0.00103200067476923,-0.00417923322437865
-0.333722701919538,-0.284301079361342,-0.0650126262048506,0.327589588890184,0.0198588918214661,0.000824546693489941,-0.00439343144984986
-0.324573069528748,-0.351385485959141,-0.0653941639006279,0.317402515031565,0.019295635084661,0.000584614606532549,-0.00446294822786837
-0.318301935994617,-0.415538089206576,-0.0660089382462474,0.30739244828682,0.0186000496971287,0.00032628470232382,-0.00438471247706632
-0.314619057258149,-0.476212358747022,-0.066839709062015,0.297492966454665,0.0177974191043178,6.36829544782119e-05,-0.00416130318224447
-0.313167066848281,-0.532930932434473,-0.0678623267549056,0.287633489335579,0.0169141733879368,-0.000191066335308671,-0.00380059171210329
-0.313542655698775,-0.585298817960188,-0.069046798222638,0.277741095784473,0.0159762685313597,-0.000429381430051571,-0.00331501789498757
-0.315321220714483,-0.633014009513433,-0.0703594780800267,0.267742253746003,0.0150075368539163,-0.00064704680688678,-0.00272064725320363
-0.318081349212444,-0.675870764542438,-0.0717657865714435,0.257565081824989,0.0140283639705462,-0.000844298989828019,-0.00203617992859816
-0.321424961823404,-0.713753549089162,-0.073232694503527,0.247142146939132,0.0130549622123532,-0.00102530835969532,-0.00128205574633641
-0.324989974330008,-0.746622644309074,-0.074730314604854,0.236413339380309,0.0120993509509305,-0.00119726574601784,-0.000479742912359687
-0.328454229526328,-0.77449447508546,-0.0762322122070084,0.225328180995002,0.0111699911106345,-0.00136927723950731,0.000348766186534392
-0.331531387202471,-0.797420526022037,-0.0777143862639521,0.213846990756477,0.0102728999587138,-0.00155121459230835,0.00118128220185127
-0.333960950723271,-0.815468499891187,-0.0791531946696245,0.20194056375494,0.00941300479621934,-0.0017526005618678,0.00199563502861687
-0.33549552074825,-0.828708597423519,-0.0805227662458279,0.189588326450485,0.00859547052948711,-0.00198155974489174,0.00276986332942317
-0.33588875811466,-0.837206786955978,-0.0817926337571474,0.176775252917182,0.00782674345982071,-0.00224385222125326,0.00348246521428987
-0.334887453269138,-0.841025800632734,-0.0829264035512392,0.163488118626886,0.00711508911630816,-0.00254203068537989,0.00411278743938484
-0.33223046880388,-0.840233310536149,-0.0838821892648723,0.149711880820866,0.00647047452731001,-0.00287480854387681,0.00464160385531678
-0.327656011350027,-0.834915305024674,-0.0846152186397744,0.135427049260252,0.00590376607644283,-0.00323677117746556,0.0050518881184612
-0.320916687871939,-0.825191305477829,-0.0850824669653891,0.120608796759077,0.00542537882610227,-0.00361857237620118,0.00532972276639482
-0.311799438945906,-0.811227191034766,-0.0852484877437929,0.10522824103852,0.00504368679045919,-0.00400770507287886,0.00546521937111751
-0.300145463809688,-0.793241581003163,-0.0850910422622632,0.0892558534244364,0.004763620505665,-0.00438981581661072,0.00545327735954238
-0.285864581683536,-0.771503246912277,-0.0846049635131111,0.072666425258437,0.00458586983047269,-0.00475037941329431,0.00529400977627807
-0.268939684083299,-0.746319576660116,-0.0838030927246873,0.0554445981374929,0.00450695019069669,-0.00507642787774808,0.00499272554532137
-0.249419764476619,-0.718018774907187,-0.0827139980330179,0.0375897768918062,0.00452012703926466,-0.00535799810163689,0.00455946380968893
-0.22740336832497,-0.686930175643477,-0.0813771707412225,0.0191193621046429,0.00461693175796016,-0.00558904530158489,0.00400818596105606
-0.203016833019311,-0.6533671403575,-0.0798370820652123,6.962320959695e-05,0.00478884744601109,-0.00576772727541942,0.00335580161780114
-0.176392529293827,-0.617615686112413,-0.078137634817185,-0.0195059450375828,0.00502874046998223,-0.00589612704677305,0.00262121445143513
-0.147651487768948,-0.579929993119506,-0.0763181984608785,-0.0395404425058645,0.00533173437911682,-0.00597958687853853,0.0018245305426209
-0.116892970842642,-0.54053413386635,-0.0744118039241325,-0.0599588655196516,0.00569539589136244,-0.0060258511859362,0.00098650252012372
-0.0841915510361016,-0.499628268901293,-0.0724454545598144,-0.0806840198987669,0.00611926192391291,-0.00604417435519485,0.000128213945308814
-0.0496006345218086,-0.457397249634848,-0.0704420447690153,-0.101642138394916,0.00660384864060827,-0.00604447638608232,-0.000729044331901503
-0.013160298419282,-0.414019841704971,-0.0684231126478755,-0.122767332938055,0.00714934781603017,-0.00603655911847474,-0.00156378757528039
0.0250932862932996,-0.369677332823894,-0.0664115603645012,-0.144004084932183,0.00775424846391525,-0.00602935268474126,-0.00235433945444012
0.0651198239619581,-0.324560879735835,-0.0644335192995187,-0.16530711166622,0.00841413595767244,-0.00603015765780138,-0.00307892680062642
0.106871144669499,-0.278877459466541,-0.0625187092102461,-0.186638230471263,0.00912091484185559,-0.00604388391100425,-0.00371596091708465
0.150294035341582,-0.23285469182709,-0.0606989624862375,-0.20796036999017,0.00986265599201858,-0.00607235168685025,-0.00424457117760185
0.195340609284401,-0.186745096667543,-0.0590050639322595,-0.229229659214154,0.0106241578578907,-0.00611378976659979,-0.00464540472590861
0.241984953371144,-0.140830515239742,-0.0574626292725323,-0.25038738646172,0.0113881252792563,-0.00616270456143826,-0.0049016335159624
0.290241970410518,-0.0954273602911501,-0.0560882387072121,-0.271354195510346,0.0121366399035052,-0.00621026720176788,-0.00500003388919511
0.340181705506112,-0.0508929074586612,-0.0548872121798724,-0.292028757026464,0.0128524075144737,-0.00624525967030642,-0.00493195467892233
0.391931120473783,-0.00763186741875979,-0.0538540760263872,-0.312292126665295,0.0135192289335373,-0.00625546303094686,-0.00469399754266049
0.445656167354692,0.0338990070114531,-0.0529759516193211,-0.332017329079383,0.0141213270571216,-0.00622922680108055,-0.00428830714028363
0.501520325550188,0.0731922565185926,-0.0522380769381962,-0.351082031020636,0.0146415560709854,-0.00615690041613751,-0.00372248506667374
0.559620988817982,0.109702365762894,-0.0516298605781797,-0.369381164770284,0.0150590050041588,-0.00603186844169445,-0.00300925226962999
0.619911374880494,0.142875251096062,-0.0511495797286642,-0.386836369199526,0.0153469242038277,-0.00585108141351029,-0.00216604409682575
0.682122120490966,0.172197884798872,-0.0508061511998987,-0.403400018914105,0.0154721026796177,-0.0056151391566666,-0.00121470870556237
0.745702202876801,0.1972658070008,-0.0506172097185846,-0.419053059481071,0.0153967013171099,-0.00532808434531874,-0.000181400078087854
0.809800947537901,0.217857570785895,-0.0506038252422336,-0.433797488530844,0.015083038157655,-0.00499705467939181,0.000903365451705154
0.873308115577839,0.233995893806005,-0.0507833619151278,-0.447645726604225,0.0145009348852192,-0.00463182640210834,0.00200465629381354
0.934954736609942,0.245970965684185,-0.0511629089862709,-0.460609765279503,0.0136361370286261,-0.00424411881669226,0.00308335772235431
0.993455528263031,0.254308215724515,-0.0517359192381082,-0.472692308295041,0.012497420505141,-0.00384642610046968,0.00409701710252664
1.04765373793856,0.259682446722592,-0.0524837085348225,-0.483880168680249,0.0111198409923624,-0.00345021768403339,0.00500156325494311
1.09662415154579,0.262804654008212,-0.0533813258261909,-0.49413812651231,0.00956251389987335,-0.00306364955411378,0.00575396346517214
1.13970686823686,0.264321913336815,-0.054404909365576,-0.503401145498002,0.00790109616013085,-0.00268934647609683,0.00631559375174595
1.17647587167181,0.26476311595243,-0.0555365250028729,-0.511565209568243,0.00621696324669657,-0.00232309051014976,0.00665581121729328
1.20667371959882,0.264537509649882,-0.0567637010386555,-0.518480692170899,0.00458605168398915,-0.00195413251790229,0.00675503720740704
1.23015071502978,0.263966078964827,-0.0580739842262368,-0.52395408456536,0.00307010689311918,-0.00156729529847522,0.00660666953155979
1.24683247038183,0.263314933744541,-0.0594479276238888,-0.527761912684511,0.00171194145262044,-0.00114631774232707,0.00621737619639601
1.25671676762302,0.262809056987921,-0.060854935346568,-0.529675498956456,0.000534900686185636,-0.000677400894041451,0.00560573646346609
1.25988448940235,0.262623776689655,-0.0622547204083845,-0.529490078190555,-0.000454399422803513,-0.000151928478096273,0.00479964120725965
1.2565069472451,0.262866069400404,-0.0636040126690903,-0.527049787710993,-0.00126157225570074,0.000432201339617587,0.00383315111210474
1.24683945854309,0.263561110412571,-0.0648655689595669,-0.522262009624516,-0.00189971103988583,0.00107058744866614,0.00274352303427341
1.23120050885267,0.264653655440849,-0.0660157232708922,-0.515098762552188,-0.00238550129001397,0.0017532132325452,0.00156889188399238
1.2099417493627,0.266025517775954,-0.0670475797019792,-0.505586856698878,-0.00273675121038483,0.00246565612233129,0.000346784959132531
1.18341554413022,0.267524591419136,-0.0679686147374648,-0.493790820563124,-0.00297139848943934,0.00319024979213814,-0.000886612720198404
1.15194571093235,0.268998768952875,-0.0687930959098471,-0.479793099754514,-0.00310771509664325,0.00390711645589751,-0.00209667001388271
1.11580559539359,0.270328423021255,-0.069530989885742,-0.463675487059248,-0.00316525092058244,0.00459522277307901,-0.00325027356241646
1.07520665538629,0.271452174354639,-0.0701759392675276,-0.445504960338061,-0.00316597654675355,0.00523371097507551,-0.00431580810807827
1.03030012638512,0.272381595087416,-0.0706954924473471,-0.425326419367076,-0.00313506202919367,0.00580369111442307,-0.00526337799960597
0.98119327248935,0.273201449719112,-0.0710269279308523,-0.403164063761059,-0.00310076868472523,0.0062904685756366,-0.00606543302329243
0.92797939165787,0.274053808432965,-0.0710813461392123,-0.379031921190545,-0.00309308731138498,0.00668588287811872,-0.00669786365081752
0.870776968920465,0.275107508484531,-0.0707568475948742,-0.352952024186235,-0.00314108093913273,0.0069901601215294,-0.00714148236010674
0.809769161881832,0.276518725565727,-0.0699586853421317,-0.324976193367717,-0.00326935933313375,0.00721258204502187,-0.00738362493879436
0.745232315914133,0.278392290017226,-0.0686212145760156,-0.295205301211785,-0.00349456953007478,0.00737047394580822,-0.00741945512964722
0.677543729174739,0.280754533189859,-0.0667248544818689,-0.263799644535741,-0.00382298026488601,0.00748650625617809,-0.00725253465968209
0.607165001702947,0.283545381150964,-0.0643024143603012,-0.230976462085219,-0.00424998188807577,0.00758489619313104,-0.00689438789804476
0.534605701474004,0.286630956119391,-0.0614328669495299,-0.196995013536695,-0.00476167510720742,0.00768748462052779,-0.0063630991096888
0.460378595444173,0.289831138651564,-0.0582251787540183,-0.162133903731835,-0.00533799776153198,0.00781064004820898,-0.00568128443882812
0.384959128467007,0.292952622004716,-0.0547978526021226,-0.126667352069677,-0.00595640437613689,0.00796354448097131,-0.00487393233009973
0.308758153340316,0.295818215765583,-0.0512602116219579,-0.0908461714722417,-0.00659512932328356,0.0081478895276195,-0.00396655704332427
0.232110836021346,0.298286388694286,-0.0476996221734661,-0.0548863544530382,-0.00723541741637734,0.0083586183806175,-0.00298392705156608
0.155279454715863,0.300259004429132,-0.0441762404294357,-0.0189651266868665,-0.00786254686783929,0.00858521296419844,-0.0019494253352603
0.078465155644521,0.301678375224402,-0.0407246730777656,0.0167775899488013,-0.00846580260886932,0.00881310370984076,-0.000884953996263787
0.00182405013080881,0.302516164156643,-0.0373608065421229,0.0522347508847304,-0.00903771152668667,0.00902496931827776,0.000188768896755745
-0.0745154589979553,0.302757230004862,-0.0340916749747713,0.0873266492747403,-0.00957287200365931,0.00920188170617417,0.00125167892147433
-0.150435636080192,0.302381358045703,-0.0309263347431796,0.121995223429442,-0.0100666665963644,0.00932439344243549,0.00228375049647867
-0.225813399316113,0.301345741622944,-0.027885857412105,0.156198419535102,-0.0105140985822563,0.00937373326796005,0.00326444248643641
-0.300505969137735,0.299571266041749,-0.0250106055198086,0.18990426643761,-0.0109089630315556,0.00933326006750971,0.00417234764391965
-0.374338589912053,0.296935850910994,-0.022363041908445,0.223083829985367,-0.0112435375536768,0.00919022904827944,0.00498518406716212
-0.447095519650217,0.293278172248197,-0.0200245890180844,0.255702467575483,-0.0115089419535074,0.00893774718498345,0.005680242308684
-0.518515849626494,0.288413933911465,-0.0180859624099823,0.287709475846093,-0.0116962138612102,0.00857658318255092,0.00623534681365288
-0.588296001361253,0.282164231678208,-0.0166320226042376,0.319027501479852,-0.0117979700927578,0.00811631705632188,0.00663028579056191
-0.656099961320955,0.274391511686941,-0.0157242745098215,0.349544305230891,-0.0118102941953189,0.00757527786895713,0.00684851957132138
-0.721576470717037,0.265034578987634,-0.0153858048565681,0.379109952441651,-0.0117343058386661,0.00697891645709853,0.00687884097380257
-0.784380115070332,0.254132302825171,-0.0155935601409518,0.407541655610117,-0.0115768511518871,0.006356686409991,0.00671660726270343
-0.844191724456846,0.241827886989989,-0.0162808425572043,0.434636360752081,-0.0113499723552588,0.00573800648608229,0.00636424830685086
-0.900733698335222,0.22835158803155,-0.0173493704673542,0.460188639845837,-0.0110692067367628,0.00514820803861666,0.00583096468476951
-0.953777851623584,0.213986977425286,-0.0186868923032873,0.484009792940194,-0.0107511507577454,0.00460535612515649,0.00513177024812415
-1.00314612476526,0.199030893862261,-0.0201848009956929,0.505944051591441,-0.0104109251894649,0.00411849167275512,0.0042861939653471
-1.04870663461252,0.183758231218973,-0.0217509843772159,0.525879178499789,-0.0100601281523052,0.00368736894495219,0.0033169790495282
-1.09036821478735,0.168400183135392,-0.0233154942377844,0.543750613758758,-0.0097056389729187,0.00330338519942043,0.00224902703413187
-1.12807582256194,0.153140536453088,-0.0248292199733215,0.559539663976666,-0.00934937452047311,0.00295124397566852,0.00110869798684007
-1.16180758360774,0.138130937280218,-0.026257643278616,0.573266651081019,-0.0089889119851203,0.00261095147232508,-7.65458977815667e-05
-1.19157252058784,0.123523402647503,-0.0275726347049195,0.58497963765991,-0.00861882074691014,0.00225992502441302,-0.00127825215428395
-1.21740668384531,0.109516093761492,-0.028745321797092,0.594738920750772,-0.008232574901852,0.0018751839788603,-0.00246699201628531
-1.23936474992553,0.0964051603542542,-0.0297426079195665,0.602597639025979,-0.00782499600899967,0.00143570585765997,-0.00361243690076763
-1.25750430770403,0.0846301303980888,-0.030529081381719,0.608580098997704,-0.00739522511657403,0.000925005860682108,-0.00468363279365527
-1.27186115806822,0.0747930627219895,-0.0310747453186704,0.612661783782576,-0.00695012924911437,0.00033382068983437,-0.0056495355241658
-1.28241638549963,0.0676256963431748,-0.0313671048822424,0.614757459117612,-0.00650766386266195,-0.000337496954868745,-0.00647976351980865
-1.28906041915912,0.0638814641496775,-0.0314238520461934,0.614724216420107,-0.00609896866683106,-0.00107749968776323,-0.00714545367077904
-1.29156606840516,0.0641500426327633,-0.0313004937746427,0.612382512623047,-0.00576715391043279,-0.00186372780328855,-0.00762018415969626
-1.28958907059608,0.0686341802334039,-0.0310872169228641,0.607550544632961,-0.00556074255537251,-0.00266473110416626,-0.00788118350007471
-1.28271353722107,0.0769750115862235,-0.0308924572580149,0.60008018079501,-0.0055216984559649,-0.00344397061011893,-0.00791123234993916
-1.27054270657651,0.0882239745541837,-0.0308168460789218,0.589882312186195,-0.00567173060614193,-0.00416509705601823,-0.00770135186830288
-1.25280676479706,0.10100547962093,-0.0309273656154719,0.576936819051147,-0.006003442468328,-0.00479767288588044,-0.00725351451390711
-1.22944126639277,0.113815968877805,-0.0312429233080455,0.561290600122949,-0.00648152501620092,-0.00532201050673135,-0.00658196335029227
-1.20060212123254,0.125334059350226,-0.0317370931856765,0.543049306017742,-0.0070536712286105,-0.00573177333185295,-0.00571213708951489
-1.16661848071264,0.134626909895193,-0.0323550334604232,0.522365446564686,-0.00766560718608579,-0.00603367438459955,-0.00467747107588528
-1.12791396677202,0.141210325975115,-0.0330357419793722,0.499423254913155,-0.00827362114035363,-0.00624473432014082,-0.00351537248495367
-1.08493103721764,0.144991403190524,-0.033730792440911,0.4744216156448,-0.00885090851120967,-0.00638836379907762,-0.00226373235908275
-1.03807899182506,0.146152127891298,-0.0344145764764784,0.447558195850218,-0.00938774360439639,-0.00649056903615018,-0.000958700732785246
-0.987709390537653,0.145023987061364,-0.0350852954851077,0.419018099302559,-0.00988756464404708,-0.00657704835550125,0.000366236529180008
-0.934113099789187,0.141981023770706,-0.0357584890008407,0.388968831230524,-0.0103613006415322,-0.00667132033657393,0.00168021795251666
-0.877531141134733,0.137359888753085,-0.0364557443699948,0.357561486662116,-0.0108215943593125,-0.00679360591587052,0.00295442288382252
-0.818173305533912,0.131405948986687,-0.0371912797368127,0.32493686351051,-0.0112778335384555,-0.00696003718626476,0.00416130382148464
-0.756240783977663,0.124242652572415,-0.0379590918654992,0.291234727813116,-0.0117324631314437,-0.00718182155792449,0.00527392029287585
-0.691950156115832,0.115863270732749,-0.0387235701818448,0.256604260565147,-0.0121789174587385,-0.00746417850545996,0.00626561931981219
-0.625555645966685,0.106146293273715,-0.0394166273852452,0.221213358122547,-0.0126015121283899,-0.00780513655201178,0.00711028543368684
-0.557365246751649,0.0948954128852073,-0.0399438387760517,0.185253952313304,-0.0129775484684683,-0.00819457404540129,0.00778332441024711
-0.487745499595588,0.0819006860658323,-0.0402001639620057,0.148940459207492,-0.0132815234952813,-0.00861410336894186,0.00826338650894993
-0.417110985332665,0.0670098091714816,-0.0400925147020965,0.112499743223101,-0.0134906808458461,-0.00903837794353279,0.00853456207957987
-0.345898725273778,0.0501912073049221,-0.0395629014990952,0.0761539353372835,-0.013590432095603,-0.00943802706643626,0.0085884855255511
-0.2745334210022,0.0315692678282379,-0.0386042926927898,0.0401009932188821,-0.0135778955682527,-0.00978377118026677,0.00842564839645513
-0.203393622241891,0.011419757389635,-0.0372633196411071,0.00449974463340512,-0.0134623026445331,-0.0100506686450673,0.00805540154198743
-0.132788286645846,-0.00987223629999164,-0.035629075488297,-0.0305354554352353,-0.0132621983656199,-0.0102212883061522,0.00749457887289436
-0.0629485433981255,-0.0318765900604619,-0.0338126209662712,-0.0649295683533483,-0.0130005529668275,-0.0102870209541131,0.00676515833162021
0.00596621625117348,-0.054183905966529,-0.0319245902556388,-0.0986343418693506,-0.0126994922573687,-0.0102474834665374,0.0058916430257317
0.0738512275461487,-0.0764556009269362,-0.0300574163051178,-0.13161270810395,-0.0123761161326971,-0.0101086126241764,0.00489882271250132
0.140632704462593,-0.0984503596043861,-0.0282754888153712,-0.163823845411776,-0.0120401558257459,-0.00988031938959073,0.00381033868515904
0.206243854139609,-0.12002867264894,-0.02661313789644,-0.195212169364947,-0.0116934692683731,-0.00957444663996538,0.002648142328621
0.270607208731776,-0.141142771305557,-0.0250783119392925,-0.2257028987413,-0.0113309508020975,-0.00920341621612719,0.00143266048404352
0.333627336228289,-0.161819338045771,-0.023659489174941,-0.255205394110077,-0.0109423830974534,-0.00877961392920239,0.000183390761741198
0.395193740489665,-0.182139573815055,-0.0223339183625339,-0.283623611654815,-0.0105148971778897,-0.0083153631923047,-0.00108029067078249
0.455191259439908,-0.20221825470119,-0.0210759568303394,-0.310871979115909,-0.010035867820902,-0.00782323202988908,-0.00233824580859642
0.513514619212752,-0.222181871284419,-0.0198647028373284,-0.336894589493279,-0.00949614071075617,-0.00731638568670384,-0.00356870952403252
0.570083511291808,-0.242145134546278,-0.0186902762525532,-0.361684805675055,-0.00889345036483809,-0.00680865980213167,-0.00474755237568468
0.624854176041182,-0.262185473387004,-0.0175580315301178,-0.385301029903559,-0.0082357087549864,-0.00631404378239829,-0.0058478296765894
0.677823100559049,-0.282316565266615,-0.0164898277179837,-0.407872861034705,-0.00754355234098438,-0.00584535389351959,-0.00683983735503933
0.729018863686143,-0.302464454391383,-0.0155214704456195,-0.429591329509515,-0.00685122848855857,-0.00541209586593498,-0.00769192814187133
0.778480298232774,-0.322452711521876,-0.0146958973471366,-0.450678978471834,-0.00620479720308194,-0.00501787975025828,-0.00837228109143126
0.826223412418687,-0.34200464154647,-0.0140528262192077,-0.471341378869303,-0.00565700517988203,-0.00465816497072867,-0.00885160336834402
0.872204949118121,-0.36076839937743,-0.0136172415716145,-0.491710262340543,-0.00525921101453543,-0.00431935284569732,-0.00910638501720127
0.916294379853194,-0.378363813814011,-0.0133904401573275,-0.511795766249677,-0.00505213874956649,-0.00398003281197655,-0.00912196622949954
0.958265411970141,-0.394439889554042,-0.013347232681298,-0.531465785046397,-0.00505824603853934,-0.00361444504114994,-0.00889455131880076
0.997811812794772,-0.40872501809954,-0.0134407610433987,-0.550461595069487,-0.00527828186979432,-0.00319725639754429,-0.00843157745536161
1.03458336549283,-0.421053394084731,-0.0136131295315857,-0.568444708943011,-0.00569303727756448,-0.00270813782390627,-0.00775042466985941
1.06823092204386,-0.431361425277144,-0.0138076068603742,-0.585058542822869,-0.00626921674842739,-0.00213477963798954,-0.00687601284378973
1.0984479571126,-0.439661205039884,-0.0139780111341664,-0.599985867272938,-0.00696700721749597,-0.00147376257465903,-0.00583807404180823
1.12499927741709,-0.446006526736781,-0.0140928913469129,-0.612988562929816,-0.00774691476398832,-0.000729595683630749,-0.00466876669840349
1.14773281860736,-0.450466363243481,-0.0141347989081056,-0.62392477552165,-0.00857442267554902,8.72378596042183e-05,-0.0034009867776325
1.16657507443232,-0.453113302426159,-0.0140967895122814,-0.632745346355451,-0.00942216605041114,0.000962351113559422,-0.00206743458760666
1.18151335674023,-0.454025889703698,-0.0139787130082887,-0.639474607102344,-0.0102700272872129,0.00187906102778662,-0.000700311130157738
1.19256891891934,-0.453298781273637,-0.0137851643986358,-0.644181026792906,-0.0111037682103636,0.00281934583012442,0.000668562323331544
1.19976500158229,-0.451053771005911,-0.0135258370109659,-0.646942420320924,-0.0119127709619065,0.00376429109662225,0.00200742668526695
1.20309418223061,-0.447446174898759,-0.0132179070124401,-0.647809865110951,-0.0126873918251843,0.00469436314025361,0.003284288323438
1.20249053386498,-0.442662877571129,-0.0128891774110833,-0.646774845721098,-0.0134164307552443,0.00558990923440297,0.00446684927642173
1.19781359257337,-0.436910112359931,-0.0125801183994863,-0.643745368169262,-0.0140852676223613,0.0064322053267505,0.0055228549943276
1.18885170693197,-0.430391261446181,-0.012342838010639,-0.638537939683736,-0.0146752374268325,0.00720515702131568,0.00642101760032741
1.17535027231141,-0.423278027693723,-0.0122356533546787,-0.630891824597542,-0.0151646988548199,0.00789743904209838,0.00713259311769997
1.15706441783932,-0.415681751378344,-0.012313421374541,-0.620508258710438,-0.0155318911309513,0.00850452121311589,0.00763353438872839
1.13382654810422,-0.407633834335524,-0.0126157989180771,-0.607109902869925,-0.0157590757458071,0.00902983083842259,0.00790691100119873
1.1056102437138,-0.399083203738609,-0.0131572302131687,-0.590506817419918,-0.0158368221961769,0.00948440672596789,0.00794505650331528
1.07256887427171,-0.389913669087115,-0.0139225888441922,-0.570649302589668,-0.0157669855451512,0.00988485786643883,0.00775080908711312
1.03503381696572,-0.379976617670351,-0.0148705337999744,-0.547649845913451,-0.0155632405534824,0.0102500797318156,0.00733737558399153
0.993471783720614,-0.369128584169063,-0.0159435436018373,-0.521766971556613,-0.0152489318947276,0.0105976652376583,0.00672675576688016
0.94841599586613,-0.35726215359096,-0.0170809675279491,-0.493358008322814,-0.0148530165868908,0.010940997151704,0.00594712838626628
0.900393605036732,-0.344322652089325,-0.0182306766624898,-0.462817998848541,-0.0144054638558709,0.0112876234797869,0.00502988164167234
0.849868949596319,-0.330309295770537,-0.0193561113473073,-0.430523505055376,-0.0139334034197381,0.0116389636340265,0.00400695238739817
0.797212646903986,-0.315264444977369,-0.0204376646152515,-0.396794120124185,-0.0134587668860035,0.0119909797577785,0.00290889324090636
0.742696451481551,-0.299256640745336,-0.021469199779019,-0.361875936562727,-0.0129975338699811,0.012335317102362,0.00176378533986718
0.686507552342121,-0.282362587482744,-0.0224514640539035,-0.325944460222345,-0.012560259334213,0.0126605195515292,0.000596891520965588
0.628774271762555,-0.264651582099482,-0.0233843019782006,-0.289121223359184,-0.0121533927504958,0.0129531257542338,-0.000569158933391924
0.569596366416389,-0.246174278145629,-0.0242592897133269,-0.251498016745486,-0.0117809257110492,0.0131986336299631,-0.00171387548095525
0.509075314786842,-0.226956610030922,-0.0250540604957112,-0.213163711538579,-0.0114460088762498,0.0133824349281408,-0.00281829337127099
0.447341489430859,-0.206999285312948,-0.0257293512675773,-0.174229751486162,-0.0111522804517205,0.0134908465541182,-0.00386439675296423
0.38457586823652,-0.18628290257893,-0.0262296030127724,-0.134850985831619,-0.0109047203644923,0.0135123342301504,-0.00483470435379918
0.321023587626518,-0.164778438771774,-0.0264876639808157,-0.0952385683108465,-0.0107098933363766,0.0134389177288456,-0.00571211788944228
0.2569965281241,-0.142462105591461,-0.0264335652482275,-0.0556618568954578,-0.0105755078876988,0.0132676143733219,-0.00648009858466473
0.19286292983131,-0.119332577624797,-0.0260064124162613,-0.016437361858439,-0.0105093229243732,0.0130016435941582,-0.00712317987487536
0.129024298838777,-0.0954276132008289,-0.0251673499792513,0.0220948093184451,-0.0105175816470711,0.0126510441230321,-0.00762774897787668
0.0658829066954128,-0.0708365195230861,-0.0239107346993145,0.0596034390839942,-0.0106033058642574,0.0122323988290769,-0.00798295803045992
0.00380571145332159,-0.0457051147330838,-0.0222705622789598,0.0958014011876298,-0.0107648790525828,0.011767530655686,-0.0081815799842365
-0.0569083762621014,-0.0202310683982702,-0.0203200699166001,0.130476181298819,-0.0109953273824001,0.0112812845342868,-0.00822061839075214
-0.11605114191305,0.00535022193363749,-0.0181640926551976,0.163508975359018,-0.0112825526821935,0.0107987626986884,-0.00810151937446364
-0.173513088453444,0.0307864501199373,-0.0159257660739397,0.194878244499262,-0.0116105213637035,0.0103425453792361,-0.00782992473434918
-0.229275517324802,0.0558313083250748,-0.0137306414823777,0.224647483612758,-0.0119611505073695,0.00993042599361934,-0.00741502108686263
-0.2833892997477,0.0802646293059714,-0.0116917467227726,0.252940882260455,-0.0123164679039425,0.00957402070084097,-0.00686863856460258
-0.335945832580108,0.103906269800477,-0.00989842046948118,0.279913004372487,-0.0126606079334788,0.00927834886145841,-0.00620429168800161
-0.387046566379406,0.126622408058549,-0.00841032727370238,0.305718901117706,-0.0129813212420256,0.0090422350331266,-0.00543632883102823
-0.436776494325175,0.148324959172948,-0.00725657033588846,0.330489584338986,-0.0132708512838234,0.0088592357055502,-0.00457929136566364
-0.485184938994148,0.168966095962897,-0.0064387553594479,0.354315519281929,-0.0135261903091035,0.00871876518109914,-0.00364751431610583
-0.532274824070163,0.188530275592049,-0.00593640104864472,0.377238688262681,-0.0137488280823862,0.0086071557541684,-0.00265495067325447
-0.577999987279002,0.207025915629588,-0.00571315564621169,0.399252349183941,-0.0139441419864389,0.00850849100447315,-0.00161517737605601
-0.622269175406678,0.224478243245712,-0.00572266061839246,0.420306948172368,-0.0141205641046355,0.00840515873932711,-0.000541536322052431
-0.664955065171961,0.240924112577574,-0.00591339949379773,0.440320563621383,-0.0142886236419561,0.00827816047575729,0.000552631244035356
-0.705906748711569,0.256408900152636,-0.00623233762457835,0.459192488232537,-0.0144599230353305,0.00810728103959088,0.00165369224677527
-0.744964368962566,0.270985010803202,-0.00662751784723512,0.476818840016918,-0.0146460782292717,0.00787126646661118,0.0027474036130263
-0.781974788977312,0.28471107328714,-0.00704999549237882,0.493109235098974,-0.0148576464197884,0.00754818315629774,0.00381860342127258
-0.816807191891074,0.29765058568922,-0.00745556735694346,0.508003429340241,-0.0151030811743984,0.00711613382031745,0.00485095442136693
-0.849367277871162,0.309868622968219,-0.00780667752142912,0.521486407204881,-0.0153877925837586,0.00655447685257014,0.00582679515450584
-0.879608297847257,0.321425322683171,-0.0080746804076374,0.533599750622977,-0.0157134388883283,0.00584562035845597,0.00672716701829884
-0.907536724900077,0.332365332117814,-0.00824233654807131,0.544446506316723,-0.0160776161314453,0.00497732645163338,0.0075320935499632
-0.933210245177818,0.342703323760863,-0.00830606957115577,0.554186613678192,-0.0164741147556342,0.00394526656744987,0.00822118108023989
-0.956726365581837,0.352407041906874,-0.00827722850556315,0.563020780631929,-0.0168938451479702,0.00275534821453873,0.00877457553936874
-0.978201592681745,0.361380876665053,-0.00818151637824564,0.571162880909848,-0.0173263805882538,0.00142516616979435,0.00917424010658203
-0.997743731831774,0.369454147671623,-0.00805598652128002,0.578804338055208,-0.017761845685251,-1.6073168582277e-05,0.00940541827670162
-1.01542262461705,0.376378476531674,-0.00794359109383706,0.586077554137287,-0.0181926629193101,-0.00152955689311291,0.00945804567316215
-1.03124628104579,0.381837462848225,-0.00788603401551187,0.593027524670155,-0.01861456789733,-0.00307070973202175,0.00932781997246963
-1.04514867666395,0.385469664844253,-0.00791631922308689,0.599599785764147,-0.0190264079802558,-0.00459420379388273,0.00901667551195152
-1.05699229776587,0.386903633755412,-0.0080525847580623,0.605648506230488,-0.019428562470089,-0.00605904010105176,0.00853254329039543
-1.06658408518175,0.385802522562583,-0.00829447984646386,0.610962452951684,-0.0198202773473324,-0.00743255951130328,0.00788846101891657
-1.07369981981179,0.381915689397016,-0.00862268467076911,0.615301368345214,-0.0201966462031821,-0.0086925938799489,0.00710125587464125
-1.07811079624997,0.375134386780318,-0.00900155277667919,0.61843308880716,-0.0205462512521879,-0.00982755942465954,0.00619009779733405
-1.07960794989194,0.365546004094329,-0.0093845019927996,0.620162895723505,-0.0208504964215994,-0.010834878327543,0.00517520566426824
-1.07802108336127,0.353475661826711,-0.00972160207217831,0.620349996011227,-0.0210853273345489,-0.0117184992508303,0.00407691289496317
-1.07323261068277,0.339497977532472,-0.00996850093799014,0.618910045874031,-0.0212252972661163,-0.0124863866575357,0.00291519750152927
-1.06518522100373,0.324401762827802,-0.0100952301051081,0.615805988713342,-0.0212489506707567,-0.0131486641288834,0.00170967181025127
-1.0538816848625,0.30910170759793,-0.0100928247149508,0.611031490130918,-0.0211437161094176,-0.0137167001114804,0.000479919194090529
-1.03937469379324,0.29451163419928,-0.00997571801563548,0.604591716717152,-0.0209085166266812,-0.0142029667631268,-0.000754016556487984
-1.02174671967537,0.281412051730604,-0.00977888832024921,0.596485397476908,-0.0205533083711208,-0.0146211832445771,-0.00197120379671567
-1.00108377363332,0.270347794815629,-0.00955033827095168,0.586690782820306,-0.020096191822297,-0.0149862095001266,-0.00314961885855636
-0.977450172928056,0.26157751293685,-0.0093407728164631,0.575157142933097,-0.0195596765774811,-0.0153133567582935,-0.004266235456439
-0.950871977488572,0.255076200515954,-0.00919275669703233,0.561803176220905,-0.0189676163424706,-0.0156170715002205,-0.0052974077621697
-0.921334581638833,0.250577532065262,-0.00913136157360242,0.546523683782922,-0.0183435291155705,-0.0159091890009708,-0.00621952872065265
-0.888796274313539,0.247639256180853,-0.00915788205133132,0.529205243907784,-0.0177101243983242,-0.016197099302515,-0.00700995883488941
-0.853215535665114,0.245718539714357,-0.00924785736314123,0.50974981124322,-0.0170893501865537,-0.0164822454453971,-0.00764821821437931
-0.814586042644893,0.244248639687819,-0.00935418575945578,0.488102390477791,-0.0165022530415583,-0.0167593870708794,-0.00811737863528114
-0.772970498429322,0.24271000290897,-0.00941523682275245,0.464276303719188,-0.0159682700278887,-0.0170169724056134,-0.00840548582711956
-0.7285236128465,0.240688230709212,-0.00936653511043318,0.438368654658712,-0.0155040155445861,-0.0172387279072545,-0.00850673617655672
-0.681496881913039,0.237911049641259,-0.00915328681219837,0.410560517233476,-0.0151219753103289,-0.0174062290641828,-0.00842210209960623
-0.632223087178084,0.234258972559392,-0.00874048883495727,0.381100870669225,-0.0148296281296504,-0.0175018874893015,-0.00815919622841438
-0.581084766401719,0.229749883470927,-0.00811805327169706,0.350278505767254,-0.0146293578050937,-0.0175116425868462,-0.00773136462336911
-0.528475521285366,0.224504034438563,-0.00730006368364327,0.318389606540064,-0.0145192003914148,-0.0174267646681749,-0.00715621365884482
-0.474764024442608,0.218699907876681,-0.00631914155671123,0.285709031765674,-0.0144941718257178,-0.0172444984437086,-0.00645390470160841
-0.420268091002703,0.212531528645812,-0.00521811238002046,0.252470856759113,-0.0145477727382216,-0.0169676383674483,-0.0056455513577259
-0.365241961054574,0.206174774282039,-0.00404137551406303,0.21886012775351,-0.0146732970810243,-0.0166033778849616,-0.00475195430360137
-0.309876048665969,0.19976599484873,-0.0028278086338241,0.185014705423571,-0.0148647130682526,-0.0161618517791748,-0.0037927740794632
-0.25430605616927,0.193392646968025,-0.00160614940660679,0.151034376201188,-0.0151170470175807,-0.0156547254027827,-0.00278612884162611
-0.198627632500621,0.187093547589821,-0.000393004860094806,0.116994026303536,-0.015426320895959,-0.015094049599058,-0.00174853569232767
-0.142913079623533,0.180865715608714,0.000806862811420483,0.0829580463180322,-0.0157891560599266,-0.0144914609237537,-0.0006950865482934
-0.0872272417805594,0.174675077466124,0.00199853594106537,0.048993670353768,-0.0162021736252959,-0.0138576996245922,0.000360253348915393
-0.0316402757100091,0.16846891767756,0.0031938208638479,0.0151813790459463,-0.0166613208912932,-0.013202352965813,0.00140432641557408
0.0237644808995503,0.162188741825696,0.00440752412678314,-0.0183791287687116,-0.0171612428072936,-0.0125337123098142,0.00242452095826646
0.0788875850573822,0.155782524718256,0.00565360322509217,-0.0515677389348515,-0.0176947992964769,-0.0118586543470849,0.00340859527639686
0.133613105703901,0.149215945456582,0.00694155868630345,-0.0842461890389382,-0.0182527828770048,-0.0111825154684618,0.00434455220069368
0.187806979369946,0.142482442646189,0.00827335939557488,-0.116261501691729,-0.0188238473786881,-0.0105089756820896,0.00522050864367296
0.241312849608629,0.135611808551004,0.00964116116533355,-0.147449746356796,-0.0193946612017214,-0.0098399670427908,0.00602457108034921
0.29394850439355,0.128676485317028,0.0110261262912765,-0.177641761981075,-0.0199503426874388,-0.00917559673594367,0.00674481394583099
0.345507531167712,0.121794173342336,0.0123986932000171,-0.206672932629122,-0.0204752483230533,-0.00851408784444479,0.00736946155706428
0.395768210389981,0.115125506067655,0.0137205246067516,-0.234397044272478,-0.0209541137287531,-0.00785178774092158,0.00788729734945551
0.444508610981181,0.108865952352068,0.0149481258812199,-0.260701942969424,-0.0213734407856911,-0.0071833278205682,0.00828824254115895
0.49152453746389,0.103232244145485,0.0160377376712313,-0.28552340105634,-0.0217229178164822,-0.00650200157101446,0.00856399973927901
0.536646265572464,0.0984448175530497,0.0169507472127911,-0.308853677123254,-0.0219966086947649,-0.00580037274187752,0.00870864554158348
0.579750290957787,0.094708895130576,0.0176586292502749,-0.330742370995874,-0.022193665264498,-0.00507105432214411,0.00871907045347799
0.620763494487894,0.0921974592133244,0.0181464416547763,-0.351288965635853,-0.0223184068764211,-0.00430753998346409,0.00859519816377703
0.659658895961274,0.0910391839729759,0.0184141935453986,-0.370628383226739,-0.0223797448192392,-0.00350494382734475,0.00833996130525969
0.696444037145743,0.0913133893187644,0.0184758987135871,-0.388912384113907,-0.0223900640994084,-0.00266052027496762,0.00795905612141443
0.731144476891782,0.0930525369194161,0.0183566668899677,-0.406290295735884,-0.0223637677310658,-0.00177388691726008,0.00746053315884624
0.763785551426539,0.0962511667204429,0.0180886001516715,-0.422892292060616,-0.022315716163903,-0.000846940899826012,0.00685429867318903
0.7943754189427,0.100878901747684,0.0177064408283446,-0.43881748800692,-0.0222597599370721,0.000116477295169062,0.00615160115974978
0.822891708669439,0.106894470110993,0.0172438440747178,-0.454127868436686,-0.022207490940001,0.00111107620782501,0.0053645633464215
0.849273190348003,0.114257613484651,0.0167308876411123,-0.468847914305557,-0.0221672583068793,0.00213065037647636,0.00450579847759579
0.873417094862959,0.122936119429515,0.0161930854664253,-0.482968951554027,-0.0221434363403813,0.00316856075930029,0.00358812696839568
0.895182232932816,0.132905852203783,0.0156518335448262,-0.49645679051466,-0.0221359108795008,0.00421808537277514,0.00262438997513641
0.914397883029113,0.144142476995751,0.0151259428443741,-0.509261078314792,-0.0221397725771762,0.00527260306330177,0.00162734243971441
0.930878397460485,0.156604637173052,0.0146337240915581,-0.52132483788683,-0.0221452650730874,0.00632560983223119,0.000609600521994775
0.944443331602772,0.170209819831969,0.0141949824751701,-0.532592820446729,-0.0221381154178338,0.00737059893180283,-0.000416382606215895
0.954942319376702,0.184806146951783,0.013832260424712,-0.543017529986057,-0.0221004404376518,0.00840086045423011,-0.00143833237898084
0.962282686693164,0.2001456661216,0.0135707565216855,-0.552562144681323,-0.022012427465257,0.00940927195435684,-0.00244416612950207
0.966456026383945,0.215866645477215,0.0134365824932843,-0.561200149474507,-0.0218548788444498,0.0103881572825297,-0.00342199184730543
0.967558288148719,0.231492639075005,0.0134534063466821,-0.568912318789076,-0.0216124630772689,0.0113292844853964,-0.00436006378198265
0.965797458127169,0.246453463789464,0.0136380009486904,-0.575682560643256,-0.0212771786606841,0.012224054535525,-0.00524666376466616
0.961484619563698,0.260127592594282,0.0139956164484375,-0.581494642772727,-0.020851245385865,0.0130639028150333,-0.00606990004513587
0.955008136680097,0.271898595252289,0.0145162403131791,-0.58633152439438,-0.0203485669167892,0.0138408998314143,-0.0068174653044413
0.946795456290933,0.281213342053292,0.0151726227921627,-0.59017779112681,-0.0197941591171678,0.0145485016942939,-0.00747645591929485
0.937270295844919,0.287629400020681,0.0159205365759091,-0.593023978705941,-0.0192214456343496,0.015182365514987,-0.00803339452611301
0.926813212381049,0.290843515600242,0.0167013302898582,-0.594870237185691,-0.0186678778857448,0.0157411080988031,-0.00847458772537114
0.915731048495812,0.290699669586226,0.0174465766126283,-0.595726612557354,-0.0181697277768835,0.0162268514215624,-0.00878687995428868
0.904237400605444,0.287180478714923,0.0180844604914474,-0.595608419705958,-0.0177570369758346,0.0166453829181967,-0.00895874928726379
0.892443921541979,0.280387793561019,0.0185473316455895,-0.59452726669634,-0.0174496228745203,0.0170057908646064,-0.00898156794025496
0.880361522126702,0.27051761509881,0.0187794750313933,-0.592480339603454,-0.0172548122938103,0.0173195340964653,-0.00885076441186104
0.86791061168301,0.257832678324246,0.018743775965861,-0.589441630110016,-0.0171672411397836,0.017599055947706,-0.00856661373183867
0.854939307993875,0.242634780249627,0.0184258689174372,-0.585358358474536,-0.0171706491515436,0.0178561990322149,-0.00813446184911009
0.841247603287026,0.2252386193863,0.0178347726224644,-0.580154076860549,-0.0172411852336176,0.0181007497960191,-0.00756433742666272
0.826614252183049,0.205949072773916,0.0169998585685336,-0.573737645913673,-0.0173514440067478,0.0183393989391481,-0.00687006372901053
0.81082249353752,0.185043747938225,0.0159649369146336,-0.56601549757637,-0.0174743856039217,0.0185752644573857,-0.0060680929889779
0.793681138176447,0.162761988289749,0.0147808854359244,-0.556904013253606,-0.0175864617660111,0.0188079546217264,-0.00517631106569778
0.775038896150295,0.139300476269474,0.0134983887948872,-0.546339468242803,-0.0176695894037701,0.0190340201737852,-0.00421300939624286
0.754791479547667,0.114814598975689,0.0121620524157178,-0.53428428858747,-0.0177119411315577,0.0192475959468496,-0.00319613202326154
0.732882391223132,0.0894241420477581,0.0108066250928632,-0.520729669320615,-0.0177077566372655,0.0194410563879138,-0.00214281883792294
0.709299078077873,0.0632217338592129,0.00945553392787554,-0.50569546390727,-0.0176564842941268,0.0196055754476322,-0.00106920670564447
0.684066293411415,0.0362826494218304,0.00812154124458128,-0.489228549008736,-0.0175615619325088,0.019731555037167,9.57760788284411e-06
0.657238267058846,0.0086749093369699,0.00680910801179413,-0.471400708439791,-0.0174290860699923,0.0198089454749698,0.00107930290569946
0.628890849844804,-0.0195310886019358,0.005517955207131,-0.45230666557575,-0.0172665430773732,0.0198275175149313,0.00212645959270408
0.599114352390114,-0.0482539802111068,0.00424729261742511,-0.432062407226708,-0.017081710241312,0.0197771589876164,0.00313807733324667
0.568007433592004,-0.0773944118481056,0.00300018115902941,-0.410803510065842,-0.0168817893594483,0.0196482633265385,0.00410157599958733
0.535672144566197,-0.106830157867486,0.00178748234099405,-0.388682878647358,-0.0166728086882875,0.0194322555545038,0.0050046849412332
0.502210093606599,-0.13641403033823,0.000630830486544092,-0.365867179632669,-0.0164593129951035,0.0191222659335808,0.00583546015538527
0.467719640957393,-0.165975233744593,-0.000435927237352522,-0.342531345842077,-0.0162443466105232,0.0187139151021619,0.00658242161558515
0.432294025392838,-0.19532463272916,-0.00136728843006009,-0.318850847165641,-0.0160297127947321,0.0182061226962299,0.00723482042800955
0.39602033526679,-0.224263952013704,-0.00210889531446648,-0.294991967126346,-0.015816461013181,0.0176018048141813,0.00778302541259076
0.358979239679928,-0.252598218607171,-0.00260245115137692,-0.271100998168814,-0.015605515344634,0.0169082998768432,0.00821899198170997
0.321245378116913,-0.280149920398304,-0.00279215537887859,-0.247293901272089,-0.0153983230228089,0.0161373740076674,0.00853674819265688
0.282888272667799,-0.30677265395587,-0.00263161067690904,-0.223648330663805,-0.0151973871002258,0.0153047153230046,0.00873281312447698
0.243973591795103,-0.332361778638103,-0.00208990002808113,-0.200199792271831,-0.0150065638268824,0.0144289247643371,0.00880646163451263
0.20456457806708,-0.356859994092075,-0.00115561016626357,-0.176943020187915,-0.0148310553712351,0.0135301235365209,0.00875977260588662
0.164723465462727,-0.380256781438355,0.00016198713151136,-0.15383857648497,-0.0146770993807715,0.0126283867077847,0.00859744097561948
0.124512751403947,-0.402581989912679,0.00183472036087034,-0.130823550460446,-0.0145514257937969,0.0117422472798044,0.0083263836597768
0.0839962398613377,-0.423895061748008,0.00381972898534395,-0.10782443250128,-0.0144605960338135,0.0108874845256579,0.00795520905359152
0.0432398176380693,-0.44427209305344,0.00606510728774617,-0.0847699985595018,-0.014410349105282,0.0100763298930885,0.00749363708812745
0.00231195851845162,-0.463792988345932,0.00851585931709375,-0.0616023602740999,-0.0144050567787398,0.00931712487793471,0.00695195002064596
-0.0387160385218306,-0.482530493525703,0.0111192063804695,-0.0382850117980529,-0.0144473500108026,0.00861437958358754,0.00634053065212703
-0.0797699852806084,-0.50054218943699,0.0138286016647738,-0.0148074806051403,-0.0145379351973007,0.00796912737270844,0.00566951538103186
-0.120772987581319,-0.517865716774029,0.0166062153194907,0.00881320411603878,-0.0146755885503765,0.00737945320061983,0.00494856525178725
-0.161645658088844,-0.534517058183052,0.0194238826495775,0.0325335693901411,-0.0148572921706126,0.00684108373419908,0.00418674096902773
-0.202306337239375,-0.550491286233255,0.0222627511172165,0.0562865080599365,-0.0150784715165291,0.00634795342122604,0.00339246159535237
-0.242671190742253,-0.565765108640258,0.0251119244572332,0.0799850802723957,-0.0153332938068965,0.00589269200237846,0.00257352605426221
-0.282654073034469,-0.580300571404498,0.0279664171538549,0.103526699007744,-0.0156149940793728,0.00546700800079086,0.00173717987712579
-0.322166079508281,-0.594049405337391,0.0308247011948573,0.126797297531468,-0.0159162050089142,0.0050619660489363,0.000890213708303151
-0.361114779869812,-0.606957661974959,0.0336860813792584,0.149675296336388,-0.0162292764308463,0.00466817272595882,3.90832037494514e-05
-0.399403210466834,-0.618970428816838,0.036548094363528,0.172035379941492,-0.0165465793941239,0.0042758966200035,-0.000809958549694455
-0.436928866136783,-0.630036575278923,0.039404100159175,0.193752279173026,-0.016860795675678,0.00387515483380844,-0.00165072408578907
-0.473582855080602,-0.640113406013303,0.0422412254593691,0.214704736431255,-0.0171651977120689,0.00345580102339402,-0.00247695941899006
-0.509249607498479,-0.649171233148877,0.0450388226442069,0.234779929885392,-0.0174539221792333,0.0030076502758421,-0.00328222461612487
-0.543807380963586,-0.657197683927176,0.0477676188321534,0.253878450056045,-0.0177222369053164,0.00252067313434043,-0.00405979609486889
-0.577129807554075,-0.664201483718277,0.0503897320658366,0.271919784346701,-0.0179667935544869,0.00198528496162001,-0.00480259931592178
-0.609088630999162,-0.670215314019924,0.052859712974973,0.288848042308494,-0.0181858502362645,0.00139274646132692,-0.00550318084051263
-0.639557650851465,-0.675297230999526,0.0551267144390722,0.304637414484541,-0.0183794402004701,0.000735675764674079,-0.00615372891538651
-0.668417714156333,-0.679530074726065,0.0571377876709467,0.31929663270448,-0.018549457127417,8.65166379920715e-06,-0.00674615134021747
-0.695562380156605,-0.683018347017312,0.058842148371042,0.332871540825598,-0.0186996264715881,-0.000791137714063921,-0.00727221754713465
-0.720903656524755,-0.685882228387587,0.0601960637263724,0.345444855651564,-0.018835338081773,-0.0016632731823935,-0.00772376775803465
-0.744377012011546,-0.688248762979021,0.0611678117719605,0.357132359425115,-0.0189633293809372,-0.00260360452421526,-0.00809298524020914
-0.765944773378746,-0.690240744108329,0.0617420096832609,0.368075155469323,-0.0190912305366056,-0.00360397750259285,-0.00837271830907508
-0.78559707541027,-0.691964401986596,0.0619225571316403,0.378428220685272,-0.0192270104006337,-0.0046522836100291,-0.0085568281583061
-0.80334978790685,-0.693497490162588,0.0617335456132328,0.388346211535432,-0.0193783886455139,-0.00573289410846465,-0.00864052928215844
-0.819239278990623,-0.694879620234405,0.0612177610722273,0.397968160879486,-0.0195522975068673,-0.00682748278795086,-0.00862068422048589
-0.833314412118964,-0.696106566939274,0.0604328177730844,0.407403144076299,-0.0197544782862196,-0.00791617217189015,-0.0084960161218613
-0.845626686887814,-0.69712971598491,0.0594454142389216,0.416719030167968,-0.019989279392061,-0.00897887290522847,-0.00826721202389254
-0.856219781814051,-0.697860949573795,0.0583245755491234,0.425936008418462,-0.0202596865368886,-0.00999664453024402,-0.00793690528437077
-0.865119842109033,-0.698182274344339,0.0571349329503242,0.435025774979665,-0.0205675704105293,-0.010952900697296,-0.0075095437150533
-0.872327658570417,-0.697958654766638,0.0559310409678023,0.443916283792847,-0.0209140948030774,-0.0118343146859528,-0.0069911663209954
-0.877813473966048,-0.697052031543276,0.0547534695833999,0.452501063309602,-0.0213001996701602,-0.0126313415858294,-0.00638912251988938
-0.881514658261498,-0.695334463405842,0.0536270227778026,0.460651487044252,-0.0217270647562516,-0.0133383438031844,-0.00571177153912689
-0.883336051430619,-0.692698674866235,0.0525610377342569,0.468230163204063,-0.0221964692104181,-0.0139533685072428,-0.00496819669355272
-0.883152485811112,-0.689064866671379,0.0515514067707378,0.475103754289453,-0.0227109850921225,-0.0144776667243924,-0.00416796129057149
-0.8808129140392,-0.684383268695026,0.0505837874975051,0.481153936582474,-0.0232739698168902,-0.0149150598963012,-0.00332092246768121
-0.876145670647608,-0.678632445396332,0.0496374273102104,0.486285710083675,-0.0238893477898722,-0.0152712540761632,-0.00243710861900265
-0.868964631350146,-0.671813735561358,0.048689091686022,0.49043273644624,-0.0245611913252701,-0.0155531820094324,-0.00152665677942244
-0.859076328733134,-0.66394243106512,0.0477167025700018,0.493559729094109,-0.0252931255428715,-0.0157684273304086,-0.000599799202693417
-0.846288355653354,-0.655036437424033,0.0467024181047002,0.495662117161157,-0.0260875938653033,-0.015924759531544,0.000333116444507606
-0.83041955873403,-0.645103295020865,0.0456349881865086,0.496763274100632,-0.0269450335093688,-0.0160297870623684,0.00126159155372294
-0.811312519125163,-0.634126642068524,0.0445112908861659,0.496909597224872,-0.0278630266478078,-0.0160907201611019,0.00217494488895461
-0.788848572035525,-0.622053491028852,0.04333699822308,0.496163716248428,-0.028835513060451,-0.0161142243412317,0.00306230325780897
-0.762965093236349,-0.608784023283861,0.0421263523408228,0.494596165134044,-0.0298521710303979,-0.0161063386758493,0.00391263095641743
-0.733673998655152,-0.594165859482437,0.0409010740479455,0.492276018788567,-0.0308980881882569,-0.0160724292842951,0.00471481092886583
-0.701079472604039,-0.577994752681483,0.0396884891711704,0.489261278478691,-0.0319538434069989,-0.0160171479201744,0.00545778580515335
-0.665392084519337,-0.560023189498825,0.0385190462078663,0.485590130083119,-0.0329960949827608,-0.0159443697166065,0.00613076111733191
-0.626935990062377,-0.539977364088804,0.0374234971904539,0.481274474134975,-0.0339987134371677,-0.0158570949394281,0.00672346639959703
-0.586146165798908,-0.51758148096858,0.0364300940548414,0.476297169781542,-0.0349344120350431,-0.0157573178958238,0.00722646296174782
-0.543553791837551,-0.492586644360701,0.0355621815666863,0.470614096211108,-0.0357767283931673,-0.0156458896102554,0.00763148018334461
-0.499759890198477,-0.464800184579448,0.0348365204821559,0.464161363008942,-0.0365021201401276,-0.0155224227892547,0.00793175543287037
-0.455399722714779,-0.434110661052156,0.0342625491471891,0.456866910356738,-0.0370918838885769,-0.015385298115939,0.00812234667933475
-0.411102573075427,-0.400504280988826,0.0338426142597281,0.448664619330865,-0.0375336111351309,-0.0152318213638005,0.00820038287083158
-0.36745269227383,-0.364070039771816,0.0335730192587612,0.439508279045017,-0.0378219631641349,-0.0150585492537103,0.00816521755641533
-0.324956963287816,-0.324993106516465,0.0334456028432243,0.429382642416766,-0.0379586660372872,-0.0148617565361542,0.00801845851484334
-0.284023299043707,-0.283538207543356,0.0334495054986018,0.418309439036046,-0.0379517663493813,-0.0146379736545798,0.00776386118174883
-0.244951438609323,-0.240026392130976,0.0335728146560741,0.406347414654788,-0.0378143123140628,-0.0143845004846476,0.00740709413230589
-0.207935387529653,-0.194809240889991,0.0338038763264327,0.393586838003137,-0.0375627029602727,-0.0140998062573417,0.00695540547526598
-0.173074918078222,-0.148244286543187,0.0341321830792761,0.380140029863366,-0.0372149670236892,-0.0137837559841494,0.00641723363516098
-0.140392653971481,-0.100674435715384,0.0345488559489883,0.366130042595129,-0.0367891977644642,-0.0134376468730953,0.00580181064089626
-0.109853298449415,-0.0524129145965028,0.035046806320007,0.351679596522385,-0.0363022998333953,-0.0130640789226039,0.00511880052656331
-0.081382250494348,-0.00373408179974192,0.0356206870502496,0.336901907919552,-0.035769123753452,-0.0126667107960328,0.00437800300516305
-0.0548818260701803,0.0451304110561065,0.0362667290223568,0.321894360471768,-0.0352019929648378,-0.0122499612833606,0.00358913782562843
-0.0302442484876874,0.0939911050633944,0.0369825258912475,0.306735301142518,-0.034610579246688,-0.0118187107188856,0.00276171213122504
-0.00736130614174851,0.142696995896057,0.0377667914982489,0.291483724365547,-0.0340020570466903,-0.0113780415428988,0.00190496383640606
0.0138689670503904,0.191129607786076,0.0386190821720023,0.276181295061546,-0.0333814617107574,-0.0109330388588543,0.00102786882124695
0.0335380304832021,0.239195708805012,0.0395394556171846,0.260856032210456,-0.032752183756087,-0.0104886547779793,0.000139197703282888
0.0517244243024528,0.286819273539903,0.0405280310946207,0.245526976792139,-0.032116543981488,-0.0100496268948642,-0.000752392277239829
0.0684927386303886,0.333933124138806,0.0415844218491929,0.230209241168933,-0.0314764066272195,-0.00962043210838788,-0.0016382443854872
0.0838936535126366,0.380470587789419,0.042707029252825,0.214918932670911,-0.0308337962320897,-0.00920525203216677,-0.00250958265109035
0.0979648964942931,0.4263575085077,0.0438922176438097,0.199677530793686,-0.0301914864458881,-0.00880792506299156,-0.00335740017365943
0.110733087950547,0.471505032708797,0.0451334273208379,0.184515361861141,-0.0295535257233076,-0.00843186266625283,-0.00417237202701966
0.122216505822671,0.515803720964243,0.0464203266361396,0.169473859768472,-0.0289256570572265,-0.00807991381274164,-0.00494481136466565
0.132428782921588,0.559119672647924,0.0477381454265859,0.154606341309016,-0.0283155798717846,-0.00775417212999181,-0.00566468886344576
0.141383443713016,0.601293416550471,0.0490673598704487,0.139977083315188,-0.0277329967502283,-0.00745573523416875,-0.0063217351940693
0.14909900333359,0.642142241722299,0.0503838988373707,0.125658592752048,-0.0271893919169453,-0.00718444378683718,-0.00690564199302062
0.155604123965123,0.681466351408975,0.0516599997026872,0.11172713143287,-0.0266975083654281,-0.0069386461287835,-0.00740636720146877
0.16094211632916,0.71905869645743,0.0528657498956994,0.0982567981491192,-0.0262705296623655,-0.00671504779218799,-0.00781453508815995
0.165173971712153,0.754717639423777,0.0539712160584784,0.0853127570961013,-0.0259210283646676,-0.00650870739132168,-0.00812190133428915
0.168379193532631,0.788260869806947,0.0549489121812664,0.0729444710173821,-0.0256598049881647,-0.00631322592235631,-0.00832183344367813
0.170654005350958,0.81953846049631,0.0557762350572757,0.0611799615850671,-0.0254947912540346,-0.00612114416936547,-0.00840974274537722
0.172107004288767,0.848442847865525,0.0564374469294688,0.0500220910987603,-0.0254302083759001,-0.00592451834982738,-0.00838340262069531
0.172852879603997,0.87491395016069,0.0569248409689995,0.0394475937281171,-0.0254661417510285,-0.00571559961096392,-0.0082431015465233
0.173005252286365,0.89893854276575,0.0572388797422115,0.0294091133289648,-0.0255986192159342,-0.00548751341686825,-0.00799160703149824
0.172669864607812,0.920544136955706,0.0573873070126937,0.019839939593884,-0.0258201800945013,-0.00523483130580316,-0.0076339502571297
0.171939204112433,0.939788629653052,0.0573834352022155,0.010660628796667,-0.0261208263283937,-0.00495395177591321,-0.00717707153845622
0.170889248027016,0.956747629180897,0.0572439473778686,0.00178638611944268,-0.0264891827853823,-0.00464325080227401,-0.00662938555397392
0.169578507834866,0.97150150039697,0.0569865956831429,-0.0068659600251411,-0.0269136758441283,-0.00430301115852187,-0.00600032931463392
0.168049098843483,0.984123873361381,0.0566281347133722,-0.0153723654552838,-0.0273835647478585,-0.00393517911230381,-0.00529994689844521
0.166329264947031,0.994672800787158,0.0561827300411082,-0.023797981143676,-0.0278897132732364,-0.00354301856113914,-0.00453854830375898
0.164436686934669,1.00318513342814,0.0556609672242199,-0.0321957903195587,-0.0284250500697164,-0.00313073492019968,-0.00372646124492095
0.162381961961285,1.00967416249384,0.0550694853973235,-0.0406073403195437,-0.0289847183886689,-0.00270312837236084,-0.00287387877226395
0.160171798498395,1.0141302295748,0.0544111874599141,-0.0490651806836918,-0.0295659513407751,-0.00226531519561933,-0.00199079435443448
0.157811660663111,1.01652383164938,0.0536859376794118,-0.0575964695929596,-0.0301677263431399,-0.00182253315007848,-0.00108700960013485
0.155307771182102,1.016810710026,0.0528916400247373,-0.0662271498128642,-0.0307902561422196,-0.00138002674740791,-0.000172196990602841
0.152668518039616,1.01493844753955,0.0520255858963161,-0.074986091184522,-0.0314343699343446,-0.000942992856102463,0.000744000700889149
0.149905398335919,1.01085414785024,0.0510859576837482,-0.0839086198265956,-0.0321008326664164,-0.000516557145401378,0.00165185256458464
0.147033676645289,1.00451278557256,0.0500733672284796,-0.0930388879390096,-0.0327896480899708,-0.000105747204662847,0.00254142164153832
0.144072940993487,0.995885764554976,0.0489922926416448,-0.102430583942614,-0.0334993939162997,0.000284571404168742,0.00340246592993271
0.14104771483943,0.984969094335773,0.0478522552254794,-0.112145560672904,-0.0342266453692861,0.000649824293519182,0.0042243782903023
0.137988234979062,0.97179040964533,0.0466685585301853,-0.122250103285752,-0.0349655538175687,0.000985939593789097,0.00499618588111444
0.134931440095944,0.95641386575228,0.0454624073631347,-0.132808804890155,-0.0357076546784402,0.00128964173796676,0.00570662889882458
0.131922141550828,0.938941828210436,0.0442602526042517,-0.143876387031142,-0.0364419761546936,0.00155880649380156,0.00634433455485101
0.129014278538542,0.919512346431753,0.0430922829048814,-0.155488274916185,-0.0371555000818879,0.00179283273982162,0.0068980940451692
0.126272107957924,0.898291757462053,0.041990112143124,-0.167651234143328,-0.0378339834153005,0.00199296638960801,0.00735723715517668
0.123771158312379,0.875462455891424,0.0409838791599749,-0.180335753857836,-0.0384630853015028,0.0021625017673957,0.00771208202865889
0.121598793347337,0.851206827993459,0.0400991483155484,-0.193471944381339,-0.0390296711375941,0.00230679206611697,0.0079544194569204
0.119854279409554,0.825689387548629,0.0393541221601097,-0.206950362843158,-0.0395231012616138,0.0024330263288047,0.00807797650447899
0.118648311154828,0.799039962797765,0.0387576960733658,-0.220628364351055,-0.0399362812820876,0.00254977256545717,0.00807879855563412
0.118101995584715,0.771341051654432,0.0383087677788629,-0.234341449598324,-0.0402662711054246,0.00266633517674595,0.00795549552621966
0.118345301388012,0.742621991658245,0.0379969754589254,-0.247917949564888,-0.0405143229303197,0.00279201565914264,0.00770931714153705
0.119514944651309,0.712861421663538,0.0378047378974344,-0.261194609692493,-0.0406853283934588,0.00293538567205771,0.00734404977206515
0.121751623069768,0.681997931595852,0.0377101971741458,-0.274030462740923,-0.0407867712896837,0.00310367473615546,0.00686575630163758
0.125196466195702,0.649947237994079,0.0376904991218209,-0.286316850158027,-0.0408273725138548,0.00330234421630209,0.00628240348436576
0.129986577288006,0.616623095004531,0.0377248288054584,-0.297982381536985,-0.0408156564425718,0.00353487554262774,0.00560343324476126
0.136249625547194,0.581958687513341,0.0377967352727117,-0.308992698279988,-0.0407586587830417,0.00380275727045311,0.0048393343535525
0.14409760482191,0.545925459273342,0.0378954795860947,-0.319345830178973,-0.0406609467801814,0.00410562348711557,0.00400126144930755
0.1536200841181,0.508547024978029,0.0380163572997559,-0.329064519284786,-0.0405240536839569,0.00444148059567783,0.00310073392964513
0.164877501547707,0.469906746144368,0.0381601277792756,-0.338187099492186,-0.0403463601085614,0.00480696036311418,0.00214943211273153
0.1778952567098,0.430148487941027,0.0383318002569173,-0.346758439840318,-0.0401233984704275,0.00519755039444429,0.00115909502116164
0.192659494596535,0.389470876495548,0.0385390776959969,-0.354822206212278,-0.0398485179549659,0.00560777378732759,0.00014151403060734
0.209115500976246,0.348115997746436,0.0387907580945058,-0.36241537662386,-0.0395138246116988,0.00603131309631406,-0.000891391094979586
0.227169494226905,0.306353940559142,0.0390953574043367,-0.369565619276092,-0.0391112987525078,0.00646109650153704,-0.00192743373601764
0.246694251971312,0.264464932859561,0.0394601633958984,-0.376291819114376,-0.0386339839188477,0.00688938362417706,-0.00295398570615967
0.267538421856227,0.222721074549548,0.0398908616932063,-0.382607693166255,-0.0380771344588323,0.00730790213903737,-0.00395779890264068
0.289538553655135,0.181369812930496,0.040391791763914,-0.388528035680456,-0.0374392020212242,0.00770809088583268,-0.0049248621686523
0.312531962567973,0.140621258899279,0.040966786102338,-0.394076671642462,-0.0367225388509655,0.00808149659891828,-0.00584033722281174
0.336367713263672,0.100641099606176,0.0416204184332582,-0.399294708913646,-0.0359337045991499,0.0084203461163883,-0.00668861952521516
0.360912624391061,0.061550141163355,0.0423593477671289,-0.404247263180548,-0.0350832913025957,0.00871827315067626,-0.00745356662996333
0.386049583328717,0.0234304174355412,0.0431933256771902,-0.409026639974069,-0.0341852337493674,0.00897112311750468,-0.00811892513544018
0.41166686151819,-0.0136635204600227,0.0441353848203618,-0.413750171259526,-0.0332556490236427,0.00917770344859324,-0.00866896505460215
0.437639464375021,-0.0496907520561292,0.0452008046802847,-0.418551656260401,-0.0323113395985999,0.00934030950905567,-0.00908929599677266
0.463806332914105,-0.0846109229649815,0.0464046924249768,-0.423566652351482,-0.0313681783306992,0.00946485876460868,-0.00936779546447787
0.48994951325489,-0.118375184285389,0.0477584038585426,-0.428913492673524,-0.0304396432483699,0.00956052161839051,-0.00949553449789244
0.515782149351793,-0.150923231875208,0.0492654637551738,-0.434673428006049,-0.0295357594650978,0.0096388417751742,-0.00946755495051579
0.540950610674393,-0.182186705031579,0.0509179628072182,-0.440874125553035,-0.0286626252507862,0.00971246472177041,-0.00928335300332127
0.565052393191781,-0.212097287351681,0.05269444575155,-0.447480438524132,-0.027822566572744,0.00979369675110242,-0.00894696532818687
0.587666827524616,-0.24059659471005,0.0545599915053298,-0.454394806002611,-0.0270148215860731,0.0098931585777448,-0.00846663192403635
0.608391885363802,-0.267644796092028,0.0564686082527661,-0.461467292905452,-0.0262365527735203,0.0100187604890491,-0.00785409988877371
0.626878969197351,-0.293225817872937,0.0583674435486932,-0.468512948613315,-0.0254839507985489,0.0101751268784445,-0.00712370403368503
0.642858869087512,-0.317348392352709,0.0602018813843003,-0.475332651552946,-0.0247532291098526,0.0103634775560229,-0.00629138980383341
0.656155222792349,-0.340043466765451,0.0619204999126806,-0.481733320082133,-0.0240413834670945,0.0105818742698655,-0.00537382709564964
0.666685353880207,-0.361359166274154,0.0634790721476223,-0.487544177650584,-0.023346670064746,0.0108256891170618,-0.00438771458705322
0.674451024190657,-0.381354556683977,0.0648431687901307,-0.492627161739318,-0.0226688148812742,0.01108814937431,-0.00334931568655646
0.679522862950909,-0.400093105958424,0.0659893046913907,-0.496880997587326,-0.0220089976207765,0.0113608464438227,-0.00227421807111129
0.68202216167333,-0.417636295440254,0.0669048459363227,-0.500239536392721,-0.0213696613838804,0.0116341456162083,-0.00117727796733777
0.682102862362498,-0.434037498974438,0.0675870252673139,-0.50266556011566,-0.0207541941544507,0.0118974822896151,-7.26974220588937e-05
0.679935459491086,-0.449336122176234,0.0680414194542731,-0.504141458394063,-0.0201665195422298,0.0121395700378001,0.00102581774380756
0.675693563601844,-0.463552068230787,0.0682801697661509,-0.504658154843692,-0.0196106280807265,0.0123485731521083,0.00210486624253058
0.669543214455064,-0.476680813751692,0.0683201240146483,-0.504203564100666,-0.0190900797941531,0.012512310734228,0.00315116646688342
0.661634709193828,-0.488689662817406,0.0681809830085318,-0.50275180469212,-0.0186075143600333,0.0126185613934163,0.00415141432809084
0.652096664600571,-0.499516015390093,0.0678834695457381,-0.500254407918227,-0.0181642155427529,0.0126555265376792,0.00509221706801612
0.641032163702325,-0.509068643232241,0.0674475163637571,-0.496634805938098,-0.0177597879851911,0.0126124846246906,0.00596013467313758
0.628517035488023,-0.517232906098021,0.0668904926266089,-0.491787346113859,-0.0173920110195952,0.0124806274004057,0.00674185698118567
0.614600471048255,-0.523880462599757,0.0662255479506487,-0.485581818486211,-0.0170569284798207,0.0122540139032732,0.00742453528560352
0.599308188991525,-0.528883281180054,0.0654602283749994,-0.477873865994021,-0.0167492087809764,0.0119305167650192,0.0079962684345126
0.582648159599757,-0.532130697375551,0.064595578741438,-0.468520629024251,-0.016462763355678,0.0115125840910473,0.00844671362801391
0.564618481530795,-0.533547123690483,0.0636259546535946,-0.457399688925828,-0.0161915500646973,0.0110076211367046,0.00876775494768467
0.545216476569488,-0.533107189942444,0.0625396976359455,-0.444428167216009,-0.0159304281474733,0.0104278296169859,0.0089541283472876
0.524447619180756,-0.530845008488771,0.0613206789637805,-0.429578198334991,-0.0156758962341045,0.00978943513724237,0.0090038852751274
0.50233276707313,-0.526855172882594,0.0599505276346734,-0.412885343739056,-0.0154265551245138,0.00911136669238382,0.00891859120579755
0.47891243868714,-0.521284873191605,0.0584111916992283,-0.39444793760741,-0.0151831968071574,0.00841358471078918,0.00870320259468826
0.454247547397725,-0.514318591797355,0.0566874054751898,-0.374417460620549,-0.0149485129554065,0.00771533718893938,0.00836563361031813
0.428416826234648,-0.506158488553956,0.0547686795441135,-0.352982099538481,-0.0147265069865272,0.00703362635416277,0.00791608922059549
0.401511869107692,-0.497004237319625,0.0526505760729803,-0.330346955978682,-0.0145217519895512,0.00638209436051469,0.00736628148557746
0.3736310619031,-0.487035631079756,0.050335220165645,-0.306714572956335,-0.0143386474295244,0.00577041953644872,0.00672865096950359
0.344873635480858,-0.476400066925951,0.0478311633704614,-0.282268687990306,-0.0141807966967337,0.00520419892659938,0.00601569016057056
0.315334753262244,-0.465205596972611,0.0451528159948207,-0.257162856611355,-0.0140505751324202,0.00468521157225558,0.00523942572652201
0.285102126854339,-0.453519055932518,0.0423196920597793,-0.231514327652224,-0.0139489054268554,0.00421192204050782,0.00441107728229788
0.254254293960879,-0.441368092385891,0.0393556818937816,-0.205402641193346,-0.0138752182781738,0.0037800885753631,0.00354088251315707
0.222860492852751,-0.428745756880019,0.0362885098589944,-0.178871994337518,-0.013827555483591,0.003383369584071,0.0026380654212166
0.190982049540291,-0.415616514042374,0.0331494697791731,-0.151936439542686,-0.0138027678378808,0.00301386093607787,0.0017109243803887
0.158675385021091,-0.401923057826085,0.0299734807593589,-0.12458734255625,-0.0137967667328631,0.0026625348376331,0.000767024655111602
0.125996701388286,-0.387593703837712,0.0267994016230947,-0.0968028637046666,-0.0138047997637088,0.0023195839602849,-0.000186513025192882
0.0930082944088801,-0.372550670712693,0.0236704532474578,-0.0685594087513857,-0.0138217380003667,0.00197470076652913,-0.00114264315304134
0.0597852245912768,-0.356719312824783,0.0206343604103756,-0.039844313987018,-0.0138423777426018,0.0016173380412263,-0.0020939909834189
0.0264199755864782,-0.340037929594492,0.0177426717813642,-0.0106681103893221,-0.0138617696408149,0.0012370011363222,-0.00303249093928257
-0.00697707603494159,-0.322467453777425,0.0150487856893262,0.0189254218129824,-0.0138755806428414,0.000823617637585612,-0.00394913442780787
-0.040281589168688,-0.304000640626152,0.0126045426011428,0.0488520516303785,-0.0138804701360536,0.000368022380653832,-0.00483383288094193
-0.0733620083480157,-0.284670775256107,0.010455585527469,0.0789823749801611,-0.0138744354757686,-0.000137415885096949,-0.00567535726547093
-0.106087520865227,-0.264559605570666,0.00863587575243041,0.109139584976083,-0.0138570659045805,-0.00069802380379989,-0.00646133329308023
-0.138336577581202,-0.243803206797528,0.0071618944282492,0.139100971810898,-0.0138296387696431,-0.00131594891240767,-0.00717832172577902
-0.170005693100332,-0.222593759099937,0.00602735041110357,0.168605057562966,-0.0137949910351195,-0.00198927799946805,-0.00781204432844612
-0.201018077878278,-0.201174742596918,0.00519949155182591,0.197366025031632,-0.0137571183880547,-0.00271131042786873,-0.00834781581199162
-0.231330891989721,-0.179827744092279,0.00461830492483965,0.225095715489963,-0.0137204923062958,-0.00347019705506834,-0.00877120980770333
-0.260939433978093,-0.158850562299344,0.00419968497566115,0.251531387200301,-0.0136891540674428,-0.00424916171740409,-0.00906893223494485
-0.289876553415846,-0.138528664903824,0.00384297430839234,0.276465068919515,-0.0136657280285238,-0.0050274548372002,-0.00922980719216997
-0.318206242119581,-0.119104593201989,0.0034422013463784,0.299768590278014,-0.0136505664081528,-0.00578203938422514,-0.00924571984736477
-0.346011640245603,-0.100751595634547,0.00289917412836018,0.321408181071333,-0.0136412562361496,-0.00648980955262054,-0.009112335588502
-0.373379202499036,-0.0835576163863288,0.00213581767441051,0.34144442241125,-0.0136326603045449,-0.00712996389218673,-0.00882944564613645
-0.400381919467291,-0.0675234781370266,0.00110315973496876,0.360016898444891,-0.0136175355617671,-0.00768607889262467,-0.00840087380898323
-0.427064780976524,-0.0525754184906182,-0.000214761740192599,0.377316835569796,-0.0135876195049503,-0.00814749948335602,-0.00783398658821724
-0.453434981908337,-0.0385885148247138,-0.00180241653994576,0.393553788184252,-0.0135349582616865,-0.00850985417813486,-0.00713893777049588
-0.479458027470725,-0.0254153122462604,-0.00361873535338367,0.408923110531855,-0.0134532111363862,-0.00877473397502064,-0.00632781706303336
-0.505059452526218,-0.0129137101074387,-0.00560567273756032,0.423579650230121,-0.0133387077943028,-0.00894875728596042,-0.00541385756526225
-0.530130815199777,-0.000969504026558703,-0.00769738475694062,0.437620702730884,-0.0131911242612082,-0.00904232714464224,-0.00441080730087449
-0.554538178150231,0.0104889473676481,-0.00982839425526475,0.45107884159253,-0.0130137398573447,-0.00906837183257118,-0.00333251260045134
-0.578131398296945,0.0214845019178122,-0.0119397512540395,0.463923516922701,-0.0128133072275895,-0.00904128027408828,-0.00219271536177539
-0.60075300094159,0.0319926761813732,-0.0139828393330458,0.47606952678696,-0.012599599623434,-0.00897614089465946,-0.00100503944198816
-0.62224598795508,0.0419493223416945,-0.0159209718617162,0.487390464449584,-0.0123846979622236,-0.00888829755150854,0.000216868700173952
-0.642460445397115,0.0512630205428536,-0.0177292114448588,0.497735698879431,-0.0121820581886359,-0.00879316239245591,0.00145908006935073
-0.661259167574075,0.059830866499869,-0.0193929516786452,0.5069500052377,-0.0120053727673452,-0.00870617418886066,0.00270703562128721
-0.678522648783259,0.0675565568252754,-0.0209057757429501,0.514895324569054,-0.0118672237831804,-0.00864275746171763,0.00394514164685433
-0.694153689675992,0.0743697003403257,-0.0222670110774068,0.521474065575964,-0.0117775328542344,-0.00861811924374477,0.00515634357905631
-0.708081524169525,0.0802449612576526,-0.0234792853981681,0.526652712448698,-0.0117418570471983,-0.00864671893998522,0.00632172905269097
-0.720264835455774,0.0852189174173052,-0.0245462967836529,0.530483238111537,-0.011759668576165,-0.0087412731776612,0.00742023968172802
-0.730692416806975,0.0894015059395104,-0.0254709662358611,0.533118132165898,-0.0118228870165201,-0.00891123066405166,0.00842861199508245
-0.73937979659104,0.0929780041169364,-0.026254152500915,0.534813302439624,-0.0119150803879686,-0.00916079275724941,0.00932170978797752
-0.746360281035348,0.0961973612875268,-0.0268941518615343,0.535912741753963,-0.0120118514131268,-0.00948676943514653,0.0100734241812154
-0.751669985870097,0.0993442772202851,-0.0273872134866767,0.536811008863708,-0.0120828726007257,-0.00987680940172218,0.0106582597755728
-0.755328639465648,0.102696341989989,-0.0277291795541035,0.537895150337579,-0.0120957220111544,-0.0103087196202257,0.0110535577974029
-0.757320647276371,0.106473280469108,-0.027918052134635,0.539475884824126,-0.0120210876416056,-0.0107515335259024,0.0112420436364995
-0.757582723030852,0.110790575866629,-0.0279568713676798,0.541725321189936,-0.011838236078073,-0.0111685821426669,0.0112141296596773
-0.756003822249322,0.115631106390373,-0.0278559959091646,0.54464033319422,-0.0115392463535732,-0.0115221383394313,0.0109693209132149
-0.752439780769383,0.120843823310746,-0.027633959517464,0.548044012220417,-0.0111307195937817,-0.0117785494877693,0.0105162759578999
-0.746740339968496,0.126169415274812,-0.0273165712849345,0.551624555367003,-0.010632478877924,-0.0119125286169852,0.00987150843009437
-0.738782387377705,0.13128402774755,-0.0269345634290278,0.554998223067622,-0.0100737610957738,-0.0119095996074563,0.00905715325636593
-0.728501707917213,0.135847963367993,-0.0265205064952566,0.557777056303146,-0.00948806136235668,-0.0117663901215107,0.00809843986397796
-0.715916211768705,0.139548004358825,-0.0261057477428938,0.559624546738739,-0.00890789138376609,-0.0114891464609719,0.00702144960247898
-0.701135582285586,0.142127150227113,-0.0257179081656521,0.560290154786742,-0.00836040477130871,-0.0110912183668899,0.00585149299343336
-0.684355031646629,0.143400668402217,-0.0253792230231221,0.559621688048738,-0.00786442739992681,-0.0105902856156118,0.00461218383195463
-0.665834315967853,0.143260296615856,-0.0251058454387269,0.557559936840181,-0.00742910298481266,-0.0100059029542347,0.00332511307039015
-0.645866972622999,0.141669137213202,-0.024908111888396,0.554121930442518,-0.00705413417213567,-0.00935768216517453,0.00200995382014017
-0.62474764408478,0.138649380137011,-0.0247916080122685,0.549378629464347,-0.00673140116923885,-0.00866420417645061,0.000684828977128297
-0.602745806510621,0.134264627768251,-0.0247586707931459,0.543431150899329,-0.00644755561097839,-0.00794258868526134,-0.000633194118919055
-0.580091699294551,0.128598727201255,-0.0248098146979171,0.536387839515411,-0.00618707242101526,-0.00720854091939634,-0.00192757952863067
-0.556975853123205,0.12173345787185,-0.0249445802660237,0.528343294878382,-0.00593525355921543,-0.00647663763166341,-0.00318183751008647
-0.533559328911906,0.113727806956305,-0.0251614981678022,0.51936003806951,-0.00568080217768105,-0.00576060267125778,-0.00437913148778076
-0.509989157384091,0.104601697673856,-0.0254571730110124,0.509453736040439,-0.00541774617230905,-0.00507335273209173,-0.00550202841812172
-0.486412907502485,0.0943269037641233,-0.0258248152869053,0.498583489083533,-0.00514660514512292,-0.00442666237060273,-0.00653245036875526
-0.462987336178369,0.0828274580609322,-0.0262527960752871,0.486649230405389,-0.00487473403522206,-0.00383040090319973,-0.00745189147428377
-0.439878018625257,0.0699909678233896,-0.0267239001220307,0.473498348581997,-0.00461577133210026,-0.00329142629249723,-0.00824195749333021
-0.41724929407738,0.0556906389048459,-0.0272158564905673,0.458942818951084,-0.00438813678672615,-0.00281236483806203,-0.00888525036375396
-0.395246518086706,0.0398154321651063,-0.0277034070906299,0.44278621182689,-0.00421262496241326,-0.00239062238618141,-0.00936654877812994
-0.373975076761737,0.0223030628342046,-0.0281616764973148,0.42485717272228,-0.00410934334810484,-0.00201800771719768,-0.00967413638488148
-0.353482152717988,0.00316851444147223,-0.0285700830889691,0.405043198249798,-0.0040944909945816,-0.00168125314136734,-0.00980103472476814
-0.333747016666735,-0.0174793943993824,-0.0289157120674173,0.383317063657183,-0.004177645452936,-0.00136348766609404,-0.00974585793867403
-0.314683346603932,-0.039438379720637,-0.0291951462148284,0.359749205779979,-0.00436019705524077,-0.0010464228417697,-0.00951305969623288
-0.296153436670985,-0.062430438619957,-0.0294142291233816,0.334502839295531,-0.00463529766187798,-0.000712773248113985,-0.00911248696186683
-0.277990651455519,-0.0861325264558222,-0.0295859053806536,0.307813362243359,-0.00498926613987053,-0.000348363851517949,-0.00855833697346643
-0.260024569198373,-0.110212528980242,-0.0297268321231434,0.279957709863794,-0.00540399722741205,5.6495281983865e-05,-0.00786775728645214
-0.242103486471377,-0.134362533325185,-0.0298536733391545,0.251221158641439,-0.00585971728649166,0.00050653029873919,-0.00705938071760699
-0.224110773979327,-0.158323554616199,-0.0299798639946717,0.221868321684123,-0.00633747016536524,0.00100182115916622,-0.00615204436439729
-0.205973867183578,-0.181899197987833,-0.0301133150142548,0.192122571750946,-0.00682092872594725,0.00153864416503903,-0.00516384315729657
-0.187666497826467,-0.204958777378662,-0.0302552022433348,0.162155214182037,-0.00729738828946802,0.00211052117979914,-0.00411156337129343
-0.169205715989839,-0.227432301488779,-0.030399756187184,0.132083462765359,-0.00775800546413641,0.00270920927765793,-0.00301046469211187
-0.150645396979999,-0.249300328269907,-0.0305348713202267,0.101975084339874,-0.00819745639954511,0.00332546403471749,-0.00187434176843182
-0.132067593038527,-0.270581312826636,-0.0306433545964987,0.0718573914273594,-0.0086132106497803,0.00394951114911584,-0.000715791876748006
-0.113572574831963,-0.291318121820296,-0.0307046906798977,0.0417287987470847,-0.00900458202374624,0.00457123949721889,0.000453366907808814
-0.0952681015765608,-0.311564424416642,-0.0306972649104918,0.0115720389677349,-0.00937166403964011,0.00518017599453835,0.00162155261548454
-0.0772581612276282,-0.331370471625065,-0.0306010642970707,-0.0186306757378962,-0.0097142032197159,0.00576533163298201,0.00277674470895179
-0.0596313614811845,-0.350767360625815,-0.0304009104851429,-0.0488795933245549,-0.0100304427197803,0.00631503698342361,0.00390566471364889
-0.0424484595420192,-0.369749545044382,-0.0300902383769937,-0.0791365255830897,-0.0103159992311803,0.00681695089847551,0.00499287618568471
-0.0257274856054486,-0.388258121695867,-0.0296751554668742,-0.109305172146686,-0.0105629329288356,0.00725850899925894,0.00602004751558129
-0.00942616851244963,-0.406169716738249,-0.0291778929618812,-0.139220303432557,-0.0107592829632348,0.00762805050131484,0.00696573532779469
0.00657360211650851,-0.423295115076843,-0.0286381939419658,-0.168651364118274,-0.010889362432589,0.00791660633596307,0.00780588813155298
0.0224694016038541,-0.439388482393085,-0.0281111344173767,-0.197319830565268,-0.0109350221380233,0.00811999982339151,0.00851500380964084
0.0385208704863211,-0.45416667758006,-0.0276605452554226,-0.224926776182317,-0.010877919093719,0.00824071552550648,0.00906780004318797
0.0550083219466349,-0.46733765008258,-0.0273484143754236,-0.251187277287227,-0.0107025464552526,0.00828894596596273,0.00944129008487628
0.0721726676958898,-0.478634423716776,-0.0272222159604941,-0.275866908498499,-0.0103994163152588,0.00828230301925883,0.00961706538735398
0.0901500941827374,-0.487847365699801,-0.0273035360891788,-0.298812627157861,-0.00996750871002181,0.0082439553431882,0.00958339242373545
0.108919916372247,-0.494845497259888,-0.027581765272701,-0.319969272797694,-0.00941514096095345,0.00819943014769782,0.00933661949695874
0.128282356944328,-0.499579785357509,-0.028015362397686,-0.339375948014156,-0.00875886264900142,0.00817281190253713,0.00888149789291316
0.147873894701359,-0.502067241980263,-0.0285405717027082,-0.357142889559579,-0.0080206714182133,0.00818330814013489,0.00823033738162084
0.167215282651883,-0.502361336955598,-0.0290847894591387,-0.373415897700223,-0.00722442030554052,0.0082429822469091,0.00740128171927886
0.185777720799895,-0.500518319085215,-0.0295804360781251,-0.38833869492593,-0.00639246287380972,0.00835597356441974,0.00641621507201635
0.203050145515804,-0.49656900921305,-0.0299756946111848,-0.402022599298345,-0.00554333509445478,0.00851900517430189,0.00529880796388209
0.218594682880695,-0.490502451163382,-0.0302402132350503,-0.414528996071659,-0.00469081109792855,0.00872265782828135,0.00407303894771789
0.232084297989519,-0.482263700195921,-0.0303657527842595,-0.425865702153355,-0.0038442435906641,0.00895283903877125,0.00276231390008213
0.243322712937178,-0.471764777498493,-0.0303630047426867,-0.435995249887308,-0.00300984604227224,0.00919202736260879,0.00138914813693163
0.252249737105807,-0.45890599726922,-0.0302562172129077,-0.444851891559664,-0.00219249557240897,0.00942010358526325,-2.46940475675776e-05
0.258935156337595,-0.443604068062764,-0.0300770831806344,-0.452364284116973,-0.00139766791680956,0.00961480323121963,-0.00145771649016359
0.263562343757089,-0.425822807257593,-0.0298589377842748,-0.45848151262275,-0.000633195571306899,0.00975199950859033,-0.0028879661728453
0.266400426824204,-0.405601410370939,-0.0296319775532612,-0.463200544217852,8.93654042719283e-05,0.00980614588125095,-0.00429216633132438
0.267763096310293,-0.383073998456896,-0.0294200904260744,-0.466592777971627,0.000753877968103923,0.00975127119762884,-0.00564483756082751
0.267954817459508,-0.358473441576969,-0.0292399136384145,-0.468825802255715,0.00133932009528441,0.0095629085223188,-0.00691760090198239
0.267212075115086,-0.332113708585038,-0.0291026706958858,-0.470174077516863,0.00182008562164187,0.00922120413096649,-0.00807893904232315
0.265656428660327,-0.304349609483246,-0.0290188315588882,-0.471010216089563,0.00216709217934463,0.00871512964795151,-0.00909474880219301
0.263281919021038,-0.275520673273255,-0.029004498292274,-0.47176903532834,0.00235014805326341,0.00804717225076113,-0.00992998020418822
0.259994235891962,-0.245894264540548,-0.029086968620539,-0.472882068835916,0.00234211350698108,0.00723719920178889,-0.0105514515391578
0.255699458072117,-0.215626944146587,-0.0293061642696903,-0.474691379156715,0.00212490837024277,0.0063237105865688,-0.0109315360834877
0.250413026677758,-0.184758385869356,-0.0297096582181854,-0.477364722677013,0.00169623691664048,0.00536091822227258,-0.0110519413953742
0.244341918384818,-0.153239421335644,-0.0303420202088353,-0.480841415817583,0.00107461364877719,0.00441134951124096,-0.0109065003449032
0.237900284957003,-0.120981461910216,-0.0312325366194536,-0.484832032120699,0.000300014824219292,0.00353560700985992,-0.0105020379378457
0.231650064855144,-0.0879071243128414,-0.0323866703453777,-0.488875437485743,-0.000571077278878631,0.00278239835520319,-0.00985701390876608
0.226193402522192,-0.0539852663400329,-0.0337848408350205,-0.492433961941688,-0.00147501117414637,0.00218191408564344,-0.00899845271238136
0.222060693744511,-0.0192441135920171,-0.0353885340247438,-0.49499501424731,-0.00235160129370269,0.00174405056017727,-0.00795819252640956
0.219630209984197,0.0162337686722434,-0.0371508160293349,-0.496150800198233,-0.00315284102618799,0.00146093127617822,-0.00676947447326132
0.219093749751474,0.052326190315075,-0.0390274418009515,-0.495641820776327,-0.00384780981655293,0.00131186856136214,-0.00546449179571042
0.220463245056545,0.0888878789604717,-0.0409856214866408,-0.493364734126358,-0.00442360074365166,0.001268748045763,-0.00407304608672232
0.223603850839273,0.12576411334669,-0.0430089915015166,-0.489354250770647,-0.00488325263968432,0.00130044628872407,-0.00262214299195014
0.228278988196108,0.162799815533148,-0.0450985329599387,-0.483750838753136,-0.00524201794227587,0.00137571470812258,-0.00113624736963887
0.234197408823117,0.19984449366039,-0.0472697981802078,-0.476763515303958,-0.00552307178745675,0.00146459605653793,0.000362062073602488
0.241057460616369,0.23675435912318,-0.0495469800955522,-0.46863292708682,-0.00575333036025871,0.00153878543635137,0.0018512314082985
0.248587231819517,0.273393116820025,-0.0519543615902548,-0.4595964239296,-0.00595965680218841,0.00157147260603179,0.00330979492891377
0.256580555084161,0.309632640562788,-0.0545057660895653,-0.44985496001195,-0.00616550844603059,0.0015372051660657,0.00471546121636319
0.264928131433879,0.345354186217839,-0.0571929833963673,-0.439541693272417,-0.00638803909640921,0.00141225591207678,0.00604431918423568
0.273640771828926,0.380450103453971,-0.0599748542138637,-0.428693922830212,-0.00663578272920344,0.001175870527843,0.0072702958685701
0.282858782272289,0.414825354386494,-0.0627696819297223,-0.417232922743634,-0.00690724632263497,0.000812575942389078,0.00836506124951014
0.292839319349564,0.448397776409878,-0.0654545241206937,-0.40495911282566,-0.00719092509652612,0.000315390012726309,0.00929863978544049
0.303914411958458,0.48109619788211,-0.0678749259759079,-0.39157088386462,-0.00746726688875512,-0.000310721463057293,0.0100409860592994
0.316418692465103,0.512856330020997,-0.069866790281864,-0.376711907756336,-0.00771277975881992,-0.00104632030517225,0.0105646164908294
0.33059806508636,0.543615524836773,-0.0712878318219456,-0.360042753163014,-0.00790573685853787,-0.00185732747035302,0.0108480058918577
0.346524118939137,0.57330829042222,-0.0720505906105012,-0.341320535857709,-0.00803202363216315,-0.00269821116867556,0.0108789614381351
0.364044934697535,0.601864179425066,-0.0721454865097475,-0.320461970233972,-0.0080891626804387,-0.00351834455498887,0.0106568835103903
0.382793342750054,0.629208312483682,-0.0716443057518324,-0.29756788868384,-0.00808698206241541,-0.00426990280339583,0.0101930354640225
0.402251006338183,0.655263291634649,-0.0706820409553258,-0.27290194240161,-0.00804471416889717,-0.00491488659396229,0.00950867703302564
0.421844202158732,0.679950697243995,-0.0694239213124557,-0.246834548371796,-0.00798575746991287,-0.00542930138419303,0.00863174691581351
0.441038455136648,0.703191010547883,-0.0680293148162755,-0.219774175962464,-0.00793202995230751,-0.00580385892703713,0.00759319899960974
0.459406853177133,0.724901980106284,-0.0666228905033393,-0.192107120402967,-0.00789954173782182,-0.00604190148339726,0.00642394369457103
0.476662579491544,0.744996313873777,-0.0652782826901191,-0.16415789142147,-0.00789595239555195,-0.00615590872894583,0.00515286628105573
0.49265974676042,0.763379813634111,-0.0640142655607515,-0.136172331091977,-0.00792006106246227,-0.00616387644655807,0.00380593636749126
0.507373072291509,0.779950881386873,-0.0628004261609002,-0.108319134223959,-0.00796273234562365,-0.00608639385413283,0.00240617103545235
0.52086699864105,0.794602061972151,-0.061568717917799,-0.0807032739075857,-0.00800868724980379,-0.00594474294646552,0.000974161249477104
0.533261611990845,0.807224134731924,-0.0602281445397831,-0.0533854655754641,-0.00803873062538033,-0.00575997464584358,-0.000471074991072113
0.544698895066015,0.817713211304845,-0.0586811063048254,-0.0264035005418895,-0.00803218874599637,-0.00555270493660943,-0.0019110709199865
0.555310039791123,0.825981175868931,-0.0568409059306509,0.00020710428441223,-0.00796949127884213,-0.00534327311428948,-0.00332682023488532
0.565183358439251,0.831969393957943,-0.0546501682027334,0.0263946800527811,-0.00783489781135627,-0.00515186338679633,-0.0046976940615956
0.574332909410723,0.835664698802049,-0.0520993152525951,0.0520764513234067,-0.0076193142652505,-0.00499818642768095,-0.00600046085520837
0.582670184828668,0.837115127445094,-0.0492427913277479,0.0771286369332852,-0.00732296128931363,-0.00490036277694443,-0.00720856642379852
0.589984612551026,0.836440895932813,-0.046208787400331,0.101383878191184,-0.00695736910092667,-0.00487279621814443,-0.0082919286782365
0.595941945926433,0.833834398288187,-0.0431966485554835,0.124638768964407,-0.00654587463886525,-0.00492314011202514,-0.009217594896617
0.600110446911611,0.829543028236433,-0.0404564717922678,0.146673693331252,-0.006121690679005,-0.00504896495799385,-0.00995160640778422
0.602020048380734,0.823832104813592,-0.0382492954746872,0.167284526405957,-0.0057229889789774,-0.00523530078908422,-0.0104621904457082
0.601247935773134,0.816932730847611,-0.0367940694093827,0.186320773200377,-0.005385465900036,-0.00545450068571071,-0.0107238916766395
0.597508756098887,0.80898849390084,-0.036216360173445,0.203719188558558,-0.00513426962029746,-0.00566941665192589,-0.0107216284927166
0.590718351689645,0.800019742531515,-0.0365175078371062,0.219519767763405,-0.00497811432293138,-0.00583960031794489,-0.0104533270358096
0.581005882755734,0.789919630668078,-0.0375769360712047,0.233855640752359,-0.00490797013454067,-0.00592874201529145,-0.00993013559243646
0.568670042485892,0.778483348500313,-0.0391864788174987,0.246918769986075,-0.00490084993386458,-0.00591086069682774,-0.00917417849601913
0.554098296736983,0.765458775143919,-0.0411024825923198,0.258913369533875,-0.00492704111772778,-0.00577339408564543,-0.0082147802215576
0.537679412215809,0.750601088234263,-0.0430969815423547,0.270012457929315,-0.00495802329436108,-0.00551683625058731,-0.00708447786428978
0.519734934217491,0.733717096167286,-0.0449941529102808,0.280328900918367,-0.00497270476943004,-0.00515191494904695,-0.0058158503629928
0.500481775836025,0.714692702084607,-0.0466871817137324,0.289904706695583,-0.00496085828369406,-0.0046958378081319,-0.00443959394380072
0.480025276711428,0.69350366254227,-0.0481379105421127,0.298716000158418,-0.00492382122526197,-0.00416890508898268,-0.00298377387014145
0.458375064350903,0.670213175323776,-0.0493649017832237,0.306688285833514,-0.00487315131207766,-0.00359220565436342,-0.0014739499251937
0.43547469713272,0.644960086657826,-0.0504254879129548,0.313716890310156,-0.00482800360316564,-0.00298655369398591,6.61435406165747e-05
0.411237884398477,0.617940043765354,-0.0513957719712524,0.319689266195183,-0.00481176382651388,-0.00237244412757857,0.00161360313178633
0.385586597599965,0.589380084295092,-0.0523508008410073,0.324507651005747,-0.00484818410196658,-0.00177059735620126,0.00314520426605756
0.358488058841111,0.559505947950462,-0.0533460477227449,0.328111460577941,-0.00495708816018909,-0.00120256355209311,0.00463620394296654
0.329987739850604,0.52850159782047,-0.0544011740432203,0.330498324663709,-0.00514974238573931,-0.000690813798349912,0.00605922125420255
0.300234102874211,0.496462731003575,-0.0554877307478304,0.331740869973975,-0.00542427437373977,-0.000257764505324056,0.00738338811802772
0.269488518752599,0.463350817316599,-0.0565236410550435,0.33199387106136,-0.00576203821540545,7.66675508820634e-05,0.00857408312698944
0.238112183998871,0.428960749329891,-0.0573782095190614,0.331484784261128,-0.00612640280489394,0.000298986645970085,0.00959368365923379
0.206523501086967,0.392920609089189,-0.0578907939388209,0.330482356739761,-0.00646567082546219,0.0004068187458315,0.0104037751132299
0.17512686381933,0.354740784039527,-0.0579029020705031,0.329244935597716,-0.0067211503982333,0.000412839401322923,0.0109689693104437
0.14422694891282,0.313916061707689,-0.0572973454742049,0.327961153905614,-0.00683948196833318,0.000345885731505895,0.0112618230805401
0.113955561068046,0.270059357410475,-0.0560319606940808,0.326704609822277,-0.00678577971901605,0.000247753339529576,0.0112675387429301
0.084240484543955,0.223022375206592,-0.0541542480439144,0.325422523243525,-0.00655266933746031,0.000165927755371492,0.0109867451290734
0.0548313710093181,0.172955748103742,-0.0517901316649659,0.323963700174185,-0.00616147464650793,0.00014456125196127,0.0104352040975998
0.0253729286618261,0.120286089925477,-0.0491117434274319,0.322132237720718,-0.00565531611998597,0.000216907731920449,0.0096405883005951
-0.00450337542778684,0.0656245096168887,-0.0462978648604263,0.319743607507634,-0.00508739843381966,0.000401493727224012,0.00863767226189059
-0.0350999752456705,0.00964574711790521,-0.0435010951500547,0.316664277162714,-0.00450904571795749,0.000702334030781039,0.00746361164877375
-0.0666048392431484,-0.0470223672357247,-0.0408295098077396,0.312828423373292,-0.0039608829681692,0.00111189880719628,0.00615445997210849
-0.0990770796881845,-0.103875399927292,-0.0383430748985796,0.308235787285169,-0.00346840533710889,0.00161503853845681,0.00474326397164467
-0.132459252530586,-0.160569095669656,-0.036060506101469,0.302938701212018,-0.00304146839585542,0.00219246109815347,0.00325950539597404
-0.166605994097156,-0.216922040803977,-0.0339712696472486,0.297025058754041,-0.00267648910710617,0.00282305113640286,0.00172945691331718
-0.201320293277641,-0.272893077112852,-0.0320485947827927,0.290600836995842,-0.00236015487443681,0.00348491589725503,0.000177066829932961
-0.236391829731608,-0.328540618298374,-0.0302611076918114,0.283773085622688,-0.00207378243248264,0.00415541253330622,-0.00137488963579288
-0.271634234922507,-0.383967809635012,-0.0285820747995559,0.276632921356655,-0.00179783635540864,0.00481060539732903,-0.00290355803798262
-0.30691888722193,-0.439255431649873,-0.0269959774950369,0.269237983835956,-0.00151634367711357,0.00542469805103539,-0.00438477837438171
-0.342201849201829,-0.494385325969845,-0.0255023222038372,0.261594792214933,-0.00122096470564135,0.0059700307694248,-0.00579202788714162
-0.377538409744727,-0.549161767056246,-0.0241164715892801,0.253643292807288,-0.000914306944735285,0.00641821920067948,-0.00709573269492702
-0.413077773933598,-0.603146095749701,-0.0228671714150088,0.245248273479035,-0.00061177556645748,0.0067428618867025,-0.00826322229213395
-0.449030878944286,-0.65562818895896,-0.0217906436629874,0.236204359343054,-0.000341013470560493,0.00692385677832183,-0.00925964691983779
-0.485609414376802,-0.705661040494772,-0.0209218194868982,0.226261248072326,-0.00013807517066223,0.00695268033157059,-0.010050113089699
-0.522944695299843,-0.752174385492827,-0.0202844278660218,0.215171515941308,-4.01919376633768e-05,0.00683713159873659,-0.010603023129933
-0.561007992913591,-0.79415636342185,-0.0198827402948346,0.202753979654408,-7.6359810133513e-05,0.00660347177148703,-0.0108941167756077
-0.59956156270343,-0.830856726148289,-0.0196979589845744,0.188954489170357,-0.000258489931904192,0.00629421379397137,-0.010910190073409
-0.638163643397358,-0.861942098755841,-0.0196909027136993,0.173880617105272,-0.000576455747423881,0.00596130993744358,-0.0106512758589438
-0.676230264429794,-0.887544084073125,-0.0198101388743873,0.157793608647948,-0.00099923199261615,0.00565654267261048,-0.0101304912594104
-0.713132400695925,-0.908184474894643,-0.0200024392811425,0.141058601825135,-0.00148179980478667,0.00542225749398357,-0.00937164966215839
-0.748293930802024,-0.924612674576427,-0.0202218289519187,0.124071885312329,-0.00197511325173804,0.00528526346791864,-0.00840555786294273
-0.781260871934426,-0.937618061805202,-0.0204347662096965,0.107190763680404,-0.00243562257318611,0.00525506433470247,-0.00726619463839382
-0.811729418586752,-0.947874140866983,-0.02062106970568,0.0906852163820012,-0.00283179718013425,0.00532574726726454,-0.005987668839338
-0.839537588831095,-0.955844748006349,-0.0207718015462696,0.0747176557487273,-0.00314681537911885,0.00547983755617415,-0.00460232338030158
-0.86463485453739,-0.961755057187725,-0.0208858521962639,0.0593460838035489,-0.00337799979578602,0.00569241499243433,-0.00313992688828559
-0.887045127151129,-0.965613476563272,-0.0209666592575098,0.0445409981694575,-0.00353419637499854,0.00593438262700465,-0.00162769979351308
-0.906834245881904,-0.967266020164085,-0.0210198350296478,0.0302070018920366,-0.00363223446693513,0.00617449724905453,-9.08994403678055e-05
-0.924087454737996,-0.966467892874715,-0.0210518696766787,0.0162036128936746,-0.00369321516503482,0.00638033276493473,0.00144626461222433
-0.93889757505997,-0.962962531945533,-0.0210696763672746,0.0023637904611136,-0.00373896110576606,0.00651868496160659,0.00295956841988664
-0.951361442147485,-0.956562362824661,-0.0210805470397001,-0.0114882756505598,-0.00378869835456761,0.00655607606152573,0.00442372838272984
-0.961580540482882,-0.947226050329586,-0.0210920361801928,-0.0255172032328904,-0.00385599316567509,0.00646002239216402,0.0058115424433378
-0.969661271327716,-0.935123733616531,-0.0211113535167625,-0.0398519460210159,-0.0039461212501004,0.00620158543342867,0.00709340949191464
-0.9757107203687,-0.920676044667033,-0.0211440389982602,-0.0545570245140211,-0.00405432796691501,0.00575938768060674,0.0082374435808382
-0.97982524195166,-0.904548097957904,-0.0211920424607469,-0.0696037558954891,-0.00416569170090855,0.00512469866926664,0.00921040127350889
-0.982071818301921,-0.887581420373089,-0.0212518008990762,-0.0848500259969946,-0.00425730498607719,0.00430644503070057,0.00997957302800205
-0.982465816410003,-0.870660080346601,-0.0213133197513312,-0.100039102125589,-0.00430302174418155,0.00333433834820543,0.0105155975581663
-0.980952401020825,-0.854532393379905,-0.0213613022948385,-0.114825020367443,-0.00428005882117483,0.00225821185422379,0.0107958266551412
-0.977400377161869,-0.839637240693453,-0.0213787648146211,-0.128823490582154,-0.00417564744053501,0.00114252919035228,0.0108074968307917
-0.971614757088758,-0.82599632701805,-0.0213523913232204,-0.141676272283792,-0.00399138783595215,5.6798260526202e-05,0.0105497797094514
-0.963367599827974,-0.813216385110062,-0.0212777826203862,-0.153109839490286,-0.00374356403110565,-0.000935539773556941,0.0100340033453715
-0.952439141508845,-0.800602077259332,-0.0211624383561713,-0.162970974964212,-0.0034592404454404,-0.00178641157352151,0.00928194403002106
-0.938657354742957,-0.787335870420596,-0.0210251770972663,-0.171231908455327,-0.00316964163388382,-0.00246812907569042,0.00832275821241228
-0.92192596164016,-0.772661177891873,-0.020892171760833,-0.177969539033193,-0.00290311454295175,-0.00297354597495961,0.00718948865967954
-0.902236866645432,-0.756016753487447,-0.0207910047350541,-0.183330707625257,-0.00267963654602501,-0.00331253801437568,0.00591599897003914
-0.879668877341934,-0.737099817252028,-0.0207445541939677,-0.187496211538615,-0.00250782991951682,-0.00350679607645959,0.00453483283962572
-0.854377620772477,-0.715863138129418,-0.0207661739718724,-0.190652352974788,-0.00238445925523018,-0.0035847351693421,0.00307611341321444
-0.826581347710045,-0.692466130346626,-0.020856964673399,-0.19297364608362,-0.00229582897858713,-0.00357761129912648,0.00156734715995994
-0.796545103774235,-0.667201807573895,-0.0210053777749272,-0.194616141013694,-0.00222039772602693,-0.00351718271068734,3.38930294667673e-05
-0.764563085110735,-0.64041592552137,-0.0211891370760085,-0.195718372712412,-0.00213210741678902,-0.00343470299426008,-0.00150015052957658
-0.730937020976693,-0.612427891014813,-0.0213794536676684,-0.196405996104361,-0.00200417331638168,-0.00336072751788411,-0.00301085595979939
-0.695947824195349,-0.583458804316545,-0.0215475557309474,-0.196796285401777,-0.00181323397259466,-0.00332508887458384,-0.00447335228194062
-0.659818972539168,-0.553571615000215,-0.021673407361174,-0.196999532162956,-0.00154372350469632,-0.00335638792823196,-0.00586084137763467
-0.622673417841901,-0.522631192169732,-0.0217559384410188,-0.19711580063967,-0.00119207876509699,-0.00348043949667455,-0.00714390777868131
-0.584491154608895,-0.490296054428061,-0.0218230688013977,-0.197227301815172,-0.000769982913050059,-0.00371734785289323,-0.00829033356993391
-0.545080816628441,-0.456055175727275,-0.0219384826664943,-0.197388448366094,-0.000305432702842603,-0.00407733989832061,-0.00926570724575591
-0.504082977815266,-0.419318400025806,-0.0222011449746501,-0.197616875282269,0.000159708669696004,-0.00455618118358519,-0.0100351519247489
-0.461020559718675,-0.379554226229627,-0.0227340659184144,-0.197888849253902,0.000576463511094435,-0.00513179007059989,-0.0105663578700536
-0.415398570588865,-0.33644567584998,-0.0236618662655674,-0.198141472709841,0.000899125410328776,-0.00576409542646091,-0.010833662741765
-0.366832525866334,-0.290014259685698,-0.0250820099325912,-0.198282360308909,0.00109658209257082,-0.00639962365703594,-0.0108222560768363
-0.315163598865244,-0.240660900247591,-0.0270394959173373,-0.198205620360387,0.00116047555138093,-0.00698050735550501,-0.0105310958483535
-0.260515726129421,-0.189101058995605,-0.0295153597206823,-0.197811353382101,0.00110670750773151,-0.00745535414071397,-0.0099733252005258
-0.203272891150019,-0.136217239348582,-0.0324338327841603,-0.197024698866977,0.00096958923505423,-0.00778824915105526,-0.00917394759899515
-0.143990566859493,-0.0828861452603157,-0.0356845869946766,-0.195810192608542,0.000791234011948177,-0.00796306064424789,-0.00816566890498256
-0.0832801526810402,-0.029838988422318,-0.0391507431407295,-0.194178359666584,0.000610421518141997,-0.00798253140997868,-0.00698438389718277
-0.0217063380232553,0.0224129802528138,-0.0427332164596559,-0.192183849465891,0.000454415009257267,-0.00786374029050615,-0.00566554266928677
0.0402791622625967,0.0735874527412945,-0.0463659574600141,-0.189916868547978,0.000335155616699367,-0.00763230746659752,-0.004241959894075
0.102363438162468,0.123593819233031,-0.0500212071676982,-0.187490921916048,0.000249412673764504,-0.00731727092017381,-0.00274302943040867
0.164365960388046,0.172472792401684,-0.0537066711065497,-0.185029502443036,0.000181604594225797,-0.00694760083083846,-0.0011950089838078
0.226211492595491,0.220330182625959,-0.0574571813321939,-0.182652900845714,0.000108029759306117,-0.00655046221556183,0.000377999570264666
0.287891634997486,0.267273937402675,-0.0613227644131172,-0.180464722253215,1.70220043789753e-06,-0.00615081757312409,0.00195266789464885
0.349420126979403,0.31335755967226,-0.0653540471355482,-0.178536881614939,-0.000162542438075915,-0.00577173787218765,0.00350485807105283
0.41078377242717,0.358530885269822,-0.0695853559697787,-0.17689239919026,-0.000402763480771378,-0.00543473529878144,0.00500799077468103
0.471890161762939,0.402600961136171,-0.0740161886732906,-0.175487466638391,-0.000724643032088858,-0.00515945759054438,0.00643154000231062
0.532516152836298,0.445210453541977,-0.0785932187837801,-0.174197706837911,-0.00111686510341436,-0.00496219455517402,0.0077399441968397
0.592267259919452,0.485846342518899,-0.0831975000600169,-0.172817022068758,-0.00154848922981102,-0.0048529409489326,0.0088924195420932
0.650565532122971,0.523893257437686,-0.0876440700980702,-0.171078247115837,-0.00197026806990948,-0.00483137243334574,0.00984434092792462
0.706686607890787,0.558737664555988,-0.0917014200997151,-0.168699636669415,-0.00232168469743959,-0.00488302011032118,0.010550786459947
0.759857285409809,0.589907660808286,-0.0951333722803332,-0.165448922360127,-0.00254378316984857,-0.00497776850716922,0.0109722369575344
0.809399062557294,0.617205037010447,-0.0977550801294522,-0.16120256184136,-0.00259470764963358,-0.00507270594568173,0.0110812679486262
0.85487087626291,0.640771823276629,-0.0994832568012188,-0.155973308273084,-0.00246202352309699,-0.00511968395203699,0.0108679810373535
0.896150534782956,0.661053105405669,-0.100358107797975,-0.149892363534572,-0.00216607713529101,-0.00507532018154674,0.010341910257448
0.933417558394431,0.678667115248048,-0.100526209300408,-0.143156242864453,-0.00175272284987985,-0.00490953725912497,0.00952960744838661
0.967048385628802,0.69423868966556,-0.100192806835933,-0.135964803568385,-0.00127902783224135,-0.00460952933503225,0.00846912895230686
0.997473235450011,0.708261033466552,-0.0995647649589534,-0.128474582402235,-0.000798192425735795,-0.00417862553176746,0.00720374924522521
1.0250489650346,0.721023725065178,-0.098804462298003,-0.120776892261566,-0.00034868280434635,-0.00363183437832175,0.0057768798122448
1.04998054592274,0.732608265349474,-0.098004832912699,-0.112896658046035,5.0595348678835e-05,-0.00299059046013124,0.00422904824546288
1.07229697947398,0.742929273487452,-0.097185405010947,-0.104802819282112,0.000399872503284254,-0.00227859837656033,0.00259682029832995
1.0918707356087,0.751794807676429,-0.0963037113132566,-0.0964226775958035,0.00071468771453645,-0.00151958876991651,0.000913119446310928
1.10846542982392,0.758966178910238,-0.0952758381331988,-0.0876563530580463,0.00102033560937734,-0.000736918478373858,-0.000791605755526017
1.12179954397108,0.764207426334783,-0.0940017789565656,-0.0783906914675822,0.00134560498148648,4.55720805981441e-05,-0.00248776031700148
1.13161874321442,0.767322264865598,-0.092393355679677,-0.0685138211687328,0.0017162323674694,0.000802285310498205,-0.00414478359869719
1.1377716865787,0.768180236256732,-0.0904033069778057,-0.0579322736762959,0.00214825985768837,0.00150513439689762,-0.00572934041479555
1.14028211442843,0.766734318183708,-0.0880530473756238,-0.0465921952500182,0.00264172493694675,0.00212432670920179,-0.00720379331190181
1.13940336261222,0.763030375950896,-0.0854536518106033,-0.0345042326794334,0.00317579446680746,0.00263145881588792,-0.00852540114906928
1.13563306778737,0.757205891880893,-0.0828110135576768,-0.0217675778267121,0.00370733836359994,0.00300514474117415,-0.00964692219249233
1.12966257642473,0.749473229961323,-0.0804047296604678,-0.00858287305651959,0.00417539859660814,0.00323825076497321,-0.0105194051486229
1.12224754179646,0.740083826511639,-0.0785352619307493,0.00476043341587839,0.00451306156486654,0.00334426187012352,-0.0110975873756902
1.11401924558923,0.72927624400956,-0.0774476587159855,0.0179326927937496,0.00466518870105266,0.00335924399052905,-0.0113472212261674
1.10529876289715,0.717221602788995,-0.0772576350729425,0.0306425006112222,0.00460623247838053,0.00333667646896095,-0.0112521418186158
1.09599586037454,0.703987328636508,-0.0779135015500331,0.0427166011931905,0.00435010801315736,0.00333565111588282,-0.010818117246555
1.08564357220612,0.689535580089702,-0.0792138701265058,0.0541435985102184,0.00394684729214519,0.00340682783343096,-0.0100715820328145
1.0735509813888,0.67375588146823,-0.0808723650358516,0.0650604492180407,0.00346755187902228,0.00358197378716068,-0.00905384740144438
1.05900153030529,0.656514296905307,-0.0825983021126494,0.0756922515032643,0.00298488127216801,0.00387059146357989,-0.00781343442992235
1.04141935590728,0.637696712263712,-0.0841616011414646,0.0862769736371354,0.00255691267582479,0.00426311495946165,-0.006399369396117
1.02046183838949,0.617232338324937,-0.0854260378466147,0.0970048364727671,0.00221852142538396,0.00473748145579676,-0.0048569814422428
0.996037481624625,0.595096253835184,-0.0863520812297907,0.107985724026467,0.00198016651127215,0.00526569886418358,-0.00322627755376653
0.968270819942482,0.571298324318481,-0.0869793956292868,0.119242450361694,0.00183167285449104,0.00581838747349803,-0.00154218731988086
0.937438869685819,0.545868226640036,-0.0873995909689758,0.130720612585017,0.00174842397590354,0.00636680391318491,0.000164127527343931
0.903896231718764,0.51884487195774,-0.087726318319139,0.142306155479838,0.00169826209249575,0.00688286290185806,0.00186348418581736
0.867997314034071,0.49027586291412,-0.0880661367140788,0.153845515361256,0.00164836418065486,0.00733812702142813,0.00352675803272654
0.83001916562386,0.460229875502897,-0.0884915920558446,0.165166880622967,0.00157192543267553,0.00770286151343377,0.00512304599767325
0.790088761435029,0.428821767761595,-0.0890180813535968,0.176102943220574,0.00145449233497196,0.00794622662205448,0.0066181262743185
0.748124012259261,0.396245958338919,-0.0895879272171372,0.186515028983981,0.00129929042583061,0.00803851975373559,0.00797354059833737
0.703806140527004,0.362807841626973,-0.0900675310823591,0.196316143221018,0.00113009993418823,0.00795593624269681,0.00914681665421633
0.656607119793286,0.32893718105054,-0.0902644169477439,0.205487667423775,0.000989635781590207,0.00768738270678744,0.0100934846180766
0.605890817250125,0.295165924074442,-0.0899675751189795,0.214083389537825,0.000931787902822662,0.00724145555496402,0.010771352194883
0.551082190105167,0.262061783063347,-0.0890050600513257,0.22221712598215,0.00100817319439377,0.00665039716428281,0.0111467048340527
0.491859185299138,0.230130051775696,-0.0873003527536075,0.230036078469676,0.00125282568968872,0.00596791041250592,0.0112008055970663
0.428291574614818,0.199719437157006,-0.0849028322439166,0.237687926727132,0.00167128769013587,0.00526005567898384,0.0109341350725381
0.360861827226026,0.170973862289187,-0.0819766189357092,0.245291469658735,0.00223921757927535,0.00459211485290385,0.0103663360292111
0.290358958268058,0.143851279053508,-0.078753034412893,0.252917613269607,0.00291089485778233,0.00401655910473139,0.00953185282426859
0.217698177803012,0.118196706779642,-0.075469566050017,0.260582736742349,0.00363313897476801,0.00356624001382559,0.00847331266902259
0.143742501558062,0.0938354611190796,-0.0723200148921203,0.268253124262732,0.00435865771842324,0.00325372071185568,0.00723525856691026
0.0691809216854549,0.0706546437906587,-0.0694288467256766,0.275857653801219,0.00505482667627621,0.0030749121443361,0.00585988554491606
-0.00552074321604214,0.0486568511216019,-0.0668491573233107,0.283305186932051,0.00570694593080197,0.00301432021675264,0.004385080647117
-0.0801081214395105,0.0279851133548057,-0.064576171703707,0.290502675176103,0.0063170689715624,0.00304983308668792,0.00284423990421754
-0.154486883985357,0.00892519195119141,-0.0625673758928408,0.297370238859113,0.00690011534616149,0.00315604676246804,0.00126715815928857
-0.228649723417026,-0.00810890705719841,-0.0607629963386065,0.30385050403651,0.00747869336527703,0.00330599361807446,-0.000318552693464415
-0.30259278297564,-0.0226046102559336,-0.0591036072775164,0.309910845718375,0.00807749688173225,0.00347165862736333,-0.0018858609147333
-0.376227744362201,-0.0339990065841761,-0.0575437059265688,0.315538301944466,0.0087176931271746,0.00362392972253953,-0.0034067572438557
-0.449295941590238,-0.0417517672402643,-0.0560608863435812,0.320727608902134,0.00941156779148017,0.00373273727696845,-0.0048509532487639
-0.521296442373387,-0.0454466306123938,-0.054660121638244,0.325463444714025,0.0101578761357599,0.00376813096010452,-0.006185090376339
-0.591448686282639,-0.0449155405007152,-0.0533722804829551,0.329699310623239,0.0109387684780858,0.00370287207181759,-0.00737277760178353
-0.658716075805413,-0.0403621515447375,-0.05224612469676,0.333338053414944,0.0117195553852851,0.00351667931722711,-0.00837579698835154
-0.721911007498863,-0.0324422570471496,-0.051334286391555,0.336222147193416,0.0124525356641679,0.00320148786380369,-0.00915670319851914
-0.779877240823065,-0.0222512679405356,-0.050676117285213,0.338142790405688,0.0130852133504898,0.00276611484999625,-0.00968270043026964
-0.831706432269496,-0.0111889020693936,-0.050282762425656,0.338871971656672,0.0135714473614176,0.00223808418801036,-0.00993011944981928
-0.876913492999664,-0.000721396491541057,-0.050130375335567,0.338210261124645,0.0138821662536503,0.00166076730272565,-0.0098882792877232
-0.915498564237816,0.00788214337966232,-0.0501646442076682,0.336031285124134,0.0140116291452048,0.00108572920971579,-0.00956142108779961
-0.947870798524497,0.0137408296439114,-0.0503146621761526,0.332301625895493,0.0139767685942441,0.000562455234674223,-0.00896799808900181
-0.974673757636635,0.0164164035930654,-0.0505098728556974,0.327066372374429,0.0138102513187507,0.000128954023126834,-0.00813763576052187
-0.996590647092601,0.0158350880696962,-0.050693239453676,0.320408153766168,0.0135505368920719,-0.000193861604087291,-0.00710690073799096
-1.01419892733644,0.0121362291254878,-0.050826872513813,0.312398725020018,0.0132328040150287,-0.000403097975386977,-0.00591518229320978
-1.02790408112171,0.00552004548151868,-0.0508905189569976,0.303061313527572,0.0128832472618354,-0.000511146631560686,-0.0046015753812518
-1.03794274513466,-0.00385626789321626,-0.0508760127822286,0.292353115202003,0.0125172519717407,-0.000541235174988778,-0.00320306637823041
-1.04442551999515,-0.0159190045909188,-0.0507812438022452,0.280168192212116,0.0121405487922183,-0.000522994865809291,-0.00175389137200108
-1.04739006909222,-0.0306652052541497,-0.0506061469298913,0.266356126814832,0.0117520099033671,-0.000488992754901634,-0.000285748357979947
-1.04684605587703,-0.0481174081780598,-0.0503517340863112,0.250751207607184,0.011346990205716,-0.000472370181841955,0.00117147453100156
-1.04280563333954,-0.0682660956692057,-0.0500219583317644,0.233208407349883,0.0109205766208495,-0.000505188748425915,0.00258874338749718
-1.03530157983861,-0.0910150949855588,-0.049627381922476,0.213643589163067,0.0104704609411957,-0.000616862711853705,0.00393693226687619
-1.02439870339632,-0.116140590715132,-0.0491891178749351,0.192074799282952,0.00999927424167134,-0.000832107422719275,0.00518609762397616
-1.01020373768632,-0.143271963597111,-0.0487412346907013,0.168658861372173,0.0095161463120229,-0.00116810849921193,0.00630519045988068
-0.992876091609835,-0.171901584543932,-0.0483298288473424,0.143713720337042,0.00903710867583982,-0.0016310817680426,0.00726244212561013
-0.972637971547847,-0.201428432901886,-0.0480075280543045,0.117714425837584,0.00858392150461991,-0.00221297856943047,0.00802664216947262
-0.949779136835221,-0.23123411711244,-0.0478235398429534,0.0912526779818776,0.00818114326815128,-0.00288960688199286,0.0085693939106367
-0.92465055905993,-0.260778657910597,-0.0478113985143881,0.0649591869791889,0.00785183369674192,-0.00362155661373626,0.00886812651233253
-0.897643763431806,-0.289690890231047,-0.0479784810857793,0.0394035795847305,0.00761299974912507,-0.00435871359371429,0.00890921815418351
-0.869158225122357,-0.317822800879597,-0.0483017939905114,0.0150009805623971,0.00747232564481711,-0.00504783460410379,0.00869027584239014
-0.839565113045359,-0.345246057334452,-0.0487325320360204,-0.00804272296527295,0.00742744962878719,-0.005641229660475,0.00822071620492187
-0.809178083421729,-0.372191012737726,-0.0492081509907067,-0.0297286338445362,0.00746806343819367,-0.00610396908125746,0.00752037254842066
-0.778238832247476,-0.398951448463008,-0.0496674062415082,-0.0502108324768019,0.0075799615093686,-0.00641768817680195,0.00661661429792853
-0.746918632201048,-0.425788555459159,-0.0500630277947975,-0.0697148625166349,0.00774953441075417,-0.00658057907539499,0.00554094426073561
-0.715331241929563,-0.452861378737072,-0.0503685491325578,-0.0884576894633256,0.00796734193510156,-0.00660457446418973,0.00432601288613288
-0.683550354728591,-0.480195619390225,-0.0505786746911134,-0.106589809672088,0.00823003586099691,-0.00651134976997648,0.00300360581052625
-0.651626268525016,-0.507688648286421,-0.0507047243187192,-0.124167311177558,0.00854056130936768,-0.00632856972342267,0.00160372802458664
-0.619599938455048,-0.535141334618939,-0.0507674572005792,-0.141151736736847,0.00890695385866402,-0.00608717745650946,0.000154627371670165
-0.587516115874064,-0.562306348602797,-0.0507892923737311,-0.157431183772368,0.0093401361046668,-0.00581986899557483,-0.00131650187438646
-0.555439700041463,-0.588944551458227,-0.0507873021809007,-0.172855889024788,0.00985102592998644,-0.00556041175646578,-0.00278239070107833
-0.523480074039984,-0.61488257215875,-0.0507678853275709,-0.187282913854713,0.0104471528056189,-0.00534317893927157,-0.00421437166930982
-0.491826433900894,-0.640063698816664,-0.0507239118582233,-0.200625136458518,0.0111289603664921,-0.0052021516462544,-0.00558109748025266
-0.460792188018168,-0.66458054736309,-0.0506352380886221,-0.212898248900099,0.0118861290484935,-0.00516869108474102,-0.00684760612266697
-0.430858127430348,-0.68867350413375,-0.050473434988363,-0.224255900837303,0.0126945921105084,-0.0052676768926293,-0.00797514739692397
-0.402693980204527,-0.712678129634463,-0.0502108658466393,-0.234999456528702,0.0135153333784544,-0.00551224268286543,-0.00892226454145255
-0.377131615344589,-0.736913782877353,-0.0498325924880381,-0.245549039899043,0.0142962512368958,-0.00589830050347872,-0.00964752400496925
-0.355069160443271,-0.761528496755473,-0.0493473982956227,-0.256371169322139,0.0149779078760044,-0.00640100156766109,-0.0101138485026241
-0.337309402990246,-0.786345632512349,-0.048792928686389,-0.267876073600889,0.0155025789140782,-0.00697552569654466,-0.0102936485026921
-0.324371128603502,-0.810776769491603,-0.0482313200582882,-0.280317036915585,0.015824104319465,-0.00756343807020728,-0.0101732327333428
-0.316336421621354,-0.833851147108934,-0.047735933130977,-0.293730578125743,0.0159149080062871,-0.00810343739157859,-0.00975490123115026
-0.312788877141555,-0.854363925745252,-0.0473744419069709,-0.307940892283748,0.0157674436682272,-0.00854300652718292,-0.00905596533446692
-0.312858916867406,-0.871092313684751,-0.0471951117117101,-0.322622399306599,0.0153900121682554,-0.00884694448172481,-0.00810524344189208
-0.315349586158899,-0.883005368849805,-0.0472206016834866,-0.337390210799866,0.0147995473364459,-0.00900042187951832,-0.00693848641426261
-0.318895851751203,-0.889409587920174,-0.047449355940846,-0.351883790310297,0.0140148122100002,-0.0090067985457762,-0.00559421714350126
-0.322116967979842,-0.890008497473981,-0.0478616739582543,-0.365821486348348,0.0130523331370071,-0.00888229743454712,-0.00411086497691319
-0.323740598749244,-0.884884845955971,-0.0484270606002544,-0.379020401697877,0.0119255387523015,-0.00865002755920008,-0.00252538798982539
-0.322693302068135,-0.874427351183222,-0.0491106228063582,-0.391387060357801,0.0106462249275987,-0.00833516656002068,-0.000873153298140648
-0.318158387778253,-0.859223829481959,-0.04987770556154,-0.402887151208317,0.00922711455407607,-0.0079620925064753,0.000811289995653239
-0.309601511251105,-0.839937632829106,-0.0506967845029467,-0.413500465934626,0.00768468185905253,-0.00755339258827976,0.00249289682912126
-0.296762241511943,-0.817181106311746,-0.0515407318273793,-0.42316479000142,0.00604202165623675,-0.00713011059384797,0.00413459004351525
-0.279610497507678,-0.791400694357451,-0.0523862716979738,-0.431713753459437,0.00433185134540648,-0.00671227467692811,0.0056958408755178
-0.258271806858389,-0.762792769707592,-0.0532112126276831,-0.438820041834179,0.00259943490272756,-0.00631863873007921,0.00713180552224812
-0.232934387109411,-0.731274015045291,-0.0539893442337231,-0.443965060935213,0.00090433817221845,-0.00596477416135647,0.00839362113291467
-0.203761794640264,-0.696528852352131,-0.0546840261964884,-0.446462758759811,-0.000681061782375896,-0.00565935663208402,0.00943057220752673
-0.170841932878443,-0.658140675381686,-0.0552433108205998,-0.445558564499932,-0.00207852241086956,-0.00539973593979759,0.01019462139542
-0.13419782379184,-0.615780254828914,-0.0556007910138414,-0.440596389588801,-0.00321679399613345,-0.00516914287312649,0.010646974648332
-0.0938614331913261,-0.569386441203897,-0.0556853041031665,-0.431204143216291,-0.00404727295257401,-0.00493806745582541,0.0107650332587473
-0.0499765646361104,-0.519260853821218,-0.0554381696637738,-0.41741936737388,-0.00455611455293339,-0.00467060147775526,0.0105471102327433
-0.00287488378783998,-0.466032374626715,-0.0548310942457614,-0.399692721745196,-0.00476678043694649,-0.00433361747845692,0.0100127296687924
0.0469177158128353,-0.410513468310251,-0.0538759751060421,-0.378766840917377,-0.00473159615403881,-0.00390480161611913,0.00919827794265308
0.0987460395938556,-0.353520612185339,-0.0526219054444557,-0.35548908946583,-0.00451649499190199,-0.00337636144241689,0.00814989974172054
0.151926459191034,-0.295731897421729,-0.0511415857336192,-0.330635724915004,-0.00418553670178833,-0.00275388145366792,0.00691632814850479
0.205839839327577,-0.237617343117932,-0.049513811619155,-0.304798996272447,-0.00379009616813547,-0.00205210735940433,0.00554359447286002
0.25998911545243,-0.179436756102586,-0.0478085816690208,-0.278347822115256,-0.00336418810832186,-0.00129009973680015,0.00407223024864408
0.314016552983134,-0.12127911628235,-0.0460783916261063,-0.251444730936335,-0.00292480823506442,-0.00048750843306715,0.00253659461686179
0.367690019295809,-0.0631170137339507,-0.044356189337294,-0.224093960170659,-0.00247528281720067,0.000337360338948791,0.000965612470267306
0.420871256547193,-0.00485927932269076,-0.0426586881544253,-0.196200951400991,-0.00200992311931545,0.00116782890108444,-0.000615715025095385
0.473476325970359,0.0536045051567913,-0.0409932530140804,-0.16763268739989,-0.00151898746186895,0.00198803966604587,-0.00218445284618469
0.525433965084505,0.112366687281057,-0.0393667248623917,-0.138275696570934,-0.000993548236470382,0.00278173796887142,-0.00371777370379284
0.576644598052714,0.171467313698693,-0.0377947011559372,-0.108091967112718,-0.000430140876701183,0.00353133760640576,-0.00519105786518614
0.626942370871895,0.230859329975222,-0.0363095966070909,-0.0771721784711509,0.000164996472736528,0.00421792138335551,-0.0065762219868721
0.676064784213568,0.290373106609142,-0.0349652844937829,-0.0457810470288222,0.000772653576038632,0.00482271810841487,-0.00784055108422032
0.723638103168471,0.349686316918615,-0.0338356891836397,-0.0143825534452545,0.00135944244379785,0.00533030362631444,-0.00894647272525553
0.769189207192467,0.408312328902715,-0.0330051818087155,0.016373335426275,0.00188012688379924,0.00573316782488008,-0.00985284407276778
0.812192127295129,0.465624448707573,-0.0325508942655091,0.0457200591288952,0.00228464765622409,0.00603638427332196,-0.0105182286378377
0.852147050355687,0.520928272522366,-0.0325211289953037,0.0729030063481795,0.0025294900341317,0.00626028294130345,-0.010906101911609
0.888672647319057,0.573575748111731,-0.032918008153877,0.0973412203617402,0.00259049251917048,0.00643901279411749,-0.0109909435631646
0.921578607667682,0.623088035571814,-0.0336929267347414,0.118766620561649,0.00247206567856381,0.00661431297381523,-0.0107632403661606
0.950886997968404,0.669238362876031,-0.0347582184057944,0.137279743202385,0.00220819346785674,0.00682627335761928,-0.0102313719146325
0.976792220223973,0.712058553754017,-0.036010324010106,0.153293848885566,0.00185416949138757,0.0071047017543096,-0.00941957395311922
0.999577309939816,0.751769859271908,-0.0373545695338606,0.167392444108756,0.00147256100761487,0.00746438223200445,-0.0083629733449874
1.01952023095472,0.78867378206233,-0.0387228288237781,0.180161257516313,0.00111910326799241,0.00790523443242297,-0.00710178807403431
1.03682011557953,0.823048389210674,-0.0400806724826143,0.192053327074421,0.000832977503856893,0.00841596195444519,-0.00567657941510355
1.05155794333904,0.855080425274691,-0.0414254760144105,0.20331652253735,0.000632921249136301,0.00897873197886003,-0.00412543112867613
1.0636913768817,0.884840366569062,-0.0427788996154814,0.213982088779589,0.000518176749193073,0.00957285980128034,-0.0024829795494622
1.07307596925553,0.912291177427853,-0.0441766586237035,0.223896407911313,0.000472390222048192,0.010176554900285,-0.000780771827594289
1.07950431364101,0.937315884918111,-0.0456571704485071,0.232776643024857,0.000468884155057539,0.0107667622302791,0.000951583276187968
1.0827574578386,0.9597508345382,-0.0472496406863913,0.240277283394069,0.000476474232166938,0.0113177347039383,0.00268484365435583
1.08266567433256,0.979415982780321,-0.0489618838662367,0.246061977866834,0.000465624790601176,0.0117992796375505,0.00438836356213186
1.07917607120129,0.996137826101987,-0.0507687130709222,0.249879130936379,0.000414949915392576,0.0121757936583712,0.00602829462264749
1.07242099602147,1.00976345188842,-0.0526029539835794,0.251638428195945,0.000317763353026387,0.0124073035554143,0.00756599947707756
1.06277316649861,1.02016585140361,-0.0543527015437891,0.251478276179585,0.000187575595670801,0.0124536504002974,0.00895712627393478
1.05086274251853,1.02724181753294,-0.0558695257481657,0.249803049475196,6.03785350487742e-05,0.0122823761332621,0.0101520941582144
1.03752479418214,1.03090532229566,-0.0569914184874319,0.247260524999484,-9.06077775768635e-06,0.0118794221088412,0.0110989374733041
1.023655331384,1.03108139354547,-0.057579562666346,0.24463570307237,4.12886184796958e-05,0.011259474652071,0.0117491266143712
1.00999124730481,1.02770673615954,-0.0575594831544667,0.242667889941221,0.000262950973187288,0.0104708546014488,0.0120657286070513
0.996884895896646,1.02074102219282,-0.056949397502561,0.241846523083192,0.000679071628336116,0.00959044880938397,0.0120314052476093
0.984176534970059,1.01018616980266,-0.0558598075583548,0.24227332280085,0.00127480003328159,0.00870854702300556,0.0116527189242558
0.971234350530256,0.996104245719839,-0.054461962790269,0.243656255280484,0.00200090359069634,0.00790924852496687,0.0109585056549293
0.957143516097942,0.978624094058993,-0.0529399791229364,0.24543088995175,0.00278837579848938,0.00725457269311443,0.00999315699751793
0.940951659357387,0.9579333205231,-0.0514481674433557,0.246941897503947,0.00356655946497291,0.00677747170137293,0.00880804095047396
0.921871849369053,0.934259935659675,-0.050087696466217,0.24760660512417,0.00427758064161242,0.00648359122383186,0.00745427496807112
0.899392406686689,0.90785093352496,-0.0489038782330498,0.247015811550722,0.00488384689980582,0.00635810667703123,0.00597835492064569
0.87329643465895,0.878952937790344,-0.0478969325725231,0.244967269226745,0.00536916852510091,0.0063736142210628,0.0044204776081996
0.843621835841104,0.847796168354031,-0.0470376247322765,0.241449935446595,0.00573579213958058,0.00649653361065785,0.00281465894270216
0.810594376536744,0.814580499760484,-0.046281834189976,0.236601076807434,0.00599960608486198,0.00669113432642791,0.0011897765848135
0.7745553893325,0.779462391407619,-0.0455815091875482,0.230652659481634,0.00618500138195563,0.00692138178767665,-0.000429030593467047
0.73589346411273,0.742543441392182,-0.0448918575402041,0.223876058328586,0.00632007525317649,0.00715130001258804,-0.00201890114499311
0.694981507313438,0.703864057725693,-0.0441757279909641,0.216528775273108,0.00643234371906948,0.00734468546909837,-0.00355786600045523
0.652118083936575,0.663407996250976,-0.0434062887476853,0.20880461257098,0.00654493040011312,0.00746497993207081,-0.00502361918227975
0.607474214931738,0.621124142485366,-0.0425687531459666,0.2007894344332,0.00667325921637,0.00747601288843785,-0.00639253183246226
0.561052141398873,0.57696987536636,-0.0416613804043167,0.192427567575119,0.00682249969815033,0.00734415495849402,-0.00763905418011005
0.512668576068645,0.530974822457824,-0.0406955172535581,0.183507710669302,0.00698627377326532,0.00704211121341691,-0.00873573633482426
0.461978090873433,0.48331478693018,-0.0396941934821737,0.173679569998048,0.0071472810069262,0.0065540382270712,-0.00965416170915325
0.40854802277844,0.43437510583583,-0.038688854787644,0.162509856995256,0.00728035426521796,0.00588089243585227,-0.0103670241822677
0.351981309398887,0.384775891584694,-0.0377142722131818,0.149575759229005,0.00735787307487528,0.00504415081547085,-0.0108512802005597
0.292060458029683,0.3353359118646,-0.0368024224949022,0.134576610246679,0.00735649462817064,0.00408582262374111,-0.0110917748314166
0.228866150661045,0.286971483055847,-0.0359768448856877,0.117428690489145,0.00726324477440124,0.00306354242783361,-0.0110842301372357
0.162824128803978,0.240555370254729,-0.0352491358229806,0.0983067829404878,0.00707883326199084,0.00204144985717028,-0.0108364238185573
0.0946605307455869,0.196781318280567,-0.0346185557125166,0.0776154444369023,0.00681701031250911,0.00107952036190459,-0.0103670033815523
0.0252849327209044,0.156077475525147,-0.034074502272099,0.0559031550536084,0.00650043101638269,0.00022468655596071,-0.00970236734497581
-0.0443530229409539,0.118588061692706,-0.0336005956421548,0.0337540898721893,0.00615481359862024,-0.000493964512717147,-0.00887275175550093
-0.113387529886834,0.0842139165611353,-0.0331788641546167,0.0116933616281382,0.00580343715900177,-0.00106557100683119,-0.00790869283551922
-0.181115241224041,0.052685466102097,-0.0327929563478974,-0.00987336134482611,0.00546333965541446,-0.00149466299508821,-0.00683854975326635
-0.247026129095092,0.023640496451051,-0.0324299816772423,-0.0306829753565261,0.00514359853421451,-0.0017968677393873,-0.00568719822056538
-0.31079861347916,-0.00331197043044956,-0.032081101276634,-0.0506094761169318,0.00484535813521649,-0.00199461126850039,-0.00447565207734079
-0.372274514263694,-0.0285494216515492,-0.0317412200038219,-0.0696418564688686,0.00456297713111585,-0.0021136566177916,-0.00322128546440372
-0.431425974053302,-0.0524145120875528,-0.0314081394128846,-0.08785524319542,0.00428570307671317,-0.00218076190588784,-0.00193840589485183
-0.488321514825648,-0.0752099831080326,-0.0310814282777512,-0.10538132918396,0.0039994574266956,-0.0022223899432906,-0.000639040075543116
-0.543094865613199,-0.097203959427075,-0.0307611464466709,-0.122380852310487,0.0036885333327564,-0.0022642152414864,0.000666149775322008
-0.59591797345013,-0.118640921990115,-0.0304464679306583,-0.139018456198449,0.00333717496706031,-0.0023311087102461,0.0019668851763332
-0.64697753886,-0.139754576418018,-0.0301342296890517,-0.155438800350462,0.00293111188390483,-0.00244727402816227,0.00325228598766631
-0.696452466914286,-0.160779596497002,-0.0298174881308885,-0.171742191096215,0.00245913948639013,-0.00263623751827086,0.00450991778987594
-0.74448890776461,-0.181959623909752,-0.0294842799365327,-0.187958541801154,0.00191478204384915,-0.00292042622941429,0.00572489750902055
-0.791170724214315,-0.203549212196769,-0.0291169261422868,-0.20402021280235,0.00129796106785857,-0.00332010212657895,0.00687910401360652
-0.83648628372121,-0.225807757675066,-0.0286923404900545,-0.219737154485794,0.000616433729137912,-0.00385147958504426,0.00795060198935435
-0.880297046239633,-0.248984080045943,-0.0281838293293417,-0.234781414001295,-0.00011341062749433,-0.00452399188275034,0.00891348047664761
-0.922318441337507,-0.273291571843066,-0.0275646985080233,-0.248691362200396,-0.000866942267246646,-0.00533695061829049,0.00973840014581751
-0.962126624592764,-0.29887616918186,-0.0268135183475737,-0.260906637115948,-0.00161339661128247,-0.00627627713125718,0.0103941647997545
-0.999202294189411,-0.325782930325374,-0.0259201447792019,-0.270839618490404,-0.00231989964226291,-0.0073124634532501,0.0108504789784594
-1.03301204880336,-0.353930819102022,-0.0248907830541932,-0.277976456065474,-0.00295693745081783,-0.00840113436135041,0.0110816568283901
-1.06311057926855,-0.38310690309939,-0.0237500101918966,-0.281983583568421,-0.00350393962121277,-0.00948713718923845,0.0110705008030479
-1.08923203669309,-0.412987616397951,-0.0225382734878658,-0.282784198983315,-0.00395312261939006,-0.0105118614576766,0.0108111888758763
-1.11133772362491,-0.443185524137715,-0.0213049920218241,-0.280574354444851,-0.00431007649269421,-0.0114219945406715,0.0103101601747433
-1.12960394623667,-0.47330942619757,-0.0200992291527322,-0.275771252046121,-0.00459079963422062,-0.0121771103895654,0.00958472063482648
-1.14435913440616,-0.503020329897527,-0.0189608379467698,-0.268914102504877,-0.00481631507324917,-0.0127539806990114,0.00865998333072455
-1.15599739835405,-0.532069107284124,-0.0179144695666202,-0.260553345444286,-0.00500677552642018,-0.0131469576379152,0.0075652573878038
-1.16489775514266,-0.560310579758458,-0.0169673714667766,-0.251160461183084,-0.0051767591161018,-0.0133652418417693,0.00633089698579002
-1.1713677810926,-0.587697353166582,-0.0161104731954348,-0.241074975476374,-0.00533263484842257,-0.0134285802722742,0.00498615108732828
-1.17561685433364,-0.614260978651376,-0.0153215277317414,-0.23048917208858,-0.00547203010181585,-0.013362860288397,0.003558080968194
-1.17775449522001,-0.640087741006438,-0.0145691041547283,-0.21946155396246,-0.00558492857495167,-0.013196543022629,0.00207134125886186
-1.17780541764891,-0.665293595524609,-0.0138167045805787,-0.207947852552162,-0.00565580770319661,-0.012958298901874,0.000548552376379091
-1.17573323088676,-0.689999623102235,-0.0130268549875386,-0.195840567626799,-0.00566634928602444,-0.0126757743722338,-0.000988963596355309
-1.17146698856923,-0.71430716234637,-0.0121654567279676,-0.183011538115149,-0.00559845889663606,-0.0123751655096656,-0.00252024036391756
-1.16492727587795,-0.738271058774556,-0.0112068521568264,-0.169354863943438,-0.00543748510568485,-0.0120811567174642,-0.00402362339786054
-1.15605035588163,-0.761870405964973,-0.0101398805586013,-0.154828642836525,-0.00517556584574771,-0.0118167502538818,-0.00547571630703513
-1.14480969725179,-0.784978720479219,-0.00897463938136486,-0.139493162851287,-0.00481491162119005,-0.0116025437395679,-0.00685044280421613
-1.13123391227191,-0.807339381183132,-0.00774874862101563,-0.123540604074447,-0.00437056436709371,-0.0114551287759725,-0.00811843245639569
-1.11541893070224,-0.828556358188592,-0.00653084244458837,-0.107307828417688,-0.00387180676676242,-0.0113845398222436,-0.00924705407483668
-1.09753071233691,-0.848112530834159,-0.00541828717337608,-0.0912614620459078,-0.00336111039125187,-0.0113911283654615,-0.0102015039723076
-1.07779416069418,-0.86542489300135,-0.0045265718648225,-0.0759464133246887,-0.00288961400802471,-0.0114628255193644,-0.0109472802215892
-1.05646577111698,-0.879934959724427,-0.00397018691545485,-0.0618983128487794,-0.00250896066369642,-0.0115742288570829,-0.0114540033625441
-1.03379286887569,-0.891215398909427,-0.00383886225487977,-0.0495366017930461,-0.00226092268002947,-0.0116888498519516,-0.0116998904648403
-1.0099695285116,-0.899059149485334,-0.00417678241594998,-0.0390706333195235,-0.00216791887970747,-0.0117648463274747,-0.0116755644910809
-0.985103900817488,-0.903517246019541,-0.00497283679731282,-0.0304539992727338,-0.00222801268433655,-0.0117629215000889,-0.0113857937177665
-0.959209160849403,-0.904870799841137,-0.00616575440234937,-0.023405701595818,-0.00241646083431663,-0.0116537994126482,-0.0108484655862944
-0.932220758615339,-0.903550596810791,-0.00766140984858671,-0.0174887121719776,-0.00269305245767129,-0.0114227596155366,-0.0100912414525855
-0.904031866668357,-0.900036574824391,-0.00935499234166541,-0.012214675561866,-0.00301217100452325,-0.0110701224844906,-0.00914717068172684
-0.874533389992531,-0.894769461437197,-0.0111505621136663,-0.00714001996332644,-0.00333207032814024,-0.0106083179762926,-0.00805061512446607
-0.84364652608531,-0.888093135368959,-0.01297368626483,-0.00193100501062086,-0.00362109036769746,-0.0100572058047036,-0.0068343127061606
-0.811341649344779,-0.880230455094424,-0.0147765645209483,0.00360799489842208,-0.00386027220194263,-0.00943934954332943,-0.0055277669800271
-0.777643070386435,-0.871285272598854,-0.0165373991491978,0.00953665279380301,-0.00404306691218808,-0.00877635583193794,-0.00415672982280292
-0.742622649268746,-0.86126035393489,-0.0182564302143365,0.0158003794133802,-0.00417327752527929,-0.00808669070907066,-0.00274340890373689
-0.706386193644472,-0.85008244243791,-0.0199506631946562,0.0222614874979272,-0.00426224638951311,-0.00738488307629018,-0.00130707698443906
-0.669056029154398,-0.83762884838395,-0.0216485535963969,0.0287330132315531,-0.00432593792845905,-0.00668177887698961,0.000135134074603763
-0.630752147044182,-0.823752943300035,-0.0233851980940642,0.035011726920859,-0.00438220533316998,-0.00598544812598023,0.0015673771450374
-0.591573609764214,-0.808308048689428,-0.0251980684150647,0.0409092104532516,-0.0044482757580635,-0.00530237721877681,0.00297423450502459
-0.55158174392547,-0.791170292478601,-0.0271230301501425,0.0462808846549027,-0.00453836633643488,-0.00463863406466552,0.00433990104539571
-0.510787099911916,-0.772261125541641,-0.0291902915211387,0.0510525853850435,-0.00466134467366733,-0.00400074190934277,0.00564744600690336
-0.469143003483528,-0.751569443823533,-0.0314200129140144,0.0552429542719446,-0.00481845754107346,-0.00339603737935784,0.00687821841944054
-0.426549304434051,-0.729171769764406,-0.0338175822509024,0.0589779650442968,-0.00500135029642692,-0.00283233999918338,0.00801150445055024
-0.382869884572031,-0.705246963113183,-0.0363690270499372,0.0624921089511839,-0.00519084428215755,-0.00231685911206771,0.00902459262361009
-0.337965682877463,-0.680080038414735,-0.0390376313635613,0.0661102925979811,-0.00535713747314917,-0.0018544423225361,0.00989342589302534
-0.291740779070512,-0.654048938305309,-0.0417633470592101,0.0702067580224501,-0.00546209202719263,-0.00144552613388815,0.0105939732496915
-0.244192959477351,-0.62758995276607,-0.0444666443526602,0.0751431590902424,-0.00546390709598882,-0.00108441178693882,0.0111042993466496
-0.195454605113035,-0.601142814320117,-0.0470576115261288,0.0811963570615075,-0.00532370540088259,-0.000758605288518975,0.0114070575392931
-0.145808559931615,-0.575084472850355,-0.0494493122835624,0.0884940054008421,-0.00501262390473487,-0.000449767883552014,0.0114918707886873
-0.0956696881146893,-0.54966774835264,-0.0515722925154533,0.0969776762369959,-0.00451740190469178,-0.000136291565790748,0.0113569489950159
-0.0455348043425207,-0.524982828169794,-0.0533859448916198,0.1064062371496,-0.00384269123993641,0.00020314964541586,0.0110094397119546
0.00408435821688644,-0.500953399202528,-0.0548831857415526,0.116398650267612,-0.00300941111705333,0.000586153692206151,0.0104643971007646
0.0527252013918092,-0.477367399537975,-0.0560873849494129,0.126502109239601,-0.00204988660793047,0.00102426611707111,0.00974269815518321
0.1000192163647,-0.453931023300993,-0.0570433358750331,0.136265121500082,-0.00100148479937781,0.00152228186024469,0.00886851360400683
0.145711264205695,-0.430329211197044,-0.0578057409503478,0.145297727901725,9.9417914636247e-05,0.00207903539340818,0.00786694697586746
0.189656042773461,-0.406277696302398,-0.0584286448590232,0.153309270712895,0.00122188774017882,0.00268909942762209,0.00676224927702086
0.231799925390997,-0.381557982276575,-0.0589579841358925,0.160122834690781,0.00234287058707,0.00334470494356224,0.00557674759647765
0.272157031775064,-0.35603344177959,-0.0594278800132593,0.165671176617625,0.00344781965642969,0.00403734744451863,0.00433041875960596
0.31078614205769,-0.329649412780552,-0.0598601667564377,0.169980866742299,0.00453002551556934,0.00475879691561468,0.00304094003456405
0.347771963828283,-0.30242212236378,-0.0602661276645182,0.173150568055374,0.00558918617651353,0.00550145582091702,0.00172403957471435
0.383211645878448,-0.274421161162368,-0.0606493785999779,0.175327401852519,0.00662962765644163,0.00625815804327599,0.000394007852218963
0.417205791405768,-0.245749091973879,-0.0610090636371527,0.176683334447799,0.00765841835282422,0.0070215755316265,-0.000935718338851892
0.449852525141277,-0.216520414491117,-0.0613428185288254,0.177392052354769,0.0086834797398777,0.0077834257095471,-0.00225194672202465
0.481243171985651,-0.186840995457052,-0.0616492060113764,0.177606053633526,0.00971171004530069,0.00853367902429336,-0.00354111941740776
0.511458534950072,-0.156788442897674,-0.0619294909451359,0.177433675272244,0.0107471152184446,0.0092599697897496,-0.00478872189465221
0.540565377408795,-0.126393883325812,-0.062188703039029,0.176916467698993,0.0117889829085324,0.00994741806186299,-0.00597874392806377
0.568613358017608,-0.0956262386805341,-0.0624359537549786,0.176008663089433,0.0128302353538164,0.0105790643758161,-0.0070932532936997
0.595633256535949,-0.0643812853880494,-0.0626839688887606,0.174562288223756,0.0138562399216469,0.0111370779755243,-0.00811218331011392
0.621637794892623,-0.0324791458877062,-0.0629478136010258,0.172323280680936,0.0148445011592573,0.0116047893388939,-0.00901347997208082
0.64662654533829,0.000325292606400768,-0.0632428658023395,0.168944873782219,0.015765728076558,0.0119693923001746,-0.00977378085578676
0.670596032900664,0.0343152248028378,-0.0635822624085883,0.164023212529761,0.0165866540983761,0.012224868654923,-0.0103697659081635
0.693554860112104,0.0697674199358277,-0.0639742795669677,0.157155457854613,0.0172745882272445,0.0123743908603983,-0.0107801861158236
0.715541485294584,0.106895538764731,-0.0644203157253886,0.14801261563431,0.0178030145316721,0.0124313231198904,-0.0109883323859358
0.73663986629592,0.145793144103341,-0.0649141672773194,0.136410606250643,0.0181568710201958,0.0124181531698971,-0.0109844290699239
0.756986993878482,0.186392261706179,-0.0654429956947029,0.122358639489704,0.018335849225803,0.0123632973170389,-0.0107672838219339
0.776767791612141,0.228451086959733,-0.0659898286079967,0.106068232847431,0.0183545025072855,0.0122965127910523,-0.0103446496951253
0.796196965620739,0.271575541347003,-0.066536873926333,0.0879189944438188,0.018239051501976,0.0122442037329738,-0.00973215875295779
0.8154922027848,0.31526795919195,-0.0670686701494682,0.0683924356752672,0.0180219682257593,0.0122258878865747,-0.00895117254524056
0.834845958406713,0.358988236571098,-0.0675742719024179,0.0479945338054346,0.0177360562658844,0.01225252910256,-0.0080262004784247
0.854402580560752,0.402211778450031,-0.0680481236214138,0.0271875595873265,0.0174095761319954,0.0123266952546165,-0.00698253343084923
0.874244504402211,0.444473459283672,-0.068489725713341,0.00634407301684516,0.0170632597529321,0.0124439640114338,-0.00584450292374099
0.894387714568573,0.485393738671672,-0.0689024536875981,-0.014273544969963,0.0167092924694331,0.0125948374121322,-0.00463448382216505
0.914784229256765,0.524688602219831,-0.0692919290450932,-0.0345116871119548,0.0163518443817125,0.012766564291642,-0.00337254863606136
0.935328495888239,0.562167717726962,-0.0696642477315081,-0.0543089632801082,0.015988571850607,0.0129445316977927,-0.00207659317897382
0.955864935423514,0.597725451774526,-0.070024248853841,-0.0736711198862828,0.0156125801853252,0.0131131314257167,-0.000762755411996766
0.976194799456868,0.63132823834248,-0.0703739176726036,-0.0926423904615359,0.0152145006506552,0.0132561745109354,0.000554008208770186
0.996081521462871,0.663000213215143,-0.0707109865215786,-0.111276307692379,0.0147844896444929,0.0133570145376208,0.00185927892430531
1.0152546109443,0.692807664990675,-0.0710278231866846,-0.129607595149253,0.0143140587086859,0.0133985748318698,0.00313852389043518
1.03341280777776,0.720842042584906,-0.0713107625599204,-0.147626162179466,0.0137976814129839,0.0133634798929154,0.00437648548563741
1.05022772544175,0.747201156088273,-0.0715401182808511,-0.165254467185204,0.0132341071700272,0.0132344806692379,0.00555666925663494
1.06534960571696,0.771968853092931,-0.0716911687660327,-0.182330427345052,0.0126272630330637,0.0129953339171802,0.00666101097050936
1.07841703860854,0.795194742296252,-0.0717363946695216,-0.198599278696066,0.0119865711711763,0.0126322312645402,0.00766983170208643
1.08907237477275,0.816877125542015,-0.0716490930821484,-0.213718707057888,0.0113264896612558,0.0121357507944561,0.00856220731805036
1.09698373067054,0.836953518983447,-0.0714081657224993,-0.227281272175358,0.0106651402078618,0.011503111580341,0.00931685966865612
1.10187263531231,0.855303083027832,-0.0710033970754518,-0.238855678756325,0.0100220498391894,0.0107402775228643,0.00991359417313255
1.10354357050355,0.87176318483892,-0.0704400443820195,-0.248043442500711,0.00941529406226751,0.00986327052760128,0.0103351537157268
1.10190881369984,0.886158255664656,-0.0697413155935989,-0.254541045810949,0.00885860529135927,0.00889804993157337,0.0105691681684147
1.09700078897754,0.898334468061746,-0.0689475848295854,-0.258192643184022,0.00835916048219604,0.00787859803573954,0.0106097413533612
1.08896611534652,0.908190894012596,-0.0681120555379272,-0.259018234254438,0.00791665767518181,0.00684338168598683,0.0104582348414385
1.07804069589427,0.915698598076709,-0.0672937372025618,-0.257208531069429,0.00752392476891545,0.00583091793193733,0.0101230170587008
1.06451133753988,0.920903459941263,-0.0665495014661542,-0.253088257993644,0.00716882864193445,0.00487547215947663,0.0096182655060855
1.04867341336906,0.923914166357193,-0.0659271754368876,-0.247059258129765,0.00683689461189845,0.0040038082079571,0.00896218140105702
1.03079412899289,0.924880973686494,-0.065461075251367,-0.239539086934391,0.00651395033719176,0.00323348117969181,0.00817507609383729
1.01108760694202,0.923972053001784,-0.0651704440131767,-0.230908787829591,0.00618825855653768,0.00257265926120403,0.00727770753560185
0.989703453496673,0.921352898615002,-0.0650604015816523,-0.221477674505322,0.00585187095058556,0.00202109942620052,0.00629006868743907
0.966726829959011,0.917171834237013,-0.0651245247553168,-0.211466635727653,0.00550118622823589,0.00157176488097313,0.00523066011103841
0.942186271386726,0.911552383212372,-0.0653480849370627,-0.201007066995756,0.00513685647355229,0.00121261758644632,0.00411617348467894
0.916065415330261,0.90459179251329,-0.0657111482894546,-0.190150632623342,0.00476324871582844,0.000928257271236553,0.00296147592209979
0.888315732121891,0.896364330475806,-0.0661910334013023,-0.17888512359624,0.00438766003969483,0.000701232437187046,0.00177979272542305
0.858868605103368,0.886927857378886,-0.0667639102604061,-0.16715279461378,0.004019437504855,0.00051297697511082,0.000583011645009684
0.82764625154384,0.876332312699645,-0.0674055562675287,-0.154868975397286,0.00366909531305108,0.000344415412149049,-0.000617942634942003
0.794571800982843,0.864628968686275,-0.0680914466985423,-0.141939987733452,0.00334746852984674,0.000176333952946212,-0.00181269639659069
0.759579305339385,0.851879450736749,-0.0687964566323749,-0.128280240400242,0.00306490522502706,-1.03576689467991e-05,-0.00299099901161609
0.72262455436538,0.838163573493423,-0.0694945029941589,-0.113828750312867,0.00283048186663908,-0.000234338729439581,-0.0041422969719229
0.683697326973365,0.823584991091234,-0.0701584691341571,-0.0985652536903313,0.0026512313519155,-0.000513433579992916,-0.00525532902594683
0.642835126762911,0.808273558555538,-0.0707607312117859,-0.082525562744636,0.00253139771008154,-0.000863898778902191,-0.00631776897338992
0.600137536709723,0.792383243809431,-0.0712745357950715,-0.0658149646961,0.00247177221422681,-0.00129936741239001,-0.0073159565185952
0.555779146100129,0.77608456019058,-0.0716763436693368,-0.0486174009657514,0.00246921471951793,-0.00182944447905661,-0.00823477626473924
0.510017751658403,0.759550989200982,-0.0719490387261084,-0.0311971985111939,0.00251650823123912,-0.00245805175728734,-0.00905776563873406
0.463193635764476,0.742939898628706,-0.072085604133791,-0.0138897408331457,0.00260271327764206,-0.00318175935386892,-0.00976754254110703
0.415715833561706,0.726370063644363,-0.0720925359622553,0.00292170114300364,0.00271415478427048,-0.00398848875990163,-0.0103466241983321
0.368033122788553,0.709899789807751,-0.0719920080577425,0.0188431839852945,0.00283606424529256,-0.00485707061319585,-0.01077864141927
0.320591285131934,0.693511105378149,-0.0718217873336896,0.0335173288652359,0.00295471391590112,-0.00575810639246645,-0.0110498343164039
0.273783237336001,0.677105527847764,-0.0716322723200664,0.0466718666823217,0.00305966396910385,-0.0066563496581097,-0.0111505771999607
0.22790289413106,0.66051476080943,-0.0714807881771548,0.0581578611234358,0.00314559411547964,-0.00751440435951379,-0.0110765876972726
0.183114593979392,0.643525586408407,-0.0714241760440196,0.0679670344011616,0.0032132124852045,-0.00829707596008851,-0.0108294980643764
0.139446266563096,0.625913723048074,-0.0715113492295211,0.0762231193403175,0.00326896404542029,-0.00897542694669569,-0.010416625290172
0.0968074304806155,0.607478636850096,-0.0717775134599049,0.0831499892632408,0.00332361867330464,-0.00952964735783845,-0.00985001051301257
0.0550258341347582,0.58807155429512,-0.0722411432708139,0.089025851514792,0.00339014262744605,-0.00995023772691906,-0.00914499743764135
0.0138923158349368,0.567611864063978,-0.0729038910834765,0.0941352650812248,0.00348140531769588,-0.0102375232147005,-0.00831869808506968
-0.0267965284941442,0.546091051642538,-0.0737528098066622,0.0987288683605124,0.00360821215752426,-0.0103999375348975,-0.00738864260182968
-0.0672051022096506,0.523566513990978,-0.0747638689194201,0.102996323345125,0.00377795727564345,-0.0104516977815038,-0.00637178384182269
-0.107438010416696,0.500149145185225,-0.0759057587285216,0.107053468422612,0.00399396907651702,-0.0104104446482052,-0.00528389810367361
-0.147531251396481,0.475988549781457,-0.077143256655029,0.11094156806304,0.00425545937302442,-0.010295243818592,-0.00413933548283432
-0.187452958753205,0.451258751514637,-0.0784397890619324,0.114635226099325,0.00455791057055316,-0.0101251389592346,-0.00295103577757569
-0.227110687208203,0.426145979537952,-0.0797591353269239,0.118055585289046,0.00489373135178671,-0.00991828119502617,-0.0017307253906626
-0.266362604304534,0.400838966892734,-0.0810664354862588,0.121086227479817,0.00525304967043142,-0.00969155568821063,-0.000489228393426435
-0.305030755551248,0.375521372146509,-0.0823287784449917,0.123590174629536,0.00562456491711122,-0.00946057546340521,0.000763153495969256
-0.342915442839614,0.350365460057058,-0.0835156854678962,0.125427231093144,0.00599643017502315,-0.00923989747802973,0.00201621952662906
-0.379810470531616,0.325526012512211,-0.0845997845431651,0.126471430066138,0.00635717027202853,-0.00904331844321698,0.00325942357863515
-0.415519441135261,0.301133548596405,-0.0855579066494378,0.126628480486667,0.00669665680738249,-0.00888411614805096,0.00448141578196757
-0.449873334996046,0.277286299807535,-0.0863727252715164,0.125852834347357,0.00700715455955815,-0.00877511106514167,0.00566958979317739
-0.482749207425191,0.254041020510033,-0.0870348995782411,0.124163324744976,0.00728442211319564,-0.00872843464159446,0.00680966815346548
-0.514088928197227,0.23140360194386,-0.087545467411004,0.121655343368672,0.0075287914228518,-0.00875491321529494,0.00788538422553449
-0.543915512209094,0.209321500164184,-0.0879179848072541,0.118506443851645,0.00774606896664419,-0.00886302392125589,0.00887835485419572
-0.572343012768799,0.187680911357035,-0.08817968203539,0.114971496872452,0.00794800965693306,-0.00905746729533628,0.00976827334376333
-0.599574811626308,0.166311939948625,-0.0883708107627194,0.111363745505173,0.00815204969127303,-0.00933753868908403,0.0105335656196625
-0.62588546559064,0.145004095693264,-0.0885415328452024,0.108020061170171,0.00838000605304599,-0.00969564965078865,0.011152611255139
-0.651584097955499,0.123531948156269,-0.0887462453939591,0.105252750376809,0.0086556228567992,-0.010116490249184,0.0116055083214577
-0.676962858432734,0.10168705190014,-0.0890360860587378,0.103295713234433,0.00900118532952284,-0.0105773335244919,0.0118761646041381
-0.702240656447799,0.0793088065565623,-0.089451214234971,0.102257445275186,0.00943383945768806,-0.0110497738583413,0.0119542960332865
-0.727516891607519,0.0563057918019121,-0.0900148612117005,0.102094353680679,0.00996254378054923,-0.0115027691104472,0.0118368215758003
-0.752748966887676,0.0326615852605784,-0.0907307564683653,0.102613311053329,0.010586527232518,-0.0119063793157404,0.0115282539415076
-0.777760345366394,0.00842434318393097,-0.0915844597602455,0.103503497564353,0.0112956860170235,-0.0122353072413871,0.0110399805774353
-0.802275942128407,-0.0163151241996175,-0.0925478773049533,0.104388452731398,0.0120727191088629,-0.0124714142126276,0.0103886716821989
-0.825973682528168,-0.041449077868977,-0.0935854161666314,0.104884198596763,0.0128962940480649,-0.012604767481818,0.00959427295410165
-0.848538427517163,-0.0668750945087795,-0.0946601194069934,0.104650012751111,0.013744368423164,-0.0126332603741861,0.00867805858072875
-0.869707039345374,-0.092510325539079,-0.095738585875338,0.103423359343287,0.014596960904679,-0.0125612089224091,0.00766107676549999
-0.889298551570033,-0.118296570771735,-0.0967941502007212,0.101036518097012,0.0154380012363227,-0.0123974649891051,0.00656312385767744
-0.907228410725264,-0.14419745398902,-0.0978083654824099,0.0974170811280228,0.0162562088681293,-0.0121535269680542,0.00540222556509514
-0.923509015299928,-0.170190232996975,-0.0987711549658783,0.0925767801900591,0.0170451541309471,-0.0118419704991611,0.00419452072221687
-0.938240095419779,-0.196255011907765,-0.0996800930671211,0.086593396522618,0.0178027323897672,-0.011475350748301,0.00295442449722361
-0.951592409715373,-0.222363792368718,-0.100539221401429,0.0795896358326507,0.0185302680424524,-0.0110655927451487,0.00169496552996694
-0.963787483470717,-0.248471271301468,-0.101357684191082,0.0717116088257828,0.0192314086674061,-0.0106237990677594,0.00042822007556738
-0.975075210402722,-0.274508771242441,-0.102148335834108,0.0631084541200679,0.0199109066759638,-0.0101603570214395,-0.000834208998692989
-0.985710407475118,-0.300382240732189,-0.102926361348144,0.0539139207025756,0.0205733387406586,-0.00968520692294487,-0.00208070522744491
-0.995929003422249,-0.325974859492817,-0.103707870812868,0.0442304557558384,0.0212217931360823,-0.00920812812438996,-0.00329917515883072
-1.00592451585619,-0.351154351449782,-0.104508387680915,0.0341164753056199,0.0218565657440858,-0.00873890468683464,-0.00447664346559291
-1.01582582358311,-0.375784560075431,-0.10534115289444,0.0235779068817775,0.0224739449956193,-0.0082872492419293,-0.00559895120463288
-1.02567789491728,-0.399740116238512,-0.106215217973995,0.0125655837763652,0.023065225969116,-0.00786239787899779,-0.00665061474662919
-1.0354279104695,-0.422922154125711,-0.107133403910435,0.000980349509092725,0.0236161563775654,-0.00747234904377986,-0.00761491312495687
-1.04491980255637,-0.445272174925392,-0.108090350661518,-0.0113125596378667,0.0241070530696862,-0.00712280928856213,-0.00847426994298635
-1.05390018154421,-0.466780661850452,-0.109071042913854,-0.0244594756783721,0.0245137998622362,-0.00681601934026429,-0.00921097125688154
-1.06203749058769,-0.487487356959153,-0.110050309289451,-0.0385864097197711,0.0248098144951557,-0.00654973673467566,-0.00980820483467115
-1.06895384285018,-0.507471554662422,-0.110993771267792,-0.0537639111399017,0.0249688520325129,-0.00631669988575187,-0.0102513225374148
-1.07426573198133,-0.526833266411223,-0.111860498322688,-0.0699756919723632,0.024968243918516,-0.00610484681824739,-0.0105291388627736
-1.07762672402748,-0.545668964162117,-0.11260721341136,-0.087098770140348,0.0247919575541562,-0.00589839500156465,-0.0106350233021081
-1.07876373588619,-0.564047661457637,-0.113193403996426,-0.104901015046903,0.0244328130697499,-0.00567964814622048,-0.0105675580304009
-1.07749957586495,-0.581993315883937,-0.113586325746657,-0.12305772001334,0.0238933672705991,-0.00543117250347617,-0.0103306240478752
-1.07375794989022,-0.59947770249736,-0.113764818784628,-0.141183704494199,0.0231853200400729,-0.00513787487596639,-0.00993291744299895
-1.06755181508964,-0.61642477907707,-0.11372114215223,-0.158873549103552,0.0223276788843291,-0.0047885620129318,-0.00938702791715496
-1.05895997944078,-0.632724450711448,-0.113460559443952,-0.175741336126653,0.0213441853554256,-0.00437673607537368,-0.00870828704528338
-1.04809885522777,-0.648251648091269,-0.112998967650892,-0.191452783566163,0.0202605840266198,-0.00390060201521799,-0.00791359891702454
-1.03509596975608,-0.662886170077261,-0.112359259757145,-0.205745825834193,0.0191022169131327,-0.00336244652495855,-0.00702041773875007
-1.0200698603601,-0.676529532505205,-0.111567258282638,-0.218439051849002,0.0178922332454277,-0.00276764681040884,-0.00604596672351008
-1.00311838847655,-0.689116495723233,-0.110647973747925,-0.229429893405287,0.0166505046032928,-0.00212357693703281,-0.00500672691239114
-0.984315222405217,-0.700620415980336,-0.109622720361477,-0.238685672643594,0.0153931869487903,-0.00143862562867336,-0.00391817750248627
-0.9637127583732,-0.711052701994699,-0.108507363964808,-0.246230723620141,0.0141327927687675,-0.000721456867371668,-0.00279474322485882
-0.941349139818826,-0.720457328406969,-0.107311758422308,-0.252132210503887,0.0128786181469335,1.94378881046773e-05,-0.00164989509396873
-0.917257086100749,-0.728901615709395,-0.106040278218027,-0.256486394511093,0.0116373885474367,0.000775913000806698,-0.000496352191372731
-0.891472656011459,-0.736464476703452,-0.104693273877471,-0.259406259518889,0.0104140209987163,0.00154012863310684,0.000653661510650954
-0.864042591550829,-0.743223215223264,-0.103269239724064,-0.261010761659243,0.00921243285698448,0.00230438253367777,0.00178814388552991
-0.835029356897518,-0.749239876041928,-0.101767461882771,-0.261415581844302,0.00803634915569314,0.00306090730613652,0.00289505734657887
-0.804513351444358,-0.754548164677198,-0.100190885297804,-0.260725126391446,0.00689006816935513,0.00380172415980769,0.00396211588368118
-0.772592055673045,-0.75914209855271,-0.0985488911158047,-0.259025599994603,0.00577913890141724,0.00451863239443865,0.00497664308481501
-0.739376128210677,-0.762967767288564,-0.0968596155592739,-0.256379210344135,0.00471088880312653,0.00520339291685646,0.0059255275988054
-0.704982781706791,-0.765919757575968,-0.0951513910547431,-0.252819883508577,0.00369472244434586,0.00584813258796509,0.0067953023097102
-0.669527165020329,-0.767843774563705,-0.0934628869287302,-0.248351181837481,0.00274210249355606,0.00644595357364586,0.00757237080036163
-0.633112947870936,-0.768546587483937,-0.091841613022824,-0.242947304091872,0.00186613544530722,0.00699168077992994,0.0082433962188706
-0.595823734351377,-0.767813509728984,-0.0903406569770317,-0.236557976984275,0.00108072657756866,0.00748262892481962,0.00879585026828205
-0.557717139187136,-0.765432198858655,-0.0890138541147414,-0.229117606548064,0.000399344597743987,0.00791923268410259,0.00921869238028575
-0.518823142932369,-0.761219864064975,-0.0879099853717552,-0.22055822625928,-0.000166464513700263,0.00830537554706529,0.0095031139234955
-0.479147588607841,-0.75504948300177,-0.0870669555567922,-0.210824703444742,-0.000608580040157924,0.00864828894270212,0.00964324791483001
-0.438680490630209,-0.746869980154019,-0.0865070835384235,-0.1998896846938,-0.000923537824920198,0.00895797411303398,0.00963672433453241
-0.397407540787835,-0.736716000797349,-0.0862345260912163,-0.18776531364554,-0.00111322359498207,0.00924620809321742,0.00948495819569544
-0.355322294688668,-0.724704980594896,-0.0862354382546022,-0.174509169551794,-0.00118486459457765,0.00952529864747529,0.00919309810032947
-0.312436384287878,-0.711022112542047,-0.0864808516009427,-0.160223146321098,-0.00115031417912844,0.00980681387803569,0.00876962972437042
-0.268785786822892,-0.695896572143518,-0.0869316300601251,-0.145045709473615,-0.00102478439582302,0.0101005073794109,0.00822570100455882
-0.22443238272765,-0.679574028483714,-0.0875444488036961,-0.129139497752126,-0.000825289021900746,0.0104135928881053,0.00757428900009642
-0.179461259162505,-0.662290588379398,-0.0882776503363922,-0.112677046729535,-0.000569084127568072,0.0107504218215752,0.00682934593249393
-0.133975041461705,-0.64425210245018,-0.0890960415626594,-0.0958273327804058,-0.000272341220518766,0.0111125206975748,0.0060050430397502
-0.088086797501113,-0.625620873045482,-0.0899740794774315,-0.0787450775054981,5.0807590570444e-05,0.0114988819605662,0.00511518876496685
-0.041912852405557,-0.60650997635092,-0.0908972966207534,-0.0615637227187228,0.000388812973750221,0.0119063810722014,0.00417285058299355
0.00443360016421287,-0.586984129019234,-0.0918621265957579,-0.0443920612192835,0.000732877112158231,0.0123302076319825,0.00319017165701741
0.0508476753755364,-0.567065435447782,-0.0928744595978888,-0.0273139002660246,0.00107682650623152,0.0127642333122559,0.00217835065768472
0.0972367036370219,-0.546742335019078,-0.0939472996167636,-0.010389880529388,0.00141677831673924,0.0132012793502185,0.00114774495208422
0.143522960104733,-0.525980342966158,-0.0950978667914817,0.00633941932511103,0.00175068221821763,0.0136332834382219,0.000108055585676723
0.189645428098913,-0.504733742913836,-0.0963443826554201,0.0228497396666483,0.00207779601105023,0.0140513882849522,-0.000931433045736427
0.235560587001014,-0.482957548866734,-0.0977027647662246,0.0391292274519953,0.0023981438976292,0.0144459998046218,-0.00196159438037556
0.281242228549825,-0.460619502029893,-0.0991833667948373,0.0551745211194333,0.0027119842857205,0.0148068661322822,-0.00297319814465446
0.326680082712353,-0.437711768308425,-0.10078794027845,0.0709868572628598,0.00301931455486064,0.0151232375094474,-0.00395666967516568
0.371876965922359,-0.414261883030013,-0.102507030567612,0.0865681019497968,0.00331944173621519,0.0153841632993228,-0.00490189206312306
0.416844146108458,-0.390342159542655,-0.104318094865423,0.101916592247878,0.00361065794660245,0.0155789716376802,-0.00579807703833564
0.461594728779955,-0.366076373517851,-0.106184703278931,0.117022749917846,0.0038900711032212,0.0156979544345249,-0.0066337347593716
0.506135134881658,-0.341642180444764,-0.108057215578718,0.131864599060937,0.0041536485836992,0.0157332429672722,-0.00739677500055707
0.550455168422637,-0.317267606636573,-0.109875267271805,0.146403560126882,0.0043965256389095,0.0156798071361381,-0.00807476884480954
0.594517709902872,-0.293220288024067,-0.111572203199442,0.16058114794837,0.00461360328737023,0.0155364506749746,-0.00865538666561091
0.63824959603218,-0.269789079566639,-0.113081248843879,0.174317377393673,0.00480040818228046,0.015306619952509,-0.00912700210340343
0.681535559558629,-0.247259214222695,-0.114342752095425,0.187511661037212,0.00495411510175263,0.0149988180118057,-0.00947941430259114
0.724216987444307,-0.225884059552878,-0.11531138239215,0.200046679210722,0.00507455980075592,0.0146264417735336,-0.00970459993508042
0.766096577153389,-0.205858107296627,-0.115961918626571,0.211795116647407,0.00516502490266764,0.0142069508107797,-0.0097973768873956
0.806948795178709,-0.187296421282201,-0.116292356845023,0.222628432807307,0.00523259239964221,0.0137604180372518,-0.00975585861435099
0.84653467993621,-0.170224879094124,-0.116323575249567,0.232426220218176,0.00528793405428828,0.0133076652935153,-0.00958161039128856
0.884618444609527,-0.154583260598565,-0.116095582685296,0.241084467012582,0.00534453777545746,0.0128682952223165,-0.00927947987768967
0.920982927255009,-0.140240281077631,-0.115661179861946,0.248521301260083,0.00541750137281723,0.0124589524395632,-0.00885714443194342
0.955441341948785,-0.127017071767677,-0.115078396027972,0.254679467945958,0.00552211760530452,0.0120920747486191,-0.00832447190136382
0.987843815049024,-0.114714208034726,-0.114403169336679,0.259525619700601,0.00567249757730834,0.0117752606341458,-0.00769281366511653
1.01807844457472,-0.103137436248326,-0.11368344681174,0.263047203160502,0.00588043543919703,0.0115112343260969,-0.00697433724501247
1.04606769721345,-0.0921184320804703,-0.112955361575515,0.265248107983786,0.0061546327572525,0.0112982799395853,-0.00618147241147522
1.07176161464911,-0.0815286091022015,-0.112241607790961,0.266144281350622,0.00650031019118704,0.0111309635920651,-0.005326505448509
1.09512949725632,-0.0712855937155394,-0.111551727690964,0.265760282496687,0.00691916354411849,0.0110009640778607,-0.00442132360863648
1.11615157345501,-0.0613531318397917,-0.11088380829721,0.26412739074804,0.00740958222368988,0.010897870682856,-0.00347729121936057
1.13481180700812,-0.0517357978210405,-0.110227040121675,0.26128350087268,0.00796703895354684,0.0108098600106264,-0.00250522975772966
1.15109258692521,-0.0424700214889703,-0.109564659699682,0.257274709085569,0.00858457122713751,0.0107242159929801,-0.00151547277334337
1.16497168176269,-0.0336127980305994,-0.108876920110959,0.252158233753826,0.0092532969300351,0.0106276995370178,-0.000517968732194744
1.17642156467768,-0.0252291639851269,-0.108143859976368,0.246006119640945,0.0099629300110823,0.010506803577572,0.000477592235912914
1.18541102905694,-0.0173792436927133,-0.107347742157966,0.238909027121698,0.0107022813252474,0.0103479463030615,0.00146164951023589
1.19190889200539,-0.0101054818044906,-0.106475096289017,0.230979299188442,0.0114597419157203,0.0101376618964628,0.00242466162736107
1.19588948769288,-0.00342062288412434,-0.10551832504493,0.222352437834737,0.0122237503064459,0.00986284587509652,0.00335703403330369
1.1973395485887,0.00270291927011303,-0.104476832211467,0.213186137033545,0.0129832425701264,0.00951110168787242,0.00424910298595499
1.19626593568431,0.00834148187901917,-0.103357616011373,0.203656157420389,0.0137280757816632,0.00907121657264802,0.00509119027096647
1.1927035068788,0.0136253491038039,-0.102175261208031,0.193948634112824,0.0144494045898854,0.00853376786820366,0.00587373722898285
1.18672223352913,0.0187396162788173,-0.100951274747363,0.184248906494324,0.0151399804040007,0.00789182754152716,0.00658751716872372
1.17843254737415,0.0239197463147553,-0.0997127533178862,0.174727616983723,0.0157943369445827,0.00714169682724064,0.00722391306082489
1.16798790154765,0.0294412896622903,-0.0984904481693184,0.165525540612617,0.0164088282830536,0.00628357189334265,0.00777523426325024
1.15558373058585,0.0356040082238245,-0.0973163901855844,0.15673920409011,0.0169814982192762,0.00532202468223176,0.00823503492778947
1.14145242130567,0.0427116142369526,-0.0962213312524641,0.14840962794388,0.0175117824402551,0.00426618899391638,0.0085983912122409
1.1258545104405,0.0510492694115369,-0.0952323155673722,0.140516319541158,0.0180000733322024,0.00312957421302252,0.00886209720296104
1.10906697829839,0.0608616004342411,-0.0943706921313046,0.132977923756114,0.0184472045409149,0.0019294837744479,0.00902475109473233
1.09137003880003,0.0723340501704739,-0.0936508103909814,0.125659832993874,0.0188539304200028,0.000686080537080076,0.00908672134593401
1.07303408240946,0.0855798402624856,-0.0930795204172697,0.118387837763001,0.0192204784716041,-0.000578799685474432,0.00905000256730159
1.05430833797112,0.100633810222811,-0.0926564597443221,0.110965876338812,0.0195462393896093,-0.00184294698516288,0.00891798753122935
1.03541241886213,0.117453203811966,-0.0923749877539235,0.103195361757346,0.0198296330750393,-0.00308503987804421,0.00869519102486152
1.01653133210619,0.135924407822187,-0.0922235522572543,0.0948935230683304,0.0200681572565664,-0.00428574148503608,0.00838696213783271
0.997813914791186,0.155873940420017,-0.0921872511801169,0.0859086331540318,0.0202585960492614,-0.00542853790074115,0.00799921549817142
0.979374156806429,0.177081723364357,-0.0922493775569317,0.0761307351629282,0.0203973449122773,-0.00650027409708906,0.00753820209430903
0.961294552288535,0.199294808217589,-0.0923927907523362,0.0654973164735768,0.0204807986918249,-0.00749138721202557,0.00701032996550385
0.943630511420816,0.222240131884946,-0.092601021376281,0.053994135707515,0.0205057501853413,-0.00839587205044821,0.00642203659681751
0.926414928393557,0.245635400730531,-0.0928590762483962,0.041651971732748,0.0204697551700654,-0.00921103590171199,0.00577970934948696
0.909662184244566,0.269197717336859,-0.0931539540861042,0.028540390626963,0.0203714324696077,-0.00993710943037147,0.00508964756795983
0.893371103065164,0.292649986697211,-0.093474909572653,0.0147597292930626,0.020210680976826,-0.0105767795289477,0.00435805933395852
0.87752662318309,0.31572543232528,-0.0938135146138583,0.000432419197252384,0.0199888070905608,-0.0111347016042711,0.00359108623379235
0.862100153959656,0.33817071657216,-0.0941635646115441,-0.0143054188582015,0.0197085643520287,-0.0116170358256487,0.00279485020241356
0.847048744878962,0.359748214907617,-0.0945208687675439,-0.0293114284505007,0.0193741118311824,-0.0120310370111336,0.00197551705527747
0.832313295452757,0.38023797120087,-0.0948829507617656,-0.0444430987262481,0.018990899468081,-0.0123847130483244,0.00113937155709958
0.817816094374365,0.39943978857289,-0.0952486729320886,-0.0595622869287807,0.0185654880872142,-0.0126865533616356,0.000292898823298152
0.803458014134689,0.417175807984738,-0.0956177859839228,-0.0745381882593542,0.0181053103742518,-0.012945317708043,-0.000557133409840445
0.789115723321529,0.433293803118557,-0.0959903994837949,-0.089248903286985,0.0176183779482167,-0.0131698669009088,-0.00140359751230168
0.774639327383105,0.447671274190583,-0.096366367881645,-0.103581852901077,0.0171129398446771,-0.0133690111823494,-0.00223894008581553
0.759850912613697,0.460220248915754,-0.0967445942417751,-0.117433353508195,0.0165971000525348,-0.0135513492243243,-0.00305513459723588
0.744544535306615,0.470892491964384,-0.0971222703942701,-0.130707697872551,0.0160784066402021,-0.0137250716868792,-0.00384366057224544
0.728488240898233,0.479684591050096,-0.0974940978406336,-0.143316092926931,0.0155634323784407,-0.0138977086472502,-0.00459551856146342
0.711428676483827,0.486642152063174,-0.0978515663510853,-0.15517578313054,0.0150573758349283,-0.0140758107718874,-0.00530129126065566
0.693098729119124,0.491862143249735,-0.0981824015433685,-0.166209630801875,0.0145637210202262,-0.0142645701117681,-0.00595126182521423
0.673228343726688,0.49549234499723,-0.0984703197913495,-0.176346327618418,0.0140840001903723,-0.0144674070172014,-0.00653559963399211
0.651558233906493,0.497726961992356,-0.0986952361535617,-0.185521275161379,0.0136177049907265,-0.0146855722237065,-0.00704462026863207
0.627855625358598,0.498797799962185,-0.0988340451965649,-0.193678011324946,0.0131623823552964,-0.0149178327400721,-0.00746911905176713
0.601930552502665,0.49896101699502,-0.0988620260122501,-0.200769904627059,0.0127139313301819,-0.0151603199991467,-0.00780076564554022
0.57365071318552,0.498480269054284,-0.0987548122811422,-0.206761732578976,0.0122670861323477,-0.0154066118360496,-0.00803253205300361
0.542952658570911,0.497607924945218,-0.0984907331796554,-0.211630743735933,0.0118160344269886,-0.0156480920225118,-0.00815911115514111
0.509847317957161,0.496566695083542,-0.0980532056584826,-0.215366894413944,0.0113550872761006,-0.0158745841476354,-0.00817727269019483
0.474418591597266,0.49553425855971,-0.0974327864202276,-0.217972132386879,0.0108792993827204,-0.0160752002519865,-0.00808610349232953
0.436814882907935,0.494633133044053,-0.0966285082158437,-0.21945881785083,0.010384943301883,-0.0162392945707376,-0.00788709163780349
0.39723471322045,0.493927140012412,-0.0956482390377626,-0.219847557351249,0.00986977034332454,-0.01635738538979,-0.00758403827605905
0.355908613731523,0.493424598755523,-0.094507988370618,-0.219164824363634,0.00933303643159657,-0.0164219132292175,-0.00718281023686623
0.313080025147353,0.493087181537126,-0.0932302884612757,-0.217440732984288,0.00877531963925783,-0.0164277399303482,-0.00669097265729072
0.268987839258657,0.4928425046259,-0.0918419417924606,-0.214707241239647,0.00819819349472066,-0.0163723486075302,-0.006117356814262
0.223852585922046,0.492598196699127,-0.0903715083694325,-0.210996934114792,0.00760383773159763,-0.0162557615561246,-0.00547162107828785
0.177867351731846,0.492255366705985,-0.0888468994557956,-0.206342419489592,0.00699466495090314,-0.0160802369057333,-0.00476385403818082
0.131193595150232,0.491719928025538,-0.0872933681645883,-0.20077629083386,0.00637302332698063,-0.0158498270332962,-0.00400425307554588
0.0839613080259228,0.490910907844311,-0.085732076690513,-0.194331574223487,0.00574101049257498,-0.0155698825478327,-0.00320289430698224
0.0362725586531956,0.48976549263087,-0.0841793088949681,-0.187042572834973,0.00510040974131039,-0.0152465707451217,-0.00236959488150399
-0.0117926780140895,0.488241020908776,-0.0826463082174453,-0.178946031493561,0.00445274132064021,-0.0148864545829568,-0.00151385806149301
-0.0601694219686515,0.486314401732475,-0.0811396633815004,-0.170082550299212,0.00379941015120849,-0.0144961543506633,-0.000644885436267322
-0.108800160474084,0.48397953734093,-0.0796621357589825,-0.160498168336861,0.00314192565139645,-0.0140820938916482,0.000228361986654317
-0.157627531422123,0.481243315732175,-0.0782138138760887,-0.150246011122522,0.00248216718811768,-0.0136503186801031,0.00109707254599829
-0.206587697989093,0.478120672196954,-0.076793481925137,-0.139387850014571,0.00182266770552742,-0.0132063647008782,0.00195248082489532
-0.255604798608356,0.474629147258038,-0.0754000912683086,-0.12799536540509,0.00116688668340109,-0.012755154455771,0.00278577035140541
-0.304586820574509,0.470783324730419,-0.0740342211443455,-0.116150851016545,0.000519441202246184,-0.0123008987405172,0.00358799928525505
-0.353423244365072,0.466589532232244,-0.0726994058110942,-0.103947062942086,-0.00011373879354347,-0.0118469893168018,0.00435006570133955
-0.401984797402431,0.462041223233317,-0.0714031935095334,-0.0914859274142484,-0.000725366145142736,-0.0113958773941599,0.00506272779629588
-0.450125592891591,0.457115512279021,-0.0701577955081501,-0.0788758987322449,-0.00130689528205761,-0.0109489447456655,0.00571669147972892
-0.497687767806365,0.451771365457415,-0.0689801916534039,-0.0662279186782316,-0.00184878675133625,-0.0105063864720061,0.00630277247229235
-0.544508454549083,0.445949909467694,-0.0678915930074303,-0.0536501668785344,-0.00234094186315684,-0.0100671342541425,0.00681213175693189
-0.59042854205569,0.439577172175831,-0.0669162290002771,-0.0412420750383703,-0.00277328570393323,-0.00962885328228852,0.00723657238512644
-0.63530227401948,0.432569285563795,-0.0660795239624064,-0.0290883423957425,-0.00313644653397498,-0.00918804218604643,0.00756887376641891
-0.679006406249806,0.424839790935868,-0.0654058417195584,-0.0172538517084395,-0.00342245233287204,-0.00874025213409241,0.0078031292722423
-0.721447524644719,0.416308259277358,-0.0649160814561253,-0.00578036956701707,-0.00362534957006397,-0.00828042047815226,0.00793504728812932
-0.762566291425388,0.406909096391832,-0.0646254722432635,0.00531430808312174,-0.00374165246664111,-0.00780329074903276,0.00796217705608152
-0.802337880294337,0.396599190434649,-0.0645419136012172,0.0160345248168346,-0.00377055267430645,-0.00730386896946801,0.00788403007081849
-0.840768486148973,0.385363336384227,-0.0646651218320781,0.0264024477064237,-0.00371386457699235,-0.00677785821553435,0.00770208175104297
-0.87788845899222,0.373216456792172,-0.0649867358230987,0.0364519344935109,-0.00357571908088167,-0.00622201470367387,0.0074196564935771
-0.913743332782206,0.360202495325033,-0.0654913158682807,0.0462215340472916,-0.00336206630031196,-0.00563437881571586,0.00704171627516879
-0.948384035515498,0.34639024629016,-0.0661580680634254,0.0557475697162678,-0.00308006938643737,-0.00501436600714687,0.00657458236761004
-0.981857705731716,0.331866938591769,-0.0669629898889159,0.0650581588014199,-0.00273747805911256,-0.00436272120880675,0.00602562629034505
-1.01420017998647,0.316730648321036,-0.0678811052054871,0.0741687243558265,-0.00234205943726065,-0.00368136413852233,0.00540296391379317
-1.04543079650175,0.301082653962701,-0.0688884831175679,0.0830792424376223,-0.00190114144061661,-0.00297316582933142,0.00471518043994362
-1.07554971619735,0.285020692869691,-0.0699638105229192,0.0917731899567511,-0.00142129816208306,-0.00224170066247253,0.00397110521762154
-1.10453759673998,0.268633805716289,-0.0710893857712273,0.100217966288367,-0.000908183301351466,-0.00149101392092811,0.00317964627766753
-1.13235721526853,0.251999150032609,-0.0722514969123301,0.108366469528692,-0.000366500657322506,-0.000725434840558303,0.00234968661817556
-1.1589565246641,0.235180888990479,-0.0734402262466686,0.116159503005969,0.000199909195792687,5.05477837962837e-05,0.00149003835652402
-1.18427262113172,0.218231051780935,-0.0746487763863714,0.12352874243292,0.000787890556952682,0.000832343689326323,0.000609446933837849
-1.20823615992376,0.201192122327114,-0.0758724428601953,0.130400078160499,0.0013947265353067,0.00161526117754537,-0.000283364798491341
-1.23077584350489,0.184101028411408,-0.0771073703530016,0.136697232177578,0.00201784684410009,0.00239446705306613,-0.0011796241237536
-1.25182269281151,0.166994147966638,-0.0783492313849137,0.142345613353585,0.00265450884528852,0.00316493146823935,-0.00207042002278206
-1.27131387913541,0.149912897163555,-0.0795919638441257,0.147276400866146,0.00330147082208338,0.00392138682613128,-0.00294661195972843
-1.28919593360843,0.132909397756157,-0.0808267005377012,0.15143082474731,0.00395467864473497,0.00465833089337501,-0.00379875007297783
-1.30542716480274,0.116051634223973,-0.0820410192962348,0.154764540547411,0.00460899184883785,0.00537010162510323,-0.00461702207868927
-1.31997911202205,0.0994274175234235,-0.0832186319890794,0.157251877014334,0.00525798181783999,0.0060510442266839,-0.00539124320243211
-1.33283685806476,0.0831464041320163,-0.0843396083091055,0.158889587210449,0.00589384134846611,0.00669577904961236,-0.0061109057762167
-1.34399804091478,0.0673394258836895,-0.0853811881144917,0.159699584621156,0.00650744837137783,0.0072995619531853,-0.00676530390113694
-1.35347046133481,0.0521545251301846,-0.086319169871468,0.15973004195397,0.00708862312362868,0.00785870782225002,-0.00734374469917069
-1.36126830219992,0.037749408543799,-0.0871297741464047,0.159054228331623,0.00762660366267589,0.00837102581673243,-0.0078358501504353
-1.36740716374111,0.024280544317007,-0.0877917815838016,0.157766616114933,0.00811073669140391,0.00883619639190505,-0.00823194185262809
-1.37189836276597,0.0118897834520922,-0.0882886562127269,0.15597613367946,0.00853134006234479,0.00925601134165455,-0.00852348590185813
-1.37474319846281,0.000690062318231016,-0.0886103158104466,0.153796955581686,0.00888064618053185,0.00963440509106857,-0.0087035587683676
-1.37592807661252,-0.00924774595489583,-0.0887542277941377,0.151337814544515,0.00915369371324047,0.0099772315323699,-0.00876728147560206
-1.37542141841441,-0.0179046187723538,-0.0887256038413257,0.148691329877319,0.00934901386212895,0.0102917838833968,-0.00871216341548793
-1.37317309207184,-0.0253179504726987,-0.0885366270503253,0.145925087945121,0.00946897021978254,0.0105861067055083,-0.00853830276594045
-1.36911669135561,-0.0315798782022782,-0.0882048342827319,0.143076045811557,0.00951966222654387,0.0108681954621363,-0.00824840888426476
-1.36317443042059,-0.0368294917336672,-0.0877509410074647,0.14014924896841,0.00951038218999225,0.0111452052120373,-0.00784764015717425
-1.35526388435824,-0.041240193564379,-0.0871964892251813,0.137121002662384,0.00945270321264014,0.0114227869374198,-0.00734328164668774
-1.3453054487741,-0.0450042994833188,-0.0865616980095691,0.133945766125303,0.00935934439541345,0.0117046381614791,-0.00674431205408908
-1.33322932668947,-0.0483172746887095,-0.0858638106282702,0.130565404885398,0.0092429910840808,0.0119923044373756,-0.00606092250878606
-1.31898107898441,-0.0513637698296809,-0.0851160976586263,0.126919189867368,0.00911523663782823,0.0122852159437711,-0.00530404839232315
-1.3025251991911,-0.0543070042248203,-0.0843275361586305,0.122953073603642,0.00898576776435853,0.012580903473365,-0.0044849625157193
-1.28384665159975,-0.0572822705094952,-0.0835030760665343,0.118627180378726,0.00886185587015422,0.0128753187617513,-0.0036149590789289
-1.26295071516242,-0.0603946197162257,-0.0826443434068824,0.113920946133992,0.00874816015660574,0.0131631856773784,-0.00270513881650095
-1.23986172978493,-0.0637202608393624,-0.0817506141439825,0.108835787191856,0.00864680630957726,0.0134383257465146,-0.00176629062066278
-1.21462143122642,-0.0673109112194456,-0.0808199096582394,0.103395480707239,0.00855768159492925,0.0136939260181012,-0.000808855301991486
-1.18728751249823,-0.0712002278163087,-0.079850098268312,0.0976445882035088,0.00847888065350918,0.0139227423650299,0.000157047430578195
-1.15793290536899,-0.0754114633861849,-0.0788399226836912,0.0916452779523677,0.0084072406641874,0.0141172522844132,0.00112154870926728
-1.12664607335093,-0.0799655520563985,-0.0777899013924034,0.0854728555387889,0.00833891368954266,0.0142697858168027,0.00207493603901093
-1.09353237242948,-0.0848888811302859,-0.0767030685717343,0.0792102496931487,0.0082699330655893,0.0143726707357913,0.00300755228655958
-1.05871628185528,-0.0902200244274352,-0.0755855221366537,0.0729416674660456,0.00819673677164114,0.0144184287895622,0.00390970466778467
-1.02234404471772,-0.0960147025387625,-0.0744467459102742,0.0667456585584218,0.00811661303928339,0.0144000537072469,0.0047715997638309
-0.984586005208253,-0.102348230747004,-0.0732996645133295,0.0606879245166134,0.00802803314633162,0.014311388956687,0.00558332054614335
-0.945637721816268,-0.109314771246263,-0.0721603846199041,0.0548143652326577,0.00793083605407907,0.0141476039877962,0.00633486121092675
-0.905718830419817,-0.117022887313351,-0.0710475805970429,0.0491450402634315,0.00782623297096296,0.013905742790445,0.00701623430009524
-0.865068703456402,-0.1255872576316,-0.0699815028060927,0.0436698797767676,0.00771661090379104,0.0135852905395634,0.00761766075646816
-0.823938272341831,-0.135116966432784,-0.0689826273485897,0.0383470345213909,0.00760513543479504,0.0131886777707856,0.00812984589335303
-0.782577985277218,-0.145701489361119,-0.068070026312962,0.033104628374232,0.00749518409833296,0.0127216242278212,0.00854433201499031
-0.741222715067589,-0.157396208743443,-0.0672596093792608,0.0278463177271632,0.00738967820616926,0.0121932246635591,0.00885390235410964
-0.700075350920909,-0.170209801533773,-0.0665624536847783,0.0224604761593469,0.00729041355848202,0.011615703019281,0.00905299402208078
-0.659291541706545,-0.184095914871863,-0.0659834754866993,0.0168321052592976,0.0071975073908877,0.0110038103279533,0.00913806477729542
-0.618968310769467,-0.198951024437028,-0.0655206820208555,0.010855903067702,0.00710907023732035,0.0103739073054459,0.00910785531905411
-0.579138836157799,-0.214619287825066,-0.0651651651595032,0.0044485180166934,0.00702117440872565,0.00974283832539691,0.00896349938341938
-0.539774606346714,-0.230903809643247,-0.0649018714227218,-0.00244195217341972,0.00692813307248858,0.00912674930535501,0.00870845767578159
-0.500794696842263,-0.247582432218874,-0.0647110382358252,-0.00983065463458638,0.00682304168009727,0.008540012707242,0.00834828294515866
-0.462080510244367,-0.264425352225298,-0.0645700665079145,-0.017695463170731,0.00669848516894735,0.00799439500888349,0.00789025325651531
-0.423493400328312,-0.281211755690701,-0.0644555389771551,-0.0259809077530476,0.00654729276099851,0.00749854570671917,0.00734293020197238
-0.384892380738859,-0.297743215078938,-0.0643451043326322,-0.0346054493540529,0.00636322968493495,0.00705782076962966,0.00671570398072575
-0.346149555551631,-0.31385254221501,-0.0642190158140225,-0.0434705817047543,0.00614154435446963,0.00667439626812173,0.00601837898853475
-0.307161753972262,-0.329407804626229,-0.0640612106960448,-0.0524702069861103,0.00587932809911167,0.00634759172908738,0.00526083686608818
-0.267857790427643,-0.344312020461123,-0.0638599126363402,-0.061498995442266,0.00557568081268316,0.00607431059755358,0.00445279509887173
-0.228201549115917,-0.358499518931332,-0.0636078101912868,-0.0704588579801987,0.00523170248640558,0.00584951281420027,0.00360366309404788
-0.188191576446855,-0.371930095917117,-0.0633019029087767,-0.0792631001677286,0.00485034512510812,0.00566665442150348,0.00272248651601719
-0.147858042257535,-0.38458200020171,-0.0629431134406383,-0.0878381944068948,0.00443616331584223,0.00551805390233734,0.00181796458893108
-0.107257869322556,-0.396444571927544,-0.0625357485826366,-0.0961233662362763,0.00399499793533175,0.005395169281148,0.000898522837930354
-0.0664686313475557,-0.407511122536357,-0.0620868643973201,-0.104068345557848,0.00353361977063607,0.00528879091402104,-2.75762571430879e-05
-0.0255815855422055,-0.417772460108799,-0.0616055600731917,-0.111629713312237,0.00305935142469877,0.00518917126550959,-0.000952101257697272
0.0153059778157432,-0.427211354705493,-0.0611021994856499,-0.118766315867561,0.00257967926669073,0.00508612474233134,-0.00186671383629667
0.056098965982884,-0.435798205995095,-0.0605875441396918,-0.125434256674677,0.0021018639043547,0.00496913800355887,-0.00276283953645463
0.09671314271988,-0.443488199752009,-0.0600717802385215,-0.131582027952102,0.00163255831620588,0.00482753398622543,-0.0036315616339338
0.137083893335517,-0.450220285950802,-0.0595634383970958,-0.137146416220447,0.00117744709295636,0.00465073044587644,-0.00446355306549992
0.177174512301889,-0.455918333529053,-0.0590682374846931,-0.142049883726475,0.000740927149494109,0.00442862472650628,-0.00524906249415894
0.216983130954335,-0.460494763703626,-0.0585879317463479,-0.146200149435227,0.000325858011717034,0.00415211905524374,-0.00597797141872933
0.256547143801147,-0.463856787142435,-0.0581192955854277,-0.149492607747012,-6.65841938860027e-05,0.0038137738344677,-0.00663993832358421
0.295943878580746,-0.465915042197772,-0.0576534297741827,-0.151815968288832,-0.000436913938582567,0.00340854116674234,-0.00722464129324527
0.335286407710169,-0.466593965328823,-0.0571755968998197,-0.153061039614101,-0.00078717721112173,0.0029344918462835,-0.00772212058081222
0.374713911842427,-0.465842695865055,-0.0566657708223249,-0.153131937374156,-0.00112061748972502,0.00239341550815965,-0.00812320674983851
0.414376893239929,-0.463644868244138,-0.0560999993147053,-0.15195828786407,-0.00144118765835786,0.00179115828677694,-0.00841999997880168
0.454418665619281,-0.460025459185711,-0.0554525329369511,-0.149506424297463,-0.00175296400873288,0.00113757763617933,-0.00860634655290319
0.494955629933928,-0.455053093379191,-0.0546984944999153,-0.145787375986903,-0.00205954958219884,0.000446045799289477,-0.00867824629494588
0.536059507219451,-0.448836915258003,-0.053816703811774,-0.140859804161376,-0.00236356916888944,-0.000267484749373798,-0.00863412625578466
0.577744629032785,-0.441518178026388,-0.0527921900987744,-0.134826941684917,-0.00266634841677749,-0.000985749029940993,-0.00847493420741624
0.619962501381059,-0.433257797306944,-0.0516179582587489,-0.127827826684687,-0.00296783404584288,-0.00169159244015046,-0.0082040370071764
0.662604383730994,-0.424221925937588,-0.050295722666156,-0.120024308593732,-0.00326676048960331,-0.00236934016744525,-0.00782694475589624
0.705511013527512,-0.414567884150558,-0.0488355384132163,-0.111586081503381,-0.00356101643446014,-0.00300592555141067,-0.0073509110050114
0.748487338670309,-0.404432481313781,-0.0472544767723205,-0.102676162789234,-0.0038481283273657,-0.0035916527716001,-0.00678447422128896
0.79131950422486,-0.393924048503795,-0.0455746487904278,-0.0934388195424168,-0.00412576563514614,-0.00412055113425048,-0.00613700446674652
0.833791417366572,-0.383118631897452,-0.0438209475958918,-0.083991172065493,-0.00439218363512179,-0.0045903538954932,-0.00541830566702335
0.875698804649835,-0.372060030242243,-0.0420188599992951,-0.0744188564836499,-0.00464654569171865,-0.00500218631515316,-0.00463830462298645
0.916859499142162,-0.360762853664491,-0.0401926186661064,-0.064775437143755,-0.00488909770514383,-0.00536006937644251,-0.00380683928576174
0.957119496421989,-0.349217576193845,-0.0383638620934969,-0.0550848403467373,-0.00512119390110345,-0.00567034104735526,-0.00293354453444248
0.996354936586025,-0.337396601350625,-0.0365508695522274,-0.0453459398344283,-0.00534519060693772,-0.00594107501620627,-0.00202782482723312
1.03447055629272,-0.325260556951123,-0.0347683587557302,-0.035538491512153,-0.00556423268594752,-0.00618154742137503,-0.00109889882943542
1.07139526869869,-0.312764361844494,-0.0330277823070868,-0.0256298245967311,-0.00578195627937665,-0.00640177043340791,-0.00015589974750557
1.10707567197366,-0.299862725777913,-0.0313380241953789,-0.0155818604868036,-0.00600213119326102,-0.00661209052639418,0.00079198467619564
1.14146804797451,-0.286515133343409,-0.0297063893931635,-0.00535828172884564,-0.00622825766460977,-0.00682282459886466,0.00173534859165785
1.17452953426727,-0.272690264988517,-0.0281397663874567,0.00506831254964411,-0.00646313601403743,-0.00704390272033514,0.00266439724430009
1.2062090189365,-0.258370046012345,-0.0266458318969357,0.0157093705307213,-0.00670842613792545,-0.00728447659297337,0.00356878744019406
1.23643851540685,-0.243553196682584,-0.0252341594718185,0.0265537886317815,-0.00696422841610659,-0.00755246633311167,0.00443750057762786
1.26512586482515,-0.228258178430688,-0.0239170733693023,0.0375622379585557,-0.00722872745367772,-0.00785402893175766,0.00525877429630749
1.29214984914273,-0.212525181493918,-0.022710079397773,0.0486631953262794,-0.0074979564845732,-0.00819296017886227,0.00602012334870937
1.31735893282986,-0.196416651946907,-0.0216317105329151,0.0597516765104707,-0.00776575029641052,-0.00857007722041742,0.00670848300677822
1.34057479031143,-0.180015795756051,-0.0207026663132054,0.0706917217885922,-0.00802395226133043,-0.00898266939869778,0.00731050548157677
1.36160136412919,-0.163422613624799,-0.0199442161733125,0.0813234308764396,-0.00826291802054313,-0.00942414041852952,0.00781302719713431
1.38023933918691,-0.146747350311128,-0.0193759816101971,0.091474698283443,-0.00847230968643626,-0.00988398022784708,0.00820369912217213
1.39630467996601,-0.1301018732125,-0.0190133856057279,0.100976750757826,-0.00864210718847155,-0.0103481833878592,0.00847173492789503
1.40964848491584,-0.113589921017322,-0.018865226309534,0.10968149340785,-0.00876368411059209,-0.010800164477325,0.00860868939623551
1.42017448289626,-0.0972979333823967,-0.0189318942394968,0.117477650977018,-0.00883075298116335,-0.0112221125044161,0.00860914864380064
1.42785035105836,-0.0812880935296759,-0.0192046922561983,0.124302526072438,-0.00883997849767165,-0.0115966100835534,0.00847120840415452
1.43271017577687,-0.0655948586120228,-0.0196664911381432,0.130146912289893,-0.00879112500344181,-0.0119082593139476,0.00819664760622333
1.4348472295529,-0.0502255849780359,-0.0202936359203818,0.13505214635608,-0.00868670714085926,-0.0121450338012999,0.00779076650057326
1.43439870251465,-0.0351646999709342,-0.0210587182701044,0.139100233321541,-0.00853124090224804,-0.0122991467914328,0.00726192944250517
1.43152564332877,-0.020380262990981,-0.021933648251898,0.14239939169297,-0.00833027280945279,-0.0123673414955285,0.00662091024132899
1.42639210285887,-0.00583136510000386,-0.0228924517090866,0.145068082905229,-0.00808939441009613,-0.0123506438301407,0.00588016279965093
1.41914704423269,0.00852503605517627,-0.0239133593706768,0.147220367018766,-0.00781341825632744,-0.0122537181690881,0.00505313064547173
1.40991142533123,0.0227287837766512,-0.0249799674189517,0.148954569270472,-0.00750582544047629,-0.0120840120082359,0.00415367642068212
1.39877149511008,0.0368130502800591,-0.0260814560088017,0.150346158945085,-0.00716852226289612,-0.011850866870628,0.00319567227629972
1.38577819969431,0.050802571869467,-0.0272119997243947,0.15144479149487,-0.00680188651652852,-0.0115647281819715,0.00219275717819556
1.37095186769963,0.0647130952656555,-0.0283695778487363,0.152274838959521,-0.00640505123024026,-0.0112365281051525,0.00115824337064602
1.3542910261215,0.0785513850011053,-0.0295544068516238,0.152838458437431,-0.00597636352701709,-0.0108772594783211,0.000105141691584436
1.33578415329698,0.0923151505990976,-0.030767199189317,0.153120245102788,-0.0055139605196147,-0.0104977152817232,-0.000953729176467165
1.31542323368995,0.105992385141025,-0.0320074265893392,0.153092670698504,-0.00501641357584022,-0.0101083392269136,-0.00200558502372798
1.29321799709725,0.119559831390701,-0.0332717488553987,0.152721716788143,-0.00448339913339162,-0.00971911842378186,-0.00303750509949092
1.26920961807181,0.132980585333429,-0.034552765915015,0.151972301521572,-0.00391635368589352,-0.00933944718236871,-0.00403628310969551
1.24348241242873,0.146201186797012,-0.0358382552994936,0.150813230021785,-0.00331906107738311,-0.00897790119699642,-0.00498833659830893
1.21617177462143,0.159148893603872,-0.037111054352116,0.149221460673143,-0.00269810391517758,-0.00864188395400367,-0.00587971165374839
1.18746641488715,0.171730120070876,-0.0383497158174297,0.14718548278355,-0.00206309370661346,-0.00833714234604451,-0.00669621749431622
1.1576031024567,0.183831140170507,-0.0395299880716006,0.14470757111591,-0.00142658597864196,-0.00806719403540885,-0.00742371679506582
1.1268528213475,0.195321996877299,-0.0406270394787663,0.141804656732239,-0.000803599117184324,-0.00783275829084175,-0.00804857958051877
1.095498604194,0.20606404842046,-0.041618174871505,0.138507574959654,-0.000210699293615548,-0.00763132216895985,-0.00855828028917431
1.06380718908604,0.215920753075911,-0.0424856238284745,0.134858561187016,0.000335308888867859,-0.00745698831307176,-0.00894208272965832
1.03199858992181,0.224770335226317,-0.0432188790526242,0.130907086537582,0.000818947200865321,-0.0073007244769333,-0.00919172488743722
1.00021899140634,0.23251820531464,-0.043816088851581,0.126704441417354,0.00122765185337398,-0.00715106395251665,-0.0093019970129831
0.968522416977275,0.239106753555353,-0.0442841827613046,0.122297812986647,0.00155310180773288,-0.00699520373907184,-0.00927111242923883
0.936865099843834,0.244520569672697,-0.0446376948596257,0.117724842666909,0.0017920256559946,-0.00682034368575293,-0.00910080356298248
0.905113754836614,0.248786150125606,-0.0448965531593024,0.113009669160733,0.00194632400827784,-0.00661504111083781,-0.00879612768452892
0.873065867189545,0.251966388087933,-0.0450833210879848,0.108161203116271,0.00202249345510366,-0.00637034726391355,-0.00836502175881719
0.840477685713356,0.254151177487701,-0.0452204418604198,0.103173895672631,0.00203048911198391,-0.00608054724043881,-0.00781768714467849
0.807094517085825,0.25544600915802,-0.0453279478502275,0.0980307088270207,0.00198226720321171,-0.00574342256873468,-0.00716590271946143
0.772678281026798,0.255960438054075,-0.0454219106824224,0.0927075529064411,0.00189028062634104,-0.00536006171791479,-0.00642235903837764
0.737028708021448,0.255797900013582,-0.0455137007930772,0.0871782488615573,0.00176616246889034,-0.00493432677023364,-0.00560008360919655
0.699996408022678,0.255047784311695,-0.0456099601723914,0.0814191190506317,0.00161975112190246,-0.00447212685836261,-0.00471199837312221
0.661487730828066,0.253780127731409,-0.0457130986191556,0.075412536966275,0.00145851901564371,-0.00398064970273238,-0.00377062362810926
0.621462529122438,0.252042908080581,-0.0458221005737777,0.0691490631641953,0.0012873912113215,-0.00346767275860091,-0.00278792281081982
0.579926535158285,0.249861716890413,-0.0459334565120413,0.0626280658444939,0.00110889282712371,-0.00294103065315678,-0.0017752709093468
0.536920173253294,0.247241561103138,-0.0460420853447837,0.0558569187678846,0.000923545744298952,-0.00240826947733434,-0.000743524439890319
0.492505440388561,0.244170630275536,-0.0461421719202905,0.0488489802826305,0.000730437619476415,-0.00187647972950041,0.000296829661546352
0.446752187914805,0.24062600545722,-0.0462278937579102,0.0416206096981371,0.000527899550915318,-0.00135227162845938,0.0013354678903947
0.399724872261537,0.236581408525047,-0.0462940475517479,0.0341875073999111,0.000314243026080991,-0.000841838690395872,0.00236198826701682
0.351470690135679,0.232017119410172,-0.0463366070943706,0.0265607068961156,8.85143594703129e-05,-0.000351045892822233,0.00336565668531692
0.302009996526693,0.226932039076463,-0.0463532500566419,0.0187426229734108,-0.000148779247310623,0.000114524005776365,0.00433517145075479
0.251329999210911,0.221357477662015,-0.0463438819412143,0.010723673713237,-0.000395034709373826,0.000549627446039728,0.00525848389389259
0.199382941596851,0.215371500064853,-0.0463111577507043,0.00248012622509831,-0.000645100578897171,0.000949567812742633,0.00612272114794294
0.14609002430882,0.209111900148741,-0.0462609721967577,-0.00602611103784557,-0.000891116779917423,0.0013105679027861,0.00691425369439702
0.0913523593308922,0.202784762440409,-0.0462028304083191,-0.0148450922645537,-0.00112277038872667,0.00163028187351848,0.00761894602722496
0.0350694652210618,0.19666517013871,-0.0461499735148713,-0.0240335185216261,-0.00132805156899604,0.00190836427376614,0.00822260449765768
-0.0228357271149772,0.19108699620778,-0.046119115710742,-0.0336468186887341,-0.00149451327577364,0.00214697141735952,0.00871160982512164
-0.0823883563352738,0.18641999677434,-0.0461296495903552,-0.0437297319682527,-0.0016109144303653,0.00235104561002807,0.00907368551624101
-0.143534718434395,0.183035205436474,-0.046202257414471,-0.0543071676088459,-0.00166898985483462,0.00252825431910224,0.00929871778254763
-0.206123076262329,0.181262922915587,-0.0463569925964569,-0.0653773336281865,-0.00166499339028626,0.00268852071182243,0.00937951322695643
-0.269897568484521,0.181350590407032,-0.0466110614796989,-0.0769087029986957,-0.00160065410152943,0.00284318075590297,0.00931237178702181
-0.334507942554715,0.183429190578135,-0.0469766810945611,-0.0888414195716433,-0.00148329325553715,0.00300390322164965,0.00909737318093598
-0.399533984808754,0.187495655306621,-0.0474594484391911,-0.101092605061855,-0.00132504746590895,0.00318157505599983,0.00873832544354057
-0.464519809962577,0.193415160902258,-0.0480575879488363,-0.11356416208149,-0.00114136277667457,0.00338535946471532,0.00824239168876678
-0.529010955501474,0.20094233722299,-0.0487622561146552,-0.12615136057494,-0.000949085731305703,0.00362207662449131,0.00761947533294682
-0.592587210363849,0.209756050241035,-0.0495588396695935,-0.138750734595505,-0.000764529705626129,0.00389596165329802,0.00688148474196159
-0.65488604375242,0.219499980361644,-0.0504289724135122,-0.151266358081724,-0.000601837803150978,0.00420875752232221,0.00604160545768645
-0.715614426432178,0.229821204306285,-0.0513528797681121,-0.163614116907125,-0.000471839444221073,0.00456003222524281,0.00511368498250211
-0.774549627968173,0.240400883699272,-0.052311655047434,-0.175723959127132,-0.000381462262559979,0.0049475828532931,0.00411179464452925
-0.831531447394431,0.250973905757344,-0.0532891478546836,-0.187540245222555,-0.000333656563240351,0.00536780037609265,0.00304999079092101
-0.886449063022744,0.261336887740804,-0.0542732536731582,-0.199020299410163,-0.000327733660806979,0.00581590481182379,0.00194226447908613
-0.939225485378705,0.271345741353113,-0.0552564916246376,-0.210131179199861,-0.000360007432779163,0.00628600742027713,0.000802648879081738
-0.989801889852636,0.280904875874007,-0.0562358227310318,-0.2208446206964,-0.000424644559189463,0.00677100530852954,-0.000354555255320886
-1.03812330605906,0.289950323653822,-0.0572116952035699,-0.231130148689811,-0.00051465521584539,0.00726236010736183,-0.00151447841985829
-1.0841265303311,0.298428968738859,-0.0581863253985221,-0.24094651607093,-0.000622977134896188,0.00774985455294946,-0.00266134966968838
-1.12773083016253,0.306276005075028,-0.0591612624206174,-0.250231997633717,-0.000743610496390917,0.008221456736383,-0.00377818142497956
-1.168832010235,0.313392984324737,-0.0601343720617513,-0.258894622418252,-0.000872741748847135,0.00866344560802229,-0.00484653081230402
-1.20730059262916,0.319629391134892,-0.0610965338675873,-0.266804136856097,-0.00100974961935709,0.00906095145295726,-0.00584641161458037
-1.24298503062323,0.324771423821364,-0.0620285703177405,-0.273788184259102,-0.00115792448021358,0.00939902446315381,-0.00675644702486466
-1.2757207665187,0.328542104846349,-0.0628991700472083,-0.279635546448608,-0.0013246762315943,0.00966424587670901,-0.00755436080104976
-1.30534529447544,0.330616310341908,-0.0636647171873762,-0.284108871564072,-0.00152099662315724,0.00984673399482983,-0.00821788665674354
-1.33171804593285,0.330652093343767,-0.0642718365822983,-0.286967683107668,-0.00176002841093133,0.00994219616407729,-0.00872611388623264
-1.354742035698,0.328335550572064,-0.0646629681759333,-0.287999553419977,-0.00205480532307838,0.00995350591124453,-0.0090611729042813
-1.37438242692214,0.323431276881851,-0.0647843933554372,-0.287053786487136,-0.00241553202698928,0.00989124442142826,-0.0092100181032272
-1.39067652577858,0.315826274922075,-0.0645951071595045,-0.284069284058369,-0.00284705498274631,0.00977282403227842,-0.00916594596989217
-1.40373111537642,0.305554667816992,-0.0640742470639821,-0.279088232352859,-0.00334726583646529,0.00962020255353393,-0.00892947086389771
-1.41370650157063,0.29279511207999,-0.0632249136901533,-0.272250693950155,-0.00390696700675786,0.00945666009876524,-0.00850831338476709
-1.42079089651872,0.277841118573365,-0.0620732427089197,-0.263771068708483,-0.00451126523766254,0.00930342401607696,-0.00791650098085995
-1.42517180799162,0.261052851031707,-0.0606630869224085,-0.253903037041648,-0.00514205678065223,0.00917693168507904,-0.0071728287891964
-1.42701148807297,0.242803574721439,-0.0590479488103488,-0.242902394071259,-0.0057808690729297,0.00908722840069575,-0.00629906804497767
-1.42643127685683,0.223433290868062,-0.0572823519020496,-0.230996225698971,-0.00641133733935168,0.00903757910302495,-0.00531829647526337
-1.4235062194633,0.2032175914194,-0.0554145929568699,-0.218363310377531,-0.0070208489994445,0.00902503040702285,-0.00425360102372049
-1.41826828341462,0.18235417781951,-0.0534820883602905,-0.205126534857604,-0.0076012164824225,0.0090415059246641,-0.00312724839471814
-1.41071485134517,0.160965108495928,-0.0515097226243136,-0.191355139070822,-0.00814849614676474,0.00907504708419329,-0.00196029708489505
-1.40081900573725,0.13911059405295,-0.0495109956723589,-0.177073340718007,-0.0086621991045585,0.00911094747281245,-0.000772558706030703
-1.38853897341251,0.116809777570673,-0.0474914239089181,-0.162272043330294,-0.00914415583150936,0.00913268898597419,0.000417202776347984
-1.37382534457355,0.0940646123941565,-0.0454535142094011,-0.146921251243489,-0.00959725089255465,0.00912271952982924,0.00159093886032407
-1.35662586459951,0.0708838851834355,-0.0434025852145276,-0.130981898389094,-0.010024185316096,0.00906319322982725,0.00273094251642232
-1.33688847790509,0.0473051051495333,-0.0413526579859586,-0.114416657202828,-0.0104263822503937,0.00893682246121795,0.00381951244416254
-1.31456380523551,0.0234121954879346,-0.0393315335778643,-0.0971997527275952,-0.0108031362452704,0.00872796953268476,0.00483873021098928
-1.28960835478279,-0.00065322353851742,-0.0373840459235286,-0.0793258376236528,-0.01115111059038,0.00842403669553644,0.00577042268994628
-1.26198951142235,-0.024689345102538,-0.035572427038564,-0.0608176596769096,-0.0114642910397906,0.00801709958774115,0.00659637655669307
-1.23169272554553,-0.0484425824117823,-0.0339729045365987,-0.0417317355032964,-0.011734481845444,0.00750558375059891,0.00729885255694213
-1.19873043210634,-0.0716277040022772,-0.0326682202025327,-0.0221607997024069,-0.0119523588226238,0.00689564393109745,0.00786140488979661
-1.16315110063418,-0.0939582371208808,-0.0317367439718758,-0.00223168254991542,-0.0121089688172848,0.00620181321258267,0.0082699404020611
-1.12504614757274,-0.115182393190652,-0.0312400666462226,0.0179021247860398,-0.012197412192689,0.00544654366789312,0.0085138668438791
-1.08455214696595,-0.135117130852728,-0.0312119224304424,0.038072803010433,-0.0122143289167958,0.00465845553869258,0.00858710718702571
-1.04184665261743,-0.153672038930632,-0.0316514529957751,0.0581134823403082,-0.0121607965896726,0.00386945245889857,0.00848874137079043
-0.997137498036619,-0.170856712280777,-0.0325228761641651,0.0778733951679223,-0.0120423784071648,0.00311120617563273,0.00822310215899599
-0.95064749129426,-0.186769830355327,-0.0337617706095984,0.0972296370689138,-0.0118682991185992,0.00241171953603817,0.00779928919096671
-0.902597529509771,-0.201573314739379,-0.0352862470018131,0.116093346460582,-0.0116499721756059,0.00179263869427299,0.00723021524396829
-0.853191450765326,-0.215458719508407,-0.037010025357112,0.134409824756337,-0.0113992587103543,0.00126772780327097,0.0065314058120966
-0.802604971677086,-0.228613930126459,-0.0388543542267918,0.152153817715133,-0.0111268491476415,0.000842567982467753,0.00571979525186414
-0.750979609214347,-0.241196599469217,-0.0407565830164859,0.169322160406831,-0.0108410504562738,0.000515244407825667,0.00481271206795333
-0.698421175727271,-0.253317785722902,-0.0426744753897392,0.185926077599399,-0.0105471039830526,0.00027763061432842,0.00382715998414316
-0.64500171150489,-0.265036386685337,-0.0445864716553344,0.20198485081531,-0.0102470185437855,0.000116874085537875,0.00277941999293956
-0.59076366493891,-0.276363042251501,-0.0464887754261514,0.217521700724319,-0.00993981801894668,1.67831727606792e-05,0.00168494349975215
-0.535725579949756,-0.287271364615921,-0.0483903426740515,0.232561907504472,-0.00962207567195255,-4.1048865211226e-05,0.000558480306083837
-0.479889243734137,-0.29771435730485,-0.0503067453542489,0.247132558543786,-0.00928862185097644,-7.64165541808108e-05,-0.000585621416168448
-0.423248936108385,-0.307644242477064,-0.0522536611846709,0.261262894764159,-0.00893334472788049,-0.000109902482415493,-0.00173300406183904
-0.365803890274172,-0.317034213518288,-0.0542405593818612,0.274983991370871,-0.00855003520931954,-0.000162365681236679,-0.00286883752204681
-0.307575123878,-0.325900575896927,-0.0562650932355479,0.288326441758975,-0.00813324314942788,-0.000254340311688459,-0.00397736637781522
-0.248627232124353,-0.334323201578661,-0.0583087857931544,0.301314862924233,-0.00767910516034887,-0.0004051629899752,-0.00504153923732922
-0.189094390039545,-0.342461265101655,-0.0603347454693536,0.313958525846776,-0.00718607461462913,-0.000631687544281435,-0.00604280619759459
-0.12920768648194,-0.350560170890263,-0.0622882471110514,0.326238377757044,-0.00665544129468178,-0.000946545861376856,-0.00696118272081188
-0.0693183579210155,-0.358945036575984,-0.0641008844365334,0.33809221571674,-0.00609149301592333,-0.00135608192073326,-0.00777567692312452
-0.00990938318872352,-0.367996900384263,-0.0656984747266418,0.349401571166072,-0.00550117680482491,-0.00185830661154497,-0.0084651460329695
0.048412400823512,-0.378110695170511,-0.0670119324687729,0.359985321899296,-0.00489319553177489,-0.00244143074433888,-0.00900957230099659
0.104948689141973,-0.389638983235489,-0.0679891384814303,0.369605144603508,-0.0042766371996704,-0.00308362244777345,-0.00939163039438664
0.158965445276187,-0.402831167581221,-0.06860492421583,0.377985757299964,-0.00365943916278078,-0.0037544866290885,-0.00959828868203439
0.209762976829443,-0.41778181827932,-0.0688662827986651,0.384848508163529,-0.00304714489877921,-0.0044183412756377,-0.00962210630167445
0.256745301295725,-0.43440124872889,-0.0688111175293548,0.389951757568624,-0.00244240906428915,-0.0050387859328966,-0.0094619167941721
0.299472909190317,-0.452415761015783,-0.0685008905330821,0.393128181277373,-0.00184550149260711,-0.00558357604857269,-0.00912274097074308
0.33768827719829,-0.471396180589442,-0.0680095042804692,0.39430954833171,-0.0012557215795154,-0.00602868208535519,-0.00861498902716076
0.371312330163312,-0.490805419834246,-0.0674116972096925,0.393533641586449,-0.000673317575204362,-0.00636069768872926,-0.00795319559534228
0.400418269404547,-0.510052177608642,-0.0667738354061995,0.390933707602552,-0.000101355877727316,-0.00657731337316441,-0.00715460563104791
0.425193564702878,-0.528539222616156,-0.0661486552125408,0.38671549019757,0.000452951388036893,-0.00668612424705568,-0.00623788582016194
0.445900819832438,-0.545699263015991,-0.0655740246719554,0.381128907059794,0.000977741501182972,-0.00670238231595592,-0.00522212562422214
0.462845155126201,-0.561016546435962,-0.0650747474324296,0.374440765513095,0.00145685618971526,-0.00664637509193666,-0.00412617779583433
0.476351818207952,-0.574036128489699,-0.0646660278479102,0.366912642988829,0.00187091017814185,-0.00654097824912857,-0.00296831019479577
0.486754497642093,-0.584364525035233,-0.0643573173143156,0.358785428814781,0.00219884199991908,-0.00640970428978298,-0.00176610676235975
0.494392919195962,-0.591665546799515,-0.0641556113208554,0.350269898596603,0.00241972023980958,-0.0062753471716283,-0.000536553042219081
0.499617662184254,-0.595654263682486,-0.0640676436628025,0.341541424858345,0.0025146375868426,-0.0061591566956466,0.000703746374452361
0.502800253475855,-0.596091008851931,-0.0641007115990515,0.332736516717135,0.00246859971148468,-0.0060803795961565,0.00193825722820105
0.504346866932405,-0.592776607803305,-0.0642620459784716,0.323949180100719,0.00227237159587327,-0.00605596765415227,0.00315014149098276
0.504713845351371,-0.585549776073861,-0.0645567624431198,0.315225941705146,0.00192425431235938,-0.0061002602637546,0.00432184878167926
0.504422468772004,-0.574287749051726,-0.0649845712341353,0.306559644034331,0.00143171426564631,-0.00622448560361593,0.00543471350304468
0.504068944538305,-0.55891136671704,-0.0655356553028591,0.297883608229351,0.000812672690050361,-0.00643598450253484,0.00646862524983604
0.504323913484026,-0.53939562647275,-0.0661864804819464,0.289069142069799,9.6106251365048e-05,-0.00673714754540921,0.00740188474001218
0.50591472217955,-0.51578574875236,-0.0668967280485251,0.279930103887009,-0.000678534539335581,-0.00712417889012658,0.00821140942956786
0.509584605111043,-0.488216841099796,-0.0676088666176659,0.270237659960598,-0.0014636129241506,-0.00758596264594532,0.00887348108494905
0.516027175573131,-0.456932484061667,-0.0682518031341477,0.259746029499011,-0.00220760836190171,-0.00810347819094288,0.00936518022524204
0.525802820683659,-0.422294960484909,-0.0687492432674927,0.248226148933317,-0.00286119192465542,-0.00865029766928337,0.00966648228029273
0.539253935425832,-0.384779221384338,-0.0690317758080121,0.235500183157672,-0.00338403079857183,-0.00919456763856016,0.0097627080336493
0.556443412518092,-0.344945846074606,-0.0690497794561232,0.221467878699829,-0.00375058054773869,-0.00970245043211353,0.00964674070284479
0.577139219273567,-0.303395266003339,-0.0687831066677425,0.206117611794326,-0.00395303598340232,-0.0101423951668678,0.0093203314119748
0.6008547956512,-0.26071344847682,-0.0682441167409989,0.189520240272269,-0.00400040630495628,-0.0104891471951712,0.00879404018013451
0.626935564305393,-0.217423467585561,-0.0674729960409185,0.171809788727454,-0.00391405792721082,-0.0107264097298402,0.00808582767057051
0.654666410541532,-0.173955139640724,-0.066527179692497,0.153158398695989,-0.00372128205183638,-0.0108475794864121,0.00721877066500414
0.68337141376482,-0.13063759027498,-0.0654685088061793,0.133752608488973,-0.00344886489819865,-0.0108546900206608,0.00621858077770934
0.712485182985503,-0.0877115867784849,-0.0643517975935584,0.113775115143736,-0.00311820768676253,-0.0107562241354775,0.0051115091070422
0.741588267765151,-0.045353504638998,-0.0632171900855472,0.0933929147062324,-0.00274269290376272,-0.0105646066736028,0.00392295003811718
0.77041020899017,-0.00370196968110597,-0.0620870450633908,0.0727505959861021,-0.00232722589134757,-0.0102940228215433,0.00267678864605381
0.798809461028862,0.0371197158087908,-0.0609668637954073,0.0519668461182075,-0.00186945655847315,-0.00995890624854434,0.00139536735343972
0.826740072816779,0.0769891886746325,-0.0598492048741324,0.0311324847089236,-0.00136209600578941,-0.0095731582452347,9.98858395512294e-05
0.854212871739417,0.115779765228687,-0.0587194596263907,0.0103090780246984,-0.000795843960460022,-0.00914996031269356,-0.00118894757881992
0.881256139621532,0.153363425500912,-0.0575625045998586,-0.0104719056747062,-0.000162584685085888,-0.00870193039284956,-0.00245017002201818
0.907878791405499,0.189619839836905,-0.056369366548934,-0.0312085036728347,0.0005414093525818,-0.00824132626207674,-0.00366186380011821
0.934038410012199,0.224448237498791,-0.055143013354189,-0.0519245329158615,0.00131254836902427,-0.00778000481475159,-0.00480064350613149
0.959617037285256,0.257778059759164,-0.0539022434555315,-0.0726606706120362,0.00213766737266282,-0.00732890756219851,-0.00584148573847718
0.984408703476321,0.289573787777452,-0.0526825437992658,-0.0934588082142794,0.00299297779392115,-0.00689697736739398,-0.00675806217394703
1.00812316097793,0.319829640633905,-0.0515329774516146,-0.114339975333292,0.00384481587802235,-0.00648962613579616,-0.0075237020899888
1.03040884477277,0.348551719671096,-0.0505088880957416,-0.135279199405695,0.00465258538672324,-0.00610713260344956,-0.00811300462791745
1.05089388873957,0.375728946928514,-0.0496614926035656,-0.156183962434362,0.00537377469591042,-0.00574355403582128,-0.00850393957036923
1.06923773212236,0.401299022578849,-0.0490268826919004,-0.176884480211809,0.00597016910312597,-0.00538674584776144,-0.00868006779747079
1.08518004018809,0.425119547167946,-0.0486178011822151,-0.197141967703775,0.00641369644153899,-0.00501980694422197,-0.00863238050959735
1.09857186676973,0.446955039288003,-0.0484210755133306,-0.21667523301547,0.00669016412528055,-0.00462376688054675,-0.00836029814498076
1.10937833168292,0.466486865386158,-0.0484017161319643,-0.235198886771503,0.0067997079423391,-0.00418083405056534,-0.00787160062335187
1.11765136883537,0.48334654203576,-0.0485122435489241,-0.252462046705944,0.00675389266780116,-0.00367730140432082,-0.00718138120026349
1.12348120510102,0.497166441744776,-0.0487040226326095,-0.268277074661667,0.00657054626784593,-0.00310537667390095,-0.00631037571116759
1.12694174711352,0.507638033082902,-0.0489370539699777,-0.28253278469044,0.00626804354808741,-0.00246365565267331,-0.00528311666991574
1.12804585154869,0.514566912749213,-0.049185715575424,-0.295192578617465,0.00586068763058702,-0.00175644164793494,-0.00412629919387546
1.1267222739834,0.517914994273261,-0.0494396344854994,-0.306282149812361,0.00535625224834793,-0.000992418867855416,-0.00286759679063546
1.1228192827669,0.517822009421308,-0.0497004050050612,-0.315872655415392,0.00475599725496912,-0.000183238170784989,-0.00153500989556985
1.11613280710698,0.514600413216733,-0.0499758204109498,-0.324064232451627,0.00405684032687214,0.000657576968528124,-0.00015671216304453
1.10645100825996,0.508700265900742,-0.0502736112203878,-0.330972673356051,0.00325497712076759,0.00151524344339729,0.00123871746859735
1.09360300470369,0.500644601275121,-0.0505965586280933,-0.336719932134509,0.00235007090473022,0.00237394014766034,0.00262184045661904
1.07749762562154,0.490941857622852,-0.0509404428002302,-0.341427366054511,0.0013491095684105,0.00321692151170286,0.00396188444648453
1.05813918654879,0.479989810850489,-0.0512956445187025,-0.345209495777253,0.000269098104173778,0.00402690299090977,0.00522647705117466
1.03561214059456,0.467993162672084,-0.0516523128802825,-0.348165951005785,-0.000862091514935782,0.00478706416783088,0.00638181511469888
1.01003523567144,0.4549209014895,-0.0520078580060146,-0.350370547998359,-0.0020071255582892,0.00548282531665297,0.00739345491385311
0.981497099361267,0.440525526531661,-0.0523743509095854,-0.35185906082368,-0.00312287287644176,0.00610422386121776,0.00822781530852445
0.949995314710637,0.424431568563431,-0.0527827121287763,-0.352620165050689,-0.00416579907590272,0.00664833844136689,0.0088543422628883
0.915404697604989,0.406277392032133,-0.0532809680359694,-0.3525953123012,-0.00509801798381783,0.00712094529775316,0.00924810234363404
0.877493157176586,0.385870060064938,-0.0539256900924622,-0.351691225779138,-0.00589258533864107,0.00753662182671598,0.00939238351910684
0.835985453976011,0.363300484688544,-0.0547685958511263,-0.349803497946528,-0.00653669590898726,0.00791691539125271,0.00928074146372665
0.790653713864512,0.338975394515892,-0.055842883292252,-0.346844210398255,-0.00703201209670481,0.00828686081206579,0.00891792870878361
0.741400500438881,0.31355341518626,-0.0571545986013211,-0.342764277944339,-0.0073922281742936,0.00867076091009746,0.00831936029414651
0.688303950586516,0.28781050317338,-0.0586824675834581,-0.337563899443954,-0.00763878485015272,0.00908840591653409,0.00750917782908637
0.631612764207258,0.262484774466571,-0.0603860592781139,-0.331290066807694,-0.00779604534264072,0.00955264921049454,0.00651740274112836
0.571700170954625,0.238150522527468,-0.0622189196947036,-0.324024821307987,-0.00788711934146269,0.0100686364960668,0.00537689966256256
0.508998597961159,0.21515048996643,-0.0641420369667483,-0.315869557702992,-0.00793104341003637,0.0106343579331746,0.00412080506765635
0.443936813873061,0.193589469928065,-0.066133830971469,-0.306929505415609,-0.00794148514508643,0.0112418533659211,0.00278080266632686
0.376893192528491,0.173374427578746,-0.0681947523823879,-0.29730031927208,-0.00792675532847237,0.0118784191637805,0.00138632112984272
0.308169355010385,0.154280775950499,-0.0703463173410707,-0.287056974842695,-0.00789075659787611,0.0125274203490419,-3.54817832037238e-05
0.237982322560011,0.136027775086382,-0.0726253767315175,-0.2762444671207,-0.00783451682145154,0.0131686340955704,-0.00145917449724907
0.166471331710896,0.118352399184335,-0.0750746784470317,-0.264870104474724,-0.00775805053208855,0.013778326892727,-0.0028601792478749
0.0937162541392201,0.10107598864403,-0.077730745692381,-0.25289819204661,-0.00766236984915931,0.0143294570226218,-0.00421378269261732
0.0197661344891382,0.0841596036806511,-0.0806102237896468,-0.240249247414517,-0.00755146603701773,0.0147924905877395,-0.0054942272185588
-0.0553229941029257,0.067742312322815,-0.0836964390820456,-0.226807067347769,-0.00743398349133777,0.0151373063597781,-0.00667409476943018
-0.131443232464776,0.0521532810203826,-0.0869289651777241,-0.212437176548378,-0.00732414117849619,0.0153364913562775,-0.00772422992850566
-0.208388742897686,0.0378863944150857,-0.0902000723347106,-0.197018439922015,-0.00724132369213003,0.0153699284916913,-0.00861446785527638
-0.285819214593,0.0255290477167057,-0.0933621193581507,-0.180485211015104,-0.0072078346201732,0.0152299406304969,-0.00931536519871398
-0.363246897388841,0.0156478980493223,-0.0962480782634937,-0.162870944872273,-0.0072447475576799,0.0149255453174712,-0.00980090208732302
-0.440059091185203,0.0086528598649141,-0.0987029418797295,-0.144338619356697,-0.00736660826695068,0.0144839914030125,-0.0100517256488175
-0.515578022776946,0.00467844516967861,-0.10061805961712,-0.125183146460634,-0.00757660303374818,0.0139481756566025,-0.0100580937158511
-0.589144893012131,0.00352554513540435,-0.101956820123557,-0.105799201385144,-0.00786410761176011,0.0133699150748821,-0.00982154074752789
-0.660202686949792,0.00468856190337737,-0.102761872152258,-0.0866219818387545,-0.00820583081520785,0.0128008054160349,-0.00935463722092892
-0.728351494230065,0.00745916465924355,-0.103141288311502,-0.0680602563361544,-0.00857030427422309,0.0122834667884652,-0.0086789293990024
-0.793361832338195,0.0110684680966717,-0.103239617035635,-0.0504430907663043,-0.00892411182224236,0.0118456557941058,-0.0078218058993932
-0.855148445287768,0.0148208612854764,-0.103204584071831,-0.0339932686043348,-0.00923779555165047,0.0114982889038264,-0.00681326575223822
-0.913719676456883,0.0181859263313382,-0.103159382095309,-0.0188279633637654,-0.00948991583404811,0.0112368424902396,-0.00568333193885642
-0.969121108967676,0.02083751097977,-0.103185980589689,-0.00497793070195473,-0.0096687437461819,0.0110446886553739,-0.00446042523023323
-1.02138832041288,0.0226477068477528,-0.103320012286429,0.00758651603311729,-0.00977191019757711,0.0108968688197567,-0.00317065806475562
-1.07051673399411,0.023652220914299,-0.103554699867712,0.0189324290234745,-0.00980473434980354,0.0107632859425079,-0.0018378361416174
-1.11645034214128,0.0240035568519448,-0.103850344306538,0.0291495101919134,-0.00977794990146198,0.0106109073386517,-0.000483930542590431
-1.15908713628394,0.0239236512446981,-0.104146407236156,0.0383450919320504,-0.00970533445969441,0.0104050636155943,0.000870176534777082
-1.19829732723909,0.0236618609165109,-0.104374279765431,0.0466470601321189,-0.00960150304344319,0.0101102332594528,0.00220382518930844
-1.23395001581562,0.0234596567501846,-0.104469766286185,0.054210922060547,-0.00947995494442423,0.00969084156757787,0.00349572125625708
-1.26594388235529,0.0235209028286424,-0.104384764305615,0.0612259371173082,-0.00935139789910998,0.00911261631910385,0.00472322335281632
-1.29423700660004,0.0239862644459388,-0.104097491396903,0.0679146097548171,-0.00922240462423869,0.0083449396253841,0.00586192493948134
-1.3188699507259,0.0249117457544175,-0.103620022639727,0.0745202366051189,-0.00909454655785191,0.00736438855838886,0.00688569877606152
-1.33997530583963,0.0262538668038342,-0.103001215071688,0.0812793230456663,-0.00896423849209929,0.00615923507695845,0.00776735982218602
-1.35776730603642,0.0278662885023352,-0.102322890463046,0.0883801537983451,-0.00882353903425636,0.00473410837549245,0.00848003285525855
-1.3725083846855,0.0295130846181778,-0.101688051695313,0.0959152415916673,-0.00866201351965821,0.00311347389447916,0.00899916066187703
-1.38445629788533,0.0309009229432024,-0.101202167505972,0.10384158300282,-0.00846945897937816,0.00134236142321293,0.00930487290459036
-1.3938039646326,0.031726302474956,-0.100951540901811,0.111964834884241,-0.00823890296670338,-0.00051680115071719,0.00938423080238636
-1.40063022049738,0.0317272864019691,-0.100984920689845,0.119958481923976,-0.0079690163452255,-0.00239126306907223,0.00923278793111725
-1.40487869352125,0.0307259271626699,-0.101304200954688,0.127417314326136,-0.00766512932145368,-0.00420752156258835,0.00885504945001871
-1.40637287733993,0.0286504683851114,-0.101866940221553,0.133931442954376,-0.00733846099565391,-0.00590097881768652,0.00826373939727834
-1.40486232853496,0.0255342853079849,-0.102599030170342,0.139159780014167,-0.00700378380378841,-0.0074232789683998,0.0074781449880793
-1.40008453105189,0.0214970338589951,-0.103412510893562,0.142884066010882,-0.00667623864632848,-0.00874589495008615,0.00652202706782602
-1.39182389752169,0.016718297120671,-0.104222749447497,0.145033828487043,-0.0063681762026422,-0.0098599040587036,0.00542159718408526
-1.37995332489667,0.0114136407711069,-0.10496074635399,0.145683256487219,-0.00608672453307404,-0.0107729746529829,0.00420391891096218
-1.36445100628791,0.00581884705833403,-0.105578864784334,0.145027887042556,-0.00583244233719045,-0.0115050264218642,0.00289590160982309
-1.34539198014923,0.000182760245589688,-0.106050461919844,0.143350628249589,-0.00559910736483122,-0.012083867798028,0.0015238991164019
-1.32291827201116,-0.00523533030469451,-0.106365113938568,0.14098431301866,-0.00537452208688693,-0.0125416210543098,0.000113830328426494
-1.29719362325141,-0.0101705593363443,-0.106521426663315,0.138274131427785,-0.00514219594034064,-0.0129121867985556,-0.00130830673043402
-1.26834996487138,-0.0143670393880199,-0.106519208719776,0.135540071700073,-0.00488381272877469,-0.0132295395695349,-0.00271567273898927
-1.23643424892411,-0.0176079100476341,-0.106352451387262,0.133038261925861,-0.00458241457543427,-0.0135263490630202,-0.00407973217400175
-1.20136650816878,-0.019762436471724,-0.106004338596238,0.130921476935566,-0.00422614382238484,-0.0138323064527021,-0.00536948509344509
-1.16292237460776,-0.0208445201679525,-0.10544541934399,0.12920303951429,-0.00381213611050621,-0.0141716305871707,-0.00655102204901137
-1.12075363328985,-0.0210675008908757,-0.104635936980708,0.127733944635294,-0.00334978047365001,-0.0145595872504775,-0.00758772996946485
-1.07445549490082,-0.0208712137904963,-0.103532813286517,0.12620772667163,-0.0028622024188976,-0.0149985029721142,-0.00844155333571863
-1.02367632569026,-0.0208948403187478,-0.102100631614274,0.12420694782506,-0.00238477211488863,-0.0154745680106416,-0.00907564955981376
-0.968245507291457,-0.0218804600446556,-0.100324179108897,0.121294543753753,-0.00196003405545962,-0.0159572910244474,-0.00945841003956139
-0.908276330956272,-0.0245198757865347,-0.0982184106878713,0.117132508578352,-0.00162979806290643,-0.0164031665602585,-0.00956812791030069
-0.844198155573828,-0.0292908782757621,-0.0958314370769245,0.11158917565463,-0.00142671036869838,-0.0167635962955621,-0.0093969011256718
-0.776695717087449,-0.0363459379776115,-0.0932383170301048,0.104791462622689,-0.00136835510472922,-0.0169949431499638,-0.00895224962026877
-0.706574953904335,-0.045498524948593,-0.0905273473410226,0.0970994257900429,-0.00145600608685809,-0.017067240044645,-0.00825572296325282
-0.634607846133912,-0.0563074398277042,-0.0877837922751794,0.0890162861868854,-0.00167797524338257,-0.0169686417408075,-0.00733906755664998
-0.561411855834287,-0.0682177364830082,-0.0850764837028364,0.081073334252091,-0.00201555318756477,-0.0167048202119571,-0.00623943772918712
-0.487395009953409,-0.0807030958614972,-0.0824505652183614,0.0737306285449261,-0.00244897761152111,-0.0162946395821338,-0.00499516298502798
-0.412766315745184,-0.0933689908308132,-0.0799267354201512,0.0673166678471125,-0.00296163472777479,-0.0157643947448599,-0.00364295114477114
-0.337591352775616,-0.106001069179869,-0.0775054081175828,0.0620092537229087,-0.00354190866942211,-0.015142580775871,-0.0022166787550078
-0.261868716309144,-0.118562580799328,-0.0751737097041747,0.0578469257661301,-0.00418296937991547,-0.0144562414378034,-0.000747465150167935
-0.185608313802542,-0.1311529484198,-0.0729136484938685,0.0547574269415065,-0.00488111119164177,-0.0137290720316667,0.000735419343958317
-0.108899481589997,-0.143939767135055,-0.0707103816877895,0.0525928481176253,-0.00563320045889008,-0.0129809063607605,0.00220323240252416
-0.0319608779002895,-0.157074296454375,-0.0685597898186652,0.0511660035291035,-0.00643363481897343,-0.0122279879554834,0.0036263795005416
0.0448356016440119,-0.170600466996454,-0.0664744045011037,0.0502863568798259,-0.00727115751427623,-0.0114834014728655,0.00497329023724974
0.120975845994594,-0.1843715756005,-0.0644862870085859,0.0497951798552444,-0.00812599093762724,-0.010757142702498,0.00620986699074326
0.195857142452592,-0.197995870482257,-0.062645159372996,0.0495983460804032,-0.00896801654933392,-0.0100555228963113,0.0072998227554744
0.268883995683809,-0.210836995343098,-0.0610105556432089,0.049691870993606,-0.0097569587736016,-0.00937995063358664,0.00820615678287034
0.339589626766492,-0.222089959832938,-0.0596384386936006,0.0501717770128228,-0.0104454335305367,-0.00872556959259106,0.00889380574699198
0.407747724747152,-0.230932200381087,-0.0585653509145957,0.0512191328197437,-0.0109850302615755,-0.00808058053687946,0.00933314400647653
0.473429867216351,-0.236716150110939,-0.05779541630757,0.0530562918041291,-0.0113343591471967,-0.00742707709020233,0.00950360580690101
0.536976856639291,-0.239141193625854,-0.0572955930859987,0.0558816864244722,-0.0114667790457118,-0.00674372023443895,0.0093964839335489
0.598886471189599,-0.238339979538426,-0.0570017046224179,0.0598029132618088,-0.0113751669019563,-0.00600973129116878,0.00901609885930437
0.659657684623675,-0.234844780584042,-0.0568332480485579,0.0647926646248947,-0.0110720423900796,-0.00520896963233885,0.00837901284549257
0.719648746941972,-0.229448797734411,-0.0567114442898503,0.0706840509391492,-0.0105851896733895,-0.00433274237411262,0.00751157187437202
0.778994050140815,-0.223016644760517,-0.0565744024676367,0.0772047465823071,-0.00995057833212035,-0.00338056219507266,0.00644652345233081
0.837593592335961,-0.216307793854497,-0.0563854943549574,0.0840336214152412,-0.00920502840388222,-0.00235897613704258,0.0052196057547976
0.895159520269609,-0.209857897079688,-0.0561343157189807,0.0908576638191014,-0.00838059647432871,-0.00127931392526146,0.00386683352010215
0.951290207881628,-0.203932637423957,-0.0558321088289422,0.0974117622951275,-0.00750162422648736,-0.000155426143454458,0.00242286302417391
1.0055441468557,-0.198544537695959,-0.0555044279301372,0.10349376041221,-0.00658443872089663,0.000997778117676047,0.000920480065458384
1.05749609445113,-0.193512604865924,-0.0551834251073219,0.108956075314613,-0.00563917099671338,0.00216468905535947,-0.000608972145917594
1.10676869029229,-0.188545608327222,-0.0549011673948681,0.113680304444382,-0.00467304569946102,0.00332845134673513,-0.00213451487477045
1.15304018976603,-0.183335556856096,-0.054684508421072,0.117543192523273,-0.00369456543007361,0.00447009810466954,-0.003624130484403
1.19603286887985,-0.177652375572271,-0.0545515315852094,0.120383003088649,-0.00271802425849487,0.00556815609966126,-0.00504337944422756
1.23548867831625,-0.171430385289308,-0.0545094625607103,0.121976098563495,-0.00176758272602599,0.00659952556124214,-0.00635442343523565
1.27114050132607,-0.164831705802928,-0.0545540559388515,0.122034105278286,-0.00087973324456732,0.00754217181900868,-0.00751589543865933
1.30268931069953,-0.158264517686436,-0.054670577844201,0.120230333205643,-0.00010261983671756,0.00837953552871481,-0.00848407244692004
1.3297983263725,-0.152332322885464,-0.0548364442369277,0.116257281480242,0.000509175220013761,0.00910561348334333,-0.00921567317061077
1.35211251709681,-0.147702680678695,-0.0550252502412361,0.109904194532306,0.000904592274162406,0.00972872926390504,-0.00967221015393824
1.36930382141649,-0.144914243211629,-0.055211433356015,0.101129157524774,0.00104878305822967,0.010271768125621,-0.00982517948422928
1.3811308745473,-0.144179361631186,-0.0553744268307046,0.0900940447742971,0.000934190469626328,0.0107676897054948,-0.00966072477700991
1.38749236782307,-0.14526086855802,-0.0555011944174551,0.0771414486638201,0.000585070666342073,0.0112512892612323,-0.00918221840476005
1.38845207480741,-0.147481676596362,-0.0555866037419564,0.0627180026713819,5.27860511554002e-05,0.0117502257418499,-0.00840978421932425
1.38422361366771,-0.149867387890391,-0.055631934702121,0.0472729888431313,-0.00059659858306469,0.0122787685699369,-0.00737695085472942
1.37511958721267,-0.151361111237915,-0.05564244303246,0.0311689984400019,-0.00129749923307764,0.0128361377311419,-0.00612569777542319
1.36148372151806,-0.151026141839625,-0.0556249696525001,0.0146302848336322,-0.0019974178463601,0.0134088929850557,-0.00470151928801538
1.34362907326304,-0.148175023008668,-0.0555861787322012,-0.00226470115475828,-0.00266381810555422,0.0139752078083423,-0.00314972764006004
1.32180022135898,-0.142408412526524,-0.0555314865644144,-0.0195546589001685,-0.00328497663107519,0.014508764150766,-0.00151348118797465
1.29616789865631,-0.133583748036543,-0.0554644315414911,-0.0373437215938973,-0.00386633195569375,0.0149809822789396,0.00016657931939576
1.26685623841274,-0.121748296587147,-0.0553862248864057,-0.0557377350775873,-0.00442426977840508,0.0153615067977746,0.00185149888395728
1.23399766395676,-0.107067703221241,-0.0552954257075361,-0.0747759178706468,-0.00497887670230217,0.0156177601772281,0.0035024621710912
1.19780670907538,-0.089769968383569,-0.0551879628847768,-0.0943642282856467,-0.0055467029041268,0.0157148362973161,0.00507901675100965
1.15865847433783,-0.0701136520570506,-0.0550579421996542,-0.114220299539139,-0.0061344465852215,0.0156171106436566,0.00653760540418014
1.11714824431912,-0.0483806624921738,-0.0548996754661826,-0.133847122078188,-0.00673476971343924,0.0152926777630638,0.00783109060880831
1.07409910357932,-0.0248873673292932,-0.0547109793935118,-0.15255910527823,-0.00732584275265352,0.0147208966504075,0.00891008644945386
1.03048446944011,-1.71921958150409e-06,-0.0544969552559397,-0.169580548843738,-0.00787601242254497,0.0139017444513012,0.00972676214242107
0.987256196168279,0.0258499398728854,-0.0542724853347822,-0.184212969005743,-0.00835348757823101,0.0128636762468428,0.0102410046911303
0.945118910416529,0.0522000116874038,-0.0540613802707832,-0.196025702403026,-0.00873825070564483,0.0116655592939399,0.0104274264203171
0.904340995873196,0.078581619010081,-0.0538912963633065,-0.204989216290084,-0.00903116563523125,0.0103896886848512,0.01028049252746
0.864695456024595,0.104579277625858,-0.0537859232273087,-0.211480270752775,-0.0092557615490472,0.00912704178760537,0.00981531144822127
0.825561165096874,0.129864142927291,-0.0537577806609297,-0.216150614612525,-0.0094518237341318,0.00796014149542069,0.00906368880610049
0.786130188663743,0.154198436164145,-0.053804642878968,-0.219722197337529,-0.00966409142056343,0.00694983395941631,0.00806741145335077
0.745625366971525,0.177411293813068,-0.0539104630524882,-0.222797129712049,-0.0099309873126182,0.00612947857516117,0.00687156432342724
0.703453465182129,0.199360556086498,-0.0540494973608054,-0.225741230946033,-0.0102769435503162,0.00550613091950463,0.00551975944915378
0.659269087484668,0.21989580885322,-0.0541913890479047,-0.228651518241595,-0.010709399887744,0.00506591234251046,0.00405169189605741
0.612963549561099,0.238831609668831,-0.0543051964714685,-0.231385310770029,-0.0112197035220517,0.00478049073718742,0.00250251679411889
0.564607280637531,0.255933231082612,-0.0543610607219125,-0.233620776213324,-0.0117864530609823,0.00461257797990563,0.000903346225663887
0.514371254008297,0.27091418900899,-0.0543289341531777,-0.234926830482793,-0.012379978628609,0.00451959326488586,-0.000717651455955976
0.462444086321653,0.283445359337453,-0.054174429307052,-0.234832871592921,-0.0129671501852489,0.00445563055675568,-0.0023338354650304
0.408954405027411,0.293177857695928,-0.0538525098293464,-0.232898820633162,-0.0135161973617178,0.00437249141410954,-0.00391850107849574
0.35390573426437,0.299783867580699,-0.0533005886035744,-0.228790345674369,-0.0140014960662792,0.00422086774642356,-0.00544320755243679
0.297133349517147,0.303019048390414,-0.0524336861548339,-0.222361857052411,-0.0144082303682929,0.0039528497124082,-0.00687615873514267
0.238297239052504,0.302804879926146,-0.0511454212591892,-0.213740550863768,-0.014736465266671,0.00352675667435784,-0.00818090751818145
0.176928470273527,0.299317780097418,-0.0493190418739683,-0.203389613225423,-0.0150035737173072,0.00291467224789609,-0.00931590910502439
0.112541557837891,0.293055289718605,-0.0468511493914026,-0.192113075386898,-0.0152434403115253,0.00211178451849432,-0.010235741240415
0.0448057768296203,0.28483578713393,-0.0436858525507038,-0.180961352396616,-0.0155009491766111,0.00114472732376765,-0.0108948506963174
-0.0262670678317892,0.27569311754843,-0.0398491463784965,-0.171022271545229,-0.0158215730900011,7.44192846369339e-05,-0.011254007253216
-0.100195399498988,0.26666639302379,-0.0354667037382517,-0.163142238186963,-0.0162384616787989,-0.00101080249592296,-0.0112880781076107
-0.17603736250826,0.258549068827037,-0.0307505187346095,-0.157685403447082,-0.0167619199560839,-0.00201220515984891,-0.0109921144389713
-0.252555575738375,0.251704493998301,-0.025954245341135,-0.154446375111649,-0.0173762054756209,-0.00284247454177809,-0.0103827207625443
-0.328471379238644,0.246030477505659,-0.0213150969090986,-0.152757223439499,-0.0180451848000538,-0.00344356513285589,-0.00949393583525389
-0.402698832895028,0.241073810563407,-0.0170070655907866,-0.151724855287547,-0.0187238396412805,-0.00379413187942237,-0.00836975621419405
-0.474477432483527,0.236222936835329,-0.0131209920564542,-0.150483598117499,-0.0193703906366018,-0.00390611733625497,-0.00705662270687543
-0.54338914441367,0.230892199872481,-0.00967122343081196,-0.148374557295071,-0.0199549741199308,-0.0038148849598238,-0.0055981951274502
-0.609295585157523,0.224644480841218,-0.00661821080739772,-0.145024360406228,-0.0204635387584098,-0.00356826913918958,-0.0040329818714472
-0.672243653401715,0.217241371796915,-0.00389496918321058,-0.140341598527247,-0.0208977453777125,-0.00321810000187585,-0.0023942254844516
-0.732374758069433,0.208635577525555,-0.00142926458450963,-0.134463971153245,-0.0212723848641447,-0.00281539188202234,-0.000711150338416179
-0.789853280287846,0.198926506249242,0.000841818404171797,-0.127682901228682,-0.0216115615893264,-0.00240875617163282,0.00098912689097823
-0.84481516898563,0.18829560541999,0.00296493702713653,-0.120359684245731,-0.0219442715119091,-0.00204485533099948,0.00267943269577857
-0.897330405936268,0.176931539710042,0.0049696085313846,-0.112837056173975,-0.0222994816924428,-0.00176949487044111,0.0043303280805395
-0.947372538925671,0.16495193647476,0.00687146540039123,-0.10534622199993,-0.0227006175300798,-0.00162791566269677,0.00590800423902374
-0.994792870378204,0.152330406318094,0.0086779493445588,-0.097913340803845,-0.0231596024444083,-0.00166289348771914,0.00737251495570477
-1.03930447149286,0.138844902967767,0.0103949893907535,-0.0902813150169929,-0.0236713171780301,-0.00190954049289752,0.00867682352032773
-1.08048922086337,0.124072865999775,0.0120330801725417,-0.0818792029966486,-0.0242104080439884,-0.00238662004746008,0.00976751862009579
-1.11784409675594,0.107461035590178,0.0136106275830714,-0.0718819131159813,-0.0247331829001605,-0.00308609259078907,0.0105883229086792
-1.15087330514327,0.0884797270763138,0.0151521493606084,-0.0593878795827457,-0.0251867234467397,-0.00396519647437963,0.0110871160611348
-1.17920739018496,0.0668261217172817,0.0166803275210631,-0.0436877562162617,-0.0255242623276925,-0.00494688871686235,0.0112255760901007
-1.20270205977535,0.0425900377568255,0.0182046911592141,-0.0245225707866182,-0.0257212048151283,-0.00593227872047164,0.0109881875953721
-1.22146583506343,0.0162883642367918,0.0197135759805198,-0.00219951652750154,-0.0257836938187972,-0.00682229896529034,0.0103863140467655
-1.23580146519864,-0.0112605703684229,0.0211756498409299,0.0225008433633867,-0.0257448675438,-0.00753962064446085,0.00945510012153125
-1.24609617851484,-0.0391581123373994,0.0225517142183751,0.0485703946838025,-0.0256511852436606,-0.00804156516610715,0.00824497067302363
-1.25271756017363,-0.0666352376407516,0.0238113863513696,0.0750423138944447,-0.0255462389912606,-0.00832077368613347,0.00681198235111208
-1.25595342382269,-0.0931776547894501,0.0249475630183514,0.101175096529695,-0.0254588144132167,-0.00839703090508937,0.00521060097147634
-1.25600058742551,-0.118553926095299,0.0259840803058361,0.126517267498642,-0.0253978675165366,-0.00830618758254286,0.00349014922637608
-1.2529853881776,-0.142774080213964,0.0269752409560798,0.150876354181259,-0.0253535476551343,-0.00809074806379954,0.00169436379094873
-1.24699398485829,-0.166012094959076,0.0279975212691293,0.174234624993921,-0.0253021201434155,-0.0077940176125244,-0.000137077611416776
-1.23809557523506,-0.188512915373825,0.0291338691753861,0.196646824519266,-0.0252130329337562,-0.00745760950430529,-0.00196601604060569
-1.22634903060895,-0.210490620258804,0.0304509353235032,0.218141454010373,-0.025057232325215,-0.0071210012272158,-0.00375287983798841
-1.21179027387166,-0.232018843823132,0.0319708075737326,0.238638418578482,-0.0248163071723585,-0.00682141513357053,-0.00545381615660177
-1.19440448958514,-0.252921262503216,0.0336422349194915,0.2578946988258,-0.024491707952335,-0.00659231117619371,-0.00701843964855821
-1.17409485723245,-0.272687776732308,0.0353215192266203,0.27549327341747,-0.0241120830829196,-0.00645925512676639,-0.00838910540212432
-1.15066657270484,-0.29046247322403,0.0367774311002721,0.290892241268444,-0.0237351761583782,-0.00643316998709879,-0.00950301903474238
-1.12384622148785,-0.305152879481684,0.0377320512891561,0.30354164571142,-0.0234401418539709,-0.00650313717058309,-0.0102983949555926
-1.09334508005444,-0.315671962809157,0.0379349858835671,0.313047847724023,-0.0233086955071224,-0.00663313499559477,-0.0107244960912689
-1.05895034923678,-0.32124378484204,0.0372451664729114,0.31932699127964,-0.0233999485681253,-0.00676714329204883,-0.0107527251568165
-1.02060558666937,-0.321633442154203,0.0356798971342933,0.322670546514542,-0.0237303332363272,-0.00684306982884002,-0.0103838326390501
-0.978442399125117,-0.317179353876044,0.0334038839587723,0.323678763643554,-0.0242697140986266,-0.00680991252808493,-0.00964738682887399
-0.932752755836088,-0.308618903060137,0.0306664418812243,0.323090586498458,-0.024955583054987,-0.00663989778757789,-0.00859390633893628
-0.883921719461158,-0.296812854828695,0.0277228747475867,0.321593640722887,-0.0257166481271264,-0.00633086483101422,-0.00728391094681341
-0.832351321882105,-0.282498762481571,0.0247752434188883,0.31969348193985,-0.0264940227233426,-0.0059003737382424,-0.00577854054759433
-0.778398437194997,-0.266146976904419,0.0219472462390181,0.31767395270251,-0.0272529454994781,-0.00537657463448872,-0.00413404870312387
-0.722336933169497,-0.247924240153734,0.0192886708818586,0.315634514216556,-0.027984411655783,-0.00479036573087941,-0.00240004190128846
-0.664346338206719,-0.227734877048255,0.016797012042038,0.313570231410058,-0.0286996767268468,-0.00417090837776105,-0.000620247250935378
-0.604526489072125,-0.205308525688508,0.0144449340804553,0.31146198990107,-0.0294209885176019,-0.00354438953144101,0.00116539201813841
-0.542937324008635,-0.18031693444907,0.0122062813311894,0.309354352165571,-0.0301708672499113,-0.00293477863459736,0.00291812529714781
-0.479661915926928,-0.152513773764147,0.0100764378936546,0.307405831652374,-0.0309613489792578,-0.00236498830246107,0.00459788624179611
-0.414886049695361,-0.121891068517059,0.00808398438852248,0.305898510591488,-0.0317845398809197,-0.0018569561194735,0.00616141258782177
-0.348977762569538,-0.0888304210419301,0.00629067094141414,0.305194751030862,-0.0326065430703087,-0.00142961342614521,0.00756163015079863
-0.28253817312197,-0.0542017043324777,0.00477765025088103,0.30563635189399,-0.0333675863537546,-0.00109460357119823,0.00874895517620014
-0.216389614893609,-0.0193440276016675,0.00361955538665195,0.307402746359046,-0.033990747655323,-0.000850956587253076,0.00967487521254128
-0.151480218030999,0.0141195852608698,0.00285428719926196,0.310375821009448,-0.0343989895999781,-0.000681214316099137,0.0102974324862229
-0.0887189922463265,0.0446162793705738,0.00246169712349722,0.314078605747413,-0.0345357900311481,-0.00055171405733224,0.0105872762475072
-0.0287964741972723,0.0709988718223326,0.0023631317378564,0.317736623775044,-0.0343812977993013,-0.00041817197945434,0.0105323732112581
0.0279362014885072,0.0928063600326058,0.00244398653734354,0.320451477770266,-0.0339569345830236,-0.000235021394859017,0.010139793184281
0.0814806877067843,0.110295075519858,0.00258861009725413,0.321413692027759,-0.0333169310185702,3.50019832367615e-05,0.00943410228499477
0.13210057432934,0.124239897686332,0.00271057962996071,0.320063912342288,-0.0325316129688703,0.000414419751433115,0.00845310995270198
0.180175739448008,0.135612272524066,0.00276589359234599,0.316149000906973,-0.0316699947844378,0.000909250000616535,0.00724241432247893
0.226063979933063,0.145275702764544,0.00274746576401753,0.309678167255618,-0.0307874580860438,0.00151128658611233,0.00585022640860169
0.270011488538035,0.153796105635228,0.00266827803065244,0.30082305935683,-0.029920432531571,0.00220246311139991,0.00432351750472837
0.312121259269998,0.161390972064466,0.00254311699779027,0.289810802076751,-0.0290868957331951,0.00295920590023387,0.00270591807254645
0.35236515634609,0.167986398446069,0.00237609122203923,0.276842441402417,-0.0282903270718928,0.00375538070010798,0.00103726182909795
0.39061866479075,0.173332787084714,0.00215677253555049,0.262049207886597,-0.027525054401214,0.0045634309988681,-0.000645639476739864
0.426702554084431,0.177138252154298,0.00186452699990802,0.245485700137781,-0.026781789692726,0.00535416381031813,-0.00230749000011121
0.460424440378772,0.179194880942857,0.00147898546157897,0.227153653281339,-0.0260528660967349,0.00609617706586512,-0.0039127296239208
0.491619509479546,0.179483936868569,0.000993897520783203,0.207048826332356,-0.0253369655091717,0.00675612936747703,-0.00542387698205108
0.520191080358576,0.178247749278414,0.000430890921308641,0.185222419160478,-0.0246429432509995,0.00730093834007401,-0.00680039273187007
0.546148457985008,0.176011210274181,-0.000151398098161117,0.161844539286407,-0.0239918801371443,0.00770249207917502,-0.00799854168650548
0.569633644891414,0.173531959170774,-0.000658111429103802,0.137250795601325,-0.0234160741182802,0.00794446430419543,-0.00897282477428917
0.59092378073706,0.171665774654975,-0.000973082834090394,0.111948494362622,-0.022953863366582,0.00802940788137039,-0.00967945238087082
0.610397859413826,0.17116061911769,-0.000987615482530806,0.0865640494651415,-0.0226404506985348,0.00798302033399057,-0.0100817749217439
0.628467856715955,0.172434788540429,-0.000635341139349762,0.0617339495007248,-0.0224971424589175,0.00785242006511358,-0.0101565355049929
0.645492516804966,0.175426220870599,8.11246455147477e-05,0.0379722573492788,-0.0225233204145995,0.00769733443638203,-0.00989879599502158
0.661705020521312,0.179586874364927,0.00108534602506857,0.0155679552851751,-0.0226951422974556,0.00757666740341492,-0.0093233641494662
0.677182031381883,0.184031133306775,0.00224764425349823,-0.00544427994822618,-0.0229718746934527,0.00753559141936003,-0.00846195642414674
0.691861899615087,0.187771304316899,0.00342147731367626,-0.025233103047625,-0.0233069041140362,0.00759789472776448,-0.00735733109564854
0.705597769165722,0.189941552602159,0.00447933625040553,-0.0440700469975902,-0.0236586981010743,0.00776516202948283,-0.00605676369554681
0.718220526056899,0.189938972069724,0.00533544867971803,-0.0622243294887582,-0.0239981438126794,0.00802101203300505,-0.00460690382925548
0.729589486911022,0.187464347553346,0.00595162523113729,-0.0798867686455842,-0.0243112079126035,0.00833716108125961,-0.00305089024909574
0.739618899013823,0.18248597914698,0.00633011065722911,-0.0971361373642004,-0.0245977973492389,0.00867864672110001,-0.00142757200124275
0.748278277233025,0.175162915852891,0.00650011367384277,-0.113945395636772,-0.0248683356912708,0.00900700041139628,0.000227781267279919
0.755570893933638,0.165756916219909,0.00650372934693863,-0.130218493007188,-0.0251392854742804,0.00928148209998716,0.00188191413214043
0.761497729839297,0.154549153955626,0.00638457469780783,-0.145847951863316,-0.0254283062718417,0.00945930329648532,0.00350165041879886
0.766015904577101,0.141767391469341,0.00618032711979182,-0.160784251427867,-0.0257493918427555,0.00949612912065122,0.00505195388499089
0.769002818923575,0.12752554208906,0.00591909348873663,-0.175106301934287,-0.0261083525758058,0.00934819439642804,0.0064943416731557
0.770240230403222,0.111779976953857,0.00561902898080582,-0.189076678313483,-0.0264993706648789,0.00897707655762684,0.00778611891764538
0.769434069469783,0.0943128790684264,0.00529047231194839,-0.203158008008382,-0.0269038294095972,0.00835734776387349,0.00888106827449224
0.766281141184098,0.0747570886232033,0.00493970273730997,-0.217964978655605,-0.0272927460029328,0.00748581103180252,0.00973225702512956
0.760577810769706,0.0526719277530513,0.00457313782604226,-0.234140200438126,-0.0276333318533288,0.00638910366583944,0.0102972045140691
0.752339609745339,0.0276608927388187,0.00420062465579846,-0.252176795987218,-0.027898246444211,0.00512529988011919,0.010544590258994
0.741879068934019,-0.000503452049263844,0.00383685312957861,-0.27225225328717,-0.0280738748504706,0.00377641726759476,0.0104603685507338
0.729794442000507,-0.0317945997940263,0.00350090653538887,-0.294152648702414,-0.0281633573787463,0.00243283048999611,0.0100506733049268
0.716861095028715,-0.0659170857340708,0.00321491762859645,-0.317328796452693,-0.0281823881005047,0.00117515372026319,0.00934009839070899
0.703864937892114,-0.102352539555717,0.00300286361625099,-0.341056167856039,-0.0281497354323398,6.05424953712044e-05,0.00836620737780675
0.691437414536949,-0.140428847655709,0.0028896136778787,-0.3646217451106,-0.0280771055730911,-0.000882520104649757,0.00717272602214103
0.679935521114336,-0.179375798305655,0.0028992713442621,-0.387464832365708,-0.027962711014808,-0.00165145948080619,0.00580378910321684
0.669380759003831,-0.218354655347873,0.00305153851562455,-0.409238634126113,-0.0277905745174318,-0.00226235791036035,0.00430042860548428
0.659452404646192,-0.256473238479165,0.00335549454262482,-0.429799086402551,-0.0275350341115003,-0.00274205617987346,0.0026993538396787
0.649528302922144,-0.292806820064475,0.00380142321435929,-0.449146757180156,-0.0271682553767082,-0.00312215336232679,0.00103354092170452
0.63877103546988,-0.326437473496102,0.00435254285686788,-0.467347671754574,-0.0266680429535338,-0.00343582637924739,-0.000665918484436135
0.626258297844761,-0.356509095599278,0.00493929304020547,-0.484449584206838,-0.0260237287020378,-0.00371712945842482,-0.00236719714491242
0.611149934394241,-0.382283432740233,0.00545913090002127,-0.50040081578049,-0.0252390934540576,-0.00400162892399442,-0.00403483189542802
0.592872457502813,-0.403181733364674,0.0057847159381912,-0.514975741536934,-0.0243326211476894,-0.00432675548339713,-0.00562712499734508
0.571288245981913,-0.418807072799501,0.00578276022683689,-0.527717611420403,-0.0233362056904489,-0.00473007876547056,-0.00709456820611459
0.546803264517219,-0.428956155761057,0.00534377409767674,-0.537923646058272,-0.0222932442362761,-0.00524405289659961,-0.0083801614249997
0.520359429564744,-0.4336352483961,0.00441813333868574,-0.544708549155844,-0.0212559544754017,-0.00588708941097927,-0.00942255844857717
0.493269731287277,-0.433084879635139,0.00304655958459249,-0.547171703330844,-0.0202806206391788,-0.0066532824965935,-0.0101626239094868
0.466903521239266,-0.427795269581213,0.0013676318173701,-0.544645708272388,-0.0194196641010442,-0.00750581838636251,-0.0105527832780299
0.442311767080155,-0.418477676821646,-0.000410725643851287,-0.536935124601139,-0.0187116771481454,-0.00837963144637963,-0.0105665928914117
0.419946114689553,-0.405968994223472,-0.00207115705536181,-0.524421015377795,-0.0181734699496416,-0.00919509722702424,-0.0102046126309747
0.399600854393588,-0.391088114018321,-0.00345275608400401,-0.507961332142456,-0.0177986733604133,-0.0098779891945943,-0.00949372053281393
0.380588655293461,-0.374499143945773,-0.00449192277721835,-0.488633413989257,-0.0175641087803655,-0.0103768714843887,-0.00848031601096623
0.362039611986872,-0.356634332419501,-0.00522293953993521,-0.467447169258137,-0.0174406186198632,-0.0106712001026379,-0.00722079662860789
0.343180244470468,-0.337693218608832,-0.00574582902425978,-0.44514535090103,-0.0174032126867382,-0.0107693639304509,-0.00577305812834296
0.323503770555303,-0.317697626537409,-0.00618153849932255,-0.422133471913713,-0.0174370161708031,-0.0107005819694386,-0.00419104560626988
0.302818993099954,-0.29656804239751,-0.00663273285121696,-0.398515541737659,-0.0175383601793315,-0.0105055212386695,-0.00252248085126155
0.281211056702298,-0.274193877074144,-0.00715974598203173,-0.374186875702397,-0.0177122392198276,-0.0102288247858324,-0.00080892549708409
0.258955890329662,-0.250484706707483,-0.00777330650004682,-0.348943085751343,-0.0179677666185563,-0.00991453916852554,0.000912769573441698
0.236418150426843,-0.225401490747173,-0.00844160479808069,-0.322583003369289,-0.0183128178200095,-0.00960389490737161,0.00260833525728236
0.213947275016912,-0.198972505091404,-0.00910843447910645,-0.294997621325571,-0.0187485230172141,-0.00933420029528772,0.00424374299556343
0.191777566637343,-0.171299068999232,-0.00971945531071911,-0.266241960281653,-0.0192640983705462,-0.00913752211602018,0.00578301692260817
0.169939144935598,-0.142553295191721,-0.0102531197539357,-0.236583042945544,-0.0198328005373282,-0.00903814400913042,0.00718662247869197
0.148195693553539,-0.112966552406927,-0.0107503654787964,-0.206509369201294,-0.0204103827844635,-0.00904848362017653,0.00841103164038571
0.126036026898602,-0.0828058118163886,-0.0113332733085287,-0.176682964466515,-0.0209378427705374,-0.00916424169638757,0.0094102164038534
0.102747998650224,-0.0523379864749239,-0.0122004153710389,-0.147823745365194,-0.0213497243664651,-0.00936083713297283,0.0101396485751207
0.0775821055006823,-0.0217898450155844,-0.013590489939299,-0.120543091687814,-0.0215871792362578,-0.00959390691109727,0.0105625681248669
0.0499672792302769,0.0086816403099818,-0.0157191273995889,-0.0951797236248146,-0.0216119349411719,-0.00980576626925053,0.0106569172508299
0.0196977118763006,0.0389943899839152,-0.018711352347087,-0.07170882812846,-0.0214153905027787,-0.00993695941130638,0.0104202819480417
-0.0129928014414264,0.0691193379168679,-0.0225603652422813,-0.0497699817258496,-0.0210185477957184,-0.00993892893466606,0.00987057645153193
-0.0474992535102698,0.0990440209673163,-0.0271318559266287,-0.0288000858139007,-0.0204630502699941,-0.00978288497264885,0.00904217475851344
-0.0830148467432882,0.128740086985347,-0.0322089218290291,-0.00820766448495799,-0.019797951284371,-0.00946210867678911,0.0079793455747765
-0.118721921687332,0.158147741525257,-0.0375541216868892,0.0124819419152363,-0.0190677685333248,-0.00898830720102509,0.00672959824956401
-0.153939948657269,0.18718028442533,-0.0429639379969519,0.0335503763503941,-0.0183052163532796,-0.00838486213134335,0.00533867297480064
-0.188205984275819,0.215745225087517,-0.0483017980419736,0.0550820769007164,-0.0175289733139779,-0.00767989209879608,0.00384750191653947
-0.221291132102085,0.243771652743039,-0.0535074157882155,0.0770094234749843,-0.0167450916814326,-0.00690100430023887,0.00229079686225412
-0.253163495511709,0.271226745021453,-0.058586568933848,0.0991721909415299,-0.0159504415694037,-0.00607264600575379,0.000697255447825544
-0.28391576140527,0.298111341295849,-0.0635884801264281,0.121364385955447,-0.0151369542515858,-0.00521604436659206,-0.000908630540209788
-0.313685236270849,0.324441479406211,-0.0685785244689458,0.143365039144979,-0.0142958324605563,-0.00435074917255332,-0.00250398327948677
-0.34258474974227,0.350225492155718,-0.0736109180552491,0.164961782827371,-0.0134214073934327,-0.00349650147292281,-0.00406512588053577
-0.370646432318301,0.375436964169337,-0.0787029547089364,0.185971920441045,-0.012514719837427,-0.00267449328416975,-0.00556568830140895
-0.397777117064808,0.399982057236553,-0.0838126997783532,0.20626122650034,-0.0115868085823138,-0.00190736792270398,-0.00697526361504501
-0.423729906025922,0.423665281582272,-0.0888245284885509,0.225759326793592,-0.01066124257863,-0.00121745886245347,-0.00825877520713289
-0.448102380373673,0.44616475538212,-0.0935491070889057,0.244469146580358,-0.00977490593481055,-0.000623096560548307,-0.0093769208903445
-0.470373625374513,0.467032361420513,-0.0977441542994161,0.262466079556178,-0.00897573888382927,-0.000133511694924563,-0.0102881272725648
-0.489986202031263,0.485731784921982,-0.101157552115144,0.279881727596899,-0.00831646065090732,0.000256170724362952,-0.0109522262708494
-0.506463655592936,0.501715064352069,-0.103584928195622,0.296869385729647,-0.00784457276722194,0.000567600643267312,-0.011335478237557
-0.519533498678329,0.514518928340253,-0.104923679388113,0.313555103996573,-0.00759092745620684,0.000837483149078828,-0.0114157876491208
-0.5292121771074,0.523847085294184,-0.105201984139393,0.329987231718939,-0.0075607526264169,0.00111095718392567,-0.0111864750651015
-0.535815605358461,0.529606390199381,-0.104569805884251,0.346102969179456,-0.00773084430518094,0.00143186918485397,-0.0106572685855708
-0.539887674883328,0.531884834773036,-0.103255737936688,0.361726471698091,-0.0080542546566481,0.00183337757962412,-0.0098522378786293
-0.542073796789895,0.530884372077437,-0.101508039607466,0.376599633999783,-0.00847054043136056,0.00233212831935157,-0.0088055860782851
-0.542985819000585,0.526835850802035,-0.0995416452374764,0.390432143015524,-0.00891758045080598,0.00292737941351155,-0.00755682859489588
-0.543099611561645,0.519921862320091,-0.0975055780412013,0.402951274182345,-0.00934117515958349,0.00360423408203953,-0.00614671017813897
-0.542705552583543,0.510222594674244,-0.0954740613497161,0.413936582827729,-0.0097004523790504,0.00433884268719005,-0.00461456987591846
-0.541910391897347,0.497688862204762,-0.0934563679416952,0.423234723415802,-0.00996908821308167,0.00510341908617183,-0.00299722736635645
-0.540676561304486,0.482140241277107,-0.0914174120683276,0.430758219134241,-0.0101335297837797,0.00586973511496515,-0.00132909370889681
-0.538882885598207,0.463285035832871,-0.0893019670181941,0.436475812928503,-0.0101896479014399,0.00661075002325566,0.000356897789131982
-0.536394229263609,0.440760661225934,-0.0870577603352909,0.440401615406375,-0.0101389308726795,0.0073007861222598,0.002027917017175
-0.533131529161922,0.414195329204376,-0.0846547276915956,0.442587663696368,-0.00998488595204247,0.0079150723283787,0.00364975115308014
-0.529134446324651,0.383291811314181,-0.0820986329141967,0.443121367895341,-0.00973000756950201,0.00842959622478691,0.00518553913886236
-0.52460581100655,0.347928852291451,-0.0794372434974109,0.442126459631142,-0.00937358781113988,0.00882208646759343,0.00659510614170967
-0.51992255320375,0.308264131803265,-0.076757090468072,0.439763852298814,-0.00891073992434139,0.00907457974292843,0.00783533374784507
-0.515597438321867,0.264807078387867,-0.0741696552220152,0.436227732604258,-0.00833313056907517,0.00917737727176635,0.00886197856247344
-0.512186315232697,0.218419498880137,-0.0717884598589247,0.431732898217979,-0.00763183567111719,0.00913334444417519,0.00963312808971033
-0.510158835818213,0.170211336823378,-0.0697026617107486,0.426492334705971,-0.00680221755459581,0.00896078470995154,0.010113979069068
-0.509777299117054,0.121337299621924,-0.0679562157280226,0.420688854710332,-0.00584976331294151,0.00869306924492576,0.0102819409973644
-0.511038035617063,0.0727560254393444,-0.0665413143356122,0.414449301386542,-0.0047948648021932,0.00837421106902903,0.0101305623277608
-0.513706605811462,0.0250507583340124,-0.0654091648880055,0.407831168709033,-0.00367430804427858,0.00805134299627005,0.00967088628097625
-0.517430292573188,-0.0216065278947467,-0.0644928150527731,0.400827339527796,-0.00253822289944867,0.00776655868996351,0.00892969223663412
-0.521870886689567,-0.0673350739307087,-0.0637311481230446,0.393386523602544,-0.00144302196667731,0.00755077241501835,0.00794524922017369
-0.526796037062757,-0.112333472975805,-0.063084043459004,0.385439977533256,-0.000442407207883128,0.007421048851188,0.00676201936837285
-0.532097921167832,-0.15667412264617,-0.0625347321730793,0.376923768550497,0.000420959822084118,0.00738116693013263,0.00542581615458612
-0.537748407778909,-0.200180705031399,-0.062081954713428,0.36779038817333,0.00112108215311202,0.00742407438198326,0.00398039531347129
-0.543725105123608,-0.242414508876892,-0.0617279455046699,0.358010199994694,0.00165059861575647,0.00753475560667038,0.0024657656365034
-0.549944916979529,-0.282749924437079,-0.0614679924605363,0.347567901889723,0.00201920171003894,0.00769256949680425,0.000917988090261579
-0.556228630025867,-0.320497907089277,-0.0612850289201125,0.336460079370837,0.0022492738723238,0.00787280395494883,-0.000630013198099687
-0.562303513221061,-0.355037081266821,-0.0611502828662057,0.324697687740957,0.00236978035773554,0.00804771330899267,-0.00214713516161098
-0.56783860103921,-0.385924057776693,-0.0610293347707489,0.312313738149238,0.00240947301360207,0.00818757240265295,-0.00360270639429321
-0.572500934376875,-0.412966867203508,-0.0608919712373778,0.299373208542971,0.00239042414233276,0.00826233309484309,-0.00496536388934049
-0.576018611181697,-0.436253194472996,-0.0607235241140221,0.285980155270558,0.00232294670143999,0.00824433356704586,-0.00620247977115243
-0.578235661154266,-0.456128892789323,-0.0605346615409941,0.27227650423762,0.00220303753779465,0.00811216841862006,-0.00728040404284534
-0.579143779802122,-0.473125938906841,-0.0603660320687141,0.258428266631206,0.00201340367146673,0.00785525895590067,-0.00816575777542552
-0.578878392410623,-0.487846909353983,-0.0602844580342893,0.244598233871263,0.00172859509427623,0.00747796237670478,-0.00882786976981075
-0.577674035837151,-0.500826587656423,-0.0603693699007038,0.230909476883471,0.001323580591121,0.00700153899257749,-0.00924211673719086
-0.5757873877477,-0.512405686231234,-0.0606919697795428,0.217409792083178,0.000783516902276658,0.00646244046510712,-0.00939344901313098
-0.573411006454046,-0.522656369601071,-0.0612937082636301,0.204050386043629,0.000111330279218671,0.00590649722645366,-0.00927901569766588
-0.57060794586973,-0.531385339951622,-0.0621723065816855,0.190689151156143,-0.00066992406933195,0.00538033178177775,-0.00890889004323919
-0.567290003337282,-0.53821063951238,-0.0632808996047738,0.177119661046707,-0.00152090756380156,0.00492268607507413,-0.00830454722969509
-0.563243292490964,-0.542679474196802,-0.0645400963776345,0.163116271819768,-0.00239437049847061,0.00455836530684951,-0.00749562675655041
-0.558185759272373,-0.544383528748172,-0.0658574869564431,0.148480013895458,-0.00324474766246356,0.00429616072277616,-0.00651607551627062
-0.551832788425131,-0.543038920158032,-0.0671473346644999,0.133072150192695,-0.00403587737739974,0.00413037450534295,-0.00540073752718357
-0.543950768083348,-0.538519208028706,-0.0683449642932132,0.116829627051809,-0.0047452160821039,0.00404445706373226,-0.00418300277311548
-0.534388391164377,-0.530848075796366,-0.0694136317932964,0.0997640569127568,-0.00536451720737044,0.00401512301267285,-0.00289361770065148
-0.523084704618981,-0.520166795404991,-0.0703443868070047,0.0819499677315188,-0.00589789974892758,0.00401582380412194,-0.00156043761438404
-0.510058134092909,-0.506691509752598,-0.0711507835592654,0.0635084647673591,-0.00635845059288421,0.0040191314183809,-0.000208797860487787
-0.49538210919828,-0.490671058277447,-0.071860483418322,0.0445906287435286,-0.00676427465779232,0.00399811209312334,0.00113778885315219
-0.479152269898158,-0.472351272932454,-0.072505434032241,0.0253626152181605,-0.00713455795908702,0.00392705398435996,0.00245682787634974
-0.46144931233983,-0.451948267723662,-0.0731119218935133,0.00599264406716986,-0.00748594616959879,0.00378199886356162,0.00372608320927431
-0.442301414153417,-0.429631598701121,-0.0736916374818091,-0.0133606862907532,-0.00782943554798222,0.00354148446268,0.00492297362178321
-0.421651128677441,-0.405517788083987,-0.0742349807319792,-0.0325591476535155,-0.00816800382671118,0.00318777878817766,0.00602422058411054
-0.39933314453755,-0.379674698482811,-0.0747080069987109,-0.0514944026164,-0.0084953065936033,0.00270869768968373,0.00700585711362614
-0.375070258324173,-0.352136711974726,-0.0750543925287219,-0.0700953286676869,-0.00879583495460529,0.00209984086485401,0.00784372798855227
-0.348493869612383,-0.322929101462369,-0.0752032537673688,-0.0883318272374761,-0.00904686164900378,0.00136677514963816,0.008514593990395
-0.319190975374444,-0.292097527524698,-0.0750823425959139,-0.10621390501932,-0.00922219489822947,0.00052642134059802,0.00899783995585038
-0.286771776311528,-0.259736118433829,-0.0746341872062469,-0.123785438338787,-0.00929720381144293,-0.000393170533827946,0.00927756807866956
-0.250942763606317,-0.226006520294715,-0.0738309171451413,-0.141113117529748,-0.00925395944506079,-0.00135517425266027,0.00934461276435777
-0.211564306619391,-0.191142010357968,-0.0726830078766023,-0.158272285144397,-0.00908501173508497,-0.00231831447019125,0.00919789201574606
-0.168674125969734,-0.155435397942342,-0.0712388228135301,-0.175332213666331,-0.00879461000090813,-0.0032422413677945,0.00884463994376033
-0.122469204851792,-0.119215164860839,-0.0695751451396324,-0.192343453112485,-0.00839704714687661,-0.00409258286267547,0.00829942886219006
-0.0732533488890553,-0.0828181988202294,-0.0677821632170041,-0.209329239246653,-0.00791283271146686,-0.0048444615629465,0.00758230338826635
-0.0213680723304906,-0.0465676478666633,-0.0659478721672241,-0.226281920533536,-0.0073640415435075,-0.00548391005440823,0.00671659119567447
0.0328735644911956,-0.0107613179782472,-0.064146106871305,-0.243164327492141,-0.00677019854909264,-0.0060073615647828,0.00572693358497841
0.0892357467812665,0.0243282452419836,-0.0624303173815247,-0.259915239472066,-0.00614560197863197,-0.00641987598607034,0.0046378726158637
0.14758463407311,0.0584442940243296,-0.0608330530509526,-0.27645770891769,-0.0054984017705298,-0.00673287012492222,0.00347309017936059
0.207888534853788,0.0913311410479563,-0.0593697663183985,-0.292708960462442,-0.0048313010455159,-0.00696195634824317,0.00225522352835025
0.270196154911505,0.122718727841245,-0.0580450932794871,-0.308590767417809,-0.00414352057466115,-0.0071252212012312,0.00100610439189076
0.334596191908669,0.15231095888915,-0.0568598983345319,-0.324039424328325,-0.00343360394492427,-0.00724201660875342,-0.000252745075190061
0.401161314976845,0.179782078714129,-0.0558177000027192,-0.33901447257977,-0.00270264343345582,-0.00733214418393179,-0.00149951655942649
0.469880114518958,0.204785157107436,-0.0549293787048144,-0.353505074273283,-0.00195748729117955,-0.00741519828670091,-0.0027115695910465
0.54058310984711,0.226975989864454,-0.0542152503520619,-0.367532442858395,-0.00121341091004768,-0.00750979511248443,-0.00386508578427028
0.612873565880386,0.246053516931977,-0.0537037823837137,-0.381146373639059,-0.000495626076713988,-0.00763245943874228,-0.00493507329107354
0.68607935998798,0.261813409978192,-0.0534266361088957,-0.394414246585438,0.000161036250651377,-0.00779607893494077,-0.005895848577958
0.759245257427937,0.274204974532168,-0.0534105137726254,-0.407402421982072,0.000714759691150312,-0.00800806305273839,-0.00672205477264235
0.831181434736949,0.283375063587338,-0.0536674325676848,-0.420152687680505,0.00112168772387929,-0.00826860715645035,-0.00739015437537764
0.900571195040659,0.289680367005704,-0.0541861471309787,-0.432659333794216,0.00134241165114054,-0.00856964994979378,-0.00788018320816961
0.966120798347862,0.293655214809044,-0.0549278176109795,-0.444853746055982,0.00134848798431571,-0.00889508883053603,-0.00817743308406265
1.02671568755191,0.295936227431013,-0.0558281051615478,-0.456601719199742,0.00112717839962822,-0.00922251975796434,-0.00827371221114191
1.08154095175878,0.297162132847463,-0.0568057475186304,-0.467714341737959,0.000683050957150686,-0.00952628403309021,-0.00816794020321531
1.13013509453335,0.297877674836279,-0.0577752243031159,-0.477968561233516,3.61358319266357e-05,-0.0097811539787908,-0.00786602037051477
1.17237017109014,0.298468425779586,-0.0586596063074442,-0.487131009431762,-0.000782531707341563,-0.00996579016707162,-0.0073801051601727
1.20837580485507,0.299139906218488,-0.0593998497557722,-0.494979304593266,-0.001736481565242,-0.0100652302472126,-0.00672746643399511
1.238438271833,0.299937591769359,-0.0599584381401066,-0.501317701364916,-0.00278901227340853,-0.0100720296439593,-0.00592919722948866
1.2629052350454,0.300792513793053,-0.0603174588798948,-0.505986672407666,-0.00390705700474123,-0.00998608792871405,-0.00500893960685061
1.28211607099922,0.301573940755694,-0.0604729315209125,-0.508867555805855,-0.00506337063187453,-0.0098135038975115,-0.00399178349245638
1.29636440015362,0.302134479853774,-0.0604279448543376,-0.509883723656244,-0.00623716831041842,-0.00956493176049749,-0.0029034249300527
1.30588911325473,0.302339775800546,-0.0601869504972431,-0.508999372585077,-0.00741357744109493,-0.00925387020412627,-0.00176961271017494
1.31088498864636,0.302081270596843,-0.0597527773261921,-0.506216529879605,-0.00858230956939868,-0.00889516927089632,-0.000615857041154549
1.31152315417671,0.301274607345634,-0.0591269800293692,-0.501570462692553,-0.00973591127619161,-0.00850386413322919,0.000532668939055024
1.30797323755423,0.299848242020335,-0.0583132637696602,-0.495123437784948,-0.0108678877728468,-0.00809430001331737,0.00165113060492377
1.30042136896344,0.297727428793796,-0.0573230118289196,-0.486956725718808,-0.0119709476995644,-0.0076794307106444,0.00271504373933887
1.28908034528526,0.294818686277058,-0.0561813824054387,-0.477160914227957,-0.0130355993498206,-0.00727016233424139,0.00370040385404752
1.2741900817066,0.290999448418158,-0.0549320665319372,-0.465825023493504,-0.0140493212127425,-0.00687466605284332,0.00458402662822066
1.25600821769144,0.286116745194308,-0.0536387392686339,-0.453025560915035,-0.0149965019543029,-0.00649767970268661,0.00534416202176883
1.23479266630377,0.279997119485876,-0.0523816849387647,-0.438817332007297,-0.015859261284191,-0.00613992641768239,0.0059613891613558
1.21077991855378,0.272467379020632,-0.0512491624000232,-0.423228198881401,-0.0166191036237692,-0.00579785562008131,0.00641971911521011
1.18416448251793,0.263382527157379,-0.0503246743775578,-0.406259659919559,-0.0172591405034077,-0.00546391249763579,0.00670774301363627
1.1550851206455,0.252654308194522,-0.0496729289112968,-0.387893914939767,-0.0177664150368383,-0.00512744238198967,0.00681959588949408
1.12362197996625,0.240272605791807,-0.0493282021677985,-0.368106225886209,-0.0181337710025622,-0.00477615765175021,0.00675550026144597
1.08980554692734,0.226313402141923,-0.0492884439066775,-0.346879609909314,-0.0183608008816641,-0.00439790732050642,0.00652172830920692
1.05363478363987,0.210930900567468,-0.049516795190795,-0.324218075164927,-0.0184536689972156,-0.00398238112518801,0.00612996012756717
1.01509932738145,0.19433619425001,-0.0499498846732972,-0.30015518696473,-0.0184239343084553,-0.00352240409212075,0.005596165544162
0.974200194856778,0.176768507108855,-0.0505103337592467,-0.274756454660372,-0.0182867553989156,-0.00301461955884249,0.00493923909005354
0.930964882467731,0.158466216493966,-0.0511200705973105,-0.248116030770705,-0.0180589570118026,-0.00245954747037606,0.0041796393939667
0.885455119846939,0.139643602735043,-0.0517114399797381,-0.220349672560166,-0.017757370638844,-0.00186115916901089,0.00333823324369231
0.837767711663452,0.120476618175536,-0.0522342642699115,-0.191586424267455,-0.0173976977468649,-0.0012261817103729,0.00243545590262868
0.788030219530775,0.101098226323771,-0.0526583412814377,-0.161961132009076,-0.016993966380743,-0.000563332399698681,0.00149081088416742
0.736393584105025,0.0816018932123852,-0.0529718996782503,-0.131609080090539,-0.0165585169085981,0.000117382141518481,0.000522667652216896
0.683023436407405,0.0620508443247364,-0.0531771023335019,-0.100663124612374,-0.0161023781896513,0.000805250293335488,-0.000451719330219076
0.628091261633591,0.042490585910583,-0.0532838558056105,-0.0692529994264114,-0.0156358727129478,0.00148934093494112,-0.00141605676624579
0.571766005265156,0.0229623618595033,-0.0533031129942338,-0.037506016582887,-0.0151692937535852,0.00215894334585191,-0.00235480157521057
0.514206891746569,0.00351592814498614,-0.0532406866639338,-0.00554852926922226,-0.0147135236834268,0.00280402273761592,-0.00325294988347399
0.45555857488834,-0.01577961929636,-0.0530924150716982,0.0264922193090609,-0.0142804843814057,0.00341572599784178,-0.00409585991402302
0.395950068363957,-0.0348278434926983,-0.0528413413976079,0.0584859537660807,-0.0138833314006501,0.00398694097147104,-0.00486913441754287
0.335498167145643,-0.0535007648581959,-0.05245738014591,0.0902972996470067,-0.0135363138201665,0.00451288287013083,-0.00555860172404826
0.274314557123061,-0.0716396673691759,-0.0518997137789828,0.121784737240839,-0.0132542376775653,0.00499165106567939,-0.00615045115796537
0.212514662327335,-0.0890619605295453,-0.0511218436863762,0.152801703790423,-0.0130515171141317,0.00542466001853003,-0.00663156846313148
0.150226164199105,-0.105574245785895,-0.0500787715483166,0.183200410632502,-0.0129408846751087,0.00581681206507488,-0.00699007242333027
0.0875956433867117,-0.120990270843902,-0.0487352478446691,0.212837973428462,-0.012931942678986,0.0061762780166718,-0.00721599413171813
0.0247923523793052,-0.135150917397364,-0.0470735493495094,0.241583595129715,-0.0130298321222529,0.00651380582631665,-0.00730198935164746
-0.0379914118974062,-0.147942324575728,-0.0450990670714289,0.269325098655182,-0.0132343300647412,0.00684158256248176,-0.00724394913134891
-0.100543367873127,-0.159308187169787,-0.0428422864738024,0.295973176184027,-0.0135396301962753,0.00717179797328338,-0.00704138417636314
-0.162637174105867,-0.169253388267149,-0.0403565336248168,0.321462261829891,-0.0139349163209938,0.00751515188795519,-0.00669750504166009
-0.224040075152457,-0.177838176726549,-0.0377119220126368,0.345747776073137,-0.0144056472108352,0.0078795721034642,-0.00621899048802133
-0.284520805940711,-0.185164419198991,-0.0349868890774209,0.368800378205883,-0.014935301547166,0.00826935296584576,-0.0056155069886785
-0.343856277122611,-0.191357179096707,-0.0322592128138974,0.390598501946569,-0.0155072390644933,0.00868479909600996,-0.00489909107676443
-0.401836214103187,-0.196545698777572,-0.0295983097022436,0.411120804713127,-0.0161063552719011,0.00912234765776106,-0.00408351592784223
-0.458265345000112,-0.20084737690853,-0.0270600490932851,0.430340022091349,-0.0167202875016435,0.00957502066561848,-0.00318374600457119
-0.512963547755355,-0.204357260802416,-0.0246845412681317,0.448219430304541,-0.0173400663173569,0.0100330370862198,-0.00221554211586531
-0.565764719332136,-0.207144191821801,-0.0224966525066564,0.464712660475833,-0.0179602154607711,0.0104844275917251,-0.00119523826152248
-0.616515263719703,-0.209253539630714,-0.0205085324541395,0.479767162975987,-0.0185783790939281,0.0109155552725244,-0.00013967768337883
-0.665072951256126,-0.210715606479147,-0.0187232462214586,0.49333120729933,-0.0191945887431895,0.011311520957601,0.000933727029180896
-0.711306578641193,-0.211558255646298,-0.0171386292386618,0.505363896139239,-0.0198102878253758,0.0116565026613439,0.00200685872443199
-0.755096452512176,-0.21182197813252,-0.0157506378866241,0.515847206650248,-0.0204272270103844,0.011934131189493,0.00306074389476285
-0.796335311918603,-0.21157530104012,-0.014555677886717,0.524798495780936,-0.0210463435564981,0.012128028876154,0.00407545192738701
-0.834928969909997,-0.210928073420586,-0.0135516144107928,0.532281241511704,-0.0216667480617423,0.0122226281724341,0.00503012238109312
-0.870795774930192,-0.210039793853713,-0.0127373947043275,0.538411192349345,-0.0222849574891174,0.0122043343584863,0.00590320324062118
-0.903864076271863,-0.209119997917946,-0.0121114524966211,0.543354885298356,-0.0228945173479769,0.0120629990300706,0.00667297696291893
-0.934067341038218,-0.208418175740287,-0.0116693092439528,0.547318110448267,-0.0234861251941771,0.0117935375475892,0.00731842056998494
-0.961337474910098,-0.208202100990008,-0.0114010011126959,0.550523721236203,-0.0240482832291524,0.0113973858050437,0.00782038089572692
-0.985598139954412,-0.208725885653671,-0.0112890647984098,0.553181175746054,-0.0245683732927948,0.0108834057065977,0.00816294882674153
-1.00676106476198,-0.210192007879803,-0.0113077269264867,0.555453568143105,-0.0250339052784464,0.0102678792025226,0.00833481261585333
-1.02472887418609,-0.212713893398561,-0.0114236392843568,0.557430177796794,-0.0254336171507502,0.00957341152013235,0.00833030804321545
-1.03940716742563,-0.216286221191253,-0.0115980785849143,0.559112189156371,-0.0257581738129937,0.00882685622822112,0.00814991076917166
-1.05072615099261,-0.220768629890675,-0.0117901669068135,0.560415735042285,-0.026000426963251,0.00805666060984995,0.00780004653624507
-1.05866850738736,-0.225885784230337,-0.011960519372045,0.561191044870803,-0.0261554546223488,0.00729017200972386,0.00729228322070071
-1.06329655309712,-0.231244211768781,-0.0120747889238455,0.561251696704188,-0.0262207240882539,0.00655137895368268,0.00664213151307539
-1.06476979964503,-0.236364545702836,-0.0121067082478388,0.560405899061617,-0.0261965923268607,0.00585934179066678,0.00586774746914046
-1.06334529776557,-0.240726084881736,-0.0120402890741987,0.55848282570623,-0.0260870201090089,0.00522733320219216,0.00498878586727836
-1.05935798737151,-0.243817950381077,-0.0118708543768356,0.555350048097937,-0.0259000577239892,0.00466257351746991,0.00402554113956967
-1.05318507169542,-0.245188115164657,-0.0116047053103008,0.550921209251463,-0.025647618085975,0.00416642745863999,0.00299839685261069
-1.04520389826051,-0.24448042903851,-0.0112575443911004,0.545155042858825,-0.0253443586569207,0.0037349637302194,0.00192753053409462
-1.03575401519437,-0.241452342279207,-0.0108521509355468,0.538047541483517,-0.0250059498125604,0.00335979783017277,0.000832796779291767
-1.02511062786336,-0.23597176604573,-0.0104159746892599,0.529619104478922,-0.0246473057740637,0.00302912742649703,-0.00026628053490547
-1.01347110591357,-0.227997570921624,-0.00997914288331868,0.519898470453789,-0.0242813272702707,0.00272886085386475,-0.00135046098333802
-1.00095176017249,-0.217551848765821,-0.00957297070604897,0.508905431153316,-0.0239184258732501,0.0024437617235324,-0.00240073160701454
-0.987590592163988,-0.204692390770364,-0.00922866846721643,0.496634682614192,-0.0235667695641702,0.00215858037988293,-0.00339828997729199
-0.973352799033151,-0.189491813397901,-0.00897575087538349,0.483043507580204,-0.0232329668911939,0.00185918404048216,-0.00432461893838652
-0.958138040186289,-0.172026851853548,-0.00883974389528955,0.468046078152575,-0.0229228385011829,0.00153370115119917,-0.00516170629297386
-0.941790406443557,-0.152378499318799,-0.00883910820915416,0.451516769108364,-0.0226419749503201,0.00117365110895238,-0.00589245193614558
-0.924112820691588,-0.130641217438139,-0.00898174480714335,0.433303732996874,-0.0223958950573451,0.000774952072245123,-0.006501276934997
-0.904886991787621,-0.106937442295237,-0.00926186775418978,0.413252005247883,-0.0221897605930506,0.000338621639929971,-0.0069749016839484
-0.883898291979121,-0.0814322644670502,-0.00965825114268937,0.391232838852448,-0.022027744822921,-0.000129047311844806,-0.00730319976730932
-0.860962707225485,-0.0543429054976367,-0.0101347365327051,0.367173560383637,-0.0219122673754941,-0.000617002928046394,-0.00747997858963356
-0.835951278743869,-0.0259388406171714,-0.0106433845025035,0.341081061473012,-0.0218433631782897,-0.00111067015321201,-0.00750351370803353
-0.808807105636643,0.00346895313455568,-0.0111299021168282,0.313052953064689,-0.0218184227101078,-0.00159374343540945,-0.00737669300912661
-0.779551462486059,0.0335478470777636,-0.0115402720382269,0.283273486957539,-0.0218324268379046,-0.00205021049492718,-0.00710671008112721
-0.748278125205201,0.0639681326546503,-0.0118271236513644,0.251995405668349,-0.0218786443752253,-0.0024662159916307,-0.00670435570068679
-0.715138183490807,0.0944268170168612,-0.0119545439745469,0.219512587728724,-0.0219496208501337,-0.00283143971768481,-0.00618304985701884
-0.680319363114077,0.124666005234268,-0.0119005430622601,0.186129984929431,-0.0220382252038044,-0.00313981966276384,-0.00555779889904813
-0.644024471841166,0.154483302625309,-0.0116570929424035,0.152136903247175,-0.0221385373155981,-0.00338962999382016,-0.00484424675443569
-0.606452724094487,0.183734010431817,-0.0112282321357911,0.117787636937986,-0.0222464365748918,-0.00358305810487209,-0.00405793354054251
-0.567786186048772,0.212326647803072,-0.0106270304422215,0.0832909668933392,-0.0223598452622019,-0.00372548318323791,-0.00321380839409304
-0.528182070169301,0.240214158101077,-0.00987223178301161,0.0488079775602658,-0.0224786561317612,-0.00382464776975689,-0.0023259889400641
-0.487770520297314,0.267383141068543,-0.00898522571597831,0.0144564504407803,-0.0226044158804982,-0.00388986107353416,-0.00140772736349278
-0.446656980937128,0.293842918676169,-0.00798775352070221,-0.0196802727932781,-0.0227398472006324,-0.00393130755596866,-0.000471531083935157
-0.404928133780629,0.319615536719209,-0.0069005187089507,-0.0535418739860233,-0.022888283121673,-0.00395947654985518,0.00047061263358077
-0.36266050677117,0.344727179833559,-0.00574268781886809,-0.0870785884197774,-0.0230530710715721,-0.00398468749364759,0.00140695231033465
-0.319931004698298,0.369201070093574,-0.0045321428653123,-0.120238802075379,-0.0232369904059684,-0.00401666228859592,0.002325667064929
-0.276828635922955,0.393051750411388,-0.00328627013477964,-0.152957637755808,-0.0234417217118662,-0.00406408987278993,0.00321457881494818
-0.233466467190448,0.416280746032321,-0.00202301900044295,-0.185147501017632,-0.0236674114842832,-0.0041341377645722,0.00406092404591024
-0.189992660858176,0.438873646919363,-0.000761944299615598,-0.216691615535494,-0.0239123860038794,-0.00423188926786712,0.00485123252985919
-0.146598896721523,0.460798970625998,0.000475072795179431,-0.247441797146034,-0.0241730813554452,-0.00435972574848295,0.00557136388438173
-0.103524359998869,0.482009177451376,0.00166370036348786,-0.277221570520227,-0.0244442547305036,-0.00451672341830093,0.0062067481694563
-0.0610535379799711,0.502444179422767,0.00277782757768794,-0.305835302889271,-0.0247195174243891,-0.00469818577077917,0.00674285945910875
-0.0195067593313689,0.522037373723874,0.00379108352982604,-0.333083083333957,-0.0249921720781742,-0.00489546717956069,0.00716591693694232
0.0207762293085142,0.540723685073484,0.00467904095270922,-0.358779718794976,-0.0252562507067255,-0.00509623834978168,0.00746375789269911
0.0594575161739641,0.558448437049563,0.00542171396235299,-0.382774788180511,-0.0255075583712484,-0.00528528339575619,0.00762677150941798
0.0962232298985388,0.575175333208505,0.00600580090698456,-0.40496976862284,-0.0257444677028039,-0.00544580354381901,0.00764874136899482
0.130801966420545,0.590891689576826,0.00642612653476342,-0.425328392886186,-0.0259682189369948,-0.00556106420819582,0.00752744002996343
0.162975360490928,0.605609469845123,0.00668593975074718,-0.443877826466551,-0.0261825721102608,-0.00561611239573832,0.0072648618516453
0.192578910667022,0.619361533506038,0.006796068496549,-0.460700587327022,-0.0263928080045876,-0.00559925912716935,0.00686706046894608
0.219494189382749,0.632193489846307,0.00677328617197921,-0.47591951213086,-0.0266042286124925,-0.00550308437379442,0.00634364599247159
0.243636344030844,0.644152286101435,0.0066384573798112,-0.489679599311456,-0.026820413340683,-0.00532485415325164,0.00570706106979842
0.264942393065505,0.655272949027992,0.00641502276429905,-0.502130752764998,-0.0270415215228299,-0.00506638661703554,0.00497177499934197
0.283365844064778,0.665564829425702,0.0061281692530535,-0.513414432596086,-0.0272629115393017,-0.00473351328926888,0.00415351337459324
0.298881711312429,0.674998562858092,0.00580470258671039,-0.52365553938895,-0.0274743092955048,-0.00433532525511679,0.00326859572647824
0.311503410752662,0.68349506735464,0.00547330760562997,-0.532959161279032,-0.0276597319588134,-0.0038833743595508,0.00233340780416035
0.321309593676248,0.69091835910738,0.00516465126968476,-0.541410595949175,-0.0277983514434576,-0.003390938775238,0.00136400492719705
0.328475183646088,0.697074532560699,0.00491073319030117,-0.549076592500191,-0.0278664235696849,-0.00287238935002987,0.000375834673170985
0.333297572267426,0.701719320543994,0.00474306457795256,-0.556006098898108,-0.027840255871847,-0.00234263321027361,-0.000616422413602103
0.336207583626924,0.704575531162084,0.00468964221982644,-0.562229793269287,-0.0276999158395257,-0.00181658085964162,-0.00159887810398171
0.337757036588267,0.705359103014275,0.00477116174783912,-0.567758920682737,-0.0274330534617099,-0.00130858714028686,-0.00255830460264422
0.338580994654404,0.703809246332076,0.00499727279667481,-0.572584857389094,-0.0270379827424929,-0.000831845452501379,-0.00348184087768754
0.33934123037345,0.699715777264606,0.00536371591042286,-0.576680847780689,-0.0265252086486124,-0.000397748357659344,-0.00435658044315916
0.340664114519711,0.69293691843166,0.00585086496517178,-0.580006405699451,-0.0259169525242338,-1.52472004930967e-05,-0.0051691455441421
0.343087395854838,0.683403854157632,0.00642373878258235,-0.582513452418263,-0.0252447768489384,0.000309754173560016,-0.00590539849446676
0.347025523955388,0.671112788530381,0.00703326062616443,-0.584152225791594,-0.0245458769564923,0.000574934480048826,-0.00655044374270866
0.352755307832816,0.656108957983341,0.0076186051882494,-0.584874954068193,-0.0238588003167928,0.000781959257248482,-0.00708902554894455
0.360417240333383,0.638468483956667,0.00811074831456616,-0.584636243602261,-0.0232192771748793,0.000936650578787345,-0.00750633786568041
0.370025556849832,0.618283033531325,0.0084374886132982,-0.583390552497571,-0.0226566545049489,0.00104878131342579,-0.00778915788687591
0.381481843627974,0.595649965647015,0.00852996531202127,-0.581088338000466,-0.0221912696416394,0.00113136732088247,-0.00792711809004482
0.394590463408217,0.57066818300139,0.00833006022371578,-0.577672991882188,-0.0218330157093192,0.00119942483827151,-0.0079138700333426
0.409076681070368,0.543438140615131,0.00779736294413837,-0.573080358290507,-0.0215812671016732,0.00126831701050072,-0.00774789205779319
0.424608804765557,0.514063734320034,0.00691404263068501,-0.567241626718494,-0.0214261692862795,0.00135196894768621,-0.00743276467288197
0.440824164103952,0.482654027772091,0.00568628905343829,-0.560089121683743,-0.0213510521657725,0.00146130571426055,-0.00697686609183342
0.457356642023921,0.449323606574861,0.00414188212656366,-0.551563481015109,-0.0213354894323782,0.00160321765441156,-0.00639258163490052
0.473862148773394,0.414191301704292,0.00232452781329461,-0.541620313966471,-0.021358410150002,0.001780202659001,-0.00569522211816953
0.490038537565675,0.377377728061365,0.000286398565705774,-0.530234743463106,-0.0214007262968568,0.001990646894539,-0.00490187649592265
0.505637771768994,0.339002386672516,-0.00191942460964049,-0.51740303406074,-0.0214471345654472,0.00222956140279714,-0.00403038685179066
0.520469910026522,0.299181041898063,-0.00424516642549018,-0.50314140709278,-0.0214869905550972,0.00248953374872174,-0.00309855938259735
0.534399957460824,0.258023872939754,-0.00665233295798132,-0.487482822874855,-0.0215143514294088,0.00276167752434556,-0.00212364795219579
0.547339472787184,0.215634666658493,-0.00911314173730664,-0.470472821670499,-0.0215273953326381,0.00303643509940936,-0.00112208966178145
0.559235027891729,0.172111151495712,-0.0116095638641814,-0.452165489252724,-0.0215274545008772,0.00330417329914628,-0.000109440948720633
0.570055403212196,0.127546483861944,-0.014130425812544,-0.432620371003972,-0.0215178724653045,0.00355558187806506,0.000899546990804473
0.579779021417382,0.0820318574919225,-0.0166671643715769,-0.41190082970662,-0.0215028468896625,0.00378192976337136,0.00189077209088853
0.588382760079056,0.0356601651373685,-0.0192088919309094,-0.390074013512475,-0.0214863726949521,0.00397525369239456,0.00285059626355929
0.595833030265528,-0.0114694445154857,-0.0217374664110567,-0.367212307037127,-0.0214713671579567,0.00412855241365382,0.00376567628172135
0.602079861826849,-0.0592464310976165,-0.0242232964314118,-0.343395880117733,-0.0214590408450027,0.00423604195104149,0.00462285131220123
0.607054631501144,-0.107543696317791,-0.026622635262912,-0.318715716830063,-0.021448569292934,0.00429349743371996,0.0054091244862313
0.610671903116734,-0.156213201748776,-0.028877078120803,-0.293276310665594,-0.0214371098172992,0.00429866819264035,0.00611177108845448
0.61283551707767,-0.205083408230216,-0.0309158068608551,-0.267197093831168,-0.0214201844280216,0.00425170971161804,0.00671859559944899
0.613448473372428,-0.253959572872759,-0.0326607592226154,-0.240611712220725,-0.0213924061349967,0.00415554186221301,0.00721834020163663
0.61242546021408,-0.30262779659193,-0.0340343454818328,-0.213664534194461,-0.0213484616537897,0.00401601233763708,0.00760121762277197
0.609705983283643,-0.35086293997911,-0.0349686471766651,-0.186504347387561,-0.0212841934024257,0.00384176752878811,0.00785950506524996
0.605265619267597,-0.398439735463644,-0.0354144601397261,-0.159275950803795,-0.0211975715533939,0.00364376828495731,0.0079881041724852
0.599122924966635,-0.445145421059429,-0.0353482935661779,-0.13211108673821,-0.0210893408513141,0.0034344705077128,0.00798495845743892
0.591340312585321,-0.490791592575898,-0.0347757203530124,-0.105120578683243,-0.0209631833385459,0.00322677628357423,0.00785123550274179
0.582018554939612,-0.535222956302925,-0.0337302763973862,-0.0783894212576202,-0.020825347709886,0.00303292536042409,0.00759122710153433
0.571286091897458,-0.57832134692971,-0.0322681867537233,-0.0519758907364511,-0.0206838239752185,0.00286351240683886,0.00721198310299942
0.559285446159168,-0.620004529567657,-0.0304601742723353,-0.0259147444442725,-0.0205472434309078,0.00272677654792546,0.00672275219243266
0.54615946176243,-0.660220509906418,-0.0283821522823884,-0.000223624422760608,-0.0204237262318799,0.00262823324526854,0.00613433572150324
0.532039720089886,-0.698938933381814,-0.0261065945840371,0.0250888098649109,-0.0203198771165188,0.00257063494587415,0.00545846148447463
0.517038628110141,-0.736141465462417,-0.0236959232408363,0.0500146051838386,-0.0202400643455016,0.00255418354768705,0.00470725921888543
0.501245690777369,-0.771812855191584,-0.0211986001228501,0.0745393973999857,-0.0201860385024666,0.00257688820664239,0.00389288270966612
0.484727680777579,-0.805933892779645,-0.0186479902082387,0.0986372816653351,-0.0201568821462277,0.00263496482747594,0.00302728848489578
0.467531945380836,-0.838476904706559,-0.0160636270558594,0.122268027431359,-0.0201492409309844,0.00272319815960165,0.00212215634711722
0.449691928076316,-0.869403947467309,-0.0134542863997768,0.145376650867563,-0.0201577717356182,0.00283522150949412,0.00118892402987273
0.431234029416776,-0.898667532195849,-0.0108222184507038,0.167895170724284,-0.020175746173413,0.00296370343256566,0.000238904425215809
0.412185076936529,-0.926213536391389,-0.00816793106005595,0.189746314547681,-0.0201957592812514,0.00310046100248608,-0.000716545184336246
0.392579732115514,-0.951985815435293,-0.0054949734385069,0.210848916461006,-0.0202105024334211,0.00323653808069609,-0.00166582934024985
0.372467372779264,-0.975932094331803,-0.00281424325922463,0.231124777017012,-0.0202135682643099,0.00336231202583576,-0.00259692435970087
0.351917758964332,-0.998010468238639,-0.000147327667638192,0.250506593739782,-0.0202002446333718,0.00346768735385372,-0.00349721930634864
0.331024843418547,-1.01819583202767,0.0024715896738389,0.268946413783019,-0.0201682433878786,0.00354244088386161,-0.00435342090044844
0.309907940629201,-1.03648533282353,0.00499571258328656,0.286423731934319,-0.0201182857529602,0.00357676298738603,-0.00515155951206607
0.288709478456673,-1.05290178173978,0.00736786846523649,0.302952009160406,-0.0200544447303656,0.00356200634092797,-0.00587713645544343
0.267588766131414,-1.06749391005923,0.00952512608397974,0.318582114472967,-0.0199841363450766,0.00349159900594098,-0.00651544895458019
0.246711692774293,-1.08033252589321,0.0114055652127668,0.333401213944109,-0.0199176663878203,0.00336202655043866,-0.00705211447503963
0.226237175488685,-1.09150223984907,0.0129563446556266,0.347525982548371,-0.0198673078963128,0.0031736790577413,-0.00747378066285314
0.206302064560416,-1.10108925278939,0.0141418331828954,0.361090123982007,-0.0198459651674712,0.00293139112281657,-0.00776896680088669
0.187007247900058,-1.10916693313429,0.014950057285481,0.374227421634021,-0.0198656173935402,0.0026444454595077,-0.00792892680590535
0.168407991745501,-1.11578182014298,0.0153958813342324,0.38705303560365,-0.0199358246419525,0.00232593952851799,-0.00794839277710333
0.150511081437871,-1.12094306898762,0.0155199004331144,0.399646612801553,-0.0200626150978973,0.00199154502119613,-0.00782605768279523
0.133279926079627,-1.12461780337178,0.0153830495417752,0.412040670764284,-0.0202480063393635,0.00165785151878768,-0.00756470096855342
0.116646894662639,-1.12673346430866,0.015058036945956,0.424216526405473,-0.0204902599535529,0.00134059840780573,-0.00717093922977641
0.100530432922706,-1.12718650485409,0.014619484312006,0.436108167683085,-0.0207847806075965,0.00105311934975112,-0.00665466784126342
0.0848535846699549,-1.12585531324434,0.0141348224668142,0.447612600702464,-0.0211254175609141,0.000805246722290998,-0.00602831804857265
0.0695606482494704,-1.12261451968655,0.0136575527895114,0.458603971928683,-0.0215058583899307,0.000602787112372932,-0.00530607053151382
0.0546296289928417,-1.11734795573793,0.0132236848828854,0.468948436977304,-0.0219208292688925,0.000447539243130292,-0.00450314389578828
0.0400794230479486,-1.1099582564236,0.0128513328857036,0.478517202325182,-0.0223669042915618,0.000337727615608138,-0.0036352320008341
0.0259718093251125,-1.10037205072277,0.0125428468814004,0.487196054607029,-0.0228428344496545,0.000268686167573537,-0.00271811688030688
0.0124090446800663,-1.0885405609228,0.012288568887866,0.494890652102644,-0.0233493996652788,0.000233638426462407,-0.00176744713827664
-0.000471909136415203,-1.07443606782909,0.0120712965583202,0.501527646633607,-0.0238888483767855,0.000224462887399797,-0.000798649210997431
-0.0125076477059593,-1.05804508999188,0.0118707059007596,0.50705224545572,-0.024464019939231,0.000232382890337617,0.000173071373334215
-0.0235185523229105,-1.03935935319543,0.0116672167707906,0.511423136321415,-0.0250772570166153,0.000248563475152508,0.00113268412076918
-0.0333208402927846,-1.0183657935674,0.0114450032657013,0.514605858704856,-0.0257292218913002,0.00026462545165548,0.00206528722643211
-0.0417405351236351,-0.995037012322311,0.0111940180096008,0.516565782841435,-0.0264177422367272,0.000273097061043518,0.00295610208395044
-0.0486294351554897,-0.969323784468162,0.0109110106582898,0.517261893937328,-0.0271368312236979,0.00026781783187263,0.00379054572931034
-0.0538827975999171,-0.941151338950502,0.010599592498032,0.51664256038929,-0.0278760476794047,0.000244291872199129,0.00455441112048199
-0.0574577417744733,-0.910421022998079,0.0102694526009413,0.514644333584356,-0.0286203693165826,0.000199965469422558,0.00523417264804559
-0.0593904173574,-0.877018460769761,0.0099348836700985,0.511194500282634,-0.0293507251283643,0.000134385088752137,0.00581741441290457
-0.0598090467782879,-0.840828297768318,0.00961283271886668,0.506217527484515,-0.0300452536831224,4.91860292581371e-05,0.00629335178694785
-0.0589394519369971,-0.801754145114144,0.0093207444627318,0.499644730371202,-0.0306812188257032,-5.21238568036595e-05,0.00665338683272873
-0.0571000663230221,-0.759740722095862,0.00907449495185893,0.491425616067428,-0.0312373462924349,-0.000164586472652648,0.00689161401573147
-0.0546849718265826,-0.714793996526534,0.00888669953860796,0.481538690495151,-0.0316961954966834,-0.000282377269141765,0.00700518506717593
-0.0521359968041384,-0.666994927957042,0.00876561285583133,0.469999363225788,-0.0320461141102837,-0.000399466158523973,0.00699445836150212
-0.0499076488768109,-0.616503532977023,0.008714727414775,0.456863106560906,-0.0322823835142077,-0.000510254096530546,0.00686289748246594
-0.0484306155859376,-0.563552186987525,0.00873304806483428,0.442223116559316,-0.0324073457489372,-0.000610096709117016,0.00661673424418884
-0.0480799302992492,-0.508429622795581,0.0088159065949501,0.426203031208581,-0.0324295472005028,-0.000695662118051306,0.00626445633707222
-0.0491525107007733,-0.451459087820256,0.00895611267908183,0.408946342078244,-0.0323621531618181,-0.000765112409916596,0.00581620503783893
-0.051856227012854,-0.392974959456875,0.00914522495584146,0.390604670803627,-0.0322210094081116,-0.000818131318561673,0.00528316953049561
-0.0563099502063956,-0.333301711588389,0.00937476010569718,0.371326999180439,-0.032022729112492,-0.000855837465655983,0.00467704654946008
-0.0625520514519835,-0.272737868709603,0.0096372164285122,0.351251397363114,-0.0317830923998321,-0.000880624762782067,0.00400960747308213
-0.0705539772574404,-0.211546066854873,0.0099268483098924,0.330500051982087,-0.0315159138751802,-0.000895965431304505,0.0032923891645166
-0.080235704665876,-0.149949053947737,0.010240173209508,0.309177695602925,-0.0312324097079123,-0.000906202007965181,0.00253650532354045
-0.0914806868365147,-0.0881306518687524,0.010576217860968,0.287373024394381,-0.0309410090265495,-0.000916345490778663,0.001752563263198
-0.104148894292124,-0.0262403816467734,0.0109365178865623,0.265162400773001,-0.0306475108600806,-0.000931888193208315,0.000950665616429836
-0.11808743166943,0.0355995094386756,0.0113248818342091,0.242615035249896,-0.0303554791941682,-0.000958631963165351,0.000140475244039604
-0.133138821299996,0.0972856550609474,0.0117469244043936,0.219798857822728,-0.030066780928482,-0.0010025254069509,-0.000668677583428964
-0.149147378001726,0.15872458043309,0.0122093711050495,0.196786356766566,-0.0297821916973884,-0.00106949822705864,-0.0014676653611961
-0.165964205900034,0.219823675465039,0.0127191430519033,0.1736597336113,-0.0295020136238527,-0.00116527756190848,-0.00224742965233624
-0.183451297482816,0.280482583940985,0.0132822496730012,0.150514777933096,-0.0292266623584358,-0.00129517119650437,-0.00299886218219904
-0.201485069319193,0.3405854661505,0.0139025498904275,0.127462911729622,-0.0289571869410241,-0.00146380653292314,-0.00371271987477844
-0.219959475565196,0.399994679003556,0.0145804866491587,0.104630919458654,-0.0286956864108666,-0.00167482289611476,-0.00437959341862606
-0.238788635729856,0.458546528984111,0.0153119481906195,0.082158009002929,-0.0284455848804472,-0.00193052818970238,-0.00498994821861117
-0.25790873058046,0.516049811815855,0.0160874491853594,0.0601900819366824,-0.0282117265154131,-0.00223154811853051,-0.00553425324957791
-0.277278794167377,0.572287769479477,0.0168918378424989,0.0388714508292084,-0.028000258654481,-0.0025765144564154,-0.00600320590564084
-0.296879996997307,0.627023798437496,0.0177047028096041,0.0183347074673637,-0.0278182895190453,-0.00296185340219426,-0.00638804861392243
-0.316713104940884,0.680010713942751,0.0185015644585231,-0.00131005890640496,-0.0276733381382615,-0.00338173964365323,-0.00668095643718223
-0.336794028059909,0.731002679510287,0.019255793055154,-0.019985105381384,-0.0275726344385541,-0.00382827033914566,-0.00687545699888008
-0.357147620204563,0.779768234528719,0.0199410348640965,-0.0376522112229613,-0.0275223704748482,-0.00429188340405476,-0.00696682952951981
-0.377800459745671,0.8261023633931,0.020533769006403,-0.054315759317221,-0.0275270241885006,-0.00476199866795374,-0.00695242531203014
-0.398773275606998,0.869835577709464,0.021015571020124,-0.0700208735721651,-0.0275888868258108,-0.00522781344454384,-0.00683185903380239
-0.42007410739511,0.910838450075903,0.0213746780245718,-0.0848467574308224,-0.0277078844642737,-0.00567914444869545,-0.00660704240738761
-0.441693048111752,0.949020936385098,0.0216066030691329,-0.0988962757445221,-0.0278817281289919,-0.00610719581524133,-0.00628205988594742
-0.463599164968204,0.984326998258586,0.0217137608393673,-0.112283585707957,-0.0281063582452358,-0.00650515015945733,-0.00586291580785885
-0.485739789624193,1.01672564773813,0.0217042561078242,-0.125121751131811,-0.0283765868753504,-0.00686851776186081,-0.0053572000611335
-0.508041939234747,1.04620036535616,0.0215901584124187,-0.137512233011548,-0.0286868121785754,-0.00719523260904094,-0.00477372856871676
-0.530415352040911,1.07273867360059,0.0213856270981452,-0.149537514449993,-0.0290316749078138,-0.00748552585443294,-0.00412220752405788
-0.552756431954531,1.09632342807093,0.0211052273324264,-0.161257469558412,-0.0294065517856534,-0.00774163638657669,-0.00341295665887666
-0.574952379684116,1.11692689465796,0.020762685300931,-0.172709436231099,-0.0298078185275923,-0.00796742596532539,-0.00265670963257073
-0.596884883932371,1.13450818479747,0.0203702132602177,-0.183911462658374,-0.0302328557274314,-0.00816795761259476,-0.00186449402048857
-0.618432913435952,1.14901421582687,0.0199384206436057,-0.194867897832609,-0.0306798057023983,-0.00834907715586554,-0.00104758151644337
-0.639474347390468,1.16038408053743,0.01947673315504,-0.20557636040828,-0.0311471149287961,-0.00851701614269042,-0.00021749107296961
-0.659886379599573,1.16855651934354,0.01899417329333,-0.216035091565359,-0.0316329161919761,-0.00867801543449965,0.000613977212131544
-0.67954481718461,1.17348002759579,0.0185003114417466,-0.226249721129365,-0.0321343202997814,-0.00883795639491153,0.00143470286948102
-0.698322563747536,1.17512493151605,0.0180061732782551,-0.23623852057222,-0.0326467020834364,-0.00900198286878345,0.0022322282268672
-0.716087726632725,1.17349648245044,0.0175248862883285,-0.246035285489826,-0.0331630800409723,-0.00917410309074909,0.00299379309592769
-0.732701906775809,1.1686476494638,0.0170718699222727,-0.25568912302139,-0.0336737003077684,-0.00935677605114814,0.00370644946241791
-0.748019291766599,1.16068990053615,0.0166644284672068,-0.265260678602759,-0.0341659366749595,-0.00955050965935538,0.00435728008063839
-0.761887140119694,1.14979999331581,0.0163206998491935,-0.274814777609189,-0.0346245996391552,-0.00975352354429058,0.00493373418436047
-0.774148080443206,1.13622084099493,0.016058045009744,-0.284410088309959,-0.0350327007271535,-0.009961549649516,0.00542407547145209
-0.784644341932041,1.12025505737753,0.01589111161896,-0.294087149222883,-0.0353726423047097,-0.0101678490328966,0.00581791321311953
-0.793223621387676,1.10225087976448,0.015829933391191,-0.303856755240735,-0.0356277088058144,-0.0103635049349785,0.00610676139583843
-0.799745874625229,1.08258166442031,0.0158784821438722,-0.313691005813883,-0.0357836474593077,-0.0105380080303168,0.00628455105404377
-0.804090029856799,1.06162165581955,0.0160340346157733,-0.323519068144698,-0.0358300769175289,-0.0106800879933792,0.0063480159655434
-0.806159571125004,1.03972173431337,0.0162875461558242,-0.333228851974806,-0.0357614758651065,-0.0107786842892453,0.00629688683025256
-0.80588616562633,1.01718893837552,0.0166249828408738,-0.342674527341544,-0.035577584775481,-0.0108239101913858,0.0061338621039303
-0.803230938653897,0.994272651946916,0.0170293314847113,-0.351688532919393,-0.0352831798750096,-0.0108078626313944,0.00586436555033497
-0.798183486736052,0.971158748574179,0.0174828625215971,-0.360095836329808,-0.0348873084644332,-0.0107251674456303,0.00549613833318667
-0.790759109785989,0.947971242781748,0.0179692063228818,-0.367727971359595,-0.0344021690852011,-0.0105732110598166,0.00503873626128373
-0.780994943136934,0.924779651583288,0.0184749086096768,-0.37443478096311,-0.0338418564949178,-0.0103520743612981,0.00450300637055057
-0.768945672646722,0.901609617463411,0.0189903037028327,-0.380092610325265,-0.0332211717746897,-0.0100642336428499,0.00390060431238412
-0.75467937879228,0.878454391607003,0.0195097216958605,-0.384608607917453,-0.0325546413882246,-0.00971411746681875,0.00324359231524062
-0.738273859894196,0.855285310306838,0.020031178315355,-0.387921543859235,-0.0318558202075636,-0.00930760766800635,0.00254413453493029
-0.719813597322978,0.832060136083376,0.0205557626641338,-0.390000009288449,-0.0311368919759035,-0.0088515547936382,0.00181428781247071
-0.699387383270722,0.808728844586613,0.0210869415653159,-0.39083900821148,-0.0304085365216279,-0.00835335242822183,0.00106587346340145
-0.677086542939534,0.785236986341726,0.0216299576219801,-0.390455865059675,-0.0296800078362552,-0.0078205890233681,0.000310409484275909
-0.65300363967251,0.761527101324143,0.0221914327346504,-0.388886145664706,-0.0289593573047136,-0.00726077513237239,-0.000440919047512444
-0.627231540117201,0.737538836764074,0.0227792176422149,-0.386180016504324,-0.0282537366709303,-0.00668113062949792,-0.00117727235163063
-0.599862725074709,0.713208460144008,0.0234024632029589,-0.382399211321825,-0.0275697210992239,-0.0060884108561342,-0.00188816934864696
-0.570988752600084,0.688468413359673,0.0240718375847604,-0.377614573237328,-0.0269136009527405,-0.00548875177891107,-0.00256351695257239
-0.540699808949171,0.663247449665708,0.0247997790472536,-0.371904011045429,-0.0262916003721028,-0.00488752063638961,-0.00319366635185564
-0.509084317505632,0.637471747187099,0.0256006588822164,-0.365350653542276,-0.0257099914121014,-0.00428916829190222,-0.00376950317852964
-0.476228612598382,0.611067208049773,0.0264907349936811,-0.358040999478082,-0.0251750850173967,-0.00369709041331153,-0.00428257365886688
-0.442216718491183,0.583962937539036,0.0274878042052922,-0.350062930027224,-0.0246930950015099,-0.00311351426543998,-0.00472524338234474
-0.407130295960596,0.556095668747338,0.0286105090875897,-0.341503555654821,-0.0242698881540635,-0.00253943394651628,-0.00509087948080582
-0.371048821351889,0.527414683233408,0.0298773176181541,-0.332446984036495,-0.0239106511114443,-0.00197461739684934,-0.00537404144246594
-0.33405004019511,0.497886616339566,0.031305261603427,-0.322972191447925,-0.0236195199050522,-0.0014177025534011,-0.0055706615067408
-0.296210690514282,0.467499467976629,0.0329085791363222,-0.31315123115791,-0.0233992276772105,-0.000866388245767028,-0.00567819371482489
-0.257607430167883,0.436265195124802,0.0346974430997546,-0.303048003850816,-0.0232508268356357,-0.000317710137592872,-0.00569571208835125
-0.218317845666318,0.404220444643458,0.0366769606186249,-0.292717748060622,-0.0231735324411396,0.00023162320883492,-0.00562394330686684
-0.178421386274233,0.371425265023453,0.0388465933981799,-0.282207300487569,-0.0231647149587637,0.000784870340050411,-0.00546522703906894
-0.138000070450458,0.337959956072319,0.0412000816212704,-0.271556055123302,-0.0232200463121626,0.00134491351033653,-0.00522340635207097
-0.0971388524621088,0.30392050531032,0.0437258689990747,-0.260797445392382,-0.0233337787693468,0.00191396867094623,-0.00490365954305255
-0.0559256027690353,0.269413256683397,0.0464079431593232,-0.249960705855481,-0.0234991168741388,0.00249337502711832,-0.00451229155713578
-0.014450725426173,0.234549525167952,0.0492269425600483,-0.239072647014066,-0.023708632119534,0.00308347576699494,-0.00405650668794283
0.0271935114338329,0.199440809119982,0.0521613510824506,-0.228159193615203,-0.0239546694404329,0.00368358676246753,-0.00354418416001558
0.0689138317140039,0.164195091332133,0.0551886076729477,-0.21724648152645,-0.0242297024272412,0.00429203831369193,-0.00298367495621575
0.11061689955049,0.128914506149147,0.0582859953336415,-0.206361366850627,-0.0245266073042219,0.00490626841288428,-0.00238363291981714
0.152210291450916,0.0936944318757412,0.0614312299042235,-0.195531263010611,-0.0248388406172397,0.00552294500159393,-0.00175288696525945
0.193603457382203,0.0586238808875518,0.0646027312584313,-0.184783281607092,-0.0251605193237212,0.00613809841044981,-0.00110035524298588
0.23470866311005,0.0237869222329679,0.0677796164538918,-0.174142710285128,-0.0254864128817,0.00674725192263658,-0.000434997016614734
0.275441917948392,-0.0107352141714631,0.0709414984016297,-0.16363091860234,-0.025811864550065,0.00734554626674384,0.000234205875317868
0.315723885177757,-0.0448617446242297,0.0740682010829013,-0.153262844747054,-0.0261326638960847,0.00792786109938994,0.000898248815496527
0.355480748782199,-0.0785100528336373,0.0771395124067539,-0.14304428410018,-0.02644489530362,0.00848894185984352,0.00154809804989412
0.394644974258322,-0.111593913499029,0.0801350889036586,-0.132969273644746,-0.0267447888068657,0.0090235428410192,0.0021746917160484
0.43315586172529,-0.144022569614227,0.0830346034566894,-0.123017936075704,-0.0270286000959037,0.00952659638901756,0.00276896201508119
0.470959757325389,-0.175700950368939,0.0858181891464013,-0.113155198394024,-0.0272925456549256,0.00999341363963513,0.00332189160793171
0.508009775791213,-0.206531214172588,0.0884671807836578,-0.103330808812101,-0.0275328156954306,0.0104199143758884,0.00382461534854712
0.544264906201455,-0.236415652465588,0.0909650949326443,-0.0934810157305286,-0.0277456805429551,0.0108028733274795,0.00426857470236355
0.57968843331934,-0.265260793603553,0.0932987269668351,-0.0835321202677383,-0.0279276944145611,0.0111401591979171,0.00464572620080111
0.614245710867277,-0.29298231891695,0.0954591921730248,-0.0734058616188973,-0.0280759841463445,0.0114309334152446,0.00494879704686457
0.647901459610905,-0.319510183128212,0.0974427122304142,-0.0630262635793894,-0.0281885912506487,0.0116757710921923,0.00517157126696985
0.680616905315331,-0.344793175591255,0.0992509625082954,-0.0523272190287702,-0.0282648176268195,0.0118766697264754,0.00530918031672309
0.712347179592548,-0.368802129029647,0.100890856292558,-0.0412598073469976,-0.0283055137022738,0.0120369231462689,0.00535836530950836
0.743039439228033,-0.391531122108711,0.102373743083711,-0.0297982267999094,-0.0283132479194815,0.0121608580009964,0.00531767667969683
0.772632089593965,-0.412996330446319,0.103714118338771,-0.0179433507075689,-0.0282923109950196,0.0122534537333109,0.00518758279282641
0.801055327622327,-0.433232600145994,0.104928049838118,-0.00572328806120666,-0.0282485356053877,0.0123198884443751,0.0049704714863553
0.828232987828058,-0.452288246722163,0.106031589767316,0.00680913016194132,-0.028188945887563,0.0123650663782258,0.00467054518181681
0.854085441247894,-0.470218905905671,0.107039442315432,0.019581445873222,-0.0281212825007854,0.012393184232519,0.00429362685457864
0.878533123337396,-0.487081398725533,0.10796409476581,0.0325083035140726,-0.0280534697441716,0.01240738332554,0.00384690650290922
0.901500191840678,-0.50292850032545,0.108815515323714,0.0454986401568989,-0.027993096826656,0.0124095166348388,0.00333866304426737
0.922917841670992,-0.517805261145912,0.109601403008475,0.0584621884338389,-0.027946976295733,0.0124000396066242,0.00277799439474133
0.942726903855691,-0.531747201908988,0.110327872182141,0.0713143808011579,-0.0279208233493114,0.0123780167730361,0.00217458060213269
0.960879487878122,-0.544780376542596,0.111000385013331,0.0839791004135699,-0.0279190764829443,0.0123412258521809,0.00153849416141012
0.977339552988029,-0.556923032737119,0.111624715102146,0.0963891083836066,-0.0279448581627985,0.0122863377340289,0.00088006081574212
0.992082392150672,-0.568188426580695,0.112207730636982,0.108484321990285,-0.0280000573338717,0.0122091530248899,0.00020976513084144
1.00509307902621,-0.578588263430375,0.112757817436175,0.120208391459594,-0.0280855046172306,0.0121048809613788,-0.000461811280740252
1.0163639753513,-0.588136222203282,0.113284813118166,0.131504220910438,-0.0282012054160366,0.011968451695644,-0.00112403485827812
1.02589144160159,-0.596851051607868,0.113799388374207,0.142309211433656,-0.0283465945614461,0.0117948558992198,-0.00176626620298907
1.03367195528187,-0.604758789019091,0.114311887476165,0.152551077882154,-0.028520777468752,0.0115795048940646,-0.00237792489245097
1.03969792683647,-0.611893741488711,0.11483072553326,0.162145098405342,-0.0287227265331167,0.0113185996751363,-0.00294858910876539
1.04395360729649,-0.618297989825546,0.115360529275657,0.170993573635137,-0.0289514078070337,0.0110094889364947,-0.00346814280010866
1.04641158192811,-0.624019340624254,0.115900289878213,0.178988068880747,-0.0292058223170684,0.0106509864312875,-0.00392697747031792
1.04703040314681,-0.629107861277433,0.116441852235545,0.186014664667091,-0.0294849588773504,0.0102436096740839,-0.00431624751067798
1.04575389064118,-0.633611376345945,0.116969072792586,0.191961957566536,-0.0297876702204032,0.00978969880769168,-0.00462816751459663
1.04251248322648,-0.63757054279719,0.117457918261604,0.196730995856454,-0.0301124996291827,0.00929337984775967,-0.00485632852006443
1.03722675978623,-0.641014296359914,0.117877644272072,0.200245821031684,-0.0304574976937958,0.00876035230747496,-0.00499600002780212
1.02981289260329,-0.643956503613906,0.118193002410569,0.20246296807956,-0.0308200745492852,0.00819750619154699,-0.00504437908928901
1.0201894340797,-0.646394515752162,0.118367216723225,0.203378288073763,-0.0311969291441125,0.00761240268944282,-0.00500074954515952
1.00828456657131,-0.648310000158151,0.118365302215489,0.203029849153566,-0.031584083355488,0.00701267898370224,-0.0048665247199872
0.994042848275207,-0.649671987946435,0.118157219630604,0.201496377751771,-0.0319770278812828,0.00640545258966327,-0.00464516398604114
0.977430597878365,-0.65044163228394,0.117720398761898,0.198891540380081,-0.0323709641237029,0.00579679967582446,-0.00434197353961646
0.958439342945881,-0.650577846575053,0.117041305193281,0.195355108080177,-0.0327611077241759,0.00519136518212355,-0.0039638193059537
0.937087126325784,-0.650042868402695,0.11611592806666,0.191042501180586,-0.0331430094094294,0.00459213569330904,-0.00351879076625255
0.913417820080268,-0.648806890245008,0.114949270328505,0.186114298789808,-0.0335128487222177,0.00400037713782032,-0.00301585673406451
0.887498858310056,-0.646851158680877,0.113554077363084,0.180727054869718,-0.0338676643308948,0.00341571610879302,-0.00246454849927435
0.859417932281346,-0.64416927777229,0.11194911828966,0.175026314905506,-0.0342054973977185,0.0028363304320737,-0.00187469505472396
0.829279199534569,-0.640766766839178,0.110157336544652,0.169142221845276,-0.0345254381929452,0.00225921208190106,-0.00125622266715439
0.797199476125741,-0.636659154802827,0.108204131919411,0.163187655767716,-0.034827578066879,0.00168047113165015,-0.000619019612466683
0.763304749345617,-0.631869020371082,0.106115951692952,0.157258532869821,-0.0351128778229771,0.00109565917279114,2.71419252542818e-05
0.727727203301633,-0.626422421951738,0.103919278144873,0.151435707479633,-0.0353829695313108,0.000500100685425727,0.000672640525223174
0.690602816577417,-0.620345135014475,0.101640020098029,0.145787852938183,-0.0356399126446358,-0.000110771664794657,0.00130801346368231
0.652069484271201,-0.613659062546119,0.0993032553493884,0.140374707357397,-0.035885927792978,-0.000741078508060324,0.00192395541702574
0.612265542830417,-0.606379132404637,0.0969332306794843,0.135250125998428,-0.0361231333670639,-0.00139415407628484,0.00251132472772697
0.571328537668402,-0.598510955232208,0.094553505022315,0.130464463437727,-0.0363533109146472,-0.00207221295894997,0.00306117217181015
0.529394071296788,-0.590049484398249,0.0921871170250489,0.12606591026094,-0.036577724821816,-0.0027760395257967,0.00356480426875213
0.486594602323186,-0.580978879599309,0.089856668982408,0.12210053558177,-0.036797018667629,-0.00350472585090328,0.00401388911845287
0.443058128966438,-0.571273707469186,0.0875842441240324,0.118610945772139,-0.0370112039194882,-0.00425549192695775,0.00440060736693694
0.398906776236181,-0.560901498825335,0.085391112354381,0.115633662257564,-0.0372197456963543,-0.00502362513176282,0.00471784420752992
0.35425539813076,-0.549826519182534,0.0832972276824125,0.113195532623049,-0.0374217357328319,-0.00580257143333946,0.00495941078662218
0.309210384029087,-0.538014414072297,0.0813205722081862,0.11130968627727,-0.0376161265610247,-0.00658419708176375,0.00512027607550001
0.263868898572777,-0.525437203079741,0.079476446535736,0.109971681123983,-0.0378019868960261,-0.00735921726966122,0.0051967848047476
0.218318767629423,-0.51207797014416,0.0777768330393732,0.109156513917635,-0.0379787305153151,-0.00811776115352555,0.005186835199141
0.172639143413505,-0.497934583150032,0.0762299569498699,0.108817057575977,-0.0381462729757239,-0.00885001693091529,0.00508999324736798
0.126901952095235,-0.483021899016144,0.0748401378282177,0.108884254599756,-0.0383050833125898,-0.0095468833844256,0.00490752816245066
0.0811739771553283,-0.467372157058251,0.0736079670030485,0.109269089216299,-0.0384561191257151,-0.0102005507701438,0.0046423651166274
0.0355193005489123,-0.451033579087967,0.0725307795339533,0.109866061234132,-0.0386006580412344,-0.0108049456168631,0.0042989636679215
-0.00999825407494215,-0.434067502451273,0.0716033302180454,0.11055767043763,-0.03874006019139,-0.0113559978045923,0.00388314061240759
-0.0553130383050196,-0.41654459931859,0.070818547119342,0.111219341297772,-0.0388755099136521,-0.0118517176833251,0.00340186206851049
-0.100356156055896,-0.398540837603386,0.0701682302968038,0.111724279254114,-0.0390077879165393,-0.0122920985004434,0.00286303057569518
-0.145054889755738,-0.380133809568148,0.069643585955611,0.111947916265217,-0.0391371183877056,-0.0126788791611967,0.00227528945156072
-0.189333031782759,-0.361399919062906,0.0692355284850187,0.111771815465525,-0.0392631218729034,-0.0130152116229614,0.0016478601191198
-0.233112046633612,-0.342412719239758,0.0689347334749332,0.111087100746723,-0.0393848879351777,-0.0133052765406513,0.000990420346741024
-0.27631287642906,-0.323242470495253,0.0687314736471943,0.10979760833122,-0.0395011647453433,-0.0135538829603487,0.00031302373677168
-0.318858114108048,-0.303956773408905,0.0686153096697879,0.107822995572994,-0.0396106477153227,-0.0137660766818124,-0.00037394586558717
-0.360674206432433,-0.284621941250744,0.0685747352758207,0.105101979087863,-0.0397123366661282,-0.0139467709799115,-0.00105979687819331
-0.401693314760893,-0.26530462139597,0.0685968893274519,0.101595719027253,-0.0398059206975915,-0.0141004054495457,-0.00173354568294244
-0.441854461289595,-0.246073065979174,0.0686674455097765,0.0972911438356572,-0.0398921417961201,-0.0142306354710833,-0.00238394523958566
-0.481103635074947,-0.226997407774438,0.068770772137571,0.0922037616409287,-0.0399730829013415,-0.0143400566920928,-0.00299954848928203
-0.51939264215143,-0.208148345711764,0.068890419084345,0.086379289609794,-0.0400523253950203,-0.0144299753082011,-0.00356882850640234
-0.556676670633856,-0.189593817245457,0.0690099364775053,0.0798933247108407,-0.0401349275309496,-0.0145002438476074,-0.00408037408001705
-0.592910802581999,-0.171393552420563,0.0691139644685282,0.0728483536946629,-0.0402271921212915,-0.0145491903617725,-0.0045231713877986
-0.62804600872022,-0.153591854170394,0.0691894646443214,0.0653677082993999,-0.0403362203300284,-0.0145736721645496,-0.00488696895703637
-0.662025442713472,-0.1362094646125,0.0692269071450885,0.0575866074976364,-0.0404692867307601,-0.0145692793589758,-0.00516270515360802
-0.694782011467426,-0.119235833161408,0.0692212022938292,0.0496411002517421,-0.0406331119536662,-0.0145306959918235,-0.00534295833212666
-0.726238141197344,-0.102623340499292,0.0691721873351771,0.0416563527642151,-0.0408331418689299,-0.0144521992582159,-0.00542236499217829
-0.75630833794945,-0.0862849185988475,0.0690845519049835,0.0337360976417965,-0.0410729537536529,-0.0143282460395162,-0.00539794674904506
-0.784904598532031,-0.070096001682935,0.0689671967622676,0.025955008984743,-0.041353892064529,-0.0141540710463938,-0.00526929634589457
-0.811944102833973,-0.053900945546328,0.0688321397423424,0.0183552499683083,-0.0416749905525968,-0.0139262116382706,-0.00503859543031157
-0.837358102185709,-0.0375231818136506,0.0686931756538669,0.0109475878934519,-0.042033175465261,-0.0136428859292338,-0.00471046654742077
-0.861100671852488,-0.0207776848301407,0.0685645364176481,0.00371653681866736,-0.0424236849193449,-0.0133041804598271,-0.00429169014290727
-0.883156078592,-0.00348400882421539,0.068459776965427,-0.00337176445770055,-0.0428405993832204,-0.0129120422482102,-0.00379083658266056
-0.903543864502794,0.0145217492246413,0.0683910444737209,-0.0103606259579921,-0.0432773666380319,-0.012470105605857,-0.00321786943623522
-0.922321220372931,0.0333772780607214,0.0683687986162936,-0.0172945199983254,-0.0437272201705363,-0.0119834071974499,-0.00258377038649181
-0.939582655716225,0.0531872992893662,0.068401964020427,-0.0242128140064435,-0.0441834234725401,-0.0114580492926347,-0.00190022223206001
-0.95545725506567,0.0740197801761839,0.068498429548703,-0.0311464195684722,-0.0446393125301917,-0.0109008624229312,-0.00117936953809495
-0.97010390005882,0.0959047096750058,0.0686657673964673,-0.0381177246242259,-0.0450881455666595,-0.0103190998298736,-0.00043366050451829
-0.983704760891521,0.118834771066905,0.0689120243801545,-0.0451436773621491,-0.0455227981928775,-0.00972017349044993,0.000324239391888357
-0.996457189036506,0.142767164262219,0.0692464305588714,-0.0522414513324486,-0.0459353631854831,-0.00911142086539937,0.00108148108883336
-1.00856396588028,0.167625902074157,0.0696798702258753,-0.0594357375337141,-0.0463167292008546,-0.00849987719434052,0.00182503896676314
-1.02022177173337,0.19330408591078,0.0702249659997981,-0.0667663733353053,-0.0466562238782604,-0.00789202314284709,0.00254172205301698
-1.03160781843937,0.219665917286525,0.0708956433038857,-0.0742947469572229,-0.0469414139442379,-0.00729348366771976,0.00321822317760195
-1.04286489282332,0.246548484676771,0.0717060805335278,-0.0821072695470747,-0.0471581548550959,-0.0067086714837693,0.00384124012096538
-1.05408559312183,0.273763637720167,0.0726690220698647,-0.0903142883584237,-0.0472909689086563,-0.0061403957258651,0.00439769859091997
-1.06529723031661,0.301100469117644,0.0737935443124351,-0.0990432471644365,-0.0473237963088258,-0.00558948828103639,0.00487509586381223
-1.07644952978797,0.328329006311089,0.0750825120948272,-0.108425768866252,-0.0472411041400896,-0.00505452791201246,0.00526196440918328
-1.08740763292609,0.35520561550793,0.0765301150251792,-0.118579606037416,-0.0470292578079495,-0.00453175398530169,0.00554842746135137
-1.09795267580212,0.381480321472433,0.0781199789633508,-0.129587852595019,-0.0466779749093093,-0.00401524659164394,0.00572678801710728
-1.10779125053321,0.406905794158771,0.079824347500973,-0.141479014681987,-0.0461816205945594,-0.00349740425691939,0.00579206807507533
-1.1165734425996,0.431247265246023,0.0816046830032216,-0.154212005341815,-0.0455400959395352,-0.00296968264578564,0.00574240676566247
-1.12391730884841,0.4542922706505,0.0834137585656828,-0.167669509497166,-0.0447591327216542,-0.00242348848486475,0.0055792417168101
-1.12943622716178,0.475859001437965,0.0851989751089273,-0.181661493013765,-0.0438499288690864,-0.00185107826961006,0.00530723655148122
-1.13276502940314,0.495802228352241,0.0869063535949658,-0.195938374307625,-0.0428282017359543,-0.00124630968148951,0.00493396800969814
-1.13358138807479,0.514016177800569,0.0884845196808962,-0.210211275793113,-0.0417128534314935,-0.00060513603263347,0.0044694323885055
-1.13162029554064,0.530434238168403,0.0898880547088357,-0.224175488139127,-0.0405244979785385,7.41967327620805e-05,0.00392545840065668
-1.12668111275316,0.545025817830544,0.0910797953558357,-0.237533109935801,-0.0392840858933436,0.000791221050851963,0.00331511618943931
-1.11862804045129,0.557790967899015,0.0920319380475249,-0.250011626754498,-0.0380117962380768,0.00154350899086723,0.00265219383481207
-1.10738567244843,0.568753505141733,0.0927260527677128,-0.261376534320841,-0.0367262804113025,0.00232702905279337,0.0019507830358627
-1.09293149842537,0.577953361805904,0.0931522751547751,-0.271437510095292,-0.0354442637667823,0.00313651520183134,0.00122498519163092
-1.07528699583557,0.585438810664291,0.0933080096216911,-0.280048753776697,-0.0341804559753277,0.00396579358239822,0.00048872499067265
-1.05450851312564,0.591259120500443,0.0931964566579969,-0.287104809364329,-0.0329476914098176,0.00480804600748805,-0.000244356323466991
-1.03067868995585,0.59545812274626,0.0928252066324355,-0.292533472711845,-0.0317572112818574,0.00565601817608435,-0.000960962149307539
-1.00389879833678,0.598069121850503,0.0922050523701385,-0.296287386730085,-0.0306190020192395,0.00650219913153573,-0.00164819014833938
-0.974282162120198,0.599111545199679,0.0913490872798328,-0.298335750770645,-0.0295421132926433,0.00733900489514141,-0.00229359989498928
-0.941948710383479,0.598589672652971,0.0902720884800887,-0.298657309061598,-0.0285348911647301,0.00815899416530227,-0.00288532129210203
-0.907020703742223,0.596493675300945,0.0889901403119674,-0.297235478815683,-0.0276050769290015,0.00895512973510796,-0.0034122179539374
-0.869619690809099,0.592802999792886,0.0875204319413119,-0.294056139592367,-0.0267597418392992,0.00972107928906669,-0.00386410981894792
-0.829864755029842,0.587491852396475,0.0858811588827738,-0.289108224616063,-0.0260050534844583,0.0104515279495153,-0.00423204804499791
-0.787872062501924,0.580536194460476,0.0840914659007733,-0.282386834888823,-0.0253459004842437,0.0111424575513009,-0.00450862330994039
-0.74375560522807,0.571921326215291,0.0821713815739801,-0.273898171443674,-0.0247854346531851,0.0117913393032826,-0.00468827740296738
-0.697628868501129,0.56164890617764,0.0801417082144528,-0.263665221096513,-0.0243246165895617,0.012397191044845,-0.00476757982581995
-0.649606983408844,0.549742227093725,0.0780238428777355,-0.251732932139143,-0.0239618629475998,0.01296046849542,-0.00474542887535116
-0.599808820980693,0.536248805137938,0.0758395164221668,-0.238171664186734,-0.0236928844039618,0.0134827883516561,-0.00462314258732315
-0.548358496821795,0.521239819093574,0.0736104490973487,-0.223078021348297,-0.0235107711739931,0.0139665126524565,-0.0044044193055202
-0.495385900046836,0.50480655545849,0.0713579325568134,-0.206572724016565,-0.0234063344071182,0.0144142496673659,-0.00409516804895402
-0.441026102149584,0.487054609997884,0.0691023566101987,-0.188795803362405,-0.0233686599933409,0.0148283394562758,-0.00370323038221288
-0.385417763992502,0.468097003545002,0.066862700533419,-0.169899939033542,-0.0233857911045653,0.0152103895340205,-0.0032380324067289
-0.328700860342645,0.448047491379093,0.0646560015622024,-0.150043061331245,-0.0234454378496438,0.0155609105513819,-0.0027102133755786
-0.27101412673304,0.427015178989838,0.062496800138995,-0.129381346348938,-0.0235356193028772,0.0158790803048848,-0.00213127482054229
-0.212492596732238,0.405101184270019,0.0603965501556145,-0.108063486856304,-0.0236451693891469,0.0161626442207355,-0.00151328266196836
-0.15326547950643,0.382397628937718,0.0583629826115461,-0.0862267332482141,-0.0237640735992806,0.0164079469834945,-0.000868638358273975
-0.0934544943171536,0.358988812601837,0.0563994307054215,-0.0639947964966679,-0.0238836381236802,0.0166100846572402,-0.000209918061622565
-0.0331726867453354,0.334954095535091,0.0545041638798549,-0.0414773904198564,-0.0239965197043581,0.0167631675147232,0.000450235505446623
0.0274761835640175,0.310371795722449,0.0526698480684732,-0.0187710205092248,-0.0240966612389008,0.016860685494907,0.0010991932453305
0.0883976772800483,0.285323375356073,0.0508832701848031,0.0040394166569769,-0.0241791820580844,0.0168959702527731,0.00172442019003347
0.149505720588389,0.25989712902274,0.0491255620457144,0.0268785717605274,-0.0242402724939107,0.0168627389780442,0.00231358409747868
0.210720454493031,0.23419075379112,0.0473730964755941,0.0496783769509809,-0.0242771295901263,0.0167556941316013,0.00285471399230796
0.271964612398969,0.208312216015193,0.045599192428615,0.0723757590544629,-0.0242879583980645,0.016571133050765,0.00333642232807055
0.333158508092298,0.182378775835002,0.0437765905725157,0.0949104000828289,-0.024272040818431,0.0163075019434219,0.00374819140357123
0.394213978057826,0.156514063591307,0.04188050612739,0.117222688291109,-0.0242298559482506,0.0159658124521795,0.004080711043479
0.455028137316002,0.130843639247419,0.0398918352973823,0.13925197837388,-0.0241632131975458,0.0155498371767975,0.00432623828847679
0.515478066119711,0.105489742056334,0.0377999606639448,0.160935322475425,-0.0240753479626783,0.0150660180361422,0.00447893757550991
0.575417609021374,0.080566185868989,0.0356045803380734,0.182206830508506,-0.0239709292459702,0.0145230600964194,0.00453515467156474
