0.407865994598023,0.3065961716453,0.630999528980579
0.406904786025387,0.306637297772251,0.630982801496669
0.404986478694319,0.306719583161186,0.630955879858511
0.402119468326758,0.306843116443104,0.630931683598598
0.398316745793608,0.307008099192298,0.630929218583377
0.393596258405221,0.307214957334664,0.630973117318641
0.387981217037765,0.307464518242741,0.631093018136442
0.381500242602842,0.307758239303456,0.631322795594222
0.374187279110305,0.308098428126274,0.631699672373372
0.366081267311732,0.308488338366613,0.632263257550368
0.357225650125581,0.308931980026368,0.633054558561037
0.348607578861404,0.309376254074292,0.634000697724307
0.340258806429761,0.309819460818132,0.635082945116571
0.332208318100842,0.310258931350391,0.636280849198844
0.324482990449619,0.310690814976156,0.63757252468425
0.317107909115995,0.311110153589061,0.638934941349721
0.310106298400309,0.31151120540559,0.640344275427723
0.303499103198787,0.311887958023019,0.641776363938066
0.297304330460924,0.312234755692823,0.643207270242737
0.291536307922835,0.312546947531922,0.644613931559117
0.286205052402856,0.312821443625533,0.645974822012541
0.281315948133224,0.313057058350791,0.647270536941573
0.276869900249165,0.313254542767329,0.648484197351268
0.272864037471808,0.313416269712182,0.6496015977922
0.269292899507399,0.3135456251328,0.650611077465772
0.266149898428519,0.313646244896853,0.651503168096166
0.263428748718854,0.313721279682562,0.652270134906837
0.261124563967634,0.313772851069806,0.652905551373253
0.259234421608993,0.313801790427712,0.653404023765319
0.257757352977461,0.313807663605721,0.653761121489867
0.256693859790729,0.313789013131918,0.653973501174407
0.256045144160164,0.31374371583292,0.654039161217489
0.255812259815754,0.31366935282932,0.653957739841636
0.255995363562599,0.31356350864049,0.653730772207734
0.256593192944977,0.313423942369645,0.653361842490374
0.257602838068151,0.313248598579484,0.652856595803342
0.259019830392405,0.313035446600123,0.652222602766839
0.260838538104268,0.312782157246622,0.651469093599831
0.263052824002693,0.31248565110841,0.650606600436012
0.265656865177353,0.312141586236532,0.649646570753663
0.268645965023683,0.311743892197105,0.648601033765722
0.2720171345721,0.3112844898384,0.647482403903195
0.275769218886873,0.310753342106947,0.646303480633388
0.27990242422379,0.310138941891078,0.645077649890347
0.284417263385514,0.309429253536222,0.643819221347154
0.289313130065346,0.308613004408456,0.642543775257598
0.294586851940375,0.307681113526165,0.641268373464003
0.300231583049289,0.306627983393078,0.640011525708244
0.306236268116587,0.305452391987546,0.638792880561018
0.312585710047222,0.304157802419935,0.637632694109786
0.319261092814121,0.302752039752404,0.636551183689551
0.326240720709242,0.301246433378464,0.635567883012314
0.333500737579968,0.299654643962017,0.63470108645156
0.341015649228678,0.297991449122018,0.633967423414137
0.348758547937225,0.296271742355484,0.633381556930535
0.356701010788202,0.294509923807378,0.632955964985515
0.364812715815841,0.292719758064539,0.632700744164762
0.373060900133983,0.290914664555415,0.632623376566812
0.381409867462591,0.289108302410956,0.632728425661369
0.38982080961745,0.287315227494897,0.633017173900902
0.398252189008844,0.285551360373393,0.633487272928881
0.406660797610946,0.283834042371798,0.634132521035545
0.415003377159961,0.282181585099133,0.634942881911412
0.423238448879004,0.280612400815038,0.635904800126439
0.431327890292506,0.279143955927951,0.63700177376328
0.439237882529215,0.277791837408502,0.638215062563314
0.446939089096825,0.27656914981914,0.639524383882774
0.454406179108338,0.275486316219488,0.640908484507085
0.461616963601215,0.274551221595395,0.642345545185622
0.468551439003595,0.273769560283349,0.643813439438144
0.4751909666725,0.273145236088493,0.645289906741778
0.481517721243983,0.272680694594144,0.646752710063817
0.487514456184142,0.272377116017518,0.648179837599569
0.493164577367622,0.272234446947201,0.649549788355282
0.498452481174508,0.272251292535474,0.65084195741314
0.503364090660765,0.272424725287089,0.652037111732517
0.507887502025553,0.27275009128174,0.653117922085986
0.512013629899183,0.273220906814298,0.654069492729793
0.515736720383204,0.273828932354595,0.654879812704785
0.519054597707605,0.274564481514856,0.655540048410628
0.521968539953631,0.275416969506516,0.656044614132148
0.524482748827395,0.276375637738116,0.656390997784525
0.526603478309231,0.277430328907303,0.656579375835319
0.528337984275029,0.278572155952738,0.656612104938385
0.52969351251691,0.279793925128237,0.656493206634229
0.5306765296616,0.281090234907479,0.656227952357291
0.53129232587142,0.282457254575707,0.655822613383414
0.531545013173176,0.283892258507545,0.655284383258216
0.531437848514005,0.28539303335366,0.654621430575471
0.530973752007066,0.286957282229755,0.653843011741735
0.53015587272547,0.288582132743022,0.652959568961382
0.528988066759494,0.290263828487507,0.651982752505143
0.527475182354379,0.291997656521278,0.650925330726663
0.525623086382222,0.293778139127086,0.649800979986033
0.523438413924586,0.29559949329215,0.648623975881336
0.520928081198993,0.297456329466106,0.647408834322685
0.518098672372801,0.299344518172571,0.646169972332309
0.514955884233965,0.30126210285228,0.644921467750499
0.511504265821981,0.303210095892162,0.643676986177825
0.507747487777924,0.305192988325932,0.64244990655271
0.503689287782337,0.307218855874834,0.641253616661847
0.499335066625603,0.309299054266229,0.640101884055013
0.494693905554801,0.311447624194369,0.639009164514264
0.489780623099439,0.313680599420091,0.637990713900122
0.484617449560865,0.316015369100008,0.637062422131681
0.479234962624857,0.318470082794582,0.636240365634087
0.473672032707807,0.321062874382503,0.635540140974438
0.467974614424644,0.323810547078035,0.634976074802128
0.462193310352979,0.326726443380543,0.634560406731778
0.456379821431569,0.329817586677782,0.634302533343567
0.450582754904048,0.33308171101087,0.634208398952749
0.444843678825417,0.33650516468885,0.634280114403501
0.439194487041013,0.340062535476646,0.634515854032944
0.433656809724358,0.343718184946448,0.634910014590271
0.428243465895728,0.347429121111529,0.635453549290043
0.422961235413331,0.351148280842397,0.636134363119725
0.417813918867526,0.354827464920954,0.636937689852999
0.412804813398117,0.358419600818871,0.637846439141961
0.407938152471421,0.361880363184855,0.638841556993367
0.403219493885406,0.365169311428092,0.639902454361362
0.398655344571681,0.368250660088192,0.641007527000843
0.394252434089113,0.371093709096441,0.642134740179181
0.390017009014818,0.373672920022354,0.643262215291594
0.385954379116089,0.375967649436862,0.6443687500672
0.382068781577896,0.377961606965519,0.645434227328318
0.378363503693122,0.37964215057853,0.646439902821614
0.374841142710727,0.380999543150041,0.647368593237127
0.371503876174004,0.382026275106514,0.648204801983141
0.368353643943136,0.382716523534063,0.648934822352589
0.365392182645757,0.38306578296458,0.649546849848282
0.362620891882226,0.3830706750932,0.650031122655435
0.36004054523314,0.382728924627475,0.65038009477462
0.357650888386817,0.382039473879518,0.65058863191126
0.355450192802367,0.381002695478997,0.650654206486091
0.353434854146969,0.379620649959605,0.650577056867316
0.351599134253071,0.377897323689944,0.650360269540315
0.349935134747971,0.375838779600148,0.650009745640495
0.348433051814035,0.373453162963646,0.649534027450597
0.347081695696513,0.370750534602231,0.648943986668694
0.34586918012378,0.367742548208411,0.648252407582409
0.344783623370608,0.36444203587001,0.647473524271855
0.343813682017167,0.36086259703073,0.646622580122981
0.342948773047896,0.357018286742288,0.64571546521708
0.342178917189751,0.352923468879167,0.644768457799075
0.341494226783011,0.348592851480598,0.643798062009688
0.34088413494632,0.344041673477751,0.642820908042033
0.340336503532462,0.339285979676641,0.641853669960639
0.33983675731293,0.334342909424338,0.640912960446784
0.339367183877265,0.329230931801894,0.640015175908542
0.33890652833486,0.323969980128631,0.639176283288161
0.33843001089026,0.3185814629983,0.638411555669161
0.337909906795156,0.313088149610343,0.637735273587385
0.337316840445661,0.307513934552385,0.637160411427287
0.336621922938094,0.301883475500272,0.636698325642627
0.33579974350521,0.296221675425272,0.636358459866775
0.334831954054614,0.290552983617822,0.636148087641582
0.333710795197829,0.284900564647502,0.636072125009794
0.332441600245876,0.279285533025128,0.636133047900504
0.331043373926302,0.273726571469726,0.636330926385781
0.329547098135538,0.268240187763998,0.636663545043357
0.327992216406074,0.262841584232242,0.637126548642566
0.326422326299252,0.257545790036842,0.637713563145901
0.324881177458156,0.252368576908821,0.638416284691956
0.323409710649066,0.247326818593478,0.639224568718971
0.322044367832795,0.242438237120204,0.640126562216009
0.32081650437777,0.237720724209834,0.64110890521182
0.319752538348673,0.233191536970222,0.642156999483537
0.31887444994676,0.228866651146468,0.643255318377477
0.318200321434807,0.224760468356142,0.64438771871995
0.317744718827037,0.220885964415817,0.645537715189821
0.317518826241003,0.217255256300276,0.6466886881802
0.31753034203902,0.213880460540443,0.647824016470046
0.317783232719945,0.210774622629458,0.648927152563162
0.318277511034358,0.207952437220657,0.649981684138027
0.31900924009612,0.205430488249846,0.650971438847159
0.319970936950804,0.20322684532728,0.651880681514485
0.321152440408897,0.201360046884513,0.652694420821397
0.322542142121797,0.199847713126574,0.653398798734123
0.324128326797911,0.198705162779348,0.653981501447861
0.325900307999646,0.197944389866959,0.6544321224806
0.327849112801746,0.197573606564955,0.654742427840506
0.32996762323295,0.197597359635549,0.654906506195176
0.332250242535267,0.198017075724518,0.654920815733592
0.334692257230337,0.198831824335391,0.654784155288886
0.337289094485246,0.200039098657601,0.65449758949623
0.340035647621748,0.201635466697629,0.654064351936542
0.342925794311909,0.203617002785253,0.653489742295797
0.345952184169844,0.205979455404876,0.652781026780323
0.349106333458323,0.208718138694444,0.6519473461752
0.352379030585182,0.211827558430072,0.650999632187383
0.355761015356902,0.215300811170983,0.649950528127366
0.359243841234064,0.219128833624613,0.648814303713642
0.362820762534155,0.223299631526391,0.647606745562244
0.366487427773177,0.227797670136347,0.64634499737757
0.37024214212143,0.232603633082459,0.645047322418408
0.374085525994106,0.237694715559368,0.643732771548377
0.378019554346872,0.243045488763089,0.642420765596873
0.382046167236437,0.24862918077971,0.641130633124304
0.386165802126868,0.254419046057134,0.639881167314046
0.390376225957885,0.260389438590509,0.638690262386871
0.394671926298145,0.266516304668732,0.637574659139939
0.399044124480926,0.272777019798024,0.636549787219179
0.403481295495108,0.279149706812803,0.635629660874394
0.407969979998151,0.285612302081608,0.634826778017993
0.412495658206112,0.292141659838522,0.634151987100683
0.417043495168726,0.298712929241843,0.633614311198893
0.421598830408654,0.305299349060959,0.633220742430875
0.42614735378542,0.3118725125436,0.632976035986577
0.430674979181499,0.318403069972406,0.632882540177116
0.435167499138235,0.324861754988285,0.632940097751828
0.439610172264641,0.331220540916017,0.633146045191579
0.443987442285515,0.33745366941953,0.633495321379539
0.448282980221182,0.343538280844769,0.633980676567245
0.452480149324369,0.349454453351645,0.634592951125549
0.456562820484323,0.355184634828333,0.635321378164159
0.460516278402956,0.360712672611107,0.636153861799409
0.464327862749465,0.366022803916006,0.637077196443354
0.467987061826206,0.371098972645979,0.638077217594027
0.471484995665915,0.375924682176876,0.639138900961625
0.474813469314442,0.380483370659153,0.640246443601046
0.477963912848636,0.384759122950773,0.64138336250737
0.480926502662156,0.388737475950456,0.642532634989758
0.483689628886809,0.392406118110549,0.643676888317289
0.486239729787883,0.395755370783175,0.644798631147148
0.488561424556024,0.398778414805808,0.645880510601088
0.490637857121667,0.401471266909305,0.646905577383287
0.49245119232172,0.403832522130881,0.647857545540054
0.493983247394831,0.405862878505496,0.648721041013503
0.495216268373088,0.407564466480182,0.649481841424423
0.496133856391698,0.408940028946831,0.650127115843462
0.496722007752517,0.409992040661431,0.650645674815442
0.496970160323861,0.41072190952117,0.651028235407452
0.496872059230237,0.411129444242083,0.6512676929781
0.49642620728443,0.411212771204707,0.651359374072857
0.495635696356995,0.410968807749724,0.651301230234121
0.494507350393467,0.410394250286962,0.651093929878947
0.493050320457079,0.409486863565508,0.650740821185257
0.491274465426596,0.40824674482174,0.650247769013575
0.489188927361558,0.406677248216201,0.64962290010301
0.486801226657961,0.404785385776392,0.648876307628664
0.484117010091284,0.402581699358917,0.64801976230887
0.481140383987924,0.400079740060124,0.6470664578127
0.477874634320942,0.397295353807448,0.646030795087592
0.474323095672761,0.394245959824761,0.64492819253773
0.470489958603741,0.390949956039051,0.643774901034224
0.466380863719642,0.387426325443611,0.642587804071257
0.462003193997124,0.383694468037134,0.641384191123481
0.457366035279324,0.379774247435299,0.640181503314688
0.452479828840175,0.375686210893316,0.638997061308203
0.44735579589449,0.371451908268043,0.637847793701755
0.442005271871036,0.367094196445733,0.636749987984341
0.436439137851561,0.362637382610008,0.63571908423223
0.430667553661007,0.358107056742503,0.634769523703803
0.424700154332455,0.353529518364392,0.633914651459837
0.418546757092127,0.348930820179241,0.633166656854197
0.4122184641118,0.344335595478465,0.632536522987474
0.405728897901505,0.339765936515772,0.632033951754611
0.399095240005005,0.335240590379357,0.631667239410326
0.392338792438854,0.330774638429761,0.631443097928987
0.38548492197242,0.326379682823332,0.631366442376783
0.378562417619939,0.322064444005396,0.631440182909054
0.371602428636157,0.317835607163297,0.63166506382246
0.364637218937475,0.313698738345539,0.632039580952195
0.35769897378354,0.309659104068229,0.632559988836722
0.350818847697815,0.305722257669597,0.633220388534263
0.344026375095589,0.30189429503232,0.634012871643564
0.33734929378227,0.298181730358378,0.634927688713025
0.330813760956291,0.294591001129183,0.635953411640549
0.324444869893388,0.291127681886843,0.637077069913749
0.318267305928795,0.287795565411061,0.638284258531946
0.312305928797527,0.284595841285021,0.639559237299189
0.306586063604337,0.281526634111988,0.640885058966679
0.301133351055853,0.278583118562035,0.642243767258924
0.295973146873751,0.275758286863126,0.643616688803377
0.291129623062415,0.273044236801877,0.644984809875472
0.286624833069984,0.270433659231341,0.646329195865245
0.282478003092443,0.267921129360625,0.647631396466806
0.278705209143555,0.265503885880827,0.648873789626765
0.27531945629767,0.263181970094556,0.650039843611221
0.272331062113618,0.260957796730193,0.651114303526047
0.269748194686809,0.258835358253482,0.652083325203182
0.26757742066266,0.256819300421833,0.652934583460765
0.265824153199238,0.254914072002116,0.653657377486012
0.264492930103708,0.253123286506306,0.654242748479292
0.263587486080128,0.251449370129729,0.654683616642148
0.263110608312093,0.249893521877923,0.654974936895517
0.263063787554033,0.248455975565557,0.655113864468069
0.263446702460241,0.247136523170106,0.655099912286718
0.264256608994527,0.24593522227261,0.654935071956934
0.265487747817584,0.244853166093668,0.654623861214962
0.267130918749897,0.243893152255027,0.654173257891009
0.269173382817064,0.243060066594858,0.653592489179638
0.271599213216222,0.242360828505011,0.652892669676839
0.274390111878626,0.241803838297939,0.65208632046531
0.277526558823439,0.241398007869308,0.651186841600484
0.28098902578553,0.241151589554107,0.650208032065688
0.284758936124075,0.241071081308217,0.649163738825343
0.288819123871502,0.241160448139714,0.648067671798642
0.293153704061248,0.241420784174995,0.646933364656736
0.297747438052697,0.24185040647005,0.645774218010779
0.302584794463888,0.242445274713929,0.644603546615399
0.307648944551634,0.243199590992336,0.643434564497164
0.312920906645381,0.244106440285481,0.642280270169276
0.318378999256295,0.245158362399538,0.641153226009078
0.323998701466696,0.246347780260798,0.640065253523012
0.32975296143738,0.247667239114879,0.639027086330802
0.335612936393497,0.249109437509916,0.638048034298262
0.341549082988693,0.250667060647242,0.637135714580542
0.347532444716423,0.25233246697858,0.636295896807089
0.353535915802555,0.254097330048924,0.635532489219529
0.359535227590013,0.255952387320742,0.634847662165421
0.365509439036928,0.257887469263666,0.634242072212704
0.371440836942484,0.259891942262788,0.633715126548057
0.377314341268111,0.261955581572794,0.633265225481294
0.3831166922661,0.264069720866971,0.632889944895419
0.388835773697694,0.266228373798442,0.632586160452826
0.394460346138037,0.268428971837003,0.63235015054552
0.399980260605021,0.270672448925986,0.632177726163978
0.405387001750123,0.272962592573855,0.63206441812217
0.410674278741423,0.275304790461563,0.632005717149681
0.415838385107249,0.277704454332084,0.631997329529182
0.420878158418691,0.280165462433144,0.632035395158675
0.425794522877366,0.282688933936012,0.632116620629384
0.43058973360857,0.285272560757254,0.632238302456724
0.435266526024098,0.287910602121024,0.632398245855569
0.439827394694061,0.290594514951561,0.632594612822995
0.44427418432452,0.293314062739468,0.632825751667619
0.448608078667618,0.296058633128179,0.633090062620329
0.452829939471753,0.298818425754827,0.633385938205059
0.45694081122891,0.301585180522435,0.633711785367107
0.46094231930833,0.30435222833741,0.634066098718116
0.464836699388217,0.307113852507237,0.63444752618701
0.468626322233702,0.309864186588698,0.634854864769115
0.47231277768804,0.312596042672349,0.635286949751927
0.475895764468937,0.315300080253232,0.635742445060082
0.479372111246325,0.317964583562417,0.636219583967031
0.48273520165509,0.320575890992776,0.63671592953168
0.485974933527322,0.323119319846142,0.637228216952277
0.48907818545408,0.325580323018104,0.637752313379767
0.492029651185724,0.32794560955816,0.638283298323033
0.49481285538598,0.330204023132891,0.638815641015318
0.497411171927898,0.332347056720465,0.639343435346748
0.499808703811406,0.334368957613226,0.639860648181086
0.501990929799632,0.336266433091759,0.640361340364577
0.503945064558412,0.338038008038117,0.640839828591761
0.505660114139466,0.339683121788293,0.641290768739759
0.507126641523156,0.341201091144503,0.641709156722004
0.508336293745267,0.342590109007635,0.642090260948024
0.509281184901181,0.343846479588407,0.642429519345945
0.509953271006424,0.344964286399253,0.642722449164593
0.510343875614968,0.345935623538099,0.642964622451127
0.510443508127512,0.346751390332491,0.643151747826067
0.510242049191385,0.347402487594445,0.643279869226879
0.509729273982691,0.3478811252727,0.643345653465496
0.508895583567296,0.348181917758943,0.643346706742052
0.50773276060307,0.348302521929676,0.643281850150375
0.506234578628168,0.348243724565859,0.643151299309462
0.5043971605069,0.348009041324335,0.642956724682649
0.502219066078589,0.347603993663647,0.642701202054014
0.499701158415982,0.34703526537903,0.642389085165718
0.496846336226372,0.346309921602459,0.642025840442477
0.493659227976885,0.345434827586684,0.641617879318707
0.490145931241662,0.344416354475091,0.641172411978344
0.486313858394647,0.34326041409517,0.640697331900921
0.482171723036742,0.341972822919343,0.640201126552727
0.477729671537974,0.340559949048152,0.63969279765481
0.472999530490293,0.33902953928494,0.639181766459437
0.467995105583026,0.337391559102945,0.638677737777
0.462732437978402,0.335658824839293,0.63819050378608
0.457229914147522,0.333847197919412,0.637729685883969
0.451508149081157,0.331975179952319,0.637304436582128
0.445589624759485,0.330062903284824,0.636923144510251
0.439498148962812,0.328130710467658,0.636593192338419
0.433258267593474,0.326197669179423,0.636320803320019
0.426894780725754,0.324280393829131,0.636110982227326
0.420432468475217,0.322392426094767,0.63596752561623
0.413896050429781,0.320544229122327,0.635893059528863
0.407310320556446,0.318743670225192,0.635889065542018
0.400700347141383,0.316996768965952,0.635955873592865
0.39409161200589,0.315308479137553,0.636092622682915
0.387509977160131,0.313683323538895,0.636297210431084
0.380981399349598,0.31212577179537,0.636566265392398
0.37453135804629,0.310640319011053,0.636895180621311
0.368184020513913,0.309231278654312,0.63727824221848
0.361961239143586,0.307902349262004,0.637708871360944
0.355881554491823,0.306656055817602,0.638179972108904
0.349959440927482,0.305493201432571,0.638684343270503
0.344205045552982,0.304412482275662,0.639215079849716
0.338624599621366,0.303410400658496,0.639765872900924
0.333221516577478,0.302481545272273,0.640331130321807
0.327997976004653,0.301619202939997,0.640905888593135
0.322956619011865,0.30081616021142,0.641485551565002
0.31810193698978,0.300065494900269,0.642065548075924
0.313441046883568,0.299361175852103,0.642641019877772
0.308983753240227,0.298698371179472,0.643206629219124
0.3047420005571,0.298073467569867,0.643756527134766
0.300728944138105,0.297483882886853,0.644284472784925
0.296957896319198,0.296927790631185,0.644784058525397
0.293441365294656,0.296403871273686,0.645248980069469
0.290190336687479,0.295911176861754,0.64567329245854
0.287213883954323,0.295449155884704,0.646051603821903
0.284519144297012,0.295017843286813,0.646379174812312
0.28211165918973,0.294618178558188,0.646651909603136
0.279996042601151,0.294252374098276,0.646866244145987
0.278176895589678,0.293924220200088,0.647018959169761
0.276659830814613,0.293639191392072,0.647106967556302
0.275452415199114,0.293404226344954,0.647127143228585
0.274564808441506,0.293227104694162,0.647076263015462
0.274009899885619,0.293115441380339,0.646951115561245
0.273802844309931,0.293075440665087,0.646748789937744
0.27396005180818,0.293110651287052,0.646467101338673
0.274497843549587,0.293220990793029,0.646105063499021
0.275431076148997,0.293402239437233,0.645663299392485
0.276772023607524,0.293646068650454,0.645144301949469
0.278529700606609,0.293940525450583,0.644552504531157
0.280709667196898,0.294270797641867,0.64389417459409
0.283314228465318,0.294620057569763,0.643177183557098
0.286342865147871,0.294970212464085,0.642410722455969
0.289792704692546,0.295302448519475,0.641605028554154
0.293658852848749,0.295597518507821,0.640771169947808
0.297934437775578,0.295835776386903,0.63992091058302
0.30261026501294,0.295997007135751,0.639066651503223
0.307674046238658,0.296060142291127,0.638221417930653
0.313109257712275,0.296002995739662,0.637398838420659
0.318893809784411,0.295802194152965,0.636613047184931
0.324998846989894,0.295433490634425,0.635878443036739
0.331388091139006,0.294872606983953,0.635209267948321
0.338018102644409,0.294096628550229,0.634619025718323
0.344839612585357,0.29308579687994,0.6341198284072
0.351799720624711,0.291825384596139,0.633721799407122
0.358844434911585,0.290307285949063,0.63343264682735
0.36592093872374,0.288531050632719,0.633257452553536
0.372979155522517,0.286504269867893,0.633198641308578
0.379972519764385,0.284242387916986,0.633256046986789
0.386858150931312,0.281768090259697,0.633426998693763
0.393596757511971,0.279110413663408,0.633706390325171
0.400152572098944,0.276303677355527,0.634086745479895
0.40649351103765,0.273386289603821,0.63455832203896
0.412591630931919,0.270399458255287,0.635109310441658
0.41842385188856,0.267385827429762,0.635726168999034
0.423972834061162,0.264388071211993,0.636394113738928
0.429227821351064,0.261447496147425,0.637097744091507
0.434185207610748,0.258602735229411,0.63782174475386
0.438848561744914,0.255888648953488,0.638551567776077
0.443227907619986,0.253335566576125,0.639273981784293
0.447338215783084,0.2509689811596,0.639977391863937
0.451197299074743,0.248809742254342,0.640651888338706
0.454823522556295,0.246874682960777,0.64128906014376
0.4582338281582,0.245177513864484,0.641881676694643
0.461442479688951,0.243729762212238,0.6424233701378
0.464460699459382,0.242541553535352,0.642908427946966
0.467297108717196,0.241622108848494,0.643331750324687
0.469958705268756,0.240979923884709,0.643688966211805
0.472452052819402,0.240622670894833,0.643976658393785
0.474784393792639,0.240556902820052,0.644192629804007
0.476964481324307,0.240787647635775,0.644336145573447
0.479003014970927,0.241317970922822,0.644408099782068
0.480912638776831,0.242148570173647,0.644411074585833
0.482707519610893,0.243277452501268,0.644349278222447
0.48440257792566,0.244699739668817,0.644228366188047
0.486012501410335,0.246407636870565,0.644055166996606
0.48755073306458,0.24839058727519,0.643837350350958
0.489028670178623,0.25063560616597,0.643583088894285
0.490455304990683,0.25312774512864,0.643300769623606
0.49183744779726,0.255850588019301,0.642998800914296
0.493180496702675,0.258786649549822,0.642685532729299
0.494489508695978,0.261917561051782,0.642369266924562
0.495770180374972,0.26522399832739,0.642058297293794
0.497029346154422,0.268685412735366,0.641760903523445
0.49827475605966,0.272279721336949,0.641485238416174
0.499514131176684,0.275983148560871,0.641239086563398
0.500753708420389,0.27977037385536,0.641029517049235
0.501996604218112,0.283615047353262,0.640862485031099
0.503241333426605,0.287490628437525,0.640742448538892
0.504480744617573,0.291371416538304,0.640672059277673
0.505701521016834,0.295233599657893,0.640651967307667
0.506884287479056,0.299056146802992,0.640680757915147
0.50800428354896,0.302821406252103,0.640755021453445
0.509032519679681,0.30651532804712,0.640869546534076
0.509937322662114,0.310127292042767,0.641017623371177
0.510686180028445,0.313649582720943,0.641191443936758
0.511247787177147,0.317076604906668,0.641382583410727
0.511594164554466,0.320403978354359,0.641582538051581
0.511702639341838,0.32362767734683,0.641783275784525
0.511557398344866,0.326743379396929,0.641977731318455
0.511150269053171,0.329746138999735,0.642160158973233
0.510480443881392,0.332630407595699,0.642326260641799
0.5095530725556,0.33539030839633,0.642473046962188
0.508376973049135,0.338019995942136,0.64259846323183
0.506962016839625,0.340513926887703,0.64270088967636
0.505316861354773,0.342866939086336,0.64277866770746
0.503447554336212,0.345074135568211,0.642829785316142
0.501357202401725,0.347130645204613,0.642851787211448
0.499046555436057,0.349031358146972,0.642841896458014
0.496515151082223,0.350770721893134,0.642797279400665
0.493762622729872,0.352342658133971,0.642715367536451
0.490789847175117,0.353740639725119,0.642594160931345
0.487599720169467,0.354957955323808,0.642432462291096
0.484197449502058,0.355988179795703,0.64223001639612
0.480590331819327,0.356825850303267,0.64198755035045
0.476787042377071,0.357467310878321,0.64170672527431
0.472796536029366,0.357911627800355,0.641390021220882
0.468626744370404,0.358161401737739,0.641040585433269
0.464283347124427,0.358223236878693,0.640662079121721
0.459768954730682,0.358107617865041,0.640258557277886
0.45508300519132,0.357828040925825,0.639834406958133
0.450222513383841,0.357399457728725,0.63939435151589
0.445183546323966,0.356836353543139,0.638943505969932
0.439963045781283,0.356150962959811,0.638487450506363
0.434560510731661,0.355352108988841,0.638032283283852
0.428979139842891,0.35444493199045,0.637584622204281
0.423226255696959,0.35343147382272,0.637151543099842
0.417313066274467,0.352311850702719,0.636740460304831
0.411253973595078,0.35108566489835,0.636358968100731
0.405065691024634,0.349753352908668,0.636014665273278
0.398766406873714,0.348317277270687,0.635714980855197
0.392375172206218,0.34678247453879,0.635467009645617
0.385911623540697,0.345157038206101,0.63527735450926
0.379396086498534,0.343452138108412,0.635151961901837
0.372850041460183,0.341681673286455,0.63509593077184
0.366296859422948,0.339861548808536,0.635113276334718
0.359762633333711,0.338008584121297,0.635206642123351
0.353276850431086,0.336139118481893,0.635376977169327
0.346872608180244,0.334267475450425,0.635623226273181
0.340586117020778,0.332404552003014,0.635942109177656
0.334455390421048,0.33055685052056,0.636328072408341
0.328518275831144,0.328726216353323,0.636773471455983
0.322810234683542,0.326910367456726,0.637268981651172
0.317362405413191,0.325104067083516,0.637804165935747
0.312200402377479,0.323300604593922,0.638368080751874
0.307344054175512,0.321493197933809,0.638949800430363
0.302807996674018,0.319676019522336,0.639538782100985
0.298602836017975,0.317844710030401,0.64012505236618
0.294736535633922,0.31599640161134,0.640699246903804
0.291215731719669,0.314129374710239,0.641252560664617
0.288046782466515,0.312242513010659,0.641776670022977
0.285236454389371,0.310334716675716,0.642263677653177
0.282792216679389,0.308404407851817,0.642706115325694
0.280722148136065,0.306449231394332,0.643097024940315
0.279034471609829,0.304466025587903,0.64343012552673
0.277736735971379,0.302451110775484,0.64370006190532
0.276834684931368,0.300400909995121,0.643902715993673
0.276330900996055,0.29831286389777,0.644035542137505
0.276223398481826,0.296186524971925,0.644097864296925
0.27650444851697,0.294024620622649,0.644091052387924
0.277160005717561,0.291833794283785,0.644018491318383
0.278170092304558,0.289624728493762,0.64388528558241
0.279510306564335,0.287411481409789,0.643697711101313
0.281154264962898,0.285210124819712,0.643462515746303
0.283076407941408,0.283037050699757,0.643186235570773
0.285254422037032,0.280907453011087,0.64287469167145
0.287670681505726,0.278834401799644,0.642532758716633
0.290312500097896,0.276828670302161,0.642164393692276
0.293171379669034,0.2748992077951,0.641772837449886
0.296241667760104,0.27305399090976,0.641360879024047
0.299519058334623,0.271300954485993,0.640931094628488
0.302999263525211,0.269648752327945,0.640486014536926
0.306677043044398,0.268107172338437,0.640028210480433
0.310545661537485,0.266687098384703,0.639560323415203
0.31459677101167,0.265399969895288,0.639085064574869
0.318820676979209,0.264256753840343,0.638605223242539
0.323206923273283,0.263266530204926,0.638123704926311
0.327745101931669,0.262434908212782,0.63764360611324
0.332425750280622,0.261762617113753,0.637168310551522
0.337241144173915,0.261244697279364,0.636701573823293
0.342185763919763,0.26087067557052,0.636247556298079
0.347256241490759,0.260625887637665,0.635810775294741
0.35245072140369,0.260493744524265,0.635395973117863
0.35776775615427,0.260458384316387,0.635007926768332
0.363205024881843,0.260506994424735,0.634651242972848
0.368758219671188,0.260631226957709,0.634330181581888
0.374420360618225,0.2608274736067,0.634048535450654
0.380181633276519,0.261096129111944,0.63380957559102
0.386029678581923,0.26144020168275,0.633616054465632
0.391950166173478,0.261863684973763,0.633470250375575
0.397927457898162,0.262370039687899,0.633374031018825
0.403945196572306,0.262961019750311,0.633328912740111
0.409986706610275,0.263635974296093,0.633336092635149
0.416035148316841,0.264391684760598,0.633396433331106
0.422073419710651,0.265222751270295,0.633510385643118
0.428083850361655,0.266122504321945,0.633677843785361
0.434047783695748,0.267084362663446,0.633897942861869
0.439945194160381,0.268103470317684,0.634168829159628
0.445754518503663,0.269178329113769,0.634487457159865
0.451452870083066,0.270312034644843,0.634849484771114
0.457016726327288,0.271512693334527,0.635249336969254
0.462423031887158,0.272792722227332,0.635680476007406
0.467650489914635,0.274167032680675,0.636135854417263
0.472680705867944,0.275650483751005,0.636608457137047
0.47749887339125,0.277255274701856,0.637091797563102
0.482093848030209,0.278988965120785,0.637580245556047
0.486457660118692,0.280853554563925,0.638069128028356
0.490584672482305,0.282845672747848,0.63855462073307
0.494470640751916,0.284957617387192,0.639033506655773
0.498111898663029,0.287178833376942,0.639502895501261
0.501504814431579,0.289497441600893,0.639959986066877
0.50464558727214,0.291901524613917,0.640401924726363
0.507530392366091,0.29437998942473,0.64082578234741
0.510155835258345,0.296922918266159,0.641228644878413
0.512519631165794,0.299521384092741,0.641607789737717
0.514621372097908,0.302166766276108,0.641960899438874
0.516463186907271,0.304849675407643,0.642286246265786
0.518050056860157,0.30755869338941,0.642582773137835
0.519389558345359,0.310279237453803,0.642850006149634
0.520490903189093,0.312992911668387,0.643087772495672
0.521363342609513,0.31567764955053,0.643295760986993
0.522014236707992,0.31830874602705,0.643473029489468
0.522447254064991,0.320860584992169,0.643617599746319
0.522661153022287,0.323308630301719,0.643726260416745
0.522649400758777,0.325631192198296,0.643794630871876
0.522400613588195,0.327810624864826,0.643817457986011
0.521899589697063,0.329833852497034,0.643789064449515
0.521128629749204,0.331692330536744,0.643703855493917
0.520068886112192,0.333381652884246,0.643556811009846
0.518701585986548,0.334901019043798,0.643343921686624
0.51700907652278,0.336252719960932,0.643062554590138
0.514975708060482,0.337441730511645,0.64271174838457
0.512588597195019,0.338475434913367,0.642292441186856
0.509838301053028,0.339363466378783,0.641807628408404
0.506719400103318,0.340117612574271,0.641262438755164
0.503230944034377,0.340751720737628,0.640664109186291
0.499376680419269,0.341281529584799,0.640021839167555
0.495164976445022,0.34172436110421,0.639346514619385
0.490608374654654,0.342098627177219,0.638650312953534
0.485722795661844,0.342423143416948,0.637946227317408
0.480526496501544,0.342716289929169,0.637247570607325
0.475038976529689,0.342995103927958,0.636567526821191
0.469280054270435,0.343274418432341,0.635918803012486
0.463269298750644,0.3435661653163,0.635313403507814
0.4570258995301,0.343878938150554,0.634762511541805
0.450568940469255,0.344217867407011,0.634276436456515
0.443917947662913,0.344584809017235,0.633864575789358
0.437093540527175,0.344978799257586,0.633535350713236
0.430118028315873,0.345396693389908,0.633296093044739
0.423015843144537,0.345833886278218,0.633152883067717
0.415813757940487,0.346285009062591,0.633110352884697
0.408540881952342,0.346744502914916,0.633171477588574
0.401228447443722,0.347206985200964,0.633337377822912
0.393909401113563,0.347667344265448,0.633607155762413
0.38661780294894,0.348120529123873,0.633977785354221
0.379388028262345,0.348561044340365,0.634444078108097
0.372253779775434,0.348982221345678,0.634998746523872
0.365246954757566,0.349375411163731,0.635632584856204
0.358396475527092,0.349729312604425,0.636334776943572
0.351727261968389,0.350029682415215,0.637093320578236
0.345259567801128,0.350259631781784,0.637895529386036
0.339008878734357,0.350400576873726,0.638728545131969
0.332986460043467,0.350433706242414,0.639579779407527
0.327200467924647,0.35034163503629,0.64043721530659
0.321657372415241,0.350109833041943,0.641289537577868
0.316363358096828,0.349727489385711,0.642126109813077
0.311325407361734,0.349187672709291,0.642936858117676
0.306551899921509,0.348486863269354,0.643712136897928
0.302052713149184,0.34762408282326,0.644442642438045
0.297838920410926,0.346599895925503,0.64511941409183
0.293922234020592,0.345415523159827,0.645733934520131
0.290314335768239,0.344072234296781,0.646278318143827
0.287026205055845,0.34257111254648,0.646745563651643
0.284067517870558,0.340913212295646,0.647129839070579
0.281446161924836,0.339100073367235,0.647426763791832
0.279167899834093,0.337134495262824,0.647633648189329
0.277236208614349,0.335021412671407,0.647749649097211
0.275652320344601,0.332768657684781,0.64777580242561
0.274415474054425,0.330387369037827,0.647714908116179
0.273523354610495,0.32789184623048,0.647571270711526
0.272972643571548,0.325298764770299,0.6473503368512
0.27275955783059,0.322625847356557,0.647058305346642
0.272880231767111,0.319890259001852,0.646701798176179
0.273330826433126,0.317107082115641,0.646287661404463
0.274107319215469,0.314288188584601,0.645822920032261
0.275205009302248,0.311441685177148,0.645314860670345
0.27661783409494,0.308571938025434,0.644771181804516
0.278337611947607,0.305680051167106,0.64420014282555
0.280353312468148,0.302764615862035,0.643610655797657
0.28265042588363,0.299822555563457,0.643012286837773
0.285210476058206,0.296849939668967,0.642415156540679
0.288010708641026,0.293842699784408,0.641829745335778
0.291023987419752,0.290797235584344,0.641266619202044
0.294218941790616,0.287710933292954,0.64073609588036
0.29756041486613,0.284582635276976,0.64024787453856
0.301010252826861,0.281413095911026,0.639810654732567
0.304528443033761,0.278205441625408,0.639431773557878
0.308074552586745,0.274965629166013,0.639116891101621
0.311609354363157,0.271702873336787,0.638869750945992
0.315096477586519,0.2684299995748,0.638692033104119
0.318503906064983,0.265163669127857,0.638583303241277
0.321805176353455,0.261924423865108,0.638541049248446
0.324980187152849,0.258736502793229,0.63856078954163
0.328015595804529,0.255627396007762,0.638636238887428
0.33090482643443,0.252627128260096,0.638759524341977
0.333647740812407,0.249767303863138,0.638921450140131
0.336250034165863,0.247079988534632,0.639111811230031
0.338722425187233,0.244596537596521,0.639319749584892
0.341079718170564,0.2423464912937,0.639534138331707
0.343339823781813,0.240356643058449,0.639743970630644
0.345522827716066,0.238650351381966,0.639938726601344
0.347650188326331,0.237247121717424,0.640108693720569
0.349744123169353,0.236162442267766,0.640245223350718
0.351827211552868,0.235407824065109,0.640340916543355
0.353922199469578,0.234990975199902,0.640389743656831
0.356051951048182,0.234916032578143,0.64038711219231
0.358239455664429,0.235183781993632,0.640329903218342
0.360507782594668,0.23579181707492,0.640216496926341
0.362879884638388,0.236734616090822,0.640046801546941
0.365378191511701,0.23800354662568,0.639822288228248
0.368023995121772,0.23958683349778,0.639546021004179
0.370836693296527,0.241469537645529,0.639222660466197
0.373833003043007,0.243633589881615,0.638858416406626
0.377026262533148,0.246057906377933,0.638460930020305
0.380425911810364,0.248718590519004,0.638039078086426
0.384037190083345,0.251589207384821,0.637602705259586
0.387861033650883,0.254641108472376,0.637162301453398
0.391894120455017,0.257843786287544,0.636728646574731
0.396128992762861,0.261165248176446,0.63631244447121
0.400554196735958,0.264572411318985,0.635923963797107
0.405154399610901,0.268031531538802,0.6355726981388
0.409910473506779,0.271508683828623,0.63526705337407
0.414799562311481,0.274970310121261,0.635014068089155
0.419795169201721,0.278383839358151,0.634819173088103
0.424867313267267,0.281718367770138,0.634685997815917
0.429982802105464,0.28494536689684,0.634616233527829
0.435105652887484,0.288039368329494,0.634609563766275
0.440197669718384,0.290978563116701,0.634663670998478
0.4452191553782,0.29374525468315,0.634774323754038
0.450129707957721,0.296326118522221,0.634935541907308
0.454889034681064,0.298712247448687,0.635139830356705
0.45945771127689,0.300898991954861,0.635378465134387
0.463797826570828,0.302885633660662,0.635641812513669
0.467873475328774,0.304674949189235,0.635919661736106
0.471651091668267,0.306272728045449,0.636201555271983
0.475099643627512,0.30768730086866,0.636477105898713
0.478190730887192,0.308929116620954,0.63673629572437
0.480898638663469,0.310010383701504,0.636969757046633
0.483200400410103,0.310944766164464,0.637169037500771
0.485075911404805,0.311747107369788,0.637326851850274
0.486508117306093,0.312433143758851,0.63743732022285
0.487483280239376,0.313019173732858,0.63749618840123
0.487991304096847,0.313521661206546,0.637501021093575
0.488026084255664,0.313956777502244,0.637451355118535
0.48758583653515,0.31433991245445,0.637348796958699
0.486673355231556,0.314685207091407,0.63719704850566
0.485296147880995,0.315005167695817,0.637001846104413
0.483466393892998,0.315310410452992,0.636770801639668
0.481200678915422,0.315609560230737,0.636513141498314
0.478519475134549,0.315909295416601,0.636239350892782
0.475446376935266,0.31621450425434,0.635960746550711
0.472007157968233,0.316528504673052,0.635689016158372
0.46822877116064,0.316853281064667,0.635435771685955
0.464138441365281,0.317189704422023,0.635212160405934
0.459762984137916,0.317537721116131,0.635028561753246
0.455128427725114,0.317896515193479,0.634894375848215
0.450259941974351,0.318264665571416,0.634817888976742
0.445182014550107,0.318640329682347,0.634806189094227
0.439918778267686,0.319021486016945,0.634865102477788
0.434494384589864,0.319406257052361,0.634999129031414
0.428933328577744,0.319793310411728,0.635211364958
0.423260649713705,0.320182302401349,0.635503414402629
0.417501955809707,0.320574291906647,0.635875303870274
0.411683244582868,0.320972026725013,0.636325422495757
0.405830532550392,0.321380003507636,0.636850514924225
0.399969342741032,0.321804236254614,0.637445749019278
0.394124142305984,0.322251733475824,0.63810486717166
0.388317842882781,0.322729761118781,0.638820410648877
0.382571467238771,0.323245028339109,0.639583987918877
0.376904044219515,0.323802952683968,0.640386547643503
0.37133273457909,0.324407134833142,0.641218619210864
0.365873135293053,0.3250591145906,0.64207049677865
0.360539678144983,0.325758412899747,0.642932360825453
0.35534603613813,0.326502810015306,0.64379434721931
0.350305472357314,0.327288778250092,0.644646583264166
0.345431097887201,0.328111979373846,0.645479211878213
0.340736035571773,0.328967745669979,0.646282420957034
0.336233506925636,0.329851481832072,0.647046488139988
0.331936867624161,0.3307589454005,0.647761844617962
0.327859614082794,0.331686382085347,0.648419157201295
0.324015373455198,0.332630507736218,0.649009426152627
0.320417875390784,0.333588341614066,0.649524097205935
0.317080891347182,0.33455690814704,0.649955188106667
0.314018117948185,0.335532837430535,0.650295432233605
0.311242980736465,0.336511910351776,0.650538441797493
0.308768342729376,0.337488609029288,0.650678890871672
0.306606121619284,0.338455745030921,0.650712712626041
0.304766845754319,0.33940424052991,0.650637297240381
0.303259207102203,0.340323125934892,0.650451668817254
0.302089689048565,0.341199788321871,0.650156614801277
0.301262348863239,0.342020459765338,0.649754742861924
0.300778812709839,0.342770881782982,0.649250449521576
0.300638497660393,0.343437036200549,0.648649800375293
0.300839021872213,0.344005810504247,0.647960339049594
0.301376718769209,0.344465478304933,0.647190855063459
0.302247148373801,0.344805921934639,0.646351145362801
0.30344550466037,0.345018589866258,0.645451799676241
0.30496684501733,0.345096245212579,0.644504029140039
0.306806103839752,0.345032604251673,0.643519545179134
0.308957885375376,0.344821976651,0.642510484695606
0.31141605709758,0.344459002642457,0.64148936901706
0.314173187620619,0.343938543360693,0.640469076808107
0.317219899251454,0.343255726922228,0.639462804337623
0.320544238108854,0.342406093216345,0.63848398116946
0.324131197696535,0.341385726986785,0.637546109476149
0.327962545377998,0.340191240773067,0.636662506450659
0.332017068573701,0.338819491118058,0.635845955265289
0.336271261906723,0.337267001217661,0.635108306805301
0.340700334395181,0.335529213053485,0.634460107856815
0.345279285682735,0.333599854812294,0.633910341991452
0.349983757581599,0.331470807959417,0.633466344320404
0.354790452346897,0.329132818840113,0.633133895573563
0.3596770898773,0.326577189467235,0.632917436745563
0.364622059699543,0.323798236857333,0.632820300366042
0.369604012355176,0.320795948416262,0.632844848149113
0.374601587196261,0.317578065082758,0.632992441617413
0.379593333472117,0.314160946528954,0.633263237666819
0.384557749702889,0.310568995328831,0.633655865378888
0.389473324498902,0.30683291393717,0.634167074907377
0.394318513170242,0.302987366919762,0.634791444847706
0.399071667462287,0.299068614218547,0.635521205285028
0.403710989970614,0.295112471793611,0.636346201914871
0.408214591817656,0.291152721750188,0.637254005576693
0.412560707000145,0.287219949159306,0.638230161427687
0.416728079934453,0.283340742952961,0.639258566056505
0.420696505310793,0.279537222134296,0.640321952819639
0.424447464925287,0.275826885902164,0.641402453506557
0.427964777499126,0.27222280287867,0.642482190533639
0.43123516039514,0.268734137546608,0.643543843555244
0.43424860401191,0.265366966890461,0.644571133379452
0.436998484651309,0.262125285578168,0.645549177593142
0.439481387050459,0.259012056522093,0.64646469522709
0.441696662082307,0.256030153259153,0.647306066223253
0.443645793130401,0.253183066439666,0.648063277304482
0.445331672608026,0.250475300410794,0.648727801741994
0.446757892216391,0.247912449839497,0.649292463108571
0.447928130427849,0.245501002906176,0.649751323737954
0.4488456861981,0.243247954123608,0.650099621523048
0.449513174169878,0.241160325260915,0.650333760567236
0.449932368061802,0.239244690048751,0.650451345416768
0.450104164339453,0.237506785495888,0.650451239092253
0.450028635747812,0.235951277018483,0.650333621559539
0.449705151101324,0.234581729776298,0.65010002682765
0.44913255174093,0.233400823333819,0.649753342946236
0.448309388637522,0.232410826654139,0.64929776765966
0.447234233915927,0.231614318436462,0.648738722780955
0.445906080952545,0.23101508746423,0.648082741376115
0.444324833719319,0.230619079758248,0.647337351735972
0.442491857056856,0.230435188109085,0.646510987856695
0.440410520473091,0.230475636535677,0.645612953969606
0.438086633419063,0.230755740735047,0.644653457075457
0.435528662298751,0.231292956068979,0.643643696873619
0.432747657461375,0.232105339413475,0.642595974169841
0.429756899161334,0.233209767400341,0.641523759919784
0.426571361849552,0.234620356238079,0.640441669749753
0.423207147987115,0.236347446295099,0.639365315224663
0.419681026086294,0.238397277695179,0.638311042252194
0.416010135241507,0.240772207871732,0.637295600691725
0.412211838204348,0.24347114278878,0.636335802217129
0.408303670594696,0.246489854369481,0.635448210123534
0.404303367651739,0.249821028751826,0.634648871613522
0.40022901814995,0.253454120273031,0.633953067733256
0.396099419091059,0.257375211073431,0.633375039157915
0.391934625489403,0.26156701356102,0.632927656471429
0.387756535610899,0.266008993829182,0.632622031646373
0.383589229181545,0.270677512632821,0.632467096350927
0.379458780821386,0.275545948796657,0.632469194455023
0.375392422763273,0.280584902031029,0.632631750040841
0.37141716974698,0.28576263509223,0.632955073726074
0.3675582382192,0.291045851587274,0.633436350502437
0.363837685932488,0.296400760009176,0.634069811442231
0.360273619322563,0.301794239666034,0.634847045170679
0.35688010862783,0.307194872052344,0.635757375102592
0.35366772168786,0.312573646289972,0.636788227491627
0.350644436361178,0.317904254401502,0.637925438940321
0.347816657329699,0.323163008742339,0.639153485427404
0.345190121609625,0.328328498621444,0.640455644012524
0.342770575044213,0.333381138641187,0.641814116023896
0.340564191836306,0.338302752039876,0.643210146533861
0.338577765983706,0.343076294528656,0.644624172776404
0.336818724304924,0.347685775167208,0.646036027806829
0.335295005615961,0.352116382758866,0.647425217597361
0.334014833571676,0.356354784723216,0.648771280486069
0.332986394445275,0.360389532115576,0.650054226741704
0.33221742454749,0.364211480674196,0.651255042246903
0.331714719411475,0.367814126310879,0.652356224369885
0.33148359729783,0.371193758700152,0.653342302556527
0.331527376522316,0.374349362168099,0.654200285676971
0.331846949075456,0.37728223735186,0.654919977663866
0.332440539054394,0.379995375253371,0.65549411698232
0.333303715287775,0.382492670077622,0.655918322524237
0.334429681825089,0.384778097261172,0.656190864450837
0.335809809968618,0.386854995004958,0.656312312760458
0.337434318163107,0.388725564671964,0.656285138204243
0.339292972218679,0.390390657168887,0.656113342809787
0.341375679983086,0.391849850128233,0.655802179032256
0.34367288799773,0.393101761600881,0.655357984664267
0.346175740228896,0.39414450533248,0.654788125650601
0.348876010650334,0.394976174561395,0.654101011364007
0.351765859539264,0.395595244986871,0.653306132553976
0.354837482528548,0.396000806761031,0.652414071982311
0.358082724669032,0.396192564797158,0.651436448999098
0.36149272576328,0.396170584116405,0.650385777871403
0.365057653742265,0.395934803491572,0.649275241991147
0.368766572010038,0.395484397439681,0.648118409327009
0.372607472467726,0.394817128784377,0.646928935022686
0.376567485279251,0.393928884987442,0.645720309641832
0.380633245022712,0.392813605744718,0.644505710256687
0.384791353957189,0.391463758827391,0.643297991035673
0.389028847940339,0.38987139742498,0.642109811010962
0.393333556754602,0.38802966513618,0.640953849897363
0.397694272502224,0.385934470409985,0.639843026800756
0.402100696104511,0.383586000045012,0.638790628885291
0.406543202214675,0.380989809221909,0.637810282740419
0.411012517272994,0.37815737974165,0.636915748863505
0.415499421772448,0.375106206308472,0.63612056829736
0.419994561669686,0.371859584964551,0.635437621463832
0.424488396311631,0.368446303481032,0.634878664760882
0.428971238287752,0.364900369214527,0.634453893779546
0.433433270617923,0.361260773291534,0.634171553006144
0.4378643764076,0.357571110460582,0.63403758290337
0.442253613171913,0.353878703672133,0.63405527884068
0.446588247864698,0.350232815038162,0.634224943746796
0.450852464909568,0.346681684366662,0.634543552616179
0.455026122520469,0.34326859046291,0.635004501042194
0.459084107430283,0.340027745331478,0.635597548664552
0.462996739059336,0.336981232810899,0.636309052122825
0.466731274604901,0.334138015387399,0.637122501634515
0.470254095446838,0.33149526357932,0.638019273386192
0.473532920807431,0.329041379930012,0.638979450197937
0.476538505577381,0.326759625213917,0.639982574112269
0.47924558751865,0.32463136417739,0.641008253060235
0.481633135782723,0.322638394657889,0.642036606272275
0.483684102962197,0.320764276185703,0.643048572824401
0.485384905404055,0.318994848345792,0.644026122078704
0.486724811303579,0.317318214600986,0.64495240328872
0.487695354993984,0.315724436260417,0.645811863968368
0.488289844775402,0.314205108219521,0.646590358267176
0.488502996838342,0.312752918035483,0.647275259404769
0.488330707026989,0.311361240115603,0.647855584355029
0.487769960169622,0.310023788426037,0.648322133845479
0.486818869081022,0.30873433878052,0.648667645850586
0.485476828466565,0.307486528835216,0.648886955670498
0.48374476073532,0.306273744588379,0.648977150368409
0.481625420429646,0.305089101978365,0.648937700194347
0.479123712697633,0.303925527985208,0.648770545657007
0.476246971634928,0.302775935960073,0.648480117515344
0.473005140661075,0.301633475191257,0.64807326972499
0.469410804280107,0.300491817752742,0.647559113468638
0.465479041477554,0.299345431472654,0.646948753514456
0.461227104272356,0.298189782364979,0.646254943937796
0.456673964220197,0.297021417640834,0.64549169472387
0.451839802770156,0.295837902086775,0.644673868860627
0.446745536907411,0.294637611391833,0.643816808086882
0.441412462019685,0.293419417119057,0.642936014220545
0.435862061912803,0.292182320055893,0.64204689580998
0.430115992043483,0.290925095595578,0.641164572713195
0.42419619975459,0.289646005861584,0.640303719399979
0.418125116744131,0.288342612193672,0.639478424367429
0.411925849948764,0.287011694293606,0.638702047658138
0.405622307552665,0.285649254990909,0.637987068292703
0.399239222907503,0.284250568313788,0.637344924651279
0.3928020733932,0.282810220107677,0.636785859573379
0.386336924408649,0.281322102387287,0.636318785484593
0.37987024917558,0.279779360995026,0.635951182082085
0.373428771643927,0.278174359332768,0.63568903125557
0.367039347025701,0.276498791430443,0.63553678460598
0.360728840722821,0.274744117946703,0.63549735312002
0.354523918648566,0.272902461442782,0.63557210991014
0.348450658557935,0.270967954769469,0.635760904673152
0.342533958285482,0.268938319910647,0.636062096444069
0.336796834718615,0.266816267712459,0.636472611527935
0.331259808914407,0.26461027895567,0.636988023919488
0.325940581077053,0.262334508094037,0.637602643079088
0.320854093982833,0.260007859650254,0.638309589714388
0.31601292739371,0.257652553259252,0.63910084891579
0.311427855174895,0.255292587011036,0.639967305420081
0.307108384153426,0.252952425036304,0.640898777137127
0.303063160442267,0.250656065469536,0.641884064362852
0.299300217992916,0.248426489058202,0.642911025243062
0.295827108511164,0.246285397298991,0.643966679081186
0.29265097552045,0.244253121771346,0.645037333099241
0.289778626392232,0.242348599922346,0.646108727058466
0.287216630622826,0.240589343792062,0.647166192760156
0.284971444268279,0.238991363194937,0.64819482955445
0.283049537616899,0.237569037656667,0.64917970016506
0.281457489705469,0.236334959123451,0.650106051720944
0.280202010912013,0.23529978762804,0.650959564127479
0.279289863361826,0.234472171077865,0.651726622381405
0.278727667075823,0.233858775308593,0.652394602527803
0.278521604152173,0.233464451296781,0.652952154717251
0.278677057884777,0.233292537216107,0.653389463299508
0.279198241166249,0.233345262247544,0.653698464528665
0.280087872413073,0.233624196331437,0.65387300755201
0.281346945198765,0.234130681901342,0.653908952900717
0.282974613704763,0.234866190912859,0.653804212355534
0.284968187412733,0.235832567464263,0.653558742543425
0.287323204456316,0.237032135249223,0.653174509751431
0.290033539447218,0.238467663089504,0.652655444450048
0.293091500377312,0.240142188535595,0.652007400899442
0.296487878394757,0.242058700986194,0.651238130718597
0.300211930759529,0.244219687528552,0.650357270091414
0.304251297545975,0.24662655305079,0.649376329270173
0.308591873744705,0.249278946105913,0.648308661482621
0.313217677307542,0.252174054360241,0.64716937857271
0.318110766583297,0.255305972319584,0.645975176363066
0.323251262275953,0.258665274759063,0.644744038419843
0.32861751421661,0.262238930588131,0.643494806082784
0.334186420229344,0.266010644721602,0.642246634135588
0.339933859241032,0.26996161747372,0.641018386945902
0.345835159375581,0.27407158842333,0.63982805464102
0.351865504439376,0.278319935184718,0.638692268961686
0.358000201367768,0.282686575057594,0.637625970456436
0.364214781570842,0.287152483047697,0.63664223395626
0.370484969143057,0.2916997630095,0.635752217733887
0.376786593411156,0.296311335954942,0.63496517991463
0.383095537638698,0.300970396970736,0.634288508127666
0.389387799674964,0.305659823769207,0.633727728502792
0.39563970377401,0.310361704766952,0.633286486505785
0.401828257569167,0.315057111593857,0.632966514883314
0.407931604021052,0.31972618624317,0.632767617377791
0.413929482186576,0.324348555165237,0.632687699034954
0.419803589257443,0.328904024367921,0.632722865667931
0.425537736214372,0.333373453256224,0.632867598930761
0.431117716629954,0.337739656739868,0.63311499360331
0.43653086419151,0.341988156775557,0.633457025596179
0.441765352157959,0.346107610490749,0.633884808936345
0.446809368493335,0.350089792295434,0.634388802358231
0.451650356969575,0.353929099016721,0.634958942107395
0.456274521686244,0.357621659446182,0.635584702782628
0.460666739481967,0.361164228699981,0.636255113551593
0.464810924324015,0.364553099434462,0.636958772990212
0.46869077331031,0.367783248419202,0.637683906036609
0.472290734432245,0.370847865172356,0.638418491737047
0.475596999084716,0.373738307563156,0.639150467335024
0.478598341780629,0.37644443209103,0.639867991797672
0.481286689355535,0.378955180310697,0.640559737118276
0.483657376296795,0.381259277642356,0.641215171395337
0.485709108377909,0.383345911405483,0.641824802346393
0.487443700094878,0.385205287998341,0.642380359917136
0.488865669664812,0.386829010565721,0.642874908156497
0.489981772776818,0.388210257717933,0.643302886742494
0.490800540460617,0.389343775819727,0.643660090201059
0.49133186455098,0.390225720770737,0.643943597785447
0.491586651660569,0.390853400542795,0.644151669528544
0.491576547514057,0.391224978366026,0.644283624791373
0.491313719879251,0.391339197913189,0.644339718889423
0.490810682039322,0.391195185903832,0.644321031326809
0.490080139448449,0.390792372681226,0.64422937553665
0.489134849285802,0.390130548695698,0.644067235073445
0.487987493253096,0.389210047699206,0.643837725430727
0.486650573818341,0.388032021360944,0.643544574967066
0.485136349491429,0.386598752466858,0.643192114268467
0.483456822731172,0.384913949666998,0.642785261632552
0.481623784758939,0.382982976819529,0.642329493598034
0.479648907356752,0.380812990331575,0.641830792970937
0.477543856643359,0.378412981718485,0.641295571433991
0.475320391087844,0.375793741823648,0.64073056801665
0.472990398673124,0.372967773411244,0.640142727699466
0.470565827491563,0.369949177838643,0.639539065862058
0.468058471898505,0.366753531265423,0.638926524730817
0.465479594370618,0.363397750104265,0.63831182819964
0.462839393052172,0.359899929569926,0.637701342119977
0.460146366072308,0.356279128958015,0.637100948595342
0.457406670625181,0.352555077982215,0.636515944475406
0.454623614836802,0.348747793538914,0.635950974958688
0.451797434710445,0.344877124448711,0.63541001144119
0.448925476870404,0.340962275456895,0.63489637732922
0.446002825822323,0.337021387225146,0.634412816835977
0.443023297506806,0.333071252020297,0.633961592062705
0.439980611666934,0.329127217835458,0.633544586768838
0.436869500460707,0.325203284030126,0.633163394623338
0.433686535002814,0.321312338431337,0.632819376272136
0.430430543711367,0.317466450603087,0.632513680795816
0.427102613897384,0.313677130194224,0.632247238440027
0.423705769018084,0.309955481002285,0.632020738886813
0.420244469397461,0.306312218471619,0.631834610840447
0.416724091976285,0.30275755748421,0.631689015038258
0.413150516861136,0.299301009010505,0.631583856089
0.409529901924889,0.295951144346529,0.631518811204722
0.405868675092838,0.292715393710754,0.631493367855356
0.402173725529336,0.289599942586172,0.631506858866611
0.398452734279315,0.286609774904723,0.631558483135744
0.39471455534499,0.283748887493045,0.6316473030942
0.390969543482098,0.281020666849562,0.631772215900496
0.387229729275122,0.278428381761651,0.63193190300892
0.383508767687438,0.275975711291704,0.632124770390055
0.379821631256782,0.273667207234471,0.632348896953299
0.376184075160007,0.271508591987292,0.632602009530911
0.372611954904895,0.269506820144655,0.632881498156053
0.369120513367397,0.267669879874567,0.633184476167355
0.365723761400602,0.266006365317548,0.633507878560968
0.362434053185144,0.264524897671536,0.633848582524175
0.359261911447494,0.263233497153402,0.634203529215245
0.35621610290941,0.262139005812936,0.634569826827182
0.353303915787168,0.26124663648095,0.634944820925666
0.350531559324258,0.26055968654867,0.635326126622169
0.347904593599234,0.260079418566946,0.635711625618574
0.345428303592807,0.259805081740137,0.636099437448169
0.343107948931166,0.259734033264427,0.63648787736042
0.340948844311255,0.259861915837597,0.636875413262293
0.338956251909544,0.260182854459583,0.63726063156246
0.337135095028652,0.260689647689086,0.637642217509966
0.335489531974645,0.261373941723231,0.638018950522415
0.33402245994432,0.262226386643225,0.638389709885189
0.332735046621064,0.263236780548914,0.638753481987849
0.33162640400207,0.264394208216014,0.639109357990153
0.330693513159731,0.265687177180814,0.639456511536258
0.329931470633321,0.267103748545117,0.639794150408923
0.329334056758978,0.268631655637766,0.640121443334168
0.32889453942765,0.270258403488591,0.640437431536611
0.32860655401843,0.271971346240625,0.640740941056945
0.328464872920791,0.273757746197976,0.641030513587435
0.328465910135426,0.275604824640613,0.641304369837286
0.328607884308645,0.277499819162679,0.641560411938395
0.328890654306295,0.279430064969356,0.641796263315691
0.329315311568136,0.28138311846268,0.642009338719324
0.329883645864264,0.283346940106606,0.642196934922323
0.330597597225183,0.285310148401737,0.642356333431201
0.33145878059046,0.287262346063573,0.642484908736671
0.332468136062424,0.289194502301972,0.642580237516851
0.333625726552731,0.291099352849697,0.642640204835944
0.334930680915871,0.292971756290946,0.642663102306885
0.336381263064646,0.294808928607012,0.64264771132599
0.337975034870539,0.296610477061956,0.642593363001867
0.339709070769798,0.298378176104313,0.642499966730342
0.341580176978494,0.300115475313704,0.642368002805526
0.343585070351353,0.30182679097749,0.642198480168636
0.345720482815074,0.303516691225811,0.641992867189954
0.347983175320783,0.305189117356193,0.641753008791391
0.350369865772431,0.306846777258775,0.641481045085976
0.352877091608997,0.308490802913179,0.641179344549579
0.355501035627999,0.310120699557329,0.640850459356678
0.358237342641696,0.311734551729975,0.640497103868065
0.361080947252352,0.313329408172431,0.640122151404404
0.364025923634794,0.314901749838767,0.639728640626389
0.367065360368568,0.316447949497783,0.639319781429449
0.370191259285826,0.31796464918339,0.63889895092393
0.37339445756917,0.319449004715788,0.638469672262751
0.376664576545178,0.320898769203254,0.638035572221183
0.379990007503731,0.32231220795228,0.637600317176618
0.383357951980845,0.323687855847263,0.637167531184761
0.386754540147788,0.325024147726708,0.63674070410937
0.390165050790264,0.326318971901453,0.636323101528148
0.393574249201063,0.327569217209971,0.635917690877996
0.396966841763889,0.32877039984934,0.635527098801778
0.400328019190109,0.329916461169133,0.635153611850137
0.403644028984587,0.330999814138547,0.634799225935385
0.406902690899928,0.332011679887002,0.634465739771369
0.410093758350702,0.332942699398206,0.634154876075018
0.413209043045148,0.3337837414066,0.633868405005214
0.41624226058887,0.334526775212737,0.633608240809056
0.419188611907522,0.335165655586677,0.633376487036985
0.422044171387845,0.335696685812646,0.633175417248444
0.424805189799484,0.336118879152615,0.63300739334139
0.427467428695224,0.336433910900379,0.632874737705056
0.430025625454221,0.336645820749327,0.632779584340369
0.432473156079176,0.336760571230593,0.632723736234022
0.434801930260617,0.3367855848714,0.632708552329733
0.43700252966416,0.33672937153415,0.632734879571878
0.439064587624669,0.336601323728375,0.632803036051889
0.440977400514152,0.336411707786772,0.632912841975354
0.442730747445153,0.336171818835555,0.633063686957057
0.444315865305872,0.335894205833725,0.63325461569793
0.445726476840246,0.335592823794708,0.633484410350771
0.446959710980099,0.335282954241665,0.633751648328804
0.448016714559912,0.334980772423211,0.634054720415071
0.448902769723766,0.334702536579486,0.634391805775696
0.449626824710348,0.334463506745803,0.634760814886936
0.450200500077921,0.334276814931311,0.635159322748182
0.45063678635817,0.334152547610077,0.635584517571102
0.450948729879591,0.334097241883642,0.636033183053514
0.451148375728626,0.334113867760541,0.636501719436489
0.451246124895382,0.33420223306786,0.63698619645818
0.451250527856275,0.334359658504394,0.63748242483773
0.451168434651534,0.334581746690591,0.637986032766178
0.451005374846325,0.334863096504822,0.638492537715084
0.450766041593131,0.335197865607238,0.638997408717077
0.450454780232504,0.335580137588059,0.639496118139294
0.450076013149672,0.336004094115178,0.639984184225127
0.449634557856096,0.336464023747856,0.640457206623275
0.449135812582355,0.336954218559232,0.640910897325404
0.448585796838824,0.337468818675638,0.641341109364662
0.447991048403881,0.338001663921001,0.641743865430682
0.447358395739384,0.338546201386715,0.642115388203041
0.446694644319753,0.339095479455752,0.64245213349804
0.446006231659815,0.339642235996493,0.642750826286065
0.445298912722233,0.340179066121033,0.643008498415844
0.444577531180863,0.340698638200933,0.643222525871807
0.443845913636957,0.341193919142691,0.643390662854086
0.443106898733883,0.341658371886269,0.643511070178838
0.442362488445141,0.3420860977036,0.643582336272951
0.441614090314002,0.342471909806197,0.643603490197838
0.440862811209539,0.342811339178599,0.643574007070722
0.440109762411738,0.3431005857263,0.643493806879882
0.439356342242156,0.343336435811417,0.643363247717138
0.438604470778996,0.343516171401257,0.64318311514961
0.437856758877688,0.34363749557428,0.642954609753577
0.43711659886759,0.343698494257078,0.64267933482455
0.436388167192644,0.343697645847097,0.642359285921159
0.435676329727584,0.343633878804251,0.641996843688653
0.434986442743025,0.343506665435931,0.641594770790817
0.434324047179554,0.34331612730631,0.641156212825525
0.43369446434462,0.343063117373142,0.640684701590422
0.433102318003551,0.342749238638417,0.640184157177417
0.432551029675442,0.342376762187644,0.639658883534522
0.432042356001868,0.341948421565109,0.639113551015018
0.431576051304907,0.341467085725003,0.638553159842601
0.431149735448672,0.340935345491112,0.637982980892257
0.430759019937627,0.340355080260194,0.637408474647082
0.430397894536665,0.339727091329189,0.636835194505972
0.43005931407834,0.339050886072753,0.636268685002496
0.429735870831151,0.338324670218029,0.635714387006822
0.429420412532167,0.337545560587836,0.635177559736778
0.429106480473062,0.336709982509593,0.634663224055736
0.428788490526106,0.335814179982269,0.634176125106006
0.428461645006604,0.33485475099711,0.633720707136525
0.428121624690203,0.333829123225012,0.633301090991275
0.427764154502871,0.332735897944384,0.632921045476045
0.427384558765583,0.331575005245672,0.632583947180344
0.426977422991631,0.33034763057329,0.632292728417631
0.42653646109659,0.329055900700443,0.632049818782822
0.426054649488334,0.32770236213564,0.631857091175309
0.425524636045342,0.326289346398761,0.631715826328963
0.424939367580315,0.324818373349811,0.631626709013532
0.424292818508485,0.323289767903,0.631589863098388
0.423580664021573,0.321702631587648,0.631604922478393
0.422800741184736,0.32005521688353,0.631671123690273
0.42195318846314,0.318345627905283,0.631787398436894
0.421040237062835,0.316572665588513,0.631952443799564
0.420065717384793,0.314736594058281,0.63216475519778
0.419034407689671,0.312839642005644,0.63242261913494
0.417951369573702,0.310886145963974,0.632724074522394
0.416821387927851,0.308882347692726,0.633066858719262
0.415648580683694,0.306835936570566,0.633448355744686
0.414436189061399,0.304755462553705,0.633865560439973
0.413186518771834,0.302649740207081,0.63431506614563
0.411900982814094,0.3005273354881,0.634793077201713
0.410580195055186,0.298396190915007,0.635295442922025
0.409224074627373,0.296263412529094,0.635817707244578
0.407831937783795,0.294135218113394,0.63635516784315
0.406402570950839,0.292017030152349,0.636902939498314
0.404934292753778,0.289913686509188,0.637456018265252
0.403425021670693,0.28782973418049,0.638009344809415
0.401872368686682,0.285769765358697,0.638557866739189
0.400273770775035,0.283738750590352,0.639096600558372
0.39862667205183,0.281742322477742,0.63962069389583
0.396928746884638,0.279786967790409,0.6401254880088
0.39517814583007,0.277880095378442,0.640606579505137
0.393373734493282,0.276029965125305,0.641059879080035
0.391515290266007,0.274245483282357,0.641481664318741
0.389603624438663,0.272535889889807,0.641868623544944
0.38764060733615,0.270910379114105,0.642217888428843
0.385629089842601,0.269377699658691,0.642527054535563
0.383572732315193,0.267945779027613,0.642794190751862
0.381475767748559,0.266621404180314,0.643017840166069
0.379342737407324,0.265409976107194,0.64319701605753
0.377178242887245,0.2643153419965,0.643331196824669
0.374986759183739,0.263339699668867,0.643420322955451
0.372772549752447,0.262483567052656,0.643464797474244
0.370539717364093,0.261745814273002,0.643465488942853
0.368292413107096,0.261123765173633,0.643423733273289
0.366035208897008,0.260613385237856,0.643341327668934
0.363773613065556,0.260209577365346,0.64322050784065
0.361514675583858,0.259906602406745,0.643063898869504
0.359267590512919,0.259698621315405,0.642874432257576
0.35704416900424,0.259580321802966,0.642655227282315
0.354859042026548,0.259547550252326,0.642409443926251
0.3527294758845,0.259597834309351,0.642140125476064
0.350674755557765,0.259730672953905,0.641850057439117
0.348715200595446,0.259947504137707,0.641541671021762
0.346870990336754,0.260251334290785,0.641217010971746
0.345161040751033,0.260646104996,0.64087777077861
0.343602161471738,0.261135944055492,0.640525379364691
0.342208629301424,0.261724470238189,0.640161110614569
0.340992188682687,0.262414289869875,0.639786185381499
0.339962376198593,0.263206758154604,0.639401844166227
0.339127003288416,0.264102007150226,0.639009382692135
0.338492623745817,0.265099187205942,0.638610156171682
0.338064847269535,0.266196836732348,0.638205567160006
0.337848418090856,0.267393283388821,0.637797055000315
0.337847043058716,0.268686981760244,0.637386102314971
0.33806301709262,0.270076704429641,0.636974266995913
0.338496748848498,0.271561525266669,0.636563238377496
0.339146327396216,0.273140568190104,0.636154905949355
0.340007280977888,0.274812542309215,0.635751420829519
0.341072651257083,0.276575139184054,0.635355227245754
0.342333438976248,0.278424415723544,0.634969045505906
0.343779382430906,0.280354308101679,0.634595799174656
0.345399936518199,0.282356403964964,0.63423849425272
0.347185260110016,0.284420042508017,0.633900071851943
0.349127015409324,0.286532732499737,0.633583263149579
0.35121883487886,0.288680804698066,0.633290473888036
0.353456398150409,0.290850171503144,0.633023716543433
0.355837151920104,0.293027063043662,0.632784595389048
0.358359773820398,0.295198638970713,0.632574337507271
0.361023513864157,0.297353422938782,0.632393854599841
0.363827545626588,0.299481554852562,0.632243817423766
0.366770433856036,0.301574892300894,0.632124726290616
0.369849787835682,0.303627012002497,0.632036965779081
0.373062130071794,0.305633164814937,0.631980837905049
0.376402973220609,0.307590227179641,0.631956574017152
0.379867066797454,0.3094966722205,0.631964330597773
0.383448750042228,0.311352560007568,0.632004177271818
0.387142329745666,0.313159524220763,0.632076086261935
0.390942394819844,0.314920717547353,0.632179931138224
0.394843986484976,0.316640676119779,0.632315499194186
0.398842567673768,0.318325076570689,0.632482516792584
0.402933775112815,0.319980386209457,0.632680681757485
0.407112987007271,0.321613439082903,0.632909692849542
0.411374784474793,0.32323099693866,0.633169265051319
0.415712411905662,0.324839363863603,0.633459121552541
0.42011734036309,0.326444111419208,0.633778958532931
0.42457900970924,0.3280499428429,0.634128385384338
0.429084779379632,0.329660687325354,0.634506848760566
0.433620071492623,0.331279382390467,0.634913551924376
0.438168657180957,0.332908380797743,0.635347380698728
0.442713024634862,0.334549412201749,0.635806844548533
0.447234773731044,0.33620353889153,0.636290037286704
0.451714999918589,0.337870967544078,0.636794618012835
0.456134650189679,0.339550712946388,0.637317810077756
0.460474849042636,0.341240152153165,0.637856414445582
0.464717198264126,0.342934552908948,0.638406833672736
0.468844050982674,0.344626697871657,0.638965103542811
0.472838751028089,0.346306740847281,0.639526930784682
0.476685819084641,0.347962407015323,0.640087736844195
0.480371063601861,0.349579579267557,0.640642708760227
0.483881600944392,0.351143210107167,0.641186858222763
0.48720578546169,0.352638397714326,0.641715088698511
0.490333070480761,0.354051408740267,0.642222268615025
0.493253837688372,0.35537044608197,0.642703307130572
0.495959238718884,0.356586040634723,0.643153229010696
0.498441086708421,0.35769105526753,0.643567246553876
0.50069182070069,0.35868038407056,0.64394082861486
0.502704547391737,0.359550482856225,0.644269768325845
0.504473147947238,0.360298874253768,0.644550251366947
0.50599242514442,0.360923745212271,0.644778925463763
0.507258258964343,0.361423713963001,0.644952969765906
0.50826773501071,0.36179780011844,0.645070160190282
0.509019210023564,0.362045592840083,0.645128924534318
0.509512281568482,0.362167578932543,0.645128379519485
0.509747634846687,0.362165564200003,0.645068341224171
0.509726752753119,0.362043099213448,0.644949301874565
0.509451495028369,0.361805806778737,0.644772369694658
0.508923579408855,0.361461509659844,0.644539174939262
0.508144026777543,0.361020079296088,0.64425175323525
0.507112655456228,0.360492971921041,0.643912424940145
0.505827717077801,0.359892481907032,0.643523693570318
0.504285751134445,0.359230808252536,0.643088185058485
0.502481697878368,0.358519078479103,0.642608642009019
0.500409259501263,0.357766487928748,0.642087975116105
0.498061452666614,0.356979686629096,0.641529361274162
0.495431265355177,0.356162490198435,0.640936368591195
0.492512324350863,0.355315924905928,0.640313084905663
0.489299494339058,0.354438559350563,0.639664228514755
0.485789356916113,0.353527038230765,0.638995225727396
0.481980548457888,0.352576719827481,0.638312247090564
0.477873962173036,0.351582323312596,0.63762220054132
0.47347283851906,0.350538507352187,0.636932684201935
0.468782778610336,0.349440320960602,0.636251903730691
0.463811718632991,0.348283487354468,0.635588559442279
0.458569900611037,0.347064500803486,0.634951707398187
0.453069866805405,0.345780536596926,0.63435059708062
0.447326491647474,0.344429197354971,0.633794486910212
0.441357046738909,0.343008145887472,0.633292438610513
0.435181272795803,0.341514703202486,0.632853093038135
0.428821412268412,0.339945513107634,0.632484433989785
0.422302145156873,0.338296381097781,0.632193552118887
0.415650376758194,0.336562373909693,0.63198642662108
0.408894853989668,0.334738213261008,0.631867744886272
0.402065631408192,0.332818922630239,0.631840777210326
0.395193453222777,0.330800613396881,0.631907314410082
0.388309143230401,0.328681254701841,0.632067663613798
0.381443087631851,0.326461277301598,0.632320686796948
0.374624858690272,0.324143910942758,0.632663862490561
0.367882976779828,0.321735224018251,0.633093354957496
0.361244765015896,0.319243895597174,0.633604084672701
0.354736228409216,0.316680785437951,0.634189804750877
0.348381892094111,0.314058375074343,0.634843195905305
0.342204556722048,0.311390142250957,0.635555995078438
0.336224966003833,0.308689915855553,0.636319169324814
0.330461423269364,0.305971250063867,0.637123137449249
0.32492943165608,0.303246858755538,0.63795802904467
0.319641455528849,0.300528160433517,0.638813956968134
0.314606898662717,0.297824989677521,0.639681269144021
0.309832360860553,0.295145521947328,0.640550743531425
0.305322172766994,0.292496427988756,0.641413699056922
0.301079135212656,0.289883226998155,0.642262014384777
0.297105330832357,0.287310760196158,0.643088069794042
0.293402855449131,0.284783678409367,0.643884646646214
0.289974342834188,0.282306840552152,0.644644826818412
0.286823218160518,0.279885552575824,0.645361928657517
0.283953685495963,0.27752562219638,0.646029500630589
0.281370511903344,0.27523324739208,0.646641374999929
0.279078700180106,0.273014784001452,0.647191768225855
0.277083144274453,0.270876447950751,0.647675405790875
0.275388343585489,0.268824005154837,0.648087647273087
0.273998224494418,0.266862493522645,0.648424591275406
0.272916087200505,0.264996011801293,0.648683147080313
0.272144667725897,0.263227601377763,0.648861068616766
0.271686281219173,0.261559239245957,0.6489569548067
0.271542995086566,0.259991951274776,0.648970227237072
0.271716769910309,0.258526042319165,0.64890110053492
0.27220950589885,0.257161423303191,0.648750561591522
0.273022944458997,0.255897995603457,0.6485203705121
0.274158397284729,0.254736036421222,0.648213089374265
0.275616309084623,0.253676518268017,0.647832135127776
0.277395696341486,0.252721299924767,0.647381842949119
0.279493536123923,0.251873146206429,0.64686751848067
0.281904197874173,0.251135567603333,0.646295454007885
0.284619010513089,0.250512509690466,0.645672886496162
0.287626037142813,0.250007955323934,0.645007884051754
0.290910094458899,0.249625520121411,0.644309159889133
0.294453013052663,0.249368119185798,0.643585825964402
0.298234098263123,0.249237762918089,0.642847108727673
0.302230726641158,0.249235509749491,0.642102054712444
0.306419003781711,0.249361573343089,0.641359253244159
0.31077441329643,0.249615558417925,0.640626598519912
0.315272400128899,0.249996786285693,0.639911105530235
0.319888849472209,0.250504667441888,0.639218785895738
0.324600442170855,0.251139080653046,0.638554582326741
0.329384887206123,0.25190072168503,0.637922355178301
0.334221051137312,0.252791387080581,0.63732491198188
0.339089021675417,0.253814158283042,0.636764070969907
0.343970154832862,0.254973451261591,0.636240751921889
0.348847157188028,0.25627490099988,0.635755091040193
0.353704242366251,0.257725064013849,0.635306579249716
0.358527372993044,0.25933094751635,0.634894223583499
0.363304562062801,0.26109940732713,0.6345167282522
0.368026172952994,0.263036487821933,0.634172686388481
0.372685139111043,0.265146793503059,0.63386076769016
0.377277031426617,0.267432975309862,0.633579884100668
0.381799931734912,0.269895387427014,0.633329317003026
0.386254113535625,0.272531933322664,0.633108794808422
0.390641571034788,0.275338086695872,0.632918517299476
0.39496546388391,0.278307053208483,0.63275913024666
0.399229553550043,0.281430033340649,0.632631659112834
0.403437700555748,0.284696550537156,0.632537413698109
0.407593475213063,0.288094814988279,0.632477876760768
0.411699913008215,0.291612096853175,0.632454589510662
0.415759422781186,0.295235081786878,0.632469045674521
0.41977383306286,0.298950178365433,0.63252260347774
0.423744540945483,0.302743744185949,0.632616421281721
0.427672710547593,0.306602201354217,0.632751417706571
0.431559458357319,0.310512023644846,0.63292825163547
0.435405963895162,0.314459598486513,0.633147312626829
0.439213458828849,0.318430992957049,0.633408709498959
0.442983074986419,0.322411676864212,0.633712245434146
0.446715565522668,0.326386270660462,0.634057372137199
0.450410945523461,0.330338383721273,0.634443122483485
0.454068118223368,0.334250590224145,0.6348680285605
0.457684555364813,0.338104559904048,0.635330037723404
0.461256085035223,0.341881328706309,0.635826441505529
0.46477681349803,0.345561668912863,0.636353830518064
0.468239177791258,0.349126505376673,0.636908083702749
0.471634101257966,0.352557324916108,0.637484394119494
0.474951209619341,0.35583653653842,0.638077327585855
0.478179062019672,0.3589477559644,0.638680906224722
0.48130535812486,0.361876004051558,0.639288706938632
0.484317095925586,0.364607821778996,0.639893965047822
0.487200671949461,0.367131312750347,0.640489675400098
0.489941933126105,0.369436127746851,0.641068686617907
0.492526204380354,0.37151340555359,0.641623788032855
0.494938325400935,0.373355681767263,0.642147792510032
0.497162731480023,0.374956774393264,0.642633620993941
0.499183605324745,0.376311653260205,0.643074395488225
0.500985110310307,0.377416300818121,0.64346354599382
0.502551693952357,0.378267574443963,0.643794933736769
0.503868429547387,0.378863083918749,0.644062988634471
0.504921350350797,0.379201100116816,0.644262854568889
0.505697729076179,0.379280510179491,0.644390532960092
0.506186266738802,0.379100829481636,0.644443014229962
0.506377175501408,0.378662272007162,0.64441838812768
0.506262163918804,0.377965870134037,0.644315926911204
0.505834353492668,0.377013624944326,0.644136139052961
0.50508816782229,0.375808661146547,0.643880794372511
0.504019238236161,0.374355358090964,0.643552923654261
0.502624363148193,0.372659430461362,0.643156796590389
0.500901545200679,0.370727938921423,0.642697881522791
0.498850113159405,0.368569221325911,0.64218278921778
0.496470917390121,0.366192748121406,0.64161920122311
0.493766570724318,0.363608919683997,0.64101578153766
0.490741692896427,0.36082883649132,0.640382068728463
0.487403109067979,0.357864082341612,0.639728344677631
0.483759953879921,0.354726562906712,0.639065476288208
0.479823644449956,0.351428434202748,0.638404728207732
0.475607708758108,0.347982137598705,0.637757548013211
0.471127485889033,0.344400532724801,0.637135329746726
0.466399743809715,0.340697093776885,0.636549166017712
0.46144227890056,0.336886116269604,0.63600960162584
0.456273562150887,0.332982876451333,0.635526401838821
0.450912479062706,0.329003695706327,0.635108346143913
0.445378180246926,0.324965883262786,0.634763054542341
0.43969002788438,0.320887555147794,0.634496849761638
0.433867599458007,0.316787348634636,0.63431465629035
0.427930699949143,0.312684065371239,0.63421993624962
0.421899337627852,0.308596282482448,0.634214662371925
0.415793633427701,0.304541971011941,0.634299328824322
0.409633654731625,0.300538157516065,0.634473000302607
0.403439186310913,0.296600658983049,0.634733398133397
0.39722946968517,0.292743913818737,0.63507701900134
0.391022953854668,0.288980921784832,0.63549927803185
0.384837102723766,0.285323293081361,0.635994664453503
0.378688296698569,0.281781391880712,0.636556896285469
0.372591849092118,0.278364544890558,0.637179061438207
0.366562135714005,0.27508127461978,0.63785373644107
0.360612813678,0.271939513367523,0.638573079919431
0.354757088763777,0.268946759482751,0.639328904283807
0.349007983795201,0.266110151190212,0.640112734035373
0.343378564675398,0.263436451692181,0.640915861285288
0.337882094074194,0.260931957704691,0.641729408053709
0.332532100878815,0.258602357673008,0.642544401282682
0.327342371663256,0.256452573646125,0.643351861387753
0.322326884373031,0.254486621558979,0.64414290010644
0.317499711955375,0.25270752082511,0.644908819546965
0.312874924312015,0.251117275738697,0.645641202643916
0.308466511835625,0.249716941947854,0.646331985940398
0.304288344452841,0.248506779953556,0.646973508879913
0.300354168699942,0.247486485373569,0.64755853909488
0.296677633767037,0.246655472367115,0.648080279777664
0.293272327729786,0.246013173183369,0.648532371814582
0.29015179925856,0.245559305507645,0.648908908285733
0.287329539862034,0.245294053906615,0.64920448023763
0.284818908262595,0.245218116377307,0.649414268763537
0.282632991257432,0.245332584453754,0.649534189019397
0.28078441181037,0.245638654565763,0.649561078359502
0.279285110319548,0.246137203173508,0.649492906922705
0.278146133808529,0.2468282885697,0.649328979345798
0.277377466719829,0.247710657891323,0.649070094572259
0.276987926032748,0.248781332993216,0.648718638011684
0.276985126313104,0.250035324928796,0.648278594233021
0.277375502731978,0.251465491836258,0.64775548424785
0.278164366732877,0.253062519424798,0.647156244464347
0.279355962628544,0.254814976172978,0.646489071246014
0.280953493502134,0.256709381967491,0.645763254947171
0.28295908941576,0.258730231090976,0.644989021522868
0.285373697359373,0.260859927953236,0.644177390748247
0.288196878536894,0.263078625732186,0.643340050383169
0.291426504093464,0.265364002118678,0.642489237540447
0.295058346909234,0.267691057457068,0.641637613667154
0.299085578424425,0.27003206775211,0.640798118673405
0.303498200118225,0.272356850477668,0.639983792653054
0.308282469776206,0.274633483423983,0.63920755954195
0.313420415575665,0.276829541079796,0.638481974657472
0.318889549826718,0.278913784655378,0.637818945771701
0.324662881034901,0.280858095375842,0.6372294433331
0.33070927174918,0.282639332407117,0.63672321795999
0.336994115091763,0.284240778443531,0.636308541774059
0.343480234483618,0.285652923603562,0.635991985784659
0.350128875762799,0.286873499668945,0.635778240898283
0.356900667567209,0.287906848664029,0.63566998723787
0.36375646380347,0.288762832268991,0.635667815579409
0.370658030987024,0.28945553186645,0.635770204658842
0.377568584629502,0.290001959244732,0.635973557588287
0.384453202477104,0.290420924606039,0.636272299014112
0.391279146852593,0.290732125814274,0.636659031963189
0.398016118514305,0.290955456204352,0.637124749753242
0.404636448108547,0.291110489403548,0.637659094164949
0.411115216174234,0.291216088300232,0.638250646744057
0.417430284365995,0.291290094306947,0.638887236397109
0.423562221883269,0.291349072599111,0.639556244443931
0.429494121280777,0.291408109844406,0.640244888868253
0.435211313701354,0.291480676099482,0.640940473084372
0.44070100983881,0.291578568374396,0.641630590539707
0.445951904863426,0.291711949488051,0.642303283689878
0.450953789620751,0.291889484795925,0.642947162594839
0.455697205718215,0.292118565314713,0.643551493035468
0.460173171043969,0.292405592736289,0.644106266017317
0.464372987586621,0.292756292991575,0.644602259635688
0.468288129884916,0.293176021462567,0.645031101630936
0.471910202411643,0.293670024419819,0.645385337515045
0.475230949751164,0.294243627111906,0.645658506148709
0.478242304272557,0.294902327298694,0.645845222658328
0.480936461452929,0.295651784611224,0.645941267872996
0.483305980925501,0.296497710320971,0.645943683545708
0.485343919915853,0.297445679678876,0.645850872897635
0.487044012170185,0.298500909414537,0.645662705484444
0.48840090783699,0.299668063532634,0.645380623519083
0.489410485826163,0.300951165539766,0.645007743366244
0.490070239348001,0.302353696083139,0.644548941670703
0.49037971908171,0.303878932693683,0.644010912019491
0.490341000804145,0.305530538108413,0.643402177123411
0.489959130498911,0.307313330000649,0.642733044556757
0.489242493937916,0.309234083373785,0.642015500866338
0.488203058492549,0.311302149887838,0.641263046834214
0.486856435896855,0.313529647206551,0.640490481851144
0.485221709040856,0.315930989904967,0.639713644531204
0.483320954060937,0.318521609616434,0.638949109488584
0.481178387621763,0.321315852834317,0.638213830733107
0.478819108784159,0.324324251035311,0.637524718153232
0.476267511358912,0.327550601183553,0.636898143025442
0.473545604928161,0.330989491526518,0.636349393672214
0.470671628112398,0.334624932315789,0.63589213431303
0.467659356540949,0.338430517432649,0.635537940007843
0.464518336423428,0.342371105131948,0.635295971867054
0.461254971370604,0.346405566369456,0.635172820332004
0.457874113258583,0.350489923441053,0.635172500477706
0.454380695794706,0.354580259790166,0.635296555411796
0.450781023715769,0.358635020445416,0.635544220883078
0.447083510059597,0.362616577878837,0.635912618032581
0.443298838627785,0.366492106746864,0.636396957679119
0.43943966041105,0.370233881627895,0.636990749470821
0.435519999131422,0.373819124099563,0.637686011403743
0.431554553106328,0.377229520522102,0.638473473302226
0.427558053675573,0.38045052893383,0.639342766262349
0.423544789362384,0.383470592074622,0.640282591363268
0.419528344499694,0.386280365390866,0.641280865234273
0.415521545317613,0.388872048141761,0.642324845614689
0.411536566142568,0.391238873524459,0.643401244659096
0.407585128144428,0.393374776482962,0.644496339806877
0.403678721597377,0.395274223893019,0.64559609119045
0.399828794271691,0.396932167495826,0.646686271529251
0.396046866461359,0.398344068133111,0.647752610589759
0.392344551591358,0.399505939902959,0.648780952918095
0.388733477148149,0.400414371943578,0.64975742551591
0.385225113028272,0.401066500291016,0.65066861172669
0.381830524891662,0.401459919252065,0.651501728304314
0.378560078589166,0.401592538643373,0.652244803950721
0.375423131826315,0.401462408265542,0.65288685833463
0.372427757486127,0.401067542267183,0.653418080320625
0.369580548641195,0.400405781889898,0.653830002384789
0.366886553453814,0.399474734103096,0.654115665608067
0.364349375331682,0.398271814057628,0.654269766879078
0.36197144822013,0.396794401903844,0.654288778479694
0.359754462175211,0.395040101963779,0.654171031015564
0.35769987905286,0.393007069936529,0.653916753953962
0.355809453442032,0.39069435905187,0.65352807340412
0.354085669467312,0.388102233625111,0.653008972333858
0.352532021680433,0.385232409969418,0.652365222635872
0.351153101160156,0.382088206674227,0.651604300280664
0.349954485416736,0.378674610590591,0.650735293464953
0.348942459588615,0.374998286456526,0.649768810859873
0.348123612684441,0.37106756982876,0.648716892634572
0.347504356088238,0.366892483918566,0.647592921973285
0.347090407938555,0.362484811090798,0.646411529437865
0.34688628299003,0.357858230740436,0.645188477003815
0.346894827543199,0.353028509829369,0.643940503919218
0.3471168436484,0.348013704337955,0.642685114394414
0.347550851283781,0.342834306260591,0.641440290330296
0.348193033797385,0.337513260387544,0.64022412291864
0.349037392417644,0.332075787262438,0.63905437503405
0.350076097584697,0.326548986997157,0.637948007779788
0.351299976098776,0.320961255291999,0.636920721341373
0.352699031047717,0.315341598233369,0.635986563931432
0.35426287599372,0.309718961911241,0.635157649073278
0.355980985852066,0.304121682073097,0.634443995041128
0.357842718023688,0.298577112402253,0.633853471671236
0.359837119283619,0.293111428765884,0.633391820278781
0.361952585673971,0.287749555904423,0.633062707867326
0.364176471589662,0.282515138625063,0.632867785719328
0.366494748912818,0.27743048396775,0.632806738570322
0.368891803395757,0.272516425916177,0.632877326945579
0.371350430693269,0.267792097681212,0.633075437103694
0.373852063059099,0.263274626947831,0.633395158534571
0.376377221815496,0.25897878971563,0.633828908337495
0.378906153279065,0.254916668767402,0.634367615921185
0.381419574083317,0.251097371681209,0.635000970716958
0.383899435101397,0.247526879836123,0.635717720334486
0.38632961444318,0.244208117907192,0.636505989511446
0.388696460987714,0.24114132470254,0.637353578121625
0.390989120963003,0.238324744279627,0.638248197415007
0.393199595212046,0.235755554076097,0.639177619858087
0.395322507764709,0.233430857399042,0.640129742881792
0.397354619563551,0.231348540349227,0.64109258983509
0.399294176620964,0.229507836142504,0.64205428470663
0.401140214696131,0.227909524751586,0.643003038448456
0.402891939840123,0.226555785225188,0.643927176028145
0.404548270598487,0.225449784913269,0.644815218789457
0.406107578888365,0.224595123623221,0.645656020786552
0.407567619427282,0.223995253446447,0.646438944344254
0.408925603150581,0.22365297623952,0.647154051450101
0.410178352274736,0.223570091258176,0.647792284518746
0.411322471974384,0.223747233850205,0.648345612173385
0.412354482138315,0.224183916804664,0.648807122084184
0.4132708684681,0.224878759723145,0.649171052578188
0.414068032633239,0.225829867306655,0.649432766668041
0.414742144661961,0.227035293616196,0.649588685000012
0.415288925346485,0.228493507592827,0.6496362058166
0.415703409199441,0.23020375963588,0.649573647627606
0.415979753858584,0.232166248009946,0.649400250320673
0.416111163724424,0.234382005284488,0.649116260388893
0.416089978436516,0.236852471417972,0.648723105847034
0.415907941165258,0.239578788709545,0.648223638887328
0.415556616364606,0.242560922296959,0.647622398758812
0.415027886577705,0.245796756018536,0.646925832987543
0.41431444035336,0.249281315810708,0.646142419529259
0.41341017268851,0.253006233237255,0.645282653395685
0.412310450302885,0.256959497357984,0.644358890470938
0.411012233925333,0.26112547783226,0.643385068414633
0.409514085530537,0.265485155018502,0.642376342099294
0.407816111643031,0.270016471233589,0.641348676401805
0.405919901668841,0.27469471794442,0.640318434186105
0.40382851371398,0.279492888437641,0.639301985792223
0.401546543040983,0.284381946920487,0.638315352456345
0.399080284892034,0.289330990371508,0.637373883189641
0.396437979126029,0.294307311901936,0.636491955264402
0.393630104663772,0.299276419381416,0.635682684923193
0.39066968078761,0.3042021220538,0.634957639228608
0.387572529061876,0.309046858753666,0.634326552996622
0.384357447672303,0.313772472452885,0.633797074450579
0.38104624225606,0.318341591338312,0.633374582910869
0.377663545932983,0.322719620901262,0.633062130425582
0.374236364514539,0.326877098615016,0.632860545566257
0.370793326135492,0.330791905749442,0.632768698552737
0.367363703125275,0.334450721540695,0.632783874853843
0.363976370458551,0.337849262107689,0.632902165698803
0.360658904570016,0.340991241586753,0.633118783135247
0.357436969386104,0.343886427373689,0.633428247517011
0.354334010777619,0.346548397231595,0.633824453475891
0.351371161611657,0.348992545732316,0.634300664702874
0.348567209155093,0.351234626502486,0.6348495007011
0.345938504464062,0.35328983507333,0.635462963850101
0.34349876773635,0.355172262364583,0.63613252759629
0.341258824240435,0.356894508011847,0.636849279806734
0.339226364720707,0.358467297491623,0.637604096305931
0.337405849100594,0.359899044124902,0.638387810580852
0.335798658966545,0.361195394640626,0.639191346860173
0.33440355537702,0.362358867241175,0.640005794490316
0.333217424228081,0.363388716616642,0.640822419311101
0.332236211133555,0.364281133672126,0.64163262771194
0.331455886730126,0.365029815442382,0.642427914729561
0.330873264246931,0.365626845380955,0.643199833102758
0.330486523508525,0.366063739529404,0.643940013383922
0.330295369389944,0.36633247135002,0.644640248751011
0.330300842605173,0.366426301645585,0.645292638464367
0.330504877132507,0.366340301197716,0.645889767874791
0.330909741305127,0.366071536758018,0.646424894809581
0.331517503936728,0.365618967286758,0.64689211261277
0.332329641071005,0.364983148003804,0.647286466963261
0.333346856754599,0.364165859638674,0.647604013777801
0.334569144013041,0.363169774360956,0.647841816703083
0.335996066484449,0.361998246550898,0.647997893436631
0.33762719881373,0.36065528291056,0.648071129680976
0.339462626254449,0.359145706185208,0.648061186978068
0.341503375323547,0.357475482189527,0.647968434307155
0.343751636502042,0.35565213537917,0.647793931083694
0.346210659439935,0.353685142101112,0.647539478856183
0.348884258120535,0.351586177745596,0.647207740947625
0.351775955756226,0.34936911229553,0.646802406111221
0.354887900849681,0.347049706988251,0.646328352205027
0.358219761851158,0.344645042589274,0.645791756826915
0.361767824755663,0.342172783719055,0.645200109208252
0.365524466133458,0.339650423749258,0.64456210010523
0.369478075722691,0.337094647519315,0.643887395232475
0.37361339677696,0.334520902304674,0.643186322695761
0.377912175122423,0.331943203166208,0.642469518269904
0.382353974909973,0.329374140840058,0.641747573083538
0.386917026413057,0.326825023585517,0.641030719423413
0.391579002087309,0.324306072775678,0.64032857740205
0.396317654197513,0.321826601260127,0.639649972354153
0.401111278460966,0.319395126128713,0.639002822392038
0.40593898911336,0.317019396079221,0.638394087767404
0.410780803078165,0.31470634205758,0.637829768037877
0.415617539853054,0.312461983498791,0.63731492876507
0.420430554632578,0.310291337262145,0.636853736738413
0.425201338147192,0.308198378822887,0.636449482439462
0.429911036681871,0.306186093615736,0.636104571933937
0.434539964532253,0.304256632024978,0.635820478314697
0.439067191162391,0.302411550151195,0.63559765446941
0.443470280128095,0.300652089482396,0.635435421833797
0.447725234648713,0.298979431867577,0.635331860274266
0.451806670143742,0.297394867855834,0.63528372903167
0.455688196555359,0.295899836010431,0.635286446233715
0.459342963035855,0.294495821428273,0.635334145749468
0.462744301468016,0.293184133615077,0.635419817950145
0.465866404318538,0.29196560865832,0.635535528643918
0.468684982412385,0.290840293884914,0.635672700713086
0.471177862678724,0.289807174701534,0.635822436982807
0.473325498298571,0.288863995474587,0.635975860390344
0.475111370317486,0.288007211989782,0.636124447686851
0.476522260216945,0.287232094291838,0.636260334733384
0.477548370016531,0.286532976599844,0.636376574482673
0.478183265088704,0.285903626352319,0.636467333063485
0.478423620477761,0.285337679008993,0.636528015402289
0.478268768553977,0.28482906265905,0.63655531975492
0.477720075722882,0.284372322513523,0.636547229906966
0.476780215560549,0.283962757030704,0.636502963153073
0.475452446479037,0.283596300871982,0.636422899023453
0.473740030196452,0.28326913697841,0.636308515239625
0.471645927623667,0.282977084835976,0.636162351448539
0.469172870849149,0.282714879023551,0.635988007969303
0.466323835293368,0.282475499329825,0.635790169225277
0.463102842481933,0.282249720648304,0.635574625505435
0.459515940881406,0.282026009341799,0.635348258447877
0.455572168900319,0.281790813336752,0.635118958812278
0.451284315139486,0.281529201802918,0.634895458754612
0.446669349816405,0.281225736311191,0.634687079790885
0.441748485179364,0.280865418709306,0.634503415200431
0.436546904589293,0.280434565633095,0.634353976494607
0.431093259452216,0.279921496278981,0.63424783568291
0.425419061156325,0.279316973640877,0.634193289449881
0.419558091852933,0.278614395656451,0.634197561018262
0.413545928707314,0.277809781504464,0.634266544096264
0.407419628292751,0.276901633363677,0.634404584342717
0.401217559432961,0.275890771009488,0.634614289942468
0.39497931475663,0.274780232282589,0.63489636563138
0.388745587770981,0.273575305029043,0.635249473399628
0.382557889382545,0.272283708344479,0.635670135209822
0.376458006982588,0.270915883024124,0.63615270319699
0.370487178863885,0.269485300565094,0.636689425191933
0.364685046943303,0.268008676277827,0.637270624628639
0.359088528289843,0.266505986639913,0.637884995494185
0.353730779726544,0.265000239921196,0.638519991426424
0.348640407191597,0.263517012957002,0.639162271726204
0.343841005239794,0.262083821098087,0.639798161638895
0.339351030485636,0.260729415074531,0.640414090380414
0.335183944594715,0.259483093997452,0.640996984049185
0.331348524328714,0.258374096483785,0.641534605968918
0.327849229724997,0.257431095515593,0.642015849419112
0.324686538926176,0.256681789451512,0.64243099457673
0.321857188593387,0.256152559056361,0.642771942410369
0.319354292730688,0.255868150734258,0.643032434314747
0.317167344854181,0.255851348493653,0.643208258911728
0.315282136166433,0.256122608892697,0.643297438398098
0.313680644364525,0.256699650924116,0.643300378004698
0.312340962473679,0.257597012826906,0.643219955624512
0.311237341749092,0.258825605647496,0.643061526790819
0.310340413996786,0.260392303966211,0.64283282480766
0.309617634979408,0.262299612679761,0.642543747451812
0.309033955519619,0.264545433030435,0.642206038111987
0.308552690513562,0.267122924446192,0.641832885559778
0.30813653270335,0.270020431458528,0.641438476314047
0.307748659196742,0.273221431957414,0.641037531929054
0.307353903925113,0.276704477169586,0.640644850626609
0.306920003161467,0.280443138357013,0.64027485444757
0.306418938769683,0.284406039505677,0.639941129103452
0.30582838263794,0.288557116140167,0.639655942658079
0.30513317888722,0.292856269950438,0.639429744634996
0.304326703193524,0.297260563823723,0.639270675682456
0.303411846280108,0.301726012000133,0.639184149815438
0.302401327044077,0.306209875089266,0.639172593119404
0.301317089640645,0.310673201646417,0.63923542161546
0.30018869180732,0.315083216828643,0.639369309120136
0.299050821401706,0.319415098917766,0.639568735895039
0.297940315433495,0.323652745409876,0.639826735816487
0.296893212199003,0.32778831706799,0.640135698680239
0.295942372166748,0.331820622327932,0.640488061221731
0.295116041762102,0.335752688201415,0.640876750380172
0.294437460015464,0.339589062037021,0.641295318945002
0.293925325238415,0.343333425636762,0.641737808733486
0.293594752796513,0.346986964006404,0.642198452074421
0.293458320325158,0.350547675169991,0.642671350915267
0.293526894379747,0.354010539680783,0.643150250657417
0.293810093097776,0.357368280778445,0.643628471252048
0.294316388821677,0.360612376242498,0.644098997671985
0.29505294994331,0.363734013040289,0.644554685749071
0.296025357355396,0.366724761173694,0.644988515446147
0.297237325011855,0.369576843012184,0.645393820377658
0.298690528020765,0.372282967122845,0.645764434402971
0.300384609700503,0.374835777630377,0.64609471870466
0.302317405988295,0.377227045916139,0.646379463008303
0.304485389271157,0.379446801781066,0.646613690038806
0.3068842912053,0.381482653573594,0.646792427824024
0.309509817326018,0.383319553919093,0.646910540187931
0.312358326093428,0.384940198598312,0.646962708283327
0.315427329685313,0.386326090996087,0.646943624947415
0.318715699487937,0.387459099917715,0.646848401808006
0.32222352673511,0.388323166184627,0.646673117554747
0.325951677165507,0.388905757781239,0.646415386014777
0.329901153618901,0.38919876352919,0.646074817364353
0.334072413763092,0.389198702880572,0.645653284343596
0.338464774805475,0.388906323529673,0.645154965837601
0.343075987042814,0.388325785919647,0.644586195808847
0.347901996831556,0.387463671770486,0.643955179226027
0.35293686722073,0.386328023233674,0.643271645283175
0.358172792121304,0.384927557147606,0.642546498207091
0.363600130063335,0.383271135714489,0.641791506286656
0.369207393866126,0.381367526172304,0.641019047657922
0.374981158532281,0.37922544941353,0.640241911145499
0.380905886740204,0.376853894006265,0.639473134092091
0.386963713853529,0.374262648089048,0.638725847828611
0.393134274290506,0.371462970082739,0.63801309678254
0.399394675980745,0.368468281397411,0.637347601505129
0.40571972468789,0.365294732317943,0.636741450789099
0.412082453875323,0.361961487490122,0.636205732394083
0.418454931357188,0.358490619646672,0.635750139263173
0.424809215639339,0.354906591244369,0.635382607383142
0.431118263786817,0.351235416555075,0.635109041850734
0.437356585976638,0.34750368386995,0.634933166269825
0.443500508032607,0.343737638168696,0.634856495944413
0.44952801427359,0.339962471857484,0.634878403428856
0.455418252529094,0.336201874993045,0.63499622954021
0.461150854213066,0.332477801902358,0.635205397987582
0.466705243935826,0.32881035246525,0.635499511828022
0.472060096830477,0.325217654594392,0.63587043526104
0.477193066838034,0.32171566192284,0.636308386188294
0.482080869795966,0.318317831958157,0.636802078258077
0.486699765185462,0.315034709916003,0.637338953423869
0.491026434830082,0.311873499887824,0.637905536440551
0.495039198281088,0.308837747093853,0.638487921147997
0.498719429302603,0.305927271235027,0.639072366271635
0.502052954371211,0.303138469234365,0.63964594066566
0.505031147523035,0.300465037630262,0.640197124315556
0.507651424799303,0.297899055237473,0.640716256200915
0.509916925855068,0.295432242325506,0.641195737503911
0.511835358663498,0.293057123242889,0.641629953083418
0.513417229658498,0.290767817975134,0.642014952215387
0.514673885674443,0.288560295510186,0.642348000258591
0.515615854332313,0.28643210126443,0.642627143128983
0.516251850494828,0.284381741344288,0.64285090216362
0.516588578384467,0.28240799260369,0.643018153026805
0.5166312142759,0.280509384799217,0.643128171189688
0.516384295420378,0.278684000762908,0.643180776969047
0.51585269672143,0.27692961765553,0.643176496687031
0.515042421613937,0.275244111697342,0.643116668053369
0.513961022867635,0.273625989115381,0.643003445157967
0.512617565298567,0.272074885875214,0.642839689926871
0.511022129879576,0.270591888288518,0.642628765837971
0.509184936974264,0.269179558214074,0.642374273127196
0.50711524065204,0.267841598333232,0.642079781204181
0.504820215508063,0.266582165870977,0.641748621354213
0.502304105960483,0.265404934058627,0.641383797144168
0.499567905245842,0.264312093597352,0.640988047551598
0.496609746117217,0.263303548845169,0.640564059014897
0.493426012111048,0.262376555493013,0.64011477594397
0.490012961405417,0.261525945050853,0.639643721948166
0.48636848167997,0.260744907311464,0.639155234568699
0.482493549099829,0.260026122609685,0.63865454256599
0.478393072487873,0.259362931707883,0.63814766660519
0.474076010358087,0.25875024602861,0.637641178188609
0.469554857383697,0.258185016308133,0.637141885746958
0.464844729963948,0.257666232382918,0.636656521775797
0.459962313787241,0.257194558162584,0.636191486244569
0.454924892459099,0.256771779881208,0.635752672115532
0.449749597619039,0.256400260255133,0.635345370971672
0.444452942956642,0.256082562174694,0.634974237581541
0.439050645850284,0.255821351042274,0.634643283684063
0.433557703724561,0.255619616403249,0.634355872152671
0.427988671090062,0.255481176248661,0.634114690752763
0.422358068512195,0.255411346168271,0.633921697683803
0.416680840012058,0.255417582958671,0.633778046563625
0.410972760608352,0.25550987256238,0.633684013124718
0.405250688580694,0.255700655374636,0.633638955046071
0.3995325707839,0.256004185646127,0.63364133528783
0.393837155128872,0.256435388617816,0.633688825850541
0.388183439768457,0.257008450188948,0.633778486132961
0.382589970555411,0.257735473158982,0.633906986476204
0.377074150187992,0.25862551377839,0.634070833159012
0.371651715416081,0.259684184965664,0.634266552280853
0.366336473599618,0.260913840464545,0.634490805627469
0.361140298750386,0.262314207841208,0.634740434547297
0.356073312153583,0.263883258213191,0.635012448954097
0.351144140982999,0.2656180881307,0.635303991184008
0.346360162008863,0.267515621044521,0.63561230637698
0.341727680363568,0.269572986190963,0.635934743798542
0.337252044451027,0.271787486193594,0.636268800145909
0.332937740687553,0.274156119654544,0.636612199492285
0.328788535345164,0.276674689604397,0.63696298785442
0.324807729127911,0.279336612212121,0.637319606549794
0.320998560078935,0.282131642341233,0.637680901973116
0.317364734125108,0.285044832194166,0.638046035714916
0.313910992787109,0.288056088497706,0.638414282242412
0.310643571327841,0.29114062979641,0.63878473961429
0.307570392998697,0.294270431391679,0.63915601925398
0.304700907858175,0.297416423754534,0.639526002634486
0.302045601797773,0.300550918741387,0.639891738710091
0.299615317918046,0.303649639056565,0.640249508076783
0.297420588289339,0.306692884491109,0.640595022039632
0.295471148080543,0.309665692862994,0.640923686462637
0.293775723434635,0.312557171231779,0.641230855827427
0.292342096394605,0.315359355087732,0.641512025736771
0.29117738795012,0.318065977068232,0.641762944954855
0.290288470888527,0.320671446345895,0.641979656539319
0.289682417393144,0.323170224258142,0.642158495587541
0.289366888799729,0.32555667578725,0.642296078917013
0.289350378230629,0.327825394005633,0.642389322213412
0.289642220551085,0.329971929298082,0.642435514631099
0.290252294770517,0.331993794790487,0.642432469713925
0.291190372106418,0.333891557196907,0.642378754202486
0.292465117281876,0.335669765014651,0.642273973291354
0.294082833015679,0.337337436122987,0.642119065467171
0.296046133130471,0.338907858119439,0.641916539730225
0.298352805562569,0.340397574217765,0.64167058281202
0.30099513877569,0.341824630486065,0.641386982242034
0.303959903559501,0.343206390196787,0.641072852434048
0.307229017688806,0.344557382443137,0.64073620273997
0.310780732973093,0.345887661120213,0.640385427840837
0.314591053159019,0.347201993479775,0.64002881431091
0.318635068588482,0.348499946894085,0.639674139231222
0.322887974498193,0.349776709013073,0.639328398911554
0.327325674877936,0.351024341971113,0.638997666055571
0.33192500406461,0.352233153676236,0.63868704616483
0.33666368628333,0.353392934158082,0.638400693595164
0.341520188835836,0.3544939013742,0.638141851876717
0.346473616509278,0.355527289125792,0.637912895483185
0.351503758221178,0.356485572113299,0.637715364950433
0.356591344050366,0.357362361159062,0.637549999702712
0.361718508852502,0.358152026939126,0.63741678069328
0.366869392574753,0.358849135741716,0.637314996948648
0.372030744490199,0.359447812070381,0.637243346305453
0.377192353728882,0.359941174404511,0.637200071827223
0.38234712387639,0.360321003723745,0.637183123580432
0.387490666258566,0.360577775993334,0.637190324113126
0.392620407768644,0.360701107669632,0.637219509716248
0.397734363355532,0.360680544357481,0.637268622461772
0.402829848272798,0.360506513487615,0.637335740908684
0.407902439012269,0.360171214629943,0.637419056147122
0.412945414382815,0.359669258245393,0.637516816706239
0.417949756362454,0.358997962312855,0.637627273543012
0.422904632362217,0.358157325366416,0.637748652091514
0.427798172738395,0.357149769535122,0.637879164830249
0.432618318951628,0.355979770785146,0.638017060576144
0.437353535438365,0.354653474446106,0.638160691224764
0.441993226790444,0.353178352399708,0.638308566522563
0.446527761849352,0.351562913103532,0.638459364478509
0.450948071379211,0.34981643990999,0.638611870182919
