0.407865994598023,0.3065961716453,0.630999528980579
0.406904786025387,0.306637297772251,0.630982801496669
0.404986478694319,0.306719583161186,0.630955879858511
0.402119468326758,0.306843116443104,0.630931683598598
0.398316745793608,0.307008099192298,0.630929218583377
0.393596258405221,0.307214957334664,0.630973117318641
0.387981217037765,0.307464518242741,0.631093018136442
0.381500242602842,0.307758239303456,0.631322795594222
0.374187279110305,0.308098428126274,0.631699672373372
0.366081267311732,0.308488338366613,0.632263257550368
0.357225650125581,0.308931980026368,0.633054558561037
0.348607578861404,0.309376254074292,0.634000697724307
0.340258806429761,0.309819460818132,0.635082945116571
0.332208318068105,0.310258931354726,0.63628084920436
0.32448299085644,0.310690814923079,0.637572524607645
0.317107911194759,0.311110153316824,0.638934940918737
0.310106303122099,0.311511204781083,0.640344274362942
0.303499110038382,0.311887957100765,0.64177636227776
0.297304336944238,0.312234754778043,0.643207268563774
0.291536310158919,0.312546947115859,0.644613930946877
0.286205046294373,0.312821444229673,0.645974823775328
0.281315931185729,0.313057060303297,0.647270542048451
0.276869873515079,0.313254545990834,0.648484205718105
0.272864007050836,0.313416273604121,0.649601607629154
0.26929287668416,0.313545628616331,0.650611085054832
0.266149898245584,0.313646246605911,0.651503168161502
0.263428786646357,0.313721278248773,0.652270121759235
0.261124651111962,0.313772845446746,0.6529055207032
0.259234558992935,0.313801780240096,0.653403974862746
0.257757525742776,0.313807649520504,0.653761059505596
0.256694032403766,0.313788997220091,0.653973438924435
0.256045257857657,0.313743701837245,0.654039119975761
0.255812233676835,0.313669346207537,0.653957748556793
0.255995101031836,0.313563516225749,0.653730864516758
0.256592594641708,0.313423971587496,0.65336205140203
0.257601818982925,0.313248656384537,0.652856947039942
0.259018333891049,0.313035538689877,0.652223109733861
0.260836538262944,0.312782288170551,0.651469756931308
0.263050314206271,0.312485825454106,0.650607412389823
0.265653840412111,0.312141810415568,0.649647521357019
0.268642408487764,0.31174417604403,0.648602114918456
0.272013014009414,0.311284847420966,0.647483609907026
0.275764490744582,0.310753791539734,0.646304806210487
0.279897041024045,0.310139504206597,0.64507908748684
0.28441118065005,0.309429950837851,0.643820758976571
0.289306311377071,0.308613857615766,0.642545395294949
0.294579271822769,0.307682140113432,0.641270052398331
0.300223227777832,0.306629195539763,0.640013234696132
0.306227134734414,0.305453795486688,0.638794586553506
0.312575804258418,0.304159396489371,0.637634361238851
0.319250426600281,0.30275381767327,0.63655277461863
0.326229310535386,0.301248383693076,0.635569360043816
0.33348860356464,0.299656751908149,0.634702412357233
0.341002815321792,0.29799369797895,0.633968562057106
0.348745042854789,0.296274114436504,0.633382473803521
0.356686869399752,0.294512400906475,0.632956627785018
0.364797980668143,0.292722321272227,0.632701123497055
0.373045622807635,0.290917293503454,0.632623446839558
0.381394109347289,0.28911097417999,0.632728166156169
0.389804641719684,0.287317915560245,0.633016569932903
0.398235690554051,0.285554033998559,0.633486316916747
0.406644053574065,0.28383666674406,0.634131213271152
0.414986475232677,0.282184122274533,0.634941230867777
0.423221476516182,0.280614811324625,0.635902822246774
0.431310932299871,0.279146200763622,0.636999492777615
0.439221019325866,0.277793880076318,0.638212508437249
0.44692239569831,0.276570958072836,0.639521591570324
0.454389724950675,0.275487863090004,0.640905492744511
0.46160081334681,0.274552485486093,0.642342395579138
0.468535654219265,0.273770524233325,0.643810175987207
0.475175607843023,0.273145886656571,0.64528657571202
0.481502849479168,0.27268102086753,0.646749359972481
0.487500134085733,0.272377109115117,0.648176519026348
0.493150868912319,0.272234100093658,0.649546553403545
0.498439450681142,0.272250601606082,0.650838858749945
0.503351800950893,0.272423689651422,0.652034201195638
0.507876011908914,0.272748714729273,0.653115248899983
0.5120029912451,0.273219198288025,0.654067101468536
0.515726975246727,0.273826906187161,0.654877741262293
0.51904577616506,0.274562156909661,0.655538326346195
0.521960659108714,0.275414369236799,0.656043261672188
0.524475813624779,0.276372786147925,0.656390025814483
0.526597484204039,0.277427249603612,0.656578786914172
0.528332921449982,0.278568869667505,0.656611895158619
0.529689370949045,0.279790448187594,0.65649336793863
0.530673304233772,0.28108657854338,0.656228474861706
0.531290020640793,0.282453425118639,0.65582348723496
0.531543643979821,0.283888258349155,0.65528559963796
0.531437443300235,0.285388862493596,0.654622981609128
0.530974348628347,0.286952940163854,0.65384488933507
0.530157514549178,0.288577620384881,0.652961762847887
0.528990797118567,0.290259149703215,0.651985248101876
0.52747903951985,0.291992818804863,0.650928107537739
0.525628100704771,0.293773153051055,0.649804011125873
0.523444608195987,0.295594370621536,0.648627228894518
0.520935474089354,0.297451080167095,0.647412272949622
0.518107283598776,0.299339146829169,0.646173558492451
0.51496573930239,0.301256605150701,0.64492516292361
0.511515398197375,0.303204455826444,0.643680751621226
0.507759936941732,0.305187176659305,0.642453702226704
0.50370309292641,0.307212830130296,0.641257399248091
0.499350256998979,0.309292760122514,0.64010560479388
0.494710489559992,0.311440997728,0.639012767694232
0.489798578556208,0.313673569440342,0.637994136622242
0.484636717129512,0.316007859121665,0.637065595561587
0.479255443463774,0.318462012970372,0.63624321752434
0.473693590646211,0.321054164589255,0.635542598989808
0.467997082593499,0.323801122711727,0.634978070161049
0.462216502111637,0.326716244728807,0.634561877788029
0.456403544964825,0.329806580952517,0.634303428825614
0.450606829485716,0.333069904037359,0.63420868057605
0.444867949140402,0.336492608340088,0.634279758581023
0.439218831550944,0.340049328218167,0.634514852560134
0.433681140822733,0.343704465653557,0.634908374459627
0.428267722724682,0.347415058691149,0.635451292004571
0.422985372771149,0.351134062742489,0.636131523854212
0.417837896329495,0.354813286671994,0.636934316601439
0.412828587667287,0.358405657516032,0.637842591773529
0.407961674048655,0.361866843087915,0.638837306067843
0.403242707415866,0.365156391604972,0.639897879626232
0.398678191299403,0.368238503900725,0.641002715601637
0.394274854841765,0.371082465075934,0.642129784646867
0.39003894671207,0.373662721486707,0.643257211334678
0.385975780433698,0.375958614313174,0.644363794188047
0.382089597751074,0.377953837754306,0.645429414388683
0.378383690508754,0.379635734902871,0.646435323847081
0.374860659742285,0.380994555468294,0.647364333817424
0.371522685467134,0.382022779721733,0.648200941453519
0.368371708575656,0.382714578410838,0.648931433636541
0.365409465815737,0.383065443245823,0.64954399949007
0.362637357127845,0.383071995198641,0.650028870474093
0.360056158074174,0.382731958298521,0.650378492752151
0.35766561927415,0.382044272121303,0.650587722232759
0.355464020774555,0.381009303037269,0.650654019045459
0.353447770327171,0.379629101256842,0.650577606765888
0.351611144264864,0.377907639178425,0.650361555154526
0.349946259265169,0.375850963423844,0.650011747770932
0.348443324921434,0.373467202436215,0.649536709799234
0.347091161206218,0.370766401794907,0.648947297679403
0.345877886678759,0.36776020328822,0.648256283288001
0.344791619605572,0.364461431318183,0.647477891531836
0.343821013148431,0.360883681524726,0.646627359538266
0.342955479855871,0.357041007695679,0.6457205732218
0.34218503777324,0.352947773037838,0.644773807737536
0.341499800807934,0.348618683605975,0.643803564370735
0.340889209593333,0.344068973714984,0.642826470282439
0.340341140117926,0.339314680421847,0.641859196388688
0.339841037483907,0.334372932517979,0.640918352550681
0.339371214345818,0.329262186648268,0.640020333324154
0.338910443247288,0.324002362968258,0.639181105382637
0.33843397096452,0.318614857263763,0.638415943576983
0.337914094251715,0.313122427177582,0.637739132500933
0.337321448714208,0.307548957706787,0.637163652961588
0.33662714034888,0.301919099674029,0.63670087016642
0.335805731268851,0.296257752958003,0.636360238711663
0.334838821060608,0.290589368651003,0.636149045045338
0.333718574929628,0.284937118504167,0.636072219566808
0.332450236636709,0.279322128320613,0.636132253317109
0.33105272140073,0.2737630927514,0.636329231551846
0.329556936465906,0.268276527617385,0.636660953707643
0.328002275804859,0.262877636105076,0.637123079077909
0.32643231541401,0.257581440866445,0.637709248000017
0.324890807606597,0.252403702660501,0.63841117091376
0.323418712485413,0.247361284178533,0.639218717276938
0.322052499822214,0.242471900120061,0.640120047367567
0.320823554749701,0.237753440540612,0.641101813247031
0.319758323163914,0.233223166344603,0.6421494270422
0.318878809906313,0.228897060665224,0.643247370536713
0.318203119382293,0.224789533235657,0.644379507097814
0.317745839063263,0.220913565571028,0.645529356293575
0.317518175868061,0.217281275141681,0.646680302178302
0.317527853751133,0.213904772019639,0.647815726454495
0.317778867816093,0.210797088231236,0.648919084194185
0.318271261062623,0.207972900027081,0.649973965365226
0.319001125552868,0.20544877197472,0.650964199302381
0.319961002155793,0.203242758314116,0.65187405118783
0.321140744897854,0.201373390596813,0.652688527810312
0.322528750322524,0.199858293386003,0.653393766059545
0.324113298635495,0.198712801457272,0.653977443096255
0.325883692879244,0.197948934974215,0.654429138965739
0.327830948181665,0.197574939273143,0.654740601758782
0.329947937334862,0.197595397198684,0.654905898495855
0.332229059405376,0.198011769507119,0.654921463604288
0.334669602053308,0.198823152952263,0.654786072267682
0.337264997651823,0.200027057575614,0.654500767694062
0.340010147212143,0.201620057442488,0.654068765243162
0.34289893738202,0.203598225529866,0.653495348992057
0.345924027075066,0.205957307458826,0.652787770486255
0.349076940668854,0.208692618643157,0.651955155295888
0.352348471057579,0.211798673491121,0.651008418930674
0.355729356194216,0.21526858534749,0.649960188028609
0.35921113963525,0.219093315538002,0.648824715883722
0.362787058071379,0.223260901456623,0.647617773470797
0.366452737375321,0.22775584500253,0.646356490207883
0.370206459883864,0.232558867474306,0.645059117244703
0.374048828833594,0.237647197151652,0.643744696590435
0.377981812880955,0.242995428422954,0.642432644336846
0.382007359395759,0.248576799671064,0.64114228873233
0.386125926020782,0.254364563528754,0.639892426648413
0.390335308824384,0.26033306435378,0.638700959068861
0.394630027861107,0.266458237181182,0.637584635610279
0.399001334831814,0.272717450549696,0.636558896093272
0.403437728987466,0.279088828489561,0.635637766098304
0.407925767256607,0.285550317846488,0.63483375626433
0.412450938297686,0.292078791147668,0.634157729627498
0.416998409531046,0.298649420293674,0.633618726150989
0.4215535195272,0.305235466846653,0.633223757360069
0.426101956955677,0.31180854228967,0.632977600255378
0.430629636999174,0.318339306591042,0.63288262687048
0.435122357610201,0.324798491969901,0.632938704761629
0.439565386748806,0.331158058886894,0.63314319525
0.443943179125139,0.337392227105735,0.633491060991624
0.448239414302539,0.343478110986126,0.633975074004559
0.452437457134128,0.349395764892982,0.634586093842547
0.456521170273567,0.355127620607501,0.635313370110966
0.460475820842758,0.36065751960698,0.636144821070111
0.464288725896339,0.365969702133145,0.637067253525835
0.467949352721377,0.371048119454404,0.638066514232089
0.47144880831769,0.375876281061158,0.639127589430982
0.474778896511235,0.380437625540374,0.640234686103124
0.477931058320977,0.384716230412663,0.64137133039541
0.480895490755717,0.388697617634304,0.642520507630692
0.483660610192642,0.39236945457812,0.643664851451814
0.486212882559468,0.395722037299767,0.644786874699306
0.48853695256657,0.398748519084418,0.645869225981509
0.490615984867008,0.401444888913429,0.646894954431514
0.49243215836658,0.403809716284884,0.647847769337486
0.493967296315615,0.405843678687477,0.648712288786385
0.495203641729559,0.407548894079959,0.649474279755311
0.496124783157483,0.408928103646347,0.650120898283648
0.496716694488977,0.409983792369611,0.650640939679523
0.496968781343475,0.410717388537121,0.651025103194713
0.496874747087271,0.411128725691321,0.651266262650265
0.496433044443912,0.411215949990359,0.651359717631884
0.495646710028072,0.410975982649362,0.65130338597073
0.494522513587514,0.410405500318795,0.651097896070878
0.493069562044104,0.409502224450636,0.65074655303465
0.491297689028405,0.408266194553855,0.650255180954323
0.48921603469689,0.406700706654411,0.649631873278162
0.486832137463758,0.404812725346548,0.648886699476116
0.484151671562435,0.402612758908612,0.648031414367497
0.48117876760778,0.400114335236773,0.647079199704435
0.477916723808201,0.397333282677178,0.646044445471797
0.47436887259242,0.394287006234502,0.644942559287231
0.470539390442957,0.390993892466492,0.643789782141999
0.466433896407636,0.387472915192588,0.642602989631999
0.462059749088237,0.383743465883406,0.641399466139397
0.457426011451363,0.379825398300831,0.640196651013079
0.452543107121283,0.375739246963522,0.639011866719858
0.447422247209817,0.371506545317108,0.637862047147376
0.442074764952665,0.367150130939241,0.636763488179847
0.436511545243048,0.362694291244151,0.635731640799754
0.430742753036636,0.358164600367743,0.634780958945791
0.424778023779189,0.353587350934074,0.633924801523599
0.418627164434508,0.34898860191391,0.633175372560396
0.412301252396717,0.344393007644726,0.632543670719472
0.405813870753455,0.339822694435615,0.63203941481104
0.399182150863698,0.335296451775708,0.631670920045583
0.392427340613156,0.330829405704357,0.63144492000452
0.385574756432889,0.326433199490693,0.631366354241102
0.378653147411447,0.322116586701782,0.631438159964299
0.37169363737133,0.317886275219974,0.631661110279291
0.364728480354064,0.313747843042578,0.632033730482023
0.357789865661428,0.309706559536636,0.632552304094722
0.350908962153422,0.30576797506884,0.633210959756194
0.344115324082227,0.301938181125643,0.634001814670104
0.337436709447725,0.298223690961771,0.634915142849389
0.330899291363071,0.294630949091901,0.635939537707103
0.324528171550069,0.291165548278436,0.63706204867574
0.318348035471056,0.287831311520169,0.638268289435222
0.312383736700262,0.284629468180425,0.639542537152092
0.306660592585865,0.28155818636962,0.640867860018295
0.301204240522706,0.278612679775354,0.642226314178684
0.296040042742428,0.275785966845499,0.64359923437828
0.291192190282144,0.273070153197053,0.644967609712678
0.286682767247806,0.270457918320662,0.646312502755896
0.282531038206885,0.267943811090185,0.647615455139156
0.278753119904028,0.265525036417544,0.648858832415785
0.275362055434849,0.263201602552504,0.650026087237696
0.272368194054849,0.260975898371572,0.651101946885379
0.269779727612538,0.258851901285878,0.652072547852826
0.267603238944294,0.256834253497754,0.652925544387445
0.265844151762807,0.25492741017445,0.653650213770493
0.264507011835931,0.253134998247352,0.654237573540229
0.263595562667771,0.251459460645303,0.654680517964099
0.263112604627158,0.249902012464852,0.654973973258107
0.263059649072728,0.248462899070404,0.655115062946789
0.263436405029537,0.247141916118015,0.655103265368137
0.264240169818255,0.245939114863027,0.654940535231147
0.265465236059881,0.244855572048694,0.654631352173963
0.267102463030284,0.243894060951976,0.654182656606025
0.269139172387764,0.243059439860604,0.653603641606898
0.271559490247328,0.242358603477961,0.652905393956263
0.274345154568749,0.24179993599153,0.652100415746656
0.277476658587406,0.241392345280714,0.651202097885029
0.280934464855675,0.241144092366093,0.650224238865024
0.284699972389436,0.241061694694898,0.649180690723079
0.288755987424215,0.241149144449936,0.648085170140132
0.29308660545975,0.241407567027644,0.646951216184846
0.297676584298769,0.241835310883744,0.645792232381718
0.302510407072866,0.242428363062452,0.644621534800427
0.307571274990251,0.243180945347655,0.643452339273448
0.312840246577081,0.244086152819652,0.642297648837952
0.318295684768243,0.245136526091469,0.641170034767264
0.323913110994012,0.246324481698539,0.640081332722625
0.32966550729914,0.247642554378079,0.639042295843115
0.335524050410836,0.249083431476172,0.638062258186316
0.341459197661557,0.250639789574107,0.637148864306956
0.347441972547833,0.252303983514162,0.6363079123976
0.353445230308227,0.254067689019305,0.635543338163683
0.359444649717862,0.25592164986417,0.634857336333481
0.365419231703472,0.257855702658032,0.634250583541385
0.371351208100813,0.259859213665974,0.633722502490659
0.377225453021145,0.261921946024354,0.633271505074195
0.38302867135292,0.264035206626976,0.632895175789116
0.388748718480919,0.266192970005281,0.632590396643954
0.394374327347878,0.26839262356806,0.632353450147737
0.399895316425343,0.270635062746272,0.63218014859637
0.405303130621205,0.272924052517296,0.632066020518541
0.410591434249773,0.275264981480919,0.632006550340495
0.415756476411916,0.277663288431657,0.631997434344464
0.420797057591683,0.280122902304409,0.632034799883138
0.425714078276106,0.28264500964559,0.632115340217205
0.430509786656027,0.285227376487479,0.63223633968861
0.435186927869956,0.287864331838415,0.632395594133932
0.439748019267073,0.290547387941176,0.632591259888905
0.444194935241551,0.293266342000038,0.632821683301235
0.448528889221837,0.296010591344423,0.633085265440221
0.452750767130228,0.298770324450735,0.633380401035011
0.456861630145315,0.301537257445702,0.633705499222175
0.460863115363401,0.304304695857588,0.634059056072873
0.464757471555223,0.307066906201905,0.634439720562771
0.468547091553472,0.309818019553961,0.634846291592782
0.472233601862494,0.312550859082874,0.635277608897445
0.475816753609173,0.315256102333296,0.635732344735932
0.479293439780152,0.317922049018886,0.636208745022725
0.48265711282392,0.320535041554841,0.63670438907231
0.485897735365735,0.323080384226983,0.637216030388463
0.489002239360177,0.325543498605865,0.637739554507179
0.491955355544519,0.327911046663949,0.638270057513421
0.494740627084244,0.330171814405144,0.638802021961075
0.497341428340111,0.3323172330566,0.639329550996701
0.499741847324921,0.334341490913512,0.639846616562535
0.501927336392989,0.336241245523136,0.640347280940529
0.503885077465833,0.338014986933623,0.640825859685402
0.505604043104883,0.339662138689539,0.641277006362077
0.507074767513423,0.341182022704818,0.641695714864749
0.508288878135751,0.342572856617093,0.64207725305134
0.50923848119235,0.343830984023164,0.642417060281715
0.50991553622734,0.344950534029582,0.642710656782299
0.510311378196451,0.34592364205146,0.642953617672602
0.510416529563364,0.346741234447452,0.643141652559094
0.510220878250398,0.347394218063692,0.643270801955861
0.509714194297719,0.347874786444544,0.64333772310168
0.508886857380135,0.348177519207915,0.64334000589608
0.507730612449206,0.348300028109549,0.643276449172201
0.506239182626602,0.348243053921356,0.64314724221077
0.504408633764715,0.348010073841881,0.642954027523816
0.502237468870735,0.347606584114262,0.642699853718414
0.499726500007506,0.347039258786205,0.642389049903657
0.496878583853048,0.346315167555446,0.642027061257051
0.493698315991126,0.345441190648415,0.641620281262502
0.49019176781561,0.344423718828572,0.641175904699728
0.486366328263811,0.343268681577775,0.640701811221491
0.482230686127486,0.341981904650742,0.640206475316788
0.47779495840616,0.340569751940765,0.639698886400756
0.473070936179431,0.339039949888548,0.639188454566136
0.468072383817471,0.337402428363547,0.638684875628618
0.462815297535721,0.335669958040263,0.638197936191254
0.45731801902179,0.33385835380826,0.637737256594044
0.45160112320656,0.331986081206165,0.637311993320541
0.445687060813854,0.330073257234194,0.636930543662197
0.439599619319183,0.32814023546308,0.636600302481433
0.43336333465514,0.326206119917563,0.636327507161792
0.427003004156972,0.324287579483645,0.636117177083168
0.420543408131217,0.322398217873154,0.635973123031428
0.414009265358527,0.320548557361033,0.635897984811868
0.407425365611833,0.318746513806333,0.635893257810895
0.400816769224815,0.316998141020837,0.635959286568506
0.394208947937186,0.315308412859946,0.636095226067668
0.387627754904178,0.313681861035959,0.636298991393012
0.381099143857839,0.312122957724193,0.636567229508883
0.374648602264093,0.310636199667969,0.63689535159426
0.368300321021201,0.309225906195232,0.637277659818579
0.362076194613235,0.307895789934427,0.637707587340472
0.355994823626956,0.306648400209741,0.638178044349404
0.350070755451382,0.305484574061566,0.638681829045453
0.344314213691525,0.304403047493754,0.639212029659908
0.338731497105024,0.303400362339581,0.639762326548042
0.333326065534638,0.30247113925912,0.64032711646993
0.328100116112993,0.301608683431319,0.640901428053879
0.323056277992641,0.300805783226783,0.641480663337209
0.31819900773485,0.30005550279609,0.64206025627654
0.313535375876358,0.299351786104083,0.642635359597309
0.309075141187022,0.298689770884707,0.643200649901939
0.304830212949535,0.298065813227596,0.643750292981341
0.300813727805308,0.297477303712247,0.644278060496815
0.297038997890726,0.296922393175918,0.644777553227893
0.293518548161507,0.296399743295568,0.645242470460514
0.290263394014344,0.295908388945308,0.645666866196853
0.287282645978972,0.295447760019957,0.646045344046107
0.284583478811994,0.295017868408851,0.646373158444294
0.282171464680715,0.294619623875853,0.646646207798067
0.280051234337617,0.294255201870993,0.646860924861013
0.278227386124063,0.293928350327111,0.647014091343981
0.276705507779794,0.293644500516324,0.647102625882934
0.275493120666424,0.293410553832028,0.647123412088187
0.274600324748899,0.293234266585693,0.647073238041167
0.274039946253183,0.293123251348213,0.646948901663621
0.273827086362178,0.293083734671153,0.646747495477762
0.273978122913708,0.293119311048715,0.646466829237617
0.274509373728318,0.293229961078729,0.646105901016555
0.275435722416635,0.293411535811903,0.645665308697376
0.276769495557099,0.293655774862448,0.645147513340397
0.278519776819263,0.293950782183884,0.644556913332705
0.280692200787603,0.294281785969894,0.643899741740554
0.283289142989316,0.294631980896452,0.643183838977356
0.286310144285954,0.294983280202066,0.64241836986885
0.28975238039692,0.29531686373215,0.641613550203878
0.293610996505183,0.29561347058088,0.640780430184081
0.297879157985927,0.295853438803328,0.639930757785402
0.302547713893846,0.296016539574534,0.639076918548721
0.307604434196193,0.296081695497337,0.638231922005102
0.313032874476839,0.296026716832052,0.637409381399958
0.318811047165635,0.295828229389233,0.636623417958075
0.324910216784586,0.295461982567109,0.635888422879463
0.331294230917159,0.294903683936869,0.635218639294275
0.337919764066076,0.294130386612228,0.634627583517415
0.344737631970462,0.29312227752549,0.634127392138405
0.351694977845003,0.2918645531307,0.633728223383121
0.358737810906942,0.290349015939523,0.633437827042711
0.365813281517067,0.28857511729217,0.633261329667807
0.372871260068416,0.28655035234871,0.633201200623815
0.37986512136075,0.284290078203024,0.633257316836492
0.386751927994524,0.281816905583523,0.633427048432393
0.39349233810768,0.279159809859452,0.633705328445794
0.400050539088608,0.276353061707446,0.63408471768518
0.406394402137765,0.273435032932425,0.634555508602776
0.41249593184428,0.270446906810456,0.635105922029472
0.418331982523709,0.267431315552154,0.635722440241325
0.423885129715295,0.264430935662329,0.636390294237834
0.429144512371566,0.261487092549614,0.637094087112311
0.434106402502495,0.258638456181903,0.637818494548596
0.438774239295609,0.255919942158661,0.638548947155586
0.443157922618342,0.25336195026974,0.639272181916418
0.447272319848536,0.250990053763235,0.639976566047703
0.451135173551434,0.248825184048819,0.640652150569701
0.454764816248558,0.24688424952626,0.641290487940991
0.458178190976393,0.245181023320966,0.64188431647253
0.46138958493662,0.243727079910975,0.6424272429085
0.464410251566317,0.24253257813684,0.642913533481301
0.467248837529161,0.241606762919819,0.643338068749939
0.469912350983443,0.240958150680415,0.643696456987072
0.47240734669287,0.24059443761109,0.643985257305377
0.474741039406367,0.24052220951426,0.64420224501482
0.476922140225052,0.240746540272469,0.644346653882074
0.478961299403808,0.241270556569957,0.644419344185643
0.480871113251,0.242095032061542,0.644422864081059
0.482665711968348,0.243218062608099,0.644361390484942
0.484359999288612,0.244634866706157,0.644240553357005
0.485968672785986,0.246337748092197,0.64406716427442
0.487505214673167,0.248316243473158,0.643848886569835
0.488981088316166,0.250557450432415,0.643593897753032
0.490405371162887,0.253046487342652,0.643310600098763
0.491784966559941,0.255766988241665,0.643007425534236
0.493125362164421,0.258701503841835,0.642692753062205
0.49443169362541,0.261831692430656,0.642374916529477
0.495709724585005,0.265138253401593,0.642062243227491
0.496966350833105,0.268600661821296,0.641763047880048
0.498209387807569,0.272196857957113,0.641485521068649
0.499446635181038,0.275903084094114,0.641237489455794
0.500684426365099,0.279694024869737,0.641026069447129
0.501925990563,0.283543315928279,0.640857268481166
0.503169964205633,0.287424378101008,0.640735600192336
0.504409315257042,0.291311447524479,0.640663772607667
0.50563083258952,0.29518062705482,0.640642489817488
0.50681522328904,0.299010784198453,0.640670385957447
0.507937779127179,0.30278415633664,0.64074409257422
0.508969529225977,0.30648658057631,0.640858429828182
0.509878784261039,0.31010732875036,0.641006708289127
0.510632980796013,0.313638588287364,0.641181127851591
0.511200729038212,0.317074682637261,0.641373258262067
0.511553931733662,0.320411168719676,0.64157457656608
0.511669770106757,0.323643976968697,0.641777018177737
0.511532265516572,0.326768757735664,0.641973473897173
0.511133075095525,0.329780550341458,0.642158146405832
0.510471235435207,0.332673797147677,0.642326683466889
0.509551775204116,0.335442613021128,0.642476044911022
0.508383440801286,0.338081141492459,0.642604133318847
0.506976085246482,0.340583824530577,0.64270929646183
0.505338391710531,0.342945482406,0.642789852529074
0.503476459954982,0.345161199178642,0.64284377195285
0.501393454363288,0.347226084739635,0.642868582951291
0.499090171098326,0.349135011095898,0.642861489080684
0.496566171966592,0.350882408695061,0.64281963157285
0.49382108893151,0.352462182945821,0.642740410416718
0.490855774359693,0.353867790224549,0.642621788601994
0.48767308348171,0.355092500746981,0.642462528196859
0.484278176857361,0.356129866196826,0.642262332417862
0.480678307374046,0.35697439204667,0.642021888609148
0.476882119337142,0.357622377852076,0.641742822285314
0.472898556236692,0.358072829001139,0.641427583649281
0.468735560404501,0.358328267827278,0.641079296518952
0.464398841093226,0.358395206389057,0.640701604815726
0.459891047457512,0.358284032929496,0.640298551333129
0.455211651005478,0.358008157203834,0.639874514585565
0.45035767968236,0.357582469085733,0.639434211708092
0.44532518235108,0.357021426411168,0.638982753060848
0.440111049131917,0.356337271126841,0.638525715798832
0.434714700597726,0.355538859372512,0.63806919751346
0.429139242985426,0.354631375864284,0.637619819311837
0.4233919062688,0.353616903320646,0.637184665340504
0.41748381659317,0.352495584601361,0.636771164376962
0.411429310865775,0.351267029221144,0.636386931778106
0.405245054859559,0.349931661344998,0.636039594027055
0.398949203412244,0.348491814944684,0.635736614104831
0.392560781952015,0.346952487357316,0.63548512651602
0.386099401286999,0.345321729309079,0.635291779212181
0.379585352949663,0.34361067282139,0.635162569041593
0.373040067614294,0.341833194109627,0.635102650937968
0.366486846597432,0.34000520174971,0.635116102196184
0.35995169382504,0.338143556616678,0.635205634847608
0.353463995619013,0.336264686809412,0.635372272351641
0.347056751388669,0.334383056255715,0.635615037857467
0.340766096573398,0.332509749322484,0.635930729382136
0.33463001358054,0.330651488375131,0.636313865858348
0.328686377889053,0.328810348985566,0.636756862757467
0.322970742013744,0.326984264628955,0.637250437286669
0.31751438956913,0.32516817854034,0.637784172950894
0.312343115095164,0.323355512908246,0.638347125504526
0.307476938937393,0.321539570465776,0.638928350375182
0.302930678567223,0.319714568124034,0.639517272436028
0.298715095733792,0.317876163031464,0.640103877969252
0.294838275364914,0.316021488341077,0.640678758784096
0.291306940258975,0.314148819800682,0.641233065496162
0.288127504859564,0.312257036374071,0.641758431233811
0.285306768958729,0.310345035027203,0.642246916866532
0.282852220233498,0.30841123425964,0.642691013408962
0.280771949007773,0.306453270091941,0.643083722341885
0.279074190098027,0.304467959912634,0.64341872183661
0.277766511909073,0.302451582795051,0.643690614779178
0.276854692111775,0.300400491407305,0.643895239785701
0.276341367393139,0.298312019529938,0.64403000689531
0.276224629088356,0.296185572891991,0.644094196215737
0.276496844484604,0.294023696138982,0.644089137232738
0.277144070552473,0.291832827646833,0.644018182363249
0.278146416002938,0.289623445696682,0.643886416782276
0.279479523988496,0.28740943241856,0.643700114408071
0.281116994667475,0.285206734772898,0.643466039390871
0.283033187090799,0.283031681405568,0.643190759037751
0.285205655798331,0.280899459374433,0.642880133911998
0.28761661949719,0.278823171940006,0.642539078489272
0.290253242068976,0.276813645732365,0.642171583420456
0.293106903753451,0.274879886573934,0.641780913397776
0.296171870317815,0.27302991976736,0.641369870723319
0.29944379499554,0.271271716205541,0.640941035649475
0.302918384313196,0.269613953677797,0.640496935541671
0.306590418195774,0.268066436675174,0.640040134493315
0.310453197431055,0.266640066027874,0.639573262631057
0.314498417007976,0.265346308322131,0.639099017839557
0.318716424272146,0.264196178293848,0.638620173501004
0.323096796924167,0.263198833199826,0.638139616292198
0.327629147623498,0.262359993543341,0.637660420683348
0.332304018207741,0.261680530755711,0.63718594556595
0.337113673817212,0.261155645517594,0.636719920062561
0.342052574356663,0.260775021579799,0.636266478562802
0.347117331397901,0.260524122902235,0.635830115338346
0.352306080352544,0.26038643973575,0.635415554670935
0.35761738490942,0.260346132044405,0.635027561648497
0.363048959044421,0.260390358689019,0.634670737050266
0.368596550009537,0.260510711434843,0.634349339624148
0.374253245143551,0.260703512909659,0.634067164393548
0.380009299381305,0.260969100413672,0.633827486288018
0.385852416618557,0.26131044965092,0.633633062306094
0.39176831766917,0.261731552004802,0.633486175311869
0.397741402042308,0.262235894626508,0.633388697566181
0.403755338115847,0.262825280188816,0.633342150473102
0.409793467448268,0.26349911925009,0.633347737628426
0.415838964066467,0.264254255672828,0.633406330887702
0.421874741625683,0.265085340193413,0.633518394489388
0.427883151807645,0.265985729162857,0.633683841659235
0.433845569096027,0.266948831106248,0.633901833040608
0.439742006960653,0.267969736684639,0.634170546983461
0.445550943768633,0.269046851735732,0.634486975107977
0.451249527587199,0.270183144106976,0.634846814375
0.456814252081221,0.271386582290519,0.635244526125759
0.462222049814856,0.272669463511978,0.635673601293013
0.467451579486009,0.274046624197956,0.636127009627355
0.472484373744449,0.275532909086901,0.636597740792248
0.477305536090006,0.277140562490473,0.637079302675972
0.481903828768514,0.278877231218228,0.637566054142842
0.48627119848264,0.280745018226339,0.638053311105594
0.490401942334812,0.282740647136766,0.638537242748025
0.494291770797998,0.284856481507647,0.639014632230361
0.497936990638063,0.28708199527623,0.63948259617459
0.501333955335378,0.289405301894052,0.639938345197164
0.504478853713453,0.291814446991472,0.640379039472809
0.507367846640495,0.294298282295039,0.640801762427538
0.509997514183628,0.2968468298091,0.641203608468055
0.51236553007375,0.299451111617943,0.641581857458625
0.514471427618092,0.302102479323146,0.641934187849813
0.516317263333895,0.30479154984186,0.642258862622722
0.517907941443502,0.307506950721089,0.642554813244758
0.51925097029471,0.310234180503329,0.642821556703495
0.520355518656079,0.312954946349915,0.643058918264087
0.521230833223057,0.315647284931611,0.643266595564187
0.521884314103591,0.318286571325222,0.643443666917536
0.522319710036218,0.320847230319093,0.643588183795775
0.522535886265229,0.32330472341145,0.643696969157535
0.522526425916582,0.325637323237122,0.643765675846025
0.522280053742758,0.327827325972158,0.643789078875192
0.521781657062727,0.329861592661813,0.64376152094069
0.52101360021975,0.331731521545428,0.643677418017631
0.519957073211267,0.3334326609508,0.643531751744809
0.518593318822095,0.334964177495583,0.643320506831724
0.516904685058147,0.33632833972211,0.643041038509565
0.514875517142585,0.337530106010378,0.642692369738329
0.512492928579265,0.338576843364086,0.642275420621587
0.509747480618066,0.339478158558757,0.641793166949767
0.506633767007523,0.340245794184369,0.641250716073281
0.503150859808221,0.340893525357344,0.640655281374499
0.499302537587053,0.341436986418202,0.640016036193247
0.495097207594104,0.341893362702912,0.63934383794995
0.490547462760506,0.34228090320432,0.638650833760614
0.485669285300522,0.342618246022316,0.637949985262638
0.480481003873198,0.342923594308048,0.637254572733005
0.475002194628387,0.343213824391283,0.636577745754508
0.46925274933649,0.343503636891418,0.635932173813564
0.463252295329656,0.343804866397157,0.635329818978108
0.457020054052215,0.344126044236981,0.634781816509358
0.450575105907918,0.344472267817301,0.634298422110364
0.443936933867972,0.344845379899923,0.633888975377441
0.437126075283511,0.345244413561499,0.63356183775287
0.430164723349619,0.345666222640107,0.633324282772946
0.423077167663507,0.346106197356902,0.633182337354607
0.415890020704199,0.346558959787165,0.633140588407594
0.408632221755585,0.347018940116478,0.633201976764931
0.401334831624037,0.347480748560367,0.633367601809676
0.39403063201969,0.347939278412604,0.633636558668268
0.386753532867361,0.348389505335428,0.634005828620556
0.379537783589742,0.348825991402054,0.634470243799691
0.372416994709098,0.349242162597783,0.635022548104984
0.365423013125505,0.349629501725235,0.635653574082896
0.358584756708667,0.349976868053561,0.636352545946712
0.351927183918265,0.350270189281484,0.637107499144926
0.345470618392368,0.350492732604292,0.63790577874613
0.339230627527908,0.350626028821718,0.638734550809502
0.333218546927515,0.350651320698279,0.639581246281687
0.327442571469381,0.350551212583832,0.640433867545554
0.321909166702544,0.350311110167744,0.641281124570885
0.316624469371537,0.349920108850742,0.642112417287837
0.311595380227044,0.34937118134767,0.642917722131799
0.306830178418607,0.34866073289803,0.643687457835954
0.302338637349598,0.347787744966897,0.644412396487828
0.298131735682784,0.346752779977088,0.645083660590891
0.294221108729701,0.345557089142205,0.645692818523297
0.290618383147538,0.344201994119151,0.646232068370545
0.287334505810964,0.342688636439709,0.646694486487208
0.28437914091831,0.341018119572399,0.647074309638445
0.281760181305496,0.339192009030543,0.647367215347399
0.279483406217377,0.337213096487677,0.647570561255985
0.277552313939427,0.33508627191121,0.647683541883263
0.275968154551657,0.332819291421589,0.647707223903076
0.274730173608705,0.330423201937036,0.647644434630304
0.273836043996889,0.327912218260959,0.647499505980515
0.273282412757815,0.325302963327729,0.647277913965045
0.273065440244401,0.322613158953982,0.646985888359437
0.273181187594292,0.319860028781114,0.646630080710666
0.273625734697042,0.317058767291438,0.646217360528764
0.27439497965634,0.3142213948579,0.645754765151153
0.275484152560752,0.311356181375471,0.645249578613868
0.276887137073169,0.308467650720023,0.644709480128896
0.278595714727604,0.305557045478469,0.64414269343563
0.280598833783777,0.302623070421871,0.643558080506819
0.282881975275567,0.299662739216358,0.642965145756108
0.285426662400442,0.296672195967239,0.642373939414778
0.288210146232064,0.29364744342193,0.641794865358486
0.291205301927709,0.290584962987362,0.641238408459683
0.294380778799744,0.287482247664368,0.64071480151852
0.29770145347605,0.284338284324065,0.640233654870407
0.301129225893308,0.281154018164848,0.639803574803596
0.304624164727739,0.277932814864894,0.639431800016978
0.308145953008828,0.274680912364453,0.639123886634737
0.311655520223925,0.271407832553843,0.638883468964725
0.315116696935454,0.268126708960212,0.638712113871477
0.318497713724478,0.264854481222053,0.638609272997944
0.321772395126453,0.261611908374527,0.638572323999102
0.324920959003824,0.258423359182624,0.63859668472455
0.32793039762064,0.255316350696655,0.638675985225143
0.330794467231637,0.252320830361178,0.638802288949739
0.33351334055166,0.249468232886621,0.638966360945074
0.336092987677469,0.246790383762302,0.639157982259533
0.338544356723746,0.24431835322142,0.639366304884452
0.340882432291636,0.242081375936235,0.63958023299367
0.343125256827894,0.240105938359796,0.639788808336387
0.345293001952974,0.238415102807018,0.639981573837902
0.347407168783247,0.237028095065355,0.640148891267942
0.349489976035594,0.235960141123432,0.640282195673957
0.351563963063056,0.235222505706499,0.640374179445507
0.353651795413883,0.234822664611514,0.640418910107474
0.355776218953717,0.234764535732523,0.640411895819357
0.357960073551653,0.235048700173001,0.640350118714572
0.360226259087107,0.235672563616842,0.640232056720283
0.362597554375146,0.236630435841052,0.640057708535311
0.3650962270334,0.237913536959709,0.639828625078405
0.367743432338383,0.239509964681412,0.639547937256446
0.370558463814444,0.24140467019779,0.639220359061892
0.373557964518883,0.243579487457954,0.6388521411829
0.376755218824892,0.246013244285962,0.638450955133779
0.380159617792122,0.248681961667309,0.638025699491003
0.38377634030442,0.251559128523042,0.637586233630098
0.387606238072074,0.254616029707515,0.637143055566008
0.391645873142932,0.25782210603684,0.636706946224648
0.395887640352601,0.261145334339332,0.636288602408369
0.400319912802762,0.264552627831177,0.635898276726324
0.404927169340732,0.268010268035575,0.635545437350923
0.409690090714871,0.271484385167307,0.635238455908281
0.414585638327636,0.274941502174964,0.634984329407376
0.419587150848155,0.27834914796244,0.634788442053313
0.424664505432293,0.281676528944545,0.634654374373489
0.429784389599975,0.284895228293191,0.634583769000885
0.434910716604132,0.287979883921152,0.634576263224607
0.440005193587074,0.29090878490115,0.634629496887126
0.445028022964937,0.293664326152408,0.634739199948281
0.449938690232508,0.296233274518441,0.634899357613902
0.454696772843868,0.298606823784816,0.63510244372551
0.45926270002055,0.300780446169365,0.635339706946492
0.4635984035101,0.302753576026348,0.635601490727832
0.467667821623703,0.304529181147524,0.635877567899517
0.471437247415739,0.306113283941634,0.636157473785797
0.474875539883514,0.307514488317063,0.636430826901596
0.477954238468461,0.308743550903055,0.636687631958469
0.480647632376263,0.309813012080565,0.636918564566491
0.482932836053902,0.310736878716696,0.637115239524829
0.484789911671953,0.311530331838751,0.637270464471464
0.486202061515791,0.312209423111949,0.637378478138475
0.487155891850834,0.31279072663358,0.637435168369761
0.487641729342652,0.313290927472462,0.637438260563081
0.487653955379363,0.31372635252014,0.637387463500154
0.487191314174119,0.314112475965458,0.637284557395644
0.486257146352638,0.314463452212125,0.637133408704749
0.484859498085428,0.314791735284509,0.636939897794153
0.48301105534749,0.315107832227452,0.636711749371988
0.480728857436366,0.315420212120242,0.63645826269969
0.478033761885608,0.315735361234799,0.636189950119025
0.474949671689029,0.316057949278645,0.635918107592249
0.471502591568228,0.316391058897454,0.635654355747125
0.467719634245423,0.316736432208335,0.635410197956754
0.463628124449739,0.317094700774489,0.635196638095162
0.459254931185926,0.317465583865816,0.635023884732513
0.454626102334819,0.317848059220331,0.634901146432274
0.449766803003181,0.318240526979709,0.634836502803451
0.444701496889244,0.31864099770072,0.634836824325498
0.439454274293854,0.319047336198091,0.634907712475791
0.434049222310486,0.319457581961513,0.635053438326187
0.428510743450614,0.319870343378952,0.63527686903456
0.422863748611993,0.32028522984359,0.635579384400544
0.41713367378435,0.320703250754393,0.635960797512909
0.411346297817781,0.321127085971687,0.636419302280596
0.405527373493518,0.321561132561826,0.636951473729666
0.399702124788439,0.322011266616163,0.637552341981053
0.39389470064825,0.322484322754722,0.638215547359054
0.388127695044288,0.322987368342631,0.638933565258541
0.382421832391946,0.323526906673058,0.639697971785017
0.376795876171726,0.324108161166773,0.64049971185083
0.371266760909188,0.324734566207585,0.641329334097028
0.365849895166635,0.325407533241382,0.642177170006396
0.360559553391436,0.326126495903348,0.643033452060908
0.355409273054123,0.326889185066915,0.643888381159634
0.350412194431713,0.327692054054318,0.644732162383543
0.345581311277434,0.328530766161017,0.645555029705729
0.340929629783189,0.32940066534432,0.646347276106725
0.336470252743359,0.330297168586724,0.647099298953139
0.332216413680213,0.331216038473501,0.647801664022015
0.328181482691297,0.332153512748416,0.648445187291679
0.324378955481621,0.333106282750942,0.649021032126905
0.320822423807275,0.334071325480734,0.649520820217293
0.317525513139448,0.335045606426826,0.649936756616128
0.314501764519052,0.33602568359701,0.650261771302103
0.311764437806272,0.337007258422347,0.650489679550871
0.309326221870383,0.337984734034005,0.650615361061891
0.307198856290416,0.338950852751652,0.650634952131055
0.305392695232414,0.339896486893852,0.650546037378575
0.303916271175276,0.340810644971388,0.650347819833767
0.302775934759081,0.341680725868013,0.650041243743973
0.301975648157498,0.342493008497925,0.649629046149705
0.301516986905963,0.343233312237188,0.649115722610142
0.301399362321745,0.343887718729255,0.648507407578083
0.301620424838895,0.344443224869604,0.647811686497317
0.302176565096826,0.344888210471998,0.64703736898148
0.303063408579416,0.345212650748594,0.646194256523459
0.304276205783352,0.345408068634004,0.64529293357352
0.305810046714715,0.345467283950018,0.644344600450022
0.307659863256817,0.345384057364845,0.643360954622439
0.309820215004243,0.345152738421626,0.642354116371269
0.312284879887309,0.344768009682341,0.641336586383905
0.315046293891773,0.344224779847101,0.640321215581625
0.31809491093577,0.343518225549936,0.639321160641335
0.3214185869796,0.342643923268663,0.638349793617053
0.325002124403325,0.341597961804852,0.637420534824197
0.328827123629714,0.340376901278847,0.636546590264509
0.332872252813291,0.338977470230157,0.635740601386927
0.337113948476638,0.337395984516046,0.635014251350088
0.341527419131384,0.335627620377105,0.634377903760387
0.346087699770696,0.333665831106553,0.633840358035962
0.3507704706501,0.331502286399761,0.633408778562028
0.355552444949858,0.329127664519633,0.633088798692024
0.360411310639935,0.326533410109546,0.632884737760675
0.365325388961458,0.32371422341023,0.632799826521212
0.370273250726017,0.320670691908941,0.632836332807535
0.375233475827811,0.317411297099393,0.632995518156667
0.380184599535687,0.313953172974213,0.633277422101441
0.385105162875566,0.310321427404764,0.633680533860858
0.389973751214147,0.30654732823153,0.634201443139665
0.394768962114027,0.302665935545842,0.634834555106967
0.399469326998136,0.298713737553054,0.635571924547928
0.40405326237525,0.294726631326269,0.636403232712349
0.408499129863392,0.290738358664622,0.6373159099852
0.412785456570525,0.286779369040595,0.638295397687943
0.416891329169643,0.282876046956852,0.639325536200287
0.420796937248124,0.279050266690237,0.640389058225973
0.424484207527778,0.275319273745237,0.641468153737589
0.427937443130356,0.271695906500788,0.642545059642172
0.431143866663018,0.268189152214265,0.64360261779936
0.434093969679141,0.264804985456947,0.644624745213717
0.436781597852384,0.261547383129557,0.645596772899452
0.439203747591896,0.258419371017594,0.646505633548624
0.441360104220499,0.255423949392586,0.647339906663083
0.443252398406577,0.252564773852954,0.648089754879988
0.444883683339706,0.249846522906682,0.648746799860614
0.446257635196081,0.24727494771245,0.649303987446557
0.447377957192141,0.244856655017429,0.649755481161471
0.448247933353645,0.242598708425805,0.650096606011453
0.448870143759699,0.240508147186819,0.650323846058587
0.449246325778087,0.238591517383168,0.650434884059019
0.44937735218619,0.236854496976046,0.650428662463884
0.449263295401087,0.235301680426602,0.650305442015788
0.448903554842496,0.233936573372253,0.650066836413344
0.448297038364837,0.232761832269639,0.649715807859552
0.447442401856168,0.231779762776296,0.649256617076713
0.446338360433764,0.230993056889234,0.648694732051442
0.444984083978451,0.230405697103124,0.64803671088017
0.443379675810972,0.230023887511537,0.647290084060109
0.441526704458394,0.229856803171926,0.646463266929154
0.439428721159504,0.229916912616779,0.645565529979103
0.437091664271634,0.230219666978214,0.644607039825728
0.434524047982456,0.2307824885555,0.643598957809767
0.431736872989048,0.231623207604425,0.642553554471744
0.4287432757015,0.23275830169192,0.641484280155393
0.4255580164197,0.234201375945677,0.640405736595755
0.422196950608861,0.235962224320168,0.639333522588295
0.418676605882926,0.238046570832795,0.63828396665929
0.415013915925154,0.240456323654442,0.637273792693871
0.411226088813107,0.243190011834208,0.63631977603102
0.407330560553261,0.246243089423143,0.63543843273331
0.403345022863129,0.249607968701795,0.634645750930958
0.399287580308763,0.253273867869809,0.633956938301558
0.395177108352029,0.257226671221405,0.633386144099818
0.391033797725392,0.261448930445216,0.632946125737345
0.386879716744986,0.265919981309366,0.632647858329509
0.382739108140188,0.270616078128508,0.632500114398373
0.378638152274646,0.275510519913755,0.632509062315851
0.374604087741164,0.280573867722887,0.632677945070297
0.370663819003166,0.285774405857626,0.633006900586946
0.366842351387767,0.291078930881793,0.633492963233153
0.363161474197665,0.296453809703717,0.634130244693203
0.359639022901767,0.301866121278676,0.634910247503966
0.356288841394588,0.307284652413663,0.635822237492329
0.353121342582563,0.312680567142947,0.636853602830209
0.350144424719979,0.318027675395025,0.637990151900416
0.347364474898403,0.323302339240283,0.639216334973517
0.344787252892552,0.328483134879096,0.640515402489259
0.34241854524171,0.333550420123229,0.641869529153078
0.340264565768294,0.338485945647288,0.643259938260941
0.338332131952182,0.34327260990588,0.644667058187372
0.33662866506633,0.347894409082245,0.646070736526604
0.335162056212315,0.352336586088771,0.647450529123727
0.333940424079194,0.356585941892205,0.648786071638699
0.332971775967601,0.360631239844238,0.650057529504638
0.332263579321967,0.364463611116326,0.651246107781528
0.33182226042978,0.368076859890421,0.652334586236186
0.331652668275463,0.37146757507249,0.653307829975251
0.331757567508827,0.374634984126056,0.654153217040276
0.332137244312604,0.377580531648528,0.654860926377125
0.332789310934399,0.380307223691439,0.655424045863808
0.333708770773136,0.382818831757537,0.655838488918956
0.334888357528231,0.385119085542764,0.65610274396964
0.336319101524278,0.387210989850061,0.656217513705999
0.337991021467398,0.389096373542364,0.656185320241299
0.339893812190905,0.39077572681761,0.656010151187088
0.342017406402667,0.39224832121316,0.655697200985802
0.3443523272989,0.393512549674033,0.655252728279472
0.346889802337938,0.394566388087778,0.654684016197258
0.349621658799985,0.395407865696347,0.653999396793557
0.35254005648455,0.39603543892347,0.653208289146403
0.355637128707444,0.396448184488317,0.652321202687315
0.358904603782673,0.396645758042775,0.651349669920467
0.362333471772897,0.396628102811534,0.650306092038509
0.365913750698697,0.396394940096693,0.649203503570461
0.369634394252103,0.395945130367896,0.648055285137749
0.373483366649525,0.395276054120017,0.646874873031122
0.377447887240366,0.394383207369705,0.645675524903894
0.381514814683036,0.39326021180199,0.644470196507859
0.385671103137053,0.391899378269654,0.643271560394146
0.389904233241506,0.390292831732647,0.642092156310892
0.394202515499589,0.388434041143671,0.640944616813154
0.398555193830604,0.386319466679446,0.639841879415168
0.402952336866109,0.383950003135367,0.638797294510131
0.407384571408968,0.381331980445563,0.637824568605591
0.411842758228348,0.378477639788348,0.636937531622585
0.416317717034081,0.375405164543079,0.636149763821938
0.420800074566308,0.372138447053331,0.635474145215463
0.425280249850808,0.368706786032728,0.634922392118542
0.429748520220704,0.365144637412206,0.634504626311859
0.434195045627758,0.361491401434984,0.634228992436594
0.438609684002714,0.357791050216063,0.6341013109456
0.442981434605966,0.354091235179386,0.634124739356485
0.447297438401351,0.350441457196594,0.634299424529798
0.451541667057411,0.346890056090786,0.634622167391384
0.455693693260742,0.343480240189278,0.635086176443135
0.45972809572553,0.340245987120309,0.635681023324316
0.463614932598646,0.337209027685504,0.636392893471756
0.467321305377647,0.33437791402804,0.637205141021265
0.470813570615019,0.331749397854222,0.6380990546441
0.474059540990982,0.329311475964313,0.639054683692233
0.477030144705285,0.327047014905702,0.640051588438002
0.479700326087413,0.324936985669621,0.641069438902911
0.482049253674316,0.322962783694791,0.642088450028375
0.484060045608548,0.32110755475505,0.643089680354925
0.485719238851823,0.319356715992597,0.644055234909979
0.487016179820411,0.317697944700869,0.644968410530839
0.487942451331762,0.316120876892092,0.64581381329445
0.488491399457398,0.314616686127097,0.646577468716091
0.488657789776056,0.313177644533029,0.647246937861236
0.488437602418315,0.311796719214885,0.647811446496194
0.487827963927037,0.310467229369574,0.64826202929243
0.486827206278026,0.309182576978423,0.648591686157871
0.4854350361629,0.307936060384051,0.648795542649509
0.483652788619628,0.306720779607287,0.648871001030657
0.48148372834268,0.305529640511223,0.64881786353274
0.478933351093635,0.304355458993243,0.648638405924941
0.47600962969592,0.303191155187777,0.648337379082491
0.472723148588929,0.302030012242175,0.647921920393493
0.46908708208947,0.300865958003672,0.647401366326123
0.465116995887148,0.299693816250759,0.646786971376495
0.460830486316414,0.298509472529417,0.646091554197621
0.456246709448351,0.297309911697753,0.645329104584528
0.451385880515227,0.296093108961693,0.644514390731415
0.446268832683264,0.29485778745735,0.643662602141578
0.440916708314877,0.293603084130374,0.642789050707372
0.435350820147774,0.292328183271779,0.641908935133872
0.42959267596011,0.291031979145103,0.641037157968335
0.423664121820786,0.289712816383306,0.640188174897521
0.417587536039922,0.28836833372772,0.639375854733036
0.411386002640279,0.286995409170361,0.638613334600978
0.405083408299537,0.285590178568715,0.637912865148887
0.398704435592845,0.284148081200705,0.637285651289711
0.39227446018606,0.282663881256236,0.636741701460205
0.38581939087251,0.281131631236677,0.636289700291463
0.379365507114155,0.279544586763405,0.635936915285241
0.372939338493742,0.277895148636735,0.635689139376903
0.366567590577712,0.276174976944777,0.63555066217413
0.360277063533938,0.274375454621808,0.635524258192002
0.354094463244823,0.272488628547022,0.635611183693891
0.348046008249057,0.270508603555056,0.635811183064672
0.342156811501402,0.268433147199187,0.636122514007673
0.336450140270738,0.266265086971162,0.636542000431019
0.330946759405581,0.264013067929862,0.63706511114208
0.325664567717035,0.261691429700126,0.637686049159146
0.320618628850279,0.259319267740557,0.638397831804811
0.315821541748313,0.256918998342378,0.639192350092345
0.311283985963904,0.254514830283653,0.64006041090636
0.307015263609642,0.252131459588246,0.6409917765876
0.30302372338087,0.249793137572007,0.641975218050557
0.299317037512986,0.247523111541483,0.642998591423
0.295902364701577,0.24534334940104,0.644048940110153
0.292786455460028,0.243274433219241,0.6451126189012
0.289975748625515,0.241335520125516,0.646175435849809
0.287476484003031,0.239544299672972,0.647222810158018
0.28529482973403,0.237916911574002,0.648239947893646
0.283437001852938,0.236467820087342,0.649212039861776
0.281909341794204,0.235209668262793,0.650124485751478
0.280718316630613,0.234153153676761,0.650963145388905
0.279870416492663,0.233306973984403,0.651714612197998
0.279371942264116,0.23267788337348,0.652366497319515
0.279228700305628,0.232270880589892,0.652907707288147
0.279445643554076,0.232089520712941,0.653328695577607
0.280026512724384,0.232136314679578,0.653621669885269
0.280973532135297,0.232413161450784,0.653780742707664
0.282287200656722,0.232921752699459,0.653802021352021
0.283966194147921,0.233663898590613,0.653683642683782
0.28600736900731,0.234641739654658,0.653425765477874
0.288405835249439,0.235857826637712,0.653030537460468
0.291155056751381,0.237315061999394,0.652502054369455
0.294246936861568,0.239016501951947,0.651846324866836
0.297671857907678,0.240965019669015,0.651071248317986
0.30141865961882,0.243162833670196,0.650186603208077
0.305474561548219,0.245610916826185,0.649204032863735
0.309825054256221,0.248308324175522,0.648137004098879
0.314453800504105,0.251251511449249,0.647000705799014
0.319342596445933,0.254433752714122,0.645811852357805
0.324471439908101,0.257844789736095,0.644588365163224
0.329818734129475,0.261470836736186,0.643348926609967
0.335361621711048,0.265295007024087,0.642112432678797
0.34107640240192,0.26929812552009,0.640897402780984
0.346938956059166,0.273459775039408,0.639721424855657
0.352925085456232,0.277759344034518,0.638600708160153
0.359010720110594,0.282176840113045,0.637549785353746
0.365171972673914,0.286693311230577,0.636581362320198
0.371385092201697,0.291290839548331,0.635706277603944
0.377626392669664,0.295952190300601,0.634933516972116
0.383872240179491,0.300660272154747,0.634270234602034
0.390099161069477,0.305397586476284,0.633721753221053
0.396284095491227,0.310145821754106,0.633291540433059
0.402404777703548,0.314885704254242,0.632981178680516
0.408440183858035,0.319597160937521,0.632790357031827
0.414370957038566,0.324259793036814,0.632716912974802
0.42017970402914,0.32885360128473,0.632756942739871
0.425851065277754,0.333359849974815,0.63290498218893
0.431371493664933,0.337761914339638,0.633154241284425
0.436728738499166,0.342045936448936,0.633496859146403
0.441911108609734,0.346201132018822,0.633924139428596
0.446906662123529,0.350219650865776,0.63442673111756
0.451702513982029,0.354095989512081,0.634994737678193
0.456284444077593,0.357826061833613,0.635617762404548
0.460636924268209,0.361406118842041,0.636284920824712
0.464743579315212,0.364831742352023,0.636984863134606
0.468587989513415,0.36809710847825,0.637705846409667
0.47215466710411,0.371194638258144,0.638435879765961
0.475430015708113,0.374115053853227,0.639162942876491
0.478403111010274,0.376847771510912,0.639875257697335
0.481066203461767,0.379381508310982,0.640561580906549
0.483414914973835,0.381704964323329,0.641211482157088
0.485448161102066,0.383807458072958,0.641815578967142
0.487167867330316,0.385679427870363,0.642365709299946
0.488578561493135,0.387312751705732,0.642855034048479
0.489686919037474,0.38870087521814,0.643278071309948
0.490501320959185,0.38983876666348,0.643630671450066
0.49103146226561,0.390722738648246,0.643909946334511
0.491288027084092,0.391350189523922,0.64411416820695
0.491282428760917,0.391719323549589,0.644242654053843
0.491026601351739,0.391828907656906,0.644295650092404
0.490532824408211,0.391678113720746,0.644274228490851
0.489813565755275,0.391266478376297,0.644180204601306
0.488881335382678,0.390593989185334,0.644016078083528
0.487748554448366,0.389661280484039,0.643784995958869
0.48642745239865,0.388469900426897,0.643490730816483
0.484930008388365,0.387022598286903,0.643137664130536
0.483267948738227,0.385323581459175,0.642730763735415
0.481452800997943,0.383378704205703,0.642275546066116
0.479495990332809,0.381195570285367,0.641778017136479
0.477408949380317,0.378783552638323,0.641244590287648
0.475203201462493,0.376153748367681,0.640681982215848
0.472890371611505,0.373318892917762,0.640097091112235
0.470482081891098,0.37029325316335,0.639496861943823
0.467989698445324,0.367092507415684,0.638888144497886
0.465423919224268,0.363733605491942,0.6382775505324
0.462794224216821,0.360234589170036,0.637671317684118
0.46010825227153,0.356614347949101,0.637075189610628
0.457371212723194,0.352892291492578,0.636494323411495
0.454585472317764,0.34908794012757,0.635933235374376
0.451750457836798,0.345220465019679,0.635395792990123
0.448862970004209,0.341308239853326,0.634885254409457
0.44591791209825,0.337368482759924,0.634404346971063
0.442909323419638,0.333417058261555,0.633955367134203
0.439831515609956,0.329468472572891,0.633540279027352
0.436680079154288,0.325536043482889,0.633160790647444
0.433452572035249,0.32163217889785,0.632818395282182
0.430148802051677,0.317768674089563,0.632514377617413
0.426770725137923,0.313956943067094,0.632249794501442
0.423322068033609,0.310208128144297,0.632025446054528
0.419807823439331,0.306533070490637,0.631841852594162
0.416233762453386,0.302942161147221,0.631699247986026
0.412606075966554,0.299445119252248,0.63159759284866
0.408931209436277,0.296050759508536,0.631536603869726
0.40521590578934,0.292766814417695,0.631515790063883
0.401467426105138,0.289599869324954,0.631534484159214
0.39769388127436,0.286555450442658,0.631591857913853
0.393904583389899,0.2836382786302,0.631686914004753
0.390110317000941,0.280852667309695,0.631818453585768
0.38632344104011,0.278203006937326,0.631985026355084
0.382557763227204,0.275694249346762,0.632184876991482
0.378828176163541,0.273332292538356,0.632415905813304
0.375150098403936,0.271124177059907,0.632675660667999
0.371538810662708,0.26907803950128,0.632961370932045
0.36800880346493,0.267202819084643,0.633270024515229
0.364573249977772,0.265507765673825,0.63359847792567
0.361243687504177,0.264001836428087,0.633943581231924
0.358029942903637,0.262693083313869,0.634302296687965
0.354940285452651,0.261588123054674,0.634671792463937
0.351981748670093,0.260691751403356,0.635049499981419
0.349160538481055,0.260006726226175,0.635433132212855
0.34648243993039,0.259533709751319,0.635820668370184
0.34395314461172,0.25927133674121,0.636210315888203
0.341578440300203,0.259216364859698,0.636600462813019
0.339364227971794,0.259363864682728,0.636989632871379
0.337316356897361,0.259707416162841,0.637376452333289
0.335440295359153,0.260239291749139,0.6377596331364
0.333740682866508,0.260950619810721,0.638137971456662
0.332220838270726,0.261831532310536,0.638510355824506
0.330882322346855,0.262871305775782,0.638875774929801
0.329724664424843,0.264058503793447,0.639233313530394
0.328745349850932,0.26538112383631,0.639582126360464
0.327940121031818,0.266826744122111,0.639921385028504
0.327303572766826,0.2683826609469,0.64025020081188
0.326829941446251,0.270036006284767,0.640567534668145
0.326513927219796,0.271773839711941,0.640872111585749
0.326351375286186,0.273583216188548,0.641162357083086
0.326339684220875,0.275451239237045,0.641436368917058
0.326477887891787,0.277365115561511,0.641691929020089
0.326766440737618,0.279312231267022,0.641926552665111
0.327206795222061,0.281280271068163,0.642137566596293
0.327800882887278,0.283257399481114,0.642322206272747
0.328550601264848,0.28523251576644,0.642477723630332
0.329457381880432,0.287195581209391,0.642601499065854
0.330521883293111,0.289137998065309,0.642691153022421
0.331743825950078,0.291052996193705,0.642744652657166
0.333121964920746,0.292935961011433,0.642760407690182
0.334654180061527,0.29478462345112,0.642737348073729
0.336337650689843,0.296599036335743,0.642674975138296
0.338169072678853,0.298381290552808,0.642573379345473
0.340144872255875,0.300134974636209,0.642433221555549
0.342261374030087,0.301864443238758,0.642255680925309
0.344514892257285,0.303574012827823,0.642042379186501
0.34690173288981,0.305267226304857,0.64179529543585
0.349418113118348,0.306946312275035,0.641516686414437
0.352060019923162,0.308611915113971,0.641209024004656
0.354823035593312,0.310263107549874,0.640874955743315
0.357702156245695,0.311897639645702,0.640517287588426
0.360691622130933,0.313512341340378,0.640138982784117
0.363784769856646,0.315103583789547,0.639743167487693
0.366973909847653,0.316667712700733,0.639333133018654
0.370250229229916,0.318201386189207,0.638912325757915
0.373603721478243,0.319701772793713,0.638484318251664
0.377023148253487,0.321166587359378,0.63805275845124
0.380496046124991,0.322593963233596,0.637621298041362
0.384008796543703,0.323982177981182,0.637193504991133
0.387546781315179,0.325329269445618,0.636772769717447
0.391094643474934,0.326632598945891,0.636362217878599
0.394636662721539,0.327888436863934,0.635964644949435
0.398157234303182,0.32909165783335,0.635582487203313
0.401641412469121,0.330235631279202,0.635217839544505
0.405075450494838,0.331312371776321,0.634872522484667
0.408447248668212,0.33231297071104,0.634548189520588
0.411746619989894,0.333228272213716,0.634246454925792
0.414965306887898,0.33404969705434,0.633969014206272
0.418096728244077,0.334770077400923,0.633717728491566
0.421135491984359,0.335384358634274,0.633494651165058
0.424076756754953,0.335890055982097,0.633301988333159
0.426915552089963,0.336287413785091,0.633142000143101
0.429646164975048,0.336579284510127,0.633016862769904
0.432261677843064,0.33677080313415,0.632928517809189
0.434753711473089,0.336868966865884,0.632878535991584
0.437112398428344,0.336882236140248,0.632868016878393
0.439326595219951,0.336820253086187,0.632897537808369
0.441384333231344,0.336693733857434,0.632967155996184
0.443273501721615,0.336514537058348,0.63307645870984
0.444982739757109,0.336295848502345,0.633224648575951
0.44650247831964,0.336052363182925,0.633410644844801
0.447826018262718,0.335800306028596,0.63363317791069
0.448950468983807,0.335557136702411,0.633890855170675
0.449877338244475,0.335340848528162,0.634182182917208
0.450612592414832,0.335168893930024,0.634505541178762
0.451166115099998,0.335056910598809,0.63485912292436
0.451550653131242,0.335017520773051,0.635240860020237
0.451780484754106,0.335059477169752,0.635648360687067
0.451870107295285,0.335187327810378,0.636078876236874
0.451833197494473,0.33540161755507,0.636529302848544
0.451681980913851,0.33569950707615,0.636996213201277
0.451427018675216,0.336075617991861,0.637475906927682
0.451077328596305,0.336522911875581,0.637964468421452
0.450640719295107,0.337033456929999,0.638457823440217
0.450124219053806,0.337598998815983,0.638951789735103
0.449534505414303,0.338211310018059,0.639442120103909
0.448878269379941,0.33886233593156,0.639924538355103
0.448162471423521,0.339544184356098,0.640394769935706
0.447394464639017,0.340249020068861,0.640848569749998
0.446581976720824,0.340968929402192,0.641281750128717
0.445732960304896,0.341695812449039,0.641690211933948
0.444855340803117,0.342421344179188,0.642069981160675
0.443956708840912,0.343137023343364,0.642417252082112
0.443044015238879,0.343834304249601,0.642728436153567
0.442123325658202,0.344504786711789,0.64300021408617
0.441199678699044,0.345140427923025,0.643229587228516
0.440277069077663,0.345733738384654,0.643413924097925
0.439358553001691,0.346277931139337,0.64355099863263
0.438446452506638,0.346767006227283,0.643639018175948
0.437542623416285,0.34719576673612,0.643676640883862
0.436648748248775,0.347559775876788,0.643662983611221
0.435766619709117,0.347855273588417,0.643597622128659
0.434898387481395,0.348079076000599,0.643480585612168
0.434046749244631,0.348228482294536,0.643312348028906
0.433215072753982,0.348301210568228,0.643093819173426
0.432407439439728,0.348295378189516,0.642826337854599
0.431628600911836,0.348209532031852,0.642511669084071
0.430883840791059,0.348042723621308,0.642152006395446
0.430178736546537,0.347794612348197,0.641749979456236
0.429518822530174,0.347465568943276,0.641308665571985
0.428909167594115,0.347056743409907,0.640831601749294
0.428353898658541,0.346570059267891,0.64032279189616
0.427855722809094,0.346008102172507,0.639786702114401
0.427415519290865,0.34537388742319,0.639228236671577
0.427032080943245,0.34467051669782,0.638652688893968
0.426702073941249,0.343900764783038,0.638065665142792
0.426420250918376,0.343066663770515,0.637472985654503
0.426179899730777,0.342169165336817,0.63688057176444
0.42597345216481,0.34120795426817,0.636294332766501
0.425793133459845,0.340181458373543,0.635720065706792
0.425631521336519,0.339087059764303,0.635163377429918
0.425481907356811,0.33792147361014,0.634629631566071
0.425338404852895,0.336681234424913,0.634123916262002
0.425195808727202,0.335363220209192,0.63365102355282
0.425049266175001,0.333965145921323,0.633215429485992
0.424893853758002,0.332485960661641,0.632821265427962
0.424724172572616,0.330926083848163,0.632472274791577
0.424534069478089,0.329287420124924,0.632171755036895
0.42431656990021,0.327573116850955,0.631922491390733
0.424064067236473,0.325787081280873,0.631726694884871
0.423768758799101,0.323933350032691,0.631585960707545
0.423423258426417,0.322015473417789,0.631501261089434
0.423021265138026,0.320036103060168,0.631472979068652
0.422558142224435,0.317996928172328,0.631500977381904
0.422031274560406,0.315899000381384,0.631584684963381
0.421440124738679,0.313743358814586,0.631723177306355
0.420785985793592,0.311531770373448,0.631915229282127
0.42007150283147,0.30926737409566,0.632159328952506
0.419300081716458,0.306955067147419,0.632453654042849
0.418475307996731,0.304601563450586,0.63279602372722
0.417600469650993,0.302215151485786,0.633183843674361
0.416678230792651,0.299805243090873,0.633614061375187
0.415710458892981,0.297381829244183,0.634083143487842
0.414698177324699,0.294954949163819,0.634587080062357
0.413641601569833,0.292534250754101,0.635121414395369
0.412540218610278,0.290128687561968,0.635681293224449
0.411392879477374,0.287746368646865,0.63626153030268
0.410197889170626,0.285394556237451,0.636856676708511
0.408953091824492,0.283079791203009,0.637461092856063
0.407655959190807,0.280808116228725,0.638069019343056
0.40630369560466,0.278585359404764,0.638674645882833
0.404893372081807,0.276417436082791,0.63927217914518
0.40342209647986,0.274310624837157,0.639855911085245
0.401887217237116,0.272271776134326,0.640420289161372
0.400286546989184,0.270308419242015,0.640959988867544
0.398618582754617,0.268428747406775,0.641469987490626
0.396882693527681,0.266641478568306,0.641945636461278
0.395079246419511,0.264955607766199,0.642382728556879
0.393209649384668,0.263380083071604,0.642777555987689
0.391276300805802,0.261923445864405,0.643126956167006
0.389282451155819,0.260593476692846,0.643428343584434
0.38723199643245,0.259396880449045,0.643679728234791
0.385129234405867,0.2583390321114,0.643879722932809
0.382978621634266,0.257423790758733,0.644027543143979
0.380784571430006,0.256653379430155,0.644123003105308
0.378551331578977,0.25602832362067,0.644166511217378
0.376282976046016,0.255547443180578,0.644159065763906
0.373983537087545,0.255207899466175,0.644102249422901
0.371657292078535,0.255005310075086,0.643998217824819
0.369309199792528,0.254933951254379,0.643849674666484
0.366945454250901,0.254987070658095,0.64365982397315
0.364574089371237,0.255157323296678,0.643432290553249
0.362205531188097,0.255437320101618,0.643171003243999
0.359852967753807,0.255820242184378,0.642880043063918
0.357532406476724,0.256300434277004,0.642563468706974
0.355262329797452,0.25687386341036,0.642225142319975
0.353062945365189,0.257538331614748,0.64186858473573
0.350955136828028,0.258293374887924,0.641496886811657
0.348959315414455,0.259139856692047,0.641112691125028
0.347094407546534,0.260079346458792,0.640718239556529
0.345377170187471,0.261113428789172,0.64031546480517
0.34382192126938,0.262243096385739,0.639906094927545
0.342440652086251,0.263468341953094,0.639491742406469
0.341243396127579,0.26478800182555,0.639073960598775
0.340238687666669,0.266199841313654,0.638654265041342
0.339433952042417,0.267700824382983,0.638234129621648
0.338835712642397,0.269287482652078,0.637814974782377
0.338449559908305,0.270956287948677,0.637398165807018
0.338279892410046,0.272703934694298,0.636985034473156
0.338329500772076,0.274527451910709,0.636576928424084
0.338599114146713,0.276424091352938,0.636175281608995
0.339087056029552,0.278390980110667,0.635781688864234
0.339789150496005,0.280424580715606,0.635397961395388
0.340698974085655,0.282520058882823,0.635026140518838
0.341808467192322,0.28467070069717,0.63466845565474
0.343108821925327,0.286867528482068,0.634327227402172
0.344591482446697,0.289099228550072,0.634004732763351
0.346249057978533,0.291352432373329,0.633703061304854
0.348075970880633,0.293612309000894,0.633423993931188
0.350068732431068,0.29586335916534,0.633168929319249
0.352225830431739,0.298090270365789,0.632938869914416
0.354547295493617,0.300278701217282,0.632734464634761
0.35703406604267,0.302415902100008,0.632556093599875
0.359687289108333,0.304491130385426,0.632403973906278
0.362507680265002,0.306495866225691,0.632278265061151
0.365495032929161,0.308423868728112,0.63217915687458
0.368647926072167,0.310271128366479,0.632106929377478
0.371963638813029,0.312035770542496,0.632061981683687
0.375438245356122,0.31371795093902,0.632044833090813
0.379066836894277,0.315319760852053,0.632056104116836
0.38284380007067,0.316845136196956,0.632096487112886
0.386763075836291,0.318299744034748,0.632166715551038
0.390818329392323,0.319690811524786,0.632267538396257
0.39500298193287,0.321026868080301,0.632399701897381
0.399310085371735,0.322317391581167,0.632563936630644
0.403732057203129,0.323572378154827,0.632760943951033
0.408260325457712,0.324801881886856,0.63299137421661
0.41288495459778,0.326015585601807,0.633255789902866
0.417594326245083,0.327222460383478,0.633554609881846
0.422374932954153,0.328430549703004,0.633888035779754
0.427211316189703,0.329646883003007,0.634255965890958
0.43208614859693,0.330877490013927,0.634657905392785
0.436980437409362,0.332127462836499,0.635092882682099
0.441873814914563,0.333401001487511,0.635559380766242
0.446744884000984,0.334701382292995,0.636055290497116
0.451571597453268,0.336030806240449,0.636577889931099
0.456331661925136,0.33739011409445,0.637123851790359
0.461002964620571,0.338778393645338,0.637689278968047
0.465564018080377,0.34019254682243,0.638269765938729
0.469994405612292,0.341626921783872,0.638860481529031
0.474275190973645,0.343073134731175,0.639456265836871
0.478389239403032,0.344520193864713,0.640051731806261
0.482321393596819,0.345954984850716,0.640641361171091
0.486058464957206,0.347363089334918,0.641219586016087
0.489589036780567,0.348729810732895,0.641780851185825
0.492903121111093,0.350041212761472,0.642319658227592
0.495991747086644,0.351284967466661,0.642830596633476
0.498846571773558,0.352450866583758,0.643308371313216
0.501459590264625,0.35353094814371,0.643747835537117
0.503822988549232,0.354519289465803,0.644144036412485
0.505929143147068,0.35541158477975,0.644492276039523
0.50777073894678,0.356204648551908,0.644788187260818
0.509340955981053,0.356895970313084,0.645027819009744
0.510633668326871,0.357483409487455,0.645207723507718
0.5116436001951,0.357965074115744,0.645325036002625
0.51236639248717,0.358339385051824,0.645377537499203
0.512798545874392,0.358605291265167,0.64536369211095
0.512937223226028,0.358762573162241,0.645282653328027
0.512779915950045,0.35881215027251,0.645134237904032
0.512324005044314,0.358756299528995,0.644918872052949
0.511566276417527,0.358598695182945,0.644637521697732
0.510502475543371,0.358344205502448,0.644291625149043
0.509127000031255,0.357998425838272,0.643883050539674
0.507432821603068,0.357566986610732,0.643414099222926
0.50541169699433,0.357054734443916,0.642887568788076
0.503054675075041,0.356464926679717,0.642306876240578
0.500352847973531,0.355798588298318,0.641676226455058
0.49729824498632,0.355054151269005,0.6410007979846
0.493884744063559,0.354227438695052,0.640286911825774
0.490108881476644,0.35331198839848,0.63954215044211
0.485970470353206,0.35229965225566,0.638775402982382
0.481472981939776,0.35118137136241,0.637996825073972
0.476623686554193,0.349948015922755,0.637217714030088
0.471433586100125,0.348591188129244,0.636450310149387
0.465917191908843,0.347103908051248,0.635707540528343
0.460092211091782,0.345481128905917,0.635002723521983
0.453979202818584,0.343720053417715,0.634349250395651
0.447601255767964,0.341820244639817,0.633760257122814
0.440983721062876,0.339783542252148,0.633248295056152
0.434154013607271,0.337613810302547,0.632825005797935
0.427141470811575,0.33531655617137,0.632500804207785
0.419977234936148,0.332898473988317,0.632284574899744
0.412694108686322,0.330366977497557,0.632183391676917
0.405326329208026,0.327729793672777,0.632202274804341
0.397909218143729,0.324994684005183,0.632344005316537
0.3904786951521,0.322169341169812,0.632609015700845
0.383070682349473,0.319261475015527,0.632995370265222
0.37572046397769,0.31627906051065,0.633498836798348
0.368462084158571,0.313230683334542,0.634113037267042
0.361327857231574,0.310125898319732,0.634829654521232
0.35434803285753,0.306975517681471,0.63563866854934
0.347550615021483,0.303791766695128,0.636528600765337
0.340961296679108,0.300588274241474,0.63748675549133
0.334603451711049,0.297379893604848,0.638499459627231
0.328498126658574,0.294182368618415,0.639552310089878
0.32266399286279,0.291011871541946,0.640630441321403
0.317117248027837,0.287884446385535,0.641718821402956
0.311871487122156,0.284815400237066,0.642802576096742
0.306937589018129,0.281818698400451,0.643867327633275
0.302323680520389,0.278906434517314,0.644899522570668
0.298035237889141,0.276088456652058,0.645886714625968
0.294075364943023,0.273372224202373,0.646817767971592
0.29044524825534,0.270762940637661,0.647682956638282
0.287144743082424,0.268263954665992,0.648473955405017
0.284173004016308,0.265877361034179,0.649183741421737
0.281529057114205,0.263604683105498,0.649806445597669
0.27921222343899,0.261447503457266,0.650337200901121
0.277222342910224,0.259407929045962,0.650772028513329
0.27555979706426,0.257488828546337,0.651107785383126
0.274225373149626,0.255693836604827,0.651342175410265
0.273220037846284,0.254027167392646,0.651473808481407
0.272544693909857,0.252493306767301,0.651502281407705
0.272199981545831,0.251096659079509,0.651428253142423
0.272186164697488,0.249841216935863,0.651253491898639
0.272503117251734,0.248730307170588,0.650980881055551
0.273150399318153,0.247766448690173,0.650614381497597
0.274127392179943,0.246951339934296,0.650158958017822
0.275433444173626,0.246285975380226,0.649620485048938
0.277067970468871,0.245770871009515,0.649005651142204
0.279030450838082,0.245406358710479,0.648321881127939
0.281320281989483,0.245192891229271,0.647577289777084
0.283936465908048,0.245131287668303,0.646780671287485
0.28687714911492,0.245222850157709,0.64594151696395
0.290139063468534,0.245469299845364,0.645070041706118
0.29371694767902,0.245872515002777,0.644177191735909
0.297603042129661,0.246434100754368,0.643274603964239
0.301786742574144,0.247154867650631,0.6423744928761
0.306254472191334,0.248034331717833,0.641489452821258
0.310989792880252,0.249070359649555,0.640632179423452
0.315973735994365,0.250259063217132,0.63981512962024
0.321185299051141,0.251594997727987,0.639050152197327
0.326602034161693,0.25307164967357,0.638348127135624
0.332200646045817,0.254682124232956,0.63771865170792
0.337957519881562,0.256419885021032,0.637169803950356
0.343849108997389,0.258279377137335,0.636708000655737
0.349852129113655,0.26025639152087,0.636337949356888
0.355943531408727,0.262348096791193,0.636062675579297
0.362100262876029,0.264552748961349,0.635883592956717
0.368298867715065,0.266869159271669,0.635800579290292
0.374515031556086,0.269296038004135,0.635812028503871
0.380723208854507,0.271831338073797,0.635914865525871
0.386896485857529,0.274471708081664,0.6361045338426
0.393006800212666,0.277212139899702,0.636374986602714
0.39902555707795,0.280045862160115,0.636718723361673
0.404924566553346,0.282964486332886,0.63712690948533
0.410677119076345,0.285958360811728,0.637589593626055
0.416258962667022,0.289017044893287,0.638096008598999
0.421648974985263,0.29212979651746,0.638634915487488
0.426829419577159,0.295285983381195,0.639194940692341
0.431785793203827,0.298475368817076,0.639764863216787
0.436506361999545,0.301688272731977,0.640333828585856
0.440981524650303,0.304915645349664,0.640891487056884
0.445203135204908,0.308149107764944,0.641428070095234
0.449163886625213,0.311381008545302,0.64193442792823
0.452856819029161,0.314604525958151,0.642402053211295
0.456274986167293,0.317813818642307,0.642823113601038
0.459411292760447,0.321004200815149,0.643190510917938
0.462258501449641,0.324172297511231,0.643497977520538
0.464809395969844,0.327316126042998,0.643740211655327
0.467057073806968,0.330435055601696,0.643913043609882
0.468995326742659,0.33352961844165,0.644013614855435
0.470619055047854,0.336601179623545,0.644040545410067
0.471924655527205,0.339651509120548,0.64399406267946
0.47291032914236,0.342682328858279,0.64387606932041
0.473576270217656,0.345694918156159,0.643690137299836
0.47392472245343,0.348689850114512,0.643441427668092
0.473959909687837,0.351666901996451,0.643136546776366
0.473687865934887,0.354625143262138,0.642783356911243
0.47311619551222,0.357563165291721,0.642390760979111
0.472253790555666,0.36047938425987,0.641968477493976
0.471110522742875,0.363372326617659,0.641526815395517
0.46969691351045,0.366240796586455,0.64107645053804
0.468023778086155,0.369083829182085,0.640628199494519
0.466101839398425,0.3719003558485,0.640192783947843
0.463941323433881,0.374688559562008,0.639780582139735
0.461551579402561,0.377444973325253,0.639401372913267
0.458940807945995,0.380163464516781,0.639064089821394
0.456116009008351,0.382834311709053,0.638776611033459
0.453083252114958,0.385443581075188,0.638545607907027
0.449848311651613,0.387972937634035,0.638376459252886
0.446417611232065,0.390399921586404,0.638273217398847
0.442799321015505,0.392698641187414,0.638238599658503
0.439004387925383,0.39484080732531,0.63827398308417
0.435047272124108,0.396797034561479,0.638379397740427
0.430946216070554,0.39853831394135,0.638553531818314
0.42672297366532,0.400037510701236,0.638793769144849
0.422402052125942,0.401270687434337,0.639096272633699
0.418009631563827,0.402218049668025,0.639456111594313
0.413572389529928,0.402864379706753,0.639867416406323
0.4091164502494,0.403198946675801,0.640323538792193
0.404666613379446,0.403215003901697,0.640817200841806
0.400245924483629,0.402909066936731,0.641340627423847
0.395875565090112,0.40228018547333,0.641885668070938
0.391574983738026,0.401329389593196,0.642443921341894
0.387362164504581,0.400059425192605,0.643006875090827
0.383253928549695,0.398474813712229,0.64356607054301
0.379266177518699,0.396582188899974,0.644113288446395
0.375414009437859,0.394390786263721,0.644640744433783
0.371711667549109,0.391912900556298,0.645141271205465
0.368172321922163,0.389164102172154,0.645608460715317
0.364807730535563,0.386163036280736,0.646036743104179
0.361627870017717,0.382930728458638,0.646421391478303
0.358640648568625,0.379489467217279,0.646758459699867
0.355851798971294,0.375861475396551,0.647044677861621
0.353264998202484,0.372067656825196,0.647277339772303
0.350882191629715,0.368126678614935,0.647454214901287
0.348704044156101,0.364054539101153,0.647573505210278
0.34673041931201,0.359864631158859,0.647633850846195
0.34496080251246,0.355568196770283,0.64763437391993
0.343394621896139,0.351175011674981,0.64757474071411
0.342031460469049,0.34669413703075,0.64745522043576
0.340871182090912,0.34213460847531,0.647276722126303
0.339914006057572,0.337505978704005,0.647040798328766
0.339160561899446,0.33281867193499,0.64674961268634
0.338611942575111,0.328084140161821,0.646405877260847
0.338269755767209,0.323314832718648,0.646012772846142
0.338136155915593,0.318524004713871,0.645573870469225
0.338213827865931,0.313725401245792,0.645093073692176
0.338505890499595,0.308932865053488,0.644574598214921
0.339015696831269,0.304159925675595,0.644022997502373
0.339746524478306,0.299419435931814,0.643443231777874
0.340701173366852,0.294723322528792,0.642840764921141
0.341881510327562,0.290082507602161,0.642221662731207
0.343288016988731,0.285507034695293,0.6415926599047
0.344919403805578,0.281006397683632,0.640961164271163
0.346772347288479,0.276590031269181,0.640335175924161
0.348841390291262,0.272267887868938,0.639723114243212
0.351119020082659,0.268051009566835,0.639133563597797
0.353595910299865,0.263952011608697,0.638574964151492
0.356261285859807,0.259985422834254,0.638055283619828
0.359103348277475,0.256167866556885,0.637581707353915
0.362109684470362,0.252518096946206,0.637160378699371
0.365267575364054,0.249056918385707,0.636796212036405
0.368564121576593,0.245807004234091,0.636492790360924
0.371986114085292,0.242792602539116,0.636252349617604
0.375519602190997,0.240039083371336,0.636075843437878
0.379149154877603,0.237572264624879,0.63596307329674
0.382856878521594,0.235417469206017,0.635912859269646
0.386621341084901,0.233598326526118,0.635923216478925
0.390416645956643,0.232135425122969,0.635991496792766
0.394211966988385,0.23104501412556,0.636114462762043
0.397971853738704,0.230337984630778,0.636288288028106
0.401657495063584,0.230019299504868,0.636508521069729
0.405228878258829,0.23008790138793,0.636770084678419
0.408647467471188,0.230536997704364,0.637067380944237
0.411878793550983,0.231354585287003,0.637394518849698
0.414894336018216,0.232524138480972,0.637745607003138
0.417672310586176,0.234025450936652,0.638115009831313
0.420197339453741,0.235835604542007,0.638497482963084
0.422459308064372,0.237929953111977,0.638888166195328
0.424451881638288,0.240282947421392,0.639282475451111
0.426171143458151,0.242868660230114,0.63967596464742
0.42761467722367,0.245660979967848,0.640064220669826
0.428781227748837,0.248633563796473,0.640442826540026
0.429670900769463,0.25175971921019,0.640807397724007
0.430285734498935,0.255012398053461,0.641153674430389
0.430630400260498,0.258364444083445,0.641477640887475
0.430712768076464,0.261789151323946,0.641775639786141
0.430544108270088,0.265261086353636,0.642044454754675
0.430138791486353,0.26875703041171,0.642281344333752
0.429513481832214,0.272256837966754,0.642484024989286
0.428685956054608,0.275744011171393,0.642650614526736
0.427673780999518,0.27920585681155,0.642779556854122
0.426493108204365,0.282633199508012,0.642869551611893
0.425157794863337,0.286019731395237,0.642919507877763
0.423678960956887,0.289361148232619,0.642928532338575
0.422064984500927,0.292654239449437,0.642895952739338
0.420321854192322,0.295896072269234,0.642821369682086
0.418453757128869,0.299083358229821,0.642704725460528
0.416463776259542,0.302212035476471,0.642546377584289
0.414354594316182,0.305277056375964,0.642347165799141
0.412129134328529,0.308272343173067,0.642108463973852
0.409791098860137,0.311190863007741,0.641832210829854
0.407345395996549,0.314024774364964,0.641520915989494
0.404798456539947,0.31676560394636,0.641177639777298
0.402158455288876,0.319404422795249,0.640805946709653
0.399435451330915,0.321932000182131,0.640409833775015
0.39664146046887,0.324338922032147,0.639993635660397
0.393790469467003,0.326615667102768,0.639561910172943
0.390898398984254,0.328752639190338,0.6391193084829
0.387983021302783,0.330740157805069,0.638670436322014
0.385063841628218,0.332568414024245,0.638219713849437
0.382161958042823,0.334227403653305,0.637771243234867
0.379299923543896,0.335706857464233,0.637328693731617
0.376501639540223,0.33699619898034,0.636895213879507
0.373792305671339,0.33808457408845,0.63647337967321
0.371198425215344,0.338961010975793,0.636065186667548
0.368747810648756,0.339614776804705,0.635672094140923
0.366469455125262,0.340035986277547,0.63529513087968
0.364393064248683,0.340216471083135,0.63493507290781
0.362548040290225,0.340150829939056,0.634592698121146
0.360961843882706,0.339837464793841,0.634269104666304
0.359657932524612,0.339279326499241,0.633966048389497
0.358653776941514,0.338484117665159,0.633686222932652
0.357959580305814,0.33746386227846,0.633433398198626
0.357578127714404,0.33623398545737,0.633212365432696
0.357505746034514,0.33481221888141,0.633028699245258
0.357733918244827,0.333217660636355,0.632888403910582
0.358250916073533,0.331470185527519,0.632797532035532
0.359042944362084,0.329590217474501,0.632761843579769
0.360094605672063,0.327598731656229,0.632786532200778
0.361388819507559,0.325517292763079,0.632876009730165
0.362906541983664,0.323367956006238,0.63303372405486
0.364626674774419,0.32117293875105,0.633261992315363
0.366526431514697,0.318954081494444,0.633561850720214
0.368582203301254,0.316732215477126,0.633932940295165
0.370770734029038,0.314526598305568,0.634373453175713
0.373070286150814,0.312354550031076,0.634880154174761
0.375461497687111,0.310231340853642,0.635448474413877
0.377927768031425,0.308170294700611,0.636072658451618
0.380455177577546,0.306183020686278,0.636745940293638
0.383032067777907,0.304279678535,0.637460726780429
0.385648453772929,0.302469210444203,0.6382087746493
0.388295424092588,0.300759508337219,0.638981355374849
0.390964632079155,0.299157515709239,0.639769407153585
0.393647929217638,0.29766928094161,0.640563675749543
0.396337147201595,0.296299984822409,0.641354846198813
0.399024008193579,0.295053962824882,0.642133666664111
0.401700129839706,0.293934736431998,0.642891064846956
0.404357089191136,0.292945060427757,0.643618256753514
0.40698651368401,0.292086986526569,0.644306847373283
0.409580174486527,0.291361938921453,0.644948922917266
0.412130065545819,0.290770794780697,0.645537134428714
0.414628459226001,0.290313961902129,0.646064772896404
0.417067935624418,0.289991446713749,0.646525836080697
0.419441387288383,0.289802907479515,0.646915087390658
0.421742003939942,0.289747689894311,0.647228107007924
0.423963243374142,0.289824844163954,0.64746133545689
0.426098794844252,0.290033124687991,0.647612109468992
0.428142540868419,0.290370974564475,0.647678689826675
0.430088521583988,0.290836498699154,0.647660280210319
0.431930905528877,0.291427428215352,0.647557036725021
0.433663969025753,0.292141079474462,0.647370067342316
0.435282085690636,0.292974310223366,0.647101420839825
0.436779726688399,0.293923474998116,0.646754064841389
0.438151472494383,0.294984381782329,0.646331852809333
0.439392035983421,0.296152250845423,0.645839480087878
0.4404962975662,0.297421677237013,0.645282429293542
0.441459352990888,0.298786598293725,0.644666905545587
0.442276574838421,0.300240268036398,0.643999762209726
0.442943688998495,0.301775241109835,0.643288417980129
0.443456867385736,0.303383369901337,0.642540766255561
0.443812837706221,0.305055819381028,0.64176507794714
0.444009009750401,0.306783104808314,0.640969898998027
0.444043615378409,0.308555157145945,0.640163944094023
0.443915855669659,0.310361419434876,0.639355988156809
0.443626043918407,0.312190973994573,0.638554757285483
0.443175727603497,0.314032695182112,0.637768820706598
0.442567767357761,0.315875416088249,0.637006485027183
0.441806348030299,0.317708091319199,0.636275691697907
0.440896898151744,0.319519933909285,0.635583918211483
0.439845901126418,0.32130050453913,0.634938083403217
0.438660594546146,0.323039736946964,0.634344457478455
0.437348571392942,0.324727894361227,0.633808578147303
0.435917314851814,0.326355465518311,0.633335175371958
0.434373712709858,0.327913021511545,0.632928108420281
0.432723605287623,0.329391062785427,0.632590319821223
0.430971423326284,0.330779887608758,0.632323811185944
0.42911997318826,0.332069510895155,0.632129645606414
0.427170429623806,0.333249658637104,0.632007980355078
0.425122598519122,0.334309860576212,0.631958131451708
0.422975499717065,0.335239659470424,0.631978667471774
0.420728271045267,0.336028941169346,0.632067523026488
0.418381296201219,0.33666835728911,0.632222113615612
0.415937335743535,0.337149765298322,0.632439427178562
0.413402364776862,0.337466574071823,0.632716069873798
0.410785870846079,0.337613890768081,0.633048257607591
0.408100545147808,0.337588428636079,0.633431765566033
0.405361512120938,0.337388223225945,0.633861864025416
0.402585364055152,0.337012264149953,0.634333271344089
0.399789252570724,0.336460152931303,0.634840145202241
0.3969901861605,0.335731857811225,0.635376118828449
0.394204571294708,0.334827586367217,0.635934377630593
0.391447962129267,0.333747760618656,0.636507766102842
0.388734956914298,0.332493063388101,0.637088914022263
0.386079182119077,0.331064523878054,0.637670372467337
0.383493320429983,0.329463617072231,0.638244752329831
0.380989154974222,0.32769236001628,0.638804859890962
0.378577614735579,0.325753395394542,0.639343825454115
0.376268814321487,0.323650058295997,0.639855222062487
0.374072085965628,0.321386425508542,0.640333172039078
0.37199600395277,0.318967348692346,0.640772439637746
0.370048402580728,0.316398473676349,0.641168508519782
0.368236388983832,0.313686248305615,0.641517643125191
0.366566351985087,0.310837921074851,0.641816933349787
0.365043967936591,0.307861532212957,0.642064322225142
0.363674204331922,0.304765898737003,0.642258616664026
0.362461321783206,0.301560593411091,0.642399481487938
0.361408875073744,0.298255917892843,0.642487417358576
0.360519713964829,0.29486286925669,0.642523723471514
0.359795984772672,0.29139309860886,0.642510446094847
0.359239133775239,0.287858860295314,0.642450314405953
0.358849913495972,0.284272950260705,0.642346665480381
0.35862839304094,0.280648631801375,0.642203360550773
0.358573973661965,0.276999548198599,0.642024695022304
0.358685410248254,0.273339621980934,0.641815305048967
0.358960839326943,0.269682942002456,0.641580073571568
0.359397813531628,0.266043641047056,0.641324038782222
0.359993342218225,0.262435768386732,0.641052307690906
0.360743937420963,0.258873163506907,0.640769977048207
0.361645664647143,0.255369338787983,0.640482063017916
0.362694198497173,0.251937380098193,0.640193440024598
0.363884884196362,0.248589874702118,0.63990878807936
0.365212807484752,0.245338875376193,0.639632546823786
0.3666728759135,0.242195907671207,0.639368873856026
0.368259913138412,0.239172023206882,0.639121604898152
0.369968762475434,0.236277894761298,0.638894214381238
0.371794386062844,0.233523938258737,0.638689777142111
0.373731933277218,0.230920433854748,0.638510934772294
0.375776742635795,0.228477607869667,0.638359872591382
0.377924244519496,0.226205637344079,0.638238313448084
0.38016975425048,0.224114556500765,0.638147531131146
0.382508182133078,0.222214077778144,0.63808837952935
0.384933721883652,0.220513375305938,0.638061326789813
0.387439591168039,0.219020895863415,0.638066480681203
0.390017880216672,0.217744250700833,0.638103594359647
0.39265952785357,0.216690208119578,0.63817204932475
0.395354408739518,0.21586477006842,0.63827082070398
0.398091495354439,0.215273292840091,0.638398435603804
0.400859055294514,0.214920607850051,0.638552936739256
0.403644852677823,0.214811109028292,0.638731861564841
0.406436334261905,0.21494879006722,0.63893224330104
0.409220791310253,0.215337230400851,0.639150636142242
0.411985495438141,0.215979539496289,0.639383163553605
0.414717810728851,0.216878273957509,0.639625586350478
0.417405286170219,0.218035342295274,0.639873386163065
0.420035732801918,0.219451909711849,0.640121859673211
0.422597289534403,0.221128311611139,0.640366219326337
0.425078480823924,0.223063980933808,0.640601696777797
0.427468268523606,0.225257391449689,0.640823645927278
0.429756099388445,0.227706017110586,0.641027642893325
0.431931949052222,0.230406306199839,0.641209580697725
0.43398636279132,0.233353668336547,0.641365756732637
0.43591049305713,0.23654247216104,0.641492951311543
0.43769613357387,0.239966051582598,0.641588495792013
0.439335749775168,0.243616718624334,0.64165032895621
0.440822505384334,0.247485781215249,0.64167704052549
0.442150284997561,0.251563564678213,0.641667900885438
0.44331371263731,0.25583943603206,0.641622876342551
0.444308166322464,0.26030183064868,0.641542629493939
0.445129788781969,0.264938281206135,0.641428504585969
0.445775494508699,0.269735449258128,0.641282498059697
0.446242973449362,0.274679160052338,0.641107214839455
0.446530691722683,0.279754441507441,0.640905811290777
0.446637889840047,0.284945568556025,0.6406819261328
0.446564579106954,0.290236113795107,0.640439601025461
0.446311536975365,0.295609006286625,0.640183192793346
0.445880302111048,0.30104659964054,0.639917279609312
0.445273169863215,0.306530751090676,0.639646563617358
0.444493188424807,0.312042913353408,0.639375772580438
0.44354415511583,0.317564241691966,0.639109563112773
0.442430611418665,0.323075718301653,0.638852428090332
0.44115783385062,0.328558296732297,0.638608610705902
0.439731816571254,0.333993068342227,0.63838202763958
0.438159240707449,0.33936145135001,0.638176203811405
0.436447425471356,0.344645400179972,0.637994221174478
0.434604257570754,0.349827628306326,0.6378386838036
0.432638098501161,0.35489183195798,0.637711700950503
0.430557673719457,0.359822895755577,0.637614888529163
0.428371952735794,0.364607056379363,0.637549387617792
0.426090033436742,0.369231998939354,0.637515896188202
0.423721046062299,0.373686865059722,0.6375147079527
0.421274091007748,0.377962162765507,0.637545750717021
0.418758219873688,0.382049585016257,0.637608616729588
0.416182461997488,0.385941762644454,0.637702579608792
0.413555891027977,0.389631993125468,0.637826596175171
0.410887720200355,0.393113993881026,0.637979295894303
0.408187412260952,0.396381724637165,0.638158964224739
0.40546479064283,0.399429308529362,0.63836352778732
0.402730141285814,0.402251059924681,0.638590548388338
0.399994297640498,0.404841604231128,0.638837229954697
0.397268703273113,0.407196056080818,0.639100438351589
0.394565446120511,0.409310210880556,0.639376730193349
0.391897257185168,0.41118070236566,0.639662384323731
0.389277464022455,0.412805084265925,0.639953429174989
0.386719889992144,0.414181808270502,0.640245661210026
0.384238693762495,0.415310089946476,0.64053465343955
0.381848151274367,0.416189676832685,0.640815757722805
0.379562392617133,0.416820553922213,0.641084108789278
0.377395115992213,0.417202636065661,0.641334640306718
0.375359306823928,0.417335499777911,0.641562122897782
0.373466989655585,0.417218197785608,0.641761230874241
0.371729033834958,0.416849181001372,0.641926639512683
0.37015502337733,0.416226330523917,0.64205314945585
0.36875319022604,0.415347083073865,0.642135830667749
0.367530401397337,0.414208621320832,0.642170176092341
0.36649218574636,0.412808096944445,0.642152254820404
0.365642785369577,0.411142857263024,0.642078855642836
0.364985218635197,0.409210653406026,0.641947613800118
0.364521345339597,0.407009816062788,0.641757115832494
0.364251928117219,0.404539392249863,0.641506979413323
0.364176687373333,0.401799242129603,0.641197906682755
0.364294349291576,0.398790098622633,0.64083171089197
0.364602687679105,0.3955135949198,0.640411317239552
0.365098561432135,0.391972265421265,0.639940739401696
0.365777948862452,0.388169526714799,0.639425034084001
0.366635979840596,0.384109644972732,0.638870236316775
0.367666965665877,0.379797696470542,0.638283278622974
0.368864425243282,0.375239528446171,0.637671897420105
0.370221104887704,0.370441727945976,0.63704452993258
0.371728987592766,0.365411607227636,0.636410204583492
0.373379287032406,0.360157214562097,0.635778426981814
0.375162420854962,0.354687379782232,0.635159062520284
0.377067959236097,0.349011802841171,0.634562214874574
0.379084546941055,0.3431411916535,0.6339980978321
0.381199801518566,0.337087451465013,0.633476895961241
0.38340019669452,0.330863921592696,0.633008608131083
0.385670948780575,0.324485646107482,0.632602867356857
0.387995934821006,0.317969653003901,0.632268731592615
0.390357683919059,0.31133520220313,0.632014443623393
0.392737496260199,0.304603948514949,0.631847164714771
0.395115754537915,0.297799955419736,0.631772696215465
0.397472493794413,0.290949495028927,0.631795214870134
0.399788278806185,0.284080585584052,0.63191705859885
0.402045392188909,0.277222254904295,0.632138605599855
0.404229253227413,0.27040357545264,0.632458285621611
0.406329870620087,0.263652585176424,0.632872744042153
0.408343008893064,0.256995271242298,0.633377146836223
0.410270676506241,0.250454829622439,0.633965573810205
0.41212060114757,0.24405139908986,0.634631411854204
0.41390459343439,0.237802385505285,0.635367646704147
0.415636067029323,0.231723342801623,0.636166974428583
0.417327316482833,0.225829201066739,0.637021711539987
0.418987260896108,0.220135506241927,0.637923554109157
0.420620171361373,0.214659327623253,0.638863289666316
0.422225527920219,0.209419604201795,0.639830578504196
0.423798800824675,0.20443687501217,0.640813893842053
0.425332761935769,0.199732491215135,0.641800661694882
0.426818920507825,0.195327493828138,0.64277759212459
0.428248776101233,0.191241365007036,0.643731155691262
0.42961471203335,0.187490850501181,0.644648134654458
0.430910467604934,0.184089029342463,0.645516166105341
0.432131211013043,0.181044779405334,0.646324193146087
0.433273291494524,0.178362739759017,0.647062753914043
0.434333785274209,0.176043793414203,0.64772406868505
0.435309967046034,0.174085990219166,0.648301929897677
0.436198833510758,0.172485728119987,0.648791447055187
0.43699677585085,0.171238952448738,0.649188731288685
0.437699449265742,0.170342145530258,0.649490609873654
0.438301835266907,0.169792956767542,0.64969443874322
0.438798450531519,0.169590431436081,0.649798042552074
0.439183636184916,0.169734891096819,0.649799773861629
0.439451862279975,0.170227573582367,0.649698657302364
0.439597997473051,0.171070152379241,0.649494574805033
0.439617513778709,0.172264236922422,0.649188450984652
0.439506615785354,0.173810922923673,0.648782408149913
0.439262298699825,0.175710426244122,0.648279873584274
0.43888234945073,0.177961805638252,0.647685633310996
0.438365308428704,0.180562761950126,0.647005834524687
0.437710407192319,0.183509500416731,0.64624794129332
0.43691749367311,0.186796643910821,0.645420649298744
0.43598695441354,0.190417183899732,0.644533766656584
0.434919641588551,0.194362456106022,0.643598068192626
0.433716810616683,0.198622130364726,0.642625129829185
0.432380072297201,0.203184208120155,0.641627148441878
0.430911362708659,0.208035023299038,0.640616751624075
0.429312933920049,0.213159244358971,0.639606800912193
0.427587368743161,0.21853987720876,0.638610191223387
0.425737623435738,0.224158269704492,0.637639648702316
0.423767102565412,0.229994120273056,0.63670752851863
0.421679770620952,0.236025494097714,0.635825613796572
0.419480304448981,0.242228851775852,0.635004916494243
0.417174289021555,0.248579096826244,0.634255480875814
0.414768455836907,0.25504965015513,0.633586190285905
0.412270957870205,0.261612561873188,0.633004578378082
0.409691666957641,0.268238674042801,0.632516646996334
0.407042468652632,0.274897852231206,0.632126694882988
0.404337516349659,0.281559308923524,0.631837164640275
0.401593392027524,0.288192047174351,0.631648520105973
0.398829108259419,0.294765455511632,0.631559172347734
0.396065879821863,0.301250080804232,0.631565478772381
0.393326600232834,0.30761858804415,0.63166184409087
0.390634986989951,0.313846877805546,0.631840950380221
0.388014416127637,0.319915269222556,0.632094131749186
0.385486552969479,0.325809572928528,0.632411883660271
0.383069989528253,0.331521795753634,0.632784458463621
0.3807791878284,0.337050181120557,0.633202455781938
0.378624050199871,0.342398355460717,0.63365728744879
0.376610340131972,0.347573559780062,0.634141404792142
0.374740950808239,0.35258425814447,0.634648234230546
0.373017735221053,0.357437691495116,0.635171861249785
0.371443407652757,0.362138015280396,0.635706590455769
0.370023010516196,0.366685458055557,0.636246545570476
0.368764608676195,0.371076574044316,0.636785443615883
0.367679116608716,0.375305331247447,0.637316606089416
0.366779362967845,0.379364612359148,0.637833195439757
0.366078600786609,0.383247714367149,0.638328613287472
0.365588701741541,0.386949539604368,0.638796971775581
0.365318280586591,0.390467297486503,0.639233542857588
0.365271016358486,0.393800645192697,0.63963509461115
0.365444466883214,0.396951284911631,0.640000037916764
0.365829672357172,0.399922119451291,0.6403283362853
0.366411754952813,0.402716152029482,0.64062118047655
0.367171515659389,0.405335375596783,0.640880490261843
0.368087751931899,0.407779900177104,0.64110835747279
0.369139785964703,0.410047493425175,0.641306561816137
0.370309628273225,0.412133581527527,0.641476262026416
0.371583343211122,0.414031628759066,0.64161790284878
0.372951455092383,0.415733735390485,0.641731312726363
0.374408503372949,0.417231282668501,0.641815924095517
0.375952023928099,0.418515493660566,0.64187103696366
0.377581276582114,0.419577839761127,0.641896060156625
0.379295989350064,0.420410279672751,0.641890690058536
0.3810952976635,0.421005357550121,0.641855012356132
0.382976963101262,0.421356205932871,0.641789531553347
0.38493688356977,0.421456499486114,0.641695143739272
0.386968862912499,0.421300392801075,0.641573071170489
0.389064590336897,0.420882456484265,0.641424775194842
0.391213782288977,0.420197606867768,0.641251859801855
0.393404453787294,0.419241011368668,0.641055974272271
0.395623306027765,0.418007946907032,0.640838721735937
0.397856236324908,0.416493595064793,0.640601581834681
0.40008898955418,0.414692776032878,0.640345860034828
0.402307970773624,0.412599654515792,0.6400726823428
0.404501219000489,0.410207494196297,0.639783059967849
0.406659495189644,0.407508588465587,0.639478050033542
0.408777361739946,0.404494541842263,0.639159030693577
0.410854037816936,0.401157096255885,0.638828086905515
0.412893734861335,0.397489657515822,0.638488464481432
0.414905156867417,0.39348954845651,0.638144999423177
0.416899938886514,0.389160781079493,0.637804381070872
0.418890021233181,0.384516822074571,0.637475084957807
0.420884298900232,0.379582513515263,0.637166844351594
0.422885264443772,0.374394183061871,0.636889642357399
0.424886616035252,0.368997269903801,0.636652391531686
0.426872717782392,0.363441605766946,0.636461653842836
0.428820263561002,0.357775534732776,0.63632081570113
0.430701695626787,0.352040675630438,0.636229986610199
0.432489322980769,0.346268835082757,0.636186599464367
0.434159030027778,0.340481566933164,0.636186437659039
0.435692899362068,0.334691850858773,0.636224736438449
0.437080621936343,0.328906872735048,0.636297091942483
0.438319912982063,0.323130965405654,0.636400055364517
0.439416208185016,0.317368129906077,0.636531399570936
0.440381767116891,0.311623927813104,0.636690090615554
0.441234089133106,0.305906778287507,0.636875991765806
0.441993370507183,0.30022878339903,0.637089305938164
0.442678719882705,0.294606164619663,0.637329759857424
0.443303135726171,0.289059257456951,0.63759558380701
0.443867932727144,0.283611839992365,0.637882466010832
0.444358265298163,0.278289490064724,0.638182835803452
0.444742048955075,0.273116864161428,0.638485936005224
0.4449739781452,0.268114357263675,0.638778990829519
0.445004142410459,0.263295249521411,0.639049293486962
0.444788253906875,0.258664568343252,0.6392865021127
0.444295779364596,0.254220203751621,0.639484289147558
0.443513783751671,0.249955775983507,0.639640855712357
0.442446502323057,0.24586410189824,0.639758369542226
0.441112024245262,0.241940126663172,0.639841744370642
0.439537730024879,0.238182655391394,0.639897248982658
0.437755766920939,0.234594773041018,0.63993131312319
0.43579932917921,0.231183237078759,0.639949713936589
0.433700050087713,0.227957290770106,0.639957165994291
0.431486482219276,0.224927318040993,0.639957237253767
0.429183452520448,0.222103634277915,0.639952474554989
0.426812011183928,0.219495563763241,0.639944628322513
0.424389710732828,0.217110841995259,0.639934894728572
0.421931013975766,0.214955313625697,0.639924126857039
0.419447703772334,0.21303286681011,0.639912994286028
0.416949233976123,0.211345537719179,0.639902089604385
0.414443010951608,0.209893721921348,0.639891991224298
0.411934627211365,0.208676434201235,0.639883296482916
0.409428084542446,0.207691564101844,0.639876639082316
0.406926045919085,0.206936081240487,0.639872702032423
0.404430145660239,0.206406158130335,0.639872231869961
0.401941369464677,0.206097200023717,0.639876053286287
0.399460493859645,0.206003800148647,0.639885076773254
0.396988556018328,0.20611966807637,0.639900287472409
0.394527311510508,0.206437597034131,0.639922703167621
0.392079634410599,0.206949533451193,0.639953294248046
0.389649818995677,0.207646785275333,0.639992867699607
0.387243752764177,0.208520362394135,0.640041927930938
0.384868944112068,0.209561398810798,0.64010053571283
0.38253440337929,0.21076157942736,0.640168189512289
0.380250392216876,0.21211349423079,0.640243749938069
0.378028071480385,0.213610866961184,0.640325419352019
0.375879089459251,0.215248642114592,0.640410778015756
0.373815157651647,0.21702294829464,0.640496868741798
0.371847659876285,0.218930976943341,0.640580315975966
0.369987333688037,0.220970819946746,0.640657463066207
0.368244053697241,0.2231413006557,0.640724512362925
0.366626736797878,0.225441816133361,0.640777655539111
0.365143380711865,0.227872189918746,0.640813184954539
0.363801238932146,0.230432518599122,0.640827580390079
0.362607124842832,0.23312298500659,0.640817568935881
0.361567822710863,0.235943608411987,0.640780159427811
0.360690561541965,0.23889391027543,0.64071265677869
0.359983479318271,0.241972494335174,0.640612666066588
0.359455976131823,0.245176572318883,0.640478100508977
0.359118837306975,0.248501506081003,0.640307210001967
0.358984019485647,0.251940471693232,0.640098645345721
0.359064048212623,0.255484363231123,0.639851565619018
0.359371073526733,0.259122028094725,0.639565782399827
0.3599157413547,0.262840859230395,0.639241918780656
0.360706115552038,0.266627682802068,0.638881550144572
0.361746886302454,0.270469807843106,0.638487293831001
0.363039020564732,0.274356077631258,0.638062827110911
0.364579886137563,0.278277783721667,0.63761283217847
0.366363767285499,0.282229350909001,0.637142884703488
0.368382624872936,0.286208738583972,0.636659312649803
0.370626944511258,0.290217506945249,0.636169052442742
0.37308654260046,0.294260463974133,0.635679522146214
0.375751234147505,0.298344761880729,0.635198519282318
0.378611282640205,0.302478292209307,0.634734137270132
0.381657539436517,0.306667295277664,0.634294681196824
0.384881150296304,0.310913315699347,0.633888552958366
0.388272712289237,0.315210034053221,0.633524071791689
0.391820895290818,0.319541001366064,0.633209206692924
0.395510854003868,0.323879585184239,0.632951231215843
0.399323117787457,0.328192004084457,0.632756365634365
0.403233688762953,0.332442965008321,0.63262951404583
0.407215536114186,0.33660184316623,0.632574185566387
0.411240863905085,0.340646922283799,0.632592601821729
0.415283159158933,0.344566431568859,0.632685902040185
0.419318359208333,0.348356866140828,0.63285433264314
0.423325084502912,0.352020002737604,0.633097350754337
0.427284268460434,0.355559888709222,0.633413630899732
0.431178574789902,0.358980489068736,0.633801003700639
0.43499188120936,0.362284156776895,0.634256368464879
0.438708974307897,0.365470808775202,0.634775617875296
0.44231549697826,0.368537601352107,0.635353602636311
0.445798117500449,0.371478921348171,0.635984152748125
0.449144839772926,0.374286578625901,0.636660161925771
