0,0,0,0,0,0,0
0.166917823475629,0.000168659384268821,0.000762262198057435,0.0437456814776818,0.000112111633828129,-0.000825101404689089,-0.000993098756159597
0.333382962956401,0.000538483923893052,0.00149613651100619,0.0874025541669063,0.00021380953282445,-0.00165912797846005,-0.00196198837865899
0.498951223585397,0.00131552230565252,0.00217385911739789,0.13089590539488,0.000293662436044602,-0.00250911133853492,-0.00288197479660048
0.663191788225953,0.00271361643639753,0.00276927082749018,0.174174467494458,0.000338590311117969,-0.00337832669558998,-0.00372761473739599
0.825685365469132,0.0049535157964426,0.00325937330249492,0.217210801482503,0.000333978598345239,-0.00426458149528087,-0.0044728684385289
0.986013673934531,0.0082567230648198,0.00362642432666184,0.259989954483066,0.00026480645956219,-0.0051589208287415,-0.00509180368426133
1.14374061151615,0.0128331360508904,0.00386021895568533,0.302486433011158,0.00011785377556749,-0.0060451401030857,-0.00555987220802054
1.29838873265639,0.0188620807310605,0.00395994142911652,0.344633546120142,-0.000115278151251922,-0.00690050468284254,-0.00585562162556135
1.4494176842855,0.0264666961517011,0.00393488245785311,0.38629302797406,-0.000435012095400564,-0.0076978888940186,-0.00596254807345016
1.59621292500253,0.0356817609852437,0.00380349031164816,0.427234696174702,-0.000831525405401673,-0.00840917196536141,-0.00587070952908709
1.57167252022573,0.0424704091331387,0.00348207149113363,0.422810565250191,-0.00129351854253445,-0.00810314847154149,-0.00469467854852739
1.54219451813915,0.0491161324263452,0.00322676601550944,0.41664174052168,-0.00175640280251944,-0.00767870958198287,-0.00341937982086944
1.50778727579976,0.0554573012057223,0.00304135882176321,0.40861208880183,-0.00220962712819125,-0.00715995117985386,-0.00208285033839445
1.46854947158674,0.0613790822403192,0.00292547773686098,0.39871668624831,-0.00265073827907911,-0.00657342617608567,-0.000720694831449539
1.42465442447323,0.0667961670119243,0.00287744414820652,0.387029804684815,-0.0030824553043264,-0.00594587278651815,0.00063372255514092
1.37630718112634,0.0716276621465008,0.0028955989629757,0.373658838728745,-0.00350903068838873,-0.00530281848105955,0.00194881692316133
1.32370899386521,0.0757715171333119,0.00297813383758235,0.358700259372604,-0.00393275148569657,-0.00466774173507414,0.00319425974599332
1.26703017480647,0.0790855014580615,0.00312187774859361,0.342203161201596,-0.00435116894596802,-0.00406127188835265,0.0043406408373707
1.20639519947749,0.0813812031648809,0.00332081381396413,0.324146109150121,-0.00475549442934947,-0.003500084775988,0.00535950478347262
1.14188318665011,0.0824353660412455,0.00356519480357244,0.304432371352152,-0.00513050646924998,-0.0029954402980265,0.00622390573175871
1.07354583133026,0.0820189695202075,0.00384193971911192,0.282907040323513,-0.00545617127407259,-0.00255165203530224,0.00690954766893762
1.00144049658785,0.0799389125488709,0.0041365087963244,0.259395226094578,-0.00571086581958602,-0.00216505481774202,0.00739643310315628
0.92567101303654,0.0760815658471033,0.00443579134191465,0.233754163606413,-0.0058756080772471,-0.00182410423119778,0.00767074006828805
0.846424422616546,0.0704444816111456,0.00473098120093264,0.205925776931784,-0.00593821826242058,-0.00151099254092985,0.00772645904889716
0.763990786998147,0.0631447087553993,0.00501928699133897,0.175973503451596,-0.00589615676870574,-0.00120463997028465,0.00756626368224807
0.678758840315315,0.0543998148051393,0.0053037751634489,0.144091309066798,-0.00575713685948781,-0.000884360767676269,0.00720126303108111
0.591188677534099,0.044487420932319,0.00559144862355201,0.110582383094156,-0.00553739245645748,-0.000533219103525467,0.0066496349855679
0.501770294902592,0.0336959141652828,0.00589036595610267,0.0758155856809641,-0.00525830143182756,-0.000140250746745789,0.00593450181263074
0.410981756636249,0.0222801370400622,0.00620686693735859,0.0401744332330617,-0.00494251911748028,0.00029877743020335,0.00508161993899266
0.319256513243814,0.010431193747842,0.00654369973600628,0.00401259072582573,-0.00461067446878414,0.000781864796924486,0.00411739135609767
0.226966189803052,-0.00173633965412447,0.00689939285470276,-0.0323748368663059,-0.00427925647426291,0.00130200993121001,0.00306752138336961
0.134418321992585,-0.0141817552104208,0.00726874123499311,-0.0687615699914602,-0.00395980877297923,0.00184862195884262,0.00195639483423152
0.0418679482712094,-0.0269240984441766,0.00764406795667476,-0.104983711388739,-0.0036592430050396,0.00240872341480409,0.000807106812422928
-0.0504610380712847,-0.0400208430824578,0.00801685905693029,-0.14092120573486,-0.00338094123189646,0.00296780414917366,-0.000358019483682757
-0.142349799282038,-0.0535429083240769,0.00837945229931501,-0.176473255867366,-0.00312634581577106,0.00351041917420701,-0.00151663204423874
-0.233562001444449,-0.0675485440054226,0.00872640242231212,-0.211532678348939,-0.00289672272122418,0.00402073931530932,-0.0026455232469124
-0.323826707798072,-0.0820574813638724,0.00905511264286601,-0.245960816509425,-0.00269481072628172,0.00448326675328449,-0.00371996113475924
-0.41282349504314,-0.0970269564128114,0.00936545613368064,-0.279564182691785,-0.0025260915725871,0.0048838880144359,-0.00471329339056563
-0.500170139691109,-0.112333691432442,0.0096583839549486,-0.312078083219,-0.00239939659086839,0.00521137981428401,-0.00559698551000846
-0.585420301466389,-0.127768260963614,0.00993379730519922,-0.343165509269313,-0.00232650454226143,0.00545929846537071,-0.00634133164597874
-0.668078853280675,-0.143047941199238,0.0101882605834685,-0.372437559109103,-0.00232043455805853,0.00562786981358079,-0.00691701759728671
-0.747636627225633,-0.157850005106429,0.0104134407257981,-0.399495677130867,-0.00239243485659428,0.00572521352389785,-0.0072974985634044
-0.823618017594755,-0.171859547481402,0.0105962278794746,-0.423987528342741,-0.00254820347055162,0.00576718264843408,-0.00746183901034758
-0.895629680143549,-0.184817477847215,0.0107210637522882,-0.445661436635415,-0.00278447386021958,0.00577543581638446,-0.00739739090723847
-0.963395806334901,-0.196550236448627,0.0107740128234614,-0.464401158535752,-0.00308735070902513,0.00577398246467674,-0.00710158235326709
-1.02676950334465,-0.206968235231451,0.0107470253418348,-0.480228239290978,-0.0034334708317925,0.00578508477843792,-0.00658229668337035
-1.08571746658027,-0.216034646663253,0.0106404379922684,-0.493271057274913,-0.00379405205401847,0.00582563345129873,-0.00585677829595557
-1.14028356664364,-0.223721005868421,0.0104624362460817,-0.503712231492697,-0.00414072680977825,0.0059048215354646,-0.00494949123417995
-1.1905431909485,-0.229971538915837,0.01022567421562,-0.511733022635743,-0.00445127991932938,0.00602333524104519,-0.00388963587446941
-1.23656098150442,-0.234690323400849,0.0099425384232046,-0.517471367970626,-0.0047134715629871,0.00617375700615913,-0.00270898087030481
-1.27836218334434,-0.23775145144161,0.00962090666619366,-0.521002845958573,-0.00492595009202447,0.00634168114643623,-0.00144039658667379
-1.31592340059064,-0.239022395929669,0.00926167918651737,-0.52234587085112,-0.00509634799725093,0.00650714242484651,-0.000117160703673632
-1.34918303128082,-0.238389460967276,0.00885844869538362,-0.521486724069349,-0.00523745489436403,0.00664618673319534,0.00122711859586288
-1.37806726726227,-0.235779051798995,0.00839904457887905,-0.518417447452361,-0.00536263452584251,0.00673264035330486,0.00255821629912227
-1.40252417950258,-0.231173765257479,0.00786850713837804,-0.513178410219747,-0.00548152374333823,0.00674028282919041,0.00384091913901523
-1.42255715817272,-0.224624590905504,0.00725311883885205,-0.505896519818086,-0.005596807460444,0.00664565062387932,0.00503885230986209
-1.43824854536262,-0.216259346876097,0.00654511500689269,-0.496808799139668,-0.00570268474460593,0.00643153267891507,0.00611480121358945
-1.44976487027844,-0.206284647394223,0.00574743316372197,-0.486260614271344,-0.00578550273961054,0.0060908362124447,0.00703181762727232
-1.45733796400878,-0.194976674181416,0.00487740799785962,-0.474670757559192,-0.00582675830689165,0.00562997536240296,0.00775530004441266
-1.46122200005701,-0.18265685015797,0.00396800040937323,-0.462463916358138,-0.00580808327705266,0.00507050459989603,0.0082559705983818
-1.46163564169042,-0.169653247803786,0.00306540876863201,-0.449984479879355,-0.0057170038849368,0.00444776154308096,0.00851324755479048
-1.45870715233126,-0.156255635849823,0.00222297060083318,-0.437418297293355,-0.00555160696450083,0.00380607177007921,0.00851810923593618
-1.45244309942336,-0.142677420906821,0.00149278688198086,-0.424751896963051,-0.00532232260707769,0.00319142207775813,0.00827446560068917
-1.44273372845345,-0.129036840004824,0.000917594157679129,-0.411786225864479,-0.00505005719976309,0.00264370849798186,0.00779848176333513
-1.42939271439944,-0.115362495136958,0.000525373437508268,-0.398199262925358,-0.00476142327463116,0.00219086111554249,0.00711605798513555
-1.41221595336893,-0.101618061561165,0.000327825982662946,-0.383632917802528,-0.00448286927604897,0.0018462768281291,0.00625931941332256
-1.391037957233,-0.0877350827381968,0.000322280345769571,-0.367774125761998,-0.00423562481122684,0.00160952195672796,0.00526312787273585
-1.36577063903278,-0.0736424934302799,0.000495448716402896,-0.350409268855825,-0.00403264147356897,0.00146922083801131,0.00416234857187099
-1.33641821681233,-0.0592858484368115,0.000827286280364444,-0.331445129515683,-0.00387776671229682,0.00140672434180963,0.00299014459768397
-1.30307126863194,-0.044634521599947,0.00129372117895889,-0.310901182140846,-0.00376672114885305,0.0013994629708456,0.00177721730600552
-1.26588660035609,-0.0296788435933725,0.00186779915671286,-0.288882924806397,-0.00368919823644911,0.00142343741971901,0.000551737356170994
-1.22506018064586,-0.0144208957512098,0.00251949260099817,-0.26554595908793,-0.00363146179086391,0.00145478870092037,-0.000660311374085745
-1.18079906075851,0.00113703622444531,0.00321490960944829,-0.241058209392521,-0.00357899617519132,0.0014706954734727,-0.00183460797430014
-1.13329530143071,0.0170027807979263,0.00391587114938985,-0.215565012091213,-0.00351892686647856,0.00144996810338261,-0.00294796831160216
-1.08270578177333,0.0332003731843467,0.00458081039106545,-0.189160901982507,-0.00344202891588212,0.00137369751647265,-0.00397795005513363
-1.0291397488293,0.0497697377520483,0.00516767504905224,-0.161871224596268,-0.00334415854043881,0.00122620600151725,-0.0049026999268296
-0.972657464667488,0.0667588301414543,0.00563898461376559,-0.133647114559596,-0.00322693670979085,0.000996369919395473,-0.00570113903487027
-0.913281454079118,0.0842087070276576,0.00596843773874793,-0.104376551188773,-0.00309752116918128,0.000679157494609839,-0.00635355266291607
-0.851020184558029,0.102134074843263,0.00614763896663987,-0.0739121224875865,-0.00296739265417504,0.000276999279976778,-0.00684258565210792
-0.785900415441047,0.120503995661411,0.00619091286692999,-0.0421120862860675,-0.00285027303755953,-0.000199535541954342,-0.00715453117815146
-0.718000804388334,0.139228649309111,0.00613618281165534,-0.00888645402773225,-0.00275955660900069,-0.000732245672920617,-0.00728066407316235
-0.647477753029225,0.158157370920103,0.00604076399987589,0.0257636234940876,-0.00270586327921016,-0.00129720012279709,-0.00721827754520067
-0.574575474390629,0.177090125907434,0.0059724934600511,0.0617245558610107,-0.00269536914724875,-0.00186780258711669,-0.00697110094933855
-0.499617435053048,0.195800241978537,0.00599826309218617,0.0987733225719995,-0.00272936165259776,-0.00241835978538719,-0.00654894310565131
-0.422982383194717,0.214062465135013,0.00617291873946092,0.136603062354441,-0.00280506421238787,-0.00292731668798971,-0.0059666504034768
-0.345072826776602,0.231679108503258,0.00653120519108128,0.174862466195438,-0.00291736862184684,-0.00337947912374328,-0.0052426776743936
-0.26628498285332,0.2484985916845,0.00708420743417984,0.213197220133917,-0.00306088761077567,-0.0037669352475227,-0.0043976473184617
-0.186986950280157,0.264423776268712,0.00782025642932972,0.251283316384547,-0.0032317573916453,-0.00408879621976731,-0.00345320590538439
-0.107508424721026,0.279410688184697,0.00870919713996552,0.288846444663017,-0.00342881102001768,-0.00435013120942952,-0.00243134639444571
-0.0281417926345165,0.293459978424101,0.00970852014396799,0.325666191922841,-0.00365397494988747,-0.00456051698823771,-0.00135421510606567
0.0508474500061591,0.306603790535156,0.0107700195423551,0.361566837574155,-0.0039119205128262,-0.00473251392516371,-0.000244320037231487
0.129203438603716,0.318890311689479,0.0118460585554526,0.396398122831488,-0.00420910499206412,-0.00488021291331633,0.000874992935756614
0.206658364581203,0.330367566660474,0.0128949067895918,0.430009832201278,-0.00455238561644191,-0.0050178418626758,0.00197895281766758
0.282909150532184,0.341067730254206,0.0138848057782236,0.462224294646016,-0.00494743059291975,-0.00515832492063194,0.00304083654849604
0.357595693024032,0.350994031917572,0.0147964243618356,0.492812017805563,-0.00539722024273205,-0.00531168464798221,0.00403169501947928
0.430285355154651,0.360113327013225,0.0156232726124396,0.521476682691427,-0.00590101373969082,-0.00548327067862264,0.00492055086349591
0.500469499798704,0.368358576375345,0.0163696712149286,0.547856430970374,-0.00645420429550572,-0.00567199367842177,0.00567528757324235
0.567577163965376,0.375645291327442,0.0170462112248489,0.571546750542177,-0.00704939151770574,-0.00586898517643462,0.0062643773866651
0.631006948248449,0.381903438615275,0.0176633621665041,0.592145058363765,-0.00767866958224269,-0.00605727443422545,0.00665940490927209
0.690171065599455,0.387121276945298,0.0182248007312893,0.609308915082739,-0.00833657673525567,-0.00621300993250376,0.00683804748925678
0.744537775361428,0.391391308759374,0.0187226445699159,0.622811592821133,-0.00902257396182957,-0.00630834871094856,0.00678687864731074
0.793655689591649,0.394944268009635,0.0191366001027781,0.632576294857455,-0.00974167470393187,-0.00631550516042199,0.00650325783087758
0.837149417311843,0.398156945459653,0.0194379548894044,0.638676795900973,-0.0105021941709827,-0.00621093026576218,0.00599578541525314
0.874690292139192,0.40152369947019,0.0195978465962366,0.641305922390887,-0.0113104766497957,-0.00597855086822664,0.00528327588427425
0.905961489445412,0.405586683995279,0.0195979848737687,0.640726071887839,-0.012163542688944,-0.00561150079054287,0.00439267512013806
0.930646336519795,0.410825069344649,0.0194413072592326,0.637221092387898,-0.0130415659963803,-0.00511250955131773,0.00335657450425622
0.948465834294315,0.417511515895249,0.0191596779517347,0.631063831631508,-0.0139028240180538,-0.00449360078740397,0.00221088509900272
0.959274467224453,0.425560651755169,0.0188155235942422,0.622503069234674,-0.01468410952793,-0.00377569822057536,0.000992967349513056
0.96319312471844,0.43441798933482,0.0184947963489145,0.611763719670869,-0.0153089104933155,-0.00298819259255475,-0.000259742278514476
0.96072547563678,0.44305222197535,0.0182909777921611,0.599051224210803,-0.0157031628903148,-0.00216788135802027,-0.00151068056355645
0.952790862036007,0.450092267505863,0.0182840167038964,0.584555145372053,-0.0158143624441528,-0.00135648009070917,-0.00272474477514461
0.940635568789925,0.454086803459936,0.0185217197567222,0.568454270111036,-0.0156267730796564,-0.000596419856361911,-0.00386855386768013
0.92564612483177,0.45379528279098,0.0190106958390791,0.550927695228984,-0.0151663854237287,7.44213187810275e-05,-0.00491049298691714
0.909139831232424,0.448401583394897,0.0197190061481221,0.532170708840132,-0.0144942223543419,0.000627769711823547,-0.00582080777965823
0.892207751752705,0.437588485781368,0.0205869973066445,0.512405342623398,-0.0136918708271228,0.00104859299916143,-0.00657210590682208
0.875642455652592,0.421482179798213,0.0215406371933021,0.491873455812043,-0.0128451455270555,0.00133666683147282,-0.0071405167459034
0.8599361809819,0.400520187813844,0.0225033667555735,0.470807462753212,-0.0120303703545357,0.00150590577059682,-0.0075074570596308
0.84531679323715,0.375300909700832,0.0234052737625029,0.449386725077053,-0.0113052818857529,0.00158158279366042,-0.00766159646757156
0.831796062556868,0.346454936351488,0.0241898370471564,0.42769704384219,-0.0107048548630742,0.00159584655974701,-0.00760039007625617
0.81922005368964,0.31455739636955,0.024818378127292,0.40571125251881,-0.0102416046913812,0.001582347307827,-0.00733059171322611
0.807320556420102,0.280084832618616,0.0252718468696199,0.383300149448456,-0.00990948603780757,0.00157111393440823,-0.00686748890987575
0.795766966064758,0.243409614415468,0.0255496254218458,0.360270014618571,-0.00969004192511456,0.00158478611687154,-0.00623305154960657
0.784214813122429,0.204818924601239,0.0256657076852672,0.3364130019057,-0.00955915905787898,0.00163682251451871,-0.00545352400972748
0.772345349541489,0.164543970717634,0.0256433407687935,0.311554264725027,-0.00949292945098277,0.00173162673194222,-0.00455706563334693
0.759892007019831,0.122787773788711,0.0255095174038262,0.285584190002084,-0.0094716832346666,0.00186600948517064,-0.00357188327464581
0.746652348760701,0.0797446783953039,0.0252904940715317,0.258471311126611,-0.00948194581627017,0.00203122938085466,-0.00252504077375121
0.732487436372858,0.0356096786574518,0.0250090392526752,0.230257850527098,-0.00951660427048297,0.0022149881461697,-0.00144191708739172
0.717312017343894,-0.00942108003974898,0.0246836066579318,0.201043013620924,-0.00957381158428471,0.00240303437954739,-0.000346164976131539
0.701079351724153,-0.0551556849282498,0.024329241445777,0.170959753672062,-0.00965517239614866,0.00258030377054323,0.000740009733002667
0.683764243354598,-0.101414493022984,0.0239597750175517,0.140149886323093,-0.00976365596528442,0.00273171445433197,0.0017954136524064
0.665346952124903,-0.148037941217815,0.0235906836764164,0.108741151126502,-0.00990156614643949,0.00284282555191099,0.0027994156060657
0.645800710425428,-0.194891758322149,0.0232418784036283,0.0768291251014562,-0.0100688330157529,0.00290057122481385,0.0037315996493334
0.62508470466218,-0.241867761433244,0.0229395887826244,0.0444663246329653,-0.0102618566285597,0.00289421141554874,0.00457162981941543
0.603144523943583,-0.288879131540282,0.0227165303369961,0.011660664405411,-0.0104731279333904,0.00281651825279445,0.00529942503730422
0.579921106623239,-0.335850120582752,0.0226097343506861,-0.0216153610023047,-0.0106917967052068,0.00266504502233037,0.00589571377399463
0.555367871720173,-0.38270142018532,0.0226559103064525,-0.055404955424303,-0.0109052230055661,0.00244317201307093,0.00634297832127605
0.529473126881288,-0.429334034253169,0.0228849606839078,-0.0897396550559274,-0.0111012984714167,0.00216052241071166,0.0066266884439027
0.502283368453817,-0.475615525762917,0.0233131325555219,-0.124609832956444,-0.0112710620826176,0.00183240285801744,0.00673661404715341
0.473921360112099,-0.521372579212668,0.0239378132949846,-0.159940548602447,-0.0114109195202122,0.0014781440817343,0.00666791631371151
0.444594112449331,-0.566392424442937,0.0247358004896655,-0.195579549803199,-0.0115238117557764,0.00111856430921149,0.00642173632883448
0.414588492265203,-0.610432806889118,0.0256658574520859,-0.231300850230738,-0.0116189565389876,0.000773079944680519,0.00600512409461121
0.38425645806762,-0.653237619054612,0.026674931887432,-0.266822411175156,-0.0117102378127284,0.000457101740509194,0.00543035129405782
0.353994900862668,-0.694553392815906,0.0277062079157505,-0.301832111341629,-0.0118137092918973,0.00018021940117128,0.00471382225748338
0.324226567821251,-0.734142405033816,0.0287067827051977,-0.336014565744674,-0.0119448653012409,-5.46189481897676e-05,0.00387487913392979
0.295386928945392,-0.771789124681055,0.0296332019624656,-0.369072262951701,-0.0121162419902847,-0.00025102902618717,0.00293475402452254
0.267919313349412,-0.807298758109711,0.0304540603882832,-0.400737395273827,-0.0123356707163073,-0.000418490121270061,0.0019158149817773
0.242277517951119,-0.840488090731798,0.0311498590248106,-0.430773954218829,-0.0126052285228336,-0.000571317035719401,0.000841134086608032
0.218932105328707,-0.871169371481206,0.0317109997300718,-0.458972093151574,-0.0129207166245549,-0.000727494597795785,-0.000265681252809089
0.198374009143824,-0.899128527360509,0.0321351303564938,-0.485138400280975,-0.0132713976480784,-0.000907405697993991,-0.00138049080616002
0.181106427126209,-0.92409978887041,0.0324250648823621,-0.509086558228687,-0.0136397435602168,-0.00113233398448241,-0.00247855193551614
0.167613708897142,-0.945740306480213,0.032588220225904,-0.530632852432146,-0.0140011104529464,-0.00142253396142544,-0.00353443684447698
0.158296194448253,-0.963611486217027,0.0326379266225689,-0.549600197765327,-0.0143236108159057,-0.00179468253310234,-0.00452194206024747
0.153366413546683,-0.977177495207319,0.0325960529225823,-0.565832093251775,-0.014568966812887,-0.00225870310144853,-0.00541395849478461
0.152718676227025,-0.98583351999469,0.0324953683609864,-0.579214169816109,-0.0146955572353561,-0.00281430851321404,-0.00618231440746371
0.155809338271699,-0.988973158799314,0.0323795348517788,-0.589697057324935,-0.0146646612154904,-0.00344808227939018,-0.00679779919874059
0.161605117911874,-0.986091187336631,0.0322992052445183,-0.597311886229546,-0.0144494739011841,-0.00413229571408167,-0.00723087579926702
0.168649565821196,-0.976897738608533,0.0323043833347149,-0.602171172592349,-0.0140441392861214,-0.00482660828117905,-0.00745371557022272
0.175252936986476,-0.961403557123245,0.0324349246147649,-0.60445240207392,-0.0134685398501747,-0.00548307556370683,-0.00744375610043567
0.179751581125614,-0.939938817094789,0.0327118101544625,-0.604367409063886,-0.0127658453215901,-0.00605364864910566,-0.00718800183310261
0.180751800802321,-0.913092437007849,0.0331316754404095,-0.602124919815051,-0.0119935299544911,-0.00649819515087501,-0.00668644872474145
0.177289513592538,-0.881592056477904,0.0336666111664782,-0.597895906127803,-0.0112118801670814,-0.00679071421169803,-0.00595313829789929
0.168881081321215,-0.846166702060297,0.0342701934813311,-0.591790527751776,-0.0104744576582871,-0.00692213118781274,-0.00501444520390453
0.155480913451856,-0.807435407042106,0.0348886893111832,-0.583851858899553,-0.00982288006838896,-0.00689945674360792,-0.00390545162784968
0.137381644287315,-0.765847629642732,0.0354741994106143,-0.574065893132383,-0.00928571335850605,-0.00674237036075377,-0.00266583378670162
0.115093981616233,-0.721678371796818,0.0359956268960036,-0.562382941927408,-0.00887983035508205,-0.00647882089211275,-0.00133645375806951
0.089233461683834,-0.675064379116643,0.0364442392771574,-0.548744358616134,-0.00861246607388826,-0.00614096606738948,4.27778743993078e-05
0.0604282188479261,-0.626061940121429,0.0368323917525516,-0.533109620823858,-0.00848279176815528,-0.00576207668597537,0.00143378159977045
0.029251360345122,-0.574709632362192,0.03718570641801,-0.515480784755309,-0.00848255301419987,-0.00537435884388499,0.00280027076277035
-0.00382404592096712,-0.52108479902757,0.0375302298831231,-0.495922231702445,-0.00859588740414477,-0.00500724567808366,0.00410723990758375
-0.0384502780083918,-0.465346974291134,0.0378770389762739,-0.47457344318662,-0.00879882514597147,-0.00468563496875448,0.00532041115296182
-0.07441170415567,-0.40776304325348,0.0382076959112642,-0.451651377638702,-0.00905920828532215,-0.00442774803648279,0.00640602229867697
-0.11161194006504,-0.348709582638479,0.0384648562993577,-0.427438830299393,-0.00933783548681336,-0.00424268869316945,0.00733127878494584
-0.15004019551475,-0.288649025642718,0.0385525193656593,-0.402256586184724,-0.00959144380652767,-0.00412826356665913,0.00806567646262423
-0.189718840670808,-0.228080803295744,0.0383489156492551,-0.376421545005482,-0.0097775893901607,-0.00406999672385835,0.00858317605166346
-0.230640811326264,-0.167476501065368,0.0377312395088794,-0.350199359043494,-0.00986064582092762,-0.0040422729477778,0.00886486841001904
-0.272712368038706,-0.107215982597255,0.0366061573754011,-0.32376502832272,-0.00981733464909351,-0.00401199622876259,0.00890142038292707
-0.31571902752456,-0.0475444825759229,0.0349359880944489,-0.297184977158353,-0.00963997306847706,-0.00394418532058863,0.00869446469088129
-0.359326342830122,0.0114355136287106,0.0327506913915277,-0.270427061285109,-0.0093362776839469,-0.0038080306472417,0.00825635448411788
-0.403114522883059,0.0697368662516078,0.0301411787495718,-0.24339437067462,-0.00892586458941236,-0.00358167481582566,0.0076082891537873
-0.44663336003594,0.127437267677977,0.027237089028865,-0.215970134402354,-0.00843479655729776,-0.00325455861288621,0.00677739946394781
-0.48945885434712,0.184623834636273,0.0241776288395193,-0.188059283864149,-0.00788998591441638,-0.00282719173916808,0.00579365242338877
-0.531236166582519,0.241348616443275,0.0210848882647338,-0.15961652405636,-0.00731488776070515,-0.00230907894310615,0.00468729979196522
-0.571701822051254,0.297602875322579,0.0180459244317733,-0.130657689267172,-0.00672712543230988,-0.00171590365438981,0.00348723783983547
-0.610685875120151,0.353310574769213,0.015105700094372,-0.101256671597957,-0.00613797098870775,-0.00106691617579644,0.00222030715022176
-0.64809880278943,0.408337159715702,0.0122697984786499,-0.0715326735136248,-0.0055532271083456,-0.000383054871562864,0.000911357122500661
-0.68390884808613,0.462508318598292,0.00951438576454901,-0.0416325207293501,-0.00497499040379574,0.000314077880321626,-0.000416159734275165
-0.718114557708758,0.515634305123518,0.00680081111919036,-0.0117115041572485,-0.00440388871108315,0.00100257976701022,-0.00173928135766647
-0.750715314185561,0.567536335870428,0.00409262997584595,0.0180852420228437,-0.00384151343385278,0.00166033036381154,-0.00303450487891706
-0.781681597604209,0.618071851112607,0.00137304219989401,0.047639515646046,-0.00329282559153515,0.00226523947265973,-0.00427680117778909
-0.810926596549189,0.667154921060205,-0.00133953883383235,0.0768734629125181,-0.00276827207453601,0.00279609996448729,-0.00543886069533317
-0.838282774136221,0.714766860480785,-0.00398089450336737,0.105757225824667,-0.00228519958329056,0.00323434408627864,-0.00649079253283825
-0.863489726120439,0.760951948346309,-0.00643918849193761,0.134307590264233,-0.00186800457577152,0.00356673685003908,-0.00740054241454694
-0.88620151178091,0.805794413912815,-0.00856545569439511,0.162574617512605,-0.00154642529462536,0.00378860557390879,-0.00813528142148233
-0.906019001530279,0.849376195226959,-0.0101975397903982,0.190615305576305,-0.00135166153992198,0.00390669441845098,-0.0086638606058357
-0.922546244013816,0.891722278022117,-0.0111939014083014,0.21845774061295,-0.00131070408460937,0.00394039057159314,-0.00896009655246911
-0.935458473691169,0.932747702459401,-0.0114681891567254,0.246064516696716,-0.00144019450714576,0.00392022147677274,-0.0090062163466089
-0.944560936501219,0.972224881997579,-0.0110125260593555,0.273307655000867,-0.00174181444986921,0.00388335540489982,-0.00879550279316764
-0.949817565087898,1.00978587448913,-0.00990019939886456,0.299965414823152,-0.00220102274421079,0.00386707532287819,-0.00833329489295852
-0.951339511571251,1.0449620196866,-0.00826653069438555,0.325743791734686,-0.00278977639576765,0.00390214598937765,-0.00763605914422755
-0.949339443722056,1.07724847492912,-0.0062756799244719,0.350315691051354,-0.00347227874443633,0.00400802626790108,-0.00672895786866615
-0.944070006472233,1.10617314811174,-0.00408575008657765,0.373364656047246,-0.00421173233880297,0.00419098189476511,-0.00564280042485725
-0.935766827569304,1.13135077760959,-0.00182292494100035,0.39462031896605,-0.00497605493697693,0.00444492971683633,-0.00441125935063907
-0.924610866052587,1.15251195679257,0.000430164245783793,0.413878383400572,-0.00574132393101758,0.00475399670463595,-0.00306890215038307
-0.910715748474961,1.16950586654933,0.00263233268730408,0.431004416508475,-0.00649271511000412,0.0050955980473216,-0.00165018331026171
-0.894139479127264,1.18228200202098,0.00477195378596945,0.445925445042839,-0.00722340657206407,0.00544318961936796,-0.000189259541622808
-0.874915571971813,1.19085674904865,0.00685028292272463,0.458614471425762,-0.00793218572143823,0.00576839408956205,0.00127964572917421
-0.853097974107247,1.19527046556617,0.00886456305733366,0.469072553191723,-0.00862047316625752,0.00604268316870615,0.00272163503804985
-0.828812672578706,1.19553926748553,0.010794644606353,0.477311395158147,-0.00928934673492339,0.00623907242913325,0.00410059972665302
-0.802307306281151,1.19160753869821,0.0125960922092053,0.483338559187883,-0.0099370557945696,0.00633430896549843,0.00537907179885358
-0.77398610259694,1.18330980609467,0.0142019069157343,0.487146859570684,-0.0105574644719201,0.006311775188951,0.00651877947086847
-0.744414574860878,1.17035471473294,0.0155335293369321,0.488710000046557,-0.0111397905525967,0.00616482962777352,0.00748215302827575
-0.714279083150065,1.15234419720642,0.0165192962281695,0.487986650759294,-0.0116697924632284,0.00589968874367531,0.00823482804089933
-0.684294892829026,1.1288339316081,0.0171153834966862,0.484933922535755,-0.0121321538878177,0.00553653330348174,0.00874883413907393
-0.655075056332845,1.09942833348183,0.017322021908057,0.479528768063962,-0.0125133722416674,0.00510770246577113,0.00900575563943522
-0.626992768475057,1.06388632039763,0.0171883311158755,0.471791413160844,-0.0128042257142281,0.00465276995462965,0.00899892945239609
-0.600082165857464,1.02220621847506,0.0168032293554121,0.461802408650355,-0.0130011258450519,0.00421163818991335,0.00873395664435292
-0.574014542630919,0.974662625550167,0.0162756994313561,0.449705585963422,-0.0131062095321803,0.0038177239054417,0.00822739893093166
-0.548161271525219,0.921784921870754,0.0157119096100403,0.435694714634271,-0.013126494685975,0.00349322495143425,0.00750418238669443
-0.521723398150823,0.864286147678563,0.0151970156152665,0.419988806394591,-0.0130724988012115,0.00324743751442819,0.00659454237008807
-0.493886871208682,0.802964741937039,0.0147863497981226,0.402805893161345,-0.0129565276844403,0.0030778407144819,0.00553122671125191
-0.463959440575996,0.738606059462352,0.0145063941474003,0.384344704083863,-0.0127907306043601,0.00297286226207671,0.00434733683375828
-0.431458473405639,0.671906304493488,0.014362615905058,0.36477877967068,-0.0125851492461406,0.00291510153752271,0.00307489225937545
-0.396139936417715,0.603432015890005,0.0143499093762551,0.344261847446602,-0.012346203535674,0.00288411845744468,0.00174406097411241
-0.357976372978875,0.533615792918071,0.0144618093585951,0.322938898261788,-0.0120760813208486,0.00285837590572536,0.000382948400490504
-0.317102241350131,0.46278153014901,0.0146960829738105,0.300957286252422,-0.0117733317712277,0.00281634631689758,-0.000982164711919133
-0.273745004163325,0.391187213905089,0.0150558375752892,0.278472894995443,-0.0114346425633065,0.0027370575529713,-0.00232626625344389
-0.228156503495899,0.319074214360744,0.0155465021866797,0.2556489006701,-0.0110575242139249,0.00260048060486622,-0.00362487951591121
-0.180553681186222,0.246713501093125,0.0161698144823135,0.232646369842008,-0.0106434205313424,0.00238816869520768,-0.00485330778828526
-0.131074698273046,0.174441403844948,0.0169164958436927,0.209607963676136,-0.0102006260401998,0.00208447463785851,-0.00598602847695059
-0.0797551972566602,0.102678010842056,0.0177597249540109,0.186637484455693,-0.009746253248408,0.00167848998794393,-0.00699643291034304
-0.0265299568862062,0.0319227428289104,0.0186518424415182,0.163780254721522,-0.00930645300643974,0.00116656669381355,-0.00785713724751613
0.0287361399488866,-0.0372762110530482,0.0195265643804077,0.141010695229106,-0.00891423546043627,0.000554902215190659,-0.00854108170995498
0.0861891832716941,-0.104377090973491,0.0203078654034727,0.118232914300936,-0.0086047177369837,-0.00013871104869082,-0.00902350151510751
0.145909804573218,-0.168914452850256,0.0209244843175539,0.0952977594247466,-0.00840852822683859,-0.000885023569373453,-0.00928457581127867
0.207840084988341,-0.230565299002862,0.0213261590409205,0.0720343319904992,-0.00834509806025435,-0.00164607540983363,-0.00931216182735559
0.271738753345945,-0.289188899666689,0.0214958662778049,0.0482886551010979,-0.00841814000192381,-0.00238037684644779,-0.00910376727796528
0.337182250647951,-0.344823685597237,0.0214530872904762,0.0239590400063886,-0.00861513191458511,-0.0030492534813026,-0.0086670339099442
0.403611793737413,-0.397639745189945,0.0212466631241769,-0.000981112095209569,-0.00891111099221858,-0.00362246694032872,-0.0080185380821229
0.47040869970581,-0.447862010812113,0.0209401738498378,-0.0264775701879993,-0.00927535895430394,-0.00408153744821205,-0.00718136498546353
0.536972176770349,-0.495687984287335,0.0205954433331118,-0.0524053204571599,-0.00967862518627814,-0.0044202369885185,-0.00618229682881647
0.602779040847876,-0.541222042873619,0.0202594908012443,-0.0785892245203825,-0.0100988001504457,-0.00464282450570013,-0.00504941396775371
0.667415906320418,-0.584438255103046,0.0199578471961961,-0.104829065120922,-0.0105239389943562,-0.00476116574666395,-0.00381054775051953
0.730585509664387,-0.625173964508697,0.0196945014867684,-0.130923737021642,-0.0109525750016679,-0.00479184043923146,-0.00249265870634948
0.792091352882663,-0.663147671901551,0.0194568937601322,-0.156690783868626,-0.0113918173036193,-0.00475390603706181,-0.00112195447185943
0.851807449447063,-0.69799538146177,0.0192238617638404,-0.181979183181603,-0.0118539152071175,-0.00466753442206872,0.000275477218559787
0.909637098093699,-0.729320313453924,0.018974520792409,-0.206674249968217,-0.0123518442916303,-0.00455336136418372,0.00167274732349573
0.965465992919624,-0.756755495396841,0.018696434781789,-0.230694550444565,-0.012894393066565,-0.0044321767512718,0.00304115905002247
1.01911377418505,-0.780037454425118,0.018391555547869,-0.253980691162733,-0.0134812427611948,-0.00432446044516288,0.00434935180045633
1.07029080282985,-0.799085535255399,0.0180784507481039,-0.27647623121022,-0.0140987931088882,-0.00424928009263709,0.00556287928193236
1.11857078480089,-0.81407338164717,0.0177895528333008,-0.298102383854367,-0.0147178676970009,-0.00422224083351823,0.00664455277603767
1.16339217918581,-0.825469479085166,0.0175629943189579,-0.31873109019154,-0.0152946717428565,-0.00425256250379823,0.0075558678968099
1.20409916253406,-0.834019844956129,0.0174304269376894,-0.338165246364048,-0.0157759819714375,-0.0043399450714761,0.00825964151549348
1.24002243229009,-0.840655179644539,0.0174044500711377,-0.356136949738501,-0.0161083928905932,-0.00447242084882415,0.00872366187655917
1.27058248581622,-0.846330863608334,0.0174708151278085,-0.37233141065033,-0.0162494721507853,-0.00462652721644468,0.00892463710366443
1.2953831155382,-0.851842254581043,0.0175895680054516,-0.38643380283517,-0.0161772013617848,-0.00477050676104724,0.00885140762583087
1.3142616313659,-0.857678614098877,0.0177055508667631,-0.398183783015449,-0.0158941629523026,-0.00487001188832321,0.0085064539137117
1.32727890109551,-0.863968037079798,0.0177640418157044,-0.407416322285897,-0.0154250175286588,-0.00489462434008508,0.00790528093162974
1.33465773660358,-0.870525647333596,0.017724844958927,-0.414073439341933,-0.0148087183999089,-0.00482315245541822,0.00707400457565045
1.33669728386722,-0.876973041587374,0.0175694698085569,-0.418185826109226,-0.0140888157474422,-0.00464633302509682,0.00604599247210826
1.3336946491849,-0.882875053182592,0.0172999697348114,-0.419836513847815,-0.0133051782287202,-0.00436674603708386,0.00485850307056233
1.32589380035048,-0.887846834690747,0.0169318147549143,-0.419123019023551,-0.0124890099128823,-0.00399673238595422,0.00354999823340789
1.31346705571284,-0.891608851986012,0.0164849520565812,-0.416130622094944,-0.0116613876974944,-0.00355548549648705,0.00215842196823959
1.2965235955854,-0.893991517433715,0.0159768125189135,-0.410922276832117,-0.0108345137869098,-0.00306629343490791,0.000720421450912165
1.27513481190333,-0.894904594591447,0.0154194656796268,-0.403544516294904,-0.0100145921703842,-0.00255441419757426,-0.000728698792005628
1.24936662333352,-0.89428918759373,0.0148214655382665,-0.394045302792846,-0.00920539749895113,-0.002045562638584,-0.00215457046597294
1.2193116037969,-0.892067367364358,0.0141936604492064,-0.382498540866269,-0.00841186384655618,-0.00156465100682558,-0.00352319257991616
1.1851158809446,-0.888100649114439,0.0135573255752685,-0.36902937499883,-0.00764317091482575,-0.00113431853280548,-0.00480048215276022
1.14699655531909,-0.882165954837296,0.0129522294376517,-0.353833693773938,-0.0069148147520176,-0.000772911644115149,-0.00595222056810463
1.1052458511252,-0.873956304808197,0.012441666897863,-0.3371848793098,-0.006249113790956,-0.000491907632346708,-0.00694465520463302
1.06021888694509,-0.863110691495005,0.0121114166446497,-0.319421743595503,-0.00567367883824129,-0.000293237301692796,-0.00774594309233997
1.01230491480981,-0.849271749956939,0.012060611943868,-0.300915455182476,-0.00521773850380524,-0.00016739847809477,-0.00832843667462163
0.961886677520701,-0.832160161095062,0.0123850148084566,-0.282020176047873,-0.004906895113766,-9.34082036755421e-05,-0.00867149316146059
0.909298358218015,-0.811645247283414,0.0131566512718687,-0.263020177044871,-0.0047576761042136,-4.12802425086337e-05,-0.00876413944405779
0.854795012187583,-0.787787486264286,0.0144064944044095,-0.244090508717248,-0.004773668600813,2.31639673020357e-05,-0.00860675064408263
0.798543250124778,-0.760836124501173,0.0161168298388499,-0.225285064508063,-0.00494465982278566,0.000132350737453162,-0.00821109768846437
0.740634956537473,-0.731181953936535,0.0182264324863322,-0.206555522439904,-0.00524908728509238,0.000311612569728822,-0.00759866582695755
0.681117251648072,-0.699282586244832,0.0206464524210075,-0.187792768765556,-0.0056588239723947,0.000575893998509016,-0.00679775746836217
0.620027078675458,-0.665585223012045,0.0232809708922241,-0.168875501797648,-0.00614460482525834,0.000929025393322343,-0.00584022728604733
0.557420292590835,-0.63046820524156,0.026045514954371,-0.149711661344621,-0.00668053464839925,0.00136510722852117,-0.0047586383556117
0.493389348539496,-0.594211134786357,0.0288790060579605,-0.130264229232564,-0.00724681584351287,0.0018710044162878,-0.0035842946347588
0.428068309021281,-0.556992203866845,0.0317477985102391,-0.110559630609848,-0.00783059540784074,0.00242895123512318,-0.0023462397223373
0.361627563939889,-0.518905729842695,0.0346429635271895,-0.0906815774919558,-0.00842532126242767,0.00301861598547141,-0.00107107500084097
0.294261023377185,-0.479990760544304,0.037573059857842,-0.0707545602796359,-0.00902913820227192,0.00361840220574557,0.000216650940503639
0.226169323085663,-0.440264226554558,0.0405546852585319,-0.0509210864037336,-0.00964279412425057,0.00420610524780857,0.0014937179101481
0.157541651026126,-0.399753660444988,0.0436026100816916,-0.0313157310578875,-0.0102673861239768,0.00475924322847539,0.00273737544839585
0.088539115089783,-0.358527107228409,0.046720801247047,-0.012038657802899,-0.0109021895756461,0.00525545796088796,0.00392451038310247
0.0192826925050627,-0.316717453224606,0.04989547860514,0.00686831084178429,-0.0115428089347447,0.00567336436249641,0.0050309979130349
-0.0501507735264921,-0.274538151439164,0.0530913051710733,0.0254388605802147,-0.0121799596225264,0.00599410532026901,0.00603140670798698
-0.119721214400394,-0.232286333962014,0.0562518622038822,0.0437871177176093,-0.0127992824776932,0.00620365621918767,0.00689925465419078
-0.189404600042151,-0.190328822898337,0.0593052155036109,0.0620946957386235,-0.0133825848915529,0.00629557380995553,0.00760799596060647
-0.259160025448041,-0.149068659648386,0.0621743588599313,0.0805767011506519,-0.013910678304158,0.00627349803572701,0.0081328085815265
-0.328890371131773,-0.108895268319044,0.0647906847104127,0.0994294516119955,-0.0143674977009235,0.00615243721355897,0.00845301608674607
-0.398406883964284,-0.0701287840151526,0.0671069336585757,0.118770894740963,-0.0147445567399708,0.00595793834815107,0.00855466829458867
-0.467409657025069,-0.0329747653474219,0.0691054122973636,0.138591272391274,-0.01504434795039,0.00572280594894667,0.00843257881109932
-0.535492527600819,0.00249507406549802,0.0707985550467547,0.1587314980097,-0.0152814227828332,0.0054819394203811,0.00809117080091755
-0.602172606375804,0.036329125499918,0.0722217984425824,0.178897922902739,-0.0154806514546891,0.00526664233543961,0.0075438591221503
-0.666935335041447,0.0686547263580056,0.0734217258125989,0.198708492417013,-0.0156732049566646,0.00509994341484448,0.00681122113431489
-0.72928175383139,0.0996246852994834,0.0744439834667972,0.217754616097106,-0.0158915711939453,0.00499396674479787,0.00591860166842571
-0.788765667710751,0.129368642513397,0.0753246995088696,0.235660194543413,-0.0161649968243758,0.00494952381802891,0.00489383909710862
-0.845014169727664,0.15796145858471,0.0760871209728351,0.25212413472627,-0.016516295937335,0.0049573899417695,0.00376557620800198
-0.897731167133693,0.185413276731538,0.0767431083315232,0.266940609535964,-0.0169603347434127,0.0050004426927735,0.00256230835686096
-0.946688026947348,0.211679745590828,0.0772978721112834,0.279997972635433,-0.0175040239484605,0.0050559566284234,0.00131208628218587
-0.991706942535824,0.236687563662911,0.0777559303447561,0.291260561132569,-0.0181474246946108,0.00509766835705498,4.26740027491067e-05
-1.03264288684758,0.260369565026504,0.0781264892339168,0.300738447497096,-0.0188855634317416,0.00509756589936633,-0.00121806157233846
-1.06936742090007,0.282703125942657,0.0784267398033697,0.308449379592644,-0.0197105825742984,0.00502758673515328,-0.00244174139935801
-1.10175697430606,0.303745463082518,0.0786821232652844,0.314377402403719,-0.0206139086877652,0.00486150438654351,-0.00359922728398637
-1.12968635841823,0.323658596564062,0.078923158609418,0.318433786891968,-0.0215880882591645,0.00457721156525672,-0.00466069609576626
-1.15302872300687,0.342716845027886,0.0791793019618305,0.320428663914262,-0.022627916887394,0.00415939745385788,-0.00559617253882124
-1.17166251326535,0.361291255589993,0.0794712334057612,0.320063766087753,-0.0237304884715882,0.00360229531965277,-0.00637662515162708
-1.18548580658232,0.379809893693957,0.0798038493510028,0.316956002543515,-0.0248939466262114,0.0029118545085917,-0.00697565639341609
-1.19443784046815,0.39870022421925,0.0801625772853825,0.310695685269888,-0.0261150720197915,0.00210652363718814,-0.00737167210039265
-1.19852523292401,0.418327281684624,0.0805148908328418,0.300931528916282,-0.0273862987994022,0.00121598415327464,-0.00755019030116827
-1.19784991643906,0.438945636363993,0.080817242024496,0.287461783817194,-0.0286931894515946,0.000277715871431915,-0.00750573832219729
-1.19263355642725,0.460679124520842,0.0810253784143689,0.270303241950616,-0.0300134529911951,-0.000667972131234928,-0.0072427241329989
-1.18323273888712,0.483530844043024,0.0811045280735242,0.249714542251186,-0.0313181632013771,-0.00158321745665907,-0.00677489450453309
-1.17013947726559,0.507412527615092,0.0810360561970704,0.226166365807398,-0.0325750212326382,-0.00243688415595626,-0.00612345950318544
-1.15396371108573,0.532175668851814,0.0808189241705447,0.200270597632748,-0.0337527325032703,-0.00320703244079381,-0.00531443667317161
-1.13539744189986,0.557630233622535,0.0804664818352243,0.172692791483902,-0.0348252126455116,-0.00388149916450224,-0.00437597807292375
-1.11516481667636,0.58354731012699,0.080000671913228,0.14407294903207,-0.0357745572124635,-0.00445707434615696,-0.00333631555453758
-1.09396568013736,0.609651418989611,0.0794459802130137,0.114971241520966,-0.0365922456405078,-0.00493794324853376,-0.00222261977733657
-1.07242145878543,0.635611654380388,0.0788248014812518,0.0858444615758535,-0.0372785965167915,-0.0053339334800598,-0.00106073353009015
-1.0510313089196,0.661038511317821,0.0781549628699949,0.0570504899815691,-0.0378408426002352,-0.00565885133670784,0.000124459555891981
-1.03014327866641,0.685488222466082,0.0774493892451474,0.0288732703772499,-0.0382903064232601,-0.00592895610661291,0.00130832674369924
-1.00994155608619,0.708472330723691,0.0767174881121236,0.00155893151754583,-0.038639140751931,-0.00616146798144611,0.00246570661756593
-0.990448445218251,0.729469282817641,0.0759677351995916,-0.0246467235166192,-0.0388970928015268,-0.00637295089244719,0.00357028252513042
-0.971537176963229,0.747935922626621,0.0752108439588142,-0.0494691633185764,-0.0390687530718909,-0.00657745041342017,0.00459430999716661
-0.952951800033957,0.763320365447325,0.0744628727175252,-0.0725936576166028,-0.039151841368135,-0.00678442267126764,0.00550888979857824
-0.934331065118593,0.775080870194498,0.0737474950164039,-0.0936782903394373,-0.0391371004061292,-0.00699674029404204,0.00628494720022204
-0.915234746660353,0.782716200101387,0.0730965929079174,-0.112393077656658,-0.0390101892421389,-0.00720933150350564,0.00689497078499294
-0.895172560008133,0.785809825343733,0.0725485307264296,-0.12847827898622,-0.0387554878763137,-0.00740913751854939,0.00731535292833574
-0.873636331369728,0.784082892258594,0.0721440459153121,-0.14180555602165,-0.0383609922795684,-0.00757687509146214,0.00752890107629342
-0.850134881086965,0.777442465068418,0.0719205811891297,-0.152420372014545,-0.0378228322568508,-0.00769051665287278,0.00752688890515375
-0.824228770457972,0.76600779895779,0.0719066920258507,-0.160547877614234,-0.0371478442912351,-0.00772967360614747,0.0073100505241396
-0.795559649038267,0.750101890998549,0.0721183404752229,-0.166557585462586,-0.0363532723728203,-0.00767960734229119,0.00688823283083564
-0.763869006801676,0.730207664651612,0.0725582838336795,-0.170898177949531,-0.035463803351643,-0.00753372192524231,0.0062788758831648
-0.729003170564237,0.706900567221647,0.0732186048448574,-0.174023868247067,-0.0345071001150506,-0.00729403671346052,0.00550483651960102
-0.690904992230676,0.680776063695136,0.0740853641958051,-0.176333323086871,-0.033509323939834,-0.00696990472727521,0.00459215474388791
-0.649596077186985,0.652389329914542,0.0751438424117735,-0.178133564271195,-0.032491821880175,-0.00657573327299945,0.00356821294133298
-0.605155018122747,0.622217684355989,0.0763829104060749,-0.179630523836388,-0.0314695233428952,-0.00612853273053122,0.0024604951388328
-0.557696818155455,0.590648308755089,0.0777974953184456,-0.180940114359854,-0.0304510136090994,-0.00564588303846019,0.0012959489539474
-0.507357381157336,0.557987887112535,0.0793886354121122,-0.182110596093246,-0.0294399230589494,-0.00514457166005222,0.000100839736044105
-0.454285284777032,0.524487691763184,0.0811610737096075,-0.183147721344078,-0.0284371710003032,-0.00463987099720577,-0.00109905224918578
-0.398641412527689,0.490376562312084,0.0831186881001823,-0.184036697456235,-0.0274436202038786,-0.00414524516371628,-0.00227804390757419
-0.340605792531743,0.455894301162418,0.0852583971745715,-0.184757956608568,-0.0264627402580949,-0.0036722069493908,-0.00341012038541991
-0.280389878714702,0.421318348227218,0.08756358661776,-0.185296179567218,-0.0255028793940204,-0.00323006404752683,-0.00446862256000107
-0.218251159661605,0.386976946973438,0.0899985483144116,-0.185643618296364,-0.0245786949141941,-0.00282538273705283,-0.00542622403979293
-0.154505580372328,0.35324314545809,0.0925057869160584,-0.185799496033278,-0.0237112555342854,-0.00246115092608316,-0.00625537466234793
-0.0895323907486154,0.320507047744971,0.0950080582497506,-0.185767295924757,-0.0229264175374053,-0.00213582451862483,-0.00692934878755501
-0.0237663264603282,0.289129077147302,0.0974162393379005,-0.185551169117208,-0.0222513811799061,-0.00184263632014625,-0.0074239190454097
0.0423253964635926,0.259384124951757,0.0996424591727031,-0.185152000988316,-0.0217098928429722,-0.00156963939074676,-0.00771947262396486
0.108278888376165,0.231412572614261,0.101615726743552,-0.184563403893937,-0.0213172176707091,-0.00130083938535788,-0.00780315473367515
0.173674201447084,0.205195253351495,0.10329557550482,-0.183768248261404,-0.0210764151983181,-0.00101841443560043,-0.00767048254552229
0.238169343965854,0.180563017651816,0.104679173218066,-0.18273689003038,-0.0209772515747272,-0.000705558313785789,-0.00732594204095945
0.301517553876139,0.157239565753378,0.105799380192374,-0.181428233775769,-0.0209982249005425,-0.000349169300323998,-0.00678237734308067
0.363563615557626,0.134904400202292,0.106714497443681,-0.179793723049045,-0.0211110470083528,5.83517509504488e-05,-0.00605937379271712
0.42422255909749,0.113257138130353,0.107493254371132,-0.177782809200288,-0.0212861127901226,0.000518551093867264,-0.00518112366174019
0.48344938347267,0.0920669121150518,0.108199647542056,-0.175347526674319,-0.0214973672621477,0.00102748722040511,-0.004174324585916
0.541209537305178,0.0711983569666987,0.108881476848501,-0.172444253860843,-0.021725473755148,0.00157694042345842,-0.0030665215189266
0.597457490861189,0.0506139491368074,0.109564678557553,-0.169032295286308,-0.021958910128142,0.00215572755004389,-0.00188508016376395
0.652126801112216,0.0303578515403635,0.110253792083586,-0.165070633198873,-0.0221932020314897,0.00275073691267613,-0.000656783465110135
0.705131654584483,0.0105282507821169,0.110937735337694,-0.160515387287881,-0.0224288019246362,0.00334754819923123,0.000592074308026242
0.756377489716069,-0.00875549912640132,0.111599464727524,-0.155320780092319,-0.0226681761869909,0.00393073672649901,0.00183526933102104
0.805777115623031,-0.0273861156921516,0.112227843025227,-0.149445903829158,-0.0229126185689066,0.00448412259236253,0.00304608813402909
0.8532678982823,-0.0452983311495606,0.11282973922533,-0.142868308285168,-0.0231592713921613,0.00499129179349223,0.00419680979240089
0.898825041802503,-0.0624920487250035,0.113439944490167,-0.135603478449566,-0.0233988689251516,0.00543667893250061,0.00525842352463878
0.942466053748763,-0.0790446975912149,0.114126052981435,-0.127726669862898,-0.0236147893023367,0.00580734769442846,0.00620079048580598
0.984242120290235,-0.0951083857157958,0.114985388406095,-0.119390564321179,-0.0237839807310941,0.00609532820096766,0.00699345453647769
1.02421493759185,-0.110888519950776,0.116132134464307,-0.110830138809308,-0.023880083504068,0.00630001520308869,0.00760724039965318
1.06242200252639,-0.126604237184609,0.117675401749916,-0.102346787051851,-0.0238784756701266,0.00642982021083732,0.00801659972442175
1.0988389311705,-0.14243725368837,0.119692757752243,-0.0942689582690034,-0.0237621376718088,0.00650221100436834,0.0082023770017962
1.13335125422164,-0.15848233868053,0.122207120887156,-0.0868959367135986,-0.023526536260848,0.00654163667869585,0.0081543660762429
1.16574691826299,-0.174715369828546,0.125175471932217,-0.0804407972549083,-0.0231816873514313,0.00657558525342875,0.00787290156725379
1.19573436552498,-0.190990589263024,0.128494294152512,-0.0749919732693263,-0.0227504550215444,0.00662981537883779,0.00736894458771678
1.22298115283812,-0.207067999311656,0.132020162925529,-0.0705065909658998,-0.0222636006893452,0.0067241619786081,0.00666262887207493
1.2471602587167,-0.222660425296944,0.13559806671612,-0.0668357835634331,-0.0217533108904515,0.00687000565858581,0.00578076816812481
1.26799052840171,-0.237484102375805,0.139088137286533,-0.0637703133155259,-0.0212472715856167,0.00706973646038216,0.00475409949522541
1.28526085689962,-0.251298417201454,0.142383575702516,-0.0610899095293485,-0.0207647549194702,0.00731779275126158,0.00361493643173133
1.298835279493,-0.263927460189091,0.145416978986197,-0.0586025896254571,-0.0203152354627581,0.00760249369625325,0.00239559895896019
1.30864117270744,-0.275263230461522,0.148156078459586,-0.0561667853707365,-0.0198992421351073,0.00790793714493852,0.00112766053021464
1.31464599995969,-0.285255065105978,0.150592057341788,-0.0536953102989937,-0.0195107648400229,0.00821554268538355,-0.000158152221558407
1.31682822715157,-0.293891371624557,0.152724081394691,-0.0511439596751317,-0.0191404800171486,0.00850516745401014,-0.00143165483268366
1.31514789880723,-0.301179342683055,0.154543415446323,-0.0484891158060296,-0.0187791731982563,0.00875598874464279,-0.00266274930260816
1.30952165691655,-0.307127053278637,0.156020081313333,-0.0456992626539567,-0.0184208390119324,0.00894747640246316,-0.00382105598393599
1.29980794885865,-0.311731369202285,0.157094924940747,-0.0427059551298481,-0.0180649925714948,0.00906077155568421,-0.00487585965346486
1.28580750094411,-0.3149739582644,0.157679657793243,-0.0393806868272257,-0.0177177201011324,0.00908062827452747,-0.00579658207774493
1.26728410581693,-0.316826751245071,0.157666747175853,-0.0355247610321197,-0.0173910834910455,0.0089977924467138,-0.00655394484276356
1.24400679845519,-0.317266198720537,0.156948992821967,-0.030878165054208,-0.0171007472904032,0.00881132338720203,-0.00712185430173332
1.21580667091637,-0.31629258047366,0.155445240936302,-0.0251493255626432,-0.0168621773922593,0.00853005448915491,-0.00747979570703065
1.18263470143137,-0.313948068324959,0.15312535908946,-0.0180607734776246,-0.016686383559049,0.00817237480124577,-0.00761523613513313
1.14460144700265,-0.310326119191648,0.150025913363249,-0.00939858577500086,-0.0165765671647597,0.00776392133899481,-0.00752534563171861
1.10198309072338,-0.305567392966141,0.146250185921505,0.000949692226196633,-0.0165268910820841,0.00733353177505988,-0.00721743825190156
1.05518964135708,-0.299842732780966,0.141951771642382,0.0129803702201489,-0.0165238212176562,0.00690852021991594,-0.00670793203829496
1.00470583271357,-0.293329267436725,0.137307342415508,0.0265849159807752,-0.0165494878918189,0.00651058030208028,-0.00602014670486765
0.951023520693277,-0.286187734930491,0.132487508557926,0.0415805548680251,-0.0165858152667292,0.00615324868905334,-0.00518160053147074
0.894584810397954,-0.278547596026142,0.127633929056104,0.0577483226596037,-0.0166181289580404,0.00584117202142197,-0.0042214962624243
0.835747198629045,-0.270502467012392,0.122846917316151,0.0748672014270657,-0.0166374163094206,0.00557081314244261,-0.0031688496487488
0.774773109964617,-0.262114903565671,0.118183610732038,0.0927370661430635,-0.0166410373915024,0.00533197054818756,-0.00205141204327366
0.711839326608903,-0.253427617055257,0.113664006034553,0.111187960757912,-0.016632134207507,0.00510954645704065,-0.000895308104901939
0.647059338678114,-0.24447800424253,0.109281356923618,0.130076810743623,-0.016618175770604,0.00488523410624632,0.000274799057456818
0.58051198998263,-0.235313397043064,0.105013912706521,0.149274607819571,-0.0166090612662504,0.00463904582238082,0.00143522366038516
0.512272053673802,-0.226005166406098,0.10083604409981,0.168647938048526,-0.0166151187141597,0.0043507878433139,0.00256264209801001
0.442439560530714,-0.216659832685927,0.0967276229651848,0.188039020300144,-0.0166452437578965,0.00400166456866944,0.00363351512668728
0.371165449548375,-0.207425127161603,0.0926810410492989,0.207248756868979,-0.0167053926910912,0.00357616766464178,0.00462370569133663
0.298670732581272,-0.198488711526212,0.0887054097622992,0.226027662039313,-0.0167976575340391,0.00306427199364373,0.0055084508778985
0.225255052392516,-0.190067401663449,0.0848273984149516,0.244079245836559,-0.0169201456879764,0.00246373039900328,0.00626283337920206
0.151290457313472,-0.182386337920296,0.0810883328702961,0.261078913088435,-0.0170678267066587,0.00178199115935925,0.00686284431884379
0.0771977300899404,-0.175650431813013,0.0775376507471462,0.276707701544403,-0.017234308633758,0.0010370568304322,0.00728700406844067
0.0034070790372429,-0.170014280042477,0.0742237726131696,0.2906947921244,-0.0174142026057341,0.000256622924523804,0.00751831913621835
-0.0696890336012289,-0.165559502949103,0.0711844527794423,0.302857395695076,-0.0176054189770684,-0.000524807196493956,0.00754615793988603
-0.141778215852721,-0.162288244341879,0.0684392530486558,0.313124945765907,-0.0178106295014742,-0.00127048501602681,0.00736754858341706
-0.212652871969654,-0.160136968340363,0.0659862397244216,0.321538277563476,-0.0180373290200527,-0.00194665063400712,0.00698751494806019
-0.282210209850077,-0.159007688364554,0.0638035498710113,0.328223186838074,-0.018296422357968,-0.00252712708280623,0.00641836696923994
-0.350429363918262,-0.158807787261455,0.0618547438242152,0.333346978779075,-0.018599792180377,-0.00299621501569044,0.00567819850230651
-0.417334849322252,-0.159487639926858,0.0600957473552302,0.337071593329702,-0.0189575977564064,-0.0033494866886315,0.00478905072232235
-0.482958137673343,-0.161067812847644,0.0584811976378041,0.339516189633729,-0.0193760245373631,-0.00359277814987096,0.00377520489609887
-0.54730679256804,-0.16365229650248,0.0569688338213782,0.340737171356178,-0.0198559275988104,-0.00374009825013877,0.00266192031853619
-0.610345869160308,-0.167428375713359,0.0555216753039065,0.340728041590164,-0.020392489121367,-0.00381121920934289,0.00147474556225197
-0.67199166539377,-0.172655669318109,0.0541085752154275,0.339437379173075,-0.0209757732808796,-0.00382948938489983,0.000239383039187139
-0.732115132680326,-0.179646639897785,0.0527041598612862,0.336801362145696,-0.0215919665882408,-0.00382008692127604,-0.00101799548380019
-0.79055102178189,-0.188739262753765,0.0512891363670398,0.332786432148606,-0.022225082566687,-0.00380864140005453,-0.00227012556959491
-0.847108810719561,-0.20026091440888,0.0498516117246698,0.32743674520231,-0.022858931902797,-0.00381995749331558,-0.00348789196700083
-0.901582066423169,-0.214482172124264,0.0483895018113426,0.320918941316699,-0.0234791549556216,-0.00387650486286366,-0.00463965693939961
-0.953753652240899,-0.231561214620206,0.0469133902309234,0.31355333365451,-0.0240750499679147,-0.00399640829139246,-0.00569097257397241
-1.00339516615985,-0.251484519545124,0.0454484897420044,0.305817378715317,-0.0246408242161485,-0.0041909030980609,-0.00660505253113293
-1.05026043689308,-0.274016727031262,0.044033981019788,0.298307564718538,-0.0251758157880018,-0.00446161315111671,-0.00734438186900482
-1.09407467933249,-0.298678327559666,0.0427183757094599,0.291653732309465,-0.025683294059448,-0.00479847328606397,-0.0078736522226982
-1.13452367015779,-0.324768623997937,0.0415509797897648,0.286397319012552,-0.026167797713906,-0.00517942010639961,-0.00816375259993258
-1.17124915412057,-0.351438433291527,0.0405715801319577,0.282866302341221,-0.02663159047355,-0.00557277583197969,-0.00819593154719644
-1.20385720333383,-0.377795545418518,0.0398019820680714,0.281091620896698,-0.0270714765647623,-0.00594238259126068,-0.00796484687717609
-1.23194314713856,-0.403008397253964,0.0392426345405623,0.280799489779571,-0.0274774170561004,-0.00625431712770116,-0.00747942516649342
-1.2551313965503,-0.426373751725011,0.038875234898045,0.281483020742437,-0.027833818844318,-0.00648318245343539,-0.0067612856840317
-1.27312196084494,-0.447333327015106,0.0386693762123118,0.282522979415834,-0.0281232087471429,-0.00661613315893212,-0.005841434351705
-1.28573261168439,-0.465449441236839,0.0385899239593595,0.283312337276883,-0.0283309787262447,-0.00665384277323955,-0.00475642633822854
-1.29292597186114,-0.480364245614047,0.0386024180476611,0.283347442750753,-0.0284495323651392,-0.00660883768062278,-0.00354504695486727
-1.29481529281747,-0.491766135070118,0.0386755734375869,0.282269915006373,-0.0284805718937918,-0.00650233416034685,-0.00224606137580407
-1.29164735229218,-0.49937546599191,0.0387815603083366,0.279862999428745,-0.0284350162799682,-0.00636073131313938,-0.000897092575555476
-1.28376583542573,-0.502949467644188,0.0388955314098628,0.276016970121847,-0.0283307531975226,-0.00621248465198493,0.000465605820927851
-1.27156117096296,-0.502298249135494,0.0389957678007567,0.270680120720125,-0.0281888554450569,-0.0060855552776485,0.00180682866830471
-1.25541476403159,-0.497301782516803,0.0390652101820824,0.263809321070441,-0.0280290884610299,-0.00600525027932721,0.00309190669692924
-1.23564759390716,-0.487920221333931,0.0390943604698678,0.255330854416147,-0.0278656191373598,-0.00599214211195363,0.00428633398072359
-1.21248378526371,-0.47419398430917,0.0390847363494984,0.24511962839113,-0.0277038532887528,-0.00605987469910218,0.00535583613397171
-1.18604016810531,-0.456234650614302,0.0390514613524102,0.233002781719132,-0.0275392931706415,-0.00621298669681718,0.00626712983437588
-1.15634827119365,-0.43421034278096,0.0390233050111103,0.218789677311097,-0.0273590149779793,-0.00644527474235529,0.00698950776838015
-1.12340748494884,-0.408330503417111,0.0390389424378024,0.202323537224037,-0.027145752906968,-0.00673949502296406,0.00749715806577199
-1.08725617746627,-0.378833790771413,0.0391394618752993,0.183541066843051,-0.0268836408571299,-0.00706910721487427,0.0077718022710974
-1.04803835782573,-0.345980728311585,0.0393589460522474,0.162520121330922,-0.0265638247776925,-0.00740218612640841,0.00780494667880905
-1.00604159954682,-0.310050099742774,0.0397162892249514,0.139496799759265,-0.0261879369853105,-0.0077067376039917,0.00759898663164353
-0.961692375814354,-0.27133679562059,0.0402113318411741,0.114844385075267,-0.0257681833092324,-0.00795596109448735,0.00716671726247311
-0.915511914933338,-0.230148821984534,0.0408266514506639,0.0890218970539551,-0.0253241887221458,-0.00813196833295897,0.006529364288902
-0.868050807485765,-0.186802505478645,0.0415339605231105,0.0625110783535989,-0.0248780059158801,-0.00822714778831409,0.00571375291737547
-0.819824843358606,-0.141616096061375,0.0423023831406649,0.0357615710803864,-0.0244491151845931,-0.00824330994186566,0.00474940819608326
-0.771269690832365,-0.0949028429700513,0.0431057233659371,0.00915666426834492,-0.0240508404397692,-0.008189435305372,0.00366621939460222
-0.722721158401,-0.04696433543431,0.0439267839749192,-0.0169980830024581,-0.0236887694328881,-0.0080790082740143,0.00249296426040858
-0.67442021833771,0.00191528198868198,0.0447581611846654,-0.0424682839428179,-0.0233610887773936,-0.00792769007139199,0.0012566985555799
-0.626536761075458,0.0514741057164129,0.0455999126847217,-0.0670742226105638,-0.0230603558443789,-0.00775168135641519,-1.71599518121735e-05
-0.579206247633123,0.101475856182042,0.0464550517801298,-0.090671953975002,-0.0227761933669396,-0.00756678190912871,-0.00130427247238787
-0.532574026820864,0.151710817200372,0.0473239580162946,-0.113137577424704,-0.0224984630468855,-0.00738792237048502,-0.00258055919224485
-0.48684327053677,0.201992320622543,0.0481988721285601,-0.134358007742973,-0.0222205676795873,-0.00722884382721694,-0.00382131425869713
-0.442320829496582,0.252145962365832,0.0490596783613922,-0.154229525720986,-0.0219424848929398,-0.00710158654216844,-0.0050004561699224
-0.399452724927479,0.301988828166024,0.0498722907129722,-0.172663701461854,-0.0216730080930135,-0.00701553402358548,-0.00609013952019295
-0.358836796532337,0.351297738985788,0.0505908323383863,-0.189598728964648,-0.0214304695783901,-0.00697592987271081,-0.00706097628033843
-0.321198300846154,0.399769574136153,0.0511642355575122,-0.20501303354712,-0.0212411669294941,-0.00698206343668521,-0.00788308125847061
-0.287318071738759,0.446982476515027,0.0515466493863347,-0.218937431646507,-0.0211350103338058,-0.00702564710499287,-0.00852800517632156
-0.257914960348453,0.492371758481552,0.0517093294813987,-0.231462361922514,-0.0211387059239965,-0.00709013832911643,-0.00897132971609046
-0.233502970424157,0.535235280111071,0.0516503304322234,-0.24273784774171,-0.0212679507783349,-0.00715169512732506,-0.0091953687747213
-0.214259667108002,0.574776615515256,0.0513982837898802,-0.252965116291477,-0.0215210282769709,-0.00718196949800385,-0.00919123122185087
-0.199945782499757,0.610181970711515,0.0510083928984988,-0.262380017059227,-0.0218761799927343,-0.00715220342710111,-0.00895963338075573
-0.189901478930088,0.640714010917126,0.0505517471389445,-0.271229577564496,-0.0222939275769085,-0.0070374965566933,-0.00851028089981193
-0.183119276191466,0.665799603952302,0.0501015700118796,-0.27974474518324,-0.0227236977993091,-0.0068200381773327,-0.00786013927007584
-0.17837024789742,0.685091136064555,0.0497206940107841,-0.28811400829457,-0.0231126380717077,-0.00649056045990995,-0.00703119474388886
-0.174349442730756,0.698491091999302,0.0494534350257627,-0.296463551516034,-0.023414124577206,-0.00604798145773646,-0.00604829465017762
-0.169809358063094,0.706140612436766,0.0493229809824435,-0.304848411452198,-0.0235940669018009,-0.00549777291793945,-0.00493743581158135
-0.163661540015189,0.708381338831543,0.0493336028112907,-0.313256337441074,-0.0236341802671468,-0.00484982583082441,-0.0037246298234314
-0.155038638013023,0.705702952367297,0.0494759265997306,-0.321622409299716,-0.0235323113540479,-0.00411650579972637,-0.0024353064676929
-0.143318443866424,0.698688429353823,0.0497332839751457,-0.329849878883435,-0.0233004373269721,-0.00331134203183743,-0.00109415465554896
-0.12811598965193,0.687965878552377,0.0500873979231314,-0.337831423421794,-0.0229610936994244,-0.00244850000964859,0.000274704650018743
-0.109251065487946,0.674172562132425,0.0505221199691318,-0.345465376103487,-0.0225429224413799,-0.00154293710883515,0.00164730079582746
-0.0866983385150493,0.657933446600076,0.0510243981095203,-0.352662819991976,-0.0220759037259879,-0.000610953871048064,0.00299923169487547
-0.0605272040929979,0.639853280840754,0.0515821250763759,-0.359343280013809,-0.0215867317472216,0.000329266365973136,0.00430501289660108
-0.0308392545462149,0.620517555228468,0.0521790991482665,-0.365418951371776,-0.0210947470983833,0.00125758638288358,0.00553748511859246
0.00228728638138331,0.600494536889761,0.0527881487514417,-0.370770175061118,-0.0206088583381982,0.00215272609470936,0.00666745261139688
0.0388354347961443,0.58032907041697,0.0533644792966823,-0.375218180856109,-0.0201259507597845,0.00299419634248495,0.00766377291419855
0.0788588617920531,0.560520411461568,0.0538421779588068,-0.37850440546109,-0.0196313183850421,0.00376526396439475,0.00849414675637422
0.122455103962125,0.541482135935939,0.0541369781229285,-0.380287687850174,-0.0191015339575667,0.00445639191041107,0.00912681915268871
0.169702668526082,0.523491572975815,0.0541571808742912,-0.380169275261012,-0.018509738702979,0.00506814027772675,0.00953324051147031
0.220574938969079,0.506645055603107,0.0538217113251813,-0.377748168949427,-0.0178325242990659,0.00561231329874507,0.00969140576567285
0.274857555180274,0.490839131299669,0.0530805292022602,-0.372696850492023,-0.0170566864310253,0.00611045969294379,0.00958917299509553
0.332102280920811,0.475791773646051,0.0519299760437155,-0.364834640100747,-0.0161836916325668,0.00658972789779093,0.0092265781562959
0.391641285670777,0.46110284212526,0.0504163506330745,-0.354171695245815,-0.0152302394811669,0.00707719383036071,0.00861628617532402
0.452661974350642,0.44633681096715,0.0486254702333063,-0.340906276653846,-0.0142247539709505,0.00759446902192109,0.00778192091869672
0.51431684050313,0.431102933665984,0.0466619235591726,-0.325377507964261,-0.0132012422509882,0.00815419123737195,0.00675481727411933
0.575830912225509,0.415112078990901,0.0446255752989347,-0.30799321471965,-0.0121927683898733,0.00875902798737335,0.00557025755149447
0.636576531302736,0.398201167239584,0.0425927494892466,-0.289157804646896,-0.011226468439088,0.00940273193298196,0.00426422909851115
0.696103619846634,0.380327806360251,0.040606416134567,-0.269218621260546,-0.0103210255675266,0.0100721896776791,0.00287131023183254
0.754130586029286,0.361543982872945,0.0386760595347641,-0.24843773771097,-0.00948652932047457,0.0107494522509059,0.00142378871996834
0.810509324083521,0.341958240402632,0.0367855240121402,-0.226986910852199,-0.0087260874788688,0.0114131810544426,-4.82167042825823e-05
0.865177711321316,0.321693408237608,0.0349063442280841,-0.2049593109841,-0.00803845601255131,0.0120394590018922,-0.00151598250038084
0.918108949763681,0.300844554640398,0.0330142000104584,-0.182391815096573,-0.00742108967126893,0.0126023065701679,-0.00295109380856127
0.969262696519081,0.279440877275813,0.0311062833423236,-0.15929357473131,-0.0068731631347721,0.0130744445440972,-0.00432433899254155
1.01854103506939,0.257416373374323,0.0292169938283299,-0.135678340181775,-0.00639815071789621,0.0134288705304503,-0.00560485456710758
1.06575319365437,0.234596438871565,0.0274284329089463,-0.11159821252585,-0.00600546525313982,0.0136416505876302,-0.00675980392489575
1.11059553342939,0.210709277507048,0.0258712321461059,-0.0871747636627616,-0.00571054494944766,0.0136959347584618,-0.00775489730531959
1.15265538221265,0.185429479938838,0.0247115017396732,-0.0626205767525535,-0.00553283372724033,0.0135865827376215,-0.00855602229944059
1.19144548734982,0.15845370682409,0.0241224719838135,-0.0382423028767714,-0.00549153627998613,0.0133240737279846,-0.00913205446413876
1.22646792973403,0.129594945066859,0.0242451570807996,-0.0144182732925993,-0.00559989885194351,0.0129359436059948,-0.00945850410548971
1.25729359350675,0.0988674694944164,0.0251492029767836,0.00844868614787275,-0.00585975149646548,0.0124643285810497,-0.0095211382271151
1.28363244215947,0.0665293788726863,0.0268085522451271,0.0299914350586753,-0.0062584917509198,0.0119594981104128,-0.0093184165767638
1.30536941370056,0.0330616288968052,0.0291027729810192,0.0499319036770589,-0.00676998183868795,0.01147101876206,-0.00886181574862712
1.32255429229666,-0.000911798904406201,0.031844297237062,0.0681093169535249,-0.00735921036847003,0.0110393269423573,-0.00817390141352339
1.33535297143918,-0.0347335999816198,0.034820778893183,0.0844760714604734,-0.00798895382371672,0.0106901906169514,-0.00728487497011337
1.34398140714937,-0.067815774483435,0.0378370652018149,0.0990677599798201,-0.00862610291836115,0.0104330613692023,-0.00622875378615769
1.34864504068664,-0.0997087091590882,0.0407446578301894,0.111962062200447,-0.00924593470643743,0.0102626862706755,-0.00504017490957698
1.34949884245437,-0.130128907874828,0.0434541657675436,0.123241249827492,-0.00983377554900371,0.0101624625986641,-0.00375231161917037
1.34663266034143,-0.158952611396403,0.0459329906335782,0.132967702511686,-0.0103844540080348,0.0101080414111334,-0.00239591993828497
1.34007913443422,-0.186188706363521,0.048193717969718,0.141175561209809,-0.0109003565289366,0.0100702498273874,-0.000999276046866141
1.32983763614527,-0.211942935852305,0.0502786528342159,0.147877142201634,-0.0113888564810066,0.0100170521165015,0.000411296506981673
1.31590706052049,-0.236380512943864,0.0522442305737641,0.153080494995715,-0.0118596433581286,0.0099147604344316,0.0018105738184364
1.29832101926649,-0.259689304351939,0.0541471231740486,0.156813666930568,-0.0123222408747241,0.00972898319074414,0.00317346549322162
1.27717970523082,-0.282042790430005,0.056032572609392,0.159150761752028,-0.0127838723938572,0.00942589698539177,0.00447412376347712
1.2526715732717,-0.30356157886378,0.057925004678229,0.160233937749137,-0.0132478124246961,0.00897436533299428,0.00568532395523714
1.22507855124857,-0.324274913895554,0.0598213016862062,0.160284516470446,-0.0137124401603479,0.00834921326698692,0.00677833885028308
1.19475776670686,-0.344087973964815,0.0616877101228685,0.159595871298989,-0.014171266750957,0.00753553248328604,0.00772353638165769
1.16209663305647,-0.362765578909244,0.0634618331863342,0.158502893045263,-0.0146141722127681,0.0065332820884177,0.00849186543315809
1.12744583509983,-0.379944683234761,0.0650608100429921,0.157328901161116,-0.0150298520569748,0.00536081584735305,0.00905720343315772
1.09104478319257,-0.395183048707267,0.066395224882636,0.156320423388554,-0.0154090316339801,0.00405566547495421,0.00939921458707066
1.05296330383396,-0.408039384255618,0.067385977674924,0.155589573484428,-0.0157475444588327,0.00267135651104927,0.0095060332201943
1.01308287235978,-0.418165213607561,0.0679794619851698,0.155086066753459,-0.0160481722726809,0.00127030517285113,0.00937595067267874
0.971128238642006,-0.425380112356388,0.0681564422588699,0.154612100846182,-0.0163204587989394,-8.55653835501963e-05,0.0090175234660827
0.92674125989435,-0.429706879147729,0.0679324140747516,0.15387656851291,-0.0165784706698262,-0.00134386034500953,0.00844807838165355
0.879572478906925,-0.431359152216645,0.0673505737623021,0.152569747098276,-0.016837259834517,-0.00246800840278583,0.00769114538360828
0.829362870332157,-0.430691843196037,0.0664709512308728,0.150434575809814,-0.0171091725809382,-0.00343968062990584,0.00677360738455713
0.775996356358973,-0.42813445800493,0.0653595976820435,0.147316575622762,-0.0174009911467371,-0.00425765954884375,0.00572323435068834
0.719518748847962,-0.424127576156399,0.0640805668684869,0.143185897063278,-0.0177124368149556,-0.00493442241609228,0.00456696459399721
0.660128492440442,-0.419075156921831,0.0626915873809189,0.138134316424914,-0.0180360420280859,-0.00549189048377042,0.00332998223227783
0.598150622207178,-0.413317637770246,0.0612430598887866,0.132354723490132,-0.0183581116448548,-0.00595746121260008,0.00203547432403915
0.534003952849126,-0.407124336632117,0.0597792855617578,0.126110450247161,-0.0186603963295172,-0.00636091321790597,0.000704890191595914
0.468167114055042,-0.400700069665221,0.0583406193256264,0.119699147519186,-0.0189221499972642,-0.00673229388295018,-0.000641462734822673
0.401145603213613,-0.394200460750624,0.0569654303869629,0.113413289468831,-0.0191223843432474,-0.00710058021840367,-0.00198360741693142
0.333438637971768,-0.387750665828187,0.0556909395987632,0.107497733634802,-0.019242228968576,-0.00749272989428991,-0.00330095841876921
0.26550374280342,-0.381463266750867,0.0545522713209328,0.102105137687502,-0.0192673501788593,-0.00793269050511123,-0.00457132959907855
0.197718490518281,-0.375452278767617,0.0535794210921128,0.0972525887406325,-0.0191903529230129,-0.00843998902952126,-0.0057699902818268
0.130341148954722,-0.369839845089631,0.0527921661827628,0.0927868485903782,-0.0190129072043427,-0.00902765453312804,-0.00686894947897615
0.0634777980571441,-0.364753288837271,0.0521937381285019,0.0883707951167674,-0.0187471612848975,-0.00969951671782946,-0.00783678316147691
-0.0029321258178843,-0.360310073900076,0.0517648393992983,0.0835063669819905,-0.0184157361170362,-0.0104473347432148,-0.00863944273107083
-0.0690974458247195,-0.356590603597246,0.0514604400895969,0.0776060051482419,-0.0180495371419322,-0.0112487352636788,-0.00924247101928811
-0.135314786550044,-0.353603501976801,0.051211975240508,0.0701108188593892,-0.0176829850203701,-0.0120673166376346,-0.00961472643756074
-0.201871876770779,-0.351254524299268,0.0509363959747129,0.0606306554574068,-0.0173472490284438,-0.0128560886649776,-0.00973302947779444
-0.268940703192702,-0.349334114701443,0.0505508107227918,0.0490600130028875,-0.0170633672703267,-0.0135643322555006,-0.00958638203620047
-0.336498700199975,-0.347534834222642,0.0499884143553694,0.0356221276061476,-0.0168378866753586,-0.0141462884993297,-0.00917817033596899
-0.404307985510789,-0.34549769655397,0.0492101831730047,0.0208203066234257,-0.0166629739026167,-0.0145688831214249,-0.00852545293681612
-0.471956442174711,-0.342872550714772,0.0482085626572439,0.00531680292806022,-0.016520957810105,-0.0148159574457412,-0.00765571421423548
-0.53893814022965,-0.339372245738672,0.0470030564662257,-0.0102120536999257,-0.0163913007010369,-0.0148881347887384,-0.0066024683447405
-0.604740314500005,-0.334805590605,0.0456306599640861,-0.0251961419992109,-0.0162573036971909,-0.0147992973602743,-0.00540121614385023
-0.668911372145367,-0.329084776355639,0.0441349710642284,-0.0392406073835193,-0.0161105743055686,-0.0145715845108742,-0.00408666430607779
-0.731099737989699,-0.322211847220041,0.0425569109479315,-0.052141516245142,-0.0159526004169466,-0.0142306767497398,-0.00269139651676483
-0.791065306618365,-0.314251654172535,0.0409283727947439,-0.0638606683010995,-0.015793777118069,-0.0138023713968357,-0.00124572058368905
-0.84867132343311,-0.305297779825016,0.0392688988345383,-0.0744756583221834,-0.0156506559614822,-0.0133106963714976,0.000221716608483054
-0.903864626116628,-0.295435335600125,0.0375848807350598,-0.0841182857827281,-0.0155421354086704,-0.0127772835651277,0.00168290797874174
-0.956650206237308,-0.284703324994975,0.0358707738431434,-0.0929101429171064,-0.015485110478648,-0.012221473099587,0.00310932980598233
-1.00706298852171,-0.27305989222808,0.0341120717727127,-0.100901818841693,-0.0154899608058982,-0.011660536635081,0.00447087504526954
-1.05513823713645,-0.260356657497899,0.0322900972212695,-0.108022820770322,-0.0155563394030199,-0.0111094614074696,0.00573512023424692
-1.10088118168788,-0.246331498930838,0.0303886634223285,-0.114052111449925,-0.0156700052042971,-0.0105799065906543,0.00686723554915129
-1.1442383865049,-0.230630589937026,0.0284021911542662,-0.118621671970436,-0.0158018061637885,-0.0100783025226174,0.00783089657800631
-1.1850759732987,-0.212866227603659,0.026343810246256,-0.121263467661378,-0.0159100058887949,-0.00960358446203262,0.00859047506487625
-1.22317276637977,-0.192705300127178,0.0242507933090679,-0.121499967941488,-0.0159465623570615,-0.0091455922354185,0.00911446590546475
-1.25823575575925,-0.169966576143832,0.0221842746133753,-0.118960278682518,-0.0158665294099042,-0.00868535384061788,0.00937955519698174
-1.28993936446261,-0.144692936768647,0.0202216092902654,-0.11348624062263,-0.0156379900491941,-0.00819795946770994,0.00937420211518309
-1.31797959643432,-0.117168159717449,0.0184428335912826,-0.105188724013904,-0.0152490155966037,-0.00765756788656656,0.00910050061538677
-1.34212524755473,-0.0878692254012064,0.0169157730944944,-0.0944313607368214,-0.0147090441544165,-0.00704292164030865,0.00857362928921709
-1.36224859069741,-0.0573726586536156,0.0156851775398318,-0.0817494433107095,-0.0140444869533456,-0.00634141448895475,0.00781914325097774
-1.37832701550003,-0.0262497102498805,0.0147691342736575,-0.0677368400015112,-0.0132907564367593,-0.00555049832228751,0.00686912392010068
-1.39042014785724,0.0050175192629343,0.0141625146803707,-0.052939785602683,-0.0124838640775914,-0.00467648992861035,0.0057583842806274
-1.39863544994641,0.0360825873885148,0.0138445862720766,-0.0377844042669136,-0.011654067492079,-0.00373181312524093,0.00452157718954665
-1.40309574197203,0.0667440705007764,0.0137872720048616,-0.0225463429353373,-0.0108226183811298,-0.00273197024260478,0.00319151977242942
-1.4039180487056,0.0969277077384814,0.0139614568199077,-0.00735675635021583,-0.0100014426923164,-0.00169321172473695,0.00179863954347799
-1.40120651607142,0.126653146281437,0.0143401785994579,0.00776710588598624,-0.00919497164936265,-0.000631319529860938,0.000371255257217059
-1.39505814532459,0.155994210448117,0.014898761731416,0.0228779202550526,-0.00840327677664327,0.00043856276720261,-0.00106361484383655
-1.38557688718935,0.185037477576197,0.0156126864095133,0.0380488297136363,-0.00762583752658266,0.00150143181568542,-0.00247917955920882
-1.37289103027977,0.213840995620456,0.0164543543626456,0.0533233581882116,-0.00686545502720038,0.0025417821397018,-0.00384775118567903
-1.3571680549875,0.2423942654888,0.0173900658887684,0.0686684787460609,-0.00613186240904018,0.00354336874535394,-0.00513977801838802
-1.33862087048203,0.270582335806492,0.0183785523366749,0.0839359037011729,-0.00544444890633114,0.00448983965682101,-0.00632326967502721
-1.31750041357255,0.298160477094308,0.0193722401439847,0.0988395981921872,-0.00483328952943309,0.00536648469555426,-0.0073639052331706
-1.29407180710839,0.32474955341837,0.0203218538276514,0.112960047186304,-0.00433754409529469,0.00616295786331149,-0.00822613584516588
-1.26857689899912,0.349863092503344,0.0211838739668627,0.12578476333156,-0.00400056038209451,0.00687630544424124,-0.00887549981674479
-1.24119323865334,0.372971544078448,0.021928921048967,0.136786684435956,-0.003861929153371,0.00751315470085538,-0.00928207236711784
-1.2120048910392,0.393595838695821,0.0225480150521688,0.14552714788163,-0.00394820019745879,0.00808982493258965,-0.00942447879821325
-1.18099973826935,0.411405555079564,0.0230538156554519,0.151753915057074,-0.00426528672392038,0.00862970950908045,-0.00929341059323184
-1.14809808640391,0.426287096753332,0.0234757834464168,0.155458339267797,-0.00479568910167413,0.009158443042678,-0.00889344984406337
-1.11320323233279,0.438354408136431,0.0238508973556446,0.156867826213736,-0.00550199833981566,0.00969847610785236,-0.00824248045096632
-1.0762551672125,0.447898245211921,0.0242134197361626,0.156376488582295,-0.00633544904738381,0.0102649550227718,-0.00736888430699379
-1.03726916169391,0.455295746495426,0.024587069868919,0.154442298886742,-0.00724626788737164,0.0108640262318398,-0.00630754084630388
-0.996350398160143,0.460914427792916,0.024981286206082,0.151488007213372,-0.00819238794337017,0.0114934370321699,-0.00509589867097584
-0.953686001664564,0.465038957774882,0.0253914048432422,0.14783352276026,-0.00914449476611689,0.0121444089033391,-0.0037710392849048
-0.909521706235858,0.467833475670502,0.0258016032734025,0.143669523362578,-0.0100871365864084,0.0128036127770262,-0.00236806441542514
-0.86413035941587,0.469337613895674,0.0261894173536691,0.139067064819209,-0.0110167829795491,0.0134544906109722,-0.000919666884427066
-0.817776650524486,0.469486929995467,0.0265310531081991,0.134011005157868,-0.011938037206885,0.0140777494284998,0.000543468859574142
-0.770679502819263,0.468147673549534,0.0268070842054605,0.128444775348134,-0.0128590081158099,0.0146513181358427,0.00199180782497167
-0.722972677729433,0.465158576186549,0.0270082155589975,0.122316721655137,-0.0137865378301657,0.0151503238344806,0.00339595559721562
-0.674666008926454,0.460375467661435,0.0271405774807143,0.115620853757003,-0.0147218235444632,0.0155477357384676,0.00472575315154877
-0.62561351128617,0.453715680772527,0.0272295769635342,0.108425955685772,-0.0156570298952326,0.0158162501672585,0.00594971903712717
-0.575499825721592,0.445198126035937,0.0273209047108511,0.100887121368092,-0.0165736841110708,0.0159317294867968,0.00703511099169382
-0.523858973180689,0.4349713848425,0.0274771685635153,0.0932342285050374,-0.0174437317159029,0.0158779825867941,0.00794889339943487
-0.470136579703165,0.423319195404846,0.027769259578249,0.0857350277214371,-0.018233822855274,0.0156519363998358,0.0086598094706234
-0.413794316497143,0.410633402006431,0.0282631811943822,0.0786375954363174,-0.0189124674526967,0.0152675205208713,0.00914147152098364
-0.354435299638175,0.397352567538376,0.0290053658925212,0.0721065762763939,-0.0194583192716642,0.0147563671266184,0.00937590644714359
-0.291910966575064,0.383879170514483,0.0300112547928579,0.0661746847893906,-0.0198667493678521,0.0141641788025371,0.00935653559259689
-0.226368147872642,0.370502425697206,0.0312616148805826,0.0607288777703037,-0.0201520181042093,0.0135432834476507,0.00908949770213166
-0.15821601117995,0.357355868024311,0.0327081941459328,0.0555374431048084,-0.020344035806753,0.0129435940245261,0.00859273907604278
-0.0880267235084101,0.344424873464274,0.0342863569541266,0.0503066880343799,-0.0204810304321301,0.0124048138821184,0.00789316974520109
-0.0164101115286378,0.33159779633957,0.0359298198303056,0.0447448786228804,-0.0206009703430886,0.0119519104099933,0.00702288845694691
0.0560943173332677,0.318738074873948,0.0375827819974178,0.0386121675147335,-0.0207344849061875,0.0115942617737823,0.00601560034412197
0.129081111958947,0.305752173840405,0.0392069576001968,0.0317453082093104,-0.0209007764951676,0.0113275503356442,0.00490398231099652
0.202293886707245,0.292636110212015,0.0407834549890277,0.0240571284554354,-0.0211065972460439,0.0111369660132423,0.00371822631996706
0.275602887670784,0.279494280068151,0.0423109139278583,0.0155176927598385,-0.0213474965831452,0.0110004994339506,0.00248561174321149
0.348961977843871,0.266532485222344,0.0438016152109111,0.0061260391897811,-0.0216103378610254,0.0108916391574718,0.0012307998857185
0.422359669598904,0.25403036559639,0.0452767963418813,-0.0041196881704497,-0.0218762575904954,0.0107812888513512,-2.34674918964509e-05
0.495773450936853,0.242299089296463,0.0467617773097699,-0.0152476016649277,-0.0221235741219357,0.0106390786534159,-0.00125552408385882
0.569132012661024,0.231629884586225,0.0482810456614363,-0.0273280629497592,-0.022330447052489,0.0104344384815187,-0.0024439894176264
0.642286678680906,0.222238735434177,0.0498531975126862,-0.0404761714185673,-0.0224772114434718,0.0101378327084114,-0.00356719818216617
0.714993623946815,0.214214569487892,0.0514858652584521,-0.0548375678337524,-0.0225483833021661,0.00972251025514697,-0.00460298587425747
0.786907675196916,0.207479656804824,0.0531710010391381,-0.0705564833346727,-0.0225341856775824,0.00916690151331638,-0.00552893238504265
0.857589218051891,0.201772756571551,0.0548814261493376,-0.087728890920181,-0.0224313630276308,0.00845750829651317,-0.00632309532540783
0.926524156816508,0.196663873856474,0.056569854027157,-0.106348910010101,-0.0222429865183802,0.00759176766680388,-0.00696515896225469
0.993155113165829,0.191603781693775,0.0581715645468967,-0.12626157414389,-0.0219770925675446,0.00658009496242467,-0.00743781297662547
1.05691927066539,0.186001605171495,0.0596112089161493,-0.147136847226553,-0.0216442994037538,0.00544625904237708,-0.00772809512156925
1.1172863949329,0.179313524665539,0.0608129924347011,-0.168476198669312,-0.021254939396495,0.00422553794682511,-0.00782842560950237
1.17379096565889,0.171120180449743,0.0617121774091079,-0.189654390289993,-0.020816533804847,0.00296070282541036,-0.00773714096683365
1.22605362548148,0.161172920879096,0.0622650207639504,-0.209988324976455,-0.0203324009627692,0.0016965501710208,-0.00745845914732685
1.27379067406423,0.149399508448611,0.0624545134996257,-0.228816729545815,-0.0198018393673454,0.000474165251566384,-0.00700194142774096
1.31681262731058,0.13587308312901,0.0622904675972832,-0.245572155865801,-0.0192217664528833,-0.000673864630271622,-0.00638160253747066
1.35501507059263,0.120758577094726,0.0618042095975019,-0.259830940417559,-0.018589221329135,-0.00172643955077114,-0.00561485898516205
1.38836540491223,0.104254464544319,0.061039609937066,-0.271334686194406,-0.0179039273194075,-0.00267487791823228,-0.00472149425093064
1.416888552176,0.0865449309457979,0.0600429407704097,-0.279985050354256,-0.0171702113583956,-0.00352206838968257,-0.00372278074638812
1.44065405520261,0.0677710878214336,0.0588540189180973,-0.2858193848497,-0.0163978827196424,-0.0042804394512602,-0.00264084848718902
1.45976493802311,0.0480229509706613,0.0575004100420605,-0.288976596061177,-0.0156019919159264,-0.00496939173390228,-0.0014983329011168
1.4743480518095,0.0273490853789791,0.0559956392761813,-0.289661467117843,-0.0148016337973189,-0.00561268696238091,-0.000318288396509073
1.48454495295468,0.00577849567357444,0.0543415861907015,-0.288112729499062,-0.0140180643247917,-0.00623604821168848,0.000875685303224076
1.49050144423162,-0.0166510941967223,0.0525346383877782,-0.284576826368466,-0.0132724040975991,-0.00686499555207453,0.0020591873618525
1.49235524958879,-0.0398639615994816,0.0505747621920253,-0.279287178025812,-0.0125831950514474,-0.00752279301257878,0.00320673404355829
1.49022096416632,-0.0637211974990395,0.0484761019600893,-0.272447548433035,-0.0119640741789947,-0.0082283379095793,0.00429157344411573
1.48417452908326,-0.0880047326349336,0.0462771331857165,-0.26421882422215,-0.011421900696739,-0.00899391381550117,0.0052857375667996
1.4742402056573,-0.11241580930783,0.0440476395239078,-0.254709598994108,-0.0109557362907283,-0.00982292659220615,0.00616048808654996
1.46038552009146,-0.13659226105414,0.0418894184331561,-0.243972584242268,-0.0105570995653315,-0.0107080284611485,0.00688730806990299
1.44252913848189,-0.160145916183331,0.0399281474613113,-0.232009381099722,-0.0102117601446747,-0.0116302917681692,0.0074395281760024
1.42056458474245,-0.182715700872655,0.0382959341535808,-0.218785245695005,-0.0099029606710495,-0.0125601677826102,0.00779451804874264
1.39439729351872,-0.204024795536396,0.0371075729956051,-0.204252732345868,-0.00961540060955454,-0.0134606739941094,0.00793612316474274
1.36398616960048,-0.223925056733831,0.0364371356679413,-0.188379619161903,-0.00933883047706721,-0.0142925628649904,0.0078567822909513
1.32937694962809,-0.242413142357524,0.0363029563752705,-0.171174146505804,-0.00907002639821744,-0.0150203796163203,0.00755869075796545
1.29071665073348,-0.259611895824043,0.0366667126537709,-0.152701022680405,-0.00881243162029674,-0.0156177955934361,0.00705360211132784
1.24824492338328,-0.275723529792984,0.0374468317467826,-0.133084786996169,-0.00857366194017393,-0.0160707787282274,0.00636131023185312
1.20226706492465,-0.290971058789618,0.0385409188275028,-0.112501513063559,-0.00836188800080045,-0.0163779945124258,0.00550729196742493
1.15311878342207,-0.305546119060946,0.03984929599321,-0.0911629965928356,-0.00818239053480669,-0.016548827451528,0.00452017879607162
1.10113313385733,-0.319575580840588,0.0412928792269313,-0.0692983693149861,-0.0080352923978686,-0.0166000588172251,0.00342962339438539
1.04661611220278,-0.333110799404374,0.0428219657105642,-0.0471367839810237,-0.00791489064268732,-0.016552321506863,0.00226486045983415
0.989832905246127,-0.346136647743052,0.0444159061738754,-0.0248927559679359,-0.00781049216820744,-0.0164271324946169,0.00105400161521479
0.931003356177164,-0.35859433043825,0.0460757682733443,-0.00275397341079753,-0.00770837692901977,-0.0162448422619931,-0.00017606220420422
0.870304024284014,-0.370411535914017,0.0478128400808181,0.0191292768258907,-0.00759443572789812,-0.0160234710541556,-0.00139934090545891
0.80787431403719,-0.381534521903748,0.0496357070033307,0.0406537504100988,-0.0074571028880383,-0.0157781556544828,-0.00259021320161784
0.743826004811179,-0.391957441402113,0.0515383125776466,0.0617712588846723,-0.00729023205938064,-0.0155208837978139,-0.00372287785801983
0.678256160327425,-0.401744268864202,0.0534911502675164,0.0824928371242142,-0.00709556013618405,-0.0152602170377445,-0.00477099398435803
0.611263979053659,-0.411038350943091,0.0554375764369209,0.102885430213224,-0.00688432227351943,-0.0150008370050356,-0.00570772662773845
0.542971311860307,-0.420054859963457,0.0572968373498384,0.123057319136224,-0.0066775104049814,-0.0147429400659671,-0.00650639997179179
0.473544554493031,-0.429053603507756,0.0589743422918599,0.143130548860409,-0.00650433057899695,-0.0144817197728091,-0.00714187015144465
0.403213191817931,-0.438294581494172,0.0603777846186897,0.163203125705221,-0.00639874047794381,-0.0142073341566358,-0.0075925287769974
0.332278936282254,-0.44798548745947,0.061435332976452,0.183309354253285,-0.00639455192441435,-0.0139057419553766,-0.00784256996270824
0.261110985013827,-0.458236062025027,0.0621104843744,0.203390364068306,-0.00652025463247948,-0.013560542630328,-0.00788393080987684
0.19012726924553,-0.469034490513164,0.0624085763623946,0.223285422675479,-0.00679505330592365,-0.0131555281847623,-0.00771730996581924
0.119767028610127,-0.480254259441069,0.0623727589916995,0.24274763814881,-0.00722729679747044,-0.0126772808979321,-0.00735194667950836
0.0504635146838113,-0.491688972008691,0.0620711877001074,0.261478677234916,-0.00781559134051773,-0.0121170738620665,-0.00680427946429739
-0.0173751032158319,-0.503103085499664,0.0615801766225705,0.279171138020527,-0.00855189692792573,-0.0114716016508507,-0.00609595497757925
-0.0833725887813007,-0.514283019971581,0.0609686961681464,0.295547023711656,-0.00942532352448036,-0.0107425245944711,-0.00525176216810641
-0.1471800783584,-0.525075742856549,0.0602880828590129,0.310385091583942,-0.0104253617016736,-0.00993519670866083,-0.00429793513192005
-0.208464342071467,-0.535407822272299,0.0595684100102857,0.323535335802947,-0.0115437253452478,-0.00905711100473531,-0.00326103380735362
-0.266894233463063,-0.5452833458121,0.0588208368279231,0.334922534979299,-0.0127745294993842,-0.00811652972118355,-0.0021673991570225
-0.32213016973067,-0.554763014076668,0.0580440743123658,0.344542173771832,-0.0141129618147309,-0.00712158250178566,-0.00104305358797357
-0.373820195307025,-0.563928146545095,0.0572327059418166,0.352451161991549,-0.0155528522032966,-0.00607989292705129,8.6140718254512e-05
-0.421604903428176,-0.572834355901554,0.0563852766357578,0.358754361504374,-0.0170836725986768,-0.00499862201992084,0.00119426150102209
-0.465132266209461,-0.581460588097123,0.055510435962929,0.3635866563448,-0.0186875681141722,-0.00388470963155435,0.00225522894627767
-0.504082219345781,-0.589661072552648,0.054629924012961,0.367090244936289,-0.0203370790630981,-0.00274506799031931,0.00324298678002963
-0.538198937983105,-0.597129154815279,0.0537777637940128,0.369387868540495,-0.0219942086860163,-0.00158652747160136,0.00413206442708493
-0.567326954456418,-0.603382928303329,0.0529958540405601,0.370555369945645,-0.0236113847554524,-0.000415459573556458,0.00489853779470513
-0.591445377037112,-0.6077801855624,0.0523270480599701,0.370599526551394,-0.0251345521213771,0.000762836875572492,0.00552129801816525
-0.610693738310728,-0.609564512491762,0.051807570922374,0.369448334919359,-0.0265081435876248,0.00194474978417528,0.00598343170703438
-0.62538425218924,-0.607936696101802,0.0514609053940681,0.366959396993071,-0.027681140845411,0.00312866512885578,0.006273454855747
-0.635997823909021,-0.602138362692107,0.0512947783324534,0.36294712466341,-0.0286130403160733,0.00431474076640244,0.00638615118200334
-0.64316429218056,-0.591531448572651,0.0513017632858933,0.357222983236466,-0.0292784758885411,0.0055040956622828,0.00632284630447489
-0.647630054033253,-0.575659381989185,0.0514627831350931,0.349638039979198,-0.0296695852395106,0.00669759697288401,0.00609107654168723
-0.650216956674204,-0.554281593667118,0.0517519471559555,0.340115794344502,-0.0297957818032152,0.00789458555403656,0.00570373612356266
-0.651776809202309,-0.527380727556777,0.0521411195701747,0.328667149191078,-0.0296812544137207,0.00909189838820851,0.00517788873135712
-0.653145090547036,-0.495147097702491,0.0526031394461125,0.315385607769541,-0.0293609640693887,0.0102834157361171,0.00453347033956362
-0.655097271887452,-0.457947688907595,0.053113421930202,0.300427163319201,-0.0288760902504838,0.0114601618556391,0.00379209820113141
-0.658310882158456,-0.416287000531338,0.0536503132261698,0.283983011753065,-0.0282697772598918,0.0126108156649076,0.00297613785537269
-0.663335653427952,-0.37076544815873,0.0541948386306021,0.266253393317677,-0.0275837437887991,0.0137224061167532,0.00210809019322752
-0.670573362347436,-0.322039544929832,0.0547304560523663,0.247428778511761,-0.0268560084609935,0.0147809981164651,0.00121027831258393
-0.680267523323014,-0.270786345521031,0.0552431608614208,0.227681215068925,-0.0261196970927039,0.0157722640585613,0.000304752471106707
-0.692502407398389,-0.21767369647702,0.0557220215445031,0.207165768342994,-0.0254027283773276,0.0166819466613061,-0.000586694888013798
-0.707210441912742,-0.16333704249413,0.0561599829773045,0.186029810739152,-0.0247280852321559,0.0174962935302783,-0.00144251517263651
-0.724187280535105,-0.108363162254724,0.0565546259275406,0.164426690532256,-0.0241143664138828,0.0182025682520693,-0.00224148955383625
-0.743114133065945,-0.0532810110637848,0.0569085065558855,0.142529727736796,-0.0235763445549047,0.0187897097773084,-0.00296299379702485
-0.763587040148309,0.00144024555036624,0.0572287453944919,0.120542474843636,-0.0231253290408815,0.0192491383809022,-0.00358749404556349
-0.7851519561574,0.0553862646601858,0.0575256773554876,0.0987016831306521,-0.022769229380613,0.0195756071466107,-0.00409728656454377
-0.807342907972547,0.10818656910189,0.0578106275859301,0.0772706976869153,-0.0225123393381937,0.0197679097036482,-0.00447743891888564
-0.829718721035551,0.159499646606415,0.0580932048471563,0.0565231654450677,-0.0223549958340305,0.0198292194059448,-0.00471682328314185
-0.851891998655481,0.208997359280213,0.0583787361214003,0.0367195617768626,-0.0222933441365422,0.0197668621458167,-0.0048090680634692
-0.873544801209687,0.256352634451,0.0586665829541161,0.0180815825708083,-0.0223194622256724,0.0195914585218707,-0.00475322739366529
-0.894427689762799,0.301234048770662,0.0589498644145834,0.000770541723864857,-0.0224219896841707,0.019315533970565,-0.00455399728683584
-0.914343151509707,0.343309276491687,0.0592166940707429,-0.0151249817365448,-0.0225872368664815,0.0189518530790574,-0.00422140105621385
-0.933118943858328,0.38225699491201,0.0594525641610622,-0.0295897990606441,-0.0228005811973713,0.0185118114458425,-0.00376999402647925
-0.950579244470576,0.41778450112511,0.0596431665789488,-0.0426721636620394,-0.0230478565648859,0.0180041776328252,-0.00321774570968805
-0.966521403076903,0.449647041981357,0.0597769090473659,-0.0544670691874926,-0.0233164636236763,0.0174343627549965,-0.00258480911993169
-0.980703432246483,0.477664885905654,0.0598466029200196,-0.0650976746909158,-0.0235960354832294,0.0168042537229716,-0.00189236867808513
-0.992843859247372,0.501735254064607,0.0598501437427629,-0.0746990288126967,-0.0238786335527425,0.0161125402035145,-0.0011616932300475
-1.00263215074009,0.521837547608956,0.059790287853288,-0.0834065237525966,-0.0241585546614788,0.0153554093987815,-0.000413441795140611
-1.00974637149402,0.538031729773579,0.0596738169377699,-0.0913496605583082,-0.0244318989619371,0.0145274857910314,0.000332793011059629
-1.01387375411583,0.550450404927601,0.0595103892733233,-0.0986502996710907,-0.0246960472343079,0.0136229054300256,0.00105875772521105
-1.0147302748527,0.559285670616549,0.0593113270656342,-0.105423859823452,-0.0249491723820057,0.0126364357059526,0.00174769299377153
-1.01207622143095,0.564772190401983,0.0590885117432813,-0.111781813126469,-0.0251898695631085,0.0115645594553382,0.00238443173543532
-1.00572553890395,0.567168150280703,0.0588534778523098,-0.117834073592874,-0.0254169388024252,0.0104064331088339,0.00295548609452906
-0.995548043389013,0.566736217071592,0.0586167661468064,-0.123690353036708,-0.0256293175231455,0.00916462114389469,0.00344914894960588
-0.981464533829926,0.563726761284214,0.0583875610682343,-0.129460049544628,-0.0258261215804211,0.0078455040507966,0.00385561517868997
-0.963436185383249,0.558365678036973,0.0581736304759939,-0.135250721912498,-0.0260067354547674,0.0064592770479117,0.00416711057670364
-0.941450506807054,0.550848575960158,0.0579815515968735,-0.141165553333468,-0.0261708801724795,0.00501949839331799,0.0043780038973915
-0.915506988652514,0.541342208113308,0.0578171801779725,-0.147300433921088,-0.0263185986965906,0.00354221255638204,0.0044848735211069
-0.885605546896403,0.529992629046095,0.0576862720154386,-0.153741295433246,-0.0264501167027499,0.00204474492304001,0.00448650386978497
-0.85174043306272,0.516938316822322,0.0575951428504382,-0.160562181384227,-0.0265655714617446,0.000544326415628546,0.00438379875534042
-0.81390102426833,0.502325488956312,0.0575512351292566,-0.167824214283174,-0.0266646316322459,-0.000943263934061074,0.00417961433539718
-0.772079446913708,0.48632251846062,0.0575634720428076,-0.1755752571626,-0.0267460564825446,-0.00240485893936507,0.00387853030854153
-0.726283706099354,0.469130768666734,0.0576423174433908,-0.183849771172611,-0.0268072596172594,-0.00383073014882099,0.00348659074018804
-0.676554138632641,0.450990098355654,0.0577995120661245,-0.192668232456133,-0.0268439474862198,-0.00521501175104182,0.00301105275145526
-0.622980506916613,0.43217830803339,0.0580474964425901,-0.202035493492723,-0.0268498926144904,-0.00655571901912496,0.00246018063853464
-0.565717267615168,0.413004866874276,0.0583985844589636,-0.211937747221075,-0.0268168948593681,-0.00785441195267977,0.00184311823621854
-0.504994765866625,0.393799897133442,0.058863983110143,-0.222338135574516,-0.0267349678813036,-0.0091155837727561,0.00116986244178571
-0.441124579262542,0.374899884897441,0.0594528062206567,-0.233171596652555,-0.026592780301437,-0.0103458598973706,0.000451349051024128
-0.374497287189345,0.356631651231302,0.0601712538183515,-0.244340015609997,-0.026378354570186,-0.0115530762164005,-0.00030035422448624
-0.305571498834895,0.339296431248626,0.0610221945948504,-0.25570929134236,-0.0260800111535812,-0.0127452822525895,-0.00107177070819538
-0.234853620243315,0.323156035020228,0.0620054135044378,-0.267110208706583,-0.0256875084978129,-0.0139296889834884,-0.00184770028311751
-0.162869305246536,0.308423122139961,0.0631187630667408,-0.278344939431538,-0.0251932864937068,-0.0151115662036273,-0.0026109400076468
-0.0901298441725768,0.2952572546646,0.0643603234382592,-0.289200347859038,-0.0245936767079822,-0.0162931007532877,-0.00334213700627325
-0.0170995042501817,0.283767335988648,0.0657313953629481,-0.299467925213187,-0.0238899128095558,-0.0174722663178031,-0.00401988722185462
0.0558281279393501,0.274019154828913,0.067239707246248,-0.308968053569444,-0.0230887654692556,-0.0186418254986673,-0.00462119143004854
0.128336808824947,0.266044687190969,0.0689017490464029,-0.317573896330169,-0.02220265856605,-0.0197886756342323,-0.00512234913413053
0.200172726851499,0.259848659211697,0.0707429008328834,-0.325228438824056,-0.0212492012678703,-0.0208938255841635,-0.00550030589204822
0.271110097775894,0.255408630885465,0.0727942665009437,-0.331948088037611,-0.0202501705925522,-0.0219332820820854,-0.00573436928071186
0.340907073489786,0.252668009845825,0.0750860554582278,-0.337808884065689,-0.0192300915181694,-0.0228799836031322,-0.00580809028162795
0.409267008134031,0.25152567668553,0.077638769844938,-0.342916571227558,-0.0182146458246622,-0.0237066371598971,-0.00571100510743961
0.475819465828358,0.251828859132474,0.0804547253126605,-0.347367728927974,-0.0172291600548454,-0.0243889691616929,-0.00543989603528242
0.540128374665268,0.253375574350529,0.0835128498156073,-0.35121330772563,-0.0162973746183447,-0.024908674585796,-0.00499930423055019
0.6017242476166,0.255928836975019,0.0867687807296428,-0.354435562071524,-0.0154405723447564,-0.0252553634638244,-0.00440120240872077
0.660148852958644,0.25923930413293,0.0901604157985641,-0.356944733740501,-0.0146770118941124,-0.0254271040743662,-0.00366395304237593
0.714997947351086,0.263069046297989,0.0936171354230202,-0.358595070255493,-0.014021513813647,-0.0254295985952429,-0.00281084263253642
0.765950956391408,0.267208641751478,0.0970697985754368,-0.359214113864833,-0.0134850231741912,-0.025274392463329,-0.00186853028031939
0.812783029470962,0.271482566858844,0.100458677575136,-0.358636775816863,-0.0130740256271758,-0.024976675676862,-0.000865679933326903
0.85536104612284,0.275742075586839,0.103737448411907,-0.356736397469455,-0.0127897944121551,-0.0245531703110896,0.000168090148550537
0.89362849624767,0.279848520969994,0.106872613097131,-0.353447206435625,-0.0126275598154344,-0.0240203988187281,0.00120294873092974
0.927585042705863,0.283652615178864,0.109838929218707,-0.348775042777745,-0.0125758046357914,-0.023393427202622,0.0022093949593624
0.95726531955574,0.286976059816207,0.112612283360083,-0.342794922575162,-0.0126159656931567,-0.0226850319580057,0.00315876546736773
0.982720043991213,0.289601687665042,0.11516203663939,-0.335635506175442,-0.0127228456496903,-0.0219052004051765,0.00402386028677094
1.0040011849069,0.29127657067939,0.117445104608881,-0.327452278505237,-0.0128659674909377,-0.021060907265552,0.00477978292156486
1.0211520159669,0.291729421046034,0.119403793197203,-0.31839360854878,-0.0130119135754723,-0.0201561715357564,0.00540498589713598
1.03420276121658,0.290699564850975,0.12096862534971,-0.308566541290399,-0.0131274122336364,-0.0191924431261653,0.00588239306118539
1.04317168194266,0.287970604649101,0.122065964982703,-0.298010451421318,-0.013182645370853,-0.0181693316111362,0.00620037571935467
1.04807145454054,0.283399897657876,0.122628770782846,-0.286685839845444,-0.0131541087501805,-0.0170856144727375,0.00635334686752992
1.04891922979774,0.276935754417946,0.122607632880152,-0.274481462707959,-0.0130264315349061,-0.015940345206859,0.00634181502968759
1.04574807290964,0.268618205753518,0.121979106487298,-0.261237636044112,-0.0127928610700537,-0.014733828069851,0.00617188242831241
1.03861678332342,0.258564210453278,0.120749201410107,-0.246778893115913,-0.0124544946645013,-0.0134682475486319,0.00585430951981026
1.02761602178673,0.246942444302924,0.118951467795248,-0.230947474837713,-0.0120186441524586,-0.0121478493365618,0.00540334975228099
1.01286923427255,0.2339444098663,0.116640573602911,-0.213630218292664,-0.0114968303183295,-0.0107786876115297,0.00483555771137732
0.994529009597152,0.219758164167342,0.113883356777274,-0.194774822636625,-0.0109028588777573,-0.00936806909696444,0.00416872816979324
0.972770513749395,0.204548823256164,0.110749594324345,-0.174394964510922,-0.0102512752719869,-0.00792387312475249,0.00342105548705972
0.947784339731011,0.188447618446378,0.107304402199251,-0.152566369928609,-0.00955632945768377,-0.00645392385773226,0.00261054501271371
0.919770038948958,0.171549110212274,0.103603371335476,-0.129416939059685,-0.0088314411597442,-0.00496553552464225,0.00175466364590467
0.888932454087444,0.153915311724564,0.0996909422659807,-0.105114260678293,-0.00808909531276661,-0.00346530011407392,0.000870199367849209
0.855479231777419,0.13558438232608,0.095601544291874,-0.0798524930635792,-0.00734103589445518,-0.00195909752320064,-2.67227042424554e-05
0.819620657325298,0.116582310961624,0.0913629967118789,-0.0538401773344284,-0.00659866100289589,-0.000452285670423423,-0.000920512313489206
0.781569811152338,0.0969356955729291,0.087001148992948,-0.0272891605592454,-0.00587350494142627,0.00105002372821706,-0.00179592770245422
0.741542000598251,0.07668421722901,0.0825447992519281,-0.000404455537689774,-0.00517771637896859,0.0025426978250329,-0.0026378776171394
0.699753462953153,0.0558916871136855,0.0780300641203952,0.0266252783112472,-0.00452445365854975,0.00402041356530346,-0.00343125743499703
0.656417482163438,0.0346541396476641,0.0735032064592838,0.0536368563739633,-0.00392810122758211,0.00547764858149224,-0.00416085858036007
0.611739213479994,0.0131038851133938,0.0690213944166003,0.0805009287113774,-0.00340422769167963,0.00690886933685116,-0.00481139083728111
0.565909006157408,-0.00859192870733359,0.0646508648451087,0.107128567064056,-0.00296919650423549,0.00830889489689918,-0.00536764556535085
0.519095927874572,-0.0302391197912663,0.0604624966850548,0.133474463154499,-0.00263937126359946,0.00967337467319058,-0.00581482300312511
0.471443583793375,-0.0516308016980716,0.0565252846999568,0.159534899392681,-0.00242990842171718,0.0109992764676924,-0.00613903514132838
0.42306986574146,-0.0725671552439487,0.0528986902945538,0.185338975535915,-0.00235321307967745,0.0122852516439203,-0.00632797135094192
0.37407218569032,-0.0928779772553832,0.0496253558430106,0.210932810417256,-0.00241724851303517,0.0135317538458718,-0.00637168686630346
0.324537998426126,-0.112443900466928,0.046725802008104,0.236358215197281,-0.00262399725227574,0.0147408209444363,-0.00626343047908392
0.274559149174688,-0.131211529391498,0.0441965407348119,0.261629464142154,-0.0029684338110644,0.015915509463152,-0.00600039472866143
0.224246830614227,-0.149198388862009,0.0420122948974461,0.286713052523972,-0.00343832787086596,0.0170590512416103,-0.00558425197572574
0.173743555935192,-0.166485796959757,0.040131983871549,0.311515262698442,-0.00401503673498165,0.0181738770478059,-0.0050213667261728
0.123229239313,-0.183201020876506,0.0385070611361967,0.335880626944309,-0.00467520027638968,0.0192606817954256,-0.00432264644121325
0.0729198847264825,-0.19949310555271,0.0370900611968794,0.359601416050301,-0.00539300806398633,0.0203176662404923,-0.0035030847733502
0.0230592479371761,-0.215508568333456,0.035841185591593,0.382435670809727,-0.00614257043833211,0.0213400193854931,-0.00258113238067753
-0.0260949586947208,-0.231373019397717,0.0347313856812003,0.404129826649289,-0.00689994130764366,0.0223196277071997,-0.00157805885167319
-0.0742882851347444,-0.247183071701053,0.0337414470706818,0.42444211015234,-0.00764448976831715,0.0232449632935401,-0.000517439077756827
-0.121288240883486,-0.26301046920401,0.032857667394269,0.443164005568072,-0.00835952714306274,0.0241011295474765,0.00057517574690166
-0.166902659935203,-0.278918075526062,0.0320655801872517,0.460138423840521,-0.00903229441269832,0.0248701282160056,0.00167243055954439
-0.210995695519445,-0.294985315185849,0.0313436627717811,0.475273596442298,-0.00965355141151743,0.0255314962600538,0.00274529483897455
-0.253498662007351,-0.311338890853734,0.030659101590996,0.488551298199863,-0.0102170741247477,0.0260635151230186,0.00376332509623647
-0.294412055084223,-0.328182719551498,0.02996742677082,0.500026959123604,-0.0107193480969084,0.0264451505480782,0.00469527672065653
-0.333794786302492,-0.345819189750023,0.0292170796747729,0.50981858120541,-0.0111596276368307,0.0266586982255791,0.00551026487403141
-0.371738097840214,-0.36465308756036,0.0283586791443704,0.518082665253342,-0.011540304504407,0.0266928059021833,0.00617957203357018
-0.408325281727425,-0.385171029029253,0.027357032120525,0.524978977725439,-0.0118672215852993,0.0265451830210033,0.00667898516904186
-0.443583842557903,-0.407894115129511,0.0262024215503179,0.530631660252214,-0.012149314563078,0.0262241080504836,0.00699125641544589
-0.477441540595956,-0.43330835431849,0.0249172973722248,0.535098574279731,-0.0123969685110359,0.0257479909951691,0.00710804255359683
-0.509698946788217,-0.461783087336718,0.0235558405154918,0.538360510661865,-0.0126189180653603,0.025142833472565,0.00703067279670026
-0.540026929228761,-0.493488737155865,0.0221964788889068,0.540334762996207,-0.0128183401919501,0.0244382006128634,0.00676940649841774
-0.567990426471418,-0.528323155012974,0.0209298265898991,0.540907002759109,-0.0129896478464696,0.0236628764534505,0.00634136657152945
-0.593093819141957,-0.565855818552991,0.0198452900273385,0.53996716737429,-0.0131178357051983,0.0228413649981908,0.00576779516705746
-0.614840555998118,-0.605305207064735,0.0190187999422925,0.537434625210715,-0.0131815990337692,0.0219918734115096,0.00507144566173639
-0.632798352547137,-0.645571184868833,0.0185031073801879,0.53326533751053,-0.0131598068801983,0.0211257223591874,0.00427474810635612
-0.646658543103821,-0.68533767180821,0.0183218529562427,0.527444304757515,-0.0130389645517091,0.020247670480592,0.00339898857803188
-0.656275872770563,-0.723234636816651,0.018468710808533,0.519973774744122,-0.0128183611483354,0.0193566035620466,0.00246432977528101
-0.661678039493635,-0.75801583899907,0.0189120585163214,0.510867107567946,-0.012510614169479,0.0184463008687817,0.00149025127876959
-0.663044433977663,-0.788696162155109,0.0196036601465712,0.50015152791823,-0.0121377852163546,0.0175062895227567,0.000495988597879852
-0.660664457292069,-0.814611645768332,0.0204881525990409,0.487875609266054,-0.0117253722639182,0.0165229162032225,-0.000499266564899381
-0.654890311732499,-0.83540183308848,0.0215101113958788,0.474114461759384,-0.0112969137134048,0.0154807115074808,-0.00147642877570976
-0.646095496239511,-0.850941968071014,0.0226170617313338,0.458967491913837,-0.0108708267898036,0.0143640086551785,-0.00241674774049958
-0.634643227126474,-0.861259518569468,0.0237587903557282,0.442547589861269,-0.010459614564095,0.0131587070226875,-0.00330209791739996
-0.620864104581006,-0.866461033371045,0.0248846542612419,0.424964160956937,-0.0100706498060269,0.0118540572800351,-0.00411527374218469
-0.605040451822002,-0.866681634410684,0.0259409552762845,0.406303914437367,-0.00970754868014522,0.0104443269801594,-0.004840287757415
-0.587395816054529,-0.862059158922199,0.0268701151864275,0.386613807802614,-0.00937141477089561,0.00893018150769811,-0.00546269448742826
-0.568089562178196,-0.852728839241359,0.0276126305667466,0.365889987604819,-0.00906161936291194,0.00731957562122613,-0.00596995765596553
-0.547217684054835,-0.838832113525524,0.0281118559984378,0.344075682935291,-0.00877610775087753,0.00562794375628032,-0.00635185444921401
-0.524820658962625,-0.820532180690234,0.0283207091025489,0.321069308063461,-0.00851141094125478,0.00387752380088019,-0.00660087728997266
-0.500898380045293,-0.798029766932429,0.0282086637876842,0.296742213304152,-0.00826261495552939,0.00209577914913905,-0.00671257139814665
-0.475430227384578,-0.771573329533014,0.027767081525372,0.270963124783805,-0.00802350327184749,0.00031305787640917,-0.00668573594355696
-0.44839714720022,-0.741460394722232,0.0270112369261316,0.24362477254335,-0.00778699605688099,-0.00144018871316853,-0.00652243429691428
-0.419801549391711,-0.70802867040903,0.0259782142347956,0.214667317318657,-0.00754588292214235,-0.00313619319027684,-0.00622778761545287
-0.389681978681655,-0.671639184443874,0.0247210067346522,0.184094368105185,-0.00729375267470215,-0.00475222242003125,-0.00580957711381233
-0.358120303323798,-0.632654535566388,0.0233001116855083,0.151978972162523,-0.00702595529236574,-0.00627216348784944,-0.00527770980554625
-0.325241513974529,-0.591416900965699,0.0217744836453297,0.118459763134701,-0.0067404380926025,-0.00768720152602922,-0.00464363275596303
-0.291207963612504,-0.548230129959406,0.0201936641110124,0.0837296516796111,-0.00643834145386531,-0.00899564705951455,-0.00391978715924455
-0.256210113359242,-0.503348296757639,0.0185924075031521,0.048020346352846,-0.00612429579213846,-0.0102021118671864,-0.00311917367193513
-0.220456053702611,-0.456971122449268,0.0169883680456186,0.0115861580704999,-0.0058064071355947,-0.0113162893781129,-0.00225507633724596
-0.184162157557804,-0.409247167248276,0.0153828803936588,-0.0253100320410423,-0.00549597063856971,-0.0123516011192074,-0.00134097811703315
-0.147545061276266,-0.3602823160872,0.0137643412982807,-0.0624074770287648,-0.00520692018427829,-0.0133238642219341,-0.000390656825392426
-0.110815573334526,-0.310153190030345,0.0121136092460743,-0.0994546027159976,-0.00495502768410501,-0.0142500715861403,0.00058155208949819
-0.0741738645572892,-0.25892421731387,0.0104107710769145,-0.136213240993645,-0.00475682636506971,-0.0151472688820911,0.00156036301027039
-0.0378053391889845,-0.206667369061048,0.00864259557044303,-0.17246117122747,-0.00462821795808501,-0.0160314361098243,0.00252906502495906
-0.00187683454001446,-0.153484217019578,0.00680989843360507,-0.207994313002942,-0.00458275398839157,-0.0169162725076893,0.0034690267463224
0.0334668827347971,-0.0995287287050002,0.00493372495352405,-0.242629475745473,-0.00462964805940462,-0.0178117876051566,0.00435927309146272
0.0681057679175569,-0.0450278523733968,0.00305887904530329,-0.276207980201892,-0.00477171639517266,-0.0187226881453391,0.00517626810878187
0.101945187604543,0.0097052779288733,0.00125307056897812,-0.30859952874016,-0.00500363095403808,-0.0196466924172487,0.00589408575899801
0.134913147396521,0.0642723351373888,-0.000399778043280376,-0.339704988619653,-0.00531105482415037,-0.0205731204908116,0.00648518057376494
0.16695260778116,0.118211709840008,-0.00181234967939902,-0.369455995939425,-0.00567127562398052,-0.0214822884380011,0.00692192134296508
0.198008227117476,0.171043906666917,-0.00291097340003041,-0.397809718793742,-0.00605571993596068,-0.0223463167436376,0.00717888560936411
0.228008494393638,0.222334893039638,-0.00365247021505875,-0.424738226940594,-0.00643412531438214,-0.0231317374414217,0.00723562011638191
0.256846388096548,0.271762274053073,-0.00403498753612658,-0.450213914954506,-0.00677933741695695,-0.0238037349136472,0.00707927239387367
0.284363443269343,0.31916358497322,-0.00409819704313533,-0.474194148786536,-0.00707112350562611,-0.0243311463179737,0.0067063841970012
0.31034251941691,0.364549138460048,-0.00391210296225193,-0.496609098246265,-0.00729752814699578,-0.0246909022207851,0.00612335781022664
0.334513068475479,0.408072941297157,-0.00355835992469127,-0.517355781245667,-0.00745322650868777,-0.0248707215503524,0.00534558271848049
0.356570158376837,0.449968268482394,-0.00311078064260824,-0.53629966451143,-0.0075356231959332,-0.0248695713487905,0.00439568051872527
0.376205791953674,0.490463410057823,-0.00262131701431482,-0.553283611490003,-0.00754045582402603,-0.0246962300737647,0.00330152846335416
0.393148442829868,0.529697277903384,-0.00211503884192136,-0.568143431525755,-0.0074589861026089,-0.0243668036731061,0.00209460470701263
0.407203389304226,0.56765687035333,-0.00159425056092075,-0.580729157049136,-0.00727838714146183,-0.0239020407533195,0.000808895562590627
0.418283097306143,0.604159222430911,-0.001049042901163,-0.590930814563834,-0.00698570969593525,-0.0233249407946719,-0.000519692808392311
0.426416639957283,0.63889241074798,-0.000469680974378405,-0.598705811544952,-0.00657412354530107,-0.0226587358700102,-0.00185365469473144
0.43173351914789,0.671508376759094,0.000144253495837801,-0.60410270064368,-0.00604883021114959,-0.0219251108762184,-0.0031542137463837
0.434427969965698,0.701733810733941,0.000781541902773886,-0.607274121530564,-0.00543012957945987,-0.0211425549897601,-0.00438189901453221
0.434716570193783,0.729454117485963,0.00142428782676124,-0.608471263418225,-0.00475261560673478,-0.0203248787201275,-0.00549755865171557
0.432799942760086,0.754739576362277,0.00205752740567337,-0.608014615624177,-0.00406114973380477,-0.0194800743835831,-0.00646394777600868
0.42883255153927,0.77780972351627,0.00267930720673614,-0.606241238630561,-0.00340498733133249,-0.0186097859149814,-0.00724789728836144
0.422901283160283,0.79895431975257,0.00330721882924868,-0.603437557195353,-0.00283132453779325,-0.0177096863306568,-0.00782282374231816
0.415015286542995,0.818439581733014,0.00397873743614216,-0.599775502843178,-0.00237932430628004,-0.0167709452972462,-0.00817106391795537
0.405111378742747,0.836428207735245,0.00474480983498778,-0.595272830040091,-0.00207564199004195,-0.015782648237541,-0.00828539895128787
0.393076934691245,0.852934399442209,0.00565851737595991,-0.58979199723058,-0.00193230344751626,-0.0147346412430188,-0.00816931247978332
0.378785778689292,0.867822031498601,0.00676246205533998,-0.583077726846798,-0.001947239156078,-0.0136200516160481,-0.0078359334755293
0.362137135315408,0.880840028142146,0.00807891672057316,-0.574819429361996,-0.0021070263802599,-0.0124368413607772,-0.00730601842908
0.343086897814646,0.891678891252989,0.0096055242655699,-0.564718158272858,-0.0023908391776093,-0.011188114903583,-0.00660551977172905
0.321664579907226,0.900029755582308,0.0113170936181126,-0.55254061031702,-0.00277449531918209,-0.00988132216268311,-0.00576324047377258
0.297975166893829,0.90563124499862,0.0131719086697919,-0.538150916767529,-0.00323376061978588,-0.00852678493649131,-0.00480889543031016
0.272189630007369,0.908296780859841,0.0151197906649294,-0.521519656453838,-0.00374650184471464,-0.0071360644944852,-0.00377171458865034
0.244529427291908,0.907921701673482,0.0171091655104365,-0.502714946024206,-0.00429366381578122,-0.00572060018435365,-0.00267958550878903
0.215249624484326,0.904474282523502,0.0190912805193132,-0.481882457429244,-0.00485928733511004,-0.0042908684161393,-0.001558655169694
0.184623323875645,0.897976397341076,0.0210209433135736,-0.45922033257275,-0.00542987682600176,-0.00285610867208445,-0.000433272043516155
0.152928311721759,0.888479658542953,0.0228542773459074,-0.434953176494803,-0.00599341986629666,-0.00142450433555712,0.000673859886117843
0.120435625680999,0.876041848623375,0.0245447680760375,-0.409307445588611,-0.00653831020529791,-3.61180176866583e-06,0.00174143714695668
0.0873992965390978,0.86070720468721,0.0260392655091022,-0.382489327918214,-0.00705237313379549,0.00139919390468815,0.00274932774022585
0.0540467634733888,0.842493249975088,0.0272756450531831,-0.354665933097978,-0.00752215742864218,0.00277645555796319,0.00367843835253625
0.0205700734958532,0.821385868522313,0.0281835120143629,-0.325950825921731,-0.00793263571854464,0.00412067660487956,0.00451073215377876
-0.0128811773764394,0.797343658328448,0.028688678899677,-0.296395602501943,-0.00826743200886309,0.00542469556566856,0.0052294232103097
-0.0462035516575195,0.770311316780982,0.0287211697699671,-0.265989476054291,-0.00850964441270257,0.00668231382905915,0.00581934501979689
-0.0793383000776332,0.740240426852958,0.0282253914942085,-0.234668543211409,-0.00864324066488199,0.00788901392704632,0.00626746382457028
-0.112263435969337,0.707114190156467,0.0271701336723752,-0.202335053964047,-0.0086548830088867,0.00904256711673919,0.00656348485204265
-0.144979453145764,0.670971245311102,0.0255556959940857,-0.168884835640324,-0.00853588114071623,0.010143332990255,0.00670047172451559
-0.177490610886694,0.631922940315854,0.0234157900925707,-0.134238530505899,-0.00828389625922805,0.0111941388782402,0.00667538877158511
-0.209785277942329,0.590158577497876,0.0208131420469639,-0.0983702745389454,-0.00790397315729362,0.0121997102554784,0.00648945281262892
-0.241819776807883,0.545937023724003,0.0178295795784958,-0.0613276265473064,-0.00740862045697337,0.0131657570387973,0.00614820847725158
-0.273509224733635,0.499565622060501,0.0145528868379382,-0.0232382003550268,-0.00681684645711147,0.0140978856875857,0.00566127371069284
-0.304727241786821,0.451371786442627,0.0110636831354623,0.0156979101328787,-0.00615234149120446,0.0150005516575726,0.00504178633893696
-0.335313994517786,0.401674328124218,0.00742537791576579,0.0552271547208343,-0.0054411991594478,0.0158762281206729,0.00430565841082431
-0.365089877953739,0.350760460537027,0.00367912242391875,0.0950677246302728,-0.00470963961992755,0.0167248701911889,0.00347079025211719
-0.393871500195798,0.298873014579418,-0.000155663750443122,0.134934823639616,-0.00398214927708194,0.0175436729719371,0.00255640526831984
-0.421486643671011,0.246208927337575,-0.00407591127656329,0.174561057521715,-0.0032802788208755,0.0183270455624123,0.00158261718257255
-0.447786099078691,0.192928278229061,-0.0080860774011452,0.213709020322324,-0.00262216017305616,0.0190667280394936,0.000570276234615849
-0.472651127958106,0.13917160984293,-0.0121875526991098,0.252175224698419,-0.00202264057507079,0.019752012420779,-0.000458933924764528
-0.495996261799876,0.0850829911840712,-0.0163679830965345,0.289786149470876,-0.00149382929592005,0.0203701105669635,-0.00148223480574157
-0.517767243018617,0.0308357992624448,-0.0205922193102089,0.32638806923238,-0.00104579036082871,0.020906770731155,-0.00247546018745947
-0.537934164603944,-0.0233423717469685,-0.0247967422481654,0.36183300099573,-0.000687086790520945,0.021347284086207,-0.00341289794462027
-0.556479813430727,-0.0771506109137323,-0.0288895031313235,0.395963514224707,-0.000424881724840769,0.0216779682034441,-0.00426745358270211
-0.573383881528525,-0.130207303255433,-0.0327568068763796,0.428599757532508,-0.000264357139689984,0.0218881003515822,-0.00501131577749491
-0.588604900244546,-0.182060454082773,-0.0362776857542036,0.4595323552344,-0.000207365824625276,0.0219720355075962,-0.00561724367804976
-0.602063284503513,-0.232218745095644,-0.0393439881008566,0.48852434367179,-0.000250504257355263,0.0219310111762677,-0.00606045744469133
-0.613630410767653,-0.280200255724295,-0.0418816446219942,0.515323628719302,-0.000383132864956611,0.0217740023040917,-0.00632090606907643
-0.623128649375227,-0.325587881058973,-0.0438666084855497,0.539684275828602,-0.000586116738080584,0.0215170953592114,-0.00638547459503199
-0.630344837023134,-0.368074578686533,-0.0453294080714193,0.561391192083744,-0.000832015052582968,0.0211812458580977,-0.0062495905234781
-0.63505591382882,-0.407482206288134,-0.0463457889194118,0.580280908850527,-0.00108702442155571,0.0207888622970766,-0.00591780138252975
-0.637061217261279,-0.443745780046198,-0.0470161601992743,0.596252070918255,-0.0013143361133341,0.0203600986371524,-0.00540319968260269
-0.636214209271302,-0.476867099601934,-0.0474407878184196,0.609263405326373,-0.00147804617838963,0.0199098156671171,-0.0047259308798505
-0.632447300285647,-0.506851217745741,-0.0476986135757486,0.619321715681897,-0.00154665376247896,0.0194458405195188,-0.00391124717739212
-0.625786752544491,-0.53364244696249,-0.0478352154106803,0.626466166532779,-0.00149552782792411,0.0189686608262908,-0.002987589209745
-0.616357212253807,-0.5570733572732,-0.0478615167408236,0.630755618605674,-0.00130829348014805,0.0184722725562096,-0.00198502861189047
-0.604376541636317,-0.576835074191193,-0.0477616007782992,0.63226433953429,-0.000977600582096255,0.0179457329370066,-0.00093420954675971
-0.590140071833291,-0.592473700695594,-0.0475063850474087,0.631088411737004,-0.000505987398551621,0.0173749959732278,0.000134236571400156
-0.573990823123378,-0.603418166131704,-0.0470697714684713,0.627361989306081,9.25563984003046e-05,0.0167447307439041,0.0011899374749
-0.556270771262456,-0.609047783122664,-0.0464442687794751,0.62127916023013,0.000790246465976403,0.0160399347530911,0.00220290111295673
-0.537251078021318,-0.60880828211935,-0.0456531271799169,0.613113241716363,0.00154323943275715,0.0152472243559176,0.0031437962245882
-0.517049422984244,-0.60237563925216,-0.0447555867494252,0.603221692589323,0.00229142723720884,0.0143557584762232,0.00398471616464617
-0.495558748112348,-0.58984164710652,-0.0438418042190789,0.592023976540997,0.00296284623368073,0.0133578783237299,0.00470066718393844
-0.472424449138731,-0.57186028496516,-0.0430160372847748,0.579946381439015,0.00348420035071798,0.0122497039130842,0.00527171494465256
-0.447099885706054,-0.549674740777974,-0.0423714664664897,0.567343379800383,0.00379585719672076,0.0110319485367604,0.00568522593044435
-0.418976046599666,-0.524973736736839,-0.0419655031869812,0.554422971105227,0.00386598497937527,0.00971095000455581,0.00593726579980086
-0.38753798806829,-0.499603525408108,-0.0418059534298539,0.541208475116157,0.00369740400575952,0.0082994682967314,0.00603237844318002
-0.352483671317693,-0.475239826727136,-0.0418534527396473,0.527553728433851,0.00332398342933167,0.0068165756875273,0.00598171982579159
-0.313765328320417,-0.453140371692813,-0.0420372587780443,0.513201759213563,0.00279887820755449,0.00528624058648757,0.00580032793977085
-0.271558005075499,-0.434044461783328,-0.042275996590175,0.497859198806282,0.00218039657119984,0.00373481344677939,0.00550456737726703
-0.226189741359417,-0.418209395517437,-0.0424952991670774,0.481259890525717,0.00152081385635665,0.00218809977822222,0.00511041814202662
-0.17806931737947,-0.405526725235115,-0.0426383565330005,0.463204427719917,0.00086048535755802,0.000668771666591229,0.00463270323272884
-0.127632030972546,-0.395658010064479,-0.0426694708759406,0.443575862198793,0.000226775208929257,-0.000805391213469924,0.00408498298966349
-0.0753075486714162,-0.388151230763854,-0.0425727917666341,0.422338463757492,-0.00036402646051395,-0.00222229476809267,0.00347977354720846
-0.0215047925416073,-0.38252330265348,-0.0423486544175018,0.399527130132114,-0.000903627720562455,-0.00357548574958937,0.00282884889170074
0.033393366127006,-0.37830986014559,-0.0420092983877751,0.375232852866128,-0.00138872333059907,-0.00486351929780044,0.00214351385627186
0.0890313413125824,-0.375090200770927,-0.0415749803250488,0.349587350533585,-0.00181862970891504,-0.00608899725835357,0.00143482240023321
0.145081423445724,-0.37249606193288,-0.041070894631179,0.322748226689795,-0.00219370972223017,-0.0072574821374787,0.000713751813998328
0.2012452196596,-0.370211345522254,-0.0405249499172975,0.294885165253356,-0.00251450579308915,-0.00837641865092326,-8.65044726226636e-06
0.257256186450948,-0.367967736222405,-0.039966236573697,0.266167254803033,-0.00278141974025666,-0.00945412704603347,-0.000721139142053717
0.31288278452479,-0.36553943482806,-0.0394239328972596,0.236751583139142,-0.00299477284197756,-0.0104988846638681,-0.00141216583716976
0.367931360899329,-0.362738835738426,-0.0389263678408361,0.20677335341419,-0.00315510105767821,-0.0115180849592087,-0.00206980969891379
0.422247679071143,-0.359414129675463,-0.0385000061422813,0.176338135458346,-0.00326356523651054,-0.0125174617105224,-0.00268176718030245
0.475715895634852,-0.355449013191846,-0.0381682010905246,0.145517088539405,-0.00332237312609748,-0.0135003809116861,-0.00323542960877912
0.528253933388607,-0.350764148857534,-0.037949700463958,0.114346222980609,-0.00333512202233517,-0.0144672357467605,-0.00371807982610311
0.579804590593631,-0.345319469212048,-0.0378570490553814,0.0828306639593182,-0.00330698235878136,-0.0154150166326058,-0.00411723402558628
0.630322464757935,-0.339116005954993,-0.0378951842270509,0.0509543859908224,-0.00324466246598906,-0.0163371566958816,-0.00442113914859921
0.67975766592136,-0.332195677554711,-0.0380606065297216,0.0186949115580022,-0.0031561289653907,-0.0172237517194094,-0.00461940692559567
0.728038717231245,-0.324637913313597,-0.0383415102439436,-0.0139587333532937,-0.0030501098537761,-0.0180622237811486,-0.00470373050522069
0.775057403658481,-0.316552422938129,-0.0387190578737567,-0.0469878278920466,-0.00293546065362808,-0.0188384040417869,-0.00466859042282095
0.8206591433614,-0.308068929255751,-0.0391697300294212,-0.0803291261347966,-0.00282051966526109,-0.019537922768675,-0.00451184272318893
0.864641031594291,-0.299325517782472,-0.0396683095373111,-0.11386671247889,-0.00271258098617208,-0.0201476860554874,-0.00423508925200803
0.906758502581808,-0.29045827862495,-0.0401908456619278,-0.147432417498548,-0.00261757551278722,-0.0206571912040768,-0.00384377681302976
0.946738445945599,-0.281594524988742,-0.0407168570563406,-0.180814490303657,-0.00253996965780901,-0.0210594419490117,-0.00334702747901778
0.984295753984533,-0.272851501356853,-0.0412302763931328,-0.213772194857196,-0.00248281202644968,-0.0213513449162383,-0.00275726515461026
1.01914861418448,-0.264340926467728,-0.0417189601110227,-0.246052657115893,-0.00244780062972814,-0.0215335728149841,-0.00208973037808988
1.05102927437015,-0.256178782490899,-0.0421730322818498,-0.27740633910789,-0.00243524252953985,-0.0216100109381638,-0.00136197746040775
1.07968741395248,-0.248498449762625,-0.0425826094026923,-0.307598319025334,-0.00244382589097986,-0.0215869420625234,-0.000593412372058388
1.10488596027253,-0.241464894390283,-0.0429356694110765,-0.336414255827781,-0.00247021959469586,-0.0214721513315606,0.000195113688219615
1.12639009569283,-0.235286886693368,-0.0432168159665811,-0.363661331064982,-0.00250862879200729,-0.0212740790557558,0.000981689294496699
1.1439518986612,-0.230223817719407,-0.0434075786878093,-0.389165767930109,-0.00255055007229416,-0.0210011002922141,0.00174377293962323
1.15729457124498,-0.226583230178579,-0.0434886392773575,-0.412769424384633,-0.00258505289644026,-0.0206609628460995,0.00245874591051529
1.16610078974108,-0.224704758105564,-0.0434439472017029,-0.434328100772147,-0.00259991597211891,-0.0202603679016791,0.00310464650644545
1.17001029061056,-0.224926524001241,-0.0432661449151765,-0.45371376211986,-0.00258380917399081,-0.0198046543508891,0.00366109023245155
1.16863227108144,-0.227531927003157,-0.0429621543270504,-0.470821866680169,-0.00252938419487466,-0.0192975495712379,0.00411030148009584
1.1615756436126,-0.232678485924349,-0.0425572708320942,-0.485582563171888,-0.00243663327509001,-0.0187409337370454,0.00443809727969584
1.14849761498672,-0.240317213193235,-0.0420960334774437,-0.497972265054182,-0.00231535280197585,-0.0181346061723914,0.00463462056105906
1.12916573263178,-0.2501197552329,-0.0416386058623172,-0.508020247613987,-0.00218530663229068,-0.0174761089432301,0.0046946574300894
1.1035209764467,-0.261438168865351,-0.0412524940545061,-0.51580478462144,-0.00207307908942038,-0.0167607487095363,0.00461749542577548
1.07172471421506,-0.273323375879615,-0.0410010770932508,-0.52143709917649,-0.00200578870795089,-0.0159820483518346,0.00440644850958627
1.03416985551697,-0.284615814488827,-0.0409319303252787,-0.525036390145905,-0.00200341636898024,-0.0151327794578893,0.00406827613932271
0.99144533271389,-0.294096656038599,-0.0410686262554831,-0.526704578112056,-0.00207258524719279,-0.0142065105504222,0.00361270087351313
0.944258859370296,-0.300660543793047,-0.0414087828572532,-0.526510162109779,-0.00220431773858923,-0.0131992957010439,0.00305208272848363
0.893340060363076,-0.303458941749918,-0.041928824207072,-0.524486405482929,-0.00237655431601229,-0.0121109715161929,0.00240115656312702
0.839353595094191,-0.301976105273661,-0.0425933849668201,-0.52064248114732,-0.0025601021344633,-0.0109456631388219,0.00167669143695696
0.782844562988129,-0.296028971381607,-0.0433658922894348,-0.514981107151821,-0.00272550571484004,-0.00971143309047532,0.000897000992107223
0.724223350355584,-0.285709814303622,-0.0442171912046614,-0.507515804852784,-0.00284860308663366,-0.00841933484846997,8.13477700158245e-05
0.663782239270463,-0.271302303760383,-0.0451304686031438,-0.498283204131384,-0.00291369559526564,-0.007082252607395,-0.000750652957244795
0.601729728917446,-0.253197942976692,-0.0461022498898833,-0.487349248650113,-0.00291442037979151,-0.00571383890616872,-0.00157953294279868
0.538229266909338,-0.231828491611995,-0.047140201178952,-0.47481023523517,-0.00285303406400755,-0.00432769402966874,-0.00238633205972583
0.473433311570126,-0.207618979611946,-0.0482587993281482,-0.460790044971053,-0.00273888361539807,-0.00293677985185317,-0.00315283518340152
0.407508253641729,-0.180959239170439,-0.0494739070834743,-0.445434589394233,-0.0025866127744424,-0.0015529852997489,-0.00386173310020651
0.340648992415552,-0.152189488287819,-0.0507971767727985,-0.428904105734026,-0.00241437643059041,-0.000186757841083593,-0.00449676467548149
0.273083686861381,-0.121595721932846,-0.0522311285424997,-0.411363801554981,-0.0022421390363836,0.00115324332315386,-0.00504288949643257
0.205069991636098,-0.089411892353564,-0.0537657033445349,-0.392973525117517,-0.00209004482951321,0.00246046106084922,-0.00548652342919145
0.136884647311059,-0.055827093215233,-0.0553770103407802,-0.373877616311599,-0.00197684662908396,0.00373066352124231,-0.00581585084938453
0.0688086857835515,-0.0209965867479451,-0.0570287493581032,-0.354196395767407,-0.00191842870568301,0.00496199939723742,-0.00602120686607821
0.00111094291172348,0.0149444850076894,-0.0586763539007766,-0.33402082650144,-0.00192652381034011,0.0061548201272679,-0.0060955013488011
-0.0659671925811074,0.0518663187914855,-0.0602732956437323,-0.31341151974747,-0.00200777332651863,0.00731124586280823,-0.00603463383554221
-0.132222993439674,0.0896307089806418,-0.0617783792293609,-0.292402558634101,-0.00216328769994809,0.00843451199457896,-0.00583783031303747
-0.197497480603614,0.128080584907928,-0.0631624564995051,-0.271009655101081,-0.00238881633510562,0.00952819093370512,-0.00550782755906557
-0.26167354386157,0.167034540603356,-0.0644130186389338,-0.249241226630843,-0.00267553596587281,0.0105954174692794,-0.00505084782825382
-0.324667867683851,0.206286998771744,-0.0655356644473763,-0.227110411692388,-0.00301134161168161,0.0116382423472178,-0.00447634908939285
-0.386418835302965,0.245613350098014,-0.066552271780103,-0.204645707609217,-0.00338241454784003,0.0126571892389739,-0.00379658652620252
-0.446873412259359,0.284778467345541,-0.0674965783372177,-0.181898290546883,-0.00377478929018293,0.0136510231160108,-0.00302606850490284
-0.505975948773017,0.32354669786275,-0.0684084149706742,-0.158944677380501,-0.00417565938554069,0.0146166737292188,-0.0021810103143538
-0.563661005135189,0.361691802060661,-0.0693279064405282,-0.13588416192802,-0.00457423690176184,0.0155492256920449,-0.00127887914496006
-0.619851113796504,0.399006065181837,-0.0702906325726729,-0.112831189452534,-0.00496208131183625,0.0164418990246675,-0.000338090857708135
-0.674459306382374,0.435308596972812,-0.0713242422743696,-0.0899034125055828,-0.00533290987278987,0.0172859960939087,0.000622124379783237
-0.727395018091074,0.470453004582475,-0.0724465008327505,-0.0672065238480019,-0.00568197428311449,0.0180708516155131,0.001581714587058
-0.778571831308778,0.504334742708786,-0.0736645234552223,-0.0448175681775406,-0.00600514901422904,0.0187839028483213,0.00251971895142936
-0.827914441136876,0.536897284595282,-0.0749748010740311,-0.0227689317489319,-0.0062979192028193,0.0194110228547777,0.00341419512963469
-0.875362590682214,0.568135551268197,-0.0763638084087654,-0.00103618072058258,-0.00655450613285514,0.0199372775275842,0.00424227765657588
-0.920869669053198,0.598093906477589,-0.0778091647712719,0.0204663527077119,-0.00676739903178058,0.020348204585834,0.00498049839213235
-0.964394743979775,0.626855900867596,-0.0792815264312996,0.0418781871928964,-0.00692755149985896,0.0206315920932684,0.00560549169245405
-1.00588878975085,0.654524212813307,-0.0807474475223907,0.0633708117933494,-0.00702540069469494,0.0207795492918905,0.0060951574843742
-1.04527764766813,0.681191618546501,-0.0821731870728198,0.085112006256954,-0.00705264188996596,0.0207904378443059,0.00643024136143814
-1.0824464080902,0.706907743140448,-0.0835290040806094,0.107222104353974,-0.00700438448306033,0.0206700930426197,0.00659612663733629
-1.11723094550474,0.731650036793951,-0.0847930224567998,0.129732868739332,-0.0068810486614655,0.0204318179597783,0.00658447657301856
-1.14942028807648,0.755308004849962,-0.0859534949212874,0.152561471016312,-0.00668929972993071,0.020094915722756,0.00639430322612161
-1.17877055353959,0.777687085293438,-0.0870086554939048,0.175508740739763,-0.00644157598126474,0.0196819974022627,0.00603215741012498
-1.20502642972587,0.798531915591911,-0.087964068244401,0.198282881383579,-0.00615424829014821,0.0192157037218717,0.00551139454132906
-1.22794382113554,0.817562416457689,-0.0888282447373099,0.220541131416221,-0.00584492751698835,0.0187156384851477,0.0048507598318999
-1.24730668047997,0.834512137425288,-0.089607735366376,0.241936568585291,-0.00552966104826069,0.0181961379024992,0.00407269678336524
-1.26293448293026,0.849159667397475,-0.0903029251790527,0.262157738950422,-0.00522068040028095,0.0176651664961348,0.00320177050155745
-1.27467883451264,0.861346753097412,-0.0909052474902177,0.280953138887414,-0.00492507019298378,0.0171242693981152,0.00226344337288518
-1.2824122453878,0.870982284917433,-0.0913961627896572,0.29813862360332,-0.00464442751312604,0.0165693410346694,0.00128327220519487
-1.28601233131306,0.878033596289893,-0.0917478093914538,0.313590100229612,-0.00437535700104753,0.0159919119576714,0.000286460020592624
-1.2853458823182,0.882508471115109,-0.0919251374689078,0.327226365942155,-0.00411055323361464,0.0153807299137351,-0.000702363441230829
-1.28025681892817,0.884431353900056,-0.0918892933068424,0.338987534273757,-0.00384021246091439,0.0147234960920035,-0.00165926884113512
-1.27056186409182,0.883817316146191,-0.0916020145022802,0.34881424043876,-0.00355355215601676,0.0140086790780295,-0.00256117939110207
-1.2560564185432,0.880646985629842,-0.0910306459813637,0.356632003066099,-0.00324026187330953,0.013227323914694,-0.00338613541215572
-1.23653286319897,0.874846703285396,-0.0901532564471457,0.36234448907139,-0.00289175607095565,0.0123747349764698,-0.00411372392648123
-1.21181075537942,0.866277985190345,-0.08896306299136,0.365837955424655,-0.00250213753785676,0.011451825021774,-0.00472568676190886
-1.18177512302767,0.854739588346449,-0.0874712280011218,0.366996979105877,-0.00206882008379145,0.0104658596338229,-0.0052066725766087
-1.14641702903898,0.839984399843596,-0.085707294595812,0.365729124883066,-0.0015928026193294,0.00943034746409275,-0.00554505027145616
-1.1058670086866,0.821749215056178,-0.0837168515525404,0.36199293835684,-0.00107862000891944,0.00836392652918859,-0.00573365227256575
-1.06041330218014,0.799792737053259,-0.0815567588960674,0.355822170530178,-0.000534022147950061,0.00728832281421076,-0.00577029734458747
-1.01049895508993,0.773933917761493,-0.0792888631551595,0.347339209674974,3.05618733556129e-05,0.00622569931627488,-0.0056579566471901
-0.956697057223887,0.74408239801947,-0.0769735267109497,0.336753480902788,0.000602720595116418,0.00519590136865319,-0.00540448745185724
-0.899669258120111,0.710255306887725,-0.0746642818318826,0.324345079260513,0.00116886679137246,0.00421414263238382,-0.00502195180921372
-0.840115465952834,0.672577857367923,-0.0724044001596908,0.310437811554174,0.00171509518753893,0.00328953217366912,-0.00452562253752413
-0.778724937818154,0.63127039285379,-0.0702256532774088,0.295368751575079,0.00222801997126631,0.00242460310711603,-0.00393284622888364
-0.716135723738273,0.58662624723587,-0.0681488848987613,0.279460889615522,0.00269551265867515,0.00161573764811017,-0.00326193684757715
-0.652906860196007,0.538986223171982,-0.0661857768851553,0.263003667723124,0.00310727140965546,0.000854217812779195,-0.00253124545897259
-0.589504154960685,0.488714563156951,-0.0643411483868176,0.246243274773264,0.00345518353779225,0.000127581541558903,-0.0017584925734663
-0.526297654616117,0.436179362643246,-0.0626152442433741,0.229381924827004,0.00373348201716197,-0.000578983148657245,-0.000960385916307202
-0.463568065399476,0.381738966365486,-0.0610057054382221,0.212583905400214,0.00393873489430425,-0.00128136696593199,-0.000152498221840565
-0.401519114293312,0.325734513351341,-0.0595090826063694,0.195985571423551,0.00406972909648511,-0.00199544617715812,0.000650652806661831
-0.340293190462837,0.268487994982511,-0.0581218602457577,0.179706568994407,0.00412731359881018,-0.00273614525830863,0.00143539454655136
-0.27998837828445,0.210305007772821,-0.0568410393647619,0.16386013270107,0.00411425606593971,-0.00351659596965997,0.00218863308528105
-0.220675222177516,0.151480992126541,-0.0556643197566082,0.148560740243367,0.00403514090909299,-0.00434733353002823,0.00289759943180868
-0.162411958615542,0.0923096402689721,-0.0545899533122658,0.13392797864075,0.00389630743403793,-0.00523550037710867,0.00354966905897389
-0.10525675548504,0.0330915882953703,-0.0536163017066318,0.12008580132202,0.00370579143652194,-0.00618407408385697,0.00413230353916969
-0.0492759482448703,-0.0258585576170874,-0.0527412269067258,0.107157127190158,0.00347321420927739,-0.00719119604276308,0.00463315101219466
0.00545285218488121,-0.0842092670998053,-0.0519613986629663,0.0952542337690432,0.00320954717693557,-0.0082497235957105,0.00504031984402174
0.0588430534865135,-0.141615098580667,-0.0512716917187759,0.0844664445540407,0.00292669849906696,-0.00934715983323357,0.00534281639399569
0.110806269255325,-0.197726699912402,-0.0506648314164743,0.0748474221247629,0.00263690783494564,-0.0104661017107879,0.00553110690878754
0.161262862298835,-0.252207255624412,-0.050131423658953,0.0664049649843083,0.00235200003642416,-0.0115852850896551,0.00559773553995818
0.210153491131543,-0.304753011012786,-0.0496604086011911,0.0590960909623777,0.00208261560518653,-0.0126811925764067,0.00553790971245676
0.257448970753994,-0.355114009247412,-0.0492398675621354,0.052829281493964,0.00183758059798173,-0.0137300571830202,0.00534996252298149
0.303155998268288,-0.403110477821913,-0.0488579774420416,0.0474740984918075,0.00162357245191716,-0.0147099741698163,0.00503561888192481
0.347317314946385,-0.448641189316429,-0.0485038952851551,0.0428765790193047,0.0014451764250452,-0.0156027915391821,0.00460003602997529
0.390005929457741,-0.491681712471848,-0.0481683378189899,0.038877255295459,0.00130531827608714,-0.0163954758406134,0.0040516321254894
0.431314574233671,-0.532273397802916,-0.0478438015343883,0.0353281038160929,0.00120594815615337,-0.0170807879956156,0.00340176704536424
0.471342169864625,-0.570505788809859,-0.0475244514930078,0.0321050207638222,0.00114876836088102,-0.0176572460309616,0.00266435644012462
0.510179440315127,-0.606496493288711,-0.0472058388101455,0.0291135573880981,0.00113577700973662,-0.0181284956050884,0.0018555001024
0.547895019015477,-0.640371821320165,-0.0468845924092859,0.0262870334936553,0.00116943694706165,-0.0185022663169291,0.000993177620538811
0.584523036379978,-0.672250686816105,-0.0465582458072556,0.0235775627984049,0.00125236217374398,-0.0187891103486841,9.70336088777687e-05
0.620052542774829,-0.702232520272134,-0.0462252721396953,0.0209416509923879,0.00138651619390218,-0.0190010673469052,-0.000811763845794152
0.654419415635828,-0.730389010150315,-0.0458853458600173,0.0183229668883043,0.00157202425902313,-0.0191503452404345,-0.0017106417459674
0.687501602271271,-0.756758483862255,-0.0455397425610929,0.0156356459269824,0.00180580380801985,-0.0192480445873534,-0.00257579979107316
0.719120003110568,-0.781342643619006,-0.0451917790966771,0.0127521206227624,0.00208031125859028,-0.0193029632720577,-0.00338255224649607
0.749047030688511,-0.80410519583511,-0.0448470940054509,0.00949960069945863,0.0023827660213221,-0.0193205294251293,-0.0041059459985401
0.777024785223105,-0.824973234573181,-0.0445135952325187,0.00566855028443977,0.00269521328133362,-0.019301997719108,-0.00472173932921183
0.802792480863584,-0.843842366488405,-0.0442009315286381,0.0010342178139553,0.00299567318372615,-0.0192441024408814,-0.00520775045323551
0.826119773452757,-0.86058642639551,-0.0439194650313468,-0.00461140974734953,0.00326037212905458,-0.0191393972485572,-0.00554545926688474
0.846838847695552,-0.875071029056519,-0.0436788878935032,-0.0114241525313755,0.0034666950463309,-0.0189773834301647,-0.00572160898097641
0.864867054311967,-0.887168887973155,-0.0434868051410848,-0.0194782823534975,0.00359617878575487,-0.0187463418039856,-0.00572946668255892
0.880213275649665,-0.896773312852132,-0.0433476680989313,-0.0287522323664564,0.00363675277230683,-0.0184355117004196,-0.00556943083473742
0.892966276978275,-0.903806609376703,-0.0432623723824403,-0.0391338496776814,0.00358363842295965,-0.0180370994144998,-0.00524883441216309
0.903269094530118,-0.908221511146607,-0.0432286115005179,-0.0504431962432254,0.00343877329965924,-0.0175476207902913,-0.0047810178256484
0.911287563492777,-0.909996034321941,-0.0432418369238601,-0.0624655195733388,0.00320910932676899,-0.0169683167407127,-0.00418393417199312
0.917181920977021,-0.909123876284044,-0.0432965045522732,-0.0749850159378686,0.00290443356524486,-0.0163046537544573,-0.00347861917452248
0.921087693766486,-0.905603163968047,-0.0433872806008518,-0.0878115844113282,0.00253535996126604,-0.015565200238761,-0.00268780920621668
0.92310868756445,-0.89942629699463,-0.0435099868168757,-0.100796402252021,0.00211193666080538,-0.0147602520277235,-0.00183487240533517
0.923321201811682,-0.890572681754597,-0.0436622017100878,-0.11383584357948,0.00164302849598623,-0.0139005455249503,-0.000943093556487617
0.921786665284424,-0.879005726755772,-0.0438435627797318,-0.126865841581107,0.00113639972182779,-0.012996277169612,-3.52656009541769e-05
0.91856867415004,-0.864674825486438,-0.0440558556829847,-0.139849924311519,0.000599283452663506,-0.0120565027696742,0.000866505904416688
0.913750416919349,-0.847522981991491,-0.0443029723358105,-0.152764271297224,3.91773769580492e-05,-0.0110888806731307,0.0017408904120918
0.907448477480596,-0.827500143731609,-0.0445907539378624,-0.165582690473838,-0.000535383752274992,-0.0100996539598544,0.00256740889036826
0.899819616617494,-0.804581625736619,-0.0449266726888466,-0.178263867836603,-0.00111428666656114,-0.00909375118182663,0.00332657571764735
0.891057912765529,-0.77878962196646,-0.0453192550658718,-0.190742687876502,-0.00168567995833196,-0.00807490445216825,0.00400015507943158
0.881381307384765,-0.750214410593437,-0.0457771634464795,-0.202926898584732,-0.00223627628394565,-0.00704573092298201,0.00457154838537183
0.871008690437086,-0.719030557501079,-0.0463079225670292,-0.214699705578823,-0.00275211083623262,-0.00600777549559254,0.00502629346319942
0.86013110898615,-0.685503172677827,-0.0469164037273753,-0.225927973118088,-0.003219654867501,-0.00496155529441185,0.00535262209603395
0.848882960413199,-0.649980761481192,-0.0476033309567006,-0.236474689056918,-0.00362709524838876,-0.00390666635785507,0.0055419983960296
0.83731978668603,-0.612873990335063,-0.0483641630725488,-0.246213340387475,-0.0039655359539735,-0.00284199885200805,0.00558955116494268
0.825408252334849,-0.574623304743413,-0.0491886939750294,-0.255041238691047,-0.00422987856896696,-0.00176606862437347,0.00549432322552031
0.81303119585833,-0.535661554418528,-0.0500615866388147,-0.262888958283498,-0.00441920508253605,-0.000677427058566273,0.0052592893355967
0.800006790390368,-0.496379119099183,-0.0509638317039941,-0.269723915823345,-0.00453660083152541,0.000424922544627371,0.00489113374142567
0.786117508060648,-0.457098246589635,-0.0518748976320499,-0.275547631563398,-0.00458848584147008,0.00154117761036201,0.00439982207576455
0.771142381004373,-0.418060435998172,-0.0527751669690185,-0.280387762087171,-0.00458362670389134,0.00267050768933589,0.00379803650618598
0.754886141504693,-0.379427291209517,-0.0536482164424686,-0.284287254454018,-0.00453205353537512,0.00381094979070557,0.00310056334911726
0.737200166521999,-0.341292093336666,-0.0544825459593207,-0.287293355331563,-0.00444409604340638,0.00495939157445239,0.00232371967059181
0.717992765325572,-0.303697773400237,-0.0552724983471723,-0.289448946974667,-0.00432969785007274,0.0061115856298701,0.0014848870214391
0.697228615422597,-0.266656721120659,-0.0560182354610726,-0.290787774862,-0.00419808905476852,0.0072621459882092,0.000602188851626249
0.674918982408348,-0.230168849598647,-0.0567247408083837,-0.291334103611344,-0.00405781948952016,0.00840451072819264,-0.000305685114202701
0.651105281209884,-0.194235730864537,-0.0573998779360847,-0.291106372259009,-0.00391709050493938,0.00953089903539784,-0.0012195342913439
0.625838924534704,-0.15886995994539,-0.0580515865675789,-0.290123730617257,-0.00378427511086934,0.0106323326994823,-0.00211963209227243
0.599160477955759,-0.124099822595925,-0.0586843808474893,-0.288413893685563,-0.0036684805339806,0.0116988160655868,-0.00298570611116826
0.571081122926386,-0.0899697791729305,-0.0592954612803443,-0.286020474745706,-0.00357998051199942,0.0127197624993584,-0.00379698963493273
0.541569837110103,-0.0565374804118714,-0.0598710170337123,-0.283008024457327,-0.00353033408435466,0.0136847198699312,-0.00453242559272263
0.510549277181183,-0.0238679162838165,-0.0603835398968394,-0.279462971464368,-0.00353201992221842,0.0145843665505426,-0.00517109875641238
0.47790319870131,0.0079745061947004,-0.0607912146463148,-0.275489324108589,-0.00359748121307803,0.0154116568915432,-0.00569295310774037
0.443496503177984,0.038934922395668,-0.0610403850249468,-0.2711988359001,-0.00373760324936081,0.0161628947942137,-0.00607980678576226
0.407206040657268,0.0689765005357115,-0.0610715831068847,-0.266696607610757,-0.00395983100804985,0.0168384498187428,-0.00631660128491081
0.368956959998877,0.0980865199709727,-0.0608286583165043,-0.26206479795892,-0.00426633248944645,0.0174428569361538,-0.00639272895807676
0.328755923033535,0.126278136036388,-0.0602692614802601,-0.257348135695703,-0.00465272850521279,0.0179841515510213,-0.00630319371960314
0.286712062284432,0.153586736600883,-0.0593740388272713,-0.252545359030996,-0.00510785894582745,0.0184725059971024,-0.0060493365787803
0.243038948404741,0.180061283764755,-0.0581517970382903,-0.247609283985947,-0.00561479711452986,0.0189184359558669,-0.00563892237197199
0.198036670333315,0.205752663647081,-0.056639007496133,-0.24245580304973,-0.00615294729144562,0.0193309787314387,-0.00508554540239522
0.152059257742543,0.230701927087476,-0.0548938121155492,-0.23697921715205,-0.0067007246777405,0.0197162197375885,-0.0044074972202028
0.105476627472059,0.254930944423341,-0.0529863672542536,-0.231069402975364,-0.0072381766069288,0.0200763902632167,-0.00362637031374277
0.0586404011304484,0.278436680463488,-0.0509881520711679,-0.224626141757411,-0.007749000654562,0.0204095620647534,-0.00276569335712134
0.0118598898868894,0.301188753517604,-0.0489625784330111,-0.21756728177686,-0.00822166578278734,0.020709813255827,-0.00184981473079253
-0.0346096328210214,0.323129040534513,-0.0469582945929607,-0.209829588808028,-0.00864961766807369,0.0209676946853748,-0.000903127668419904
-0.0805677566834676,0.344172109559216,-0.045005551359956,-0.20136319722722,-0.00903074903623523,0.0211708702322879,5.03835214141355e-05
-0.125862154946842,0.36420596983274,-0.0431153122332918,-0.192121967603664,-0.00936640902331941,0.0213048873856404,0.000987371333963129
-0.17037787976193,0.383093808148215,-0.0412805826187269,-0.182052860193666,-0.0096602399095874,0.021354120044576,0.0018852538759413
-0.214025855659769,0.400678090536422,-0.0394795000320791,-0.17108744546191,-0.00991708864507123,0.0213029457275492,0.00272237339310543
-0.256732450786631,0.416788103322077,-0.0376798481541383,-0.159138064940581,-0.0101421671702387,0.0211371560225469,0.00347828774621379
-0.298430929875034,0.431251801166883,-0.0358447817930381,-0.146100630441509,-0.0103405724807315,0.0208455350009429,0.00413425217638984
-0.339055170863003,0.443912011668021,-0.0339394212462644,-0.131864904265796,-0.0105172009400813,0.0204214417940706,0.00467389407969805
-0.378535437904291,0.454644771137822,-0.0319375643653844,-0.116330931958728,-0.0106769835513528,0.0198640987016097,0.00508401038993328
-0.416796685376837,0.463377062535621,-0.0298274543496744,-0.099428701099199,-0.0108253004751745,0.0191792906593034,0.00535536263774716
-0.4537588212902,0.470098816850365,-0.0276152549860171,-0.0811359463011419,-0.0109683466005018,0.0183791726005824,0.00548329014680704
-0.489338305034348,0.474865179083647,-0.0253252290247888,-0.0614891951319904,-0.0111132452838756,0.0174810901944159,0.0054679748436465
-0.523451184823092,0.477788366223785,-0.022996429015589,-0.0405850459464795,-0.0112678200625258,0.0165056122241601,0.00531427471795465
-0.556016466987895,0.479020145681888,-0.0206765426631676,-0.0185712208392545,-0.0114400300980667,0.0154741266963964,0.00503113645626429
-0.586959889904849,0.478729783593576,-0.0184143450188583,0.0043698082488119,-0.0116372169854886,0.0144064959505626,0.00463071487143083
-0.616217240755537,0.477082132419486,-0.0162523722017465,0.0280402086193488,-0.0118653358795019,0.0133191594380219,0.00412736967070938
-0.643737458195749,0.474220639254622,-0.014221189597771,0.0522445247691058,-0.012128346655064,0.0122239385255332,0.00353671658422942
-0.669484970130337,0.470257287787245,-0.0123359819490351,0.0768024262850148,-0.0124278552987726,0.0111275750914338,0.00287485160019422
-0.693441458814271,0.465270042010199,-0.0105955954602651,0.101554912277456,-0.0127630337907162,0.0100319090029878,0.00215780953932586
-0.715606938481412,0.459306607710843,-0.00898371156891014,0.126364102592749,-0.0131307813370104,0.00893451874360876,0.00140125967332277
-0.736000083562479,0.452392760365013,-0.00747165389893606,0.151107851234742,-0.0135260620049221,0.00782964963178063,0.000620405949361198
-0.754657561192072,0.444543429493711,-0.00602235057803346,0.175670936332168,-0.0139423484337414,0.00670929212805733,-0.000169958657706955
-0.771632110947132,0.435775134068361,-0.00459509126632518,0.199934725328845,-0.0143721159011124,0.0055643269180165,-0.000955299466110724
-0.78698882835798,0.426118565675764,-0.0031508310474309,0.223767209110504,-0.0148073460231272,0.00438569540543024,-0.00172114617467991
-0.8007992691714,0.415630383198321,-0.00165776853436542,0.247015127853067,-0.0152400170716773,0.00316557673061196,-0.00245291232289054
-0.813133176155892,0.404403163244972,-9.68482437798181e-05,0.269500018383134,-0.0156625671174634,0.00189855009398943,-0.00313578305304444
-0.824047856438563,0.392572075533103,0.00153342121573253,0.291019633923705,-0.0160683113917322,0.000582688268897842,-0.00375472202841925
-0.833576273693628,0.38031681751382,0.00321367142276083,0.31135583312494,-0.0164517961678317,-0.000779515459682893,-0.00429464218312817
-0.841715300642478,0.367857181582298,0.00490287084775695,0.330288939867606,-0.0168090561451616,-0.0021805356608862,-0.00474076876656227
-0.848416691733628,0.355441487282247,0.00654084153919678,0.347617247927926,-0.017137748727586,-0.00360769290770148,-0.00507919807663887
-0.853583341813943,0.343328315207118,0.00805440976364902,0.363178570324383,-0.0174371443469206,-0.00504367798586969,-0.00529761725679815
-0.857073082496094,0.331763906396574,0.00936665190943638,0.37686939953554,-0.0177079807846602,-0.00646779420028047,-0.00538610866211421
-0.858710829544735,0.320959323140402,0.0104077305602957,0.388656823018728,-0.0179522234592915,-0.00785784530091501,-0.00533792604948952
-0.85830796398025,0.311072381830091,0.0111251123181569,0.398579476568403,-0.0181728076994229,-0.00919242746455305,-0.00515011634228226
-0.855685736635689,0.30219869526795,0.011490880612762,0.40673635084208,-0.0183734503818039,-0.0104532506645313,-0.00482387993816025
-0.850698207206039,0.294373952929912,0.0115045409958954,0.413265512230323,-0.0185585984961542,-0.0116270781677548,-0.0043646152977315
-0.843250188908506,0.287586497795557,0.0111909498891157,0.418317526062692,-0.0187335290947052,-0.0127069566778444,-0.00378166402919609
-0.833306974855147,0.281796528980906,0.0105943041396188,0.42202961579503,-0.0189045458277977,-0.0136925848645705,-0.00308783727905839
-0.820894791011646,0.276956862271573,0.00977001900306473,0.424506081809663,-0.0190791561468138,-0.0145898657987161,-0.00229884164856299
-0.8060928891107,0.273030312896514,0.00877653845485771,0.425808574650369,-0.0192660736199452,-0.0154098320252791,-0.00143272270188748
-0.78901982107464,0.270000175284025,0.00766873511331707,0.425957574526013,-0.0194748910849917,-0.0161671863591027,-0.000509414692350071
-0.769816902125416,0.267871990849845,0.00649383649405949,0.424944324175991,-0.0197152985102504,-0.0168786623728811,0.000449562344926865
-0.748631965650119,0.266666395462898,0.00529007086627733,0.422751096544956,-0.0199957857610776,-0.017561322383806,0.00142126583436938
-0.725606128174613,0.26640393500147,0.00408764450266602,0.419376668003487,-0.0203218672138572,-0.0182308195256955,0.00238140662519159
-0.700865815661051,0.267083557046357,0.00291129083556551,0.414862908060381,-0.020694002077775,-0.0188995999586032,0.00330442862232989
-0.674521846832831,0.268657467778815,0.00178342630261749,0.409317307491486,-0.0211055638267903,-0.0195750457184827,0.00416371696939964
-0.646676605656327,0.271006502418881,0.000726859049630924,0.402925249084588,-0.0215414044743395,-0.0202576723254421,0.00493208589810816
-0.617438654960926,0.273921865662972,-0.000233951590140396,0.395945567053018,-0.0219776754147515,-0.0209396745722923,0.00558269766743309
-0.586942017707804,0.277100345907429,-0.00107378820032161,0.38868502882581,-0.0223834897038215,-0.0216043040190962,0.00609050819257276
-0.555364794338323,0.280159081533773,-0.00176978917834546,0.381452428620052,-0.0227246042312737,-0.0222266198803039,0.00643419145310701
-0.522940628956522,0.282671557665298,-0.00230596298700673,0.374500730117691,-0.0229685990509904,-0.0227759553028413,0.00659827690916828
-0.489957606504136,0.284219083160605,-0.00267750716523704,0.367972786611543,-0.0230902834757404,-0.023219930411218,0.00657502523986773
-0.456742864983332,0.284444842640947,-0.00289317605103942,0.361868136129728,-0.0230757114862029,-0.0235292009108942,0.00636550726634769
-0.423636172611854,0.283095232012088,-0.00297464304139206,0.356042454884585,-0.022923571172441,-0.0236817156897924,0.0059795331090435
-0.390959397943709,0.280037723157168,-0.00295305108489431,0.350239429462518,-0.0226437080011956,-0.0236653611046167,0.00543444549304823
-0.358989422123565,0.275253689654131,-0.00286401985592362,0.34414335683696,-0.0222536085466048,-0.0234784705880327,0.00475314945557778
-0.327939780589935,0.268813361846079,-0.00274270721656737,0.337435696827803,-0.0217742440875173,-0.0231284374811064,0.00396191670179791
-0.297952560713844,0.260844050373552,-0.00262007971043305,0.329841194910026,-0.0212265485343507,-0.022629178548964,0.00308842934779716
-0.269099096317552,0.251501610175877,-0.00252076176075122,0.32115618311352,-0.0206292414043918,-0.0219983050085731,0.00216031771503142
-0.241386577236043,0.240950870418594,-0.00246218421725152,0.311258701857202,-0.0199980848311711,-0.0212546472874054,0.001204230983719
-0.214767697120181,0.229356077190256,-0.0024544789303711,0.300104384886901,-0.0193462409352143,-0.0204164448408018,0.000245337749334466
-0.189151520900913,0.216879236935582,-0.00250064457463133,0.287713560822196,-0.0186852472589614,-0.0195002379993802,-0.00069289972188045
-0.164414789511042,0.203682715064835,-0.00259677648332591,0.274154351065611,-0.018026153463838,-0.0185203276679931,-0.00158882959348086
-0.140413593277349,0.189932311418253,-0.00273243859477461,0.259525030308324,-0.017380469393174,-0.0174886062950971,-0.00242270996832647
-0.116995696137473,0.17579798289302,-0.00289143550021914,0.243937683250331,-0.0167607108486608,-0.0164145929272452,-0.00317687405841272
-0.0940134688197729,0.161450652979817,-0.00305325088662851,0.227504228111289,-0.016180442793306,-0.0153055601430231,-0.00383598315695812
-0.071336762915767,0.147055014134346,-0.00319525611959349,0.210325463144324,-0.015653823862706,-0.0141667065177011,-0.00438734373107796
-0.0488643858169608,0.132759587125772,-0.00329551974086508,0.192483708854207,-0.0151947512692191,-0.0130013802290653,-0.00482122954111879
-0.026532411182332,0.118686179365787,-0.00333577336354669,0.174039471100591,-0.0148157769314504,-0.0118113763277595,-0.00513113183189466
-0.00431775480429951,0.10492120626073,-0.00330393484401118,0.155032326530137,-0.0145270128619075,-0.0105973247325999,-0.00531386877101596
0.0177638124072,0.0915108342672549,-0.0031956298057355,0.135485591515299,-0.0143352324179936,-0.00935914900829588,-0.00536951282068422
0.039664842924563,0.0784610197179314,-0.00301438572386681,0.115413809689509,-0.0142433299636498,-0.00809655122883679,-0.00530113826149241
0.0613171170130314,0.0657423072250761,-0.0027705036166772,0.0948315267542381,-0.0142502101213266,-0.00680945467784851,-0.00511442729043322
0.0826441223239756,0.0532983063597932,-0.00247892221597403,0.0737617488933455,-0.0143510898105257,-0.00549834396317149,-0.00481719738741615
0.103572938868507,0.0410561851437219,-0.00215658043310393,0.0522427642656074,-0.0145381252312462,-0.00416446662341163,-0.00441891767597589
0.124043896672851,0.02893730624943,-0.0018198124063107,0.0303324553482023,-0.0148012215639489,-0.00280988355099943,-0.00393026423438288
0.144016934425017,0.01686638352513,-0.00148224016031018,0.00810989714059066,-0.0151288826863511,-0.00143739623700399,-0.00336275009524762
0.16347434901948,0.00477794319071753,-0.00115344621907908,-0.0143254374818055,-0.0155089524850858,-5.03916452243136e-05,-0.00272843765362909
0.182420028300791,-0.00738043404521178,-0.000838562325483801,-0.036856059704833,-0.015929169021607,0.00134732195804958,-0.00203974466577918
0.200876091854544,-0.0196481383103813,-0.000538753095051737,-0.0593496841592267,-0.0163775353963513,0.00275162474554408,-0.00130935279877109
0.218878144070047,-0.0320546800108281,-0.000252452369539701,-0.0816631434428494,-0.0168425518361045,0.00415811950669054,-0.000550209125754577
0.236468887549412,-0.0446255543381039,2.28818960021925e-05,-0.103647034778229,-0.0173132587717557,0.00556209510177466,0.00022441891321019
0.253690288852739,-0.0573898808901954,0.000288777876799217,-0.125151192750593,-0.0177791455186422,0.00695842712490422,0.00100085447821013
0.270574837864972,-0.0703888950524876,0.000543847137948799,-0.146031232012356,-0.0182300009510756,0.00834145467549866,0.00176491314606699
0.287136203712152,-0.0836839550006819,0.000782325638185105,-0.16615646942653,-0.0186557763891049,0.0097048847090821,0.0025018294792431
0.30336008208223,-0.0973627237734314,0.000993404809240382,-0.18541912106801,-0.0190465311435385,0.0110417810515773,0.00319624559753058
0.319196531703501,-0.111542051042398,0.00116164738998898,-0.20374418264412,-0.0193925325902278,0.012344687497306,0.00383230243133327
0.334555412532947,-0.126366136412089,0.00126865067203845,-0.221098572215271,-0.01968455468259,0.0136059055842211,0.00439387259791508
0.34930702225438,-0.141999014246439,0.00129589820124526,-0.237497526805625,-0.0199144028168437,0.0148179183531692,0.00486496878394674
0.363289703687948,-0.158611195512947,0.00122844375803478,-0.25300583286994,-0.0200756382559271,0.0159739067221894,0.00523034575833483
0.376325219349482,-0.176361522808167,0.00105875994238653,-0.267731786290334,-0.0201644136708979,0.0170682661358001,0.00547628603982083
0.388241036786882,-0.195376786547374,0.000789865442445085,-0.28181310471087,-0.0201802744622215,0.0180970137261475,0.00559151991162912
0.398896195703933,-0.215732800312974,0.000436844667820012,-0.295395955214526,-0.0201267218095557,0.0190579720252648,0.00556817884576884
0.408205561137435,-0.237441104748389,2.61792925858018e-05,-0.308610687271147,-0.0200113361633435,0.0199506560025125,0.00540264132175862
0.416156520520215,-0.260444564978841,-0.00040710681842228,-0.321549512664084,-0.0198453135369878,0.0207758498213052,0.00509611691383307
0.422813604704786,-0.284622902046861,-0.000823810820406296,-0.33425156302862,-0.0196423898576603,0.0215349341776059,0.00465485028779045
0.428309742639528,-0.309806147978048,-0.00118525710766714,-0.34669901072109,-0.0194172824410609,0.0222290812426405,0.00408990639925493
0.43282672953799,-0.335791262097556,-0.0014571290426927,-0.35882482275194,-0.0191839173387545,0.022858453865854,0.0034165949477586
0.436570486778617,-0.362355978241202,-0.00161164272174341,-0.370529545141584,-0.0189537983819052,0.0234215340158063,0.00265366812093082
0.43974732964837,-0.389264832683413,-0.00162801230288926,-0.381702234549064,-0.0187348687059691,0.0239146619135443,0.00182244835737123
0.442546147376731,-0.416265399193449,-0.00149186236016456,-0.392240219896543,-0.0185311392859094,0.0243318371152345,0.00094601615075694
0.445128602382435,-0.443076749913726,-0.00119462192380861,-0.402063234300985,-0.0183431974045695,0.0246648038366464,4.85279904187977e-05
0.447626974509691,-0.469375987822682,-0.000733847935578532,-0.411119438881504,-0.0181694978686932,0.0249034424716722,-0.000845328819281804
0.450147585229973,-0.494790547595952,-0.000114916050600632,-0.419382717136601,-0.0180080918723459,0.0250364719357353,-0.00171078404792453
0.452777478203194,-0.518903030965118,0.000646205776751661,-0.426842595323343,-0.0178582579652205,0.0250524622032472,-0.00252341044605096
0.455592510205438,-0.541271961163012,0.00152007327932116,-0.433489263558634,-0.0177214504091424,0.0249411166665377,-0.00325961437077295
0.458665243736487,-0.561466687984278,0.00246214798536519,-0.439297021677458,-0.0176011474930495,0.0246947273712187,-0.00389728037758259
0.462071074038683,-0.579110304146668,0.00341379459178742,-0.444209646316006,-0.0175015442766712,0.0243096160887431,-0.00441662253743231
0.465890663015023,-0.593921660643639,0.00430672043975103,-0.448131214210317,-0.0174254714513587,0.0237872917669203,-0.00480122903904099
0.470206945942501,-0.605747061940542,0.00507071579353435,-0.450925201179268,-0.0173722508665922,0.0231350028907551,-0.00503918204528029
0.47509640906778,-0.614574172429978,0.00564336030617845,-0.452423359206871,-0.0173362813400106,0.0223654245202382,-0.00512403807335882
0.48061641539032,-0.620524406573261,0.00597937244651884,-0.452443523649867,-0.0173069173830205,0.0214953997171476,-0.0050554163624258
0.486792271093103,-0.623825255708078,0.00605700947977063,-0.450812953520029,-0.0172697500729201,0.0205439238141906,-0.00483900542663095
0.493608097577169,-0.624768929284578,0.00587965107165399,-0.44739193366445,-0.0172089089750536,0.0195297926268356,-0.00448594652157331
0.501004166914208,-0.623666687145731,0.0054721909437006,-0.442092234636538,-0.0171096936237577,0.0184694236589476,-0.00401172184152962
0.508880981483736,-0.620808255991994,0.00487345695160625,-0.434886823613622,-0.0169608271107141,0.0173752681354443,-0.00343478799400977
0.517108194816071,-0.616432925404361,0.00412689164766797,-0.425810013505887,-0.0167558559391198,0.0162550183907325,-0.00277521173442364
0.525535461153736,-0.610714890558574,0.00327184519306537,-0.414949848036613,-0.01649355349268,0.0151115924954189,-0.00205350212284894
0.534002548080147,-0.603761784590186,0.00233722117574706,-0.402435994124831,-0.0161774673329929,0.0139437290285724,-0.00128973786766028
0.542347038338891,-0.595623100230882,0.00133829132557709,-0.388426510190339,-0.0158149030447425,0.0127469735664226,-0.000503003190339809
0.550409102932566,-0.586304518279496,0.000276650756367375,-0.373095985595683,-0.0154156612321728,0.011514862344828,0.000288909496224101
0.55803371587391,-0.575784579176194,-0.000857270055961961,-0.356626283946659,-0.014990784552362,0.0102401655093649,0.00106959676046431
0.565071174147785,-0.56403107172173,-0.00207996655040084,-0.339199985700701,-0.0145514809511524,0.00891610786369382,0.00182401201926941
0.571376954851873,-0.551015518043154,-0.00340975144777806,-0.320995901672058,-0.014108305120201,0.00753752025880816,0.00253836817236717
0.576811742826794,-0.536724784334284,-0.00486155409267119,-0.302185675951632,-0.013670615515075,0.00610188214537233,0.00320002761557267
0.581242298079701,-0.521169398856981,-0.00644230208605123,-0.282930645341829,-0.0132462893408277,0.00461020686895554,0.00379741944446085
0.584543367743589,-0.504388250904781,-0.00814746158891271,-0.26337837824613,-0.0128416554837193,0.00306769877260045,0.00432001024496796
0.586600628591679,-0.486449608176413,-0.00995920724030218,-0.243658855432368,-0.0124616001771503,0.00148409652092416,0.00475834240143433
0.587314230871816,-0.467448457403735,-0.0118465423694243,-0.223880657160284,-0.012109792904136,-0.000126385236046479,0.00510414108321735
0.586602227095214,-0.447500424049228,-0.0137674613911251,-0.204127855656544,-0.0117889748996401,-0.00174557892539745,0.00535047872907298
0.584403242460298,-0.426732984583898,-0.0156729671905915,-0.184458555839099,-0.0115012523339477,-0.00335236258131516,0.00549197692866689
0.580677539753699,-0.405275095031088,-0.0175123735163669,-0.164905779813521,-0.0112483323361348,-0.004924070122324,0.00552501512232029
0.575406090019282,-0.383246574472441,-0.0192391108439593,-0.145481177147477,-0.0110316502180729,-0.00643817210241486,0.00544791379420638
0.5685874818109,-0.360748779045051,-0.0208160632871647,-0.126181413536725,-0.0108523525830159,-0.00787402113316986,0.00526105956261689
0.560233085389599,-0.337857899938527,-0.022219563656039,-0.106996575411393,-0.010711129957441,-0.00921443206506283,0.00496694917290748
0.550361170705838,-0.314621638452884,-0.0234414566154164,-0.0879194169706511,-0.0106079219529204,-0.0104468904896511,0.00457014231834869
0.538990957536568,-0.29105935887119,-0.0244890711020528,-0.0689540602663698,-0.0105415475990885,-0.0115642524879907,0.00407713068495971
0.526137729121468,-0.267165226159866,-0.0253833939738698,-0.0501228389462182,-0.0105093350492302,-0.0125648965126579,0.00349614779036534
0.511809799709306,-0.242913262232892,-0.0261560609995747,-0.0314702377910555,-0.0105068271227253,-0.0134523805814452,0.00283695347053949
0.496008066139532,-0.218263247394899,-0.0268459202017765,-0.0130633458019429,-0.0105276357629597,-0.0142347303791803,0.00211063204204651
0.478728410771567,-0.193166488785078,-0.0274958319071622,0.00501137787546602,-0.010563498726073,-0.0149235094937072,0.00132943708642495
0.459966793037136,-0.167570846997759,-0.0281501125195631,0.0226549134578765,-0.0106045678962122,-0.0155328050862676,0.000506704359448766
0.439727149048831,-0.141425189884488,-0.028852730943446,0.0397657246068536,-0.010639949200279,-0.0160782329103312,-0.000343157551799641
0.418031078534959,-0.114683519464839,-0.0296460114100033,0.0562525709478954,-0.0106584768091012,-0.0165759844072836,-0.00120461014250402
0.394928725510234,-0.0873096847544774,-0.0305694189010931,0.0720493278629449,-0.0106497000188676,-0.0170419052924607,-0.00206088649967274
0.370508834205114,-0.0592832551353421,-0.031657886237166,0.0871304975799796,-0.0106050126684124,-0.0174905352980456,-0.00289389639041419
0.344906453625822,-0.0306072420202254,-0.0329393012317356,0.101525442497508,-0.0105188401628908,-0.0179340599761565,-0.00368419964237497
0.318304829101651,-0.00131717361932759,-0.0344310109993277,0.115328194326369,-0.0103897138677773,-0.0183811303984423,-0.00441113083580372
0.290929545934392,0.0285095469340456,-0.0361357801757187,0.128699228110705,-0.0102210509684907,-0.0188356472897898,-0.00505317980989058
0.26303197046457,0.0587466066535055,-0.0380380569047432,0.141855270518786,-0.010021377834222,-0.0192956546680598,-0.0055887183893528
0.23486286703538,0.0892171698344784,-0.0401019854205599,0.155045173040736,-0.00980381253483728,-0.0197526892244965,-0.00599713381437241
0.206639066849221,0.119700730601355,-0.0422725262060328,0.168513007440966,-0.00958470599104693,-0.0201919176760903,-0.00626031966904231
0.178510509020028,0.149949646423742,-0.0444805332876034,0.182454574256872,-0.00938158714277529,-0.0205933452104924,-0.00636434178923699
0.150536982312378,0.179713522764733,-0.0466514259325239,0.196977790850818,-0.00921081513061048,-0.0209341153697755,-0.00630096425375222
0.12268258466945,0.208766289743387,-0.0487156648865179,0.21207852754872,-0.00908551265655366,-0.0211915550853667,-0.00606867498417534
0.0948306682022217,0.236928760161533,-0.0506182613384245,0.227639588089483,-0.00901431266147695,-0.0213462952592942,-0.00567294202255283
0.066815441516606,0.264080687261685,-0.0523247586186315,0.243453248410079,-0.00900117604918122,-0.0213847425938482,-0.00512566236739334
0.0384605694869702,0.29015930748944,-0.0538222411579659,0.259259686586798,-0.00904615495602789,-0.0213003699761201,-0.0044439919312685
0.00961399305107278,0.31514600727677,-0.0551156554031494,0.274789477361372,-0.00914664918354052,-0.0210936950977872,-0.00364890011740645
-0.0198292812794836,0.339045599513422,-0.0562209904734178,0.28979879668086,-0.00929860876359105,-0.0207711883169669,-0.00276378699335222
-0.0499198563645598,0.36186389232804,-0.0571574093952336,0.304090340772212,-0.00949724996235818,-0.0203435720992384,-0.0018133943652487
-0.0806611300284141,0.383588472868695,-0.0579401931176966,0.31751820021151,-0.00973708490852858,-0.0198239833771871,-0.000823093076906771
-0.112027199023382,0.404175851475388,-0.058575728839993,0.329978903970195,-0.0100113015309786,-0.0192263279104831,0.000181497593652991
-0.143986434238825,0.423546852232992,-0.0590592066949873,0.341393422999882,-0.0103107255786439,-0.018563998778199,0.00117467618986889
-0.176525374079808,0.441590685771602,-0.0593751670768366,0.351685505916319,-0.0106227070431057,-0.017848964904955,0.0021307639198899
-0.209667746511418,0.458177552230181,-0.0595007390802813,0.360761976873497,-0.0109303388545438,-0.0170911707912262,0.00302430024861262
-0.243483845205901,0.473178309411835,-0.0594110251650087,0.368499899367701,-0.0112124007333537,-0.0162981613563716,0.00383045806767461
-0.2780866988875,0.486488473193607,-0.0590857054564044,0.374744586842508,-0.0114443286294004,-0.0154748953489635,0.00452575646308108
-0.313613800393055,0.498052030491189,-0.0585155036790472,0.379320385215874,-0.0116002967139782,-0.0146237667679122,0.00508907013497387
-0.350196711281604,0.507879323653829,-0.0577069312388104,0.382053131065161,-0.0116561852806509,-0.0137448937458049,0.00550283477534314
-0.387924835169528,0.516053596206771,-0.0566839452430344,0.382799679989564,-0.0115928743478198,-0.0128367198966123,0.00575425426612124
-0.42681232444956,0.522723074822956,-0.0554858938667739,0.38147694752769,-0.0113990843527548,-0.0118968885309763,0.00583626450148361
-0.466777160355421,0.52807979101762,-0.0541622476541448,0.378082366075751,-0.0110730253792906,-0.0109232456589673,0.00574803591805291
-0.507638069128981,0.532330476954759,-0.0527655967042909,0.372699779834587,-0.0106224281056307,-0.00991474560411896,0.0054948970638173
-0.549129600168648,0.535667359730351,-0.0513448359207397,0.365489336410617,-0.0100630087008728,-0.00887204348871186,0.00508770378695964
-0.59093043604693,0.538246031759665,-0.0499401512738636,0.35666475749523,-0.00941585375949574,-0.00779765649556406,0.00454180423701784
-0.6326969845936,0.540174403386315,-0.048580599227943,0.346464623669281,-0.00870443388596324,-0.00669571926249955,0.00387581728038278
-0.674094334306614,0.541512738654537,-0.0472841776462085,0.335124989670496,-0.00795191970768914,-0.00557148119047475,0.00311043977940314
-0.714818976101998,0.542281618954401,-0.0460596790223696,0.322858986063003,-0.00717925552189486,-0.0044307455206974,0.00226744315289154
-0.754610878238175,0.542473369636655,-0.0449094293500783,0.309846235473949,-0.00640417106576052,-0.00327942514698275,0.00136894288614993
-0.793255428167798,0.542063112421824,-0.0438321687277671,0.29623222996584,-0.00564108510625492,-0.00212331446872739,0.000436953588435074
-0.830577228350752,0.541017033205448,-0.0428255968955095,0.282135749051781,-0.00490171165419304,-0.000968080997906482,-0.000506811988492902
-0.866428503453918,0.539297436999816,-0.0418883793058653,0.267661486823535,-0.00419612002720964,0.000180597863172861,-0.00144097265072108
-0.900674465693777,0.536865369634888,-0.0410215441233,0.252914637697887,-0.0035339810049235,0.00131687812403892,-0.00234442599916698
-0.933177807717555,0.533682381826126,-0.0402292527605526,0.238014348962745,-0.00292573222606807,0.0024347075382151,-0.00319630578267093
-0.963784083323616,0.529712759906376,-0.0395188930251324,0.223103134155673,-0.00238339909432574,0.00352800524759568,-0.00397603801912975
-0.992310111137171,0.524926994607382,-0.0389004389488406,0.208349883129124,-0.0019208295751004,0.0045911025902786,-0.00466357208523239
-1.01853768466525,0.519306141324066,-0.0383850583684224,0.193944874485238,-0.00155316235554538,0.00561939036125734,-0.00523983796782889
-1.04221502732839,0.512845814678769,-0.0379830979489592,0.180086570763268,-0.00129548055207793,0.00661003207692863,-0.00568744265621045
-1.06306789293693,0.505558141867895,-0.037701765336303,0.166961893063138,-0.00116079111062875,0.00756250118574846,-0.00599155915603698
-1.08082024774171,0.497470078959092,-0.0375430408141605,0.154723634605973,-0.00115771272051397,0.00847874282405943,-0.00614090571710025
-1.09522193987797,0.488617663313575,-0.037502401427849,0.143470180535166,-0.00128842020813758,0.00936280546019586,-0.00612865683313006
-1.10607820042449,0.479037292144171,-0.0375688123869214,0.133232851651312,-0.00154743001414207,0.0102199583681897,-0.00595311329414584
-1.11327402362069,0.468756267086555,-0.0377260805055419,0.123974522216139,-0.00192163751140959,0.0110554741494509,-0.0056179881388064
-1.11678740184168,0.457785396171407,-0.0379552420845519,0.115600164368157,-0.00239167536544353,0.0118733671141867,-0.00513224493935182
-1.11668821559289,0.446115738254882,-0.0382373298783379,0.107976600030071,-0.00293427772368492,0.0126753641047897,-0.00450952841772281
-1.11312370836591,0.433720388151173,-0.0385557854267223,0.100956226013671,-0.00352506006477931,0.013460304361411,-0.00376731324802616
-1.10629490276636,0.42056082400745,-0.0388979652984281,0.094398873737314,-0.00414106404653744,0.0142239774079087,-0.00292594904767028
-1.09642985918669,0.406596684399415,-0.0392555153125171,0.0881869946667391,-0.00476255962178288,0.0149593059595119,-0.00200776809112182
-1.08375893087644,0.391797693290086,-0.0396236999984058,0.0822315653047379,-0.00537385506065634,0.0156567235145915,-0.00103637211668516
-1.06849498193053,0.376156618453657,-0.039999974109721,0.0764684943879072,-0.0059631294269966,0.0163046307334155,-3.61427945283701e-05
-1.0508191721601,0.359702194821152,-0.040382158043028,0.0708472919442339,-0.00652150108083562,0.0168898986310774,0.000968048605719023
-1.0308713180184,0.342510591554614,-0.0407665777226645,0.0653151029413694,-0.00704166346361003,0.017398475747569,0.0019510106255798
-1.00874334331067,0.324713252230511,-0.0411465071062538,0.0597999943521986,-0.0075164722752735,0.0178162087236353,0.00288739328171147
-0.984475149078569,0.306498239719271,-0.0415112458407637,0.0541977582139482,-0.00793787573430024,0.0181299782866683,0.00375197085257343
-0.958053636159527,0.288102043474564,-0.0418461457400816,0.0483663687484339,-0.00829653701510704,0.0183291710279057,0.00452016889685287
-0.929416845689266,0.269789785267858,-0.042133807509228,0.0421312975435337,-0.00858237783749346,0.018407359523104,0.00516892185405517
-0.89846544958483,0.251824310839889,-0.042356445822704,0.035302776990464,-0.00878604921861869,0.0183638877270575,0.00567786851399837
-0.865082533506291,0.234428526921588,-0.0424990656837922,0.027702792010697,-0.0089010280074928,0.018204927788976,0.00603077188185155
-0.829160135438026,0.217749338494262,-0.0425527248927393,0.0191958712879844,-0.00892574391085807,0.0179435834177451,0.00621691875730881
-0.790627245620271,0.201833235823648,-0.0425169241681304,0.00971520778589393,-0.0088650041961347,0.0175987966991385,0.00623216733640045
-0.749472240745308,0.186621637231123,-0.0424003195891708,-0.000723949432540193,-0.00873013805829374,0.0171931610166373,0.00607934060657788
-0.705753381349833,0.171968199614894,-0.0422194615973076,-0.0120278902155676,-0.00853770174851077,0.0167500908062734,0.00576782262938953
-0.659594560015512,0.15767303534925,-0.0419959381635829,-0.02404355673353,-0.00830708640335319,0.0162909883849384,0.00531244618867174
-0.61116763139098,0.143523461691279,-0.0417527717783045,-0.0365867933817171,-0.00805770151660149,0.0158329787559368,0.00473194888533008
-0.560666824801853,0.129330238882471,-0.0415110614917189,-0.0494714040655656,-0.00780645075048408,0.0153875461259702,0.00404734957962932
-0.508281721920152,0.114951402441767,-0.0412875943788491,-0.0625320420022418,-0.00756599720560748,0.0149601034591321,0.00328053616273304
-0.454174286892824,0.100300789247545,-0.0410937273330221,-0.0756372070902436,-0.00734400068003134,0.0145503103285128,0.00245322563705076
-0.398463406668409,0.0853427528236521,-0.0409354678293788,-0.0886919892430011,-0.00714324596569463,0.0141528723787401,0.00158632856930322
-0.341218521468203,0.0700771110579234,-0.0408144836485179,-0.10163255682427,-0.00696243750458376,0.013758588658967,0.000699663481892711
-0.282461649977197,0.0545188246712823,-0.0407296432326505,-0.114415332754165,-0.00679738527815968,0.0133554706306417,-0.000188079301975296
-0.222177282693927,0.0386766366445133,-0.0406787915302673,-0.127003986465599,-0.00664234700170099,0.0129298701290444,-0.0010592260232983
-0.160328670911516,0.0225339396713318,-0.0406604666187617,-0.139356881884843,-0.00649133112253718,0.0124675958944939,-0.00189695687646903
-0.0968791993917259,0.00603455100759805,-0.0406753270280507,-0.151417108353457,-0.00633921547981446,0.0119550324594436,-0.00268517197218609
-0.0318174861332653,-0.0109243012203315,-0.0407271398971032,-0.163106869710535,-0.00618258084371125,0.0113802834488397,-0.00340845055513345
0.0348163748658885,-0.0284900184656103,-0.04082312561861,-0.174327241926261,-0.00602017501745197,0.0107342967949503,-0.00405214978918791
0.102906516074846,-0.0468426756047117,-0.0409736254963151,-0.184964015987942,-0.00585297678178919,0.0100119110465107,-0.0046026714622712
0.172243561181889,-0.0661736457449222,-0.0411910400054603,-0.19489901713213,-0.00568385862285028,0.0092126687951245,-0.00504789081816153
0.242517969218849,-0.086657452561766,-0.0414881528084181,-0.204025133022592,-0.00551691560957806,0.00834121945027359,-0.00537770152595502
0.313327930627242,-0.108421811684678,-0.04187616142195,-0.212262295685508,-0.00535660338952329,0.00740716061237566,-0.00558459560833895
0.384202209078082,-0.131522172812009,-0.0423627434131223,-0.219570429078397,-0.00520686450925058,0.00642421674474925,-0.00566415663132144
0.454634769770466,-0.155926950394009,-0.0429506396895831,-0.225956162694959,-0.00507045206443266,0.00540881788089258,-0.0056153586604718
0.524124526341885,-0.18151728433782,-0.0436370736704202,-0.231471204456454,-0.0049486067195328,0.00437827027378347,-0.00544059454846162
0.59221199998697,-0.208101438328556,-0.0444141333178505,-0.236202473299616,-0.00484115311179596,0.00334881867360461,-0.00514542389356157
0.65850591450494,-0.235440184768485,-0.0452700111552507,-0.240256299622577,-0.00474697133189478,0.00233392047466538,-0.00473810144195133
0.722695509133194,-0.263276921656183,-0.0461907610552307,-0.243740128141314,-0.0046647009945776,0.00134297619499974,-0.00422898742477422
0.784548559325722,-0.291365991741873,-0.0471621775684684,-0.246745482822934,-0.00459349340772387,0.000380640591071452,-0.00362995548640213
0.843898153848893,-0.319494108572311,-0.0481714266894299,-0.249335037600258,-0.00453363434800778,-0.00055329164380122,-0.00295389002587261
0.900623356176744,-0.347492399078328,-0.0492082081500415,-0.251535462819165,-0.00448691282815052,-0.00146352080941047,-0.00221432902798461
0.954628806049974,-0.375238952061402,-0.0502653676125043,-0.253336387195961,-0.00445667692707615,-0.00235853111061809,-0.0014252677022098
1.0058275801988,-0.402653602197995,-0.0513390208778108,-0.254695024161822,-0.00444758191914923,-0.00324965640744796,-0.000601109669561813
1.05412961237447,-0.429687301921767,-0.0524282931322303,-0.255545409282493,-0.00446507761001036,-0.00415000763350017,0.000243268119394281
1.09943656575667,-0.456308505059571,-0.0535347912442148,-0.25581108190372,-0.0045147070770397,-0.00507330118080445,0.00109237948989604
1.14164251461713,-0.482488456782235,-0.0546618689417265,-0.255419892248683,-0.00460129745180797,-0.00603259268259952,0.00192997112686316
1.18063878630952,-0.508186723283388,-0.0558136752204177,-0.254319420685465,-0.00472812755856119,-0.00703890885854405,0.00273889589111381
1.21632099967705,-0.533338062869732,-0.0569939383021071,-0.252491200943722,-0.00489616582725269,-0.00809979132940426,0.00350107569526311
1.24859640176842,-0.557841875132531,-0.058204453428033,-0.249961525090337,-0.00510348634604191,-0.00921782346485358,0.00419761812999793
1.27738954130383,-0.581555697794787,-0.0594433163852522,-0.246806198433363,-0.00534498298874905,-0.0103892955604616,0.00480915229579108
1.30264465014733,-0.604294490308839,-0.0607031004592298,-0.243146708341741,-0.00561249774241326,-0.0116032561847702,0.00531643852836532
1.32432430376895,-0.625837540777386,-0.0619693896605647,-0.239136362823832,-0.00589544105470978,-0.0128412643307269,0.00570127690180567
1.342404020152,-0.645943473983136,-0.063220176246552,-0.234936868026254,-0.00618188586369936,-0.0140781321833144,0.00594767696693708
1.35686442430323,-0.66437231664223,-0.064426644179602,-0.230688911343143,-0.00645998435618493,-0.0152838102622995,0.0060431702149755
1.36768300154452,-0.680910959483785,-0.0655555722025599,-0.22648299262504,-0.00671941549057725,-0.0164262927233021,0.00598006140832813
1.37482836180172,-0.695396799391384,-0.0665731501826369,-0.222338075181709,-0.00695250177264649,-0.0174751035602763,0.00575637500506637
1.37825918905773,-0.707734097187215,-0.0674494885241362,-0.218194158636,-0.0071546886388931,-0.0184046844630124,0.00537628848616119
1.37792833782435,-0.717899323488801,-0.0681627723067009,-0.213920853998003,-0.0073242679383132,-0.0191969757407469,0.00484996099221448
1.37379056390133,-0.725934864723409,-0.0687020377448845,-0.209339066091586,-0.00746148011936543,-0.0198427012686454,0.00419282145555592
1.36581137722591,-0.731933712095573,-0.0690679317789093,-0.20424922551621,-0.00756733841188776,-0.0203412504796768,0.0034245096450514
1.35397341060495,-0.736019029241404,-0.0692712900582693,-0.198458371645853,-0.00764258641969775,-0.0206994046555067,0.00256770953225982
1.33827844276803,-0.73832289446798,-0.0693298550967389,-0.19180021042031,-0.00768713002412409,-0.0209293797647645,0.00164708269224065
1.31874408772676,-0.738966907371399,-0.0692636747817554,-0.184145318042784,-0.00770011195895114,-0.0210466672946099,0.000688419327336934
1.29539652682271,-0.738046220768884,-0.0690898431098049,-0.175401938209565,-0.00768061458980505,-0.0210680388374574,-0.000281971748586791
1.26826086686171,-0.735616965255341,-0.0688172208148516,-0.165509882891067,-0.00762881906532449,-0.0210098830959273,-0.00123769377957527
1.23735266307378,-0.731687511958466,-0.0684419135833922,-0.154431242959064,-0.00754735814622289,-0.0208869078083972,-0.00215261865052905
1.20267370973281,-0.726214224331102,-0.0679443921498744,-0.14214150873094,-0.00744254742061708,-0.0207111475951835,-0.0030012935710415
1.16421445408245,-0.719102942622734,-0.0672892085744309,-0.128623910835655,-0.00732517191111133,-0.0204912133198394,-0.00375950915954643
1.1219648749691,-0.710218185542381,-0.0664281387004559,-0.113868625037985,-0.00721055482211421,-0.020231791685243,-0.00440509757790637
1.07593260905103,-0.699400723663498,-0.065306934552557,-0.0978767819822239,-0.00711774379340507,-0.0199334669231455,-0.00491895258778157
1.02616485129409,-0.686492286439477,-0.0638748626742924,-0.080667688532693,-0.00706784221419177,-0.0195929840829405,-0.00528616339291964
0.97276859669435,-0.671363482248606,-0.062095064928091,-0.0622865537608857,-0.00708174930949655,-0.0192040387781745,-0.00549706089786223
0.915922638817625,-0.653938393533901,-0.0599530211975515,-0.0428097374317367,-0.0071777699869605,-0.0187585424614204,-0.00554792882353461
0.855877895105742,-0.634209988298715,-0.0574607003994964,-0.0223455465783228,-0.00736963511662243,-0.0182481754781782,-0.00544118206353209
0.792944960030497,-0.6122420349329,-0.0546551659334955,-0.0010301211075267,-0.0076653493587753,-0.0176658971472206,-0.0051849365429058
0.727472814126005,-0.588157896090857,-0.0515922100559378,0.020980283892801,-0.00806703530308963,-0.0170071037810733,-0.00479206344282555
0.65982461518803,-0.562120233020462,-0.0483370683019995,0.0435183332506479,-0.00857163610749192,-0.0162702238155302,-0.00427894068589781
0.590356307883165,-0.534307352292692,-0.0449547786857266,0.0664136317786214,-0.00917213918272618,-0.0154567150858346,-0.00366415388020804
0.519402200935602,-0.50489183052849,-0.041502387249928,0.0894980426293208,-0.00985892508810299,-0.0145705873022813,-0.00296735670139687
0.447269168008905,-0.474025293560602,-0.0380242506935582,0.112607624546543,-0.0106209244416562,-0.0136176607169916,-0.00220841293056118
0.374238764331037,-0.441830906534646,-0.0345506707948887,0.135581447563548,-0.011446408614679,-0.0126047729895736,-0.0014068501510694
0.300574910997434,-0.408403088553507,-0.0310993495979894,0.158258162429172,-0.012323379178257,-0.0115390843133032,-0.000581586041699811
0.226534992046393,-0.373813647947121,-0.0276788565286656,0.18047170073496,-0.0132396405054951,-0.0104275739639915,0.000249144680826219
0.15238143408752,-0.338122393000654,-0.0242931644349619,0.202047508038273,-0.014182684264213,-0.00927672821690131,0.00106775168297866
0.0783917618381121,-0.301390859850904,-0.0209464358451511,0.222800798771863,-0.0151395459562497,-0.00809238922996857,0.00185722084709298
0.00486519524779265,-0.263697419257302,-0.0176473204184704,0.242537972620757,-0.0160967730899413,-0.00687970263853353,0.00260108703516678
-0.0678754478347639,-0.225152094519436,-0.0144121427946076,0.261061876204558,-0.0170406138823895,-0.00564311076694052,0.00328349831985595
-0.139487107251376,-0.185909284173498,-0.0112664790038547,0.27818091543332,-0.0179574863181473,-0.00438636161640104,0.00388939993195066
-0.209614877666368,-0.146176261923592,-0.008244781096461,0.29372100724962,-0.0188347122904175,-0.00311252787403834,0.00440484047985137
-0.277904242000064,-0.106215593199063,-0.00538798949450389,0.30753860648615,-0.0196614379008105,-0.00182405884762533,0.00481738022087165
-0.344015155959747,-0.0663400635521849,-0.00273943573318608,0.319532297720718,-0.0204295814677415,-0.000522893503986226,0.00511655898211543
-0.407635288649496,-0.0268996413341361,-0.000339698666330642,0.329650349683011,-0.0211346179281972,0.000789347383573297,0.00529436883303085
-0.468489900862178,0.011738354134495,0.00177859704540596,0.337892360314252,-0.0217760070769987,0.00211109300096534,0.0053456710486323
-0.526346040285199,0.0492134536075665,0.00359499711566877,0.344304004680562,-0.0223571072145613,0.00344051349466113,0.00526849611925953
-0.581010168327348,0.0851969603611145,0.00510359465527023,0.348965787783256,-0.0228845262798937,0.00477522021380263,0.00506418293515998
-0.632319845630792,0.119413868650655,0.00631317484751094,0.351978060300316,-0.0233669695726942,0.00611202796224744,0.00473733425701914
-0.680131578200871,0.15165892978831,0.00724530387267082,0.353445387212379,-0.0238137438862067,0.00744681305048436,0.00429559385384343
-0.724308479847327,0.181805742697128,0.00793103482794917,0.353463664731674,-0.024233165188531,0.008774473726292,0.00374928474671757
-0.764710966011952,0.20980949621647,0.0084071465311992,0.352112111455585,-0.0246311072131583,0.0100889621712524,0.00311096360172225
-0.801193905864656,0.235705391119482,0.00871277766950227,0.349451419886169,-0.0250099381941342,0.0113833425292533,0.00239496266636869
-0.833611375948639,0.25960487862864,0.00888699951536784,0.345527396518392,-0.0253680031495177,0.0126498167288703,0.00161697705513764
-0.861829521233134,0.281691339496073,0.00896746200247296,0.340378820198266,-0.0256997741538977,0.0138796890529619,0.000793742360524092
-0.885746030189932,0.302215429894023,0.00898987110993134,0.334047389629854,-0.0259966927092888,0.0150632720929234,-5.71828265105965e-05
-0.90531362598344,0.321489066963384,0.00898783626245759,0.326587596650182,-0.0262486391349997,0.016189781722143,-0.000917542432989877
-0.920564243020275,0.339876378005435,0.00899259082358852,0.318074644591882,-0.026445861714181,0.0172473088318802,-0.00176845431942421
-0.931630099000227,0.357780127568053,0.0090322073264634,0.308608905617851,-0.0265810918133571,0.0182229762067642,-0.00259048431276984
-0.938757932838835,0.375623131927739,0.00913014832227099,0.298315851163635,-0.0266514914008922,0.0191033845764985,-0.00336379028833842
-0.942312712006626,0.393825371217528,0.00930325501418363,0.287340684116728,-0.0266600372343964,0.0198754071457187,-0.00406840511670991
-0.942768135674089,0.412778761089979,0.0095595478369298,0.275837519331016,-0.0266159927858711,0.0205273237755676,-0.00468471869147676
-0.940682008704036,0.43282204504109,0.00989643997750668,0.263953572446723,-0.0265342250951967,0.0210501744828315,-0.00519419492379279
-0.936656807062236,0.454218525004578,0.0103000915650682,0.25181006301682,-0.026433335121966,0.0214391043501462,-0.00558031669239029
-0.931288667037119,0.477139148631518,0.0107465508878143,0.239482933287713,-0.0263328410011152,0.0216943856382647,-0.00582968716459369
-0.925111747013852,0.501653096124132,0.0112049650476849,0.226987714407968,-0.0262499461856646,0.0218217952258419,-0.00593314119501965
-0.918547949909289,0.527727274636117,0.0116425225018521,0.21427310210738,-0.0261966322034919,0.0218321285708642,-0.00588666193376815
-0.911872896909154,0.555235050971989,0.0120301185195846,0.201226494692996,-0.0261778291610825,0.0217398469528667,-0.00569189332854233
-0.905205750643655,0.583972805620837,0.0123473224173205,0.187691715597125,-0.0261911485414271,0.0215610967118261,-0.00535610688600238
-0.898524627575114,0.613681459925173,0.0125853422563637,0.173495680454848,-0.0262282086807841,0.0213115282665942,-0.00489161435099644
-0.891702267936322,0.644069136147662,0.0127473157116318,0.158478123109769,-0.0262771018070945,0.0210043717301976,-0.00431475910210465
-0.884551842350763,0.674831222310031,0.0128461219424856,0.142517981504478,-0.0263252650236149,0.0206491018760754,-0.00364470983542866
-0.876871901460927,0.705665215915743,0.0129006117832514,0.125551715762417,-0.026362022312645,0.0202508203484878,-0.00290228712120977
-0.868482115872042,0.736279303884943,0.0129314324994499,0.107581699616299,-0.0263803037249626,0.0198102967940096,-0.00210898855804309
-0.859245757213973,0.766395112795504,0.0129574690771646,0.0886755534211257,-0.026377372897708,0.0193245076235913,-0.00128628278524072
-0.849078857426881,0.795746051888555,0.0129935109882273,0.0689589349653738,-0.026354666393854,0.0187874972982155,-0.000455157517967272
-0.837948608908247,0.824073164165049,0.0130492965193337,0.0486046678612924,-0.0263170043698582,0.0181914296296852,0.000364146121841817
-0.825864535801069,0.851120388347077,0.0131297301927256,0.0278204898729469,-0.0262714712677562,0.0175277480294883,0.00115230043020294
-0.812866006844689,0.876631007654752,0.0132358706575397,0.00683674370905632,-0.0262262352111359,0.0167883985889707,0.00189104141291457
-0.799008995514963,0.900346608022424,0.0133662304164133,-0.0141055349214957,-0.0261895058223306,0.0159670674815479,0.00256336545754309
-0.784354254792955,0.922009310594572,0.0135179801382086,-0.0347661528609835,-0.0261687504984188,0.015060353497114,0.00315380800368175
-0.76895850947054,0.941367352707441,0.0136877768434044,-0.0549168453122398,-0.0261702299261281,0.0140687559520567,0.00364880684145031
-0.752869593194863,0.958183345714866,0.0138720898859684,-0.0743515804602348,-0.0261988297092146,0.0129973248267679,0.00403712294757656
-0.736125762464929,0.972243590895645,0.0140670669807871,-0.0928951608812759,-0.026258125683715,0.0118558232004106,0.00431026235239163
-0.718758609092462,0.983366297755514,0.0142681136668547,-0.110408970597257,-0.0263505699635056,0.0106583038785239,0.00446282830638795
-0.700798406377697,0.991406673326565,0.0144694345660442,-0.126792829328617,-0.0264776802604629,0.00942210363234347,0.00449273575403043
-0.682280135472089,0.996257373757225,0.0146637731367776,-0.14198251286472,-0.0266401301591603,0.00816637566334597,0.00440124163555195
-0.663248410422757,0.997844015056929,0.0148425037211265,-0.15594340691781,-0.0268376856919005,0.00691038199984009,0.00419278040905615
-0.643759775584001,0.996116542432669,0.0149961040101379,-0.168661634450748,-0.0270689875933915,0.00567181212070283,0.00387463191560815
-0.623881848432577,0.991038625931789,0.015114926903374,-0.180134611629921,-0.0273312420758235,0.00446537600801114,0.00345648003581507
-0.603689433608238,0.982577416706801,0.0151901198571501,-0.190363038575925,-0.0276199094670287,0.00330183958420905,0.0029499324368062
-0.583258423754986,0.970695774663943,0.0152145337376781,-0.199345935694679,-0.0279284861738794,0.00218756928957786,0.00236806709398794
-0.562658866096432,0.95534872254437,0.015183511028365,-0.207079715930987,-0.0282484666491327,0.00112456187113955,0.00172505469900418
-0.541948298991356,0.936484654324622,0.015095501271007,-0.213561472405323,-0.0285695291483736,0.000110872717567994,0.00103588059455422
-0.521166174454453,0.914051137929915,0.0149525063236926,-0.218795990757696,-0.0288799531723588,-0.000858665271893393,0.000316166433250903
-0.500329753599812,0.888004788066769,0.0147603817227042,-0.222805474632294,-0.0291672469720509,-0.00179153246023203,-0.000417928394047495
-0.479431069787716,0.85832400046297,0.0145289934075411,-0.225640424407304,-0.0294189257118862,-0.00269650146543654,-0.00114976222572822
-0.458434175206951,0.825023209580326,0.0142721718426865,-0.227389682830666,-0.0296233645039907,-0.00358256054884996,-0.00186227093570093
-0.437271950697613,0.788167386896663,0.0140073365910631,-0.228187351000532,-0.0297706508350662,-0.00445782867724709,-0.00253808654258265
-0.415841885280095,0.747884734147225,0.0137546060398613,-0.228213989081163,-0.0298533459606359,-0.00532851739742493,-0.00315977010900831
-0.39400157630364,0.704375884896115,0.0135352377893232,-0.227689983116003,-0.0298670958936891,-0.00619802061429116,-0.00371020716877713
-0.37156529858043,0.65791659296679,0.0133693535577875,-0.226859693021675,-0.0298110033015194,-0.0070662392210098,-0.00417318914193959
-0.348304835660068,0.60885244596563,0.0132731646753373,-0.225967291573811,-0.0296877340047577,-0.00792927212613921,-0.00453416763537135
-0.323957069039615,0.557583586982739,0.0132561752193778,-0.22522730383177,-0.0295032916514811,-0.00877958364718396,-0.00478110856939713
-0.298240323528551,0.504540495849831,0.0133190732682699,-0.224795599239826,-0.0292664724254421,-0.00960670471562764,-0.00490532276896373
-0.270878663111138,0.450153754230526,0.0134530021418137,-0.224747543012675,-0.028988041608235,-0.0103984186782054,-0.00490211745869722
-0.24163055169345,0.394823110396987,0.0136406085703636,-0.225069049820298,-0.0286797490746462,-0.0111422651502844,-0.00477113144265207
-0.21031627157105,0.338891984997482,0.0138587513435309,-0.225663090522328,-0.0283533562356431,-0.0118271056750331,-0.00451628545712791
-0.176838368816741,0.28263240853578,0.0140822370371956,-0.22636996523147,-0.0280198587521948,-0.0124444745055886,-0.00414537568570207
-0.141191059653885,0.226242304818729,0.0142876484770175,-0.226995915132233,-0.0276890199336177,-0.0129894895290395,-0.00366941929842321
-0.103457674257565,0.169854041588038,0.0144563887279454,-0.227343201935523,-0.0273692517908881,-0.013461218754554,-0.00310190392869518
-0.0637977870767469,0.1135503431393,0.0145763802012369,-0.227235265613344,-0.0270677523497347,-0.0138625117571904,-0.00245807732473845
-0.0224275474091257,0.0573829270893405,0.0146423072951014,-0.226532943620737,-0.0267907554146928,-0.0141994049797877,-0.00175437005741536
0.0204029362253688,0.00138962184397449,0.0146546654805628,-0.225140343374642,-0.0265437246645345,-0.0144802485581242,-0.00100798703991082
0.0644318272686728,-0.054392841561373,0.0146181024112268,-0.223001246694262,-0.0263313623225193,-0.0147146995078834,-0.000236657704268407
0.109405031352513,-0.109921556150487,0.0145395848194529,-0.220088325701234,-0.0261573606208779,-0.0149126883860686,0.00054149628643064
0.155091385556754,-0.165145442845694,0.0144268636297188,-0.216388352797661,-0.0260239192876297,-0.0150834350482741,0.00130803250025358
0.201292648673791,-0.220007344729913,0.0142875515889111,-0.211886594468319,-0.0259310973246606,-0.01523454261358,0.002044265042421
0.247847671397361,-0.274448416981718,0.0141289694999425,-0.206553757478283,-0.025876153691408,-0.0153712013097299,0.00273141632606183
0.294630345549104,-0.328412793245642,0.0139587266641889,-0.200338446498959,-0.0258530593879684,-0.0154955382907625,0.00335090995446411
0.341541273424315,-0.381850520215029,0.0137858186254238,-0.193167399601652,-0.0258523716518336,-0.0156061760605699,0.00388485667962611
0.388493938336244,-0.434717243753183,0.0136218717496091,-0.184954588405692,-0.0258616331667003,-0.0156980959439601,0.00431675400460454
0.435397261692123,-0.486969869835963,0.0134820628252286,-0.175618263033442,-0.0258663511816713,-0.015762902249054,0.00463236618332489
0.48213775229045,-0.538558636428626,0.0133852680417077,-0.165102782899538,-0.0258514671476931,-0.0157895473995258,0.00482068523298359
0.528565311779674,-0.589417353903253,0.0133531741107288,-0.153400161537633,-0.025803066887089,-0.0157654907578841,0.00487481593679927
0.574486385990581,-0.639454369511584,0.0134083871210009,-0.140565569433991,-0.025709965144888,-0.0156781414458585,0.0047926061415151
0.619666476887814,-0.688546824630096,0.0135719066182241,-0.126722308618183,-0.0255648032773895,-0.0155163341253826,0.00457688075504037
0.663841597897282,-0.736539968245115,0.0138605501905796,-0.112054750539093,-0.0253644415894831,-0.0152715584982048,0.00423522931121149
0.706735686635633,-0.783251575947036,0.0142849062750133,-0.0967911687205343,-0.0251096385486701,-0.0149387195973489,0.00377940518568744
0.748079698947563,-0.828480034201171,0.0148481787889874,-0.0811810341428519,-0.0248042184924946,-0.0145163389629479,0.00322447947235373
0.787628490531647,-0.872013974992059,0.0155459744549614,-0.065472193013211,-0.02445404989453,-0.0140062568079584,0.00258792320692096
0.825172508609075,-0.913640842533074,0.0163668019267525,-0.0498923160146819,-0.0240661316297991,-0.0134129887046581,0.00188876238261902
0.860543439393566,-0.953152873587984,0.0172929303724866,-0.0346371157402477,-0.0236480006483149,-0.0127429343961388,0.00114689312272615
0.893614127899616,-0.990349682536038,0.0183012815269285,-0.0198657297131587,-0.0232075288989908,-0.0120036026598864,0.000382577434507771
0.924294069126428,-1.02503783149838,0.0193641791292611,-0.00570217476096676,-0.0227530602118336,-0.0112029572800179,-0.000383910393227187
0.952522003222326,-1.05702855703633,0.0204499665000554,0.00775900530572867,-0.022293752204793,-0.0103489216833685,-0.0011325466527858
0.978256801678012,-1.08613504482562,0.0215236550302973,0.0204449472275551,-0.0218399402111013,-0.00944902616579508,-0.00184379951113941
1.00146790395538,-1.11217106998845,0.0225478477677587,0.0322963623888108,-0.0214033449538335,-0.00851016170410108,-0.00249891016342043
1.02212622307211,-1.13495232715499,0.0234841474688488,0.0432605991501309,-0.0209969714257458,-0.00753840269163542,-0.00308025597881694
1.04019636534675,-1.15430108548279,0.0242951227719281,0.0532869487216409,-0.0206346090824745,-0.00653888039845485,-0.00357180910584242
1.05563130380094,-1.17005420834077,0.0249467090751876,0.0623248513918369,-0.0203299398572435,-0.00551571719334188,-0.00395967199038243
1.06837027416964,-1.18207328507268,0.0254107070431124,0.0703251812645737,-0.0200953576818606,-0.00447204676372962,-0.00423264020106283
1.07834043796921,-1.19025496202809,0.0256669105116676,0.0772442508554472,-0.0199406983597566,-0.00341014738961368,-0.0043827217177063
1.08546231096489,-1.19453932625734,0.0257044010067445,0.0830496431109401,-0.01987213101529,-0.00233169591571778,-0.00440553664922001
1.08965796740206,-1.19491427428068,0.0255216985396222,0.0877265585400435,-0.0198914443691302,-0.0012381164467622,-0.00430053353760538
1.09086053227906,-1.19141489085744,0.0251257299872681,0.09128325029326,-0.0199958821148788,-0.000130968494491122,-0.00407098779343646
1.08902308720853,-1.18411799251189,0.0245298630392228,0.0937543607172843,-0.0201785509627657,0.000987694697230716,-0.00372378449698383
1.08412540785706,-1.17313326417657,0.023751470296306,0.0952015379491842,-0.0204292915265788,0.00211505632134874,-0.00326902349897289
1.07617736098251,-1.15859296423647,0.0228095621012707,0.0957113706905329,-0.0207357996388867,0.00324738372435616,-0.00271950884377317
1.06521889648791,-1.1406427139732,0.0217229700219914,0.0953912496166743,-0.0210847558732634,0.00437998686589793,-0.00209019512509063
1.05131685188826,-1.1194350817881,0.0205093859613225,0.0943639605374867,-0.021462743731199,0.00550725480264354,-0.00139765532537418
1.03455958341298,-1.09512734348579,0.0191853588066413,0.0927617243930359,-0.0218568220180334,0.00662273158677144,-0.00065961698900507
1.01505018073778,-1.06788348751186,0.0177671398437937,0.0907200052397929,-0.0222547081514182,0.00771920649564112,0.000105413216923474
0.992899050899468,-1.0378797605099,0.0162721092672604,0.0883710152048894,-0.0226446249074579,0.00878881997769818,0.000878442261579477
0.96821662925412,-1.0053123794742,0.0147204077702764,0.0858366176847895,-0.0230149393645295,0.00982321462053649,0.00164022881745471
0.94110666560648,-0.970405169455685,0.0131363339291025,0.0832203786064133,-0.0233537649379103,0.0108137749221575,0.00237151034844867
0.911660746937726,-0.933414693171907,0.0115490672912872,0.0805989509195787,-0.0236487179046694,0.0117519965247951,0.00305326969455908
0.879954898657035,-0.894630492842183,0.00999234047904317,0.0780136778096532,-0.0238870046908772,0.0126300001751285,0.003667089654242
0.846048913013312,-0.85436831511555,0.00850282805604556,0.075464040516503,-0.0240559532404845,0.0134411580424998,0.0041956309045836
0.809989264957518,-0.812955739797852,0.0071172691512588,0.0729051186398715,-0.0241440106648152,0.0141807507230474,0.00462324494789353
0.77181554935794,-0.770710990084836,0.00586865429000461,0.0702510853908441,-0.0241420842628117,0.0148465237971035,0.00493669672109083
0.731570072545763,-0.727918340459759,0.00478213930290258,0.0673858320014545,-0.0240449774628559,0.0154390034572252,0.00512593022420419
0.689308634395046,-0.684804644634453,0.00387156199010539,0.0641799759470091,-0.0238525583288296,0.0159614476288906,0.00518476767187768
0.645110445244703,-0.641522725772637,0.00313743654437797,0.0605114758152648,-0.0235703145989352,0.016419388550794,0.00511141506604704
0.59908480161954,-0.59814599009634,0.00256700337718607,0.0562855009656762,-0.0232090640871954,0.0168198163933375,0.00490866104255312
0.551372620894761,-0.554675621338397,0.00213638900511593,0.051448953504025,-0.0227837988489176,0.0171701379506421,0.00458370819774354
0.502142550816097,-0.511058490838265,0.00181435629174752,0.0459964162630632,-0.0223118892305942,0.0174770980783278,0.00414765804019931
0.451582765388492,-0.467211133932093,0.00156673498028874,0.0399667847049345,-0.021811044376379,0.0177458495274567,0.00361474632102575
0.399890048721312,-0.423043329583633,0.00136050709525482,0.0334323017959681,-0.0212974397167847,0.0179792823997792,0.00300146594611313
0.34725860828686,-0.378476376479032,0.0011667604358823,0.0264834852726365,-0.020784353853025,0.0181776703542856,0.00232571634578094
0.293870346715824,-0.333452763521104,0.000962103138921473,0.0192138123230474,-0.0202814697321114,0.0183386108820137,0.00160607680342165
0.239887847395266,-0.287937063836677,0.000728562669582269,0.0117073005999476,-0.0197948405375212,0.0184572189001697,0.000861247664961093
0.185450957819238,-0.241909678533465,0.000452278452074133,0.00403098299313402,-0.0193273874853028,0.018526520942819,0.000109655445265646
0.130676854302415,-0.195356393277703,0.000121492317737671,-0.00376716445912237,-0.0188797199891678,0.0185380049722739,-0.000630819953343957
0.0756637539469544,-0.148257401225618,-0.000275623080909814,-0.0116552242789459,-0.0184510745561922,0.0184823113335406,-0.00134304815418026
0.0204978983315366,-0.100579023097417,-0.00075278810609334,-0.0196104118471909,-0.0180401808227071,0.0183500483198098,-0.00201083590761187
-0.0347368065961372,-0.0522709500469487,-0.00132666449564385,-0.0276098497176057,-0.0176459372608475,0.0181327315459137,-0.00261914541756618
-0.0899481185872117,-0.0032697564491584,-0.00201685429673143,-0.0356209063070908,-0.0172677776376632,0.0178237660762222,-0.00315437344213939
-0.145025560664576,0.046491318415463,-0.00284473896666371,-0.0435930234131855,-0.016905690725267,0.017419354156387,-0.00360469391794028
-0.199832861116028,0.0970678267104877,-0.00383128483983113,-0.0514525932020604,-0.0165598765270264,0.0169191302449315,-0.00396042989426195
-0.254203793006654,0.148486726806278,-0.00499417610174975,-0.0591020276588626,-0.0162301931896799,0.0163264229368322,-0.00421440672999982
-0.307942087814063,0.200729253952807,-0.00634482965232127,-0.0664233602108282,-0.0159155586988714,0.0156480451868805,-0.00436222503521403
-0.360826150779925,0.253717757695587,-0.00788594180347883,-0.0732860320971924,-0.0156135490662229,0.0148936623515396,-0.00440241308227836
-0.412618371307814,0.30730988785338,-0.009610139379806,-0.0795575812009628,-0.0153203260079686,0.0140748101075284,-0.00433642645438216
-0.463077416506857,0.361301658970587,-0.0115000665907833,-0.0851152729457955,-0.0150309205225334,0.0132036909482728,-0.00416848171240088
-0.511971351151366,0.415438877702267,-0.0135299115272284,-0.0898566253600513,-0.0147398174406035,0.0122919383862659,-0.00390524260485935
-0.559089037267238,0.469434317179255,-0.0156680462849243,-0.0937070908198366,-0.0144416975274262,0.0113495234889376,-0.00355539772576445
-0.604248437076607,0.522987400694006,-0.017880251776104,-0.096624028736382,-0.0141321875795969,0.0103839565214548,-0.00312918879517833
-0.647300555427781,0.575802487488732,-0.0201329178536313,-0.0985968156778361,-0.0138084569696664,0.00939984149659571,-0.00263794123737447
-0.688129537731275,0.627603276669178,-0.0223957149355514,-0.0996438305043426,-0.0134695787568835,0.00839879769284117,-0.0020936466098874
-0.726649775000992,0.678141812454432,-0.0246434026475813,-0.0998074085555626,-0.0131166224012864,0.00737969820182562,-0.00150862633379011
-0.762801242049896,0.727201861699799,-0.0268566440741133,-0.0991479478031424,-0.0127525013394843,0.00633915186355323,-0.000895289267867475
-0.796544245335507,0.774597378700716,-0.0290218660230036,-0.0977381418130243,-0.0123816327957483,0.00527215238437671,-0.000265980149309872
-0.82785468702028,0.82016751839911,-0.0311303295217597,-0.0956579742969992,-0.0120094837495924,0.00417283226546449,0.000367095731061272
-0.856719863769107,0.863769170542737,-0.0331766110731172,-0.0929906151548217,-0.0116420613177355,0.00303526867765044,0.000991895523075465
-0.883135544781815,0.905268943008147,-0.0351567538638224,-0.0898191787682083,-0.0112854136448685,0.00185431109642254,0.00159653581586813
-0.907103633747773,0.944535228435064,-0.0370663091366245,-0.0862239580753063,-0.0109451744944495,0.000626393741833543,0.00216929263907017
-0.928630454026726,0.981431636827809,-0.0388985172007373,-0.082279820694526,-0.0106261885567579,-0.000649703967933673,0.0026986310041328
-0.947725386383897,1.015812637519,-0.0406428656643371,-0.0780535141672587,-0.0103322414885223,-0.00197220332116025,0.00317328708525008
-0.964399420152179,1.0475218228748,-0.0422842415344673,-0.0736008123448041,-0.010065909134911,-0.00333584934834631,0.00358241893373578
-0.978663791266804,1.07639346828569,-0.0438028772090182,-0.0689637404527964,-0.00982853754166994,-0.00473169138165203,0.00391583377484808
-0.990528803694136,1.10225750035691,-0.0451752041921639,-0.0641683271039273,-0.00962034854036657,-0.00614719858168895,0.00416428900679152
-1.00000283682812,1.12494728830619,-0.0463755917982152,-0.059223458256974,-0.00944064504131165,-0.00756676108505752,0.00431985094466673
-1.00709209992367,1.14430969423013,-0.0473788061332692,-0.0541214312809692,-0.00928807515320151,-0.00897257994098152,0.00437628506105672
-1.0118012347131,1.16021590721087,-0.0481628400301811,-0.0488405601820992,-0.0091608936703854,-0.0103458823035329,0.00432944024253662
-1.01413502263715,1.1725715844421,-0.0487116620459954,-0.0433498604125787,-0.00905715762840522,-0.01166833108824,0.00417758567993442
-1.01410056350211,1.18132431237824,-0.0490173771756281,-0.0376152444478123,-0.00897480138099628,-0.0129234428062381,0.00392165914648265
-1.01171014950971,1.18646781940078,-0.0490814479027606,-0.0316064078296156,-0.00891157542474141,-0.0140978189245812,0.00356540027720337
-1.0069837044533,1.18804186118513,-0.0489147575495855,-0.0253031551843341,-0.00886486421024653,-0.0151820166146636,0.00311535483921362
-0.999950145381284,1.18612824903661,-0.0485366022579886,-0.0186998991736226,-0.00883145006728994,-0.0161709499108028,0.00258075996202418
-0.99064717339582,1.18084392265086,-0.0479728745534397,-0.011807318470002,-0.00880731261696895,-0.0170638034910839,0.00197333510315092
-0.979118984946116,1.17233217565691,-0.0472538357574182,-0.00465053184753148,-0.00878756222622146,-0.0178635128242907,0.0013070131581923
-0.965411777617004,1.16075306348529,-0.0464118617578037,0.00273631360261808,-0.00876658713750367,-0.0185759184464576,0.000597644677589689
-0.949567614191937,1.14627403887053,-0.0454794565123712,0.0103185709410974,-0.00873845878319202,-0.0192087251814849,-0.00013730199261231
-0.931617255559672,1.12906097307829,-0.0444876530742916,0.0180717082154903,-0.00869758572318471,-0.0197703801264044,-0.000879040620106085
-0.911573410256592,1.10926988331957,-0.0434647963391441,0.0259924182772412,-0.00863955473446412,-0.0202689646352105,-0.00160778306393732
-0.889425964841488,1.0870393261791,-0.0424356033905396,0.0341081268637699,-0.00856204206996398,-0.0207111678296894,-0.00230310745408413
-0.865141134564848,1.06248390283588,-0.0414204028278402,0.0424824578036879,-0.00846563617980828,-0.0211014047560859,-0.00294442803624336
-0.838666299303034,1.03568983612884,-0.0404345270948977,0.0512142654722516,-0.00835439028502499,-0.0214411542129214,-0.00351161756525936
-0.809941111767581,1.00671357118942,-0.0394879236716948,0.0604285575265944,-0.00823593099662054,-0.0217286039369599,-0.00398581325185208
-0.778914393913584,0.975585001524745,-0.0385851635098916,0.070259259052657,-0.00812101389157119,-0.0219587052479522,-0.00435039382008925
-0.745564069216687,0.942315779017592,-0.0377260134011246,0.0808260177990014,-0.00802252477832471,-0.0221237129722099,-0.00459204680602346
-0.709915596186797,0.906911972520921,-0.0369066368672654,0.0922096889536423,-0.00795407377869928,-0.0222141891994113,-0.00470177589564098
-0.672054335536679,0.869389194487335,-0.0361213055207446,0.104432446255502,-0.00792846126382213,-0.0222203523421532,-0.0046756581133834
-0.632127869483077,0.829786519681047,-0.0353642716070759,0.117447900635324,-0.00795634433458293,-0.0221335180744485,-0.00451517734719415
-0.590337704528986,0.788175965250338,-0.0346313584862108,0.131143838677274,-0.00804537526888421,-0.021947338836089,-0.00422704932841418
-0.546922633473317,0.744665249406507,-0.0339208790115313,0.145356521763397,-0.00819992227052383,-0.0216585896224257,-0.00382257551442433
-0.502138536339476,0.699393607726797,-0.0332336988626513,0.15989213519946,-0.00842129382113551,-0.0212673807150336,-0.00331667363116654
-0.456239735758404,0.652522224143567,-0.0325725189768618,0.174549547781968,-0.00870825149432434,-0.020776835516865,-0.00272678398367821
-0.409465797346331,0.604221963268487,-0.0319406584395705,0.189139177403392,-0.0090575601601613,-0.0201923957860723,-0.00207183443533144
-0.362035635784912,0.554661375512915,-0.0313407187312721,0.203494828937381,-0.00946438370321227,-0.0195209721788391,-0.00137138432468657
-0.31414838684263,0.503996935055703,-0.0307734697736474,0.217477635762374,-0.00992243676341865,-0.0187701243196305,-0.000644989205454947
-0.265989407880086,0.452367115816712,-0.0302372286340986,0.230973229435907,-0.0104239181416112,-0.0179474054058727,8.8231583727946e-05
-0.217738767488125,0.399890681408802,-0.0297278563913956,0.24388423430262,-0.01095932538316,-0.0170599174488436,0.000809880843612705
-0.169579722659846,0.346669261806747,-0.0292393849161918,0.256120635196187,-0.0115172923338157,-0.016114071207986,0.00150248937240238
-0.121704950816331,0.29279372196217,-0.0287651574029926,0.267590428158423,-0.0120845885404314,-0.0151155046858921,0.00214970139139899
-0.0743188991468809,0.23835335254594,-0.0282992529944282,0.278192527490659,-0.0126463822858284,-0.0140691001725875,0.00273648014408032
-0.027635530222262,0.183446642152746,-0.027837899060039,0.28781343254641,-0.0131868130927491,-0.0129790557300654,0.00324935071035671
0.0181284385407385,0.128191711171503,-0.027380529263047,0.296328268219338,-0.0136898373885749,-0.0118489751224115,0.00367667265346839
0.0627636096979391,0.0727344920682526,-0.0269302193396822,0.30360618206501,-0.0141402476961599,-0.0106819732332545,0.00400891764913102
0.106079415233981,0.0172526100977432,-0.0264933428278489,0.309519023663119,-0.0145247049074903,-0.00948079607416371,0.00423891534245461
0.147914639606898,-0.0380463863972619,-0.0260784928471735,0.313951626817979,-0.0148326170648774,-0.00824796233594378,0.00436203109346229
0.188144802282647,-0.0929326563311097,-0.0256949097257773,0.316811714703153,-0.0150567246794005,-0.00698593126672196,0.00437624849142966
0.226684710273346,-0.147166669590338,-0.0253507847204058,0.318037412629662,-0.0151933226829131,-0.00569727850468965,0.00428214301625946
0.263485750843085,-0.200514598696436,-0.0250518488538313,0.317601079367778,-0.0152421292759389,-0.00438486020845582,0.00408275144351401
0.298528543124228,-0.252763681565497,-0.0248005542355487,0.315508831308579,-0.0152058743423797,-0.00305193520045369,0.00378335386134896
0.331812666785733,-0.303734797706992,-0.0245960027062373,0.311796279468003,-0.0150897282279111,-0.0017022283286294,0.00339119885211665
0.363345508055094,-0.353290106738805,-0.0244345578367123,0.306521446540859,-0.0149006805198414,-0.000339928588304925,0.00291520359501447
0.393132423986006,-0.401334888798678,-0.024310942474684,0.299756543354439,-0.014646969511802,0.00103035945804432,0.0023656642748815
0.421169548509084,-0.447813638338587,-0.0242195113427751,0.291579924757617,-0.0143376095529344,0.00240368150163227,0.00175400201554669
0.447440038634504,-0.49270153119705,-0.0241554140842338,0.28206959093382,-0.0139820466513494,0.00377477746307225,0.00109256512939037
0.47191417441908,-0.535993322390983,-0.0241154523801262,0.271299412913667,-0.0135899636197863,0.0051380722400989,0.000394499542114695
0.494552966005297,-0.577691339676737,-0.0240984956794678,0.259338412954794,-0.0131712231120525,0.00648761477893737,-0.000326316981901505
0.515314888512397,-0.617794512076199,-0.024105439567139,0.246253197433469,-0.012735939486101,0.00781698427432056,-0.00105529089604417
0.534164833038055,-0.656289337732565,-0.0241387235030236,0.232112841693517,-0.0122946347823466,0.00911921477568508,-0.00177710722457538
0.551084190672753,-0.693143317942567,-0.0242014753233615,0.216995186329727,-0.0118584152697613,0.0103867992329269,-0.00247573848312723
0.566080498895552,-0.728300769745808,-0.0242963739217288,0.200993085059334,-0.0114390751386952,0.0116118283295479,-0.00313451078012419
0.579195537262219,-0.761681746896479,-0.0244243995535423,0.184219302810237,-0.0110490344475786,0.0127863104425114,-0.00373627581895302
0.590509669872798,-0.793183849750302,-0.0245836568954364,0.1668083173896,-0.0107009966237985,0.0139026676263148,-0.00426373562699103
0.600141050344075,-0.822687773438736,-0.0247685501458726,0.148913878943943,-0.0104072605900867,0.0149543639161848,-0.00469996011092139
0.608237933328561,-0.850066222100995,-0.0249695753612294,0.130701470316875,-0.0101786759933216,0.0159365506999317,-0.00502911023776287
0.614964118127476,-0.875196125393608,-0.0251739676929512,0.11233610021056,-0.0100233537610752,0.016846585481618,-0.00523734226755195
0.620478494382731,-0.89797213304837,-0.0253672386491445,0.0939669650296823,-0.00994535343877039,0.0176842549575676,-0.00531380831133718
0.624912317773277,-0.918319302359552,-0.0255354011160745,0.0757120152571463,-0.00994367283177517,0.0184515907315352,-0.00525161822035926
0.628349017198265,-0.936201988656674,-0.0256673882281192,0.0576460596876109,-0.010011862888856,0.0191522493768147,-0.00504859413521617
0.630811473127587,-0.951626351082319,-0.0257570119005026,0.0397956485607512,-0.0101384735337772,0.0197905411660496,-0.00470766356563073
0.632260397935209,-0.964635738730017,-0.0258038851568095,0.0221423917885119,-0.0103083243120982,0.0203702947497462,-0.00423680820483504
0.632604125568741,-0.975299589007067,-0.0258130117881749,0.00463393365016387,-0.010504349749942,0.0208937704928491,-0.00364858595101017
0.63171727378423,-0.983698554870459,-0.0257931662005316,-0.0128003928672181,-0.0107096142730134,0.0213608149764677,-0.00295934512946396
0.629463509982284,-0.989908710381805,-0.0257544998529466,-0.0302333388089789,-0.0109090629573248,0.0217683532872881,-0.00218830028685988
0.625717132787237,-0.993987040954786,-0.0257059548210674,-0.0477268627646831,-0.0110906852677724,0.0221102370124775,-0.00135663328410489
0.620380129699225,-0.995960098336922,-0.0256530219814589,-0.0653250359111419,-0.0112459603213807,0.0223774191304716,-0.000486730559196831
0.613392563938057,-0.995815880159862,-0.0255962089810532,-0.0830533964994867,-0.0113696277270711,0.0225584185893124,0.000398409648035707
0.604736722328899,-0.993499317248088,-0.0255304316916892,-0.10092362911486,-0.0114589773798071,0.022640058850757,0.00127563007692294
0.594436068161554,-0.988911471795499,-0.0254454310616894,-0.118941335284778,-0.0115129215972645,0.022608491964665,0.0021220012247485
0.582550758844124,-0.981913513778017,-0.0253272502604007,-0.137114126639177,-0.0115311350677213,0.0224505204168179,0.00291523068163541
0.569171063996138,-0.972336539305007,-0.025160697294056,-0.155457334289964,-0.0115135064883385,0.0221551709755194,0.00363417244934317
0.554409730966873,-0.959998189645457,-0.0249325452731789,-0.173995283245034,-0.0114600582827186,0.0217153834922,0.00425947781234427
0.538393879354215,-0.944725636230695,-0.0246349699555999,-0.192757216117741,-0.0113713528623613,0.0211295605495972,0.00477437343793765
0.521256856825629,-0.92638252744943,-0.0242684930786083,-0.21176845117485,-0.011249244822464,0.020402643978075,0.00516548744120845
0.503130688057035,-0.90489568156372,-0.0238436336391921,-0.231038908413986,-0.0110977054231338,0.0195463993975887,0.00542359168003034
0.484139604091648,-0.88027564573771,-0.0233806601468151,-0.250552028683666,-0.0109233836271827,0.0185787085403526,0.00554410794453297
0.464395474296343,-0.852626253938703,-0.0229073282612355,-0.270257179265001,-0.010735633013187,0.0175219067148848,0.0055272594708078
0.4439957600709,-0.822140589461597,-0.0224550822386751,-0.290067558716143,-0.0105458952574537,0.0164004456783216,0.00537782513735328
0.423024269351742,-0.789084189180189,-0.0220546642127019,-0.309863909849395,-0.0103665338722382,0.0152383288138194,0.00510454532079188
0.401554516864572,-0.753769421390942,-0.0217322109862519,-0.32950271077349,-0.010209374121275,0.0140567898601046,0.00471929880207236
0.379655107188137,-0.716526741224471,-0.0215066946174072,-0.34882658985673,-0.010084273300325,0.0128725761209769,0.00423619713802764
0.357396146639599,-0.677678194681518,-0.0213891017738528,-0.367674541848228,-0.00999800748407537,0.0116970045279854,0.00367072426728407
0.334855593638511,-0.63751724611999,-0.0213832669894023,-0.385890122741432,-0.0099536562992362,0.0105357748224971,0.00303900697166906
0.312124620124265,-0.596296870084252,-0.0214879143261117,-0.403326569389343,-0.00995053579487403,0.00938939073814818,0.00235725643951501
0.289311080352481,-0.554226231837988,-0.0216993001167662,-0.419848636084392,-0.00998461109390893,0.00825398746331555,0.00164138419215276
0.266540647984259,-0.511474908094826,-0.0220138464284411,-0.435331542196845,-0.0100492416493485,0.00712237220075095,0.000906774601637624
0.243955378044909,-0.468182713456081,-0.0224302580532456,-0.449657773458712,-0.0101360771397393,0.0059851320314045,0.000168183098331417
0.221709945358514,-0.424472979267201,-0.0229507608717588,-0.462712745289169,-0.0102359372759548,0.00483172716640992,-0.000560276536145673
0.199965847700044,-0.380466776264281,-0.0235812795492366,-0.474380529084752,-0.010339564835148,0.00365153659928817,-0.00126509584121015
0.178884095175369,-0.33629585966645,-0.0243304891603695,-0.484540689064653,-0.0104382002955614,0.00243485462887663,-0.0019333272625778
0.158616872170261,-0.292112496708514,-0.025207838561338,-0.49306734382254,-0.0105239907296548,0.00117383992980748,-0.00255256840374247
0.139298657147955,-0.248094862923509,-0.0262207709195737,-0.499831263408624,-0.0105902740555378,-0.000136600031405148,-0.00311100467689916
0.12103736744292,-0.204447225958297,-0.0273715098156002,-0.504705320601248,-0.0106317809302615,-0.00149803870143821,-0.00359752879323704
0.103906356254584,-0.161394755644313,-0.0286539247638721,-0.507573004024412,-0.010644780236525,-0.00290795549833705,-0.00400194198879091
0.0879383772295053,-0.119173433665015,-0.0300510989279291,-0.508338953688315,-0.0106271732107982,-0.00435945684972371,-0.0043152275419678
0.0731227775966157,-0.0780162361703831,-0.0315342355527142,-0.506939767961067,-0.0105785277771165,-0.00584138888908526,-0.00452987346368118
0.0594069994143238,-0.0381374684879916,-0.0330633977689937,-0.503352846417621,-0.0105000427835778,-0.00733890108573585,-0.00464020976955737
0.0467029082224615,0.000282285526262832,-0.0345902663017178,-0.497601132529429,-0.0103944426786177,-0.00883445485155037,-0.00464271974902996
0.0348975699303893,0.0371079838311909,-0.0360626623389213,-0.489752281980484,-0.0102658175125197,-0.0103091900277584,-0.00453628522849838
0.0238670967018185,0.072256529911305,-0.0374301273914149,-0.479911822529446,-0.0101194311658365,-0.0117444839330603,-0.0043223325807284
0.0134914461394305,0.105696539820155,-0.0386495502228938,-0.468211366040569,-0.00996152416501719,-0.0131234904070571,-0.00400486161058701
0.00366777358888058,0.137441614925995,-0.0396897716614547,-0.454794020788268,-0.00979912515840602,-0.0144324413696296,-0.00359035655780079
-0.00567975064287472,0.167538596962629,-0.040534332846677,-0.439799819078467,-0.00963986769225863,-0.0156615370202285,-0.00308759642997142
-0.014594975893249,0.19605323814612,-0.0411819770363397,-0.423353903731567,-0.00949178982232485,-0.0168053279027573,-0.00250739542464764
-0.0230899984086149,0.223056062290671,-0.0416450270122489,-0.405559544172363,-0.00936308148372562,-0.0178625802880793,-0.00186231102594987
-0.031150032108979,0.248610882352749,-0.0419461784967643,-0.38649696186969,-0.00926174135179403,-0.0188356893343276,-0.0011663558751907
-0.0387417714716101,0.272767734574583,-0.0421144948095605,-0.366227972228816,-0.00919511750061098,-0.019729755223396,-0.000434742026838159
-0.045823830593104,0.295560968836001,-0.042181394263019,-0.344805357065385,-0.00916932335474699,-0.0205514465436794,0.000316328810664836
-0.0523578437344253,0.317012370077669,-0.0421772924084936,-0.322285363678074,-0.00918855372650196,-0.0213077737240944,0.00106983193476484
-0.0583189179225965,0.337138325135022,-0.0421293126645045,-0.298741132608138,-0.00925435923987621,-0.0220048734542029,0.00180806608188796
-0.063704223969383,0.355959437353652,-0.042060227501998,-0.274274593422928,-0.00936497848460861,-0.0226468955068348,0.00251282145487137
-0.0685385460345483,0.373510491178605,-0.0419885572778512,-0.249024191019299,-0.00951486352843184,-0.0232350838982204,0.00316562737175906
-0.0728756531628278,0.389848310114415,-0.0419295564106258,-0.22316590598473,-0.00969455412541588,-0.0237671540263262,0.00374814434480674
-0.0767946089713205,0.405055102325084,-0.0418966807614805,-0.196905782395795,-0.00989104390624776,-0.0242370822733842,0.00424275458790865
-0.0803907696666724,0.419235413292704,-0.0419030488539402,-0.170463637683224,-0.0100887145340969,-0.0246354121115133,0.00463336742563958
-0.0837623374753539,0.432506153012573,-0.041962432297657,-0.144049916437835,-0.0102707908367748,-0.024950130328923,0.00490639163905501
-0.0869946717389094,0.444980908151282,-0.0420894265163334,-0.117840025520067,-0.010421107385072,-0.0251680501995361,0.00505174717524764
-0.0901457044732022,0.456751937405329,-0.0422987167366934,-0.0919522799274567,-0.0105258486139834,-0.0252765128664556,0.00506373130214287
-0.0932359936542664,0.467874261663504,-0.0426036201619301,-0.0664353301217645,-0.0105748832517378,-0.0252650896870102,0.00494154763201174
-0.0962459829495301,0.478356146756245,-0.0430143258951542,-0.0412686644654635,-0.0105624184523365,-0.0251269443582795,0.00468937430399742
-0.0991210603798101,0.488158297793032,-0.0435363040998297,-0.0163759584014291,-0.0104869040301719,-0.0248595844002913,0.00431596213053267
-0.101782889992521,0.497201363242513,-0.0441692290939979,0.00835255177021783,-0.0103503414349012,-0.0244648943851352,0.0038338696051947
-0.10414415577204,0.5053793164467,-0.0449065473760217,0.0330344259798936,-0.0101573038941683,-0.0239485437192524,0.00325851412873261
-0.10612341597307,0.512574259361342,-0.0457355027150024,0.0577717453487878,-0.00991397203173106,-0.0233189475234226,0.00260721342504655
-0.107657823642029,0.518670146638561,-0.0466374451440801,0.0826339746852057,-0.00962743649066219,-0.0225860928095314,0.00189835780665445
-0.108712315463293,0.523562691031472,-0.0475881353176377,0.107648563336673,-0.00930535020290457,-0.0217604320572078,0.00115076926589193
-0.10928500982371,0.52716478427677,-0.0485579472243149,0.13279891991639,-0.00895590036938993,-0.020851997954047,0.00038324541928737
-0.109409166080982,0.529408057041314,-0.0495120765330733,0.158028317533316,-0.00858798872121794,-0.0198698064141986,-0.000385756696265721
-0.10915209228905,0.530241364283659,-0.0504109920496719,0.183247818258179,-0.00821146482250558,-0.0188215193986041,-0.00113836245754502
-0.108611366806333,0.529627674553979,-0.0512114985338123,0.208346428756342,-0.00783727212801578,-0.0177133186390744,-0.00185750793126035
-0.107908619847061,0.527540859931476,-0.0518687441668724,0.233202035133974,-0.00747740067656558,-0.0165499327592017,-0.00252719989660721
-0.107181094395324,0.523963333532758,-0.0523392839966438,0.25769188642055,-0.00714458532995882,-0.0153347602746863,-0.00313282778713733
-0.106571507020523,0.518885187428449,-0.0525850004362494,0.281701621195161,-0.00685174871809319,-0.014070056999437,-0.00366151782783785
-0.106217203508673,0.512305083110795,-0.0525773337780402,0.305132025035752,-0.00661124700800769,-0.0127571780782364,-0.00410249290219396
-0.106240006123358,0.504232452062946,-0.052300991959497,0.327902792103427,-0.00643402049024718,-0.0113968673036565,-0.00444738287998252
-0.106738417311655,0.494690577092424,-0.0517563025879578,0.349953039289195,-0.00632878056306842,-0.00998959459981564,-0.00469043048725221
-0.107783534646087,0.483719606988363,-0.0509595649177578,0.371238596610615,-0.00630135419927538,-0.00853591930325522,-0.00482855245387573
-0.109419407390364,0.471378839415753,-0.0499412283086192,0.391726721840914,-0.00635427535398772,-0.00703684893076331,-0.00486124729638047
-0.111667633751683,0.457747723898914,-0.0487422239840585,0.411389273835425,-0.00648665864472704,-0.0054941514567039,-0.0047903738484612
-0.1145351266427,0.44292522801823,-0.0474091663701904,0.430195513066799,-0.00669433530649641,-0.00391058011702938,-0.0046198483574931
-0.118023483602359,0.427027644511905,-0.0459893302536422,0.448105733915049,-0.00697019291089975,-0.00228998712231569,-0.00435531843357504
-0.122138284927806,0.410185042108622,-0.0445262323616617,0.465066550163506,-0.00730464011674103,-0.000637322055868385,-0.00400386434254862
-0.126896951881584,0.39253683377984,-0.0430564193567319,0.481008319479526,-0.00768612116810072,0.00104146562832364,-0.00357376225218373
-0.132334265277181,0.374226983832578,-0.0416077526830118,0.495844740855444,-0.00810162104505436,0.00273958477738124,-0.00307432381406773
-0.138505140870866,0.355399452959274,-0.0401991986036776,0.509474399594708,-0.00853712721721083,0.00444957826702681,-0.00251581014867822
-0.145484610837664,0.336194453267705,-0.0388419137220556,0.521783894132788,-0.0089780404808767,0.00616347627721863,-0.0019094067186363
-0.153365108441658,0.316745979012143,-0.0375412758113229,0.532652146751148,-0.00940955211098647,0.00787289909287614,-0.00126723827663524
-0.162251129131966,0.297180987464695,-0.0362994441520468,0.541955626619932,-0.00981702686571633,0.00956910004958727,-0.000602398577906596
-0.172251185930615,0.277620475521105,-0.0351180158192338,0.54957434953226,-0.0101864468881295,0.01124296146488,7.10351243054933e-05
-0.183466775549666,0.258182524085503,-0.0340003552771403,0.555398529373771,-0.0105049730152298,0.0128849765351173,0.000738038534598223
-0.195978025023665,0.238987265009322,-0.0329532191136579,0.559335758196087,-0.0107616602851138,0.0144852659638913,0.00138276876398762
-0.20982591637547,0.220163409280334,-0.0319873540283613,0.561318242876221,-0.0109483063243842,0.0160336802419331,0.00198882817027215
-0.224991814736841,0.201855501870735,-0.0311168423972563,0.561309218629759,-0.0110603141741726,0.017520025441502,0.0025396994908471
-0.241376644879822,0.184230261645795,-0.0303571176440494,0.559307264221197,-0.0110973329986728,0.018934419794455,0.00301936440681733
-0.258784355516963,0.167479286862506,-0.0297217953675026,0.555347078677281,-0.0110633621849286,0.02026774234265,0.00341307405572556
-0.276916497607089,0.151814649707598,-0.0292187921651174,0.5494957432785,-0.0109660683673431,0.0215120892089726,0.0037081849386352
-0.295385071826615,0.137454521697634,-0.0288465975276015,0.541844653968664,-0.0108153439083819,0.0226611300980982,0.00389493269947059
-0.313747184595009,0.124598912697065,-0.0285918629140635,0.532498625005631,-0.010621555215899,0.0237102717810373,0.00396702096921629
-0.33155725742355,0.113400553928286,-0.0284294152039573,0.521564605489187,-0.0103942214400538,0.0246565930909911,0.00392196439323109
-0.348423730365323,0.103940196398998,-0.0283251640281922,0.509142294986348,-0.0101417141526395,0.0254985826514907,0.00376120709438572
-0.364053235121831,0.0962156374659718,-0.0282412951172794,0.495318072568816,-0.00987196661235141,0.0262357528400023,0.00349007857761647
-0.378269675612997,0.0901484555966288,-0.0281421742996762,0.480162705830346,-0.00959354209592493,0.0268682012776688,0.00311762117939576
-0.391006203855414,0.085604771523902,-0.0279991417968028,0.463732810224082,-0.00931623769723323,0.0273961671675913,0.0026562695726387
-0.402278074039916,0.0824211957108916,-0.027792998683646,0.446075740219852,-0.0090507887990201,0.0278196147844957,0.00212134854486979
-0.412148654600953,0.0804270291172886,-0.0275140523632917,0.427237148036359,-0.00880782655452346,0.0281378837824943,0.00153039730182259
-0.420699072252113,0.0794575535782889,-0.0271604764499698,0.407269748383215,-0.0085965983943982,0.028349457436285,0.000902385679675685
-0.428007174147962,0.0793579095054296,-0.0267360953562888,0.386241343255578,-0.00842395149576069,0.0284519023280258,0.000256913523703543
-0.434136936144232,0.0799803415471836,-0.0262485382694918,0.364240227577515,-0.00829383968479026,0.0284420220276303,-0.000386532960738402
-0.439136454899472,0.0811788132777412,-0.0257082399033903,0.341376535572863,-0.00820734878562553,0.0283162338924891,-0.00100923511508028
-0.443041497156162,0.0828046459685397,-0.0251282653110496,0.317778950342377,-0.00816307338887626,0.028071143250892,-0.00159380919077318
-0.44588153572295,0.0847056310778588,-0.0245245667027175,0.293587121449023,-0.00815763708522424,0.0277042494782777,-0.00212470630755603
-0.447685718292562,0.0867295683009293,-0.0239161214607682,0.268940983871915,-0.00818619223288755,0.0272146805577557,-0.00258865842441058
-0.44848693767851,0.0887317273666398,-0.0233244602998042,0.243968826141568,-0.00824281580144285,0.026603825100507,-0.00297506409849394
-0.448323113975589,0.0905845811823931,-0.0227723387179554,0.218776397274727,-0.00832079910250496,0.0258757352865082,-0.00327628657042709
-0.447235639514332,0.0921874696530747,-0.0222816338341393,0.193439245659511,-0.00841288226799034,0.0250372037292517,-0.00348782437503799
-0.445265646275399,0.0934737959810243,-0.0218708541580499,0.167999864204634,-0.00851149981024151,0.0240974755307847,-0.00360831780434554
-0.442449159456302,0.0944139422623728,-0.0215528215756269,0.142470156615872,-0.00860908312915724,0.0230676274889363,-0.00363937323793227
-0.438812562876495,0.0950132134282627,-0.0213330800298603,0.116838671799728,-0.00869843027138445,0.0219597274215275,-0.00358521821023987
-0.434369272160477,0.0953052610466014,-0.0212093766022046,0.0910809249176599,-0.00877310627556916,0.0207859082301109,-0.0034522265132605
-0.429118348014425,0.0953424554305365,-0.0211722880940899,0.0651707653828982,-0.00882781773390039,0.0195575090990323,-0.00324837343910861
-0.423045031920257,0.0951850843830678,-0.0212067815193917,0.039090746376097,-0.00885869893118396,0.0182843913523358,-0.00298268323327347
-0.416122947962196,0.0948912134591494,-0.0212943305887155,0.0128400532018357,-0.00886346882833208,0.0169744955079282,-0.00266472259561078
-0.408317152582318,0.0945084845839606,-0.0214151483211141,-0.0135607599604535,-0.00884143988518826,0.0156336394918565,-0.00230417401738718
-0.39958759685389,0.0940686458320276,-0.0215501792678057,-0.0400682058646788,-0.00879339530614311,0.014265540314539,-0.00191050715461707
-0.389891977399968,0.0935846670747742,-0.0216825902755138,-0.0666169043715715,-0.00872135616699534,0.0128719890113081,-0.0014927463964501
-0.379188362538259,0.0930504112552245,-0.0217986929755728,-0.0931224717380546,-0.00862829474828259,0.0114531585086939,-0.0010593307533257
-0.367436691825736,0.0924420329613289,-0.0218882826950234,-0.119485422845426,-0.0085178165912305,0.0100079664060788,-0.000618047401501244
-0.354600478163932,0.0917209038300503,-0.0219445583184118,-0.145595666008434,-0.00839387345178966,0.00853450171712032,-0.000176028385143165
-0.340646740668649,0.0908368893123092,-0.0219636600314004,-0.171336781249168,-0.00826048115482273,0.00703041982006898,0.000260213842441117
-0.325545894129622,0.089732064264701,-0.0219440450515819,-0.19659011921599,-0.00812149145409392,0.00549334398130173,0.00068471962728195
-0.309270494741418,0.0883442073879333,-0.0218857642572242,-0.221238203611231,-0.00798039163518299,0.00392122961833456,0.00109199887515945
-0.291793940481457,0.0866101491817722,-0.0217898007274532,-0.245167703783271,-0.00784015252683077,0.00231271401480207,0.00147694002165626
-0.273088850554537,0.0844687788162233,-0.0216575248806045,-0.26827188019512,-0.00770311208095146,0.000667436832921952,0.00183472141694134
-0.253125431157799,0.0818637163893955,-0.0214903324887278,-0.290452678406644,-0.00757089673262197,-0.00101367105267896,0.00216073450088825
-0.231869653097246,0.0787455300709859,-0.021289476847881,-0.311622322603992,-0.00744437424325568,-0.00272814343421153,0.00245052633709823
-0.209281684305973,0.0750735359733966,-0.0210561317457897,-0.331704698458694,-0.00732365290735078,-0.00447179045126392,0.00269977114987146
-0.185314360840652,0.070816961936296,-0.0207916536074483,-0.350636177063245,-0.00720813010322532,-0.00623858616521461,0.00290427573451801
-0.159912180211273,0.0659553859616845,-0.0204980443789815,-0.36836605659711,-0.00709661684486219,-0.00802065128634559,0.0030600251846773
-0.133011039297731,0.0604781590945521,-0.0201785678889667,-0.38485631148666,-0.00698755766207042,-0.00980834777935925,0.00316326833843455
-0.104539518147396,0.0543825833625212,-0.0198384868028438,-0.40008076877923,-0.00687937451662737,-0.0115904986858799,0.00321064016254499
-0.074422613519275,0.0476705231638526,-0.0194858460457215,-0.414023559259638,-0.0067709431922644,-0.0133547306064264,0.00319930877498691
-0.0425892642830027,0.0403432530858477,-0.0191322133316121,-0.426677034378864,-0.00666218235811737,-0.0150879237206554,0.00312712992458191
-0.00898493684104115,0.0323945223476536,-0.0187932269541048,-0.438039201799363,-0.00655466951262624,-0.0167767308281701,0.00299278567457857
0.0264100190635437,0.0238023014805673,-0.0184887480775303,-0.448110957388117,-0.00645211447760425,-0.0184081163795345,0.00279588853992337
0.0635572638040766,0.014520377476188,-0.0182423523536547,-0.456893173233062,-0.00636043351847635,-0.0199698558822389,0.00253704526564044
0.102336396368634,0.00447185405794746,-0.018079916173767,-0.46438376898916,-0.00628715053637572,-0.0214509498222793,0.0022179015247105
0.142526779715997,-0.00645279886232617,-0.0180272043581783,-0.470574803844477,-0.00623997905242435,-0.0228419252727205,0.00184121620851634
0.183803477616804,-0.0183908127233305,-0.0181066974988817,-0.475449957766545,-0.00622475305850369,-0.0241350261285478,0.00141102480747706
0.225752908274017,-0.0314945881109754,-0.0183342951954078,-0.478983223826886,-0.00624327592147326,-0.0253243042712351,0.000932924413701455
0.267907117883694,-0.0459135066242602,-0.018716738884185,-0.481139917024581,-0.00629189500245172,-0.0264055984164441,0.000414443839782275
0.309787510568926,-0.061774009129978,-0.0192504489277203,-0.48188133469242,-0.00636147929789579,-0.0273763858138002,-0.000134602626470747
0.350944971007731,-0.079162409646318,-0.0199219034182202,-0.481173135780307,-0.00643894659093937,-0.0282354543988133,-0.000701917225406721
0.390985914589435,-0.0981133188770309,-0.0207091328914426,-0.478996441600663,-0.00650989511220723,-0.0289823919194152,-0.00127278310652787
0.429581092945158,-0.118604405234631,-0.0215836431215192,-0.475359150747814,-0.00656155107458009,-0.0296169354831271,-0.00183043397899872
0.466461193789896,-0.140556786462789,-0.0225122501322186,-0.470304375545255,-0.00658528102617493,-0.0301382914309051,-0.00235671181890298
0.501406686930659,-0.163840108892308,-0.0234587012668253,-0.463913093429149,-0.00657819032078008,-0.0305445721427359,-0.00283296448359354
0.534238631479349,-0.188281784016982,-0.0243852811101063,-0.45629918872078,-0.006543630931634,-0.030832499031179,-0.00324112440295516
0.56481396284881,-0.213680035299687,-0.0252546765415591,-0.447596762982213,-0.00649066104405951,-0.0309974809691657,-0.00356489561833906
0.593025330424235,-0.239819915528314,-0.0260321992731093,-0.437941745876624,-0.00643264011009427,-0.0310341059115688,-0.00379094620139323
0.618803128713411,-0.26649040620223,-0.0266881557784933,-0.427451768735968,-0.00638524543904148,-0.0309369830422104,-0.00390996489363614
0.642116560341554,-0.293499735368392,-0.0271998977621158,-0.416209273823046,-0.00636427296155121,-0.030701771119209,-0.00391742132928114
0.662971387955658,-0.320685896139173,-0.0275530380254461,-0.404252346629195,-0.00638360918026366,-0.0303261662069962,-0.00381389533920227
0.681403655564949,-0.347920275909849,-0.0277415122544051,-0.391575559604343,-0.00645369856466621,-0.0298106182862171,-0.00360491631258199
0.697470470754477,-0.375104131652474,-0.0277665269222205,-0.378140168203405,-0.00658068672562475,-0.0291586218948272,-0.00330035593147108
0.711240078778191,-0.402159589079584,-0.0276347777651706,-0.363890433668873,-0.0067662418873044,-0.0283765477243858,-0.00291350554665221
0.722783333012471,-0.429017981877353,-0.0273564878364735,-0.34877149864557,-0.00700790968893226,-0.0274730910357588,-0.00246000912317261
0.732168135729343,-0.455608636141808,-0.0269437756702052,-0.33274475043146,-0.00729979039216525,-0.0264584980311973,-0.00195681116405112
0.739457103063346,-0.481850371474103,-0.0264096443895365,-0.315797948302473,-0.00763333730829248,-0.0253437375140295,-0.00142122891992857
0.744707941883728,-0.507646937858215,-0.025767626959243,-0.297949282327564,-0.00799813871983979,-0.0241397613482771,-0.000870200732088587
0.747975452519552,-0.532886490012762,-0.0250319045766373,-0.279245973355317,-0.00838261793810407,-0.0228569400921285,-0.000319714931579657
0.749313896771621,-0.557444366051597,-0.0242175961770663,-0.259758858716045,-0.00877464101468444,-0.0215047017923286,0.000215603598486594
0.74877877868558,-0.581188077295167,-0.0233409129482706,-0.239574741193312,-0.00916205038694604,-0.0200913627752816,0.000722780364860907
0.746427551412063,-0.603983373680041,-0.0224189549590733,-0.21878818979043,-0.00953314703087508,-0.0186241164222417,0.00119067934174918
0.742318930732729,-0.625700166699325,-0.0214690524550491,-0.197494055069765,-0.00987712931750405,-0.0171091288524372,0.00161011098284306
0.736511200631918,-0.646217550028395,-0.0205077127996049,-0.175781676216892,-0.0101844848413154,-0.0155517023632436,0.00197387005635303
0.729059851387202,-0.665427221512757,-0.0195493472974083,-0.153731231356545,-0.0104473161824969,-0.0139564662177397,0.00227670778516826
0.720015313082449,-0.683235168713503,-0.0186050315955887,-0.131412389945548,-0.0106595818377177,-0.0123275717663369,0.00251524227977604
0.709421116448494,-0.699561459315439,-0.0176815452883625,-0.108884982288458,-0.0108172333856733,-0.0106688680164817,0.00268781343973852
0.697313060943388,-0.714338569693196,-0.016780890156113,-0.0862012643219644,-0.0109182463431513,-0.00898405039749973,0.00279429417891752
0.68371945537939,-0.727508609018286,-0.0159003797348101,-0.0634091408722743,-0.0109625513556023,-0.00727677459796255,0.00283587375676087
0.668662447390754,-0.739020028119621,-0.0150332878323605,-0.0405557285072389,-0.0109518861475162,-0.00555073571316786,0.00281483211449246
0.652160211151943,-0.748824313148231,-0.0141699495221305,-0.017690697993215,-0.0108895941051442,-0.00380971544459037,0.00273432368406596
0.634229629690798,-0.756873109246921,-0.0132991313309441,0.00513100280647032,-0.0107803995601216,-0.00205760311789226,0.00259818694457706
0.614889229389151,-0.76311606288021,-0.0124095062402907,0.0278472985760755,-0.0106301810822504,-0.000298400239482794,0.00241079032370182
0.594161887151386,-0.767499500993773,-0.0114910181556907,0.0503880665461893,-0.0104457652262492,0.0014637833280361,0.00217692130510657
0.572077186337627,-0.76996605719361,-0.0105360031061838,0.0726751059745567,-0.0102347516101289,0.00322473120270022,0.00190171981343539
0.548673056567377,-0.770454979009908,-0.00953995304938621,0.0946228648580321,-0.0100053715733066,0.00498011305545828,0.0015906523250935
0.523996725759122,-0.768903158795451,-0.00850186431612121,0.116139762989885,-0.00976638122692375,0.00672546210509937,0.00124952110041446
0.49810487659675,-0.765246675314772,-0.00742415172472361,0.137129954772988,-0.00952698133868433,0.00845613619006105,0.000884499718570835
0.471062817557786,-0.75942241912017,-0.00631214624024278,0.157495354549508,-0.00929674989382429,0.0101672624383487,0.000502184075031295
0.442943163181942,-0.751370286309623,-0.00517324059628777,0.177137889620438,-0.00908558153019412,0.0118536758840324,0.000109648325551833
0.41382346856883,-0.74103484380822,-0.00401576272295765,0.195961738970785,-0.00890360488572143,0.0135098532774113,-0.000285508913362682
0.383783722166938,-0.728367433222881,-0.00284771336690818,0.213875637629964,-0.00876107285924746,0.0151298647913839,-0.000675140985810069
0.352903357922223,-0.713327625392676,-0.00167551766259127,0.230794942302566,-0.00866819427127081,0.0167073458936498,-0.00105056875451371
0.321258678535241,-0.695884889361408,-0.000502978816639517,0.246643549101136,-0.00863489965926349,0.0182355132466971,-0.00140265143577446
0.288920751392565,-0.676019452217095,0.000669369619059771,0.261355217772987,-0.0086705184023167,0.0197072232706944,-0.00172192831067706
0.255954585561835,-0.65372288323427,0.00184433222192608,0.274874288487919,-0.00878337014372137,0.0211150820213377,-0.00199884490116374
0.222420092681566,-0.62899825437588,0.00302741756270269,0.287155594849879,-0.00898028370431654,0.0224516023278428,-0.00222407127645417
0.188375062737445,-0.601859566931549,0.00422548490115552,0.298163383456231,-0.00926607510790252,0.0237093833546873,-0.00238890925679586
0.153880346869422,-0.572330809616144,0.00544480402876678,0.307869431253185,-0.00964304837631686,0.0248812942298314,-0.00248577212325116
0.119006731101526,-0.540444576125551,0.00668882687902527,0.316250581443452,-0.0101105956752771,0.0259606221859864,-0.00250870210727846
0.0838426039567559,-0.506240639471235,0.00795610564167543,0.323286299402953,-0.0106649847124451,0.0269411574295685,-0.00245387574615668
0.0485009853776342,-0.469764715521157,0.00923884031295857,0.328956903723479,-0.0112994027484097,0.0278171887322182,-0.00232003645715839
0.0131243384802685,-0.431067734646921,0.0105224595979733,0.333243150158669,-0.0120042880111775,0.0285834043722162,-0.00210879514225642
-0.0221142142225836,-0.390205837044329,0.0117864315692986,0.336127617974204,-0.0127679217175205,0.0292347154466637,-0.00182475419146955
-0.0570140548790112,-0.347241244054084,0.0130062192657107,0.337598023276234,-0.0135771978508534,0.0297660471337647,-0.00147543605182603
-0.0913546156096982,-0.302243737323639,0.0141560224899964,0.337651953820239,-0.0144184421425334,0.0301721461180686,-0.00107102518839281
-0.124906486169863,-0.255292688831995,0.0152117861084485,0.336302380735512,-0.0152781557305113,0.0304474817095241,-0.000623957254889823
-0.157444746326024,-0.206479146803706,0.0161539259703983,0.333582801693174,-0.0161435807087276,0.0305862915170812,-0.000148398863844225
-0.188762970161342,-0.155907646721435,0.0169693394345667,0.329550952018446,-0.0170030456034292,0.0305828167984906,0.000340339532422937
-0.218686470098384,-0.103697449933091,0.0176524585913271,0.324290170977204,-0.0178461111955168,0.0304317455756797,0.000826425573816717
-0.247083599093059,-0.0499829681731074,0.0182053037368591,0.317907760248192,-0.0186635809376572,0.030128838416962,0.00129414103395571
-0.273874227506678,0.00508665583086463,0.0186366612228735,0.310530164766789,-0.0194474597323747,0.029671670887032,0.00172851632313508
-0.299034802899317,0.0613486123435255,0.0189606210133297,0.302295429166878,-0.0201909354932309,0.0290603889600121,0.00211594423965387
-0.3225996330696,0.118627762170087,0.0191947606826935,0.293343959513767,-0.020888422529023,0.0282983421994645,0.00244474317048501
-0.344658245609852,0.176737753683638,0.0193582638330271,0.283809048609222,-0.021535660375641,0.0273924516086493,0.00270562789048025
-0.365348979578569,0.235481418987169,0.0194702245244003,0.273808812924706,-0.0221298280409213,0.0263532022592458,0.00289204092873719
-0.384849356407696,0.294650166863677,0.0195483214079254,0.263440984705761,-0.0226696229003356,0.0251942206069274,0.00300030550206509
-0.403364024698313,0.354022410356122,0.0196079472056015,0.252781263690895,-0.0231552558217921,0.0239314720391672,0.00302958135785759
-0.421111360607052,0.413361429763573,0.0196617865552014,0.241885118145012,-0.0235883412684367,0.0225821970119395,0.00298163435578428
-0.438309950320615,0.472413371369172,0.0197197610691062,0.230792162156716,-0.0239716920530302,0.021163754794113,0.00286045946817835
-0.455166049746872,0.530906089110372,0.0197892159881052,0.219531715722881,-0.024309045524303,0.0196925437209907,0.00267181532742322
-0.471862942659531,0.588549387384737,0.0198752231522032,0.208128145296051,-0.0246047595446689,0.0181831350386774,0.00242273392588768
-0.488552841364852,0.645036959665139,0.0199809043077089,0.196604917038804,-0.0248635160452778,0.0166477001465984,0.00212106148380047
-0.505351556279476,0.700049911594828,0.020107716599803,0.184986756171489,-0.0250900560713203,0.0150957453745154,0.00177506987470592
-0.522335920740099,0.753261601649819,0.0202556849888494,0.173299850280319,-0.0252889631060623,0.0135341237639604,0.00139316003034787
-0.539543619280215,0.804343317246604,0.0204235902894497,0.161570366006249,-0.0254644966177619,0.0119672618302298,0.000983661810359873
-0.556974995734754,0.852970443417101,0.0206091392913116,0.149821795439197,-0.025620475741332,0.0103975351783376,0.000554723248529312
-0.57459621654231,0.898828708692064,0.0208091405172761,0.138071662797986,-0.0257602028045967,0.00882572958886644,0.000114274121568588
-0.592343293585416,0.941620407359888,0.0210197093152376,0.126328148857232,-0.0258864219692714,0.007251542237701,-0.000329954507905187
-0.610126410276593,0.981070438726333,0.0212365125432562,0.114587096252082,-0.0260013033267567,0.00567408970526911,-0.000770374932096588
-0.627834187433709,1.01693221074983,0.0214550565913473,0.102829838818159,-0.0261064495960744,0.00409240386891198,-0.00119947182564637
-0.645337594228771,1.04899336902069,0.0216710095929165,0.0910222428357316,-0.0262029227519938,0.00250590258102333,-0.00160973569508855
-0.662493327977701,1.07708118504659,0.0218805371977847,0.0791153078315431,-0.0262912896969136,0.000914823781775008,-0.00199361998825685
-0.67914669630865,1.10106749292933,0.0220806219663599,0.0670476110241438,-0.026371692744749,-0.000679390846481671,-0.00234353926980235
-0.695134050066811,1.12087247783068,0.0222693267497395,0.0547497349861115,-0.0264439423068481,-0.00227378321011245,-0.00265192358671196
-0.710285006717539,1.13646688533466,0.0224459585682586,0.0421505786417705,-0.0265076365199377,-0.003863664822675,-0.00291133768172586
-0.724424710095744,1.14787183102035,0.022611095924167,0.0291851381492233,-0.026562303295478,-0.00544253268435914,-0.00311466726585894
-0.737376366838809,1.15515556164304,0.0227664583965274,0.0158029615847973,-0.0266075571155243,-0.00700214506226405,-0.00325536460675998
-0.748964252929355,1.15842685025722,0.0229146262464961,0.0019761482373661,-0.0266432596012919,-0.0085327771667874,-0.00332773609396475
-0.759017226475188,1.1578251914303,0.0230586508245,-0.0122944198212113,-0.0266696701073406,-0.0100236575687075,-0.00332724637106183
-0.767372595608485,1.15350858267941,0.0232016264908053,-0.0269758397576502,-0.026687573320898,-0.0114635597966097,-0.00325080960274027
-0.773880021206947,1.14564027880446,0.0233463108749071,-0.0420037630409269,-0.0266983747431354,-0.0128414952561719,-0.00309703996350875
-0.778405059828217,1.13437636309826,0.0234948757811673,-0.0572869261485354,-0.0267041613798268,-0.0141474307686226,-0.00286644049719123
-0.780831885156874,1.11985581331552,0.023648841412248,-0.0727149832042566,-0.0267077233146474,-0.0153729438782858,-0.00256151948121145
-0.781064709936899,1.10219448183619,0.0238092011892881,-0.0881682629017795,-0.0267125327661365,-0.0165117283168649,-0.00218683420315457
-0.779027816813803,1.08148380221723,0.0239767089122447,-0.103527647548188,-0.026722672566314,-0.0175598885340832,-0.00174897121151229
-0.774663935446968,1.05779390771379,0.0241522588922229,-0.118682713742329,-0.0267426904393617,-0.0185159831363812,-0.00125647521834825
-0.767931237717073,1.03118057501495,0.0243372935152264,-0.133536662352987,-0.0267773604405173,-0.0193808164616887,-0.000719739595486139
-0.75879904849604,1.00169443883476,0.0245341785926923,-0.148007213762435,-0.0268313232136868,-0.020156999925104,-0.000150865782941337
-0.747242719892198,0.969390996765769,0.024746524905198,-0.162023518198783,-0.0269085956789925,-0.0208483304760835,0.000436507884654553
-0.733238226047624,0.934339895544977,0.0249794677861039,-0.175520012634993,-0.0270119631273419,-0.0214590471344523,0.00102741690422763
-0.716757207911134,0.896632211022594,0.0252399395532424,-0.188428926898561,-0.0271423010352093,-0.0219930360865184,0.00160583949393591
-0.697763477890875,0.856384900390969,0.0255369720706805,-0.200673688243518,-0.0272979177116396,-0.0224530661090535,0.00215505023684773
-0.676212013059685,0.81374187911392,0.025882032945423,-0.212165585888432,-0.0274740422684011,-0.0228401429128323,0.00265808791119195
-0.652051591481443,0.768871873251282,0.0262893494927677,-0.222805695125317,-0.0276626090971368,-0.0231530843164508,0.00309836032546193
-0.625231658887244,0.721963471267477,0.0267761049614134,-0.232492979589567,-0.0278524695724837,-0.0233884109055392,0.00346038778896736
-0.595713137019035,0.673218218626692,0.0273623454264901,-0.241137852557881,-0.0280300974281924,-0.023540619073491,0.00373065001179774
-0.563481775990187,0.622843022874704,0.0280704450371315,-0.248678644243303,-0.0281807479348647,-0.0236028466248008,0.00389845589860243
-0.528561426169043,0.571043167614503,0.0289240503590494,-0.255096935064232,-0.0282898988527723,-0.0235678515989784,0.00395671630840568
-0.491024154746657,0.518017216224714,0.0299465626522292,-0.260427389683852,-0.0283447061829127,-0.0234291389541959,0.00390248811149382
-0.450994517639502,0.46395458299133,0.0311593577920862,-0.26475881844807,-0.0283351836617485,-0.0231820110378475,0.00373718587086082
-0.408646901974735,0.409036089244016,0.0325800425133811,-0.268225601577511,-0.0282548997060729,-0.022824332105416,0.00346642410141223
-0.364196545124966,0.353436912210724,0.0342210283970573,-0.27099118227804,-0.028101120842842,-0.0223568622775224,0.00309953115774679
-0.317886718677046,0.297331127323679,0.0360886219051837,-0.273227445059331,-0.0278745008614363,-0.0217831433000164,0.00264884153275845
-0.269974967482339,0.240896519185734,0.0381826631284843,-0.27509423351378,-0.027578498612853,-0.0211090127100048,0.00212889657420427
-0.220721214216653,0.184318673426154,0.0404966278093053,-0.276722656433207,-0.0272187403132664,-0.0203419015578911,0.00155567112438725
-0.170379391394046,0.127793512428856,0.0430180217883256,-0.278204225847149,-0.0268024814554455,-0.0194900757369565,0.00094590182259951
-0.119193153627387,0.0715278876055013,0.0457289023186482,-0.27958634120892,-0.0263382446895033,-0.0185619556568344,0.000316546628762108
-0.0673951781013045,0.0157381072939517,0.0486064108230549,-0.280873415086776,-0.0258356238497542,-0.0175655943828093,-0.000315633503707535
-0.0152089615795869,-0.0393534838121892,0.0516232836269975,-0.282032321313812,-0.0253051877293598,-0.0165083427256812,-0.00093440229952566
0.0371482003038238,-0.0935235948068525,0.054748382281266,-0.283000681039786,-0.0247583917747241,-0.0153966894430003,-0.0015243233732774
0.0894622730553127,-0.146554304902107,0.0579473318764753,-0.283696606376688,-0.0242074111135987,-0.0142362420858856,-0.00207101538326388
0.141520518826211,-0.198239988552682,0.0611833672581274,-0.284028748016843,-0.0236648394753909,-0.0130318091492816,-0.00256140612366649
0.19311106307893,-0.248394044983319,0.0644184341731652,-0.283905590343883,-0.0231432335344216,-0.0117875433416003,-0.00298398779695859
0.244024123971855,-0.296854519773041,0.0676145347430935,-0.283243168912516,-0.0226545346544863,-0.0105071191201946,-0.00332906076546405
0.294054657830353,-0.343487732045936,0.0707352144008513,-0.281970506273766,-0.022209434103864,-0.00919392295003282,-0.00358894313347437
0.343005899925987,-0.388189273470367,0.0737470292572681,-0.280032352537143,-0.0218167737777776,-0.00785124186800031,-0.00375812176554446
0.390693086316382,-0.430882106187838,0.0766207931393466,-0.277389103051953,-0.0214830711866158,-0.00648243532705165,-0.00383332559861472
0.43694670347364,-0.471512060837972,0.0793324455031213,-0.274014245192444,-0.021212243721109,-0.00509107874592299,-0.00381351430349316
0.481614650645191,-0.510041369373799,0.0818634218096571,-0.269889939879718,-0.021005563352355,-0.00368106463959392,-0.00369978696137813
0.524563091465443,-0.546441329160909,0.0842005334849898,-0.265001718936298,-0.0208618418713444,-0.00225665563018473,-0.00349522772020611
0.565675828366961,-0.58068501381193,0.0863354103534699,-0.259333164265784,-0.0207777966998086,-0.000822486764238225,-0.00320470913053287
0.604852669511627,-0.612741206318104,0.0882637009368905,-0.252861567566284,-0.0207485399650063,0.000616470929908409,-0.00283467835969899
0.642006975364638,-0.642569942909686,0.0899841831011405,-0.245555035142194,-0.0207681003014315,0.00205497026770078,-0.00239294511822008
0.677063375210526,-0.670120469376352,0.0914980619989886,-0.237371607282453,-0.0208299184469376,0.00348754651441779,-0.00188849070788264
0.709955813467713,-0.6953312811918,0.092808575717215,-0.228260298142228,-0.020927240131968,0.00490855440486639,-0.0013313071772513
0.740626552039275,-0.718132324456844,0.0939210671515693,-0.218164095193342,-0.021053374245236,0.00631216730403433,-0.000732274219613339
0.769026299194439,-0.738449063402409,0.0948435579268608,-0.207024742630108,-0.0212017994935506,0.00769233518202454,-0.000103074323347464
0.795115035928262,-0.756207750146578,0.0955877138224996,-0.194788990228153,-0.021366119352499,0.00904270984153259,0.00054385940140657
0.818863618244774,-0.771341974831011,0.0961700772399926,-0.181416200740722,-0.0215399121479046,0.0103565656798992,0.00119537299755164
0.840255365910944,-0.783799905631988,0.0966132395968868,-0.166886854869653,-0.021716525766007,0.0116267533097938,0.00183761827125905
0.859286998720435,-0.793551814684575,0.096946570702712,-0.151211350962024,-0.021888894052364,0.012845731137709,0.00245610245785455
0.875968486525363,-0.800597495617566,0.0972061016378633,-0.134438172775354,-0.0220494698787966,0.0140057202415004,0.00303579548252467
0.890321067711535,-0.804972475542215,0.097433143867948,-0.116659959783931,-0.0221903588906511,0.0150990078363101,0.0035613348862873
0.902373341831785,-0.806751960663382,0.0976714299301716,-0.0980157584391245,-0.0223037282951382,0.0161184006911104,0.00401736961706494
0.912155435241728,-0.806050957440786,0.0979628198461715,-0.0786876394524148,-0.0223825090073338,0.0170577857097765,0.00438907384964004
0.919691895707633,-0.803019290963828,0.0983420465805734,-0.0588904521539968,-0.0224213352491426,0.0179127125030618,0.00466283759059691
0.924994799377327,-0.797831207291294,0.0988314464216464,-0.0388547987570139,-0.0224175763685184,0.0186808831321985,0.00482710075901244
0.928058173625004,-0.790669876524951,0.0994368455947381,-0.0188051056028138,-0.0223722115700259,0.0193624111964465,0.00487324151743957
0.928855742306001,-0.78170953344962,0.10014585641671,0.00106328796418616,-0.0222902880108812,0.0199597565529314,0.0047963867095069
0.92734266753541,-0.771098599704074,0.100929291269307,0.0206030282316258,-0.0221807400170553,0.0204772937219276,0.00459599091012017
0.923461409501083,-0.758947861833291,0.101745617958478,0.0397249928952323,-0.0220555082076532,0.0209205670965775,0.00427606270213016
0.917150339429024,-0.745326493840236,0.102547418575188,0.0583973620284089,-0.0219280882150511,0.0212953560011173,0.00384499089612642
0.908352980187774,-0.730266737493495,0.103288188284667,0.0766340987221391,-0.0218118109886471,0.0216067119551785,0.00331501878370582
0.897025391355198,-0.713775624220372,0.103927722288214,0.0944763073074033,-0.0217182244580864,0.0218581156675283,0.00270148886312093
0.883140047806007,-0.695850737782164,0.104434880187795,0.11197151575149,-0.0216559050822907,0.0220508615311277,0.00202200878811555
0.866685056177272,-0.676496108293343,0.104787307168463,0.129155770972435,-0.0216298797131734,0.0221837101647247,0.00129566295173987
0.84765949228505,-0.655735537037488,0.104968645607474,0.146042053247305,-0.0216416954876168,0.0222528270239314,0.000542341791126394
0.826065949861415,-0.633621258774992,0.10496432717847,0.16261649753109,-0.0216900247065512,0.0222519917808627,-0.000217801812519223
0.801902692040667,-0.610237575189591,0.104757407104885,0.178842138865286,-0.0217716253984069,0.0221730783845447,-0.000964802943400054
0.77515728626824,-0.58569943877144,0.104325772351169,0.194668430458886,-0.021882429247074,0.0220067877675424,-0.0016792993650878
0.745803982283823,-0.560147005106905,0.103641791779372,0.210043987561874,-0.02201855255278,0.0217436163500073,-0.00234296615817025
0.713806184747709,-0.533737300326807,0.102674871604878,0.22492955048501,-0.0221770588781935,0.0213750014869221,-0.00293900715948692
0.679124471041526,-0.506634491517951,0.10139665666635,0.239308192009346,-0.022356369603745,0.0208945353579875,-0.0034527072907317
0.641729198691853,-0.479000355643222,0.0997878285486225,0.253190276053871,-0.0225562984123883,0.0202990814937074,-0.00387201030001108
0.601615669093752,-0.450986771021761,0.0978448792208351,0.266611799083644,-0.0227777819268693,0.0195896049318859,-0.00418805154413222
0.558818487475227,-0.422731538908112,0.0955849850085621,0.279626145810409,-0.0230224408171577,0.0187715340986097,-0.00439555455209577
0.513421752753861,-0.394358388004038,0.0930474854448338,0.292290941360408,-0.023292144235781,0.0178545533282351,-0.0044930072153307
0.465562480661533,-0.365981157389941,0.0902913369436437,0.304652904631559,-0.0235887301575146,0.0168518429807416,-0.00448256871463161
0.415426120247651,-0.337711204881056,0.0873889873352901,0.316733954237478,-0.0239139603863161,0.0157789029514354,-0.00436971047870416
0.363235135804208,-0.309666702355842,0.0844180851875896,0.328521389428544,-0.0242697069291951,0.0146521879741881,-0.00416264843044339
0.309233028857469,-0.281982267564682,0.0814528550767274,0.339963693488555,-0.0246582805056956,0.0134877985383108,-0.00387165585845833
0.253667037591094,-0.254817767015421,0.0785568444542729,0.350972145602807,-0.0250827708818519,0.0123004306722297,-0.00350835242836859
0.196772633850762,-0.228365632416634,0.075778168611252,0.361427279245635,-0.025547264549235,0.0111027037547383,-0.00308504639860988
0.138762195767514,-0.202856486969481,0.0731476363092069,0.371188572453646,-0.0260568301136774,0.00990489283492543,-0.00261417633141378
0.0798193640347562,-0.1785631866048,0.0706795113213309,0.380105719753802,-0.026617206859961,0.00871501978180019,-0.00210786910629598
0.0200997898778205,-0.155803359045933,0.0683742729212138,0.388030186633957,-0.0272341769999521,0.00753921181298496,-0.00157760905047068
-0.0402615901069326,-0.1349401257752,0.066222581024774,0.394826159693906,-0.0279126324571362,0.00638221266109913,-0.00103399995655447
-0.101136837697646,-0.116380179476272,0.0642097257997813,0.400380573827205,-0.028655387133847,0.00524793224647572,-0.000486599241162418
-0.162385197964991,-0.100567642185346,0.0623199775081322,0.404612130123875,-0.0294618173072869,0.00413992590719913,5.61938811290538e-05
-0.223827944588929,-0.0879714942946847,0.06054041558738,0.407479260465982,-0.0303264605495939,0.00306170739275033,0.000587206160097466
-0.285219511030906,-0.079064052576757,0.0588639312856016,0.408986708703003,-0.0312377594021092,0.00201681879584825,0.00110051258418626
-0.346217966713954,-0.0742884081896945,0.057291176588207,0.409189974874672,-0.0321771984188263,0.00100861324107577,0.00159139881684724
-0.406359670354637,-0.0740142128974465,0.0558312716025716,0.408196304780661,-0.0331191135250273,3.97561253774119e-05,0.00205623895776404
-0.465044487291398,-0.0784839170678815,0.054501156356161,0.406160626776298,-0.0340314280980819,-0.000888478693012118,0.00249226068580138
-0.521538355173142,-0.0877551168666449,0.053323605176001,0.403275028695152,-0.0348774545670142,-0.00177696287140534,0.00289718003989119
-0.574998318870105,-0.101648056838714,0.0523241227044365,0.399751245765825,-0.0356186958574412,-0.0026293009662842,0.00326871446039971
-0.62452116055649,-0.119709125013633,0.051527165518661,0.395797153215973,-0.0362183350507423,-0.00345202112616684,0.00360402213661351
-0.66921135054765,-0.14120021283628,0.0509523058628234,0.391590121784996,-0.0366449042618934,-0.00425419776764423,0.00389915810475886
-0.708258773505477,-0.165119856219499,0.0506109698797052,0.387251500928179,-0.0368755385440764,-0.00504646390403696,0.00414866595803044
-0.74101380715959,-0.190256312965479,0.050504258779885,0.382827125584627,-0.036898303739745,-0.00583953846336104,0.00434542571508269
-0.767047429989622,-0.21526687554927,0.0506221120663829,0.378277970819578,-0.0367132739638458,-0.00664254783415675,0.00448084407757761
-0.786187006449556,-0.238773332525237,0.0509438189734078,0.37348319853769,-0.0363322640123522,-0.00746151024919958,0.00454540826422742
-0.798523045601972,-0.259461236817696,0.0514397023513244,0.368255310488156,-0.0357773251792591,-0.00829834381053585,0.00452954392091656
-0.804387214063997,-0.276170438633818,0.0520737045607004,0.36236459269552,-0.0350782584098558,-0.0091506483443292,0.0044246432531879
-0.804306552459587,-0.287966056378843,0.0528065847692428,0.355568316893929,-0.0342695020715263,-0.0100123254522509,0.00422408653010474
-0.798942086302683,-0.294182324964192,0.0535994158421233,0.347639489409217,-0.0333867976078781,-0.0108748896986533,0.0039240813867161
-0.789021990975135,-0.294436420466658,0.0544170673616883,0.338390747968277,-0.0324640510949925,-0.0117291591355479,0.00352419459639992
-0.775279148694149,-0.288614288935993,0.0552313386120319,0.327690653150752,-0.0315307504510581,-0.0125669435397501,0.00302752922978503
-0.758400748406462,-0.276834565990621,0.056023398580182,0.31547162349452,-0.0306101850100347,-0.0133823913489934,0.00244058101278405
-0.738994424297004,-0.259398964650455,0.0567852275520205,0.301730539024411,-0.0297185789247881,-0.0141727849603876,0.00177286743620586
-0.717571783202858,-0.236737506185379,0.057519801070566,0.286523901470206,-0.0288651075970502,-0.0149387247088988,0.00103644640751882
-0.694547772890215,-0.209355494225075,0.0582398648293444,0.269959689735114,-0.0280526820601296,-0.0156837725199668,0.000245434218680191
-0.670252501225014,-0.177786614854758,0.0589652325861323,0.252187403471421,-0.0272793262305281,-0.0164136903529954,-0.00058439858740162
-0.644951552042998,-0.142554212109598,0.0597186588969376,0.233386966973731,-0.0265399599852345,-0.0171354170971752,-0.00143591282993396
-0.618871050338087,-0.104141201333016,0.0605205121520533,0.213756490608282,-0.0258284118252267,-0.0178559016069398,-0.00229076393441696
-0.592223921459492,-0.0629683515576172,0.061382702180377,0.193498504805346,-0.0251394850263154,-0.0185808702734243,-0.00312947220740291
-0.565233872023823,-0.0193808131787862,0.0623026282078903,0.17280445948269,-0.0244708863823136,-0.0193135828474644,-0.00393145993498679
-0.538153866161866,0.0263564758396876,0.0632583092351338,0.151838177550339,-0.0238248095901517,-0.0200536472553858,-0.00467514730689217
-0.511275533900978,0.0740532649971115,0.0642061344547928,0.130720046578562,-0.0232089201447857,-0.0207960020602826,-0.00533822948973696
-0.484926483125013,0.123577037402554,0.0650827022885651,0.109515046446984,-0.0226364839956971,-0.0215302483805712,-0.00589827255921967
-0.459453957650881,0.174824581963399,0.0658116859505722,0.0882284389896023,-0.0221254416318913,-0.0222405762562011,-0.00633373837726346
-0.435196306267568,0.227684889046674,0.0663154177059151,0.0668124522973191,-0.0216964085683008,-0.0229065340614114,-0.00662544954994979
-0.412447809049529,0.281999952090321,0.0665290777196136,0.0451850474374954,-0.0213698837459152,-0.0235047652835464,-0.0067583333567766
-0.391426380296167,0.337533063189252,0.0664137557588845,0.0232582158620128,-0.0211632996619421,-0.0240115790310444,-0.00672310006241792
-0.372254773119242,0.393954082156457,0.0659642061059617,0.000969424213364101,-0.0210887468909201,-0.0244058878091928,-0.00651742079660906
-0.354962742241018,0.450846785416002,0.0652085371598041,-0.0216921687685706,-0.0211520759965735,-0.0246718177931507,-0.00614626500561118
-0.339510723353104,0.507736084331976,0.0641999318619859,-0.0446719290746225,-0.021353595458393,-0.0248003261092236,-0.00562131935944194
-0.325828366936734,0.564126328433526,0.0630033890535111,-0.0678516240172166,-0.0216899770236642,-0.0247894783633688,-0.00495971067039181
-0.313856977859923,0.61953913433901,0.0616818951570936,-0.0910654120670375,-0.0221565535764529,-0.0246434740739806,-0.00418243543120109
-0.303585350319984,0.673541315684787,0.0602859633599996,-0.114124993282738,-0.0227491526503019,-0.0243708621877725,-0.00331289775298251
-0.29507186746252,0.725757975525061,0.0588486635545004,-0.136847880183778,-0.0234648649725726,-0.0239824960078445,-0.00237581377714256
-0.288450260625766,0.775870715638802,0.0573862977325173,-0.159083517326166,-0.0243015439159772,-0.023489693380456,-0.00139656222019513
-0.283919818270331,0.823603893867292,0.0559034269663199,-0.180733428411467,-0.0252561691984314,-0.0229028637011807,-0.000400913419112716
-0.281722768994382,0.868702834086349,0.054400255322857,-0.201762759966888,-0.0263224298494487,-0.0222306552549356,0.00058501919216432
-0.282112598276958,0.910907941111445,0.0528802729911249,-0.222201330472517,-0.0274880168082524,-0.0214795372945674,0.00153479899838146
-0.285317552702954,0.949927999528565,0.0513562624199567,-0.242132837523886,-0.0287321793312564,-0.0206536568119392,0.00242185438556303
