0.25025925227102,-0.00178634744092981,-0.0610917381148895
0.416538198790028,-0.00294307284843282,-0.100982472275007
0.581950239371678,-0.00405318530543408,-0.139720578510849
0.74613306107437,-0.00510107066256447,-0.176906328569739
0.908720238138448,-0.00607220767063715,-0.212157617768406
1.06934080225059,-0.0069534004924879,-0.245114256713865
1.22761897466375,-0.0077329766439241,-0.275441942866205
1.38317423271554,-0.00840094557201522,-0.302835899539396
1.53562172746144,-0.00894911374187785,-0.327024149361964
1.68457302244331,-0.00937115361741836,-0.347770388002162
1.82963717327707,-0.00966262658947055,-0.364876448126705
1.97042212466523,-0.00982096199866471,-0.378184344594058
2.10653642327979,-0.00984539639925011,-0.387577897326032
2.23759121821878,-0.00973687897840575,-0.392983933056128
2.36320249905875,-0.00949794978404932,-0.394373059899081
2.48299354924772,-0.00913259773484112,-0.391760008500306
2.59659757085366,-0.00864610506479526,-0.385203529353373
2.70366043296684,-0.00804488376557937,-0.374805824133179
2.8038434936736,-0.00733630864171672,-0.360711489722944
2.8968264412989,-0.00652855025177734,-0.343105945162152
2.98231010096153,-0.00563041020846257,-0.322213318272794
3.06001914678688,-0.00465116059055165,-0.298293771883042
3.12970466035159,-0.00360038906286273,-0.271640265679284
3.19114647540902,-0.00248785129216816,-0.242574766044542
3.24415525460903,-0.00132333243811535,-0.211443938678045
3.2885742440305,-0.000116519862171087,-0.178614389765615
3.32428066343618,0.00112311097197415,-0.144467537165457
3.35118669911853,0.00238639533764294,-0.109394227198944
3.36924007732569,0.00366456136942524,-0.0737892198157062
3.37842421254064,0.00494929457605606,-0.038045679492003
3.37875793659347,0.00623278458423532,-0.00254980929671089
3.37029482945274,0.00750775483389141,0.0323242477545103
3.35312218409211,0.0087674765081085,0.0662191258135171
3.32735964691593,0.0100057686220099,0.0987984885802075
3.29315758198512,0.0112169864515585,0.12975075362487
3.25069521096881,0.0123960006325431,0.158792256043184
3.2001785811387,0.0135381692593607,0.185669843153432
3.14183841258086,0.0146393051471089,0.210162911707251
3.07592787198627,0.0156956402256813,0.232084916078156
3.00272031514335,0.0167037887706442,0.251284383641928
2.9225070377533,0.0176607108476814,0.26764547572169
2.83559506989707,0.0185636770271769,0.281088132686132
2.74230504274482,0.019410235086665,0.291567836038294
2.64296915686756,0.0201981789947045,0.299075010356948
2.53792927668108,0.0209255200344225,0.303634084310958
2.42753516880692,0.0215904595301118,0.305302219923268
2.31214290675372,0.022191362139926,0.304167714297766
2.19211345493086,0.0227267282028074,0.30034807986549
2.06781144223705,0.0231951632337183,0.293987806095546
1.93960412607706,0.0235953420460192,0.28525581466683
1.80786054406919,0.0239259645280608,0.27434262212878
1.67295084624223,0.0241856992731211,0.261457238402729
1.53524578364096,0.0243731105731445,0.246823836038424
1.3951163276934,0.0244865633721828,0.230678236255397
1.25293339351659,0.0245240999854401,0.213264268063926
1.10906762947329,0.0244832819320885,0.194830065317809
0.963889228821833,0.0243609908048872,0.17562437019694
0.817767730865673,0.0241531843851174,0.155892916240589
0.671071772373262,0.0238546093517528,0.135874964467387
0.524168761406531,0.0234584815999671,0.115800060767611
0.377424451601648,0.0229561600351239,0.0958850791403504
0.231202399504174,0.0223368607091035,0.07633160227657
0.0858633038143436,0.0215874830707127,0.0573236817679062
-0.0582357692052128,0.0206926441322687,0.0390260047232265
-0.200742252211402,0.0196350297649229,0.0215824800613016
-0.341309027983926,0.018396161434434,0.00511524284731894
-0.479595450821893,0.0169576292215543,-0.0102759412634906
-0.615268412790559,0.0153027522407782,-0.0245138950745592
-0.748003461835073,0.0134185079107785,-0.0375439054304901
-0.877485975319742,0.0112974563442962,-0.0493332915278683
-1.00341237798176,0.00893932188710418,-0.0598706950606322
-1.12549139288041,0.0063519198197641,-0.0691651150210162
-1.2434453114437,0.00355123872431391,-0.0772447007045027
-1.35701123946081,0.000560673254896824,-0.0841553119754833
-1.46594226383628,-0.00259041876286703,-0.0899588474260563
-1.57000849835303,-0.00586854554039507,-0.0947313467934946
-1.66899796084341,-0.00923798340364944,-0.0985608801762329
-1.76271726627136,-0.0126624959697939,-0.101545239882675
-1.85099211969213,-0.0161067113448461,-0.103789471893022
-1.93366759927301,-0.0195371011536655,-0.105403280280785
-2.01060824948093,-0.0229225822922795,-0.106498355301286
-2.08169799121968,-0.0262348060290035,-0.107185682079098
-2.14683986626727,-0.0294482150233083,-0.107572887470292
-2.20595564399195,-0.0325399442352698,-0.107761688872141
-2.25898531122444,-0.0354896269555378,-0.10784550917566
-2.30588647263296,-0.0382791510284684,-0.107907314094974
-2.34663369657753,-0.0408923950409898,-0.108017724519224
-2.38121783613148,-0.0433149619710186,-0.108233448044669
-2.40964535385439,-0.0455339194194047,-0.108596060791937
-2.43193767935083,-0.0475375500072406,-0.109131159037692
-2.44813062560318,-0.0493151121721163,-0.109847887244365
-2.45827388443142,-0.0508566095273627,-0.110738838722633
-2.46243061525671,-0.0521525659432489,-0.111780314306371
-2.4606771370483,-0.0531938032423706,-0.112932915127368
-2.4531027271261,-0.0539712184719506,-0.114142439467704
-2.43980952385728,-0.054475558081029,-0.115341054238464
-2.42091252420653,-0.0546971874838732,-0.116448701351825
-2.39653966187557,-0.0546258565847918,-0.117374711195812
-2.3668319472068,-0.0542504651971176,-0.118019586256919
-2.33194364575652,-0.0535588385806962,-0.118276929543111
-2.29204247662254,-0.0525375578921649,-0.118035488521584
-2.24730976656166,-0.0511717577513666,-0.117181300369757
-2.19794059827754,-0.0494451900439553,-0.115599907877339
-2.1441438566298,-0.0473404105192724,-0.113178639699376
-2.08614217289812,-0.0448393378109627,-0.109808934761978
-2.0241717295278,-0.0419243502523201,-0.105388696363043
-1.95848189511153,-0.0385801570408521,-0.099824659223285
-1.88933465989839,-0.0347966989707757,-0.0930347496542667
-1.81700384710955,-0.0305732729992503,-0.0849504172046608
-1.74177408572202,-0.0259238600304539,-0.0755189115158551
-1.66393954076251,-0.0208831731594097,-0.0647054761141522
-1.5838024643643,-0.0155123956256519,-0.0524954181580475
-1.50167155803576,-0.00990249761882562,-0.0388960256619233
-1.41786030728321,-0.00417310352491763,-0.0239382580537813
-1.332685315261,0.00153492581716914,-0.00767814127077401
-1.2464646488983,0.00707306879674465,0.00980223736050684
-1.15951610881685,0.0123022069877823,0.0283942445478649
-1.07215527542394,0.017108572915301,0.0479628270774033
-0.984693213771429,0.0214140605015433,0.068347308781855
-0.897433815007537,0.0251786366353272,0.0893628651787462
-0.810671048242447,0.0283956207453797,0.110802655935682
-0.72468609035109,0.0310828224968608,0.132440512738087
-0.639744775404252,0.0332727677491401,0.154034129626734
-0.556095389431624,0.0350044078746604,0.175328648122758
-0.473966891337766,0.0363173180521271,0.196060542684136
-0.393567589302103,0.037248366474732,0.215961709766888
-0.315084148705258,0.0378302411861752,0.234763658784022
-0.238681134456525,0.0380912769815709,0.252201724556599
-0.164500831538663,0.038055907569952,0.268019200906214
-0.092663446570369,0.0377454036745412,0.281971330082193
-0.0232676409174225,0.0371786507480724,0.293829082130501
0.0436086304086148,0.0363728449656862,0.30338267168081
0.107907006734006,0.0353440588911365,0.310444771300062
0.169587373192364,0.0341076690536705,0.314853387179244
0.228626316837419,0.0326786579726462,0.316474372527901
0.285015433505399,0.031071810984019,0.315203558062562
0.338759530991545,0.0293018297746678,0.310968483483971
0.3898747767939,0.0273833829252229,0.303729719745197
0.438386839246248,0.0253311109628108,0.293481773736115
0.484329065168413,0.0231596007419529,0.280253572176812
0.527740739057169,0.0208833410804226,0.264108528870339
0.568665462376117,0.0185166695372259,0.245144200408335
0.607149686355837,0.0160737181723095,0.223491548141089
0.643241428617568,0.0135683646154738,0.199313825357294
0.676989196404223,0.0110141932812878,0.172805119572347
0.708441136981707,0.00842447024521273,0.144188580352011
0.73764443326131,0.00581213356255389,0.113714362770866
0.764644979251637,0.00318979704361755,0.0816572830932822
0.789487423734514,0.000569755682250142,0.0483140615211818
0.812215733402951,-0.00203603359225648,0.0139997845710458
0.83287423679831,-0.00461600850871968,-0.020956721142863
0.851508409546315,-0.00715901775439358,-0.0562176123380147
0.86816469854421,-0.00965419998587654,-0.0914389416148402
0.882890174359627,-0.0120907882138947,-0.126272125423579
0.895733070666793,-0.0144579628944671,-0.160366028267084
0.90674403601604,-0.0167447712012648,-0.193370171659363
0.915977545283878,-0.0189400727941453,-0.224938444072873
0.923493233452519,-0.0210324906238721,-0.254732897650203
0.929357102507217,-0.02301036390806,-0.282427511625637
0.933642587938762,-0.0248617050416563,-0.30771189203055
0.936431467335623,-0.0265741627293429,-0.33029489717112
0.937814584680521,-0.0281349917258699,-0.349908165583836
0.937892360585382,-0.0295310281828424,-0.366309517496905
0.936775058282699,-0.0307486675302759,-0.379286190927074
0.934582778297512,-0.0317738396313151,-0.388657868250556
0.931445159818518,-0.0325919731538002,-0.394279445066856
0.927500773359016,-0.0331879383072696,-0.396043494119314
0.922896215694645,-0.0335459767397049,-0.393882372012181
0.917784825148228,-0.0336494813300805,-0.387769934306473
0.912325187684285,-0.0334808293936371,-0.377722800278129
0.906679306001079,-0.0330210153323211,-0.363801148736944
0.901010535265951,-0.0322491524966228,-0.346109007365212
0.895481313909228,-0.0311417798570494,-0.3247940142229
0.890250740126768,-0.0296719279496876,-0.300046630231259
0.885472052285253,-0.0278079071241238,-0.272098787687778
0.881290077635702,-0.0255118092737891,-0.241221961396024
0.877838717048643,-0.0227377817205169,-0.207724648224364
0.875238533638099,-0.0194302715224031,-0.171949247283206
0.873594507128195,-0.0155226914489483,-0.13426833139999
0.872993999649998,-0.0109373789495671,-0.0950803078663684
0.873504947307476,-0.00558832281611153,-0.0548044750355204
0.875174241038678,0.00061118586723704,-0.0138754902362886
0.878026197285027,0.00773344953849052,0.0272627069448402
0.882060978699163,0.0158120666131773,0.068163426056983
0.887252888571373,0.0248098196649644,0.108384038143151
0.893548732740493,0.034586102313637,0.147492774758173
0.900866920381379,0.0448780049888084,0.185075114867074
0.909098371697182,0.0553109816760249,0.220739358295966
0.918110077637699,0.0654458518253762,0.254121171393373
0.927751077414462,0.074850540169123,0.284887197837984
0.937859268071467,0.0831698282947057,0.312738073888016
0.948267274397241,0.0901681176584235,0.337411145073468
0.958806106555793,0.0957357780559423,0.358682966434439
0.969306956979671,0.0998677783804564,0.376371436545969
0.979601967941497,0.102630402162404,0.390337350275721
0.989524824431227,0.104129273597395,0.400485227141391
0.998911603150119,0.104485232341729,0.406763389967944
1.00760193349399,0.103819089435825,0.409163352465124
1.01544033484582,0.102243537581089,0.407718614498566
1.02227755311193,0.099859837271491,0.402502967280995
1.02797175214459,0.0967572678258299,0.393628403628312
1.03238946726907,0.0930139608847951,0.381242710671901
1.03540627345199,0.0886982877373087,0.365526811287643
1.03690715406678,0.0838703571324656,0.346691907730969
1.03678659622641,0.0785834310179013,0.324976467992212
1.03494833676177,0.0728851056016344,0.300643106953849
1.03130499470975,0.0668184075815675,0.273975355997039
1.02577740186795,0.0604226545202106,0.245274378700905
1.01829378310146,0.0537341944267568,0.214855629090792
1.00878879117861,0.0467870320379374,0.183045468404214
0.997202421201318,0.0396133627002779,0.150177747503536
0.983478821646708,0.0322440304112681,0.116590367300398
0.967565018446146,0.0247089255677587,0.0826218506560063
0.9494096119726,0.0170373551303937,0.048608046610698
0.92896165698632,0.00925846192507112,0.014879249232475
0.906170237677599,0.00140182938464835,-0.0182418437400659
0.880985245908494,-0.00650169465742988,-0.0504414002420475
0.853358775610575,-0.0144193156158085,-0.0814163994266878
0.82324561276654,-0.0223161601509811,-0.110878684596998
0.790602498110951,-0.0301554960943149,-0.13856019168043
0.755387277985621,-0.0378988559794623,-0.1642173844381
0.717558706313786,-0.0455059477117032,-0.187634335520462
0.67707687613074,-0.0529344609900395,-0.208624899721369
0.633904051608786,-0.0601398692111203,-0.227034372494677
0.588005760879273,-0.0670752744280365,-0.242740761374948
0.539352082334902,-0.073691329108788,-0.255655666151863
0.487919076937214,-0.0799362822015702,-0.265724741320818
0.433690322333364,-0.0857562297720603,-0.272927713952129
0.376658500302906,-0.0910956987990359,-0.27727795006094
0.316826981762622,-0.0958987545153266,-0.278821575282383
0.254211336484194,-0.100110880296962,-0.277636174629296
0.188840694394229,-0.103681893774466,-0.273829108443309
0.120758889301273,-0.106570061667578,-0.267535484234384
0.0500253413647098,-0.108747257614042,-0.258915825260347
-0.0232842979786797,-0.110204407033664,-0.248153466476293
-0.0990776278481152,-0.110955684978733,-0.235451690545292
-0.177244914706234,-0.11103939141097,-0.221030606363172
-0.257658251485673,-0.110513782276318,-0.205123768546155
-0.340170407675062,-0.109447785624079,-0.187974557763789
-0.424613564393782,-0.107908925922513,-0.169832375319252
-0.510798338756835,-0.105952395147488,-0.150948734695961
-0.59851351229728,-0.103614747238789,-0.131573342065853
-0.687526677658375,-0.100913408539369,-0.111950240910108
-0.77758574562076,-0.0978507196933242,-0.0923140799064558
-0.86842106976882,-0.0944200116158588,-0.072886559976362
-0.959747914085381,-0.090611477700121,-0.0538731276038941
-1.0512690528993,-0.086416603424492,-0.0354600007940606
-1.1426773766245,-0.0818308688427617,-0.0178116236787717
-1.23365843979857,-0.0768549963085526,-0.00106864221065591
-1.32389291793327,-0.0714951962551807,0.0146535229486154
-1.41305894857532,-0.0657628270917803,0.0292654573486894
-1.50083433239964,-0.0596737717625042,0.042703870426661
-1.58689857190287,-0.0532477205336301,0.0549310676833889
-1.67093472849468,-0.0465074650735991,0.0659338253879172
-1.75263108449677,-0.0394782546278219,0.0757217432784476
-1.83168260598084,-0.0321872337550526,0.0843251701369732
-1.90779220972069,-0.0246629648411637,0.0917928080688829
-1.98067184425729,-0.0169350310157528,0.0981891049815136
-2.05004339930817,-0.00903371221812843,0.103591539444427
-2.11563946182196,-0.000989726275749965,0.108087892545477
-2.17720393752908,0.00716597292151699,0.111773583380884
-2.23449255614584,0.0154023476066332,0.114749127643171
-2.28727327825306,0.0236883857859062,0.117117756862316
-2.33532662018473,0.0319931750949119,0.118983217167783
-2.37844591218655,0.040285947295362,0.120447747519196
-2.4164375046205,0.0485360996544082,0.121610224568383
-2.44912093732557,0.0567131992501798,0.122564450261102
-2.47632908760017,0.0647869760965214,0.12339755540756
-2.49790831203779,0.0727273103974172,0.124188490638966
-2.51371859821848,0.0805042190473235,0.125006585907934
-2.52363374314185,0.088087846377203,0.125910166589209
-2.52754157239981,0.0954484632423237,0.126945229459696
-2.52534421304707,0.102556478369519,0.128144198133114
-2.51695842949176,0.109382465623528,0.129524793461378
-2.50231602658968,0.115897210049309,0.131089068574036
-2.48136431869045,0.122071775008224,0.132822672324208
-2.45406665723333,0.127877592249379,0.134694411086189
-2.42040300324555,0.133286575817422,0.136656180562488
-2.38037052367602,0.138271259988753,0.138643334440522
-2.33398418500958,0.142804960222502,0.140575540587604
-2.28127731561854,0.146861954680035,0.142358155507713
-2.22230210260515,0.150417683014065,0.143884121391911
-2.15712999339946,0.153448957713672,0.145036352601337
-2.0858519720973,0.155934182350708,0.1456905533055
-2.00857868597249,0.157853570812614,0.145718368074739
-1.92544040585312,0.159189361087817,0.144990750587717
-1.83658681256605,0.159926018132014,0.143381413634015
-1.74218661317897,0.160050421124636,0.140770225533608
-1.64242699835714,0.159552032481151,0.137046422727418
-1.53751295800959,0.15842304770084,0.132111531640956
-1.42766647896199,0.15665852778734,0.125881917782932
-1.31312565161126,0.154256517858733,0.118290917492695
-1.19414371154111,0.151218158060073,0.109290539146184
-1.07098803492849,0.14754779376518,0.0988527545681958
-0.94393908137858,0.143253095346284,0.0869704179841096
-0.813289429959594,0.138345186757261,0.0736578901691786
-0.679342648414818,0.132838806878333,0.0589513969070966
-0.542412268136674,0.126752487577256,0.042909206934337
-0.40282073447903,0.120108753915885,0.0256116602131046
-0.260898370795187,0.112934334408122,0.00716106552281076
-0.11698237370646,0.105260357169581,-0.0123185303730891
0.0285841543764628,0.0971224980798003,-0.0326817332619793
0.175453103245381,0.0885610353817453,-0.0537623963325958
0.323272162656326,0.0796207572436262,-0.0753744799236304
0.471685516424589,0.0703506694215379,-0.0973132422774864
0.620334380401018,0.0608034627558588,-0.119356816768216
0.768857493453917,0.0510347075951201,-0.141268250486255
0.916891320004881,0.0411018133715936,-0.162797976588832
1.06407024157186,0.0310627798112534,-0.183686777295017
1.21002662504434,0.0209748419743385,-0.20366918018188
1.35439084103113,0.0108931190930788,-0.222477234718117
1.49679127748917,0.000869390038603348,-0.239844587940347
1.63685439327392,-0.00904889777086483,-0.255510752449144
1.77420486240613,-0.0188193090072161,-0.269225451588949
1.90846584761757,-0.0284047567141721,-0.280752916649432
2.03925944594049,-0.0377735036793977,-0.289876015632882
2.16620733161978,-0.0468988740931039,-0.296400101438161
2.28893161707954,-0.0557587450983103,-0.300156482345692
2.40705594794742,-0.064334897610918,-0.301005439945285
2.52020683113874,-0.0726123027979723,-0.29883874447995
2.62801519047065,-0.0805784100400076,-0.293581642235424
2.73011813031356,-0.0882224857277028,-0.285194319936531
2.82616088609145,-0.0955350364890476,-0.273672867863541
2.91579893221039,-0.102507334512114,-0.259049789311746
2.99870021168864,-0.109131050620053,-0.241394106484466
3.07454745569748,-0.115397991900147,-0.220811120500565
3.14304055717783,-0.121299934886596,-0.197441871160555
3.20389896379632,-0.126828542374274,-0.171462330583872
3.25686405592944,-0.131975351278386,-0.143082338677084
3.30170147509602,-0.136731819824271,-0.112544267908862
3.33820336441102,-0.141089423890069,-0.080121379253536
3.36619048243686,-0.145039794541094,-0.0461158117626071
3.38551414756607,-0.148574890482241,-0.0108561393192808
3.3960579672427,-0.151687200192695,0.0253055745976813
3.39773930400019,-0.154369968577577,0.0619972750842958
3.39051043075595,-0.15661744187683,0.0988309978455702
3.37435933109023,-0.158425122934126,0.135407526033393
3.34931010531307,-0.159790026469786,0.171321571316363
3.31542295355827,-0.160710921968483,0.206167379867683
3.27279371917224,-0.161188550333823,0.239544626316637
3.22155299192387,-0.161225800592964,0.2710644196079
3.16186478815463,-0.160827834243079,0.300355230257405
3.09392483834181,-0.160002147912384,0.327068546514267
3.0179585314335,-0.158758569332895,0.350884075599475
2.93421857753266,-0.157109186087936,0.371514343590425
2.84298245478576,-0.155068211402476,0.388708585610834
2.74454971395306,-0.152651795252866,0.402255863565017
2.63923921327387,-0.149877791870104,0.411987398428015
2.52738634601587,-0.146765496270968,0.417778145449686
2.40934032281819,-0.14333536335173,0.419547669381778
2.2854615622905,-0.139608722343326,0.417260403158057
2.15611922461188,-0.135607498215199,0.410925379538731
2.02168892469151,-0.13135395054261,0.400595520658889
1.88255066219375,-0.126870438574234,0.386366563413027
1.73908698185071,-0.122179218589126,0.368375680131723
1.59168140120539,-0.117302279271538,0.34679983008771
1.44071713056761,-0.112261217167636,0.321853865925989
1.28657612850674,-0.107077154456091,0.293788394853773
1.12963855691612,-0.101770698493228,0.262887395993046
0.970282696623659,-0.0963619417066012,0.229465583364408
0.808885503350461,-0.0908705027346334,0.193865530270422
0.645824098206634,-0.0853156110203143,0.156454608386577
0.481478856033863,-0.0797162483999086,0.117621885553891
0.316239380852425,-0.074091375143411,0.0777752808916169
0.150515670071724,-0.0684602914135306,0.0373394725754964
-0.0152490497940796,-0.0628429888461111,-0.00324652501058708
-0.180615964823046,-0.0572590451635622,-0.0435451009137793
-0.345263995208007,-0.0517246029819319,-0.0831534219634258
-0.508968389898532,-0.0462523755478587,-0.121701309077771
-0.671471539720478,-0.0408555267096356,-0.158823127540312
-0.832461318412394,-0.035548637453828,-0.19415703169453
-0.991596892930326,-0.0303467520800828,-0.227355827469423
-1.14852227609485,-0.0252647043371606,-0.25809448263594
-1.30287193389163,-0.0203166359912559,-0.286075245446758
-1.45427351496351,-0.0155155332962389,-0.311031542210002
-1.60234969785474,-0.010872702457458,-0.332731093001989
-1.74671986473451,-0.00639715619620051,-0.350978390100293
-1.88700185703849,-0.00209491630602389,-0.365616598508372
-2.02281406925715,0.00203181384907491,-0.376528939302477
-2.15377766568374,0.00598547173319977,-0.383639549088112
-2.27951913249603,0.00977401772069182,-0.38691389296945
-2.39967303047549,0.013411767811231,-0.386358744975043
-2.51388492215726,0.0169201186846614,-0.382021770757894
-2.62181441566136,0.020328087704992,-0.373990729593283
-2.72313826117658,0.023672591969058,-0.36239230119129
-2.81755342153593,0.0269983988521366,-0.347390527227127
-2.9047800332087,0.0303576993589362,-0.329184846227288
-2.98456417819059,0.0338092819073003,-0.308007689631555
-3.05668038471235,0.0374173195468434,-0.284121613257565
-3.12093378046686,0.0412498154602304,-0.257815942413152
-3.17716185149,0.045376804827139,-0.229402929608287
-3.22523570346129,0.0498683109213056,-0.199213449098777
-3.26506091485759,0.0547923812490677,-0.167592292884294
-3.29657785357533,0.0602130976557076,-0.134893153737754
-3.31976153334721,0.06618877021082,-0.101473419141842
-3.33462102580201,0.0727703696358653,-0.0676889244808263
-3.34119846696289,0.0800002449588641,-0.0338888256598548
-3.33956770751514,0.0879111430884642,-0.000410753031730441
-3.32983266023245,0.0965255180433789,0.0324236041646546
-3.31212539712422,0.105855093744846,0.064312360197246
-3.28660404533726,0.115900627080257,0.0949766463643282
-3.25345052323936,0.126651805984916,0.124163126140639
-3.21286814841074,0.138087215102014,0.151645796639091
-3.16507913897118,0.150174302695153,0.177227098317896
-3.11032201827469,0.162869290655887,0.200738386290708
-3.04884892458585,0.176116982071462,0.222039835184461
-2.9809228226597,0.189850437554315,0.24101986327467
-2.90681461359036,0.203990513467776,0.257594164084475
-2.82680015055021,0.218445280247749,0.271704427300629
-2.74115718787647,0.233109368930015,0.283316824156124
-2.65016231966216,0.247863327631263,0.292420320793267
-2.55408800930994,0.262573103557282,0.299024872798464
-2.45319985401306,0.277089801626317,0.303159554242698
-2.34775427928986,0.291249895150839,0.304870668625348
-2.23799690311272,0.304876077601616,0.304219902140787
-2.12416181832419,0.317778934878148,0.301282586315244
-2.00647202819654,0.329759575301709,0.296146143997038
-1.88514120026118,0.340613305183183,0.288908793802625
-1.76037677164646,0.350134174795668,0.279678573254071
-1.63238429126131,0.358120449945864,0.268572704588791
-1.50137265365388,0.364380457007663,0.255717281007466
-1.36755973474609,0.368738476806675,0.241247191221707
-1.23117780284206,0.371040173080711,0.225306144184298
-1.09247806865484,0.371157079276108,0.208046620907811
-0.951733832831994,0.368989765480591,0.189629576882077
-0.809241890876909,0.36446946876434,0.170223750452335
-0.665322110971379,0.357558147774876,0.150004499671149
-0.520315280823013,0.34824721979933,0.129152150821258
-0.374579763029341,0.336555074127371,0.10784997391504
-0.228487249012086,0.322523974695892,0.0862818847537154
-0.0824182099218257,0.306216614374554,0.0646300650742746
0.0632425463776767,0.287712685073357,0.0430726645357341
0.208109933243657,0.267105742173287,0.0217817189215975
0.351801916082796,0.24450040858853,0.000921399517108276
0.493942290628783,0.220010177082356,-0.0193534047400271
0.634162719640269,0.193755649494378,-0.0388981468481113
0.772104192603935,0.165863236228708,-0.0575793903610584
0.907418003619512,0.136464228707066,-0.0752753554008287
1.03976637237342,0.105694164891795,-0.0918763309014026
1.16882281808176,0.0736924075905974,-0.107285029753075
1.29427239217309,0.0406018651880418,-0.121416952224639
1.41581185931029,0.00656879121677537,-0.134200794407466
1.53314990508219,-0.0282573907006815,-0.145578911641514
1.64600740935072,-0.0637242744581028,-0.15550781501502
1.75411782295315,-0.0996767088507471,-0.163958649999092
1.85722767546608,-0.135957113310824,-0.17091758983324
1.95509719176807,-0.172405879809106,-0.176386064159413
2.04750101370644,-0.208861878307798,-0.180380734968888
2.13422900813434,-0.245163063534586,-0.18293315361153
2.21508711447559,-0.281147171580945,-0.184089042904037
2.28989820450027,-0.316652495108617,-0.183907177551868
2.35850291281472,-0.351518710638905,-0.182457874417812
2.42076040093904,-0.385587732438991,-0.179821131174045
2.47654903149176,-0.418704566159124,-0.17608448894978
2.52576692680684,-0.450718131810534,-0.171340720758461
2.56833239557984,-0.481482028569847,-0.16568546369271
2.60418422685735,-0.510855222774381,-0.1592149166419
2.63328185498106,-0.538702641572177,-0.152023725453781
2.6556053833845,-0.564895652664031,-0.144203155344925
2.67115560906186,-0.589312479932691,-0.13583962554956
2.679953784025,-0.611838448478359,-0.127013657975257
2.68204145696739,-0.632366170234338,-0.117799241160605
2.67748023679521,-0.650795594618095,-0.108263590205479
2.66635149865227,-0.667034087939417,-0.0984672649950385
2.64875607678692,-0.680996305620862,-0.0884645508922278
2.62481391923774,-0.692604070779939,-0.0783040323526769
2.59466370196147,-0.701786177366623,-0.0680292601095536
2.55846238727269,-0.708478133820226,-0.0576794265570478
2.51638470934585,-0.712621844218743,-0.0472899742729691
2.46862256892501,-0.714165219279383,-0.0368930848188958
2.41538432471458,-0.713061704292219,-0.0265180225793452
2.35689397296663,-0.709269704133991,-0.0161913351802224
2.29339021777046,-0.702751880779859,-0.0059369449216137
2.22512544657464,-0.69347429127594,0.00422381100163355
2.15236463698495,-0.681405328455078,0.0142721146954465
2.07538423461459,-0.666514421720878,0.0241914909970973
1.99447105587627,-0.64877045238393,0.033967439486084
1.90992128786834,-0.628139841813455,0.0435868114895118
1.82203966450875,-0.604584274370239,0.0530369044463071
1.73113892247247,-0.57805804850266,0.062304284997095
1.63753966105065,-0.548505090608691,0.0713734123897756
1.54157075254603,-0.51585575498376,0.0802251948701625
1.44357047366978,-0.480023675859259,0.0888356803453369
1.34388854020115,-0.440903167089961,0.0971751484055133
1.24288920021342,-0.398367998839147,0.105207927914776
1.14095544161273,-0.352272840333333,0.112893293316378
1.03849413160029,-0.302459202534698,0.120187770884039
0.935941463109021,-0.248768245564713,0.127049067759923
0.833767380112618,-0.191063067942306,0.133441572240384
0.732476737055989,-0.129262665890668,0.139342910553443
0.632604038566223,-0.0633880686846189,0.144750389574568
0.534698220889761,0.00638220045502434,0.149685422216011
0.439294838844587,0.0796550938462701,0.154193530348196
0.346875864923706,0.155777413858748,0.158337722169472
0.257821998294666,0.233817573010498,0.162184380230762
0.172367459354536,0.312588556504623,0.165783278656459
0.0905700152573628,0.390717172490266,0.169146211093731
0.0123069610715334,0.466751339773011,0.172230525034894
-0.062699285956464,0.53928464241877,0.17493331404013
-0.134831619342233,0.607071647991841,0.177098915292746
-0.204517454803365,0.669111246129486,0.178537969362445
-0.272171251355119,0.724686319301045,0.179052661649293
-0.338151323729744,0.773360895820881,0.178461384003591
-0.402735620428075,0.814945461555365,0.176617126194904
-0.466115234804991,0.849444951844867,0.173416467356594
-0.528400827201467,0.877002801081879,0.16879881014278
-0.589636162784193,0.897850525339952,0.162737594312155
-0.649813838619897,0.912267835072144,0.155226363226176
-0.708889912527692,0.920554643864509,0.14626292336083
-0.766795812074011,0.923013942466655,0.135834708176288
-0.823447135420797,0.919943298059631,0.123908076089545
-0.878749725555033,0.911632318839601,0.110423677081274
-0.932603708810821,0.898363541883756,0.0952992253968558
-0.984906225001619,0.880414609544915,0.0784399868476303
-1.03555344921884,0.858060175161301,0.0597561091022535
-1.08444234270032,0.831572608073573,0.0391847525898439
-1.13147243374099,0.801221148588825,0.0167140370184129
-1.17654781032916,0.767269631833858,-0.00759466921434379
-1.21957935460321,0.72997326095356,-0.0335894575016946
-1.26048704871781,0.689575196028167,-0.0610181200942347
-1.29920208453916,0.646303849652858,-0.0895272091816459
-1.33566848345555,0.600371840720188,-0.118669852939362
-1.3698444354785,0.551976803063903,-0.147921331226231
-1.40170330815063,0.501304524697683,-0.176700777030165
-1.43123506905717,0.44853366880568,-0.204397346449943
-1.45844846411935,0.393841525397538,-0.230399132287461
-1.4833744585471,0.3374098864448,-0.254123069226291
-1.50607125168771,0.279430167079479,-0.275043823473518
-1.52663096955311,0.220107009083358,-0.292719262657197
-1.54518782634417,0.159659886457329,-0.306809730778476
-1.56192714864801,0.0983226793340506,-0.317088294515917
-1.57709415042263,0.0363418070766081,-0.323439675733443
-1.59100071584656,-0.0260257487406007,-0.325846868669824
-1.60402760790423,-0.0885124796111624,-0.324366343350594
-1.61661833760215,-0.15083587742743,-0.319094842151864
-1.62925933210483,-0.212686878890481,-0.310132519569948
-1.64243928270759,-0.273709560155078,-0.29754811100981
-1.65657976547819,-0.333472822704287,-0.281351855087868
-1.67193192535062,-0.391439239699172,-0.261481395932397
-1.68844401938347,-0.446942438331602,-0.237805369855668
-1.70562462072704,-0.499189952209887,-0.210148936587612
-1.72245212289573,-0.547307882960881,-0.178344200038611
-1.73739583478671,-0.590430870367437,-0.142304346187687
-1.74859220153329,-0.627816670927163,-0.102112125870084
-1.75415274684974,-0.658943500186915,-0.0581030638521536
-1.7525024825346,-0.683550350047511,-0.0109176197919293
-1.74262090989468,-0.701609719424152,0.0384993239314
-1.72411041509605,-0.713256841286205,0.0889585527966207
-1.69710719112211,-0.718713309585753,0.139134670475791
-1.66211012025439,-0.718231661366687,0.187697279337742
-1.61980571838467,-0.712067038742113,0.233436275173632
-1.57093413456533,-0.700468367691475,0.275357600540942
-1.51620629308906,-0.683678456675543,0.312736549608057
-1.45626265804222,-0.661935687831571,0.345127352041361
-1.39165921441929,-0.635474409822762,0.372336543224457
-1.3228689612766,-0.604524186407808,0.394371821046628
-1.25029164913649,-0.569309373022462,0.411378191391437
-1.17426793176511,-0.530050622283715,0.423571068855885
-1.09509596155081,-0.486969387801017,0.431173609720028
-1.01304903830509,-0.440295591354233,0.434364042072003
-0.928392757991123,-0.390277510110762,0.43323813718761
-0.841399739904066,-0.337191858013836,0.427791430924046
-0.752359904512185,-0.28135132264636,0.417924362986383
-0.661584659961807,-0.223106833932442,0.403470567679219
-0.569404695274169,-0.162842863466006,0.384244526459431
-0.476162154804684,-0.100965752807715,0.36010065610818
-0.382199719567158,-0.0378871030682424,0.330993391278663
-0.287849617196327,0.0259943686880038,0.297027752879456
-0.193425770188605,0.0903082611783195,0.258492662007974
-0.0992211496355295,0.154722007788453,0.215873399211869
-0.00551153172470358,0.218942339552144,0.169844092295541
0.087434317195061,0.282708040502063,0.121244182982953
0.179338946952111,0.345775169920287,0.0710436182322752
0.269898333154154,0.407897556977192,0.0202997307443159
0.358772448444337,0.468811376764632,-0.0298970774862513
0.445610057898804,0.5282437955479,-0.0784998155045668
0.530129207317848,0.585963597453931,-0.124605474457851
0.612198915121567,0.641835471515616,-0.167532531956529
0.691821249824859,0.695802702184763,-0.20681633070616
0.769033361089595,0.747814008601633,-0.242150224458394
0.843835437123139,0.797772952173257,-0.273343088629774
0.916175241097815,0.845530290818987,-0.300307263635631
0.985959159334789,0.890896546750195,-0.32305436368916
1.05306732032007,0.933658385458307,-0.34168414717901
1.11736568952626,0.973593149581535,-0.356363455492281
1.17871413005361,1.01048001101025,-0.367297772723768
1.23697096082899,1.04410736461792,-0.374700032278315
1.2919948381566,1.07427658959255,-0.37876168356367
1.34364482149663,1.10080273579174,-0.379630301592591
1.39177944650169,1.12351303757044,-0.377396555417587
1.43625551266106,1.14224430698817,-0.372091603872197
1.47692712025563,1.15684017492069,-0.363694430966814
1.5136453019078,1.16714886497515,-0.3521476078965
1.54625841022738,1.17302180080676,-0.337379541146578
1.57461329399815,1.17431297650466,-0.319331289197343
1.59855722435322,1.17087874819885,-0.297986195018155
1.61794051768323,1.16257758121937,-0.273400566545676
1.63261983411246,1.14926931687456,-0.245733236876261
1.64246220572943,1.13081368286946,-0.215271066001419
1.64734995672726,1.10706801991289,-0.182446573655244
1.64718682463075,1.07788449069887,-0.147843407407921
1.64190576426,1.04310734963098,-0.11218579021865
1.63147904242677,1.00257116700662,-0.0763097749611069
1.61593124324674,0.956101234004423,-0.0411169538819768
1.59535549933072,0.903517695630483,-0.00751455294795964
1.56993251625881,0.844645174921849,0.0236513866755102
1.53995067970719,0.779329542468345,0.0516616466859351
1.50582388818314,0.707462734456319,0.0759805022254212
1.46810224855184,0.629014885190367,0.0962972640607289
1.42747019746614,0.544070596062117,0.112548686930631
1.38472777366572,0.452863550793274,0.124920214769747
1.34075393981803,0.35580203550162,0.133825588069271
1.29645539704642,0.253478425527974,0.139865700598605
1.25270861978739,0.146658812287887,0.143769166520762
1.21030502567325,0.0362539061749304,0.14631904386159
1.16990815095569,-0.0767227556981447,0.14827239370572
1.13202784614461,-0.191200507554702,0.150281375605653
1.09701153188042,-0.306092916294962,0.152825812347298
1.06504860383216,-0.420329948663827,0.156167026210853
1.03618251470429,-0.532880646969304,0.160330773801762
1.01032602996804,-0.642769591680142,0.165123086680691
0.9872775655507,-0.749091581213985,0.170177156858286
0.96673882981299,-0.851027504727594,0.175023302633269
0.948335005030386,-0.94786137390718,0.179169332972708
0.931638096722564,-1.03899565174685,0.182176996645761
0.916192463975296,-1.12396077220927,0.183722321413713
0.901539968012222,-1.20241551925878,0.183632692605828
0.887241495037131,-1.27413713818121,0.181899539696445
0.872892072803818,-1.33900252986257,0.17867038536771
0.858128090056367,-1.39696366999671,0.174226441782442
0.842626672269213,-1.4480210943801,0.168951761866614
0.826098596377071,-1.49219907508195,0.163297969821353
0.808277020803817,-1.52952540761674,0.157746026938349
0.788904786144097,-1.56001795077942,0.152764505328898
0.767723178701839,-1.58367934617798,0.148763266927817
0.74446491018737,-1.60050064262323,0.146042661297267
0.718853548371283,-1.61047360720262,0.144741213332374
0.690610632153079,-1.61361016882268,0.144788552698301
0.659470121174422,-1.6099657468478,0.145873699308992
0.62519784143129,-1.5996615886606,0.147440031250267
0.587611704337737,-1.58290040598048,0.148715783892945
0.546597439700608,-1.55997029819377,0.148782311792306
0.50211509486741,-1.53123446957115,0.146673027997352
0.45419373644038,-1.49710802308374,0.141487114148097
0.402915026524506,-1.45802680813077,0.132497451793295
0.348389374812819,-1.41441540622045,0.119233876854693
0.29073006199599,-1.366661089401,0.101530079321365
0.230030639484847,-1.31509826197402,0.0795321143546433
0.166349360153742,-1.26000470347798,0.0536747073475687
0.0997023081563866,-1.20160817047702,0.0246358253478079
0.0300650149522145,-1.14010038026305,-0.00672011844018439
-0.0426188883365443,-1.07565522865387,-0.0394032813364877
-0.118424079495199,-1.0084488131037,-0.072360799411094
-0.197427427505756,-0.938679872945629,-0.104541229519173
-0.279691999210273,-0.866590044514739,-0.134962865994341
-0.365254070309322,-0.792483571885711,-0.162786019585687
-0.454115997638005,-0.716745779482727,-0.187384833507725
-0.5462471289154,-0.639858907877377,-0.208408274181405
-0.641593060211522,-0.562413310871979,-0.225815058132789
-0.740090453672683,-0.485111901642009,-0.239866599078098
-0.841680833913174,-0.40876630014295,-0.251067929446071
-0.94631366315086,-0.334283963443673,-0.260058647746699
-1.05392823817827,-0.262645768069654,-0.267470367918879
-1.16440674196792,-0.194872257238532,-0.273777782714838
-1.27749739417153,-0.131974209907195,-0.279172435987012
-1.3927162575316,-0.0748811254320784,-0.28348118251656
-1.50924725821661,-0.0243428539214012,-0.286139350439577
-1.62586969767444,0.0191918725810266,-0.286217937669455
-1.74094655734132,0.0557002174396908,-0.282499078741675
-1.85249939160007,0.0856749369087467,-0.273594898803383
-1.95837262160924,0.110131155559495,-0.258108308224006
-2.05645550492766,0.130496145274158,-0.234834578362501
-2.14489978817318,0.148389780362843,-0.202993960557066
-2.22226651982437,0.16535670601221,-0.162465900683026
-2.28756678069477,0.182641922142043,-0.113970130842444
-2.34021250833696,0.201082303355374,-0.0591245189255972
-2.37993093540328,0.221125412021093,-0.000323343359079006
-2.40669467120509,0.242925517629388,0.059569279142276
-2.42068580747179,0.26644600376997,0.117644860172067
-2.42227740818743,0.291523196670765,0.171376349089016
-2.41200507151769,0.317889939620835,0.218926244114984
-2.39051526670225,0.345184160357856,0.259273854070709
-2.35849725649225,0.372967026393627,0.292173120797279
-2.31661513638013,0.400759095068831,0.318003943827856
-2.26545365359798,0.428088278207326,0.337588573781773
-2.20548385217514,0.454538223913762,0.352019878197941
-2.13704979670426,0.479787694782966,0.362513525078834
-2.06037755348579,0.503635475378035,0.370271035792695
-1.97560943675523,0.526008048285757,0.376334207040654
-1.88286594955794,0.546948631676179,0.381423277897496
-1.78233188596191,0.566587707477165,0.385775113937714
-1.67435191922166,0.585098338972741,0.389022874767203
-1.55950913167088,0.602644338625739,0.390171282634099
-1.43865522064544,0.619333615900192,0.387709140248171
-1.31287075759024,0.635189599633952,0.379860401434315
-1.18335798252131,0.650148502047006,0.364921522129385
-1.05129644129837,0.664080932187474,0.341594431938155
-0.91770723087981,0.67682778153338,0.309225220240299
-0.783365258262222,0.688236916510916,0.267898855833928
-0.64877574394427,0.698189949071509,0.218395458410306
-0.514205858908629,0.706614332511369,0.162054061929531
-0.379747148818321,0.713481528490652,0.100600799100577
-0.245382883609725,0.71879491579182,0.0359852754005505
-0.111043194878452,0.722571897583185,-0.0297528809147922
0.023355354931319,0.724823766490609,-0.0945830392059446
0.157878505508859,0.72553655687523,-0.156555345352851
0.292542459985611,0.724656160322981,-0.213860635713828
0.42727864640806,0.72208165842867,-0.264897153686447
0.561897578583162,0.717670593780294,-0.308356345191653
0.696057946435168,0.711258694109384,-0.34332557271661
0.829248846828607,0.702693236835044,-0.3693881350497
0.960794066101507,0.691874438775652,-0.386687351725366
1.08988461702746,0.678794185863001,-0.39591842097794
1.2156383060446,0.663559059783206,-0.398225174084208
1.33717519339789,0.646387746657072,-0.395007966230752
1.45369050791786,0.627581541376655,-0.387682656562335
1.56450662531577,0.607476968755367,-0.377451332586191
1.66909384697622,0.586395958915365,-0.365140731360741
1.76706152663334,0.564608387086692,-0.351136664913089
1.8581302881844,0.542315605685794,-0.335407771940766
1.94209877850094,0.519656253113104,-0.317586906968929
2.0188149714379,0.496730845654006,-0.297071974163797
2.08815569379962,0.473640350330741,-0.273117895619488
2.15001229508336,0.450534524904209,-0.244909675154418
2.20427743405384,0.427665771589843,-0.211624745960619
2.25082839752087,0.405441463719291,-0.172504607140006
2.28950552161789,0.384461303715359,-0.126957057691507
2.32008871519059,0.365517522272303,-0.0746993495454746
2.34227931147757,0.349529278152919,-0.0159312179661928
2.35569787739518,0.337387471149882,0.0484979942368953
2.35991113217731,0.329713433805135,0.116981593279074
2.35450019597196,0.32658775282216,0.187163122850014
2.33917032806372,0.327361957432384,0.256099811190483
2.31387442172768,0.330675184098243,0.320587068616524
2.27889452490414,0.334718877473752,0.377592103475094
2.23483056884516,0.337656773136031,0.424683416792741
2.18249352350056,0.338018565641832,0.460323868852162
2.12275400926688,0.334917689157366,0.483950095963829
2.05641152592804,0.328058815380805,0.495858294346687
1.98412133655776,0.317600261431956,0.49698629011397
1.90637848327696,0.303965333379514,0.488688044459524
1.82353819156606,0.287670661357173,0.472557376105613
1.73585181644216,0.269200406384371,0.450310534548604
1.64350693605197,0.24892868006143,0.423706214905042
1.54666932630868,0.227082649030678,0.394471382224871
1.44552873171329,0.203739132293874,0.364207230616161
1.34034907985144,0.178850488470436,0.334265753226902
1.23151865942136,0.152296309602529,0.305608720243091
1.11958965839992,0.123953960731592,0.278681633407352
1.0052930204257,0.0937744765465201,0.253347629457025
0.889517188828285,0.0618446018601524,0.228921667473172
0.773248959974502,0.0284158868729607,0.204319624311092
0.657487661810985,-0.00610954824118098,0.178297031727259
0.543153460500276,-0.0412324918450458,0.149716159081314
0.431010471955088,-0.0764317358092538,0.117767489316635
0.321617097167453,-0.111238467305823,0.0820897601520225
0.215305549048131,-0.145291186666749,0.0427720503401282
0.112188485044677,-0.178361490182103,0.000263496399158937
0.0121914378850736,-0.210350777829824,-0.0447569853115064
-0.0848928405434427,-0.241266255099346,-0.0914987740821775
-0.179340384887227,-0.271188867635885,-0.139137530327716
-0.271439476435129,-0.300243993096237,-0.186853800340632
-0.361452990967724,-0.328579949956737,-0.233846898924518
-0.449600709092619,-0.356354248868761,-0.279337548576475
-0.536056140911788,-0.383725202361779,-0.322566857434435
-0.620951312213558,-0.410846323720014,-0.362795266678512
-0.70438451882494,-0.437861714463767,-0.399303761149077
-0.786427856005143,-0.464900993733112,-0.431399521688227
-0.867132622087809,-0.492073246954778,-0.458428180686736
-0.946531486276953,-0.519459642560476,-0.479794449644527
-1.02463692849582,-0.547104940222077,-0.494991864872288
-1.10143607370406,-0.575008625729543,-0.503640663291347
-1.17688277087191,-0.603116966476216,-0.50553043393737
-1.25088857815923,-0.631317756214141,-0.500661529857393
-1.32331501704528,-0.659439696252051,-0.489276965873291
-1.39396976741725,-0.687258030088192,-0.471875630211899
-1.46260910698541,-0.714507072495114,-0.449199072483979
-1.52894771681829,-0.740898750800825,-0.422188305964893
-1.59267520244012,-0.766144611470819,-0.391913348227557
-1.65347686789691,-0.789977544293058,-0.359484856121144
-1.71105510588954,-0.812169290632425,-0.325961870308095
-1.76514769399423,-0.832540825876117,-0.292270582882942
-1.81554028703262,-0.850964621103012,-0.259145874011248
-1.8620719919116,-0.867359908562692,-0.227101422538908
-1.90463446616428,-0.881683645629288,-0.196427674241481
-1.94316602306265,-0.893920409809654,-0.167211846075136
-1.9776426043778,-0.904073917775922,-0.139371538083818
-2.008067317031,-0.912161623014633,-0.112693439388788
-2.03445976299757,-0.918212488939555,-0.086870387968788
-2.05684585997179,-0.922267060370277,-0.0615327664598957
-2.07524843298711,-0.924378570516746,-0.0362730896406023
-2.08967866568189,-0.924613931641172,-0.0106650785889063
-2.1001285741341,-0.92305381111732,0.0157198113473718
-2.10656496557495,-0.919791370310933,0.0432947035520011
-2.10892575820582,-0.914929537686137,0.0724349881025715
-2.10711990156667,-0.908576907855329,0.103449105414574
-2.10103226088413,-0.900842557103516,0.136542175084674
-2.09053453772321,-0.891830275256936,0.171774845657227
-2.07550248347364,-0.881632925964687,0.209022551654576
-2.05583834472615,-0.87032779998381,0.247942724897702
-2.03149587617082,-0.857973829753526,0.287958619930001
-2.0025037982233,-0.844611314769702,0.328267517829425
-1.96898282969945,-0.830264354419378,0.367877775385005
-1.9311518936917,-0.814945585324849,0.405673807821566
-1.88932094844276,-0.798662256397322,0.440501849411124
-1.84387077090373,-0.781422354604878,0.471264100525517
-1.79522305137998,-0.763239548365385,0.497006493130979
-1.74380631368277,-0.744136120088252,0.516986739824221
-1.69002373822443,-0.72414364752085,0.530714130879709
-1.63422786451515,-0.703301737223139,0.53795902078392
-1.57670495452503,-0.681655444462385,0.538735973682999
-1.51766937031941,-0.659252083869046,0.533268492727975
-1.45726641500505,-0.636138008079296,0.521944534212892
-1.39558106687338,-0.612355718528328,0.50527100677481
-1.33264988633999,-0.587941471581904,0.483833092766786
-1.2684738333604,-0.562923414339901,0.458261492209946
-1.2030304419545,-0.537320237788637,0.429208277787789
-1.13628464669062,-0.511140321186795,0.397330321495564
-1.06819784415955,-0.484381451244381,0.363278212460526
-0.998735557029421,-0.457031168050872,0.327688255326224
-0.927873898456477,-0.429067884769333,0.291175186565959
-0.85560517798878,-0.400462912070659,0.254323683043485
-0.781942861478648,-0.371183490501633,0.217677368014016
-0.706925954126235,-0.341196867651371,0.18172480453213
-0.630622717901991,-0.310475350534307,0.146882827208605
-0.553133468272923,-0.279002111933812,0.113478429742966
-0.474592038754241,-0.246777338287824,0.0817312256421872
-0.395165344556922,-0.21382407339866,0.0517391421964142
-0.315050367906581,-0.180192871675153,0.0234703723289989
-0.2344680174647,-0.145964252978036,-0.00323543707066453
-0.153653790633472,-0.111248075837247,-0.0286544332271224
-0.0728459196459252,-0.0761793780599245,-0.0531533294804386
0.00772754470278136,-0.040910903218385,-0.0771528793157846
0.0878607496646343,-0.00560327059276806,-0.101083569747808
0.167379172998216,0.0295856877617255,-0.125338943423388
0.24614442937035,0.0645107217275429,-0.150232759726738
0.324054189343717,0.0990466196793704,-0.175965596244839
0.401037603176613,0.133092400666632,-0.202604623682614
0.47704732536389,0.166572212033714,-0.230077764153917
0.552049777745355,0.199433109680105,-0.258180987280398
0.626015168620147,0.231640926440132,-0.28659569854301
0.698908620219849,0.263175135844989,-0.314912276898762
0.770683315834574,0.294023714442608,-0.342655826718464
0.84127613395568,0.324178731445542,-0.369310856618205
0.910605844199258,0.353633089835185,-0.394342592602519
0.978573660378927,0.382378551854103,-0.417213729942817
1.04506575508068,0.410404935964626,-0.437396446949409
1.109957237237,0.43770019280578,-0.454380354641046
1.17311704036388,0.464250948856712,-0.467677719813467
1.23441313882257,0.490043038825627,-0.47682775571896
1.29371748971802,0.515061531332786,-0.481402034167723
1.35091007971331,0.539289784860363,-0.481013091829254
1.40588146128731,0.562707168867891,-0.47532802823722
1.45853322029289,0.585285260455244,-0.464088230368688
1.50877597839136,0.606982591103197,-0.447135225451226
1.55652484065535,0.627738359819531,-0.424441046814505
1.6016926706173,0.647465901106041,-0.39613952707111
1.64418216356904,0.666047013535296,-0.362552991454036
1.68387826208128,0.68332839695702,-0.324207529874022
1.7206427939265,0.699121312312933,-0.281830158379458
1.75431307924174,0.713205133005431,-0.23632331872844
1.78470552694122,0.725334811646479,-0.188716317891562
1.81162402545855,0.735251685365015,-0.140098593558851
1.83487160996635,0.742696785038199,-0.091544436560598
1.85426296060619,0.747426094238544,-0.0440412387524214
1.86963515514159,0.749227926418307,0.00156760165934088
1.88085482845737,0.747943348976264,0.0446179762660368
1.88782118082126,0.743490716973821,0.0846369969645777
1.89046560690522,0.735894252900194,0.121335216173243
1.88874956966615,0.725313942513631,0.154586176237332
1.88266237863723,0.712070309249138,0.184401286662439
1.87221970326634,0.696654419310241,0.21090681521009
1.85746228433771,0.679713077562649,0.234327100505376
1.83845309920672,0.662003498777331,0.254974780503731
1.81527100594366,0.644320499823955,0.273245655360683
1.78800005497769,0.627409108271873,0.289613409050438
1.75671580953661,0.61188144413868,0.304618261825413
1.72147208293212,0.598155553418875,0.318843902203332
1.68229244224066,0.586426442998664,0.332878706481242
1.63917027270915,0.576670129005439,0.347260137315873
1.59207945103649,0.568674415832507,0.362405150771888
1.5409952960612,0.562087221157778,0.378534103484049
1.48592291019488,0.556473640385876,0.395600301605889
1.42692768890802,0.551374546911819,0.413240596571181
1.36416117483137,0.546360779605135,0.430762527004491
1.29787526398757,0.541077567548029,0.447178917681064
1.22841959944854,0.535274451035514,0.461291477284117
1.15622073776996,0.528817477612172,0.471812903957935
1.08174635376985,0.521683209616592,0.477506366666021
1.00546167739303,0.513937466673675,0.477316287168547
0.927786995734597,0.505704530311491,0.470467275540378
0.849063876324418,0.497133683083574,0.456517603768567
0.769534499810201,0.48836915020971,0.435365752149453
0.689334602175216,0.479527331399179,0.407218877279661
0.608497436685302,0.47068266090905,0.372537746925594
0.526964603157349,0.461861368697711,0.331973446022087
0.444599575967716,0.453041255784553,0.286308433383852
0.36120092867516,0.444155330350916,0.236410394145161
0.276514274808396,0.435097555943521,0.183203517826906
0.190244759394864,0.425729838481423,0.127659237549621
0.102075767868506,0.415890508635827,0.0708068868916554
0.0117030411999181,0.405406481977122,0.0137618954299564
-0.0811068201308003,0.39411242527928,-0.0422389835370893
-0.176436966060731,0.381880537810858,-0.0958221542708658
-0.274145739399527,0.368660422840324,-0.145521035243615
-0.373832624318842,0.354521456120633,-0.189905650619314
-0.474859722804251,0.339684984272715,-0.227782030737456
-0.576413854899137,0.324534549136175,-0.258406296756116
-0.677586751987026,0.309595893311027,-0.281647812724902
-0.77745775163216,0.295484928545427,-0.298048069458106
-0.87516705198075,0.282831344101519,-0.308746819002449
-0.969966413583296,0.272196165836752,-0.315281902861812
-1.06123671636428,0.264006871537636,-0.319307332401727
-1.14847062358892,0.258528845463113,-0.32230000313141
-1.23122916104204,0.255878360196628,-0.325326220564163
-1.30908748924138,0.25606668994112,-0.328914914568976
-1.38158553420203,0.259054531399565,-0.333047378904593
-1.44819545839758,0.264793536482575,-0.337239777834904
-1.50831370162266,0.273235702491598,-0.340675814106548
-1.56128278518766,0.284298350028147,-0.342345658921148
-1.606447025316,0.29778124494958,-0.341159237898432
-1.64324397741923,0.313244929550172,-0.336020035382721
-1.67132537197952,0.329878094309263,-0.325863027367847
-1.69068436525548,0.346404301776235,-0.309673036056839
-1.70174420778215,0.361091254299807,-0.28650652300684
-1.70535329280079,0.37190793261814,-0.255541680611577
-1.7026543322497,0.376816936735483,-0.216179507191688
-1.69485300604561,0.374117319985316,-0.168209287672618
-1.68296876398137,0.362720252961494,-0.11202816402763
-1.66766069633097,0.34227518915059,-0.0488630703101376
-1.64917668016697,0.313137024541412,0.0191013356589844
-1.62741423465852,0.276217710932245,0.0887982292982522
-1.60204720644802,0.232776527352511,0.156615126983193
-1.57266869318985,0.184193613312632,0.218936560554662
-1.5389113271522,0.131765672600748,0.272727110198602
-1.50052116723911,0.0765594029008594,0.31595957740397
-1.45737969192794,0.0193440937835677,0.347771367641556
-1.4094856926768,-0.0393998399494164,0.368360904008038
-1.35691765042509,-0.0994206266551798,0.378729259607869
-1.29979496546654,-0.160613703069964,0.380388947845144
-1.2382482412828,-0.222942458782923,0.375120707754209
-1.17240144417622,-0.286372708522995,0.36480227776992
-1.10236539121996,-0.350823222912228,0.351290764558249
-1.0282419502809,-0.416130744981934,0.336322097673947
-0.950139192996433,-0.482028510872085,0.321394720794152
-0.868197329242593,-0.548139950065217,0.307624138903523
-0.782622461193727,-0.613991148579098,0.295583661893411
-0.69372042674493,-0.679044381047868,0.2851758114655
-0.60191852485275,-0.74274960656834,0.275595236644198
-0.507762348178397,-0.804603101459826,0.265433290898803
-0.411881182841711,-0.864196987116272,0.252931543950812
-0.314927458330946,-0.921244951882038,0.236331594067795
-0.217507553939481,-0.975578456525311,0.214224261253695
-0.120125481553939,-1.0271191340216,0.185800764976577
-0.0231548811631895,-1.07584027444672,0.150951939976146
0.0731573815464908,-1.12173031361367,0.110221038831678
0.168663604273528,-1.16476632234552,0.0646588909954016
0.263275947869048,-1.20489988340232,0.0156428242968189
0.356927161547709,-1.24205379967038,-0.0352913082182546
0.449538184352907,-1.27612706886082,-0.0865766446764959
0.540995601139925,-1.30700534452521,-0.136695466255073
0.631138549677563,-1.3345749539326,-0.184218663542479
0.719753070228026,-1.35873871019979,-0.22781795940372
0.806571997606711,-1.3794323082746,-0.266266564008711
0.891279184575348,-1.39663951654511,-0.298443207560761
0.973517640701656,-1.41040368718967,-0.323351953944429
1.05290137994023,-1.42083217133303,-0.340165824034504
1.12903019985495,-1.42808981268505,-0.348295771503781
1.20150544708432,-1.43237860020265,-0.347477764280105
1.2699436559081,-1.4339033674646,-0.337860568898814
1.33398451791931,-1.43282804956615,-0.320068063901524
1.39329069059237,-1.42923220831651,-0.295207170270248
1.44753957404159,-1.423080856674,-0.26480042433822
1.49641040657035,-1.41421936570565,-0.230641822448089
1.53957206441705,-1.40239840668676,-0.194600085380051
1.57667631611423,-1.38732366748393,-0.15841344715691
1.60735811240081,-1.36871630261264,-0.123523575815869
1.63124075801303,-1.34636708221562,-0.0909807559757608
1.64794182706389,-1.32017087825242,-0.0614259882571272
1.65707647315813,-1.29013549286826,-0.0351313097859067
1.65825757221205,-1.25636564700368,-0.0120673016688568
1.65109536813036,-1.21902661054832,0.00803137701337669
1.63520181066485,-1.17829265839725,0.0256196665592198
1.61020617917215,-1.13428534566986,0.0413166006334866
1.5757887426926,-1.08700779290464,0.0558882109816852
1.53173755317955,-1.03628491404735,0.0702176311976704
1.47802889318789,-0.981724953726823,0.0852400448030401
1.41492349598303,-0.922721675329684,0.101828319207328
1.34305928038057,-0.858514316216955,0.120632646990051
1.26351108047381,-0.788310057751927,0.141900650791992
1.17778568592768,-0.711451888874985,0.165325066903596
1.0877325641808,-0.627591301233254,0.18997372936174
0.995376500429791,-0.53681324728878,0.214343283073081
0.902707920215638,-0.439670480765141,0.236544454817505
0.811484314473072,-0.337114631407857,0.254584007115595
0.723091516289693,-0.23034811129776,0.266674746733945
0.638489156482699,-0.12064570782306,0.271496219363709
0.5582343949054,-0.00919664870111195,0.268349370492778
0.482557030922668,0.102999906141817,0.257187697432112
0.411453874300929,0.215177901636737,0.238546019736067
0.344777612570981,0.326797256447151,0.213410371190723
0.282307460575969,0.437505968707023,0.183074485379349
0.22379915471533,0.547089268251816,0.14901566744122
0.169017643619132,0.655417229305966,0.112804652799399
0.117757446862757,0.762395583585895,0.0760474494800916
0.0698546359112269,0.867920147094445,0.0403455902967175
0.0251923380634711,0.97183406712271,0.00725555897989587
-0.0163002813620246,1.07388863335868,-0.0217716057030389
-0.0546567028989314,1.17371167804736,-0.0454833017739139
-0.0898902674517287,1.27079097422745,-0.0629514537495434
-0.122018969813578,1.36448147012639,-0.0737150299340436
-0.151093892649053,1.45404256633826,-0.0779043072609466
-0.177224426668443,1.53870412206566,-0.0763010681864343
-0.20059239591426,1.61774918612534,-0.0702938132395036
-0.221449574452296,1.6905924527267,-0.0617126106864563
-0.240098556083227,1.75683180957144,-0.0525679556866961
-0.256863017316985,1.81625857645725,-0.0447541873910549
-0.272056775826634,1.8688266381897,-0.0397913070574499
-0.285960037150002,1.9145941287837,-0.038662241942876
-0.298807020868922,1.95365737854467,-0.041765887741584
-0.310784548057356,1.98609442817013,-0.0489691288367891
-0.322038334915971,2.01192809524391,-0.059718873447549
-0.332683155759322,2.03111099119396,-0.0731720030938696
-0.342813951394319,2.0435298800917,-0.0883117741738398
-0.352516349604594,2.04902480792946,-0.104035348811041
-0.361876261085007,2.04741851162544,-0.119212277543232
-0.370988932546786,2.03855237103701,-0.132724589605756
-0.379968024028894,2.02232550453506,-0.143504675343623
-0.388954942738873,1.99873295645435,-0.150587290530579
-0.398127900929062,1.96789733211165,-0.153186781544414
-0.407709212961452,1.93008645948397,-0.150800188301247
-0.417968670531716,1.88570917506381,-0.143322482970709
-0.429221016213386,1.83528387868507,-0.131145399216562
-0.441816973521441,1.779381103637,-0.115202324289789
-0.456129661566833,1.71855088563591,-0.0969255284351486
-0.472540277305925,1.6532543715717,-0.0781019291764213
-0.491427023540998,1.58382181298347,-0.0606448845682748
-0.513158631073695,1.51045274193684,-0.0463291934967125
-0.538089590883141,1.43326047197211,-0.0365498358508167
-0.566550947183094,1.35234808724284,-0.0321550136062757
-0.598830477298366,1.26789334540409,-0.0333763904710595
-0.635139716737036,1.18021854455528,-0.0398483014832968
-0.675571055835947,1.08982720974916,-0.0506866958808952
-0.720053703228448,0.997398920288991,-0.0645936202200332
-0.76832073151194,0.903743436948617,-0.0799618240599197
-0.819899470091088,0.809723817725274,-0.0949699174417936
-0.874133642749334,0.716164839646564,-0.107674613220859
-0.930237735980352,0.623767468024108,-0.116117921401916
-0.987373032077234,0.533051198834319,-0.118470265806951
-1.04472331400777,0.444341944647664,-0.113222722199722
-1.10154170982537,0.357812047470487,-0.0994214502127228
-1.15714498669716,0.273561647943436,-0.0769069322311894
-1.21085153451556,0.191712146567665,-0.0464888982035051
-1.26188977620111,0.11247231638895,-0.00997235191814885
-1.3093294686985,0.0361451844852386,0.0300287901027918
-1.35208928924758,-0.0369295733101338,0.0704886187862613
-1.38904078997646,-0.106469663117619,0.108486856367561
-1.4191765296397,-0.172333621645859,0.141695374318202
-1.4417731722203,-0.234555468272739,0.168689969413143
-1.45648454560658,-0.293321658659539,0.189021935229786
-1.46333913878497,-0.348909491999041,0.203083395357526
-1.46266077460313,-0.401616198592884,0.211863781096759
-1.45495383196577,-0.451700131723669,0.216699224002147
-1.44079127826742,-0.499341161156429,0.21907876534454
-1.42072731846627,-0.544617023355767,0.220522676396279
-1.39524056329194,-0.587489701991562,0.222511474998578
-1.36470490820595,-0.627799174035433,0.226427106034629
-1.32938356344744,-0.665267437106951,0.23346881247656
-1.2894434671925,-0.699520139939533,0.244521730654017
-1.24498888002257,-0.73013348851154,0.259982610981108
-1.19611166119041,-0.756708402086723,0.27957920156601
-1.14295075063098,-0.778962236501036,0.30224779252829
-1.085746595861,-0.796814684484644,0.32614166577402
-1.02487225033873,-0.810436771375803,0.348816988991783
-0.960826734248202,-0.820238543033136,0.367581888893637
-0.894189174349079,-0.826793152060408,0.379924025412338
-0.825548466578764,-0.83072184943675,0.383892863764532
-0.75543298627325,-0.832579449915838,0.378331789372624
-0.684262310363506,-0.832774441030957,0.362920776439744
-0.612330816669385,-0.831537983011455,0.338061868977309
-0.539819706752266,-0.828935533763229,0.304680749921806
-0.466826167332143,-0.824903820797916,0.264019045304155
-0.393397411164244,-0.81929562173396,0.217467916372525
-0.319560690115312,-0.81192074943374,0.166463637691326
-0.245344650840551,-0.802578661006103,0.112442528019744
-0.170790784187579,-0.791083368627498,0.0568390509004151
-0.0959553910028542,-0.777283478967584,0.00110513677005141
-0.0209045678075526,-0.761080842049556,-0.0532714768863684
0.0542938992274767,-0.742450009516377,-0.104769940003359
0.129577444268828,-0.721458801940394,-0.151877529337767
0.204891621491978,-0.698286696558408,-0.193182862508667
0.280186809713444,-0.673234363373376,-0.227523881685881
0.355407287795546,-0.64671552529262,-0.254174352344578
0.430472482271708,-0.619224527284761,-0.273027991251287
0.505253498545103,-0.591279757526788,-0.284718678559299
0.579551833717446,-0.563353557873233,-0.290612913065863
0.653089154969722,-0.53580852292085,-0.29263907082897
0.725514876045271,-0.508861598492836,-0.292974121468895
0.796431762339587,-0.48258804089043,-0.293667242125333
0.865432131022598,-0.456961366805721,-0.296307047883237
0.932132997008441,-0.431912215503096,-0.301817742570546
0.996200158051678,-0.40738545581061,-0.3104135849559
1.05735715328009,-0.383380520527192,-0.321683767516151
1.11538138183433,-0.359969217761622,-0.334747315497393
1.17009341077525,-0.33729265233599,-0.348415584526222
1.22134588772669,-0.315542252941623,-0.361318410062914
1.26901650212711,-0.294930098990768,-0.371975630010567
1.31300653770874,-0.275652762936723,-0.378819792975477
1.35324373204381,-0.257852454467059,-0.380195055524626
1.38968587462484,-0.241580296831728,-0.374370918018282
1.42232004125283,-0.226769119040526,-0.359616197263808
1.45115195321213,-0.213226206889933,-0.334374125456178
1.47618147581931,-0.200657690942484,-0.297556234185855
1.49736479286841,-0.188732061224851,-0.248924169510847
1.51457154176491,-0.177177437904793,-0.189459330907689
1.527553660909,-0.165887012543473,-0.121559131742668
1.5359457934014,-0.154990066830738,-0.0488994405447561
1.53930868627371,-0.144849394722192,0.0240911396990207
1.53720862703342,-0.135977910950154,0.0930161866475057
1.5293094777771,-0.128910416463182,0.154281933197708
1.51545130996321,-0.124087638855629,0.205587760800907
1.49569971440034,-0.121793039344687,0.246026896804722
1.47036039039268,-0.122146566973326,0.275870098051854
1.43995723902851,-0.125133454949838,0.29620053692383
1.40517388009396,-0.130643208970496,0.308556308734038
1.36676649436709,-0.13850608781513,0.314668621063723
1.32546907679332,-0.148526991080601,0.316314026861481
1.28191959934542,-0.160521073767566,0.315253907719539
1.23662832127119,-0.17435180230877,0.313214784745728
1.18999080219888,-0.189965649904376,0.311861162513523
1.14233006543671,-0.207412934599136,0.312722332584752
1.09394417830984,-0.226843520236742,0.31705356740973
1.04513819796987,-0.24846964470424,0.32563957301581
0.996228689464446,-0.272496111501756,0.33858067915641
0.94752046967443,-0.299029820623686,0.355130995778176
0.899265865122866,-0.327992926607138,0.373667585034698
0.851623763046815,-0.359070342816191,0.39184580680153
0.8046360828359,-0.391716017943524,0.40693690178624
0.758232009393421,-0.425222277412309,0.416271686885166
0.712258673541443,-0.458831230059176,0.417667611538994
0.666527172097948,-0.491851102892504,0.409724209991072
0.620859592660248,-0.52374248401857,0.391929340281255
0.57512597793875,-0.55415656456276,0.36459065331639
0.529266268955356,-0.582927758277421,0.328656399581231
0.483297456066356,-0.610036088937574,0.285501709909131
0.437308839754676,-0.635557406666104,0.236739112925152
0.391448737231443,-0.659615035865302,0.184083030565492
0.34590521412205,-0.682339851127022,0.129271331144584
0.300882256492319,-0.703840497690382,0.0740286912397262
0.256572113055609,-0.724183416970532,0.0200468308640065
0.213124219419369,-0.743382119705334,-0.0310444394988507
0.170613410094574,-0.761395956441301,-0.0777318850467901
0.129014798646649,-0.778136065821959,-0.11869552799047
0.0881965667950284,-0.793471652609839,-0.152888713391969
0.0479377866217733,-0.80723285524869,-0.179612275593417
0.00796836395845742,-0.819215807636362,-0.198589284272328
-0.0319785420117696,-0.829197550242916,-0.210038233742113
-0.0721106203649761,-0.836960787044892,-0.214718439422973
-0.11252488297395,-0.842321528827204,-0.213911220960616
-0.153169992743241,-0.845150679742608,-0.209313234422406
-0.193832225968841,-0.845382403318678,-0.202845970705561
-0.234150363352249,-0.843006363237038,-0.196415356286669
-0.273656721267041,-0.838046220918845,-0.191674644201191
-0.311833882920228,-0.830531003549372,-0.189843293232242
-0.348173395799252,-0.820467447058964,-0.191614884441324
-0.382224842691774,-0.807819952782645,-0.197158338865746
-0.41362931125345,-0.792501607240466,-0.206191769509932
-0.442137152975037,-0.774376465048343,-0.218095523138685
-0.467613709800173,-0.753271113515979,-0.232031202886702
-0.490037726333468,-0.728992663202065,-0.247042303617306
-0.509496089304558,-0.701350355608407,-0.262123990203059
-0.526176400641822,-0.670178360112891,-0.276260528312116
-0.540356662406091,-0.635357583291578,-0.288437202353736
-0.552389748221627,-0.596834226529957,-0.297639064729868
-0.562679993635078,-0.554632527310781,-0.302851991539408
-0.57165065596981,-0.50885903620632,-0.303082433508638
-0.579704404973871,-0.459696547428017,-0.297410386236559
-0.587183815875517,-0.407387924957114,-0.285084143235236
-0.594343188934048,-0.352213420588616,-0.265653983322973
-0.601343919637232,-0.294468447702381,-0.239125228793808
-0.608280351263836,-0.234450004105024,-0.2060927269803
-0.615231478592109,-0.172457098253573,-0.167806813725059
-0.622320475005098,-0.108803707410621,-0.12612542797176
-0.629756622249305,-0.0438351119720084,-0.0833342048330596
-0.637839187836705,0.0220651656273447,-0.0418602501448246
-0.646919301359238,0.088486885822873,-0.00394686125124823
-0.657334930158237,0.155022666621994,0.0286267640978348
-0.669344529717186,0.221305730894415,0.0547148604593047
-0.683081883285429,0.28704227032201,0.0738400575889525
-0.698542200679631,0.352028383206667,0.0861146616439487
-0.715596329832826,0.416148981680265,0.0920953997825539
-0.73402232848929,0.479362752598874,0.0926223040626593
-0.753542808526539,0.541680430786353,0.0886797532465157
-0.773859884954862,0.603143280030257,0.0812993712615258
-0.794684009242795,0.663806314744806,0.0715082785345216
-0.815756362894927,0.72372803681889,0.0603152693120853
-0.836866152801802,0.782966246304631,0.0487216732780426
-0.857864288025828,0.841578065291589,0.0377414275146846
-0.878674031371677,0.899621593827934,0.0284147699376014
-0.899297824414838,0.957156394360481,0.0218011928827814
-0.919818022117923,1.01424019552302,0.0189399440352103
-0.940388220575281,1.0709198590239,0.0207711752280941
-0.961211782051357,1.12721591958624,0.0280188410473245
-0.982505708547133,1.18310198742818,0.0410481300216087
-1.00445164163818,1.23848282911338,0.0597243587531505
-1.0271411790782,1.29317730985398,0.0833127025064073
-1.05052820279224,1.34691334198179,0.110461730455633
-1.07440342887549,1.39934021410654,0.139301095227404
-1.09840285033966,1.45005881473564,0.167653205588456
-1.12205172708729,1.49866383848444,0.193319533388116
-1.14483319603312,1.5447871816613,0.214372844557364
-1.1662619832876,1.58813119260913,0.229383725918781
-1.18594369695923,1.62848459718615,0.237535483556528
-1.20360796981578,1.66572035808257,0.238621421183696
-1.21911419348276,1.69978013902257,0.232952613051254
-1.23243645897978,1.73065243251387,0.221220129147131
-1.24363729717956,1.75835084152676,0.204353204319176
-1.25283869219375,1.78289681184268,0.183401782818628
-1.26019574862884,1.80430869075227,0.159456652192737
-1.26587518702105,1.82259715817495,0.133608113891748
-1.27003849510585,1.83776603024551,0.106936272711405
-1.27282831338359,1.84981700132952,0.0805218517497302
-1.27435634789807,1.858756790253,0.0554645881566955
-1.274691554495,1.86460515369669,0.0328956509425208
-1.27384832933664,1.86740218340713,0.0139707244390167
-1.27177579371449,1.86721319094232,-0.000168236713233627
-1.26835074132894,1.86412940245766,-0.00847105119690808
-1.26337801483948,1.85826285618449,-0.0100985739712791
-1.25660235266577,1.84973461592678,-0.0045730635659231
-1.24773432288566,1.83865693215706,0.00806574391418433
-1.23648935780435,1.82511222374547,0.0271392945406983
-1.22263362059717,1.80913403956642,0.0512911070490072
-1.20602549247476,1.79069620388845,0.0785675518964967
-1.18663992496866,1.76971488367257,0.106625779718861
-1.16456694141608,1.7460642373087,0.133033319924955
-1.13998428046591,1.71960133929978,0.155588424758015
-1.11311330834213,1.69019293595269,0.172581772456182
-1.08417207047775,1.65773695503396,0.182943783484677
-1.05333782560408,1.6221749367041,0.186263899376559
-1.02072560592873,1.58349543604626,0.182706972984067
-0.986383013940759,1.54173096337778,0.172872420615761
-0.950297337633387,1.49695155554414,0.157642147833533
-0.912409794070142,1.44925719021634,0.138050807474767
-0.872632468555412,1.39876989146474,0.115195685388434
-0.830865106276659,1.34562523534715,0.0901893504501917
-0.787010457162668,1.28996236551587,0.0641482835522848
-0.740987938435842,1.2319116173614,0.0382046723860025
-0.692745858727571,1.17157939546854,0.0135252527518501
-0.642272402001621,1.10903100365489,-0.00868042580209544
-0.589605107362354,1.04427361893037,-0.0271797902420806
-0.534837855940136,0.977243353424579,-0.0407800025955433
-0.478123615304192,0.907801931252654,-0.0484420488062645
-0.419670758311646,0.835749134864886,-0.0494423195493127
-0.359731127911182,0.760855672604121,-0.0435596533547033
-0.29857954457102,0.682916455417466,-0.0312448431603318
-0.236487107609638,0.601816509757904,-0.013714283372508
-0.173693539494354,0.517593299405761,0.0070879853403534
-0.110385408385355,0.430474887547271,0.0286860987998558
-0.0466859524678542,0.340877767392738,0.0484005280766198
0.0173415098392582,0.249361566688871,0.0637311327953825
0.081679112911348,0.15655394365859,0.0726944518959703
0.146334378691193,0.0630688515022009,0.0740342212228042
0.211320243640482,-0.0305599796594478,0.0672745411312984
0.276639121394772,-0.123918418696424,0.052637876409448
0.34227272266584,-0.216723856889775,0.030881745817977
0.408177773422067,-0.308817007729327,0.00311262031174338
0.474287076800841,-0.400143003178373,-0.0293784085808052
0.540515252335852,-0.490729246809466,-0.0652339743703775
0.606768519913703,-0.580663876193723,-0.103096687397783
0.672957793800973,-0.670075228452368,-0.141629768899719
0.739013958880591,-0.759110270834051,-0.17950588782663
0.804903480586799,-0.847908850489026,-0.215381757546072
0.87064152117267,-0.93657091903664,-0.247877662360643
0.936298702008847,-1.02511567257451,-0.275581179789299
1.00199697376607,-1.11343485217774,-0.297092437406194
1.06789036038895,-1.20124699729511,-0.311122785369949
1.13412839971962,-1.28806433867299,-0.316647880121663
1.20080444581182,-1.37318730551792,-0.31309892807931
1.26789729229194,-1.45574056450247,-0.300554326717335
1.33522095792525,-1.53475659850589,-0.279875240536739
1.40240048081052,-1.60929805145503,-0.252724266984959
1.46888762176096,-1.67859294510321,-0.221426910896505
1.53401861535579,-1.74214601226012,-0.188681445189629
1.59710063568476,-1.79979274537886,-0.15717755769023
1.65750229871351,-1.85168116050068,-0.129220586513262
1.71472275817731,-1.89819115305351,-0.106455469723387
1.76842391118295,-1.93982009421359,-0.0897445517701311
1.81842479648701,-1.97706814879108,-0.0791987679873936
1.8646688935685,-2.0103487988603,-0.0743189143963846
1.90717963650196,-2.03993631941204,-0.0741865272221716
1.9460176035532,-2.06594965598408,-0.0776501634682774
1.98124764073598,-2.08836495538601,-0.0834717771836193
2.01291870554677,-2.10704696123719,-0.0904187534027963
2.04105524111666,-2.12179080531486,-0.0973038130289116
2.06565682984154,-2.1323683269661,-0.102985762016277
2.08670238993214,-2.13857538088368,-0.106349786745698
2.1041557008591,-2.14027776729157,-0.10628823882636
2.11797008828947,-2.13745313013174,-0.101702569126795
2.12809134371078,-2.13022460024178,-0.0915441546886892
2.13445917708752,-2.11887979334174,-0.0749050929030717
2.13700848181777,-2.10386723571631,-0.0511582135299554
2.13567214518464,-2.0857630449268,-0.0201283194900529
2.13038677327142,-2.0652053010123,0.0177432186521486
2.12110143706062,-2.04280237323578,0.0612937897960077
2.10778757735586,-2.01903254527381,0.108648641703141
2.0904469832095,-1.99416037369077,0.157375057108717
2.06911410034307,-1.96819535691894,0.204769050619668
2.04385101991554,-1.94090699183864,0.248213078409007
2.01473647137048,-1.91189188161851,0.285513859831292
1.98185267828723,-1.88067139901293,0.315136660672677
1.94527505841626,-1.84679130302269,0.336292662471878
1.90506814174309,-1.80989922211824,0.348887487800968
1.8612883156607,-1.76978772919755,0.353377157719547
1.81399127566353,-1.72640277661063,0.350590672591426
1.76324049254463,-1.67982488947665,0.341569155441861
1.70911280548197,-1.63023284890045,0.327451146563303
1.65169802064268,-1.57785831912288,0.30941266295654
1.59109064351067,-1.52293734163568,0.288654659005534
1.52737332550449,-1.4656626354582,0.266420592797782
1.46059328956932,-1.40614012157882,0.244021580120744
1.39073509711246,-1.34435414780099,0.222844581500462
1.31769570196179,-1.28014798229065,0.204319797905577
1.24127048226804,-1.2132281218276,0.189828071533093
1.16116084236083,-1.14320108245434,0.180539888115132
1.07701324149608,-1.06964752002549,0.177196703041801
0.988493965583803,-0.992229188008091,0.179872320050661
0.895392343373021,-0.910809936522924,0.187780602402127
0.79772929169449,-0.825557334563631,0.199211645405621
0.695834988634463,-0.736985587937429,0.211663319320308
0.590359509039069,-0.645912340275812,0.222179356343192
0.482199945299026,-0.553332233366965,0.227824549382102
0.372360777085198,-0.460245092582465,0.226163977657743
0.261792472038488,-0.367495156220829,0.215608061371154
0.151258958039149,-0.275668240918104,0.195544453932911
0.0412660680881163,-0.185064208299795,0.166264341797481
-0.067945365331296,-0.0957322802610328,0.128756138069273
-0.176359663894936,-0.00754140789229407,0.0844595092162703
-0.284124888235779,0.0797412173357755,0.0350545780575209
-0.391490652335953,0.166380396837856,-0.0176730970044138
-0.498756431177749,0.252617581230952,-0.0718837389770691
-0.606232131097216,0.338627804769836,-0.125666577439101
-0.714205674091333,0.424483527646118,-0.176986891479626
-0.822908319350073,0.51012083137918,-0.223640133765065
-0.932467934128682,0.595307557593519,-0.263264832567137
-1.04284470756383,0.679619846780421,-0.293468401337771
-1.15375429150514,0.762441536262393,-0.312107449279917
-1.26459951228706,0.843005871085655,-0.317723565250517
-1.37444782790649,0.920493867918718,-0.310058797108329
-1.48209456823641,0.994182153239965,-0.290478324804889
-1.5862273208367,1.06359908664062,-0.262068783798402
-1.68565460204537,1.12862268643377,-0.229240803726047
-1.77951204675618,1.18946577092021,-0.196871430867185
-1.86735619218044,1.24654786233477,-0.169272503752036
-1.94911278887573,1.30031379115244,-0.149377373289928
-2.02492210976934,1.35107890189229,-0.138409326082898
-2.09496218207101,1.39895099337774,-0.136037070542389
-2.15931665804937,1.44383160457659,-0.140824186343801
-2.21791423222445,1.48546814800116,-0.150733736103218
-2.27053314005942,1.52352290598408,-0.163519172827879
-2.31684978719476,1.55763500223127,-0.176935759320391
-2.35651066591337,1.58746477544876,-0.188789193172923
-2.38921229001036,1.61271995374342,-0.196887005154879
-2.41477811206755,1.63316843028203,-0.198981175647216
-2.43322128592659,1.64864438729573,-0.192795820518325
-2.44477815211785,1.65905422948052,-0.176221255043106
-2.44989322317567,1.66438669004507,-0.147714380570087
-2.4491394327563,1.6647272861942,-0.106861368749432
-2.44307571521068,1.66027128559995,-0.0549360400268274
-2.43207864364676,1.65132399899725,0.00482238684248458
-2.41621827100576,1.63827749634966,0.0674811682069578
-2.39524665691332,1.62156209314908,0.127297374210267
-2.36871324188365,1.60158489422492,0.178939433507561
-2.33614773089235,1.57867561438139,0.218554943413527
-2.29722013819256,1.5530554332183,0.244286862607331
-2.25182018683561,1.52483248418119,0.256167295101634
-2.20005472187078,1.49401702251822,0.255610819418561
-2.14219494470972,1.46054518382599,0.244815730412527
-2.07860495808804,1.42430187275583,0.226294465323528
-2.00966719837283,1.38513813883036,0.202615757128466
-1.93570713941244,1.34288411431868,0.176334197203427
-1.85691648048329,1.29736348203551,0.150026611287336
-1.77328030682482,1.24841812325779,0.126335016346256
-1.68452585940895,1.19595072590439,0.107917736160782
-1.59012333257162,1.13998739906883,0.0972305140687537
-1.48937415110216,1.08075110341889,0.0961076601805456
-1.3816075106786,1.01872201295624,0.10520139446009
-1.26646164306104,0.954650079090567,0.123457810964563
-1.14415999382781,0.889490335715757,0.147904253458495
-1.01564563346054,0.824261301373004,0.173992656843862
-0.882469248295067,0.759870627926295,0.196519114529933
-0.746449858215009,0.696978139789427,0.210815559326877
-0.609260662195057,0.635949117776289,0.213730774950079
-0.472122773979193,0.57690205345026,0.204048264813298
-0.335699883203818,0.519813724874638,0.182314473085927
-0.200167617361129,0.464634498118338,0.150311561643464
-0.0653702574565913,0.411381325265853,0.110466397780869
0.0690144460887545,0.360195508707529,0.0653944522923594
0.203342294060866,0.311364814163101,0.0176499792611897
0.337905805281047,0.2653133544357,-0.030338507054382
0.472859168598581,0.222561224150124,-0.076215276730191
0.60814811999215,0.183653410901753,-0.11761148916454
0.743437172736979,0.149058067406748,-0.152112243872601
0.878043221021862,0.119041215800837,-0.177351955996907
1.01090268714527,0.0935397532341727,-0.191283323711188
1.14060945094561,0.0720731448324005,-0.192604127307454
1.2655501934323,0.0537438956865713,-0.181235450577554
1.38412607240943,0.037360257276495,-0.158657909493306
1.49499793213555,0.0216638918408384,-0.127895621545905
1.5972619682217,0.00558172380538189,-0.0930475523350342
1.69048691069134,-0.0116074341385155,-0.0584761707291327
1.77461497534528,-0.0302612930211592,-0.0279448416639309
1.84979606554315,-0.0505017892333948,-0.00401342097956134
1.91624040336265,-0.0723981878590212,0.0121530003220594
1.9741390013288,-0.0961140725611307,0.0206115420207947
2.02365191264962,-0.121968533421433,0.0222778790877849
2.06493461601215,-0.150412642596011,0.0185491452303599
2.09817023536712,-0.181952395332384,0.0110226896308892
2.12358813274143,-0.217054161119232,0.00133966174885922
2.14146429067351,-0.256058647695883,-0.00887454424810474
2.15210872270376,-0.299116504891999,-0.0180276523602444
2.155848857292,-0.34615003173397,-0.0245932972494577
2.15301721411737,-0.396842581328929,-0.0272033932041778
2.14394875976437,-0.450658046472372,-0.0248178841706685
2.12898942025162,-0.506893378871662,-0.0169523659345075
2.10851299612474,-0.564763362442049,-0.00390168290665521
2.08293986180034,-0.623507051341148,0.0131343281315464
2.05274853102109,-0.682492372407062,0.0321145000317931
2.01847206977483,-0.741287775731944,0.0504472236912559
1.98067627745952,-0.799676447699021,0.0654535226339572
1.93992402949883,-0.857610070153419,0.0748643257288254
1.89673620923446,-0.915123747606801,0.0771963522906079
1.85156057998188,-0.972246150055045,0.0719121422943934
1.80475548951845,-1.02893344778786,0.0593671370287779
1.75658885322106,-1.08503966439488,0.0406205331060526
1.70724838315495,-1.14032121729744,0.0172068799686357
1.65685831479892,-1.19446588965564,-0.00905838252532208
1.60550018562024,-1.24713551700759,-0.0362072076222476
1.55323860982808,-1.29801340912402,-0.0621859214944834
1.50015553398707,-1.3468486321846,-0.0848907798069286
1.44639654185621,-1.39348838210933,-0.102214732685325
1.39222909635871,-1.43788737265722,-0.112149606405307
1.33810449483504,-1.48008177565715,-0.112976562324782
1.28470389474739,-1.52011859184926,-0.103549075135531
1.23293865018163,-1.55794328864937,-0.0836249798167425
1.18387504254477,-1.59326971767728,-0.0541474715887572
1.13857219355181,-1.62547916274629,-0.0173388059095787
1.09785940017115,-1.65360320847202,0.0235047221735919
1.06211791986264,-1.67642220378457,0.0645241188198859
1.03114419717281,-1.69266112196544,0.101981294513611
1.00414170340259,-1.70121722114436,0.132891113184064
0.979833848509596,-1.70134255537872,0.155406468070903
0.956646976919015,-1.69273441204001,0.16888640678351
0.93290321153023,-1.67553164208103,0.173712221063787
0.90698214628106,-1.65024425869834,0.170986517532267
0.877436693501476,-1.61764789934423,0.162242763501053
0.843065554243692,-1.57866386775405,0.149240229966746
0.802949674421742,-1.53423407511075,0.133859687449806
0.75645825053457,-1.48519647894551,0.118070108070651
0.703228240996677,-1.43217096340547,0.103911434581102
0.64312343856448,-1.37547400707468,0.093431912556857
0.576184518085232,-1.31508746395395,0.0885299726717049
0.502586653045357,-1.25070647894358,0.0906820421204202
0.422621827736833,-1.18187824601288,0.100589307901479
0.336715004321083,-1.10821420824295,0.117838839329344
0.245466168438383,-1.02961978928106,0.140720710952854
0.149690190674491,-0.946457744457977,0.166333503401596
0.0504164821899065,-0.859570126877977,0.191020949517517
-0.0511769317488656,-0.770139414448408,0.211039448197033
-0.153887148066786,-0.679444664032384,0.223242011700085
-0.256627462605502,-0.588613764212781,0.22555846098574
-0.358536598246983,-0.498459079344052,0.217157726308458
-0.459026221736529,-0.409428697172881,0.1983196525485
-0.557767168393989,-0.32165156862902,0.170136021229895
-0.654636001152934,-0.2350299801333,0.134174214949083
-0.749648264904051,-0.149336782124813,0.0921971185503428
-0.842897780161812,-0.0642923553822088,0.045979637808474
-0.934510791918655,0.0203862423649271,-0.00277873535005001
-1.02461528347515,0.104960166451495,-0.0524680292377527
-1.11332110773985,0.189658899635547,-0.101538881115909
-1.20070532685298,0.274676026875831,-0.148460561770549
-1.28679818201894,0.360162672356836,-0.191692427608797
-1.37156747390283,0.446213333917975,-0.229690843029904
-1.45490210363902,0.532842331999567,-0.260967938976748
-1.53659848961597,0.619953258108116,-0.284209903520847
-1.6163557735433,0.707308421773013,-0.298448716933651
-1.69378612682772,0.794509370544207,-0.303261688531253
-1.76844402742435,0.881001082229351,-0.298951108666676
-1.83987282682224,0.966108928778413,-0.286640871274634
-1.90765973119778,1.04910790101426,-0.268231165823937
-1.97148483833086,1.12931044874796,-0.246185556351518
-2.03114977343462,1.20614920271305,-0.223181191315714
-2.08657795273718,1.27923067564715,-0.201707706412391
-2.13778864423233,1.34834713596084,-0.183722597540922
-2.18485547175208,1.41345001912281,-0.170446371384576
-2.227862925045,1.47460039005552,-0.162324545731789
-2.26687172908717,1.53191500340205,-0.159127263784341
-2.30189844763527,1.58552181734272,-0.1601257594917
-2.33290959724885,1.63553122782554,-0.164283107548233
-2.35982748664496,1.68202290628694,-0.170414266140012
-2.38254403713361,1.72504453787994,-0.17729362268081
-2.4009392270807,1.76461764857183,-0.183707987806608
-2.41490169106572,1.8007460789569,-0.188466133487633
-2.42434978160976,1.83342365362257,-0.190383202685048
-2.42925175258423,1.86263872453759,-0.188261470192814
-2.42964354566021,1.88837438128415,-0.180889445621596
-2.42564201210589,1.91060423631452,-0.167079489215477
-2.4174505065022,1.92928488728511,-0.145759023035448
-2.40535310469657,1.94434745281603,-0.11612020042207
-2.3896939707618,1.95569181090377,-0.0778158162070149
-2.37084055510363,1.96318786292739,-0.0311658415837626
-2.3491339160737,1.96668751638966,0.022684895623876
-2.32483574751079,1.9660483915918,0.0817289725126779
-2.29808676543558,1.96116566251646,0.143233374052298
-2.26889085924522,1.95200370105789,0.204055435666818
-2.23713168942204,1.93861726626681,0.261072850574785
-2.2026161526583,1.92115490220168,0.311611684879386
-2.16512935567262,1.89984393092421,0.353755720097469
-2.12448404360009,1.87496315475424,0.386471570062045
-2.08055347931766,1.84681247097487,0.409554987474828
-2.03328542442971,1.81568725479812,0.423456240364768
-1.98270112977462,1.78186144064802,0.429058602772862
-1.92888534597619,1.74557929011854,0.427470444595487
-1.87197242855453,1.70705340608327,0.419865435553161
-1.81213154761844,1.66646587956998,0.407381216488613
-1.74955218601433,1.62397002630792,0.391070831045067
-1.68443005204205,1.57969130968615,0.371893448295483
-1.61695322847506,1.53372725268723,0.35072901401756
-1.54728862113268,1.48614711996071,0.328402803122831
-1.47556931435431,1.43699275538519,0.305708507468101
-1.40188407601792,1.38628215400095,0.283421438438923
-1.3262708251007,1.33401713617297,0.262296285022545
-1.24871619564093,1.28019585827943,0.243046675661705
-1.16916321757821,1.22482993319196,0.226306738276598
-1.08752844109458,1.16796469682723,0.212578140053394
-1.00372840541512,1.10969985091436,0.202169664174131
-0.917713262221209,1.05020661506994,0.195139845227568
-0.829502904925754,0.989737035521624,0.191255631196202
-0.739218825677858,0.928621666173022,0.189980183328596
-0.647104080733165,0.8672536919817,0.190499555208723
-0.553525071890991,0.806060547725273,0.191790746035721
-0.458952600431786,0.74546741083727,0.192723816765843
-0.363924888614332,0.685859388694141,0.19218143897354
-0.269000116084853,0.627549719005756,0.189174068814676
-0.174708418554426,0.570759548055631,0.182930197075748
-0.0815127514962615,0.515611636226715,0.172948480217546
0.0102160760680974,0.462136638256257,0.159008528295332
0.10020850881114,0.410288585361341,0.141146592443786
0.18829226692909,0.359964795036175,0.119607696165875
0.274379522777038,0.311026128333544,0.0947871442658767
0.358450222632922,0.263314680715084,0.0671722323349991
0.440535102781973,0.216667318895765,0.0372916211567897
0.520700924281487,0.170924710744516,0.0056762023600193
0.599038870418846,0.125936330705471,-0.0271674489569097
0.675656011656046,0.081562410989427,-0.0607717362147975
0.750669192241452,0.0376737740842224,-0.0947125445358037
0.824200503124433,-0.00584932273330917,-0.128605747961619
0.896373789421746,-0.0491189635185175,-0.162098096404093
0.967311820527279,-0.0922415977205825,-0.194854735792513
1.03713390119516,-0.13532022862038,-0.226545382226341
1.10595363551367,-0.178456657575983,-0.256830852832566
1.17387643755963,-0.221753574552037,-0.285351426985405
1.24099630931881,-0.265316160261485,-0.311718442863739
1.3073914631195,-0.309252776974383,-0.335510625094598
1.37311855725214,-0.353674284034496,-0.356276793249775
1.43820562665217,-0.398691528905496,-0.373546674697386
1.50264419577638,-0.444410645220051,-0.386851352718588
1.56638151777096,-0.490925965575795,-0.395754229236971
1.62931433055128,-0.5383106625206,-0.399892086413163
1.6912858403203,-0.586605691354165,-0.399023824098552
1.75208767652377,-0.635808189542469,-0.393081849558668
1.81146815976629,-0.685861107820431,-0.382218391989446
1.86914727582342,-0.736646301483821,-0.366837059899017
1.92483734007096,-0.787983352864672,-0.347599859883519
1.97826673994604,-0.839635789448263,-0.325402572843888
2.02920307914375,-0.891325101045149,-0.301316987340439
2.07747128207815,-0.942751056159739,-0.276505786983865
2.12296365857307,-0.993615540018887,-0.252122879396409
2.16564029049481,-1.04364565562401,-0.229215706789203
2.20552043285746,-1.09261248813984,-0.208645457734395
2.24266751213589,-1.14034286804188,-0.191036147110917
2.27717116460407,-1.18672331896034,-0.176756306356248
2.30912965470172,-1.23169704597081,-0.165930054029209
2.3386351521788,-1.27525593331608,-0.158469541550476
2.36576318451928,-1.31742989420217,-0.154118903477242
2.39056650843722,-1.35827566787621,-0.152500471559879
2.41307288252032,-1.39786655176342,-0.153156167294808
2.4332858179035,-1.43628384583049,-0.155579681177136
2.45118727465656,-1.47361015185758,-0.159237590033688
2.46674136156874,-1.5099242037643,-0.163579626449811
2.47989829525995,-1.54529662679436,-0.168039848634394
2.49059811457712,-1.57978592045061,-0.172031550137844
2.49877389235922,-1.6134340140761,-0.174939533225971
2.50435441868074,-1.64626093791158,-0.176113936297222
2.50726653893453,-1.67825848058631,-0.174870170670271
2.50743750427974,-1.70938315618576,-0.170499587889045
2.50479781006237,-1.73954935391477,-0.162295053167111
2.4992850238171,-1.76862412653257,-0.149594324704459
2.49084898810674,-1.79642555608115,-0.131841689589611
2.47945847668175,-1.8227268111277,-0.108664454496421
2.46510886783636,-1.84726762138277,-0.0799558095853762
2.44782973852903,-1.869773730183,-0.0459501541793066
2.42769065735218,-1.88998294357178,-0.00727297566985987
2.40480315725365,-1.90767406668886,0.0350527930496125
2.37931720478393,-1.92269312714415,0.0796563333886958
2.35141157882137,-1.93497082476511,0.124925171446582
2.32127919602076,-1.9445267344691,0.169154125584032
2.28910998055534,-1.95145912742673,0.210710595592389
2.25507469209886,-1.95592312012141,0.248184967738168
2.21931281770593,-1.95810264617597,0.28049980124948
2.18192636535155,-1.95818248116939,0.306963750260677
2.14297974986583,-1.95632530256811,0.327270591687868
2.10250457214404,-1.95265643640799,0.341455059204618
2.06050734020099,-1.94725660569239,0.349822733415559
2.01697808558749,-1.94016136654298,0.352871208628786
1.97189818637113,-1.93136519292379,0.351216100824567
1.92524625448789,-1.92082817038139,0.345530454369027
1.8770014864652,-1.90848367899984,0.336501382739708
1.82714431649408,-1.89424600920679,0.324804148191281
1.77565453904127,-1.87801739004739,0.311091480578318
1.7225073116885,-1.85969433277306,0.295994556058851
1.66766765509407,-1.8391734829561,0.28013137447976
1.61108427385636,-1.81635733444559,0.264118017061046
1.5526837535251,-1.79116019947837,0.248578239904727
1.49236644192689,-1.76351475533301,0.234147006042531
1.43000555712679,-1.73337929540458,0.221463924044125
1.36545119612155,-1.70074549742533,0.211153308438553
1.29854080204661,-1.66564608702437,0.203788932125492
1.22911711076758,-1.62816126607597,0.199843734486205
1.15705345788684,-1.58842228900751,0.199627889460247
1.08228452091577,-1.54661028755393,0.203222512798642
1.00483829725109,-1.50294860778543,0.210420207001974
0.924862961858415,-1.45768775600027,0.220686337758404
0.842641164440635,-1.41108360219079,0.233154827116724
0.758585323444245,-1.36337147889334,0.246668048891708
0.673211019944091,-1.3147405780991,0.259862050372019
0.587091033084963,-1.26531376307065,0.27128757207733
0.500798056749938,-1.21513702284276,0.279547613133492
0.41484744395481,-1.16418044111932,0.283427299149125
0.329651013605183,-1.11234959787094,0.281993693607868
0.245489223474385,-1.05950391673652,0.274651312446874
0.162503611337119,-1.00547743041901,0.261150297990384
0.0807064809052847,-0.950097872730889,0.241554585275023
1.88271152940574e-06,-0.893201410158887,0.216184063323906
-0.0797886262663744,-0.834642020755776,0.185546906870297
-0.158900710913592,-0.774295953738909,0.150276827585528
-0.237605537591245,-0.712062641167882,0.111086670853696
-0.316192355300143,-0.647863793278853,0.0687459704065754
-0.394954319136856,-0.581642080101224,0.0240862687842016
-0.474175709807411,-0.513359573480917,-0.0219663383504964
-0.554119357252172,-0.442993892917499,-0.0683381051761937
-0.635014776289885,-0.37052776476323,-0.113749052700612
-0.717048509609289,-0.295927976296585,-0.156672985050791
-0.800356290413103,-0.219114892580282,-0.195346480187885
-0.885012332899237,-0.139933017459807,-0.227858111545686
-0.971008712382872,-0.0581416763008281,-0.252342921115012
-1.05822172841429,0.026552802694948,-0.267289506062417
-1.14637220824368,0.114409809330658,-0.271930603264806
-1.23499807461466,0.205518211112422,-0.266630954514312
-1.32346282902581,0.299646830525059,-0.25312698708633
-1.41101564925089,0.396144405755796,-0.23445706515808
-1.49689598411946,0.493953104381779,-0.214499038836817
-1.58044863462216,0.591757799218859,-0.197201677664299
-1.66120425919285,0.688223917599572,-0.185764988431577
-1.73889631646012,0.782228585922517,-0.182062818551079
-1.81341739400129,0.873001049183326,-0.186471605946557
-1.88474221637863,0.960145922468343,-0.198069935709886
-1.95284851562385,1.04357923805022,-0.215039242906635
-2.01765549295298,1.12342917335897,-0.235079861848452
-2.07898495569565,1.1999423139884,-0.255721298115895
-2.13654030185526,1.27341221696443,-0.27448892590933
-2.18989519306338,1.34412672513976,-0.288953895454364
-2.23848602963588,1.41232079948329,-0.296731078743041
-2.28160889302206,1.47812280966055,-0.295506595062602
-2.31843089775709,1.54149226995472,-0.283174920370436
-2.34803477765197,1.60216282971642,-0.258139802799197
-2.3695174554676,1.65961993694079,-0.219770655391162
-2.38214877646061,1.71314695028663,-0.168902808573909
-2.38556009215497,1.76195401296112,-0.1081583285859
-2.37988725881842,1.80535953144764,-0.0418294459779292
-2.36577758316959,1.84294942983369,0.0247976880626199
-2.34422151846714,1.87463613939156,0.0865123266978463
-2.31626863802032,1.90059342924612,0.139224463724426
-2.2827556921957,1.92111498289041,0.180574467230262
-2.24415438820837,1.93647544775678,0.209957620988999
-2.20056453259482,1.94684814243198,0.228111602652266
-2.15180643747168,1.95228843635876,0.236547504037575
-2.09754493711634,1.952762270905,0.237058242216465
-2.03739564946249,1.94819365590607,0.231416359268818
-1.9709941964794,1.93851255047764,0.22126820170398
-1.89803253517935,1.9236937979878,0.208173808526531
-1.81827852751849,1.90378351782729,0.193721421298635
-1.73159735822111,1.87891125451143,0.179642774933989
-1.63798912513378,1.84928606271658,0.167857489175068
-1.53764710703266,1.8151748993549,0.160380757108714
-1.43102623840828,1.77686438996495,0.159048158941918
-1.31889362636885,1.73461353266421,0.165061704743909
-1.20232067594631,1.6886138969816,0.178452519761803
-1.08258375413888,1.63897949910432,0.197665885769139
-0.960977687016872,1.585781423595,0.219527948211556
-0.838601216403474,1.52911841999862,0.239753044862826
-0.716204834180885,1.46918738994126,0.253888102558879
-0.594164024825088,1.40631269591325,0.25832869403901
-0.472571045962089,1.34092050601607,0.250999051342329
-0.351382901210664,1.27348077236947,0.23150279235473
-0.230557821638588,1.2044536264089,0.200834314815783
-0.11014279888242,1.13426339847478,0.160893513767459
0.00969321220037491,1.06330044643574,0.11403090209421
0.12866957662113,0.991935931143163,0.0627499396125591
0.246434585473792,0.920531590530704,0.00959368868894302
0.362626038364471,0.849431034938541,-0.0428228806028089
0.476942754864393,0.778926481315705,-0.0917106870559233
0.589214647245784,0.709203712234005,-0.134033485388647
0.699450743336434,0.640279309023363,-0.16657867800476
0.807834274534294,0.571957897906235,-0.186283164489955
0.914629930837746,0.503848072262887,-0.190871292785774
1.01998602895505,0.435470136642036,-0.179720479005692
1.12366865989573,0.366450189454978,-0.154648336070524
1.22484415273211,0.296726657505783,-0.120138297223901
1.32206512438398,0.226646179276807,-0.0826219366195245
1.41353367760211,0.156864250540669,-0.0489234127247495
1.49753707285646,0.0880897022199609,-0.0245408344012255
1.57283665655956,0.0208138688364272,-0.0125595233487955
1.63885347378142,-0.0448466993555846,-0.0135356936177191
1.69565088361685,-0.109157745847966,-0.0261062643401324
1.74381125676697,-0.172667482790712,-0.0478283605012714
1.78429622738461,-0.236064524777616,-0.075859530176844
1.81832577112289,-0.300044112211148,-0.107325236003902
1.84726898098429,-0.365210409392012,-0.139404409192903
1.8725255784627,-0.43202403366965,-0.169254913799544
1.8953839759575,-0.500789730834534,-0.193927279068378
1.91685882569799,-0.571666953620148,-0.210408254876864
1.93753321593931,-0.644676465301838,-0.215902578134592
1.95745363719149,-0.71967403068983,-0.208385229689267
1.97613824878264,-0.796276557385324,-0.187319249205935
1.99274028367266,-0.873761465164586,-0.154261016924198
2.00634376731839,-0.951002323676285,-0.112975855494232
2.01628029841172,-1.02651495233182,-0.0688138001829567
2.02231253096111,-1.09863885188804,-0.0274690881775192
2.02459089014619,-1.16579708452995,0.00637385566812494
2.02342321488711,-1.22673522540047,0.0299428774850854
2.01899659649403,-1.28066949253581,0.0425659022896098
2.01118834355966,-1.32733455791059,0.0452734332635453
1.99952678099581,-1.36695803274059,0.040151578116716
1.98328310150126,-1.40018851761178,0.0297539664117949
1.96163449851985,-1.42798741128441,0.016734233861796
1.93383551450607,-1.45148200304561,0.00371285242672049
1.89935012339516,-1.47177757169333,-0.00670512247127188
1.85791648646611,-1.48973979927158,-0.0118891303247167
1.80953447897265,-1.5057825844923,-0.00924942586960546
1.75438479642578,-1.51972255035066,0.00349470316637203
1.69271011736455,-1.53077530419686,0.0278293501304558
1.6247097865845,-1.53774890531225,0.0638463538274153
1.55050598788372,-1.53942294785463,0.109755464651824
1.47021333972252,-1.53500217232677,0.161786576031454
1.38408335966153,-1.52445840380624,0.21466722574008
1.29263471711933,-1.50859448615531,0.262619467821437
1.19667480738866,-1.4887952628211,0.300550334140132
1.09718616344022,-1.46659422254841,0.324995107694693
0.99513972588241,-1.44326178383699,0.334506099539016
0.89133201772653,-1.41956702722351,0.329465614087845
0.786307555581228,-1.39574322862648,0.311540479014687
0.680366547524516,-1.37159426757234,0.283063399480284
0.573619615543773,-1.34665469753336,0.24654845158084
0.466048286581791,-1.32034118496143,0.204422514433429
0.357547378112792,-1.29207000204366,0.158956238512244
0.247945506629772,-1.26134175237242,0.112328355080898
0.137013838141397,-1.22780538576828,0.0667435593476096
0.0244795060348102,-1.19131253914621,0.0245280410609559
-0.0899398274343706,-1.1519653394811,-0.0118634856988012
-0.206469082453404,-1.11015001423255,-0.0399810040691722
-0.325176098038885,-1.06653848997624,-0.0576786556639461
-0.445854836885948,-1.02203523140783,-0.063559472589713
-0.567925777030287,-0.977653178352581,-0.0574727622094355
-0.690400878209915,-0.934326020999235,-0.0408927138101732
-0.811954768393898,-0.892700807035948,-0.0169699880107563
-0.931109437059759,-0.852985434426581,0.00988389506703483
-1.04648541913668,-0.814920705918651,0.0348315146277394
-1.15703069141655,-0.777894776341196,0.0535985516710384
-1.2621435596908,-0.741148218496929,0.0632599305066253
-1.36165855471735,-0.703981056611145,0.0625774647388699
-1.45572727103981,-0.665891342964663,0.0518712882652115
-1.5446590272165,-0.626624001752945,0.0325906214622704
-1.62877980255083,-0.586149742640273,0.00680033300124347
-1.70834035693168,-0.544608536650321,-0.023255627743379
-1.78347766077634,-0.502246195406469,-0.0554417144879769
-1.85421828993143,-0.459359529663726,-0.0878673672983796
-1.92050796763841,-0.416254498789244,-0.118908034555937
-1.98225332651746,-0.37321552375782,-0.14715702251633
-2.03936586638597,-0.330482038669776,-0.171351674482598
-2.09180144745842,-0.288228883521533,-0.190309596714998
-2.13959057188451,-0.246549089295283,-0.202902257551175
-2.1828553310806,-0.205440212402368,-0.208084746015765
-2.22180904660279,-0.164797999775056,-0.204989898293075
-2.25673550898341,-0.124422922834554,-0.193079909383789
-2.2879475178562,-0.0840447568852446,-0.172328207649717
-2.31572969277341,-0.0433667657500736,-0.143382490651756
-2.3402772553992,-0.00212420481841717,-0.107646039300614
-2.36164762360278,0.0398559564949863,-0.0672215901342008
-2.3797411750725,0.0826116027252816,-0.0246975248211549
-2.39431937650175,0.126032851975707,0.0171885064989179
-2.40505532100988,0.169884324440805,0.0559236559358246
-2.41160035690092,0.2138534974339,0.0895307197832641
-2.41364705348587,0.257608028624857,0.116742049962832
-2.4109740411001,0.300844929665085,0.137016626962253
-2.40346778402832,0.343321102313231,0.150431332303267
-2.39112445873799,0.384863189709069,0.157504423210515
-2.37403884984206,0.425360884378116,0.15900914193302
-2.35238689709588,0.464750350886225,0.155818350292066
-2.32640619367517,0.502994060576889,0.148799686666438
-2.29637618356968,0.540061607416104,0.13876334923534
-2.26259800670345,0.575914208253508,0.126454032367169
-2.22537312278464,0.610494215185236,0.112573928386648
-2.18497988242106,0.643720214287345,0.0978228192733943
-2.1416479189964,0.675487994576119,0.08294202093192
-2.09553145572238,0.705677562807009,0.0687499906767131
-2.04668422313286,0.734166170756102,0.056158345243645
-1.99504042898397,0.760846756058275,0.0461582189388354
-1.94040769201137,0.7856501747418,0.0397691960761585
-1.88247839365308,0.808568180002667,0.0379475834667934
-1.82086469991157,0.829672598809962,0.041458400779104
-1.75515883657571,0.849125173148836,0.0507261051332556
-1.68501389932127,0.867172823998657,0.0656910012539637
-1.61023255128043,0.884125346471768,0.0857075792381416
-1.53084400969976,0.900316836230106,0.10952205682758
-1.44714749288238,0.916057485559687,0.135354272994441
-1.35970591056483,0.931586688735672,0.161083478005171
-1.26928691267842,0.947039277251059,0.18450585072803
-1.17676476011657,0.962433133500369,0.203607112659321
-1.08300842666475,0.977679677213377,0.21678862477435
-0.988783324958016,0.992611917588885,0.223002587505454
-0.89468600983557,1.00702084108457,0.221782552679748
-0.801118200602763,1.02069090430001,0.213184995424422
-0.708294794573616,1.03342824736641,0.197675297132704
-0.616274080907687,1.04507897283793,0.17599451607578
-0.524997459963562,1.05553786672557,0.149035873833854
-0.434328725250072,1.06474962220392,0.117748286948417
-0.34408702586121,1.07270507549051,0.0830734500071459
-0.254071347423808,1.07943462666039,0.0459152448619047
-0.164077005624079,1.08500034250299,0.00713584084105941
-0.0739061601077998,1.08948753248146,-0.0324290707492071
0.0166250341805383,1.09299601904572,-0.0719439667802323
0.107680024471459,1.09563095389441,-0.110544107052589
0.199394004914658,1.09749288191471,-0.147310958959019
0.291863128729831,1.09866683419934,-0.181260275793987
0.385130302217807,1.09921055117309,-0.211350472502658
0.479168361387789,1.09914249882207,-0.236518050512112
0.573862934248033,1.09843111497677,-0.255744470478033
0.668998787724723,1.09698758056856,-0.268154262557764
0.764254525554963,1.09466508346251,-0.273136892876615
0.859210485882064,1.09126759187677,-0.27047556269353
0.953372968655999,1.08657007851338,-0.260456927928475
1.04621432105059,1.08034964768032,-0.243930636032393
1.13722361873438,1.07242344163115,-0.22229107950019
1.22595838418923,1.06268572838428,-0.197368326671831
1.31208605543334,1.05113495844666,-0.171238409019609
1.3954060108997,1.03788317872782,-0.145987107458876
1.47584832065795,1.0231448834195,-0.123475909435426
1.55345180595474,1.0072082999258,-0.10515726042168
1.62832882664435,0.990396666098893,-0.0919696616188439
1.70062595033112,0.97302852049541,-0.0843194630860907
1.77048842400928,0.955384402157716,-0.0821350757282184
1.83803344913327,0.93768401632908,-0.084967141520383
1.90333411151845,0.920074540639115,-0.0921060467185555
1.96641338964671,0.902628420924451,-0.102693243412471
2.02724626645765,0.885348027025019,-0.115811146623865
2.08576746945023,0.868174634114324,-0.130544671739844
2.14188244134369,0.850999890167676,-0.146014045939314
2.19547950379728,0.833678809721496,-0.161382925413628
2.24644159904455,0.816044104022729,-0.175848397255649
2.29465637651337,0.797922162844932,-0.188620717389999
2.34002367741981,0.779151135191296,-0.198901169788527
2.38245970971054,0.759601285477076,-0.205866531412487
2.42189744489406,0.739197080526703,-0.208668328940872
2.4582830968989,0.717939345045862,-0.206454105580126
2.49156902790278,0.695924439658602,-0.198415798570365
2.52170408007681,0.673356075201751,-0.183866518781066
2.54862308087682,0.650544585085536,-0.16234122818224
2.57223794575453,0.627888886042882,-0.133709371712832
2.59243312536095,0.60583853584216,-0.0982798234110699
2.60906784886046,0.584837427549836,-0.0568730330971318
2.62198653187196,0.565256094157737,-0.0108350846914743
2.63103692455986,0.547324740594958,0.0380241298421227
2.63609344596403,0.531081779963836,0.0875712154863535
2.63708130709323,0.516351016628378,0.135551125711671
2.63399614436498,0.502754388003402,0.179816031762244
2.62691445731516,0.489758164176465,0.218537803648989
2.61599217471272,0.476741988163169,0.250364489579223
2.60145158198145,0.463075310929791,0.274496519884832
2.58355961891569,0.448186081154475,0.290679386000577
2.56260221454902,0.431611083736071,0.299128563370969
2.5388594170275,0.413023677994487,0.300413742834087
2.51258484272903,0.392240325633086,0.295331348130901
2.48399112821978,0.369210763312128,0.284788965992945
2.45324137064333,0.343997723141315,0.269716482164472
2.42044547000493,0.316751427070768,0.251009888939702
2.38565995139462,0.287682553187222,0.229506919355394
2.34889011525328,0.257035761033185,0.205989443501559
2.31009400991551,0.225064619072627,0.181205555942626
2.269188352892,0.192008021441795,0.155903467309899
2.22605754884106,0.158068187222872,0.130869836692033
2.18056682202534,0.123390446221524,0.10696432449525
2.13258113192086,0.0880460073687361,0.0851428931769899
2.08199076935677,0.0520197528877407,0.0664615670772033
2.02874355250023,0.0152061621910988,0.0520525387341668
1.97288166588734,-0.0225828411175081,0.0430654889297307
1.91457858755975,-0.0615944330910785,0.0405699940832394
1.8541685602255,-0.102093641664303,0.0454209226937256
1.79215854929917,-0.144305524673959,0.0580983077961091
1.72921204841095,-0.188347299718951,0.0785455156372365
1.66609718427144,-0.234163140426517,0.106041525823509
1.60359942581485,-0.281479018074169,0.139149181461307
1.54241082916559,-0.329794837075066,0.175774790958302
1.48301917260446,-0.378423787362682,0.213351818598345
1.42562560159363,-0.426575159211082,0.249126519474509
1.37011400481249,-0.473461945090236,0.280489029339895
1.31608005001602,-0.518405613403089,0.305275884094478
1.26290929609445,-0.560912249832695,0.321978862600919
1.20988068222749,-0.600705672461788,0.329826335132989
1.15626899292543,-0.637717957411113,0.328741732142018
1.10142649959947,-0.672049225863062,0.319213035270167
1.04483471463804,-0.703913022342601,0.302119049863106
0.986126826607431,-0.733581797735484,0.278554221467649
0.92508715012462,-0.761341849145812,0.249680988428979
0.861635666171367,-0.787461519657674,0.216624301080753
0.795804769026168,-0.812172266680482,0.180411399201228
0.727713150931758,-0.83565985604656,0.141952598238474
0.657539438983281,-0.858062148082512,0.102055179464482
0.585496338412886,-0.879470172137595,0.0614612550793107
0.51180485423048,-0.899929954688783,0.0209004076210735
0.436667722671579,-0.919443537901952,-0.0188519959826416
0.360241464513627,-0.937968642530539,-0.056920244789985
0.282607485602805,-0.955417410845733,-0.0922878496496707
0.203744313763075,-0.971655593503768,-0.123782948835634
0.123505215670535,-0.986504381305941,-0.150102313735003
0.0416077619972372,-0.99974767208511,-0.169886193326037
-0.0423563024176046,-1.01114764905681,-0.181852331028869
-0.128882362834454,-1.02047067472829,-0.18498801321344
-0.218479969138306,-1.02752321682367,-0.178782413493803
-0.311567932726943,-1.03219360942648,-0.163458749117366
-0.408352420745101,-1.03449059227761,-0.140143135587047
-0.508717123560637,-1.03456584575481,-0.110897423675088
-0.612162641301164,-1.03270828428246,-0.0785620736740845
-0.717825401707461,-1.02930494681973,-0.0464082684069389
-0.824581973695013,-1.0247754668855,-0.0176697961871241
-0.931212200974649,-1.01949836311282,0.00492190442794369
-1.03657227800896,-1.01375090050569,0.019475052997331
-1.13972964543335,-1.0076778485872,0.025075394943141
-1.24003272422362,-1.00129240292443,0.0217274329600649
-1.33711539966071,-0.994501858286511,0.0101586764368328
-1.43085488347468,-0.987145684937112,-0.00843393630553521
-1.52130731593277,-0.979034448619629,-0.0326285020301191
-1.60864149498698,-0.969981882521554,-0.0609728962147514
-1.69308324933995,-0.959826697640669,-0.0921145529476493
-1.77487549834702,-0.948443911952079,-0.124867385058801
-1.85425378540632,-0.935747252525973,-0.158226751898557
-1.93143412608626,-0.92168482147973,-0.191346052046314
-2.0066087677122,-0.906230173044167,-0.223487873882009
-2.07994525015478,-0.889370631220543,-0.25396087166169
-2.15158450149398,-0.87109437455863,-0.282052047281467
-2.22163437260737,-0.851377689264531,-0.306963650111862
-2.29015601288046,-0.830173907156989,-0.327764694065329
-2.35714198636673,-0.807405865082842,-0.343368854245918
-2.42248726449206,-0.782964114449753,-0.352552377689619
-2.48595734756851,-0.756713329146254,-0.354025978983694
-2.54716155888715,-0.728509039022773,-0.34657104355486
-2.60554309186826,-0.698225510604094,-0.329239956282778
-2.66039879264007,-0.665792936313684,-0.301601079393
-2.71093831931201,-0.631238132580374,-0.26398250744072
-2.75638222292877,-0.594718667693016,-0.217643668458189
-2.79608266498317,-0.55653794731679,-0.16479591294954
-2.82963507271093,-0.517131060827219,-0.108419012074382
-2.85694392291319,-0.477019428152832,-0.0518829474467241
-2.87821802164384,-0.436743974385618,0.00153921353419831
-2.89389659470758,-0.396795584430148,0.0491326572176253
-2.90453323343773,-0.357562274324377,0.0890515904875193
-2.9106759514373,-0.319304432984973,0.12041784269572
-2.9127746680284,-0.282157853209078,0.143224084839782
-2.91113022288277,-0.246155509187051,0.158112132390266
-2.90588259055557,-0.211256232720547,0.166110239560698
-2.89702670543477,-0.177370599146218,0.168396036526641
-2.88444250867062,-0.144378639938359,0.166122849417721
-2.86792857247827,-0.112138109474219,0.160321262252124
-2.84723290034034,-0.0804849311348724,0.151870962202409
-2.82207839753448,-0.0492291520287037,0.141529801199834
-2.79218336503787,-0.0181506950367894,0.130004488797108
-2.75727915146533,0.0130001769579631,0.118046978192053
-2.71712796663723,0.0444923629745516,0.10655973562146
-2.6715439304428,0.0765881667869947,0.0966901175201326
-2.62041965751463,0.109498353376442,0.0898888154060526
-2.56375886347992,0.143317568753784,0.0879013665545352
-2.50171240559979,0.177946189786121,0.0926590966245034
-2.43461089220694,0.213014177235648,0.10604314249738
-2.36298234515819,0.247832862153222,0.129520112190767
-2.28754049455789,0.281406598944108,0.163694607364963
-2.20913145696093,0.312530272605407,0.207884596343221
-2.12863669911554,0.339974984356154,0.259873626241428
-2.0468474470932,0.362726366362846,0.315987825675802
-1.9643427536582,0.380205450760816,0.371556857689684
-1.88140896710821,0.392395219879309,0.421667881241249
-1.79802566346348,0.399828390714951,0.461989056109535
-1.71391774800708,0.403447834902906,0.489409013848486
-1.62865019006353,0.404397126828599,0.502329697669346
-1.54173281987283,0.403811401447826,0.500598884148846
-1.45270866673658,0.402659695987011,0.485188130033705
-1.36121256684826,0.401658122855874,0.457765759181661
-1.26699871206241,0.401246765346876,0.420292365687239
-1.16994250706806,0.401609820882281,0.374714543089356
-1.07002396394857,0.402716874864494,0.322782896837999
-0.967299155536523,0.404368280565779,0.265987877077995
-0.861864987452756,0.406235080807787,0.205592760042703
-0.75382159436247,0.407891445589913,0.142741423847602
-0.643235103676836,0.408844678848279,0.0786206078318351
-0.53009873791968,0.408575103235477,0.0146521920437428
-0.414283822354028,0.406601775515773,-0.0473253219420526
-0.295475563396609,0.402586589467285,-0.104946644325354
-0.173113503617731,0.396475113009012,-0.155346914580079
-0.0463888256721079,0.38865345259165,-0.195381214535559
0.085641526560194,0.380077756930077,-0.222069121306409
0.223794272292553,0.372310273494979,-0.233250060484835
0.368385545700296,0.367385920567174,-0.228340240938368
0.518856661997959,0.367464100895854,-0.208955239703162
0.673576162988539,0.374310219087436,-0.179083740513634
0.829973751389109,0.388771911535624,-0.144578363494144
0.985021559304783,0.410479323903314,-0.112005402954518
1.13588575303839,0.437924343478188,-0.0872302010650856
1.28047233415319,0.468885000414035,-0.0742667337153443
1.4176666129368,0.500994538470946,-0.0747672561504953
1.54724522884993,0.532226431926153,-0.0881961436580885
1.66958330741251,0.561165221019168,-0.112458075199541
1.78531552832367,0.587059471472709,-0.144664977444238
1.89506384048065,0.609728903667845,-0.181795971721032
1.99927648725097,0.629410016076396,-0.221128293369428
2.09817260581488,0.64659992670924,-0.260419927820952
2.19176327576345,0.661925241971965,-0.297883216198665
2.27991640178,0.676036886494953,-0.332011603783922
2.36243888710956,0.689517398335786,-0.361326792222469
2.43915731327674,0.702783829160757,-0.38411572903492
2.50998345305476,0.715976015873046,-0.398233798875687
2.57495233509095,0.728835649318552,-0.40106072351493
2.63422015679895,0.740604158726452,-0.389696877789871
2.68801187784552,0.749990878600969,-0.361458577400743
2.73652019990888,0.75527464561136,-0.314648848256965
2.77978223860962,0.754583322254843,-0.249441545277149
2.81758911471904,0.74633204063724,-0.168565382515061
2.84949156712833,0.729702835806391,-0.0774137884486791
2.87492482007404,0.704970252271617,0.0166527642652013
2.89339862840142,0.67349674228945,0.105702878058856
2.90464588620607,0.637365388072899,0.182855447974246
2.9086524438777,0.598805808659718,0.243518968779787
2.90557908391971,0.559664879916475,0.285845009400174
2.89565124073447,0.521111257417996,0.310388429540689
2.87908622338074,0.483608890190807,0.319290391444003
2.85607921380506,0.447071195160594,0.315386581570252
2.82682854035209,0.411075047209881,0.301527106386321
2.79156834639375,0.375049208240783,0.280215763215327
2.75058395825549,0.338404075796728,0.253542156576576
2.70419736933976,0.30060689643218,0.223318181495851
2.65271994378669,0.261222797214133,0.191319129226963
2.59637646188484,0.219943269388859,0.159538487668231
2.53521159232204,0.176617193770127,0.130374781163748
2.4689990763173,0.131289365794705,0.106673213465159
2.3971855009863,0.0842397640710088,0.091551048264016
2.31891112458139,0.0360053758090373,0.087958983914378
2.23315128604331,-0.0126409265501633,0.097991087571985
2.13899957901053,-0.0607765917574027,0.122066314716987
2.03605521131541,-0.107482244895021,0.158247323491425
1.92478944154485,-0.152026825948549,0.202058308681417
1.806702369016,-0.194018159336404,0.247083664822813
1.68412525057034,-0.233452696634958,0.286304342259829
1.55970062096627,-0.270643871094253,0.313705552376384
1.43576876187544,-0.306070499193709,0.325497656823187
1.3139337479264,-0.340217416868961,0.320521759602552
1.19494277831626,-0.373463236698557,0.299871371313486
1.07882755920691,-0.406030592533981,0.266088136004648
0.965164230724771,-0.437985244139544,0.222323322358358
0.853324427728355,-0.469262323520919,0.171703763290588
0.742652254032632,-0.499702987299126,0.11697029884048
0.632556306289104,-0.529092696735996,0.0603530349984358
0.522535141349699,-0.557198306574985,0.003611705189093
0.412163743516588,-0.583804305963712,-0.0518281073929195
0.301067375022953,-0.608749533309205,-0.104696719168946
0.188904529176431,-0.631965060446531,-0.153699731717567
0.0753755091948568,-0.653511910642108,-0.197367304807524
-0.0397325082379949,-0.673613969692682,-0.233965191723741
-0.156460845779777,-0.692677329296488,-0.261502753829394
-0.274563886191427,-0.711283616408508,-0.277873489018039
-0.393388008402208,-0.730143980025086,-0.281151104161164
-0.511787894483206,-0.750005468328173,-0.270028587746792
-0.628133577857646,-0.771515001684542,-0.244325579921212
-0.740451538592826,-0.795066694154227,-0.205415436099774
-0.846703300616638,-0.820677628360832,-0.156378775183009
-0.945142889351877,-0.847941075347006,-0.101729343440706
-1.03464162719556,-0.876083743620173,-0.0467040745468909
-1.11486485653168,-0.904110968526805,0.00369296668727942
-1.18624337731923,-0.930985782448005,0.0455746265922264
-1.24976970324184,-0.955779719370991,0.0766984534937111
-1.30671157432522,-0.977757487423176,0.0965269372256693
-1.35834275596642,-0.996393533372121,0.105903020154088
-1.40575554169212,-1.01134299080115,0.106532172688569
-1.44977215930496,-1.02239482144177,0.100460961167159
-1.4909377935981,-1.02942738574709,0.0896737506378666
-1.52956348215585,-1.03237594741855,0.0758499270227342
-1.56578836346076,-1.03121355044217,0.0602675414674241
-1.5996398611643,-1.02594253470342,0.0438131205513975
-1.63108097534217,-1.01659265848855,0.0270541040926588
-1.66004230394,-1.0032220898904,0.0103388793935739
-1.68644163149198,-0.985918465836333,-0.00609903072126153
-1.71019619165928,-0.964798293731593,-0.0220461767053681
-1.73123290635821,-0.94000392499244,-0.0372308482454543
-1.74950090026721,-0.911698043502867,-0.051265140519558
-1.76498889638955,-0.880056126563308,-0.0636108059685883
-1.77774797410054,-0.845257717262051,-0.0735732126938184
-1.78791769029899,-0.807477692579393,-0.0803288958840037
-1.79575082151969,-0.766879062802698,-0.082992052420271
-1.80162948092302,-0.723609079266277,-0.0807222194181666
-1.80606401822393,-0.677800358505787,-0.072867882990152
-1.80966719042692,-0.629578082688037,-0.0591287713960807
-1.81310066431271,-0.579072968420811,-0.0397056012936965
-1.81699879825736,-0.526437799714903,-0.0153958272649751
-1.82188371023219,-0.471863494199359,0.0124047696178682
-1.8280918592538,-0.415589798358179,0.0418165580586775
-1.83573175547969,-0.35790651118314,0.0706955306441368
-1.84468381630704,-0.29914369531277,0.0969112697690866
-1.85464009985785,-0.239652809985458,0.118616109869252
-1.86516995529714,-0.179783614400831,0.134443105268481
-1.8757927023936,-0.119862767239182,0.143597952778158
-1.88604115462838,-0.0601789740416276,0.145845348120817
-1.89550696164649,-0.000977062279787028,0.14141731522081
-1.90386608449307,0.0575392742607867,0.130881905279239
-1.91088752081829,0.115198185942759,0.115007138391441
-1.91643021044953,0.171846757312561,0.0946440381658966
-1.92043278448646,0.227337336280314,0.0706407102488022
-1.92289963625392,0.281515424425962,0.0437903588306952
-1.92388549567128,0.334210784578429,0.0148108127580634
-1.92347965227699,0.385232843948306,-0.0156491787225277
-1.9217902797876,0.434371056239363,-0.0469821517479529
-1.91892894868069,0.481400634905681,-0.078577779025304
-1.91499531350972,0.526093898249797,-0.109767565426636
-1.91006210310453,0.568237254184345,-0.13976435123272
-1.90416088723846,0.607653446538779,-0.16760435384332
-1.89726962403367,0.644227933846654,-0.192102277961957
-1.88930364516381,0.677937043299394,-0.21183357630428
-1.88011241366929,0.708873763111846,-0.225161457059954
-1.86948489422505,0.73726479812912,-0.230328133241441
-1.85716634199785,0.763470265220021,-0.225627323421358
-1.8428881611667,0.787956284399303,-0.209664028989146
-1.82640954916738,0.811232815751436,-0.181683679345687
-1.80756468855026,0.833757026664033,-0.141914788238747
-1.78630341877553,0.855817339124016,-0.0918264781140067
-1.76270978895021,0.87743102104509,-0.0341795654398688
-1.73698578581091,0.898297555920547,0.0272191630701991
-1.7093984992978,0.917838310722727,0.088051678199101
-1.68020388055629,0.93531923875762,0.144176908717294
-1.64957052677608,0.950015921255786,0.192259134268302
-1.61752631764702,0.961364376460651,0.230152957981218
-1.58394046251246,0.969055488149465,0.256977251979616
-1.54854050332559,0.973061249124046,0.272933500531437
-1.51095446633651,0.973606282435106,0.278988652375032
-1.47076490539365,0.971108217085451,0.276539569837938
-1.42756276759322,0.966108198840901,0.267135519190315
-1.38099250707048,0.9592054166651,0.252290147698824
-1.33078383413161,0.951002301214225,0.233382396114517
-1.27676889915204,0.942061939870934,0.211629292578295
-1.2188861495081,0.932876269386509,0.188108183271427
-1.15717351801992,0.923842219734889,0.163806445724752
-1.09175411742828,0.915242801255347,0.13967937732576
-1.02281749581501,0.907230900437532,0.116699862559546
-0.950599031990873,0.899815106140072,0.0958860746892547
-0.875359494963497,0.892848951230406,0.0782962600455301
-0.797366320613784,0.8860271216677,0.0649834688790094
-0.716877853722107,0.878893866420267,0.0569089134573508
-0.634131662911465,0.870869264963039,0.0548209995914457
-0.549337981150532,0.861297374731409,0.0591174339037334
-0.462679224075664,0.849516071218304,0.0697179029221228
-0.374316181422764,0.834941947562937,0.0859806478669537
-0.284400628490161,0.817156636591864,0.106693335364268
-0.193092642592634,0.795976294472447,0.130154596611531
-0.100579084901913,0.77148671886155,0.1543400690549
-0.00708826244918188,0.744033793748786,0.17712347514686
0.0871042425644914,0.714170597911472,0.196508664647434
0.181681618684997,0.682574059532066,0.210828198022972
0.276303237937391,0.649950931252137,0.218876665575049
0.37062925605338,0.616952964096072,0.219965996091731
0.464346094596744,0.584115494500087,0.213908158273518
0.55718678203426,0.551825292547273,0.200943106231144
0.648942426671151,0.520315752426106,0.181635115839394
0.739464129191067,0.489682479022935,0.156759799298185
0.828657138877518,0.4599105538149,0.12719926162805
0.91647034329338,0.43090556243808,0.0938564313600197
1.002884242289,0.402522646446556,0.0575934659400111
1.08789983714108,0.374590301036108,0.0191944204346134
1.17152986394692,0.346927722982151,-0.0206505870844397
1.25379289050883,0.319355944669719,-0.061343865498894
1.33470994715777,0.291703831999213,-0.102365674575207
1.41430336549821,0.263810330618526,-0.143250885739767
1.4925966970572,0.235524452779416,-0.183560162086368
1.56961502103215,0.206704396743388,-0.222848621660254
1.64538478059907,0.177217050540116,-0.260634620018719
1.71993242428466,0.146938983011655,-0.296371330975104
1.79328128097946,0.115759858935266,-0.329424154007791
1.86544631902851,0.083588997654742,-0.359057565399066
1.9364267423204,0.0503654667179207,-0.384435684396997
2.00619680227654,0.0160716135551895,-0.404641285596074
2.07469564925882,-0.0192510415180224,-0.418717831874971
2.14181773154073,-0.0554852264325253,-0.425737905297583
2.20740554940924,-0.0924241753830939,-0.424898436329631
2.2712469207521,-0.129764971320558,-0.415638132379968
2.33307867974901,-0.16711388961014,-0.397765337037883
2.39259799984757,-0.204007787597696,-0.371576240486794
2.44948124114681,-0.239952778131824,-0.337936242298868
2.50340855862036,-0.274476684652261,-0.298295069930779
2.55409081628757,-0.307186265271653,-0.254613036581953
2.60129411377974,-0.337816248371898,-0.209193515332575
2.64485696917477,-0.366257382561419,-0.16444227011042
2.6846962917474,-0.392555985612602,-0.122598788671685
2.72080070401512,-0.41688613011746,-0.0854967174660883
2.75321287059371,-0.439503712410558,-0.0544029053032531
2.7820051370638,-0.460695561600978,-0.0299601301297677
2.80725396741251,-0.480735389333829,-0.0122285942574927
2.82901809084692,-0.499853523246178,-0.000798223121599134
2.84732344768801,-0.518221925396979,0.00506565126947639
2.86215586854221,-0.535952117164157,0.00627746732293322
2.8734606972559,-0.553101935922997,0.00381138096764805
2.88114762337077,-0.569687047065185,-0.00138189662924182
2.88509879016615,-0.585693981468483,-0.00841892676768674
2.88517855521105,-0.601092493609587,-0.0164919974086528
2.88124383368876,-0.615845878037315,-0.02484966057956
2.87315454050187,-0.629918443686121,-0.0327583710966763
2.86078413039602,-0.64327966757623,-0.0394548580960328
2.84403054195313,-0.655904729148179,-0.0440992631414124
2.82282793773528,-0.667771274124516,-0.0457396662583208
2.79715945587714,-0.678852483945176,-0.0432994360122038
2.76707069926105,-0.689106932339877,-0.0355994703323504
2.73268283066455,-0.698466387481358,-0.0214269159494875
2.69420293031209,-0.706823695397751,0.000341229220659489
2.65192790388634,-0.714024055195959,0.0305592478599155
2.60623725196382,-0.7198640016408,0.0695929928407283
2.55757039536141,-0.724102526451623,0.117095206466913
2.50638707753136,-0.726487058824055,0.171834699148637
2.45311493534653,-0.726792912647828,0.23165060862454
2.39809503236997,-0.724869019940046,0.293588957794794
2.34154026114763,-0.72067786029493,0.354230149719579
2.28351932500058,-0.714316851207198,0.410146002065626
2.22397026507758,-0.70601369776035,0.458368613946775
2.16273676397799,-0.696097194065251,0.496745816853435
2.09961387595285,-0.684952936912496,0.524105115889655
2.03439019895293,-0.672976503330866,0.54022074347165
1.96687875421641,-0.660534469315102,0.545637035225734
1.89693483115385,-0.647938673929401,0.541424154791443
1.82446295552013,-0.635434233516655,0.528932957242541
1.74941644308879,-0.623198623018688,0.509591145030169
1.67179262611216,-0.611347871651027,0.48475798734965
1.59162584150271,-0.599946018540453,0.455637227809006
1.50897931178129,-0.589014798587954,0.423238408993781
1.42393639490185,-0.578541552020688,0.388373705432577
1.33659130696063,-0.568484290738991,0.351677928569152
1.24703928352503,-0.558773610212518,0.313641682446918
1.15536615071077,-0.549311507033861,0.274650436504587
1.06163744200323,-0.539967834706272,0.235024960338273
0.96588745220905,-0.530574971264275,0.195060631071983
0.86810904550225,-0.520921988318571,0.155064621362974
0.768245491740621,-0.510750285550243,0.11539051763706
0.666185663467757,-0.499753405039562,0.076469119239684
0.561763340709465,-0.487585444908172,0.0388318839579221
0.454760146141616,-0.473882810459651,0.00312008594245161
0.344911408104695,-0.458303060676399,-0.0299295646052029
0.231917238231645,-0.440581228668339,-0.0595307615288356
0.115466929028433,-0.420599029816073,-0.0849272412415818
-0.00471188202958932,-0.398456498684529,-0.105500792468644
-0.128773163887378,-0.374529220727845,-0.120893959706602
-0.256650139901398,-0.349489281894475,-0.131124760226276
-0.387957246676839,-0.324268834793766,-0.136662143878968
-0.521934599409068,-0.299956540039148,-0.138428699065224
-0.657468871466581,-0.277639080247641,-0.137709320426983
-0.793200974946567,-0.258224042588369,-0.13597305453258
-0.927696885877416,-0.24229268282856,-0.134649170510368
-1.05963192917779,-0.230022097722594,-0.134918281136031
-1.18793623639773,-0.22119028110025,-0.137571987761019
-1.3118695436596,-0.215249548629073,-0.14296493949001
-1.43102231086094,-0.211437738423328,-0.15104982163941
-1.54526163233234,-0.208895958414042,-0.161465323283394
-1.65464818399629,-0.206770892234311,-0.173644148374715
-1.75934752355132,-0.204291098561949,-0.186916696251821
-1.85955160019474,-0.200815518403135,-0.200597549500242
-1.95541893874916,-0.195857358124415,-0.214050733490604
-2.0470364503556,-0.1890885098823,-0.226734303798809
-2.13440219556047,-0.180329980612449,-0.238226127262759
-2.21742619976589,-0.169533289481773,-0.248232356289925
-2.29594520307033,-0.156756799325069,-0.256579273911596
-2.36974679069995,-0.142139629842693,-0.26318846626011
-2.43859842654025,-0.125874314096811,-0.268034842723391
-2.50227711331925,-0.108177982755944,-0.271086995431659
-2.56059534234964,-0.0892608792683785,-0.272230171873108
-2.61341842718328,-0.0692907516915889,-0.271174521288917
-2.66066741379964,-0.0483525168511777,-0.26735640844836
-2.70230132153679,-0.0264049735323005,-0.259849689701755
-2.73827404677362,-0.00324063039654034,-0.247317305438652
-2.76846699236457,0.0215391806659122,-0.228049261792913
-2.7926100074842,0.0485150722129825,-0.200143840949341
-2.81021944592885,0.078383665070163,-0.161880052168697
-2.82059622965176,0.111817997366634,-0.112280649017159
-2.82292482075003,0.149260393855541,-0.0517636487980098
-2.81648067504991,0.190696754277488,0.0173504861488761
-2.80088934781728,0.235506884753462,0.0907823365122704
-2.77631987941062,0.282492122789572,0.162889840614807
-2.74349792265911,0.330112379244161,0.227810131506921
-2.7035154723667,0.376846032897649,0.2807066148412
-2.65753380414148,0.421511754856937,0.31860520406316
-2.60652553038836,0.463428268752779,0.340562220005506
-2.55115038103078,0.502396211715126,0.347273201331385
-2.49176839702239,0.538571298004636,0.340435942500772
-2.42853474446089,0.572314028477269,0.322160250226999
-2.36151087790582,0.604069985668885,0.29458384214617
-2.29074581272063,0.634296029178755,0.25972866296524
-2.21630445640095,0.663422606151785,0.219560287417636
-2.13823680085701,0.691832636216853,0.176184389722207
-2.05649320984642,0.719837562966104,0.132102272136288
-1.97080250913441,0.747636745215053,0.0904330226735326
-1.88054626220054,0.775255967848688,0.0549873680993048
-1.78468603197956,0.802474846700566,0.030057442760361
-1.68182423500039,0.828770921592009,0.0197961555360322
-1.57048258483039,0.853325473793298,0.0271496728420162
-1.44962632504001,0.875138533378374,0.0525302161233528
-1.31931305499504,0.893265749514063,0.0927525437722875
-1.181147613354,0.907109495816427,0.140981560086205
-1.03817181657362,0.916618389702475,0.188157633086059
-0.894101940807112,0.922267818378301,0.225488300532544
-0.752293464592936,0.924832162808514,0.246790465288434
-0.614994793145372,0.925092898880804,0.249583465013005
-0.483170697771951,0.923629424150606,0.234747864083017
-0.356775296290749,0.920743088637327,0.205348959802381
-0.235186511109746,0.916481372913756,0.165353367250405
-0.117581239539354,0.910706680470981,0.118670866690008
-0.00316347690035341,0.903170597458328,0.068631981939273
0.108749644556683,0.893577748744519,0.0178341570876278
0.21873942264488,0.881639303352882,-0.0317631769569487
0.327342030577295,0.867123443639709,-0.0786065234976669
0.435100382044994,0.849910872394449,-0.121268451734908
0.542567570760728,0.830058876035706,-0.158192964716845
0.650226155228324,0.807867299783501,-0.187534551723048
0.758305428548471,0.783924140114332,-0.207159534250436
0.866516400853818,0.759091619066857,-0.214865155778196
0.973783506150394,0.734388185986746,-0.208822281850062
1.07811107013471,0.710746746894778,-0.18815443324193
1.17673063391057,0.688693136741228,-0.153467170760946
1.26658644546407,0.668064971493801,-0.107116261529077
1.3450517514738,0.647918642354462,-0.0530943948325193
1.41062818516422,0.626706904263378,0.0034423614012252
1.4633605858213,0.602677832623272,0.0569061608515015
1.50480906443645,0.574331117434748,0.102144170455671
1.53759873973381,0.540743709081882,0.135268373140786
1.56473537464925,0.50165775612171,0.154209531914111
1.5889496256391,0.457353980533005,0.158802102545782
1.6122721068056,0.408424469633988,0.150401218770045
1.63589663343787,0.355562278790975,0.131234685359787
1.66026298947358,0.299427889171732,0.103755045865233
1.6852440737695,0.240592603198135,0.0701767807396799
1.71034327120989,0.179529417149629,0.0322581075086946
1.73485351921817,0.116620714101176,-0.00870368762746074
1.75796852870562,0.0521636128027959,-0.0517296022328006
1.77885915047122,-0.0136337893351202,-0.0959329519006923
1.79673642953452,-0.0806629530400607,-0.140259528193314
1.81092266037472,-0.148924003460405,-0.18323348603481
1.82094603351183,-0.218521527798098,-0.222750563465808
1.82666396096249,-0.289633738810952,-0.255973385834612
1.82840413315562,-0.36244383813484,-0.279400758818136
1.82709056255288,-0.437030293913524,-0.289190070757459
1.82429746306529,-0.513227637496011,-0.281788176759627
1.82215706527872,-0.590489566054758,-0.254847386196148
1.82305828733102,-0.667804992490861,-0.208258223767279
1.82913525824151,-0.743723761946948,-0.14495300306765
1.84166150303588,-0.816529261021297,-0.0710321016407845
1.86058479140563,-0.88454355143862,0.00510763016717049
1.88445123485317,-0.946478661226838,0.0745428558897828
1.91080191156141,-1.00169595331615,0.129874223169694
1.93686463516653,-1.05025706202948,0.166719587736393
1.96021517720913,-1.09275183529469,0.184118911025969
1.97916051585761,-1.13000023620788,0.18391877842108
1.99279974292326,-1.16276346782227,0.169632466146397
2.00087032796154,-1.19155571103452,0.14530994022994
2.00351964617132,-1.21657673321745,0.114735340499832
2.0010976371377,-1.23773707358361,0.0810281392480762
1.9940099138378,-1.25473337985239,0.0465780983830399
1.98263291101888,-1.26713948260566,0.0131956337205503
1.96727619423612,-1.27449387118498,-0.0176338961549315
1.94817374332557,-1.27637744212364,-0.0444789595019117
1.9254883279012,-1.27248352044701,-0.0657394028501916
1.8993168835683,-1.2626848274829,-0.0795272526352863
1.8696889558185,-1.24709943418688,-0.0837012430161563
1.83655540415089,-1.22614979315055,-0.0760987322294512
1.79977159457237,-1.20059667369716,-0.0549822069486874
1.75908772070574,-1.17151827907934,-0.0196523794377732
1.71416488928783,-1.14020534508743,0.0289283995122268
1.66463198196565,-1.10796873431672,0.0877688966417352
1.61017961475035,-1.07590567525249,0.15201654313856
1.55066006824638,-1.04471334871662,0.215757960551311
1.48614717248819,-1.01462968861868,0.273224682582429
1.41692649886655,-0.985514336808264,0.319932724816346
1.34342501321479,-0.957009689977854,0.353332482813939
1.26611885150305,-0.928700100000369,0.372838250957169
1.18545791364713,-0.900218576699316,0.37939949692184
1.1018254904176,-0.87129422494989,0.374890971196685
1.01553064199913,-0.841758494727894,0.361546699432401
0.926821305930681,-0.811531444222183,0.341549564146473
0.835905798587644,-0.780602230217031,0.316794495410988
0.742974169118452,-0.749010521424384,0.288793474818892
0.648215005327027,-0.716830871746,0.258675766690622
0.551826349631233,-0.68416001559445,0.227241010253641
0.454021175357261,-0.651106398871178,0.195033995234493
0.355028653413963,-0.617781201072169,0.162421498694621
0.25509255086891,-0.584290233331104,0.129660726159984
0.154467833596008,-0.550726274520693,0.0969550611304102
0.0534161413424427,-0.517161630026719,0.0644963842511332
-0.047799589042282,-0.483640937990616,0.032494906166
-0.148921368933068,-0.45017453169932,0.001197976452679
-0.249703426337567,-0.416732952133527,-0.0291007546064231
-0.349920617260645,-0.383243473544561,-0.0580607636924481
-0.449377887328532,-0.349589687563783,-0.0853019372741032
-0.547920293134547,-0.315615248055115,-0.110419173149236
-0.645442576316023,-0.281132706342188,-0.133003759977125
-0.741896730104297,-0.245937953048201,-0.152670737994354
-0.837295536032987,-0.209830080477535,-0.169090875253228
-0.931709914365225,-0.172635538984477,-0.182025017278639
-1.02525828713593,-0.134234393570548,-0.191357443680392
-1.11808714638892,-0.0945854722165018,-0.197123716693853
-1.21034364143179,-0.05374648808405,-0.199527739589982
-1.30214299027731,-0.0118851054719196,-0.198942881683118
-1.39353541381957,0.0307223713070154,-0.195893525251602
-1.48447846357186,0.0737063448907824,-0.191016397292805
-1.57482044769696,0.116632523753898,-0.185005109216367
-1.66429892464407,0.159040236716338,-0.178545430318525
-1.75255516097396,0.200484596236793,-0.172251623032802
-1.83916188132153,0.240575546198182,-0.166614533920788
-1.92365870898808,0.279007426843544,-0.161969714552363
-2.00558837710717,0.315574933912905,-0.158489278113585
-2.08452745053515,0.350174504269963,-0.156195973471439
-2.16010751757894,0.382793225470755,-0.154993718350802
-2.23202564552328,0.413489416033987,-0.154706722405656
-2.30004535655646,0.442369674463471,-0.155119533402374
-2.36399085652306,0.469566598734122,-0.156012219962228
-2.42373764086705,0.495220065108333,-0.157187426618906
-2.47920220408077,0.519463496108871,-0.158488290645363
-2.53033278683119,0.542415339000729,-0.159807691950057
-2.57710225603069,0.564175186777983,-0.161089926467299
-2.6195035081597,0.584823582473795,-0.162325845586491
-2.65754727539359,0.604424442916129,-0.16354206926371
-2.69126184968085,0.623029093200195,-0.164784338885234
-2.72069396378737,0.640681009929206,-0.166094628946968
-2.74590982045654,0.657420469359538,-0.167481457238831
-2.76699500482244,0.673288359378607,-0.168883077762288
-2.78405176196816,0.688328451675273,-0.170124084240309
-2.79719194049785,0.702587486150565,-0.17086759159113
-2.80652393546795,0.716112565389206,-0.170567775333312
-2.81213243976557,0.728945673189963,-0.16843117931864
-2.81405102208942,0.741115689385947,-0.163399596408201
-2.81222977835576,0.752629063895153,-0.154171638793786
-2.80650364067155,0.763461211946867,-0.139282610440572
-2.79657097330836,0.77355138525684,-0.117260059794387
-2.78199551947968,0.782803825614562,-0.0868615396756842
-2.76224505981396,0.791097014380828,-0.0473781361173191
-2.73677403163308,0.798300707546991,0.001047442239893
-2.70514279276536,0.804297736300259,0.0571766062308854
-2.6671459940386,0.809005400072132,0.1186109519624
-2.62290679953333,0.812390929747661,0.181987792716987
-2.57289623919741,0.814477414045246,0.243432271742985
-2.51786351464863,0.815339917844092,0.299156833002393
-2.45870131460398,0.815094577495727,0.346030362090487
-2.39629603514059,0.813884835847852,0.381955792568088
-2.33141080476875,0.811868465509208,0.405984864329229
-2.26462533734052,0.809207427490256,0.418202408156986
-2.19632965770521,0.806060974913249,0.419474786659428
-2.12675292317803,0.802581318408133,0.411163746418839
-2.05600605507887,0.798910639418774,0.39487792017719
-1.98412223236649,0.795178052721408,0.372296610455971
-1.91108644490127,0.791495103034305,0.345070756506395
-1.83685103309649,0.787948533207691,0.314788266520387
-1.76133781914802,0.78458946733341,0.282982677052086
-1.68442966901472,0.781418918537119,0.251161442537973
-1.60595591478144,0.778370717899515,0.220830234452441
-1.52567755179256,0.77529455048969,0.193491351277784
-1.44327954747632,0.771943558713414,0.170598167499927
-1.35837847239734,0.767972476923321,0.15345498735221
-1.27055294727932,0.762952639454668,0.143064437224819
-1.17940070716187,0.756408381026664,0.139942990707419
-1.08461850319924,0.747874465142667,0.143946303359281
-0.98609046379449,0.73696655128108,0.154161650775463
-0.88396077334367,0.723448783351167,0.168923287516904
-0.778663844509511,0.707278719127031,0.185979439729159
-0.670894494424588,0.688613977008861,0.202791009983022
-0.561520508314754,0.667777111076755,0.216892424311289
-0.451461074541925,0.645189819112963,0.226221209577461
-0.341565429046443,0.621296904905144,0.229338520891067
-0.232521607019418,0.596500202774385,0.22550747841428
-0.124810071347636,0.57111487838815,0.214644051571176
-0.0187006037419593,0.545350708243397,0.197184806307813
0.0857196463235947,0.519313818712567,0.173921435806944
0.188501991692207,0.49302147763376,0.145841099329554
0.28978864025418,0.466422780476596,0.11399507553976
0.389769970099134,0.439420341329441,0.0794040803555439
0.488650866551258,0.411889808520517,0.0429989582089968
0.586627364155115,0.38369615278099,0.00559090857634355
0.683873228964965,0.354706651483522,-0.0321361395628102
0.780535291294031,0.324801119017277,-0.0696179776683987
0.87673582241441,0.293880172908313,-0.106393089248961
0.972579746420666,0.26187238914922,-0.142080374030139
1.06816400907609,0.228741167622547,-0.176354621801439
1.1635861253267,0.194491979997203,-0.208921898526225
1.25894887594899,0.15918032588739,-0.239496524705641
1.35435831948079,0.122920125531372,-0.267781048023234
1.44991276032162,0.0858914557710209,-0.293450394576812
1.54568097278608,0.0483454615067351,-0.316141075703947
1.64166978879531,0.0106035637763799,-0.335446134362142
1.73778288422728,-0.0269527245456963,-0.350916137251494
1.833775890698,-0.063904503855544,-0.362066711471565
1.92921601171756,-0.0998321862593933,-0.368393860317782
2.023456679651,-0.134364311139288,-0.369399989342436
2.11563802879505,-0.167232127735056,-0.364635768543552
2.20472116822267,-0.198319282051254,-0.353764120842624
2.2895585719512,-0.227693652291501,-0.336650055535372
2.36899564100024,-0.255609708227532,-0.313471192229782
2.44199120640641,-0.282475188267822,-0.2848287449906
2.50773853155117,-0.308784391871235,-0.251822695561128
2.56576409418828,-0.335029784303617,-0.216048009040064
2.61598085207254,-0.361611012273494,-0.179481164027898
2.65867865181574,-0.388762804019355,-0.144259859639922
2.69444835340538,-0.416518587706133,-0.112401388513714
2.72405478050995,-0.44471580542876,-0.0855345424471846
2.74828873947654,-0.473036093335377,-0.0647176905024351
2.76783238258978,-0.50106449765778,-0.0503814697562702
2.78316359143209,-0.528350285534753,-0.0423869137964829
2.79450939560078,-0.554456968392917,-0.0401527137463729
2.80184389391009,-0.578997061672568,-0.0427924477172082
2.80491819896203,-0.601653885460766,-0.0492127426310251
2.80330944727819,-0.622196276160726,-0.0581462465985089
2.79648050590276,-0.640492282401432,-0.0681187339689043
2.7838483063456,-0.656525561170709,-0.0773722361713643
2.76486382794327,-0.670414108454143,-0.0837849694942863
2.73910838094242,-0.682425744733362,-0.084844725271643
2.70640708691395,-0.69297909887013,-0.0777437499387622
2.66694972113602,-0.702614207824396,-0.0596627321566909
2.62139130074595,-0.711916591927071,-0.0282841953743128
2.57088467398397,-0.72138826718384,0.0174985756620274
2.51698857666698,-0.731283741452414,0.0768397010963308
2.46141870691504,-0.741465107341123,0.146471844228236
2.40567849865726,-0.751355357945423,0.220859620082519
2.35069296553234,-0.760047298619636,0.293136800312343
2.29660266506352,-0.766546388410594,0.35658923775059
2.24280508482223,-0.77004058258418,0.406101672266733
2.18820041694852,-0.770075014533648,0.43900153310383
2.13151127731937,-0.766577402172051,0.455097795545378
2.07155350170137,-0.759766031862644,0.45611298447586
2.00740010801821,-0.750012190711005,0.44487671752542
1.93844090083785,-0.737717525471169,0.424585573605152
1.86436875273146,-0.723234876713989,0.398279990606862
1.78512650123005,-0.706834528619793,0.368559450867631
1.70084025447535,-0.688704394822457,0.337487469886843
1.61175512560027,-0.668969690574928,0.306616453513056
1.51818151793669,-0.647720068083975,0.277068195733841
1.42045464005181,-0.625036178834698,0.249622721325459
1.31890658814084,-0.601011106580076,0.22478722673523
1.21384860758561,-0.575764425214377,0.202833819534475
1.10556059848031,-0.549447974570495,0.183808238590124
0.994285215451687,-0.522243354936015,0.167521560950232
0.880224721920143,-0.494352102896033,0.153542844015636
0.763539833779974,-0.4659807065842,0.141211900203143
0.644350799158137,-0.437323791318077,0.129686974880247
0.5227416111782,-0.408549392084373,0.118031961527831
0.398768382410818,-0.37978970738297,0.105334161398236
0.272472476546173,-0.351139044280632,0.0908310504591116
0.143898142095635,-0.322658433879361,0.0740182987252826
0.0131133567633705,-0.294384597227364,0.0547144700031309
-0.11976837679075,-0.26634028809693,0.0330692929513396
-0.254568101492181,-0.238543562151688,0.0095173664062557
-0.391026142584882,-0.211014671812425,-0.0153080636595464
-0.528793674852138,-0.183780366618428,-0.040679884720385
-0.667432167990137,-0.156876038045148,-0.0658790826469222
-0.806420513779969,-0.130346370516615,-0.0902775565237909
-0.945168473046004,-0.10424515863698,-0.113392873303266
-1.08303425161911,-0.0786349352494534,-0.134913493203687
-1.21934363322703,-0.053587049293387,-0.154698892838323
-1.35340796680869,-0.029182806461177,-0.172762537174381
-1.48453849987042,-0.00551615321563728,-0.189246578336735
-1.61205499751483,0.0173020016325083,-0.204395665359529
-1.73528717800764,0.0391383744134222,-0.218533678809
-1.85356824519974,0.0598322915297808,-0.232042044298192
-1.9662207680712,0.0791938191008187,-0.245332010200844
-2.0725365307074,0.097009363721629,-0.258796469051467
-2.17175427149605,0.113060781763638,-0.272720584778257
-2.26304316730093,0.127165236232887,-0.287127088923725
-2.3455059453865,0.139242151688038,-0.30153674545208
-2.41822291761993,0.14940788282286,-0.314646003524564
-2.48036337401974,0.158084743800258,-0.323973841723008
-2.53138536375156,0.16608673648666,-0.32561671476339
-2.57131539861872,0.174612995502264,-0.314365829657245
-2.60103093782271,0.185057462554001,-0.284532044831891
-2.62236204106112,0.198569239728198,-0.231751295899711
-2.63775198500601,0.215436234454745,-0.155574208374144
-2.64935236414103,0.234626957716981,-0.0616834514653906
-2.65791658218766,0.25398419398041,0.0381965382138535
-2.66232568248931,0.271198320892781,0.129732471211169
-2.6602354116894,0.284918668042912,0.201059970466809
-2.64930489558811,0.295167258201665,0.246185869296071
-2.62806090489703,0.302951461362931,0.265087216978845
-2.59605355872663,0.3096230150383,0.261600696303359
-2.55358906199695,0.316444673050832,0.241030228802112
-2.50140468798107,0.324437593853368,0.208589341655708
-2.4404430466644,0.334370223613282,0.168857145770656
-2.37171090261908,0.346740174754523,0.125977775865941
-2.29614759174452,0.361665057361374,0.0842253451891151
-2.21444070706805,0.378671279329244,0.048546164276027
-2.12678127041241,0.39644991339939,0.0246743863032811
-2.03263533092131,0.412745459740586,0.0184329629922251
-1.9307056509774,0.424624145293358,0.0340320810672639
-1.81929548981191,0.429317931904058,0.0717465483268603
-1.6971391660079,0.425498658063202,0.126208455485898
-1.56438014338069,0.414275788142776,0.186925361749674
-1.42303799336796,0.39903681389808,0.241496736127497
-1.27651441658284,0.384028909961982,0.279840480204134
-1.12842075938411,0.372661323123538,0.296895916511947
-0.981498061053838,0.36660945197346,0.292734286111241
-0.837170729138187,0.365945642512055,0.270901875681198
-0.695720988675716,0.369810753691341,0.236386979374198
-0.556752041961328,0.377087988244915,0.194087384523091
-0.419631589198027,0.386828533662866,0.148002263303867
-0.283775203471206,0.398422165926438,0.101015091351338
-0.14876704578497,0.411598495931553,0.0550426046612422
-0.0143764622561702,0.426340496096058,0.0113573216176342
0.119464435635126,0.442758670637273,-0.0290487690189033
0.25267439286094,0.460947073146756,-0.0651449155109241
0.385003645112702,0.480832411360993,-0.0956464170904169
0.515981292938679,0.502034287770544,-0.118949108424483
0.644850946262556,0.523771044484023,-0.133240377513605
0.770531005558211,0.544857787112905,-0.13677890615424
0.891637010350566,0.56383352721083,-0.128291064706453
1.00658849594358,0.579213159086867,-0.107402770383355
1.1137991905604,0.589799267663497,-0.0750285577016987
1.21192699158533,0.594942784697087,-0.033648802083914
1.30013643109698,0.594645168795154,0.0126318886863907
1.37829195766261,0.589455882063224,0.0584214796736535
1.44697670549309,0.580209153798159,0.0978994300896089
1.50727960139833,0.567713336972832,0.126032893734907
1.56042709618481,0.55251252550357,0.139641354393064
1.60744430035085,0.534782417369996,0.13780461654651
1.64899652568718,0.514346855399604,0.121529602766217
1.6854263812822,0.490759935248779,0.0930260737070862
1.71689770695277,0.463403612397503,0.0550411656167947
1.74354407810158,0.431580079177774,0.0105170310027906
1.76555852234589,0.394606494174101,-0.0374026047488085
1.78320195201472,0.351934625272312,-0.0851479674063026
1.79673297359336,0.303315547308463,-0.128484774871257
1.80627792865273,0.249007101730722,-0.162493613806074
1.81167969580849,0.189978477732783,-0.181992490314128
1.8123926783837,0.128010810673327,-0.182548335233936
1.80751788392032,0.0655561850513168,-0.161999756930597
1.79605805295091,0.00525882773679251,-0.122017095222259
1.77736989436935,-0.0507865516799698,-0.0688194794157961
1.75161327418289,-0.101719638994121,-0.0121948758744954
1.71989877010515,-0.148132236186836,0.037189546612375
1.68399087410451,-0.191667192893489,0.0709651831391482
1.64574618367062,-0.234273902455991,0.0850763875792107
1.60662671367017,-0.277562872251303,0.0798757848336027
1.56749352290692,-0.322499694622918,0.0588096842516585
1.5286567899769,-0.369400364890804,0.0267157854460809
1.49004507079939,-0.418074878649211,-0.011529147982252
1.45137263649872,-0.467996859541138,-0.0517703463895444
1.41224710153081,-0.518444945266632,-0.0908249581511792
1.37221219261168,-0.568608633702588,-0.126407992227339
1.3307486132692,-0.617671886950212,-0.15690771978864
1.28726607865018,-0.664892393372397,-0.18113145590629
1.24112027224377,-0.709690153292832,-0.198092985769746
1.19168294907296,-0.75174753342161,-0.206879802713823
1.13847887816863,-0.791103663994316,-0.206620535644111
1.0813748994225,-0.828202242982549,-0.196561420667243
1.02076586603218,-0.863836045906703,-0.17624342512028
0.957667833565304,-0.898944975068481,-0.145741168179451
0.89363285594934,-0.934281790680617,-0.105888193431085
0.830462899167985,-0.970043681805315,-0.0583938362928967
0.76979938300155,-1.00562501272396,-0.0057765784394411
0.712737292852784,-1.03962361304144,0.0489056396454665
0.659608581575524,-1.07012675324941,0.102480805705188
0.61000285004363,-1.09517050731796,0.152140722373154
0.562991431336906,-1.11318672944525,0.195838825299124
0.517447201065261,-1.12327336638431,0.232492068547885
0.472338059100836,-1.12522753139742,0.261941660785024
0.426913088392905,-1.11939402757449,0.284720688653302
0.380763264330397,-1.10643800099876,0.301737772097774
0.333786596062141,-1.08713737374096,0.31398593703713
0.286104978838924,-1.06224285596705,0.322341372445317
0.237973108614752,-1.03240934149913,0.327464581899631
0.189703024907051,-0.998179561396128,0.329782353938668
0.141612351340415,-0.959996734483919,0.329517929706324
0.0939946411959063,-0.918228370099103,0.326741043144702
0.0471062270280419,-0.873190806963254,0.321419450706428
0.00116356957120585,-0.825169905439298,0.313462885118989
-0.0436537029322538,-0.774436796384001,0.302756731370904
-0.0871973485521047,-0.721259223166483,0.289186204703473
-0.129344673008161,-0.665909505072635,0.272653340264025
-0.16999343397767,-0.60867004157104,0.253089593623309
-0.209058251853919,-0.549836856391159,0.230466904952949
-0.246468662875774,-0.489721260043819,0.204809976436346
-0.282169329318992,-0.428649026592183,0.176212247351329
-0.316122375122951,-0.36695613932055,0.144857491618413
-0.348311805677292,-0.304979846901189,0.111047797717938
-0.378749623363586,-0.243043974728099,0.0752367070981843
-0.407482838553276,-0.181438326485222,0.0380634286022001
-0.43460003387744,-0.120393502475597,0.000380575505600944
-0.46023595207787,-0.0600548792232527,-0.0367353768849125
-0.484572262503341,-0.00046114559851817,-0.072004062641464
-0.507832846231987,0.0584659316292124,-0.104004711639209
-0.530272133953656,0.116914310935647,-0.131292371166846
-0.552155575912811,0.175152980046344,-0.152566623968364
-0.573732477832256,0.233481667191348,-0.16687703167219
-0.595203541846616,0.292164458240989,-0.173830450239084
-0.616688407695169,0.351358985744994,-0.173749178378079
-0.638201326399142,0.411057537008794,-0.167724956842525
-0.659643831209605,0.471056935575213,-0.157530461338045
-0.680819923352823,0.530968379516448,-0.14538798687339
-0.701471930165639,0.590267029603564,-0.133642537623041
-0.721327181911618,0.648368092350722,-0.124421424622133
-0.740141825318531,0.704707593719902,-0.119365683785227
-0.757730842693943,0.758806324897563,-0.119488443424083
-0.773980489587027,0.810303846921934,-0.125169209697653
-0.788846229110513,0.858960866572058,-0.136253971099675
-0.802342498633501,0.90463723433971,-0.152212631852856
-0.814530100748403,0.947256598707946,-0.17230689307244
-0.825504504874956,0.986767996839089,-0.195734385899505
-0.835385786831804,1.02311156374664,-0.221729490734847
-0.844309267551911,1.05619217598961,-0.249612667840119
-0.852415201210845,1.08586241816019,-0.278787064570941
-0.859835807909698,1.1119151414193,-0.308684756882753
-0.866678290166056,1.13408592765896,-0.338667215780769
-0.873003174156169,1.15206657473523,-0.367887634595978
-0.87879850108219,1.1655317224952,-0.395128649952734
-0.883952278943861,1.17418128768704,-0.418639457566985
-0.888228351945979,1.17780065241519,-0.436012289089735
-0.891254427458676,1.17633753644351,-0.44415894544322
-0.892534902868298,1.1699878709504,-0.439469184420252
-0.891503672706053,1.15927149601615,-0.418241953688467
-0.887629244843719,1.14506270890199,-0.377451232198399
-0.880569462854837,1.12852781229726,-0.31579959215187
-0.870340803392782,1.1109309431324,-0.234799238473053
-0.857427405874089,1.09332367150024,-0.139374492757287
-0.842744260016989,1.07622449442567,-0.0374370351795471
-0.82742772732231,1.05944829786101,0.0617082347999005
-0.812535254480412,1.04218075219151,0.149553190698963
-0.798800285184538,1.02324146602996,0.220182063873715
-0.786542606125662,1.00138377695428,0.270984238209288
-0.775729588260235,0.975511389335584,0.302294380643532
-0.766115419304626,0.944784472270181,0.316442582559433
-0.757383812950684,0.908649075097143,0.316725859381593
-0.749252202392248,0.866833186553298,0.30659960067724
-0.741526529139505,0.819336440480253,0.289174851202952
-0.734113176959231,0.766422619216773,0.266986985200904
-0.727000994493866,0.708613366174991,0.24196025161284
-0.720227130447386,0.646677485793209,0.215493268747686
-0.713839104937608,0.581610197474835,0.188606271814701
-0.707863662019853,0.514598446451802,0.162108693178321
-0.702290776575338,0.446970356969274,0.136760007665169
-0.697078447751549,0.380128374151184,0.113405579334466
-0.69218011884829,0.315466507389919,0.093072217158669
-0.68759131203075,0.254272866039391,0.0770067552358487
-0.683405417450471,0.197620371756244,0.0666387556566002
-0.679861601209455,0.146252232265356,0.0634509921507631
-0.677363105139457,0.100475186656582,0.0687551226705934
-0.676445821806002,0.0600820319448097,0.0833985916447476
-0.677688684950825,0.0243322410463601,0.107467371743549
-0.681578919657523,-0.00798099771634836,0.140079364242515
-0.688368685386253,-0.0383644647959097,0.179358319792419
-0.697970961521849,-0.06837767015602,0.222623268722967
-0.709931156187275,-0.0993578339633454,0.266744612194416
-0.72348150988547,-0.132188309509006,0.308557259958024
-0.737656084135921,-0.167170491556264,0.345222698460181
-0.751430473053873,-0.204024923876917,0.37448304739633
-0.763853112964235,-0.242007803625487,0.394802570059896
-0.774145272300793,-0.280099884041167,0.405412951812483
-0.781757691194355,-0.317212931359137,0.406274997646713
-0.786382045729692,-0.352364809466499,0.39796596158583
-0.787924721358498,-0.384793371494465,0.381510163943874
-0.786456901687229,-0.414002930154857,0.358183386232746
-0.782156730463337,-0.439755876602426,0.329326479336173
-0.77525640618501,-0.46203081963261,0.296196563155839
-0.766001752058532,-0.480968010298876,0.259870034600166
-0.754626585191108,-0.496816862741998,0.2211977435841
-0.741340595836452,-0.509893303786167,0.180803795408249
-0.726327737484783,-0.520549042312757,0.139116262604906
-0.709751807482909,-0.529151336365464,0.0964190385250825
-0.69176630477528,-0.536070110611323,0.0529169685874658
-0.672526177201271,-0.541668650275901,0.00880939667286239
-0.652199291840054,-0.546293999219316,-0.0356308768853274
-0.630975397268533,-0.550263476308268,-0.0799763084030923
-0.60906948852503,-0.553844239821028,-0.123565975528092
-0.586716442735538,-0.557224427386434,-0.16543852100893
-0.564153188068906,-0.560476213836187,-0.204290092516015
-0.54158566205857,-0.563514849945097,-0.238475577204978
-0.519139194824789,-0.566061203266931,-0.266074341618915
-0.496794835700141,-0.567620006674286,-0.285040663306433
-0.47432028664867,-0.567489079031912,-0.293450142298992
-0.451212844896581,-0.56481434405828,-0.289833847787886
-0.426680537356083,-0.558698374480404,-0.273561456321784
-0.399690619233225,-0.548354867348548,-0.24519850996272
-0.369103663766778,-0.533280627303664,-0.206733584234149
-0.333881715687131,-0.513398811262808,-0.161566126332523
-0.293317655676293,-0.489123783744959,-0.114181813623343
-0.247203292283224,-0.461316160670991,-0.0695268143889957
-0.195863460236277,-0.431132953122596,-0.0322087606122379
-0.140038821438402,-0.39981692899422,-0.00574773363833196
-0.0806701672884364,-0.368490882120218,0.00789451775691658
-0.0186744139907171,-0.338013872405097,0.008388145599284
0.0452134498363208,-0.308924131973769,-0.00324625770991471
0.11050547869626,-0.281458231243211,-0.0251174866950288
0.176947882665748,-0.255616171458158,-0.0549660922698082
0.244462852454046,-0.23124066701865,-0.0905653294423318
0.313075312380921,-0.208088492808646,-0.12996710685591
0.382844169456273,-0.185883674446807,-0.171592611685654
0.453807604272443,-0.164351710774441,-0.21419453681188
0.525945563245396,-0.143239918752881,-0.256725658901306
0.599159416265639,-0.122332080640684,-0.298146975929028
0.673267287579609,-0.101466704135233,-0.337205840644137
0.748012581394233,-0.0805677086751645,-0.372215709513382
0.823081977378377,-0.0596938583849705,-0.400876919093577
0.89812738968508,-0.0391077757596005,-0.420192690448225
0.97278420458573,-0.0193553977865213,-0.426553728186011
1.04667612703903,-0.00133092781485005,-0.416079816762763
1.11939689482949,0.0137183449744211,-0.385297318422036
1.19046466502908,0.0243097946624996,-0.332159562093304
1.25926096622316,0.0290175427479638,-0.25723934345335
1.32499215800693,0.0269187413280185,-0.164651005298474
1.38672897917994,0.0180379528316784,-0.0620645225780427
1.44355432971948,0.00352592946038219,0.0406235114284618
1.49477211752208,-0.0146119001176802,0.133669645796183
1.54006363289129,-0.0341389860737804,0.209855860918944
1.57950322454203,-0.0532249254798351,0.265760873055778
1.61344392781384,-0.0707989348405791,0.301602514661975
1.64235511055132,-0.0865612822714988,0.320130244162733
1.66668835562048,-0.100781204360291,0.325288527157157
1.68680228181622,-0.114040128246494,0.321138702146276
1.70294086074979,-0.127018411216484,0.311199781043554
1.71524663911556,-0.14035767766555,0.298163540812797
1.72379126468487,-0.154592327167847,0.283867810650336
1.72861101413107,-0.17012993492273,0.269414819922916
1.72974010248184,-0.187259730222572,0.255350468510386
1.72723825016294,-0.206172851118203,0.241851603613188
1.72121119406558,-0.226983403456954,0.228893334270762
1.71182370100616,-0.249743807333719,0.216385358334202
1.69930445372295,-0.274451119618577,0.204276041854614
1.68394136014163,-0.301043247764193,0.192627189434921
1.6660649269922,-0.329385728504657,0.18166266365614
1.64601704530674,-0.359251586847424,0.171791579067264
1.62410366662644,-0.390299098255552,0.163602883636224
1.6005332311653,-0.4220550568142,0.157824294483993
1.57534870785067,-0.453913749203263,0.155237183049392
1.54836881932674,-0.485162665858946,0.156543326243429
1.51916046173475,-0.515042760354179,0.162192108435395
1.48706451006508,-0.542841995954889,0.172196933078177
1.45128641712163,-0.568006834497378,0.185990038287852
1.41104121426618,-0.590242522294176,0.20237265472369
1.36571766939718,-0.609568023198377,0.219600833345031
1.3150121490589,-0.626301628762373,0.235606331967439
1.25898976170284,-0.640976781386337,0.248303105410775
1.19805706368962,-0.654213469084542,0.255897868980112
1.13286311110855,-0.666585258184195,0.2571245705245
1.06416736914828,-0.678518818608745,0.251355093255999
0.992715557790335,-0.690245487983388,0.238583546394943
0.919151330927075,-0.701803492731165,0.21931757480384
0.84397284494292,-0.713074845971447,0.194424980493683
0.76752820202998,-0.723836647074242,0.164978634511856
0.690036569647557,-0.73381047836412,0.13212653467516
0.611621543925389,-0.742700931277055,0.0969970764210655
0.532346711885357,-0.750220866312261,0.0606380435031081
0.452247352952668,-0.756105026453002,0.0239825350805676
0.371355339057734,-0.760115205351676,-0.0121657224020061
0.289716318729893,-0.762040176407371,-0.0471338117676908
0.207399516701865,-0.761692901855668,-0.0803720856950626
0.124501274406608,-0.758906705850995,-0.11144048060146
0.0411438893504686,-0.753531364421671,-0.139990679736158
-0.0425283438267284,-0.745429481072158,-0.1657457106441
-0.126354461000866,-0.73447322488934,-0.188478546050744
-0.21016163039518,-0.720541123511459,-0.207991198447395
-0.293768427361657,-0.703514689341372,-0.224096177224669
-0.376985122780547,-0.683274906265712,-0.236602473345415
-0.459610231570624,-0.659698735434872,-0.245308830694161
-0.541422520253655,-0.632656507382257,-0.250007408536881
-0.622168273792231,-0.602011589179206,-0.250500796558189
-0.7015443899015,-0.567624204298117,-0.24663413524269
-0.779178950519621,-0.529361346416092,-0.238341369516343
-0.854612158736653,-0.487114016456504,-0.22570033243375
-0.927281606417465,-0.440821268720107,-0.208986000565011
-0.996516334181491,-0.390497879222354,-0.188706427182947
-1.06154370466889,-0.336259563770209,-0.165603882127145
-1.12151172675138,-0.278337890934527,-0.140607076258941
-1.17552762937232,-0.217077790062918,-0.114730336827595
-1.22271196734479,-0.152914512743889,-0.088931150489391
-1.26226679991416,-0.0863331263444888,-0.0639545782437982
-1.29355607475389,-0.0178196286876502,-0.0402056787790191
-1.31619495754151,0.0521843578191786,-0.0176931239447169
-1.33014118262255,0.123313252062648,0.00392525005221911
-1.33577514436031,0.195291296753436,0.0251910510350985
-1.33394748568066,0.267930790208985,0.046619788781983
-1.32596670346985,0.341120545122369,0.0684654614291215
-1.31350146645706,0.414808754953906,0.0905535315961187
-1.2983913684565,0.488980055944849,0.112243518719728
-1.28239677406743,0.563624913643407,0.13253570623788
-1.26695600530565,0.638703899413408,0.15028067291157
-1.25302639991957,0.714116140365125,0.164415610950672
-1.24105094376792,0.789682376474587,0.174154594748145
-1.23103629505421,0.865146278410106,0.179091928722223
-1.22268954789101,0.940188979707477,0.17921471370636
-1.21555826577256,1.0144479514838,0.174845561206491
-1.20913977032268,1.08753328804023,0.166545710913606
-1.20295027144058,1.15903862201097,0.155007131665297
-1.1965596730925,1.2285470330252,0.140954826799405
-1.18960282262091,1.29563360751797,0.125071389458776
-1.18177680290761,1.35986633326804,0.107947520529058
-1.17283067277582,1.4208066158335,0.0900562930313365
-1.16255120802816,1.4780104052078,0.071745896083924
-1.15074590946107,1.53103095858961,0.0532449420562218
-1.13722366887181,1.57942430944245,0.0346755939003307
-1.1217727892629,1.62275949459661,0.0160716341246995
-1.1041360657384,1.66063586931101,-0.00259909651724639
-1.08398347324883,1.69271091033403,-0.0214061713590097
-1.06088473613418,1.71874224712442,-0.0404178335046892
-1.03428750956999,1.7386469350649,-0.0596451373096212
-1.00351277323264,1.75257739558185,-0.0789587068754032
-0.96778777408191,1.76100413515067,-0.0979644575744508
-0.926347173425823,1.76477645088782,-0.115824683265454
-0.878638741408351,1.76510161024903,-0.131024399901075
-0.824655250855714,1.76334833012017,-0.141128791197518
-0.765353421147905,1.76057538334588,-0.142673977541
-0.702998345484044,1.7567778918389,-0.131455848114391
-0.641137069496493,1.75008496705729,-0.103502453081859
-0.583915289573376,1.73643572434666,-0.0567329310451829
-0.53476609809496,1.71028245141888,0.00729228611325115
-0.495005992941582,1.66635234906691,0.082584854828103
-0.463125263275381,1.60171919142903,0.159682795388666
-0.435237860742991,1.51708829344409,0.22815479998401
-0.40647768198463,1.41660705548672,0.279552870025342
-0.372605771129664,1.30633776874,0.309489976817584
-0.3310630987398,1.19221831167033,0.318050466729946
-0.281137449229735,1.07849890083854,0.308659064296418
-0.223458567628476,0.967209665389514,0.286250499890199
-0.159294694679717,0.858543672286171,0.255660100186516
-0.0900110276712485,0.751643333454544,0.22070528036798
-0.0167964117608833,0.645322821296482,0.183925877494841
0.0594042473445192,0.538520231235218,0.14671782711156
0.137853030175307,0.430487323184469,0.109609904898869
0.217950076248662,0.320808288227334,0.0725385948638408
0.299167587448109,0.20933540535911,0.0350662965315267
0.380996824233465,0.0960975824683259,-0.00346131423606301
0.462906535679483,-0.0187909200658936,-0.043799888095317
0.54430787119786,-0.135211284390429,-0.0867031303363952
0.62452223347175,-0.253106047147044,-0.132793744379482
0.702753900618614,-0.372522673175234,-0.18236215554875
0.778080165282512,-0.493617210262337,-0.235040225347547
0.849490422162033,-0.616586409104611,-0.289305242109131
0.916029658647201,-0.741487655591259,-0.341820847965032
0.977113394731557,-0.867922135190961,-0.386763671173994
1.03303650642803,-0.994626916426256,-0.415554867459472
1.08554233716238,-1.11915852294395,-0.417749097611087
1.13805735276408,-1.23799713553975,-0.383916466717656
1.19501171734429,-1.34738853833725,-0.310577061033347
1.25995060784971,-1.44483681875629,-0.205145359697312
1.33319752946622,-1.53036938191891,-0.0865504239438565
1.41095593602047,-1.60634793946196,0.0214704502914045
1.48702930575199,-1.67578572021021,0.100815248849007
1.5557934801876,-1.74071722945474,0.145230822404562
1.61404439113477,-1.8017906948226,0.1589765240108
1.66101502030072,-1.85874250077589,0.151465832090191
1.69743306825123,-1.9109556175612,0.132414541637956
1.7245603016785,-1.9577631062004,0.109256126251129
1.74360012339,-1.99853852157645,0.0864634175184783
1.75546511024304,-2.03269170481015,0.0658754789915337
1.76076334985423,-2.05963753139695,0.0473587718571587
1.75987046023439,-2.07875476908111,0.0294779667431178
1.75300227819617,-2.08933397889835,0.0100963352118543
1.74024478619004,-2.09051985073724,-0.0130363026696557
1.72152395562764,-2.08127432078278,-0.0415824212671809
1.69651854198115,-2.06041672386691,-0.0756693461555628
1.66454880949619,-2.02682656515371,-0.112645819691702
1.62452317942154,-1.9798982968459,-0.14572600040089
1.57508331025426,-1.92027354536719,-0.163128951451218
1.51511624001994,-1.85069825382629,-0.14888475002922
1.44471422389498,-1.77652500334814,-0.0869006687073422
1.366292492566,-1.70496420141381,0.030723834165775
1.28483988598378,-1.64226384458785,0.193645482672509
1.20603637508091,-1.58985323433366,0.370315501964018
1.13296037236662,-1.54319218177909,0.520577997259503
1.06460410744184,-1.49522818292089,0.616325558228461
0.997530056344149,-1.44071212396717,0.651554871642253
0.928346238253722,-1.37758397513502,0.636934754936188
0.854961247182548,-1.30604912803756,0.589135882149383
0.776652875730285,-1.22733938834961,0.523342855318327
0.69367585922417,-1.14298028311979,0.450292260689672
0.606862120933098,-1.05451363874198,0.376157382195728
0.517352316083417,-0.963449531446736,0.303612115485919
0.426445698567877,-0.871289088607644,0.233110984984473
0.335505800138956,-0.779531749657094,0.163975413442933
0.245855726651184,-0.68961940568338,0.095176244021503
0.158631483639258,-0.602811870903346,0.0258256700965515
0.0746397131189172,-0.520058767300492,-0.0445458480311815
