0.0592968225,-1.5690860141,-1.4795687841,-0.137132142,-1.09768027,0.135447267,0.0749668433
0.0598316404234209,-1.56908846676969,-1.47918007269988,-0.135095493818732,-1.0981154471254,0.133751059792131,0.0628789136387633
0.0608998608475999,-1.56909482994637,-1.47839558382181,-0.131032666018117,-1.09899312442019,0.130384324662865,0.0389977262238207
0.062498617558019,-1.56910805740132,-1.47720136581152,-0.124964802742873,-1.10032652325084,0.12539732456268,0.00391852749288899
0.0646235450918744,-1.56913266158061,-1.47557714906598,-0.116924057328381,-1.10213209097333,0.118862534465094,-0.0414537423547543
0.067268758561303,-1.56917477511692,-1.47349770454109,-0.106953902647308,-1.10442592034241,0.110870753496351,-0.0958971889239433
0.0704269140199598,-1.56924217512513,-1.47093555912917,-0.0951092279431864,-1.10721971204081,0.101525609895226,-0.157874272675608
0.0740893975621271,-1.569344227563,-1.46786570813045,-0.0814560454809236,-1.1105167395673,0.0909367391101574,-0.225548654260692
0.0782466668398147,-1.56949170570294,-1.46427286446663,-0.0660707164162838,-1.11430813844071,0.0792124001219293,-0.296822877386621
0.0828887244020677,-1.56969643446922,-1.46016138948069,-0.0490387613467709,-1.1185696236279,0.0664526756943948,-0.369398601871796
0.0880056499554578,-1.56997071107891,-1.4555672226063,-0.0304534961952152,-1.12325860264813,0.052744441001378,-0.440856473920275
0.0930524651149817,-1.57029607999282,-1.45074081011824,-0.0124161800265591,-1.12777829943569,0.0394334238584538,-0.497999777871404
0.0980205183659989,-1.57067231106512,-1.44573174102801,0.00499559391957353,-1.1320808003527,0.0264709396473524,-0.539620233544475
0.102901707618178,-1.57109808910569,-1.4405949833818,0.0217084198970346,-1.13612461470816,0.013834844815739,-0.564972541811886
0.107688000405232,-1.57157133917352,-1.43538503644442,0.0376517068670686,-1.13987150355169,0.00153649614254589,-0.573744770880776
0.112371170454102,-1.57208942485046,-1.43015155971497,0.0527571661595394,-1.14328521426499,-0.0103761037183005,-0.566031076442279
0.116942779953936,-1.57264916702449,-1.42493660600954,0.0669592258474565,-1.14633263477579,-0.0218181924443854,-0.542309984143949
0.121394397112309,-1.57324667662406,-1.41977314178191,0.0801963241252968,-1.14898741439581,-0.0326709608927013,-0.503429415940129
0.125717985635311,-1.5738770476388,-1.41468438101913,0.0924128060530458,-1.15123553419936,-0.0427874385507529,-0.450595358374543
0.129906382335436,-1.57453400334575,-1.40968358962602,0.103561127253003,-1.15308177479221,-0.052002188991635,-0.385360391221324
0.133953736455256,-1.57520962146482,-1.40477423973268,0.113603857211727,-1.15455549421403,-0.0601450894899478,-0.309604890061657
0.137855795680506,-1.57589426676756,-1.39995059706221,0.122515072648089,-1.1557139352429,-0.0670585877914582,-0.225504755608048
0.141609918056336,-1.57657682255097,-1.39519884611324,0.13028060035218,-1.15664149257917,-0.0726163393701931,-0.135478618020103
0.14521477954281,-1.57724523735959,-1.39049875951453,0.136896990450619,-1.15744426065599,-0.076739999671665,-0.0421128714748011
0.148669790039588,-1.57788730128556,-1.38582569376892,0.142369112897229,-1.15824044565097,-0.0794102957864693,0.0519333758743619
0.151974378089308,-1.57849149161738,-1.38115258239692,0.146707042092747,-1.15914856422887,-0.0806697187810154,0.144033444275404
0.155127280403813,-1.57904768463869,-1.37645153243776,0.149922622471499,-1.16027611301181,-0.0806158967919812,0.231695134367629
0.158126067012061,-1.57954759335507,-1.37169483339872,0.152026873670198,-1.16171117407198,-0.0793877310813343,0.312646775187798
0.16096692846563,-1.57998484444342,-1.36685528643642,0.153028253778501,-1.16351854142813,-0.0771473948022569,0.384896502693359
0.163644829318578,-1.58035475560358,-1.36190606582331,0.15293261277419,-1.16574036911672,-0.0740624521442327,0.446765844943581
0.166153845533359,-1.58065387587224,-1.35682026226823,0.151743927190005,-1.16840052803184,-0.0702905096572462,0.496896558914984
0.168487683802252,-1.580879450869,-1.35157043893412,0.149466134584355,-1.17151085097302,-0.0659682255625129,0.534244466678413
0.170640168940695,-1.58102888778112,-1.34612832509573,0.146104939825231,-1.17507781654137,-0.0612043408413376,0.558063070751523
0.172605668847785,-1.58109932493117,-1.3404648434977,0.141669537210562,-1.17910818372535,-0.0560761061014763,0.567888533645158
0.174379365401497,-1.58108734601444,-1.33455054571881,0.136173717839331,-1.1836127098467,-0.0506279186061095,0.563529537873733
0.175957351575891,-1.5809888730229,-1.32835652549357,0.129636231710657,-1.18860737998688,-0.044871319514116,0.545066343356276
0.177336548173788,-1.58079925253893,-1.32185583206103,0.122080337239142,-1.19411192646879,-0.0387859678853288,0.512860519699332
0.178514447175157,-1.58051353415465,-1.31502535393892,0.113532566135813,-1.20014573366553,-0.032321810775136,0.467574141456662
0.179488703427317,-1.58012691684414,-1.30784806362744,0.104020830221275,-1.20672159525824,-0.0254032023951995,0.41019434099974
0.180256627861395,-1.57963530942766,-1.3003154391492,0.0935721712274693,-1.21383823291728,-0.0179360069774936,0.342056832194717
0.180814673808996,-1.57903591317602,-1.2924298311698,0.0822106312976785,-1.22147296840276,-0.0098185329944154,0.264859906842553
0.181158037867893,-1.5783276990907,-1.28420657268431,0.0699558269907443,-1.22957629816262,-0.000956328729008944,0.180658926792864
0.181280500075038,-1.57751164314745,-1.27567575602808,0.0568227710785546,-1.23807007867405,0.00872054473341282,0.0918319000930342
0.181174591413854,-1.57659062644688,-1.26688376788374,0.0428232605735401,-1.246850363461,0.0192407520789186,0.00101076717174076
0.18083209731451,-1.57556900946523,-1.25789469254619,0.0279687449782098,-1.25579470452508,0.0305794524350595,-0.0890195484543469
0.180244807843039,-1.57445201865685,-1.24879137552958,0.0122741275457678,-1.26477236601943,0.0426542557176477,-0.175443578842764
0.179405348688834,-1.57324516942883,-1.23967528539294,-0.00423836630288067,-1.2736551338832,0.0553310472580688,-0.25554219503579
0.178307905815063,-1.57195393289566,-1.2306637789003,-0.0215361485639926,-1.2823265579274,0.0684384472066814,-0.326806162565062
0.176948696491216,-1.57058373141628,-1.22188359699843,-0.039574673283803,-1.29068837852689,0.0817871909837799,-0.387023782915645
0.175326118749215,-1.56914019145532,-1.21346067780551,-0.0582974600868825,-1.29866388881583,0.0951898110978394,-0.434338513262135
0.173440598465732,-1.56762948366143,-1.20550809910212,-0.0776374920918545,-1.30619858350514,0.108476886785278,-0.467280350845323
0.171294224863588,-1.56605858235459,-1.1981150663611,-0.0975194751937315,-1.31325865715404,0.121508065784106,-0.484779427200053
0.168890305227168,-1.56443535001567,-1.19133962887211,-0.117862358607756,-1.31982803472159,0.134177964038825,-0.486171094932676
0.166232975006891,-1.56276843371502,-1.18520646163652,-0.138581564550401,-1.32590481442634,0.146418142113714,-0.471199991446442
0.163326972089699,-1.56106700594931,-1.17970945552717,-0.159590507373475,-1.33149816600336,0.158196462171681,-0.440027498781201
0.160177635416128,-1.55934038909293,-1.17481777301238,-0.18080116161171,-1.33662664389655,0.169514529238083,-0.393243693396784
0.156791127497275,-1.55759759321697,-1.17048368588367,-0.202123657441637,-1.34131842775864,0.180403088169056,-0.331881407751617
0.153174817837399,-1.55584679609746,-1.16665070560601,-0.223465134699745,-1.34561324804483,0.190914664187815,-0.257426418631929
0.149337706930348,-1.55409481345264,-1.16326090982217,-0.244728347960113,-1.34956489220797,0.201112790884631,-0.171814224560896
0.145290732549424,-1.55234664116884,-1.16026073161216,-0.265810709863222,-1.35324253861027,0.211058062775755,-0.0774015403143275
0.141046802686444,-1.55060517845886,-1.15760475864652,-0.286604469755226,-1.35672911404743,0.220792798724011,0.023098447648349
0.136620461854015,-1.54887123403376,-1.15525735261444,-0.306998447554859,-1.36011568662494,0.230327612951289,0.126721948265031
0.132027216370133,-1.54714385980276,-1.1531922168943,-0.326881200005516,-1.36349246311354,0.239633651986651,0.23039542463961
0.127282677206564,-1.54542096110765,-1.15139039458017,-0.34614490080334,-1.36693858908466,0.248642995222186,0.331093267110055
0.122401758719259,-1.54370004238187,-1.14983745801283,-0.364688886821397,-1.37051372567279,0.25725711201932,0.425987245327342
0.117398150544262,-1.54197891102805,-1.14852069274284,-0.382421953148006,-1.37425381923586,0.265360592973974,0.512565157747147
0.112284172345765,-1.54025619605549,-1.14742690474003,-0.399262993131362,-1.37817188358359,0.272836141917067,0.588706513744678
0.107070986168127,-1.53853161865184,-1.14654112099851,-0.41514016391916,-1.38226294918792,0.279577273664652,0.65271556992749
0.101769044100833,-1.53680603441069,-1.14584612544855,-0.429989147754192,-1.38651132530384,0.285496811063095,0.703321043953305
0.0963886149732789,-1.53508132010898,-1.14532256144952,-0.443751172815701,-1.39089819367445,0.290531028291028,0.739655166323572
0.0909402523122863,-1.53336019374957,-1.14494927355528,-0.456371335634947,-1.39540801837601,0.294640466730441,0.761223649127479
0.0854351092416072,-1.53164604452966,-1.14470361684842,-0.467797556161123,-1.40003290630218,0.297808860592362,0.767874946636993
0.0798850523148426,-1.52994282332428,-1.14456157408821,-0.477980302719978,-1.40477460412122,0.300041417942978,0.759773777151504
0.074302564369933,-1.52825501476266,-1.14449764395759,-0.486873078541229,-1.40964417801575,0.301363176452622,0.737381007463804
0.0687004561006605,-1.52658768444307,-1.144484569529,-0.494433569557457,-1.41465963043115,0.301817545509324,0.701439906047081
0.0630914304547668,-1.52494657168242,-1.14449305162458,-0.500625280078333,-1.41984185325544,0.301464626866436,0.652967116969745
0.0574875667242893,-1.52333818079516,-1.14449162785715,-0.505419419802011,-1.42520947575301,0.300378602583218,0.593245397580721
0.0518998115992219,-1.5217698149294,-1.14444688776608,-0.508796734808245,-1.43077336625938,0.298643461786234,0.523813986690236
0.0463375770809212,-1.52024949940719,-1.14432413191342,-0.510748929997897,-1.43653174666507,0.29634665369944,0.446451748056968
0.0408085407738938,-1.51878576041811,-1.14408847133527,-0.511279324944588,-1.442466972896,0.293570858200376,0.363148221169214
0.0353187140184454,-1.5173872595703,-1.14370622346769,-0.51040247912946,-1.44854488862579,0.290384830857244,0.276059122180848
0.0298727866945608,-1.51606232892887,-1.14314633179184,-0.50814271673242,-1.45471719274162,0.286834940080077,0.187445801083796
0.0244746867142776,-1.51481849021389,-1.14238146980138,-0.504531750053335,-1.46092653244396,0.282939263878767,0.0996022448581687
0.0191282317942051,-1.51366205858879,-1.14138852292921,-0.499605856833132,-1.46711327414202,0.278685743543158,0.0147770418533019
0.0138377266484729,-1.51259791562096,-1.14014827276458,-0.493403203667487,-1.47322242758054,0.274034958643107,-0.0649003998152808
0.00860838153824672,-1.51162949212699,-1.13864428806495,-0.485961857480083,-1.47920922282856,0.268926943404173,-0.137481131587753
0.00344648723483168,-1.51075894765103,-1.13686118674503,-0.477318809472679,-1.48504234686271,0.263290580199242,-0.20124072918885
-0.00164064915898959,-1.50998749011929,-1.13478251890436,-0.467510044660611,-1.49070459994563,0.257053801075927,-0.254705920124853
-0.00664494838704559,-1.50931575948539,-1.13238852008022,-0.456571430233112,-1.49619143145988,0.250153108719079,-0.296667286321358
-0.0115578965056337,-1.50874420238261,-1.12965392231707,-0.444540041618383,-1.50150825977282,0.242541547677279,-0.326183600961576
-0.0163708862807444,-1.50827338218339,-1.12654592862942,-0.431455505125104,-1.50666762714858,0.234194889336328,-0.342583661796563
-0.0210754859110358,-1.507904189819,-1.12302238872834,-0.417360984693133,-1.51168715656247,0.225116201173144,-0.34547056466539
-0.025663576945423,-1.50763793868207,-1.11903017722,-0.40230353844608,-1.51658905719794,0.215339054069939,-0.334731766400693
-0.0301273227760283,-1.50747634041982,-1.11450377004355,-0.386333695290151,-1.52140163220897,0.20492941040438,-0.310556380076198
-0.0344589501574139,-1.50742137040155,-1.10936402795837,-0.369504244854911,-1.52616288940476,0.193985844269326,-0.273459007310254
-0.0386503526103107,-1.50747504694925,-1.1035172085778,-0.351868397708971,-1.53092592824299,0.182637349562495,-0.224306976837373
-0.0426925594630603,-1.50763917063074,-1.09685422387729,-0.333477653136549,-1.53576527678387,0.17103781654444,-0.164345130403333
-0.0465751553091261,-1.50791509779405,-1.08925013530551,-0.31437988154464,-1.54078285018785,0.159356538961639,-0.0952096221891605
-0.0502857691964916,-1.50830364751192,-1.08056385863801,-0.294618224356584,-1.54611186643473,0.147764997289425,-0.018920456661216
-0.0538097595568082,-1.50880524705232,-1.07063810240054,-0.274231354388956,-1.55191711722543,0.136421545477058,0.062156882984315
-0.0571301782187939,-1.50942039153123,-1.05929978393655,-0.253255361234893,-1.55839060993679,0.125457026261776,0.145386136363122
-0.0602280035863753,-1.51015042272629,-1.04636164229343,-0.231727058213444,-1.5657426600598,0.114964992809315,0.227968963792044
-0.0630825219114466,-1.51099853469573,-1.03162649289904,-0.209687998845009,-1.57418955880023,0.104999494050407,0.307076378318548
-0.0656716669735134,-1.51197081918981,-1.01489637422814,-0.187188163849343,-1.58393935598224,0.095581312620193,0.379985428710154
-0.0679721565520214,-1.51307709698195,-0.995989331642077,-0.164288299148201,-1.59517678572448,0.0867109441007358,0.444203186748041
-0.0699593992243209,-1.51433124830732,-0.974766144909403,-0.141060250494157,-1.6080473147574,0.0783846027539511,0.497565343016673
-0.0716073437332509,-1.51575075418945,-0.951167150672683,-0.117585200554126,-1.62263972376819,0.0706088607080678,0.538304614585101
-0.0728886229424295,-1.51735521299179,-0.925254862205225,-0.0939502803558244,-1.63896759715712,0.0634102021108403,0.565090940912225
-0.0737754045239987,-1.51916376707028,-0.89725189523611,-0.070244464217929,-1.65695283601761,0.0568374045998605,0.577048974562641
-0.074241208384496,-1.52119171993577,-0.867558600276174,-0.0465548785938253,-1.67641749033681,0.0509568182122822,0.573758894094353
-0.0742635656735803,-1.52344707937842,-0.836735663023018,-0.0229645712642238,-1.69709102536795,0.0458428395636899,0.555245719328236
-0.073826916874318,-1.52592806766102,-0.805447209764668,0.000447662534638306,-1.71863617178886,0.0415674124783012,0.5219615622933
-0.0729248734873771,-1.52862248588103,-0.774376494011763,0.0236055179952659,-1.74068864927302,0.0381922721921545,0.474764744052322
-0.0715611390954783,-1.53150916473713,-0.744138978568858,0.0464322811919659,-1.76289920231979,0.0357656011822164,0.414898317223393
-0.0697489262846718,-1.53456094329682,-0.715217627569306,0.068847898316189,-1.78496562208568,0.0343218766577958,0.343967334650452
-0.0675092534852447,-1.53774816768637,-0.687933267284661,0.0907669731911969,-1.80664812988566,0.0338818453453714,0.263909939760214
-0.0648687420017729,-1.54104176740099,-0.662448105344193,0.112098242235117,-1.82776925596411,0.0344499095456564,0.176954354455376
-0.0618574335100197,-1.54441535778921,-0.638791358007436,0.132745640449606,-1.84820439289439,0.0360083423824175,0.0855544191940105
-0.0585069074724343,-1.54784624221226,-0.61689436947406,0.152610715694851,-1.86786991336141,0.0385102242234993,-0.00769876351580305
-0.0548487855752827,-1.5513154809393,-0.596625671090366,0.171595875499389,-1.88671343446836,0.0418743767625818,-0.100183842044696
-0.0509136268890153,-1.55480733418721,-0.577820563892308,0.189607782123749,-1.90470770154619,0.0459852011796062,-0.189362473319923
-0.0467302028502965,-1.55830841127321,-0.560303114673983,0.206560212710145,-1.9218472694202,0.0506985269152612,-0.272883218931494
-0.0423251355906972,-1.56180680555495,-0.543900560402335,0.222375901056708,-1.93814626906272,0.0558523862885363,-0.348662805506339
-0.0377228593909515,-1.56529139854273,-0.528451267136566,0.236987205383862,-1.95363582957797,0.0612801458471621,-0.414937961579598
-0.0329458313838937,-1.56875140958822,-0.513807880673698,0.250335767256897,-1.96836055555104,0.066823175277619,-0.470288457980724
-0.0280148936489384,-1.57217617964734,-0.49983734645369,0.262371527154649,-1.98237425020497,0.0723410084572457,-0.513637410669027
-0.0229496854602831,-1.57555512526718,-0.486419236228162,0.273051507639376,-1.99573551768144,0.0777181273720517,-0.544237173911588
-0.0177690199860391,-1.5788777824188,-0.473443453552953,0.28233870648519,-2.00850395279387,0.0828675025102672,-0.561648767544195
-0.0124911652588644,-1.58213386846885,-0.460808019721758,0.290201321475771,-2.02073746555401,0.0877315699907137,-0.56572093091191
-0.00713399674766258,-1.58531331185762,-0.448417333627741,0.296612411109284,-2.03249103925995,0.0922814155330306,-0.556572670133823
-0.00171501360424812,-1.58840622328817,-0.436181070385997,0.301550002198901,-2.04381697711603,0.0965147173483014,-0.534581116448793
0.00374876805923341,-1.59140280471458,-0.424013720300401,0.30499759130091,-2.05476648494977,0.100452656839467,-0.500374821126767
0.00924101295786979,-1.59429321129129,-0.411834646254908,0.306944938119115,-2.06539226000425,0.104135693660755,-0.454831163463593
0.0147463068559015,-1.59706739655676,-0.399568433925709,0.30738901060703,-2.07575159728379,0.10761793905488,-0.399075272914165
0.020250376845112,-1.59971498097689,-0.387145218411654,0.306334904278131,-2.08590939210591,0.110959932234651,-0.334476704637672
0.0257402221372223,-1.6022251867373,-0.374500611757881,0.303796534725724,-2.09594034681361,0.11421994028747,-0.262639314650212
0.0312040905175848,-1.60458687365545,-0.361574853781232,0.299796907763356,-2.10592974483535,0.117444437137351,-0.185379687131503
0.0366312576314021,-1.60678869152449,-0.34831090911566,0.29436782322533,-2.11597238652039,0.120658982835949,-0.104690636863555
0.0420116051393456,-1.60881933506589,-0.334651442162681,0.287548980209275,-2.12616970352191,0.123861093153933,-0.0226888353109801
0.0473350424811587,-1.61066785811367,-0.320534892745313,0.279386600595145,-2.13662557318903,0.127016600476581,0.0584508005356062
0.0525908585235175,-1.61232398462841,-0.305891158238378,0.269931828688869,-2.14744177986228,0.130060385057052,0.13656788487861
0.0577671068574954,-1.61377835506303,-0.290637561456989,0.259239238093083,-2.15871421769909,0.132901359539578,0.209588513379126
0.0628501129573592,-1.61502266771791,-0.274675784877965,0.24736574183583,-2.17053071185036,0.135430598890857,0.275588863372892
0.0678241487925517,-1.61604970761581,-0.257890303953937,0.234370068358204,-2.18297082068008,0.137530906387986,0.332845531969128
0.0726712683526802,-1.61685328748486,-0.240148652466414,0.220312785322177,-2.19610736125264,0.139086075051412,0.379871270740868
0.0773712551232031,-1.61742814688775,-0.221303717084517,0.205256688404392,-2.21000887326173,0.139988552513738,0.415437900323879
0.0819016122999551,-1.6177698642243,-0.201198264784903,0.189267271838763,-2.22474191488412,0.140144886426644,0.438590003637182
0.0862375314088977,-1.61787483486694,-0.179672069339099,0.172412972418422,-2.2403719726075,0.139478949213105,0.448653347352812
0.0903518028439218,-1.61774036217745,-0.156572272490129,0.154764921004834,-2.2569618096026,0.13793335533861,0.445241277149879
0.0942146798329509,-1.61736489871103,-0.131767877469019,0.136396024918736,-2.27456623065976,0.135469660807281,0.428261125273711
0.0977937745376115,-1.61674846102747,-0.105169319525699,0.117379328306571,-2.2932225348115,0.132067938599892,0.397921506161497
0.101054147179946,-1.61589321612659,-0.0767535417643872,0.0977857465441398,-2.3129364923825,0.127726248618319,0.35474063274009
0.103958829161864,-1.61480419231438,-0.0465934455466001,0.0776814448955132,-2.33366473388545,0.12246041891938,0.299555731309756
0.106470054142358,-1.61348999616763,-0.0148876076966982,0.0571253185413393,-2.3552961402899,0.116304362999967,0.233534030650561
0.108551386002264,-1.61196333095441,0.0180178764433878,0.0361672009767887,-2.37763699526361,0.109310705736933,0.158185662544497
0.110170670839964,-1.61024104936284,0.0516267277226034,0.0148475070709905,-2.40040638615061,0.101550686779107,0.0753762535693852
0.111303340823711,-1.60834350076184,0.0853191633701763,-0.00680110735196531,-2.42324796327914,0.0931115126769749,-0.0126692583835773
0.111935255623294,-1.60629310110833,0.11841008667478,-0.0287499183883809,-2.44576029053489,0.0840894656487611,-0.103387796800997
0.112064242150824,-1.60411233228044,0.150228156402528,-0.0509686902826993,-2.46754128578227,0.0745789071385494,-0.19394288003359
0.111699875983026,-1.60182163604814,0.180194884703669,-0.0734198683820355,-2.48823597692021,0.0646601587818828,-0.281341779043918
0.110861632893866,-1.59943775326725,0.207882363232656,-0.0960539571468443,-2.50757486188669,0.0543909294294741,-0.362594113268282
0.109575996839872,-1.59697291361649,0.233037571224471,-0.118807281563719,-2.52539376914162,0.0438048174072234,-0.434882772422435
0.107873260462269,-1.59443498283612,0.255574011870419,-0.141602499852969,-2.54163296396069,0.0329171728316895,-0.495713520739657
0.105784635754145,-1.59182837387717,0.275540657994247,-0.1643513732516,-2.55631964382724,0.0217356552953573,-0.543020237386377
0.103340047698191,-1.58915535143689,0.293081079975199,-0.186958792946901,-2.56954140766945,0.0102719009770844,-0.575220144103106
0.100566737414832,-1.58641734359038,0.308393504117689,-0.209327013754965,-2.58141841167013,-0.00144830922086559,-0.591227776765036
0.0974886238414946,-1.58361597384652,0.32169828436533,-0.231359300598651,-2.59207990926306,-0.0133773742559923,-0.590443188345078
0.0941262817130289,-1.58075366431405,0.333215204766668,-0.252962543401716,-2.60164823155799,-0.0254405609630006,-0.572729632874139
0.0904973708402103,-1.57783377808428,0.343150257765386,-0.274048696955355,-2.6102310198363,-0.0375327044908254,-0.538391815523466
0.0866173650914646,-1.57486034769657,0.351690141525612,-0.294535116263882,-2.61792099673116,-0.0495170642658451,-0.488160414349156
0.0825004483619949,-1.57183748611413,0.359002273495385,-0.314344007426307,-2.62480160686985,-0.0612272361756857,-0.423183330268456
0.0781604521023593,-1.56876861511081,0.365238153848906,-0.333401333676187,-2.63095619421996,-0.072473536899129,-0.345019454750202
0.0736117020113893,-1.56565568226049,0.370538109445449,-0.351635609903917,-2.63647786553553,-0.0830550893600151,-0.25562681720411
0.0688696332468213,-1.56249856352926,0.375035694668315,-0.368977052040372,-2.64147692721149,-0.0927776557741586,-0.157334456927212
0.0639510476581766,-1.5592948400198,0.378860374753815,-0.38535746536241,-2.64608310434856,-0.10147519039641,-0.0527876347058383
0.0588739451883991,-1.55604006993385,0.382137683557623,-0.400711028013968,-2.65044097373671,-0.109030843523992,0.0551395274904453
0.0536569673238966,-1.55272854873564,0.384986858047769,-0.414975803187058,-2.65469911514094,-0.115391984196988,0.163461181783211
0.0483186109738881,-1.5493543999395,0.387516828011528,-0.428095528907618,-2.65899574294929,-0.120574789734994,0.269213623938835
0.042876449230964,-1.54591273233765,0.389822035497044,-0.440021136620842,-2.66344496560744,-0.124657036366494,0.369585850811782
0.0373465854204664,-1.54240058999089,0.391979578601451,-0.450711589675985,-2.66812756878446,-0.127761477399264,0.46202692157313
0.0317434719573243,-1.53881750983946,0.394048619016756,-0.460133922295112,-2.6730884847705,-0.130034746629266,0.544317528590218
0.026080095712376,-1.53516563837085,0.396072162996522,-0.468262637704214,-2.67834083476376,-0.131626996913269,0.6146037521293
0.020368428718826,-1.53144947874539,0.398080635013667,-0.475078765864132,-2.68387468997915,-0.132675861020837,0.671399825611089
0.0146199982714396,-1.52767540633126,0.400096328808432,-0.480568880029278,-2.68966800133396,-0.133296046925784,0.713571184533909
0.00884643870744132,-1.52385110165168,0.402137840074981,-0.48472428008895,-2.69569735089561,-0.133573987397218,0.740309324101615
0.00305992402218803,-1.51998502479273,0.404223808938316,-0.487540438319367,-2.70194684471479,-0.133565930970091,0.751107732078603
-0.00272657984875264,-1.51608601765684,0.406375558576809,-0.489016722545381,-2.70841416072811,-0.133297703838065,0.745745227213194
-0.00849927439136613,-1.51216308380671,0.40861842040957,-0.489156369370244,-2.7151132758386,-0.132764793541507,0.724280347695701
-0.0142437123495906,-1.50822536480984,0.4109816678259,-0.487966669523341,-2.72207370095661,-0.131932152718785,0.68705821191026
-0.0199452052839938,-1.50428230504283,0.413497073010299,-0.485459332127901,-2.72933625325659,-0.130734001144971,0.634729269457587
-0.0255894347447088,-1.50034396829011,0.416196223662415,-0.481650995791974,-2.73694566110732,-0.129074735383935,0.568277127162415
-0.0311632141170601,-1.49642143670205,0.419106924663253,-0.476563842260607,-2.74494074346995,-0.126832681469099,0.489049907414947
-0.0366552987197437,-1.4925271864299,0.422249287710519,-0.470226229315319,-2.75334359529047,-0.123868545236396,0.398786320078089
-0.0420570868056645,-1.48867530582384,0.425632407231676,-0.462673201999687,-2.76214998617055,-0.12003972868097,0.299624601049387
-0.0473630201994976,-1.48488142100862,0.429252683622675,-0.453946691377649,-2.77132366771484,-0.115220001673909,0.194081368813898
-0.0525705158457402,-1.48116224153901,0.433094692549654,-0.444095209063352,-2.78079697025839,-0.109321618014497,0.0849904010911903
-0.0576793616324091,-1.47753474129834,0.43713490508418,-0.433172948741186,-2.79047861881645,-0.102314803456526,-0.0246004418583366
-0.0626906719754917,-1.47401511981034,0.441347668088201,-0.421238401113308,-2.80026738517519,-0.0942389848643026,-0.131564249753686
-0.0676056538750148,-1.47061778747222,0.445712038280778,-0.408352809941146,-2.81006800219425,-0.0852020355610289,-0.232841910245461
-0.0724245010324845,-1.46735462856833,0.450217752213695,-0.394578906949482,-2.81980487686633,-0.0753675906135236,-0.325577262105157
-0.0771456763381221,-1.46423470629829,0.45486897070915,-0.379980284210603,-2.82943006049805,-0.0649342327800716,-0.407222372450387
-0.0817656961868882,-1.46126443053096,0.459685245891244,-0.364621519587381,-2.83892411811201,-0.0541121718867901,-0.475605593942339
-0.0862793699139166,-1.45844808056746,0.464700011971486,-0.348568893408506,-2.84829084008118,-0.0431023909678512,-0.52896581124749
-0.0906803369534068,-1.45578850767744,0.469957479243865,-0.331891351368089,-2.85754824243901,-0.0320810115268894,-0.565962917340962
-0.0949617025200326,-1.45328783897339,0.475509027055651,-0.314661331012264,-2.86671875814907,-0.0211892489487015,-0.585676239625649
-0.0991165845133341,-1.45094803866343,0.481410133152296,-0.296955153376068,-2.87582120449538,-0.0105277842488933,-0.58760090482271
-0.103138422591858,-1.44877122668486,0.487718668406986,-0.278852819267827,-2.88486643186001,-0.00015396765645115,-0.571648767221983
-0.10702094711881,-1.44675969181751,0.494495090262726,-0.26043719173141,-2.89385778131657,0.00991920584239864,-0.538156787438547
-0.110757756814048,-1.44491556919816,0.501804657632464,-0.241792663584996,-2.90279663864898,0.0197223579471618,-0.487901918736651
-0.114341518112623,-1.44324019343108,0.509721188003767,-0.22300349981075,-2.91169236001808,0.0293261312651615,-0.422117659073584
-0.117762887054655,-1.44173320208508,0.518331055729752,-0.204152109241218,-2.92057457350067,0.0388329943366992,-0.342503588554239
-0.121009365330086,-1.44039155094057,0.527735242776679,-0.185317529357503,-2.92950448404374,0.0483630067959983,-0.251216246715234
-0.124064409233327,-1.43920868836308,0.538046731936458,-0.166574380248304,-2.93858086958508,0.0580336329248528,-0.150829239006108
-0.126907157525101,-1.43817417440282,0.549381004733237,-0.14799244132106,-2.94793678772021,0.0679361659023128,-0.0442543688454454
-0.129513068264912,-1.43727397192549,0.561839309531703,-0.1296368415136,-2.95772524121772,0.0781136905938391,0.0653755537173276
-0.131855532368692,-1.43649147241287,0.575487393797265,-0.111568690342286,-2.96809586616122,0.0885463088348584,0.174850224144834
-0.133908223154207,-1.43580910035159,0.590335257466622,-0.0938458918490124,-2.97916855628962,0.0991477117470379,0.281030969818921
-0.135647676920891,-1.43521016037181,0.60632446241739,-0.0765239144091807,-2.99101174683649,0.109773692692022,0.380983462628658
-0.137055504151002,-1.4346805266125,0.623327653444113,-0.0596564010230546,-3.00363168509805,0.1202396139811,0.472078524258072
-0.138119748639184,-1.43420983783703,0.641160843965169,-0.0432956123266584,-3.01697506483886,0.130341837442578,0.552055762806867
-0.138835181823131,-1.43379201590109,0.65960468514849,-0.0274927412031548,-3.03094292132008,0.139878215107858,0.619053415053234
-0.139202625080144,-1.43342510717764,0.678428455362281,-0.0122981255140691,-3.04541069874735,0.148664315079324,0.67161224316734
-0.139227619312809,-1.43311060085099,0.697410787034353,0.00223863898756112,-3.0602488145862,0.156544127295997,0.708662242268958
-0.138918849150324,-1.43285246652546,0.716353551036779,0.0160686857545053,-3.07533942930689,0.163395751515581,0.729500131214444
-0.138286685875431,-1.43265616573202,0.735088339019773,0.0291439452240059,-3.09058733386477,0.169133597454433,0.733764365763915
-0.137342093834182,-1.43252784393902,0.753477288952338,0.041417258678297,-3.10592481122115,0.173708851658549,0.721413075751383
-0.136096012644892,-1.43247383239174,0.771411031012145,0.0528425162706122,-3.12131147797728,0.17710954382334,0.692708844995736
-0.134559220832935,-1.43250051049263,0.788806436428751,0.0633748382253022,-3.13673048493876,0.179360733390735,0.648212516758387
-0.132742615496043,-1.43261451209745,0.805606068112281,0.0729708738578677,-3.15218235866078,0.180524410458704,0.588786287061821
-0.130657795812937,-1.43282320266868,0.82178014217015,0.0815893358334489,-3.16767753786892,0.180697905685535,0.515604170125382
-0.128317800353594,-1.43313530341336,0.837330639666074,0.089191886906542,-3.18322852316349,0.180009158284872,0.430165360933582
-0.125737814368654,-1.43356149226426,0.852296111715635,0.0957444357875274,-3.19884258557705,0.178607331413743,0.334303225467464
-0.122935641442693,-1.43411478269335,0.866754910100949,0.10121876557416,-3.21451609724574,0.176648161875229,0.230180138208689
-0.119931750491335,-1.43481049205596,0.880824380689809,0.105594250157353,-3.230231568894,0.174275086833376,0.120257730634483
-0.116748787403796,-1.43566568708955,0.894654298370814,0.108859268421405,-3.24595818699234,0.171599192510068,0.00723498913303508
-0.113410584753147,-1.43669813665142,0.908414523071436,0.111011897252347,-3.26165592722901,0.168682527905897,-0.106046047641604
-0.109940871819382,-1.43792497056506,0.92227897680402,0.112059611885914,-3.2772823267464,0.165529327728753,-0.216717281782444
-0.106362003933104,-1.43936136366139,0.936409587149226,0.112018014614692,-3.29280013724731,0.162087762151066,-0.322006366128145
-0.102694028894484,-1.44101956947682,0.950943969451138,0.110908927948477,-3.30818380228936,0.158261663544053,-0.419343646310424
-0.0989542861440677,-1.44290851442371,0.965989238755483,0.108758362750316,-3.32342316853396,0.153928785633406,-0.506440150750043
-0.0951575558840642,-1.44503398950598,0.981622245275303,0.105594842823888,-3.33852379360346,0.148960883284131,-0.581332336199429
-0.0913166253436108,-1.44739932498914,0.997894713079158,0.101448370375259,-3.35350418432426,0.143241546748766,-0.642398291367414
-0.0874430669158612,-1.45000635099164,1.01484084000509,0.0963500741010583,-3.36839092342098,0.136679564328969,-0.688355244378835
-0.0835480247149417,-1.45285643684585,1.03248488492751,0.0903323800603816,-3.38321282732723,0.129217554060992,-0.718249147495868
-0.0796428507450139,-1.45595143191813,1.050846760347,0.0834294430298503,-3.39799514996548,0.120836959868075,-0.731445500932906
-0.0757394845979663,-1.45929437053118,1.06994429296506,0.0756775545431297,-3.41275459987895,0.111560981636731,-0.727627857659842
-0.0718505136786514,-1.46288983115383,1.08979141282879,0.0671152906724827,-3.42749572297663,0.101456703622808,-0.70680771042276
-0.0679888829900124,-1.46674385505627,1.11039209896553,0.057783245542213,-3.44220907979324,0.0906368237935403,-0.669346740592233
-0.0641672564805857,-1.4708633462053,1.13173058923203,0.0477233038910735,-3.4568715871182,0.079260236810935,-0.615989475002427
-0.0603970819951239,-1.47525491860834,1.15375929817917,0.0369775290740136,-3.4714493006527,0.0675296038372799,-0.547900893303443
-0.0566874885141591,-1.47992325550156,1.17638705184756,0.0255868741645392,-3.48590265407265,0.0556833941077411,-0.466699497301569
-0.053044237131129,-1.48486920268268,1.19947128641782,0.0135900426847334,-3.50019363850776,0.0439802548082608,-0.374472625316784
-0.0494690167737394,-1.4900879982327,1.22281806806535,0.00102288773789719,-3.51429364331223,0.0326753841777266,-0.273759140310741
-0.0459593628446244,-1.49556814906223,1.24619243474948,-0.0120813046464413,-3.5281899684064,0.0219916974426916,-0.167487490157086
-0.0425093393679421,-1.50129139145146,1.26933851397834,-0.0256904886557877,-3.54188884967539,0.0120918378755684,-0.0588657609917881
-0.0391108858865847,-1.5072338729103,1.2920051874719,-0.039771627561283,-3.55541363011923,0.00305860514364496,0.0487669099797823
-0.0357554921540415,-1.51336826747305,1.31397071982208,-0.0542880109142528,-3.56879838471794,-0.00511030175735906,0.152106533949292
-0.0324357534984788,-1.51966620042534,1.3350602950212,-0.0691967590769059,-3.58207914167075,-0.0124918330885327,0.248042193551662
-0.029146436380191,-1.52610029840627,1.35515358446336,-0.0844471252142129,-3.59528584245717,-0.0192150989553088,0.333784044916238
-0.0258848937979944,-1.53264541220208,1.37418334586191,-0.0999799739678078,-3.60843778409951,-0.0254335575967495,0.406950283321502
-0.022650895429775,-1.53927892766673,1.39212849392902,-0.115728491322075,-3.6215437479184,-0.0312985457579438,0.465613385352684
-0.0194460806172896,-1.54598038896947,1.4090053065115,-0.131619889663856,-3.63460618391814,-0.0369384820735315,0.50831400960141
-0.0162732761380909,-1.55273079857306,1.42485914053147,-0.14757769613524,-3.64762751188983,-0.0424451388122036,0.534054335296396
-0.0131358757172997,-1.55951193812644,1.43975745524815,-0.163524165156632,-3.66061617802844,-0.047866183097076,0.54228221250746
-0.0100374029231357,-1.5663059462162,1.45378389136806,-0.179382404520495,-3.67359043994628,-0.0532022517234138,0.532874931958837
-0.00698130911776979,-1.57309526385539,1.4670328002721,-0.195077905792682,-3.68657859640399,-0.0584069991859813,0.506128023676233
-0.00397100691166268,-1.57986295368148,1.47960374465125,-0.210539295763174,-3.69961524177355,-0.0633894060419534,0.462750982210052
-0.00101010411479566,-1.58659331870343,1.49159583188298,-0.225698268691478,-3.71273398896733,-0.0680186669084583,0.403868373109001
0.00189722544000942,-1.59327268173139,1.50310212182328,-0.240488820960283,-3.72595795796351,-0.0721327440874676,0.331021407003261
0.00474582484032121,-1.59989013230913,1.51420468488672,-0.254846080537595,-3.73929013272885,-0.075551774132052,0.24616190300466
0.00752920285192045,-1.60643801464508,1.52497110503255,-0.268705164680619,-3.75270625794022,-0.0780966610695515,0.151628324498707
0.0102393630382994,-1.61291194376491,1.53545322911223,-0.282000544595095,-3.76615292224057,-0.0796113834293699,0.0500936862522417
0.0128668958922304,-1.61931022406943,1.54568866162455,-0.294666280486237,-3.77955250469465,-0.079985315167827,-0.0555208640829777
0.0154013474557595,-1.62563270534079,1.5557048827771,-0.306637211738934,-3.79281472743922,-0.0791703231369728,-0.162164713688857
0.0178317913568582,-1.63187929862038,1.56552510177692,-0.317850837959831,-3.80585225564955,-0.077187764357423,-0.266796365181507
0.0201474656376366,-1.63804850446942,1.57517438186731,-0.328249371590787,-3.81859618389446,-0.0741231529362576,-0.366521892113143
0.0223383234098721,-1.64413630774613,1.58468450423816,-0.337781408658276,-3.83100724089408,-0.0701101499840442,-0.458712280764257
0.024395390659065,-1.65013566247823,1.59409653663238,-0.346402853128647,-3.84308016579293,-0.0653086855824732,-0.541085132459041
0.0263108978416976,-1.65603659603516,1.60346088782573,-0.354077017930253,-3.85484107510239,-0.059882953588705,-0.611746628029621
0.0280782192873288,-1.6618267957764,1.61283537054034,-0.360774070658146,-3.86633960670645,-0.0539836884791373,-0.669199168961756
0.029691693294353,-1.6674924590287,1.62228219220321,-0.366470111492737,-3.87763852979484,-0.0477366812359939,-0.712325490211978
0.0311464047690979,-1.67301918978438,1.63186480811214,-0.371146175244824,-3.88880338123877,-0.0412372394285736,-0.740361003001826
0.0324380011682386,-1.67839277872919,1.64164534180721,-0.374787389918186,-3.89989398115886,-0.0345489818370118,-0.752864218559187
0.0335625922016795,-1.68359976852059,1.65168297877751,-0.377382447672494,-3.91095886724056,-0.0277050467694283,-0.74969208735127
0.0345167623709856,-1.68862776086595,1.66203348772602,-0.378923483225474,-3.92203304486102,-0.0207101882440145,-0.730984212563587
0.035297704690347,-1.69346545897887,1.67274986277216,-0.379406410350228,-3.93313903833681,-0.0135429737620453,-0.697157505766939
0.0359034627736865,-1.69810246279472,1.68388397371114,-0.378831722437066,-3.94429096218279,-0.00615811308498777,-0.648910854042149
0.0363332461158975,-1.70252885592799,1.69548904360393,-0.377205713957952,-3.95550108916011,0.00151036512362165,-0.587237491247824
0.036587758282273,-1.70673464881938,1.70762267899165,-0.374541996575062,-3.96678806180061,0.00954395630978097,-0.513440661369119
0.0366694544068124,-1.71070917634145,1.72035006278378,-0.370863075134524,-3.9781854574411,0.0180314644026706,-0.429145863450571
0.036582631363954,-1.71444058144577,1.73374681215954,-0.36620163647143,-3.98974898480549,0.0270572828859362,-0.336300879379369
0.0363332635377467,-1.71791553163867,1.74790097328664,-0.360601133774198,-4.00156040891858,0.0366869734981458,-0.237153983832268
0.0359285421306602,-1.72111929038088,1.76291374311204,-0.354115303389302,-4.01372667880579,0.0469524629284546,-0.134202767657376
0.0353761542101923,-1.72403618632613,1.77889880554032,-0.346806472495534,-4.0263738336152,0.0578402921957988,-0.0301117061350346
0.0346834274783754,-1.72665040549013,1.79598056502819,-0.338742882430367,-4.03963686644757,0.0692862776394057,0.0723949259917455
0.0338565270383103,-1.72894692097104,1.81429188589562,-0.329995623238542,-4.05364817884191,0.0811783649439485,0.170650259591455
0.0328998852703344,-1.73091232655198,1.83397203395274,-0.320635958873792,-4.06852780556116,0.093366957327705,0.262154261666511
0.0318159723674595,-1.73253538076671,1.85516532091002,-0.31073370718703,-4.08437790013333,0.105679795006916,0.344660607316937
0.0306054087756723,-1.73380717508956,1.87802057680972,-0.300356978991628,-4.1012824090544,0.117937585384702,0.416234058825467
0.029267330639312,-1.73472095930989,1.90269120400828,-0.289573151939988,-4.11931121005848,0.12996720740529,0.475279939334755
0.0277998771847599,-1.73527174207066,1.92933533155884,-0.278450635907201,-4.13852690435244,0.141610821274967,0.520553027022196
0.0262006760986225,-1.73545581820753,1.95811552328479,-0.267060855882993,-4.15899213928716,0.152730773594203,0.551155087364873
0.0244672391379953,-1.73527036405661,1.98919756282659,-0.255479907193663,-4.18077561733232,0.16321124056392,0.56652911948929
0.0225972239969865,-1.73471320865792,2.02274798176169,-0.24378945869871,-4.20395549957839,0.172957945077452,0.566455846659163
0.0205885546523845,-1.73378284571459,2.05893018139459,-0.232076626814005,-4.22861950028172,0.181897124647414,0.55105511546515
0.0184394172261116,-1.73247870638991,2.09789920659357,-0.220432692269179,-4.25486149310869,0.189974424178172,0.52079230317361
0.0161481634243678,-1.73080166561322,2.13979545680959,-0.208950684916853,-4.2827749252717,0.197153748444059,0.476487615252532
0.0137131634628641,-1.72875470520646,2.18473783815841,-0.197722037260252,-4.3124438111952,0.203415530249893,0.419324263180217
0.0111326580528904,-1.72634360972452,2.23281701874831,-0.186832708281522,-4.34393256715772,0.208753539735158,0.350849871547519
0.00840466522371289,-1.72357753798274,2.28408947105044,-0.176359377271197,-4.3772763749185,0.21316945436259,0.272964232429956
0.00552700060917066,-1.72046931368476,2.33857281201533,-0.166366432586587,-4.41247394585011,0.216665035109577,0.187886226896704
0.00249746565536255,-1.71703532844633,2.39624261135203,-0.156904437284776,-4.44948427845988,0.219232838513337,0.0980942503719309
-0.000685756533741832,-1.71329504971293,2.45703048862692,-0.148010472370373,-4.48822814844932,0.220847574117049,0.00623868451352908
-0.00402348531346768,-1.70927024510131,2.5208232035333,-0.139710264348234,-4.52859380784864,0.221460868641331,-0.0849682653553196
-0.00751473294545755,-1.70498411945467,2.58746270972892,-0.132021458775644,-4.57044518175586,0.221001737139213,-0.172872671247638
-0.0111557728878826,-1.70046056189058,2.65674765017551,-0.124957051605903,-4.61363031007133,0.219383418043513,-0.25499171240421
-0.0149391997000037,-1.6957236117596,2.72843710453066,-0.118528017890504,-4.65798814943775,0.216515093754504,-0.329103236221139
-0.0188531212664025,-1.6907971256818,2.8022571763096,-0.11274456577991,-4.70335285976592,0.212315485507969,-0.393302918797789
-0.022880623863763,-1.68570453581838,2.87791023678258,-0.10761598263943,-4.74955575925605,0.206725120544034,-0.446029173688773
-0.0269996180902515,-1.68046857518892,2.955085742212,-0.103149477134797,-4.79642577055712,0.199715127068145,-0.486063515253604
-0.0311831150492467,-1.67511089748248,3.03347100867104,-0.0993486185218487,-4.84378931010028,0.191291983261683,-0.512517498434015
-0.0353999134773475,-1.66965159108082,3.11276038856315,-0.0962119474323261,-4.89147039695638,0.181498939661488,-0.524816754129533
-0.039615618566148,-1.66410863799887,3.19266182031342,-0.093732180114554,-4.93929152356061,0.17041542924773,-0.522689694228154
-0.0437938755832285,-1.65849738152396,3.27290041733351,-0.0918962450889842,-4.98707566062718,0.158155670719132,-0.506164885210642
-0.0478976903842004,-1.65283005000636,3.35321935937509,-0.0906862232472214,-5.03464964732862,0.144867085670559,-0.475577857306044
-0.0518907207045277,-1.64711535927001,3.43337872430433,-0.0900811104451551,-5.08184906102938,0.130728367248425,-0.43158539547394
-0.0557384481719627,-1.64135820308806,3.51315305751606,-0.0900591685315668,-5.12852438882419,0.115946307857922,-0.375182904746055
-0.0594091714535043,-1.63555945224841,3.59232849519415,-0.0906004710276646,-5.17454791463746,0.100750050871677,-0.307718093025344
-0.062874787347099,-1.62971591627393,3.67070021637187,-0.0916891113256007,-5.2198202646494,0.0853815074769638,-0.23089229252571
-0.0661113434356295,-1.62382055974124,3.74807093133098,-0.093314490657259,-5.26427519950989,0.0700814468788792,-0.146740186544312
-0.0690993529214635,-1.61786307647468,3.82425098532943,-0.0954712192609105,-5.30788124493026,0.0550721870328643,-0.0575808012133633
-0.0718238651685898,-1.61183088064314,3.89906038731347,-0.0981574815960629,-5.35063928905988,0.0405394700319418,0.0340619589487909
-0.0742742934482943,-1.60571046983205,3.9723326209492,-0.101372164990979,-5.39257629244654,0.0266172429964187,0.125563217538564
-0.0764440212718536,-1.59948898718343,4.04391954773619,-0.105111454013495,-5.43373639985709,0.0133789500769892,0.214312319731831
-0.0783298381639988,-1.59315572003727,4.1136962881147,-0.109365757786662,-5.47417150131218,0.000837409668485149,0.297822992328395
-0.0799312834431106,-1.58670327093603,4.18156488818014,-0.114117685510937,-5.51393330762725,-0.0110469627708655,0.373824487374462
-0.0812499888018493,-1.58012822605173,4.24745590796633,-0.119341406271456,-5.55306831821037,-0.0223518621925034,0.440326125263094
-0.0822891009938623,-1.57343128248392,4.3113276590897,-0.12500331147276,-5.59161604018965,-0.0331759695369327,0.495654897005694
-0.0830528377813146,-1.56661692175963,4.37316342911606,-0.131063604764481,-5.62960991302031,-0.0436219951328976,0.538471071564469
-0.0835461944395115,-1.55969279383915,4.43296746136986,-0.137478337037621,-5.66707987092005,-0.0537818898692983,0.567769102434336
-0.0837747847524413,-1.55266899605745,4.49076063696849,-0.144201452289251,-5.70405536553318,-0.0637250679482513,0.582871069314968
-0.0837447761543175,-1.54555740837276,4.54657676213934,-0.151186542610238,-5.74056784731098,-0.0734896266559107,0.583418525786105
-0.0834628654348175,-1.53837120000044,4.60046017325966,-0.158388161428193,-5.77665200765965,-0.0830761818328627,0.569366835611789
-0.0829362380434575,-1.53112456855608,4.65246509724221,-0.165762672499992,-5.81234540374811,-0.0924440396777222,0.540984255376586
-0.0821724596064209,-1.52383271902387,4.70265687443046,-0.173268701966319,-5.84768638080019,-0.10150984397222,0.498856213784202
-0.0811792624406575,-1.51651203847073,4.75111476679106,-0.180867310709552,-5.88271048205687,-0.110149353252172,0.443893299486819
-0.0799642140294357,-1.50918037483367,4.79793564519561,-0.188522019916179,-5.91744581926671,-0.118203360833732,0.377339338015293
-0.0785342888419107,-1.50185728979168,4.84323743162924,-0.196198810759235,-5.95190816883753,-0.125488707809323,0.300773766774789
-0.0768954056495368,-1.4945641388513,4.88716089421611,-0.203866185891227,-5.98609680789318,-0.131814642883098,0.216100855962846
-0.0750520294067831,-1.48732385234175,4.92986843893264,-0.21149533403847,-6.01999219392751,-0.137003421490326,0.125518162965133
-0.0730069530217238,-1.48016035949764,4.97153906390521,-0.219060388891603,-6.05355638336617,-0.140912314459709,0.031458975443341
-0.0707613534853081,-1.47309770557509,5.01235962538302,-0.226538730200722,-6.08673651302545,-0.143452803398187,-0.0634912967471105
-0.0683151547532739,-1.46615902396478,5.05251373057108,-0.233911248677867,-6.11947084553438,-0.14460251697769,-0.156697966112584
-0.0656676435247827,-1.45936559169392,5.09217044557581,-0.241162493903249,-6.15169610775351,-0.144406876119712,-0.245586476359975
-0.0628182085701091,-1.45273618178802,5.13147516476827,-0.248280648378092,-6.18335448100924,-0.142970096455873,-0.32774359606576
-0.0597670433172517,-1.44628683403972,5.17054433981024,-0.255257316170709,-6.21439880944862,-0.140438009685623,-0.400998317866966
-0.0565156765771153,-1.44003104028655,5.20946462076512,-0.26208716692051,-6.24479525818175,-0.136976895267666,-0.463476508725948
-0.0530672613039758,-1.43398023528137,5.24829582000021,-0.268767515414148,-6.27452345238494,-0.132752613201437,-0.513630091496097
-0.049426625077891,-1.42814443278789,5.2870763675479,-0.275297926949664,-6.30357474964646,-0.127913128363988,-0.550246433491337
-0.045600142369254,-1.42253284944075,5.32582970591416,-0.281679915721089,-6.33194959503364,-0.122575836139256,-0.572445733100109
-0.0415955158110285,-1.41715439635903,5.36457026225521,-0.287916755326243,-6.35965491006502,-0.11681968862174,-0.579673937171027
-0.037421554042258,-1.41201796662653,5.40330803180262,-0.294013363036478,-6.38670228614434,-0.110681362622177,-0.571697089791805
-0.0330880158254626,-1.40713248976604,5.44205123662285,-0.299976168372135,-6.41310749523773,-0.104154621068154,-0.548600880198584
-0.0286055621359653,-1.40250675762858,5.48080690355579,-0.305812843823047,-6.43889154724736,-0.097192398610128,-0.510796955249955
-0.0239858250313408,-1.39814905254769,5.51957952521472,-0.311531772228408,-6.46408321559291,-0.0897117121630215,-0.459035363075322
-0.0192415669127841,-1.39406663432319,5.55836825761239,-0.317141161290568,-6.48872260024358,-0.0816019630748801,-0.394420165469069
-0.0143868695090985,-1.39026517139622,5.59716338635597,-0.322647799197919,-6.51286490446963,-0.0727372739772911,-0.318422731687545
-0.00943726506684959,-1.38674823124754,5.63594303235016,-0.328055573467304,-6.53658323754082,-0.0629929581197702,-0.232884743794582
-0.00440971418559931,-1.38351696422306,5.67467117297049,-0.333364022226679,-6.55996907854427,-0.052264992723673,-0.140001316729971
0.000677641853435641,-1.38057010508302,5.7132978908888,-0.338567295938618,-6.58312925731297,-0.040489742401924,-0.0422752324964244
0.00580596656772462,-1.37790436079097,5.75176223917399,-0.343653901561679,-6.60617906888737,-0.0276598587760798,0.0575625543902009
0.010956381002252,-1.37551515240029,5.78999730010592,-0.348607428102864,-6.6292323352026,-0.0138321740218151,0.156663186342336
0.0161106409588142,-1.37339756394056,5.82793620878981,-0.353408142314944,-6.65239042623564,0.000874963089237743,0.252188816865204
0.0212516730022951,-1.37154727428385,5.8655175113153,-0.358035025354515,-6.67573284857646,0.0162945155291795,0.341441627820156
0.0263638466974668,-1.36996125210783,5.90268847609866,-0.362467657832181,-6.69931162316252,0.0322304317890519,0.421974293061372
0.0314329500347648,-1.36863807953267,5.93940576327101,-0.366687436324212,-6.72315046106173,0.0484793361111273,0.491669609838525
0.0364459273607196,-1.36757789305379,5.97563377908132,-0.37067786557239,-6.74724830731021,0.0648498260055458,0.548786505284959
0.0413904968874466,-1.36678203431475,6.01134169424505,-0.374423976910164,-6.77158578068143,0.0811767377177061,0.591977804262234
0.0462547766076809,-1.36625255383369,6.04650031360876,-0.377911150062197,-6.79613267069073,0.0973297820525449,0.62028941260033
0.0510270248695309,-1.36599170812947,6.08107982479216,-0.381123713685215,-6.82085485744415,0.113217418672173,0.633150881354749
0.0556955642976379,-1.366001554302,6.1150491090137,-0.384043694470278,-6.84571950839197,0.128787416212456,0.630365183883542
0.0602489185832683,-1.36628369964046,6.14837691739394,-0.386650021249786,-6.87069793203932,0.144025358983714,0.612102453986832
0.0646761550155063,-1.36683922095314,6.18103486085015,-0.388918406866974,-6.89576591761872,0.158951718095031,0.578899316656604
0.0689673893331841,-1.36766873357525,6.21300182334252,-0.390822036574228,-6.92090176666626,0.173617343881366,0.531662553167593
0.0731143700968829,-1.36877256405237,6.24426906399661,-0.392333072115345,-6.94608258464384,0.188096667220177,0.471673053093825
0.0771110207770649,-1.37015095918608,6.27484495019777,-0.393424828572138,-6.97127977631786,0.202477790679071,0.400583503570389
0.0809537884979947,-1.37180425403265,6.30475805608603,-0.394074290411035,-6.99645502670017,0.216849189009796,0.320401315909362
0.0846416510715237,-1.3737329239633,6.3340574403863,-0.394264462396471,-7.02155818768898,0.231283912583479,0.233448166753465
0.0881756863843033,-1.37593747360916,6.36280941999941,-0.39398596913563,-7.0465282269539,0.245823653168691,0.142290278998058
0.09155821719645,-1.37841816364402,6.39109107379329,-0.393237423617115,-7.07129762429702,0.260466109297248,0.0496398717159749
0.0947916800405273,-1.38117463514193,6.41898176301424,-0.392024391369659,-7.09579948471793,0.275159023073934,-0.0417634637521847
0.0978774740713647,-1.38420553102287,6.44655468230919,-0.390357201715882,-7.11997562867567,0.289802744028997,-0.129275681778038
0.10081506569878,-1.38750821658741,6.47387046730058,-0.38824820885149,-7.14378352617751,0.304260719722912,-0.210457669656025
0.103601544178108,-1.39107866180915,6.50097416361762,-0.385709228099427,-7.16720037761412,0.318375058301686,-0.283157411428029
0.106231680328278,-1.39491149064528,6.52789577592492,-0.382749722846361,-7.19022366294224,0.331983282014535,-0.345559354306688
0.108698403247941,-1.39900015360377,6.55465366996644,-0.379376001569411,-7.21286856768353,0.344932862548763,-0.396203610282825
0.110993528201598,-1.40333715707372,6.58125961467409,-0.375591354941319,-7.23516341415531,0.357091575111638,-0.433982914468209
0.113108554847006,-1.40791428503758,6.60772424702095,-0.371396837033908,-7.25714444010155,0.368353311411527,-0.458126925664082
0.115035388151205,-1.41272276583044,6.6340620364606,-0.366792304363524,-7.27885108726703,0.378640140882604,-0.468182425191391
0.116766885774845,-1.41775335664811,6.66029520233674,-0.361777349108821,-7.30032259797424,0.387901895848066,-0.463995709105712
0.118297182936346,-1.42299633600047,6.68645634914614,-0.356351852157503,-7.32159633224613,0.396114472893704,-0.445700984995903
0.119621779780972,-1.42844140858923,6.71258977890806,-0.350516001045257,-7.34270788612726,0.403277611995865,-0.413716308347485
0.120737399112083,-1.43407754026298,6.73875153509338,-0.34426974840271,-7.36369281549547,0.409412365176047,-0.368746548278688
0.121641641524463,-1.43989275508666,6.76500827991596,-0.337611821180852,-7.38458951970328,0.414557985962815,-0.311790908049704
0.122332488260941,-1.44587394205582,6.79143516190279,-0.330538523498852,-7.40544259982902,0.418767709439417,-0.244150559673039
0.122807732548681,-1.45200673149509,6.81811293130939,-0.323042688740902,-7.42630580759169,0.422102960815328,-0.167430159914793
0.12306445203144,-1.45827550277153,6.84512470848904,-0.315113192942435,-7.4472436312912,0.424625966795647,-0.0835259441569652
0.123098653226974,-1.46466356631417,6.87255295978517,-0.306735394317578,-7.46833074414252,0.426391455715772,0.00540637673459694
0.122905203859335,-1.47115352021867,6.90047730078342,-0.297892679134249,-7.48964903997841,0.427438851132578,0.0970078012008383
0.122478109591234,-1.47772772279626,6.92897364313815,-0.288568993341398,-7.51128272874549,0.42778671311584,0.188794957223041
0.121811098439435,-1.48436876972021,6.95811490248923,-0.278751915616393,-7.53331269763116,0.427430868647269,0.278254283832063
0.12089838331281,-1.49105984486678,6.98797306757418,-0.26843561753036,-7.55581171445894,0.426346720887586,0.362939475313454
0.119735422478213,-1.49778484136346,7.0186220508303,-0.257623063509883,-7.57884184072864,0.424495036258877,0.440559434267457
0.118319511369003,-1.50452821320954,7.05014054463735,-0.246327025058488,-7.60245471062447,0.421829629356984,0.509047338907916
0.116650105707471,-1.5112745890051,7.08261414602301,-0.234569815077646,-7.62669445011774,0.418305158658582,0.566607183757649
0.114728860534735,-1.51800822942808,7.11613622550899,-0.222381951460735,-7.65160231740008,0.413883692350857,0.6117397684565
0.112559438065373,-1.52471242721573,7.15080728785201,-0.209800144672757,-7.67722182808144,0.408539496208865,0.643253806863252
0.110147171430433,-1.53136893909837,7.18673280324213,-0.196865056921348,-7.70360315218508,0.402262261305457,0.660269191723152
0.107498672962374,-1.53795751917746,7.22401963312976,-0.183619240812616,-7.73080578072796,0.395059468055922,0.662219070262592
0.10462145566785,-1.54445560748458,7.26277124206027,-0.170105582784661,-7.75889870737687,0.386958664864768,0.648856056131683
0.10152360775243,-1.55083822351763,7.3030819169392,-0.156366483531442,-7.78795758986474,0.378010132880237,0.620266148712161
0.0982135314596383,-1.55707812119143,7.34503025971429,-0.142443906775815,-7.81805858364133,0.368289788829177,0.576891830571101
0.0946997338639908,-1.56314626900218,7.38867232323666,-0.128380298684681,-7.84926889311679,0.35790137847953,0.519563105608656
0.090990640770499,-1.56901271017551,7.43403493997356,-0.114220197277933,-7.8816346995033,0.346976254444908,0.449531576682752
0.0870943969163064,-1.57464781211738,7.48111001090995,-0.100012112409375,-7.91516804607146,0.335668660833493,0.368498049627763
0.0830186183364183,-1.58002382052999,7.52985066106728,-0.0858100189590303,-7.94983530393657,0.324144903990064,0.278619585938074
0.078770079151049,-1.58511650490022,7.58017005344094,-0.0716737016301863,-7.98555048412993,0.312566392989062,0.182479856234687
0.0743543465535062,-1.58990657251265,7.63194315611658,-0.0576673836121769,-8.02217619526489,0.301069074157135,0.0830103437264876
0.0697754199731729,-1.59438051822435,7.68501096987975,-0.0438566294058798,-8.05953308779822,0.2897442058511,-0.0166388667246369
0.0650354683085584,-1.59853071892085,7.73918604151493,-0.0303042580177435,-8.09741573495461,0.278626152608745,-0.113264187831222
0.0601347715468112,-1.60235483443853,7.79425800369154,-0.0170665387827759,-8.13561057237659,0.267690984448223,-0.203782209252621
0.0550719465441817,-1.60585480945899,7.84999854699487,-0.00419091523430981,-8.17391117307058,0.256865901582949,-0.285382326680292
0.0498444765724266,-1.60903585293955,7.90616621813791,0.00828409447966388,-8.21212790676574,0.246045970158268,-0.355637952907357
0.0444494934988698,-1.61190567519943,7.9625120501113,0.0203269892906136,-8.25009168067196,0.23511317215992,-0.412570800721616
0.0388847030810942,-1.61447407099911,8.01878685839929,0.0319101574983375,-8.28765347296732,0.223953595537771,-0.454675375314648
0.0331493105526073,-1.61675276588797,8.07475023832116,0.0430065374575789,-8.324682058532,0.212470631234152,-0.480917100777496
0.0272447968820311,-1.61875536238845,8.13018037804135,0.0535869445654744,-8.36106194223808,0.200593973849702,-0.490717824732194
0.021175413056891,-1.62049723502968,8.18488322415036,0.0636186327479792,-8.39669269988286,0.188285279306111,-0.483939311475876
0.0149482983263005,-1.62199529079735,8.23869949312516,0.0730653187708497,-8.43149017352367,0.175541421214101,-0.460871029687326
0.00857318683815966,-1.62326758941916,8.29150844262486,0.0818885990788915,-8.46538944149462,0.162395704183016,-0.422224209540603
0.00206174333965259,-1.6243328754635,8.34322800777397,0.0900504439092446,-8.49834911579794,0.148916570136127,-0.369130155142615
-0.00457334484414506,-1.62521009889165,8.39381167632421,0.0975162512776621,-8.53035618325716,0.135202710559803,-0.303137173258523
-0.0113193115234148,-1.62591799430039,8.443243167795,0.104257793979337,-8.56143025681278,0.121373470121272,-0.226197512810778
-0.0181640356689794,-1.62647476163836,8.49153044921164,0.110255342967528,-8.59162584358932,0.107554255074703,-0.140634249088899
-0.0250963101218994,-1.62689785630291,8.53870070129464,0.11549837093241,-8.62103129238341,0.0938582852305763,-0.0490794502795273
-0.0321055272900263,-1.62720386752901,8.58479741889827,0.119984569831321,-8.6497636637177,0.0803678983290579,0.0456196958045281
-0.0391808329688903,-1.6274084504009,8.62987993507351,0.12371740353641,-8.67795985532343,0.0671197630598319,0.140521378843619
-0.0463099839545617,-1.62752628028258,8.67402461550489,0.126702884845081,-8.70576554612897,0.0540979035040423,0.232721816352506
-0.0534782488440571,-1.62757101319284,8.71732626014298,0.128946501466189,-8.73332430588086,0.0412362997912077,0.319480597654714
-0.060667662806892,-1.62755525169667,8.75989821625469,0.130451099856456,-8.76076912817463,0.0284299594030865,0.398321151573721
-0.0678568069744213,-1.62749052560414,8.80187031064833,0.131216139967594,-8.78821773503655,0.015551152986146,0.467096520538418
-0.075021107579638,-1.62738729839072,8.84338457147566,0.131238265568936,-8.81577175776508,0.00246687231189936,0.524020227017235
-0.0821335154999761,-1.62725500670657,8.88458941053728,0.130512790152695,-8.84351888222397,-0.0109455886869666,0.567669387427676
-0.0891653677795951,-1.62710213587041,8.92563326477662,0.129035566901132,-8.87153655792741,-0.0247864671270067,0.596970584879284
-0.0960872385270224,-1.62693633083582,8.96665868430567,0.12680476060956,-8.89989588379174,-0.0391248563311285,0.611178853732179
-0.102869626127251,-1.62676453919298,9.00779766109578,0.123822189941613,-8.92866459098383,-0.0539927227691968,0.609858053357525
-0.10948336911275,-1.62659317772017,9.04916875873945,0.120094080685334,-8.95790843225537,-0.0693806208565836,0.592868254289322
-0.11589972159104,-1.62642830404576,9.09087638707437,0.115631219447552,-8.98769063399425,-0.0852344750265102,0.560363204786205
-0.122090053620089,-1.62627575871083,9.13301233525573,0.110448606579478,-9.01806934597243,-0.101453509312297,0.512798567501462
-0.128025184662013,-1.62614122204727,9.17565934884828,0.104564774186972,-9.04909327014978,-0.117890233366421,0.450949135574826
-0.133674423360505,-1.62603011151184,9.21889603376825,0.0980009619598159,-9.0807959119618,-0.134354078104129,0.375930417476491
-0.139004479437999,-1.62594724085304,9.26280170250898,0.0907803284222593,-9.11318919222633,-0.15062049320721,0.289216907887959
-0.143978518097898,-1.62589618841895,9.30745912577175,0.0829273180529706,-9.1462574366736,-0.166446729899857,0.192646803919808
-0.148555701164564,-1.6258783888827,9.35295288571106,0.0744672155113857,-9.17995290229726,-0.181593941197892,0.0884023604058445
-0.152691542859296,-1.62589206392976,9.39936157588697,0.0654258267137211,-9.21419385500018,-0.195852875819448,-0.0210418692341777
-0.156339260346536,-1.62593120976632,9.44674364261052,0.0558291761677959,-9.24886570560094,-0.209068184313493,-0.13300355709866
-0.159452039894959,-1.6259849112656,9.49511884709504,0.0457031318640361,-9.28382495266293,-0.221155450311288,-0.244701376742293
-0.161985863258535,-1.62603721409817,9.54444925164097,0.0350729582941358,-9.31890497725238,-0.232106391058249,-0.353372280941166
-0.163902367516684,-1.62606766020515,9.5946243526961,0.0239629083637707,-9.35392242379163,-0.241980960631138,-0.456379809641678
-0.165171215550553,-1.62605242825725,9.64545413031215,0.012396035945518,-9.38868311141055,-0.250888865033745,-0.551300288308631
-0.165771614080768,-1.62596588514955,9.69667178498547,0.000394409944101562,-9.42298697961347,-0.258965535851461,-0.635981412002157
-0.165692844791889,-1.62578229030841,9.7479456723157,-0.01202016155345,-9.45663214846063,-0.266348022708153,-0.708574824820235
-0.164933882566872,-1.62547740615705,9.79889820869703,-0.024824901525054,-9.48941851124148,-0.273154872101014,-0.767548551368981
-0.1635023109006,-1.62502983190562,9.84912866335378,-0.0379944510053906,-9.52115131785594,-0.27947187861611,-0.811686348613221
-0.161412800456586,-1.62442196255006,9.89823671354369,-0.0514990861685099,-9.5516450503317,-0.285343616365981,-0.840080386357559
-0.158685411445557,-1.62364055591151,9.94584415115182,-0.0653030249377665,-9.58072768996264,-0.29076943403208,-0.852122364523886
-0.155343942655643,-1.62267695446083,9.99161291500365,-0.079363080385126,-9.60824535332939,-0.295702225922221,-0.847496981452226
-0.151414500125525,-1.62152705045415,10.0352584915326,-0.0936278805016249,-9.63406728323773,-0.300048607390177,-0.826180669582959
-0.146924407385724,-1.62019110078076,10.076558551738,-0.108037819285418,-9.65809128718555,-0.303669880882192,-0.788447542380445
-0.141901527546574,-1.61867349008497,10.1153573590719,-0.122525848196168,-9.68024980342,-0.30638414457887,-0.73488330272777
-0.13637401080147,-1.61698250622402,10.1515668619857,-0.137019162223907,-9.70051667764003,-0.307970845024189,-0.666406225576753
-0.13037041704355,-1.61513013535233,10.1851653807603,-0.151441765627774,-9.71891431793148,-0.308179745123245,-0.584292167893403
-0.123920092898828,-1.61313181825203,10.2161944216864,-0.165717790960152,-9.7355201493926,-0.306746320658496,-0.490197834476646
-0.117053615498769,-1.61100605856376,10.2447535777059,-0.179775269008259,-9.75047041232935,-0.303414627750514,-0.386173547364445
-0.109803070246043,-1.60877376538839,10.2709930109498,-0.193549818716826,-9.76395876100462,-0.297966488936832,-0.274654323509349
-0.102201937561072,-1.6064572680238,10.2951029894455,-0.206987521821426,-9.77622737177449,-0.290252770464512,-0.158417782429627
-0.0942844527045604,-1.60407905513858,10.3173005338591,-0.220046206242879,-9.78754974797726,-0.280219750902897,-0.0405011874790628
-0.0860844772891475,-1.60166042432202,10.3378142700887,-0.232694625049688,-9.79820695621862,-0.267922878998371,0.0759212598554757
-0.0776341286922995,-1.59922031412246,10.3568695877753,-0.244909595514977,-9.80846170305838,-0.253522831911166,0.18768778444037
-0.0689625543479181,-1.59677457379165,10.3746765712077,-0.256671851698826,-9.81853606441623,-0.237264142898291,0.291801917659158
-0.0600952212642717,-1.59433580340526,10.3914225767743,-0.267961816591493,-9.82859785400672,-0.219442229580899,0.385563341977456
-0.0510539127159807,-1.59191372772994,10.4072700148328,-0.278756464078461,-9.83875785237158,-0.200367552414004,0.466658352460555
-0.0418573795782556,-1.5895159315146,10.4223585044578,-0.289027957520898,-9.84907682390504,-0.180334763132231,0.533204658965763
-0.0325224071272652,-1.58714872981765,10.4368097103923,-0.298744108583014,-9.85957892746169,-0.159601255084432,0.583757590989119
-0.0230649952642766,-1.58481796958945,10.4507330351154,-0.307870202490581,-9.87026742415666,-0.138375692405602,0.617291682271046
-0.0135013952353676,-1.5825296206309,10.4642307184557,-0.316371523035418,-9.88113918689236,-0.116814480424483,0.633172508681404
-0.00384884005117836,-1.58029007822124,10.4774014490406,-0.324215942688132,-9.89219567979775,-0.0950231907997699,0.631130710049988
0.00587410428178145,-1.57810614791291,10.49034206916,-0.331376099569701,-9.90344919661415,-0.0730603141886225,0.611245862451352
0.0156475779868505,-1.57598471611157,10.5031472805485,-0.337830857661544,-9.91492397884388,-0.0509417919056114,0.573943764173206
0.0254508321952741,-1.5739321396515,10.5159074821058,-0.343565890323235,-9.92665243377054,-0.0286460753148269,0.520007146726524
0.0352629465123541,-1.57195342722693,10.528705089986,-0.34857333875375,-9.93866724063472,-0.00612060651731111,0.450596479414071
0.0450637699811277,-1.57005134229668,10.5416099841726,-0.35285060606238,-9.95099085072759,0.0167087152245984,0.367274013966318
0.0548349415237137,-1.5682256243787,10.5546750978607,-0.356398480350398,-9.96362477093295,0.0399236480595869,0.272020439419593
0.0645607842123959,-1.56647257663454,10.5679335025635,-0.35921893966842,-9.97654180500533,0.0635950584916803,0.167230380620474
0.0742288313170972,-1.56478525764811,10.5813984085613,-0.361313134662046,-9.98968455739309,0.0877616364187098,0.0556724981586897
0.083829776142109,-1.5631544017785,10.5950670331878,-0.362680091653958,-10.0029723694946,0.112410236694843,-0.0595952909535086
0.0933567694091441,-1.56156997486334,10.6089282096174,-0.363316548671961,-10.0163163095514,0.137463527501121,-0.175353988199883
0.102804191970835,-1.56002302696359,10.6229722301776,-0.363218027709747,-10.0296387088006,0.162779499309646,-0.288379451830819
0.112166215684017,-1.55850735670746,10.6372004182663,-0.362380858577503,-10.0428915955355,0.188163729804128,-0.395599833462191
0.121435535175587,-1.55702055296501,10.6516319035653,-0.360804585071584,-10.0560686055253,0.213390823798011,-0.494227508067493
0.130602568969437,-1.55556420510709,10.6663060887575,-0.358494124591764,-10.0692074432722,0.238228603061661,-0.581848064836662
0.139655245591418,-1.55414334893636,10.6812807673661,-0.355461215913545,-10.0823833027856,0.262458744219547,-0.65646310755646
0.14857930584523,-1.55276540721892,10.6966270393358,-0.351724966816165,-10.0956961433177,0.285890044846947,-0.716495211509469
0.157358937568094,-1.55143893649565,10.7124226630132,-0.347311576612788,-10.1092555627787,0.308363636170432,-0.760768744063379
0.165977529133935,-1.55017243533748,10.728745331907,-0.34225348411654,-10.1231664795314,0.329751823875153,-0.788480087992329
0.174418357878855,-1.54897336925943,10.7456668847241,-0.336588263847956,-10.1375176767948,0.349953300939621,-0.799167761031847
0.182665085742791,-1.54784747832842,10.7632489598338,-0.33035758625232,-10.152374146946,0.368887432622112,-0.792689322723108
0.190701992649204,-1.54679838020825,10.7815402684922,-0.323606500007704,-10.1677734226666,0.386489608487081,-0.769208837488466
0.198513929412578,-1.54582746395989,10.8005755177797,-0.316383207324,-10.1837257181389,0.402708680655977,-0.729196125316231
0.206086017684507,-1.54493407412068,10.8203759992197,-0.308739392690932,-10.200217569473,0.417506509114429,-0.673436727533323
0.213403170468026,-1.5441159902305,10.8409518600276,-0.300731030780134,-10.2172185444014,0.430858769303383,-0.603049087972624
0.220449555098202,-1.54337019390433,10.8623059764203,-0.292419440912416,-10.2346903067749,0.442755580702319,-0.519502700814308
0.227208163676419,-1.54269386942382,10.884439080127,-0.283872195330934,-10.2525968057638,0.45320035689615,-0.424628167621166
0.233660674049394,-1.54208550489839,10.9073553711855,-0.275163382333572,-10.2709137378367,0.462205730620918,-0.320608211966352
0.239787748463834,-1.54154587426661,10.9310674362972,-0.266372753369365,-10.2896350458953,0.469786494623574,-0.209939266270732
0.245569811498073,-1.54107863433099,10.9555991357185,-0.25758351599741,-10.308774514721,0.475950938606462,-0.0953578891157345
0.250988189559839,-1.54069031767382,10.9809854460545,-0.248878952440629,-10.3283617311794,0.48069308602667,0.0202650508934599
0.256026345643107,-1.54038965500311,11.0072690460238,-0.240338499497728,-10.3484334968988,0.48398843477735,0.134049421798888
0.260670882716502,-1.54018636695389,11.0344943975036,-0.232034189830653,-10.3690233765531,0.485794643063543,0.243230381606339
0.264912058283011,-1.54008972772409,11.0627007471818,-0.224028270283542,-10.3901525810468,0.486056744486366,0.345262995714815
0.268743716202059,-1.54010724397095,11.0919155641158,-0.216372419240798,-10.411824591547,0.484714929046807,0.437894519155621
0.272162715541875,-1.54024370742812,11.1221494919581,-0.209108492081262,-10.4340243700477,0.481712419114167,0.519201781042568
0.27516804574095,-1.54050072919072,11.1533932382291,-0.202270355028651,-10.4567215199969,0.477001524660446,0.587599177108237
0.277759839589651,-1.54087672196684,11.1856162589046,-0.195886226011955,-10.4798759165383,0.470547077444876,0.641826780971216
0.27993845247744,-1.54136720890475,11.2187667804558,-0.189980994188953,-10.503444184704,0.462327536933619,0.680928355205427
0.281703710605457,-1.54196530967773,11.2527726282962,-0.184578137228676,-10.5273857060468,0.452334792889076,0.704227328183839
0.283054370651217,-1.5426622699924,11.2875424227755,-0.179701007581647,-10.5516672688098,0.440573952855825,0.711306503873059
0.283987798104245,-1.54344793666552,11.3229668794478,-0.175373363746367,-10.5762658375986,0.427064277851659,0.701995357190954
0.284499859725106,-1.54431112066627,11.3589201591963,-0.171619074313583,-10.6011691375288,0.411842011067795,0.67636734994585
0.284585030726423,-1.54523982616961,11.3952614273831,-0.168460943928625,-10.6263738580601,0.394965226125028,0.634748661157265
0.284236730065495,-1.54622135227187,11.4318369758931,-0.165918638545427,-10.6518813760765,0.376520076006438,0.577738832598404
0.28344790054794,-1.54724229772931,11.4684833953278,-0.164005769277567,-10.6776910945898,0.356627001968038,0.506242475521652
0.282211834431427,-1.54828852019717,11.505032285078,-0.162726362749691,-10.7037919011422,0.335444699679012,0.421508932485625
0.280523195136991,-1.5493451215132,11.5413167581956,-0.162071212443791,-10.7301529085187,0.313169167165742,0.325172954974956
0.278379103319906,-1.55039654522421,11.5771794593853,-0.162014917654065,-10.7567154296797,0.290025384086912,0.219284240769663
0.27578006092444,-1.55142686962087,11.6124810060168,-0.162514635262127,-10.7833886934474,0.266250541114502,0.106308720162411
0.272730435290744,-1.55242034115619,11.6471069631498,-0.163511472800101,-10.8100515666041,0.242070409463148,-0.0109163035235732
0.26923828150551,-1.55336211075712,11.6809711937033,-0.16493486048231,-10.8365610894611,0.217673719021357,-0.129283380999093
0.265314471849857,-1.55423903119443,11.71401416906,-0.166709229507703,-10.8627662133634,0.193191601344372,-0.245565993508107
0.2609713586928,-1.55504030404197,11.7461965288201,-0.168761344172689,-10.8885229074606,0.168688438372916,-0.356593914009205
0.256221379106026,-1.5557577852907,11.7774900187636,-0.17102628543518,-10.9137061764547,0.14416659244772,-0.459417261623349
0.251076003619625,-1.55638587052818,11.8078688242166,-0.173450624672257,-10.938215955854,0.119582510657526,-0.551429355692114
0.245545256152688,-1.55692102170278,11.8373037924759,-0.175992426919457,-10.961976394796,0.094868447128251,-0.630435769639563
0.23963780514215,-1.55736109297848,11.8657605882919,-0.178618751801648,-10.9849302164366,0.0699539096113562,-0.694674987948645
0.233361466353594,-1.55770463276704,11.893201371709,-0.181301845073494,-11.0070308061971,0.0447831306726428,-0.742806560886908
0.226723903836001,-1.55795030247023,11.9195887467847,-0.184015209133741,-11.0282345131437,0.0193276130257283,-0.773884370523387
0.219733342209,-1.55809649917027,11.9448905864164,-0.186730434734819,-11.0484949486406,-0.00640524446802684,-0.787329061564355
0.212399162265613,-1.55814122648408,11.9690846240115,-0.189415310301132,-11.0677603414412,-0.0323657146906436,-0.782908651771971
0.204732309198861,-1.55808223171608,11.9921621024985,-0.192033432077502,-11.0859744789822,-0.0584561202633688,-0.76073198935653
0.196745482640927,-1.55791740899209,12.0141300774669,-0.194545336533721,-11.103081390788,-0.0845256654987188,-0.721256423433092
0.188453100125646,-1.55764544217409,12.035012123307,-0.196911018195883,-11.1190335506,-0.110366719786454,-0.665308274392207
0.179871038011018,-1.55726661529866,12.0548472427761,-0.199093516623483,-11.1338028239305,-0.135714881059681,-0.594111650044387
0.171016166582498,-1.55678364977193,12.073686854985,-0.201063016673165,-11.1473925999031,-0.160256008907258,-0.509317303056846
0.161905720674498,-1.55620235406667,12.0915899752099,-0.202800633365999,-11.1598486538392,-0.183643198427194,-0.413018916406084
0.152556588895005,-1.55553183370656,12.1086171658945,-0.204300862139869,-11.1712656731295,-0.205524765502082,-0.30774109072012
0.142984657018697,-1.55478405955889,12.1248244227697,-0.205571750370261,-11.181786604194,-0.225580657415483,-0.196384411967111
0.133204377166942,-1.55397275856048,12.1402585427366,-0.206632329976755,-11.1915934528137,-0.243560386184661,-0.0821209147071421
0.12322871585172,-1.55311183200788,12.1549553295675,-0.207507687086372,-11.2008906920659,-0.259312893111916,0.0317526083294768
0.113069539466815,-1.55221370773061,12.1689411235261,-0.208222900123679,-11.2098849850772,-0.272799875009626,0.141981273374404
0.102738352476193,-1.55128807369973,12.1822369574715,-0.208797502432111,-11.2187661800155,-0.284089160176833,0.245509163426314
0.0922471821828692,-1.55034129248638,12.1948637827209,-0.20924187900384,-11.2276937982638,-0.293331184330901,0.339601392053485
0.0816093691551354,-1.54937654675313,12.206847098206,-0.209556248863361,-11.2367910177829,-0.300726091208661,0.421918754846635
0.0708400845683477,-1.5483945487957,12.2182198825559,-0.209732035610116,-11.2461456963597,-0.306489737521054,0.490546951354433
0.0599565094064,-1.5473945442644,12.2290235484707,-0.209754852997234,-11.2558163321231,-0.310824619928976,0.543992025127452
0.0489777170121293,-1.54637535082711,12.2393073090143,-0.209608149893892,-11.265840339071,-0.313898416740967,0.581156876953516
0.0379243634412499,-1.54533624569641,12.2491266878964,-0.209276675057534,-11.2762423362439,-0.315830090003715,0.601312168059871
0.0268183056028665,-1.54427759829327,12.2585419544798,-0.208749170424654,-11.2870408321226,-0.316682025469525,0.604071392654918
0.0156822489916622,-1.54320120491551,12.2676171327752,-0.20801995009109,-11.2982523702131,-0.316456435499522,0.589376198649457
0.00453949223408577,-1.54211031462261,12.2764200239442,-0.207089213428527,-11.3098927335511,-0.315094841203693,0.557494953441349
-0.00658620435281211,-1.54100934874722,12.285023439252,-0.205962078204433,-11.3219752008438,-0.312480473214347,0.509034951155909
-0.017670639368731,-1.53990332683565,12.2935075679662,-0.20464644214431,-11.3345062076255,-0.308444524306552,0.444966115848872
-0.0286891313669882,-1.53879703637282,12.3019630904785,-0.203149933998239,-11.3474792048473,-0.30277798674103,0.366651075129727
-0.0396165016438918,-1.537694034017,12.3104943060391,-0.201476422318845,-11.3608680701101,-0.295250889551752,0.275872868392788
-0.0504271701781435,-1.53659564066241,12.3192212554965,-0.199622787864234,-11.3746220174607,-0.285639668103684,0.174847767531829
-0.0610954308559704,-1.53550016794479,12.3282797366651,-0.197576842204783,-11.3886642853019,-0.273760920659788,0.0662082774099499
-0.0715959044555983,-1.53440264237943,12.337818411331,-0.195317242088512,-11.4028965418773,-0.259506366327042,-0.0470571150510398
-0.0819040749152799,-1.5332952216128,12.3479929567677,-0.192815872645319,-11.4172096279387,-0.242870860284853,-0.161713203173112
-0.0919967420721386,-1.53216830757647,12.3589582292306,-0.190042461834011,-11.4314991357211,-0.22396494607604,-0.274428672830326
-0.101852223612226,-1.53101211264226,12.3708602256614,-0.186970389076244,-11.4456822594089,-0.203006974280267,-0.381946055734811
-0.111450224239323,-1.5298182518721,12.383829786605,-0.183582164190861,-11.459711504002,-0.180296292013678,-0.481241238940089
-0.120771417076646,-1.52858092602661,12.3979793608385,-0.179873168928837,-11.4735818173392,-0.156175145243139,-0.569646445350256
-0.129796879240876,-1.52729743077884,12.4134030959413,-0.175852913169143,-11.4873300147193,-0.130989495394513,-0.644923808771216
-0.138507547993573,-1.52596797437402,12.4301795598776,-0.171543894657868,-11.5010277523131,-0.105057157184265,-0.705292022046035
-0.146883825810558,-1.52459498249518,12.448375880157,-0.166978771698686,-11.5147707221014,-0.0786473545132607,-0.749419015605376
-0.154905403487631,-1.52318215102912,12.4680520246917,-0.162196787311405,-11.528666922874,-0.0519715555033847,-0.776396831476173
-0.162551325344741,-1.5217334879528,12.4892641620729,-0.157240284262844,-11.5428262026345,-0.0251828687040909,-0.785712646399499
-0.169800301421164,-1.52025251626123,12.5120663418766,-0.152151892741306,-11.5573523389614,0.00161942857412448,-0.77722544939569
-0.17663126968105,-1.51874173786351,12.5365100331263,-0.146972702803647,-11.5723381215129,0.0283830702294226,-0.75115343823392
-0.18302420973538,-1.51720240714681,12.5626413483995,-0.141741523037808,-11.5878633601652,0.0550953405917527,-0.708073580560976
-0.188961189963782,-1.51563463289841,12.590496116385,-0.136495178167271,-11.6039954145226,0.0817753654925742,-0.648931756091922
-0.194427579654555,-1.5140378047609,12.6200934005765,-0.131269680228521,-11.6207916054826,0.10846557269733,-0.575058901698385
-0.19941327692758,-1.51241130701275,12.6514285912798,-0.126101987532611,-11.6383026269696,0.13522130465799,-0.488185272680465
-0.203913709542055,-1.51075542519155,12.684467712586,-0.121031935381089,-11.6565758145578,0.162097871280451,-0.390441534704466
-0.207930305520293,-1.50907227449029,12.7191448320273,-0.116103819984415,-11.6756569622628,0.18913543260876,-0.284333336047881
-0.211470165061334,-1.50736651420266,12.7553641218063,-0.111367119567078,-11.6955895334701,0.216343730707905,-0.172677620091901
-0.214544839104951,-1.50564561223405,12.7930070116092,-0.106876019298064,-11.7164107894309,0.243690111054052,-0.0584963262908522
-0.217168405925297,-1.50391952889452,12.8319432204037,-0.102687765542481,-11.7381455119664,0.271094488036446,0.0551243428832963
-0.219355314882691,-1.50219988341788,12.8720429688053,-0.0988602764415105,-11.7607991715362,0.298433323725263,0.165188116187705
-0.221118575776172,-1.50049886213072,12.9131871915867,-0.0954496737943432,-11.7843529091612,0.325551800866342,0.268929305625387
-0.222468739165121,-1.49882821716039,12.9552733986769,-0.0925083445864562,-11.8087621570148,0.352280664735164,0.363917489759893
-0.223413808988996,-1.49719864479491,12.99821648079,-0.0900838442973413,-11.83395938124,0.378453100612118,0.448116249326756
-0.223959922297371,-1.49561967076046,13.0419453100208,-0.0882186027390885,-11.8598600314656,0.403917833064572,0.519899327538532
-0.224112453479455,-1.49409999803813,13.0863968084702,-0.0869501557643131,-11.8863699801311,0.428546587529315,0.578036093739193
-0.223877183771597,-1.49264815959707,13.13150917809,-0.0863115546905604,-11.9133926994984,0.452236034056083,0.62166049615658
-0.223261266191085,-1.49127328004625,13.1772155311676,-0.0863316582360733,-11.9408349074717,0.474905619867631,0.65023564032181
-0.222273840550616,-1.48998576540954,13.2234386077912,-0.0870351144139803,-11.9686100432841,0.496493150852859,0.663522430553096
-0.220926258527499,-1.48879777954546,13.2700868546319,-0.0884419462250498,-11.9966394625316,0.516949798930019,0.661556987936233
-0.21923194755953,-1.48772340824569,13.3170519345845,-0.0905667473643933,-12.0248515883117,0.53623568856007,0.644638492422611
-0.217205976634287,-1.48677845165756,13.3642077036498,-0.0934175800518096,-12.053179463579,0.554316588299665,0.613326599307051
-0.2148644016895,-1.48597982664452,13.4114107418655,-0.0969947526086489,-12.0815572938851,0.571161669978019,0.568445525303744
-0.212223476076167,-1.48534461179354,13.4585025623766,-0.101289736089786,-12.1099166985084,0.586741907452398,0.511090214129337
-0.209298819303292,-1.48488883380175,13.5053135595747,-0.106284534608989,-12.1381834894733,0.60102854210381,0.442628841989094
-0.206104645189116,-1.48462616755806,13.5516685400568,-0.111951813525837,-12.1662757993544,0.613991176254559,0.364695711485265
-0.202653150303541,-1.48456678114915,13.5973933268741,-0.118255979308735,-12.1941041895501,0.625595418081184,0.279169628721097
-0.198954147514614,-1.48471656868227,13.6423215498393,-0.125155187857777,-12.2215739533569,0.635800453334292,0.188135277701243
-0.195014992750176,-1.48507695360454,13.6863005237006,-0.132603984346076,-12.2485892664719,0.644557247691295,0.0938284077333442
-0.190840802734882,-1.48564531538113,13.7291952498705,-0.140556043375645,-12.2750583299988,0.651808115406076,-0.00143105617120382
-0.186434911019662,-1.48641593193446,13.7708900964931,-0.148966390123104,-12.3008984124685,0.657488078507737,-0.0953116158467943
-0.18179947570327,-1.48738119878135,13.8112884431044,-0.157792594735927,-12.3260398205918,0.661527920406084,-0.18554152233435
-0.176936142110432,-1.48853283415665,13.8503111990301,-0.166994712698278,-12.3504282233011,0.663858331109505,-0.269972796830472
-0.171846676882255,-1.48986282091999,13.887895330914,-0.17653408543602,-12.3740252141038,0.664414263810714,-0.346633942699499
-0.166533515990386,-1.4913639447792,13.9239932834214,-0.186371393517545,-12.3968073393672,0.663138657320503,-0.413769700998076
-0.161000198450969,-1.49302991568593,13.9585736086524,-0.196464483185729,-12.4187639768825,0.659984991064156,-0.469868352396286
-0.155251681016025,-1.49485516161837,13.9916225175774,-0.206766452415226,-12.439894462485,0.654918592415717,-0.51367868275425
-0.149294543264815,-1.49683443853399,14.0231456672012,-0.217224333278217,-12.4602048182061,0.647917057216461,-0.544219695482742
-0.143137096630657,-1.49896240764108,14.0531693877265,-0.227778519114496,-12.4797043998215,0.638970443353009,-0.560786479014935
-0.136789406767553,-1.50123330616073,14.0817406818656,-0.238362924510603,-12.4984027800792,0.628081977496114,-0.562955394098453
-0.130263229843613,-1.50364079793973,14.1089255781043,-0.248905769778009,-12.516307210047,0.615269857862463,-0.550591062044783
-0.123571853489756,-1.5061780482779,14.1348056924477,-0.259330852300415,-12.5334210317961,0.600570359508085,-0.52385659570551
-0.116729827419738,-1.50883802759667,14.1594731079034,-0.269559183855829,-12.5497434192744,0.584041912999844,-0.48322722440891
-0.109752571971495,-1.51161400993196,14.1830239292567,-0.279510903548017,-12.5652707593661,0.565769221919768,-0.42950593291592
-0.102655869719331,-1.51450019164288,14.2055511423845,-0.289107389898839,-12.5799998052805,0.545865955394418,-0.36383798984505
-0.0954552765572314,-1.51749231437289,14.2271377027458,-0.29827347145509,-12.5939324042311,0.524474292674848,-0.287719293290471
-0.0881655298037304,-1.52058814274048,14.2478510282425,-0.306939572697281,-12.6070811381941,0.501759846028787,-0.202991673195304
-0.0808000674942958,-1.52378763971463,14.2677401287048,-0.315043552245861,-12.6194747327897,0.477901403795965,-0.111817383163696
-0.0733707845947486,-1.527092721748,14.2868362921052,-0.322531939754884,-12.6311618077909,0.453076453639914,-0.0166262251294907
-0.0658881191828797,-1.53050657078345,14.3051574867382,-0.329360309087913,-12.6422117157041,0.427445119549421,0.0799669205290495
-0.0583614822037812,-1.53403261182226,14.3227155871429,-0.335492668185597,-12.652711947876,0.401136216071006,0.175269247992738
-0.0507999426650396,-1.53767338175668,14.3395246063304,-0.340899974792349,-12.6627626734316,0.374238905309233,0.266629394696743
-0.0432130003798401,-1.5414295589393,14.3556077899749,-0.34555811589437,-12.6724699275268,0.346801851181164,0.351552205493203
-0.0356112586592413,-1.54529936715524,14.3710018994049,-0.349445815230039,-12.6819393043909,0.318839508662229,0.427793377272864
-0.0280068555820445,-1.5492784402441,14.3857580399189,-0.352542901935021,-12.6912716021936,0.290343338611904,0.493424785584339
-0.0204135961190762,-1.55336009646137,14.3999394732113,-0.35482921629172,-12.7005609897812,0.26129504031816,0.546869423216893
-0.0128468075909025,-1.55753587952695,14.4136175572743,-0.356284227419591,-12.7098953747149,0.231679347290558,0.586911365247199
-0.00532299018658936,-1.56179619455112,14.4268671500685,-0.356887278638941,-12.719358076704,0.201494998719921,0.612689367413647
0.00214065228424388,-1.56613088823249,14.4397626276141,-0.35661829837104,-12.7290297397977,0.170763548782054,0.623682840491813
0.00952672665459928,-1.57052966722986,14.4523752915079,-0.355458810896233,-12.738989521334,0.139536293375142,0.619697320966785
0.0168181537706934,-1.57498229611638,14.4647726001555,-0.353393124544994,-12.7493148775189,0.107899693467053,0.600854179204167
0.0239986202368405,-1.57947855836986,14.4770193456499,-0.350409617879758,-12.760079589544,0.0759793556723786,0.567586893153048
0.0310529435143542,-1.58400799962055,14.4891806634244,-0.346502067794836,-12.7713500223805,0.0439420634299221,0.520643813724631
0.0379673139122027,-1.58855950814076,14.5013265264515,-0.341670944775483,-12.7831800089036,0.0119947975340916,0.46109483257129
0.0447293743808698,-1.59312082446451,14.5135371179271,-0.335924546973458,-12.7956051899571,-0.0196206270479344,0.390336726075993
0.0513281045833262,-1.59767810520636,14.5259082149972,-0.329279779032852,-12.8086380578354,-0.0506384788499691,0.310089556502804
0.0577534981666882,-1.6022156808968,14.5385555431275,-0.321762351053726,-12.8222651894919,-0.0807858353796825,0.222375381338078
0.0639960630432618,-1.60671612474888,14.5516171140227,-0.313406226423818,-12.8364480114761,-0.109803761815873,0.129471964153654
0.0700462240065065,-1.61116067769573,14.5652529428157,-0.304252310589375,-12.8511277765821,-0.13746972140519,0.0338390145035827
0.0758937433185479,-1.61552996781275,14.5796422114469,-0.29434660671908,-12.8662343480219,-0.163616694341262,-0.0619781836136047
0.0815272756750795,-1.61980485988682,14.5949786741259,-0.283738267074963,-12.8816972578699,-0.188144583092464,-0.155455889048353
0.086934132274054,-1.62396722209463,14.6114655649775,-0.272478029178491,-12.8974568291534,-0.211021233824788,-0.244194601555583
0.0921002608250867,-1.62800042594563,14.6293112536039,-0.26061740057929,-12.9134732312444,-0.232273144384283,-0.326004190530035
0.0970103851762419,-1.63188948622206,14.6487264315875,-0.248208707799631,-12.9297320875115,-0.251968450427428,-0.398964329340833
0.101648214695362,-1.63562085557815,14.6699229338298,-0.235305871223135,-12.9462462734182,-0.270196097612693,-0.461460045684954
0.105996636090424,-1.63918197260814,14.693113670054,-0.221965603273842,-12.9630544002231,-0.287044994870621,-0.512197309431769
0.110037828931351,-1.64256070453763,14.7185127289805,-0.208248679228885,-12.9802169380423,-0.302585868730689,-0.550205807532189
0.113753284431488,-1.64574483059413,14.7463345600391,-0.194220967515113,-12.9978109942462,-0.316857208030469,-0.574835809118004
0.117123742840756,-1.64872169414502,14.7767912000921,-0.179953981053501,-13.0159245739111,-0.329855646720985,-0.585754312615413
0.120129092293522,-1.65147812330353,14.8100867515632,-0.165524786430368,-13.0346508766033,-0.341530605399274,-0.582943358437639
0.122748289934175,-1.65400068564983,14.84640871158,-0.151015170585997,-13.0540829466724,-0.351782954655935,-0.56670098520165
0.124959374834763,-1.65627630091142,14.8859162896842,-0.136510023729692,-13.0743088411979,-0.360467675020749,-0.537643068313023
0.12673964038845,-1.65829318161609,14.9287265040671,-0.122094970904741,-13.0954074012233,-0.367400709252269,-0.496702423666061
0.128066019483844,-1.66004200640245,14.974899522156,-0.107853389218761,-13.1174446680235,-0.372370188427079,-0.445120417257434
0.128915707158121,-1.66151716416477,15.0244252513734,-0.0938630821048481,-13.1404709391236,-0.375151801968021,-0.38442626185375
0.129267006083598,-1.66271786059322,15.0772133973467,-0.0801930193118832,-13.1645184036572,-0.375527281446644,-0.316400487093902
0.129100338444175,-1.66364887508174,15.1330889564589,-0.0669006402333402,-13.1895992689901,-0.373304001430201,-0.243021615327229
0.128399335752609,-1.66432080769838,15.1917944040744,-0.0540302030284142,-13.2157043416927,-0.368332969232536,-0.166398285606586
0.127151905010248,-1.66474975302767,15.2529988476207,-0.0416125130828929,-13.2428021710239,-0.360522382713903,-0.0886920270889338
0.125351176257987,-1.66495644964116,15.3163133898857,-0.0296661033809279,-13.2708390439271,-0.349844657321488,-0.012037729356505
0.12299625597421,-1.6649650443144,15.3813111167849,-0.0181996392432794,-13.2997402228306,-0.336336174508923,0.0615308706329275
0.120092732900328,-1.66480165464407,15.4475496066143,-0.0072150761296079,-13.3294127419288,-0.320090506651492,0.130144626788791
0.116652902416087,-1.66449291016027,15.5145936766835,0.00328901377708347,-13.3597498120772,-0.301247016615008,0.192147637115761
0.112695692698485,-1.66406461537431,15.5820362142939,0.0133144898220547,-13.3906365214599,-0.279977210088162,0.246130182817364
0.108246294084028,-1.66354062917181,15.6495153404356,0.0228614483799145,-13.4219562023951,-0.256471047987544,0.290947540524531
0.103335513661376,-1.66294200923697,15.7167267593212,0.0319269523455669,-13.4535966776072,-0.23092484519141,0.325727954700714
0.0979988973248134,-1.66228643473118,15.7834308468585,0.0405046473619452,-13.48545563434,-0.203531687913516,0.349873676668169
0.0922756773228559,-1.66158789580546,15.849454691059,0.0485850799781989,-13.5174445567051,-0.174474718163551,0.363058605573149
0.0862076118762771,-1.66085662234211,15.914689799835,0.0561564568270084,-13.5494908992629,-0.1439232524157,0.365225019678844
0.0798377858268182,-1.6600992141023,15.9790864779335,0.0632055741915846,-13.5815384441274,-0.112031515995481,0.356580547985329
0.0732094406556859,-1.65931892806266,16.0426459557064,0.0697186883475023,-13.6135460195744,-0.0789397195984968,0.337595192025164
0.06636490157022,-1.65851607447544,16.105411286182,0.0756821714907769,-13.6454849651098,-0.0447771969755036,0.308997028325332
0.059344669151346,-1.65768847008767,16.1674578838673,0.0810828903206717,-13.6773359042944,-0.00966728613300501,0.271764295185826
0.0521867400696048,-1.65683189520966,16.2288844124209,0.0859083393674959,-13.7090855134409,0.0262664837715596,0.227110990733565
0.0449262096345925,-1.65594050270101,16.2898045628142,0.0901466415200395,-13.7407240088859,0.0628935527855837,0.176463033595817
0.0375951827325686,-1.6550071345012,16.3503400970827,0.0937865757561466,-13.7722439633968,0.100069749204532,0.121422669714785
0.0302229775107725,-1.65402351774216,16.4106153533692,0.0968177895862726,-13.8036407709581,0.137632066859103,0.0637202726071916
0.0228365545684219,-1.65298033784391,16.4707532135212,0.0992312955665181,-13.8349146382319,0.175395874984209,0.00515487687953391
0.0154610582255994,-1.6518672159737,16.5308723460016,0.101020250784822,-13.8660735040563,0.213155299251071,-0.0524727612989746
0.00812033375597715,-1.65067264424422,16.59108539591,0.102180906962976,-13.8971359463778,0.250686892886668,-0.107428827600616
0.000837297337384424,-1.64938394497345,16.6514977413802,0.102713540560167,-13.928133078272,0.287755988349419,-0.158110358704094
-0.00636591775338663,-1.64798731487041,16.7122064850806,0.102623156065427,-13.9591087018164,0.324124539117028,-0.203098741537921
-0.0134680504954945,-1.64646799320256,16.7732994743307,0.101919807329208,-13.9901174786329,0.359559034871385,-0.24119922172639
-0.0204489884412895,-1.64481056273223,16.8348542896477,0.100618476268032,-14.0212213971993,0.393837252262902,-0.271465408472988
-0.0272901441095991,-1.64299936336451,16.8969372571637,0.0987385489014777,-14.0524851895998,0.426753072132651,-0.293210007186879
-0.0339748348894064,-1.64101897816258,16.9596025986564,0.0963030033386373,-14.0839714866749,0.458119151655466,-0.306004417309372
-0.0404885843461112,-1.6388547419061,17.0228918375298,0.0933374568654296,-14.1157364200417,0.487767702967226,-0.309670294683292
-0.0468192914690766,-1.63649322223305,17.0868335511674,0.0898692124294568,-14.1478261676437,0.515549900543472,-0.304265906182165
-0.0529572470870396,-1.63392262941926,17.1514435218129,0.0859264105571296,-14.1802746913548,0.541334508828405,-0.290069418095689
-0.0588950062990432,-1.63113312027662,17.2167253019853,0.0815373457250938,-14.213102697813,0.56500623883504,-0.267560448311639
-0.0646271489436231,-1.62811697333153,17.2826711776497,0.0767299597061765,-14.246317696441,0.586464180523474,-0.237400489052817
-0.0701499751286369,-1.62486862593357,17.3492634783111,0.0715314851107135,-14.2799149326542,0.605620477707225,-0.200412272628736
-0.0754611895318675,-1.62138457948655,17.4164761435318,0.0659681863558259,-14.3138789275792,0.622399262652825,-0.157557872499992
-0.080559626093006,-1.61766319564389,17.4842764112839,0.0600651338308183,-14.348185345158,0.63673577079581,-0.109915298429052
-0.0854450538949516,-1.61370442187405,17.5526264527306,0.0538459502039521,-14.3828029245656,0.648575516906953,-0.0586535195589553
-0.0901180869202919,-1.60950949612656,17.6214847523998,0.0473324844932152,-14.4176952557141,0.657873425986891,-0.0050061661717778
-0.0945801977011123,-1.60508068398032,17.6908070334985,0.0405443954076753,-14.4528222342654,0.664592856167655,0.0497554831033831
-0.0988338121007585,-1.60042109564977,17.760546560834,0.0334986550122314,-14.4881411034936,0.668704506606579,0.1043493307588
-0.102882444491526,-1.59553461502073,17.8306537154126,0.0262090104725617,-14.5236070635572,0.670185253034011,0.157508070700767
-0.106730823337919,-1.59042595160639,17.9010748145736,0.0186854598180014,-14.5591734927124,0.669016987298905,0.208002606736077
-0.110384958261756,-1.58510080379596,17.9717502354853,0.0109338040251127,-14.5947918703766,0.665185554317406,0.254662567648859
-0.113852109727536,-1.57956610286378,18.0426119763254,0.00295533201733963,-14.6304115146769,0.658679885394845,0.29639361354428
-0.117140638724649,-1.57383029536285,18.1135808531545,-0.00525331950610466,-14.6659792495262,0.649491432492758,0.332191704169641
-0.120259732052805,-1.56790361763637,18.1845635828549,-0.013700109257109,-14.7014391048792,0.637614016445563,0.361154961265696
-0.123219016533477,-1.56179831924882,18.2554500481858,-0.0223973354912688,-14.7367321358179,0.623044215868359,0.382494142016591
-0.126028091038059,-1.55552879993234,18.3261110821873,-0.0313611963207212,-14.7717964252702,0.605782432192168,0.39554300048958
-0.128696018727303,-1.54911163518922,18.3963971396781,-0.0406111937952939,-14.8065673098868,0.585834756143313,0.399769915393916
-0.131230833630322,-1.54256547797594,18.46613822601,-0.0501694155356331,-14.8409778326742,0.563215714929949,0.394792071881964
-0.133639124765305,-1.53591083790414,18.5351454014153,-0.0600597267851006,-14.8749593729488,0.537951882276992,0.380393159535289
-0.135925763890034,-1.52916975523043,18.6032140488197,-0.0703068969318082,-14.9084423351121,0.510086176686724,0.356544933647433
-0.138093834478631,-1.52236540348106,18.6701288766756,-0.0809356677393944,-14.941356709475,0.479682467783603,0.323432059646832
-0.140144793331354,-1.51552166824504,18.7356703556086,-0.0919697488359152,-14.9736322883324,0.446829885565544,0.281478437584956
-0.142078850255434,-1.50866275462294,18.7996220293406,-0.103430707436684,-15.0051983783661,0.411646041525908,0.231371809812059
-0.143895491689743,-1.50181286624276,18.8617779911765,-0.11533671716744,-15.0359830321526,0.374278302121583,0.174082132213648
-0.14559401804736,-1.49499597322355,18.9219498494998,-0.127701159461171,-15.0659121095092,0.33490238371294,0.110868293675622
-0.147173937071226,-1.48823565180964,18.9799727134572,-0.14053113577907,-15.094908771929,0.2937179154831,0.043267731062952
-0.148635078598639,-1.48155494957781,19.0357100103832,-0.153826036092368,-15.1228941402856,0.250941222991575,-0.0269352993236509
-0.14997737465667,-1.47497622379673,19.0890571446631,-0.167576382640377,-15.1497896503005,0.206796299130987,-0.0977643828459398
-0.151200360824888,-1.46852092425744,19.1399440174216,-0.181763182577595,-15.1755210987446,0.16150553272412,-0.167126310610833
-0.152302555944801,-1.46220933628667,19.1883362762065,-0.196357950701196,-15.2000236717483,0.115282007761562,-0.23290081090796
-0.153280922344644,-1.45606034080764,19.2342350085344,-0.211323417077911,-15.2232467207174,0.0683249155624754,-0.293035253982009
-0.154130577290813,-1.450091261887,19.2776746056823,-0.226614768491562,-15.2451569982757,0.0208188946775078,-0.345634128919352
-0.154844836205338,-1.4443178490192,19.3187187629491,-0.242181153891646,-15.2657395490794,-0.0270628003932977,-0.389034916924237
-0.155415562424376,-1.43875439349282,19.3574549568056,-0.257967153261391,-15.2849962517008,-0.0751521646770174,-0.421865679163727
-0.155833720635252,-1.43341392905298,19.3939880714884,-0.273913963379258,-15.3029427707986,-0.123278605913331,-0.443083793205899
-0.156090002012749,-1.4283084377093,19.4284339991671,-0.289960157853114,-15.3196051130613,-0.171260714391897,-0.45199840463381
-0.156175403689227,-1.42344898028726,19.4609139725106,-0.306041993439821,-15.335016983455,-0.218898807555298,-0.44828058291774
-0.156081683784448,-1.41884569492979,19.4915501618232,-0.322093336273351,-15.3492187817049,-0.265969278697288,-0.431964887056262
-0.155801655834159,-1.41450764602348,19.5204627714005,-0.338045363541413,-15.362258518468,-0.312221729144469,-0.403444554170969
-0.155329320642097,-1.41044255129511,19.5477685787835,-0.353826256798135,-15.3741943257417,-0.35737984561571,-0.363460488368062
-0.1546598562653,-1.40665645643228,19.5735806232339,-0.36936113456842,-15.3850977198868,-0.401146835404576,-0.313082366953345
-0.153789499824266,-1.40315345508033,19.5980085918744,-0.384572454750871,-15.3950564586158,-0.443215766849458,-0.253679130277314
-0.152715362249163,-1.3999355569095,19.6211593914831,-0.399381032751884,-15.4041758070395,-0.48328429920327,-0.186876412359127
-0.151435221115723,-1.39700278081451,19.6431374443176,-0.413707669166201,-15.4125773384665,-0.521072154101057,-0.114500245855834
-0.149947336924359,-1.39435349654695,19.6640444043359,-0.427475196339141,-15.4203949972311,-0.556338647900261,-0.0385092023325244
-0.148250332278096,-1.39198497100836,19.6839782210033,-0.44061060240031,-15.427768879417,-0.588897144533698,0.039079994737199
-0.146343159467683,-1.38989401869392,19.7030317149507,-0.45304683935727,-15.4348378010908,-0.618623716825058,0.116266588496423
-0.144225161537796,-1.38807762996765,19.7212909981544,-0.464723995083495,-15.4417320091898,-0.64545855421185,0.191132892469573
-0.141896210035569,-1.38653346338822,19.7388341216748,-0.475589676277031,-15.4485672694994,-0.669400274690293,0.261899348990906
-0.139356886384384,-1.38526012999666,19.7557302643777,-0.485598642601018,-15.4554411273751,-0.690494703852448,0.326965085497409
-0.136608667841961,-1.38425725036324,19.772039626861,-0.494711882028035,-15.4624315715666,-0.708820455222085,0.38493400795204
-0.133654083976582,-1.3835253117036,19.7878140250359,-0.502895386929561,-15.4695978310551,-0.724473695480612,0.434628275210054
-0.130496822480218,-1.38306538187696,19.8030980389374,-0.510118882602099,-15.4769827144561,-0.737553997831172,0.475091966775742
-0.127141777612771,-1.38287874908803,19.817930491744,-0.516354696261606,-15.4846157859537,-0.748152465454245,0.5055880010614
-0.123595047692175,-1.38296655203044,19.8323460160623,-0.521576877863764,-15.4925167157733,-0.7563426300464,0.525591194440992
-0.119863894221257,-1.38332945479768,19.8463764928672,-0.525760606541226,-15.5006982831937,-0.762174120066517,0.534779860410675
-0.115956677754467,-1.38396740422383,19.8600522054139,-0.528881873796445,-15.5091686777314,-0.765668842523756,0.533027842295288
-0.111882781299158,-1.38487949385945,19.8734026136242,-0.530917406450647,-15.5179329060275,-0.766819352925576,0.520398216207763
-0.107652526853958,-1.38606394399658,19.8864567162597,-0.531844798348268,-15.5269932442355,-0.765589187848691,0.497139350540631
-0.10327708284613,-1.38751819657227,19.8992430202064,-0.531642827506244,-15.5363487866018,-0.761915081706893,0.463683371886305
-0.0987683547490113,-1.38923911153641,19.9117891818316,-0.530291953850692,-15.5459942342679,-0.755711146948282,0.420646568047039
-0.094138847498437,-1.39122324042657,19.9241214253412,-0.527774999337417,-15.5559181626446,-0.746875182820549,0.368830735761415
-0.0894014894472213,-1.39346714043253,19.9362638747767,-0.524078004500181,-15.5661010952644,-0.735297222670285,0.309224047679319
-0.0845694136300233,-1.39596768162309,19.9482379597372,-0.519191230031217,-15.5765137980901,-0.720870220128232,0.242999648915531
-0.0796557035551416,-1.39872229218113,19.9600620599706,-0.513110231270293,-15.5871162601211,-0.703502384665538,0.171509956677205
-0.0746731251506894,-1.40172908663549,19.97175153368,-0.505836884367897,-15.5978578148045,-0.683130163147211,0.0962745516947379
-0.0696338803611259,-1.40498683268886,19.9833192243628,-0.497380205936104,-15.6086787468838,-0.659730354966546,0.0189597398837057
-0.0645494254299843,-1.40849473623757,19.9947764616342,-0.487756798415064,-15.6195135049235,-0.633329520899422,-0.0586515776606596
-0.0594303934201008,-1.41225205897189,20.006134474389,-0.47699079054683,-15.6302953195176,-0.604008905681223,-0.134700046725861
-0.0542866439323141,-1.41625762199328,20.0174060395882,-0.465113227417645,-15.6409616779181,-0.571903657304985,-0.207298861881959
-0.0491274364204559,-1.42050928055536,20.0286071242397,-0.452160981742525,-15.651459832618,-0.537196139000139,-0.274588855361859
-0.0439616946814893,-1.42500346778025,20.0397582666439,-0.43817536955146,-15.6617514318927,-0.500104322343597,-0.334795645327626
-0.0387983084891501,-1.42973489168764,20.0508854997788,-0.423200719939981,-15.6718155133801,-0.460867234770153,-0.386284464845505
-0.0336464103801405,-1.43469643273673,20.0620207370052,-0.40728314416904,-15.6816494704158,-0.419729878250025,-0.427609090186807
-0.0285155718577175,-1.43987923947111,20.0732016907964,-0.390469680897098,-15.6912680781671,-0.376929838761487,-0.457552995724878
-0.0234158789385387,-1.44527297287416,20.0844715411808,-0.372807894079007,-15.7007011131777,-0.332687134358343,-0.475162846076322
-0.0183578655352103,-1.45086611750408,20.0958786783694,-0.354345908396638,-15.7099904013504,-0.287198024111889,-0.479775976175424
-0.0133523003019426,-1.45664626377992,20.1074768917138,-0.335132811802009,-15.7191872273043,-0.240632822336813,-0.471044132297945
-0.00840983814268432,-1.46260027023578,20.1193263466986,-0.315219335661822,-15.7283509197742,-0.193137381618224,-0.448955264092453
-0.00354056450402534,-1.46871423318601,20.1314955637446,-0.294658723608131,-15.7375491031121,-0.144837804648935,-0.413853683962114
0.00124651762902019,-1.47497322267257,20.14406435592,-0.273507692090031,-15.7468595868505,-0.0958479615273255,-0.366456650647138
0.00594398115177519,-1.48136078759066,20.1571272717719,-0.25182735144862,-15.7563731902778,-0.0462793188249406,-0.307862786502221
0.0105463454819673,-1.48785828877312,20.1707965364786,-0.229683898590038,-15.7661960729329,0.00374773941254043,-0.239545379254652
0.0150502087283377,-1.49444417938762,20.1852028892384,-0.207148842702925,-15.7764495885852,0.0540925164370354,-0.163322674616904
0.0194540437284887,-1.50109340073717,20.2004922930145,-0.184298535892448,-15.7872656226154,0.104584592737628,-0.0812990983281641
0.0237576189013832,-1.50777707739854,20.2168165381199,-0.161212893414278,-15.7987760897583,0.155018699118622,0.00422325312286616
0.0279610952343888,-1.51446266645282,20.2343165300903,-0.137973397287575,-15.8110967640962,0.205155577440165,0.0908554343107582
0.0320639415613735,-1.52111465255593,20.2530986295466,-0.114660707210645,-15.8243074782273,0.254729074072621,0.176239662593607
0.0360638640201671,-1.52769581204181,20.2732066617176,-0.0913523485720797,-15.8384323178922,0.303457939526388,0.258155976559102
0.0399559445110186,-1.53416901082357,20.2945947752605,-0.0681209470754724,-15.853424256008,0.351059582219656,0.334602078318504
0.0437321410550295,-1.54049942876433,20.3171084868465,-0.0450333568453519,-15.8691585529186,0.397262901501557,0.403839305370422
0.0473812453974642,-1.5466569755739,20.340481713414,-0.0221508523887966,-15.8854381177694,0.441818174709708,0.46440758310413
0.0508893274842464,-1.55261849005125,20.3643548469313,0.000469633646849027,-15.9020116641273,0.484503172211248,0.515119487500097
0.0542406112514515,-1.55836920490565,20.3883126282894,0.0227734440244518,-15.918601996731,0.525125633007471,0.555045793425337
0.0574186261805939,-1.56390305783644,20.4119330882707,0.0447057102451643,-15.9349382947212,0.563522755549812,0.583502209746991
0.0604074068485188,-1.56922176334446,20.4348344821711,0.0662089652045582,-15.9507847744892,0.599558579385609,0.600041671525056
0.0631925171985807,-1.57433296556535,20.4567088424194,0.0872213321477708,-15.9659597684729,0.633120226276144,0.604451633657909
0.0657617588943757,-1.5792480376844,20.4773372161742,0.10767558066889,-15.9803431088038,0.664113957775447,0.596753308518907
0.0681055327185544,-1.58398007180002,20.4965885966083,0.127499110700638,-15.9938734853441,0.692461834582736,0.577199811617442
0.0702169011108519,-1.58854239110805,20.5144084976731,0.146614757075832,-16.0065394446331,0.718099427480463,0.546271436580412
0.0720914279565548,-1.59294766768478,20.5308034220946,0.164942239320302,-16.0183677328988,0.740974628773365,0.504667476896984
0.0737268634200638,-1.59720755179004,20.5458255828199,0.182400083758666,-16.0294116181793,0.761047273653934,0.453294544623664
0.0751227225311265,-1.60133263848415,20.5595599111658,0.198907863188387,-16.039740586337,0.778289089499748,0.393251267461749
0.0762797946904521,-1.60533259085711,20.5721136508101,0.214388598310433,-16.049431900945,0.792683483213371,0.325808967822335
0.0771996214190628,-1.6092162726226,20.5836079572908,0.228771135348933,-16.0585640403508,0.804224819907625,0.252387755766696
0.077883988048408,-1.61299179294797,20.5941707425952,0.241992277591322,-16.0672118614802,0.812917088324524,0.174527646859621
0.0783344824318392,-1.61666642027279,20.6039302429423,0.25399843160132,-16.075443329079,0.81877209654989,0.0938548549687896
0.0785521729228841,-1.62024637252708,20.6130091828238,0.264746560648329,-16.0833176687962,0.821807520879393,0.0120442197040329
0.0785374441996951,-1.62373653198982,20.6215197578362,0.274204325217328,-16.0908847873745,0.822045178867258,-0.0692204336406003
0.0782900051092517,-1.62714015786671,20.6295598396363,0.282349421772034,-16.0981857425429,0.819509814717216,-0.148285596640513
0.0778090531480121,-1.63045867389773,20.6372107796333,0.289168267580813,-16.1052539645688,0.814228505400508,-0.223564478666093
0.0770935549668684,-1.63369159271941,20.6445369964768,0.294654285644458,-16.1121168721589,0.806230608050562,-0.293568296685691
0.076142587569053,-1.63683660892043,20.6515872676009,0.298806086025776,-16.1187975192843,0.795548039488443,-0.356931027130893
0.0749556836167637,-1.6398898583148,20.65839740716,0.30162581229256,-16.1253159667638,0.782215654136911,-0.412427197357648
0.0735331342945897,-1.64284631114331,20.6649938644313,0.303117839953795,-16.1316901772843,0.766271563859538,-0.4589832877807
0.0718762208059979,-1.64570024868597,20.6713977512345,0.303287912435178,-16.1379363638987,0.747757399947923,-0.495684172754562
0.0699873609203299,-1.64844576510694,20.6776288501405,0.302142691027904,-16.1440688388647,0.726718652298712,-0.521776503834283
0.0678701733127688,-1.65107724071967,20.6837092564531,0.299689637424654,-16.150099510201,0.703205371377236,-0.53667129898797
0.0655294674155195,-1.65358973961301,20.6896663918624,0.295937095883928,-16.1560372376963,0.677273532951576,-0.53994787616918
0.0629711711650368,-1.65597929475602,20.6955351818086,0.290894456366187,-16.1618873001846,0.648987347576877,-0.531361163853919
0.0602022054633361,-1.65824305020847,20.7013591950654,0.284572295627883,-16.167651240129,0.618422631077759,-0.510853938855145
0.0572303113481538,-1.66037923632593,20.7071905216542,0.276982444344615,-16.1733273427073,0.585671105373395,-0.478574985147933
0.0540638337934681,-1.66238696146934,20.7130881532965,0.268137980471331,-16.1789119603092,0.550845156393006,-0.434903329764874
0.0507114670398863,-1.66426581764478,20.7191146853038,0.258053201202261,-16.1844017889084,0.514082169495331,-0.380477474066691
0.0471819736212962,-1.66601532426558,20.7253313504627,0.246743673184999,-16.1897970196199,0.475547200030811,-0.316226839605944
0.043483900775377,-1.66763427532596,20.7317917703556,0.234226478819712,-16.1951050254414,0.435432549535479,-0.243400336923637
0.0396253326326341,-1.66912010662569,20.738535347468,0.220520757521016,-16.2003439496818,0.393953026832914,-0.163584429425835
0.0356137289868792,-1.67046844412733,20.7455817708515,0.205648572364307,-16.2055453538748,0.351336452860467,-0.0787012277859892
0.0314559041729945,-1.67167300376613,20.7529283693036,0.189636022045983,-16.2107551132245,0.307810309781591,0.00902243714666899
0.0271581856796808,-1.67272595989008,20.7605516709323,0.172514403010705,-16.2160321165908,0.263586982807234,0.0971199326460489
0.0227267586525651,-1.67361877955542,20.7684133610481,0.154321161066044,-16.2214449567585,0.218851099868785,0.182981084298635
0.0181681557489478,-1.67434336917815,20.7764691558588,0.135100402396856,-16.2270673932159,0.173752352723977,0.263968559358727
0.0134898064495928,-1.67489326299357,20.7846776445084,0.114902858115724,-16.2329735832295,0.128405724435828,0.337537758361553
0.00870053149690252,-1.67526455174441,20.7930056897476,0.09378535698219,-16.2392337791143,0.0828988694315199,0.40134426658417
0.00381086431377286,-1.67545631052993,20.8014279426158,0.0718099837371454,-16.2459106377762,0.0373045277116857,0.453329066115573
-0.00116689895903938,-1.67547040374679,20.8099202886803,0.0490431474813273,-16.2530559811035,-0.00830493690578045,0.491779820745809
-0.00621897777272634,-1.67531069033689,20.8184499499056,0.0255547665172946,-16.2607081204133,-0.0538434357790631,0.515372776852961
-0.0113307048583264,-1.6749818144349,20.826967319464,0.00141772951367185,-16.2688904955676,-0.0991990523349436,0.523202226889771
-0.0164873468814084,-1.67448792703635,20.8354047825685,-0.0232922571234995,-16.2776125720619,-0.144224492545584,0.514803371679919
-0.0216749716612255,-1.67383177166727,20.8436847224696,-0.0484963825081727,-16.2868729422237,-0.188730145760468,0.490171378129953
-0.026881162558142,-1.67301448267179,20.85173379727,-0.0741120356509318,-16.2966627403498,-0.232480052778278,0.449776099230527
-0.0320954383136769,-1.67203617552198,20.8594968508037,-0.100051856526641,-16.3069664089268,-0.275191900593382,0.394569133031469
-0.0373093359940227,-1.67089708821781,20.8669443081184,-0.126222841789772,-16.3177579135324,-0.316542982204864,0.325977668023685
-0.0425161892554269,-1.66959883970016,20.8740709150061,-0.152525936405775,-16.3289932444943,-0.356184081148644,0.245878032800014
-0.0477106601072498,-1.66814537742649,20.880887966864,-0.178856547627906,-16.3406025626294,-0.393761910700414,0.156542072614977
-0.0528880909430939,-1.66654333856595,20.8874132372878,-0.205106228748453,-16.3524860541944,-0.428948153366213,0.0605528132591734
-0.0580437688835515,-1.66480175726313,20.8936624456954,-0.231165407938143,-16.3645162185746,-0.461470213428123,-0.0393074948418904
-0.063172230607489,-1.66293124475353,20.8996444228583,-0.256926625087227,-16.3765467917694,-0.491136959445697,-0.140186173767292
-0.0682667471793676,-1.66094290189527,20.9053602873919,-0.282287500810883,-16.3884260663025,-0.51785321606054,-0.239289905250207
-0.0733190897459895,-1.65884726334302,20.9108056031435,-0.30715273569144,-16.4000110241954,-0.541619673582838,-0.333999735065329
-0.0783195992402994,-1.65665351724449,20.9159738929426,-0.331434782257411,-16.4111788344455,-0.562518982691979,-0.421960322293243
-0.0832575035749912,-1.65436912754792,20.9208599876466,-0.355053260928107,-16.421833552862,-0.580692260640175,-0.501139242363182
-0.088121378371522,-1.65199985904459,20.925462241456,-0.377933511122823,-16.4319075633763,-0.596311768442477,-0.569858065292063
-0.0928996427912386,-1.64955011031533,20.9297833206848,-0.400004789686168,-16.4413587131185,-0.609554989893586,-0.6268005704905
-0.0975810086084469,-1.64702341448429,20.9338298093728,-0.421198573061279,-16.4501648462021,-0.62058352960084,-0.671004841645459
-0.102154837833793,-1.6444229675465,20.9376111475217,-0.44144726998965,-16.4583175295649,-0.629528183561568,-0.701845782911105
-0.106611395549446,-1.64175207269122,20.9411384401743,-0.460683489646531,-16.4658164097324,-0.636479963741192,-0.719013496214087
-0.110942002989319,-1.63901442938887,20.944423538182,-0.478839886984713,-16.4726651097386,-0.641486052280949,-0.722491461729819
-0.115139101786084,-1.63621423610882,20.9474785938417,-0.495849537477682,-16.4788690661704,-0.644549531438112,-0.71253688487505
-0.119196238092415,-1.63335610988189,20.9503161064233,-0.51164676632608,-16.4844353068077,-0.645632024689224,-0.689664097659813
-0.123107970520117,-1.63044485369887,20.9529493279647,-0.52616835259094,-16.489373888219,-0.644658822963597,-0.654630664740699
-0.126869702883697,-1.6274851245963,20.955392808927,-0.539355023188818,-16.4937005188562,-0.641526435883434,-0.608424889460527
-0.130477444763983,-1.62448107127892,20.9576628281533,-0.551153131639195,-16.4974397569839,-0.636112653111913,-0.552252790863944
-0.133927511369879,-1.62143601842223,20.9597774731139,-0.561516380557735,-16.5006280867421,-0.628289050053482,-0.487522362753925
-0.13721618786444,-1.61835227197341,20.9617562135266,-0.570407402799717,-16.5033161573463,-0.617935428189605,-0.415823019303434
-0.140339398999753,-1.61523110281532,20.9636189348558,-0.577798986088499,-16.5055695529139,-0.604955054354023,-0.338898585821237
-0.143292436399671,-1.61207293460285,20.965384541568,-0.583674729219701,-16.5074676754739,-0.589288949380346,-0.258612914031797
-0.146069797113135,-1.60887771938753,20.9670693740112,-0.588028977573297,-16.5091006460758,-0.570927159752497,-0.176908220747681
-0.148665172669887,-1.60564544097526,20.9686857485774,-0.590865991716128,-16.5105645329818,-0.549915097340572,-0.0957573331085194
-0.151071599673988,-1.60237665233918,20.9702409293565,-0.592198449368354,-16.5119555942794,-0.52635375108385,-0.0171121557332548
-0.153281746922868,-1.5990729409971,20.9717367427507,-0.592045518861835,-16.5133644536403,-0.500393693671488,0.0571483402425024
-0.155288282827669,-1.59573723052003,20.9731699007084,-0.590430835516193,-16.5148711601001,-0.472223991540265,0.12526685536168
-0.157084250847836,-1.59237386417936,20.9745329405963,-0.587380721963835,-16.5165418786284,-0.442058009431379,0.185649785224052
-0.158663385018249,-1.58898846691611,20.9758155690831,-0.582922916630575,-16.5184275850296,-0.410118428671585,0.236900271280358
-0.16002031922629,-1.58558762966478,20.9770061319086,-0.577085936480747,-16.5205646981197,-0.376623550020944,0.277841836799271
-0.161150671650805,-1.58217849271341,20.9780929335023,-0.569899040724722,-16.5229772021565,-0.341776295671353,0.30753404183407
-0.162051012349156,-1.57876831782276,20.9790651673904,-0.561392640477566,-16.5256795596205,-0.305756571491406,0.325283048677524
-0.162718737969463,-1.57536413402232,20.9799132714747,-0.551598922874355,-16.5286796236303,-0.268717022798751,0.330650529780978
-0.163151885651036,-1.57197252579906,20.9806285728268,-0.540552450527276,-16.5319808108783,-0.230781873976748,0.323464024298257
-0.163348919781364,-1.56859961007262,20.9812021328664,-0.528290534988624,-16.5355829628813,-0.192048476066271,0.303830698912549
-0.163308525293041,-1.56525122188713,20.9816227603893,-0.514853254400899,-16.5394815858645,-0.152591309715548,0.272154722213745
-0.163029442223248,-1.56193329660863,20.9818742492438,-0.500283078094565,-16.5436655106751,-0.112468353228623,0.229156322133857
-0.162510377021308,-1.55865239691325,20.981932035258,-0.484624159173688,-16.5481134421972,-0.0717297647631163,0.175888236787476
-0.161750022750283,-1.55541628759942,20.9817596482696,-0.467921455329879,-16.5527903116375,-0.0304285807921149,0.113743110514983
-0.160747207911442,-1.5522344222736,20.9813055112632,-0.450219913788028,-16.5576446789581,0.0113674121749645,0.0444440865869734
-0.159501168129554,-1.54911819234445,20.9805007226748,-0.431563990299065,-16.5626084548105,0.053564230060824,-0.0299886182058401
-0.158011899142092,-1.54608082305089,20.9792583459288,-0.411997734184908,-16.5675997483101,0.0960328725989733,-0.107299223313065
-0.156280514704016,-1.5431368908693,20.9774743745214,-0.391565553645826,-16.5725286962534,0.138605361836337,-0.185084372853183
-0.154309514842243,-1.54030156009275,20.9750300183212,-0.370313597331314,-16.5773049812611,0.18107702207562,-0.260899391166284
-0.152102880727906,-1.53758974423491,20.9717944798916,-0.348291508242508,-16.5818449166803,0.22321483307555,-0.332369703877787
-0.149665950750002,-1.53501543890393,20.9676272091151,-0.325554194075881,-16.5860759223317,0.264770051879842,-0.397293423090317
-0.147005081989828,-1.53259142774784,20.9623788799876,-0.302163257421967,-16.5899370250068,0.305492317708828,-0.453724509808059
-0.144127142197416,-1.5303294572073,20.9558909777108,-0.278187833957243,-16.5933753473181,0.345142512242009,-0.500031828515801
-0.14103889779806,-1.52824085902108,20.9479947367743,-0.253704745228576,-16.596339868911,0.3835025677939,-0.534935149720474
-0.137746366983745,-1.5263375114464,20.9385110438603,-0.228798022425198,-16.5987746676787,0.420381659675386,-0.557522908692381
-0.134254206966554,-1.52463298056781,20.9272536773936,-0.203557950901576,-16.6006142695422,0.455619235723473,-0.56725786667511
-0.130565216004398,-1.52314365318427,20.9140387527285,-0.178079806392722,-16.6017837231777,0.489085800579832,-0.563976267477999
-0.126680060306956,-1.52188963396577,20.8987031633763,-0.152462415634345,-16.6022055856529,0.520682220958502,-0.547884290051679
-0.122597372275474,-1.5208951175291,20.8811335463486,-0.126806610522972,-16.6018149387965,0.550337691579882,-0.519552864812667
-0.118314375224955,-1.52018788524271,20.8613041054449,-0.101213603219599,-16.6005814523105,0.578005727793012,-0.479908362551222
-0.113828116761689,-1.51979759785632,20.8393163179619,-0.0757833307568716,-16.5985342126541,0.603657141148271,-0.430212767392682
-0.109137199974574,-1.51975277246897,20.8154277246806,-0.0506129079699255,-16.5957814141041,0.627269493477756,-0.372024417103859
-0.104243628758229,-1.52007679737395,20.7900546293771,-0.0257954285191571,-16.5925153992926,0.648814226929469,-0.307132037035682
-0.099154188380864,-1.52078390170558,20.7637389865918,-0.00141935863158028,-16.5889966447271,0.668244807603493,-0.23746253820794
-0.093880855306251,-1.52187629692993,20.737083156435,0.0224313923741462,-16.5855183334659,0.685490172412905,-0.164974591674198
-0.0884401035826841,-1.52334342629354,20.7106706277566,0.0456769041296668,-16.5823620231055,0.700456273993373,-0.0915583084876303
-0.0828514307898443,-1.52516347017309,20.6849966433512,0.0682405500549409,-16.5797586781181,0.713035168537554,-0.0189599648211923
-0.0771356696189099,-1.52730643530392,20.6604262543252,0.0900485272854725,-16.5778656230773,0.723118093131665,0.0512597828812269
-0.0713135751394963,-1.52973777235461,20.6371841166283,0.111029767126522,-16.5767620397328,0.730608144704831,0.117738019409276
-0.0654049162702328,-1.53242161067536,20.6153690373068,0.131116158314803,-16.5764588245785,0.735429461229843,0.179302863255374
-0.0594280536511756,-1.53532312405295,20.5949816524079,0.150242898707437,-16.5769158775345,0.737531876612071,0.234958978536484
-0.0533998601910091,-1.53840995078593,20.5759549042894,0.168348802446943,-16.578060717041,0.736891626021974,0.283872700067936
-0.0473358270655271,-1.54165283577734,20.5581808939231,0.185376473138114,-16.579804685326,0.733509395042893,0.325360123141878
-0.0412502412400087,-1.54502574174193,20.541531478398,0.201272341398435,-16.5820552624807,0.727407028152859,0.358878847658281
-0.0351563733489353,-1.54850565546666,20.5258724964349,0.215986621926896,-16.5847244665264,0.718623907569606,0.384022917019096
-0.0290666544565683,-1.55207225551513,20.5110727107805,0.229473265339683,-16.587733989633,0.707213646926715,0.400520284374162
-0.0229928427433451,-1.55570754645337,20.4970088759946,0.241689975614605,-16.5910178757801,0.693241439333512,0.408232307171004
-0.0169461902726013,-1.5593955161122,20.4835682034082,0.252598346638969,-16.5945234448161,0.676782178115078,0.407154965268222
-0.010937620684886,-1.56312183863514,20.470649193079,0.2621641501266,-16.5982109855721,0.657919317466388,0.397421579950918
-0.00497792455867395,-1.56687362449129,20.4581614899147,0.27035778540643,-16.6020525670567,0.636744337836081,0.3793067525808
0.000922027710351504,-1.57063920600315,20.4460251621511,0.277154879519411,-16.6060301895665,0.613356612542722,0.353231058509295
0.00675106416392083,-1.57440794084218,20.4341696121938,0.282537001306079,-16.6101334267816,0.587863429803132,0.319765743332392
0.0124974985372438,-1.57817001504538,20.4225322101932,0.286492427804407,-16.614356692635,0.560379912739801,0.27963631965791
0.0181489527133301,-1.58191623077905,20.4110566809669,0.289016874714864,-16.6186962917075,0.531028599549109,0.233723588843083
0.0236922457911189,-1.58563777181655,20.3996912651188,0.290114081921515,-16.6231474609328,0.499938505746296,0.183060309531491
0.0291133805687663,-1.58932595051317,20.3883867035699,0.289796138635164,-16.6277016576479,0.467243593408874,0.128821631851539
0.0343976493864726,-1.59297195186473,20.3770941451561,0.288083448379899,-16.6323443639704,0.433080711256441,0.0723076574341517
0.0395298638148079,-1.59656659986274,20.3657631286416,0.285004278790696,-16.6370536338032,0.397587226474594,0.0149171858374606
0.0444946892853655,-1.60010017509679,20.3543398200943,0.28059391097369,-16.6417994972511,0.360898707488348,-0.0418871548591974
0.0492770428618333,-1.60356230775409,20.3427656752729,0.274893485691311,-16.6465441774858,0.323147094960622,-0.0966208334278448
0.053862497248732,-1.60694195644076,20.3309766381059,0.267948709941908,-16.6512429148055,0.284459775899591,-0.14782363106275
0.0582376335752525,-1.61022746397887,20.3189028924572,0.259808618521345,-16.6558450914608,0.244959852314861,-0.194106731096633
0.0623903002516305,-1.61340666195367,20.3064690816734,0.250524562861105,-16.6602953510812,0.204767696617533,-0.234197400499233
0.0663097610304159,-1.61646698217269,20.293594830468,0.240149531499744,-16.6645345118087,0.164003667615404,-0.266978821146665
0.0699867442920124,-1.61939552898249,20.2801953713321,0.228737815558482,-16.6685002449748,0.122791674436725,-0.291523835955072
0.0734134295369091,-1.62217907202753,20.2661821055612,0.216344947556484,-16.672127672069,0.0812631444527278,-0.307122507793457
0.0765834208066885,-1.6248039325257,20.2514630207683,0.203027785179414,-16.6753501675812,0.0395608666033002,-0.31330408308448
0.0794917586909591,-1.62725575496518,20.2359430440862,0.188844593938192,-16.678100714171,-0.00215787858583316,-0.309854038811406
0.0821350140745628,-1.62951917900776,20.2195246360341,0.173855003764175,-16.6803141389218,-0.0437195360110067,-0.296826425067739
0.0845114881441193,-1.63157745242079,20.2021092199418,0.158119758783464,-16.6819304838446,-0.0849344788628805,-0.274550838131167
0.0866215171657657,-1.63341205568371,20.1836003609722,0.141700238136451,-16.6828996584253,-0.125599736417503,-0.243632420532138
0.0884678474883172,-1.63500244035238,20.163909857351,0.124657780067639,-16.6831874016151,-0.165504500577066,-0.204942622044759
0.0900560101319841,-1.63632601162668,20.1429678900992,0.107052884459684,-16.6827824310162,-0.20443814725645,-0.159598512596296
0.0913945903723295,-1.6373584999551,20.1207378195711,0.0889443938585934,-16.6817044170278,-0.242199808854291,-0.108929497178651
0.0924952662202975,-1.63807485092176,20.097234862399,0.0703887660163273,-16.6800119995649,-0.278607851089814,-0.0544323402648035
0.0933724920024298,-1.6384506963165,20.0725457314836,0.0514395585806749,-16.6778094206283,-0.31350725264397,0.00228212318361572
0.0940427447022414,-1.63846433885701,20.0468439359639,0.0321472577806272,-16.6752496247316,-0.346773162194251,0.0595453465650572
0.0945233388348488,-1.63809899794535,20.0203940752413,0.0125595812744324,-16.6725313279857,-0.378309873817668,0.11568507481965
0.0948309444324073,-1.63734488139313,19.9935396538531,-0.00727765957345638,-16.6698882073844,-0.408045812342099,0.169073360633059
0.0949800729713946,-1.63620056668121,19.9666733746287,-0.0273191727035988,-16.6675703501371,-0.435926237334824,0.218167832729279
0.0949818629855739,-1.63467328531357,19.9401952029457,-0.0475184839726042,-16.6658208940589,-0.461905706177545,0.26154768138728
0.0948434435329475,-1.63277800288698,19.9144685373121,-0.0678262812592002,-16.664852965823,-0.485941780218897,0.297946121935112
0.0945679840306777,-1.6305355492518,19.8897855608924,-0.0881891889427813,-16.6648321917446,-0.507990462176509,0.326279676888134
0.0941553301992546,-1.62797029906398,19.8663488661666,-0.108549227193517,-16.6658680054079,-0.528003048321881,0.345672920821572
0.0936029791423308,-1.62510793165499,19.8442702491425,-0.128843991226469,-16.6680138954263,-0.545923828937707,0.355476757971732
0.0929071142596907,-1.62197364384925,19.8235825030805,-0.149007389725749,-16.6712742430589,-0.561688289842582,0.355279083821618
0.0920634851395136,-1.61859096820837,19.8042579452812,-0.168970685375384,-16.6756144006873,-0.575221854770214,0.344908101867327
0.0910680210216851,-1.61498116816668,19.7862280284999,-0.188663590393458,-16.6809710412051,-0.586439501238487,0.324429687603604
0.0899171591643866,-1.6111630852813,19.7694003589457,-0.208015246048458,-16.6872608874949,-0.595246696524848,0.294140587159797
0.0886079289178839,-1.60715329176618,19.7536714917746,-0.226955009272233,-16.6943870639975,-0.6015420553352,0.254558949550608
0.0871378601151115,-1.60296642170556,19.7389353539133,-0.245413050089082,-16.7022431559251,-0.605221969099523,0.206413045079434
0.0855047908101078,-1.59861558739037,19.7250879542953,-0.263320815945018,-16.7107155482437,-0.606187220457046,0.150628298494768
0.0837066449746468,-1.59411281651725,19.7120293516236,-0.280611441564259,-16.719684812646,-0.604351289326181,0.0883121771826337
0.0817412409937162,-1.58946946560322,19.6996638700612,-0.297220178251039,-16.7290269074522,-0.599649693745743,0.0207360936340511
0.0796061787606148,-1.58469657625177,19.687899436583,-0.313084890791198,-16.738614819111,-0.592049342259007,-0.0506866569153551
0.077298836821183,-1.57980514817339,19.6766467399438,-0.328146631391201,-16.7483210449749,-0.581556596459902,-0.124427784518139
0.0748164913561709,-1.57480631076567,19.6658187099583,-0.342350258821558,-16.7580210269153,-0.568222668361573,-0.198876183060161
0.0721565467988751,-1.56971138640974,19.6553305961745,-0.35564503713011,-16.7675973355026,-0.552145200442372,-0.272375190873465
0.069316846674189,-1.56453185353443,19.6451007001408,-0.367985131863621,-16.7769441339376,-0.533465419166769,-0.343263836287466
0.0662960171563679,-1.5592792329043,19.6350516131064,-0.379329928018841,-16.7859712872862,-0.512361020302654,-0.409920056890517
0.0630937892032301,-1.55396493181297,19.6251116692932,-0.389644121736133,-16.794607477522,-0.489035733450237,-0.470803231293139
0.0597112505246749,-1.5486000841076,19.6152162755107,-0.398897580202586,-16.8028018477156,-0.463707087140474,-0.524493255902332
0.0561509951940457,-1.54319541845561,19.60530882695,-0.407065010488934,-16.810523984531,-0.436594086864054,-0.569723959682
0.0524171616077547,-1.53776117575393,19.5953410392037,-0.414125515395041,-16.81776237145,-0.40790630244327,-0.605409739579921
0.0485153723278046,-1.53230708406576,19.585272668829,-0.420062135803953,-16.8245217160313,-0.377835366162681,-0.630665583057432
0.0444526063297806,-1.52684239043936,19.5750707104091,-0.424861483824366,-16.830819712987,-0.346549312119805,-0.644821750204925
0.0402370418109353,-1.52137594539636,19.5647082177942,-0.42851356115125,-16.8366838341155,-0.31418972177598,-0.647435038593688
0.0358779059951016,-1.51591633687077,19.5541628994721,-0.431011839285212,-16.8421486563743,-0.28087138400913,-0.638298670619634
0.0313853588581032,-1.51047207283686,19.5434156011432,-0.432353653414813,-16.8472540829506,-0.246684133709286,-0.617452451305368
0.0267704231514068,-1.50505181198954,19.5324487403819,-0.432540929094167,-16.8520446077624,-0.211696635394897,-0.585194036193543
0.0220449560578902,-1.49966463637711,19.5212447242735,-0.431581214464169,-16.8565695378844,-0.175962019296148,-0.542090985288678
0.0172216410414955,-1.4943203472299,19.5097843782269,-0.429488926859137,-16.8608838343955,-0.139525337187789,-0.488991825009721
0.0123139651063308,-1.48902974654005,19.4980454467757,-0.426286642824187,-16.8650489863752,-0.102432676892708,-0.4270327150814
0.00733614078896555,-1.48380484730903,19.4860012832827,-0.422006178833617,-16.8691331522143,-0.0647414015977334,-0.357634819418865
0.0023029382636331,-1.47865894407216,19.4736198974209,-0.416689157868108,-16.873209779193,-0.0265304104847595,-0.282486692010331
-0.00277058622419571,-1.4736064835221,19.4608635400395,-0.410386780167523,-16.8773541463153,0.0120912543557946,-0.203506703995248
-0.00786944669499708,-1.46866271068479,19.4476889418837,-0.403158644964404,-16.8816378047571,0.0509793871630644,-0.122783326657593
-0.0129791148625385,-1.46384312480786,19.4340481847633,-0.395070704013985,-16.8861216164269,0.0899547517178672,-0.0424957855585264
-0.0180858641126834,-1.45916284166359,19.4198900110975,-0.386192692871643,-16.8908487489752,0.128808883375809,0.0351772161297527
-0.0231770012603074,-1.4546359967735,19.4051612428034,-0.376595570563483,-16.8958392500664,0.167314645896253,0.10814952178322
-0.0282409505674407,-1.4502753165217,19.3898079451235,-0.366349505834794,-16.9010875057614,0.205239414683442,0.174509060739088
-0.0332672015039591,-1.44609193345135,19.3737760470935,-0.355522764378804,-16.906563086871,0.242358277741893,0.232581079979578
-0.0382461722884667,-1.44209545117577,19.3570112768786,-0.344181563129678,-16.9122145481515,0.278465030925642,0.280970416464262
-0.043169060811424,-1.43829420304223,19.339458423599,-0.332390685044875,-16.9179750472932,0.313379701823026,0.318584807577406
-0.0480277506626199,-1.43469561462707,19.3210600542771,-0.320214484225455,-16.9237683988429,0.346952394064242,0.34464391561575
-0.0528148194976076,-1.43130657500029,19.3017548872688,-0.307717878791576,-16.9295143490195,0.379064025637373,0.358679251121223
-0.0575236690991081,-1.42813373593924,19.2814760710621,-0.294966998040257,-16.9351322861391,0.409624894229644,0.360529191876338
-0.0621487676220516,-1.4251836807136,19.2601496645064,-0.282029272475309,-16.9405431073701,0.438571987065926,0.350331659654949
-0.0666859673654158,-1.42246292770257,19.2376936742314,-0.26897289035345,-16.9456694234014,0.465865705066941,0.328515350408157
-0.0711328370669866,-1.41997775730953,19.2140180683777,-0.255865669732291,-16.9504346420104,0.491486346667736,0.295789019219221
-0.0754889282973332,-1.41773387499804,19.1890262204093,-0.242773500751024,-16.9547617090548,0.515430420388831,0.253127307233037
-0.0797558859250251,-1.41573594990928,19.1626181929922,-0.229758593128661,-16.9585723836566,0.53770670997473,0.201751029228999
-0.0839373190786075,-1.41398709630465,19.1346960991685,-0.216877808869472,-16.9617878562909,0.558332027368216,0.143099754773276
-0.0880383774851841,-1.4124883873409,19.10517144928,-0.204181357927478,-16.9643312577547,0.577326739887609,0.0787950303072421
-0.0920650277927843,-1.41123849983012,19.0739739350995,-0.191712074496243,-16.9661321621713,0.594710364448576,0.0105936874596912
-0.0960230885164627,-1.41023357472256,19.0410606133643,-0.179505377418162,-16.9671326285596,0.610497698762331,-0.0596676607574337
-0.0999171417444008,-1.40946734211973,19.0064240893474,-0.167589872182119,-16.9672938001593,0.624695984442858,-0.130134011863535
-0.103749478284493,-1.40893150508054,18.97009822493,-0.15598841475836,-16.9666017614987,0.637303466378835,-0.198994731149316
-0.107519232319808,-1.40861632395304,18.9321602027084,-0.144719372764185,-16.9650713812013,0.648309412139588,-0.264542384263533
-0.111221826065077,-1.4085113034522,18.8927284140349,-0.133797812002011,-16.9627472527454,0.657695352656045,-0.32522267933101
-0.114848780633573,-1.40860587593186,18.8519564383672,-0.123236404736784,-16.9597014737087,0.665437049957447,-0.379671942391898
-0.118387884024613,-1.40888998880377,18.8100240862077,-0.113045965239423,-16.9560286550427,0.671506650522747,-0.426740633014268
-0.121823651423938,-1.40935453984899,18.767126907367,-0.103235631235198,-16.9518390399044,0.67587456266093,-0.465503503227113
-0.12513798576248,-1.40999164049319,18.7234656220495,-0.0938127884404879,-16.9472508136056,0.678510830176556,-0.495258745682865
-0.128310938884745,-1.41079472046002,18.6792366887721,-0.0847828725942256,-16.9423826260725,0.679385989379054,-0.515519390692231
-0.131321487283523,-1.41175850621486,18.6346247946341,-0.0761491781375194,-16.9373471008578,0.6784715935498,-0.526000477268641
-0.134148255038288,-1.41287891559316,18.5897976022804,-0.0679127753203203,-16.9322457972516,0.675740666312937,-0.526605106505537
-0.136770138996865,-1.41415291113552,18.5449027041956,-0.0600725983103811,-16.9271658044276,0.671168346889244,-0.517411779726979
-0.139166808974534,-1.41557835117378,18.5000664764347,-0.0526257295267842,-16.9221779339573,0.664732901368188,-0.498664507391275
-0.141319071092677,-1.41715387099436,18.4553943844506,-0.0455678713705132,-16.917336341206,0.656417148190937,-0.47076628480697
-0.143209094053026,-1.41887881843717,18.4109722554948,-0.0388939678695991,-16.9126793341191,0.64621019866252,-0.43427567962173
-0.144820508964829,-1.42075325787926,18.3668680640942,-0.0325989135377478,-16.9082310927959,0.634109283292339,-0.389905539397883
-0.14613840416409,-1.42277804308147,18.3231338566019,-0.0266782656810672,-16.9040040051718,0.620121349050807,-0.338522226136738
-0.147149246223878,-1.42495494334243,18.279807552472,-0.0211288635398014,-16.9000013151198,0.604264092107953,-0.281143345881752
-0.14784076685867,-1.42728678990023,18.2369144870237,-0.0159492575553148,-16.8962197810527,0.586566160543887,-0.218931773373963
-0.148201859572169,-1.42977759468824,18.1944686872664,-0.0111398710682337,-16.8926520696462,0.567066417775146,-0.153183943294204
-0.148222525639532,-1.43243258740879,18.1524739786227,-0.0067028586859038,-16.8892886758183,0.54581236486871,-0.0853109337206762
-0.147893898684428,-1.43525812238005,18.110925076844,-0.00264168263884516,-16.8861192668817,0.522858041024768,-0.0168118258194295
-0.147208356916305,-1.43826142795822,18.0698088164579,0.00103950782089413,-16.8831334854973,0.498261861240086,0.050760029892127
-0.146159711233019,-1.44145020237724,18.0291055991893,0.00433656186154501,-16.8803213736723,0.472084880171157,0.115836080260503
-0.144743437048057,-1.44483209452133,17.988791043348,0.00724592786435357,-16.8776736610353,0.444389858284318,0.176874426091746
-0.142956906917613,-1.44841413399456,17.9488377141301,0.0097650439451187,-16.8751821624282,0.415241310495676,0.232401682729894
-0.140799579665955,-1.45220218528553,17.9092167577795,0.0118924495009238,-16.872840451679,0.38470650245383,0.281052409359133
-0.138273109564713,-1.45620049318883,17.8698992687697,0.0136276230057126,-16.870644844671,0.352857203797379,0.321604466307383
-0.135381353075018,-1.46041136462065,17.8308572817351,0.0149706223752768,-16.8685955757641,0.31977195048451,0.353009664032969
-0.132130262826125,-1.46483500557282,17.7920643734461,0.0159216524465452,-16.8666979274607,0.285538586397551,0.374419956884952
-0.12852766988253,-1.46946950697782,17.7534959479141,0.0164807060083394,-16.8649629968154,0.250256914521769,0.385210069517818
-0.124582960941617,-1.47431095782168,17.7151293368211,0.0166474152409069,-16.8634077664676,0.214041315766048,0.384997630987574
-0.120306662526784,-1.4793536571885,17.6769438647348,0.0164212169263045,-16.8620541944643,0.177023156773585,0.373661665583221
-0.115709951240443,-1.48459039790785,17.6389210077024,0.0158018792042687,-16.8609271481568,0.139352689078303,0.351359628926289
-0.110804120728462,-1.49001279887976,17.6010447246725,0.0147903626895086,-16.8600511855787,0.101199970044673,0.318542115858223
-0.105600053924018,-1.49561166569611,17.5633019753028,0.0133899006798262,-16.8594464260186,0.0627541828432174,0.275963044178467
-0.100107768442551,-1.50137735755031,17.5256833668878,0.011607092942017,-16.8591240211394,0.0242206935783052,0.224681742375801
-0.0943361160724622,-1.50730013212818,17.488183806738,0.00945273891536896,-16.8590819765975,-0.0141846150882061,0.166052396142466
-0.0882927118759487,-1.51337043282629,17.4508029992781,0.00694212726142289,-16.8593021764318,-0.0522437478143019,0.101696389868248
-0.081984136556282,-1.51957908119702,17.4135456250433,0.00409457248832854,-16.8597493527689,-0.0897470078708824,0.0334547136216662
-0.0754163981620033,-1.52591734718848,17.3764211035632,0.000932159247412402,-16.8603723714289,-0.126503942156124,-0.0366790392309494
-0.0685955720209332,-1.53237689264985,17.3394429576347,-0.00252212560187507,-16.8611076645408,-0.162352852859859,-0.106640297720448
-0.0615284872823536,-1.53894961337923,17.3026279286155,-0.00624650217500171,-16.8618841167976,-0.197166962891686,-0.174381308969334
-0.0542233177331206,-1.54562743033913,17.2659950825924,-0.0102222973751565,-16.8626284098107,-0.230855982647682,-0.237955141765548
-0.0466899685779535,-1.55240209133934,17.229565151063,-0.0144352524768819,-16.8632698585941,-0.263362856767399,-0.295587239908268
-0.0389402151352927,-1.55926503700449,17.1933602621572,-0.0188760382019867,-16.8637440964294,-0.29465650398501,-0.345729333504143
-0.030987615433857,-1.56620736445826,17.1574040878627,-0.0235399927072955,-16.8639954027522,-0.324721966657179,-0.387094608561508
-0.0228472671727107,-1.57321989738701,17.1217223065077,-0.0284262722847447,-16.8639778718234,-0.353549584209861,-0.418676356468217
-0.0145354989549542,-1.58029334987137,17.0863432084478,-0.0335366925335745,-16.8636558586244,-0.381124574283229,-0.439754113512135
-0.00606958074927413,-1.58741855628303,17.0512982626703,-0.0388745417439155,-16.8630042012495,-0.407418034441228,-0.449891617336443
0.00253248230912717,-1.59458672994123,17.0166225000713,-0.0444435937532927,-16.8620086393788,-0.4323800323032,-0.448930211182876
0.0112520368196773,-1.60178970701533,16.9823546300403,-0.0502474657172851,-16.8606666817973,-0.455935228599024,-0.436980137900063
0.020069742547524,-1.60902012835481,16.9485368667279,-0.0562893800237952,-16.8589889715386,-0.477981371395433,-0.414410881416315
0.028965430896411,-1.61627151170637,16.9152144842672,-0.062572311624335,-16.857000990355,-0.498390935936416,-0.381840552729914
0.037917908166814,-1.62353817321097,16.8824351403717,-0.0690994369686384,-16.8547447636331,-0.51701606704621,-0.340123416783211
0.0469047699388976,-1.63081497356938,16.8502480087525,-0.075874750575288,-16.8522801016259,-0.533696729696915,-0.290334102023558
0.0559023003943818,-1.63809689212664,16.8187027534067,-0.0829036834692162,-16.8496848741222,-0.548271558936315,-0.233746882725539
0.0648855220246364,-1.64537846848508,16.787848375464,-0.0901935493596204,-16.8470538907446,-0.560590378042954,-0.171808718055926
0.0738284351228208,-1.65265318792073,16.7577319761891,-0.0977536656437087,-16.8444961545212,-0.570526855647447,-0.106105426825405
0.0827044459665079,-1.65991291229905,16.7283975089323,-0.105595049120434,-16.8421305457963,-0.577989483709257,-0.0383213602718024
0.0914869370607608,-1.66714746146366,16.6998846277829,-0.113729665590008,-16.840080312538,-0.582929135213557,0.0298059978383262
0.10014989533652,-1.67434442646189,16.6722277632253,-0.122169303481495,-16.838467005601,-0.585341957360337,0.0965341577612982
0.108668496903086,-1.68148925011894,16.6454555482992,-0.130924222626347,-16.8374046250464,-0.58526717457155,0.160163582166587
0.117019555731632,-1.68856555552071,16.6195906763645,-0.140001778325912,-16.8369946970907,-0.582780290783271,0.219082538870305
0.125181775577767,-1.69555565552751,16.5946502021947,-0.14940522377053,-16.8373227970896,-0.577982933461032,0.271806395255802
0.13313578905323,-1.70244114962602,16.5706462216151,-0.15913285053156,-16.838456735824,-0.570990984443177,0.317009806860346
0.14086401155687,-1.70920351299035,16.5475868030606,-0.169177551248839,-16.8404463180507,-0.561922645623972,0.353551363942431
0.14835036977615,-1.71582460241337,16.5254770116405,-0.17952680290237,-16.8433243358346,-0.550887777436069,0.380491324485861
0.155579979346714,-1.72228703480929,16.5043198647341,-0.190162995174362,-16.8471083144316,-0.537979385439817,0.397103855295038
0.162538844900403,-1.72857442564626,16.4841170797137,-0.201063980776365,-16.8518024899509,-0.523267679183143,0.40288559882979
0.169213642930602,-1.73467149943876,16.4648695068644,-0.212203707892344,-16.8573995464217,-0.506796800250218,0.397562366589032
0.175591628764846,-1.74056409896099,16.4465771744574,-0.223552806232907,-16.8638817498308,-0.488584151667608,0.381095372219693
0.181660687770375,-1.74623912531811,16.4292389059758,-0.235079030202521,-16.8712212678394,-0.468622240708473,0.353687768483135
0.1874095288609,-1.75168443994186,16.4128515070297,-0.246747508153088,-16.8793796477121,-0.446883001946991,0.315791407012092
0.19282799570992,-1.75688875553218,16.397408571256,-0.258520798712112,-16.8883066372052,-0.423324608563386,0.268112784816896
0.1979074474195,-1.76184153808764,16.3828990285459,-0.270358807551312,-16.8979387635701,-0.397900707581152,0.21161613878804
0.202641137863539,-1.76653293774819,16.3693056535657,-0.282218663056377,-16.9081983017187,-0.370571752189104,0.147520731746325
0.207024506167503,-1.77095376147883,16.3566038492157,-0.294054677539022,-16.9189934010221,-0.341317626799342,0.0772887398180689
0.211055287932191,-1.7750954943307,16.3447610798824,-0.305818520748476,-16.9302201127038,-0.310150147214923,0.00260012763388153
0.214733376635699,-1.77895036704243,16.3337373021652,-0.317459696068029,-16.941766785547,-0.277123477402973,-0.0746881472256696
0.218060410560453,-1.78251145598706,16.3234865869736,-0.328926337282146,-16.9535207618369,-0.242340333525296,-0.15259912348874
0.221039126406213,-1.78577279023428,16.3139598513449,-0.340166250506028,-16.9653766144709,-0.205952310263263,-0.229106429836808
0.223672586993701,-1.78872943454359,16.3051082946156,-0.351128041887681,-16.9772445541668,-0.168153799594649,-0.302212620925953
0.225963431575405,-1.7913775208612,16.2968868874805,-0.361762131902124,-16.9890573767774,-0.129170470812171,-0.370027177177672
0.227913293630622,-1.79371421385801,16.2892572107394,-0.372021482221792,-17.0007745758624,-0.0892445795275072,-0.430835948246166
0.229522483480934,-1.79573761365855,16.2821891149003,-0.381861945572819,-17.0123829463751,-0.0486199589372812,-0.483155933252505
0.230789960388642,-1.7974466121117,16.2756609967463,-0.391242258667052,-17.0238938761892,-0.00752924268286709,-0.52577279440406
0.231713550937583,-1.79884072353382,16.2696588239173,-0.400123793578273,-17.035338236407,0.0338150783487262,-0.557762035215904
0.232290327939085,-1.79991990591619,16.2641742658017,-0.408470233958096,-17.0467601302259,0.0752252922457559,-0.578497187895772
0.232517053358183,-1.80068437914448,16.2592023652014,-0.416247342562854,-17.0582107222562,0.11653922455399,-0.587649213575313
0.232390603542978,-1.801134439661,16.2547391405058,-0.423422947387116,-17.0697430629436,0.157618034771008,-0.585180871201454
0.231908321757874,-1.80127026970823,16.2507794089334,-0.429967210333118,-17.0814084040838,0.198342064652832,-0.571338548797018
0.231068271128985,-1.8010917456518,16.2473150251816,-0.435853170046114,-17.0932540968628,0.23860560667459,-0.546642497924738
0.229869384394731,-1.80059826232217,16.2443336645838,-0.441057480145985,-17.1053228422235,0.278311238395422,-0.511874940689676
0.228311522455651,-1.79978860379898,16.2418182437407,-0.44556120272212,-17.1176528509788,0.317364192343552,-0.468064345909498
0.226395462503904,-1.79866089984799,16.2397470416458,-0.449350475278513,-17.130278376231,0.355667158456467,-0.416463514880992
0.224122840151831,-1.79721270542633,16.2380945340451,-0.452416862451737,-17.1432301085471,0.393115937426719,-0.358519177389396
0.221496070452901,-1.79544122461522,16.2368328678754,-0.454757240974828,-17.1565350728021,0.429596403990752,-0.295831760866341
0.218518269718481,-1.79334367068376,16.2359337911425,-0.456373156158626,-17.1702159108508,0.464983213284297,-0.230105712065896
0.21519319541214,-1.79091771896559,16.2353707486184,-0.457269709440515,-17.1842897151497,0.499140509851187,-0.16309292361613
0.211525215318033,-1.78816198113467,16.2351207984046,-0.457454158959525,-17.198766802448,0.531924583586334,-0.0965337085357657
0.207519309575262,-1.78507641893735,16.2351660310985,-0.456934491921862,-17.2136498998692,0.563188038507314,-0.0321006791780628
0.203181103928609,-1.78166262975617,16.2354942783495,-0.455718234434059,-17.2289341224645,0.592784744928127,0.0286495497652225
0.198516927041293,-1.77792396699889,16.2360990497998,-0.453811692624959,-17.2446078971089,0.620574731302043,0.0843135328425075
0.193533883419747,-1.77386549690689,16.2369787827353,-0.451219704678505,-17.260654724397,0.646428287134975,0.133665925359117
0.188239932743841,-1.76949382404597,16.2381355895643,-0.44794586113091,-17.2770554688845,0.6702288188977,0.175673078787158
0.182643968328529,-1.76481683575598,16.2395737262186,-0.443993061321523,-17.2937907796162,0.691874334707348,0.209497592760996
0.176755889136543,-1.75984341860886,16.241297990967,-0.439364229106483,-17.3108432674589,0.711277720078428,0.23449671813296
0.170586661345431,-1.7545831926153,16.2433122203621,-0.434063010618681,-17.3281991630167,0.728366151917693,0.250217469391131
0.164148366089218,-1.74904629701283,16.2456180017273,-0.428094307812616,-17.3458493016339,0.743080066388344,0.256390871952183
0.157454228662872,-1.74324324883521,16.2482136875581,-0.421464547856017,-17.3637893962691,0.755372060324823,0.252927131512532
0.150518622255619,-1.73718488531552,16.2510937829407,-0.414181642007381,-17.382019648861,0.765206004009904,0.239912831803173
0.143357035842518,-1.73088239294159,16.2542487783232,-0.406254639751656,-17.4005438152407,0.772556500951178,0.217610569576152
0.135985992865701,-1.7243474184607,16.2576655134183,-0.397693137758708,-17.4193678905057,0.777408682598843,0.186460764087611
0.128422906112314,-1.71759224930243,16.2613281561377,-0.388506550695736,-17.4384986182947,0.779758195226564,0.147084708250487
0.120685856734244,-1.71063004116387,16.2652198573793,-0.378703394430452,-17.4579420584766,0.779611147975405,0.100287308790854
0.112793293083469,-1.70347505959637,16.2693250760068,-0.368290759742615,-17.4777024602086,0.776983762770397,0.0470574361934693
0.10476365847576,-1.69614289256553,16.2736324548794,-0.357274155216905,-17.4977816676675,0.771901509901915,-0.0114365177176271
0.0966149748357593,-1.68865058635629,16.2781379796157,-0.345657859398839,-17.5181792170571,0.764397626622133,-0.073858253802236
0.0883644273064914,-1.68101666218315,16.2828480017253,-0.333445837938993,-17.5388931582672,0.754511074329308,-0.138724240909085
0.0800280077684821,-1.67326098863682,16.2877816107701,-0.32064316094271,-17.5599214645757,0.742284155549754,-0.20443432452069
0.0716202764638698,-1.66540451395083,16.2929718531857,-0.307257724916418,-17.5812637171197,0.727760130452199,-0.269311709901777
0.0631542870257365,-1.65746889515945,16.298465449327,-0.293301982511604,-17.6029226233796,0.710981203507333,-0.331650208594226
0.0546416925311766,-1.64947608781685,16.3043209348368,-0.27879434996361,-17.6249049028227,0.691987183942208,-0.389765387945635
0.0460930154925221,-1.64144796996199,16.3106054710509,-0.263760014638251,-17.6472211700325,0.670814987308408,-0.442045711938832
0.0375180330160612,-1.63340606323532,16.3173908255665,-0.248230991172371,-17.66988464232,0.647499000672859,-0.48700009144974
0.0289262086470201,-1.62537138621958,16.3247491294204,-0.232245435286435,-17.6929087348709,0.622072240871558,-0.523299352891607
0.0203270989862798,-1.6173644399131,16.3327489401513,-0.215846372070796,-17.7163038140892,0.594568224883303,-0.549810616152835
0.0117306745515683,-1.60940529347211,16.3414519164501,-0.199080094714126,-17.74007351399,0.565023529036043,-0.5656249933504
0.00314751517284141,-1.60151371714657,16.3509101214891,-0.181994527512245,-17.7642110733437,0.533481088053618,-0.570080024455875
-0.00541113568624051,-1.59370930057565,16.3611637099283,-0.164637830896994,-17.7886961449611,0.499994309242978,-0.562778681683335
-0.0139334501340877,-1.58601149635281,16.3722385940493,-0.147057472304518,-17.8134924951733,0.464631995029804,-0.54360658788991
-0.022407200412832,-1.57843953803979,16.3841436804094,-0.129299908558466,-17.8385469731203,0.427483853523104,-0.512748382031221
-0.0308200024836086,-1.57101219731896,16.3968674522535,-0.111410927601846,-17.8637900854892,0.388666045229114,-0.470702985413939
-0.0391595573175551,-1.56374736799753,16.4103740497601,-0.0934365790689068,-17.8891384375715,0.34832583077628,-0.418295941266407
-0.0474138200820945,-1.55666149798258,16.4245995197232,-0.0754244869253195,-17.9144991523312,0.306644068355048,-0.356685125986848
-0.0555710316903614,-1.5497689346974,16.4394494221909,-0.0574252029545628,-17.939776111775,0.263834232035225,-0.287354326301385
-0.0636195705060918,-1.54308129767121,16.4547992437077,-0.0394931717483668,-17.9648774710495,0.220136966816907,-0.212088203261768
-0.0715476252250489,-1.53660702605558,16.4704988040501,-0.0216868972453704,-17.9897234506342,0.1758100650542,-0.132923102443248
-0.0793427438249337,-1.5303512436676,16.486380947178,-0.00406807227528567,-18.0142530966859,0.131115024001026,-0.0520718509942512
-0.0869913589778264,-1.52431602361559,16.5022735077664,0.0133002637808568,-18.0384287368836,0.0863026044899228,0.0281732535848012
-0.0944784070679729,-1.51850102942708,16.5180123934597,0.0303561453086376,-18.0622373568758,0.0416004543877008,0.105548673318324
-0.101787136652828,-1.51290440103809,16.5334531982205,0.0470410831185564,-18.0856889356597,-0.00279454045963378,0.177924764106297
-0.108899151475811,-1.50752369201735,16.5484792806091,0.0633018798962032,-18.1088125483574,-0.0467178669925395,0.243394415602001
-0.115794675103289,-1.50235667493279,16.5630054061768,0.0790915197284947,-18.1316514280684,-0.0900333355178334,0.300336843171469
-0.122452981235223,-1.49740190129123,16.5769772798503,0.094369101897142,-18.1542580689404,-0.132625041680815,0.347454770904995
-0.128852916428386,-1.49265899190561,16.5903680962764,0.109099037072647,-18.1766900103387,-0.174387510144943,0.383788591415009
-0.13497344711513,-1.4881287054109,16.603173460471,0.123249838188591,-18.1990064396256,-0.21521596593654,0.408713750918596
-0.140794180059778,-1.48381286839479,16.6154058207784,0.136792827115754,-18.2212654000675,-0.254998085253774,0.421927745717975
-0.146295823960091,-1.47971425169067,16.6270891661224,0.149700994168313,-18.243521268082,-0.293607968198527,0.423431710905868
-0.151460573467006,-1.47583645576698,16.6382543770138,0.161948145609531,-18.2658222372897,-0.330902647672844,0.413509647031783
-0.156272404005254,-1.4721838372649,16.6489353816863,0.173508389630957,-18.2882077316807,-0.366721226928457,0.392706531846801
-0.160717267947551,-1.46876147899336,16.6591661574878,0.184355954834274,-18.310705879661,-0.400886641598301,0.361805210933117
-0.164783183683428,-1.46557518314638,16.6689785859122,0.194465303447068,-18.3333313455737,-0.433209961432809,0.321801175437762
-0.16846021212793,-1.46263145545164,16.6784011607,0.203811483160066,-18.3560838908626,-0.463496996076185,0.273874128594901
-0.171740323197867,-1.45993744690509,16.6874585213532,0.212370648409196,-18.3789480023319,-0.491556722114986,0.219355587639187
-0.174617166961217,-1.45750082902958,16.6961717251431,0.220120668768851,-18.4018937869258,-0.517210739230176,0.159692519520977
-0.177085779031177,-1.45532959447621,16.7045590915054,0.22704173355147,-18.4248791234967,-0.54030268841958,0.09640796080426
-0.179142261653386,-1.45343179318806,16.7126373823714,0.233116861752882,-18.4478528380046,-0.56070643012515,0.0310604068407267
-0.180783487153326,-1.45181522959356,16.7204230499082,0.238332242173485,-18.4707584896086,-0.578331870499327,-0.0347957821787906
-0.182006865503488,-1.45048715505482,16.727933304341,0.242677358012782,-18.4935382680604,-0.593127645452392,-0.0996467646313125
-0.182810204657104,-1.44945398992548,16.7351868232887,0.246144889389799,-18.5161365236514,-0.605080360725262,-0.162050706393628
-0.183191673724892,-1.44872110283687,16.7422040181338,0.24873042385191,-18.5385025637309,-0.614210611925926,-0.220663462676794
-0.18314986143346,-1.44829266310056,16.7490068657645,0.250432032231026,-18.5605925160524,-0.620566451181674,-0.274258337200969
-0.18268390859739,-1.44817156916187,16.7556183878311,0.251249778544981,-18.582370237075,-0.624215231487146,-0.321740450077182
-0.181793687158472,-1.44835944376813,16.7620618993226,0.251185228612641,-18.6038073927865,-0.625234831392232,-0.362156690309189
-0.180479993059705,-1.4488566803607,16.7683601671679,0.250241000099212,-18.6248829458549,-0.623705134102555,-0.39470237761327
-0.178744723020664,-1.44966252030947,16.7745346141404,0.2484203760656,-18.645582335516,-0.619700432358928,-0.418725770291256
-0.176591014423859,-1.45077513584641,16.7806046910718,0.245726996999548,-18.6658966512183,-0.613283225772727,-0.43373155955778
-0.174023329865913,-1.45219169692916,16.7865875200334,0.24216463195458,-18.6858220751701,-0.60449966436336,-0.439384296980983
-0.171047475230834,-1.45390840192984,16.79249788987,0.237737037015414,-18.705359822156,-0.593376781256723,-0.435512542061237
-0.167670540860581,-1.45592045983906,16.7983486582704,0.232447911257664,-18.7245167330332,-0.579921590411058,-0.422114162614413
-0.163900759137858,-1.45822201916225,16.8041515771401,0.226300977052439,-18.7433065848832,-0.564122126424359,-0.399362858098556
-0.159747276156671,-1.46080604778115,16.8099185098647,0.219300219881939,-18.761752066318,-0.545950523888104,-0.367615530014076
-0.15521984285154,-1.46366417811288,16.8156629403295,0.211450327051731,-18.7798872225326,-0.525368220465882,-0.327419646139142
-0.150328442499044,-1.46678654206506,16.8214015909633,0.202757352020166,-18.7977600111841,-0.502333274029801,-0.279519243197085
-0.145082886451143,-1.47016162929608,16.8271558807152,0.193229598091938,-18.8154344463387,-0.476809568593981,-0.224857724805644
-0.139492426731158,-1.47377620732259,16.8329528872291,0.182878663776045,-18.8329916849692,-0.448777344099587,-0.164575224556491
-0.133565447751551,-1.47761534060878,16.8388254618531,0.171720530029447,-18.8505293855755,-0.418244064914616,-0.0999981245880194
-0.127309303176639,-1.48166253578896,16.8448112124286,0.159776514057102,-18.8681588009585,-0.385254248451219,-0.0326185071795519
-0.120730352425677,-1.48590002033657,16.8509502325274,0.147073891396658,-18.8859993924071,-0.349896673089717,0.0359379492449467
-0.113834220295049,-1.49030913575344,16.8572816981806,0.133646016633647,-18.90417124533,-0.312307522227921,0.103955779456067
-0.106626257561836,-1.49487079940016,16.8638397146601,0.119531862398959,-18.9227861217688,-0.272668578257181,0.169683576351098
-0.099112131725425,-1.49956597092386,16.870648987466,0.104775027598462,-18.9419384291861,-0.231200472149364,0.231394326101212
-0.09129844237519,-1.50437605821963,16.8777209342395,0.0894223989057857,-18.9616975380696,-0.188151980319345,0.287447356124874
-0.0831932493003467,-1.50928321750059,16.8850507272256,0.0735227365581377,-18.982102649116,-0.143787124386032,0.33634675424696
-0.0748064263534289,-1.51427053832135,16.8926155240024,0.0571254632799474,-19.0031608531644,-0.0983721236844561,0.376792046900268
-0.066149801262547,-1.51932214519421,16.9003739355753,0.0402798651153545,-19.0248483437922,-0.0521640226647612,0.407718696591176
-0.0572370928678518,-1.52442327799444,16.908266715534,0.0230347941856538,-19.0471141804806,-0.00540220979144551,0.428327923255178
-0.0480836960215976,-1.52956042098709,16.9162187614976,0.00543883796790837,-19.069885727338,0.0416966813227758,0.438106851750802
-0.0387063814987784,-1.53472152922322,16.9241426959682,-0.0124591805855581,-19.0930749212291,0.0889406067285182,0.436840694864657
-0.0291229761979533,-1.53989635740186,16.9319443395243,-0.0306095667306533,-19.1165847219522,0.136161161954382,0.424618645660791
-0.0193520738441889,-1.54507684098381,16.9395301202577,-0.0489611974969493,-19.1403152956574,0.183210435004469,0.401834489865214
-0.00941280972812474,-1.55025743450265,16.9468158588249,-0.0674612470293743,-19.164169568937,0.229956202838052,0.369181965805769
0.000675281616986935,-1.55543529312302,16.953735635954,-0.0860553462793379,-19.1880577915563,0.276275939460042,0.327643772648423
0.0108923202675007,-1.56061019721256,16.9602489367592,-0.104688249128624,-19.2119007697118,0.322050122196595,0.278472079614781
0.0212180554699241,-1.56578416519543,16.9663442996065,-0.123304960606401,-19.2356315761311,0.367155468559029,0.223157887420859
0.0316317879515698,-1.57096076355354,16.9720383723367,-0.141852155816817,-19.2591958093094,0.411458952808276,0.163387016770928
0.0421122827336397,-1.57614419048458,16.9773704194927,-0.160279611925275,-19.2825507556775,0.454813586459286,0.100982227368247
0.0526377205805563,-1.58133826474935,16.9823935365254,-0.178541334360866,-19.3056639715906,0.497056836380282,0.037833800874701
0.0631857254702285,-1.58654547815011,16.9871646634549,-0.196596111547872,-19.328511771975,0.538012121276689,-0.0241760031064851
0.0737334808804184,-1.59176625873254,16.9917356439878,-0.214407373659193,-19.3510779202597,0.577493162189971,-0.0832471377276611
0.0842579194613317,-1.59699854364482,16.9961470266305,-0.231942412813676,-19.3733525717228,0.615310302834067,-0.137727017886849
0.094735950933952,-1.60223769083552,17.0004253264793,-0.249171177070167,-19.3953313493493,0.651277520719745,-0.186161166596273
0.105144688585495,-1.60747669036317,17.0045834744972,-0.266064925417393,-19.4170143871693,0.685218856175262,-0.227326717589667
0.115461644052306,-1.61270658879751,17.0086235114583,-0.28259501223725,-19.4384052412777,0.716973343038125,-0.260249342472421
0.125664876177569,-1.61791702249331,17.0125403589594,-0.298731983141875,-19.4595096773526,0.746398050976043,-0.284206371842335
0.135733094997268,-1.62309676388659,17.0163256402974,-0.314445053569721,-19.4803344317456,0.773369344111404,-0.298719879330027
0.145645731745945,-1.62823420898991,17.0199708535594,-0.329701946393849,-19.500886079487,0.797782793239029,-0.303543498977018
0.155382989042598,-1.63331776284516,17.0234695534033,-0.344469006251879,-19.5211701282762,0.819552309585737,-0.298646140204529
0.164925883523619,-1.63833610505571,17.0268184780799,-0.35871148973277,-19.5411904124569,0.838609029502123,-0.284194913679581
0.174256288198729,-1.64327833614668,17.0300177339924,-0.372393942736626,-19.5609488069766,0.854900332638532,-0.260538710271694
0.183356975876316,-1.64813401733934,17.0330702352013,-0.385480606017355,-19.5804452340973,0.868389186890045,-0.228193106329112
0.192211659555132,-1.65289312306295,17.0359806207748,-0.39793582381887,-19.5996779025639,0.879053830986834,-0.187826642302656
0.200805021851362,-1.65754592931386,17.0387538684996,-0.409724458959359,-19.6186437015294,0.886887665292093,-0.140248056654791
0.209122723923986,-1.66208286334642,17.0413938089926,-0.420812334351218,-19.6373386679041,0.891899141214322,-0.0863937522630172
0.217151385360914,-1.66649434174824,17.043901727806,-0.431166723216241,-19.6557584530343,0.894111426191521,-0.0273146277666665
0.224878529964798,-1.6707706243152,17.0462752235214,-0.440756898481156,-19.6738987298552,0.893561668005571,0.0358385848552845
0.232292498134977,-1.67490170951645,17.0485074615618,-0.44955473015703,-19.6917555030431,0.890299775648614,0.101832175970795
0.239382333094871,-1.67887729248266,17.0505869165999,-0.457535293288671,-19.7093253087987,0.884386742665436,0.169368923921319
0.246137654757773,-1.68268679863234,17.0524976415898,-0.464677425688354,-19.7266053198685,0.875892642851966,0.23711020047528
0.252548539562043,-1.68631949527988,17.0542200235179,-0.470964163488229,-19.7435933955794,0.864894490102844,0.303700321676914
0.258605425597237,-1.68976467202618,17.055731919092,-0.476382985093229,-19.7602881387016,0.851474165246607,0.367792354355395
0.264299059894115,-1.69301187090226,17.0570100105261,-0.480925815139768,-19.7766890323438,0.835716577865776,0.428074309299145
0.269620498208505,-1.69605114099067,17.0580312001589,-0.48458877270209,-19.7927967276518,0.817708163791392,0.483294562266027
0.274561158840222,-1.69887329116157,17.0587738780349,-0.487371686235361,-19.8086135354556,0.797535752330847,0.532285474467719
0.279112922655388,-1.70147011839882,17.0592189438834,-0.489277432664217,-19.824144143758,0.775285795846616,0.573984515229625
0.283268263122452,-1.70383459629973,17.0593505301817,-0.490311182598233,-19.8393965423752,0.751043949861841,0.607452645476421
0.287020384183018,-1.70596101639719,17.0591564383296,-0.490479645527284,-19.8543830914793,0.724895020811617,0.631890200766989
0.29036334064815,-1.70784508158817,17.0586283490844,-0.489790409432225,-19.869121626318,0.696923341822046,0.646650917858941
0.293292115496144,-1.7094839544613,17.0577618907722,-0.488251462368967,-19.8836364480081,0.667213668662124,0.651255005197794
0.295802630502253,-1.7108762629059,17.0565566408768,-0.485870972283637,-19.8979590108976,0.635852682950788,0.645402216312305
0.297891672346552,-1.71202206223793,17.0550161026388,-0.482657388993149,-19.912128084223,0.602931136327944,0.628985755206841
0.299556724154986,-1.71292274739419,17.0531476450257,-0.478619911306684,-19.9261891472674,0.568546553940584,0.602107460095298
0.300795705995731,-1.71358090439028,17.050962336471,-0.473769333766559,-19.9401927896496,0.53280625133964,0.565094128726771
0.301606645781588,-1.71400008895185,17.0484745559393,-0.468119235441092,-19.9541919613296,0.495830236420372,0.518513979696523
0.301987324390914,-1.7141845253355,17.0457012481281,-0.461687403863406,-19.9682380669093,0.457753384286581,0.463191143355978
0.301934961161446,-1.71413873164349,17.0426607222721,-0.454497297461936,-19.982376146041,0.41872617277034,0.400214800389772
0.301446022247358,-1.71386709992141,17.0393709871532,-0.446579267905933,-19.996639693569,0.378913316964113,0.330938466608841
0.300516230941906,-1.71337348381716,17.0358477574389,-0.437971219174965,-20.0110459652778,0.338489911533891,0.256964414622959
0.299140830345548,-1.71266086647164,17.0321024235383,-0.428718422585453,-20.0255927510042,0.297635212278492,0.180109068617821
0.297315091039215,-1.71173118317688,17.0281403837459,-0.41887235755603,-20.0402574386326,0.256524869180906,0.10234782081705
0.295034986581557,-1.71058535020581,17.0239601304407,-0.40848869110443,-20.0549986993724,0.215323047886947,0.0257418756466918
0.292297902116394,-1.70922350357123,17.0195533322299,-0.397624762359116,-20.0697604278995,0.174176153814848,-0.0476458590931913
0.289103225383059,-1.70764539567888,17.0149059026017,-0.386337095583201,-20.0844769558283,0.133209615197506,-0.115835946508344
0.285452703692362,-1.70585085515666,17.0099997818547,-0.374679447041776,-20.0990782885385,0.0925284492096524,-0.177008883292581
0.281350521360837,-1.70384020358967,17.0048149920643,-0.362701704238489,-20.113494326125,0.052221419349938,-0.229565967914248
0.276803128479009,-1.70161454309617,16.9993314899198,-0.350449685800778,-20.1276575522182,0.0123678668503506,-0.27217213030243
0.271818907216164,-1.69917586954236,16.9935304306573,-0.337965647305835,-20.141504278501,-0.0269540385275519,-0.303782306594598
0.266407783208227,-1.69652700987996,16.9873946050633,-0.325289156506556,-20.1549749732189,-0.0656588533203578,-0.323655399753296
0.260580881473384,-1.69367141668499,16.9809079681008,-0.312457977430476,-20.1680143804814,-0.103646231224552,-0.331360490891448
0.254350299340865,-1.6906128740315,16.9740543162877,-0.299508669531754,-20.1805720704441,-0.140794912148313,-0.326779165433874
0.247729034355069,-1.68735517872763,16.9668152938854,-0.286476725598152,-20.1926038274225,-0.176959032066937,-0.31010622836375
0.240731068543746,-1.68390186296805,16.9591680280433,-0.273396206502357,-20.204073968239,-0.211967446926221,-0.281849194610788
0.233371575187774,-1.68025602051835,16.9510828137082,-0.260298960653962,-20.2149583566176,-0.245626732840106,-0.24282511684591
0.225667182703179,-1.67642028698808,16.9425213697775,-0.247213625873436,-20.2252475987903,-0.27772831776118,-0.194151831252571
0.217636208142705,-1.67239700257267,16.9334362222193,-0.234164685542853,-20.2349497274341,-0.308059694487712,-0.13722989493095
0.209298767913845,-1.66818855137928,16.9237716807004,-0.221171869944464,-20.2440916606196,-0.336418851051227,-0.0737116945754195
0.200676692803662,-1.66379782943845,16.9134666277058,-0.208250141038597,-20.2527188951768,-0.362630099046894,-0.00545564066253423
0.191793219143796,-1.65922875539363,16.9024589570304,-0.195410373137936,-20.260893245678,-0.386558718900534,0.0655341092827649
0.182672487856677,-1.65448671904035,16.8906910800406,-0.182660668050028,-20.2686888868186,-0.408121652670879,0.137178948012312
0.173338938345086,-1.64957887429553,16.8781156073135,-0.170008071978204,-20.2761873586927,-0.427292072349391,0.207402159521869
0.163816714342257,-1.64451422386981,16.8647002328,-0.157460350970685,-20.2834724116341,-0.444096922723194,0.274203159675877
0.154129192500096,-1.63930349804755,16.8504310320977,-0.145027470703769,-20.2906255277577,-0.458608054627189,0.335723070402922
0.144298706011982,-1.63395887849101,16.8353137628602,-0.132722514983996,-20.2977226909406,-0.470928800330213,0.390297091589053
0.134346481421778,-1.62849364338253,16.8193731850675,-0.120561928775662,-20.3048325983457,-0.481178434951175,0.436491851546066
0.12429275672517,-1.62292180812494,16.8026507685238,-0.108565132100426,-20.3120161480703,-0.489476864110658,0.473128481226698
0.114157016576474,-1.61725781345367,16.785201350997,-0.0967536749315703,-20.3193267955642,-0.495931288867448,0.499293982628352
0.103958269972523,-1.61151628314277,16.7670893503138,-0.0851501669564784,-20.3268112791934,-0.500625843038154,0.51434434541756
0.0937153028661431,-1.60571184822728,16.7483850612213,-0.0737772204930086,-20.3345102530944,-0.503614541662926,0.517902894170262
0.0834468550424776,-1.59985902049633,16.7291614369544,-0.062656605093816,-20.342458485978,-0.504917466872539,0.509856770982418
0.0731716898797531,-1.59397209591437,16.7094916052236,-0.0518087478497042,-20.3506844408033,-0.504519961705124,0.490353511125387
0.0629085433097593,-1.58806507558775,16.6894472164455,-0.0412526391744803,-20.3592092078178,-0.502374635968515,0.459798557646082
0.0526759536137565,-1.58215160287808,16.6690975734329,-0.0310061292581952,-20.3680449065177,-0.498406098954451,0.418853404681316
0.0424919882894767,-1.57624492504788,16.6485093527423,-0.0210865306882982,-20.3771927972607,-0.492518403202625,0.36843294996361
0.0323739001899226,-1.57035789207427,16.6277466164593,-0.0115113827063867,-20.3866414496421,-0.484605112234302,0.309699693571571
0.022337762722191,-1.56450300164158,16.6068707599213,-0.00229919064233047,-20.3963653944734,-0.474561632639396,0.244051793088413
0.0123981508691138,-1.55869248808222,16.5859400759815,0.00653005814642745,-20.4063247213365,-0.462298962366919,0.173101873760628
0.00256794285946837,-1.55293843779949,16.5650087612775,0.0149547708564649,-20.4164660260655,-0.447757474207721,0.098644152097362
-0.00714168825716978,-1.54725290034533,16.5441254117716,0.0229521121826837,-20.4267249584072,-0.43091884756439,0.0226088499239925
-0.0167210519384835,-1.541647959474,16.5233312991019,0.0304988355023783,-20.4370303366721,-0.411814161700235,-0.0529950068755453
-0.0261614918212738,-1.53613573588207,16.5026588854628,0.0375724442939351,-20.4473094512847,-0.390526567889376,-0.126145023398965
-0.0354547713905168,-1.53072831142438,16.4821310451867,0.0441524553202245,-20.4574938627117,-0.367187891045729,-0.194873917076396
-0.0445923967126478,-1.525437586566,16.4617612960491,0.05022150720946,-20.4675248268216,-0.341969722252492,-0.257335156026099
-0.0535649955642295,-1.52027510098785,16.4415550619077,0.0557661059259643,-20.4773575307774,-0.315070673833933,-0.311860562361549
-0.0623618548778554,-1.5152518546241,16.4215117006333,0.0607769015153319,-20.4869635867651,-0.28670204709458,-0.357006504804092
-0.0709706766828278,-1.51037816548561,16.4016268416592,0.06524851864233,-20.4963316243171,-0.257074169684524,-0.391587694083717
-0.0793775627377213,-1.50566359309854,16.3818945303698,0.0691790698424932,-20.5054662133833,-0.226385111906299,-0.414699733604497
-0.0875671979854168,-1.50111694793867,16.3623087541315,0.0725695426477264,-20.514385628142,-0.194812733133951,-0.425732973029753
-0.0955231819908291,-1.4967463996102,16.342864072523,0.0754232605755543,-20.5231190701579,-0.16251031030641,-0.424380634013227
-0.103228455660313,-1.49255968833923,16.323555242603,0.0777455820325011,-20.5317039139356,-0.129605537238695,-0.410643725724899
-0.110665780210625,-1.48856443285174,16.3043758962626,0.0795439335536837,-20.5401833612276,-0.0962024786556878,-0.384834159976582
-0.117818237016583,-1.48476851020834,16.2853164916714,0.0808281878156924,-20.5486046494171,-0.0623860281721498,-0.347575971800115
-0.124669722750021,-1.48118045980652,16.2663619280022,0.0816113030535814,-20.5570177086873,-0.0282284149126413,-0.299802892333648
-0.131205410805088,-1.47780983891541,16.2474893642096,0.0819100509768733,-20.5654739545441,0.00620279738310172,-0.242748997137788
-0.137412139231112,-1.47466744034804,16.2286668674794,0.0817455926675583,-20.5740247899191,0.0408360294718932,-0.17792816699912
-0.143278675376335,-1.47176528607658,16.2098534613779,0.081143643227558,-20.5827194271263,0.0755874855345872,-0.107098216573
-0.148795807950107,-1.46911634429289,16.1910008912968,0.0801340203815288,-20.5916018529651,0.110354865300034,-0.0322072343443012
-0.153956237527348,-1.46673398060268,16.1720569910599,0.0787495090616724,-20.6007071210727,0.145014378541481,0.0446769927274784
-0.15875427649014,-1.46463123032303,16.1529700413072,0.0770241642835253,-20.6100575505355,0.179421932378579,0.121449402587341
-0.16318541771055,-1.46282003837366,16.1336931542139,0.0749913529583492,-20.6196596661591,0.213418429402374,0.196053319644491
-0.167245868862297,-1.46131062765536,16.1141876703392,0.0726819259372923,-20.6295026868039,0.246838082036883,0.266559436793794
-0.170932159018882,-1.46011111760408,16.0944248456295,0.0701228716474768,-20.6395590316711,0.27951793260576,0.331229794613128
-0.174240902706052,-1.45922743861213,16.0743856096023,0.067336651485799,-20.6497868032719,0.311306647047901,0.388562216735721
-0.177168762506048,-1.45866350903622,16.0540586762933,0.0643412209806001,-20.660133733594,0.342071104835237,0.437314972683639
-0.179712605554289,-1.4584215853256,16.0334376175,0.0611505772201851,-20.6705418162495,0.3717000841094,0.476514805576102
-0.181869811456395,-1.45850267756417,16.0125176050418,0.0577755832326105,-20.6809518404881,0.400105104801615,0.505453082308668
-0.183638671659952,-1.45890693213639,15.9912924435445,0.0542248125405801,-20.691307227586,0.427219030200117,0.523674977573595
-0.18501881397627,-1.45963391227169,15.969752336214,0.0505052046203693,-20.7015568350317,0.452993248478146,0.53096571257865
-0.186011593801721,-1.46068273638487,15.9478826356721,0.0466224002503393,-20.7116566438804,0.477394229754394,0.52733674209636
-0.186620397600494,-1.46205206528903,15.925663669927,0.0425807054575231,-20.7215704287427,0.500400042747324,0.513013456594505
-0.186850816839227,-1.4637399488212,15.9030716131314,0.0383827101366238,-20.7312696208531,0.521997167225971,0.488425006493933
-0.186710655328217,-1.46574356377444,15.8800802740782,0.0340286500034373,-20.7407326247789,0.542177680219273,0.454195823187239
-0.186209745548327,-1.46805889012901,15.856663589118,0.0295156535530373,-20.7499438597221,0.560936722637524,0.411137657563748
-0.185359566665942,-1.47068038652859,15.8327985193538,0.0248370524667443,-20.7588927795704,0.578270076978637,0.360240323255406
-0.184172682473219,-1.47360073479742,15.8084679724205,0.0199819479218819,-20.7675730860275,0.594171719452045,0.302658972761154
-0.182662052386117,-1.47681072046379,15.7836633236745,0.0149352074482447,-20.775982285379,0.608631344237808,0.239695847363826
-0.180840301713873,-1.48029930024392,15.7583861319578,0.00967800741844694,-20.7841216489684,0.621632027115857,0.172775051541124
-0.178719062390688,-1.48405387343755,15.7326487604952,0.00418893929071007,-20.7919965309479,0.63314835079019,0.103410102027327
-0.176308495622808,-1.48806073079021,15.7064738177469,-0.00155442162391785,-20.7996168942019,0.643145359065914,0.0331654858600404
-0.173617080776398,-1.49230561074117,15.6798925853339,-0.00757369460303592,-20.8069978285686,0.651578616480706,-0.03638512256935
-0.17065170248859,-1.49677426492601,15.6529428242188,-0.0138878928295964,-20.8141598379927,0.658395432131436,-0.103700494671978
-0.167418005655143,-1.50145293235352,15.625666470791,-0.0205119142087917,-20.8211287284535,0.663537040848514,-0.167309867820885
-0.163920935145721,-1.50632864564923,15.5981077114572,-0.0274555258761906,-20.8279350241251,0.666941325358153,-0.225844763187752
-0.16016534908997,-1.51138933415725,15.5703117724557,-0.0347229353649549,-20.8346129383302,0.668545587674799,-0.27806340010406
-0.156156595873707,-1.51662373361398,15.5423245398437,-0.0423129267743575,-20.8411989961717,0.668288951726357,-0.322867932454861
-0.151900971255896,-1.52202114705127,15.5141929097168,-0.0502194491829736,-20.8477304357798,0.666114169299469,-0.359315829997129
-0.147406010003053,-1.52757112073486,15.4859656166807,-0.0584324927973752,-20.854243512516,0.661968826270663,-0.386627306076816
-0.142680605394395,-1.53326310144199,15.4576942269614,-0.0669390742313954,-20.8607718160928,0.655806145280561,-0.404190802843209
-0.137734980333065,-1.53908613226127,15.4294340026948,-0.0757241661063622,-20.8673447025,0.647585702231315,-0.411568313339657
-0.132580551564342,-1.54502862932009,15.401244417814,-0.0847714352193437,-20.8739859499318,0.637274396068284,-0.408501885139379
-0.127229734586528,-1.55107826588287,15.3731892020849,-0.0940636876457359,-20.8807127686147,0.62484794105342,-0.394922136339653
-0.121695732702972,-1.55722197639446,15.3453358782401,-0.103582954873135,-20.8875353153246,0.610292994455653,-0.370959031277903
-0.115992343469523,-1.56344608126642,15.317754823492,-0.113310193146709,-20.8944568664676,0.593609818742583,-0.336954523295203
-0.110133802440869,-1.56973652237492,15.2905179273028,-0.123224613443963,-20.9014747683628,0.57481513764058,-0.293475938158785
-0.104134670270644,-1.57607918733399,15.2636969400224,-0.133302716157434,-20.9085821938636,0.553944629686084,-0.241328131819699
-0.0980097568599254,-1.58246028634573,15.2373616253002,-0.143517171975038,-20.9157705877414,0.531054377604517,-0.181561554903465
-0.0917740668676661,-1.58886672980375,15.2115778545187,-0.153835758327319,-20.9230325001978,0.506220628936538,-0.115472542214326
-0.0854427463794862,-1.59528644187976,15.186405817453,-0.164220606917723,-20.9303643416347,0.47953747843595,-0.0445917311604634
-0.0790310122244648,-1.60170854209954,15.1618985580457,-0.174628012623523,-20.9377685205545,0.451112545204754,0.0293430895779064
-0.0725540544248629,-1.60812334035658,15.1381010541132,-0.185008973314812,-20.9452545240795,0.421061286174979,0.104431802583627
-0.0660269166675872,-1.6145221236645,15.1150500167005,-0.195310474730404,-20.9528387838297,0.389501063750467,0.178673742319377
-0.0594643746914606,-1.62089675926337,15.0927744759766,-0.205477343636187,-20.9605435588484,0.356546257956534,0.250042270528057
-0.0528808409046776,-1.62723918406997,15.0712970633315,-0.215454335668058,-20.9683953979336,0.322305471270184,0.316565048429151
-0.0462903199676223,-1.63354087798072,15.0506357424618,-0.225188068535656,-20.9764238516293,0.286881299543742,0.376401681104319
-0.0397064243999685,-1.63979241808605,15.0308056430766,-0.234628481390705,-20.9846609268678,0.250372479527883,0.427911430579811
-0.0331424374103672,-1.64598318491054,15.0118206429208,-0.243729663562345,-20.9931413962332,0.212877738930824,0.469706493414421
-0.0266113907635188,-1.65210125330735,14.9936944186526,-0.252450079787594,-21.0019036600256,0.174500506772907,0.500689735560838
-0.020126115478526,-1.6581334648756,14.9764408039143,-0.260752356908193,-21.010990572048,0.135353746251618,0.520078557695354
-0.0136992251873848,-1.66406565555077,14.9600734112938,-0.268602855322266,-21.0204495575267,0.0955643908171759,0.527418042277846
-0.00734300509148462,-1.66988300261602,14.944604573316,-0.275971230995325,-21.0303314687088,0.0552770326036339,0.522586635987329
-0.00106920088819511,-1.67557045466851,14.930043741448,-0.282830127454908,-21.0406878908466,0.0146565455948039,0.505796684229334
0.00511127156136138,-1.68111320880455,14.9163955681257,-0.289155053367992,-21.0515669704464,-0.0261107618627881,0.477590617775127
0.0111886477346629,-1.68649719594384,14.9036579926488,-0.29492442420689,-21.0630082322478,-0.0668179877373623,0.438831914056909
0.0171545966663794,-1.69170952691993,14.8918207389536,-0.300119691859253,-21.0750372126586,-0.107241010063012,0.390688523148346
0.0230023836632544,-1.69673884290759,14.880864667138,-0.304725460744089,-21.087660973445,-0.147144733018061,0.334605663953635
0.0287268439867156,-1.70157551234346,14.8707623464303,-0.308729495362802,-21.100865565316,-0.186292071173988,0.272265185647701
0.0343241327940638,-1.70621163125096,14.8614800052066,-0.312122558900319,-21.1146162144039,-0.224454853672888,0.205530309605856
0.0397912701808153,-1.71064081773774,14.8529806936711,-0.314898075432254,-21.128860428622,-0.261425135138728,0.136377342587258
0.0451255567262476,-1.71485783762904,14.8452281644441,-0.317051664207296,-21.143533517377,-0.297024981664669,0.0668191230667551
0.0503239732536366,-1.71885814065069,14.8381907654837,-0.318580634847629,-21.1585654300669,-0.33111289718266,-0.00117264647899969
0.0553826825409943,-1.72263740771665,14.8318446408276,-0.319483543338202,-21.1738875665102,-0.363585706740749,-0.0657384289740132
0.060296719370326,-1.72619120121631,14.8261757427153,-0.319759888742915,-21.1894383744666,-0.394375705761704,-0.125188950193967
0.0650599016541917,-1.72951477583728,14.8211804902189,-0.319409986710379,-21.205167027551,-0.423443854848821,-0.178046973203901
0.0696649412106422,-1.73260306296404,14.8168652214108,-0.318435006178956,-21.2210350570424,-0.450770430029526,-0.223072557146913
0.0741036941748909,-1.73545080265051,14.8132448005417,-0.316837114973304,-21.2370162949336,-0.476344710645547,-0.259274134758804
0.07836747526583,-1.73805277335722,14.8103408178359,-0.314619659017163,-21.2530957577896,-0.500155080314193,-0.285909110796542
0.0824473639453277,-1.74040406172329,14.8081797889752,-0.311787299740379,-21.269268157085,-0.522180519012436,-0.302477920423789
0.0863344473547995,-1.74250031935098,14.8067916689327,-0.308346055002203,-21.2855366198917,-0.542384069670949,-0.308714964870824
0.0900199660400672,-1.74433796331563,14.8062088897106,-0.304303220320357,-21.30191202128,-0.560708570781731,-0.304578874619986
0.0934953502071644,-1.74591428924394,14.8064660333594,-0.299667187405817,-21.3184131253327,-0.577074796288124,-0.290243495277352
0.0967521531581902,-1.74722747695329,14.8076001710411,-0.294447215642585,-21.3350675400402,-0.591382087584041,-0.266089971449024
0.0997819043303678,-1.74827647956151,14.8096518280074,-0.288653243699022,-21.3519133252654,-0.603511533404829,-0.232699441723835
0.102575916612196,-1.74906079887317,14.8126664633142,-0.28229584537209,-21.3690009561448,-0.61333167754217,-0.190845218202302
0.105125090407169,-1.74958016373921,14.8166962762783,-0.275386429091529,-21.3863952416804,-0.620706557730223,-0.141482958987893
0.107419758312049,-1.7498341434295,14.8218020711802,-0.267937747528372,-21.40417674128,-0.625505588725754,-0.085737284540685
0.109449609189939,-1.74982174412336,14.8280548430844,-0.25996472992093,-21.4224422274419,-0.627614447007528,-0.0248835839989217
0.111203716296636,-1.7495410475125,14.8355367127483,-0.251485574045432,-21.4413038254854,-0.626945782085254,0.0396757072537046
0.112670674807874,-1.74898895376644,14.8443408622326,-0.242522962471007,-21.4608866234302,-0.623448398933513,0.106440360742191
0.113838831504697,-1.74816108141672,14.8545702229548,-0.233105212601456,-21.481324770762,-0.617113618305669,0.173846425987636
0.114696570074077,-1.74705185507656,14.8663348357548,-0.223267152985635,-21.5027563333873,-0.607977869932223,0.24030378661253
0.115232603666742,-1.74565478117167,14.8797480106933,-0.213050546321166,-21.5253173919167,-0.596121142805119,0.304235436223308
0.115436226087578,-1.7439628800569,14.894921609238,-0.20250394940436,-21.5491360062525,-0.581661578889932,0.364116504858712
0.115297484959568,-1.74196921880656,14.9119608977561,-0.191681995105418,-21.5743266824425,-0.564747087345644,0.418511145577905
0.114807259718092,-1.73966747748096,14.9309594506859,-0.180644175121343,-21.6009858661917,-0.545545223747642,0.466105746014316
0.113957250747157,-1.73705248626622,14.9519945101248,-0.169453274406577,-21.6291887771255,-0.524232671497972,0.505737515570496
0.11273990770189,-1.73412068833711,14.9751230739713,-0.158173644713196,-21.6589876452232,-0.500985502679542,0.536418205838473
0.111148339879006,-1.73087050602809,15.0003788475375,-0.146869503911962,-21.6904111832249,-0.475971069323318,0.55735335264119
0.109176260203982,-1.72730261067762,15.0277700941774,-0.135603420240615,-21.7234649687739,-0.449342015072044,0.567957895445805
0.106818014305145,-1.72342011101842,15.057278391545,-0.124435097283408,-21.7581323503658,-0.421232584779683,0.567869169054174
0.104068739817806,-1.71922867990609,15.0888583255144,-0.113420528234498,-21.7943755242734,-0.391757211336239,0.556958088084499
0.100924688076912,-1.71473663412827,15.1224382021251,-0.102611541538607,-21.8321365381355,-0.361011274910284,0.535338863389216
0.0973837205874453,-1.70995497016117,15.1579218854387,-0.092055714591105,-21.8713381332744,-0.329073922537052,0.503376879214191
0.0934459653262628,-1.70489734449302,15.1951918408469,-0.0817965861852226,-21.9118845151776,-0.29601283776874,0.461693525081851
0.0891145834439383,-1.69957997570085,15.2341133622487,-0.0718740530567448,-21.9536623111898,-0.261890784973568,0.411165966241096
0.0843965586071019,-1.69402144161766,15.2745397947269,-0.0623247989198601,-21.9965421005706,-0.226773562208603,0.352919242377617
0.0793033870109833,-1.68824235199002,15.3163183637294,-0.0531825903589029,-22.0403809389722,-0.19073867198551,0.288307936807081
0.0738515289229126,-1.68226489574094,15.3592960408628,-0.0444782989334557,-22.0850262008718,-0.153883632164229,0.218885199787775
0.0680624965587303,-1.67611228885066,15.4033247833798,-0.0362395807836502,-22.1303208105488,-0.1163325531079,0.146358281295811
0.0619625062970158,-1.66980817611116,15.4482655415382,-0.0284902529261952,-22.1761095642185,-0.0782395926805679,0.072531834852321
0.0555817091699019,-1.66337605700722,15.4939906602334,-0.021249517034496,-22.2222458726078,-0.0397882981961451,-0.000757356142398145
0.0489531090253974,-1.6568388044508,15.5403846638501,-0.014531252128966,-22.2685980191268,-0.00118662598240684,-0.0717086215918908
0.0421113489277548,-1.65021832318669,15.5873437915591,-0.00834359440090815,-22.3150540440553,0.0373416275335257,-0.138622221745715
0.0350915660808883,-1.64353535962149,15.6347749017416,-0.0026889434638372,-22.3615246374228,0.075567472368241,-0.199955068990968
0.0279284775708611,-1.63680943940207,15.6825943925395,0.00243558670713732,-22.4079438492722,0.113267598772149,-0.254363682846012
0.0206557814783881,-1.63005888533017,15.7307275944249,0.00703736604811864,-22.4542678487117,0.15023380380783,-0.300733249815203
0.0133058718483763,-1.62330086195848,15.779108778582,0.0111272530264966,-22.5004722537035,0.186279855623695,-0.338193923534292
0.00590979981446574,-1.61655140260258,15.8276816262839,0.0147185649954221,-22.5465486618984,0.221245378053105,-0.366126930209862
-0.00150261918182435,-1.6098253928474,15.8763998207934,0.0178261302937429,-22.5925009642409,0.254996944740846,-0.384163499719124
-0.0089026520530886,-1.60313650462075,15.9252273873936,0.0204654778814622,-22.6383418808567,0.287426956521846,-0.39217931326354
-0.0162625267374724,-1.59649709151536,15.9741384910233,0.0226521694736531,-22.6840899860418,0.31845101790674,-0.390286367661876
-0.0235553898420368,-1.58991806727595,16.0231165482544,0.0244012523367527,-22.7297673296215,0.348004482783313,-0.378823202172705
-0.0307553592357563,-1.58340879516884,16.0721526673489,0.0257268092331836,-22.7753976316202,0.376038692879353,-0.358343528924341
-0.037837661960345,-1.57697701744579,16.1212435605289,0.0266416019459801,-22.8210049516495,0.402517258259766,-0.32960261811203
-0.0447788294208848,-1.57062885104249,16.1703891621596,0.027156825721233,-22.8666126775911,0.427412593410567,-0.293540334945428
-0.0515569110080176,-1.56436886880591,16.2195902290906,0.0272820119084039,-22.9122426857771,0.450702836600313,-0.25125966133302
-0.0581516641068041,-1.55820027416294,16.2688461982022,0.0270251165751865,-22.9579145568115,0.472369251791932,-0.203999823478748
-0.0645446829113313,-1.55212516236913,16.3181535337911,0.0263928141193878,-23.0036447978484,0.492394212175626,-0.153103800784305
-0.0707194398994135,-1.54614484555319,16.3675047207549,0.0253909788015553,-23.0494461022676,0.510759859147269,-0.0999808899658783
-0.076661231135457,-1.54026020540636,16.4168879570586,0.0240252947288744,-23.095326745414,0.527447505558012,-0.0460659526899969
-0.0823570341365504,-1.53447202980511,16.4662874988218,0.0223018999748215,-23.1412902555016,0.542437773373144,0.00722228349748628
-0.0877953038804327,-1.52878129218438,16.5156845168423,0.0202279580150721,-23.1873354843317,0.555711358643513,0.0585211890173649
-0.0929657406889464,-1.52318934213027,16.565058269009,0.0178120607488731,-23.2334571414649,0.567250252682593,0.106559968229376
-0.0978590643352818,-1.51769799236421,16.6143873804057,0.015064405793015,-23.2796467728293,0.577039173159549,0.150189356548893
-0.102466821685509,-1.51230950470867,16.6636510467288,0.011996738890998,-23.3258940750263,0.585066973605245,0.188404392359298
-0.106781243655072,-1.50702649253597,16.7128300275851,0.00862209950136386,-23.3721883734162,0.591327848510151,0.220360325722828
-0.110795155262598,-1.50185176685115,16.7619073562332,0.00495444181180955,-23.4185200652154,0.59582223157773,0.245382484117819
-0.114501932924993,-1.49678815731115,16.8108687473137,0.00100821874758439,-23.4648818384941,0.598557366456892,0.262971370094022
-0.117895497241978,-1.49183833935989,16.8597027257509,-0.0032019867263418,-23.5112695154701,0.599547587709721,0.272804398032643
-0.120970327575061,-1.48700469560548,16.9084005285735,-0.00766171944926724,-23.5576824179012,0.598814382191736,0.274735526090422
-0.123721485758746,-1.48228923522238,16.956955843471,-0.0123567590215969,-23.6041232197857,0.596386277009716,0.268793729186707
-0.126144638407281,-1.47769358938668,17.005364459968,-0.0172730772782131,-23.6505973026959,0.592298583780087,0.255180749041885
-0.128236070573883,-1.47321909329018,17.053623908235,-0.0223966772088276,-23.69711169723,0.586592971572532,0.234268070649813
-0.129992686796816,-1.46886695495694,17.1017331581655,-0.0277133774532846,-23.7436737465048,0.579316815510347,0.206592567238044
-0.131411998820763,-1.46463849785946,17.1496924372473,-0.0332086279734069,-23.7902896722688,0.570522263628529,0.17284986195201
-0.132492102657436,-1.46053544910322,17.1975031969749,-0.0388674488656755,-23.8369632450927,0.56026499909524,0.133884253800495
-0.133231651140435,-1.4565602305596,17.245168212135,-0.044674569886582,-23.8836947447093,0.548602743803844,0.0906741329850318
-0.133629830814456,-1.45271620145356,17.292691741002,-0.0506148115540098,-23.9304803377137,0.535593631707046,0.0443121960133897
-0.133686353391389,-1.44900780175168,17.3400796216626,-0.0566736942611263,-23.9773119030818,0.52129464959541,-0.0040195725672556
-0.133401471001709,-1.44544055880667,17.3873391506407,-0.0628382019315502,-24.0241772237523,0.505760369723675,-0.0530794048429676
-0.132776020453341,-1.44202094381234,17.4344786029451,-0.0690975782583083,-24.0710603690395,0.489042167275435,-0.101598299458274
-0.131811495581864,-1.43875609386698,17.4815063132335,-0.0754440122188152,-24.1179420499954,0.471188035823511,-0.148313762654884
-0.130510140097697,-1.43565344178408,17.52842933373,-0.081873083430804,-24.1647997535556,0.452243013421386,-0.192002866066492
-0.128875047812505,-1.43272031211914,17.5752517889537,-0.0883838836339376,-24.2116075431022,0.432250144121969,-0.231513093510901
-0.126910255063608,-1.42996354397829,17.6219731273289,-0.0949787949109209,-24.2583355243882,0.411251852203266,-0.265790022419286
-0.124620811827448,-1.42738919023376,17.6685865020599,-0.101662970452245,-24.3049490832286,0.389291602699523,-0.293901502352165
-0.122012823333569,-1.42500232312328,17.7150774904901,-0.108443614037157,-24.3514080789489,0.366415749794573,-0.315058497283383
-0.119093461318266,-1.42280695415061,17.7614232930854,-0.115329180464868,-24.3976662146241,0.342675509075649,-0.328633059667334
-0.115870952181608,-1.42080605666034,17.8075924599914,-0.122328618894397,-24.4436708028349,0.318129007798425,-0.334173991176443
-0.112354555074338,-1.41900166672745,17.8535451023411,-0.129450757500841,-24.4893631134969,0.292843348464037,-0.33142062093376
-0.108554545727723,-1.41739503227303,17.8992334757345,-0.136703887712008,-24.5346794344243,0.266896563001923,-0.32031484451363
-0.104482219232953,-1.41598678156695,17.9446027919546,-0.144095556605852,-24.5795529005838,0.240379243625979,-0.301011131252202
-0.100149917425549,-1.41477708773523,17.9895921257574,-0.151632524709379,-24.6239160539475,0.213395538669658,-0.27388367964822
-0.0955710743190405,-1.41376581347768,18.0341353351422,-0.159320801444507,-24.6677039852005,0.186063135506263,-0.239529341516439
-0.0907602589549429,-1.41295262748395,18.0781619920621,-0.167165641046352,-24.7108577903977,0.158511866898634,-0.198764468196124
-0.0857331832506838,-1.41233708961108,18.1215984024412,-0.17517137730934,-24.7533279713265,0.130880714167146,-0.152613624721263
-0.0805066382170026,-1.41191870518237,18.1643688474171,-0.183341002908383,-24.7950773496439,0.103313254028774,-0.102288360326745
-0.0750983295139605,-1.41169695020852,18.2063971717531,-0.191675458170056,-24.8360830852919,0.0759519663854159,-0.0491550425123617
-0.0695266030374907,-1.41167127031948,18.2476087688725,-0.200172673774572,-24.8763375079353,0.0489321886449603,0.00530788239145233
-0.0638100790503871,-1.41184105734191,18.2879328807309,-0.208826490450267,-24.9158476717481,0.0223767341542838,0.0595611998429462
-0.0579672398916312,-1.41220560949205,18.3273049937005,-0.217625630364528,-24.9546337783878,-0.00360782345617175,0.112061331194923
-0.0520160318856784,-1.41276408325921,18.3656690265149,-0.226552901225341,-24.992726807656,-0.0289324896047654,0.161317502777703
-0.0459735402958778,-1.41351544648816,18.4029790148061,-0.235584772814697,-25.0301657883284,-0.0535245858962164,0.205945394988902
-0.0398557779231767,-1.41445844194169,18.4392000990438,-0.244691392572806,-25.0669951101206,-0.0773241805551886,0.244713868051235
-0.0336776002771339,-1.41559156859475,18.4743087797491,-0.253837027488204,-25.1032621475071,-0.10027891029857,0.276582740290979
-0.0274527327933417,-1.41691308460345,18.5082925580108,-0.262980857213989,-25.1390152950408,-0.122338089033176,0.300731018105172
-0.0211938763647253,-1.4184210318714,18.5411491812591,-0.272078010478528,-25.1743023627567,-0.143446995725382,0.316576081161161
-0.0149128498355779,-1.42011327851178,18.5728857418185,-0.281080731921717,-25.2091691914699,-0.163542095104881,0.323784911841254
-0.0086207317756681,-1.42198757186512,18.6035178330712,-0.289939580831356,-25.2436583329524,-0.182547755792327,0.322278554127388
-0.00232797504953548,-1.42404159197734,18.6330688798743,-0.298604583768607,-25.2778076903564,-0.200374842689529,0.312230692639887
0.00395551743649216,-1.42627299320295,18.6615696558622,-0.307026281869328,-25.3116491050277,-0.216921392986326,0.294060762133483
0.0102203527906935,-1.4286794208401,18.6890579086836,-0.315156626731759,-25.3452069795484,-0.232075418764408,0.268421503270374
0.0164576293583532,-1.43125849121693,18.7155779555438,-0.32294968820232,-25.3784971153841,-0.245719686477519,0.236180542029314
0.0226589178349981,-1.43400772809857,18.7411800971867,-0.330362148189294,-25.4115259921686,-0.25773809124061,0.198395518582101
0.0288162204238683,-1.43692445605671,18.7659197301153,-0.337353570430049,-25.4442907074188,-0.268022986044464,0.156282578213915
0.0349218917050285,-1.44000566083545,18.7898561059329,-0.343886460054576,-25.4767797238717,-0.276482600870628,0.111178654922025
0.0409685151394263,-1.44324783619478,18.8130507748612,-0.349926152894325,-25.5089744490346,-0.283047561009104,0.0644987748423775
0.046948741644214,-1.44664684225664,18.8355658348796,-0.355440599416508,-25.5408515252048,-0.287675565405767,0.0176903995236337
0.0528551077884578,-1.45019780101363,18.8574621646544,-0.360400119065954,-25.5723855784535,-0.290353525001475,-0.0278126357214935
0.058679858067988,-1.45389504833088,18.8787978336436,-0.364777198547075,-25.6035520980083,-0.291096866859424,-0.0706339053981223
0.0644147961232427,-1.45773215149579,18.899626852571,-0.368546386080491,-25.6343301145681,-0.289946170419909,-0.109493556097583
0.0700511842219012,-1.46170198893516,18.9199983636121,-0.371684303538418,-25.664704414489,-0.286961716417091,-0.143241217787326
0.0755797006001754,-1.4657968780267,18.9399562904483,-0.374169764724817,-25.6946671424854,-0.282216794945987,-0.170881941794323
0.0809904532731581,-1.4700087301025,18.9595393945921,-0.37598395862473,-25.7242187732356,-0.275790698584882,-0.191595324307354
0.0862730399897552,-1.47432920900064,18.9787816328786,-0.377110639078206,-25.7533685405387,-0.267762246323164,-0.204748679394425
0.0914166383133605,-1.47874987102684,18.9977126882836,-0.377536253665336,-25.7821344779178,-0.258204491809694,-0.20990551420436
0.0964101089692994,-1.48326226764928,19.0163585538521,-0.377249951018659,-25.8105432420309,-0.247181049226386,-0.206830658401638
0.101242098145254,-1.48785799744855,19.0347420793244,-0.376243419690515,-25.8386298609119,-0.234744259299645,-0.195493185407329
0.10590112998876,-1.49252869948872,19.0528834342966,-0.374510537138278,-25.8664374860284,-0.220935250413846,-0.176067841108529
0.1103756870213,-1.49726598687964,19.0708004892691,-0.372046839404593,-25.8940171427123,-0.205785812133721,-0.148935105803994
0.114654282592681,-1.50206132689604,19.0885091582111,-0.368848861061263,-25.9214273852595,-0.189321873246943,-0.114679365105789
0.118725534135141,-1.50690588286718,19.1060237742185,-0.364913434509607,-25.9487336887698,-0.171568236187331,-0.0740840351132573
0.122578247905331,-1.51179034223249,19.1233575769343,-0.360237070960699,-25.9760073716723,-0.152554057605577,-0.0281220124504847
0.126201524366305,-1.51670476266534,19.1405233725389,-0.354815561479165,-26.0033238622129,-0.132318399625665,0.0220603490565245
0.129584888204685,-1.52163847098432,19.157534385197,-0.348643923887656,-26.0307602130122,-0.110915056983042,0.0751672515105088
0.132718439261854,-1.52658004467441,19.1744052616813,-0.341716773933638,-26.0583919266703,-0.0884158597909924,0.129786160474706
0.135593012300872,-1.53151739196597,19.1911531344939,-0.334029119898241,-26.0862893518929,-0.0649118145455638,0.1844286494637
0.138200327636603,-1.53643792552897,19.2077986142082,-0.325577486660972,-26.1145140882894,-0.0405117851938662,0.237577381815096
0.140533113603266,-1.54132880247179,19.2243665850263,-0.316361194468342,-26.1431159336357,-0.0153388661029159,0.287736031624
0.142585187165029,-1.54617718675503,19.240886723617,-0.306383577912352,-26.1721308740641,0.0104749620101584,0.333478395242753
0.144351488862588,-1.55097048504013,19.2573937356766,-0.295652944690697,-26.2015804523583,0.0367950083016239,0.373493234580999
0.145828080956334,-1.55569651493456,19.2739273850353,-0.284183140619138,-26.2314725989756,0.0634899249507841,0.406622412770612
0.147012127735127,-1.56034358196993,19.290532444755,-0.27199368040951,-26.2618037481454,0.0904368352370004,0.431891242369947
0.14790188332124,-1.56490046237855,19.3072587128029,-0.259109499227341,-26.2925618573719,0.117525029035773,0.448531247621256
0.148496712094751,-1.56935630650743,19.3241611948362,-0.245560450195271,-26.3237298398206,0.144658047484518,0.45599640229651
0.148797161034176,-1.57370048900433,19.3413004675927,-0.231380707822825,-26.355288904922,0.171754248232799,0.453974236261374
0.148805092405456,-1.57792243607,19.358743105717,-0.216608234720104,-26.3872213556236,0.198746104211126,0.442393057454023
0.14852387017132,-1.58201145860278,19.3765618953023,-0.201284434144127,-26.4195124765133,0.225578538372966,0.421426050626433
0.147958575570076,-1.58595661549175,19.3948353924208,-0.185454052759365,-26.4521512411241,0.252206562427927,0.391492357752061
0.147116207852581,-1.58974662587507,19.4136462541713,-0.169165325002611,-26.4851296635255,0.278592410856081,0.353254552658935
0.146005808452597,-1.5933698445806,19.4330777369469,-0.152470274084792,-26.5184407335151,0.304702283902932,0.30761132240215
0.144638435744832,-1.59681431187721,19.4532078990114,-0.135425019051617,-26.5520750327238,0.330502767009143,0.255683763267187
0.143026919893954,-1.60006788680094,19.4741014263311,-0.118089900898308,-26.5860163521849,0.355956999706316,0.198793591454635
0.141185350159176,-1.60311847133875,19.4957996249628,-0.10052925213478,-26.6202369124225,0.381020733284678,0.138431845107359
0.139128292914084,-1.60595432799337,19.5183098815299,-0.0828107029983431,-26.6546930639791,0.405638535357431,0.0762173575648879
0.136869802440004,-1.60856448299643,19.5415965549403,-0.0650040364760113,-26.6893225052341,0.429740540097905,0.0138454141459423
0.134422352897303,-1.61093919059857,19.5655755311725,-0.047179743332503,-26.7240439656312,0.453240246715451,-0.0469715219803117
0.131795865568775,-1.61307041276384,19.5901143130457,-0.0294075396668192,-26.7587598948395,0.476033858578934,-0.104567545415512
0.128997009362104,-1.61495224999195,19.6150384989848,-0.0117551462187359,-26.7933620314308,0.498001477328706,-0.157386727655359
0.126028906266779,-1.61658125177975,19.6401440753407,0.00571243232616023,-26.8277389980836,0.519010135911291,-0.204040877398977
0.12289128800711,-1.61795654600242,19.6652135614366,0.0229330311273235,-26.8617845459787,0.538918272168597,-0.243356815545963
0.119581053660244,-1.61907975571942,19.6900331816961,0.0398469242555552,-26.8954049453955,0.557580958928274,-0.274409930564082
0.116093101095362,-1.6199547116336,19.7144081762399,0.0563961046447577,-26.9285243249695,0.574855121893756,-0.296543005358801
0.112421269445645,-1.62058700643963,19.7381740677175,0.0725235061789703,-26.961087361504,0.59060410843442,-0.309371493804269
0.108559238523498,-1.62098346183656,19.7612028650269,0.0881724021680435,-26.9930593854916,0.604701236022984,-0.312777951458313
0.104501271841871,-1.62115158446026,19.7834043762563,0.103286131309188,-27.0244244816955,0.617032228240431,-0.306898881888798
0.100242744277368,-1.62109907592513,19.8047236742697,0.117808202219392,-27.0551824134204,0.627496649755923,-0.292106938944872
0.0957804457257576,-1.62083344157422,19.8251361557167,0.131682740171426,-27.0853451838038,0.636008539266803,-0.268990538670738
0.0911126891395943,-1.62036172070076,19.8446416012757,0.144855180314314,-27.1149338500455,0.642496434567577,-0.238331898892199
0.0862392725673219,-1.61969034301706,19.8632583372028,0.157273081912905,-27.1439759356544,0.646902933983484,-0.201083658748859
0.0811613520370476,-1.6188251031601,19.881018186792,0.16888693211104,-27.1725035324463,0.649183887203857,-0.158343707204466
0.075881279858016,-1.61777123638063,19.8979625112418,0.179650822666871,-27.2005520018515,0.649307292151307,-0.111327737794488
0.0704024530920042,-1.61653357179849,19.914139339584,0.189522910800427,-27.2281590923526,0.647251984520952,-0.0613392660805932
0.0647292036187845,-1.61511673486775,19.9296013973048,0.198465617065024,-27.2553642789185,0.643006242505852,-0.00973731438513066
0.0588667448957359,-1.61352536744751,19.9444047565717,0.206445557502651,-27.2822081784763,0.636566451020606,0.0420974956365911
0.0528211750521325,-1.61176433436165,19.9586078282534,0.213433252311573,-27.3087319726973,0.627935973791197,0.0927972324912916
0.0465995227288342,-1.60983888984585,19.9722704718846,0.219402685695578,-27.3349768455168,0.617124350167999,0.141039862128604
0.0402098136062431,-1.60775478603034,19.9854530874409,0.224330806011399,-27.3609834940417,0.604146879382745,0.185579931882115
0.0336611331445142,-1.60551831744403,19.9982156473067,0.228197051331007,-27.3867917856938,0.589024600409242,0.225275593300645
0.0269636635357337,-1.60313630758007,20.0106167082041,0.230982962319061,-27.4124406126898,0.571784629918684,0.259111321433866
0.0201286792790765,-1.6006160540926,20.022712501007,0.232671913770389,-27.4379679495082,0.552460802970142,0.286216260164058
0.0131684933867174,-1.59796525605553,20.0345562262835,0.233248966114262,-27.4634110656801,0.531094561175247,0.305878641063348
0.00609635305629754,-1.59519194967325,20.0461976971932,0.232700812771415,-27.4888068049784,0.507736041460749,0.317557065383175
-0.00107371112104233,-1.5923044780985,20.0576834620981,0.231015795351653,-27.5141918167236,0.482445318749935,0.320889606768279
-0.00832707569712559,-1.58931151689879,20.0690575230794,0.22818396022239,-27.5396026286687,0.455293729309143,0.315701588637189
-0.0156487463178095,-1.58622217047089,20.0803627305091,0.224197147141251,-27.5650754748676,0.426365151592617,0.302012601459259
-0.0230236021624045,-1.58304614571101,20.0916428817055,0.21904912398272,-27.5906458440484,0.395757046255234,0.280042840771546
-0.0304366523951139,-1.57979399841291,20.1029454576207,0.212735800103263,-27.6163477713654,0.363580981522837,0.250218210805633
-0.037873291634547,-1.57647743493838,20.1143248003914,0.205255561162459,-27.6422129625354,0.329962322926801,0.213172919121209
-0.0453195376550579,-1.57310963846496,20.1258453635975,0.196609760694674,-27.6682698894283,0.295038784515963,0.169747591673461
-0.0527622304536893,-1.56970557819594,20.1375844815169,0.186803374802241,-27.6945430111469,0.258957654618906,0.120980444850626
-0.0601891691121807,-1.5662822553025,20.1496339491265,0.175845779765132,-27.721052232106,0.221871737722455,0.0680890117718014
-0.0675891636704198,-1.56285884447634,20.1620996386741,0.163751557957759,-27.7478125960724,0.183934368471309,0.0124405612202842
-0.0749519850255527,-1.5594567055238,20.1750984475354,0.150541194074808,-27.7748340417601,0.145294181449963,-0.0444892352385983
-0.0822682067072625,-1.55609926094132,20.1887520823699,0.136241512884192,-27.8021208507073,0.106090552851848,-0.101167828574192
-0.0895289460201332,-1.55281175277928,20.2031774946643,0.120885740553891,-27.8296702690988,0.066450660453813,-0.156063870687043
-0.0967255249364289,-1.54962089357392,20.2184741372301,0.104513142806116,-27.8574697639837,0.0264888930336331,-0.207706687183888
-0.103849080347588,-1.54655440479183,20.234708607393,0.0871682836795886,-27.8854925603138,-0.0136910764351928,-0.254741507471585
-0.110890159106993,-1.54364039756663,20.2518977806406,0.068900034462659,-27.9136915580076,-0.0539917388974727,-0.295975449621788
-0.117838339563387,-1.54090651590141,20.269992374947,0.049760524357792,-27.9419924597891,-0.094315354808653,-0.330410704767512
-0.124681932171389,-1.53837876573622,20.28886404498,0.0298042531677552,-27.9702878523213,-0.13455666928107,-0.357263219650868
-0.13140782557563,-1.53608002624973,20.308300204866,0.00908757618611914,-27.9984347730582,-0.174595838696475,-0.375967206641805
-0.13800154855883,-1.53402838674434,20.3280109071091,-0.0123312886069844,-28.0262584289441,-0.214292647235768,-0.386167962218921
-0.144447592894512,-1.53223562310489,20.3476502039541,-0.0343917001308851,-28.053563656824,-0.253482883642598,-0.387707571227568
-0.150729977712519,-1.53070621946967,20.3668502602013,-0.0570296152257654,-28.0801533639918,-0.291977365644239,-0.380609461845585
-0.156832951728313,-1.5294372576028,20.3852615718184,-0.080176483253675,-28.1058504268478,-0.329563634808625,-0.365067481742664
-0.162741671037155,-1.52841923958364,20.4025897472816,-0.10375837860145,-28.1305178774724,-0.366009977550015,-0.34144268112576
-0.168442695495343,-1.52763760677517,20.4186204376182,-0.127695677045571,-28.1540727425585,-0.401071307307176,-0.310267050443864
-0.173924213000616,-1.5270745372969,20.4332285692023,-0.151903421002247,-28.1764912801248,-0.434496542532835,-0.272249840859959
-0.179175987765061,-1.52671062229093,20.4463733002333,-0.176292334806318,-28.1978061210738,-0.466037236482681,-0.228280420972003
-0.184189093958382,-1.52652618201057,20.4580834716665,-0.200770315447293,-28.2180976002736,-0.495457152308556,-0.179422314812164
-0.188955524458566,-1.52650216829747,20.4684389648146,-0.225244159891687,-28.2374819733478,-0.522542186465136,-0.126895369325614
-0.193467764599423,-1.52662072359308,20.4775521665626,-0.249621282790768,-28.2560987276062,-0.547109668111712,-0.0720457638406975
-0.197718407175932,-1.52686550756114,20.4855519796165,-0.273811207055857,-28.2740984658537,-0.569015825219854,-0.0163059171174711
-0.201699865861974,-1.52722188526007,20.4925713551333,-0.297726663465716,-28.2916322586976,-0.588160277436432,0.0388521507119933
-0.205404221956482,-1.5276770312574,20.4987384218843,-0.321284209518833,-28.3088429925598,-0.604486822049703,0.0919658540824497
-0.208823214851853,-1.52821996841924,20.5041708384514,-0.344404363680334,-28.3258589961902,-0.617980407532555,0.141629528365538
-0.211948362740398,-1.52884154014736,20.5089728147823,-0.36701133319309,-28.3427900145312,-0.628660843318127,0.186537184683984
-0.214771180962827,-1.52953431129637,20.5132341971262,-0.389032473255353,-28.3597253836281,-0.636574284903537,0.225518420864428
-0.217283454893082,-1.53029240049359,20.5170310182222,-0.410397640566395,-28.376734065299,-0.641783754495784,0.257566507083932
-0.219477522979154,-1.53111125826947,20.5204269599225,-0.431038592871781,-28.3938660635242,-0.644359903291984,0.281858660342038
-0.221346532324083,-1.53198741540937,20.5234752515939,-0.450888548037122,-28.4111546902724,-0.644372974463642,0.297769268165127
-0.222884640318697,-1.53291823100119,20.5262206264349,-0.469881965477677,-28.4286191767427,-0.641886594404,0.30487726402593
-0.224087148021031,-1.53390166885265,20.5287010670502,-0.487954564090734,-28.446267217123,-0.636953702965255,0.302969001906824
-0.224950561883985,-1.53493612511324,20.5309491780015,-0.505043554287087,-28.4640971584585,-0.629614690571933,0.292037872134203
-0.225472588555383,-1.53602032077092,20.5329931165346,-0.521088039570581,-28.4820996875212,-0.619897652601394,0.272281597481141
-0.225652073625308,-1.53715326183641,20.5348570889638,-0.536029535616683,-28.5002589959158,-0.607820587755949,0.244097734460955
-0.225488899345136,-1.53833425867916,20.5365614781729,-0.549812554201459,-28.5185535174789,-0.593395287821366,0.208077430136658
-0.224983859366115,-1.53956298632269,20.5381227113096,-0.562385203424302,-28.5369564218371,-0.576632635316687,0.164997018561566
-0.224138530702678,-1.54083955882763,20.5395530044613,-0.573699756732366,-28.5554361050922,-0.557548873632682,0.115806653270076
-0.222955164127009,-1.54216458648027,20.5408601346505,-0.583713145044104,-28.5739569341522,-0.53617228984561,0.0616149380354245
-0.221436612108677,-1.54353918471305,20.5420473839443,-0.592387325697875,-28.5924804646379,-0.512549585284421,0.00366849869362877
-0.219586308130052,-1.54496491003949,20.5431137723359,-0.599689487245061,-28.6109672573315,-0.486751102122453,-0.0566742730855952
-0.217408301844963,-1.54644361102067,20.5440546435545,-0.605592062735077,-28.6293792725958,-0.458874091486559,-0.117975460788423
-0.214907342573764,-1.54797719977754,20.5448625959977,-0.610072549310874,-28.6476826525501,-0.42904340806731,-0.178755124368488
-0.212088991427792,-1.5495673682327,20.5455286726837,-0.613113164073591,-28.6658505512133,-0.39740939751143,-0.237532368411089
-0.208959733485892,-1.5512152880737,20.5460436592177,-0.614700396472737,-28.6838655923146,-0.364143232776741,-0.292867489528075
-0.205527060351582,-1.5529213393653,20.5463993078734,-0.614824542498129,-28.7017215576426,-0.329430428451153,-0.343402382465482
-0.201799498313178,-1.55468490790269,20.5465893189575,-0.613479306314752,-28.7194240364753,-0.293463562606002,-0.387896658598466
-0.197786568718459,-1.55650427668943,20.5466099651659,-0.610661541460323,-28.7369899638206,-0.256435292082695,-0.425257769257961
-0.193498679660415,-1.55837661719672,20.5464603224422,-0.606371175786259,-28.7544461834369,-0.218532558337444,-0.454564575405449
-0.188946957522733,-1.56029806725195,20.5461421479118,-0.60061132993539,-28.7718273339668,-0.179932537289054,-0.475084898111402
-0.18414303268523,-1.56226386900334,20.5456595026799,-0.593388614402158,-28.7891734391308,-0.140800516692045,-0.486288357144025
-0.179098795211503,-1.56426853487579,20.545018244211,-0.584713574751625,-28.8065275781786,-0.10128958504787,-0.48785608997884
-0.17382613564544,-1.56630601115398,20.5442255114912,-0.574601248720432,-28.8239339424715,-0.0615418452405097,-0.47968873944761
-0.168336686320457,-1.5683698166039,20.543289301461,-0.563071794933811,-28.8414364538131,-0.0216907953265992,-0.461913490894879
-0.162641580483518,-1.57045314378529,20.5422182007944,-0.55015114888461,-28.8590779823987,0.0181354577086132,-0.43489007875858
-0.156751251063501,-1.5725489222827,20.5410212972935,-0.535871649237461,-28.876900051136,0.0578104593189564,-0.399214697103601
-0.150675295551468,-1.57464985353995,20.5397082575982,-0.520272558468609,-28.894942785991,0.0972054508401263,-0.355719806774202
-0.144422435255597,-1.57674843476019,20.5382895261629,-0.503400383944808,-28.9132447924201,0.136185554780278,-0.305467153517556
-0.138000592260263,-1.57883699273571,20.5367765787164,-0.485308901628869,-28.9318426394198,0.174606553071554,-0.249731159797205
-0.131417093161103,-1.58090774614034,20.5351821562518,-0.466058808817102,-28.9507697411938,0.212312784898375,-0.189970473838566
-0.124678985722245,-1.58295290649613,20.5335204164541,-0.445716991659396,-28.9700546393885,0.249136672500408,-0.127786940164082
-0.117793428327886,-1.58496481544383,20.5318069675293,-0.424355480120571,-28.9897189559459,0.284900208884661,-0.0648733776282788
-0.110768091138967,-1.5869361030021,20.53005878655,-0.402050250408273,-29.0097755121192,0.319418409160359,-0.00295374271038157
-0.103611501001552,-1.58885984304637,20.5282940562605,-0.378880087497896,-29.0302271881179,0.352504320997199,0.0562792154802138
-0.0963332733388427,-1.59072968181247,20.5265319655056,-0.35492571055866,-29.0510669731574,0.383974850434059,0.111223389461387
-0.0889442003976506,-1.5925399231376,20.524792500674,-0.330269290238797,-29.0722793579425,0.413656516441723,0.160419392581468
-0.0814561972743145,-1.5942855672053,20.5230962121237,-0.304994373171458,-29.0938428590125,0.441390347598624,0.202592655261825
-0.0738821352863238,-1.59596231299654,20.5214638841625,-0.27918611632086,-29.1157331655508,0.467035425110549,0.236684879637903
-0.0662356096925807,-1.59756654436586,20.5199159889951,-0.252931655314911,-29.1379262522326,0.490470940604089,0.261875724231318
-0.0585306938258344,-1.59909532368428,20.5184717852381,-0.22632040262375,-29.1604008263774,0.511596954677181,0.277596396019543
-0.0507817266454535,-1.600546415415,20.5171479534204,-0.199444091072673,-29.1831396416526,0.530334237802682,0.283536937296793
-0.0430031691524355,-1.60191835567671,20.5159567726732,-0.172396431975577,-29.2061294654857,0.546623627175972,0.279648611335556
-0.0352095502514183,-1.60321057302816,20.5149040639373,-0.145272329851351,-29.2293597953803,0.56042526041147,0.266142168874872
-0.0274155067466157,-1.60442354894476,20.5139874598113,-0.118166675337599,-29.2528207510767,0.571717886921169,0.243482166253069
-0.0196359067954958,-1.60555898066176,20.5131959247099,-0.0911728155151307,-29.2765008690999,0.58049824319697,0.212377098706305
-0.0118860326224501,-1.60661987318383,20.5125115740533,-0.0643808687772665,-29.3003856590108,0.586780239146951,0.173764992739772
-0.0041817869212075,-1.60761045215324,20.5119142763963,-0.0378761020402133,-29.3244575309039,0.590593499871451,0.128794132642983
0.00346012332050191,-1.60853578872775,20.511387984017,-0.0117376142442716,-29.3486969472717,0.591980778149549,0.0787983895708834
0.0110220824265183,-1.60940110704893,20.5109258662901,0.0139624377088286,-29.3730837114833,0.59099408024495,0.0252659304458602
0.0184856009155349,-1.61021090381189,20.5105309157186,0.0391588933581917,-29.3975970308521,0.587690029448578,-0.0302005019798532
0.0258315289514851,-1.61096814906458,20.51021105395,0.0637928728745184,-29.4222139586391,0.582125614662973,-0.0859326648548731
0.033040437509645,-1.61167382830234,20.5099713916556,0.0878104190830946,-29.4469072985222,0.574355473678273,-0.140253339496523
0.0400930982980445,-1.61232692270266,20.5098079240926,0.111160789573486,-29.4716445781625,0.564431185124003,-0.191535262014701
0.0469709618698619,-1.61292474246159,20.5097053910076,0.133794766827053,-29.496388844838,0.5524022535932,-0.238256241650548
0.0536565423942993,-1.61346344513435,20.509639246595,0.155663314801339,-29.5211007972146,0.53831809105815,-0.27904552488555
0.0601336546695675,-1.61393858741239,20.5095799438653,0.176716787428231,-29.5457411653702,0.522230364929467,-0.312718943575753
0.0663874926967122,-1.61434561358987,20.5094975573632,0.196904741645573,-29.5702724262642,0.504195345139473,-0.338302710806563
0.0724045744654283,-1.61468023263257,20.5093654405632,0.216176270920001,-29.5946594751159,0.484276126230347,-0.355047298125125
0.078172598805498,-1.6149386673359,20.5091623887073,0.234480683135633,-29.6188693709172,0.462544746089208,-0.362433625800559
0.0836802674296358,-1.61511777791329,20.5088733151907,0.251768308379229,-29.6428705728011,0.439084263562763,-0.360173996581744
0.0889171219608893,-1.61521507430709,20.5084887214621,0.267991232854192,-29.6666321820031,0.413990810432481,-0.348209968952981
0.0938734353871794,-1.61522863881731,20.5080033221609,0.283103801941632,-29.6901236591525,0.387375513835657,-0.326708863521628
0.0985401834142969,-1.61515698641198,20.5074141842736,0.29706280457677,-29.7133153492572,0.359366038089568,-0.296059861836243
0.102909105124531,-1.6149988936947,20.5067186973128,0.309827330729332,-29.7361799559108,0.330107349663705,-0.256869816799614
0.106972844818743,-1.61475323014846,20.5059126526366,0.321358372932285,-29.7586948824372,0.299761227997712,-0.209957972488486
0.110725148964822,-1.6144188259096,20.5049886768243,0.331618312095736,-29.7808451269838,0.26850408229094,-0.156347922295677
0.114161075400921,-1.61399440706106,20.503935226134,0.340570472544026,-29.8026262199572,0.236522831082551,-0.0972544950604145
0.117277160999546,-1.61347862070464,20.5027362928816,0.348178938963127,-29.824046582193,0.20400896297095,-0.0340631291050569
0.120071493132389,-1.61287015602298,20.5013718755836,0.354408785444272,-29.8451287158842,0.171151355272077,0.0317001006060145
0.122543644195415,-1.61216794722355,20.4998191420006,0.359226775924525,-29.8659088448629,0.138128858316678,0.0984082003459792
0.124694457398366,-1.61137142436537,20.4980540792576,0.362602478923639,-29.8864349652521,0.105103887589339,0.164381145517454
0.126525707396063,-1.61048076423475,20.4960533177421,0.364509627721539,-29.9067636448292,0.0722181774027183,0.227938444494532
0.128039692567652,-1.60949709275606,20.4937957833622,0.364927499025616,-29.9269561936474,0.0395914370312308,0.287451763884457
0.129238833221909,-1.60842260235552,20.4912638831464,0.363842091578139,-29.9470749144471,0.00732304042127352,0.341393177071352
0.130125343807507,-1.60726056644426,20.4884440428189,0.36124694569982,-29.9671800078806,-0.0245037084263799,0.388375887997275
0.130701021702398,-1.60601525292136,20.4853265506309,0.357143524748614,-29.9873274316096,-0.0558155723489698,0.42718613055927
0.130967162639447,-1.60469175242175,20.4819047747604,0.35154116748341,-30.0075676960629,-0.0865425804582666,0.45680664149359
0.130924585863548,-1.60329574318225,20.4781738871788,0.344456699423968,-30.0279453215388,-0.116611251839386,0.476433332549902
0.130573733988203,-1.60183321239821,20.4741292398603,0.335913833414311,-30.0484985333559,-0.145938442442644,0.485487307365227
0.12991480617007,-1.60031014734241,20.4697645173772,0.325942498237971,-30.0692587432725,-0.174426208297583,0.483624236381741
0.128947886996173,-1.59873220244076,20.4650697603165,0.314578215694852,-30.0902494399366,-0.201957967077765,0.470742478231547
0.127673045388568,-1.59710434478949,20.4600293439746,0.30186161603629,-30.111484264575,-0.228396245867161,0.446990446726171
0.126090393378286,-1.59543048224417,20.4546200246959,0.287838141772607,-30.1329642619491,-0.253582388665315,0.412772701259462
0.124200110350153,-1.59371308554471,20.4488092374272,0.272557945037389,-30.1546745526494,-0.277338684181487,0.368753230489897
0.122002452299741,-1.59195282727275,20.4425539315019,0.25607594184976,-30.1765809413923,-0.299473365153013,0.315853614622489
0.11949777403671,-1.59014827165559,20.4358003387924,0.238451947267589,-30.1986272095721,-0.319788724992143,0.255243369083312
0.116686593583431,-1.58829565537229,20.4284851422467,0.219750787892613,-30.2207339706777,-0.338092145745447,0.188320029125605
0.113569721626942,-1.58638879659542,20.4205385229525,0.200042281425251,-30.2427999273404,-0.354209174062007,0.116677552826763
0.11014846523228,-1.58441915743632,20.4118895026895,0.179400990973576,-30.2647061275676,-0.367997072193221,0.0420632826555975
0.106424897544607,-1.58237606988665,20.4024738817526,0.157905706276164,-30.2863234051761,-0.379356753884585,-0.033674350438088
0.102402166890561,-1.58024712801353,20.3922448995584,0.13563866261418,-30.3075226895536,-0.388240917780347,-0.108643541094118
0.0980848037350269,-1.57801875931513,20.3811864367573,0.112684568396093,-30.3281873607598,-0.394656621336592,-0.180967546686976
0.0934789741874257,-1.5756770142358,20.36932791736,0.0891295584595901,-30.3482263097637,-0.398661407691982,-0.248839394523221
0.088592625840009,-1.57320863242108,20.3567587877314,0.0650602142886207,-30.3675857624712,-0.400353184467579,-0.310569727202791
0.0834354787148629,-1.57060241282609,20.3436385550665,0.0405627912166172,-30.3862572393395,-0.399855132375688,-0.36462674594516
0.0780188376315602,-1.56785078807387,20.3301967030196,0.0157227610194034,-30.4042786196611,-0.39729785665549,-0.409669459600404
0.0723552491228501,-1.5649512930576,20.3167172677749,-0.00937529438208863,-30.4217260253124,-0.392801668884832,-0.444576941040266
0.0664580885718505,-1.56190744597556,20.3035072719952,-0.034647519690222,-30.4386969015457,-0.386462036335702,-0.468476129135629
0.0603412083479574,-1.55872861846276,20.2908557175853,-0.0600105636724958,-30.4552886332257,-0.378340518815085,-0.480768805755278
0.054018762272796,-1.55542883490532,20.2789956806293,-0.085381572862979,-30.4715797866928,-0.368461959460642,-0.481155973043774
0.047505239175499,-1.55202491226993,20.2680811501963,-0.110678614845205,-30.4876201441197,-0.356817044397707,-0.469656707297358
0.0408156391557453,-1.54853459802733,20.2581828227415,-0.135821569263143,-30.5034314662841,-0.343368553270906,-0.446619207914627
0.0339656726410371,-1.54497524145721,20.249298810082,-0.160733328394612,-30.5190164456636,-0.328059941291256,-0.412723049637749
0.0269718711107201,-1.54136319613998,20.2413723920001,-0.185341022989906,-30.5343712270568,-0.310825685887462,-0.368972166868077
0.0198515425088477,-1.53771384334048,20.2343100633013,-0.209576965573186,-30.5494973353987,-0.291603281645613,-0.316677559544002
0.0126225531319664,-1.53404197168146,20.2279964259222,-0.233379066080554,-30.5644104419077,-0.270346529851896,-0.257427849781595
0.00530295984448398,-1.53036223508741,20.2223053376109,-0.25669059523717,-30.5791448876499,-0.247039031499072,-0.19304561136156
-0.00208944807296283,-1.52668947710788,20.217108157556,-0.27945932256367,-30.5937538813116,-0.22170600634491,-0.125528431382322
-0.00953761123544616,-1.52303880733273,20.2122801353776,-0.301636207270409,-30.6083059334648,-0.194422196697868,-0.0569759880921593
-0.0170255705813726,-1.51942541738633,20.2077055667134,-0.323173931055087,-30.6228785718411,-0.165313976464677,0.0104925219161171
-0.0245386654752706,-1.51586420984372,20.2032818074207,-0.344025595559024,-30.6375507304744,-0.134554875356936,0.0748235359947574
-0.0320635201226097,-1.51236936448882,20.1989219127,-0.364143849096075,-30.6523953206904,-0.102355198492653,0.134108512857035
-0.0395878332333301,-1.50895397088266,20.1945556490506,-0.383480577553077,-30.667473283681,-0.0689477259203139,0.18665008225202
-0.047100034117331,-1.50562981816537,20.1901288480981,-0.401987139420724,-30.6828299212103,-0.0345721426941565,0.231010281958075
-0.0545888942943925,-1.50240737185267,20.1856013749368,-0.419614996406581,-30.6984936610028,0.00053927731928162,0.266039898675103
-0.0620431819520312,-1.49929590835241,20.1809442179297,-0.436316521539485,-30.7144768433448,0.0361729382813001,0.290891225963483
-0.0694514232922054,-1.49630373956943,20.1761362929975,-0.452045762372881,-30.7307777690279,0.0721412909893491,0.30501855091593
-0.0768018018598106,-1.49343844805448,20.1711614979642,-0.466758984401213,-30.7473831726669,0.108286272335838,0.308171156936277
-0.0840821951026959,-1.49070706313846,20.1660064052431,-0.480414896695501,-30.7642704327781,0.144479293014142,0.300382877496979
-0.0912803226760773,-1.48811613135436,20.1606588048635,-0.492974550240692,-30.7814091091745,0.180618444082392,0.281960782101996
-0.0983839646536822,-1.48567166246656,20.1551071441605,-0.504400985567742,-30.7987617184556,0.216623578228372,0.253473885121542
-0.105381198734456,-1.48337896091328,20.1493407702137,-0.514658779262845,-30.816283949944,0.252429838565405,0.215741171075915
-0.112260602825092,-1.4812423787187,20.1433507669142,-0.523713687893154,-30.8339247369848,0.287980171113059,0.169816968461543
-0.119011373535695,-1.47926504733266,20.1371310900381,-0.531532598360915,-30.8516266922959,0.323217421591239,0.116970988222906
-0.125623323890809,-1.47744865815816,20.130679653543,-0.538083953735615,-30.8693273657143,0.358076763978305,0.0586603841692186
-0.132086745844351,-1.4757933595551,20.1239990195427,-0.543338725377299,-30.8869615718979,0.392479347680742,-0.00350786733640013
-0.1383921530323,-1.47429781814405,20.117096424885,-0.54727186868631,-30.9044647156587,0.426328055008585,-0.0678242057968285
-0.144529950280494,-1.47295945594713,20.1099830275496,-0.549864055760466,-30.9217767009362,0.45950604663498,-0.132531120731536
-0.150490098447817,-1.47177483174319,20.1026724460639,-0.551103380942405,-30.9388457535878,0.491878310177781,-0.195881053172018
-0.156261848528359,-1.47074009833736,20.0951788433767,-0.550986720292864,-30.9556314386651,0.523295850905107,-0.256192507718554
-0.161833603695404,-1.46985145091611,20.0875149082503,-0.549520498050582,-30.9721063205203,0.553601647656539,-0.311899697867802
-0.167192938309762,-1.46910548943448,20.0796900839677,-0.546720750813349,-30.9882560368335,0.58263722347108,-0.361592543522838
-0.172326768367393,-1.46849944604402,20.0717092955597,-0.542612526640337,-31.0040779108186,0.610248715121954,-0.404045838183638
-0.177221640451463,-1.46803126461179,20.0635722769031,-0.537228772997657,-31.019578493902,0.636291624344698,-0.438238237678274
-0.181864091198341,-1.46769955233161,20.0552734490453,-0.530608922262987,-31.0347705523925,0.660633856562161,-0.463362921112966
-0.186241028577271,-1.46750344470388,20.0468021896292,-0.522797386092564,-31.0496699915664,0.683157068401012,-0.47883226513404
-0.190340094209654,-1.46744243373891,20.0381432759996,-0.513842129236781,-31.0642930946473,0.703756643227441,-0.484278737823095
-0.194149979613243,-1.46751620578988,20.0292772787409,-0.503793445611443,-31.0786543012291,0.722340773598339,-0.479553769789357
-0.197660680539517,-1.46772452552818,20.0201807159158,-0.492703007121019,-31.0927646022525,0.738829138866388,-0.464725681646342
-0.200863683811646,-1.46806718789527,20.0108258374148,-0.480623226016698,-31.1066305135915,0.753151590540723,-0.440077105648518
-0.203752084389368,-1.46854404554066,20.0011799842775,-0.467606942979222,-31.1202535125769,0.765247108375147,-0.40610163027403
-0.206320634556394,-1.46915510387312,19.9912045512964,-0.453707445111193,-31.1336297824956,0.775063155676221,-0.363498890110029
-0.20856572569747,-1.46990066425037,19.9808536679728,-0.438978792063636,-31.1467501014618,0.782555420956175,-0.313166808212889
-0.210485307276238,-1.47078148527369,19.9700727907587,-0.423476409476542,-31.1595997331652,0.787687869209305,-0.256189520173533
-0.212078750072936,-1.47179892787452,19.9587974558559,-0.407257867438305,-31.1721582220289,0.79043298880211,-0.193819498020149
-0.213346669535896,-1.47295505025262,19.9469524564629,-0.39038372764914,-31.1843990609199,0.790772155040821,-0.127452809462138
-0.214290731439115,-1.47425262775705,19.9344516693616,-0.372918307811257,-31.1962892750342,0.788696065851565,-0.0585971334138019
-0.214913470602814,-1.47569508685135,19.921198660523,-0.354930208231543,-31.2077890371782,0.784205259614091,0.011166846145649
-0.215218154225849,-1.47728636121991,19.9070880706208,-0.336492466230495,-31.2188514804084,0.777310726414862,0.0802290276860865
-0.21520871801651,-1.47903069476066,19.8920076577462,-0.317682260727639,-31.2294228914996,0.768034602000735,0.146995963757601
-0.214889792143463,-1.48093242688056,19.8758408048871,-0.298580161438059,-31.2394434503925,0.7564108762721,0.209936499509803
-0.214266819001384,-1.48299579585552,19.8584693180829,-0.279268987866237,-31.248848636062,0.742485996864244,0.267624178211749
-0.213346249106622,-1.48522478559424,19.839776452145,-0.259832392617741,-31.2575713654583,0.726319232653141,0.318774228123028
-0.212135788052005,-1.48762302270864,19.8196502730305,-0.240353301116223,-31.2655448855585,0.707982697022865,0.362273860066545
-0.210644657539986,-1.49019370918695,19.7979876401215,-0.220912328080155,-31.2727064050384,0.687561007446486,0.397205553631733
-0.208883826793523,-1.4929395563083,19.7746991957173,-0.201586262797549,-31.2790014217247,0.665150649961736,0.422863768352371
-0.206866164795224,-1.49586267257988,19.74971571362,-0.182446686164624,-31.2843886505344,0.640859184049637,0.438765933377753
-0.204606458361518,-1.49896435594273,19.7229959294101,-0.163558766217274,-31.2888453528947,0.614804439883236,0.444658629216858
-0.202121237229185,-1.50224475141813,19.6945355302126,-0.144980281205712,-31.2923726899515,0.587113814513903,0.440519638633821
-0.199428350340425,-1.50570236170086,19.664376359211,-0.126760936783101,-31.2950004742811,0.557923680760303,0.426556150769514
-0.196546254936768,-1.50933343942854,19.6326142202941,-0.108942064468298,-31.2967904347474,0.527378812598027,0.403199016281834
-0.193493018915737,-1.51313134011399,19.5994031869442,-0.0915567945282572,-31.2978369514059,0.495631641164136,0.371092723908818
-0.190285098174031,-1.51708596071559,19.5649543216006,-0.0746307704787744,-31.298264310172,0.462841117860604,0.331080791970277
-0.186936024253919,-1.52118341133301,19.5295274217718,-0.0581834056777094,-31.2982199824659,0.4291709916967,0.284186534043843
-0.183455200323701,-1.5254060489143,19.493415811583,-0.0422295838656757,-31.2978642375131,0.394787399798462,0.231589516648336
-0.179847027376733,-1.5297329367779,19.4569259343513,-0.0267816020906614,-31.2973573437383,0.359855803472318,0.174598296761651
-0.176110547075425,-1.53414069704413,19.4203549616436,-0.0118510845921903,-31.296846371327,0.324537449462081,0.114620065278976
-0.172239694219305,-1.53860462662052,19.3839702289376,0.00254940904938424,-31.2964538440614,0.288985673348481,0.0531276694378148
-0.168224126297255,-1.54309988603949,19.3479937862696,0.0164052916261255,-31.2962700694354,0.25334246765459,-0.00837565046880336
-0.164050479791535,-1.54760256490636,19.3125939368554,0.0296994644135713,-31.2963500423779,0.217735786152574,-0.0683933691448292
-0.159703829349158,-1.55209047561559,19.277883892168,0.0424124055713628,-31.2967147172623,0.182278022906607,-0.125473765137098
-0.155169113871446,-1.55654360647879,19.2439262078904,0.0545226932007361,-31.2973555569413,0.147065976067953,-0.178247563004011
-0.15043233812502,-1.56094424753364,19.2107408660252,0.0660077745736144,-31.2982408413552,0.112182399673239,-0.225463307856414
-0.14548143734897,-1.5652768634123,19.1783147937135,0.0768447938953459,-31.2993222857303,0.077699010837653,-0.266018679494034
-0.140306778514858,-1.56952781667689,19.1466110631335,0.0870113301407891,-31.3005409370953,0.0436806169452878,-0.298986440924874
-0.134901342230591,-1.57368504319742,19.1155767030533,0.0964859523364017,-31.3018318696887,0.0101899025304433,-0.323634473915627
-0.129260672286796,-1.57773775809326,19.0851487125059,0.105248555952627,-31.3031276909382,-0.0227076241090126,-0.339440106241369
-0.123382693579906,-1.58167623812952,19.0552583499721,0.113280489358816,-31.3043611863719,-0.0549390043477407,-0.346099434471032
-0.117267489774931,-1.58549169419092,19.0258340360655,0.120564511458199,-31.3054675460724,-0.0864199607864393,-0.343532482111826
-0.110917108375379,-1.58917622165364,18.9968032859286,0.127084642836954,-31.3063865586895,-0.117052188810892,-0.331884827053384
-0.104335430324803,-1.59272279935797,18.968094040778,0.132825984088373,-31.3070649889225,-0.146722178217175,-0.311525872948276
-0.0975281107830272,-1.59612530007586,18.9396356584313,0.137774579569094,-31.3074591337156,-0.17530188306004,-0.28304339788406
-0.0905025710694861,-1.59937847603686,18.9113596978449,0.141917399695916,-31.307537337635,-0.202651444177537,-0.247233540762777
-0.0832680027884016,-1.60247789163152,18.8832005254053,0.145242498457178,-31.3072820896533,-0.228623961677795,-0.20508515153843
-0.0758353361824663,-1.60541979024091,18.8550957000904,0.147739371375433,-31.3066912621476,-0.253072009237612,-0.157757541787504
-0.0682171285241154,-1.60820090124091,18.8269860706662,0.149399497253577,-31.3057781138374,-0.275855227770759,-0.106551193642464
-0.0604273442099855,-1.61081821227997,18.7988155396991,0.150217000637805,-31.3045698576889,-0.296848023659463,-0.0528718326424423
-0.0524810230962419,-1.61326874593124,18.7705305052095,0.150189333927954,-31.3031048542442,-0.315946239464596,0.00181073972320133
-0.0443938612155727,-1.61554938450511,18.742079063304,0.1493178610121,-31.3014287613448,-0.33307174793844,0.0560067923572955
-0.0361817500939374,-1.61765677973453,18.7134101138913,0.147608236610156,-31.2995901750803,-0.34817425249669,0.108251032069635
-0.0278603310600767,-1.61958736773245,18.6844725492726,0.145070509732819,-31.2976363729652,-0.36123007498008,0.157144461150229
-0.0194446165959619,-1.62133748864854,18.6552146968681,0.141718931847983,-31.2956097048167,-0.372238241046994,0.20139149076201
-0.0109487140697047,-1.62290359157928,18.6255841488464,0.137571499156272,-31.2935449971501,-0.381214587551788,0.239830900644863
-0.00238566400205771,-1.62428249330319,18.5955280510525,0.132649294243849,-31.2914681050011,-0.388184831154502,0.27146014821299
0.00623261771327886,-1.62547165666122,18.5649938620415,0.126975709692978,-31.2893955262644,-0.393177546396886,0.295453337123753
0.0148953210960584,-1.62646945920473,18.5339305466113,0.120575634140272,-31.2873348378462,-0.396217853360127,0.311173712622008
0.0235926822541535,-1.62727543265287,18.5022901466638,0.113474669061731,-31.2852856417808,-0.397322399416407,0.318181831497159
0.0323159166564562,-1.62789046434725,18.4700296767765,0.105698426799118,-31.2832407213886,-0.396496003029066,0.316240561427755
0.0410571708827702,-1.62831696057669,18.4371133158733,0.0972719444608477,-31.2811871835799,-0.393730157975704,0.305317867546552
0.0498095041090595,-1.62855897612517,18.4035148973828,0.0882192357557838,-31.2791074787048,-0.389003479188361,0.285588004960353
0.0585668937951314,-1.62862231427214,18.3692207215024,0.078562994300146,-31.2769803171432,-0.382284090262349,0.25743133222871
0.0673242430798592,-1.6285145964935,18.3342327058345,0.0683244532812376,-31.2747816175358,-0.373533867441286,0.221432528128618
0.0760773532508632,-1.62824529309283,18.2985718365939,0.0575233971181351,-31.2724856989861,-0.362714336262548,0.178376593638069
0.084822816499483,-1.62782569650858,18.2622817707274,0.046178308042887,-31.2700669452799,-0.349793839125693,0.129241668711649
0.0935577856106528,-1.62726881135542,18.2254322738202,0.034306616621381,-31.2675021035998,-0.334755363710983,0.0751874321485634
0.102279591029057,-1.6265891326446,18.188121988047,0.0219250130918252,-31.2647732281602,-0.317604181289076,0.0175377254386677
0.110985202752062,-1.62580228984846,18.1504798650779,0.00904977214829625,-31.2618710587403,-0.298374267014209,-0.0422438694683779
0.119670571513487,-1.62492455146135,18.1126645468267,-0.00430294856170413,-31.2587983845294,-0.277132449696865,-0.102586372648461
0.128329922859521,-1.62397221167025,18.0748611044536,-0.0181168551237112,-31.2555727608455,-0.253979440746413,-0.161851771838376
0.13695510706503,-1.62296091226417,18.0372748856422,-0.0323752992867451,-31.2522279030095,-0.229047333711968,-0.218382405758236
0.145535115385381,-1.6219049795986,18.0001227315804,-0.0470610589428856,-31.2488132335103,-0.202493772875704,-0.270553123924081
0.154055851818245,-1.62081686704359,17.9636223844455,-0.0621560684978597,-31.2453913975962,-0.174493601710489,-0.316824975795418
0.162500202557716,-1.61970678043184,17.9279813381399,-0.0776410603671209,-31.2420340031423,-0.145229237665681,-0.355796784029994
0.170848386283769,-1.6185825281608,17.8933865316523,-0.0934951082221571,-31.238816245093,-0.114881151948167,-0.386251370510098
0.179078516127357,-1.61744958869278,17.8599960813073,-0.109695099793841,-31.2358113108922,-0.0836196514582422,-0.407194318330687
0.187167274337583,-1.6163113419461,17.8279337626962,-0.126215196684491,-31.233085466233,-0.0515987721307235,-0.417884582795721
0.195090599030367,-1.61516938180492,17.7972863566031,-0.143026350704492,-31.230694515306,-0.0189526593940921,-0.417857507531182
0.202824304040487,-1.61402382226974,17.7681034645775,-0.160095939756808,-31.2286820071372,0.0142055303096682,-0.406941468896626
0.210344586140176,-1.61287352844515,17.7403991216932,-0.177387568605583,-31.2270792205604,0.0477823660223711,-0.385269281853827
0.217628406816204,-1.61171623843404,17.7141545281861,-0.194861060425213,-31.2259066733358,0.0817007488770976,-0.353284713732402
0.224653760414259,-1.61054858367244,17.6893214314799,-0.212472650069232,-31.2251766899912,0.115894661026825,-0.311743207127908
0.231399853343509,-1.60936605361971,17.6658259953677,-0.230175379667667,-31.224896426174,0.150302434768355,-0.261704557923913
0.237847221062175,-1.6081629772517,17.6435732550827,-0.247919685883049,-31.2250706880772,0.184859146918372,-0.204514304681873
0.243977803482845,-1.60693260044378,17.6224523575152,-0.265654148850064,-31.225703927299,0.21948906358777,-0.141770488199935
0.249774989287717,-1.60566731968898,17.6023426653436,-0.28332634247104,-31.2268009677103,0.254099342935309,-0.0752736846931907
0.255223629504435,-1.60435908955169,17.5831204922455,-0.30088369031276,-31.2283663371445,0.288576255271379,-0.00696087426951394
0.260310015222158,-1.6029999649237,17.5646658629912,-0.318274206671219,-31.2304024736757,0.322784847435264,0.0611727812997539
0.265021815746728,-1.6015826893516,17.5468684419042,-0.335447006415068,-31.2329074241171,0.35657226984408,0.127157018536011
0.26934798175221,-1.60010121830936,17.5296317964102,-0.352352508434789,-31.2358728069983,0.389774117061476,0.189125694776745
0.27327862885802,-1.59855108127052,17.5128754813124,-0.368942325421443,-31.239282699594,0.422222440024171,0.2453843302044
0.276804925184023,-1.59692953185919,17.496534919572,-0.38516890206843,-31.243113778863,0.453753833853875,0.294461020903663
0.279919007686926,-1.59523549152355,17.4805595193294,-0.400985008873375,-31.2473366460433,0.484216238368134,0.335139413890634
0.282613945697625,-1.59346933819166,17.4649097469612,-0.416343207455115,-31.2519179503892,0.51347364389821,0.366475532586166
0.284883758557171,-1.59163261515943,17.4495539224932,-0.431195381433984,-31.2568227864274,0.541408517249293,0.387802039101389
0.286723482090287,-1.58972773642538,17.4344653671633,-0.445492392212686,-31.262016868755,0.567922245313244,0.398723975535901
0.288129268171909,-1.58775774935766,17.4196203056743,-0.459183887808685,-31.2674681283591,0.592934142367073,0.399109508671162
0.289098494941338,-1.58572619255612,17.4049966914552,-0.472218276252226,-31.2731475534831,0.616379596078918,0.38907820041745
0.289629862152172,-1.58363706245815,17.3905739292189,-0.484542873611498,-31.2790292645539,0.638207808811349,0.368988199111113
0.289723446664576,-1.58149488016515,17.3763333293629,-0.496104244431764,-31.2850899420332,0.658379413159402,0.339422711331501
0.289380696588273,-1.57930483149394,17.3622590380296,-0.506848758049634,-31.2913078128105,0.676864075981474,0.301175268026353
0.288604350452772,-1.57707293939931,17.3483391375573,-0.516723379606163,-31.2976614471988,0.693638105689402,0.255232736294527
0.287398278355733,-1.57480621981813,17.3345666008949,-0.525676689723355,-31.3041286267446,0.708682055326351,0.202754774606338
0.285767256506077,-1.57251277192725,17.3209398160614,-0.533660085641162,-31.3106855127559,0.72197836592872,0.145048580693218
0.283716700977122,-1.57020176337832,17.3074624771361,-0.540629064545859,-31.3173062774004,0.733509179976975,0.0835383172868597
0.28125239902081,-1.56788329041478,17.2941427641112,-0.54654444690693,-31.3239632605016,0.743254533474835,0.0197294764388688
0.27838028036929,-1.565568118664,17.2809918851156,-0.551373376201353,-31.3306276025522,0.751191152031312,-0.0448305577367787
0.27510626736813,-1.5632673368169,17.2680221973003,-0.555089952481942,-31.3372702033513,0.757292024524857,-0.108593597441293
0.27143622800827,-1.56099197475627,17.2552452165919,-0.557675411968349,-31.3438627916561,0.7615268015415,-0.170050763719659
0.267376036057474,-1.55875264428019,17.2426698441327,-0.559117844978354,-31.3503788802077,0.763862917618346,-0.227769067612315
0.262931722447778,-1.55655925269256,17.2303010758268,-0.55941152636537,-31.3567944245041,0.764267216232162,-0.28042252019215
0.25810968623575,-1.55442082057905,17.218139340834,-0.55855598562188,-31.3630880772562,0.762707801829754,-0.32681678291618
0.252916927016741,-1.55234541119418,17.2061804789338,-0.556554969393188,-31.3692410247768,0.7591558723566,-0.365907402539153
0.247361262263416,-1.55034015695379,17.1944162452688,-0.553415433762584,-31.3752364677537,0.753587378245273,-0.39681253169234
0.241451501587367,-1.5484113528881,17.1828351477047,-0.549146667538866,-31.3810588633452,0.745984474994618,-0.418821595921452
0.235197560351787,-1.54656457973367,17.1714233901139,-0.543759604203786,-31.3866930752052,0.736336837929019,-0.43140157304895
0.228610506083906,-1.5448048191798,17.160165692827,-0.537266341821836,-31.3921235834514,0.724642966317812,-0.434202474640866
0.221702539638773,-1.54313652917137,17.1490457884496,-0.529679867353382,-31.3973338977583,0.710911597734284,-0.427063315970744
0.214486918522561,-1.54156365598195,17.1380464311823,-0.521013973077111,-31.4023062954761,0.695163279392121,-0.41001938402025
0.206977833447747,-1.5400895706371,17.1271488075826,-0.51128335760433,-31.4070219732716,0.677432018769713,-0.383311022899107
0.199190251364499,-1.53871692991324,17.116331299084,-0.500503912224654,-31.4114616502172,0.657766782577153,-0.347393449789479
0.191139740269957,-1.5374474763528,17.1055676266371,-0.488693197448636,-31.4156065868396,0.636232472440541,-0.302946315054568
0.182842293122132,-1.53628180702073,17.0948245086052,-0.475871105057483,-31.4194398870166,0.612909925808908,-0.250880853354793
0.174314170261802,-1.53521915487554,17.0840590761582,-0.462060674697459,-31.4229478385774,0.587894528798878,-0.192341656653646
0.165571780380348,-1.53425723574753,17.0732163917598,-0.447288991577091,-31.4261209522588,0.56129322206427,-0.128699535714843
0.156631618295213,-1.53339221234487,17.0622274639504,-0.431588046079617,-31.4289543219389,0.533220033642679,-0.0615319580465078
0.147510272169776,-1.53261880981906,17.0510081004377,-0.414995404813371,-31.4314469970853,0.50379071277679,0.00741152303603346
0.138224503627153,-1.531930584563,17.0394587672711,-0.397554547668294,-31.4336002491169,0.473117427600762,0.076259462380715
0.128791392917982,-1.53132030580799,17.0274653514011,-0.37931477755234,-31.4354148896625,0.441304658127464,0.143082238405612
0.119228530761546,-1.53078037175929,17.0149004440796,-0.36033069968019,-31.4368880662427,0.408447251813076,0.205964505092535
0.109554231916981,-1.53030316342272,17.0016245926069,-0.340661366352672,-31.4380101074771,0.374631136217404,0.263079927171579
0.0997877449898413,-1.52988124848685,16.9874870032787,-0.320369253513296,-31.4387619499716,0.339936570230351,0.312761765474753
0.0899494384575972,-1.52950738168717,16.9723254414873,-0.299519251557415,-31.4391134789704,0.304443290888921,0.353564546867357
0.0800609524119092,-1.52917429450173,16.9559655100307,-0.27817781443328,-31.4390228630598,0.268236640420567,0.384314635161193
0.0701453158970259,-1.52887431137321,16.9382199978129,-0.256412338892216,-31.438436791781,0.231413756920387,0.404150007146964
0.0602270378490338,-1.5285988629198,16.9188894859493,-0.23429076765879,-31.4372915249072,0.1940890743339,0.41255112680497
0.0503321829378104,-1.52833798806634,16.8977657998799,-0.211881345495219,-31.4355148478087,0.156398553003782,0.409365110653692
0.0404884400807393,-1.52807993135016,16.8746401123656,-0.189252412834179,-31.4330293319664,0.118502150933846,0.39482438020585
0.0307251789442217,-1.52781095353982,16.8493173787916,-0.166472097157119,-31.4297575849493,0.0805840471222073,0.369558902281016
0.0210734665270037,-1.52751548200259,16.8216380874271,-0.143607761194748,-31.4256302420867,0.0428501407217786,0.334598311842658
0.0115659821808206,-1.5271767213939,16.7915067827503,-0.120725104399007,-31.4205970799462,0.00552252546523112,0.291357403905891
0.00223673170955522,-1.52677780608104,16.7589243962076,-0.0978869126018672,-31.4146406662256,-0.0311689019644057,0.24159687541428
-0.00687956301556037,-1.52630348374729,16.7240184850572,-0.0751516195878689,-31.4077904824042,-0.0669968169976041,0.18735239398523
-0.0157485047429955,-1.52574217134818,16.6870630928887,-0.0525720468045696,-31.4001339410752,-0.101747187248893,0.130830318540468
-0.0243375100881668,-1.52508805086062,16.6484796563738,-0.0301948241134032,-31.3918200233195,-0.135228304015388,0.0742772995424743
-0.0326176063330257,-1.52434274326951,16.6088134853598,-0.00806093938525611,-31.383052242864,-0.167276380677331,0.0198405964725569
-0.0405652133371043,-1.52351610098689,16.568686765479,0.0137924394372906,-31.3740705108566,-0.197756921604102,-0.0305584462150268
-0.0481634818513615,-1.52262583956798,16.5287366493602,0.0353291813079473,-31.3651252825363,-0.226562242870928,-0.0753174164438597
-0.0554028182294671,-1.52169604673347,16.4895522856373,0.0565111356760825,-31.3564502734808,-0.253606383928171,-0.113201567140195
-0.0622804534844895,-1.52075492625528,16.4516247334807,0.0772955784370337,-31.3482404295341,-0.278818908214564,-0.143350043979686
-0.0687992051866754,-1.51983230714726,16.4153185603837,0.0976337046007489,-31.3406395432294,-0.302138861878556,-0.165251084219808
-0.0749657867191167,-1.51895741204915,16.3808664001865,0.117470319130015,-31.3337383221673,-0.323509741231687,-0.178701074337048
-0.0807890586458709,-1.51815719033855,16.3483815585419,0.136744535134308,-31.3275806964754,-0.342875938108722,-0.18376001313783
-0.0862785173117261,-1.51745530003317,16.3178809988071,0.155391119648724,-31.3221747796702,-0.360180856433092,-0.180710838847252
-0.0914431632317159,-1.51687166120418,16.2893115207434,0.173342127973262,-31.3175050895761,-0.375366699408619,-0.170025214436893
-0.0962907629284024,-1.51642243142848,16.2625741472977,0.190528561996704,-31.3135436616202,-0.388375774006528,-0.152335215058049
-0.100827444889767,-1.51612025055985,16.2375441680871,0.20688189973779,-31.3102588266032,-0.399153028263005,-0.128409013365755
-0.105057547897176,-1.51597463273889,16.2140861321932,0.222335429153894,-31.3076212923281,-0.407649425442831,-0.0991285322430169
-0.108983647271636,-1.51599242097794,16.1920641580366,0.23682536745297,-31.3056076858548,-0.413825674656793,-0.0654674978896614
-0.11260670278295,-1.51617824993554,16.1713483929341,0.250291767189633,-31.3042019603394,-0.417655799256984,-0.0284689665119428
-0.115926288861704,-1.51653498294227,16.1518185483546,0.262679213847357,-31.3033951569721,-0.419130043491449,0.0107780056466102
-0.118940878757596,-1.5170641020551,16.1333653516024,0.273937317869008,-31.3031840199142,-0.418256702919122,0.051162402609437
-0.121648160144015,-1.51776603784921,16.1158906076659,0.28402100752255,-31.3035689326882,-0.415062615770109,0.0915755136861675
-0.124045360972699,-1.51864043262868,16.099306413988,0.292890633535799,-31.3045515935798,-0.409592236670836,0.130934743871129
-0.126129565811842,-1.5196863366432,16.0835339347534,0.300511909810727,-31.3061327772193,-0.401905414859241,0.16820622669698
-0.12789800441743,-1.52090234320797,16.0685020246245,0.306855724793651,-31.3083104416802,-0.392074163206354,0.202425557406004
-0.12934829883147,-1.52228667340713,16.0541458910971,0.311897869947443,-31.3110783393552,-0.380178818467764,0.232716131964564
-0.130478660231718,-1.52383722504342,16.040405900611,0.315618731568037,-31.3144251876944,-0.366304025453399,0.258304801288716
-0.131288035288517,-1.52555160078595,16.0272265621641,0.318002996732351,-31.318334360649,-0.350534961169548,0.278534829869459
-0.131776205857378,-1.52742713086632,16.0145556719257,0.319039404698597,-31.3227839916812,-0.33295412274234,0.292876347380057
-0.131943854589869,-1.52946090093634,16.0023435624147,0.318720578305813,-31.3277473296188,-0.313638926372016,0.300934706152243
-0.131792606798444,-1.53164979446322,15.9905423855837,0.317042933080558,-31.3331931792366,-0.292660235250808,0.302457122799957
-0.131325064952223,-1.53399055144869,15.9791053543098,0.314006673558687,-31.3390862668912,-0.270081886315315,0.297338038834276
-0.130544846579849,-1.53647984285817,15.9679858687832,0.309615855506833,-31.3453874076494,-0.245961201501254,0.285623373792415
-0.12945663539263,-1.53911435416417,15.9571364840487,0.30387849856432,-31.3520534083432,-0.220350443871163,0.267513646551393
-0.128066251170763,-1.5418908676053,15.9465076922375,0.296806727489142,-31.3590367027598,-0.193299142320607,0.24336560936778
-0.126380737935449,-1.54480633021771,15.9360465312641,0.288416914622028,-31.366284789268,-0.164857161474756,0.21369167198121
-0.124408465208134,-1.54785789326774,15.9256950682537,0.278729796824636,-31.3737396064354,-0.135078332566071,0.179156082286695
-0.122159232111724,-1.55104291021147,15.9153888458484,0.26777053746098,-31.3813370316567,-0.10402437380663,0.140566608573897
-0.119644362140592,-1.55435888426871,15.9050554152327,0.255568708866115,-31.3890067045974,-0.0717687378638506,0.0988604694536912
-0.116876777450644,-1.55780336378225,15.8946131103672,0.242158178572685,-31.396672353104,-0.0383999510777579,0.0550835308217697
-0.113871047180281,-1.56137379238062,15.8839702438459,0.227576898380663,-31.4042527340318,-0.00402399479106015,0.010362372681423
-0.110643412873694,-1.56506733008629,15.8730249380017,0.211866612608419,-31.4116632152463,0.0312346491254131,-0.0341303536891665
-0.107211803882846,-1.56888066780269,15.8616658656633,0.195072520148096,-31.4188179549177,0.0672334964998921,-0.0772159491565806
-0.10359586122038,-1.57280985888556,15.8497742929183,0.177242934128888,-31.4256326285473,0.103814071021119,-0.11775294862836
-0.0998169842190054,-1.57685018624328,15.8372280108097,0.15842897968246,-31.4320277486559,0.140805139645968,-0.154681016675781
-0.0958983945387231,-1.58099607241193,15.823907994375,0.138684353408879,-31.4379328122851,0.178026684091515,-0.187062597156283
-0.0918651721772717,-1.5852410266321,15.8097088262788,0.118065141535282,-31.4432917209507,0.215294020630605,-0.214119423774352
-0.0877441598554812,-1.58957761218827,15.7945538080349,0.0966296708421593,-31.4480699733886,0.252421501814436,-0.235260948066145
-0.083563568157498,-1.59399741585262,15.7784148215233,0.074438360268306,-31.4522637687092,0.289225360514516,-0.250101567146251
-0.0793520788877948,-1.59849101489119,15.7613349305434,0.0515535660953268,-31.4559101134737,0.325525459850669,-0.258463504238758
-0.075137297352391,-1.60304796636859,15.7434484129134,0.0280394691624125,-31.4590953080253,0.361145967025022,-0.260363096954842
-0.0709436049195385,-1.60765687625787,15.7249896325496,0.00396211307719269,-31.4619574905031,0.395915244896859,-0.255981118135436
-0.0667897986306245,-1.61230561415516,15.7062817555338,-0.0206102860597744,-31.4646787747143,0.429665485213244,-0.245622802226835
-0.0626872128857683,-1.61698169540978,15.6877016712009,-0.0456067265806442,-31.4674654137287,0.462232674488735,-0.229678446201594
-0.0586390343252517,-1.6216727641725,15.669627871287,-0.0709526472880192,-31.4705198629351,0.493457293747962,-0.208596735623153
-0.054641114350871,-1.62636703773352,15.6523872692265,-0.0965692860178959,-31.4740132609481,0.523185769015884,-0.182877589222764
-0.0506839671308973,-1.63105357859876,15.6362177906053,-0.122373468333673,-31.4780669697713,0.55127233912105,-0.153081688416897
-0.0467552287879666,-1.63572234435857,15.6212552277183,-0.148277965405658,-31.4827471938285,0.577580899406405,-0.119846289065989
-0.0428418708537391,-1.64036406006135,15.6075418876457,-0.174192349699543,-31.4880709219301,0.601986516729554,-0.0838958349081999
-0.0389317791307461,-1.64497000399493,15.5950480064649,-0.200024141041824,-31.4940181637105,0.624376527546642,-0.0460403140278029
-0.0350146521217804,-1.64953178981361,15.5836965275219,-0.225680014626298,-31.5005454719059,0.644651280650807,-0.00716014372506657
-0.0310823723117186,-1.65404119507485,15.5733850398009,-0.251066898506992,-31.5075975737364,0.662724628657144,0.031819514378271
-0.0271290506785444,-1.6584900551707,15.5640022870008,-0.276092865813384,-31.5151158952346,0.678524247505045,0.0699604692183375
-0.0231509070169049,-1.66287022200704,15.5554391072347,-0.30066779313732,-31.5230440456813,0.691991818516191,0.106344845556982
-0.0191460888574026,-1.6671735770785,15.5475948049444,-0.324703802450408,-31.5313308933205,0.703083075757622,0.140106636832295
-0.0151144820865789,-1.6713920844957,15.5403802329928,-0.348115531093913,-31.5399319630379,0.711767709138232,0.170459221812611
-0.0110575350403565,-1.6755178681669,15.5337187271131,-0.370820286927239,-31.5488097722971,0.718029118903411,0.196717667746884
-0.00697810180625697,-1.67954329753196,15.5275457703609,-0.392738147237245,-31.5579335488359,0.721864032217951,0.218315478589658
-0.0028803039329551,-1.6834610676119,15.5218080042249,-0.413792053250597,-31.5672786150767,0.723282007367742,0.23481602460335
0.00123059211697976,-1.68726426154008,15.5164619901129,-0.433907940259078,-31.5768256039409,0.722304859367642,0.245919226927322
0.00534828466597681,-1.69094638698499,15.5114729653619,-0.453014929578266,-31.5865595902516,0.718966039129335,0.251464208978735
0.00946553665729896,-1.69450138158607,15.5068137239131,-0.471045594392762,-31.5964691745668,0.713309985369371,0.251428613525009
0.0135742690078181,-1.69792358650745,15.5024636733904,-0.487936299206255,-31.6065455340052,0.705391449885183,0.245925177891423
0.0176656514587685,-1.70120769106666,15.4984080690075,-0.503627601480045,-31.6167814501181,0.69527477609068,0.235196003593569
0.0217301953860373,-1.70434865497072,15.4946373940216,-0.518064695090216,-31.6271703310661,0.68303309645818,0.219604796235075
0.0257578530293188,-1.70734161755872,15.4911468417188,-0.531197867256953,-31.6377052590737,0.668747409990944,0.199627212290489
0.0297381268885918,-1.71018180541419,15.4879358516498,-0.54298293519034,-31.6483781095327,0.65250551149386,0.175839358112011
0.0336601914799787,-1.71286445021064,15.4850076604031,-0.55338162490994,-31.6591788005423,0.63440076724793,0.148904449310022
0.0375130274774532,-1.71538472778588,15.4823688415665,-0.562361856852065,-31.670094736779,0.614530768012385,0.119557669255337
0.0412855656018141,-1.71773772656349,15.4800288282155,-0.569897906990265,-31.6811105062637,0.592995926353571,0.0885893443133882
0.0449668351968888,-1.7199184495331,15.4779994300146,-0.575970424759938,-31.6922078716897,0.569898121719918,0.0568266811643504
0.0485461105672729,-1.72192184908464,15.4762943723841,-0.580566303910757,-31.7033660711836,0.545339517877982,0.0251144486935775
0.0520130473854318,-1.72374288918931,15.4749288966509,-0.583678420265464,-31.7145624129637,0.519421680153933,-0.0057048926898256
0.0553578022262524,-1.72537662597107,15.4739194559723,-0.585305267442257,-31.7257731166327,0.492245104413778,-0.0348110393275242
0.0585711300129215,-1.72681829550194,15.4732835395551,-0.585450532542264,-31.7369743358774,0.463909229501535,-0.0614250998475014
0.0616444571567101,-1.7280633982233,15.4730396401999,-0.584122660375446,-31.7481432896514,0.434512956989917,-0.0848277676149068
0.0645699310842238,-1.72910777132535,15.473207363756,-0.581334449635761,-31.759259437827,0.404155643976548,-0.104376058918042
0.0673404496532002,-1.7299476441591,15.4738076620931,-0.57710271559817,-31.7703056579771,0.372938482040355,-0.11951843544572
0.0699496752663422,-1.73057967528967,15.474863160133,-0.57144803527775,-31.7812694056387,0.340966127043596,-0.129808269666409
0.0723920396424245,-1.73100097460367,15.4763985403154,-0.564394582465385,-31.7921438642287,0.308348413861614,-0.134915729519483
0.0746627437490243,-1.73120911608086,15.478440952232,-0.55597004131784,-31.8029291035884,0.275201962230364,-0.134638158963469
0.0767577557743254,-1.7312021491227,15.4810204248099,-0.546205583064635,-31.8136332644432,0.241651469099373,-0.128908964653932
0.0786738067267421,-1.73097861622908,15.484170277546,-0.535135882847707,-31.8242737670384,0.207830482718957,-0.117804836135165
0.0804083795627841,-1.73053758307918,15.4879275517388,-0.522799155847624,-31.8348785095978,0.173881470509376,-0.101550878025077
0.0819596842585882,-1.72987868432113,15.4923335099282,-0.509237194234193,-31.8454869831872,0.139955040396316,-0.080522964535444
0.0833266085404104,-1.72900218427761,15.4974342782049,-0.494495394053859,-31.8561511956697,0.106208254310862,-0.0552464044126367
0.0845086331609147,-1.72790904754202,15.5032817252336,-0.478622770570572,-31.8669362816066,0.0728020882107915,-0.0263899149878122
0.0855057020099275,-1.72660101054042,15.5099346781352,-0.461671969664365,-31.87792068831,0.0398982339945166,0.00524598781921001
0.0863180411701101,-1.72508064267034,15.5174605629294,-0.4436992903782,-31.8891958755375,0.00765558177296493,0.0387467285523041
0.0869459265028892,-1.7233513853543,15.5259375232754,-0.424764737071486,-31.9008655417423,-0.0237731682746376,0.0731075162433317
0.0873894052349814,-1.72141755994978,15.5354570160261,-0.404932118664981,-31.9130444755045,-0.0542442733476839,0.107262563024928
0.0876479811245557,-1.71928434037461,15.5461268105129,-0.384269204851978,-31.925857200317,-0.0836246533183463,0.140118250938645
0.0877202735496452,-1.71695769273979,15.5580742345728,-0.362847936521904,-31.9394366065956,-0.11179223186696,0.170588289166987
0.0876036576309812,-1.71444429095634,15.5714494136781,-0.340744672171053,-31.9539227262178,-0.138634811180884,0.197628658093314
0.0872938859275787,-1.71175142283333,15.5864281310966,-0.318040435258282,-31.9694616953076,-0.164047588093404,0.220270216407677
0.0867846850682059,-1.70888690535361,15.6032137760361,-0.29482111223117,-31.9862047762584,-0.187929591588257,0.237647209663829
0.0860673168381888,-1.70585903086208,15.6220376175343,-0.271177537115633,-32.0043070848683,-0.210179423728154,0.249020468873802
0.0851300978699996,-1.70267656862332,15.6431563274547,-0.247205384732445,-32.0239254127004,-0.23069071549574,0.253794731020951
0.0839578911813538,-1.69934884903007,15.6668452962918,-0.223004779219147,-32.0452142777257,-0.249347693288903,0.251530204600364
0.0825316219706646,-1.69588595906967,15.6933859439837,-0.198679507722885,-32.0683191369221,-0.266021238366003,0.241949250612853
0.0808279324625026,-1.69229907297948,15.7230451673454,-0.174335718874707,-32.0933656711924,-0.280565870123662,0.224939892582112
0.0788191701299779,-1.68860092262117,15.7560457037019,-0.150080000106,-32.1204444098605,-0.292818240790762,0.200558763430725
0.0764739762766936,-1.68480636795974,15.7925280370705,-0.126016797238019,-32.1495909554488,-0.302597998934017,0.169036792238088
0.0737587568352272,-1.6809329546247,15.8325078095312,-0.102245292404398,-32.180763853358,-0.309712159285578,0.130790819032185
0.0706402062429359,-1.67700125856609,15.8758369758232,-0.0788560913850433,-32.2138244654381,-0.313964156208704,0.086442558222331
0.067088775967716,-1.67303476413149,15.9221802592583,-0.0559283211092095,-32.2485250909084,-0.31516819981565,0.0368423916058031
