0
0
0.0384062433633972
0.0862596645889937
0.152959676769115
0.23819837065011
0.341565030326251
0.462541192747267
0.600500236935829
0.754711891493031
0.924351249609344
0.924345742903142
0.924345498654077
0.924348840425381
0.924351182995963
0.924350039466248
0.924345365427314
0.924339026053843
0.924333785801167
0.924332264795623
0.924335884122684
0.92434426630652
0.924355213105542
0.924365360543987
0.924371422361702
0.92437134464609
0.924365127397152
0.924354602482879
0.924342589869752
0.924331898422025
0.924324315598767
0.924320418715951
0.92431991911559
0.92432265026423
0.924328778695326
0.924338060159812
0.924348585074085
0.924356989462382
0.924359931553397
0.924355945852739
0.924346286912424
0.924334585161745
0.924325470230713
0.924322894513296
0.92432852334403
0.924341024455288
0.924356678599935
0.924370578592203
0.924378527789059
0.924378483380139
0.924371200317097
0.924359565179799
0.924347508157751
0.924338681884706
0.924335373420092
0.924338171182114
0.924345853925445
0.924355668296982
0.924363928356286
0.924366937060682
0.924362196408367
0.924349795217182
0.924332953133899
0.924317298989251
0.924308539329587
0.924309960415059
0.924320962725233
0.924337416230458
0.924353680997768
0.924364827636936
0.924368324839463
0.924364394649956
0.924355346332305
0.924344532760045
0.924335162477718
0.924329544749213
0.924328856410938
0.92433301974728
0.924341057761978
0.924351294018265
0.924361674603546
0.924370101196303
0.924374830746387
0.924374753030776
0.924369668209323
0.924360275722535
0.924348118780415
0.92433528460225
0.92432399363409
0.924316177663997
0.924313035732837
0.924314667760683
0.924320019035662
0.924327024542947
0.924333152974043
0.9243361838829
0.924334995944264
0.924330144269646
0.924323782691715
0.92431903093717
0.924318897710407
0.924325003937042
0.924336938834557
0.92435239313906
0.924368147203779
0.924381403266693
0.9243907291401
0.924396013801697
0.924397523705011
0.924395092316587
0.924388386569518
0.924377939370856
0.924366059984493
0.92435600136389
0.924350117181859
0.924348440745092
0.924348851527611
0.924348485154013
0.924345487551847
0.924339869823342
0.924333297303036
0.924328145868202
0.92432624738683
0.92432806815259
0.924332675578142
0.924338326613338
0.924343111674574
0.924345554165228
0.924345076769328
0.924341901531477
0.924336972141248
0.92433167637742
0.924327513041078
0.924325825502081
0.924327268792013
0.924331842910874
0.924338559760173
0.924345742903142
0.924351393938338
0.924353814224531
0.924352060072152
0.924346331321345
0.924337882524128
0.924328667673024
0.924320762885088
0.92431587790378
0.924314923111979
0.924317831896303
0.924323782691715
0.924331543150657
0.924339947538954
0.924348385233941
0.924356711906626
0.924365127397152
0.924373365251995
0.924380537292734
0.924385222433898
0.924386532497067
0.924384589606774
0.924380581701655
0.92437585215157
0.924371078192564
0.924366193211256
0.924360919651889
0.924355301923384
0.924349850728333
0.924345298813932
0.924342312313996
0.924341002250827
0.924341002250827
0.924341401931116
0.92434111327313
0.924339181485067
0.924335051455415
0.92432896743324
0.924322006334876
0.924316000028313
0.924313102346218
0.924314845396367
0.924321584450126
0.924332209284472
0.924344532760045
0.924355923648278
0.924364205912042
0.924367991772556
0.924366970367373
0.924361741216927
0.92435375871338
0.924344865826953
0.924337005447939
0.924331831808644
0.924330333007561
0.924332520146919
0.924337460639379
0.924343478048172
0.924348496256243
0.924350861031286
0.924350017261787
0.924346708797174
0.924342523256371
0.924339192587297
0.924337915830819
0.924338970542692
0.924341945940398
0.924345842823215
0.924349539865887
0.92435193794762
0.924352370934599
0.924350627884451
0.924347230601995
0.924343311514718
0.924340380525933
0.924340003050105
0.924343133879034
0.924349828523873
0.924359010068287
0.924368513577377
0.924375652311426
0.924378005984238
0.92437449767948
0.924365815735428
0.924354147291439
0.924342323416226
0.924332697782603
0.924326413920284
0.924323394113657
0.924322550344158
0.924322428219625
0.924321873108113
0.924320440920411
0.924318753381414
0.924318387007816
0.924321362405522
0.924329267193457
0.924342345620687
0.924358954557135
0.924375707822577
0.924388275547216
0.924392805257156
0.924387365164336
0.924373032185088
0.924353680997768
0.92433484051304
0.924321317996601
0.924315578143563
0.924317187966949
0.924323571749341
0.924331476537276
0.924338271102187
0.924342656483134
0.92434474370242
0.924345443142926
0.924346031561129
0.924347474851061
0.924350472453227
0.924355079878779
0.924360819731817
0.924366426358091
0.924370156707454
0.924370611898894
0.92436727012759
0.924360930754119
0.92435331462417
0.924346397934727
0.92434156846457
0.92433932581406
0.924339292507369
0.92434065808169
0.924342390029608
0.924343733399468
0.92434428851098
0.924344033159684
0.924343289310258
0.924342523256371
0.924342234598384
0.924342589869752
0.924343344821409
0.924343855524
0.924343555763784
0.924342079167161
0.924339614472046
0.924336705687722
0.92433393013016
0.924331798501953
0.924330577256626
0.924330444029863
0.924331543150657
0.924334129970305
0.924338448737871
0.924344499453355
0.924351560471791
0.924358121889867
0.924361941057072
0.92436096406081
0.92435419170036
0.924342534358601
0.924328634366333
0.924316066641694
0.92430822846714
0.924307062732964
0.924312647154778
0.924323227580203
0.924335972940526
0.924347863429119
0.924356700804395
0.924361508070092
0.924362707110959
0.924361963261532
0.924361596887934
0.924363917254055
0.924370467569901
0.924381325551082
0.924394814760831
0.924407926494752
0.924417096936935
0.924419206360682
0.924412522818074
0.924397135126952
0.92437496397315
0.924349295616821
0.924323882611787
0.924302166649426
0.924286423686937
0.92427757520943
0.92427529925223
0.924278496694541
0.924285879677655
0.924296593329842
0.924310515526571
0.924327879414676
0.924348751607539
0.924372299437891
0.924396302459684
0.924417396697152
0.924431885107623
0.924436836702313
0.924431141258196
0.924415797975996
0.924393715640036
0.924368791133134
0.924344888031413
0.924324981732582
0.924310759775636
0.924302499716333
0.924299268967331
0.924299468807476
0.924301200755394
0.92430279947655
0.924303176952378
0.924302122240505
0.924300368088126
0.924299524318627
0.92430143390223
0.924307573435556
0.924318198269901
0.92433213156886
0.924346953046239
0.924359765019943
0.924368036181477
0.924370312138677
0.924366492971473
0.92435782212965
0.924346475650339
0.924335106966566
0.924326358409132
0.92432217286833
0.924323505135959
0.924329811202739
0.924339214791758
0.924348873732072
0.924355879239357
0.924358554876846
0.924357000564612
0.924353114784026
0.924349528763656
0.924348485154013
0.924350805520135
0.924355657194752
0.924361141696494
0.92436501637485
0.924365504872981
0.924362018772683
0.924355346332305
0.924347419339909
0.924340946739676
0.924338548657943
0.924341823815865
0.924350716702293
0.924363195609089
0.924375885458261
0.924385044798214
0.924387853662466
0.924383301748065
0.924372388255733
0.924357600085045
0.924342245700615
0.92432942262468
0.924321384609982
0.924319197470624
0.924322672468691
0.924330699381159
0.924341424135577
0.924352648490355
0.924362118692756
0.924367869648023
0.924368480270687
0.924363462062615
0.924353359033091
0.924340036356796
0.924326180773448
0.924314823191906
0.924308383898364
0.924307928706924
0.924312858097153
0.924321107054226
0.924329955531732
0.924336905527866
0.924340313912552
0.924339692187658
0.92433572869146
0.924329911122811
0.924324104656392
0.92431995242228
0.924318331496664
0.924318975426019
0.924320463124872
0.924320896111851
0.924319175266163
0.924316233175148
0.9243154449168
0.924321118156456
0.924336095065058
0.924359720611022
0.924387598311171
0.92441324446304
0.924430641657835
0.924436214977419
0.924429564741502
0.924413133440737
0.92439117322931
0.924368513577377
0.924349673092649
0.924338015750891
0.924335062557645
0.924340069663486
0.924350094977399
0.924360819731817
0.92436774752349
0.924367680910109
0.924359431953036
0.924344188590908
0.924324848505819
0.924305130944902
0.924288621928525
0.924277897174107
0.924274244540356
0.924277430880437
0.92428612392672
0.924298180948767
0.924311192762616
0.924322894513296
0.92433165417296
0.924336738994413
0.924338559760173
0.924338770702548
0.924339869823342
0.924344399533283
0.924354014064676
0.924368313737233
0.924384933775912
0.924400321467033
0.924411190550444
0.924415731362615
0.924413999414696
0.92440740468993
0.92439794558976
0.924387231937573
0.924376151911787
0.924364927557008
0.924353536668775
0.924342167985003
0.924331754093032
0.92432399363409
0.924320918316312
0.924323915918478
0.924332919827208
0.9243456540853
0.924358410547853
0.924367092491906
0.924368835542055
0.924362929155564
0.924350750008983
0.924335217988869
0.92431991911559
0.924308095240377
0.924302044524893
0.924302555227484
0.924308839089804
0.924318886608177
0.924329933327272
0.924339514551974
0.924346053765589
0.924349473252505
0.924350816622365
0.924351749209706
0.924353547771005
0.924356523168711
0.924359876042246
0.924362018772683
0.924361208309875
0.924356412146409
0.924347807917968
0.92433708316355
0.924327002338487
0.924320307693648
0.924319008732709
0.924323671669413
0.924333341711957
0.924345865027675
0.924358510467925
0.924368424759535
0.924373198718541
0.924371244726018
0.924362263021749
0.924347752406817
0.924331154572599
0.924317421113784
0.924311503625063
0.924316377504141
0.924331476537276
0.924352526365823
0.924373209820772
0.92438755390225
0.92439209471442
0.924386599110449
0.924373409660916
0.924356101283962
0.924338026853121
0.924321639961278
0.924308494920666
0.924299546523088
0.924295960502718
0.924299046922727
0.924309904903907
0.924328556650721
0.92435283722827
0.924378128108771
0.924398500701272
0.924408836877632
0.924406805169497
0.924393571311043
0.924372998878397
0.92435012828409
0.924329711282667
0.924315289485577
0.924308628147429
0.924309638450381
0.924316555139825
0.924326613760428
0.924336861118945
0.924344932440334
0.92434969529711
0.924351416142798
0.924351327324956
0.924351071973661
0.924351849129778
0.924354113984748
0.924357600085045
0.924361308229948
0.924363828436213
0.92436365080053
0.924359787224404
0.924352337627909
0.924342700892055
0.924333186280734
0.924326091955606
0.924323072148979
0.9243244377233
0.924329256091227
0.924335595464697
0.92434111327313
0.924343866626231
0.924342823016588
0.924338282204417
0.924331965035407
0.924326536044816
0.924325059448194
0.924329777896048
0.92434111327313
0.924357044973533
0.924373409660916
0.92438532235397
0.924388952783261
0.924382846556625
0.924368291532772
0.924348585074085
0.924327801699064
0.924309938210598
0.924298180948767
0.924294772564082
0.924300945404099
0.924316732775509
0.924340580366078
0.924369002075508
0.924396779855584
0.924417974013124
0.92442769956682
0.924423691661701
0.924407016111871
0.924381458777845
0.924352182196685
0.924324404416609
0.924302322080649
0.924288599724065
0.924284258752039
0.924288710746367
0.924300035021218
0.92431543381457
0.92433167637742
0.924345754005373
0.924355313025615
0.924359087783898
0.924357056075763
0.924350328124234
0.924340968944136
0.924331842910874
0.924325658968627
0.924324637563444
0.924329478135832
0.924339236996218
0.924351660391864
0.924363895049595
0.924373454069837
0.924378894162658
0.924379937772301
0.924377284339272
0.924372021882135
0.924365205112764
0.924357455756052
0.924349162390058
0.924340436037085
0.924331842910874
0.92432447102999
0.92431994132005
0.924320174466885
0.924326402818053
0.924338504249022
0.924354469256116
0.924370800636808
0.924383268441375
0.924388375467288
0.924384489686702
0.924372299437891
0.924354424847195
0.924334574059515
0.924316444117522
0.924302921601083
0.924295705151422
0.924295405391206
0.924301778071367
0.924313901706796
0.92433029970087
0.924348851527611
0.92436682603838
0.924381036893095
0.924388653023044
0.924387820355776
0.924378383460066
0.924361963261532
0.924341479646728
0.924320263284727
0.924301478311151
0.92428746729658
0.924279629122026
0.924278352365548
0.924283137426784
0.92429287408271
0.92430596361217
0.92432082949847
0.924336117269519
0.924350983155819
0.924365227317224
0.924379260536256
0.924393660128885
0.924408625935257
0.924423669457241
0.924437325200444
0.924447572558961
0.924452379824658
0.924450414729904
0.924441333105563
0.92442588990329
0.924405639435321
0.924382546796409
0.924358610387998
0.924335573260237
0.924314845396367
0.924297437099341
0.924283936787361
0.924274733038487
0.924269936875021
0.92426942617243
0.924272756841503
0.924279307157349
0.924288066817013
0.924297914495241
0.924307695560088
0.924316455219753
0.924323627260492
0.924329233886766
0.924333730290016
0.92433796023974
0.924342789709897
0.924348940345453
0.924356634191014
0.924365515975211
0.924374852950848
0.924383545997131
0.924390584811107
0.924395136725508
0.924396857571196
0.924395869472704
0.924392816359386
0.924388586409663
0.924384212130946
0.924380537292734
0.924378061495389
0.924376818045602
0.924376351751931
0.924375807742649
0.92437403138581
0.924369890253928
0.9243623185329
0.92435059457776
0.924334474139442
0.924314256978164
0.924291008908028
0.924266539592566
0.9242432804202
0.924224184584176
0.924212038744287
0.92420905224435
0.924216102160557
0.924232433541249
0.924255737122536
0.924282704439804
0.924310071437361
0.92433526239779
0.924356945053461
0.924374864053078
0.92438936356578
0.924400954294157
0.924409802771663
0.924415775771536
0.924418407000104
0.924417207959237
0.924412001013252
0.924402963797831
0.924390884571324
0.924377162214739
0.92436369520945
0.924352581876974
0.924345498654077
0.924343244901337
0.924345321018393
0.924349983955096
0.924354880038635
0.924357866538571
0.924357877640801
0.92435509098101
0.924350694497832
0.924346253605734
0.924342900732199
0.924341168784281
0.924340846819604
0.924341357522195
0.92434202365601
0.924342356722917
0.92434203475824
0.924341102170899
0.924339836516651
0.924338837315929
0.924338826213699
0.924340391628164
0.92434384442177
0.924348918140993
0.924354813425253
0.924360275722535
0.924363928356286
0.924364683307942
0.924362007670453
0.92435602356835
0.924347541464442
0.924337926933049
0.924328812002017
0.924321928619264
0.924318897710407
0.924320929418542
0.924328434526188
0.924340769103992
0.924355857034897
0.924370578592203
0.924381314448851
0.924385078104905
0.924380548394964
0.924368280430542
0.924350305919774
0.924329278295687
0.924307862093542
0.924288699644137
0.924274655322876
0.924268726731924
0.924273256441865
0.924288788461979
0.924313279981902
0.924342279007305
0.924370178911914
0.924391750545283
0.924403552216035
0.92440469574575
0.924396857571196
0.924383645917203
0.924369390653567
0.924357866538571
0.924351260711575
0.92434970639934
0.924351460551719
0.924353858633452
0.924354569176188
0.924352548570283
0.924348307518329
0.924343344821409
0.924339214791758
0.924336783403334
0.924336083962828
0.924336672381031
0.924338115670963
0.924340025254565
0.92434202365601
0.924343644581626
0.924344388431052
0.924344022057454
0.924342589869752
0.924340469343775
0.924338371022259
0.924337005447939
0.924336949936787
0.924338493146792
0.9243415795668
0.924345765107603
0.92435015048855
0.924353614384387
0.9243551242877
0.924354091780287
0.924350672293372
0.924345842823215
0.924341268704353
0.924338792907008
0.924339880925572
0.924344777009111
0.924352126685534
0.92435917660174
0.924362818133261
0.92436096406081
0.924353680997768
0.924343167185725
0.924332842111596
0.924325958728843
0.924324371109918
0.924328223583814
0.924336083962828
0.92434562077861
0.924354447051655
0.92436053107383
0.924362651599807
0.924360464460449
0.924354513665037
0.92434609817451
0.924337149776932
0.924329888918351
0.924326480533665
0.924328356810577
0.924335839713763
0.924347585873363
0.924360753118435
0.924371877553142
0.924377883859705
0.924377384259344
0.92437088945465
0.924360408949298
0.924348374131711
0.92433706095909
0.924328179174893
0.924322927819986
0.924321839801422
0.924324748585747
0.92433076599454
0.924338371022259
0.924345665187531
0.924350849929056
0.924352592979204
0.924350416942076
0.924344788111341
0.92433709426578
0.924329444829141
0.92432399363409
0.924322283890632
0.924324804096898
0.924330610563317
0.924337838115207
0.924344388431052
0.924348873732072
0.924351116382581
0.924352282116757
0.924354580278418
0.924360408949298
0.924371400157241
0.924387231937573
0.92440468464352
0.92441821826219
0.92442183758925
0.924412145342245
0.924390218437509
0.924361297127717
0.924332231488933
0.924308783578653
0.924294173043648
0.924288921688742
0.924291675041843
0.924300068327909
0.924311492522833
0.924323605056031
0.924334551855054
0.924343111674574
0.924348673891927
0.924351260711575
0.924351294018265
0.924349562070347
0.924347097375232
0.924344888031413
0.924343766706158
0.924344077568605
0.924345609676379
0.924347674691205
0.924349140185598
0.924349018061065
0.924346775410555
0.924342656483134
0.924337649377293
0.924333164076273
0.924330555052165
0.924330632767777
0.924333352814187
0.924337949137509
0.924343156083495
0.924347707997896
0.924350705600062
0.924351904640929
0.924351760311936
0.924351327324956
0.924351893538699
0.924354502562807
0.924359454157496
0.924365982268881
0.924372277233431
0.924375974276103
0.924375174915525
0.924369324040185
0.924359498566417
0.924347974451422
0.924337205288083
0.924329067353312
0.92432442662107
0.924323327500275
0.924325092754884
0.924328800899787
0.924333386120878
0.924337849217437
0.924341401931116
0.924343500252633
0.924343977648533
0.924343056163423
0.924341302011044
0.924339492347514
0.924338371022259
0.924338593066864
0.924340424934854
0.924343733399468
0.924347985553652
0.924352248810067
0.92435556837691
0.924356989462382
0.924355968057199
0.924352493059132
0.924347252806456
0.924341424135577
0.924336550256498
0.924334018948002
0.924334651775126
0.924338382124489
0.924344210795368
0.924350328124234
0.92435466909626
0.924355612785831
0.924352570774744
0.924346508957029
0.924339636676507
0.924334574059515
0.924333297303036
0.924336294905203
0.924342456642989
0.924349539865887
0.924355246412233
0.924357899845262
0.924357033871303
0.924353347930861
0.924348496256243
0.924344477248894
0.924343122776804
0.9243456540853
0.924352226605606
0.924361796728078
0.924372399357964
0.924381403266693
0.924386388168074
0.92438574423872
0.924379182820644
0.924367769727951
0.924353569975466
0.924339092667225
0.924326580453737
0.924317587647238
0.924312791483771
0.924311981020963
0.924314401307157
0.924318842199256
0.924324049145241
0.924328823104247
0.924332231488933
0.924333641472174
0.924332831009366
0.924330077656265
0.924326214080139
0.924322505935237
0.924320551942714
0.92432175098358
0.924326935725105
0.924335917429374
0.924347397135449
0.924359298726273
0.924369412858027
0.924376063093945
0.924378405664527
0.924376596000997
0.924371455668393
0.92436413929866
0.924355823728206
0.924347530362212
0.924340114072407
0.924334252094837
0.924330632767777
0.924329922225041
0.92433257565807
0.924338715191396
0.924347807917968
0.924358554876846
0.92436909089335
0.92437721772589
0.924381125710937
0.924379749034387
0.92437315430962
0.924362573884196
0.924349995057327
0.924337660479523
0.924327690676762
0.924321484530054
0.924319741479906
0.92432219507279
0.924327846107985
0.924335173579948
0.924342301211766
0.924347508157751
0.924349484354735
0.924347696895666
0.92434247884745
0.924335084762106
0.924327235485322
0.924320873907391
0.924317532136087
0.924318053940908
0.924322428219625
0.924329800100509
0.924338770702548
0.924347696895666
0.924355079878779
0.924359809428864
0.924361374843329
0.924359931553397
0.924356290021876
0.924351749209706
0.924347819020198
0.924345942743287
0.9243469752507
0.924350994258049
0.924357189302526
0.924364072685279
0.924369845845007
0.924372887856094
0.924372177313359
0.924367536581116
0.92435959848649
0.92434968419488
0.924339492347514
0.924330821505691
0.92432533700395
0.924324038043011
0.924326969031796
0.92433301974728
0.924340302810322
0.92434698635293
0.924352048969922
0.924355279718924
0.924356867337849
0.924357022769073
0.924355923648278
0.924353603282157
0.924350283715313
0.924346175890122
0.924341823815865
0.924337771501826
0.924334651775126
0.92433299754282
0.924333097462892
0.924334929330882
0.924338237795496
0.924342412234068
0.924346708797174
0.924350317022004
0.924352481956902
0.924352726205967
0.924350861031286
0.924347108477463
0.924342190189464
0.92433709426578
0.92433300864505
0.924331043550296
0.924331953933176
0.924335850815993
0.924342201291694
0.924349939546175
0.924357666698427
0.924363994969667
0.924367825239102
0.924368591292989
0.924366237620177
0.924361252718796
0.924354424847195
0.924346842023937
0.924339658880967
0.924333985641312
0.924330666074468
0.924330110962956
0.924332220386702
0.924336450336426
0.924341934838168
0.924347741304587
0.924352981557263
0.924356878440079
0.924358832432603
0.924358510467925
0.924355979159429
0.924351727005245
0.92434654226372
0.924341335317735
0.924336949936787
0.924333985641312
0.924332775498215
0.924333363916418
0.924335517749086
0.924338826213699
0.924342811914357
0.924346875330627
0.924350539066609
0.92435331462417
0.924354880038635
0.924355079878779
0.924353903042373
0.924351582676252
0.924348573971855
0.924345520858537
0.92434294514112
0.924341168784281
0.924340258401401
0.924340080765717
0.924340436037085
0.924341035557518
0.924341546260109
0.924341679486872
0.924341279806583
0.924340424934854
0.924339392427441
0.924338681884706
0.924338815111469
0.92434022509471
0.924343089470113
0.924347197295305
0.924352015663231
0.924356745213316
0.924360553278291
0.92436275151988
0.924362829235491
0.924360742016205
0.924356656395474
0.924351116382581
0.924344688191269
0.924338126773193
0.92433213156886
0.924327402018776
0.924324615358984
0.924324315598767
0.924326802498342
0.924332031648788
0.924339447938593
0.924348129882645
0.924356856235619
0.924364294729884
0.924369335142416
0.924371311339399
0.924369945765079
0.924365693610895
0.924359354237424
0.924352082276613
0.924344976849255
0.924339059360534
0.924334951535343
0.924332942031668
0.924332919827208
0.924334507446133
0.924337160879162
0.924340269503631
0.924343256003567
0.924345709596452
0.924347330522068
0.924348007758113
0.924347796815738
0.924346875330627
0.924345554165228
0.924344155284217
0.924343011754502
0.924342401131838
0.92434248994968
0.924343289310258
0.924344699293499
0.924346442343648
0.924348163189336
0.924349539865887
0.924350228204162
0.924350194897471
0.924349451048045
0.924348096575955
0.924346231401273
0.924343811115079
0.924340791308452
0.924337294105925
0.924333663676634
0.924330510643244
0.924328745388635
0.924329244988996
0.92433255345361
0.924338526453482
0.924346309116885
0.924354435949425
0.924361330434408
0.924365604793053
0.924366459664782
0.924363839538444
0.924358410547853
0.924351405040568
0.924344344022131
0.924338792907008
0.924335939633835
0.924336294905203
0.924339625574277
0.924344943542565
0.924350738906753
0.924355435150147
0.92435779992519
0.924357289222598
0.924354058473597
0.924348962549914
0.924343289310258
0.924338293306647
0.924335007046494
0.924333885721239
0.924334851615271
0.924337283003695
0.92434021399248
0.924342689789825
0.924343944341842
0.924343788910619
0.924342545460831
0.924341024455288
0.924340280605861
0.924341224295432
0.924344232999829
0.924349029163295
0.924354702402951
0.924359931553397
0.924363428755925
0.924364272525423
0.924362207510598
0.924357677800657
0.924351682596324
0.924345454245156
0.924340136276868
0.924336516949808
0.924334896024192
0.924335129171027
0.924336727892182
0.924339070462764
0.92434159066903
0.92434383331954
0.924345787312063
0.924347563668903
0.924349328923512
0.924351127484812
0.924352692899276
0.924353481157624
0.924352959352802
0.924350938746898
0.924347630282284
0.924343788910619
0.924340380525933
0.924338293306647
0.924337904728588
0.924339103769455
0.924341623975721
0.924345265507242
0.924349872932794
0.924354991060937
0.924359853837785
0.924363384347004
0.924364472365568
0.924362229715058
0.92435645655533
0.924347641384514
0.924337038754629
0.924326425022514
0.924317731976231
0.924312602745857
0.924312014327654
0.924316155459536
0.924324304496537
0.924335029250955
0.924346453445878
0.924356645293244
0.924363850640674
0.92436683714061
0.924365138499383
0.924359098886129
0.924349906239485
0.924339503449744
0.924330266394179
0.924324537643372
0.924324104656392
0.924329544749213
0.924340047459026
0.924353425646473
0.924366681709387
0.92437674032999
0.924381369960003
0.924379660216545
0.924372199517819
0.924360764220665
0.924347741304587
0.924335517749086
0.924326014239995
0.924320452022641
0.924319330697386
0.924322494833007
0.924329289397917
0.924338659680245
0.924349195696749
0.924359332032964
0.924367536581116
0.924372543686957
0.924373553989909
0.924370523081052
0.924364017174128
0.924355257514463
0.924345720698682
0.924336961039018
0.924330255291949
0.924326447226974
0.92432579219539
0.924328012641439
0.924332464635768
0.924338148977654
0.924343977648533
0.924348940345453
0.924352137787764
0.924352970455033
0.924351194098193
0.924347119579693
0.924341512953418
0.924335761998151
0.924331620866269
0.92433076599454
0.924334041152463
0.92434068028615
0.92434832972279
0.924354369336044
0.92435734473375
0.924357189302526
0.924354613585109
0.924350494657688
0.924345598574149
0.924340746899531
0.924336661278801
0.924334118868074
0.924333796903397
0.924336139473979
0.92434113547759
0.924348140984875
0.924355979159429
0.924363006871175
0.924367636501188
0.924368746724213
0.924366004473342
0.924359931553397
0.924351671494094
0.924342834118818
0.924334940433113
0.924329178375615
0.924326180773448
0.924326025342225
0.924328301299425
0.924332420226847
0.924337649377293
0.9243433781281
0.924349106878907
0.924354358233813
0.924358776921451
0.92436187444369
0.924363251120241
0.924362596088656
0.924359876042246
0.924355301923384
0.924349495456966
0.924343289310258
0.924337693786214
0.924333585961023
0.924331620866269
0.924332076057709
0.92433479610412
0.924339225893988
0.924344521657815
0.924349617581498
0.924353470055394
0.924355179798852
0.924354180598129
0.924350317022004
0.924344022057454
0.924336361518584
0.924328812002017
0.924323216477973
0.924321173667607
0.924323649464952
0.924330532847705
0.924340635877229
0.92435193794762
0.924362118692756
0.924369213017883
0.924372055188826
0.92437043426321
0.92436501637485
0.924357222609217
0.924348884834302
0.924341757202484
0.924337349617076
0.924336339314124
0.924338504249022
0.924342678687594
0.924347152886384
0.924350361430925
0.924351416142798
0.924350361430925
0.924347841224659
0.924344799213571
0.924342068064931
0.924340091867947
0.924339114871685
0.924339026053843
0.924339636676507
0.924340702490611
0.924341912633707
0.924343022856732
0.92434384442177
0.92434426630652
0.92434429961321
0.924344133079757
0.924343944341842
0.924344022057454
0.924344543862276
0.924345609676379
0.924347086273002
0.924348696096388
0.924350094977399
0.924350916542437
0.924350927644667
0.92435013938632
0.924348718300848
0.9243469752507
0.92434520999609
0.924343566866014
0.924342079167161
0.924340624774999
0.924339103769455
0.92433751615053
0.924336250496282
0.924335895224914
0.924337249697004
0.924340824615143
0.924346731001634
0.924354302722662
0.924362429555202
0.92436953498256
0.924374175714803
0.924375263733367
0.924372366051273
0.924365882348809
0.924356933951231
0.924347086273002
0.92433796023974
0.924330932527994
0.924326813600572
0.92432580329762
0.924327535245538
0.924331243390441
0.924335939633835
0.92434066918392
0.924344699293499
0.924347608077824
0.924349273412361
0.924349906239485
0.924349728603801
0.924349040265525
0.924348074371494
0.924346897535088
0.92434564298307
0.924344366226592
0.924343156083495
0.924342201291694
0.924341635077951
0.92434156846457
0.924341890429247
0.924342356722917
0.924342811914357
0.924343200492416
0.924343455843712
0.924343566866014
0.924343478048172
0.924343189390186
0.924342723096515
0.924342134678312
0.924341479646728
0.924340891228525
0.924340535957157
0.92434066918392
0.924341557362339
0.924343422537021
0.924346286912424
0.924349995057327
0.92435420280259
0.924358377241163
0.924361918852611
0.924364283627654
0.924365071886001
0.924364194809812
0.924361841136999
0.924358577081307
0.924355157594391
0.924352326525678
0.924350705600062
0.92435058347553
0.924351926845389
0.924354413744965
0.924357211506987
0.924359198806201
0.924359032272747
0.924355523967989
0.924348018860343
0.924336661278801
0.924322361606244
0.924306751870517
0.924291797166376
0.92427981785994
0.924272867863806
0.924272745739273
0.924280439584834
0.924295927196027
0.924317942918606
0.924343988750763
0.924370545285512
0.924393737844497
0.92441011363411
0.924417418901612
0.924415142944412
0.924404562518987
0.924388397671748
0.924370045685151
0.924352881637191
0.924339503449744
0.924331332208283
0.92432852334403
0.924330099860725
0.924334318708219
0.924339303609599
0.92434336702587
0.924345543062998
0.9243456540853
0.92434427740875
0.924342356722917
0.924341024455288
0.924341168784281
0.92434338923033
0.924347796815738
0.924354047371367
0.924361286025487
0.924368402555075
0.924374097999191
0.924377284339272
0.924377140010279
0.924373354149765
0.924366048882263
0.924355712705903
0.924343178287955
0.924329533646983
0.924316055539464
0.924304242766482
0.924295505311278
0.924291119930331
0.924291830473067
0.924297603632795
0.924307606742246
0.924320163364655
0.924333197382964
0.924344688191269
0.924353136988486
0.924357899845262
0.92435917660174
0.924357944254183
0.924355457354608
0.924353037068414
0.924351760311936
0.924352226605606
0.924354613585109
0.924358588183537
0.924363328835852
0.924367647603418
0.924370167809684
0.924369590493711
0.924365116294922
0.924356878440079
0.92434607597005
0.924334851615271
0.924325725582008
0.924320940520772
0.924321606654587
0.924327546347769
0.924337116470241
0.924347941144731
0.924357389142671
0.924363317733622
0.9243645944901
0.924361208309875
0.924354180598129
0.924345332120623
0.924336816710024
0.924330643870007
0.924328234686044
0.924330088758495
0.924335673180309
0.924343566866014
0.924351804720857
0.924358388343393
0.924361730114697
0.92436098626527
0.924356290021876
0.924348485154013
0.924338948338232
0.924329200580075
0.924320607453865
0.92431409044471
0.924310115846282
0.924308739169732
0.924309893801677
0.924313490924277
0.924319785888827
0.924329122864464
0.924341912633707
0.924358110787637
0.924376906863444
0.92439656891321
0.92441462113959
0.924428365700635
0.924435659865907
0.92443537120792
0.924427755077971
0.924414210357071
0.924396835366736
0.924377861655245
0.924359276521812
0.924342434438529
0.924328156970432
0.924316588446516
0.924307517924404
0.924300423599277
0.924294739257391
0.924289987502846
0.924286057313338
0.924283359471389
0.924283037506711
0.924286667936002
0.924295782867034
0.92431093741132
0.924330865914612
0.924352448650211
0.924371411259472
0.924383768041736
0.924386987688507
0.924380848155181
0.924367370047662
0.92435013938632
0.92433348604095
0.924321395712212
0.92431679938889
0.924320996031923
0.924333275098576
0.924351127484812
0.924370545285512
0.924387032097428
0.924396879775657
0.924398112123214
0.924391262047152
0.924378916367118
0.924364761023554
0.92435240424129
0.92434427740875
0.924341224295432
0.924342556563062
0.924346642183792
0.924351560471791
0.924355634990292
0.924357855436341
0.924357910947492
0.92435601246612
0.924352692899276
0.92434835192725
0.924343122776804
0.924336738994413
0.924328812002017
0.924319164163933
0.924308195160449
0.924297070725743
0.924287545012191
0.92428161642124
0.924280972491886
0.924286601322621
0.924298447402293
0.924315134054353
0.924334174379226
0.924352315423448
0.924366026677802
0.924372576993647
0.924370656307815
0.924361352638869
0.924348018860343
0.924335606566927
0.924329178375615
0.924331976137637
0.924344099773066
0.924362074283835
0.924380137612445
0.924392372270177
0.924395025703205
0.924387709333473
0.924373254229693
0.9243564454531
0.924341923735938
0.924332964236129
0.924330632767777
0.924334196583686
0.924341657282412
0.924350527964378
0.924358432752314
0.924363439858155
0.924364383547726
0.92436097516304
0.924354125086978
0.924345820618754
0.924338626373554
0.92433479610412
0.924335384522323
0.924339914232263
0.924346686592713
0.924353436748703
0.924358232912169
0.924359887144476
0.924358099685406
0.924353392339782
0.924346842023937
0.924339847618882
0.924334041152463
0.924330976936915
0.924331898422025
0.924337249697004
0.924346442343648
0.924357622289506
0.924368058385937
0.924374797439697
0.924375619004735
0.924369601595942
0.924357522369434
0.924341668384642
0.924325092754884
0.924310981820241
0.924301822480288
0.924298847082582
0.924301722560216
0.924308728067501
0.924317143558028
0.924324104656392
0.924327679574532
0.924327779494604
0.924326214080139
0.924326369511363
0.924331409923894
0.924342767505436
0.924358943454905
0.924375896560491
0.924388686329735
0.924393515799892
0.92438938577024
0.924378272437764
0.9243641170942
0.924351160791502
0.924342545460831
0.924339436836362
0.924341168784281
0.924345920538826
0.924351338427186
0.924355412945687
0.924356734111086
0.924354757914102
0.924349828523873
0.924343200492416
0.924336661278801
0.92433213156886
0.924331176777059
0.924334296503758
0.924340924535215
0.924349462150275
0.924357855436341
0.924364272525423
0.924367392252122
0.924366648402696
0.924362251919518
0.924354924447556
0.924345798414294
0.924336250496282
0.924327879414676
0.92432220617502
0.924320440920411
0.924323016637828
0.924329167273385
0.92433663907434
0.92434201255378
0.924341635077951
0.924333175178504
0.924317099149107
0.924297326077038
0.924280372971452
0.92427303439726
0.924279729042098
0.924300801075105
0.924332442431307
0.924368080590398
0.924400465796026
0.924423680559471
0.92443446082504
0.924432839899424
0.924421571135724
0.924404984403736
0.924387387368796
0.92437176653084
0.924359265419582
0.924349550968117
0.924341557362339
0.924334240992607
0.924327213280861
0.924320962725233
0.924316710571048
0.924315855699319
0.924319219675084
0.924326380613593
0.924335684282539
0.924344532760045
0.924350328124234
0.924351427245028
0.92434790783804
0.924341335317735
0.924334340912679
0.924329533646983
0.924328878615398
0.924333252894115
0.924342256802845
0.924354313824892
0.924366859345071
0.924377095601358
0.924382668920941
0.924382258138422
0.924375963173873
0.924365138499383
0.924352037867692
0.924339181485067
0.924328723184175
0.924322272788402
0.924320574147174
0.924323571749341
0.924330466234323
0.924339592267586
0.924348462949553
0.92435422500705
0.924354424847195
0.924348274211638
0.924337482843839
0.924325825502081
0.924317643158389
0.924316155459536
0.924322372708474
0.924335184682178
0.924351893538699
0.924369024279969
0.924383024192309
0.924391017798087
0.92439162842075
0.924385466682963
0.924374808541927
0.924362251919518
0.924349595377038
0.924337593866142
0.924326591555968
0.924317454420475
0.924311503625063
0.924309927108368
0.924312913608304
0.924319441719689
0.924327779494604
0.924336117269519
0.924343122776804
0.924347952246961
0.924350172693011
0.924349628683728
0.924346431241418
0.924341202090972
0.924335206886639
0.924330543949935
0.924329822304969
0.924335240193329
0.924347152886384
0.924362973564484
0.92437809480208
0.924388375467288
0.924391717238592
0.924387942480308
0.924378039290929
0.924363806231753
0.924347652486745
0.924332287000084
0.924320163364655
0.924312946914995
0.924311092842544
0.924313790684494
0.924319364004077
0.92432581439985
0.924331698581881
0.924336694585492
0.924341734998023
0.924348585074085
0.924358887943754
0.924373331945304
0.92439071803787
0.924407504610002
0.924418162751039
0.924416652847725
0.924399511004225
0.924368435861766
0.924330410723172
0.924294761461852
0.924269370661278
