0.0592968225,-1.5690860141,-1.4795687841,-0.137132142,-1.09768027,0.135447267,0.0749668433
0.0724585016305264,-1.56929663483175,-1.46861035296624,-0.0877450202839646,-1.10877185366395,0.0954357182280972,-0.188211948644743
0.0979941008982821,-1.57062121741565,-1.44463253893809,0.00465115644067073,-1.13257876944595,0.0262301367100204,-0.555412876296239
0.121426783605674,-1.57312701910738,-1.41716596658981,0.0801999111832396,-1.15043999112429,-0.0327407897251907,-0.558413317010506
0.141755454488564,-1.57639736941826,-1.39110903867222,0.131239824531067,-1.15915424835914,-0.0752756883923177,-0.235114182591255
0.158277078906886,-1.57948570786738,-1.36635579957958,0.153862807202903,-1.16281128019609,-0.0864500745525178,0.219342409645279
0.170690872884866,-1.58121359803724,-1.33989934041406,0.148445263805317,-1.17292395148655,-0.0683477929099058,0.545844095882232
0.178477267527966,-1.58095174108642,-1.30851356366923,0.116413175148696,-1.19480688184316,-0.0374797725971036,0.565464248100338
0.181166632964752,-1.57818628119934,-1.26964000464733,0.0604088225428174,-1.22977857648651,0.00192569496163933,0.270566157653876
0.178343193071282,-1.57261776479522,-1.22609461335394,-0.0160169292053605,-1.27358791054896,0.0575918712450512,-0.164171446372875
0.169395919706077,-1.56491837676832,-1.18861617007386,-0.10943787495588,-1.31273841222531,0.124849753071692,-0.465613704824844
0.154311390993326,-1.55612254502274,-1.16488796753969,-0.212691961388008,-1.3406978596744,0.186625112763623,-0.433645097937275
0.133658215357429,-1.54717643243865,-1.1518701890443,-0.315480794530027,-1.35911480317996,0.236826965102779,-0.0541425818942108
0.108668972156163,-1.5386415507176,-1.14412666497547,-0.406032593497988,-1.37471700208625,0.279244466512552,0.451994204287441
0.0811806951041315,-1.53038862474505,-1.13990637623281,-0.472834891355038,-1.39422072969805,0.30655420783377,0.774852384278241
0.0527338764607296,-1.5225010935205,-1.137887921494,-0.50893465898715,-1.41618976656582,0.311140588990578,0.773209169257786
0.0248920671400972,-1.5154698117334,-1.13553831476097,-0.510402916609015,-1.44098177631331,0.295360932181146,0.475873152045591
-0.00105959663409389,-1.51007649727235,-1.12913627855116,-0.476945144645266,-1.4698817897995,0.266948673031942,0.0345021752627224
-0.0245643466472321,-1.50709912950479,-1.11470566617715,-0.413188292128685,-1.49942685301316,0.228671292946803,-0.315438716530843
-0.0450075384990535,-1.50679830766098,-1.08765428208906,-0.325665086235975,-1.52795841992067,0.176047756065559,-0.378643881307846
-0.0614181975325218,-1.50935694207496,-1.03702754819265,-0.22195494076836,-1.56054741623502,0.114218660141875,-0.126138475383419
-0.0721675731148086,-1.51534270995324,-0.94110761918288,-0.110022635131413,-1.61196437979087,0.063392515252182,0.275246866112577
-0.0741372537154575,-1.52610578716502,-0.791097078797013,0.0034730925765525,-1.6978673220244,0.0402124735340808,0.553996844213969
-0.065017057859664,-1.54173867710945,-0.64478898163084,0.110841218305762,-1.7960613105263,0.0409638558784686,0.519766218379844
-0.0465401175952652,-1.55907627878723,-0.542139182448222,0.20305766920185,-1.88390857592218,0.0541971932213212,0.173080633801276
-0.0217826415819183,-1.57567335021632,-0.470355249254695,0.270303022768074,-1.96054193387315,0.0796392867646003,-0.287593588217557
0.00624903724183207,-1.5906157284332,-0.410178829552689,0.304205349495347,-2.02576700890097,0.110591173120878,-0.597595318988172
0.0350002405617693,-1.60307685670548,-0.348592419257724,0.301522571228706,-2.08348454488634,0.133904740360974,-0.610800077001757
0.0621710647152952,-1.61206583970942,-0.274867862173918,0.263016453779764,-2.14010215650357,0.145233860318514,-0.323620495613384
0.0856888947745483,-1.61656023884843,-0.177235853032238,0.192936131177055,-2.20396975535982,0.148249167799397,0.126699742465632
0.103451742849928,-1.61555182025604,-0.0430581655200686,0.0998965506066085,-2.28779489216865,0.139868196542891,0.474663045988316
0.111909912138733,-1.60902733222853,0.131219797557862,-0.00616569336874607,-2.39493818879836,0.104611685807708,0.49110127153011
0.108679416153534,-1.59851740634886,0.293705645213068,-0.116778748905527,-2.49886443578944,0.0418233454384105,0.147503938839026
0.0960460629446152,-1.58546985771989,0.396061067858526,-0.225159553499163,-2.57491077655329,-0.0216465521998786,-0.327070660239593
0.0762640889887189,-1.57082527899681,0.450636852128397,-0.323994453379174,-2.62230442713835,-0.0737562680721738,-0.597329689532707
0.0510413693641983,-1.55501268428053,0.47859204408049,-0.404435836441123,-2.65129408182432,-0.120478455483969,-0.491297561160433
0.0219439079230359,-1.53858061233308,0.492034821776788,-0.459350589312247,-2.66863635322258,-0.152817100001041,-0.0638110078163904
-0.0091231926591892,-1.52173191984315,0.499352964329758,-0.483704260535695,-2.68342974997882,-0.154364057194657,0.445245891747283
-0.0400023136157237,-1.50434625326651,0.508339613268913,-0.475245826678334,-2.70617753384397,-0.13323339583687,0.749804055793778
-0.0689906602433048,-1.48708756324034,0.522878742501358,-0.435922234865958,-2.73726850549521,-0.105328336709017,0.686595690609006
-0.0944965174146134,-1.47089865545278,0.547301425362592,-0.370685546440477,-2.7797398304461,-0.0693379791299502,0.268802815096478
-0.115528592812972,-1.45700311053598,0.585877370844085,-0.287139763795806,-2.83299846248762,-0.0142145825825013,-0.277881574970157
-0.132069577722738,-1.4467440491933,0.641421100877833,-0.194900216319707,-2.88958016537124,0.0479856645347944,-0.608582072957772
-0.143557041853352,-1.44021215170069,0.722819664810346,-0.10360627798248,-2.95245818597459,0.0986862584633773,-0.532670826728585
-0.148968949449882,-1.43693974524039,0.833762724122749,-0.0228810019066839,-3.02281956417232,0.138752257255082,-0.0983140288349991
-0.14721480526366,-1.43602401048528,0.958303398833324,0.0400808133599764,-3.09815172815413,0.174386405135273,0.44193762438405
-0.138296289533061,-1.43690107605768,1.07315365070748,0.0816948443767188,-3.17406139919741,0.194763051956039,0.770225892045311
-0.123757927498683,-1.44067326455444,1.17522117303585,0.10007001432144,-3.24860008915912,0.187043319647476,0.711209026136517
-0.105076791385169,-1.44827958617259,1.26934346091903,0.093950579112313,-3.32513318331933,0.153245814667847,0.279412514882963
-0.0838704616995477,-1.46088087149238,1.36326752798575,0.0637488130352766,-3.40646722433176,0.110114301517057,-0.326409444480886
-0.062113760891075,-1.48079677146569,1.4689999042617,0.0139701686671684,-3.48739900355152,0.0677938346476458,-0.77776062977517
-0.0407838827896351,-1.50869918273988,1.57985350546215,-0.0489569897664553,-3.56022988277236,0.0176217010889979,-0.828556421004499
-0.0202917226412869,-1.54352098599285,1.67661444782156,-0.118188249215156,-3.61712241677952,-0.0374916429921171,-0.44450136334725
-0.00105390312659289,-1.58270831477862,1.74879533663186,-0.186840100781446,-3.65470362365351,-0.073120997370364,0.16768585410881
0.0165767102845442,-1.62201412090974,1.80630996907279,-0.250426024617423,-3.69172674941617,-0.0784917837404267,0.632248171989138
0.0319045090859452,-1.65878444789475,1.86121470991647,-0.303710270816385,-3.73852038743605,-0.0741984301260305,0.688854544620005
0.0441205275694494,-1.69124552489702,1.92150883020519,-0.341499366442357,-3.79553120844297,-0.0658985801804286,0.320215652804093
0.0526749218126239,-1.71806413419792,1.99368477451977,-0.360948087894558,-3.86381086644885,-0.0354479673018135,-0.276821861608379
0.0570192216590267,-1.73946462185396,2.08073918839039,-0.359563510165775,-3.9334739354918,0.021722836549301,-0.767826714358296
0.0566188036145293,-1.75506683948698,2.18997600618551,-0.338219776548029,-4.00642890723979,0.0818978572644875,-0.892211207261417
0.0512687888278772,-1.76395692203072,2.3315550295586,-0.301654564153421,-4.09073741247483,0.134148178898854,-0.57538686233891
0.0413905384623605,-1.76567345412443,2.51215496094306,-0.256820993348352,-4.18802761808139,0.188380381850688,0.0486991496205985
0.0275679905150474,-1.75887864785729,2.73779836651009,-0.215369296781673,-4.31121579637576,0.245052071912308,0.627108325892719
0.0100782207791388,-1.74357602129286,3.0092186637399,-0.187039135503,-4.46237707722062,0.281569443577669,0.857900777474032
-0.00952273515692939,-1.72151723593968,3.31205645582153,-0.176367670376908,-4.63148131845884,0.286806949282385,0.644033887039333
-0.0282418080156072,-1.69369442831553,3.61959022146338,-0.185328960551061,-4.81131010732609,0.266901044770314,0.0717404246319743
-0.0432177610130557,-1.66096133754768,3.90900167336706,-0.208083603681385,-4.985882267414,0.236597782561964,-0.543268208017652
-0.053207717423387,-1.62502649408238,4.17060713377501,-0.235430168655593,-5.14060969351017,0.189546219026672,-0.832183874006691
-0.0578115183268911,-1.58731277320313,4.40041141934484,-0.261484374003937,-5.27276506212759,0.121831801207493,-0.670400147046046
-0.0567187808638965,-1.54945342006013,4.60392822011719,-0.279929462335682,-5.38085293913786,0.0488104420056732,-0.155319943429433
-0.0505485112589681,-1.51261457966862,4.79013417976343,-0.28926391869479,-5.47441404500595,-0.0063179295625745,0.425420655698971
-0.0403212439184714,-1.47766897415419,4.96818522009087,-0.291681820640081,-5.57173077846575,-0.0461670911567339,0.730885797180255
-0.0264662461190196,-1.44608777337946,5.14923634712425,-0.288130517260705,-5.68156271260883,-0.0842891725697359,0.601770395326428
-0.00996409885867066,-1.41930654937216,5.34005436962998,-0.281427503392715,-5.80808683926002,-0.1095276709699,0.109934596268737
0.00860898361562593,-1.39890967584964,5.55097251099994,-0.27481344389696,-5.94657347482514,-0.0971688795097498,-0.459093671048511
0.0293850654577055,-1.38574692952166,5.79002280964429,-0.271623789176378,-6.08501695374761,-0.0563781838551183,-0.773650795060221
0.0511937521437688,-1.37963351847852,6.04512351913707,-0.275841467112324,-6.21753597473354,-0.0106652983015963,-0.650072174526279
0.0722963619946032,-1.38038442535353,6.29878188172872,-0.288706058037311,-6.33823842252727,0.0426758799253348,-0.123162652540671
0.0900932228083407,-1.38777206420105,6.5330241397043,-0.307428941482937,-6.44931786470642,0.118881429114038,0.500751801895765
0.101880073164758,-1.40164365740064,6.73242972776625,-0.326314287658222,-6.55716763359229,0.19948105838783,0.834932094990748
0.106982320345442,-1.42174348479599,6.89662916112387,-0.339665878843899,-6.6589573745169,0.264152883055939,0.739397948805992
0.105209260615035,-1.44738364104416,7.02948942051876,-0.341313394038185,-6.75552801039877,0.313488848009717,0.282059646880755
0.0972253027945046,-1.47714278607951,7.14300307060089,-0.326543264494258,-6.84691361250065,0.356755610863419,-0.29935395057306
0.0844883506776714,-1.50914705448326,7.25573631123551,-0.296138055690589,-6.93015927300762,0.386335412263281,-0.675913664908178
0.0676747488557913,-1.54184833476711,7.37894566751331,-0.253369811589953,-7.00965066447553,0.387375942026452,-0.650225910138587
0.047521365204181,-1.57328128971192,7.52790595169487,-0.202330003976144,-7.09421348757457,0.362633705871853,-0.243034063485632
0.0243952780422016,-1.6011466076445,7.7225585688994,-0.146842976798556,-7.19703926637651,0.328608254719061,0.314425024387861
-0.00220296566398696,-1.62390379290582,7.96978816977998,-0.0901055044360146,-7.33160976259816,0.291037191376045,0.687555397160752
-0.032153602719233,-1.64030315599637,8.25837183269342,-0.0377525266710129,-7.49691880453312,0.242329903330249,0.652987901572048
-0.0651178551168336,-1.65028016566134,8.56416164787152,0.00599652918686708,-7.68300312016567,0.184206285739882,0.220740063636725
-0.0996134438413612,-1.65518547766904,8.86979694948131,0.0371473594095415,-7.87638966095624,0.131901845401401,-0.334911152459548
-0.131889059288353,-1.65659846618774,9.17432768000923,0.0506025659693857,-8.06365969002977,0.0818724110019928,-0.659038173002985
-0.157561309691411,-1.65567696254864,9.47925486558955,0.0461832757917592,-8.24418486563524,0.0187229351707075,-0.598167941400845
-0.172798045424982,-1.65216985185392,9.78433728443411,0.0255118691847735,-8.41738126398207,-0.0558043397691094,-0.194436468685036
-0.175225849159291,-1.64519916975528,10.085666943876,-0.00748539583540705,-8.58361382251205,-0.12547386820317,0.313386787815601
-0.164513438180989,-1.63428615000126,10.3718637908042,-0.04706587891787,-8.74659476156167,-0.186378010351478,0.597252109068217
-0.141883533744999,-1.61911461384771,10.6279107245579,-0.0897926324835998,-8.90266169184424,-0.242759318496736,0.498609684710618
-0.109270560925864,-1.60037360056391,10.8440355922384,-0.132404264275909,-9.0487101648258,-0.278997385070263,0.0793384236908867
-0.0686248255594451,-1.57851247992921,11.0225268305309,-0.172346296617712,-9.17887374212391,-0.273115142011533,-0.417238729050341
-0.0223962780090713,-1.55375063016971,11.1712358105054,-0.208503532441319,-9.28607127312564,-0.233533748435333,-0.69126712120851
0.0268535008627947,-1.52743694547789,11.29903780497,-0.23939767165473,-9.37324801743364,-0.178034328125264,-0.579470900599302
0.0766657248589459,-1.50099359292374,11.411860498899,-0.263418859370552,-9.44418478616199,-0.102860144373064,-0.136084471556605
0.124994672911492,-1.47649100671649,11.5167416772238,-0.28046777752494,-9.5104718182519,-0.00157369479241696,0.380760716872979
0.172744032625112,-1.45298158652479,11.616064536024,-0.299282712178057,-9.57915231020586,0.110422988862486,0.829822218173647
0.217789654371995,-1.43251043864008,11.7125110187208,-0.316699147083597,-9.64967315425664,0.213772217978805,0.991969361919353
0.255804023815752,-1.41759092894206,11.8056682892309,-0.328335742513689,-9.71696324602064,0.28824511214444,0.62762104370292
0.28468323964719,-1.40923259205795,11.8947673081274,-0.336002736432492,-9.78576340290707,0.340160048056333,-0.100536908166142
0.301568705837144,-1.40654898779942,11.9688780720507,-0.340051970695187,-9.84601287574693,0.375024611828399,-0.807129156115726
0.305521817240085,-1.4081643522669,12.0213518001074,-0.336693622310632,-9.89521079590058,0.380956415751612,-1.16092362903522
0.297183338335162,-1.41408621287807,12.0545149191454,-0.32465062925291,-9.94259849018709,0.352978235552587,-1.04059656398966
0.276558543590794,-1.42384824793677,12.0647600694284,-0.304180031057972,-9.98192015818383,0.293042425530181,-0.483383729733459
0.243907548928896,-1.43737206495948,12.049772429122,-0.277248484044573,-10.003811103291,0.215986449830589,0.282413375698887
0.20184216208855,-1.45578758865742,12.0202077964044,-0.247167621096412,-10.0213541385601,0.130469950180516,0.836916976810184
0.152847871825556,-1.47839232715076,11.9797241386133,-0.214640517567213,-10.038192468987,0.0247575477718162,0.893513653434454
0.0990569995060945,-1.50415843225926,11.9272655588562,-0.182332493950253,-10.0554695623974,-0.0950769440569114,0.419797375148833
0.0427820724836014,-1.53211426977525,11.8617281397423,-0.152176768268938,-10.077960509872,-0.191497771611108,-0.353528977342301
-0.0145817130286543,-1.55885135898392,11.7811392951069,-0.11980566060405,-10.0846103925684,-0.237923331599382,-0.956048174715439
-0.0707719835230283,-1.58254470942268,11.6915381258808,-0.0854396665120526,-10.0693851479304,-0.266167522561029,-1.07019744225862
-0.122640163801839,-1.60220906381485,11.5993533881724,-0.0506058575699147,-10.0381464936701,-0.287170823316636,-0.651999994809965
-0.166930643678218,-1.61666891414923,11.5108645691131,-0.0142148121777278,-9.99210207595629,-0.267658655597349,0.0926489702987116
-0.200931755162616,-1.62784902354678,11.4204097722239,0.0210545595302379,-9.95007432222889,-0.187493218856862,0.761119932306454
-0.223716243161832,-1.63668223793112,11.321028626712,0.0516488184366139,-9.92113709578776,-0.0869334702486067,1.0132867101568
-0.234286432641517,-1.64238118489606,11.2169228817861,0.0767664302498952,-9.90012796883842,0.0105075495658048,0.741811072223478
-0.231962815940821,-1.64541997196978,11.1063438246516,0.0938371139774459,-9.88676735951501,0.117552483368276,0.0603702309295108
-0.216784693783426,-1.64425892472322,10.999366531706,0.100996392647976,-9.87280904357429,0.250205342070925,-0.668099388192731
-0.188772750897649,-1.63734786739572,10.9051311729365,0.0994297189939498,-9.85289541812476,0.378211725383369,-1.05857871714494
-0.148833140117486,-1.62640674671598,10.8122834365253,0.0895065713873016,-9.8331572126719,0.475712549771771,-0.956478627794589
-0.0986692510728069,-1.61246921349398,10.7169432349198,0.0707226877574425,-9.81272079096101,0.535474378759088,-0.395964758814162
-0.0411105723977882,-1.59656193539627,10.617356067166,0.0391058630404266,-9.78909839330974,0.558705036082018,0.374178208714358
0.0195969518279884,-1.58257969209479,10.5075896119716,-0.00800868926198657,-9.76445994250641,0.53607606316112,0.950169915582689
0.0801756369803898,-1.57284013128884,10.4044826887194,-0.065744779548203,-9.73985585443198,0.462011944951393,1.07443810245471
0.137301503357017,-1.56755451808122,10.3262197192114,-0.130074543107802,-9.72246342200086,0.344306715035039,0.693916551297527
0.187515004936826,-1.56611827461638,10.280939922821,-0.199474126498366,-9.72846563359717,0.201793772050898,-0.0375680727910167
0.230613828214508,-1.56664573466842,10.26011681533,-0.268703981710494,-9.75203533020557,0.0632316033257121,-0.75742552259764
0.266786539684723,-1.56857539865812,10.255676660698,-0.329904359234042,-9.77788739744737,-0.0750790018315948,-1.07736704858564
0.293933263569848,-1.57196453141674,10.2679191618609,-0.379261935932919,-9.80668058420076,-0.222575252036668,-0.853197654261297
0.310811823465351,-1.57601784300735,10.2924443274246,-0.413406141937008,-9.82691291829462,-0.354963333622296,-0.194936419703344
0.315814146496406,-1.58129155798762,10.3337087304872,-0.429868796104108,-9.84587224599043,-0.426778800910867,0.541311421516286
0.307328017559363,-1.5885406896047,10.3979759485984,-0.431071804718376,-9.88489526781706,-0.449766559399469,0.981183474252772
0.286017835337548,-1.59690651439693,10.481874543024,-0.419545799185226,-9.94336247956136,-0.455100519230954,0.937321158490823
0.253046954268518,-1.60590919565699,10.5867117768921,-0.397356913923894,-10.0235199012563,-0.440503100624474,0.403848486523404
0.210176786384971,-1.61545238979814,10.7195137612156,-0.365117085514056,-10.1262368817319,-0.36892851570293,-0.399569011114009
0.160767208336143,-1.62346653809267,10.8788831973559,-0.32181965506651,-10.2295327478276,-0.242519344558994,-0.986895668177114
0.107099956121044,-1.62893274858166,11.0663488408392,-0.271900420788675,-10.3324544364126,-0.110413775059923,-1.04506214651359
0.0519488154757036,-1.63204139851049,11.2853987030768,-0.21900958990697,-10.4425276437084,0.0167715575296387,-0.559955486613685
-0.00193960470283304,-1.63270904836098,11.5337478288177,-0.165388668027724,-10.5628519048327,0.155241963181218,0.241936760101566
-0.0533236563783158,-1.63217445375413,11.8109999319976,-0.119439374967877,-10.7081174691984,0.298666548318566,0.915030614521788
-0.0988973699951646,-1.63044727614198,12.1234861826897,-0.0842096292764084,-10.8757177324026,0.415443553761493,1.12861965433742
-0.135013555502703,-1.62609899469846,12.4768039711799,-0.0600947545656102,-11.0568007254718,0.490000099215439,0.826703692305107
-0.161143678239932,-1.61822710803771,12.8660640444158,-0.0520779448788343,-11.256418166365,0.520882778998016,0.133976109331373
-0.17945180450425,-1.60643396363166,13.2809432937014,-0.0598327132422567,-11.4711743077266,0.52550231674924,-0.638428352450774
-0.190914841773999,-1.59134528806397,13.7080740226514,-0.0821714564612968,-11.6853442613108,0.503271932284922,-1.10518470734971
-0.195787100529316,-1.57680663487641,14.1147883460282,-0.125170344816603,-11.8878461880497,0.452341747277785,-1.04503388630183
-0.193896718984139,-1.56605005512892,14.4596594007554,-0.186485048872587,-12.0501202754193,0.382985593029552,-0.415729102912199
-0.184878077193989,-1.56007308048006,14.7133919485161,-0.256489424955406,-12.1536005213302,0.327429403744066,0.484217730819766
-0.166466945469854,-1.55901078815139,14.8747573306942,-0.330457639744032,-12.2197381651231,0.279649741348696,1.11181027591734
-0.139599929256791,-1.56122987800632,14.9793719870763,-0.398211961840852,-12.2660737555457,0.211203024974855,1.18457923787235
-0.106165533127061,-1.56628495801428,15.0486522614315,-0.447199593306738,-12.3104164709844,0.120251635739151,0.670934765107294
-0.0672339424633525,-1.57394922777551,15.0905132811352,-0.469181396534658,-12.3660073004463,0.0406006667209433,-0.23279320389969
-0.0263311446066935,-1.58247606773813,15.1315217730373,-0.460037254568433,-12.4140991377992,-0.00302982537358917,-1.02182562013347
0.0134108785460571,-1.59175733832389,15.1863755235795,-0.420206859044168,-12.4430986776852,-0.0475269121261344,-1.32148618056253
0.0501626101995471,-1.60195681872163,15.2597520051592,-0.353604103156295,-12.4592555078066,-0.109544212910285,-1.03546592281536
0.0808293372025209,-1.61201415309916,15.3760734824843,-0.267795381246815,-12.4696127499387,-0.164038386551837,-0.241612120791062
0.103992809457032,-1.6211154298486,15.5615496630728,-0.173420692637846,-12.501458733813,-0.15822702932876,0.666752008258557
0.119038652644658,-1.63013844394678,15.832982359634,-0.0801247083517432,-12.5957618228184,-0.112962225702537,1.12526680719118
0.121530073601035,-1.64033364593848,16.1856865932246,0.0017957949545479,-12.7445030840561,-0.0738961914616515,0.89846206488162
0.112946250172777,-1.65261301129853,16.5491881813101,0.0661278768283166,-12.9164651910012,-0.0285626272589039,0.0860758617045533
0.0964933995173712,-1.66678310551119,16.8868178760434,0.111822561486848,-13.0760222254389,0.0765679431862289,-0.859276910564244
0.0744711769663588,-1.68268885749002,17.1964584239886,0.138437893982727,-13.1911726345266,0.204382437938457,-1.40500660242269
0.050632073083825,-1.69515548734094,17.4922639625016,0.14777700598847,-13.291290550888,0.318577480017639,-1.34688734021042
0.0260993448195628,-1.70148319370398,17.7852497331318,0.13961777100419,-13.383566514185,0.424847288099076,-0.684581370317193
0.0029982272404815,-1.7017835838323,18.0697512248132,0.116637310976223,-13.4594782409603,0.550674192635827,0.358460231748012
-0.0173793355992112,-1.69134969732083,18.3571170974661,0.0932891111836982,-13.5492334876088,0.683406340491609,1.24097545584406
-0.038320531747582,-1.66966842169971,18.6671387309592,0.0701678238274525,-13.6505176831357,0.79895302939268,1.71362105611669
-0.0608980811677053,-1.64041179711282,19.0066974479316,0.0409118937229791,-13.7523127041001,0.905726115659358,1.73880660425415
-0.0855399903847451,-1.60720517645657,19.3790729240776,0.00287725146011944,-13.8534849758184,0.999256367585826,1.36838588901175
-0.11271298655813,-1.57439042086446,19.7760942818856,-0.0445631213812915,-13.952234166706,1.04562367191178,0.710407930308164
-0.140437893929904,-1.5459937217392,20.1506181009498,-0.103708411787443,-14.031218004135,1.00687090746854,-0.0845797648082753
-0.164716373274325,-1.52359543051046,20.4404351318504,-0.178817246418736,-14.0675055294198,0.877172234392708,-0.806189483222555
-0.182616409137478,-1.50777776572933,20.6324246086332,-0.266585859897847,-14.0598608754772,0.680703334455763,-1.18120237462695
-0.192994985778502,-1.49798149684839,20.75190513909,-0.354051933179141,-14.021370584636,0.440245787174188,-1.01233899099734
-0.195019462560209,-1.49222521520281,20.8337943194619,-0.431732332090267,-13.9511809544131,0.175203628574876,-0.264739747165976
-0.188791891341782,-1.48977010980308,20.8991187693924,-0.489771073894772,-13.8530699867841,-0.0526106799630502,0.740094759277359
-0.176233616894874,-1.49346223464533,20.9415726403254,-0.515066101128479,-13.7599456221875,-0.237462889700009,1.42165311668369
-0.158078547186448,-1.50273826566063,20.9671991046106,-0.507498849547546,-13.6754010013488,-0.423377319536392,1.59779377227325
-0.13558747867468,-1.51611145012648,20.9843110219976,-0.467561020130756,-13.6083736426873,-0.621122057116218,1.26190485135924
-0.110215213481957,-1.53341076831236,20.9906981705935,-0.395104901165748,-13.5738620617572,-0.801400673392268,0.514087541897419
-0.0809828148521672,-1.55453373441967,20.9760820365031,-0.298726586030246,-13.5564473300416,-0.887806799905459,-0.381207443206294
-0.0479402923883064,-1.57713498998128,20.9460450150326,-0.190887963231112,-13.5229388250284,-0.868754518523784,-1.04944535620973
-0.0141877826433639,-1.59969321723254,20.9101265516311,-0.0768061260329043,-13.4617033019231,-0.806521527247023,-1.2766445977055
0.0180394734220657,-1.62185753854743,20.8744371402881,0.0350454169566368,-13.3757388353935,-0.724449173438783,-1.00719669272478
0.0476400192673509,-1.6419568170626,20.847439863364,0.130486322337526,-13.269533668027,-0.590385923898121,-0.321940793422108
0.0737241171282713,-1.65942632415052,20.8242796354749,0.199770004019422,-13.1566713859127,-0.359601811252175,0.509251487351382
0.0939636465604621,-1.67514139678042,20.8005380021881,0.245594837391413,-13.0603406406004,-0.0680479278859448,1.06462338458385
0.107423308113457,-1.68751507829728,20.773626667112,0.265852754220914,-12.9712053629787,0.225166250860579,1.08315421004937
0.114284340198887,-1.69558778490159,20.7448751493149,0.255338557599529,-12.8805301964019,0.501824528290077,0.570278122964738
0.113271886500632,-1.69913779882671,20.7115049290507,0.216359200246518,-12.7874882923939,0.763831933432213,-0.24847917730765
0.102733243065319,-1.69521232762531,20.6515982728093,0.154626436783009,-12.6777662156575,0.998085177666673,-1.00281678514097
0.0839534959745041,-1.68189039013289,20.5525451219663,0.0727255370541334,-12.5552264517041,1.19410415340068,-1.48707075095381
0.0589076564737956,-1.65884276061159,20.4268372316934,-0.0246285550057915,-12.429350949358,1.37301540666178,-1.69398241514446
0.0294402682483296,-1.62684641298518,20.3142057654567,-0.129653427780648,-12.3132303621279,1.55455793147176,-1.72019543353032
-0.00289314601774858,-1.58894109164305,20.2368642977576,-0.233044276115266,-12.2093343789792,1.74403670311612,-1.69091889578468
-0.0369099746007872,-1.548264193249,20.1843563358151,-0.325172930869483,-12.1043435392941,1.94123563679348,-1.72666826884168
-0.0713770211250712,-1.50720034551533,20.1434025266809,-0.397852503205072,-11.9855609114237,2.1523447887881,-1.94013064062168
-0.104740935909002,-1.46747988390516,20.1082404132667,-0.445533917995861,-11.8501633502244,2.39484482840012,-2.40635562239615
-0.13485908990399,-1.43052727263881,20.0776606047166,-0.466595562290329,-11.7100220921304,2.67995171711805,-3.06573085518702
-0.159935122281943,-1.39919876363182,20.0421610832665,-0.463221535233044,-11.5741479031074,2.9941159921099,-3.64051121664603
-0.179313535703465,-1.37617863856893,19.9904500109179,-0.439009517320742,-11.4386885710757,3.32115849793303,-3.84558247733693
-0.191812546944022,-1.36214242313932,19.9214921689081,-0.399337789462829,-11.29591725264,3.64059581693633,-3.60183639314592
-0.196561765575595,-1.35759416325614,19.831192758508,-0.349718855803779,-11.1363241048033,3.90653062449426,-3.04589068273293
-0.194424191332525,-1.36259861473977,19.7046970294091,-0.29335808536312,-10.9627465688935,4.07922765588908,-2.4511846886492
-0.18608082800167,-1.37610951723693,19.5321376793333,-0.235779535698879,-10.7809487056348,4.17693397528284,-2.05473291876475
-0.17156405664615,-1.39700501219264,19.3178862315542,-0.184561884484798,-10.5926977554378,4.23669420275039,-1.96897233390492
-0.151365664632108,-1.42399951171518,19.0764169300447,-0.144131902373686,-10.4039690688031,4.26852560446927,-2.19099316590601
-0.126460056998455,-1.45537316944453,18.8239185753285,-0.11518159843632,-10.2232885474782,4.24941216546695,-2.64800841741103
-0.0975580857115752,-1.48955070148832,18.5713913090534,-0.098221972670017,-10.0526469625075,4.14009175499821,-3.21606514718135
-0.0641188938445577,-1.52543305660893,18.3266020060725,-0.093192957558728,-9.88227331251337,3.9261114229452,-3.73298160745714
-0.0252604112466055,-1.56209524309753,18.0938979954449,-0.0966525726099303,-9.69920450944799,3.64040064281223,-3.99298997051765
0.0180471576460942,-1.5985335504559,17.8714305890922,-0.106182286533881,-9.50346450488393,3.32242298000668,-3.835394194587
0.0636147087185738,-1.63442940951261,17.6553623681112,-0.123309994433372,-9.30218904025328,2.98514458011289,-3.29229012296912
0.109307036514481,-1.66811395896711,17.437997088795,-0.146920649358616,-9.10523798337936,2.64199146381708,-2.66113594288223
0.152967058418557,-1.69680072472229,17.2200235686111,-0.17769163794952,-8.92032588151917,2.32968288812635,-2.27788399598976
0.191985650677107,-1.72035582676887,17.0200381993284,-0.218672336708795,-8.74466780008472,2.06985764267165,-2.24562022476366
0.223901423908112,-1.73871991851402,16.8478570748587,-0.268661488613065,-8.57788336568022,1.87166933768847,-2.50597441505327
0.247210496082168,-1.75105487880246,16.7015279162657,-0.323458416577993,-8.42326392435563,1.7480598753876,-2.95729160258595
0.261258601276145,-1.75676249957041,16.5762754700682,-0.377285425945278,-8.28313329099245,1.7083207193288,-3.51149148151274
0.265656358003378,-1.75596716494841,16.4701514132788,-0.423582541400848,-8.15816280642196,1.74453139663287,-4.08319459717435
0.25981812088628,-1.74914473917938,16.3839409056318,-0.456998155611321,-8.04892844625479,1.82944614136033,-4.57288297415392
0.243280774268896,-1.73662741082638,16.3171166238832,-0.474465336825541,-7.95622901585488,1.92932500747575,-4.88580701760047
0.216344160579649,-1.71879485548296,16.2667152519057,-0.47390859537271,-7.8802792672473,2.0203156418586,-4.94947784645747
0.18018978450248,-1.69660196124525,16.2301622479934,-0.453054764126569,-7.82061952688689,2.09974331138729,-4.71097517059761
0.137073784848078,-1.6717547589581,16.205031457723,-0.408740291222226,-7.77382829744913,2.18809681879466,-4.14537318559729
0.0906214344748663,-1.64544329809771,16.1806184508722,-0.339485601238193,-7.72749356014446,2.30750080405371,-3.3255987763803
0.043266858724858,-1.61678220642581,16.1435432223094,-0.25380425141554,-7.67325142606916,2.46091052501685,-2.52718269977792
-0.00509458341929673,-1.58659023092369,16.0973740958053,-0.161287260230975,-7.61372461242653,2.65386179044575,-2.10227858833747
-0.0524145736827736,-1.55722891857878,16.0385691161883,-0.0666008247236025,-7.54396070114101,2.88501090299002,-2.24584534020128
-0.0948982871388949,-1.52920878162036,15.9547035121307,0.0195356333438215,-7.47587849984345,3.12795957595235,-2.92760429323944
-0.129542692495157,-1.50439210775803,15.8668989390328,0.0931739548506474,-7.42301295219221,3.32627641916285,-3.78591004933105
-0.155165391525436,-1.48612936939718,15.8034069390466,0.1587008534692,-7.37062310521947,3.48280932398299,-4.32117761236569
-0.171166739693534,-1.47451189225653,15.7648483891781,0.208006187125802,-7.31316165375888,3.63351931300918,-4.33794126033984
-0.176794204248982,-1.46983978072695,15.750448663197,0.23413862189016,-7.2461563559983,3.77772685386796,-3.86477794006457
-0.172274774184662,-1.47329585021956,15.7566572928687,0.23674957660805,-7.16739794424923,3.86981095127352,-3.07616039444694
-0.159618880508409,-1.48450346267994,15.7679160994444,0.213943635445368,-7.09226640831373,3.8721188432611,-2.30432334363673
-0.139221536977798,-1.5014793172361,15.7804177725035,0.16287495928094,-7.0387649082536,3.82515678052454,-1.85904947577955
-0.110713943888589,-1.52310111601611,15.7999996945596,0.0876665156719363,-7.00966797434675,3.77091040911834,-1.89525097111259
-0.0761379647369536,-1.54822914653706,15.8162360869001,-0.00460088916147865,-6.99930288344578,3.7070705865185,-2.455423497568
-0.0398935542867463,-1.57645229296686,15.821564533631,-0.104798931924644,-7.00137664603763,3.58239966947869,-3.36046367439153
-0.000932607014730937,-1.60786532254109,15.8290249796895,-0.202429025669896,-6.98843131513775,3.3705988318088,-4.15518460087009
0.0411343597234686,-1.64059041033738,15.8312971400962,-0.292400042813187,-6.94758845625172,3.14031092492619,-4.4449673774739
0.082657931014455,-1.67312393506479,15.8349383999623,-0.366483887140764,-6.90798896317246,2.9237360525326,-4.11421425473991
0.1220812395115,-1.70416768619421,15.8392379525267,-0.415669468264504,-6.87097139022293,2.71422887511676,-3.30257090066148
0.157286966385151,-1.73029610454896,15.8463824284322,-0.444642764810243,-6.84234569882359,2.50753054109119,-2.43030612330963
0.18481559172739,-1.75020883105238,15.8693484644009,-0.456464751724495,-6.8272422512795,2.32790254707954,-1.884130477316
0.203650544139926,-1.76447020646577,15.9114241527846,-0.445623780226956,-6.8071619484012,2.17360749739347,-1.7147553593279
0.213326783238418,-1.77274376006944,15.974549906048,-0.412249634858685,-6.77654963422779,2.03616350842325,-1.86093693860798
0.213238323862875,-1.77454282135465,16.0648607577553,-0.361851143792324,-6.74213835501109,1.9296881106087,-2.25526508161633
0.203113949767455,-1.76953197514272,16.1913084935959,-0.303391958968558,-6.71576884174388,1.88478183132146,-2.82090058967168
0.183710175937118,-1.75765601323291,16.3624336021286,-0.246629092989862,-6.70911684599622,1.92753128693851,-3.44609150244016
0.156732121415661,-1.73959289078612,16.5842760645649,-0.19778912436426,-6.73191222522116,2.06326411006903,-3.97426349922461
0.123991674942842,-1.71687768822228,16.8551691726871,-0.159446642773769,-6.79007302624285,2.27628027022195,-4.22986943740292
0.0878006904427227,-1.6903079043896,17.1561783323923,-0.133550757794346,-6.87694837693535,2.54614370965095,-4.07688846446085
0.0504691172067411,-1.65804006182075,17.458316087715,-0.121422820177548,-6.96530189818726,2.85428103774611,-3.4856328508758
0.0122957337940319,-1.6194557281553,17.7435835699597,-0.123854116425306,-7.0295820654287,3.15738817186799,-2.6707517808547
-0.0250392930101123,-1.57861320820477,18.0123108044769,-0.139890878500928,-7.09015447739116,3.42549288543215,-2.13441267267824
-0.0599612300007188,-1.53633729335309,18.2616932849358,-0.165635571800318,-7.15518742228152,3.67930435433545,-2.12963181302175
-0.0916668876570363,-1.49438527704008,18.4905627069425,-0.199227932286338,-7.22993028520167,3.90689353889657,-2.61808400252272
-0.117863075706076,-1.45468276456484,18.7121848650438,-0.237286341081536,-7.31989322009365,4.04765708925529,-3.3603008632904
-0.138031016940808,-1.4170081545156,18.9359339835058,-0.27448187858937,-7.40445452589822,4.06886937715101,-4.06458704502713
-0.153756878842144,-1.38294491046756,19.1495000918666,-0.311154892841997,-7.4606981453177,4.02400200973101,-4.48736427699109
-0.165009484341207,-1.35562341851966,19.3409359275649,-0.349772894399351,-7.48495539129692,3.96564640630649,-4.48380485857066
-0.171113225706563,-1.33687839008886,19.5061598409873,-0.38728522330872,-7.47618448056643,3.89481715730603,-4.0422866441212
-0.171613225192345,-1.32699824014462,19.6465582901905,-0.415855204300787,-7.43473960754181,3.76993783034379,-3.28973322725737
-0.165079453743925,-1.3264002073486,19.7677457961578,-0.433126148950862,-7.38135332458579,3.56124766207982,-2.54372353199832
-0.151104348846289,-1.33624763648183,19.8718956146911,-0.441392884197005,-7.33340007928786,3.31333976076236,-2.18390061485145
-0.131115224380479,-1.35587275428267,19.964850522881,-0.436667005872149,-7.28674663857263,3.07027374358337,-2.37543695513407
-0.105875820318001,-1.38346675444115,20.0568008255404,-0.416478864190506,-7.24321529133623,2.84213476184031,-3.04737587837887
-0.0770176799693572,-1.41872256297196,20.1494556031379,-0.378664731260795,-7.19772549625099,2.62437270711303,-3.85732848961652
-0.0473638538763437,-1.46099604787029,20.2431608736758,-0.319557828825287,-7.14842811118456,2.43635807119014,-4.40334106783997
-0.0182295766449096,-1.50665077984028,20.3546275835259,-0.242557036530387,-7.12120262664237,2.28380851317185,-4.52945577144567
0.00889662119625665,-1.55203963856792,20.5029517855686,-0.154502913855013,-7.13167081779953,2.16081214575254,-4.25345307155991
0.0320512667473087,-1.59476472139154,20.6961821298538,-0.0624219137470271,-7.17648388103395,2.08201313196562,-3.65352367951312
0.0504671371372568,-1.63349418057445,20.9223948639612,0.0236136368782035,-7.23712370905935,2.06415732315486,-2.86077620477473
0.0637079857872614,-1.66548089572252,21.1529657816663,0.0919233694033849,-7.29379847906575,2.10301644408751,-2.11727277723462
0.0694647230081832,-1.68942725826406,21.3537156317629,0.139207048579506,-7.3257555051737,2.18147155218593,-1.62088339309137
0.0671374117387959,-1.70712000999063,21.523237601247,0.165939682671553,-7.32637187801696,2.27595221916402,-1.45978078569043
0.0580556104221557,-1.71977926441961,21.6775526370585,0.170371962251312,-7.30191251200059,2.38019940586345,-1.68858860346205
0.0442012949313674,-1.72705578408253,21.8278600137696,0.148572631475359,-7.26555594237041,2.51345728198842,-2.3327718154527
0.0285951979899217,-1.72821637670923,21.9806656316979,0.0959747986651861,-7.24091929275439,2.68540702746249,-3.31344332154388
0.0158742928155811,-1.72532524026162,22.1534166336617,0.0205268858697088,-7.23398093241975,2.87253964643102,-4.22136406871914
0.00892614315817907,-1.71875337001744,22.3379290686907,-0.0677867423643177,-7.22722984184029,3.08035386742948,-4.56416316850698
0.00838720733403791,-1.70622647999787,22.4886012742667,-0.165907645740875,-7.20139134216753,3.30792531014299,-4.21878003210003
0.013901330280975,-1.68754124934204,22.5798295421206,-0.262518343728106,-7.12728453856536,3.51911082599398,-3.33556626606851
0.0213068389984582,-1.66440300905503,22.6351954110784,-0.350226985944017,-7.02577365530754,3.64348377976309,-2.3852770141056
0.0275750055151274,-1.63814591066496,22.676829567635,-0.425928239088944,-6.93799839732169,3.70628351772985,-1.86117749279366
0.0337372177165093,-1.60967828092455,22.7074458837163,-0.479945806973758,-6.85767870309121,3.76049205761996,-1.93852601785395
0.0390512634313393,-1.58101622717991,22.7367007806476,-0.505775450270035,-6.78888787529218,3.80143185335332,-2.57255088985157
0.0427877109339265,-1.55516557532951,22.7777677861237,-0.496757777467863,-6.74012474061771,3.76511481000068,-3.49600697688631
0.0473944679030629,-1.5324479018383,22.8273142968304,-0.448362537634739,-6.67824351335526,3.62895919381867,-4.28539900330494
0.0529073079855783,-1.51234468365897,22.8866806684708,-0.369118675632442,-6.59735721762931,3.46756146643489,-4.57356210300723
0.0579715625487226,-1.4967090008892,22.9749749155316,-0.269502504968787,-6.523039212635,3.31058601782433,-4.20330820683259
0.0631604961351281,-1.48596526120707,23.1070417459295,-0.159713630748654,-6.45132100093325,3.12943634465473,-3.23570265405312
0.0651844900638779,-1.48322461778078,23.3110832508853,-0.0550185817987924,-6.41941014170812,2.89067272353548,-2.16738856203404
0.0621225523956967,-1.49634347291366,23.5712676349873,0.0359487628093685,-6.43246523260385,2.65224946769691,-1.54644130779787
0.059005591273828,-1.52285697744796,23.8145793339124,0.114970942132024,-6.4283691524464,2.43229932024502,-1.50360767828233
0.0583193489331562,-1.5565859870215,24.0177049837237,0.179426824969248,-6.38855810041909,2.24211241132298,-1.98186663438207
0.0602117480118702,-1.59342109363225,24.1844080074157,0.22240967147291,-6.32241593322952,2.11107416843959,-2.82686024276967
0.0623208148101986,-1.62932854348203,24.3348754736566,0.234892879058974,-6.24660025390826,2.05439684903865,-3.77845665377429
0.0620253968946331,-1.65963302023118,24.4976772851181,0.218134470680111,-6.17892400933317,2.06390658734413,-4.58268440222637
0.0587172163257765,-1.68150622062446,24.6832791052312,0.180621427812044,-6.13061590143718,2.1056144635002,-5.09376469868823
0.0518699379756365,-1.69388968820794,24.8980204946988,0.128539759379928,-6.1100990768075,2.13287748199832,-5.28797047086322
0.0396954395964323,-1.69636464144814,25.1508562224446,0.0678015775176493,-6.123860538961,2.11903283105432,-5.18240398992684
0.0192782691404261,-1.6898202149462,25.4393866519339,0.0039715650807401,-6.17024314371969,2.06930709154368,-4.78089596166355
-0.0117434892015007,-1.67794643179482,25.7307864832314,-0.0626403839620449,-6.22809528369603,2.01204531984341,-4.10136404704558
-0.050185739132594,-1.66550745967433,25.9702248252602,-0.138802276109525,-6.266018302676,1.97666987180917,-3.2720454144387
-0.088560500605917,-1.6519175565933,26.1502392368343,-0.226456864785593,-6.27788072471545,1.98709293867063,-2.47703349527364
-0.123506328981722,-1.63431777736707,26.2984409291647,-0.31544538317046,-6.27013333019042,2.04745555048529,-1.85382889070327
-0.154713914716757,-1.612603125951,26.4270062438509,-0.393424827502992,-6.23927138992203,2.13570446950018,-1.48584714412308
-0.181420342726655,-1.58834625150863,26.5385004451773,-0.452478498439748,-6.1790706190258,2.22555096101414,-1.41763363990091
-0.2023986607713,-1.56304725325811,26.6365975657841,-0.487861268248982,-6.08778377829837,2.31269694019919,-1.68512665856352
-0.216650783524499,-1.53745160247898,26.7284676449034,-0.497057623761051,-5.97287760635649,2.42170115444435,-2.31323794007766
-0.222946148064689,-1.51184372984657,26.8231115443364,-0.481825240143791,-5.85557947023464,2.57672656357755,-3.20636934674301
-0.220037482858507,-1.48900080018395,26.9166527819139,-0.445518975701841,-5.74578799008367,2.77247505217868,-3.98287692507295
-0.208596397974138,-1.47167747650915,27.0044853451832,-0.388343496551716,-5.64602118878645,3.00201491979433,-4.28556769780555
-0.189323705382889,-1.4599830874153,27.093273386244,-0.316053149022849,-5.55733072014355,3.2547608023321,-3.99372929489599
-0.161981373405498,-1.45380475242484,27.1916051915988,-0.239443017242374,-5.4622227284093,3.49216667726149,-3.1962325403664
-0.129121943422682,-1.45290741221946,27.3120094778658,-0.157979132424067,-5.37362815263109,3.64463586150581,-2.30002336417613
-0.0950284142762593,-1.45612002042204,27.4576592421895,-0.0704223492877958,-5.31919884764464,3.73439992760247,-1.76089765631058
-0.0616630198178482,-1.46262939350013,27.6064360637633,0.0134943355834149,-5.28572264227119,3.81131175201669,-1.75508545223594
-0.0308627521533929,-1.47338269009051,27.7270180344258,0.0875566374759842,-5.26216159094883,3.87810730776631,-2.26192298946955
-0.00297689300523066,-1.49121134374807,27.8149185492574,0.150911301925269,-5.25088115964524,3.88244248966563,-3.13081405243431
0.0246200045164483,-1.51703140240974,27.9025618091858,0.196880511132786,-5.23769270504044,3.774719824108,-4.02744438194984
0.0514387585175563,-1.54702967377679,27.9996025427371,0.213793765057318,-5.19902621175403,3.62062137335826,-4.52684985140727
0.0748438343395498,-1.57933685047083,28.0960513448291,0.201283650877549,-5.1397956058089,3.4750187301542,-4.46370623226236
0.0946665561060182,-1.61243623124287,28.2008632761403,0.159937841131682,-5.07010821227963,3.33223122314283,-3.84029554861473
0.111945362727554,-1.64441614871675,28.3276667454736,0.0887499698153125,-5.00120072645588,3.15229191837053,-2.83938690950123
0.125385629788652,-1.67635239264487,28.466190294495,-0.00247942024675561,-4.95660783724155,2.94051102889636,-2.02514958643329
0.136780974851321,-1.70683127918002,28.6103654202507,-0.106618502993862,-4.92561514932077,2.75043120391387,-1.79395532412758
0.147591960369217,-1.73256426753978,28.7243095779861,-0.217497256871795,-4.87147603804476,2.60284668239313,-2.1876053918884
0.155407344770387,-1.75315170106764,28.7980955364213,-0.322883388043916,-4.79477469986526,2.4979695866012,-3.01081804276684
0.157122604629154,-1.76727715888075,28.8529535396179,-0.420171770363431,-4.70341532747241,2.42513312469984,-3.83642711742442
0.152386816300697,-1.77306939349057,28.8949935579164,-0.507252859710911,-4.59970031454727,2.39581830363248,-4.28721389061247
0.142375285307741,-1.77035675157275,28.9250428692117,-0.572946511672558,-4.49369722326636,2.41077361630964,-4.21885215230827
0.127005904538047,-1.7592929589747,28.9499968793854,-0.611494885519286,-4.38139359937611,2.46232747074499,-3.63641048594715
0.105432122325791,-1.74125101452433,28.9837096141637,-0.618760196266478,-4.25659921584888,2.52726875536041,-2.7103935583846
0.0807340666184471,-1.71835370322763,29.0241506011018,-0.582548623778728,-4.13938521679565,2.59052503304799,-1.90427218305232
0.0556585433383621,-1.69067846198786,29.0616180999106,-0.506431181772218,-4.03200800931047,2.67206600960056,-1.5642146693531
0.0305591472627975,-1.65927654490111,29.101739073115,-0.401793939205454,-3.92707853767313,2.78124894257972,-1.83236368955512
0.00744407660533372,-1.62625330605898,29.1445120262715,-0.275071413314552,-3.83719106740053,2.92049996043948,-2.69668082980748
-0.0133540124637092,-1.59295558298535,29.1947023766001,-0.133995544030983,-3.77575263194299,3.04648760124267,-3.81305459384099
-0.0357827360656751,-1.562452946628,29.2885507215968,0.00515206830991239,-3.71881658566455,3.14824417181454,-4.47227330598703
-0.0582016026829562,-1.53813339787311,29.3891989742193,0.134447492450841,-3.65034112798276,3.26201244028253,-4.41886233459171
-0.0776896347908845,-1.52087077638263,29.452839581729,0.243089514969365,-3.54752115264577,3.37227177828713,-3.71291244659837
-0.0919201079605787,-1.51004971638083,29.4851721960172,0.321195080567082,-3.40976481574401,3.41626204629591,-2.69537769594384
-0.0979230286545086,-1.5021190872263,29.5147159928164,0.367391150365068,-3.28431156437727,3.38419328509943,-1.91242036089396
-0.0961401297112236,-1.49720147732461,29.5443671272645,0.379567110525669,-3.1723068951289,3.33695752086001,-1.67686907595506
-0.0875569056480266,-1.49618775066709,29.5722238022399,0.354834577407972,-3.06258253137095,3.29528711402355,-2.04764912641229
-0.0725010209627235,-1.49734109713089,29.6106396326424,0.292864678167437,-2.97610195775135,3.24182719590858,-2.92979235975669
-0.0515161998643739,-1.50157531607966,29.6597481455357,0.194736063675102,-2.90036366501244,3.12613173873837,-3.9307038125541
-0.0250457831552948,-1.51158859370778,29.713947601735,0.0701643966574026,-2.80250142555764,2.99397659217384,-4.47125570820515
0.00554561271051673,-1.52389682848458,29.782155015782,-0.0701148042690067,-2.70227415012568,2.88353608512962,-4.30316277495313
0.0388387439033033,-1.53825426963564,29.8474394848336,-0.209591078867563,-2.58123428515568,2.78149918689074,-3.48151781062681
0.0742115285583121,-1.55342543293427,29.891520032039,-0.333389183752733,-2.43848848794457,2.65387086782198,-2.47052249191682
0.108360333584385,-1.56702619768454,29.9055994104229,-0.44325859938815,-2.29847512804305,2.53298027284075,-1.8827644605347
0.13965091176096,-1.58090834673221,29.9155827497393,-0.532336475913448,-2.16011656396805,2.44961417611691,-1.89369683251787
0.166470505426276,-1.59496878794751,29.9258985339359,-0.592424653372617,-2.02240772023134,2.41275297145626,-2.47171581243734
0.186702124191842,-1.60730345809027,29.9287021526123,-0.620557912548023,-1.89293235750369,2.41616872378949,-3.4210160324089
0.200893020567265,-1.61710720593461,29.9237627586312,-0.607918205087136,-1.76609807489037,2.4428606119613,-4.34197220082413
0.209689742659159,-1.62517977367013,29.9186384371018,-0.553637713615178,-1.64141780727207,2.49346615624853,-4.89015986013335
0.211666925900768,-1.63154958990339,29.9128469683823,-0.468360608368797,-1.52769213233223,2.55696726878457,-4.88912124757315
0.207125275428792,-1.63576441124416,29.9033677759782,-0.360398245672055,-1.42013529234426,2.63016723342634,-4.27678039689402
0.198083255325962,-1.63529471025575,29.8733853152448,-0.233103601989211,-1.28404183674958,2.70950667599725,-3.12265287663145
0.181251426155999,-1.62828570150474,29.7976529962848,-0.106650118621091,-1.1258306100495,2.76159025416716,-2.08391270356592
0.15680286851635,-1.61684889605073,29.6817213008488,0.00742643573729276,-0.960802868071,2.82365537903707,-1.66820129827987
0.128311176036006,-1.60014698895457,29.5578237807523,0.105172101144636,-0.790638446088214,2.90679627173708,-1.93925517291411
0.0962822542061431,-1.58110112829894,29.448501139967,0.173936346671196,-0.641398287262125,3.00769419565729,-2.79690031840257
0.062185343465438,-1.56245983304432,29.3530433869451,0.20962647356527,-0.517772883883857,3.08869360571515,-3.87622826068201
0.0297541608441612,-1.54418955748089,29.2829924269372,0.220020684545214,-0.390089256533548,3.1559142100875,-4.5605376413586
-0.00142236464581606,-1.52823683455216,29.2161108778736,0.202844798048102,-0.252884840826839,3.24909619858673,-4.6234921747055
-0.0303640194779335,-1.51577460667647,29.1449890662543,0.158905415730454,-0.105237740140041,3.36647869227057,-4.04360854659203
-0.0542632181119548,-1.50668236849876,29.0822704899669,0.0933141327371869,0.0617378744857615,3.46000423691507,-2.98742558151766
-0.0746693686716846,-1.50520823259075,28.9970257579048,0.0124789035445545,0.235582426362641,3.46636037199101,-1.99721390182405
-0.0943275864523395,-1.51309440413154,28.8877838601467,-0.0775044089504306,0.392946695921438,3.44555717984711,-1.53850944008666
-0.11137441411945,-1.52758927006396,28.7892324899123,-0.168592305964139,0.53656265931426,3.43798787901878,-1.76681583141407
-0.124819049931832,-1.54820543256865,28.7125389881148,-0.247712244385103,0.652333056180625,3.42735878043753,-2.60141472871363
-0.132500170777362,-1.5737596498577,28.6488582272552,-0.305487879647052,0.741372844250282,3.34082472981802,-3.68539525199726
-0.131883885881537,-1.59966964600614,28.5790460735248,-0.349629172553681,0.858436024197864,3.19197237978714,-4.44306213784336
-0.123956397828545,-1.62577717536588,28.5028127167163,-0.377661848933247,0.989546988673636,3.04855744718583,-4.60047869579403
-0.109167137523882,-1.6515531342809,28.4160436826791,-0.385183948720032,1.12239002279041,2.91858787846726,-4.12633259543728
-0.0881412470834727,-1.67377245424223,28.3117005931319,-0.379982305360419,1.27772244374779,2.78183828228957,-3.13450333268837
-0.0647300687738328,-1.69220080116561,28.1953643935735,-0.360213108615667,1.43356992751946,2.61836650360627,-2.10084072074284
-0.039406378160449,-1.70896152451799,28.0588759295077,-0.319416063181799,1.58761551689073,2.46925888240586,-1.47622498816188
-0.0108277703231646,-1.72231019967454,27.8903758642584,-0.270289878650687,1.77139698882407,2.33538111263989,-1.36610260257052
0.0202141730448853,-1.7312485583889,27.687890284551,-0.22316883252316,1.99313697913755,2.21220611454934,-1.74861692768852
0.0516766547657703,-1.73658815489203,27.4508770318675,-0.179191182997513,2.24626455840522,2.1221192891217,-2.53848992590897
0.0797665954640357,-1.73814030802224,27.1984415805506,-0.13531597261852,2.51452379322648,2.08102329255574,-3.48885418895865
0.102161642994965,-1.73320775785577,26.9545229377182,-0.0942114884773971,2.78145728237159,2.0918951603793,-4.29206709521901
0.118794071259226,-1.72150955511143,26.7152541560003,-0.0592003092650015,3.03968801026203,2.13999410145723,-4.78364496399964
0.128845317372664,-1.70449823908934,26.4711185128284,-0.0303844876743643,3.28804299695091,2.19899198508464,-4.89890302901636
0.131409180402687,-1.6826903098479,26.2188444351849,-0.00772020766165841,3.5292237552774,2.26039448386282,-4.60145762745584
0.126476021556908,-1.65489353684644,25.9598874846753,0.0107524923547009,3.77322537502542,2.34195646002677,-3.87474372718086
0.11268249807023,-1.62095285269519,25.7007482579752,0.0321092034373209,4.03307816723109,2.44789135189149,-2.82858979601003
