0.477766559892089,-0.00378568122159688,-0.28506144548535
0.796683769026968,-0.00620586075495622,-0.471647835621988
1.11593570691513,-0.00849129816996457,-0.653459138007722
1.4354711669831,-0.01060047857108,-0.828807167799351
1.75516728932253,-0.012495491192526,-0.996050334823479
2.07481406512138,-0.0141428810791914,-1.15360738555342
2.39410098003,-0.0155143907689395,-1.29997169070183
2.71260623538103,-0.0165875289545079,-1.43372603319651
3.02978884787677,-0.0173459105583903,-1.55355772213918
3.34498394155932,-0.0177793362082714,-1.65827385347434
3.65740142639008,-0.0178836116083185,-1.74681647718385
3.96612818140498,-0.0176601432283235,-1.81827742036778
4.27013376773684,-0.0171153765280095,-1.87191250645939
4.56827958937325,-0.0162601595786554,-1.90715491001877
4.8593313456444,-0.0151091485625256,-1.9236273746088
5.1419745113388,-0.0136801556592417,-1.92115298921417
5.41483262130897,-0.0119937797196655,-1.89976419186265
5.6764879483859,-0.0100730332211694,-1.85970955257203
5.92550419400647,-0.00794307083116493,-1.80145782972607
6.16045071401548,-0.00563094513606174,-1.72569869746604
6.37992772455303,-0.00316533543407858,-1.63333950867057
6.58259184151432,-0.000576204644316192,-1.52549748554976
6.7671812154751,0.00210563978742897,-1.403486868482
6.93253945228604,0.00484907873567914,-1.2688007934679
7.07763747201559,0.00762328001724244,-1.12308802519317
7.20159248331786,0.0103983165228417,-0.968125079949175
7.303683347761,0.0131457501968225,-0.805784696873064
7.38336178356873,0.0158391329491842,-0.638001954068825
7.44025909230775,0.018454389426211,-0.466739542790912
7.47418835994029,0.0209700653227131,-0.293953729578981
7.48514234434722,0.0233674430028298,-0.121562380079271
7.47328747618309,0.0256305399843506,0.0485838932061882
7.43895454416423,0.0277460136024513,0.214726792641146
7.38262669850155,0.0297029973650685,0.375221341597261
7.30492539535537,0.0314928929671089,0.528552917596231
7.20659485521699,0.0331091322531603,0.673350639082285
7.08848544724356,0.0345469357728319,0.80839751317183
6.9515365415399,0.0358031501968882,0.932637869052054
6.79675900448133,0.0368758884600371,1.04518241446208
6.62521773030027,0.0377644267366916,1.14531116805187
6.43801451882725,0.0384689839930885,1.23247446686023
6.23627161228267,0.0389905322147894,1.30629206566716
6.02111624185672,0.0393305954890889,1.36655032058394
5.79366653345039,0.0394910185757645,1.41319742767843
5.55501909872453,0.0394736816012564,1.44633671679802
5.30623858713322,0.0392801334907462,1.4662180570359
5.04834939553459,0.0389111109896695,1.47322750640252
4.78232963502208,0.0383659004133858,1.46787540887163
4.50910734894729,0.0376414826821359,1.45078320364171
4.22955887622931,0.0367313760715653,1.42266924916064
3.94450916710787,0.0356240531150766,1.38433398491796
3.65473379045207,0.0343007589014243,1.33664475275623
3.36096232969466,0.0327325052876371,1.28052058651232
3.06388284865724,0.0308759847290616,1.21691725962447
2.76414712347374,0.0286682026810944,1.14681286255331
2.46237638805545,0.0260199085640752,1.07119417384443
2.15916742804366,0.0228086743394916,0.99104409568893
1.85509897188644,0.0188741181839646,0.907330439872706
1.55073840920378,0.0140206113309813,0.820996335514065
1.24664877278873,0.00803629677620613,0.73295237914702
0.943395432458698,0.000738415348403017,0.644070194717644
0.641551004533268,-0.0079526538925142,0.555176255201615
0.341696237710443,-0.017930049451516,0.467044111931485
0.0444155981639758,-0.028854390404343,0.380383764979277
-0.249710477603479,-0.0401922189978909,0.295829454579729
-0.540111773471485,-0.0513390442786496,0.213929804576715
-0.826229331845766,-0.0617640132032727,0.135143783510929
-1.10751241294614,-0.0711022934668571,0.0598423837077931
-1.3834152700137,-0.0791690778523146,-0.0116869364091826
-1.65339657051351,-0.0859200292247128,-0.0792358214311117
-1.91692179926433,-0.0913967067479579,-0.142671538143092
-2.17346757277684,-0.0956814315622323,-0.201933967696222
-2.42252669308314,-0.098868593307357,-0.257032189835491
-2.66361317855221,-0.1010498680494,-0.308039954555328
-2.89626686781912,-0.102308382692843,-0.355089658257461
-3.12005737168928,-0.102717667729767,-0.398364709712418
-3.33458720379605,-0.102342731330674,-0.438090380551507
-3.53949392450502,-0.101241791682604,-0.47452339303875
-3.73445113677146,-0.0994679633892256,-0.507940628301149
-3.91916820922351,-0.0970706142226702,-0.538627427720394
-4.09338866663775,-0.0940963202801724,-0.566866019060138
-4.25688727755099,-0.0905894468059683,-0.592924595196359
-4.40946598371298,-0.0865924222416576,-0.617047526769979
-4.55094892364455,-0.0821457848210496,-0.63944709756251
-4.6811768927866,-0.0772880789972048,-0.660297024820364
-4.80000164333295,-0.0720556703171858,-0.679727887139383
-4.90728044919457,-0.0664825360259756,-0.697824442937058
-5.00287134990724,-0.0606000765848103,-0.714624696659095
-5.08662944491182,-0.054436981565431,-0.730120471993402
-5.15840454448698,-0.0480191726754093,-0.744259181405019
-5.21804040482783,-0.0413698369358804,-0.756946446923595
-5.26537568153222,-0.0345095548070271,-0.768049232271154
-5.30024664307651,-0.0274565206840017,-0.777399167464394
-5.32249159228446,-0.0202268465796458,-0.784795815764161
-5.33195685585918,-0.0128349339642892,-0.790009702160743
-5.32850412711995,-0.00529389259812148,-0.792785019264293
-5.31201888577948,0.00238402124883207,-0.792842022334828
-5.28241957583873,0.0101869825261848,-0.789879221823199
-5.23966719913573,0.0181032366117784,-0.783575563026306
-5.18377497558077,0.026120859245857,-0.773592852389374
-5.11481773245626,0.0342277161482224,-0.759578722865515
-5.03294070645982,0.0424117299239713,-0.741170442639448
-4.93836747364001,0.0506616038883857,-0.717999843755986
-4.83140675761288,0.0589682147271779,-0.689699590391344
-4.71245790412438,0.0673269775078662,-0.655910922672755
-4.58201485081701,0.0757416181297582,-0.61629291126246
-4.44066846528078,0.0842299660684399,-0.570533146463717
-4.28910717073226,0.0928325817389667,-0.518359678720623
-4.12811581871134,0.101625133494094,-0.459553929878812
-3.95857275891122,0.110735003140713,-0.393964216529445
-3.7814448765551,0.120360346050257,-0.32151949230242
-3.59777970982575,0.130782540767456,-0.242242991820047
-3.40869202672544,0.142344360687464,-0.156265837576025
-3.21533899697509,0.15533150292959,-0.0638416756140153
-3.01887610932178,0.169671519549516,0.0346351125793594
-2.82039818639144,0.184478937687233,0.138606129222237
-2.62091022249141,0.197869069273622,0.247329459694808
-2.42138951327214,0.207662093708933,0.359886206896107
-2.22289125656862,0.212623701301535,0.475217416447107
-2.02655328300624,0.212899192676532,0.592157204706714
-1.83349200240908,0.209384265209264,0.709442569990449
-1.64470723661337,0.203003051084924,0.825720144352806
-1.46104560523579,0.194424329815387,0.939566838530708
-1.28319776035112,0.184075550606505,1.04952215396663
-1.11170380895849,0.172233022874819,1.15412489653962
-0.946958819158352,0.159095651160207,1.25194952364536
-0.789218549165294,0.144828501395105,1.34163960759854
-0.638606836493985,0.129584559382492,1.42193696330133
-0.495125400045637,0.113513901925948,1.4917055922697
-0.358666055690793,0.0967663212213632,1.54995009208985
-0.229024897986825,0.0794908109083094,1.59582861804806
-0.105917807788068,0.061833729154445,1.62866082963385
0.0110033856728563,0.0439365793779786,1.64793147115674
0.122134701206401,0.0259338821410825,1.65329032873627
0.227904273880223,0.0079513624410071,1.64454929748508
0.328757495418959,-0.00989545708122804,1.62167721767722
0.425143316508719,-0.0275022375518648,1.58479303179761
0.517501902081042,-0.0447763973935841,1.53415770669115
0.606253745681208,-0.0616373129409856,1.47016527059943
0.691790279512173,-0.0780161887759032,1.39333324984278
0.774465961516639,-0.0938556423701566,1.30429274789809
0.854591777093519,-0.109109047130306,1.2037783962149
0.932430060087178,-0.123739675893565,1.09261841239513
1.00819051134509,-0.137719683871999,0.971725030537717
1.08202727491665,-0.151028967044185,0.842085614160056
1.15403692434006,-0.163653922912594,0.704754836950073
1.22425722585496,-0.175586186656792,0.560848168728552
1.2926667824459,-0.186821333020127,0.411536809298414
1.35918640881192,-0.197357825369965,0.258041727047591
1.42368526351691,-0.207196601201822,0.101618940714296
1.4859968265434,-0.216341769703192,-0.056478579661545
1.54594179667912,-0.224801401806182,-0.215057976856038
1.60333736040108,-0.232585858571803,-0.373011025285895
1.65798404446368,-0.239703948500945,-0.529276986374383
1.70965245299448,-0.246159987446104,-0.682793343956634
1.75808457326225,-0.251952864833676,-0.832476215559739
1.80300361379299,-0.257076005027569,-0.977221677349534
1.84412580478504,-0.261517482716106,-1.11591242074224
1.88117195717783,-0.265260008973998,-1.24742414128724
1.91387869839729,-0.268280847861744,-1.37063133679944
1.94200954800073,-0.270551710220984,-1.48441348816017
1.9653659404346,-0.272038661904825,-1.5876627494706
1.98379820316331,-0.272702066676388,-1.67929418484384
1.99721641884806,-0.272496569669285,-1.75825939444897
2.00560102835938,-0.271371115595698,-1.82356406736556
2.0090129384122,-0.269268985998629,-1.87428951889454
2.0076027577239,-0.266127833254958,-1.90961758250368
2.0016185944115,-0.261879683625256,-1.92885735274674
1.99141162616464,-0.256450872406164,-1.93147134952128
1.97743847364907,-0.249761843184241,-1.91709792439733
1.96025937579345,-0.241726662430297,-1.88556649612015
1.9405314030805,-0.232251929570197,-1.83690279871114
1.91899651537612,-0.221234460064323,-1.77132291335614
1.89646511669938,-0.208556643235726,-1.68921726008573
1.87379667128409,-0.194077674612805,-1.59112840350028
1.85187962190648,-0.177617826419282,-1.47772870087152
1.83161304846585,-0.158931308564896,-1.34980477834995
1.81389222481307,-0.13766061360834,-1.20825520956546
1.79959989162122,-0.113260761138397,-1.05410568637478
1.78960562849112,-0.0848746759955251,-0.888542768716131
1.78477884152036,-0.0511314039543688,-0.712963215349016
1.78602889929134,-0.00983435274817445,-0.529030519675386
1.79439966184921,0.0424584435257879,-0.338721566201575
1.81125091942567,0.110772393750336,-0.144328728090857
1.8384768894411,0.201194632141096,0.0516503689044383
1.87833215581666,0.317698638757096,0.2468215915018
1.93184125361185,0.455167964790796,0.439323570075872
1.99594600662318,0.594458670703083,0.627840654576139
2.06361492064337,0.711078627345932,0.810794220481631
2.12883726041728,0.791653127758422,0.985687311349205
2.18975487580269,0.837699770864528,1.1496025410306
2.24705922512078,0.857392783613165,1.3000918930794
2.3017577216897,0.858650141382706,1.43554749083183
2.35434306585264,0.847102787292042,1.55511126185339
2.4047916990635,0.826388977133,1.65844936055691
2.45274726705574,0.798852336012839,1.7455475182643
2.4976742685301,0.766069273403594,1.81656030309245
2.53895834849257,0.729167745280694,1.87171027338121
2.57597052370233,0.689006442195713,1.91122784375158
2.60811077726452,0.646274088059669,1.93532402002864
2.63483921812422,0.601545124084311,1.94418930836184
2.65569815664756,0.555311382817477,1.93801201458092
2.67032622780314,0.507999911323965,1.91700842996191
2.67846512284595,0.459982351121021,1.88145703900789
2.67995970559963,0.41157912481258,1.83172963885488
2.67475270232645,0.363060739611074,1.76831421108501
2.66287542894628,0.314648002342892,1.69182704172864
2.64443603906384,0.266512479363141,1.60301416278162
2.61960657260801,0.218778042744316,1.50274406756551
2.58860976203277,0.171523869013155,1.39199456065363
2.55170621893472,0.124788875702393,1.27183662795706
2.50918234812357,0.0785773373477068,1.14341765751578
2.46133914462723,0.0328653125267678,1.00794553624444
2.40848191940685,-0.0123924916009986,0.866674358720168
2.3509109520972,-0.0572557293470155,0.720891871370831
2.28891308369779,-0.101791493695741,0.571908421779034
2.2227543177141,-0.146067603282548,0.421047089749076
2.15267387954045,-0.190145767973296,0.269635152140611
2.07888038911917,-0.234074420067092,0.118997249271045
2.00155103380909,-0.277880540573677,-0.0295495925924856
1.92083373680331,-0.321561041521937,-0.174702075117497
1.83684946471385,-0.365075124158282,-0.315184638316217
1.74969127841311,-0.408339305844691,-0.449776311972237
1.65941973020392,-0.451224618905024,-0.577346396720728
1.56605752699806,-0.493554176195121,-0.69688935923307
1.46958613088485,-0.535100086240806,-0.807551837089211
1.36994509328082,-0.575579821329369,-0.908648662588914
1.26703403871706,-0.614652367441362,-0.999666117870733
1.16071721395859,-0.65191413261445,-1.08025099285149
1.05083054491417,-0.686894096650218,-1.15018536837825
0.937190903095041,-0.719047153629611,-1.20934954754871
0.819606870307692,-0.747744001962098,-1.25767837088311
0.697889921890615,-0.772255219375498,-1.29511827486298
0.571864824594476,-0.791726217216351,-1.32159315168966
0.441378194286234,-0.805138442050053,-1.33698634516868
0.30630440195188,-0.81125029233231,-1.34114462834614
0.166547807193009,-0.808508746560216,-1.3339087685927
0.0220385464262379,-0.794920449327627,-1.31517506372214
-0.127286205318215,-0.7678721811898,-1.28499308711699
-0.281535600090171,-0.723904921933437,-1.24370584472956
-0.440994555208682,-0.65849789527421,-1.1921366188748
-0.60639372746424,-0.566061232949128,-1.13181280708252
-0.77935988631509,-0.440636854762487,-1.06516541684589
-0.96287110042054,-0.278201698952125,-0.995507483137694
-1.16097760781592,-0.0812650616968878,-0.926392723950165
-1.37664233775199,0.135978606161071,-0.860057439086012
-1.60819470647464,0.348059204094641,-0.795744196302346
-1.84841075788705,0.52887066049359,-0.729968126008008
-2.08875482485823,0.664835248585408,-0.659176546254753
-2.32415133105454,0.757654549047882,-0.582039053729143
-2.55354090047924,0.817077812750698,-0.499422786251456
-2.77775933809303,0.853368655656587,-0.413158378763054
-2.99776765083096,0.8740935670345,-0.32509193425174
-3.213992868311,0.883980466297479,-0.236733733872443
-3.42630279707657,0.885757420196856,-0.149238236125225
-3.63416652503291,0.880961420505694,-0.0634819861284942
-3.83681388500182,0.870482372051913,0.0198586377847199
-4.03335109296359,0.854880308451802,0.100253328159956
-4.22283687378674,0.834556893239019,0.177285367985313
-4.40433138548639,0.809843161951529,0.25063350156446
-4.57692773634553,0.781041620585451,0.320061630787591
-4.73977230590427,0.748444279899623,0.385411673861357
-4.89207755233016,0.712338441863438,0.446596667843312
-5.03312953406919,0.673006641478283,0.503592617335067
-5.1622916100799,0.630724205012383,0.556428668689386
-5.27900538527353,0.585756282385636,0.605175935294271
-5.38278972614748,0.538355318926126,0.64993571439116
-5.4732384875213,0.488759424389148,0.690827979343356
-5.55001742511144,0.437191799651086,0.727980950239573
-5.61286061726618,0.383861209588649,0.761522338967739
-5.66156659431951,0.328963391710082,0.791572597359854
-5.69599428172215,0.272683238293395,0.818240233285808
-5.7160588075011,0.215197567457012,0.841619036881735
-5.72172720309605,0.156678293965764,0.861786902583222
-5.71301403230629,0.0972958159959373,0.878805841172339
-5.6899770048029,0.0372224450479938,0.892722752650831
-5.65271265968135,-0.023364279789533,0.903570555350895
-5.60135223082438,-0.0842785350710137,0.911369334728309
-5.53605782247603,-0.145323538199238,0.916127268368339
-5.45701902703514,-0.206289358735305,0.917841183934841
-5.36445010442308,-0.266951297466366,0.916496712088437
-5.25858781751651,-0.327068889877204,0.912068084942471
-5.13968998121709,-0.386385564116245,0.904517708546998
-5.00803473760885,-0.444628957095463,0.893795689056424
-4.86392052645489,-0.501511863150719,0.879839518438761
-4.70766667810624,-0.556733762658578,0.862574135984577
-4.53961451860944,-0.609982853064708,0.841912563789681
-4.36012885046865,-0.660938480396556,0.817757281574855
-4.16959965572161,-0.709273847253187,0.790002459603757
-3.96844386224478,-0.754658852322336,0.758537110554655
-3.75710701675603,-0.796762896316857,0.723249158558276
-3.53606472435925,-0.835257467269684,0.684030353674068
-3.30582374598141,-0.869818294482932,0.640781895084336
-3.06692267498435,-0.900126837278206,0.593420563924799
-2.8199321585089,-0.925870850409674,0.541885098983282
-2.56545467185527,-0.946743747593238,0.486142499240432
-2.3041238683812,-0.962442476948319,0.426193879701735
-2.03660351126399,-0.972663638407745,0.362079451810798
-1.76358589823007,-0.977097637289741,0.293882144820663
-1.48578948542115,-0.975420827387307,0.221729316324492
-1.20395505886348,-0.96728591987394,0.14579194608576
-0.918839252558951,-0.952311545225857,0.0662806827272144
-0.631203492905575,-0.930072911732662,-0.0165617891908976
-0.341795669956268,-0.900097178861793,-0.102472230739208
-0.0513213646771669,-0.861869525298706,-0.191181474291875
0.239597971206827,-0.814858619569377,-0.282429792355028
0.530479744741798,-0.758572180007842,-0.375977901550241
0.821041677825074,-0.692652120910664,-0.471605100152721
1.11125455665856,-0.617010967235697,-0.569083488464365
1.40136147541762,-0.53199422189968,-0.668118545786192
1.69183638921643,-0.438529608053257,-0.768255011980432
1.98326746386542,-0.338205074475063,-0.868763642839643
2.27617945917555,-0.23322080148573,-0.968542636308516
2.57084142429534,-0.126196726595915,-1.06607484945265
2.86711976600583,-0.0198741393000322,-1.15946850658144
3.16441987132187,0.0832049669636279,-1.24657873862259
3.46172176215323,0.180952249040404,-1.3251772770532
3.75768086208432,0.271867817397833,-1.39312503238083
4.05075145532858,0.355051871531735,-1.44851066056776
4.33929784571015,0.43012593140194,-1.48973794667106
4.62167516459725,0.497108628652278,-1.51556351620883
4.89627715546801,0.556284371723069,-1.52509725174698
5.16155717809791,0.608088816159022,-1.51778064197363
5.41603156022742,0.653021465077595,-1.49335615412499
5.6582737187913,0.691586447817375,-1.45183672768908
5.88690543768592,0.724257708344008,-1.39348054165897
6.10058962339762,0.751463154080431,-1.31877307346346
6.29802724876828,0.773582364440034,-1.2284162204459
6.47796003472171,0.790953215012595,-1.12332273963423
6.63917953859128,0.803883677809083,-1.00461329952911
6.78054252328393,0.812665875411995,-0.873612954334801
6.9009916921457,0.817590163544383,-0.731843826350979
6.99958010242622,0.818957636987519,-0.581011256495194
7.07549693516223,0.817090053072811,-0.422981645937726
7.12809196946283,0.812336761487191,-0.259751554383164
7.15689621435183,0.805078786814589,-0.093409117679119
7.16163672139177,0.795730664751405,0.073909815802585
7.1422445324466,0.784740915388938,0.240067569752648
7.09885579097635,0.772592108413358,0.402969113340265
7.03180700757811,0.759801348028803,0.560602210275016
6.9416261222235,0.746921728166906,0.711071397591002
6.82902126072971,0.734544951783252,0.852625258598755
6.6948689847124,0.723304921981027,0.98367770652184
6.54020350113878,0.71388170999313,1.10282496297558
6.36620787130623,0.707004856473361,1.20886045877824
6.17420781971473,0.703454406168345,1.30078999565297
5.96566829144412,0.704057349270308,1.37784919878932
5.74219234220343,0.709676213734141,1.43952459675615
5.50552108425251,0.721185469521884,1.4855785791198
5.25753203852,0.739430355653661,1.51607694174021
5.00023117435917,0.765162143550353,1.5314156473273
4.73573117701108,0.798944451400244,1.53234073185658
4.46620553274269,0.841028176274842,1.51995209654114
4.19380615389212,0.891199349381147,1.49567881010579
3.92053390468588,0.948615951369044,1.46121193769766
3.64805996640082,1.01166614812776,1.41838336564924
3.37751452884111,1.07789770478029,1.36898890830008
3.1092870242515,1.14407727146304,1.31457329394507
2.84290953525257,1.20642523936923,1.25622062644167
2.57710205092182,1.26102642414322,1.19441511696817
2.31002302315915,1.30434532064482,1.12903494103
2.03968926046748,1.33370963450894,1.05950421910146
1.76444205366257,1.34761321736561,0.985064661508518
1.48330164633409,1.3457516580961,0.905075348892507
1.19610258247816,1.32881052521201,0.819242489599304
0.903406544001569,1.29811326329233,0.72772369649334
0.606276884784491,1.25525759646703,0.631110542514506
0.306024063675622,1.20183162404003,0.530332093198912
0.0040009164805826,1.1392424995196,0.42652845764701
-0.298521799726946,1.06864623312576,0.320928692854863
-0.600406076245699,0.990948046848055,0.214748841167283
-0.900646580784402,0.906842515905,0.10911346892909
-1.19834431205463,0.816870587824285,0.00499935624923475
-1.49267292711724,0.721478882793428,-0.09679980005672
-1.78284971396585,0.621072513536967,-0.195687056400464
-2.06811704587324,0.516056085536996,-0.291252870072734
-2.34773533514385,0.406859779830264,-0.38324267744601
-2.62098503184591,0.293949587336279,-0.471504719859598
-2.88717318507644,0.177823272785939,-0.555925567560456
-3.14563964213895,0.0589961422053682,-0.63636391736245
-3.39575902787892,-0.062017619588433,-0.712593861504306
-3.63693674401935,-0.18472205139549,-0.784266552267244
-3.86859948093344,-0.308650255531482,-0.850894890596023
-4.09018240152391,-0.433366534670906,-0.911861187992596
-4.30111586476181,-0.558459785159257,-0.966444292163831
-4.50081433121265,-0.683529935910906,-1.01386115681482
-4.68866934729487,-0.808170232827158,-1.05331801637834
-4.86404765404021,-0.931948482162839,-1.0840672736449
-5.02629477740493,-1.05439028433252,-1.10546680542988
-5.17474395020759,-1.17496701023622,-1.11703794169187
-5.3087297848188,-1.29309080749446,-1.11851678846699
-5.42760561663678,-1.40811810309489,-1.10989162094268
-5.53076283016899,-1.51936173055507,-1.0914180550966
-5.61764992017016,-1.62611003919666,-1.06360503367072
-5.68778882498063,-1.72764958570358,-1.02716901167107
-5.74078647243746,-1.82328695848344,-0.982960436930814
-5.77634053536189,-1.91236552109194,-0.931873591318623
-5.79423981453051,-1.99427447033688,-0.874755387795975
-5.79436092320249,-2.06845002296073,-0.812328968781643
-5.77666357318443,-2.13437080847369,-0.745143972950673
-5.74118663993557,-2.19155079870227,-0.673559072069448
-5.6880465936866,-2.23953299652729,-0.597756487756176
-5.61743929508611,-2.27788586590504,-0.517784629468574
-5.52964588997041,-2.30620270497505,-0.433624010466534
-5.42504351245145,-2.32410249768634,-0.345271854634541
-5.30412120748552,-2.33122971847716,-0.252840124613443
-5.16750021423671,-2.32725033766847,-0.156658293731899
-5.01595515427206,-2.31184178983306,-0.0573660665626172
-4.85042930772423,-2.28467542356849,0.0440249450785569
-4.6720348781499,-2.24539009257632,0.14612285377632
-4.48203056401119,-2.19355412141454,0.247214237434392
-4.28177580458352,-2.12860947584242,0.345384998163253
-4.07267330093045,-2.04978731474631,0.438675817469668
-3.85612589150067,-1.95598030567278,0.525230419325649
-3.63354757972265,-1.84555777365282,0.603399790905101
-3.40648134611918,-1.71612176046613,0.671793617289635
-3.17688933121848,-1.56424040597295,0.729318905171866
-2.94768273742565,-1.38528856816846,0.775310120587326
-2.72349628387543,-1.17370666389475,0.809919274716623
-2.51146449673375,-0.924220276402373,0.834928767112307
-2.3212258160541,-0.634559277550672,0.85489349380134
-2.16289599409963,-0.309361937142866,0.877826498449682
-2.04248333430458,0.036928806940086,0.913883105099434
-1.956906853506,0.381437548444212,0.971071453808556
-1.89286577604561,0.699306806427243,1.04982985231499
-1.8314309994824,0.971627042050968,1.14091418001083
-1.75533723509034,1.19007062402496,1.22926277331552
-1.65425319707825,1.35638585093293,1.30104361055708
-1.52573024017924,1.47838797908448,1.34841047303566
-1.37285754973716,1.5655200492923,1.36969722845091
-1.20110855191878,1.62607029196579,1.36698050320809
-1.01607150554434,1.66626884562107,1.34366756791825
-0.822355160972822,1.69047323679101,1.30322552467397
-0.623258315553389,1.70167252384538,1.24889198259338
-0.420781075645121,1.70191832838939,1.18382947038841
-0.215768951009113,1.69258803054667,1.11127640793652
-0.00815282280576904,1.67452966681658,1.03443671492164
0.202679806973705,1.64818404107011,0.956027038933187
0.417366121695403,1.61376974446187,0.877575474527591
0.635978904550257,1.57156158639373,0.798746618731968
0.857565343348114,1.52220025836945,0.717088887926292
1.08005929199123,1.46688600386837,0.628521693165197
1.30067809859881,1.40731480441242,0.528525720758887
1.51663324387237,1.34535123849254,0.413552815167749
1.72578422283691,1.28260337457717,0.28201422057671
1.92694120367423,1.22011452437558,0.134499801435247
2.11978451471406,1.15828001860097,-0.0266545064201704
2.30456948362171,1.0969528508205,-0.198078908974869
2.48180960889501,1.03563302893558,-0.376029057865289
2.65204801130223,0.973649500646525,-0.556830033904038
2.81573955868357,0.910289279544413,-0.737084819644331
2.97321806374412,0.844865995826638,-0.913693787888638
3.12470937312617,0.776739021375641,-1.08374413782486
3.27035360935129,0.705299938312865,-1.24431927073303
3.41020565947413,0.629943602217276,-1.39227126702781
3.54418879031031,0.550042224605975,-1.52400830773184
3.67198587542152,0.464945193564619,-1.63537855188786
3.79287447466359,0.374033182298775,-1.7217768433398
3.90555390624047,0.276855366570219,-1.7786328152868
4.00807047439774,0.173359944824899,-1.8023946528819
4.09798473377064,0.0641768537725092,-1.79191088303346
4.17286371656512,-0.0491659547422446,-1.74970524892141
4.23096161721153,-0.164258704755993,-1.68226448815322
4.27168675981785,-0.278148266657228,-1.59864610094937
4.29545571158399,-0.387873962679165,-1.50774015412544
4.30294593313518,-0.490894305905345,-1.41563192218996
4.2941875346933,-0.585154200712699,-1.32448308572283
4.26792030211872,-0.668780996376156,-1.23316272739506
4.22129455384976,-0.739566805823046,-1.13876959294525
4.14976201765702,-0.794375334697046,-1.03801430895579
4.04713070270781,-0.828519491188034,-0.927906756332807
3.90628670740152,-0.835236377429444,-0.805760140063052
3.72196097225633,-0.806014227822501,-0.668919041613407
3.49716679223628,-0.7339128786348,-0.51477857370946
3.25106423253827,-0.621980914292305,-0.341462683690524
3.01704802155421,-0.491001957288121,-0.148908081333183
2.82348824687385,-0.371012916957646,0.0603788364630349
2.67642529934082,-0.279471573019675,0.281127822061161
2.56452582748471,-0.213817607770941,0.50547480952363
2.47353112338628,-0.162453132675684,0.723999169325766
2.39345449473875,-0.11517591627567,0.927802606771619
2.31881712976974,-0.0660810497189106,1.11051909793063
2.24701493253677,-0.0126646944242994,1.26914424466017
2.17698535337227,0.0456223628095535,1.40360312385257
2.10839134655986,0.108402491279795,1.51571607121574
2.04113870492723,0.174959825009581,1.60822344808298
1.97509347768788,0.244548858918579,1.68414121367912
1.90993488056002,0.316543432694794,1.74637860215571
1.84511354220299,0.390481145681955,1.79742932792347
1.77989834129547,0.466019045139338,1.83901225043749
1.71349206342658,0.54281393020015,1.8716864502192
1.64517966472182,0.620366282394008,1.89459916029192
1.57445637687515,0.697896879839679,1.90555783986604
1.50108647365381,0.774327777825726,1.9015096352125
1.42507584197792,0.848396146690726,1.87931203312171
1.3465848809697,0.918859157515212,1.83652009678758
1.26583158298302,0.984699930992437,1.77191499616045
1.18302456641877,1.04525383097915,1.68564918702228
1.09833785159885,1.10022759268929,1.57906679127741
1.01191710575444,1.14963650645462,1.45435919423319
0.92390081376657,1.19370641079227,1.31421091194238
0.834444364782876,1.23277897384743,1.16152677993013
0.743741837401693,1.26723884063305,0.999264418571454
0.652044616215047,1.29746462691896,0.830353502133814
0.559677245576749,1.32379751789055,0.65766678941753
0.467050032151492,1.3465200421503,0.484007308031016
0.374665387824372,1.3658404728013,0.312081524968177
0.283109840638377,1.38188298956856,0.144432716602996
0.19301474900529,1.3946880911976,-0.0166904179295401
0.104966575835927,1.40422639480076,-0.169539521696612
0.0193882793473867,1.41041580109172,-0.313079326043336
-0.0635257769949996,1.41312705463716,-0.447056773017069
-0.143784065540191,1.41218925120065,-0.571871297273994
-0.221542984681013,1.40741432274568,-0.688363599726245
-0.29707240717092,1.39863257688197,-0.797617942819344
-0.370728697623692,1.3857204268609,-0.900767497022051
-0.442915293169424,1.36860934472052,-0.998792147428189
-0.514031503982236,1.34727449512961,-1.09233723862792
-0.584422647242498,1.32170841482062,-1.18159218350843
-0.654345243167573,1.29188896709802,-1.26625055080547
-0.723954796158119,1.25775101660984,-1.34554637848452
-0.793316151801591,1.21916845649116,-1.4183405872966
-0.86243144700819,1.17594910384693,-1.48322426617132
-0.931279470512089,1.12784135080316,-1.53861221963839
-0.999861564202317,1.07454930614416,-1.58281579380896
-1.06825061965919,1.01575258481428,-1.61410299249036
-1.13663899146683,0.95112740726909,-1.63077104639998
-1.20537721299771,0.880366529254319,-1.6312663983457
-1.27498938168466,0.803196018144459,-1.61438257901816
-1.34614704205679,0.719386447658312,-1.57954047267745
-1.41958787623976,0.628754567753404,-1.52710649801374
-1.49598392169593,0.531149513859018,-1.45864631129506
-1.57579373215801,0.426416545839161,-1.37698002930543
-1.65915813254413,0.314332606481381,-1.28594185353004
-1.74589806660716,0.194511906863792,-1.18986239645351
-1.83563815744843,0.0662847896641978,-1.09293085784063
-1.92803342534185,-0.0714423675335488,-0.998661100305661
-2.02305682011003,-0.220332796602169,-0.909626087513949
-2.1213292772544,-0.382741866421212,-0.827477777502375
-2.22451900402661,-0.561747128497966,-0.753125615059303
-2.33584653035682,-0.76093601939318,-0.686868614457953
-2.46063127759086,-0.983700778325835,-0.628274995638843
-2.60654437614751,-1.23178802874183,-0.575698652106959
-2.78288874848419,-1.50318686266861,-0.525593001380447
-2.99827277414694,-1.79021538782258,-0.472241723153073
-3.25702062566954,-2.07927737612885,-0.408760968398828
-3.55603368521943,-2.35312058064205,-0.329472436987447
-3.88387698250769,-2.59477300397749,-0.232178187032511
-4.22238823338889,-2.79149681092664,-0.118397547300969
-4.55003370309434,-2.9374976169884,0.00857839955124398
-4.84615379428854,-3.03453224589624,0.145930973295087
-5.09500344106573,-3.09007922415202,0.292205309746324
-5.2881653158026,-3.1139379858125,0.446928187535064
-5.42450232039316,-3.11499368992748,0.609906205030332
-5.50814370469488,-3.09943038603464,0.780705194202687
-5.54584420646817,-3.07051834424611,0.95819135797371
-5.54484292944557,-3.02938120717942,1.13996266256634
-5.51163323235986,-2.97611138298962,1.32182692403117
-5.4515275620347,-2.91080889507072,1.49772686169758
-5.36872160912697,-2.8342687495747,1.66039557258085
-5.26657307590725,-2.74817230653874,1.80259964038604
-5.1478849695115,-2.6548303858125,1.91843777612206
-5.0150850957918,-2.55670349275205,2.00414968813467
-4.87029395283666,-2.4559598536183,2.05823078899619
-4.71533165138441,-2.35422386483853,2.08101837343004
-4.55171785541806,-2.25252750051271,2.07406522633104
-4.38069138125199,-2.1513953089802,2.03955660295782
-4.20324888918168,-2.05098095053183,1.97989274238799
-4.02018938137686,-1.95119785476294,1.89745213750191
-3.83215155840249,-1.85181774550349,1.79449735092507
-3.63963731141053,-1.75253355827169,1.67317212979546
-3.44302088151455,-1.65299496239993,1.53554580301785
-3.24254700375064,-1.55282808822422,1.38367412831323
-3.03832267313606,-1.45164991161716,1.21965759415607
-2.83030705797618,-1.34908485892027,1.04568615985287
-2.61830359621183,-1.24478802375399,0.864063620144553
-2.40195810412121,-1.13847641379043,0.67720639893186
-2.18076702138146,-1.02996688923839,0.487612091163126
-1.95410059222935,-0.919216919423929,0.297793927532377
-1.72124632322261,-0.806362170894599,0.110179827519778
-1.48147741829487,-0.691743672309426,-0.0730200676108713
-1.23414742204424,-0.575917395542363,-0.249964663639909
-0.978804124282275,-0.459641056701377,-0.419326784012729
-0.715302558167482,-0.34383743272042,-0.580392478184001
-0.443882473602062,-0.229541199538785,-0.73306679220125
-0.165169665146573,-0.117846956582104,-0.877745674851148
0.119925310598262,-0.00988667871504632,-1.01504726967789
0.410400426923472,0.0931307358826303,-1.14545023487562
0.705392709823292,0.18979193710891,-1.26893489756992
1.00436748349347,0.278254039897444,-1.38472995907499
1.30719931862872,0.355930278967224,-1.49121991078415
1.61410736607869,0.419110619219457,-1.58599028923247
1.92541659713776,0.46257171125235,-1.66592334382852
2.24107643895749,0.479322636481072,-1.72724177214705
2.55980740968768,0.460863262858652,-1.76545678743918
2.87781781204926,0.398734024778105,-1.77533821338491
3.18755920263289,0.288413431921338,-1.75129955306218
3.47810402612113,0.135665856832255,-1.68878377180727
3.7391279381765,-0.0380789052771505,-1.5866853029668
3.96733034823899,-0.198495561671581,-1.44914733924079
4.16898074987558,-0.312281641977367,-1.28427290411597
4.35451047179555,-0.362393724863984,-1.10029010296131
4.5307961044841,-0.351344639503292,-0.903068924456697
4.69854161207122,-0.292888548099582,-0.696758322277065
4.8544998127657,-0.202401274978684,-0.485413458869129
4.99447954480923,-0.0920362158816672,-0.273540426063089
5.11508586950563,0.0300381016457131,-0.0655589445196056
5.21424470499527,0.158768812925431,0.13491654785707
5.29108434516946,0.291147596220222,0.325387753058066
5.34560542323883,0.425375257792074,0.504326380100435
5.37836668263647,0.560296716249776,0.670803734044169
5.39026648034282,0.695049970842798,0.82413388826909
5.38241553801392,0.828869606583367,0.963650724459665
5.35606574080779,0.960995361523646,1.08862851768706
5.31256254175222,1.09064654836014,1.19830028491621
5.25330325476901,1.21703316471865,1.2919200039526
5.17969664382995,1.33938364061041,1.36882980082411
5.09312609539643,1.45697642363024,1.42851237403106
4.9949199687249,1.56916777529156,1.47062338025124
4.88633089749451,1.67541169496921,1.49500645698089
4.76852314710954,1.77527041808538,1.50169641058336
4.64256516394394,1.86841584137023,1.49091583988373
4.50942387748481,1.95462358452496,1.46306878849938
4.36995815546707,2.03376213728116,1.41873302005319
4.2249105237288,2.10577962835666,1.35865095366289
4.07489809016092,2.17069031956499,1.28371853155395
3.92040485356899,2.22856220688514,1.1949713902467
3.76177786829282,2.27950636312653,1.093568417142
3.59922910798755,2.32366806413659,0.98077370189734
3.43284367883376,2.36121938482312,0.857938630945543
3.26259373379145,2.3923528268087,0.726486176400029
3.08835643185456,2.41727559657703,0.587899237995881
2.90993378655814,2.43620432268021,0.443714332717341
2.72707226360651,2.44936022533936,0.295521155111842
2.5394804369029,2.4569649747225,0.144967684032002
2.34684376932956,2.45923764513901,-0.0062303488167485
2.14883654245491,2.45639324697866,-0.15627778815346
1.94513211511288,2.44864323498914,-0.303289558687075
1.73541403642301,2.43619809593002,-0.445286305186149
1.51939199346062,2.41927155715059,-0.580203089338915
1.29682787002899,2.39808513005276,-0.705919990970737
1.06757767387534,2.37287073945632,-0.820324350036841
0.831653666292507,2.34386845515203,-0.92141241448445
0.589306418053924,2.31131650536614,-1.00743091957318
0.341118021211811,2.27543267847273,-1.07704480658634
0.0880866468391513,2.23639044847029,-1.12949718057228
-0.168326152522793,2.19429897052499,-1.16470903007462
-0.426212803619914,2.14920073252852,-1.18326276580319
-0.683311763678693,2.10110012730095,-1.18623823687866
-0.937153257502673,2.05002843409717,-1.17492159431394
-1.1852073698835,1.99613883319637,-1.15046301485792
-1.42497152941408,1.9398165138474,-1.11358489091867
-1.65394769300526,1.88178872504332,-1.06442031647969
-1.86948529191314,1.82322434281173,-1.0025087805368
-2.06848409052694,1.76581076000912,-0.9269286953771
-2.24695336138866,1.71177300945378,-0.836533223248603
-2.39942866110365,1.66374155976351,-0.730280294718015
-2.51830841395127,1.62427429719052,-0.607690332548503
-2.59337828601714,1.59473129022011,-0.469487518253714
-2.61221081651181,1.57325699637128,-0.318414933343214
-2.56257515400404,1.5522047758606,-0.15997017486281
-2.43764679135168,1.51663897523602,-0.00241289538889222
-2.24259743994441,1.44653312489393,0.144706903086842
-1.9980923467925,1.32358858099626,0.273369582197806
-1.7366143098635,1.13924848545659,0.379645553527371
-1.49294276031342,0.898477707245265,0.464204201510892
-1.29454077362785,0.617237344428447,0.530700490252004
-1.15635766987573,0.316028531158792,0.583473648660927
-1.0808433538437,0.013337726458835,0.625879021468901
-1.06152054477216,-0.278222576674154,0.659706195181043
-1.08762868846297,-0.552406918843597,0.685460564521411
-1.14783883705686,-0.80767100873749,0.703000204374725
-1.23229338657997,-1.04503196547319,0.712099072025177
-1.33325678247678,-1.26645646879889,0.712766761155402
-1.44499956695585,-1.47397184897134,0.70535519110893
-1.56340846399495,-1.66930402110957,0.690544678141593
-1.6855810040864,-1.85379785838926,0.669281602598562
-1.80949614649396,-2.02845312776663,0.642703014912969
-1.93377001806794,-2.1939895363773,0.612058222271731
-2.05747691321089,-2.35090548738245,0.578626536130916
-2.18001174850433,-2.4995211568033,0.54362916641955
-2.30097565717495,-2.64000781648184,0.508137071367079
-2.42007459128083,-2.7724092493569,0.472982264489507
-2.53702901072239,-2.89666148362592,0.438685418371037
-2.65149957812883,-3.0126156305488,0.405415627565551
-2.763037891093,-3.1200660879249,0.372997031658454
-2.87107124720828,-3.2187832400793,0.340970346043686
-2.9749254768675,-3.30854670377821,0.308705518848092
-3.07388097842536,-3.38917315471195,0.275547695305534
-3.16724754409741,-3.46053288933214,0.240967786806611
-3.25443787815031,-3.52255190344662,0.204686578542097
-3.33502101616671,-3.57520051304531,0.166749386723477
-3.40874466521944,-3.6184735010206,0.127543428663063
-3.47552590037648,-3.65236868727983,0.0877654970702958
-3.53541799096216,-3.6768701412995,0.0483571193375597
-3.58856469681688,-3.69193977785338,0.0104258671257945
-3.63515236458674,-3.69751817806468,-0.0248334090431123
-3.67536658268987,-3.69353323198947,-0.0562112816928843
-3.70935627333095,-3.6799139860922,-0.0825512148986175
-3.73720538070858,-3.65660671309931,-0.10281679993681
-3.75891128185523,-3.6235903077847,-0.11616413288159
-3.77436949876702,-3.58088834511298,-0.122021147541717
-3.78336557271449,-3.52857544583512,-0.12016879593533
-3.78557613599999,-3.46677613216114,-0.110810419683947
-3.78058125996421,-3.39565535320361,-0.0946087535160705
-3.76788835956567,-3.31540139113701,-0.0726691688024541
-3.746964459971,-3.22620362852569,-0.0464565845683305
-3.71726984934352,-3.12822903621893,-0.017651612677192
-3.67828417181665,-3.02160157328742,0.0120272703482691
-3.62951738124624,-2.90638777865675,0.0409944727165494
-3.57050233149777,-2.78259008403622,0.0679205719204061
-3.50077087870658,-2.65014757057484,0.0917835161734344
-3.41981855325263,-2.5089427052735,0.111846155591095
-3.32706277815802,-2.35881245211647,0.127578299562684
-3.22179685180275,-2.19956322510155,0.138551249023538
-3.1031383347041,-2.03099163759636,0.144331926408216
-2.96996818424405,-1.85291704293292,0.144396419042108
-2.82085777204338,-1.66523745085083,0.138074329884008
-2.65398640610952,-1.46802685039406,0.124530041682816
-2.46706381060846,-1.26169706902333,0.102787000069844
-2.25729134739268,-1.04724595456902,0.0718061994803992
-2.02142080360083,-0.826596787495843,0.03063687070482
-1.75599074814463,-0.602990408146945,-0.0213420190501253
-1.45781557707439,-0.381318277576259,-0.0840889937696805
-1.12474159088129,-0.168205494269234,-0.156522901497723
-0.756558337853735,0.0283680898568768,-0.236215784363377
-0.355816275787618,0.2000101808441,-0.319314204542624
0.0717304848281882,0.339292204674111,-0.400809835312632
0.517197141116646,0.44122743565081,-0.475156149449929
0.969095112642172,0.504507874519678,-0.537102716919084
1.41420393195742,0.532288333778944,-0.582577519051185
1.83883228851794,0.532346703111033,-0.609449575688396
2.23060182277274,0.516323392189774,-0.617939780836788
2.58059236661604,0.497757923877815,-0.610374545541775
2.88509033285032,0.489171657436388,-0.590159056440596
3.14592607628912,0.499276808380234,-0.56035545284534
3.36903439263014,0.531628663718431,-0.522630689904093
3.56199029858408,0.58518393751046,-0.477098469641345
3.73177152105074,0.656056055918613,-0.422934670345341
3.88352935690545,0.739355441834519,-0.359240173074037
4.0203754236789,0.830436856461502,-0.28569823329524
4.14377023154079,0.925468154282896,-0.202864686156742
4.25409653904924,1.02153658367009,-0.112150461035398
4.35117297241698,1.11653335454958,-0.0156304388018833
4.43462203819008,1.20897361253369,0.0842062805606045
4.50409504043971,1.29782660192576,0.184697295703943
4.55938815398923,1.38238064227323,0.283212700120119
4.60048611489929,1.4621445535251,0.377323692424949
4.62756197422579,1.53677965813861,0.464940884818911
4.64095276266292,1.60605582304889,0.544427817665567
4.64112503092705,1.66982653793805,0.614688321160304
4.62864107054425,1.72801975297106,0.675218076280483
4.60413466396849,1.78064249125115,0.726104608770322
4.56830241027486,1.82779794471823,0.767959140054291
4.52191134447978,1.86971344659318,0.801770255092999
4.46581557351356,1.90677532375632,0.828683243199976
4.40096654710838,1.93956099047445,0.849727730593957
4.32839856582277,1.96885042125994,0.865535601904416
4.24917830214786,1.99559350366463,0.876106148038395
4.16432409444023,2.02081569457232,0.880680406582148
4.07471822291348,2.04546736199456,0.877775289792416
3.98103997057814,2.07025394220557,0.86539519884509
3.88373430944119,2.09550297508942,0.841388304362026
3.78301132450487,2.12111288112933,0.803865429930298
3.67886158793183,2.14659266611292,0.75157699387086
3.57107841363315,2.17116646746879,0.684159782062495
3.45929001493651,2.19390279972424,0.602209147837482
3.34300984517059,2.21383618246521,0.507180814895845
3.22170681562934,2.23006472561434,0.40116384074705
3.09488423750397,2.24181868653199,0.286588266805533
2.96214730499745,2.24849937178677,0.165937564632018
2.82324038394013,2.24968936112091,0.0415261153667655
2.67804628335446,2.24513778549975,-0.0846230871881948
2.52655321250925,2.23472813498997,-0.210797184233182
2.36880426691085,2.21843836699985,-0.335531646841813
2.20484640091887,2.196302585312,-0.457503570659144
2.03469271358922,2.16838099640881,-0.575415217378074
1.85830682414541,2.13474181265763,-0.687895412107288
1.67561339365217,2.09545632562495,-0.793437861011937
1.48653487987512,2.05060673338371,-0.890388460005057
1.2910507470254,2.00030517808824,-0.976987436189363
1.08927101279481,1.94472150915926,-1.05146457172909
0.881511592565653,1.8841163404837,-1.11217562279809
0.668355980249834,1.81887506691378,-1.15775664713209
0.45068852602912,1.74953797272966,-1.18726428611435
0.229690325791338,1.67682207170432,-1.20026935194802
0.00679876212770785,1.60163276363519,-1.19688196527936
-0.216357393222337,1.52506838760755,-1.17770789747361
-0.438028527425485,1.44842791342915,-1.14376056418085
-0.656402201100827,1.37323977279931,-1.09637002412601
-0.869637893886671,1.30133627894956,-1.03712884109928
-1.07587630754231,1.23500224969553,-0.967889868434287
-1.27322102243293,1.17722816794925,-0.890784821482961
-1.45966940488512,1.13209416521395,-0.808170674526195
-1.63291408409408,1.10528416523509,-0.72234093936657
-1.78983901689888,1.10462697690525,-0.63477736229321
-1.92543931598757,1.14026453525465,-0.544712236934329
-2.03103000845227,1.22339660903247,-0.446926969940276
-2.09255800482867,1.36168939594898,-0.329186911135972
-2.0920238018732,1.54986294707205,-0.170700051944659
-2.01610310541882,1.75891480745991,0.0551670778340004
-1.869886412981,1.93602216142611,0.36821770349429
-1.68337938171319,2.02625060633438,0.756737824549918
-1.50195695619288,2.00638910978629,1.16156977090925
-1.3654456173876,1.89874054900613,1.50387812886742
-1.28995494455449,1.74745232200667,1.73739084999635
-1.26805783959052,1.58642761566371,1.8645128185622
-1.28250748905153,1.42946692154316,1.9137961011425
-1.31732790304474,1.27708052636761,1.91588665433831
-1.36154260365169,1.12499187899299,1.89300135692092
-1.40880535715318,0.969025223606395,1.85776255221551
-1.45590976497511,0.80686380062549,1.81557520752876
-1.50143144593371,0.638110256640977,1.76752450141703
-1.54482103036664,0.463699714807614,1.71266732751788
-1.58590193860147,0.285244932571612,1.64948887112746
-1.62463120282591,0.104545641832687,1.57666453930317
-1.66099983124151,-0.076704120067758,1.49336336564096
-1.69499641362356,-0.257056099800105,1.39929795619096
-1.72659593881181,-0.435352758437071,1.29465864260087
-1.75575777542929,-0.610721207789817,1.18000966533484
-1.78242694869291,-0.782543724064285,1.05618509449503
-1.80653681493072,-0.950419900445576,0.924199442518521
-1.82801253244647,-1.11412777295684,0.785176606018279
-1.84677506472577,-1.27358699375851,0.640295867567742
-1.86274549845832,-1.42882495256668,0.490751975172371
-1.87584944322375,-1.57994569637709,0.337726011586574
-1.88602124757716,-1.72710100477023,0.182363996558337
-1.8932077171089,-1.87046274562337,0.0257605589405439
-1.89737093195729,-2.01019554710375,-0.131054546278544
-1.89848961361474,-2.14642884752607,-0.287128788526244
-1.89655824853238,-2.27922758785943,-0.441599063702873
-1.89158281040445,-2.40856134926723,-0.593703546611081
-1.88357140902921,-2.53427285620555,-0.742790906691344
-1.87251756626763,-2.65604885168403,-0.888320965915206
-1.85837327153579,-2.77339990669184,-1.02984485115864
-1.84100902152821,-2.8856612020654,-1.16694348599668
-1.8201598308936,-2.9920337209697,-1.29909089380341
-1.79536163177348,-3.09169326773265,-1.42539558428868
-1.76589415065545,-3.18399927957288,-1.54416613417706
-1.73076643263908,-3.26882889579283,-1.65225970369572
-1.68880908102073,-3.34703362723237,-1.74422646951719
-1.63896598488615,-3.42095545336593,-1.8113899692396
-1.58088790153081,-3.49483603952478,-1.84125032798308
-1.51587042999517,-3.57479264267501,-1.81802916222414
-1.44793840849659,-3.66781766736772,-1.72576298182035
-1.38433560005811,-3.77915345641075,-1.5554676564843
-1.33412293354074,-3.90807659292075,-1.31553923326004
-1.30434833879459,-4.04449871184661,-1.03810951039636
-1.29620456761749,-4.17108077171717,-0.770172725726889
-1.30515041719986,-4.27171099760311,-0.550669818938096
-1.32499012807606,-4.33877557586376,-0.393277852454969
-1.3518190557075,-4.37276675227052,-0.288133288017449
-1.38547986109528,-4.37713903555224,-0.214406392334883
-1.42924233984123,-4.35383196945009,-0.151456541873162
-1.48881205256271,-4.30114930268766,-0.0846526946074394
-1.57087884994462,-4.21331929664516,-0.00715890396471916
-1.68075300280611,-4.08113823241022,0.0804466892964659
-1.81865362170466,-3.89408129135194,0.171696439953026
-1.97545111909618,-3.64493835924356,0.25678775596556
-2.13108735532145,-3.33674940428895,0.326401515971047
-2.25962073812111,-2.9878186039297,0.375944958284718
-2.33990964342685,-2.62831961584969,0.407607393300424
-2.36408929666818,-2.28808036233421,0.428421989498659
-2.33732051619804,-1.98463298038487,0.446457054803036
-2.27086832437155,-1.72018582597744,0.469023183115257
-2.17491590328382,-1.4866706682751,0.503822405666631
-2.05469534701164,-1.27256779089113,0.56069464066684
-1.9098960221469,-1.06757625969049,0.651255072390016
-1.73653461416425,-0.865003737708642,0.784969264938264
-1.53108824494587,-0.662827237936377,0.961992408314722
-1.29606374643378,-0.463451064422997,1.16634323316449
-1.04343113161327,-0.27160591899167,1.36656106297147
-0.791376819923109,-0.0911287750402062,1.52786911663869
-0.555730775814556,0.0770822377332938,1.62784164036462
-0.343746886841293,0.234758129271586,1.66265140406371
-0.154384603830649,0.384723245301763,1.64202726029214
0.0177951889137859,0.52961544883301,1.58075311299986
0.179049853602702,0.67132354997772,1.49272800264055
0.334547923057666,0.810932493751452,1.38852157850311
0.487801909112964,0.94888647172483,1.27514613559242
0.640800095189567,1.08519773273669,1.15676996005155
0.794389195173462,1.21962898661414,1.03562936202378
0.948675226486485,1.35182838979529,0.91281313897534
1.10334822755475,1.48141751406025,0.788825954358213
1.25790995100568,1.60804078575478,0.6639445712098
1.41181641684543,1.73138707101091,0.538417577735566
1.56455724132709,1.85119336688104,0.412561350245778
1.71569281954167,1.96723850779991,0.286793984834552
1.86486573107559,2.07933244521613,0.161635787194074
2.01179765438897,2.18730459647697,0.0376940439693659
2.1562789490578,2.29099320867174,-0.0843578271231215
2.29815514995879,2.39023664747105,-0.203801490814247
2.43731272426889,2.48486688824914,-0.319892864322634
2.57366528578874,2.57470513643494,-0.431878403190959
2.70714080034359,2.65955933739255,-0.539008468161368
2.83766996086962,2.73922327484043,-0.640548113618826
2.96517573843317,2.81347695378593,-0.735785779893473
3.0895640586149,2.88208799512196,-0.824040399152931
3.21071555152713,2.9448138099404,-0.904667396267387
3.32847835149139,3.00140436389692,-0.97706400405477
3.44266196230845,3.05160538124525,-1.04067424216962
3.55303223363903,3.09516186730382,-1.09499383334809
3.65930751273469,3.1318218498696,-1.13957525948323
3.76115604378709,3.16134025634725,-1.17403310784205
3.85819467582091,3.18348285256749,-1.19804983281681
3.94998893277407,3.19803017206501,-1.21138205220632
4.03605449521836,3.20478135908422,-1.213867513414
4.11586016042805,3.2035578241588,-1.20543284325457
4.18883239445641,3.19420656263793,-1.18610207167342
4.25436165535229,3.17660290501184,-1.1560055691167
4.31181070915295,3.15065235893893,-1.11538831788684
4.36052509795997,3.11629108966221,-1.0646152227874
4.39984560903935,3.07348454144529,-1.00416948972383
4.42912189211196,3.02222384474049,-0.934638293804873
4.44772521174574,2.96252015230296,-0.856678907242659
4.45505688434045,2.89439806308617,-0.770959713158563
4.45054786622328,2.81789082299612,-0.678076122388804
4.43364538468561,2.73304168076242,-0.578453108833278
4.40378587401725,2.63991665062317,-0.472263798470752
4.36036064793119,2.53863241236599,-0.359413256157945
4.30269050764622,2.42939750019238,-0.239648529414321
4.23003302514867,2.3125549493876,-0.112844953887299
4.14164296226285,2.18860340519145,0.0205307211182684
4.03688365462308,2.05816992379791,0.158870877900619
3.91534637798427,1.92192326188183,0.29898697669523
3.77689800509481,1.780456949053,0.436026118802889
3.62158538100972,1.63422098462754,0.563910146869254
3.4494039184243,1.48359959193701,0.676240019693439
3.26005488694499,1.32918395176958,0.767366550029323
3.0528825043674,1.17218115149728,0.833250974740649
2.82712723379729,1.01478949125495,0.871884703744165
2.5824670232098,0.860322735902389,0.883272771421355
2.31963021913911,0.712929358461608,0.869129698674304
2.04076782170389,0.57693290406542,0.832439186563057
1.74935686963203,0.456039630367571,0.776971638194715
1.44965315797788,0.352764949770521,0.706822245646305
1.14596196726259,0.268315197074998,0.626033345014499
0.842068475865649,0.202901845198299,0.538354538294855
0.54103436129299,0.156258059030753,0.447153913737849
0.245356725512164,0.128093218984715,0.355447598752093
-0.042655420193772,0.118321086384921,0.265991270939293
-0.320461489870256,0.127023112104242,0.181379828499011
-0.584961959738786,0.154190711025673,0.104116351686774
-0.832346814086644,0.199322966177623,0.0366262036891583
-1.05816573850827,0.260963295553831,-0.0187969190557133
-1.2576426293308,0.336262497151849,-0.0601165947804452
-1.42623448791027,0.420665202544944,-0.0857432102589692
-1.56039831362918,0.507827946737641,-0.0947652176344938
-1.65847014563147,0.589875436298446,-0.0871829775531422
-1.7214817539072,0.658065617609134,-0.0640895685614881
-1.75366836928157,0.703843518129887,-0.0277334219329392
-1.76240668814405,0.720118912951233,0.0185941135304215
-1.7574254789417,0.702449804688121,0.0708666916427008
-1.749368011319,0.649747944829158,0.124784045755847
-1.74807289474284,0.564235773366852,0.176280000198651
-1.76110508090789,0.450666984049218,0.221945587493765
-1.79297387066594,0.315123361465094,0.259270311987281
-1.8451599382328,0.163827004600197,0.286680341709468
-1.91674433430293,0.00229867996656658,0.303422295591093
-2.005279759432,-0.165036473477462,0.309371408205185
-2.10759627115292,-0.334883255982237,0.304833198102288
-2.22038502037198,-0.50490943850493,0.290379644930699
-2.34054042615757,-0.673514330375631,0.26673442130631
-2.46531427209854,-0.839613618659715,0.234705589237018
-2.5923523735898,-1.00247208408087,0.195157879890686
-2.71967275628605,-1.16158657922541,0.149016296814945
-2.8456251354192,-1.31660917973113,0.097294545988193
-2.96885512933605,-1.46729748889007,0.0411431271791324
-3.08828539276904,-1.61348013664495,-0.0180887100374523
-3.20311845634249,-1.75502770180302,-0.0787863356285786
-3.31286037155728,-1.89182181236683,-0.139013799775786
-3.41735856162269,-2.02371850753503,-0.196491621437395
-3.51684091253622,-2.15050706060755,-0.24863709501984
-3.61193695568441,-2.27187287628769,-0.292693811532894
-3.70365842934383,-2.38738141868947,-0.325960189796708
-3.79331878653248,-2.49650459589435,-0.346092531625669
-3.88238098154865,-2.59870361020678,-0.351417547012049
-3.97223700986586,-2.69355674366311,-0.341172570203465
-4.0639336010411,-2.78088252167875,-0.315631496329988
-4.15786364989351,-2.86078231314803,-0.276159750003273
-4.25345881340119,-2.93354348373348,-0.225284190724923
-4.34897143099007,-2.99941592292613,-0.16676168129525
-4.44150626118487,-3.05836821005145,-0.105425254188354
-4.52745021183328,-3.10997235904569,-0.0465287909845703
-4.60325038349392,-3.1534949301349,0.00538558204217188
-4.66621182157902,-3.18811958167681,0.0476027914290894
-4.71492010651803,-3.21313272771215,0.0797138557275813
-4.74914987986099,-3.22796366080958,0.103243913891672
-4.76944090859182,-3.23210228579933,0.120732852505442
-4.7766298968703,-3.22498484851301,0.134760638492524
-4.77152431174518,-3.20591440800797,0.147267279318843
-4.75475626358092,-3.17403054604667,0.159293896751765
-4.72676120795341,-3.12831259928347,0.171129361389249
-4.68779349523623,-3.06760124866087,0.182795823968399
-4.63789202487654,-2.99064351201585,0.194788546080557
-4.57673010823905,-2.89619330275635,0.208941270398346
-4.50333077591382,-2.7832204262025,0.229181200004315
-4.41571947173902,-2.65127512172647,0.261770197176716
-4.31072423034491,-2.50099329530808,0.314471234228514
-4.18426893704592,-2.33458219504811,0.394112909615162
-4.03248050618471,-2.15592468701217,0.502579101769606
-3.85348603301478,-1.9698716933428,0.632634147996655
-3.64886329156295,-1.78071819389541,0.766680645580416
-3.42317726910362,-1.59079955313686,0.881240072151742
-3.18130186934697,-1.40055344342795,0.955734971478831
-2.92562241026932,-1.21020670611268,0.979653462549321
-2.6555431092238,-1.02164277197134,0.953636603830849
-2.36932873478725,-0.838991670696814,0.885691353431015
-2.06637903816484,-0.667757855597018,0.786477851045319
-1.74834467567634,-0.513295452229892,0.666142504354731
-1.41883359182655,-0.379564089455009,0.532973851151275
-1.08236219277431,-0.268658664583204,0.393219434952461
-0.743322023628052,-0.181078295054946,0.251421829904545
-0.405400554058057,-0.116394759048974,0.110904345566183
-0.0715250251311998,-0.0739508250068538,-0.0257595160167221
0.255813402299535,-0.0533424373922687,-0.156359798110076
0.574055288083887,-0.0545807420361034,-0.278775450849767
0.880069160951107,-0.0779253658008952,-0.390825231913397
1.16979752984938,-0.123426848061906,-0.490249627884756
1.43818564826868,-0.190238690074126,-0.574819954488343
1.67952334267294,-0.275789072561883,-0.642558926009771
1.88831425794865,-0.374967920236098,-0.692043202040324
2.06070408242461,-0.479599563306847,-0.722741301444432
2.19628081724897,-0.57859316272013,-0.735310920731814
2.29968601196847,-0.659153162264928,-0.731727879611502
2.38110407837575,-0.709097060571933,-0.715070805470329
2.45474043557115,-0.719644617155147,-0.688845882453354
2.53527218470067,-0.687427775813816,-0.656007425784521
2.63368990261189,-0.61462409064627,-0.618173218072663
2.75469052574609,-0.507213917369183,-0.575543372805306
2.89681005705482,-0.372513292202467,-0.527556551521379
3.05461552643106,-0.217282586413333,-0.473810518379952
3.22131403278484,-0.0469346819611268,-0.414719946875845
3.39059608027786,0.134416207986499,-0.35169299865466
3.55746252554617,0.323574011383505,-0.286903221392845
3.71833315192079,0.517910850967596,-0.222849341412348
3.87081391752591,0.715178594804959,-0.161888283506899
4.01337464203985,0.913458599593597,-0.105874540395121
4.14505650067783,1.11117098486987,-0.0559732224117315
4.26524800425773,1.30707616798398,-0.0126485203118301
4.37353102986382,1.50023934624127,0.0242194513224265
4.46958507801701,1.68996255135499,0.0551562918906989
4.55313487042196,1.87570500930857,0.0809128151512747
4.62392733112979,2.05701201489084,0.102319400968293
4.68172645519436,2.23346365994193,0.120188515797918
4.72631755651855,2.40464531516133,0.135261951354166
4.75751528603413,2.57013569096262,0.148191298401794
4.77517219028258,2.72950609974996,0.159538880678153
4.77918625776361,2.8823250144189,0.169788719059343
4.76950689643642,3.02816369951622,0.179360574691295
4.74613926506195,3.16660053478074,0.188623279242241
4.70914703685733,3.29722313085395,0.197905861722435
4.65865367498653,3.4196283047988,0.207506408513887
4.59484225911972,3.53342048581992,0.217699366088163
4.51795389327888,3.6382092683502,0.228742331273328
4.42828478606122,3.73360672548016,0.240883425833909
4.32618225685492,3.81922482018632,0.25437012912319
4.21204020779437,3.89467288067873,0.269459866092183
4.08629502472597,3.95955473649866,0.286431518028418
3.94942340860806,4.01346489807345,0.305595167519596
3.80194418391611,4.05598334069201,0.327294771444976
3.64442643177284,4.08666930462501,0.35189547913665
3.47750593007994,4.10505622854934,0.379745095735416
3.30191031365078,4.11065231646693,0.411099791700022
3.11849018977242,4.10295341202401,0.4460101955622
2.92824885386213,4.0814750936686,0.484177436487378
2.73235854379943,4.04580714218864,0.524808478250143
2.53214887295378,3.99568483362232,0.566519871206612
2.32905603269582,3.93106000549708,0.607347385010432
2.12453075562791,3.85214632387588,0.644904559788519
1.91991664191517,3.75941432387984,0.676694228378485
1.71632301618752,3.65352468291837,0.700527332536515
1.51452293785923,3.5352069686451,0.714965950317303
1.31490575923036,3.40510593630953,0.719697035587487
1.11750633776582,3.26362363207955,0.715752683602892
0.922120839967035,3.11078917723661,0.705498557558528
0.728499705659898,2.94620182174945,0.692298499375992
0.536576519630066,2.7691229669563,0.679748748679622
0.346645539974631,2.57882045439979,0.67043404076533
0.15936086155073,2.37523121735466,0.664407238138262
-0.0245365255855969,2.15982155072037,0.658056907587975
-0.204676768790722,1.93620691250268,0.644360805551533
-0.381374364099081,1.70992938262995,0.615054658416486
-0.555472318058421,1.48715793239739,0.563870965615202
-0.72778638829219,1.2728475629224,0.488958172255903
-0.89859658093028,1.06932909509151,0.393160503573067
-1.06755029092172,0.875959898855704,0.282440490470757
-1.2339502545136,0.689766591231302,0.163714328402683
-1.39714542445925,0.50657999297431,0.043176869206256
-1.55677602196955,0.322154598588658,-0.0745165741576854
-1.71279637655108,0.132973539439276,-0.186371053536589
-1.86534049597947,-0.0633425336520861,-0.290800423667532
-2.01454301238949,-0.267963459228699,-0.387267642948327
-2.16040235746982,-0.480996233928751,-0.475957606859223
-2.30272012765609,-0.701731915242679,-0.557525191647414
-2.44110704650715,-0.928905243802236,-0.632910868134592
-2.57502607009358,-1.1609176019626,-0.703202933236907
-2.70384375027825,-1.39600433419217,-0.769530321903784
-2.82687177681013,-1.63234560013557,-0.832977839123714
-2.94339284550932,-1.86812874262262,-0.894517956009362
-3.0526742449735,-2.1015750683008,-0.95494775799245
-3.15397802204582,-2.33094904294187,-1.01480841009961
-3.24657915521801,-2.55457460103224,-1.07425260736401
-3.32980356658435,-2.77089043539419,-1.13281988214019
-3.40309544735023,-2.97858021193414,-1.18908961779256
-3.46611601404706,-3.17680812412096,-1.2402185719151
-3.51886088156078,-3.36556578971413,-1.28144378719631
-3.56176131500828,-3.54608396426463,-1.30574447729423
-3.59571341348698,-3.72117699360883,-1.30399442131534
-3.62197288204997,-3.895270228106,-1.26606757111365
-3.6418740498013,-4.07372803835918,-1.18339635337282
-3.65638808594035,-4.26106725196618,-1.05313863644501
-3.66564478346796,-4.45809426193189,-0.882801419506078
-3.66870799053266,-4.65939691440542,-0.691867831094259
-3.66393548309394,-4.8539602248244,-0.506455798014321
-3.64982875420363,-5.02986622977277,-0.348346457095351
-3.62569096131984,-5.17949360076693,-0.226545767525689
-3.59161426482616,-5.30104232923959,-0.137238411660893
-3.54807100811437,-5.39661087431893,-0.0694893787032551
-3.49558884685912,-5.46959456151373,-0.0111027038998314
-3.43466366919293,-5.5230566164968,0.0480029846513498
-3.36580874342842,-5.55916638770529,0.114723213781328
-3.28961064255002,-5.57925545455008,0.193004963824917
-3.2067332369218,-5.58408941600244,0.284565848401851
-3.11787662894252,-5.5741224780285,0.389597676752306
-3.02372797761751,-5.54964142476438,0.507221377728512
-2.92494155559606,-5.51079650178197,0.635652083601253
-2.82216807935556,-5.45756886385643,0.772169875591125
-2.7161263911126,-5.38974585809363,0.913074308900632
-2.60768225566204,-5.30696513708081,1.0538088528612
-2.49788396582029,-5.20884399678358,1.18935351791329
-2.38791760459487,-5.09514919449268,1.31482473179404
-2.27898341394321,-4.96592713590931,1.42608282965388
-2.17213174559205,-4.82153657488982,1.52012863560824
-2.06810533086802,-4.66258869452342,1.59518176926072
-1.96721584209154,-4.4898516990079,1.65048468810181
-1.86926224781763,-4.30418599011152,1.68596999726275
-1.77349505644503,-4.10654824298605,1.70193546436517
-1.67864025470432,-3.8980625939913,1.69882244790572
-1.58300204597942,-3.6801236394297,1.67713038464068
-1.48465099984873,-3.45447919884333,1.63744731493409
-1.38167610061487,-3.22324591104934,1.5805443402066
-1.27245185196145,-2.98883574276688,1.50747370476658
-1.15586294028764,-2.75380453139438,1.4196233461164
-1.03144401294718,-2.52065839893276,1.31870579775686
-0.899420436702387,-2.29166041499314,1.20668376848267
-0.760661443855746,-2.06867043030157,1.08564984272778
-0.616570200295903,-1.85303532337383,0.957682291162058
-0.468936280168893,-1.64553397936391,0.824697080300191
-0.31977079727003,-1.44637467684281,0.688312989545284
-0.171139082154263,-1.25524076313178,0.549745499726861
-0.025003374803664,-1.07137983114877,0.409746400281685
0.116911850188094,-0.893728395192216,0.268608379712547
0.253219414077028,-0.721056235953204,0.126254586354216
0.382925440680324,-0.55210274788919,-0.0175706010409865
0.505444104848286,-0.385665920661812,-0.163003648076852
0.620589315629538,-0.220600143583352,-0.309668454633496
0.728576277454935,-0.0556896930160851,-0.456223787915475
0.830069354427741,0.110604926957211,-0.599919419127766
0.926295877118216,0.280482650782875,-0.736267398077155
1.01920592772585,0.457117082680361,-0.858979454925418
1.11160156606161,0.644792355357528,-0.96036670856609
1.20709679383001,0.84865212711691,-1.03242548388332
1.30972189540428,1.07383195876159,-1.06878388047893
1.42300859803756,1.32383192050841,-1.06740885344038
1.54861095966888,1.59837277760342,-1.03327829689197
1.68502114561184,1.8917642839184,-0.979269667277223
1.82740291845838,2.19339256510898,-0.923442169116947
1.96914544581907,2.49097411480441,-0.883050789854399
2.10430856607127,2.77480533107899,-0.868717820122147
2.22929558169802,3.04018321591193,-0.882329300874789
2.34298849304957,3.28702669305039,-0.918924217072395
2.44590551914275,3.51795154322212,-0.970206776827595
2.53924644763784,3.73636600170182,-1.02751997516453
2.62425479410242,3.94528100975132,-1.08354616589332
2.70192149655738,4.14681296080894,-1.13293682121934
2.77291153355219,4.34212377617655,-1.17230706326178
2.83760054994248,4.53156983580367,-1.19994390144705
2.8961501646569,4.71491800936688,-1.21543811116839
2.94858506722326,4.89155880782832,-1.21934356167638
2.99485593195672,5.06069183831074,-1.21289995846215
3.03488281493431,5.22148299553271,-1.19781308078318
3.06857776481565,5.37320285696504,-1.17605939001813
3.09584573606528,5.51535558217776,-1.1496622402474
3.1165619857406,5.64779845716733,-1.12037279183773
3.1305245789254,5.77083366920948,-1.08918512673778
3.13738543577367,5.8852266755247,-1.05563637805793
3.1365751885677,5.99207600054614,-1.01691207248623
3.12725611110612,6.09244423458541,-0.966919055981706
3.10835825095345,6.18668844572318,-0.895716039841323
3.07876429729856,6.27354024012309,-0.789987320740501
3.03768861062755,6.34922931602921,-0.635506094942783
2.98521675438238,6.4073291846863,-0.422383726046716
2.92281465102257,6.4402771036097,-0.152454660364556
2.85344557636295,6.44286166410601,0.155188964765523
2.78096211287833,6.41580227106357,0.46693984551647
2.70885951614949,6.36602120131067,0.747401501651354
2.6390702961516,6.3028159307652,0.973595065397075
2.57159017212533,6.23335572427563,1.14028316071768
2.50505780884413,6.16077822775358,1.25561518565653
2.43770225406134,6.08486891604639,1.33346745690833
2.36805991589696,6.0036621204032,1.38753806097835
2.29527787958811,5.91479814036624,1.42840423832687
2.21911609516963,5.81631481766068,1.46277902839036
2.13981670278305,5.70696577822669,1.49394102259641
2.057952599162,5.58624665477328,1.52260583073639
1.97430391438876,5.45427929576168,1.5478247325583
1.88977259740961,5.3116490692735,1.56772521131107
1.80532854177379,5.15924308755073,1.58005289275441
1.72197543682397,4.99810501972018,1.58255216262667
1.64072368396466,4.82930434076315,1.57325294192784
1.56255806215123,4.65381093893756,1.55073213686186
1.48838860455509,4.47236672608525,1.5144025917392
1.41897474078863,4.28535224259731,1.46485525647837
1.35481582301601,4.09265719809593,1.40424239762322
1.29600621275638,3.89357897967578,1.33664042722757
1.24206127625607,3.68679259267263,1.26826872878227
1.19173639005476,3.47045974616036,1.2073602968446
1.14289540922905,3.24256909808882,1.16337758221422
1.09255017598961,3.00159709381161,1.14518826821132
1.03726831298814,2.74747819165246,1.15796852931409
0.974111729447978,2.48258780865747,1.19940242651707
0.90191119520454,2.21205518000339,1.25730050945615
0.822069568815345,1.94273036210803,1.31159133616574
0.738019491423849,1.68102173324547,1.34116661749176
0.653554376496499,1.4309210639117,1.33143009732548
0.571310359640817,1.19339609511278,1.27757121763164
0.492273090066497,0.967091195504904,1.18289368432573
0.416115761824973,0.749489094446193,1.05507962682024
0.341782089355358,0.537865628873121,0.902986864327956
0.267959694494555,0.329843766865553,0.734799381905529
0.19336735957401,0.123621643614372,0.557279220858329
0.116897466258192,-0.0819969546716073,0.375651564174965
0.0376695820771137,-0.287671279362982,0.193778043173047
-0.0449642559464102,-0.493630981259026,0.014425292919701
-0.131437422876729,-0.699787948647123,-0.160464416128449
-0.221994725447249,-0.905834782745926,-0.329539887741637
-0.316717932322685,-1.11132259376997,-0.491857686726659
-0.415546564978445,-1.31571759797575,-0.646748533855123
-0.518292797243201,-1.51843981340602,-0.79372725245611
-0.624651361411308,-1.71888856965688,-0.932437871020453
-0.734206531081538,-1.91645926955844,-1.06262511680063
-0.846438809217024,-2.11055472598147,-1.18412405099632
-0.960734078128323,-2.30059308452421,-1.29686034971792
-1.07639776159534,-2.48601323382409,-1.400854350192
-1.19267601996344,-2.66627800155227,-1.4962223314143
-1.3087851038396,-2.8408755497429,-1.58316861472397
-1.42394875168873,-3.00932040772375,-1.66196211808396
-1.53744204025984,-3.17115762778683,-1.73289124002177
-1.64863854395166,-3.32597646036778,-1.79619171413137
-1.75705620857104,-3.47344310533673,-1.85194381014772
-1.86239603521068,-3.61336423110146,-1.89993864552802
-1.96456635494412,-3.74579194393963,-1.93951936770415
-2.06368395385932,-3.87117392375198,-1.96941264458289
-2.16004166270243,-3.99053679108633,-1.98757980114211
-2.25403106700356,-4.10566568314957,-1.99113398060887
-2.34601049171508,-4.2192125936213,-1.97638645006322
-2.43611495641701,-4.33464121554378,-1.93909678894834
-2.52402010606157,-4.45591264589517,-1.87500381934459
-2.6087023613708,-4.58684986745507,-1.78069853045568
-2.68828904713505,-4.73020373103828,-1.65483560330461
-2.76015216865754,-4.88659615285069,-1.49949745896682
-2.82139844633372,-5.05372831001817,-1.32118654174909
-2.86973290688726,-5.22638071066811,-1.13062461388274
-2.90433489331112,-5.39751862535863,-0.940786937190944
-2.92619698220833,-5.56015910182978,-0.763646871739761
-2.93767378578776,-5.70906680230333,-0.607179451133845
-2.94155268120228,-5.84149073412695,-0.474080278744571
-2.94020586052385,-5.95688476255765,-0.362446513003027
-2.9351589996814,-6.05610463482458,-0.267583259418642
-2.92707112227877,-6.14059483559664,-0.18390582412262
-2.91595033885414,-6.21182220544955,-0.106322493804917
-2.90143242077718,-6.27098721195086,-0.0309529293180341
-2.8830182953349,-6.31894010649532,0.0446893695183203
-2.86023265011131,-6.35621246189535,0.121839828710007
-2.83270690463841,-6.38309495627134,0.200765915950307
-2.80020712675961,-6.39971993312737,0.281068975114177
-2.76262941297165,-6.4061295659218,0.361943537502796
-2.71998014753834,-6.40232436445701,0.442374936818944
-2.67235200196743,-6.38829363123969,0.5212791139619
-2.61990119339255,-6.36403187531329,0.597597832445587
-2.56282804493351,-6.32954534260839,0.670364006634807
-2.50136100985622,-6.2848521669141,0.738749694580675
-2.4357435225818,-6.22997893557741,0.80210587655649
-2.36622288946915,-6.16495600694229,0.85999941092835
-2.29304064799703,-6.08981377161589,0.912248755831924
-2.21642423906527,-6.00458213771679,0.958956115115093
-2.13658034502485,-5.9092956703185,1.00052961172248
-2.05369073518263,-5.80400677437781,1.0376852191582
-1.9679117883786,-5.68880876400406,1.07141527450848
-1.87937885511847,-5.5638692735906,1.10290981298453
-1.78821612806847,-5.4294719909404,1.13342054754217
-1.69455167713057,-5.28606116733489,1.16406698113914
-1.59853594946423,-5.13427938021976,1.1956008598511
-1.50036073269255,-4.97498600185775,1.22816721056091
-1.40027480638492,-4.80924390428317,1.26112104911726
-1.29859256662746,-4.63826712074172,1.29296677877117
-1.19569279663097,-4.46333264909347,1.32146962842822
-1.09200632462426,-4.28567207994201,1.34394141178272
-0.987993526132833,-4.10636725676088,1.35764110267839
-0.884115389564883,-3.92627364305822,1.36018483994761
-0.780804393611729,-3.74598542075968,1.34985721768202
-0.678442290545698,-3.56584288967866,1.32575809085995
-0.577350073335301,-3.38597203965094,1.28778132006675
-0.477791541911548,-3.20634158679758,1.23647159567927
-0.379987862023411,-3.02682359279487,1.1728255183904
-0.284138037668278,-2.84724737270021,1.09809654071073
-0.190439818500225,-2.66744043084388,1.01364366083198
-0.0991066755427494,-2.48725349526994,0.920843288922737
-0.0103781431333188,-2.30656906465695,0.821068706036734
0.0754777895538772,-2.12529434994135,0.715732827716071
0.158170982785339,-1.9433403333321,0.606385464629522
0.237405427368625,-1.76058932069983,0.494852707771644
0.312908457276922,-1.5768545805323,0.383399555723597
0.384478154067025,-1.39183860266341,0.274882714006811
0.452055454387737,-1.20510233325821,0.172833444207905
0.51582406347319,-1.0160662516456,0.0813682846570102
0.576328053736159,-0.824071055057589,0.0047801570855651
0.63457128995023,-0.628519930240562,-0.0533396982169868
0.692034329367545,-0.429091473447212,-0.0914605200270638
0.750545141043128,-0.225952727341332,-0.111591355652661
0.812006843957258,-0.0198569182255932,-0.120030183308716
0.878094926991703,0.187952434612136,-0.126450665609977
0.950068936264229,0.395988496970784,-0.141264814231891
1.02872579822752,0.602785328022317,-0.172536278579612
1.11438782059608,0.807077190998786,-0.224090307849959
1.20683625772344,1.00788758922704,-0.295433137868713
1.30521688397446,1.20457610691912,-0.382885532321532
1.40800541884875,1.3968787798328,-0.481013540674307
1.5130944380335,1.58494026966351,-0.583808951484157
1.61800285418136,1.76931056301061,-0.685497683127435
1.72015728859493,1.95087963423542,-0.781049843145317
1.81717100338131,2.13074610979987,-0.866476338808965
1.90705621951747,2.31004360525598,-0.938951486807178
1.98833861934218,2.48976374077058,-0.996779023269514
2.06007665380477,2.67061213740325,-1.03923284536375
2.12180799862297,2.85291941570473,-1.06632773781241
2.17345123942979,3.03661284327817,-1.07858328271987
2.21518952385407,3.22124137564771,-1.07683026821497
2.24735884980806,3.4060390737605,-1.06208332617423
2.2703576135498,3.59000940093751,-1.03547903925225
2.28458642571561,3.77201485536571,-0.998262526196033
2.29041946965056,3.95086089366755,-0.95179859688347
2.28820248499695,4.12536786132315,-0.897584015653005
2.27826874870352,4.29442807773094,-0.837242886722434
2.26096329876362,4.45704704960058,-0.772495732363732
2.23666669866124,4.61236874361222,-0.705102505648918
2.20581220679847,4.75968584756198,-0.636788131358268
2.16889338902514,4.89843740685046,-0.569163784214302
2.12646198359888,5.02819778358643,-0.503656634631735
2.07911736177894,5.14866178920992,-0.441455791171577
2.02748890519359,5.2596304742214,-0.383475047278175
1.97221139073794,5.36100030302783,-0.330326841699456
1.91389188909349,5.4527557430473,-0.282299004196358
1.8530658125746,5.53496235260891,-0.239327357089243
1.79014055520654,5.60775504094265,-0.200962665846009
1.72532828163751,5.67131502226039,-0.166338349662216
1.65857488527092,5.72582979764206,-0.134153765153986
1.58949914385896,5.77143385229813,-0.102694478656945
1.51736285740089,5.80813383862308,-0.0699136146560238
1.44109672345098,5.83573027670782,-0.0335957059914316
1.35940526602243,5.85375677970713,0.00838398570416973
1.27096508488689,5.86146511198629,0.0577066139531719
1.17471186285753,5.85788638343916,0.1151898903452
1.0701802112948,5.84198952936372,0.18036822257595
0.957816228086168,5.81293013521256,0.251196683598797
0.8391386985799,5.77033287480585,0.324050657183526
0.716619803573611,5.71449769091819,0.394169283733974
0.593238331514039,5.64641079319513,0.456535469692376
0.471822389429867,5.56751841199603,0.506940436881178
0.354437752299994,5.47935329462261,0.542827276860155
0.242062956472302,5.38318584604162,0.563606809899349
0.134624548305545,5.27983333145875,0.570426907317851
0.0312876151654919,5.16964889555037,0.565619633615487
-0.0691704630097717,5.05262611736672,0.552100769438485
-0.168033754060959,4.9285376449105,0.532898008528103
-0.266422796832595,4.79705431721844,0.510858760326627
-0.365167517339309,4.65782631226527,0.488508647729124
-0.464750319606617,4.51053168394067,0.468003784212965
-0.56529062397736,4.35490881226061,0.451122692591685
-0.666552043433628,4.19079175354033,0.43925868444699
-0.76796577824316,4.01816403682147,0.43339184403966
-0.868673525412851,3.83723805000598,0.434038745980513
-0.967596689182591,3.64855460382625,0.441196040764175
-1.06353377791783,3.45308311541084,0.454307592330078
-1.1552751692148,3.25229209985637,0.472288492915505
-1.24170879535922,3.04815807076127,0.493628065738742
-1.32188055812464,2.84309113547496,0.516567643279936
-1.39497863338589,2.63977316936293,0.539315250419829
-1.46023555028126,2.44091916603086,0.560233268271733
-1.51678182848315,2.24897642536275,0.577932350789623
-1.56352750509248,2.06577584878321,0.591233046678741
-1.59917295118319,1.89216673060477,0.599010205744454
-1.6224301812683,1.72771944349325,0.599995498784661
-1.63244593486194,1.570647388555,0.592650826757236
-1.62927566976797,1.41810164184991,0.575208903490716
-1.61416185737641,1.26685185068773,0.54589917894162
-1.58944996465673,1.11412982290269,0.503283492231461
-1.55822980585676,0.958270663244463,0.446598537332328
-1.52400418637931,0.798899758280977,0.376071360395167
-1.49061432245743,0.636710098445094,0.293250351046686
-1.46228819068919,0.473112098858101,0.201340569248045
-1.4433411903774,0.310033056594534,0.105345554185504
-1.43720959784476,0.149886042206456,0.011734015731093
-1.44523027458797,-0.00457546720439096,-0.0723818627415227
-1.46611496895326,-0.150803381275914,-0.140174480471734
-1.49653933197099,-0.287355130856618,-0.185818229675672
-1.53221442481861,-0.414878687472715,-0.205213912294381
-1.56850650916298,-0.536942784641464,-0.197182526449272
-1.60035039446604,-0.66030536362709,-0.164977854981747
-1.62214419069464,-0.793809508488511,-0.116828308328906
-1.62860304908094,-0.945517074433661,-0.0639855578006877
-1.61648148275773,-1.11952963680155,-0.0167756577408329
-1.58564304335768,-1.31493030845205,0.0184886181652288
-1.53844228154056,-1.52730047910824,0.0398057596315512
-1.47818665252791,-1.75103047819963,0.0479454969724188
-1.4079241920764,-1.98090706752088,0.0448598669011464
-1.32996146175262,-2.21275938528872,0.0327670050878815
-1.24587256990538,-2.44353002836264,0.0137676547147661
-1.15668990660682,-2.67110101963957,-0.0102915823309203
-1.06310681808739,-2.89405257337735,-0.0378680410760618
-0.96563464605215,-3.11143624518352,-0.0677378125556901
-0.864707385903497,-3.3225949124223,-0.0989847522518094
-0.760743073887222,-3.5270359917994,-0.130966602310234
-0.654173681504791,-3.72435094772959,-0.163265438487748
-0.545454249163632,-3.91416917173414,-0.195632673291786
-0.435060067859898,-4.09613452512849,-0.227938085725717
-0.323478562527589,-4.26989548538025,-0.260129096235068
-0.211200396642731,-4.4351029970765,-0.292202679612068
-0.0987124232193074,-4.59141277858119,-0.3241891250153
0.0135064128378343,-4.73849065575658,-0.356144681809875
0.124986257093066,-4.87602052760142,-0.388148779567033
0.235265514896788,-5.00371497675645,-0.420300571787881
0.343889643495668,-5.12132845141117,-0.452708654493378
0.450411942621669,-5.22867241278208,-0.48546673083771
0.554399545650064,-5.32563085389027,-0.518606783037856
0.655448732190504,-5.41217313181647,-0.552020343087806
0.753214586119259,-5.48835922597186,-0.585338585843455
0.847460620515771,-5.55433068942011,-0.617764656022874
0.938133689447159,-5.61027944428463,-0.647859070411749
1.02546713861606,-5.65638733080798,-0.673294186635008
1.11010858478197,-5.69273336429571,-0.690620195218821
1.19325457918864,-5.71917450363213,-0.695126407740086
1.27674852752841,-5.73522113702996,-0.680938661568646
1.3630584545769,-5.7399526570814,-0.64155660814656
1.45500617942317,-5.73205150352786,-0.571062011418613
1.55510902315077,-5.71006090573676,-0.466111932317616
1.6645137079796,-5.67293668015023,-0.328390335024773
1.78185242340735,-5.62077646033986,-0.166380219877866
1.90280259100617,-5.5552919390062,0.00528095944587609
2.02108310012116,-5.47949341262884,0.169723867141561
2.13060247925262,-5.39658015133016,0.313363950579113
2.22736790277251,-5.30877098720412,0.429656484388204
2.31001613214668,-5.21682570329056,0.51923351360032
2.37909695912587,-5.12032529574373,0.587414416706539
2.43596937580223,-5.01828571183109,0.641195158712706
2.48195711725592,-4.90971200119938,0.687054674909765
2.51793181597699,-4.79393727936512,0.72984801956442
2.54422229413771,-4.67075742273076,0.772515561427102
2.56069621964934,-4.54042917273713,0.816248855317884
2.56690003305348,-4.40359513635728,0.860845106222525
2.56219561441554,-4.26117544719619,0.905095709599373
2.5458716444797,-4.11424337666639,0.94713844727724
2.51723207089987,-3.96388854017044,0.984752786682766
2.47567777024887,-3.81106769905202,1.01560228684714
2.42080354335722,-3.65644828475154,1.03743774764237
2.35253025965455,-3.50026119025382,1.04827857075088
2.27127615749333,-3.34219256256665,1.04659518986183
2.17813564750807,-3.18135150158959,1.03152461227308
2.07498026732935,-3.01634171258938,1.00315438047464
1.96434949713855,-2.84543347001254,0.962882958976977
1.84901302174491,-2.66678513950495,0.913783349557729
1.73121560346422,-2.47863270550302,0.860777486599464
1.61184791397911,-2.27939875752995,0.810347738193376
1.4899957418702,-2.06778961581194,0.769554354782028
1.36333597924569,-1.84308920104441,0.744304304220736
1.22958230270234,-1.60586620224076,0.737096074310107
1.08862931641931,-1.35901499355754,0.744924605004324
0.944259238455617,-1.10847201527686,0.758691388300294
0.803796833966948,-0.862611873280628,0.765554427037352
0.675129300024052,-0.630039354230442,0.753840855021109
0.562962838365846,-0.416980892005054,0.717406960892701
0.467135006903141,-0.225950953451269,0.656451736837413
0.383680998860019,-0.0561303918414745,0.575163427032174
0.307080162240518,0.0953991742751925,0.478784289693679
0.232073501104637,0.232515383224195,0.371855951566207
0.154557853510881,0.359376338726962,0.257780615806096
0.0717909773257348,0.480116667651371,0.139101746231418
-0.0177344891021547,0.598701947594928,0.0179456283072204
-0.114516588846369,0.718782723363889,-0.103679278268829
-0.218271614885311,0.843500726475657,-0.223810209190429
-0.328141793689297,0.975290185213768,-0.340631847065801
-0.442886419952893,1.11574899312412,-0.452636970695097
-0.561058237869282,1.2656270179362,-0.558740379191342
-0.681158880613044,1.4249256803845,-0.658296084605682
-0.801763697879908,1.59306468284512,-0.751027650439954
-0.921608854438337,1.76906514615953,-0.836913868831842
-1.03963907451582,1.9517136666054,-0.916072384066589
-1.15501976041797,2.13969154142501,-0.988666994010824
-1.26712097938058,2.33166741775624,-1.05484603804223
-1.37548261321707,2.52635849176216,-1.11470741298648
-1.47976990896255,2.72256761692275,-1.16828102426782
-1.57972723244311,2.9192037769648,-1.21551944098647
-1.67513567524026,3.11529269522077,-1.25628963750197
-1.76577801162575,3.30998334120811,-1.29036142168534
-1.85141282603447,3.50255482006909,-1.31739091041541
-1.93175868304138,3.69242651961854,-1.33690024147692
-2.00648896681398,3.87917233808253,-1.34825783133191
-2.07523834628341,4.06253719635821,-1.35066697476725
-2.13762249129326,4.24245079640917,-1.34317410384092
-2.19327332557588,4.41902984899027,-1.32471062424643
-2.2418921321997,4.5925563295366,-1.29418226722486
-2.28332108228479,4.76341711195699,-1.25061515830343
-2.31762857280621,4.93199223171191,-1.19335621709936
-2.34519378732161,5.09848904284186,-1.12230626467332
-2.36676256758506,5.26274130329854,-1.03813968372316
-2.38343751388265,5.42402382171575,-0.942442404554376
-2.39657346891811,5.58095988089766,-0.83769440786877
-2.40758387842847,5.73159274063296,-0.727049668348233
-2.4177113196464,5.87363500282139,-0.613929713573504
-2.42784168875937,6.00482189429121,-0.501524199373121
-2.43841955027685,6.1232377631227,-0.392338371960366
-2.4494668513925,6.22750512166113,-0.28791005510729
-2.46066220400268,6.31680322976229,-0.188748671826303
-2.47142996682194,6.39075741271354,-0.0944701936530993
-2.48100793516111,6.44927053580451,-0.00405262949139062
-2.48848533278166,6.49235828449251,0.0838752294019042
-2.49281518968584,6.52002512542943,0.170785989053671
-2.49280818617954,6.53219679151051,0.258096481880238
-2.48711587246146,6.52871306467691,0.347121513216602
-2.47421483294272,6.50937876597822,0.439125955784649
-2.45240984703061,6.47406678368213,0.53542860927289
-2.41988030928631,6.42286137049657,0.637481448278217
-2.37479712543471,6.35622058711671,0.746830815402718
-2.31553465923928,6.27512226563158,0.864874640160903
-2.24098910332052,6.18113993360124,0.992377459002781
-2.15098071153231,6.07638363079664,1.12880541634978
-2.04665350384433,5.96325560861567,1.27168516220269
-1.93070420341636,5.84403269166468,1.41631226227413
-1.80723015671979,5.72038935883485,1.55612545054363
-1.68107798351396,5.59306014721598,1.6838271502091
-1.5568338212431,5.46181580408421,1.79291878913186
-1.43786662308982,5.32576433567028,1.87900688375845
-1.32584955766341,5.18379843369876,1.9403329331724
-1.22088412398366,5.03496126894643,1.97745208689971
-1.12201167761637,4.87861679923291,1.99242356767668
-1.02779104462388,4.71445380731899,1.98796392665922
-0.936735056918002,4.54241245367596,1.96682618147987
-0.847556339969081,4.36260305742914,1.93145147660748
-0.759262395660047,4.17524598540282,1.88382858427697
-0.67115979470864,3.98063402516413,1.82547888663769
-0.582814393293811,3.77910868766728,1.75750541286403
-0.493996188554047,3.57104196622282,1.68066845297198
-0.40462378182984,3.35681835134055,1.5954664043041
-0.314715238763614,3.1368149483991,1.50220967965915
-0.224347687965723,2.91137927913396,1.40108074103273
-0.133625674296098,2.68080477687794,1.29217658097849
-0.0426571028732732,2.44530343341341,1.17553198326907
0.0484649258960502,2.20497385080027,1.05112278627805
0.139676175310821,1.95976141340815,0.918848206295011
0.230952572007997,1.70940593289206,0.778490382774403
0.322318429308613,1.45337284238115,0.629649086364637
0.413846180070339,1.19077364965546,0.471655123209222
0.505628667378204,0.920319167275115,0.303492822050494
0.597679377371574,0.640445987035793,0.12383972441237
0.689710111839579,0.349852892868885,-0.0685640859170088
0.780855398812732,0.0483832053343841,-0.274156680181855
0.869633885982801,-0.262645667030798,-0.491922759448823
0.954384273832891,-0.581453184352437,-0.719358328324485
1.03404972970382,-0.907457915447043,-0.95244590709565
1.10907266771152,-1.24245584287366,-1.18475344689771
1.18235975701656,-1.59094265803568,-1.40548973556385
1.26017073173038,-1.95929988135302,-1.59702170090562
1.35218239180473,-2.35301747580862,-1.73342283872632
1.46885575965037,-2.7710384803032,-1.78420571390655
1.61352695864303,-3.19886675441837,-1.73023763011499
1.77168407739637,-3.60930193024928,-1.59091509647556
1.91314109703387,-3.97975702910206,-1.43148415776448
2.01508805513432,-4.3096302614515,-1.31954982228022
2.07763835210063,-4.61379411154337,-1.27748214070181
2.11500172407421,-4.90604860313319,-1.28528769989526
2.14170397471587,-5.19219758045258,-1.30885389470121
2.16655963160763,-5.47120391928365,-1.31913180405881
2.19246962287949,-5.73836146259517,-1.29837348403456
2.21840374303691,-5.98791420231246,-1.23944180549725
2.24156859511419,-6.2145485266424,-1.14260321898237
2.25889850487959,-6.41395237787233,-1.01220902324219
2.26776558218741,-6.58286289096227,-0.854308540964895
2.26617124871156,-6.71893514451735,-0.67529602067487
2.25270158456882,-6.82059359653437,-0.481269758797802
2.22641694581376,-6.88691016442294,-0.277754098099292
2.18674969926001,-6.91750173504444,-0.0695615595468488
2.13343451598588,-6.91242893734816,0.139293888541122
2.06647660272911,-6.87208847369232,0.34562430974267
1.98615474028396,-6.79711451365825,0.546973353325838
1.89304746102769,-6.68833097858619,0.741334449679367
1.7880606225071,-6.54680656162543,0.92667974071701
1.67242807589843,-6.37403273114119,1.10042050658783
1.54766127814776,-6.17216440776378,1.25904091628231
1.41544136052319,-5.94417487207014,1.398159100163
1.27747154747626,-5.69376500824179,1.51309953610272
1.13532484066134,-5.42498428674586,1.59977698867653
0.990321655798705,-5.14170232871779,1.65550000242436
0.843458158600557,-4.84716771599158,1.67936174267924
0.695389425731697,-4.5438253596432,1.67214067416592
0.546458729883945,-4.23340583917279,1.6358733203395
0.39675620002077,-3.91717918424531,1.57334088135128
0.246188070250345,-3.59624189163654,1.48764775917332
0.0945429361932681,-3.27175113034648,1.38196136583826
-0.0584480540018314,-2.94507823174673,1.25940223034086
-0.213048661138051,-2.61789040259469,1.12303896735235
-0.369435511710918,-2.29217900203869,0.975939020465448
-0.527575896658408,-1.97024269620513,0.821232546119926
-0.687049612327287,-1.65461452203431,0.662149858781253
-0.846817559811673,-1.34790222281811,0.501989364557001
-1.00497757516603,-1.05250081608783,0.343970665698139
-1.15860235499961,-0.770148122297688,0.190944725126542
-1.30380164307402,-0.501340653998751,0.0449917246191106
-1.43614067287701,-0.244708870612903,-0.0929537047894833
-1.55142625730272,0.00345791769733845,-0.223177798735279
-1.64664378854414,0.249287639276685,-0.346612768846489
-1.72060625678607,0.500750093783597,-0.463371187757521
-1.77386409629128,0.766232003015478,-0.570644428723685
-1.80778269955535,1.05224341559361,-0.661219387651951
-1.82334082189438,1.36072710793773,-0.724863980143375
-1.82070171897883,1.68726150683561,-0.7541564586527
-1.80032637049887,2.02193113890115,-0.75250389469623
-1.76499895730632,2.35355724998037,-0.737451947384208
-1.7205906841708,2.67509269330189,-0.733691879546271
-1.67415670019923,2.98609386887218,-0.759793066891594
-1.63102146040166,3.29066948545176,-0.819771957429623
-1.59349308325176,3.5935616915798,-0.904785334500464
-1.5615425424181,3.89757173201741,-1.00024263566025
-1.53407253344558,4.2030422815349,-1.09190014723134
-1.50981601732157,4.5084376307885,-1.16871299245926
-1.48776264726224,4.81109389153845,-1.22329749363183
-1.46730800069572,5.10776521077197,-1.25133638832816
-1.44827185301222,5.39493515595997,-1.25074809182115
-1.43085166642879,5.6689626215665,-1.22097628354944
-1.41553952735772,5.92613152732223,-1.16250629788163
-1.40301405589367,6.16265525962373,-1.07660018578836
-1.39400765191159,6.37467289916607,-0.965196877332383
-1.38914265875678,6.55826661565974,-0.830912280177699
-1.38873107718946,6.70952614572205,-0.677073953599772
-1.39254525102411,6.82468302444356,-0.507722015639888
-1.39959440831881,6.90032685669966,-0.32749811614293
-1.40798200318272,6.93368864837683,-0.141338227984917
-1.41495683035171,6.92292769344171,0.0460874676590178
-1.41727394973978,6.86730565477021,0.231140532708389
-1.41190613773869,6.7671266423084,0.411941060413831
-1.39696943798294,6.62343819305419,0.588594634835115
-1.37248536367435,6.43774731123846,0.762429380307065
-1.34041847258557,6.2122663087295,0.934125289883437
-1.30350825459987,5.95109269130709,1.10137059712593
-1.26304858522812,5.66183384645386,1.25742347809318
-1.21701020151704,5.35585351913312,1.39207628708865
-1.16053051095082,5.04548574414368,1.49537832527008
-1.0888356442748,4.73959212941826,1.56205835262926
-0.999835893275252,4.44123220824465,1.59316420632228
-0.894361976309297,4.14897968455398,1.5938096554045
-0.774862012142954,3.85984715194223,1.56954738747019
-0.644104945582123,3.57137751990166,1.52417203311545
-0.504455350149203,3.28215345689536,1.45961390458255
-0.357624715732808,2.99123191407348,1.377094941741
-0.204744074060548,2.69731662903402,1.27845296189455
-0.0466557273782449,2.39833297396155,1.16679610217014
0.115725969876121,2.09173508247979,1.04613008313899
0.2811759562357,1.7754144399639,0.920231879994624
0.44814216190233,1.44870769275004,0.791487497235535
0.614901598515651,1.11296915245172,0.660347586314418
0.77977230306071,0.771438284062898,0.525617928347775
0.94129315338249,0.428464494395561,0.385371699142217
1.09833630354387,0.0884071930409796,0.238053137059313
1.25015554271319,-0.245354006130813,0.0833448360702922
1.39638827105593,-0.570943349570781,-0.0774619217312258
1.53701713318466,-0.887940175421375,-0.241616769540083
1.67228147576351,-1.19691151786881,-0.405417625451143
1.80253587243663,-1.49880023377247,-0.56485453750067
1.92807846955594,-1.79440155532183,-0.716214257320197
2.0489894283043,-2.08404533488591,-0.856550193537455
2.16501556022653,-2.3674987872556,-0.983985402790536
2.27551885795388,-2.64405044247356,-1.09784402037628
2.37948912336024,-2.91272477241403,-1.19859601678985
2.47561513743527,-3.17258688805049,-1.28754683272415
2.56241841789057,-3.4230993253489,-1.36610448022368
2.63847571261928,-3.66445068990333,-1.43433680633542
2.70277703082421,-3.89764496904668,-1.48849908608408
2.75523997430229,-4.12390951960892,-1.51754342563072
2.79722216298959,-4.34279638494033,-1.4998085159343
2.83142652351333,-4.54876603081672,-1.40364523698556
2.8601506564254,-4.72819614636008,-1.19906161998053
2.88186312476878,-4.86300351874385,-0.885568912700713
2.89005677403556,-4.94616323314087,-0.519385690199377
2.87900857244629,-4.99488547397022,-0.193735365455742
2.85000987408802,-5.03724697081822,0.0278099397074972
2.80885388634038,-5.08862553538927,0.143888239463323
2.76003040988804,-5.14770106259866,0.189377502238462
2.70476380738362,-5.20546952934489,0.202029043047024
2.64207266105207,-5.25268101861155,0.207905639616904
2.57030716846127,-5.28284068275776,0.22010127348017
2.48813213041339,-5.29256840211526,0.242197287983966
2.39489991017322,-5.28091464707724,0.272242498106428
2.29063963236962,-5.24849538298277,0.305775609079485
2.17588183330833,-5.19681317372943,0.337648811788478
2.05145107908313,-5.12784475896188,0.362921431791127
1.91827682092939,-5.04384281662802,0.377221212826417
1.77722163476352,-4.94725769738894,0.376931566206795
1.62890584323976,-4.84067271419257,0.35949029216026
1.47351207039503,-4.72662944402978,0.324020752086833
1.31057977579203,-4.60719727319843,0.272422855142361
1.13884641600071,-4.4831518930663,0.210845432662045
0.956251657831312,-4.35274387326522,0.15107168255782
0.760287416125574,-4.21035207560546,0.110778232210802
0.548943828687659,-4.04592152053227,0.110980862479399
0.322452167371485,-3.84696963222631,0.168687562352462
0.0853745454122878,-3.60517048928469,0.284636173026945
-0.153024728610652,-3.32592746459433,0.433009936280189
-0.382506668059399,-3.03144010343015,0.567338618697507
-0.597503795169299,-2.74931974628909,0.645402423109457
-0.798842846671146,-2.49686433816982,0.651034578735189
-0.990850314422724,-2.27639204370164,0.594294872105398
-1.17804943379239,-2.08094771567672,0.497762770974407
-1.36358761114274,-1.90144927675421,0.383980051140915
-1.5488644321647,-1.73080692669572,0.269421914479805
-1.73358842428081,-1.56506410401635,0.163422485823019
-1.91598635734058,-1.40279861226624,0.0693881161574192
-2.09315884169233,-1.24382475069293,-0.0134583207690992
-2.26166041362367,-1.0878620841487,-0.0886223282055239
-2.41838936133969,-0.933580007082668,-0.161343714345313
-2.56177437864863,-0.778297483723017,-0.237827270985007
-2.6930091756351,-0.618497961231235,-0.324247680055754
-2.81679265961697,-0.451074316771453,-0.425051733024211
-2.94086281594482,-0.274832884660908,-0.540295867943752
-3.07376373654384,-0.0914141320989715,-0.662325977760508
-3.22093028443167,0.0953076443793423,-0.773081344040586
-3.38038062025961,0.281807780268728,-0.844361587983831
-3.54068147694859,0.468704246501596,-0.843666581159454
-3.68424965791918,0.663198523614607,-0.746736959882261
-3.79681431853591,0.876277712772481,-0.553831155590276
-3.87767478697732,1.11290354441935,-0.299430429509808
-3.93940965570601,1.36262151777251,-0.0406093370362856
-3.99409443591059,1.60431211728594,0.174579147206717
-4.04224241662238,1.82204327397754,0.329742903192197
-4.07607190499163,2.01266133317215,0.434920961828195
-4.08796783822042,2.18097974422121,0.508793930793453
-4.07442896854757,2.33300061102247,0.566720607411583
-4.03568879179226,2.47287702338135,0.617263890458786
-3.9741323316405,2.60281426512243,0.663137097367333
-3.89307276020632,2.72393860395998,0.703466613360678
-3.79607568058288,2.83704681898693,0.736082297452694
-3.68656700196098,2.94289881188407,0.759452963625556
-3.56745660331015,3.04205214650561,0.774149712973514
-3.44064022814423,3.13437442261613,0.783681823236259
-3.30642004554243,3.21847750496192,0.79442390804754
-3.16308815790753,3.29143319281507,0.81432972166932
-3.00708381505537,3.34917296398474,0.850361553125839
-2.83413366109699,3.38781262718079,0.905113305629029
-2.64143578862139,3.40566935686055,0.973895921886415
-2.43013535581029,3.40501231757486,1.04420414796035
-2.20644607744869,3.39214673024257,1.09900791957549
-1.98003828575361,3.37521558579289,1.12290087589163
-1.76039289771015,3.36098591805642,1.10745236514418
-1.55366079071171,3.35279318911528,1.05257211920382
-1.36179546250112,3.3505511467098,0.964132190959592
-1.18358448338194,3.35204001159904,0.850419054543803
-1.01624454067016,3.35430925936875,0.719468338252442
-0.856674674574548,3.35460430702509,0.577797765231454
-0.702144289764275,3.35077773714282,0.4301596518863
-0.550541603390613,3.34136040828836,0.27979379635082
-0.400372386953719,3.32546911884627,0.128827268990122
-0.250652051647167,3.3026653415105,-0.0213511700170801
-0.100773525548426,3.27282230764889,-0.169799505560049
0.049611038199822,3.23602111241656,-0.315815498771944
0.200682845936719,3.19247738276244,-0.458795340878612
0.352524511997775,3.14249183821622,-0.598134995979394
0.50516988611669,3.08641553801709,-0.733153854647718
0.658642860542413,3.02462053665966,-0.863024685207717
0.81299109842952,2.9574674866457,-0.986698560628629
0.968318154337683,2.88526298577026,-1.10281871914403
1.12481397961036,2.80820151317174,-1.20962443338626
1.28277916856606,2.72629058683005,-1.30485675959341
1.44263240369693,2.63926479177299,-1.38569446001735
1.60488399282626,2.54650634444904,-1.4487713842145
1.77005338746988,2.44700798038582,-1.49035321885162
1.93851038978762,2.33943576447664,-1.50676890224164
2.11023745273501,2.22236281296154,-1.49516896972514
2.28455364831836,2.09472089824974,-1.45456968837683
2.45990627868037,1.95641628214049,-1.38690555460313
2.63388499084108,1.80887842052897,-1.29753626033895
2.80356986943893,1.65517542798039,-1.19461556182096
2.96614895958014,1.49945526381091,-1.08721992716469
3.11953728268742,1.3458995961551,-0.982973619240576
3.26270287569077,1.1977544686478,-0.886340483618895
3.39560872623565,1.05692715857954,-0.798291124578559
3.51891874169449,0.924211352726234,-0.717162315655734
3.633694868072,0.799866828065377,-0.640002635504082
3.74123439989366,0.684249809495526,-0.563758304460308
3.84307402349001,0.578338958253902,-0.48597532306961
3.94108772140118,0.484137328947862,-0.40496393636443
4.03752182203185,0.404953236083416,-0.319502152023051
4.13471231101087,0.345430388012168,-0.22820067339704
4.23415278911564,0.310894389131918,-0.128703112986037
4.33475919658394,0.305294790859227,-0.0170343632374672
4.43100068651304,0.327522661640596,0.112377990469443
4.512732424771,0.368094221967022,0.265487294196542
4.56810579273085,0.410297787438378,0.44631834754877
4.58795914671853,0.436892751964091,0.654542015503655
4.56855045458747,0.436996565637981,0.884001816376429
4.51180797975071,0.407901388360837,1.12278580097713
4.42423104109773,0.352755893844301,1.35522210836709
4.31506107581164,0.277586847568299,1.56557523694559
4.19391253676136,0.189192724519007,1.74195656687114
4.06857978344888,0.0938195905726261,1.87851920039394
3.94388241813546,-0.00360541604002754,1.97519216146436
3.82174863096148,-0.0997390062750403,2.03576300139861
3.70206704457905,-0.192686640287724,2.06564402923895
3.58370027101933,-0.281653927482057,2.07020264575419
3.46528241659989,-0.36656038683083,2.05388386613368
3.34568897633086,-0.447720123540011,2.01996791925393
3.22422423048429,-0.525623962027446,1.97070395880827
3.10062259123815,-0.600814057372124,1.90760455818997
2.97495338041842,-0.673823994074512,1.83176616392791
2.84749146428358,-0.745155749227603,1.74414855778164
2.71858949932136,-0.815270913185708,1.64578922156855
2.58856873141892,-0.884581456152064,1.53794961090605
2.45763486740768,-0.953432366124838,1.42219717868539
2.32582132528527,-1.02207401655784,1.30042641380237
2.19296157205255,-1.09062648690253,1.17481920262326
2.05869306795962,-1.15904176649792,1.04774289195567
1.92249582494105,-1.22707304107868,0.921585908969469
1.78376731331833,-1.29426272219702,0.798537508898871
1.64193112609071,-1.35996142126527,0.680331243842529
1.49656866554684,-1.42338689125989,0.567990129337601
1.34755192945425,-1.48372335342847,0.461630152918243
1.19514494888809,-1.54024782839832,0.360387193607452
1.04003846413509,-1.59245539942658,0.262517717865037
0.883293978214074,-1.6401480066355,0.165680073827668
0.726199993985794,-1.6834587758616,0.067342985684153
0.57007465120685,-1.72280532090171,-0.0347797810063666
0.416068259772805,-1.75879017978772,-0.142377078369472
0.265015513184754,-1.79208132392388,-0.256342331478093
0.117364300593832,-1.8233048748471,-0.376743975632513
-0.0268196604267174,-1.85297014008106,-0.502929628039872
-0.167792605989123,-1.88143247338356,-0.633706330602915
-0.306043825666127,-1.9088887257444,-0.767541378573807
-0.44220174247046,-1.93539517651503,-0.902744417221281
-0.57695092677764,-1.96089762453307,-1.0376102448646
-0.710968141022584,-1.98526554947829,-1.17051641723017
-0.84487960880212,-2.00832508817344,-1.29997843411215
-0.979238104516477,-2.0298879841971,-1.4246689172127
-1.11451666939899,-2.04977529242908,-1.54340757056862
-1.25111504883422,-2.06783545531876,-1.65512754339458
-1.38937465929072,-2.08395654774701,-1.75882233962102
-1.52959757986218,-2.09807218569626,-1.85347656255897
-1.67206444952818,-2.11015999957498,-1.93798428861052
-1.81704518421663,-2.12023092714777,-2.01106138805929
-1.96479532516162,-2.1283072421355,-2.07116319505081
-2.11553017425427,-2.13438771498323,-2.11642667744704
-2.26936971432018,-2.13840022866571,-2.14466574391038
-2.42625115888597,-2.14014604864664,-2.15345662327552
-2.58581443127913,-2.13924560602119,-2.14035138519582
-2.74727956886593,-2.13510141179907,-2.10324242843878
-2.90935160688082,-2.12689569690133,-2.04085949236077
-3.0702001635897,-2.11363325848715,-1.95331177299042
-3.22755477989377,-2.09422089417439,-1.84251055508591
-3.37892207691824,-2.06754961063339,-1.71227013509875
-3.52187234319614,-2.03253224112074,-1.56794307565611
-3.65429246750273,-1.98806845471098,-1.41561306710077
-3.77450219774908,-1.93296875629976,-1.26107184733405
-3.88120098963387,-1.86595291477657,-1.10891813970819
-3.97332729575703,-1.78591091214858,-0.962056711143165
-4.0500129446905,-1.692610088498,-0.821684540803227
-4.11082395970541,-1.58781891077153,-0.687650955210722
-4.15628884273036,-1.47627915176784,-0.558974507985016
-4.18830853550819,-1.36541244247174,-0.4343189136746
-4.20981907985855,-1.2631073127106,-0.312328191901572
-4.22364863325509,-1.17473053454669,-0.191813836383162
-4.23144061195758,-1.1015961620748,-0.0718122121579094
-4.23346200549808,-1.04171816152391,0.0484862658655978
-4.2291585466643,-0.991663682792744,0.169920102431125
-4.21780951124435,-0.948094454876486,0.293584890105164
-4.19888818303089,-0.908539569588184,0.42100311015922
-4.17210703302041,-0.871610665095425,0.55413001680892
-4.13727829499483,-0.836952948612122,0.695115458288062
-4.09412463065654,-0.805077994950621,0.845795153632282
-4.04214726119584,-0.777101515184353,1.00697343888463
-3.9806322682833,-0.754374578299844,1.17767303613098
-3.90883358035605,-0.738035123529991,1.35462335419694
-3.82629793656117,-0.728577830932605,1.53226646667362
-3.73320997632172,-0.725587135649398,1.70342167528792
-3.63058964498429,-0.727747412725599,1.8604872631996
-3.52022284073339,-0.733132531166188,1.99680156908994
-3.40433858586236,-0.739649906318714,2.10770097897566
-3.28517445153823,-0.745458846805339,2.19096490525003
-3.16460698673817,-0.749229345709581,2.24662483290109
-3.04395671298387,-0.750207379004405,2.27635314581881
-2.92397463401794,-0.748134725675112,2.28272503516608
-2.80494806186337,-0.743100446258553,2.26858102737798
-2.68684873376958,-0.735387675729515,2.23659704424119
-2.56946699069449,-0.725350417628721,2.1890681988051
-2.45250562784081,-0.713330177278823,2.12785905480696
-2.33563009898728,-0.699608059391162,2.05445964683869
-2.21848418658427,-0.684382876499352,1.97009510993664
-2.10068436535095,-0.66776608232716,1.87585238000306
-1.98180558966262,-0.649786797786641,1.77280178825432
-1.86136901008638,-0.630402976932832,1.6621013153212
-1.73883981070553,-0.609517036809691,1.54507641100026
-1.61364155938007,-0.586995799615384,1.42326935490826
-1.48519204703742,-0.562695347283699,1.2984502052472
-1.35296382879483,-0.536491341707653,1.17257784585901
-1.21656933908579,-0.508314379568984,1.0476966861545
-1.07586407899084,-0.47818780435948,0.925755904642403
-0.931051106666376,-0.446262028957846,0.808349070601443
-0.782757427492352,-0.412835504819907,0.6963975214055
-0.632043729711484,-0.378350054842802,0.589840214326242
-0.480313294753343,-0.343350729348906,0.487431788269258
-0.329112187741139,-0.308410293217549,0.386760312164299
-0.179856865778575,-0.274034056261792,0.284548810077718
-0.0335649600191514,-0.240573768298131,0.177204232641754
0.109327573987859,-0.20817977151139,0.0614748252606752
0.249012931645357,-0.176806290906244,-0.064963674757027
0.386224507668934,-0.146264499467063,-0.203129935771455
0.522060915540957,-0.11630369071676,-0.352616872766356
0.657779207696511,-0.0866971743499412,-0.511702602390183
0.794605898504114,-0.0573132294944252,-0.677624319937405
0.933594030179721,-0.0281584695556858,-0.846935145588211
1.07553461334913,0.000610582443731155,-1.01586962222103
1.22091743965602,0.0287036409524947,-1.18065956100429
1.36993013883351,0.0557307421913159,-1.33776358072764
1.52248282135629,0.0812429280665606,-1.48399606922876
1.6782459757066,0.104770628566402,-1.61656024289504
1.83669006773459,0.125855782872331,-1.73300318597848
1.99711620292651,0.144079338059885,-1.83111824871024
2.1586686540932,0.159090464284439,-1.90882422149425
2.32032306847493,0.17064641472313,-1.96405450878523
2.48085025738365,0.178671119641542,-1.99469518179749
2.63876569487765,0.18333434621241,-1.99861692520829
2.79228780293351,0.185139282435321,-1.97384606282674
2.93933757516696,0.184984552729736,-1.91890245570949
3.07760691392874,0.184144226342903,-1.83328437826593
3.20469303431741,0.184105969723447,-1.71800027369123
3.31824604902567,0.186249767050028,-1.57596188714799
3.41603859975312,0.191444896071915,-1.41202823372748
3.49588863525314,0.199744747391393,-1.23259327392819
3.55546578367585,0.210376303335599,-1.04482912591607
3.59213045548459,0.222102946716573,-0.855892728210215
3.60299919014495,0.233857481859031,-0.672410190628712
3.58537158662846,0.24543189428316,-0.500344195376184
3.53755078652579,0.25800482906238,-0.345075046242445
3.4599648946334,0.274278458494377,-0.211365107028552
3.35626276462791,0.297927505080071,-0.10291922653372
3.23369631482903,0.33214452805296,-0.0215120394951885
3.10198578756022,0.377606473052107,0.0339505339572077
2.97056496119901,0.430966535039795,0.067800407910633
2.84537546294775,0.485067532984531,0.0869614465963363
2.72689286282513,0.531065595250671,0.0994326726319733
2.61022486652105,0.561489819167765,0.112547957892389
2.48704402517729,0.572803251213319,0.131747918455263
2.34861652210689,0.566202854173629,0.160285622088183
2.18890196606788,0.546401140116477,0.199697193070813
2.00673535473022,0.519746454779254,0.250417529978846
1.8066384557692,0.493398534156553,0.31205388354936
1.59796235431823,0.475477859533776,0.383329352731065
1.39191745957718,0.474317982181831,0.462073190587083
1.19733223590529,0.495943371032857,0.545603935708523
1.01792589409969,0.541802327031707,0.631337114307201
0.852828433557829,0.609066502782671,0.717056267822646
0.698932460175878,0.692857203448837,0.800719919447032
0.552891164931734,0.788283227173175,0.880216722015383
0.412046060883367,0.891363391943088,0.953357483999856
0.274615245621748,0.999129522254207,1.01804942206889
0.139570743113439,1.10941579204994,1.07249364448228
0.00643793645426003,1.22061744427476,1.11531271067973
-0.124891991693104,1.33150894372929,1.14559130630788
-0.254309356529574,1.44112550909301,1.16285058312993
-0.381590299662143,1.54868873516886,1.16698528376972
-0.506464469524223,1.6535579748191,1.1581885453553
-0.628654980806569,1.75519598739831,1.13688174740774
-0.74789936311493,1.85314356865378,1.10366001477386
-0.863958857023732,1.94700198541046,1.05925918312714
-0.976621809508893,2.03642425504053,1.0045469614327
-1.08570538125885,2.12111706591387,0.940538738132527
-1.19105830978797,2.20085451765794,0.868435697549553
-1.29256593121933,2.27550255835339,0.789678417253423
-1.39015690127404,2.34504863603667,0.706002319234709
-1.48380900411592,2.4096249290284,0.619473046686461
-1.57354923960068,2.46950740523364,0.532472768518007
-1.65944144734629,2.52507076717944,0.447606922679835
-1.74155394895487,2.5766861249352,0.367509464621055
-1.8199016199903,2.62456732338304,0.294545870987334
-1.89436353807424,2.66860062434365,0.230446529438843
-1.96459015106306,2.70821940484356,0.175944427614568
-2.02992989119917,2.74239199451733,0.130528322977593
-2.08941444179242,2.76976049159901,0.0924309645097384
-2.14183107043674,2.78890374825599,0.0589210512328588
-2.18587575931798,2.79863015944762,0.0268543149771236
-2.22033932419392,2.79818113004815,-0.00668232968848553
-2.2442589900251,2.78726604127175,-0.043846254089482
-2.25698394288438,2.76592941329992,-0.0857858348948946
-2.25814169368859,2.73432147106561,-0.1326910572785
-2.2475271004543,2.69247202554807,-0.184078472232603
-2.22495143062543,2.64015493948528,-0.239187858610831
-2.19008472922705,2.57689626074018,-0.297349174879439
-2.14231304024278,2.5021427232601,-0.358167380090863
-2.08063258295758,2.4155741567624,-0.421355696302423
-2.00363774553496,2.31749736996498,-0.486037808899969
-1.90973752748078,2.20916714226047,-0.549404948587473
-1.79781498130759,2.09272967792302,-0.604918100284529
-1.66847875653486,1.97037877477122,-0.641003929172796
-1.52559199519448,1.84257928228083,-0.64232914208222
-1.37683887462933,1.70622800154909,-0.596079521186315
-1.2315797888558,1.55493643158009,-0.502578734981945
-1.09606338571663,1.38294754385994,-0.382401107653204
-0.969865598413265,1.18997520877236,-0.269603195287371
-0.847462852040964,0.981612314266787,-0.193595153231886
-0.723040726506068,0.764897132858273,-0.166236169523295
-0.593764121264834,0.544136527827445,-0.183141184322764
-0.460115764495158,0.320125741513086,-0.232538917000331
-0.324792007551078,0.0916250211870131,-0.302707385224215
-0.191506497159051,-0.143146055350523,-0.384980187196176
-0.0641146481251978,-0.386201396695201,-0.47328632147629
0.0540771758854907,-0.64072842866418,-0.561858460921792
0.161230497759967,-0.912511233043639,-0.642332342097349
0.258614521835623,-1.2100901981699,-0.701665220519376
0.352738918691229,-1.54066874586861,-0.723733222957921
0.455476429108712,-1.89982837312091,-0.698149389542628
0.578517051343043,-2.26226564519947,-0.633465148248953
0.72522420713838,-2.59142020415757,-0.559028134717482
0.889561292511341,-2.86648383366242,-0.506549694296113
1.06108191337134,-3.09463370942721,-0.491010372163171
1.22859063270715,-3.29855205436053,-0.507947935720628
1.38262461775209,-3.49934357931821,-0.540890810360984
1.51711403361092,-3.70766899327959,-0.570275880858615
1.62899351174597,-3.9234449907575,-0.580168104614292
1.7169709330929,-4.14012257628263,-0.560756044817614
1.78097873219592,-4.34942643857327,-0.507145970372388
1.82215232037675,-4.54453932466737,-0.417017332717344
1.84267285874391,-4.72148155538269,-0.289474169153072
1.84524970800975,-4.87892930741991,-0.126144475157279
1.83234864834707,-5.01685926307401,0.0662025596509188
1.80549130289631,-5.13494496819293,0.274347133062605
1.76511847061358,-5.23199212138833,0.481542082277775
1.71114536331754,-5.30671065892887,0.67363614587612
1.64362735426843,-5.35860207411703,0.843485107497044
1.56298936228558,-5.38791774670263,0.990640340451062
1.46993911876304,-5.39501425210252,1.11796152995356
1.36542191639272,-5.3798913386458,1.22822901242651
1.25070488588815,-5.3421923641895,1.32231769017779
1.12743775512589,-5.28149511095796,1.39897362678003
0.997540444899629,-5.19763398401639,1.45561236407271
0.862932492731285,-5.09089210592115,1.48944452303997
0.725267406268552,-4.96202569495489,1.49836923909372
0.585832259238758,-4.81216330661048,1.48139112445125
0.4456451235517,-4.64263369625695,1.43864652751829
0.305663014898743,-4.45473560667563,1.37127988134563
0.166977039222386,-4.24941683193011,1.28136167325376
0.0308915056553547,-4.02682354704333,1.17188850671247
-0.101192345893013,-3.78574749881096,1.04675157326358
-0.228148410878523,-3.52315698133116,0.910455871987211
-0.349762010594238,-3.23421863251378,0.767375479349369
-0.467499691072547,-2.91335854422415,0.620533267274833
-0.58502863991363,-2.55667709238295,0.470364248176227
-0.707830697326218,-2.16510745541598,0.314500264114838
-0.841337881256165,-1.7463468548871,0.149635040413823
-0.987879564846418,-1.31332731002624,-0.0249047580199465
-1.14398375356037,-0.87930635705506,-0.204622926765475
-1.30004785269342,-0.452698385401137,-0.381364898564298
-1.44345807009151,-0.0349355493163364,-0.548107246780388
-1.56383490290719,0.37782104163933,-0.702324302431111
-1.65675046038308,0.790683899542919,-0.844855311425439
-1.72338765163465,1.20628389129842,-0.976319888747971
-1.76731683207907,1.62295382185472,-1.09459320226818
-1.79108765567718,2.03496913118684,-1.19408695286103
-1.79399344494019,2.43427055100859,-1.26543508002942
-1.77098507111013,2.81336980969612,-1.29481361014349
-1.71310186050506,3.16925247458336,-1.2648076287895
-1.61177568557861,3.50645333039096,-1.16171628350566
-1.46881613355767,3.83377273327026,-0.991729282017498
-1.3027996539822,4.15182789897047,-0.791655504576361
-1.13535791503943,4.44737743673716,-0.609013101060307
-0.971838659914207,4.70820720238634,-0.467088367227529
-0.804735525351999,4.93552576982845,-0.358609028573831
-0.627371172199109,5.13787559183696,-0.263958404088571
-0.43830654567121,5.3210377293444,-0.166320183981368
-0.239321237265884,5.48515372679963,-0.0566960675215807
-0.0335581911987871,5.62665486805946,0.0662252221843545
0.175311999336447,5.74057131841599,0.197806257325891
0.383848676684825,5.8221252069168,0.330175480435907
0.58948974318977,5.86787504714483,0.455621500726646
0.790527490341664,5.8762509773277,0.569375272401253
0.985419687346905,5.84724138714344,0.67043694508038
1.17203273145129,5.78159290973661,0.760436789541224
1.34727701566955,5.68015004669743,0.841710455293494
1.50715393326399,5.54359812122901,0.915767585831676
1.64702843912915,5.37247259979512,0.982600785921014
1.76198448535553,5.16721165316889,1.04066764148613
1.8472313875819,4.92812942565889,1.087198097835
1.89862428011154,4.65529118403964,1.11859316250035
1.91341944208925,4.34835158834637,1.13087075318387
1.89134682838937,4.00652384006786,1.12026391675111
1.83583475708622,3.62897777599066,1.08413243635393
1.7546776920085,3.2159794920403,1.02221040384597
1.6587806659883,2.77068468257805,0.937680612303771
1.55774189312098,2.30042778760731,0.836586476024046
1.45362838046286,1.81519781594735,0.723712875970141
1.33915108764995,1.32229156411155,0.596159510530445
1.20585340471075,0.821601841380256,0.441906197462072
1.05532281164179,0.308121375874416,0.248398850139174
0.899923115252283,-0.220704654528792,0.0129800244773024
0.753662212607795,-0.761307969315503,-0.255060420257493
0.624085770331984,-1.3060671606851,-0.539446984729969
0.51026263367704,-1.84745938840907,-0.822502513469696
0.4052253840794,-2.38171267000025,-1.08787143729712
0.300472833888156,-2.91149646211139,-1.3196374298067
0.191949675294031,-3.44658743026452,-1.49857792384215
0.0865974774648599,-3.99769273949756,-1.5994513960658
0.00170841675002434,-4.55839508529122,-1.59914407487947
-0.0542322207564081,-5.09094155916974,-1.50051495806763
-0.100945321238431,-5.55142073052557,-1.34363757512611
-0.167957507973253,-5.93181284462235,-1.17478097456426
-0.263293495949219,-6.25453231606464,-1.01166108309934
-0.373498013986665,-6.53718682405641,-0.844574375982661
-0.48245701578379,-6.77750944042645,-0.656206720487338
-0.58229168065749,-6.96211788629289,-0.43509208849583
-0.671266423956842,-7.07866270369772,-0.177126981876021
-0.747518151177237,-7.11999341096127,0.116981758656275
-0.806422908214546,-7.08286222245306,0.439833062694783
-0.843486571454904,-6.96717770980292,0.771619183451043
-0.859280180784498,-6.77734608616731,1.07969241199305
-0.860626017576685,-6.52272540039527,1.32926260453308
-0.856289688752838,-6.21501300997368,1.49798349867831
-0.852169055908382,-5.86414988113418,1.5816682372955
-0.850922411020007,-5.4760600174331,1.58940303791778
-0.854392597228018,-5.0535329601595,1.53725156406974
-0.864237334636549,-4.59878950771457,1.4459889807992
-0.879056374347738,-4.11584956996821,1.33914001794287
-0.890956646853127,-3.61132244649604,1.23499993677991
-0.887812960481613,-3.09287728199305,1.13411094271351
-0.862960016154854,-2.56700430936032,1.01615017905054
-0.82194086846679,-2.03874551879707,0.855958161328158
-0.777002551254594,-1.51231369128814,0.643728413507812
-0.737096441619157,-0.990231096724388,0.389107837316308
-0.704469018767955,-0.4720933275899,0.11175812513097
-0.677765504284331,0.0455173694218137,-0.167741357520976
-0.656777732417357,0.568200859442827,-0.430441673879303
-0.64611327367549,1.10192579851499,-0.656967191521551
-0.656301446297469,1.64900515905186,-0.825853591988178
-0.699570209216721,2.20172237606561,-0.917877483751501
-0.777821897938855,2.73870972223291,-0.92899738612958
-0.87029584429142,3.23413088996389,-0.882752701855654
-0.942206980731342,3.67682989874125,-0.820426103241971
-0.972911592219153,4.0736806879174,-0.77061813322827
-0.965513257684027,4.43378847423003,-0.735851186696359
-0.931777942482418,4.75933681528684,-0.704650821946539
-0.879540881897417,5.04837716282034,-0.664474053369633
-0.811847389742898,5.29948633941613,-0.604704338735182
-0.731384397038668,5.51296181799347,-0.514763179222457
-0.644187358681167,5.68837332512785,-0.385225902505609
-0.559146873201726,5.82134958458912,-0.215943387446099
-0.482625247090085,5.90458449505179,-0.0253933190645328
-0.413410229585293,5.93446775045297,0.152470506237613
-0.344726548309942,5.91584069220159,0.286365244738206
-0.270651607020609,5.85840885020693,0.362917600844759
-0.189148624894664,5.76999680040118,0.38612033270693
-0.100587030639049,5.65380200789438,0.368232032812203
-0.00532916115657238,5.50968899622641,0.323007899066027
0.097392897727297,5.33648522591907,0.264095558719863
0.208928526970057,5.13363394616185,0.206071276782942
0.329252921004876,4.90203616124153,0.164397025238229
0.454644494252753,4.64424253104352,0.151289130193296
0.577357221916849,4.3640123779182,0.167805553285514
0.689293188825886,4.06543228665366,0.198874990392378
0.78736664869962,3.75225968751747,0.21992269399971
0.874870056062898,3.4278920672822,0.212178675202468
0.957643746409651,3.09541280859076,0.172293011252513
1.03972101254571,2.75716932946812,0.109692949478733
1.12174777234774,2.41401537140219,0.0386176535057598
1.20152876281855,2.06445901269652,-0.0270690450219839
1.27537815786353,1.70417698537507,-0.074061378883394
1.34083250763544,1.32759776108251,-0.0870351290514274
1.40088019320619,0.93371915639881,-0.0483433585668197
1.46256832680116,0.533248324982331,0.0541983305280589
1.5253229880001,0.147571189150431,0.212805778232385
1.57563629587547,-0.203938569511057,0.393591902507717
1.5992266640573,-0.51651893449198,0.553208616747772
1.59329902243279,-0.798075210362379,0.665010092793654
1.56432936872339,-1.05774072504589,0.727167513097632
1.51952541983155,-1.29953029830062,0.751773493778019
1.46249252978338,-1.52351544726846,0.75297592147671
1.39372633436061,-1.7291986822365,0.743003999269834
1.31295223205947,-1.91765398239759,0.73350440988602
1.22149869188706,-2.09169071524702,0.736689949682605
1.12374088404514,-2.25432674624093,0.762412323388191
1.02653468927875,-2.40654791695161,0.811146748920208
0.936197540749736,-2.54620849632071,0.868508351879748
0.85501724166943,-2.66964772406862,0.909237648395494
0.7807219836603,-2.77486344370691,0.910319067384542
0.709269779468629,-2.86289965664901,0.861701294270103
0.637658335657041,-2.93646449964334,0.766497181079936
0.564646409091907,-2.99798153892543,0.634631087120943
0.490099092976532,-3.04876225699236,0.477028164873254
0.414197636075926,-3.08914115491164,0.302942275406011
0.336985891317425,-3.11886668805141,0.119634400420136
0.258211542592282,-3.1373761677496,-0.0669294461995032
0.177331600082663,-3.14392719275039,-0.251175865801839
0.0936200307194423,-3.13769347577849,-0.427187671497931
0.00638305426057783,-3.11793550129022,-0.588352436592419
-0.0846973182912404,-3.08429958177816,-0.727649290995596
-0.179134614787483,-3.03719927540324,-0.838850181769657
-0.275313939957785,-2.97809718932017,-0.918650090275448
-0.370595416406731,-2.90941281678284,-0.968976824363429
-0.462047629679832,-2.83390728473689,-0.997825313953
-0.547526005546108,-2.75378738819189,-1.01717056213398
-0.626388499631025,-2.67007363616383,-1.03856197627855
-0.699389337883335,-2.58257942103179,-1.06904946931024
-0.767977311972173,-2.49037048053183,-1.10965742856268
-0.833545146827147,-2.39235258322953,-1.15643417273489
-0.896960696219492,-2.28774202001801,-1.20270797382974
-0.958396068485661,-2.1763415648022,-1.24128411571532
-1.01733228508341,-2.05863358582761,-1.26599134728404
-1.07261978238061,-1.93572691643722,-1.27249865006354
-1.12251921908712,-1.80919107858296,-1.25855421036223
-1.16468781796772,-1.68079811138032,-1.22384635713914
-1.19611097633709,-1.55218034999853,-1.16963492476316
-1.21301891271385,-1.42442017259258,-1.09819761196858
-1.21089019318307,-1.2976486425344,-1.01201469468576
-1.18473600296736,-1.17089708014846,-0.91253814925119
-1.12992251921912,-1.04274710364648,-0.798526507383863
-1.04356689050375,-0.913557480216783,-0.664615903838031
-0.925597624209306,-0.789424570883178,-0.502133334756841
-0.777293367921249,-0.685754053014588,-0.304486412909162
-0.596475382637647,-0.626458517755652,-0.0753685045035507
-0.375358546304191,-0.637607330204583,0.168706320615498
-0.112694064034898,-0.736774435154301,0.408372351004623
0.162893507390002,-0.914298274878723,0.636127353102924
0.396067310416071,-1.11873528131862,0.857098998918496
0.548658714238972,-1.28696657722683,1.07421934642749
0.62315258715891,-1.39185944354371,1.27980502580061
0.642682442642308,-1.44101533505433,1.46198618203316
0.628397718410124,-1.45044940418377,1.61292393522143
0.592904057494916,-1.43220004874799,1.73054394566305
0.542440115063287,-1.39402242627717,1.81625666757281
0.480194589401885,-1.34137398076044,1.87245651452204
0.40834377768156,-1.27853944204507,1.90120969499428
0.328864873976344,-1.20901267928674,1.9040524430031
0.243679733280546,-1.13561013476654,1.88241851708729
0.154541212399224,-1.06051070779042,1.83827700174593
0.0628674366088913,-0.985238052249441,1.77471101274687
-0.0303930286207362,-0.910568803103321,1.69625962781464
-0.124826704831909,-0.836390069862993,1.608868442822
-0.220517651022689,-0.761594165001194,1.51930024067882
-0.317870232782205,-0.684158588525164,1.43392305084487
-0.417273996124209,-0.601569696255346,1.35700043377433
-0.518658940348649,-0.511637718499685,1.2889880302905
-0.621102922652245,-0.413480843535284,1.22572449249925
-0.722733772759178,-0.308166797811125,1.15934193937452
-0.821078096440987,-0.198535068528811,1.08085093011915
-0.913729089888988,-0.0882381142762421,0.983167766232022
-0.998974570476144,0.0194035191174906,0.863029459086888
-1.07608731303235,0.122118443032542,0.721153600057806
-1.14524579011954,0.218804500276777,0.561141088644479
-1.20724971187224,0.309263351063135,0.38801883582013
-1.26321083710998,0.393831023131075,0.207041076334828
-1.31431854753476,0.473072843473111,0.0229521338634383
-1.36170176809748,0.547591059949745,-0.160336092744713
-1.40636844860424,0.617929595777161,-0.339777791969593
-1.44919333368701,0.684542808990312,-0.513060243944389
-1.49092862259927,0.747799938275922,-0.678399751146218
-1.53221975615338,0.808007552646036,-0.83433357817874
-1.57361510683099,0.865440603427698,-0.979549624343797
-1.61556286550312,0.920376278350651,-1.11277632998675
-1.65839191847632,0.973124765383657,-1.23274351127244
-1.70227736615335,1.02404935468781,-1.33821760658182
-1.74719639047151,1.07356721698496,-1.42810658569535
-1.7928861553215,1.12212386139587,-1.50161580443884
-1.83882038259022,1.17014043398165,-1.55841644234305
-1.88422167193588,1.21794347033603,-1.59877031337072
-1.92811914302745,1.2656975839223,-1.62355255138857
-1.9694457137641,1.31336580544062,-1.63413885238967
-2.00715242718297,1.36071427952411,-1.63217391397445
-2.04030853651815,1.40735974002869,-1.61928935194991
-2.06816177469325,1.45283998937277,-1.59686170929632
-2.09015009947224,1.49668061569083,-1.56587958404138
-2.10587376029879,1.53843804610366,-1.52693771332359
-2.11504563357859,1.57771282463496,-1.48032608599882
-2.11743664336931,1.61413832471359,-1.42615798225827
-2.1128262478471,1.64735416075801,-1.36448655518795
-2.10096115532602,1.67697141741497,-1.29538340662884
-2.08152170957788,1.70253239659227,-1.21897824192125
-2.05409466254394,1.72346462071153,-1.1354745956263
-2.01815190671936,1.7390299924616,-1.04515969741669
-1.97303672748313,1.74827817944786,-0.948420539904277
-1.91796441259202,1.75003369049416,-0.845769421625032
-1.85205766641005,1.74298621331797,-0.737875154792452
-1.77446369288935,1.72601187287587,-0.625590910779598
-1.68462690945952,1.69887670271447,-0.509962683023544
-1.58275344909595,1.66329505507539,-0.392192529535939
-1.47028316626099,1.62374588701308,-0.273534293009426
-1.34985164721241,1.58687351862015,-0.155148038331929
-1.22436851496423,1.55903094470661,-0.0380101556995675
-1.09578899704572,1.54364875630637,0.0770492843568123
-0.964659756676644,1.5406324642823,0.189243896963279
-0.830614709344453,1.54773138379062,0.297775393347271
-0.693102209557004,1.56219772341615,0.401851732389847
-0.551810011399769,1.58170234734257,0.500736329511094
-0.406765506433808,1.60455078715724,0.593790423093254
-0.258277018453703,1.62957546435755,0.680496258795876
-0.106838211274144,1.65596005787472,0.760462121446436
0.0469550536070873,1.68309489359597,0.83341331793666
0.202465091439017,1.71048143053214,0.899173184701878
0.359052810717747,1.73767745087996,0.957638041707468
0.516103192456265,1.7642705446393,1.00875010820918
0.673040021474908,1.78986968059908,1.05247239217422
0.829332959695693,1.81410742226532,1.08876913286939
0.984499304754223,1.83664741864948,1.11759438363195
1.13810233294918,1.85719326357905,1.13888986875607
1.28974780801365,1.87549598157253,1.15259161276742
1.43907992272504,1.89135845536585,1.15864339331527
1.58577758579663,1.90463609431558,1.15701412834999
1.72955159088035,1.91523388335995,1.14771603903619
1.87014285773163,1.92310055596875,1.13082079614217
2.00732166496726,1.92822094959387,1.10647166190527
2.14088762367304,1.93060764476792,1.07489061334855
2.27067006894636,1.93029283162901,1.03638033645124
2.39652854919594,1.92732108739144,0.991321661311918
2.51835314110889,1.92174347041921,0.940167420318158
2.63606438503595,1.91361309827119,0.883433882043555
2.74961270194748,1.90298219963407,0.821690912640088
2.85897721049122,1.88990051155047,0.755551912381111
2.96416390613582,1.87441482033065,0.685664419585655
3.06520319270685,1.85656940137589,0.612702097107087
3.16214676820994,1.83640709096121,0.53735862650662
3.25506385800392,1.81397071601965,0.46034383251027
3.34403675818992,1.78930461377204,0.382382137203511
3.42915560024904,1.76245599026639,0.304213187667556
3.51051217810008,1.73347589216906,0.226594199402413
3.5881926056093,1.70241959520299,0.150303193279493
3.66226851911484,1.6693462453925,0.0761418612798922
3.73278654424089,1.63431762759947,0.00493628348738118
3.79975586919428,1.59739599120837,-0.0624668240957611
3.8631340690707,1.55864095840522,-0.125211101897305
3.92281186700895,1.51810570238766,-0.182451666963815
3.97859830524969,1.47583283299249,-0.23338867712138
4.03020871811979,1.43185075460903,-0.277313943196348
4.07725865844835,1.38617158300901,-0.313668013146895
4.11926703767425,1.33879184491697,-0.342100623149862
4.1556706566751,1.28969688101078,-0.362522529659636
4.1858497576041,1.23886891831456,-0.375133590635877
4.20916065583938,1.18629723271289,-0.380413202905382
4.22496827203709,1.13198719635826,-0.379066619810213
4.23267030580924,1.07596418829951,-0.371933353489875
4.23170708282439,1.01826914327408,-0.359877415050721
4.22155628847816,0.958944994274483,-0.343687343549109
4.20171766487566,0.898016491068003,-0.324012382319776
4.17169662147088,0.835468368667608,-0.301350114812821
4.13099610980001,0.771227505206925,-0.2760853189437
4.07912346520436,0.705153492742897,-0.248566151656674
4.0156149403148,0.637039852876962,-0.219196300327753
3.94007707077145,0.566626189349326,-0.188520935314237
3.85224163278127,0.493620761639599,-0.157287841404228
3.7520294045746,0.417733563038485,-0.126469701602935
3.63961599421036,0.338721630013541,-0.0972367895552435
3.51548898120266,0.256450152504759,-0.0708706948487379
3.38047799126855,0.17097355534648,-0.0486107342194713
3.23572749904661,0.0826378029588085,-0.0314291002705873
3.08256816366159,-0.00780457890267653,-0.0197439332536082
2.92223377333027,-0.0990955706125811,-0.0131065217177656
2.75538332658248,-0.189449501495543,-0.00994008317174044
2.58144542922449,-0.276702958062506,-0.00745122091041184
2.39792408876674,-0.358740265670939,-0.00185245427502412
2.19997101096206,-0.43422952923027,0.0110074528696749
1.98064342919863,-0.503522545685533,0.0346049292901665
1.73218429908672,-0.569331020611147,0.0703831426257953
1.44831299248395,-0.636669798080109,0.11623384811614
1.12696091788672,-0.711749650235423,0.1652393590459
0.772258539685864,-0.80005961063813,0.205678055708329
0.394309296534724,-0.904590974872746,0.223497664574201
0.00627158978451949,-1.02536324413314,0.207066060563366
-0.379621759445352,-1.16045557569861,0.151672524285478
-0.754615062971251,-1.30741596467639,0.0609032453215933
-1.11371263008421,-1.4639297854113,-0.0554966188466751
-1.45470242243767,-1.62776688382399,-0.185287296543888
-1.77705370477362,-1.79660793733797,-0.316844564508484
-2.08109964922732,-1.96805116634794,-0.440895519493716
-2.36750452663104,-2.13974394701263,-0.551078383405103
-2.63695656231163,-2.30953826895241,-0.643815515194191
-2.89003127424136,-2.47565035659129,-0.717853828300345
-3.12714672399985,-2.63683471550321,-0.773628623298949
-3.34851522784312,-2.79254735152851,-0.812493539563809
-3.55401185986658,-2.94301862458199,-0.835830419850479
-3.74292839217956,-3.08911265273553,-0.844081630246835
-3.91366071574006,-3.23183273662878,-0.835830981022671
-4.06349163166177,-3.37137724407877,-0.807199254636073
-4.18875855351412,-3.50582307478765,-0.751976484254772
-4.28575503746151,-3.62986086695066,-0.662977488493698
-4.35255447028109,-3.73446143750783,-0.53491361387702
-4.39138845270103,-3.80861668339511,-0.368424806072228
-4.41024428380223,-3.8437259768835,-0.173690204657327
-4.42161893158211,-3.8391047526664,0.0292953711247214
-4.43754173902503,-3.80439544063961,0.216210853842456
-4.46361248733038,-3.75536344969184,0.367831175294404
-4.49687186069778,-3.70563066336769,0.476765512517965
-4.52881404600438,-3.66117788099262,0.546805221192146
-4.5501734552642,-3.62067810056947,0.587208698264869
-4.55406329149466,-3.57909030030603,0.607196839950057
-4.53671213735027,-3.53105701906958,0.61329745293613
-4.49669327152564,-3.47266538947358,0.60918947903243
-4.43370036426257,-3.40171484108316,0.596773309316738
-4.34752582204827,-3.31711247632816,0.577477680636219
-4.23753811952946,-3.2179295396906,0.553268927779787
-4.10277819716544,-3.10248069395267,0.527103304832288
-3.94271603952824,-2.96773588938039,0.502680108400756
-3.75855544426756,-2.80943073665419,0.483448146274113
-3.55460416600738,-2.62321970855311,0.471042530392858
-3.33873227112899,-2.4067952980967,0.463751177384753
-3.12092711854365,-2.1619580074529,0.456003986085725
-2.91013216827125,-1.89493426532824,0.439658159288124
-2.71128362447123,-1.61411112821566,0.406739475036692
-2.52464179318376,-1.3264614040861,0.352153699362778
-2.34764149909557,-1.03491207877374,0.274939857388925
-2.1777684041352,-0.737761217699653,0.177798555234603
-2.01497624679339,-0.429676180349249,0.0657001876022872
-1.86305019733835,-0.103428718488444,-0.055316411456345
-1.72965566850042,0.247749839172967,-0.17831023550644
-1.6240289130685,0.626546073050819,-0.294285982881108
-1.55031391298194,1.02684907798132,-0.390340643870454
-1.49738952394578,1.43156736011114,-0.448643019475272
-1.43582208384233,1.81771426905167,-0.447611814136751
-1.33397223528239,2.16401858906706,-0.367445601629229
-1.17856300234335,2.45185094476401,-0.206030056160211
-0.973374363434356,2.66879707030509,0.0016212090509326
-0.726479188697294,2.82147720601757,0.19503571014368
-0.447104860632013,2.93517397334359,0.332415796323083
-0.147150525510954,3.03592923614903,0.411921887636138
0.15987894948259,3.13754982555953,0.454882638456304
0.461819330398135,3.24034206063501,0.483543561896815
0.75081499969447,3.33608321024897,0.510869323217107
1.02397342481746,3.41468704326769,0.5401117517313
1.28145077018655,3.46890884994656,0.568433085751995
1.52412076812688,3.49556969327627,0.590757292057652
1.75234503216954,3.49446455131402,0.60226761067421
1.96580724492207,3.46669262213896,0.599460469192604
2.16389396185114,3.41341467685056,0.580173496988329
2.34625477853663,3.33541625426241,0.543047970778323
2.51326059461151,3.23349178568885,0.486883496418159
2.66606350723894,3.10929242060378,0.410326341985487
2.80608455136233,2.96590624736063,0.312204278271546
2.93412232383066,2.80738900556257,0.192518085256114
3.04968691324065,2.63709097063279,0.05366640837806
3.15118387660422,2.45574218867792,-0.098791476574587
3.23696745975465,2.26085575357986,-0.256307314252663
3.30646093631952,2.04831175817087,-0.408448198279185
3.36020241656326,1.81553334527587,-0.544817398684843
3.3982098619482,1.56436254766156,-0.657743732715435
3.41762247830805,1.30112722715213,-0.744897281484042
3.41221244529749,1.03293637504273,-0.809488746898078
3.37513167266279,0.763309288450104,-0.856491542992609
3.3023172466439,0.491606552080221,-0.887527329021057
3.19332097664583,0.216197775206448,-0.898980966507269
3.04985832531148,-0.0623442903129343,-0.884281550052055
2.87421953530823,-0.340146966753677,-0.83754081568115
2.66849267348974,-0.610343142114699,-0.755946438773484
2.43409313365406,-0.863198951120379,-0.640741846995543
2.17058095662554,-1.08499372069684,-0.498421287788694
1.87261375596459,-1.25495892269265,-0.343716950440745
1.5240190457512,-1.33926018446633,-0.203442567692292
1.09413560504381,-1.28370894780943,-0.109402822808898
0.574535130109614,-1.03033683667765,-0.0446254798141849
0.0829907667965021,-0.623110699868836,0.114052172732112
-0.232333524684767,-0.300997667575724,0.440428043508389
-0.393723586430403,-0.242879689311416,0.886159373887196
-0.442610519692861,-0.336998728854747,1.37561296852969
-0.440808341568108,-0.424099880320958,1.75513585391265
-0.466648588280867,-0.480089223574399,1.93661706429976
-0.528712678140063,-0.538481461816243,1.96502089325462
-0.598258579984374,-0.615111384693674,1.90935351111904
-0.65352756551024,-0.70684852109123,1.80511841742755
-0.686343344144499,-0.80473628351695,1.66049041438087
-0.695223171057988,-0.898825183340467,1.47561470504937
-0.681064445631701,-0.977784883390973,1.25621759238758
-0.648786680921372,-1.02926146931449,1.01974460782594
-0.612931657019397,-1.04539417507033,0.792449054405039
-0.598914880710791,-1.03430558726509,0.594114195232042
-0.627440178004316,-1.02610447240834,0.41987113200054
-0.690787419814892,-1.05591164673693,0.243606420412992
-0.753501647914923,-1.13556161495327,0.0391416386769352
-0.780350853366505,-1.24422892863518,-0.208540944559401
-0.760715524867013,-1.3454929238927,-0.499131700000805
-0.706921918997874,-1.41371405554445,-0.813785625196484
-0.635644793872537,-1.44476200177591,-1.12188877156626
-0.555913642542761,-1.44749171582827,-1.39406774785754
-0.469942164521003,-1.43186432473681,-1.60903199700848
-0.378662087255321,-1.40368758040072,-1.75150760778619
-0.286469531572169,-1.36520546688264,-1.80706218666434
-0.204554053469298,-1.31921346570686,-1.76127430806517
-0.151044981013955,-1.27599929028598,-1.60954600462264
-0.14515223914229,-1.26001989175383,-1.37354194465748
-0.204883931047503,-1.31009461977872,-1.09996570869373
-0.369713401450031,-1.46973360485679,-0.829399697395202
-0.718598183847924,-1.73590193206204,-0.572916836632637
-1.23238527270694,-1.93246465689922,-0.312338886071689
-1.67272534477948,-1.87242543250065,0.0189037470167202
-1.95143197784504,-1.6648957019191,0.466845725016685
-2.09754094353972,-1.42607900731211,0.920883551311087
-2.13909054652873,-1.15087049262871,1.24201603796001
-2.14423499314909,-0.833029159204879,1.42809942321941
-2.15222563648265,-0.488156885781848,1.5316260987339
-2.1640375432242,-0.132195764509629,1.57582799207975
-2.16871174686479,0.222466348338504,1.55587002133467
-2.15699155210163,0.568800361362538,1.46180167685359
-2.12619279113727,0.908938252019467,1.29704492491417
-2.08337602826729,1.25378396307851,1.09119878349401
-2.0436906195791,1.61126933732527,0.900595679033142
-2.01631635529275,1.96677886791592,0.778232107396171
-1.98575776114949,2.28328592302223,0.715146924950151
-1.92314553985797,2.53950691219681,0.632544448485396
-1.82135360003842,2.74952181688251,0.468320124742053
-1.69519243310794,2.93634496004257,0.22728461534016
-1.55996848960102,3.11304945775348,-0.0489575553260111
-1.42306770838662,3.28298895872626,-0.316555900998675
-1.28545706067975,3.44373411351129,-0.543181145422046
-1.14471524042817,3.58977638756933,-0.710534302166752
-0.997459492251498,3.71431743757055,-0.813510235863009
-0.841534516928259,3.81071282682053,-0.858621829958147
-0.677937214106322,3.87330596942997,-0.860793728731537
-0.511472078418496,3.89694771635763,-0.83746803429675
-0.349354016601633,3.87540347558072,-0.800732656514393
-0.197343851210224,3.80013350204965,-0.74793582374641
-0.0524026950425855,3.66144787136483,-0.65177444221889
0.105542723231824,3.45467753754325,-0.461439126579633
0.304795724227998,3.19209017630743,-0.143861593455629
0.533936840014915,2.9025150384071,0.233925281278456
0.720010801015337,2.59362646864062,0.519381200820314
0.814210445838006,2.23349007322873,0.641814642068017
0.834336289751543,1.78000956267444,0.643071918414103
0.832006718964564,1.20640846710343,0.573294569546798
0.871431223041146,0.53390360861567,0.453396188750269
0.991119665308491,-0.154313222923769,0.30122246235693
1.1730187452932,-0.772301351991349,0.141499332578792
1.37492843183372,-1.2933231533471,-0.0106746199286564
1.57206877240408,-1.73954551718661,-0.147752311159452
1.76913818054757,-2.14438492129655,-0.246783037401834
1.99588260940019,-2.52278862442607,-0.258549419068549
2.27927510254035,-2.85402066471688,-0.141908288194173
2.59512649965077,-3.1020921498411,0.0666209833195192
2.87125561379499,-3.27256673064334,0.251469137895657
3.0677051038776,-3.41306040496477,0.330813649962159
3.20121573294451,-3.55464669618862,0.312783464016489
3.30132584821356,-3.6968076444102,0.245016487989379
3.38539621243411,-3.82626626045079,0.168131138785164
3.4589299323897,-3.93006081729446,0.104701059551777
3.52112951621353,-3.99889984889809,0.0642272876654328
3.56816539226774,-4.02667938602447,0.0499276366042982
3.59414396923886,-4.01002737445597,0.0621572721514346
3.59182922650323,-3.94906762454343,0.0980539630658304
3.55474518732656,-3.84850198431232,0.149804040827084
3.48013066119188,-3.71696229813605,0.205112617361857
3.37008983995403,-3.56376606345792,0.251348888657227
3.22940604327251,-3.39523154314524,0.280417821725842
3.06200923772465,-3.21348214952434,0.290296812850854
2.86893601637048,-3.0179566698059,0.282854550052009
2.64830624952418,-2.80772126148092,0.260513677331795
2.39617189145875,-2.58316428671283,0.22375319146747
2.10725629462235,-2.34692465394927,0.169775566318677
1.77533557749816,-2.1044945423985,0.0919915765522967
1.39344388084757,-1.86481443114163,-0.0194770168778515
0.954044176506273,-1.64070920260243,-0.174608267545325
0.449171163807391,-1.4487553665722,-0.374482565208661
-0.127677155682393,-1.30838040567568,-0.59537312559992
-0.771039941667852,-1.23745093746865,-0.774402761998318
-1.44035390626975,-1.23468746706904,-0.817138288332237
-2.04771470558955,-1.25301952560043,-0.649831567214638
-2.50186248199878,-1.21255573133447,-0.310603395000712
-2.79263132961503,-1.06834233067114,0.0351360592326944
-2.99470837262391,-0.843350205967928,0.251496805428352
-3.17627629274316,-0.586590937354037,0.340053585471593
-3.35569864209226,-0.330642442512447,0.370976327290158
-3.52221321367781,-0.0871660606083083,0.400161992943464
-3.6611085577118,0.142936574386966,0.446969509146611
-3.76453865018788,0.361788922369886,0.505366278816775
-3.83241398555759,0.571679581741277,0.56052535663699
-3.86987435669597,0.774553698454925,0.600763238871045
-3.88378866422691,0.971142303329365,0.62479038414624
-3.87801597880607,1.15895031253075,0.644410748806303
-3.84851688444312,1.33085631592243,0.679380298343938
-3.7830182919661,1.47762363502035,0.742658563208858
-3.669720181236,1.59519236890777,0.824022446271678
-3.51085431882375,1.69098916976121,0.888664859828156
-3.32689541879791,1.78054119021363,0.8981362192252
-3.14393752371395,1.87604496914381,0.835029991499707
-2.97783830928568,1.97974989277015,0.707391628008964
-2.83045674503538,2.08679063310308,0.535805994175114
-2.69546324600527,2.19056073867112,0.340691083838489
-2.56462727064625,2.28560969518076,0.137093712901536
-2.43095279163378,2.36819614578371,-0.0653537542336064
-2.28933569693809,2.43592368917635,-0.260760750327076
-2.13614490102538,2.48730125289686,-0.445302248203432
-1.96861440263575,2.52150573655042,-0.616010085873659
-1.78445474010789,2.53837049170068,-0.770041440861704
-1.58185699770632,2.53852257874728,-0.904371803003901
-1.35994296474808,2.52351743048677,-1.01590998751093
-1.11954008313706,2.49574920323315,-1.10201692005371
-0.863859467565269,2.45794380404761,-1.16122687355459
-0.598439874224045,2.41230258106675,-1.19370093986593
-0.330032459137358,2.35976171485767,-1.20093824785407
-0.0649670879039555,2.2999156956387,-1.1848031348552
0.191895379231125,2.23167034195492,-1.14659144877335
0.436977357595231,2.15411684534109,-1.08688105135058
0.666835205977737,2.0670094058605,-1.00625244664206
0.87673054911682,1.97043876746373,-0.906338273525396
1.05942021031127,1.8633661222475,-0.790470869597294
1.20435721526387,1.74050784747753,-0.663255211166748
1.29738922247685,1.58711877212989,-0.528481557552196
1.3217305928681,1.37333176470501,-0.384763625690856
1.26574813604418,1.05955822336498,-0.21806346935129
1.15075341168351,0.64388105137266,0.00294931298633763
1.05416697406171,0.232178348672815,0.301037594850424
1.0475634795227,-0.0413166025450743,0.65455577394138
1.12680416856532,-0.152995614910468,1.02347325602824
1.23449379255223,-0.152932389945137,1.36446072649704
1.31824944172051,-0.105305666721548,1.62993906430774
1.36430271733822,-0.0587472211499663,1.79895528203543
1.38440411322162,-0.030752087666574,1.88739705242856
1.39213014198751,-0.0174716741099857,1.92389183593905
1.39468507365005,-0.00995941196301283,1.92971007293199
1.3944703219705,-0.00200090445930249,1.9148592577791
1.39189355598439,0.00885888291758942,1.88180019691136
1.38693786355635,0.0225813802428613,1.82971567537109
1.37969967168718,0.0379696305435934,1.7571594526013
1.37045340461234,0.0535273344794468,1.66321714865492
1.35957451907536,0.0679043040446439,1.54780434341304
1.34745018212295,0.0800912766371254,1.41158840613613
1.3344094067693,0.0894838806930585,1.25580111283616
1.32067117135787,0.0958830525149221,1.08206102506454
1.30630187578058,0.0994653689322328,0.892248969005152
1.29117429601146,0.100738546219156,0.688447167641138
1.2749229500861,0.100488213588087,0.472939036912102
1.25689361869204,0.0997182590672794,0.248261517203927
1.23608593820316,0.0995860179288788,0.0173104263861112
1.21108951063188,0.101328398469695,-0.216462267327266
1.18003240908807,0.106156914630103,-0.44867053823799
1.14061479838395,0.115079342011006,-0.673378920643908
1.09036798809922,0.128612205928854,-0.882378700310283
1.02731169748403,0.14639459913408,-1.06478170019454
0.951123302736832,0.166819321527715,-1.20771854971173
0.864637063754335,0.186993978523565,-1.2992354188138
0.774785855558496,0.203526523258404,-1.33404411093076
0.691368857629166,0.214334835798582,-1.32027112989102
0.622880873700488,0.220468961424856,-1.28133405721987
0.571922036261743,0.225967725754307,-1.24763935698884
0.534436725924869,0.235367652726977,-1.24230643668619
0.503232341067119,0.251160190934027,-1.27230831158698
0.472078348183891,0.273146137770518,-1.3299703617638
0.437652300558346,0.299326028062357,-1.40012943695448
0.399455286788349,0.32709483386908,-1.46693178350038
0.358897930481959,0.354043254663892,-1.51777229592398
0.318432904165713,0.378270523450251,-1.54453945583709
0.281070194141807,0.398375817711855,-1.54320288601243
0.250287002383983,0.413318495018501,-1.51273350200109
0.230239558176268,0.422255092058784,-1.4540019271171
0.226192128141031,0.424359687451699,-1.36895226252811
0.245071133024894,0.418543735509479,-1.26011604499277
0.295871309702486,0.402907685879172,-1.13042037235676
0.389040724723441,0.373740163573875,-0.983190326493469
0.53280310269991,0.324288578289732,-0.822148941715732
0.723969593427187,0.245087491171143,-0.651015967677855
0.936350239740407,0.12938445314054,-0.472349540494779
1.12298537837902,-0.01768708465919,-0.286570870520982
1.24346052670464,-0.179134309354577,-0.0935983163458182
1.28916478389786,-0.339521832252184,0.103505473109303
1.27707820330449,-0.493467569659531,0.29748900944452
1.22910669095815,-0.641927639570088,0.479440163714174
1.16109158694245,-0.786659161766984,0.641616026907237
1.08207770419462,-0.928198981087721,0.778739495787051
0.99666934535919,-1.06592989127294,0.888134058778484
0.906959555366838,-1.19861234405363,0.969557071324677
0.81348589067076,-1.32500251237019,1.02529532738891
0.715540737552138,-1.44467294839088,1.06063684444874
0.611287352976773,-1.55906301660851,1.08435944859095
0.498133111105496,-1.67243285781877,1.10846513106777
0.373733083512151,-1.79198047025387,1.14621476133795
0.237685413043058,-1.92616220788797,1.20785883939761
0.0932764519766227,-2.08070676115342,1.29475075234372
-0.0522532026519411,-2.25366275781266,1.39504787948794
-0.190241782932885,-2.43357882348214,1.48603583351103
-0.314697240444926,-2.60427499175043,1.54426402772455
-0.42446462862427,-2.75299573115122,1.55618856007797
-0.522086242342203,-2.8747902420236,1.5210690727004
-0.611368505252887,-2.97120787517238,1.44666617490316
-0.695701819747586,-3.04681883100554,1.3435364095351
-0.777475112944792,-3.10656419291593,1.22141682274064
-0.858113989510927,-3.15453838289336,1.08787221681433
-0.938325100571071,-3.19371722695755,0.948248353218698
-1.01834819361445,-3.22610782426247,0.806137302296926
-1.09815158240535,-3.2530142580369,0.663935944926497
-1.17756303535423,-3.27528248516535,0.523328412717856
-1.25634665357889,-3.29347860268029,0.385646887229312
-1.33424031327478,-3.30799543353096,0.252115757335893
-1.41096744814464,-3.31909744719226,0.123998583996885
-1.48623506456123,-3.32691809468759,0.00266552459174502
-1.55972812828053,-3.33142486203357,-0.110408337191509
-1.63110878695674,-3.33236972081727,-0.213709031729821
-1.7000264606766,-3.32924677544297,-0.305808602063009
-1.76614054433237,-3.32128204975428,-0.385533181640418
-1.82915096966973,-3.30747721275134,-0.452140623002969
-1.88882482278484,-3.28671470304038,-0.505456831297425
-1.94500356626067,-3.25790692315932,-0.545917602703944
-1.99757934688567,-3.2201471942094,-0.574486557894662
-2.04644074220847,-3.1728110310541,-0.592466267997183
-2.09140240220577,-3.11557289470534,-0.601266946970246
-2.13214075484839,-3.04833915325357,-0.602217714488211
-2.16815436612208,-2.97113233688904,-0.596487066748739
-2.19875524105542,-2.88397634129218,-0.585133203883854
-2.22308367102999,-2.78682265043549,-0.569255051016626
-2.24013071023294,-2.67953320518657,-0.550178658981473
-2.2487515960268,-2.56190934175721,-0.529592919905132
-2.24766005170843,-2.43373644778668,-0.509533275617644
-2.2354070234647,-2.29480222205282,-0.492093853491185
-2.21036890345118,-2.14484272783932,-0.4787366144559
-2.1707991366867,-1.98338102154052,-0.469102437932166
-2.11502496924805,-1.80946427160782,-0.459387544161057
-2.04187868158847,-1.62139553855704,-0.440702058586148
-1.95141609610324,-1.41669818253705,-0.398393653799098
-1.84585405477873,-1.19271621096425,-0.314031557236218
-1.73031258808511,-0.948335518284867,-0.172251105620662
-1.61220867376354,-0.686864924820902,0.0267695503623391
-1.49787577664971,-0.418269997947326,0.255505540494568
-1.38777373702335,-0.156813699966741,0.463834671434247
-1.27562226271004,0.0865037321014698,0.60613319557517
-1.15300288168123,0.309605617932049,0.665901288955098
-1.01432499925579,0.518004865198609,0.654795407841467
-0.859281996721375,0.720155037984654,0.596197946456017
-0.693074043032626,0.923815701868065,0.511868092457886
-0.523919114324375,1.13403688231362,0.416865922508716
-0.358848237201726,1.35257260933998,0.319749578933536
-0.201111213403965,1.57869414866256,0.224658595610351
-0.0505889771298129,1.81061794500906,0.133517806959136
0.0944278543117364,2.04659752138553,0.0476715820915954
0.235801786824491,2.28536938962229,-0.0312360618596585
0.374856408375251,2.52610158617854,-0.10107910094191
0.512180576998223,2.76807083318116,-0.159618740201125
0.647671060407591,3.01025738013812,-0.205238624421265
0.780690457931719,3.25102877199687,-0.237792055230764
0.910288943770892,3.48806695478006,-0.259213579238353
1.03544071097702,3.71861946129364,-0.273526809928777
1.15523047062139,3.94000660433989,-0.286061701298911
1.26894261923711,4.15016322210868,-0.302075340009427
1.37606067156228,4.34795910565584,-0.325316176258878
1.47622768426997,4.53317194957388,-0.357100756291167
1.56920912539316,4.70617770231758,-0.39617083988217
1.65486059172743,4.86753371458205,-0.439227778638689
1.73308269600734,5.01761967279039,-0.481833217086767
1.80375780561335,5.15642743127654,-0.519348074838003
1.86668608097016,5.28351798594966,-0.54766444918382
1.92155017084123,5.39811637363351,-0.563589013086842
1.96793612355567,5.49928897440603,-0.564828236883287
2.0054298128811,5.58613048649174,-0.549600719451607
2.03379568877844,5.65787200537313,-0.515983382675729
2.05321809437787,5.71381794397,-0.461236362590487
2.06453080956576,5.75306967198355,-0.381564552311371
2.06928394589846,5.77414282321123,-0.272924293260644
2.0694532542389,5.77478654493181,-0.133222005165573
2.0666903053623,5.7523563464701,0.0347124563554938
2.06132078776389,5.7047537506308,0.221253259327493
2.05167402484663,5.63135563179046,0.411242180570389
2.03430826429134,5.53312698918231,0.588407028186952
2.00505438653763,5.41171614326756,0.740222634699793
1.96016383647128,5.26824757593519,0.860159990281661
1.89693626243291,5.10270969959603,0.946693189204174
1.81376063882597,4.91417411256635,1.00074430125941
1.70988206111855,4.70140955067616,1.02360330389118
1.58526707676389,4.46330415643377,1.01648622907316
1.44088236173165,4.19877137836125,0.981963520754048
1.27960719663699,3.90622783331102,0.92679568038638
1.1077067514329,3.58314138982252,0.864911464444301
0.936108273675578,3.22638913892637,0.817985601677394
0.779919776630143,2.83419774441489,0.809844032206242
0.654488530681484,2.41022687249899,0.852670940158672
0.567925105789242,1.96807076518465,0.931949807742497
0.515013084781045,1.52963286206855,1.00765978989749
0.480478747043226,1.11417340021603,1.03827657951709
0.44953423419243,0.728454612078757,1.00441352405381
0.414425050783436,0.367493780157806,0.910776356707237
0.373795632044117,0.0213653620677612,0.774213098472044
0.329547804679333,-0.319256125149224,0.61285887476669
0.284448813638326,-0.66071356622251,0.441002259932322
0.240966783137914,-1.00613565134282,0.268048081587442
0.200922223087805,-1.35615299866461,0.09936261208621
0.165542807943465,-1.70980282157789,-0.0623563557591359
0.135655617809451,-2.06525697041043,-0.215825062745184
0.111874476523343,-2.42026878735595,-0.360243118024113
0.0947159500585963,-2.77237183079817,-0.494673933769731
0.084610031844267,-3.11891339279565,-0.617652138775385
0.0817786428448354,-3.45701369611284,-0.726959032910459
0.0859639364422141,-3.78354305059354,-0.819585819325666
0.0960324844087045,-4.0952155228119,-0.89199418951143
0.109589281598328,-4.38888812803734,-0.940813793817341
0.122886330073766,-4.66207611610365,-0.963972009217212
0.131364266670535,-4.91350827539985,-0.961865740448774
0.130900515219677,-5.14334665144126,-0.93777263799829
0.119273463207446,-5.35275229562116,-0.896827095574218
0.097028889774686,-5.54290615444069,-0.843836114230746
0.0673404908579117,-5.71398379799621,-0.781204184232331
0.0351579270176746,-5.86448195553719,-0.708192942942123
0.00613366066425201,-5.99093614136347,-0.621803769624422
-0.0144845431727801,-6.08795404375491,-0.518754239824968
-0.023053187526604,-6.14864522166094,-0.397752664068672
-0.0187689575631632,-6.16565120789674,-0.261258083245753
-0.00448608475533657,-6.13281714955584,-0.115908520766942
0.0136466294324647,-6.04700475891848,0.0289123654472524
0.0280595715844565,-5.90900437403739,0.163905053489088
0.0322665432771693,-5.72281908533225,0.282443573953683
0.0224433054126682,-5.49383407961458,0.381375725089424
-0.0026226699279571,-5.22716797070142,0.460008298595791
-0.0426113734697892,-4.9269773847949,0.518497764348953
-0.0968391182425246,-4.59655827864373,0.556759345644748
-0.165046492049988,-4.2387543682897,0.574227726536154
-0.247782106788154,-3.856382042676,0.570261807493195
-0.346462968452755,-3.45264918729508,0.544839170165651
-0.463085810024292,-3.03164362966812,0.499178938306565
-0.599475349694027,-2.59886163264288,0.435891075750785
-0.756095157627373,-2.16149419530172,0.358276223047346
-0.930886520175149,-1.72799996685798,0.268835105694889
-1.11894601702787,-1.30672870039683,0.168023170381339
-1.3133132279119,-0.903999532102242,0.0548985093867158
-1.50592024150414,-0.522215799987459,-0.0699775316622279
-1.68784536859406,-0.157901090305531,-0.201626845359305
-1.85013095266191,0.200479385557313,-0.330593678417482
-1.98759413787659,0.573166317558077,-0.446032770505459
-2.10541920516712,0.984528458518131,-0.539347473978546
-2.2229870234404,1.45078763613234,-0.605495037761205
-2.36622061633072,1.96398307169829,-0.641605229292106
-2.54613569569649,2.48593817154152,-0.645178985098543
-2.74023408164162,2.96667573306985,-0.613521742423381
-2.90294287834554,3.37655626412282,-0.543567791469041
-2.99963162844917,3.71730165834087,-0.431564688350344
-3.02524339599294,4.00406513426781,-0.274141475853614
-2.99398667517502,4.2466921086575,-0.0714314565399073
-2.92215630015226,4.44624332249073,0.169414022703158
-2.82022762669448,4.59985816481883,0.432425106733202
-2.69288767675117,4.70536437568937,0.694413738699612
-2.54167141995168,4.76331552648307,0.930641216401606
-2.36748131681564,4.77686715948044,1.12197897279946
-2.17199031005122,4.75036908977932,1.25875339478738
-1.95778631201031,4.68793541276814,1.33941395439945
-1.72786233530634,4.59289944609157,1.36660617843339
-1.48516985276379,4.4680342459461,1.34387871415289
-1.23251190620014,4.31593936629113,1.27418837676878
-0.972655299277078,4.1392212962144,1.15982304591548
-0.708410619161319,3.94039817159682,1.00306934850916
-0.442501802153694,3.72157595326725,0.807122477217044
-0.177235756437603,3.48400226488378,0.576870953488444
0.0858416984390735,3.22770571643828,0.319288402080798
0.34609183013184,2.95147678358382,0.0433110394492025
0.60365710093696,2.65331311468073,-0.24073312612161
0.859167696697756,2.33120983379157,-0.521914124889257
1.11347345790751,1.9840279123506,-0.789402277138634
1.36756150237729,1.61219947734311,-1.03278128210433
1.62270630211831,1.21812806975432,-1.24167275380053
1.88070134591033,0.806177671123758,-1.40431484191817
2.14365695587712,0.382072633653615,-1.50491749838622
2.41254989636255,-0.0484025537157405,-1.52117898254865
2.68494133164858,-0.480438442037573,-1.42750001500973
2.95671171964565,-0.907076296085702,-1.21188256999289
3.23435545483607,-1.30677465658689,-0.899700825685357
3.54830854153334,-1.62649721995635,-0.547685611900988
3.93225710059691,-1.77975494612963,-0.194642481476334
4.32591259593568,-1.71409467399793,0.168666192563649
4.5390532298538,-1.59509752009654,0.560794584657995
4.52512154077459,-1.63364731807785,0.980952380024556
4.37993013636766,-1.77416958599782,1.40373319878281
4.15689162770815,-1.91260075315543,1.76468106533657
3.87453380267836,-2.02023175655661,2.00879503377995
3.5512554051054,-2.10439113205078,2.12262021697445
3.20593294530829,-2.17305489107547,2.11947790723444
2.85223818828703,-2.22856502653292,2.01895400904528
2.49836021266228,-2.27077819422874,1.83897836901808
2.14863377411861,-2.29924786547363,1.59563477686907
1.80461307845826,-2.3137488604848,1.30443857318577
1.46561289189618,-2.31429687743281,0.980782632129297
1.12915579775281,-2.30116687858021,0.63950894513618
0.791522631810442,-2.27490114201671,0.294091353571763
0.44851691540775,-2.23620957445065,-0.0442261315591216
0.0965887423753564,-2.18574349516578,-0.367200568602022
-0.265757716925219,-2.12377060622905,-0.670103046307429
-0.637042545112658,-2.04985248402227,-0.951390797286602
-1.01351002757533,-1.96285045702258,-1.21073542169517
-1.39123366826525,-1.86161605643777,-1.44577126299483
-1.76742465510021,-1.74612042798245,-1.64975782293743
-2.13942033743778,-1.61819852216086,-1.81186702039621
-2.50268405455543,-1.48132574757045,-1.91897201388024
-2.85049116730719,-1.33934739999388,-1.95609931627491
-3.17703177573253,-1.1945957026885,-1.90400145976826
-3.48316566788573,-1.04767376359607,-1.73687191744074
-3.7785225532948,-0.90456503351263,-1.43072972071898
-4.06721856203644,-0.792340790343709,-0.993685551954809
-4.32046122269668,-0.748029376200759,-0.494767141189636
-4.48852130040553,-0.73203805735821,-0.0287934991106823
-4.55968701448167,-0.63722314443626,0.356778937192191
-4.55630580900616,-0.453099102863832,0.676449256370984
-4.49527824150332,-0.231909251505247,0.961728013815476
-4.38171873556747,-0.00764911292778563,1.23383647053593
-4.21079885663942,0.204730399706606,1.50315537611786
-3.97295672934186,0.3999667009814,1.76534028416633
-3.66801367568596,0.580288074657201,1.99507191522591
-3.31739170202832,0.75209048836931,2.15500552142156
-2.95628850993151,0.919409030655005,2.21899278395534
-2.61207022478413,1.08088091703244,2.18562923176229
-2.29367976538646,1.2326709932701,2.07112664113036
-1.99757257836833,1.37199700472635,1.89557444925597
-1.71711889668248,1.49794638748194,1.67553784922729
-1.44729993522793,1.61072726890211,1.42321314492448
-1.18531555723373,1.71089657350436,1.14798074230042
-0.929775001107525,1.79899395557479,0.857872152698926
-0.679923668664857,1.87546371495429,0.56033389590321
-0.435210734507278,1.94070770913636,0.262372090526935
-0.195046908661819,1.9951809204166,-0.0297295265722259
0.0414001863224459,2.03945981333572,-0.310848733094536
0.275330546855771,2.07421373576832,-0.57723541931318
0.508225866899738,2.10008328925954,-0.826268293707269
0.741587031113593,2.11756069764936,-1.055944948967
0.976672143267931,2.12694266887083,-1.26444819384922
1.21433872865313,2.12834611212672,-1.44993249046221
1.45497714119655,2.12174993039155,-1.61048243300623
1.69849093737652,2.10703974790333,-1.74415858266183
1.94429609750473,2.0840471356228,-1.84907736804818
2.19132877016723,2.05258134557406,-1.92350148611757
2.43806046297372,2.01245348938331,-1.96593264148564
2.68252300847661,1.96349363873159,-1.97520450535595
2.92234619655199,1.90556145464592,-1.95057525656872
3.15481022231622,1.83855056081424,-1.89181847966833
3.37691363025723,1.76238553517994,-1.79930987660618
3.58545536877363,1.67700769138078,-1.67410606738441
3.77712679953607,1.58234131130747,-1.51801149855363
3.94860563618456,1.4782249674787,-1.33363091330201
4.09663791580836,1.36428189690043,-1.12440872417862
4.21808445198056,1.23968831182806,-0.894663542234563
4.30989226389824,1.10278405474458,-0.649635101231339
4.36893068877229,0.95048874352925,-0.395563662476184
4.39163943649792,0.777666459200223,-0.139782958547953
4.37363822040743,0.577264794751926,0.109380516776367
4.31028536370156,0.343539167749661,0.343590338713062
4.20050166119671,0.0808516487479135,0.557336777012007
4.05356397620934,-0.187731989775283,0.75139960671044
3.88865453699621,-0.428973112553956,0.931626386462948
3.72178839762545,-0.62238093387504,1.10236772512716
3.5574938221961,-0.76813758254429,1.26333238701386
3.39330308491801,-0.87630053790919,1.41228578580939
3.22569312696359,-0.956495485766441,1.54780897093412
3.05198501750363,-1.01478338907369,1.66961436606611
2.87023034191807,-1.05430038603225,1.77745463406868
2.67906848960358,-1.07677628700835,1.86985686083589
2.47803479310651,-1.08391244737229,1.94345941756773
2.26802949769049,-1.07825705286068,1.99334768640582
2.05148486399126,-1.06338815704391,2.01428006718569
1.83198708981897,-1.04344846687381,2.002209367062
1.61348672929634,-1.0223531944614,1.95538144183638
1.39946919338351,-1.00309322076404,1.87461186087187
1.19241429334914,-0.987407627509117,1.76281813711774
0.993653517894632,-0.975846172017,1.62418162452299
0.803530857153333,-0.968068715484435,1.46332166928635
0.621695125213904,-0.96320039451353,1.28470053092122
0.447382121912715,-0.960125526254004,1.09230333553875
0.279614472440221,-0.957681234498731,0.889537420741186
0.117304053641885,-0.954761708225828,0.679270999175828
-0.040728474751405,-0.95036280203622,0.463948869634031
-0.195792823976574,-0.943597334916565,0.245752774334877
-0.34939975937651,-0.933706051004976,0.0267989166213825
-0.50332972732358,-0.92008342793428,-0.190623578161668
-0.659650897589136,-0.90233079268365,-0.403778827519397
-0.820616254262022,-0.880336515590915,-0.609217348335152
-0.988354257840947,-0.854357746492088,-0.802624148875431
-1.16429376680143,-0.82503850898163,-0.978965112772637
-1.34838383079414,-0.793263013062831,-1.13313631165219
-1.53840108794235,-0.759765133532694,-1.26117417981369
-1.7298522647125,-0.724560759195758,-1.36170259132424
-1.91686996079503,-0.686500327532537,-1.4368695601477
-2.09390271031514,-0.643321137010971,-1.4920393350387
-2.25733966226522,-0.592303256866908,-1.53417827504157
-2.4061898963496,-0.531188976930685,-1.56967094227526
-2.5415983629356,-0.458855706134048,-1.6025143288455
-2.66565173019728,-0.375460273693099,-1.63346350126979
-2.78012173851286,-0.28212305741656,-1.6602118753678
-2.88558342509476,-0.180419472474366,-1.67834354191871
-2.98101508574962,-0.0719372682318025,-1.68261975466508
-3.06374176391636,0.041966798116541,-1.66816759978905
-3.12949535142958,0.160197315796167,-1.63130267686062
-3.17239829150754,0.281768060394626,-1.56993651064332
-3.18476733946443,0.405458507618553,-1.48368481250279
-3.15675294951286,0.529172279653066,-1.37386142696188
-3.07603144633217,0.64877165688744,-1.24352637133339
-2.92817379489084,0.756123012536868,-1.0976644807235
-2.6989896937463,0.836443479709754,-0.943366472135532
-2.38060806444954,0.866402815153151,-0.789513693511068
-1.98151812528874,0.816907595695877,-0.645092616274917
-1.53530473713766,0.665128829330849,-0.515627991918209
-1.09732867459447,0.413214112657081,-0.399169714140008
-0.724633806266918,0.098717086708164,-0.285547396060551
-0.451597111513822,-0.218040135570122,-0.161445591389109
-0.280343761127886,-0.483974193939558,-0.0182713779941647
-0.190520421462548,-0.676294245012265,0.14410416585397
-0.15617899294082,-0.801990627099979,0.320344909946577
-0.156756770382078,-0.881732456257832,0.50463444449162
-0.179519615980073,-0.935449161183426,0.692663227717372
-0.21746157808844,-0.97653005117474,0.880600052305521
-0.266465393613792,-1.01196705927069,1.06361579726344
-0.323414268728652,-1.04447620363667,1.23573395941533
-0.385532795811081,-1.07456040609963,1.3910518651957
-0.450522533672396,-1.10190618821063,1.52522984849369
-0.516837929686486,-1.12610586509183,1.63616260797975
-0.583691927091292,-1.14690837411931,1.7236119755903
-0.650788823584247,-1.16423332364417,1.78832555750458
-0.717989213628879,-1.17811533686521,1.83124620530348
-0.785070137973973,-1.18865755793876,1.85308588553969
-0.851622008796112,-1.19601379185014,1.85423327864907
-0.917046632111996,-1.20039354451089,1.83485154902316
-0.980603585781926,-1.20207862245903,1.79504403112627
-1.04146596154256,-1.20144054531875,1.73502710081726
-1.098766111359,-1.19894791318119,1.65529986743816
-1.15162761047515,-1.19514989704585,1.55682624428169
-1.19919035090356,-1.19061676644248,1.44124789476789
-1.24064324310642,-1.18581394349874,1.31112810061274
-1.27528391362188,-1.1808890659338,1.17018479059906
-1.30262449463469,-1.17537263705514,1.02340512233987
-1.32255138705515,-1.16784402928998,0.876856837052897
-1.33551842339294,-1.15569904320593,0.736966485152366
-1.34270705619639,-1.13524685150959,0.609107836852869
-1.34604097008012,-1.10238282437259,0.4956435148947
-1.34793891368458,-1.05389886755614,0.394111207437298
-1.35078466650396,-0.989035633523879,0.296763461497776
-1.35628682438168,-0.910390707524066,0.192490905746836
-1.3650489828758,-0.823367292189906,0.0708234330217473
-1.37657441317834,-0.73426350187354,-0.0739745097659645
-1.38963191983637,-0.648114643931901,-0.240970191357869
-1.40271078050062,-0.567460745889361,-0.42346515729765
-1.41434333221341,-0.492373706122212,-0.611603467275294
-1.42322848242257,-0.421286940298344,-0.79504655470983
-1.42818794664268,-0.351974081831427,-0.96472217712998
-1.42802106040322,-0.282254101943862,-1.11351894118191
-1.42133620505341,-0.210310691106011,-1.23629968647652
-1.40643763911508,-0.13471775819014,-1.32968945735207
-1.38133033166284,-0.0543357228252482,-1.39193287065076
-1.34386702603918,0.0317699236124973,-1.42289199905248
-1.29199989785728,0.124293821089107,-1.42407913859465
-1.22403316284519,0.223529697683817,-1.3985406791174
-1.13874753527037,0.329165713807191,-1.35043374301197
-1.03531237668008,0.440187223255041,-1.28421486338132
-0.912983004488965,0.555062707190588,-1.20341864906538
-0.770631648141704,0.672392202911816,-1.10907286207708
-0.606192526922217,0.79219070500565,-0.998093465321441
-0.416250613762603,0.917843011242999,-0.862797768944489
-0.196319295887373,1.05823546197296,-0.693773702210845
0.0577344161975524,1.22851383805989,-0.488208238184656
0.348506435338522,1.44699133113122,-0.261145517591825
0.679852322760118,1.72614747403802,-0.0481020878456948
1.06021189342058,2.05654143183653,0.111790239402273
1.48752855664095,2.39020863083229,0.203156458670752
1.92319021463169,2.65645460634062,0.249451386999628
2.31398948724404,2.81554753018998,0.296218141092799
2.6422254533019,2.87641337192765,0.376625457673521
2.92299793991973,2.86660221996066,0.499375427240643
3.1737073731172,2.80963595109031,0.655571044560705
3.40098403231194,2.72097933249709,0.824081325709066
3.60352602461548,2.60987543082427,0.976703643564865
3.77911841229306,2.48162004483201,1.08782768505075
3.92859228634369,2.33958993398692,1.14345659893124
4.0550881696438,2.18641944285777,1.14293902422578
4.16162016822874,2.02423488654546,1.0943857106953
4.24973593933671,1.85453949407168,1.00902833974688
4.31955080790634,1.67810131443001,0.897862039954953
4.37024183641751,1.49478067757927,0.770927858262499
4.40026495904919,1.30322256202455,0.638099890683436
4.40710052589337,1.10058593932896,0.509864624645045
4.38688034155127,0.882744027311096,0.396663125101851
4.33473272940748,0.645518180735638,0.305899149679182
4.24670291099468,0.387222566054628,0.237266352459187
4.12288229826264,0.111577221411578,0.179748937951465
3.96915070902666,-0.171718908212737,0.114966687683604
3.79481332722267,-0.450767514820735,0.0270308279071733
3.6076135645974,-0.716973288980656,-0.0884332429852145
3.41075694326877,-0.967354878442631,-0.222741289570265
3.20354884623034,-1.2028605318897,-0.358094551393282
2.98293337549062,-1.42579645103982,-0.471154191288482
2.74313872566347,-1.63886607016085,-0.534736107872119
2.47445743304338,-1.84536982933585,-0.52287642351395
2.16689027488752,-2.04696991916312,-0.42621330863501
1.82131073781734,-2.23690402272213,-0.269817311865413
1.45347054952736,-2.39814067506264,-0.103529137400944
1.07658553301784,-2.5158948430897,0.0361676937936617
0.685399804759085,-2.58811207047025,0.14302051916294
0.268467899442545,-2.61893278095007,0.227017497838725
-0.172233381782886,-2.60927289147881,0.299561843339735
-0.626057057089877,-2.55865207426826,0.365625925438928
-1.08334931383483,-2.46858145432034,0.4234378737324
-1.53655667111344,-2.34232359834521,0.468312232459203
-1.97935302593239,-2.18398881846821,0.495590668326947
-2.40633251479199,-1.99801113591047,0.501882849997769
-2.81295417465121,-1.78887841039893,0.485391179933755
-3.19548078326193,-1.56094781872009,0.445911973396282
-3.5508665499875,-1.31825315523698,0.384751888311447
-3.87660492996579,-1.06428816517496,0.304602220078547
-4.17055223341406,-0.801814384386211,0.209347099192074
-4.43074300243833,-0.532769271969216,0.103781525480344
-4.65521934045955,-0.258330379756114,-0.00676133565432002
-4.84190751960403,0.0208647898523087,-0.116845236893357
-4.98858472507858,0.304404608855322,-0.221363541998033
-5.09296908459854,0.591784489584655,-0.31585991327629
-5.15291771469342,0.882145809621384,-0.396609152029835
-5.16664447433875,1.1740665787869,-0.460404385479801
-5.13283567154734,1.4653430825954,-0.504175223846678
-5.05060380379727,1.75271652694021,-0.524726953116252
-4.91933769439398,2.03158170518269,-0.518872295776478
-4.73856626655791,2.29580449619778,-0.483975677174142
-4.50788814916685,2.53781381544897,-0.418564453588717
-4.22690846959055,2.74910632562273,-0.3223615279897
-3.895170836768,2.92118174028835,-0.195127107045007
-3.51249172633681,3.04659023388949,-0.0347745072874367
-3.08064186368932,3.11918586127771,0.161630154739771
-2.60616132721085,3.13277737873892,0.387470648911004
-2.09957687273822,3.07989114001575,0.609750037313686
-1.56709069909547,2.9534394799881,0.772514285924391
-1.00859636231153,2.74849362921421,0.834586501659626
-0.440121050656252,2.47007154712041,0.807616513549652
0.0977746275596836,2.14990182639037,0.754923680590655
0.583671652948766,1.82263280854076,0.740817000056286
1.01873387261538,1.49723369206383,0.791702818478183
1.39798283655535,1.17162933768093,0.881618607831371
1.72001206511467,0.844179947949245,0.940658594397621
2.00010437538426,0.517201877101753,0.913373012018149
2.25605497750099,0.195630546708362,0.797616924347095
2.4948844724049,-0.117946824772948,0.622603933253512
2.71491899867332,-0.424122084333106,0.417854551586045
2.91197198592122,-0.724262467604497,0.202367855688062
3.08264509060858,-1.01880931465107,-0.0136152144987696
3.22494164077459,-1.30688774669736,-0.224345779807178
3.33773575112282,-1.58639430374298,-0.425617305911863
3.41999700111397,-1.85408982425826,-0.613488833259347
3.47017258346657,-2.10564985133636,-0.784129470493804
3.48589228235159,-2.33573171571135,-0.934206791359121
3.46392001636471,-2.53816419047694,-1.06123507744978
3.40007033864003,-2.70655150732614,-1.16295384051547
3.28906450255322,-2.83576774184391,-1.23399373511677
3.12571947868034,-2.92411931076519,-1.25791404478109
2.91096297717954,-2.97258324680325,-1.1983526116823
2.66233535239957,-2.97333727514743,-1.011898715646
2.41069403965742,-2.89136321540678,-0.710506336900435
2.17359766542028,-2.67120990202904,-0.401639240386078
1.96993259607614,-2.26785454110094,-0.184085943231055
1.88431052119382,-1.66818662436073,-0.0550167079813279
2.0627253926003,-0.948880460745089,0.0430766361137218
2.57342563194399,-0.325889401377953,0.16185187370104
3.23887288886767,-0.0144352127733975,0.328594578878498
3.70326809066222,0.0167070173761247,0.556209183493365
3.75725925736704,0.00499435747548609,0.849578750692863
3.49099778330141,0.0737973209474278,1.17379983782126
3.07538084795324,0.187778264453346,1.45142355861951
2.60621157663058,0.298370686633303,1.63798278830047
2.12051362896166,0.381852519109008,1.73703440482614
1.63199182062854,0.432380459305768,1.76099448811142
1.14757340352114,0.453999786231767,1.71562003925147
0.672512467404308,0.454448322441328,1.60356581368213
0.211065739281373,0.441736078422268,1.42872382568364
-0.233757748401472,0.422602648148782,1.19772221228483
-0.660394244651861,0.401791152426433,0.920000174124388
-1.06869518367184,0.381769439799415,0.607387038669074
-1.45960739976002,0.362871792455054,0.273393142637429
-1.83463181812365,0.343772635216407,-0.0676800564528384
-2.19520885007487,0.322098217271795,-0.401692639430643
-2.54210187292105,0.295008855421677,-0.715636959349823
-2.874745295479,0.259662237179654,-0.998582741129931
-3.19056840769436,0.213514960685993,-1.2423434690786
-3.48453043186395,0.154477106452139,-1.44122449967633
-3.74927998653757,0.0811010381613612,-1.58997598721425
-3.97627922644188,-0.00673746373872908,-1.67959222909168
-4.15817123414705,-0.106159525438282,-1.69247565189102
-4.29243592156312,-0.209245067373863,-1.60231273756802
-4.38360812577372,-0.304180464297009,-1.38818999434282
-4.43629016769585,-0.383191668031674,-1.06445400194184
-4.43968353887897,-0.448704980163387,-0.692501768080117
-4.36886506819847,-0.502735558832908,-0.336132400575777
-4.20516444746946,-0.536439063968856,-0.0157067280875762
-3.9383091357659,-0.539468806449851,0.27584882382107
-3.5503314741308,-0.507025073449451,0.538263515391618
-3.01440380690517,-0.426328902031938,0.75396048834792
-2.35109780529093,-0.263323658625436,0.911249074058471
-1.69037581004475,-0.0140015780322865,1.04301811526739
-1.14676058051226,0.275730497090283,1.18405859731637
-0.735595822786279,0.585586146697625,1.31126221482417
-0.433599413303266,0.898766092785913,1.38938563385531
-0.203400097711931,1.19207686832855,1.40686220583495
-0.0109765755476005,1.45397727170319,1.3681775878443
0.163716590224653,1.68396147436971,1.28123150254116
0.328430593894238,1.88447966479086,1.15263222451426
0.484275731892888,2.05615442749523,0.988141784781245
0.630578577968719,2.19675924719806,0.794820318128273
0.768573925280407,2.30242812044956,0.583541826425245
0.904226070555592,2.37083067217596,0.37094502382141
1.0486004226223,2.40620709983312,0.178605946894533
1.21249672956441,2.42370906545466,0.0265171700541031
1.39455757846815,2.44695138678136,-0.0790415826165706
1.57172662137297,2.49332592446639,-0.154957426630446
1.70962302837365,2.55537084613718,-0.233319252834285
1.79042591980243,2.60312963663865,-0.336913762062209
1.82349762150272,2.60898655028789,-0.464912892125232
1.82913300673746,2.56312421715197,-0.600883723974275
1.82222143537711,2.46889311692154,-0.726997319133171
1.80882548610517,2.33286577057458,-0.831755140671674
1.78946207683851,2.15934863279835,-0.911299252050374
1.76237747850798,1.94910864256632,-0.96791379023076
1.72509217785827,1.6993468112387,-1.00770970989912
1.67521614962918,1.40281053425014,-1.03746603021497
1.61264363833546,1.04502747869374,-1.05969458444998
1.54619150198196,0.600238485407504,-1.06644879711328
1.50715838260036,0.0316120004916242,-1.03788064629084
1.56336200522146,-0.688102867990246,-0.955973542257154
1.80091370049064,-1.51893273427831,-0.824395242887804
2.22597010058583,-2.30661938239259,-0.654469437399132
2.67286219151191,-2.88410834719998,-0.450107543762509
2.95234378900948,-3.23997938562831,-0.239567318811985
3.03886709061274,-3.46735893052628,-0.0512238935217969
3.00407634784793,-3.63448279021077,0.126691582160823
2.91102542034961,-3.76338444188118,0.334441479012117
2.80036856934499,-3.85044555100152,0.614645577793074
2.69862375919951,-3.87923464919965,0.9694226500003
2.6072147141026,-3.84320418001551,1.32931564456739
2.50834149287976,-3.76121104409118,1.60832843804655
2.3920991743771,-3.65578901584407,1.77574342326866
2.26095740191058,-3.53468448771339,1.84644387985307
2.11950504228476,-3.39643718652934,1.84275228853751
1.96998449018291,-3.23913712386018,1.77883093964794
1.81272499176597,-3.06323220050217,1.66153966092652
1.64718375317369,-2.87085142478092,1.49475615868935
1.47231778725762,-2.6644729815552,1.28243059236643
1.28640514295348,-2.44615022731973,1.03011752979509
1.08678634434025,-2.21759872621673,0.745847198496503
0.870205005695318,-1.98102467260518,0.440976786449724
0.6345691402327,-1.7401330670262,0.130907893729661
0.3823918249747,-1.50005139663625,-0.165488811802949
0.124069230315227,-1.2646704540392,-0.429411483663334
-0.123191764623834,-1.03192462199433,-0.648557198352358
-0.343103721347707,-0.791315945277421,-0.8227242995581
-0.530245583680542,-0.528227910693445,-0.963748382179876
-0.694032030632422,-0.233626739868134,-1.08851350088536
-0.852784429577083,0.0884427330646011,-1.20852384442179
-1.022082531508,0.422451307294549,-1.32251696033731
-1.20640858863189,0.750536979403786,-1.41755357761046
-1.39937946348979,1.0602989997121,-1.47750554197365
-1.58926835189398,1.34571748815659,-1.49191607440768
-1.76361029778271,1.60416088480179,-1.45962657452982
-1.9108227115902,1.83414390377927,-1.38642912165777
-2.02039827086583,2.03418682324501,-1.27772924899354
-2.08339567272662,2.199317525869,-1.12759629405567
-2.09388829670888,2.31182277363632,-0.910872970375068
-2.0525047561139,2.33080614419566,-0.593710709037034
-1.97550884042372,2.2007465454383,-0.170707474179156
-1.9036683189728,1.90122675848351,0.298107288948257
-1.88023151243449,1.50856383714578,0.698875452903605
-1.91118248745879,1.16804902712548,0.944065174310383
-1.97960877488612,0.967118106810267,1.04694717014791
-2.07498333056215,0.885086286135391,1.07808627795215
-2.18769471615135,0.864767038930909,1.08385553898861
-2.30333079230588,0.868648336113067,1.07282517298086
-2.40723947565865,0.882924359180228,1.03944136994459
-2.49047778629622,0.907292291199134,0.984444131199941
-2.5553014512004,0.946363898472004,0.925421558632311
-2.61797590735785,1.00158989713326,0.897256136647346
-2.70293867800901,1.06352883240443,0.937937623623985
-2.82355805288247,1.11055269013483,1.05648761881497
-2.95881674602655,1.12355658737062,1.20232501651089
-3.06254309158575,1.10710222511056,1.29073155152402
-3.10925804216921,1.0827374743498,1.27578495619419
-3.10820852073466,1.06502799398411,1.16927067664462
-3.07906601532472,1.0560850520413,1.00511935743336
-3.03538657066548,1.05241793215624,0.813622913320441
-2.98304535110025,1.05006083673056,0.615447062998469
-2.9232234617845,1.04627219159328,0.422926375699514
-2.85505126797139,1.03959230914547,0.242579507474007
-2.77713365381574,1.02942440350004,0.0774428114055793
-2.68821037153992,1.01562300599949,-0.0710552104956184
-2.58728108360205,0.998243174911704,-0.201734059258815
-2.47344540466302,0.977481183002634,-0.312820193693134
-2.34565540188043,0.953792974040896,-0.401669347469838
-2.20255860949245,0.928122343197066,-0.465149284842917
-2.04256277208438,0.902086076747297,-0.50072665676025
-1.86410732887346,0.877911612943382,-0.508052496672763
-1.66589054383897,0.858022572142422,-0.490433684464908
-1.44665416481886,0.844459794536567,-0.455290916899437
-1.20432176546257,0.838587539292809,-0.412995123618637
-0.934783966985612,0.841352246252316,-0.374475686751838
-0.630950478524052,0.853654181657043,-0.348964319482431
-0.282615944516257,0.875726216716609,-0.343125335575079
0.122134660161424,0.904496914704261,-0.361574143965107
0.592329527991302,0.929346061336653,-0.407374830875125
1.12498447419826,0.930053370502332,-0.480671217022542
1.69594364020678,0.883479796457993,-0.575476028460509
2.26307247320434,0.778564923981405,-0.67847750189805
2.78578740903981,0.624736503654382,-0.77366738770439
3.24289127011317,0.443522688426827,-0.849815909009921
3.63290834102899,0.255080569977028,-0.904468682984801
3.96372852467323,0.072913526955822,-0.942275328254531
4.24406301842904,-0.0947600366281287,-0.968567575775261
4.48022480128247,-0.244561499066747,-0.979074308996529
4.67576687745326,-0.38298502502943,-0.94806756188223
4.83143585697576,-0.535714819735264,-0.823067267197343
4.94639995380579,-0.75090268630128,-0.543660957938318
5.02487356638808,-1.0710056329152,-0.105668513367872
5.08336551747052,-1.46161968238378,0.36745641935826
5.13920825067925,-1.8102917468391,0.705221708519412
5.19264372183618,-2.05578885724427,0.862554399838847
5.23194513720262,-2.22162438185735,0.902512058037747
5.24568812484064,-2.34925137844216,0.894486972891503
5.22707989057489,-2.46414830486234,0.877891254363213
5.17375472862642,-2.57568419783163,0.867001174366582
5.08648924980045,-2.68424160698526,0.862507830088134
4.96777327641416,-2.78668575269065,0.859918244192009
4.82067683605042,-2.8792399582995,0.853945136639176
4.6482049740675,-2.95861625335879,0.840108891089684
4.45304187873045,-3.02229182781272,0.814882280644978
4.23747672146763,-3.0685185741487,0.775276708216807
4.0033482725114,-3.09640586523145,0.718375953452863
3.75193411240303,-3.10627859740808,0.641162073970498
3.48379932001666,-3.10041232313096,0.541058251236798
3.19875160119343,-3.08404081634359,0.417837240703907
2.89631484942269,-3.06598454575554,0.277543611825218
2.577482192825,-3.05716852444639,0.137901222297894
2.24817417140582,-3.06417256674272,0.0309867818204977
1.92165287916734,-3.07668892983748,-0.00623131770491553
1.61141379847529,-3.05849540988354,0.0413408675107196
1.31299992812187,-2.96389985174878,0.145679297909417
0.999600842044163,-2.77591877193428,0.252892290322606
0.646954826599409,-2.52283462765381,0.315084109940842
0.258018460595554,-2.25757344313372,0.303334092175619
-0.14133194654158,-2.02184126694431,0.21491164766784
-0.526219096720136,-1.82524083857803,0.0739893080650324
-0.886924169034196,-1.65338860319642,-0.0833771645765774
-1.2252689708116,-1.48697240349361,-0.227247654081324
-1.54589820217878,-1.31304053947581,-0.341557192306801
-1.85122544269865,-1.12686858654763,-0.421354756622036
-2.14017579951714,-0.929651378416809,-0.46578539823843
-2.40827753153857,-0.725566472703305,-0.472284038820806
-2.64816455293854,-0.518145209465015,-0.434785347828656
-2.85195245286341,-0.304436660445725,-0.347775149586169
-3.01691504449164,-0.0713975128216771,-0.216092378560879
-3.1503554520461,0.194629232396896,-0.0626692180404341
-3.26674490248874,0.491770538720186,0.0779737708022998
-3.37873367027496,0.801879815838205,0.178563784672124
-3.49062119089825,1.10487027200147,0.231934736617437
-3.59894482106522,1.38943722203016,0.247310497552636
-3.69701666747984,1.65295769872664,0.23858822865994
-3.77860063355294,1.89673037175964,0.216066442675295
-3.83928470608241,2.12243042731588,0.184232568809197
-3.87637084584028,2.33095970584115,0.14301856243888
-3.88829111372977,2.52277252489571,0.0900226726581099
-3.87409334803316,2.69877272417126,0.0226973633538818
-3.83321527697595,2.86131797188336,-0.0595474898293835
-3.76567895727638,3.01502855421793,-0.153153638456788
-3.67282982381631,3.16687559716776,-0.248199867985676
-3.55856586969755,3.32449754924528,-0.326878540608371
-3.43029850706093,3.49132834828161,-0.364874481459846
-3.29755136887656,3.65885760523833,-0.340170062187915
-3.16617034580771,3.80308799108207,-0.251833699743665
-3.03208636712253,3.89696454799967,-0.135164541501303
-2.88428104343243,3.93223689797456,-0.0466497580244641
-2.71479803353825,3.92306069987634,-0.0261706058390896
-2.52251221323373,3.88908998748638,-0.0783150789635887
-2.30954367651064,3.84200657740107,-0.183345680928108
-2.07753306566842,3.78439794204193,-0.315845429203334
-1.82620712087762,3.71461175382297,-0.454983955547189
-1.55366158400959,3.6317196192572,-0.583322699480395
-1.25877264256515,3.53799230435293,-0.677869264983919
-0.946386975630433,3.43722858089564,-0.702562493363277
-0.632807220207455,3.32838284301059,-0.615458721590981
-0.344052068325224,3.19796878388768,-0.399374400436966
-0.0990107169485488,3.02094207084952,-0.100662550833926
0.110347868365051,2.77716550170536,0.17965021054864
0.307741988995243,2.46957794134074,0.36388088367071
0.504684048915901,2.13040600967509,0.449143893848498
0.701056964743179,1.80734111461314,0.4776020038649
0.894102808872452,1.52699629130874,0.490656401190168
1.07597750048425,1.28413710932632,0.511027444315281
1.23507219641053,1.06271709823714,0.543776710396983
1.36030082511684,0.849745311249121,0.584615162683462
1.44380366849034,0.634064467519387,0.629804074832317
1.48456001682218,0.401357508148087,0.684287065290804
1.49469448256877,0.135263561675029,0.763837984006868
1.50327795678562,-0.168768687989542,0.884037752408113
1.54308302536298,-0.484294492293187,1.03862429905333
1.62011521623606,-0.762222031032636,1.19582470222212
1.70460580759854,-0.970527366521148,1.32356424547444
1.75735173139624,-1.11236564967132,1.4016062195996
1.75669016518826,-1.21197008516429,1.41312811640008
1.70537380875671,-1.29659709393098,1.34590036639044
1.62008880812003,-1.38597057517961,1.20151498260373
1.51726808873836,-1.48968612272951,0.996967939191136
1.40607795689517,-1.60997804694916,0.758184514424718
1.28934186919449,-1.7457998758831,0.513316981556
1.16814449772733,-1.89507042842742,0.289034869430722
1.04656308889709,-2.0539057858658,0.106659088174164
0.933640473343159,-2.21364800824637,-0.0258765854509955
0.83924417046081,-2.35964143946017,-0.122852395015004
0.765488224228703,-2.47686238505963,-0.21706097480218
0.703856353760878,-2.55890974063167,-0.33976500797983
0.641807712332295,-2.60982390935926,-0.503588447269485
0.569999494311794,-2.63812842559355,-0.70184551947607
0.484366701157073,-2.65082940420073,-0.917120989797414
0.384829001570819,-2.65128182917531,-1.12989158216848
0.273392689494793,-2.64015342719021,-1.32387129184842
0.152919207472311,-2.61742196605157,-1.48735125180476
0.0268209481107182,-2.5836378151582,-1.61101212671055
-0.100482070454559,-2.53933968219232,-1.68371905913874
-0.222682765809422,-2.48212623338764,-1.68880305446572
-0.33113998744136,-2.40222897006196,-1.60511539054846
-0.41679185112808,-2.28064241770792,-1.41814090009125
-0.475528827831874,-2.09692515192505,-1.14033836612007
-0.51112787980014,-1.84754917947114,-0.822789618654768
-0.525910634608607,-1.55529983770784,-0.533418591555668
-0.507438865530467,-1.25109361878825,-0.315243382407046
-0.428226879091366,-0.951806209336264,-0.171367220560497
-0.250569269443234,-0.662836935998528,-0.0825233730923503
0.0742364216790482,-0.398815227535021,-0.0239932573467687
0.596226571772816,-0.209614227727179,0.0322396309878608
1.30228131870076,-0.192284303321713,0.111788647979143
2.00941870553505,-0.3976214009119,0.219417449210296
2.46223756043191,-0.685017367381405,0.356504545244583
2.62139605191528,-0.902768267150959,0.606135246131675
2.65222342866999,-1.04267766950092,1.1034552398511
2.68057399592209,-1.07862533440932,1.76077710219892
2.65698513063245,-0.995161366613555,2.23328465178444
2.53882949120142,-0.872411110049749,2.40892640282416
2.36147436059083,-0.765100607048876,2.40614046057216
2.15545856729814,-0.677269196896699,2.32453768213333
1.93364678110732,-0.599129404459259,2.20348841955916
1.7024943195071,-0.523062388582523,2.05042063889569
1.46714257687128,-0.445287748063102,1.86306158874203
1.23191435826928,-0.364377224437155,1.63921916827513
0.999858818503927,-0.280071496652212,1.37933185801444
0.772562598800213,-0.192647778694135,1.08630956992902
0.550212090350089,-0.102526315741962,0.764888362369
0.331692033061127,-0.00991687945078483,0.421268096273216
0.114622917953897,0.0855353992476718,0.0632536792422455
-0.104621123524528,0.184988497593655,-0.299104936721193
-0.330824321006441,0.290299999758495,-0.652920410980684
-0.569749305633497,0.403531627419417,-0.982946641757273
-0.827797604126165,0.526200534232784,-1.27332249842036
-1.11086812586861,0.658091597077338,-1.50992033659873
-1.42114897962333,0.795692004136165,-1.68313541830043
-1.75187991341928,0.931890816745762,-1.79042101845365
-2.08482069155964,1.05964727593165,-1.83544069255263
-2.39658368568712,1.17868432786401,-1.82258841400926
-2.6688371747082,1.2992249517199,-1.75397201649764
-2.89148719635435,1.44232800457249,-1.63543567191372
-3.06085539486737,1.64524793178833,-1.48306407860911
-3.17542563963827,1.97266682254208,-1.3064207227065
-3.20781731174436,2.48217668210414,-1.04718936430998
-3.09002346067163,3.01748167056005,-0.551909024594882
-2.84882079846953,3.1956684319341,0.21860125346471
-2.54427414509345,3.06970843230743,0.975236179703008
-2.24721392037693,2.94986903375186,1.43682171360474
-2.00472989640189,2.88175202022766,1.66850026625255
-1.77155149807459,2.79521065892798,1.81412052219556
-1.50419550390574,2.66059525678258,1.9247685899614
-1.19588159337533,2.4828329190575,1.99510819432764
-0.859381456106895,2.27423945282484,2.00920585805461
-0.511470964188634,2.04679630997123,1.95509100092552
-0.167411374372889,1.81197598393866,1.82707088457765
0.161162740214364,1.57945188560604,1.62663591966292
0.467424396586056,1.35514952747234,1.36209026468919
0.749100019376019,1.14086615349279,1.04633209990811
1.00688293055735,0.935422137958418,0.694243730653957
1.24249511934107,0.735929402237281,0.321068521004007
1.457211938022,0.538261358766551,-0.0581472335076374
1.65121943143736,0.336692477557405,-0.428711999868474
1.82409969188722,0.123037992240452,-0.776561347371002
1.97708419805913,-0.114427352457715,-1.08839777532989
2.1182664097171,-0.391331809261866,-1.35048096102203
2.27055524279115,-0.722223964171738,-1.5446734297165
2.47093823406637,-1.10076427581081,-1.64534994166246
2.73254408610847,-1.47512613011533,-1.6360765731219
2.99684675480635,-1.78358630952832,-1.54834889745723
3.19192296708703,-2.03121409492709,-1.44407221196529
3.312824597885,-2.26116369599649,-1.34580669247013
3.38925542613271,-2.48757174011596,-1.230824375119
3.43699357851105,-2.69073376832237,-1.06661683769138
3.44667662611836,-2.8396705233244,-0.826346737884897
3.38701419519808,-2.9168522952253,-0.486555694892065
3.22215559718898,-2.94459770774403,-0.0395171791144101
2.95645469124958,-2.98401497759644,0.472011288202041
2.65243007934087,-3.06416399369306,0.960233249456616
2.37499945342858,-3.1144834932254,1.35679178191619
2.12456433466465,-3.05803647063867,1.64419766410399
1.85124473401631,-2.91874383103023,1.83481397077553
1.5359072326466,-2.7412185891145,1.94226824494533
1.19139041391033,-2.54324559020847,1.97541675461278
0.834334062662833,-2.32963904071099,1.941076562361
0.475568164626172,-2.10346646670793,1.84632399368774
0.121181736895268,-1.86915629105656,1.69836539003808
-0.224652141190557,-1.63218320011661,1.50310396235245
-0.558619733246311,-1.39748202712473,1.26513066006275
-0.878987160055471,-1.16803172013268,0.989982440989377
-1.18618796169247,-0.944516301217672,0.686326765968963
-1.48212105570121,-0.72600577471343,0.365756646542903
-1.76868866023488,-0.511026390150876,0.0406158489650645
-2.04664181892646,-0.298357491315989,-0.278230765630919
-2.31539314862467,-0.0871947665028306,-0.582315756665876
-2.57372853151322,0.123137069647166,-0.864995765283962
-2.82063627677641,0.333379703313557,-1.12015939051726
-3.05541056302488,0.54416061524618,-1.34126848886195
-3.27693373321151,0.755698758601201,-1.52129727185396
-3.48278499181762,0.967859576459312,-1.65342537333104
-3.66896343705544,1.18082041231928,-1.73197966295437
-3.83080178136042,1.39625508695427,-1.75310422155521
-3.96536822774664,1.61834783313967,-1.71466654525832
-4.07483857647003,1.85277502030958,-1.6148560979809
-4.16805291836016,2.10069623069153,-1.44928889884359
-4.25503730016793,2.34724493884024,-1.20892196832241
-4.33415279724843,2.55409733871554,-0.886140635479334
-4.38706457657966,2.67333443833823,-0.492201208600615
-4.3919996575072,2.68164005038329,-0.0662123346025915
-4.33013199101569,2.61289967775481,0.340785686332982
-4.18764039250992,2.5472550830362,0.688118612044544
-3.97693291177007,2.52231674605639,0.962104969487371
-3.72239212434635,2.51018372960111,1.17103373924805
-3.43344335404349,2.47898656235298,1.3270125887276
-3.1042678403578,2.41738548265104,1.44314105748144
-2.72296521966533,2.33227641041985,1.53864819079387
-2.28554906193408,2.24360514737423,1.63655647374849
-1.81445401814985,2.17126266523601,1.74703251794452
-1.36040084805272,2.113978972945,1.84652817617873
-0.965315674065412,2.04772097043299,1.88644959930367
-0.628279624724017,1.95484283953924,1.83491492451779
-0.323391816984511,1.83841670889156,1.69546398769754
-0.0299286816247103,1.70915946716369,1.48972726129208
0.26063760689217,1.57448499037853,1.23962352956564
0.549889593629935,1.43740017270344,0.961898173968066
0.837349986166943,1.29847492133095,0.668891245981805
1.12263328793454,1.15727163080284,0.37030970591178
1.40594181555519,1.01295060512306,0.0744106957788735
1.68789576422548,0.864487050955155,-0.211464595095699
1.96916688529639,0.710795462279107,-0.480785461729352
2.25010990768632,0.550886328813367,-0.727989091423132
2.53049791800584,0.384087264923609,-0.948768311298949
2.80943859016348,0.210296083854068,-1.1403074317676
3.08549192298196,0.0301750978862412,-1.30123375354885
3.35691014534971,-0.154824565562176,-1.43112947330405
3.62183726292475,-0.342659800274196,-1.52969524484062
3.87832267694306,-0.531040267398668,-1.59593332816128
4.12412834960634,-0.71775027775249,-1.62779812006025
4.35644986323036,-0.900790673403447,-1.62256190899919
4.57172908942175,-1.07829680752961,-1.57781921003164
4.76570001813505,-1.24830966276345,-1.49283684224466
4.93375158604823,-1.40852403620047,-1.3699430225912
5.0716870586878,-1.55609367050177,-1.21571724630311
5.17700312092115,-1.68745889268512,-1.0415980772828
5.25069982157939,-1.79797404125161,-0.862764511975258
5.29876664798648,-1.88084992077695,-0.692630583965325
5.33014572654329,-1.92493670401082,-0.529704041507255
5.34572044936567,-1.91241072126656,-0.33920250574559
5.31752042736629,-1.82190250298647,-0.046975751573891
5.17628563912363,-1.64772746138078,0.422212532698461
4.85795966457796,-1.43328791464196,1.04323328056191
4.41792522814662,-1.26001183625824,1.63102940492394
4.00564090659855,-1.16728254283003,2.01053532301268
3.68882856595766,-1.13360942123644,2.17623509072338
3.43788172066064,-1.12647472591261,2.21010051916976
3.20515112055265,-1.12905098791492,2.18262680927038
2.96163168430392,-1.13745583716806,2.13019478685457
2.69804450895295,-1.15191111772017,2.06407751509365
2.41637360028613,-1.17216591732061,1.98318579510189
2.12274208028906,-1.19681112350256,1.88278581758206
1.82368921336083,-1.22385633677844,1.7586475500914
1.52481020486664,-1.25122337317151,1.60827551063669
1.23047844690279,-1.2769265383423,1.4308463792128
0.943885520784474,-1.29906481112458,1.2268124377475
0.66704640608488,-1.31577132896326,0.997602222927514
0.400633213036728,-1.32523183391891,0.745581057271167
0.143622147057621,-1.3258600813434,0.474320972355321
-0.107160011384288,-1.31668828787719,0.189174660562011
-0.357409057687059,-1.2979784307575,-0.101887507959442
-0.615378092759089,-1.27200240497286,-0.387242173186057
-0.891199874066434,-1.24388853891378,-0.650536196966115
-1.19482307361629,-1.22226547016258,-0.870207911615134
-1.53150336139164,-1.21881020028012,-1.02167114914948
-1.89459678377464,-1.24464341141373,-1.08622991263377
-2.26016070780908,-1.30191816392593,-1.06843653203645
-2.59424740787726,-1.37591882511581,-1.00852128726511
-2.87455270470454,-1.44097662712464,-0.964949981207528
-3.10386581379791,-1.4790387932422,-0.975662001193569
-3.30053698686893,-1.48905274355807,-1.04107615413536
-3.48212451787143,-1.48062623994844,-1.13740825613216
-3.65755248600442,-1.46463185606462,-1.23550237959056
-3.82707308261036,-1.44838765450489,-1.31168650331571
-3.98506398582497,-1.43488814255966,-1.35143180746382
-4.12283817749301,-1.42382362174339,-1.3490300125951
-4.23053602270839,-1.41275612891906,-1.30555668451247
-4.29818491956462,-1.39764080909535,-1.22665951751349
-4.31650707105555,-1.37254983436203,-1.1209907500382
-4.27818790483916,-1.32889745512225,-0.999359266225327
-4.18012360084017,-1.25482644823094,-0.874123281385648
-4.02643801509739,-1.13577357225478,-0.758029911937234
-3.8306574852119,-0.957094123586518,-0.661779557544717
-3.61434443088772,-0.708173092275334,-0.590437746143837
-3.40107747838678,-0.385334496759292,-0.540375537543102
-3.2094156543253,0.00862121975655999,-0.499396855562473
-3.05141461807859,0.465675973130816,-0.451794462625961
-2.93828574784119,0.969367709119402,-0.387576885777753
-2.88412012913706,1.48959979500089,-0.310346093408528
-2.89716735065821,1.98729598970755,-0.233118611006681
-2.96652089482855,2.42873342326395,-0.162009947818676
-3.06198621645329,2.79416150807086,-0.0879295751485736
-3.14741875534796,3.07752962295556,0.00437480612516444
-3.19588725655372,3.284195559334,0.124015942245622
-3.19747841279384,3.42717110320607,0.270254850689073
-3.15674680274339,3.5212657000018,0.435924105810701
-3.08469213875201,3.57835103834099,0.611997206297223
-2.99219480983325,3.60593494197135,0.790380478892345
-2.88733374323065,3.60804239287468,0.965103071863579
-2.775327116861,3.58665569763436,1.13265494508469
-2.65938324489732,3.5428483561003,1.29165881996671
-2.54152393224883,3.47751345316738,1.44170560626238
-2.42304472425872,3.39184976693104,1.58144382405732
-2.30458187127862,3.28772603985107,1.70670555732746
-2.18596585554967,3.16788362091166,1.80992031212818
-2.06616612037403,3.03582401444814,1.88157509034907
-1.94352666468195,2.89531441863302,1.91309390105
-1.81619948849994,2.74969006862418,1.89946853473542
-1.68251467811717,2.60126845517393,1.84036737835063
-1.54114937027355,2.45106601967133,1.7397462059106
-1.39117858770762,2.29878797424786,1.6047942086873
-1.23217666756319,2.14297003598571,1.44487399901964
-1.06446023523559,1.98122589043615,1.27048417288248
-0.889393883972179,1.81069586980048,1.09180996067249
-0.70948198303205,1.62886304088488,0.916464675248924
-0.527869606237393,1.43474026269037,0.74674483749448
-0.347137571477866,1.229941637851,0.577964245732064
-0.168001585368267,1.01867901504098,0.399988650921821
0.0109896824983081,0.806140783837545,0.202256339532131
0.192387313902727,0.596129380325272,-0.0206745671539598
0.378306712764548,0.389616986595461,-0.266612107921797
0.56949680819805,0.184942079101311,-0.526896496090449
0.765259566313688,-0.0209521302002829,-0.789353447181701
0.963865541506911,-0.231155985473329,-1.0411129624804
1.16306928076783,-0.447815028149589,-1.27047580732544
1.36050491788677,-0.671619099329454,-1.46782228797937
1.55389783669623,-0.901642808520457,-1.62586973764855
1.74110587337894,-1.13538096130767,-1.73962496812307
1.92001781078104,-1.36886544602131,-1.80630318774256
2.08832419960367,-1.59682914699371,-1.8253476651159
2.2431766590805,-1.81295276729527,-1.79848592019854
2.38081012548215,-2.01023525458082,-1.72947950658253
2.4963735715433,-2.18139398048463,-1.62290172018532
2.58453959472156,-2.31886984426819,-1.48123561162868
2.64175065060277,-2.41364586499164,-1.30079483581913
2.67028055181966,-2.45247370171754,-1.07065624839731
2.68129498863762,-2.41541080661585,-0.78294120192861
2.69176676623858,-2.27860931358482,-0.455972255467297
2.72018357358115,-2.02546886543039,-0.144062620041596
2.79646191114931,-1.66287850290262,0.0977520067816396
2.96398400759798,-1.2341362629235,0.25591453534964
3.24571203786295,-0.809830549285727,0.351041250212234
3.62059482211932,-0.457965063900691,0.411845717827327
4.03223590666602,-0.22098699644731,0.46956387797868
4.40732508208995,-0.103962450981081,0.559557699259702
4.68029695581751,-0.0774816435486899,0.71419607387404
4.81985893892054,-0.101317313903132,0.952459008883795
4.83645593404662,-0.149311123262423,1.26578511211664
4.76094949038483,-0.210374032619595,1.60048965462746
4.61930626642414,-0.275453604171227,1.87067554590967
4.42785821523809,-0.336880857580151,2.0119588917224
4.19880481155717,-0.394558299824977,2.01229823740809
3.94039973024917,-0.453813774836563,1.89493141631905
3.65375647555746,-0.520300463170797,1.69844512360843
3.33036159240119,-0.596118591655696,1.47673654641654
2.95336248442668,-0.673753672137935,1.29797633951177
2.50854986565554,-0.730402633269921,1.21250217794575
2.00966328401986,-0.739818197282996,1.19225242829546
1.50950271442015,-0.705872381562234,1.121961701399
1.0541654869535,-0.662438790693427,0.906744503321561
0.644623620205273,-0.633574502997982,0.548451215257919
0.255030033538556,-0.622263988025635,0.105404481426597
-0.142343000773003,-0.621234533052966,-0.359472062534616
-0.566634631570987,-0.620930817652002,-0.798928569311392
-1.02594975213763,-0.613300763922728,-1.183763864827
-1.5192159394715,-0.592431024182651,-1.497228036365
-2.03974015235177,-0.552993854613241,-1.72800583587304
-2.57833753338196,-0.487872515930693,-1.86542711025136
-3.1260100538101,-0.38418459843238,-1.89651132756744
-3.67630129082951,-0.214815228010597,-1.80553848705772
-4.22148261122698,0.0708481554613902,-1.58275559504938
-4.72559154904901,0.511807882560934,-1.24189518085497
-5.1057193965818,0.999387679137272,-0.829478872566466
-5.32554867673124,1.32502836144782,-0.419682188251699
-5.42127290075469,1.47485140533984,-0.0286168806999367
-5.4060039742661,1.56960468974761,0.442564140365807
-5.25648795081326,1.71869156618477,1.06792016840432
-4.99084528708532,1.912377787907,1.67049173801168
-4.69471082621228,2.03456134866996,2.00172034409748
-4.39674725781693,2.0683438351145,2.06060043426457
-4.07770291611765,2.05518908165775,1.93156139584728
-3.72764891239511,2.00800425849355,1.65135631027328
-3.3257523877857,1.92498463186395,1.26953765628096
-2.82152787339778,1.82866931041367,0.93219665901417
-2.20400676641235,1.7789753637166,0.835281894964399
-1.61412090666122,1.78066854205132,0.894449709902904
-1.15958360062039,1.72031638922118,0.706095929663901
-0.767615225946884,1.57109481710665,0.207511554295065
-0.34758193297341,1.37684253295785,-0.409153728285152
0.144957003833515,1.16269999820987,-0.967079291298204
0.713611810342375,0.930270265389599,-1.36944598238599
1.34425417820576,0.680748917161304,-1.57739688078366
2.00170614329374,0.427232821488573,-1.5935497628831
2.61847253759375,0.172666253373172,-1.48825483459338
3.14998486114927,-0.108473492297388,-1.34158658681704
3.61460558716274,-0.433990926186008,-1.12585940583027
4.02537771866001,-0.774109192041903,-0.722732013950274
4.32756438391263,-1.04724017629126,-0.105662895237088
4.47649026758365,-1.22105799678525,0.522688186622581
4.50292809355063,-1.37284490522811,0.979210160265829
4.43799142481345,-1.53107177411444,1.26022238545304
4.28789962759804,-1.6856984218402,1.37842665017661
4.06379167751892,-1.86417306745991,1.33189079910056
3.77323536184117,-2.06770827566234,1.28584998964286
3.39835932342921,-2.11265356831529,1.53464551943199
2.95786956666391,-1.87911638285391,1.87421871043679
2.55591819594132,-1.67315280032891,1.8037215574491
2.24143578265356,-1.62768390959662,1.38492297564591
1.97013788241543,-1.65223069013624,0.836298130707727
1.68956289912343,-1.6746309913023,0.275897409436458
1.37061706278307,-1.66386589019665,-0.241699937854303
0.995885457334729,-1.60910540178309,-0.678190040671402
0.538559244847067,-1.50353315801661,-0.989827954031726
-0.0294411950370024,-1.34481953740246,-1.15219449431934
-0.66330209572464,-1.14831856755278,-1.22261750408034
-1.23899798053618,-0.93439215289108,-1.29679348252986
-1.72232628418744,-0.693871326926986,-1.36972252572662
-2.14733743323313,-0.398312357512506,-1.37694984222528
-2.49462413640845,-0.01724657090969,-1.29194616422397
-2.69521912127198,0.452476622351009,-1.13095438903008
-2.76613562834797,0.850073747827454,-0.896410608662012
-2.8381633250347,1.01806942695888,-0.499349702219128
-3.0089118407981,1.03639670808176,0.201910826924463
-3.28858753590461,1.08547520918433,0.958221086248481
-3.3858658951,1.27889692397498,1.29850786404406
-3.25026472439303,1.45210386409119,1.38958337760226
-2.97916968342976,1.45951181052627,1.55145045716166
-2.6307302355355,1.28392315171621,1.81845838924454
-2.28478218003555,1.05236794932669,1.9870194789091
-2.00788271132685,0.913143747960063,1.92302559890662
-1.79549900576867,0.880566843430087,1.67781795721513
-1.61914414667609,0.899114510201848,1.34258121350591
-1.45889269036066,0.925945561323758,0.972680239048926
-1.30271189122667,0.935505771206226,0.597914284249968
-1.13682369863566,0.908424089929144,0.236899600117836
-0.944964762702798,0.836090387903774,-0.101691661670211
-0.716716047498124,0.725367320098942,-0.41593890189863
-0.450211332947596,0.591075960878663,-0.703212772468776
-0.150871383348364,0.449482922346976,-0.958000176447861
0.165152978849838,0.316215026058357,-1.17600473302215
0.471859002023689,0.19873218748397,-1.35718638299488
0.747287229509135,0.0888774958093936,-1.50399983093842
0.986057139395159,-0.0319261890126817,-1.61917453517911
1.20006494161456,-0.180494960042688,-1.70251793509942
1.41442987243468,-0.360481120190084,-1.73658985967564
1.65482262184424,-0.548434478438281,-1.66321578420666
1.90879734818253,-0.690155189590128,-1.39446241897816
2.08968714612684,-0.754326437161461,-0.915262778337515
2.10252208856332,-0.806449362269079,-0.378812552690885
1.91994978450436,-0.926429662381221,0.0308910484976885
1.48630896973194,-1.09018645922336,0.235568862621178
0.751235943999164,-1.20939660929353,0.194754993244859
-0.0239486119669066,-1.10664756894965,0.0960658523177824
-0.514767162914147,-0.680717368847837,0.221057236337581
-0.669542186268775,-0.260140052093395,0.528909391942083
-0.560077666340579,0.0220331562698467,1.01922451433738
-0.404351405895924,0.341423291193309,1.59261633793289
-0.346851308871848,0.596166282636955,1.92630318737805
-0.315716622799732,0.681409947555735,1.96150374499145
-0.240460736294838,0.679477201985752,1.84050798598208
-0.118395171024829,0.668003316449723,1.6578193035382
0.0309654289033978,0.673436514722327,1.43989726478448
0.19189666619419,0.700112503499812,1.19544563161677
0.35764970310071,0.745961015584936,0.950457648914694
0.526667437361264,0.798959366371368,0.750322039175757
0.696375397186061,0.833523140340234,0.623946329055949
0.860330832136495,0.828842007765731,0.535263245909645
1.01198301591671,0.796443895197088,0.401477353878279
1.14944445082586,0.766482832477509,0.182965907102915
1.27648126015913,0.753060115709706,-0.0880755288396204
1.4010094214706,0.749897652096078,-0.354496351594051
1.53116645395182,0.743306240005431,-0.574616094974997
1.67046702873012,0.722771685247192,-0.73613483232435
1.81488185774376,0.686491354587709,-0.852454345566988
1.95418417465071,0.640029421017418,-0.945508727137924
2.07721073475109,0.588480600906364,-1.02618452783389
2.17640830368258,0.529801290107746,-1.08809121208326
2.24782788598802,0.454378195267882,-1.11583074672493
2.28781314878068,0.347295933988374,-1.09644795136862
2.28904595657762,0.188226362428895,-1.02628001725608
2.23534340386631,-0.0520560097692129,-0.913483095123138
2.09077231819652,-0.412244240704702,-0.780058288726108
1.78433134116289,-0.91283387266688,-0.664240493341859
1.23961316599931,-1.47044264490014,-0.605267574470379
0.514322927423099,-1.8983606733062,-0.571018795564432
-0.182674476783914,-2.1521930462068,-0.407435663185377
-0.687375165646764,-2.31112569686999,-0.011975434839663
-0.981266483750609,-2.37021302532892,0.468704343281022
-1.17259104989469,-2.31938852757542,0.839403051764756
-1.3491649626869,-2.19587902722984,1.06702242489033
-1.53637098986837,-2.03413412913384,1.19446009467104
-1.73229380175451,-1.8524583859542,1.25587349334338
-1.92889627093128,-1.66009281166255,1.26617702810588
-2.11921384448024,-1.4623373284635,1.23071964038635
-2.29906294413736,-1.26212761000089,1.15413445421862
-2.4663095474481,-1.05949308532926,1.04584224427726
-2.61889838898312,-0.850538535360578,0.921512761713119
-2.75307777247909,-0.628060087274027,0.798829763728341
-2.86396292485761,-0.385579646179311,0.688024977663108
-2.94913020345931,-0.12391011817124,0.583406910528661
-3.01185164678195,0.144951118495347,0.465241080453799
-3.05914650267298,0.402233822368449,0.313457186509304
-3.0958859203591,0.632587379680774,0.12101037639103
-3.12153676115937,0.830362426605521,-0.104396886915046
-3.13152364354197,0.997850697173472,-0.346655557968297
-3.11930099191721,1.140356715911,-0.585910214443993
-3.07611975431061,1.2645075597525,-0.797003194555973
-2.98996911977499,1.3836183949379,-0.942969186714874
-2.851230043634,1.52739139610064,-0.973320987247158
-2.67181803736325,1.73116825189411,-0.856735358613058
-2.48828666899181,1.97271883585548,-0.659982655004122
-2.3104125452688,2.16025072458307,-0.525215353042783
-2.1101838723132,2.25988217925378,-0.499527938867048
-1.86957745153962,2.309325464521,-0.527292814261804
-1.58989684858809,2.33856254844063,-0.554625606706207
-1.28035643269057,2.35345157555639,-0.565236963348178
-0.951252844412774,2.35180427645157,-0.562486418372449
-0.608980212907781,2.32895923826678,-0.536040731515365
-0.247864206485144,2.26369880728725,-0.435139654281337
0.158857199098933,2.09771419849162,-0.184379127787611
0.656549594846999,1.75149165222328,0.21540133954733
1.26087636260033,1.21639665633605,0.578784029933434
1.8713783337132,0.612769931567375,0.700624148034866
2.33362808380569,0.109929661973771,0.617933482249976
2.62520885815469,-0.232253876201593,0.511536023806575
2.81231151704416,-0.478049933379052,0.477041709039457
2.93524638471779,-0.68599798724168,0.512445486728576
3.00683217129057,-0.88189305622496,0.596536342534084
3.0352717329014,-1.07683558420096,0.714407126854282
3.03305112039885,-1.27004084281191,0.847126232378879
3.01246024310702,-1.44704450577115,0.960012929813199
2.97683710106907,-1.5899233818249,1.00927741741571
2.91979877284094,-1.69238933183405,0.963577209642753
2.83046509085879,-1.76278790547763,0.82032252401207
2.69705487939926,-1.81833528566354,0.613671002168956
2.51568538960401,-1.87672014313814,0.420395554116335
2.3100598214269,-1.9383315573341,0.327595354451527
2.125723914613,-1.97760482234378,0.317962593875401
1.9722284878321,-1.98110037710713,0.242034366903505
1.82099685716443,-1.96978903774898,0.0120266083802138
1.65427517623795,-1.96454998041575,-0.329789135935698
1.470338858293,-1.96839525256837,-0.704612133927126
1.27144756967453,-1.97266840650491,-1.04693124793921
1.05288657794863,-1.95876908142809,-1.29577202699391
0.790595777796763,-1.88829551620022,-1.38003057550299
0.439250898485891,-1.7049717619465,-1.25390282208877
-0.00988889903917135,-1.40262637133026,-1.00793817249708
-0.433157668494239,-1.08758227372983,-0.854886792461712
-0.707972212256548,-0.795738440712885,-0.83582268852454
-0.829285521726322,-0.412598602298028,-0.816114753362295
-0.756990021926719,0.165368634990619,-0.691601844771047
-0.411733952180373,0.856128258105665,-0.425059709789307
-0.0315136672061106,1.32629374655985,-0.0388629226052682
0.0223861981564294,1.4892611845614,0.369525083624925
-0.122446456206436,1.51804348108978,0.718890125769626
-0.274182804181199,1.49358304052115,0.970218545648652
-0.368991010925594,1.4245773953388,1.09533957603659
-0.386622959423926,1.29804315610569,1.10937660578592
-0.360644270430924,1.10004078645381,1.17318849038092
-0.437338276554657,0.857075360164372,1.49998426527712
-0.635237650488827,0.675504701928152,1.87874025454011
-0.743831747078308,0.595332249175582,1.93771526234324
-0.739261244470068,0.565792098112097,1.72005171174215
-0.681653835923052,0.535285061303766,1.39478419582211
-0.605590966287766,0.444551787380118,1.10420595232954
-0.526760510201589,0.225248024786862,0.92491145464447
-0.449474796928666,-0.10024967323112,0.776520195878855
-0.383271857108987,-0.346253497534192,0.491950727318513
-0.33822536423267,-0.427121003381607,0.0738338013930233
-0.310494301906833,-0.439250409371479,-0.366536211350446
-0.289381644995392,-0.465797283854872,-0.761136927016064
-0.268678675018206,-0.525428863426834,-1.09030000677378
-0.249831947840287,-0.611071579755584,-1.35073195976814
-0.236712521596353,-0.716077115843477,-1.53861774790851
-0.230181606518145,-0.836915224515778,-1.64543382716984
-0.226912993292185,-0.966593361097014,-1.66023644096163
-0.223907175976962,-1.08925733199973,-1.57672031485565
-0.225942434443829,-1.18509137300477,-1.40013275323582
-0.243105738255431,-1.24174319297701,-1.13843748051971
-0.281450301423813,-1.24293371825964,-0.784494126788748
-0.360932849714747,-1.15731208610093,-0.348197334397244
-0.534163692179919,-0.980780851603936,0.0971363009593498
-0.866138877925296,-0.717058142627888,0.469432752486481
-1.37835557009106,-0.276314570142108,0.728220192458234
-1.91042373554912,0.394060037418742,0.857455954579236
-2.23010992777351,1.01171939289689,0.915846286077562
-2.31750983065616,1.35288608972103,0.970403958069097
-2.24820736373711,1.44876596306629,0.974233539279052
-1.97914878179523,1.4073255575644,0.948665765094812
-1.42000166482367,1.51594524487322,1.11633483043292
-0.842074257834108,2.03282523234694,1.60099287733347
-0.671874189771906,2.43552736334507,1.83105071935917
-0.608434211432264,2.42186511001164,1.52437552306235
-0.412108023975973,2.33373092531265,0.926565862310294
-0.0973758209650921,2.32268264454054,0.346184460350683
0.27679118020086,2.34511379217076,-0.0164574822520707
0.682592647868957,2.30752450617319,-0.177810024779038
1.07712268966019,2.18271372597091,-0.312686404764281
1.36611408393348,2.04567935815082,-0.62494227169819
1.46804066650228,1.96530659685727,-1.1193899477061
1.49489942178237,1.88397383409438,-1.49067186876152
1.8066386161634,1.65769547400276,-1.32417331514258
2.57258405437335,1.39790241184427,-0.640302850008556
3.06974612486356,1.25001590504291,-0.285432987536982
3.12276755641142,0.979988651603732,-0.336293355240326
3.08046647416248,0.434645075284364,-0.388522656352659
2.91835563844359,-0.375019854790196,-0.333555217562156
2.61300433707767,-1.03941626901522,-0.179504148746488
2.33500803509062,-1.38568951949656,0.0601893571815358
2.05001984101106,-1.62052432258395,0.334010220554574
1.70916228219907,-1.82007040993398,0.592474863330012
1.31271493804318,-1.98443959416778,0.833377026386686
0.863740997414059,-2.07016496542395,1.09121582470462
0.354763254496495,-2.05470300897879,1.28993778369288
-0.175440761981738,-2.02646915161648,1.26914059833429
-0.61363186151279,-2.08515547884944,0.979344578975912
-0.874561583669786,-2.20878943470052,0.526830381249408
-1.07705677069987,-2.24615217856786,0.123277823150576
-1.45958798728078,-2.12563164696073,-0.111643417304408
-2.03381460152139,-2.01771352409272,-0.181919106365146
-2.51725832574989,-2.04326303522407,-0.148574665536242
-2.71989471656877,-2.03306759715777,-0.189558773704977
-2.79851173151275,-1.8620465397633,-0.367812474521094
-2.89952200981888,-1.58358024544159,-0.571117075990522
-3.00741706375884,-1.26500719533195,-0.6979760551638
-3.06475999997896,-0.919584847522717,-0.77950578371082
-3.08258270140396,-0.531858490970206,-0.902902938984137
-3.11838352048293,-0.103114052562625,-1.00875576040499
-3.11970647318319,0.296979785038346,-0.797848273276645
-2.83601932114889,0.599527217525852,-0.159026779167972
-2.26793635422774,0.925512780128308,0.348606671162335
-1.69298372266142,1.30916624119166,0.36241749081909
-1.0197333666815,1.53493831851145,0.169833811880365
-0.124028123018601,1.44866325573152,0.0976434751292674
0.697740978683306,1.16973324829939,0.229347234884602
1.22150487327492,1.0123920804244,0.524701665759173
1.49676615463206,1.0045752409519,0.886687330800659
1.6020783162712,1.01989583148477,1.21340168384588
1.60348778274009,0.977172882993547,1.40485177256768
1.5671967398312,0.862529206894638,1.40034260068345
1.54463944111995,0.696126764737573,1.20544313816912
1.56753437000066,0.496322887801822,0.852365507100322
1.68203521819567,0.269473228982123,0.373802007971446
1.94742325335899,0.072888345531053,-0.103159935599452
2.18303648160696,0.0772092524025828,-0.286809430056508
1.93890689548841,0.208321368221383,-0.131566593703172
1.36298755680939,0.0541314545303109,-0.0488161887174105
1.16862341205157,-0.269861541694351,-0.29042305692199
1.26341329944071,-0.406369013694569,-0.639323465577112
1.26967233240543,-0.365605006096444,-0.963166270280645
1.09165517523112,-0.26420138071812,-1.21225780409098
0.804365439065163,-0.147838818039718,-1.32410570720085
0.510798355466787,0.0220909706803086,-1.24537758230447
0.2999746015042,0.352074446270004,-0.954821190694456
0.293202107858621,0.990449487740627,-0.514542829840696
0.744511867461961,1.87446295284899,-0.0438279836548768
1.60190301843818,2.37589104105265,0.317039663810351
2.0497195026391,2.2013391983685,0.387245163115241
2.17912009440524,1.90452502830056,0.183738790347335
2.28100439809577,1.86114219213901,0.333517661116635
1.4277358692445,1.62416985797804,1.52100128645481
0.484010953482849,0.565182154120533,2.06210525499892
0.770956563987693,-0.0776461180386213,1.48975330885376
1.25789057460834,0.041717901764542,0.923795691686447
1.09440300419624,0.209822212858254,0.895474556547656
0.322992563670977,-0.186743134723571,1.15532882697353
-0.275391491361793,-0.97111355725339,0.99277816901122
-0.277523972926872,-1.45862291158378,0.368585375084318
-0.0969211550389477,-1.57648573238522,-0.312616306039351
-0.0669071198298186,-1.46076657528826,-0.863282342420866
-0.385712465252971,-1.42541047837561,-1.11653538990928
-0.825167193493092,-1.82607039086603,-0.901465233314843
-0.904050550768148,-2.38487595781506,-0.459357938331213
-0.906743732341823,-2.50249261707469,-0.543887299072229
-1.17117975048366,-2.57474268119107,-1.00763716141075
-1.47572475977926,-2.72883685594729,-1.08465820476419
-1.7213435894561,-2.72752178051961,-0.61756882632075
-1.98618385179896,-2.59904933521277,-0.0646860600032329
-2.13421818981154,-2.49326157137322,0.115630656301029
-2.07956039875718,-2.25749951635343,-0.0759002028580695
-2.13555381408526,-1.68433019626376,-0.133568228301476
-2.62775609634557,-1.10103292173221,0.81138242619831
-2.52782239386683,-0.999002015918429,1.92717366870774
-1.98252479759415,-0.614047357914725,1.85996330518539
-1.68367355193603,-0.0445741737480755,1.38519525804395
-1.53605039029763,0.479118403758617,0.944003178393199
-1.38882214558471,0.936359093803224,0.573186036085034
-1.20364634718233,1.35296630810723,0.251790602219646
-0.961515387691795,1.73961065410482,-0.00896955511991906
-0.641435288641414,2.10767545267987,-0.202648881488259
-0.244127716021799,2.4803829835344,-0.346674678981385
0.186068480292729,2.88719533253153,-0.469178910776127
0.555635966835541,3.3196285486297,-0.589745077943346
0.791436612386865,3.67017011142829,-0.737679848719822
0.980763767925805,3.8311749466098,-0.933399287363819
1.27706021142557,3.86385814815862,-1.09780853626789
1.66963124518041,3.88264539025877,-1.06774426391093
1.97047987160877,3.86280712870814,-0.705074289730759
2.05322611760793,3.60817611532601,-0.0690729087642248
2.14244984650842,3.05385831454901,0.449370406032449
2.42481421214717,2.48928852979768,0.630596271276616
2.70938539793444,2.12410553234593,0.687537895232804
2.82175947311295,1.82227520582643,0.813021624981313
2.80277488982811,1.45826177307156,0.971616420162455
2.70368112720645,1.09694681348239,1.06360858442165
2.47414703154756,0.78504450814524,1.03506761349986
2.05457392068814,0.400377764531658,0.925025109099773
1.58822734056204,-0.207895084042892,0.903023348797165
1.32450216920592,-0.823730104873541,1.0199311710835
1.15843588932628,-1.12662055035715,0.932682480124566
0.913852508922619,-1.33997241072859,0.41393534592224
0.601111059159174,-1.67681180330216,-0.228641329727832
0.218062834477203,-2.03776601068068,-0.602270983088397
-0.24773697458313,-2.33728947690024,-0.76628555900834
-0.74051608654606,-2.62035782016989,-0.914576070817956
-1.17915798788466,-2.9221622458474,-1.06890099772801
-1.5762221528047,-3.20444907460441,-1.11209241753011
-1.99786235673853,-3.43363958789991,-0.985791837159212
-2.39153193582448,-3.6131801029005,-0.782254624413102
-2.66786315982507,-3.7057690573232,-0.565974711891834
-2.84164210102805,-3.66221802388533,-0.308131568834562
-2.91939321269519,-3.45572705261119,-0.00993835273787383
-2.86683317900066,-3.06365438895041,0.268273744117425
-2.61943857010457,-2.51540387724643,0.451592796470877
-2.1214226359329,-1.96903482789772,0.516656007821398
-1.44280811785674,-1.6097955514436,0.516787248102846
-0.748984745188039,-1.45393354719122,0.510245248727811
-0.19158538171815,-1.38405058600872,0.530389961503406
0.146895979689582,-1.27678629054524,0.585386189902088
0.292090419788854,-1.10664466027657,0.658255920191227
0.335761750552276,-0.929108375273442,0.746055401736928
0.373711382728428,-0.770038336641402,0.86427308744931
0.447976653261301,-0.567571139979249,0.999572500931615
0.492667357887016,-0.257021513224673,1.06055415822439
0.43816176533816,0.0844383675245839,0.959397569234551
0.332254282869474,0.35649493416358,0.724621159878698
0.24228834816423,0.576002702106145,0.461639686764199
0.153666646622565,0.814298961610744,0.252455371430664
0.0128647984809764,1.06986322513439,0.0760938196207476
-0.153617166970923,1.26493781901932,-0.1462611399825
-0.266481356453586,1.37631678815523,-0.42174519713674
-0.298979149696236,1.45548128678148,-0.690256126826466
-0.275593086398337,1.55613908069461,-0.905756491810314
-0.233900925548664,1.70564378601873,-1.06123137077002
-0.210936963436461,1.91164807461634,-1.16904128146383
-0.237125960664697,2.16959552070271,-1.23081488547146
-0.313378430362234,2.46197206938171,-1.2115485920094
-0.371273875722741,2.75815905778185,-1.04514231983977
-0.283179690169411,3.05939535367092,-0.717357445575041
0.0295216266618115,3.43789657977146,-0.33398038156901
0.524950249729711,3.85295521054752,-0.00379408250039255
0.986179397362912,4.07905102649684,0.264492814776036
1.22804098414437,4.0653325859679,0.48470657792521
1.34918307990788,3.85885043940148,0.671132062743088
1.54810231030429,3.54461955079225,0.879041915828068
1.81608813182666,3.29977492259406,1.25390381170685
1.78115969355427,3.10118262830076,1.67634344195026
1.46176678749048,2.66336758034627,1.74053810658102
1.24978496203294,1.95589516773213,1.33735863060502
1.47178689837923,1.17503280918207,0.650362824955725
2.05171660435137,0.66493254318959,0.319456495510309
2.17501135074451,0.37126106062989,0.759522395497978
1.67216510940905,-0.138732372217574,0.990630980975166
1.40178862407785,-0.754273469815123,0.454511094896619
1.4989926814506,-1.18526779402491,-0.389329973977561
1.69150045682994,-1.45171398575211,-1.06591848357196
1.74381673054657,-1.74092489429359,-1.3405386864688
1.63926648195337,-2.2191942202271,-1.19351238530029
1.50207125623288,-2.90484003021271,-0.809041461973749
1.40097587117561,-3.45157138165331,-0.631110095975075
1.23705583748817,-3.71891448825974,-0.739275847061724
0.984495964250835,-3.89706365033496,-0.832734967003031
0.710577261487841,-4.04856731063539,-0.655200404049034
0.452565494279665,-4.07898083299974,-0.214550922080948
0.237479764978119,-3.90750719319155,0.236562930271435
0.150271266174945,-3.52502588574734,0.411984938882732
0.245334195457339,-2.96737512281418,0.332750579300354
0.156629228390763,-2.45695601412702,0.481484605417959
-0.319002282410038,-2.16666778811357,0.935840276242385
-0.774946718978693,-2.01188919948883,1.26243539286306
-1.03628694681335,-1.7994733288479,1.17870882631544
-1.28045800730642,-1.50098963492485,0.662764298843799
-1.68979108940113,-1.28748581452419,-0.00292955114303805
-2.11608939486728,-1.25203600778282,-0.209161856422805
-2.27816950614464,-0.999102150931133,0.375445815566644
-2.42729977318166,-0.184417218107449,0.958299684845498
-2.89852484859105,0.369393668650456,0.705623966849597
-3.33819145227277,0.439655509375339,0.119643461091965
-3.54835378167807,0.386407109455899,-0.329421734133437
-3.58577304683161,0.411718041090508,-0.558977175636792
-3.52440128593777,0.530866424194838,-0.61741955877798
-3.4153291631835,0.724004220550262,-0.54274367022738
-3.29024570495824,0.930696501168117,-0.408476225259368
-3.11699075816627,1.09219419407577,-0.274108761381997
-2.87720961500627,1.20005922854101,-0.0999717345753995
-2.53548986763792,1.2132251513819,0.103713067038999
-1.99571318821226,1.18575641213829,0.21672421438104
-1.2683770566303,1.27619481650323,0.162203721841297
-0.474294045549432,1.5906843077744,-0.0376786384557817
0.249790882730205,2.12561085810369,-0.281232094631667
0.825920951645631,2.77901294181593,-0.448104603985889
1.23432741750963,3.39781810825746,-0.482398531664153
1.50820428123153,3.80318495591701,-0.40499854663206
1.75380185097163,3.91447446794097,-0.256644942352078
2.05232390498673,3.84445461992772,-0.0127248587053025
2.32124784002121,3.73870745650478,0.346898706000927
2.45926325609819,3.5531915642656,0.642671335471879
2.56155716502067,3.25569606218196,0.76568319931811
2.62604562938965,2.93225197590098,0.844197544809618
2.54016809551732,2.54700766843876,0.927610241319321
2.38321213679956,2.0167600423894,0.922787230896389
2.33699461107831,1.41739415328659,0.807470650325143
2.40166145254074,0.8879451497974,0.642298604816054
2.45446663388526,0.472793644228903,0.448573822381407
2.40439031822108,0.131916034177927,0.213475633099341
2.23166953576507,-0.194411362241376,-0.0627188840684489
1.95460357069497,-0.541883342386287,-0.369527532015515
1.60392456608115,-0.934552111936947,-0.691828264774527
1.22951889447587,-1.38606197903223,-0.98389511898193
0.878976460884524,-1.8685037844623,-1.1669246891072
0.5586876609755,-2.31116377027495,-1.17445003457556
0.233379153133659,-2.63892211054905,-0.983217601782761
-0.17773636118238,-2.78796621556783,-0.591382262879922
-0.706754964997939,-2.7613196852565,-0.080447405166366
-1.07877569833505,-2.62801257595637,0.41814861725125
-1.17793369274999,-2.58313051466871,0.810704462753592
-1.14173023072096,-2.65343644989961,0.911667115022712
-1.14811633897249,-2.57319721857633,0.746993056036376
-1.295763934971,-2.4840611511393,0.644293046826828
-1.22983575136612,-2.66481998164835,0.891004537619324
-0.576987599011292,-2.73661801976964,1.19812391226706
-0.154753820209909,-2.17432114529231,0.999590255978562
-0.487467714526229,-1.56225889904783,0.556816064750202
-0.928081676791653,-1.49544090495012,0.22259316751727
-0.855425980960886,-1.69345933602295,0.0116103646461864
-0.3958025440825,-1.59502357672584,-0.0454589657877865
-0.116988573948532,-1.08400867161666,-0.062201139381534
-0.195604474679171,-0.6326595373201,-0.184478848414341
-0.293379369144728,-0.459625971364761,-0.469031611898379
-0.228325238437244,-0.342265815484437,-0.809603187093951
-0.204473857174114,-0.0880071995877321,-0.921695672726448
-0.448496289993428,0.164704036210044,-0.747463880268258
-1.04937769696044,0.317355972574601,-0.413204674828596
-1.80465116308923,0.697664604001606,-0.0853421280669911
-2.23311211745063,1.4901244490405,0.088293574173589
-2.20367019344375,2.3026318336923,0.148411672357754
-1.93493597304336,2.88700484462747,0.177172969294962
-1.6696616966318,3.35432225544287,0.0884064326356021
-1.68123688551764,3.79325834057441,-0.175821298212844
-1.71467561394274,3.89431993585625,0.114478706681814
-0.63901862586207,3.80208523040996,1.0973796384579
0.096468791748592,4.19013112931896,1.15361427616787
-0.0986518283469688,4.06951260067633,0.522254668280243
0.165949406037931,3.61256814975624,0.167908868884551
0.63099548603829,3.29024827917878,0.437005951683346
0.79671799822587,3.04302160676092,0.653944219707516
1.20269513819648,2.99070465777035,0.285059770605322
1.95109173573717,2.47878072501384,0.24047970568254
2.48498995892412,1.7640553597496,0.265492580133191
2.5529176655326,1.31649045873693,-0.194380883328937
2.38041687813305,0.565574198278266,-0.882735802743646
2.85462493015893,-0.276813449702929,-0.262892178537536
2.26351340370228,-0.266938890310906,0.938244476378702
1.43860724514221,-0.993905483045368,0.507828119329333
1.44822716888623,-1.71308013656794,-0.0635199690567658
1.32809404980592,-2.11521242692769,-0.273410935161543
0.958735673708907,-2.49097209477315,-0.405447202819214
0.422860930180707,-2.90145157872069,-0.476652724981196
-0.229218388222006,-3.45886100388406,-0.425737471368434
-0.703909447869635,-4.11630816347463,-0.240072977568018
-0.884659770567226,-4.51618166638853,0.0258734438721754
-1.03025074151656,-4.54130092839653,0.164179245174487
-1.36591402342076,-4.52415126131569,-0.0187411925705967
-1.5680454984305,-4.65051046471894,-0.117890056306043
-1.43925138587478,-4.33301428038339,0.192101707654147
-1.63813188787324,-3.53085074139826,0.692443909742636
-2.2861700419162,-3.39711308510388,1.02615486023884
-1.93925308319305,-3.510284736147,0.929770288215471
-1.24954821736912,-2.72002275533134,0.548513171753237
-1.16125989194178,-1.3699664291556,0.277893350788077
-1.46230487751644,-0.554358228557589,0.676204806937504
-1.02713303517676,0.0134940581157061,0.596306641732871
-0.778808654782439,0.923368943909504,-0.172887454841301
-0.848057871455165,1.73722202047858,-0.712406638830881
-0.673091518555802,2.64341009668541,-0.771396156647765
-0.573908374844342,3.58944780820304,-0.704500070715022
-0.584938991499098,4.34936988088913,-0.490244945237472
-0.66721737394204,4.84926844049693,-0.238547286323409
-0.566025344787808,5.01019713065929,-0.0880361608175589
-0.254827964795614,5.00488443039046,0.0310101274558671
0.299810279518369,4.98553856473641,0.0214547468574163
0.759178731493026,5.55468126009701,-0.0201738178375065
0.0695196157715787,5.04577202392948,0.763981470240132
0.808248324707059,3.49003808898026,1.43036126009433
1.38700688789636,3.63250991934514,1.24892408602325
0.959639033580574,3.23314456972511,0.511436318045793
1.05900699124304,2.10641172058226,-0.0650708123626998
1.41608335153864,1.05427889672499,0.273062406195654
1.23639971395587,0.258924077533285,0.647409757099892
1.34040798436945,-0.591100116237479,-0.181645126095857
1.89168811101605,-1.11589120107147,-0.980553553957895
1.99146646640761,-1.88466306098273,-0.62734473171943
2.16758162180818,-3.28480649252679,0.112269724122516
2.48026881740515,-3.46149140981453,-0.0740487358958218
2.06226258926164,-3.33045606999331,-0.585447028207013
1.68782751074902,-4.12775173295498,-0.804905967458577
1.99837509108775,-4.05637811022716,0.404650093278121
0.343085313290947,-3.34580613768309,0.776373883035746
-0.296568477277139,-4.4548315181445,0.21005713559392
-0.0107207335991807,-4.52177112168783,0.138492737924617
-0.296924965593405,-4.11945621497594,0.189696364680883
-0.828877125669741,-3.72302031723135,0.291323255991175
-1.36495575544487,-3.48986096654162,0.563672627797161
-1.42792471965976,-3.12553413176884,0.877193975555809
-1.32143266860884,-2.2389297233083,0.819775593626367
-1.55922979659691,-1.35641413675947,0.28024917017892
-1.70061690260116,-0.782061600753422,-0.143843619871506
-1.73988902215969,0.356616238052915,-0.258815316818346
-2.51995402645043,1.45581475068652,-0.00542877313304412
-2.42818096556461,1.44057605241362,-0.0686998246221267
-1.2445464428865,2.25748672030894,-0.862623660047758
-1.80721669721264,3.90464153322207,-0.893969604346227
-2.09978672444643,3.76377741282379,-0.0117865741104499
-1.58161382063411,4.40316244368936,0.105821016095642
-1.65582180398628,4.9352034924202,0.0744236764768469
-1.25218955406957,4.8238459007111,0.269451097452761
-0.622415265837111,4.65492559968499,0.72437854655643
-0.164404849380737,4.12079275589216,1.17700053274789
0.284755271336336,3.16049006597594,1.28671823246171
0.997655015839702,2.25454058470947,0.87390641153971
1.80637427288846,1.56883804959695,0.26791225217031
2.42814579436414,1.21948985546434,-0.337863750635339
2.33644204584466,0.579972417323866,-0.696856447141262
2.91088160969489,-0.868360559813525,-0.112981800375237
3.44476013425432,-1.05829162503132,0.0351543361934452
3.449002721916,-1.73229968580037,-0.487431043981671
3.03125954570345,-2.25043046073838,0.0477377184962053
2.65190822631902,-2.72418811337194,-0.0159276886407574
1.92788910581115,-3.13995200226511,-0.537696882739505
1.74901862789778,-3.06064228780202,0.600265418969274
0.603720354137109,-2.53711012313231,0.646829055235546
0.0789709501196629,-2.86929220408831,0.123901484673279
-0.48672269656555,-2.50611277857234,0.112200642949259
-1.38044123577807,-2.30950880577517,0.34461201556462
-1.82405901527214,-1.92883715742712,0.1514989946714
-2.45611117794377,-1.18397271068086,-0.315668728445603
-3.45740858189049,-1.01794889635546,0.095612798601162
-3.10349099298207,-0.628546330190395,0.926102191172905
-3.57668912390162,-0.0831310852325222,0.371831206722113
-3.75336788001435,0.0343496175220878,0.533681713088417
-3.7260462502108,0.25371587753682,0.738197620894054
-3.63738560469801,0.946685426091881,-0.0418322642675618
-3.04294878294984,0.686447459952827,0.272669342656616
-1.18786378150478,1.29155979599933,0.537583031678707
-1.31680237688832,1.97918318474357,0.101478603125218
-0.745444837796436,1.76984258717841,-0.490484213575351
0.264541721865644,1.84333237445118,-0.762043936026706
1.11870069384391,2.04744572758552,-0.477464654855728
1.96748495630238,2.01121407043019,-0.518929692425672
2.82023985837765,2.21266980418919,-0.0673508443954636
3.42228716673668,1.90869166058352,0.36880011939283
3.6401845741551,1.96359036681171,0.151547666814139
4.06750570838513,1.83120161445457,1.21620437966838
3.86861222080237,2.18484389521405,1.34910589578522
3.27678437902754,1.87128355222103,1.01988760931167
2.57647328819934,1.57475319215341,0.792695978761739
1.91844349435529,0.962903377017284,0.123496271873085
1.76873705214874,0.39576449528083,-0.301010093549793
0.588878353426685,0.323956498203708,0.237266251600936
-0.0426595772412497,-0.49146992044406,-0.334788515864507
-0.233094895425162,-0.545427181200452,-0.554953416817538
-0.540521181406825,-1.25749246115324,0.0479306451044911
-1.20388287825026,-1.811207919767,-0.57198135598319
-1.35106061968698,-2.52642902044924,-0.48828110363096
-3.14271524298363,-2.73213948243788,0.824944249753656
-3.07452473574551,-3.75116312288075,0.161285303469487
-2.80700617595062,-3.79141399001282,-0.0360035162605957
-2.79379460486663,-3.69230666126663,0.225476212982798
-2.70976133029744,-3.52698710600546,0.720529580806373
-2.11532486383635,-3.5084591596587,1.07325108021532
-1.74618566600969,-2.83878278711148,0.430468129398031
-1.21096419021204,-2.22669440378888,0.357667718062685
-0.663849499228598,-0.580279769427191,0.543380377833979
-0.777392184552571,0.27524228189621,0.331043412638239
-0.512022939611465,0.899164858719627,-0.0833891022437088
0.236598694042701,1.50994269464045,-0.758284999599027
1.1149163113629,2.64196514396121,-0.749348185890943
1.09772006312422,2.98486559898319,-0.21080257228224
1.68365106688798,3.57426403196689,-0.859318649684666
2.32276018242258,3.75398123773113,0.108484254622067
2.54794377840313,4.33929032010467,0.529387229165026
2.23284196207709,4.14303067280638,0.568242642598531
1.81987483191756,3.99290556334309,1.20124884857273
1.58190892048172,3.24637648912092,0.810855139953482
1.33719632038885,3.02229006844478,0.497166242405776
-0.151186488727644,1.49149740201192,0.579462293341872
0.554003359567281,0.198070274957397,0.501586521488731
-0.206269928367566,0.604396049085639,-0.27017790356006
-1.10461688826692,-1.23110700539545,0.16944555923494
-0.628008365112879,-1.56666244421347,-0.073953249402857
-1.37737609427764,-2.20067589076085,-0.770102644817228
-1.50289023579207,-2.72400485846274,-0.349147135233381
-1.86697621342224,-3.50304773770952,0.0934237581634837
-1.42611571578028,-3.86618436991947,-0.220406499154365
-1.13221220769295,-3.95389489780846,0.277216065159037
-0.555948891884217,-3.95761319886564,0.240239324790566
-0.91631880759803,-3.75961589415754,-0.0795085461766367
1.11772705024117,-3.58261928871412,0.801721470050893
0.218918632650872,-1.68168250914434,0.220483021035616
0.274401597927501,-2.74957489665488,0.918769068641144
1.82922282174587,-0.778868604157882,0.629975530271286
1.29756042007712,-0.428512755723596,0.00178325952983475
1.1767255466448,0.443272257184815,0.267473653855876
0.603373048508968,1.13737352084595,0.352331503613114
0.449460787305216,1.82837317536879,0.24939952779969
0.151461625217552,2.07638557866914,0.384342164597085
0.155553192359224,2.86255432522964,-0.00821471355936603
-0.322694974991868,3.33571455523191,-0.368568594889631
-0.736954330075549,3.19976248480534,-0.707651532172882
-0.715973855269275,3.13991007913098,-0.152702860254773
-1.55051900816924,3.33730888264882,0.339560868797241
-1.70974428476154,2.78993173435109,0.247919179434323
-1.13815591184542,3.0578408035458,0.417039042072168
-0.123390548138512,2.84923981914777,0.485144129703128
0.624231596484979,1.2145448556764,0.536027310745478
1.85095471240835,-0.387070122357973,0.322411752187842
1.97976556378252,-1.23415108062351,0.244601364677781
1.61804888238149,-1.81177040379511,-0.0359694706476155
1.1906955181426,-2.50632615969694,0.34466566600496
1.0968709712179,-2.79915907349525,-0.26597750591069
0.924053864745559,-2.9639581799616,-0.364231125972731
-0.920059911735611,-3.99968408271579,0.324740869595827
0.504425958935491,-3.01468528406225,-0.389553732453882
-0.536321456556412,-1.64323138115984,0.191130372668015
-0.089713979101816,-2.35299630677234,0.355467998519594
