0,0,0,0,0,0,0
-0.0411217160172095,-0.000519700216475205,1.58092474899972e-05,-0.00550542537336808,7.5312207891759e-06,3.1716214861945e-05,-1.8188473208675e-05
-0.123251278523472,-0.00155179731380491,4.66943380069002e-05,-0.0164841428893649,2.23296390290977e-05,9.49838735091048e-05,-5.39287530176754e-05
-0.205039530516801,-0.00256211481688396,7.53901080758249e-05,-0.0273666165101872,3.634234670597e-05,0.000157757219036693,-8.77741802061027e-05
-0.286259938947553,-0.00353656512158698,0.000100473392381449,-0.0380892051030152,4.90666767197196e-05,0.000219706650976506,-0.000118511860910952
-0.366687471334459,-0.00446169902898397,0.000120575807939543,-0.0485890493792224,6.0031444830383e-05,0.000280502245128054,-0.000145003851579104
-0.446099203314489,-0.00532494176267213,0.000134406005416466,-0.058804387168157,6.88090454160924e-05,0.000339813222719721,-0.000166215970448303
-0.524274953128103,-0.00611480967875877,0.000140772067595899,-0.0686748726949541,7.5026948860887e-05,0.000397307142956734,-0.000181245319952922
-0.600997922058397,-0.00682110171019131,0.000138603818864647,-0.0781418956127194,7.83782965832361e-05,0.000452648861599578,-0.000189345971455616
-0.676055355374651,-0.00743506036211166,0.000126974671721249,-0.0871488994455995,7.86312363846198e-05,0.00050549941166202,-0.000189952185923125
-0.749239211672553,-0.00794949742249643,0.000105122474402785,-0.0956416947413758,7.5636596607258e-05,0.000555515024500676,-0.000182698449997815
-0.820346843267403,-0.00835888081640969,7.24687071282433e-05,-0.103568763550096,6.9333491837631e-05,0.000602346588078585,-0.000167435554211516
-0.889181677360826,-0.00865938033688892,2.86352867900014e-05,-0.110881549766429,5.97524827985251e-05,0.000645639870344601,-0.000144241915954246
-0.955553894804829,-0.00884887176096217,-2.65417915447054e-05,-0.117534730635164,4.70159859568034e-05,0.000685036845077893,-0.000113429378774402
-1.01928109958227,-0.00892690058628079,-9.30027322266898e-05,-0.123486464303964,3.13357366158138e-05,0.000720178414994724,-7.55427997919541e-05
-1.08018897217602,-0.00889460829428609,-0.000170458823959756,-0.128698608665383,1.30072454589352e-05,0.000750708740671197,-3.1352877363295e-05
-1.1381118971555,-0.00875462540510838,-0.000258392514526891,-0.13313690697722,-7.59866086839527e-06,0.000776281251501381,1.81581313598602e-05
-1.19289355787563,-0.00851093656026983,-0.000356063127899746,-0.13677113679956,-3.0046974661327e-05,0.000796566250233844,7.1817906254822e-05
-1.24438749188696,-0.00816872333013304,-0.000462518535125849,-0.139575219693219,-5.38519404826665e-05,0.000811259834422505,0.000128292589996084
-1.29245760020504,-0.00773419047739079,-0.000576612937423478,-0.141527290159181,-7.8492294481657e-05,0.000820093667393208,0.0001861218437533
-1.33697860428993,-0.00721438109725401,-0.00069703076048527,-0.142609723565325,-0.000103427728991848,0.000822844961682247,0.00024375960543766
-1.37783644759312,-0.00661698554855257,-0.000822316485654406,-0.14280912435509,-0.000128115942343586,0.000819345913547645,0.000299619404238681
-1.41492863708261,-0.00595014859284908,-0.000950910029801094,-0.142116277289466,-0.000152029599112651,0.000809491768616514,0.000352122787376563
-1.4481645235302,-0.00522227873374334,-0.00108118703927341,-0.140526066205854,-0.000174672519389354,0.000793246724925484,0.000399749169278038
-1.47746552072889,-0.00444186352643922,-0.00121150316476888,-0.138037366376019,-0.000195594434814143,0.000770646997214801,0.000441085232874343
-1.50276526504808,-0.00361729457920071,-0.0013402410491206,-0.134652917824972,-0.000214403697970497,0.00074180057188268,0.000474871918495025
-1.52400971884143,-0.00275670602723165,-0.0014658584167506,-0.13037918787986,-0.000230777415555196,0.000706883460431318,0.00050004704444076
-1.54115722192708,-0.00186783031723399,-0.00158693534058005,-0.125226231398714,-0.000244468596937909,0.000666132581901659,0.00051578172113487
-1.55417849655219,-0.000957875045599734,-0.00170221853680424,-0.119207556562292,-0.000255310069485,0.000619835735283951,0.000521508951531237
-1.56305661104214,-3.3424262327165e-05,-0.00181066044577075,-0.112340002828995,-0.000263215102630221,0.000568319420900148,0.000516943143013931
-1.56778690759016,0.000899633045843608,-0.00191145094831171,-0.104643635450666,-0.000268174891559964,0.000511935493655063,0.000502089673590721
-1.56837689848615,0.00183614555332576,-0.00200403984648147,-0.0961416585770242,-0.000270253256369285,0.000451047754337788,0.000477244128101634
-1.56484613409144,0.00277171279045638,-0.00208814870540756,-0.0868603463150276,-0.000269579090520795,0.000386019587294995,0.000442981315529284
-1.5572260448658,0.00370266984308623,-0.00216377126790147,-0.0768289886741962,-0.000266337219800233,0.000317203634522946,0.000400134659635424
-1.54555975847664,0.00462604582782528,-0.00223116235248924,-0.0660798475157421,-0.000260758391823927,0.000244934274406407,0.000349766986893833
-1.52990189233587,0.00553949962827306,-0.00229081586168477,-0.0546481165330096,-0.000253109099292241,0.000169523376688696,0.000293134090351766
-1.510318321346,0.00644123731772105,-0.00234343318767033,-0.0425718790362041,-0.000243681851105695,9.12594725346148e-05,0.000231642705235119
-1.48688592057363,0.00732991629407958,-0.00238988385027633,-0.0298920578311497,-0.000232786359341787,1.041015016857e-05,0.000166804683246394
-1.45969228280919,0.0082045413902786,-0.00243116059632231,-0.0166523526502429,-0.00022074192990526,-7.27728001707625e-05,0.000100189198729024
-1.42883541135773,0.00906435813972201,-0.0024683314130279,-0.0028991619764182,-0.000207871157027803,-0.000158046186273683,3.33747702169857e-05
-1.39442338879008,0.00990874801137941,-0.00250249095996166,0.0113185124289499,-0.000194494852047349,-0.000245166984641116,-3.2097248270036e-05
-1.35657402245689,0.0107371298646255,-0.00253471381912401,0.0259491788115559,-0.000180928004736645,-0.000333883547962357,-9.47662419712408e-05
-1.31541446801509,0.0115488711503131,-0.00256601172293639,0.0409389859675598,-0.000167476492680675,-0.000423927268865668,-0.000153291741725305
-1.27108083236125,0.0123432115822754,-0.00259729657306581,0.0562318699160211,-0.000154434222839497,-0.000515005402024343,-0.000206487680327843
-1.22371775674657,0.01311920116198,-0.00262935063712887,0.0717697155725265,-0.000142080403596002,-0.000606795579155298,-0.000253350777577894
-1.17347798069794,0.0138756535625547,-0.00266280483302039,0.0874925323209555,-0.000130676694171243,-0.000698942353658945,-0.000293082585348629
-1.12052188721729,0.014611115001686,-0.00269812551182984,0.103338642553077,-0.000120464046685065,-0.000791055907917454,-0.000325104960408705
-1.06501702906581,0.0153238478838418,-0.00273560966027719,0.119244882617638,-0.0001116591301707,-0.00088271286811248,-0.00034906894583739
-1.00713763559182,0.0160118276707938,-0.00277538799178406,0.135146815808511,-0.000104450294466071,-0.000973459013845669,-0.000364857225355596
-0.947064099856621,0.0166727506659378,-0.00281743500971767,0.150978956944354,-9.89930880353984e-05,-0.0010628135545441,-0.000372580466021415
-0.884982444514307,0.0173040497111926,-0.00286158483217709,0.166675008347012,-9.54053849651233e-05,-0.00115027458142586,-0.000372567982568877
-0.821083765347482,0.0179029141588521,-0.00290755137748299,0.182168106719851,-9.37622056335391e-05,-0.00123532528836869,-0.000365353240785426
-0.755563651579429,0.0184663099204125,-0.00295495143121174,0.197391080168751,-9.40903383527285e-05,-0.00131744058653124,-0.000351654770990933
-0.68862158119983,0.0189909949011492,-0.00300332914343439,0.21227671468773,-9.63628942824396e-05,-0.00139609380916254,-0.000332353090629635
-0.620460289994298,0.0194735246692078,-0.00305218062431226,0.226758029205764,-0.000100493965174829,-0.00147076329940112,-0.000308464242615972
-0.551285112890819,0.0199102428129847,-0.00310097749928091,0.240768558316016,-0.000106333613358332,-0.00154093878463543,-0.000281110551713978
-0.481303296916855,0.0202972501666862,-0.00314918853299705,0.254242641749108,-0.000113663516275133,-0.00160612754971453,-0.000251489192882395
-0.41072328473596,0.020630347113945,-0.00319629872219061,0.267115719855096,-0.000122193723453424,-0.00166586051472593,-0.000220839160742801
-0.33975396977098,0.0209049438144688,-0.00324182558366845,0.279324634115858,-0.000131561168384921,-0.00171969838255562,-0.000190407236575613
-0.268603925363032,0.0211159349987971,-0.00328533272974789,0.290807931595255,-0.000141330810611628,-0.00176723803483006,-0.000161413572934556
-0.197480611158227,0.021257539693757,-0.00332644122637317,0.301506172198735,-0.000151000548768475,-0.00180811930696835,-0.000135017559485654
-0.126589562922394,0.0213231127882326,-0.0033648396481653,0.311362237061683,-0.000160011298783644,-0.00184203214805199,-0.00011228469945208
-0.0561335747311385,0.0213049455977411,-0.00340029411848863,0.320321635838101,-0.000167763785495917,-0.00186872396414636,-9.41553110209772e-05
0.0136881150253467,0.021194086827513,-0.00343265982372191,0.328332810035347,-0.000173643506248651,-0.00188800665894544,-8.14159658339528e-05
0.0826806198267954,0.0209802324963449,-0.00346189531805119,0.335347428766125,-0.000177054794123064,-0.00189976255173507,-7.4674674052709e-05
0.150654168215632,0.0206517500386739,-0.00348808014883187,0.341320672485989,-0.000177463727279315,-0.00190394803577152,-7.43408985961695e-05
0.217424817504841,0.0201959114458447,-0.00351143475015789,0.346211499343452,-0.000174447680118309,-0.00190059365138062,-8.06114927025738e-05
0.282815104528024,0.0195994037843842,-0.00353233922932437,0.349982888168086,-0.000167746721528956,-0.00188979933343003,-9.34635557666977e-05
0.346654625508641,0.0188491536548782,-0.00355134508200969,0.352602051848609,-0.000157309380359216,-0.00187172408793973,-0.000112654942943764
0.408780541627118,0.0179334414947229,-0.0035691720040462,0.354040615050229,-0.000143323516267055,-0.00184657030288235,-0.000137732717147802
0.469038016836911,0.0168432000625412,-0.00358668209644023,0.354274751785501,-0.000126223360637617,-0.00181456416542096,-0.000168049227081479
0.527280599901155,0.0155733118003337,-0.00360482685056664,0.353285280826913,-0.000106667057582876,-0.00177593488488104,-0.000202784836012347
0.583370564612171,0.0141236743004161,-0.00362456825248221,0.351057720176938,-8.54849914544926e-05,-0.00173089611934826,-0.000240975780396602
0.637179220848921,0.0124998190436051,-0.00364678256133833,0.347582304942821,-6.36061940119592e-05,-0.00167963277893451,-0.000281545371315026
0.688587196962707,0.0107129514284396,-0.00367216114660923,0.342853975218256,-4.19756460923531e-05,-0.00162229518452498,-0.000323336838277113
0.737484686165374,0.00877940545132528,-0.00370112477848361,0.336872341143192,-2.14771155286981e-05,-0.00155900077475448,-0.00036514649787717
0.783771643604176,0.00671963033345473,-0.00373376507097668,0.329641631125013,-2.87365406721163e-06,-0.00148984183744431,-0.000405756424803124
0.827357917433161,0.00455690723929189,-0.00376982053514351,0.32117062700162,1.32277554453516e-05,-0.00141489669131998,-0.000443966202149884
0.868163300905835,0.00231601220446743,-0.00380868737492155,0.311472587870113,2.63872969793091e-05,-0.00133424160658537,-0.000478623505740348
0.906117499908523,2.20040649511529e-05,-0.00384945918396411,0.30056516286447,3.63240047945388e-05,-0.00124796137201548,-0.000508653228138442
0.941160019132643,-0.0023007512205154,-0.00389098642783413,0.2884702927712,4.28952611426509e-05,-0.0011561573949923,-0.00053308466444108
0.97323997644145,-0.00462927841877917,-0.00393194606139767,0.275214100916928,4.60712786469865e-05,-0.00105895315630862,-0.000551076085092598
1.00231585925276,-0.00694242556666118,-0.003970913008921,0.260826774984344,4.59100990205551e-05,-0.000956497481602878,-0.000561935907983487
1.02835523929599,-0.00922107518043725,-0.00400642747128577,0.245342442263977,4.25364352011622e-05,-0.000848966366143849,-0.000565139695371376
1.05133446272617,-0.0114481893373677,-0.00403705429113327,0.22879904146281,3.61256681190411e-05,-0.000736564068524533,-0.000560342335441299
1.07123833196566,-0.0136087414235113,-0.00406143245367163,0.211238193866978,2.68928581235407e-05,-0.000619523988770663,-0.000547384988536262
1.08805979400486,-0.0156895779101655,-0.00407831410412168,0.192705076278632,1.50858093999489e-05,-0.000498109588138581,-0.000526296643053638
1.10179964787767,-0.0176792421673092,-0.00408659328681207,0.173248297027132,9.80922791993732e-07,-0.000372615368644254,-0.000497290394596542
1.11246628210388,-0.019567781899162,-0.0040853250916788,0.152919775253162,-1.51193827243698e-05,-0.000243367757455958,-0.000460754806012005
1.12007545031352,-0.0213465535203475,-0.00407373615498087,0.131774622223622,-3.28886678636226e-05,-0.000110725645737498,-0.000417240902105897
1.12465009081445,-0.0230080308016355,-0.00405122759840204,0.109871022533686,-5.19785797410326e-05,2.49196888989012e-05,-0.000367445493594115
1.12622019284104,-0.0245456210482379,-0.00401737155413283,0.08727011253712,-7.20214698228751e-05,0.000163145509853207,-0.000312191604802506
1.12482270999586,-0.0259534894655013,-0.00397190244567913,0.0640358533186545,-9.26336907784734e-05,0.000303499557912172,-0.000252406803929342
1.12050151886566,-0.0272263907199762,-0.00391470418107317,0.0402348956724531,-0.00011341957472006,0.00044550306418252,-0.000189100207674231
1.11330741895323,-0.0283595056684017,-0.00384579437937033,0.0159364350725009,-0.000133976000046896,0.00058865481446508,-0.000123338866031711
1.1032981682948,-0.0293482805111085,-0.00376530669807367,-0.00878794400286586,-0.000153897421410319,0.000732436153934466,-5.62241402189463e-05
1.09053854768045,-0.0301882652425362,-0.0036734722687122,-0.0338644351162512,-0.000172781259318957,0.000876316763099964,1.1131425622465e-05
1.07510044516974,-0.0308749480022632,-0.00357060119986121,-0.0592171876785236,-0.000190233611783303,0.00101976099153538,7.76263511260559e-05
1.05706295169598,-0.031403581976745,-0.00345706508670603,-0.0847684943265778,-0.000205875357599378,0.00116223451724966,0.000142191305190982
1.03651245747994,-0.0317690019873261,-0.00333328149133158,-0.11043898678736,-0.000219348870015392,0.00130321110218314,0.000203808846198096
1.01354273829629,-0.0319654290860519,-0.00319970145041102,-0.136147838898189,-0.000230325756334774,0.00144217922516613,0.000261531707779561
0.988255020111345,-0.0319862638891264,-0.00305680123944276,-0.161812975584208,-0.000238516294913718,0.00157864838670359,0.00031449957557427
0.96075801380464,-0.0318238869208433,-0.00290508119864798,-0.187351286000418,-0.000243681265048977,0.00171215495573244,0.000361954337111454
0.931167889360561,-0.0314694140087742,-0.0027450669410208,-0.212678846757662,-0.000245649023946804,0.00184226696050594,0.000403253810912386
0.899608212433263,-0.0309125576389369,-0.00257732791929592,-0.237711144231271,-0.00024433684418118,0.0019685881801664,0.000437883977397472
0.866209797700091,-0.0301415148457604,-0.00240250330109205,-0.262363307660808,-0.000239781467631329,0.00209076034062526,0.000465469769256367
0.83111048323801,-0.0291430122764564,-0.00222134371643017,-0.286550349440082,-0.000232179953194655,0.0022084628830867,0.000485784523191462
0.794454811880055,-0.0279026044872018,-0.00203476936600703,-0.310187414944262,-0.000221942986454995,0.00232140890452501,0.000498758271671591
0.756393609467169,-0.0264053764863416,-0.00184394399614484,-0.333190043110713,-0.00020976082032013,0.00242933531704103,0.000504485139937624
0.717083450664523,-0.0246372406195553,-0.00165035975414153,-0.355474438862075,-0.000196678092724691,0.0025319846698258,0.000503230161104041
0.676686004256647,-0.0225870275712745,-0.00145592026181152,-0.376957758355501,-0.000184166729432996,0.00262907583770737,0.000495435717232361
0.635367251538283,-0.0202495070988685,-0.00126299832178125,-0.397558408773571,-0.00017417571406731,0.0027202615577629,0.000481727370430482
0.593296573781145,-0.0176292769593683,-0.001074432693398,-0.417196366925293,-0.000169124476606809,0.00280507349697202,0.00046291784480495
0.550645707593675,-0.0147450761503972,-0.000893421312182689,-0.435793525834861,-0.000171798694779417,0.00288286080292513,0.00044000624870341
0.507587590950763,-0.0116336078611406,-0.000723278606269072,-0.453274078751648,-0.000185112883085837,0.00295273643579365,0.000414167631002856
0.464295094842856,-0.00835136232511385,-0.000567055145900356,-0.469564966793136,-0.000211736167078955,0.00301355121942846,0.000386726542648609
0.420939704662704,-0.00497305394786948,-0.00042708436576975,-0.484596392817004,-0.000253632674405744,0.00306391927462938,0.000359109273085292
0.377690175525525,-0.00158585286079048,-0.00030457867957237,-0.498302406047983,-0.000311632661125826,0.00310230701353853,0.000332773883154231
0.334711199741924,0.00171989736730421,-0.000199422329236867,-0.510621531128371,-0.000385178873537887,0.0031271771802067,0.000309124608346619
0.292162106318328,0.00486123545440316,-0.000110257129480331,-0.521497394199447,-0.000472352975747912,0.00313715541840347,0.000289424175315166
0.250195598024452,0.00777146464219904,-3.48457290058929e-05,-0.530879291094952,-0.000570185009523617,0.00313117490761107,0.000274719750094206
0.208956516383446,0.0104050904823041,2.94131662434023e-05,-0.538722662011552,-0.000675140310261646,0.00310856321640524,0.000265793746906243
0.168580727254581,0.0127381722920513,8.49877956327648e-05,-0.544989420914401,-0.000783627329012033,0.00306905993003652,0.000263142774612472
0.129194028825183,0.014765102743402,0.000133864439606663,-0.54964820859185,-0.000892394067459866,0.00301277720593489,0.000266979365904721
0.0909112573775331,0.0164935616948275,0.00017739696516107,-0.552674526766704,-0.00099875488850348,0.00294012960584607,0.000277249054570449
0.0538355754337308,0.0179393247403036,0.000216328688322571,-0.554050797099895,-0.00110065755734498,0.00285175786088944,0.000293655206565372
0.0180579810112985,0.0191219670792521,0.000250923817232687,-0.553766351016594,-0.00119663955284815,0.00274846285503702,0.000315687090314312
-0.0163429390766511,0.0200618509937121,0.00028114280154307,-0.551817350005825,-0.00128572862811517,0.00263115624400481,0.000342649392909714
-0.0493010760208518,0.0207783017116016,0.000306816711862773,-0.548206667398148,-0.00136733014328815,0.00250082738269835,0.00037369247936705
-0.0807625698599373,0.0212887489709365,0.000327787637815717,-0.542943673442835,-0.00144112534453776,0.00235852261070658,0.000407844535605349
-0.110685437600934,0.0216084733990975,0.000344010768902977,-0.536043991150441,-0.00150699119088919,0.00220533261480594,0.000444044715391268
-0.139039011423371,0.0217507227648939,0.000355615542206289,-0.527529196451799,-0.00156494253573583,0.0020423840065112,0.000481177394304363
-0.16580322740097,0.0217270079397542,0.00036293175732953,-0.517426478398062,-0.00161509329555539,0.00187083238494183,0.000518106628738413
-0.190967792160343,0.021547460542639,0.000366487797944382,-0.505768270047864,-0.00165763181098196,0.00169185516967013,0.0005537097379667
-0.21453125676448,0.0212211847665521,0.000366988092540346,-0.492591861344916,-0.00169280582852653,0.00150664329219927,0.000586908824054951
-0.23650002737373,0.0207565695339684,0.000365276185618483,-0.477939005311546,-0.00172091340319304,0.00131639141842927,0.000616699095768991
-0.256887341502017,0.0201615476367155,0.000362288833550031,-0.461855528415827,-0.00174229702038121,0.00112228677849516,0.000642173032451604
-0.275712237970359,0.0194438000069182,0.00035900563180219,-0.444390954660216,-0.0017573391241853,0.000925496944696937,0.000662539673997263
-0.292998546853834,0.0186109090847851,0.000356397895007257,-0.425598151313705,-0.00176645794032469,0.000727157065414619,0.000677138615383788
-0.308773923273485,0.0176704677572078,0.000355379839356855,-0.405533002397051,-0.0017701029969091,0.000528357153714469,0.000685448587931985
-0.323068945973731,0.0166301510583965,0.000356764519053309,-0.384254114271964,-0.00176875010470637,0.000330130057082419,0.000687090799335607
-0.335916298696142,0.0154977576315343,0.000361226405872678,-0.361822555573984,-0.00176289579541838,0.00013344070325557,0.000681827460735195
-0.347350048988369,0.0142812273855423,0.000369271946682266,-0.338301632031138,-0.00175305136239013,-6.08228582584619e-05,0.000669556136988385
-0.357405035444373,0.0129886411200299,0.000381218881861382,-0.313756695751636,-0.00173973672827111,-0.0002518562074896,0.000650300707550755
-0.366116371473647,0.0116282071616383,0.000397184568122333,-0.288254986730872,-0.00172347439619837,-0.000438942829618932,0.000624199815581266
-0.373519070323834,0.0102082394080448,0.000417083044609059,-0.261865503885657,-0.00170478373923288,-0.000621455790738425,0.000591493713173536
-0.379647793158702,0.00873713051677379,0.000440630143352462,-0.234658902070684,-0.00168417585726085,-0.00079885683671677,0.000552510384381584
-0.384536719545236,0.00722332326466841,0.00046735560050336,-0.206707409637349,-0.00166214918890882,-0.00097069307833566,0.000507651751023781
-0.388219537144175,0.00567528219037991,0.00049662089973457,-0.178084755558198,-0.00163918601303874,-0.00113659155826041,0.000457380641007058
-0.390729544208928,0.00410146601071415,0.000527641489850666,-0.148866076006854,-0.00161574990915085,-0.00129625215680828,0.000402209013683644
-0.392099850154095,0.00251029841424961,0.000559512065366295,-0.119127725236494,-0.00159228416863129,-0.00144943950500998,0.0003426876667303
-0.392363639018366,0.000910131870738653,0.000591233707747792,-0.0889468620316061,-0.00156921109034334,-0.00159597469733095,0.000279397335217383
-0.39155443843297,-0.000690793631194374,0.000621741585777107,-0.0584008136063169,-0.00154693220664714,-0.0017357267980483,0.000212941196921653
-0.389706385563741,-0.00228436872740962,0.00064993156276918,-0.0275667292839238,-0.00152582982676143,-0.00186860207540513,0.000143939882045003
-0.386854604531917,-0.00386258317985652,0.000674684677766952,0.00347792713512568,-0.0015062701123953,-0.00199452969150225,7.30302342774999e-05
-0.383035775953108,-0.00541747672222573,0.000694890187968751,0.0346545740384121,-0.00148860697054696,-0.00211344738633593,8.66446979751957e-07
-0.37828880315006,-0.00694111664717309,0.000709468095508897,0.0658832248464177,-0.00147318596531694,-0.0022252906322464,-7.18789332869496e-05
-0.372655456836023,-0.00842559856630389,0.000717390997113594,0.0970826694868163,-0.00146034823690502,-0.00232998435901191,-0.000144514808882679
-0.366180969337722,-0.00986305114555827,0.000717704852922087,0.128170758040287,-0.00145043459654283,-0.00242743554041763,-0.000216331944473965
-0.358914584485732,-0.0112456377820426,0.000709548600134803,0.159064635457621,-0.00144378972398844,-0.00251752623494527,-0.000286604217298612
-0.350910061926362,-0.0125655557683595,0.000692172662477906,0.189680923033865,-0.00144076625528888,-0.00260010731560108,-0.000354591265422108
-0.342226125692804,-0.0138150343854489,0.00066495630926859,0.219935868326191,-0.00144172852355951,-0.0026749931867555,-0.000419543131809236
-0.332926842870522,-0.0149863324312378,0.000627423625519562,0.249745478832542,-0.00144705572735371,-0.00274195773872976,-0.000480707415851856
-0.323081916135357,-0.0160717346888439,0.00057925762282725,0.279025650317426,-0.0014571443284052,-0.00280073176730615,-0.000537339314701183
-0.31276687389215,-0.0170635456503501,0.000520311779910006,0.307692295724232,-0.00147240952698282,-0.00285100206571619,-0.000588714762498311
-0.302063142309884,-0.0179540775733521,0.000450618079340291,0.335661478761202,-0.00149328573122652,-0.00289241237771151,-0.000634146669544656
-0.291057984100045,-0.0187356285669533,0.000370390427242946,0.362849557213867,-0.00152022602975152,-0.00292456636542279,-0.000673004030853122
-0.279844290635108,-0.0194004446703434,0.000280022240794544,0.389173340686666,-0.00155370078982163,-0.00294703267621021,-0.000704733416923494
-0.268520216098676,-0.019940657813913,0.000180076987114161,0.414550268221361,-0.00159419562791107,-0.00295935208604571,-0.000728882097890466
-0.257188654093675,-0.0203482012791476,7.12733005092453e-05,0.438898608937483,-0.00164220921223076,-0.00296104631044502,-0.000745121879952754
-0.245956508911363,-0.0206146292815987,-4.55494202322708e-05,0.462137708311163,-0.00169825088454973,-0.00295162930234733,-0.000753272070624439
-0.234933841291808,-0.0207309387830508,-0.000169459357267933,0.484188256681977,-0.00176283943139032,-0.00293061811491953,-0.000753320900404161
-0.224232816667588,-0.020687259098757,-0.00029947955153432,0.50497261400364,-0.00183650245372607,-0.00289754479915034,-0.000745443270237647
-0.213966501876161,-0.0204724364659333,-0.000434640561733735,0.524415182132806,-0.00191977667811557,-0.00285196713921502,-0.000730013706228331
-0.204247519204606,-0.0200734706151076,-0.000574038390748135,0.542442829863691,-0.00201320832193359,-0.00279347716808678,-0.000707613148227717
-0.195186579962906,-0.0194747673482102,-0.000716893362913203,0.558985370461394,-0.00211735142663403,-0.00272170605478421,-0.000679028502994856
-0.186890926131251,-0.0186571724038978,-0.000862603080324707,0.573976088317723,-0.00223276001053568,-0.00263632397144215,-0.000645244238856972
-0.179462714590869,-0.0175967647098698,-0.0010107789608764,0.587352308176261,-0.00235996675678087,-0.00253703382611161,-0.000607425717106414
-0.172997383612646,-0.0162634238840743,-0.00116125083551814,0.599055997485784,-0.00249943648053104,-0.00242355848129073,-0.000566894388572079
-0.167582045140923,-0.0146192688203857,-0.00131401754394199,0.609034389999819,-0.00265147681054071,-0.00229562259342902,-0.000525095339576988
-0.163293947665985,-0.0126172239925291,-0.00146911410633374,0.617240617634166,-0.0028160821920129,-0.00215293299343815,-0.000483557812850947
-0.160199051170581,-0.0102002488651431,-0.00162636053646316,0.623634338479589,-0.00299268320183585,-0.00199516618160335,-0.000443849077411164
-0.158350745005317,-0.0073021937985239,-0.00178496030278424,0.628182351780415,-0.00317977761747094,-0.00182197843254143,-0.000407521209131796
-0.157788717933252,-0.00385178550757199,-0.00194294050627118,0.630859195309863,-0.00337444435241477,-0.00163306247556345,-0.00037604896721986
-0.158537955430838,0.000218323805964377,-0.00209648917901341,0.631647724532523,-0.0035718020323326,-0.00142828109183073,-0.000350755520804383
-0.160607800668413,0.00495573649452169,-0.00223936115616131,0.630539669971354,-0.00376458018900476,-0.00120790348478588,-0.000332722822599045
-0.163991001430474,0.0103657755125027,-0.00236267320924161,0.627536150319565,-0.00394309977965972,-0.000972941285842413,-0.000322687673033585
-0.168662731149087,0.0163862593167267,-0.00245549882453227,0.622648076960833,-0.00409602094453738,-0.000725517988619314,-0.000320935555673324
-0.174579767437873,0.022868869723926,-0.00250653625814311,0.615896330017622,-0.0042120591297269,-0.000469124383641456,-0.000327220550568645
-0.181680286973966,0.0295792416498695,-0.00250664527961823,0.607311556638138,-0.00428240924084363,-0.000208572755068909,-0.000340750691429077
-0.18988486739283,0.0362233925230786,-0.00245140134643723,0.596933497812091,-0.00430303933119203,5.0459675704138e-05,-0.000360268069137668
-0.199099012193236,0.0424956971061684,-0.00234251136607099,0.584809899937112,-0.00427580069737744,0.000302210857156856,-0.0003842155617616
-0.209216819968222,0.0481309535871592,-0.00218739788261669,0.570995262615716,-0.00420779413933353,0.000541655412973854,-0.000410940580369083
-0.220124961652824,0.0529410234603913,-0.00199721896846815,0.555549685976467,-0.00410935277829926,0.00076506334275297,-0.000438869562025216
-0.231705959385713,0.0568260541250122,-0.00178432988569708,0.538538022212305,-0.00399162055148714,0.000970156826067339,-0.000466610231461165
-0.243840436687403,0.059763795192583,-0.00156017927318509,0.520029310867614,-0.00386464061410902,0.00115592722727549,-0.000492981216098985
-0.256408462536026,0.0617876491998375,-0.00133411898338969,0.500096384749319,-0.00373634474197389,0.00132228669312329,-0.000516994224884489
-0.269290396163001,0.0629636383661075,-0.00111307486935907,0.47881551964249,-0.00361234577726725,0.00146971180716272,-0.000537818887786737
-0.282367585588021,0.0633720523953079,-0.000901769131041216,0.456266055478784,-0.00349621858233718,0.00159896473532883,-0.000554750127045012
-0.295523102853604,0.0630953152363187,-0.000703179161478255,0.432529972409447,-0.00338997070361413,0.00171091132539568,-0.000567185883910347
-0.308642551610936,0.0622112170434945,-0.000519022735777802,0.407691436793617,-0.00329451295459487,0.00180641996295433,-0.000574615219288373
-0.321614904295393,0.0607898998441062,-0.000350168245295211,0.381836341404192,-0.00321004458487077,0.00188631492482901,-0.000576613665066248
-0.334333304139476,0.058893108886305,-0.000196941217554122,0.35505186117587,-0.00313633408699991,0.00195136110886079,-0.0005728424263055
-0.346695775423836,0.0565746336503331,-5.93346694135327e-05,0.327426038157119,-0.00307290806972274,0.00200226407358275,-0.000563048912558923
-0.358605803138641,0.0538812649974818,6.28563703229936e-05,0.29904740248184,-0.0030191702646648,0.00203967581799722,-0.000547067129219436
-0.369972760839566,0.0508538918424011,0.000169954873492973,0.270004630972878,-0.00297447195274118,0.00206420135939179,-0.000524817297164279
-0.380712190124913,0.04752855780218,0.000262359919273429,0.240386235939239,-0.00293815083537209,0.00207640400075733,-0.000496304681926738
-0.390745879047462,0.0439373592633844,0.000340522909269978,0.210280303542726,-0.00290954962101814,0.0020768088714146,-0.000461617465162663
-0.400001866206868,0.0401092489325737,0.000404946537494879,0.179774221332125,-0.00288802412488077,0.00206590476424812,-0.000420924766134995
-0.40841425712952,0.0360706625593216,0.000456185464375122,0.148954441011467,-0.00287294424011752,0.00204414503634007,-0.000374474270867257
-0.41592293378311,0.0318460318885789,0.00049485207947936,0.117906233112596,-0.00286369191324517,0.00201194803418346,-0.000322590144248244
-0.422473155032897,0.0274581924589849,0.000521622942950916,0.0867134233777045,-0.00285965777816597,0.00196969756948758,-0.000265671226552992
-0.428015056450474,0.0229287024449262,0.000537244087790481,0.0554580912433067,-0.00286023749251537,0.00191774380563552,-0.000204189475633847
-0.432503050584279,0.0182780860946574,0.000542534049989973,0.0242202142305013,-0.00286482832116262,0.0018564047618356,-0.000138688498816545
-0.435895117904149,0.0135260172541209,0.000538384009829869,-0.00692272453103249,-0.00287282619846964,0.0017859685657999,-6.97819990123455e-05
-0.438151971869377,0.00869147660223767,0.000525754954150328,-0.0378960210629167,-0.00288362324461651,0.00170669685323144,1.84777417475537e-06
-0.439236115844076,0.00379297064017841,0.000505672588871001,-0.0686274554169354,-0.00289660537348475,0.00161883093325762,7.54506205492723e-05
-0.43911096979616,-0.00115102313508909,0.000479221938584797,-0.0990455355458774,-0.00291114925514618,0.00152260474840865,0.000150205960099349
-0.437740506898923,-0.00612131389671515,0.000447543617482008,-0.129076059185407,-0.00292661836909346,0.00141826838998911,0.000225217141680893
-0.435089696769597,-0.011097337294937,0.000411829788326325,-0.158639420941444,-0.00294236014084405,0.00130611623718115,0.000299509884681726
-0.431125235880548,-0.0160571293491147,0.000373313706745851,-0.187651765513552,-0.00295770723264929,0.00118650525880966,0.000372044846561506
-0.42581574155947,-0.0209778081744787,0.00033325092049764,-0.216028861241298,-0.00297198291717363,0.00105986012695445,0.000441742633292843
-0.419131340796514,-0.0258359684694391,0.000292897246071311,-0.243689114346057,-0.00298450790799154,0.000926675507634871,0.000507511458124144
-0.411043115557019,-0.0306077544529793,0.000253488215733434,-0.270554574239821,-0.00299460741809608,0.000787522129504074,0.000568273354551397
-0.40152270547784,-0.0352687301375096,0.000216220656458375,-0.296550818189558,-0.00300161907333488,0.000643055332650011,0.00062299054742704
-0.390542129481065,-0.0397936771376301,0.000182235128733786,-0.32160654240932,-0.00300490279227148,0.000494023139980849,0.00067069363000831
-0.378073806368831,-0.0441563770529559,0.000152597428034734,-0.345653187705539,-0.0030038538010935,0.000341271946172999,0.000710511719572292
-0.364090748593896,-0.0483293998667344,0.000128276857595171,-0.368624673680923,-0.00299792020467169,0.000185748798892761,0.000741703805547988
-0.348566910476193,-0.0522839182745643,0.000110118261253701,-0.39045723851711,-0.00298662703152755,2.8499636380175e-05,0.000763690033321113
-0.3314776752957,-0.0559895862349368,9.88040713564264e-05,-0.411089368573649,-0.00296960927905041,-0.000129337086901136,0.000776081438986661
-0.312800463430256,-0.0594145540280735,9.48023000530988e-05,-0.430461805476142,-0.00294665691219165,-0.000286542152285875,0.000778706560338285
-0.292515436636146,-0.0625257411415602,9.82972196892568e-05,-0.448517623272982,-0.00291777441370619,-0.000441833958999739,0.000771633362452353
-0.270606262855474,-0.065289547443547,0.000109102613301454,-0.465202371773622,-0.00288325527687282,-0.000593895541263176,0.00075518500758714
-0.247060895391663,-0.0676732323634292,0.000126564476835152,-0.480464283224521,-0.00284376625574779,-0.000741412978872543,0.000729948119114302
-0.221872314566041,-0.0696471847909012,0.000149472101298768,-0.494254540671824,-0.00280042587319098,-0.00088312801781621,0.000696772259600642
-0.195039189794693,-0.0711881648623071,0.000176012418774309,-0.506527607909531,-0.00275484716755677,-0.00101790578833151,0.000656759285102456
-0.166566457258381,-0.0722832408412754,0.000203815794046894,-0.517241622999725,-0.00270910135361711,-0.00114481311022927,0.000611241070264187
-0.136465875397318,-0.0729335733281902,0.000230138249555184,-0.526358858725328,-0.00266555942365114,-0.0012631937588369,0.000561744080788381
-0.104756695844904,-0.0731566351236863,0.000252189609775155,-0.533846249400211,-0.0026265981049761,-0.00137271746695659,0.000509939955271916
-0.0714666134725707,-0.0729853672759636,0.000267548213139095,-0.539675970909308,-0.00259421830597107,-0.00147337698344499,0.00045758319142006
-0.036633076805444,-0.0724635969397623,0.000274532628918044,-0.543826040701919,-0.00256969142117083,-0.00156541994593142,0.000406440041249376
-0.000304852952412732,-0.0716386416400219,0.000272385590949164,-0.546280886972035,-0.00255336974814733,-0.00164922844674133,0.000358215421526861
0.0374564476188909,-0.0705534633384714,0.000261196986377954,-0.547031835339986,-0.00254473816478848,-0.00172518426156122,0.000314485166341323
0.0765752330799768,-0.0692409493292945,0.00024161369591489,-0.546077480160296,-0.00254267408262574,-0.00179356356699595,0.000276638694722428
0.116961402757275,-0.0677217231338123,0.000214471238702943,-0.543423934518895,-0.00254579673952769,-0.00185448736645151,0.000245833646826454
0.1585104520771,-0.066005234276789,0.000180483877903106,-0.539084971233725,-0.00255277705643862,-0.00190792669405186,0.000222961517953952
0.201104080794867,-0.0640928034639816,0.000140066100193398,-0.533082069951341,-0.00256253270892192,-0.00195374277758723,0.000208622797820958
0.244611132652051,-0.0619811666759643,9.32859450142171e-05,-0.525444378493449,-0.00257429952341118,-0.0019917386392663,0.000203110938128031
0.288888730738608,-0.0596655345763566,3.99087201220825e-05,-0.51620858911458,-0.00258761199248899,-0.00202170537398981,0.000206405412216934
0.333783530312663,-0.0571417671713636,-2.05176186105404e-05,-0.505418727578098,-0.00260223605959026,-0.00204345556779984,0.000218174485080799
0.379133053591394,-0.054407671619589,-8.85717942420331e-05,-0.493125854998813,-0.00261808860277512,-0.00205684308457826,0.000237788040887057
0.424767090613923,-0.0514636168487466,-0.000164882959956313,-0.479387686846661,-0.00263516402526661,-0.00206177174305263,0.000264340206699071
0.470509152592922,-0.0483126915826723,-0.000250075608938549,-0.464268138252184,-0.0026534767229721,-0.00205819622243292,0.00029668085713569
0.516177959362457,-0.0449605940344022,-0.000344734822547523,-0.447836808327965,-0.00267302100415101,-0.00204611815842933,0.000333454559069243
0.561588937275753,-0.0414153853169491,-0.000449387771899083,-0.430168418085982,-0.00269374655121534,-0.00202557968483641,0.000373145182783251
0.60655570050979,-0.0376871892419422,-0.000564496694563875,-0.411342217020574,-0.00271554633712162,-0.00199665603760898,0.000414124264933111
0.650891488744161,-0.0337878854998728,-0.000690459097517575,-0.391441372626515,-0.00273825389035088,-0.00195944837441554,0.000454701228857929
0.694410536798201,-0.0297308202687826,-0.000827611867606624,-0.370552355531455,-0.00276164723473458,-0.00191407764807307,0.000493173708295648
0.736929355941808,-0.0255305447706757,-0.000976236886672796,-0.348764330996251,-0.00278545735408844,-0.00186068014748251,0.000527876439494037
0.77826791172259,-0.0212025849023622,-0.00113656648826106,-0.326168565440775,-0.00280937949974244,-0.00179940513239604,0.00055722744654923
0.818250688104587,-0.0167632413933921,-0.00130878762862394,-0.30285785478197,-0.00283308603310728,-0.00173041480682144,0.000579770513424433
0.856707632241911,-0.0122294183351736,-0.00149304401394936,-0.278925979744898,-0.00285623978416814,-0.00165388668738165,0.000594213189666047
0.893474978256546,-0.00761847734813619,-0.00168943568806942,-0.254467191808489,-0.00287850713371536,-0.00157001822846833,0.000599459799095523
0.928395951358905,-0.00294811458562047,-0.00189801579423963,-0.229575732341393,-0.00289957021497114,-0.00147903337639189,0.000594639102581529
0.961321356054545,0.00176374214176446,-0.00211878442339713,-0.204345386457936,-0.00291913779603758,-0.00138119055297999,0.000579126405115453
0.992110054190854,0.00649901874746224,-0.00235167966983715,-0.178869072093821,-0.00293695455688489,-0.00127679142877844,0.000552559995970826
1.02062934005538,0.0112395653062052,-0.00259656623226839,-0.153238463902622,-0.00295280861425526,-0.0011661897491514,0.000514851873805783
1.04675522088721,0.0159672140347279,-0.00285322210762208,-0.12754365082021,-0.00296653727002334,-0.00104979943118601,0.000466192743821532
1.07037261233369,0.0206638272856986,-0.00312132410657699,-0.10187282529957,-0.00297803105493597,-0.00092810115766554,0.000407051288864612
1.09137545881348,0.0253113378746727,-0.0034004330412627,-0.0763120021891816,-0.00298723620084806,-0.000801646759825146,0.000338167721029313
1.10966678945938,0.0298917839525826,-0.00368997949199243,-0.0509447650521243,-0.00299415569432986,-0.000671060794808246,0.000260541621396984
1.12515872081555,0.0343873404935894,-0.00398925104247384,-0.0258520378372737,-0.00299884904067429,-0.00053703888163476,0.000175414082570483
1.13777241698069,0.0387803491573526,-0.00429738178335191,-0.00111188098942917,-0.0030014308041737,-0.000400342556933678,8.42441923371173e-05
1.14743801768356,0.043053348047365,-0.00461334475304646,0.0232006879546654,-0.00300206790081573,-0.00026179063391246,-1.13200557534861e-05
1.15409454421881,0.0471891026972039,-0.00493594783860259,0.0470138484126445,-0.00300097552158622,-0.000122247285069354,-0.000109476260225054
1.15768979209363,0.0511706393538579,-0.00526383351214145,0.0702591032667987,-0.00299841148205259,1.73926859154601e-05,-0.000208307231904061
1.15818021822079,0.0549812814822886,-0.00559548266245182,0.0928713751094043,-0.00299466875204372,0.000156220684074055,-0.000305825285946112
1.15553082956709,0.0586046903952148,-0.00592922270553018,0.114789069974341,-0.00299006594042138,0.000293332370925419,-0.000400020547436125
1.14971507911095,0.0620249107823971,-0.00626324009986894,0.135954106713826,-0.00298493560918531,0.000427845852156798,-0.000488912362592784
1.14071477420695,0.0652264219689906,-0.00659559735970763,0.156311912438468,-0.00297961047171421,0.000558918846785963,-0.000570602636675272
1.12852000157741,0.0681941956969009,-0.00692425460859478,0.175811387118473,-0.00297440778027108,0.000685763676096147,-0.000643329643160188
1.11312907231507,0.0709137610283536,-0.00724709561373626,0.194404843086924,-0.00296961250111012,0.000807659009923826,-0.00070552059380585
1.09454848947768,0.0733712767163506,-0.00756195807871995,0.212047928166508,-0.00296546017085004,0.000923957522660131,-0.000755841062420668
1.0727929396717,0.075553610985003,-0.00786666773513294,0.228699543568738,-0.0029621205767838,0.00103408893366985,-0.000793239248318634
1.04788530865142,0.0774484281127093,-0.00815907547124304,0.244321768959771,-0.00295968355827454,0.00113755831343197,-0.000816983077510547
1.01985671979365,0.0790442805660939,-0.00843709639798088,0.258879806701459,-0.00295814824815237,0.00123393998785619,-0.000826688290488103
0.988746591956795,0.0803307049012115,-0.00869874944653401,0.272341956099027,-0.00295741694263825,0.00132286782319221,-0.000822335961311078
0.954602712176368,0.0812983191631705,-0.0089421958509724,0.284679625153776,-0.00295729451079132,0.00140402305475467,-0.000804278318240759
0.917481317604909,0.0819389193364979,-0.00916577476640465,0.295867383338832,-0.0029574938608876,0.00147712108746119,-0.00077323226366717
0.877447179620283,0.0822455726500939,-0.0093680343584078,0.305883055102241,-0.00295764752115815,0.00154189880653132,-0.00073026057659022
0.834573682927358,0.0822127061406056,-0.00954775696340888,0.314707849664737,-0.00295732492728822,0.00159810386716762,-0.00067674137195243
0.788942892783265,0.0818361899520089,-0.00970397736304305,0.322326519632502,-0.00295605459610486,0.00164548719650538,-0.000614326940305268
0.740645603845537,0.08111341627377,-0.00983599378295361,0.328727539081797,-0.0029533500472662,0.00168379957061769,-0.000544893555516669
0.689781362822796,0.0800433764143719,-0.00994337184504925,0.33390329125835,-0.00294873813192464,0.00171279267546667,-0.000470484187757079
0.636458459339844,0.0786267401305923,-0.0100259422663104,0.337850255917935,-0.00294178833355496,0.00173222457880622,-0.00039324629040558
0.580793865460769,0.0768659435302499,-0.0100837937153659,0.340569180197219,-0.00293214152478548,0.00174186906991028,-0.000315367031621724
0.522913190551478,0.0747652872320259,-0.0101172613076753,0.34206526006086,-0.00291953713253746,0.00174152811632617,-0.000239007794260933
0.462950507718906,0.0723310607553383,-0.0101269142274218,0.342348258223387,-0.00290383660967276,0.00173104607632903,-0.000166241025755102
0.401048182081993,0.069571686440424,-0.0101135413891876,0.341432618784928,-0.00288504260792262,0.00171032466050568,-9.89905958038556e-05
0.337356632372209,0.0664978894175211,-0.0100781368577729,0.339337541456318,-0.00286331214188281,0.00167933730014673,-3.89778973506534e-05
0.272034035072914,0.0631228871320638,-0.0100218846409185,0.336087016840952,-0.00283896249878698,0.00163814181497922,1.23248424592798e-05
0.205245968833843,0.0594625853117452,-0.00994614200239381,0.331709818361201,-0.00281246866257487,0.0015868904236309,5.37327911308963e-05
0.137165000403085,0.055535757921947,-0.00985241987958523,0.326239447026681,-0.00278445126325963,0.00152583635003323,8.43773548856692e-05
0.0679702121118994,0.0513641788962123,-0.00974235875628479,0.319714026186117,-0.00275565453564144,0.00145533649964689,0.000103725064984768
-0.0021533253731081,0.0469726658066774,-0.00961769858145854,0.312176145023415,-0.00272691453256413,0.00137584990575955,0.000111586291078941
-0.0730151305303613,0.0423889924926849,-0.00948024209715805,0.303672651568303,-0.00269911887337073,0.00128793187989506,0.00010811392342573
-0.144419917981681,0.0376436332298054,-0.00933181232432033,0.294254405149909,-0.0026731604990855,0.00119222409520614,9.37925891783252e-05
-0.216168301568109,0.0327693065629669,-0.00917420561026002,0.283975959486416,-0.00264988914664913,0.0010894409009983,6.94187328415269e-05
-0.28805743900359,0.0278003280852164,-0.00900914513776303,0.272895254520301,-0.00263006495144109,0.000980353057662323,3.6073502259533e-05
-0.359881765987228,0.0227717847989972,-0.00883823795602813,0.261073252433716,-0.00261431898460174,0.000865769616234303,-4.91133764652655e-06
-0.431433738697888,0.0177185915265197,-0.00866294077790354,0.248573563394914,-0.00260312490136441,0.000746519504545159,-5.19927207423048e-05
-0.502504597560404,0.0126745060964841,-0.00848453815772231,0.235462060478005,-0.00259678454866524,0.000623434238469409,-0.000103459679785516
-0.572885147973403,0.00767119321444782,-0.00830413516869103,0.221806489207087,-0.00259542845194554,0.000497333112367621,-0.000157479662760139
-0.642366553979906,0.00273742361306843,-0.00812266460146206,0.207676074887432,-0.00259902998690061,0.00036901189231073,-0.000212146719943648
-0.710741139372083,-0.0021015227712156,-0.0079409066334468,0.193141129010689,-0.00260743019955227,0.000239235528043688,-0.000265530650340009
-0.777803189292944,-0.00682420908944153,-0.00775951732598683,0.178272654839891,-0.0026203690440688,0.000108734807375507,-0.000315726310116537
-0.843349744970235,-0.0114131409966495,-0.00757906148612485,0.163141951894702,-0.00263751845019353,-2.17936813245813e-05,-0.000360902355744803
-0.907181384689474,-0.0158546342447005,-0.00740004544870171,0.147820219520075,-0.00265851307449933,-0.000151685325762809,-0.000399348708210383
-0.9691029845572,-0.0201384931450742,-0.00722294605599344,0.132378161011,-0.00268297561486327,-0.000280304246991307,-0.000429521982773263
-1.02892445291757,-0.0242575542812493,-0.00704823327250487,0.11688559157379,-0.00271053487133172,-0.000407040235530192,-0.000450088045824144
-1.08646143378236,-0.0282071521081504,-0.00687638517727092,0.101411054929755,-0.00274083602666614,-0.000531306817535428,-0.000459960759646334
-1.1415359754588,-0.0319845579882889,-0.00670789528816062,0.0860214546537412,-0.00277354368269247,-0.000652541013480339,-0.000458335882468435
-1.19397716087083,-0.0355884347186392,-0.00654327313622456,0.0707817070730989,-0.00280833891581735,-0.000770204901758985,-0.000444719030069185
-1.24362169665814,-0.0390183374672418,-0.00638303965175401,0.0557544224676507,-0.00284491199463728,-0.000883788668590581,-0.000418946598062244
-1.29031445824463,-0.042274281218273,-0.00622771924835771,0.0409996206423554,-0.00288295248761617,-0.000992814476837808,-0.00038119860400663
-1.3339089896966,-0.0453563856261295,-0.00607783053114536,0.0265744853027661,-0.0029221383671333,-0.0010968402701679,-0.00033200254093739
-1.37426795703124,-0.0482646008303828,-0.00593387738185984,0.0125331602898301,-0.00296212547688749,-0.00119546256228852,-0.000272227538296994
-1.41126355416809,-0.0509985124570156,-0.00579634184751475,-0.00107341079634677,-0.0030025384519627,-0.0012883173525781,-0.00020306839433347
-1.44477786227997,-0.0535572205001613,-0.00566567984281288,-0.0141976016829053,-0.00304296392053081,-0.00137507854542483,-0.000126019362275716
-1.47470316307852,-0.055939284537605,-0.00554232023703729,-0.0267951780322877,-0.00308294659907325,-0.00145545359287884,-4.28379293569961e-05
-1.500942206547,-0.0581427266079691,-0.00542666747274403,-0.0388253307612423,-0.00312198872414817,-0.00152917648954879,4.4500791667162e-05
-1.52340843436468,-0.0601650828497633,-0.00531910748569542,-0.0502506697585215,-0.00315955312815952,-0.00159599867499006,0.000133858051253703
-1.54202616004445,-0.0620034952892115,-0.00522001638820915,-0.0610371798546364,-0.00319507013392676,-0.00165567878270968,0.000222992439173991
-1.55673070691996,-0.0636548358231912,-0.00512977114279795,-0.0711541414393319,-0.00322794828365664,-0.0017079724665291,0.000309626087667289
-1.56746850620962,-0.0651158552852185,-0.00504876128487856,-0.0805740195460718,-0.00325758871003025,-0.00175262369164145,0.000391514010784847
-1.57419715813539,-0.0663833511746278,-0.00497740065333016,-0.0892723269882581,-0.00328340269161647,-0.00178935886427776,0.000466514211346133
-1.57688546045436,-0.0674543480791621,-0.00491613804858466,-0.0972274695634572,-0.00330483162790093,-0.00181788498090904,0.000532655989298905
-1.575513410241,-0.0683262848908597,-0.00486546576375379,-0.104420583874348,-0.00332136835652581,-0.00183789261440605,0.00058820379286351
-1.57007218592004,-0.0689972026334637,-0.00482592503031551,-0.11083538055216,-0.00333257846924992,-0.00184906405491331,0.000631713992995208
-1.56056411693479,-0.0694659261897728,-0.00479810759393632,-0.116458006863385,-0.00333812011940328,-0.00185108634319498,0.000662082149778224
-1.54700264795668,-0.0697322326653749,-0.00478265288877668,-0.121276942232141,-0.00333776079902661,-0.00184366834651526,0.000678578683226789
-1.52941230283982,-0.0697969988778329,-0.00478024059606286,-0.125282938319933,-0.00333138972308016,-0.00182656051198073,0.000680871355201934
-1.50782865111959,-0.0696623207140008,-0.0047915787329215,-0.128469011518269,-0.00331902478223133,-0.0017995755616807,0.000669033583708208
-1.48229827657987,-0.0693315980391245,-0.00481738778113249,-0.13083049078396,-0.00330081347513019,-0.00176260822224351,0.000643538304300568
-1.45287874396117,-0.0688095804736272,-0.00485838168976349,-0.132365118333514,-0.0032770277402415,-0.00171565213374018,0.000605237810720472
-1.41963855739033,-0.0681023715253338,-0.00491524683077514,-0.13307319542751,-0.00324805310057485,-0.00165881235116927,0.000555330688375286
-1.38265710172572,-0.0672173910111525,-0.00498862012456905,-0.132957761372766,-0.0032143729413961,-0.00159231229449448,0.000495317545067323
-1.34202455766136,-0.0661632981206478,-0.00507906757109503,-0.132024791243557,-0.00317654901307419,-0.0015164945587191,0.000426947701304693
-1.2978417818142,-0.0649498795581923,-0.00518706433031971,-0.130283397016651,-0.00313519936817969,-0.00143181558701607,0.000352159300538406
-1.25022014525324,-0.063587908787841,-0.00531297731231333,-0.127746017749756,-0.00309097491593277,-0.00133883476641468,0.000273015432914401
-1.19928132607821,-0.0620889833688619,-0.00545705099613872,-0.124428586614602,-0.00304453564154553,-0.00123819896386066,0.000191638841804814
-1.1451570540984,-0.0604653477705971,-0.0056193969267047,-0.120350665545662,-0.00299652734195575,-0.00113062384130609,0.000110147625493438
-1.08798880921182,-0.0587297090332608,-0.00579998706408178,-0.115535541445745,-0.0029475595226992,-0.00101687345639752,3.05940894435658e-05
-1.0279274774059,-0.0568950522806657,-0.00599865090464099,-0.110010280812092,-0.00289818492053739,-0.000897739668357467,-4.50914234127595e-05
-0.965132971184226,-0.0549744625581567,-0.00621507606701585,-0.103805742074236,-0.00284888098792632,-0.000774022748762988,-0.000115150262903439
-0.899773822284167,-0.0529809587692912,-0.00644881185452448,-0.0969565465856002,-0.00280003360250117,-0.000646514368144481,-0.000178037682587052
-0.832026756321284,-0.0509273447188276,-0.00669927516778621,-0.0895010103330939,-0.00275192324113171,-0.0005159838303254,-0.000232456825378762
-0.762076263179431,-0.0488260814768575,-0.00696575804463732,-0.081481039410024,-0.002704713866542,-0.000383168095193769,-0.000277384128379637
-0.690114182957581,-0.046689184410134,-0.00724743605198319,-0.072941993336984,-0.00265844479288445,-0.000248765797574618,-0.000312086111865845
-0.616339334679856,-0.0445281472511567,-0.00754337674761271,-0.0639325214926091,-0.00261302580670137,-0.000113435161858868,-0.000336127800379556
-0.540957231847964,-0.0423538947406731,-0.00785254743059874,-0.0545043802891465,-0.00256823581628411,2.2204535239157e-05,-0.000349373261165908
-0.464179962801868,-0.0401767649029897,-0.00817382136221822,-0.0447122433276341,-0.00252372528880182,0.000157568461878152,-0.000351978938280566
-0.386226372526821,-0.038006522096975,-0.00850598150970657,-0.0346135245507644,-0.00247902272767744,0.000292099255739468,-0.00034438061780472
-0.307322815555047,-0.035852403919485,-0.00884772040022803,-0.0242682514854772,-0.00243354550257666,0.000425258031246739,-0.00032727499768229
-0.227705002180464,-0.0337232096246799,-0.00919763363641806,-0.013739057398632,-0.00238661555828587,0.000556513504318803,-0.000301596997797222
-0.147621932606979,-0.0316274468828032,-0.00955420252296706,-0.00309141888658623,-0.00233748108901433,0.000685328760210952,-0.000268494180253783
-0.0673429594042284,-0.0295735490251002,-0.0099157611020168,0.00760574174626829,-0.00228534594509691,0.000811145378250354,-0.000229299554735145
0.0128383566761064,-0.0275699814656639,-0.0102804776321568,0.0182799748639432,-0.0022294039169652,0.000933375670084636,-0.000185499113542884
0.0926497273663187,-0.0256241057352235,-0.0106465687597486,0.0288618566457847,-0.00216883904210723,0.00105146789646473,-0.000138663978700557
0.171935433985499,-0.0237400551158023,-0.0110127484800302,0.0392978865924687,-0.00210276865947027,0.00116503368126543,-9.03423885962155e-05
0.250617147190784,-0.0219201511588523,-0.0113780477029654,0.0495451182758082,-0.00203027175983843,0.00127377434844286,-4.20378526385711e-05
0.328575308275372,-0.0201677837126935,-0.011741274288083,0.0595553443512418,-0.00195049357893796,0.00137730061492414,4.74134862843059e-06
0.405638918970754,-0.0184874828234269,-0.0121009637389588,0.0692740128926772,-0.00186269091321022,0.00147512550289273,4.84970100970506e-05
0.481615185680158,-0.0168841234756406,-0.0124555162487554,0.078644496173741,-0.00176624558336364,0.00156671423940979,8.77905900445251e-05
0.55630463401723,-0.0153624963023458,-0.0128032736768206,0.0876104095563983,-0.00166068430704158,0.0016515098443864,0.000121287834616726
0.629507289696362,-0.0139270606727616,-0.0131425601684471,0.0961167352226322,-0.00154570300435167,0.0017289450033507,0.000147797976784467
0.701025517304473,-0.012581727461658,-0.0134717114515011,0.10411049805199,-0.00142119148164327,0.00179844929056753,0.000166309387625972
0.77066562476155,-0.0113296106581835,-0.0137891022770207,0.11154127189755,-0.00128725615320922,0.00185945515709406,0.000176021903175817
0.838238983882346,-0.0101727233518234,-0.0140931750744494,0.118361611308984,-0.00114423913169851,0.00191140403337868,0.000176375240326852
0.903562942174443,-0.00911161388137633,-0.0143824698719527,0.124527435057276,-0.000992732367669206,0.00195375331693809,0.000167072535011358
0.966461702165037,-0.00814491977091867,-0.0146556572831248,0.129998396015365,-0.000833584491414021,0.00198598439084796,0.000148098198370615
1.02676709132675,-0.00726889516741179,-0.0149115681573189,0.1347381826433,-0.000667900672896374,0.00200761264784243,0.000119728562611749
1.08431936424119,-0.00647688730226774,-0.0151492227304863,0.138714798570916,-0.000497032600605936,0.00201819915198744,8.25348275776919e-05
1.13896797919829,-0.00575881311341188,-0.015367854643911,0.141900787627089,-0.000322558409824737,0.00201736425209619,3.73772882153036e-05
1.19057235827373,-0.00510067023041907,-0.0155669280312173,0.144273402399322,-0.000146251875509786,0.00200480288531861,-1.46096511318974e-05
1.23900262022224,-0.00448412729751158,-0.015746145700552,0.145814710056942,2.99590568182078e-05,0.00198030107293176,-7.20418979440498e-05
1.28414027042927,-0.00388624131963222,-0.0159054470352593,0.146511630767065,0.000204043584024797,0.00194375281146136,-0.000133319375718258
1.3258788289596,-0.00327934725605502,-0.0160449950813262,0.146355906208961,0.000373927552558574,0.00189517628984984,-0.000196668445736693
1.36412437550118,-0.00263115677396273,-0.0161651532853733,0.14534399843944,0.000537558669701708,0.00183472816531887,-0.000260192046665803
1.3987959884708,-0.00190508905478494,-0.0162664533458943,0.143476922466656,0.000692974179435058,0.00176271454621126,-0.000321926120611721
1.42982605809017,-0.0010608380187568,-0.0163495565079675,0.140760019410356,0.000838367229068153,0.00167959739120696,-0.000379900494689584
1.45716045789489,-5.51594858737041e-05,-0.0164152112161724,0.137202680532778,0.00097214792419083,0.00158599525058725,-0.000432202049251234
1.4807585662797,0.00115715851148803,-0.01646421025969,0.132818035574645,0.00109299521219265,0.00148267764132522,-0.000477037757623181
1.50059314312829,0.00262220405625502,-0.0164973504638438,0.127622622103056,0.0011998964095967,0.00137055267312826,-0.000512795073348429
1.51665004823543,0.0043857502469426,-0.0165153968258702,0.121636047826658,0.00129217109760231,0.00125064906093271,-0.00053809705775535
1.52892787055658,0.00649211992369071,-0.0165190539488014,0.114880673132086,0.00136947966013765,0.00112409172149671,-0.000551850059862621
1.53743744109959,0.00898307906982331,-0.0165089442819484,0.107381317531396,0.00143181450318842,0.000992074066268322,-0.000553281745873419
1.54220128618599,0.0118968571271134,-0.0164855938799568,0.0991650078902246,0.00147947578663536,0.000855827854517557,-0.000541967970958915
1.54325304428169,0.0152673208635038,-0.0164494248541695,0.0902607745536247,0.00151303336061653,0.000716592749453833,-0.000517847439341155
1.54063687155822,0.0191233198840443,-0.0164007534069505,0.0806994981515588,0.00153327748580222,0.000575587553556879,-0.000481223719077093
1.53440685528477,0.0234882042015742,-0.0163397921335558,0.0705138050992146,0.00154116131373344,0.000433984909410745,-0.000432754791935611
1.52462644622061,0.0283794988792185,-0.0162666552735464,0.0597380056888995,0.00153773819945196,0.00029289087965448,-0.000373430892492778
1.51136791262529,0.0338087087547,-0.0161813657342206,0.0484080658924506,0.00152409675610765,0.00015333030735013,-0.000304541884112507
1.4947118103405,0.0397812182550565,-0.016083862918748,0.0365616025200704,0.00150129621225757,1.62382569937853e-05,-0.000227635802534712
1.47474645639339,0.0462962470913189,-0.0159740106024851,0.0242378915028878,0.00147030418349982,-0.000117542785861696,-0.00014447045606447
1.45156738803177,0.0533468217616639,-0.0158516042510512,0.0114778804436553,0.00143193851252997,-0.000247260859719906,-5.69601034544463e-05
1.42527678528084,0.0609197247246824,-0.015716377219794,-0.00167580118284171,0.00138681445319862,-0.000372249004377247,3.28807519114838e-05
1.39598283267234,0.0689953874376149,-0.0155680051863967,-0.0151788383086748,0.00133529824720204,-0.000491918000378583,0.000122994490884099
1.36379899533592,0.0775476998477386,-0.0154061079392761,-0.0289852347110328,0.00127746812004184,-0.000605749270450986,0.00021133661745305
1.32884318641596,0.0865437174074585,-0.015230247283166,-0.0430473253247895,0.00121308392912903,-0.000713289823557998,0.000295929488549432
1.29123680676889,0.095943257714636,-0.0150399193605963,-0.0573157952517762,0.00114156711762841,-0.000814150913637324,0.000374912138008601
1.25110364505053,0.105698392769495,-0.0148345391876775,-0.071739704408361,0.00106199320604585,-0.000908011689968454,0.000446585033157667
1.20856863856069,0.115752859728863,-0.0146134147697639,-0.0862665175820268,0.000973099683940639,-0.000994628546894234,0.000509448840905733
1.16375651190216,0.126041433324924,-0.0143757079323833,-0.100842141667509,0.000873312680885083,-0.00107385016318448,0.000562236521838656
1.116790333444,0.136489325911601,-0.0141203791677001,-0.115410974367178,0.000760795985712755,-0.00114563738693746,0.000603938312565395
1.06779005834316,0.147011704724822,-0.0138461145715456,-0.129915971389821,0.000633525592172623,-0.00121008622184606,0.000633819397775571
1.01687115758639,0.157513437893087,-0.0135512345299458,-0.14429874251022,0.00048939171476101,-0.00126745128698301,0.000651430313470617
0.964143464254601,0.167889195769415,-0.0132335863657315,-0.1584996892687,0.000326327947243854,-0.00131816635871824,0.000656610349792277
0.909710391225987,0.178024037258733,-0.0128904266391347,-0.172458199049789,0.000142463865371239,-0.00136285810748087,0.000649484426376718
0.853668681928809,0.187794595565399,-0.0125183029446961,-0.186112910551394,-6.37068952560198e-05,-0.00140234907387789,0.00063045407645933
0.796108837855876,0.197070952004629,-0.012112949518955,-0.199402067251471,-0.000293155706306692,-0.00143764653719352,0.000600183208372221
0.737116323071085,0.205719149403832,-0.0116692126388535,-0.212263947415077,-0.000546161783049976,-0.00146991454513146,0.000559579751233531
0.676773556165314,0.213604391466616,-0.0111810270397503,-0.224637403201718,-0.000822188216010851,-0.0015004295517784,0.000509773274599566
0.615162600033281,0.220594653297174,-0.0106414574399307,-0.236462462992033,-0.00111980973499534,-0.00153052069746842,0.000452089770438898
0.552368343153001,0.226564508510713,-0.0100428176090535,-0.247680984909458,-0.00143670735635266,-0.0015614993438229,0.00038802374548475
0.48848186666728,0.231398857646919,-0.00937686900767186,-0.258237319874679,-0.00176973749657588,-0.00159458402531753,0.000319207914800426
0.423603633052173,0.234996239769379,-0.00863509041777666,-0.268078938149336,-0.0021150733588167,-0.00163082818364201,0.000247380580563423
0.357846133107419,0.237271447776193,-0.00780899934716218,-0.277156973077678,-0.00246840601020203,-0.00167105799866526,0.000174350697869546
0.29133569437951,0.238157253405144,-0.00689049804549732,-0.285426643334559,-0.00282518387238104,-0.00171582634003467,0.000101960649534119
0.224213277269014,0.237605154136636,-0.00587221352717532,-0.292847524383184,-0.00318086438552679,-0.00176538656266353,3.20469499805357e-05
0.156634178900486,0.235585234703905,-0.0047478033086557,-0.299383693939045,-0.00353115095199312,-0.00181968741065182,-3.36011658292849e-05
0.0887668363550378,0.232085176332108,-0.00351220433999281,-0.305003698033478,-0.00387219324451427,-0.00187838695817831,-9.32837355201887e-05
0.0207908335739201,0.227108746654994,-0.00216181339150201,-0.309680437536482,-0.00420073504097052,-0.00194088258548835,-0.000145432721370214
-0.0471055718564879,0.220673939751828,-0.00069459629976685,-0.313390971878628,-0.00451420327960281,-0.00200635199294516,-0.00018865364131406
-0.114728142385356,0.212811001180202,0.000889867417780888,-0.316116284664264,-0.00481073961444033,-0.0020738004069942,-0.000221764968040807
-0.181879356259754,0.20356053274975,0.00259039275818538,-0.317841054899072,-0.00508918201510031,-0.00214210949660675,-0.000243834043676429
-0.248360835291192,0.192971738415581,0.00440423342204371,-0.318553407579716,-0.00534900719373848,-0.00221008462306776,-0.000254207487074563
-0.313975531628963,0.181100990358742,0.00632715052635772,-0.318244742468291,-0.00559024686359202,-0.00227649758520341,-0.000252535894647189
-0.378529495128812,0.168010647388713,0.00835349095016782,-0.316909576732347,-0.00581338904899498,-0.00234012359718848,-0.000238790838286518
-0.441833269275646,0.153768153071616,0.0104762678322577,-0.314545432054934,-0.00601927471654787,-0.002399771589902,-0.000213273695824087
-0.503702939553393,0.138445372725097,0.0126872382212614,-0.311152757323703,-0.00620899737313607,-0.0024543076609924,-0.000176615668335791
-0.563960887732454,0.122118124264843,0.014976976481768,-0.306734881336227,-0.00638381098068923,-0.00250267186076386,-0.000129768689649728
-0.622436319143776,0.104865853966398,0.0173349448782262,-0.301297989174299,-0.00654504949488837,-0.00254388876355533,-7.3987212104007e-05
-0.678965630105911,0.0867714102114757,0.0197495645673935,-0.294851115735501,-0.00669405970832708,-0.00257707245749257,-1.08011169944359e-05
-0.733392678432115,0.0679208722503491,0.02220829129486,-0.28740614955355,-0.0068321479155761,-0.00260142673692821,5.80197581934082e-05
-0.785569010933197,0.048403396041469,0.0246977004096282,-0.278977839392523,-0.00696054014472163,-0.00261624141847079,0.000130508755520153
-0.835354085330178,0.0283110461269879,0.0272035853449518,-0.269583795966679,-0.0070803552211592,-0.00262088582588945,0.000204552249956027
-0.882615512009389,0.00773858781454213,0.0297110730410675,-0.259244480726261,-0.00719258966736912,-0.00261480059565159,0.00027794505764256
-0.927229326416753,-0.013216779481202,0.0322047586582848,-0.247983174321261,-0.00729811327868758,-0.00259748901651286,0.000348450016188385
-0.969080289471685,-0.0344557596730728,0.0346688605727713,-0.235825919225823,-0.00739767409566426,-0.00256850911416178,0.000413860139962506
-1.00806220477166,-0.0558773730328437,0.0370873952345736,-0.222801433891276,-0.00749191137544526,-0.00252746760487949,0.000472061563400676
-1.04407823603294,-0.0773794424445943,0.0394443700182726,-0.208940999506669,-0.00758137503456521,-0.00247401665710455,0.000521095339292046
-1.07704120797186,-0.0988591443503152,0.041723990863789,-0.194278324089431,-0.00766654990547406,-0.00240785411510147,0.000559216082674023
-1.10687387480749,-0.12021360965854,0.0439108801821544,-0.178849392455858,-0.00774788304228299,-0.00232872747258687,0.00058494546056182
-1.13350914569846,-0.141340556138134,0.0459902994982828,-0.16269231279671,-0.00782581227134315,-0.002236441463324,0.000597118643024398
-1.15689026242164,-0.162138932053156,0.0479483705969281,-0.145847170930503,-0.00790079423539042,-0.00213086870168395,0.000594922051361198
-1.17697092847059,-0.182509549499488,0.0497722884472929,-0.128355902943305,-0.0079733303383953,-0.0020119624167139,0.000577921055434381
-1.19371539330959,-0.202355687400435,0.0514505192101275,-0.110262194360828,-0.00804398926842183,-0.00187977001986592,0.000546076668892569
-1.20709849912298,-0.221583647858008,0.0529729771457178,-0.091611409558435,-0.0081134251313209,-0.00173444606415998,0.000499750734628231
-1.21710569735455,-0.240103252428955,0.054331174964611,-0.0724505517150885,-0.00818239061996169,-0.00157626313011971,0.000439699549993059
-1.22373304223505,-0.257828269195432,0.0555183432706101,-0.0528282497368965,-0.00825174503289688,-0.00140561930175631,0.000367056316201939
-1.22698715697801,-0.274676760372176,0.056529513864622,-0.0327947632927702,-0.00832245712892623,-0.0012230414150521,0.000283303196218895
-1.22688523686706,-0.290571376477293,0.0573615770105546,-0.0124020125268354,-0.00839560412895148,-0.001029182098259,0.00019023392659033
-1.2234549531558,-0.305439542017545,0.0580132859218241,0.00829641217896506,-0.0084723654060318,-0.000824812959832423,8.99085799090333e-05
-1.21673441787341,-0.319213587847641,0.0584852368496065,0.0292452218035455,-0.00855401363186855,-0.000610811438713431,-1.53985519868117e-05
-1.2067721235356,-0.331830784328915,0.058779806898644,0.0503874055936005,-0.00864190240565084,-0.000388143094210074,-0.000123256334551906
-1.19362684607605,-0.343233378911147,0.0589010706900978,0.0716642417461754,-0.00873745295472769,-0.000157841195400246,-0.000231137613911956
-1.17736754665047,-0.353368470953918,0.0588546688836573,0.0930152898906954,-0.00884213734903413,7.90173070394418e-05,-0.000336482748964401
-1.15807323888086,-0.362187864538977,0.0586476564724351,0.114378404768662,-0.00895746159580818,0.000321335724013058,-0.000436763914909287
-1.13583282490888,-0.369647836257903,0.0582883229388678,0.13568975309887,-0.00908494818344722,0.000568021004171347,-0.00052954899585758
-1.11074489151623,-0.375708824962694,0.0577859901464949,0.15688383581331,-0.00922611927890828,0.000818004800426885,-0.000612563608908537
-1.08291745897666,-0.380335039263963,0.0571507928636346,0.177893517321378,-0.00938248185000089,0.00107026089022567,-0.000683749783413909
-1.05246767539094,-0.383493977549833,0.0563934477501339,0.198650066471999,-0.00955551625566276,0.00132381793357919,-0.000741319750247906
-1.01952145038978,-0.385155853447905,0.0555250174359626,0.219083216512512,-0.00974667003558439,0.00157776698554291,-0.000783803229128395
-0.984213023840003,-0.385292916915611,0.0545566768292952,0.239121253885259,-0.00995735865217552,0.00183126370652153,-0.00081008656547515
-0.946684468041079,-0.383878656934455,0.0534994889052747,0.258691147205708,-0.0101889747014254,0.00208352578360795,-0.00081944208219604
-0.907085126204575,-0.380886866127024,0.0523641969334045,0.277718728102873,-0.0104429065290266,0.00233382662913838,-0.000811546095386238
-0.865570996080144,-0.376290540843861,0.0511610394997418,0.29612893482948,-0.0107205661867536,0.00258148688482578,-0.000786484207329165
-0.822304075439029,-0.370060583306905,0.0498995939686532,0.313846128368021,-0.0110234251697605,0.00282586555636091,-0.000744742740563077
-0.777451696647215,-0.362164266960082,0.0485886535269189,0.330794489678275,-0.0113530543068784,0.00306635265516556,-0.000687185514285655
-0.731185891286491,-0.352563425233198,0.0472361430198475,0.346898506909185,-0.0117111614361867,0.00330236496675198,-0.000615015596065941
-0.683682843782444,-0.34121233222608,0.0458490798071533,0.362083563848941,-0.0120996169639915,0.00353334594472077,-0.000529722209436606
-0.635122515278555,-0.328055268527001,0.0444335881404323,0.376276646909382,-0.0125204529542346,0.00375876971175958,-0.000433013689215557
-0.585688547314995,-0.313023817833914,0.0429949793358923,0.389407197674212,-0.0129758159444217,0.00397814770399285,-0.000326738342529248
-0.535568586548718,-0.296034035965012,0.0415379152176204,0.401408151874707,-0.0134678473848638,0.00419103462927607,-0.000212796431568381
-0.484955201862159,-0.276983794257979,0.0400666783991906,0.412217222046933,-0.0139984590918933,0.00439702817357458,-9.30484289474296e-05
-0.434047582779374,-0.255750848796853,0.0385855785865058,0.421778495836962,-0.0145689660091984,0.00459575443997667,3.07725863447827e-05
-0.383054186925326,-0.232192543886268,0.0370995262193125,0.430044427689364,-0.0151795381793916,0.00478682885013107,0.000157132896385448
-0.332196405838478,-0.206148519030611,0.0356147982981905,0.436978284204634,-0.0158284437392316,0.00496978098474964,0.000284738558677897
-0.281713083869584,-0.177448291216742,0.0341399983496765,0.442557042333089,-0.0165110831562856,0.00514393303349428,0.000412523848448581
-0.23186529049401,-0.145925959268536,0.0326871636689879,0.446774609199534,-0.0172188712130063,0.00530822731212273,0.000539564491344605
-0.182940080304772,-0.111444200189867,0.0312728910826033,0.449645011644181,-0.0179381134694324,0.00546101114979014,0.000664894571291463
-0.135251151023999,-0.0739287242698786,0.0299192410073178,0.451204897718797,-0.0186491416690195,0.00559980879550121,0.000787217723686493
-0.0891336071310661,-0.0334119488230115,0.0286540648935853,0.451514365222004,-0.0193260865637646,0.00572113764676916,0.000904529132509449
-0.0449299917655951,0.00991927333691059,0.0275103409870696,0.450654934870498,-0.0199377132612733,0.00582045108962693,0.00101370577772757
-0.00296603029305628,0.0556816957611804,0.0265241778838257,0.448723642103416,-0.0204496398187425,0.00589229583066472,0.00111017013094277
0.0364824946705925,0.103272722167265,0.0257314161342323,0.44582293089407,-0.0208279472262644,0.00593073886958811,0.00118776652635738
0.0732261893258769,0.151879130888603,0.0251632026712452,0.442047288386157,-0.0210437070744308,0.00593004102076676,0.00123898164603773
0.107192746308851,0.200523856422859,0.0248413808632811,0.437468992447704,-0.0210774778182424,0.00588545027086937,0.00125557169563126
0.138442212712136,0.248146225403042,0.0247747946548882,0.432126280811193,-0.0209226080164919,0.00579390786189342,0.00122953906532626
0.167160722405028,0.293699787252374,0.0249574651827327,0.42601706209412,-0.020586414858316,0.00565445516834027,0.00115427652986072
0.193633257031377,0.336245855661879,0.0253690747193434,0.419099853572804,-0.0200889303121552,0.00546821757387131,0.00102562768364229
0.218202637193386,0.375023091922676,0.0259775117550115,0.411301511925854,-0.0194596474032905,0.00523798547412204,0.000842634489198029
0.241225397355709,0.409482401455782,0.0267426937001681,0.402529459873227,-0.0187332197620564,0.00496754205831323,0.000607843735443212
0.263034316383434,0.439287345231244,0.0276206844058969,0.392685240540414,-0.0179451820027388,0.00466094585912629,0.000327172351022713
0.283913400351827,0.464288498463321,0.0285672654844912,0.381676503970379,-0.017128508478876,0.00432195183320196,9.43161592910771e-06
0.304086414033386,0.48448354143081,0.0295404649565,0.369425565963442,-0.016311404639155,0.00395367786539976,-0.000334346566518011
0.323716554278331,0.499973915250893,0.0305019253144528,0.3558739099744,-0.0155163285395566,0.00355853725276202,-0.000691648263128283
0.342913272243582,0.51092561183357,0.0314172891105122,0.34098299624048,-0.0147599851013373,0.00313839271251103,-0.00104918819479862
0.361742288607211,0.517538032845168,0.0322559498032106,0.324732327394123,-0.0140539400897062,0.00269485367308728,-0.00139354562111199
0.380235791460482,0.520021987022884,0.0329905656159342,0.307115931886276,-0.0134055228394195,0.00222963088276328,-0.00171171411767712
0.398401009115433,0.518586123159407,0.033596691483027,0.288138387588247,-0.0128187696461086,0.0017448704741103,-0.00199157369570203
0.416226417879968,0.513430251543871,0.0340527771683247,0.267811332755071,-0.012295258084691,0.00124340524011288,-0.0022222992799888
0.433685623875435,0.50474376624254,0.0343406340823937,0.2461511735097,-0.011834769697474,0.000728879896208852,-0.00239471573582981
0.450739441718529,0.492707460818937,0.0344463161016807,0.223178423276011,-0.0114357827544373,0.000205728254445156,-0.00250160175753204
0.467336932614578,0.477497244688377,0.034361221384911,0.198918802317268,-0.0110958352663175,-0.000320997136660571,-0.0025379372969029
0.483416216626234,0.459288510657933,0.0340831333985084,0.173405883770613,-0.0108118128229423,-0.0008459199065195,-0.00250108423044267
0.498905781476021,0.438260122112772,0.0336169027603953,0.146684712766991,-0.010580210397529,-0.00136371703081654,-0.00239088812914192
0.513726785950321,0.414597187201466,0.0329745341917395,0.118815524606096,-0.0103973983265173,-0.00186952241953953,-0.00220968986033251
0.527796506872386,0.388492054114764,0.0321745741028578,0.0898765894751129,-0.0102598975385074,-0.00235929502185533,-0.00196223993381424
0.541032663987412,0.360143401973254,0.0312408650233578,0.0599654411586552,-0.0101646448513149,-0.0028300923427916,-0.00165551790874618
0.553358029147585,0.329753868431255,0.0302008942018934,0.0291982517552068,-0.0101092120237031,-0.0032802037655988,-0.00129847339257936
0.564704642089522,0.297527104545418,0.0290840570705638,-0.00229235087468691,-0.010091937443109,-0.00370912164441938,-0.000901718401086032
0.575017172870216,0.263665215128707,0.0279201382913806,-0.0343604153091558,-0.0101119381442428,-0.00411735603532373,-0.000477204919396956
0.584255271434783,0.228367267979636,0.0267382067342921,-0.0668501040025528,-0.0101689932816403,-0.00450612157626125,-3.79136721984124e-05
0.592395195510015,0.191829018628464,0.0255659378082156,-0.0995989317979896,-0.0102633132699512,-0.00487693828334846,0.000402436485183366
0.599431170652094,0.154243595328505,0.0244292350785523,-0.132440476955703,-0.0103952366984505,-0.00523119060898197,0.000829666006308892
0.605377130361451,0.115802551014198,0.0233519160985237,-0.165206406801401,-0.0105649115143925,-0.00556968819043421,0.00122941917935947
0.610269481500699,0.0766965674657444,0.0223552194438348,-0.197727798130405,-0.010772022138094,-0.00589227029227929,0.0015874807676421
0.614171439000294,0.037115138933449,0.0214569708331413,-0.229835848337919,-0.0110156132166135,-0.00619749608530395,0.00189014595889649
0.617179240776363,-0.00275521696234607,0.0206704051331371,-0.261362169604536,-0.0112940318952344,-0.00648246221474457,0.00212465276845087
0.61943018005476,-0.0427342680848336,0.0200028411512682,-0.29213892946452,-0.0116049631743989,-0.00674278301260091,0.00227966791101517
0.621111865919225,-0.0826523712535628,0.0194545910756937,-0.321999141255523,-0.0119454713638703,-0.00697275300942004,0.0023457973727851
0.622471415710997,-0.122354563184828,0.0190185913811771,-0.350777414580323,-0.0123118961701222,-0.0071656856015354,0.0023160781453107
0.623822319489544,-0.161702533852463,0.0186812149317092,-0.378311451010186,-0.0126994040629561,-0.00731439152223039,0.00218640536128074
0.625545362140265,-0.200571997471702,0.0184245460727335,-0.404444525222626,-0.0131009925470159,-0.00741173793144327,0.00195586516144083
0.628078135592906,-0.238842716968489,0.0182300891235467,-0.429029129835203,-0.0135058260095608,-0.00745122721231873,0.00162697858987496
0.631885567154939,-0.2763788855559,0.0180834669132468,-0.451931853590627,-0.0138969996788233,-0.00742756186856587,0.00120590774532353
0.637402786528004,-0.312999444801318,0.0179791697169331,-0.473039322828578,-0.0142492374962199,-0.00733721056899265,0.00070271276234133
0.644944564489337,-0.348442187892988,0.0179238762402372,-0.49226456101231,-0.0145276247115706,-0.00717902817089031,0.000131743254964335
0.654586896241596,-0.382332427526765,0.0179364842915626,-0.509552405578866,-0.0146890455088374,-0.00695495248172407,-0.000487842467287458
0.666048203215772,-0.414174078289586,0.0180432705875866,-0.524881944829434,-0.0146879706088269,-0.00667064899829932,-0.00113163646181645
0.678622220150419,-0.443381345550852,0.0182682020211661,-0.538263913719584,-0.0144868530116898,-0.00633572844069607,-0.00177007382007176
0.69121958420971,-0.469355167040751,0.0186212888235797,-0.549732175266817,-0.0140685275380521,-0.00596301120441767,-0.00236962234871464
0.702537822635836,-0.491582324280578,0.019090264156579,-0.559330582638717,-0.0134452760977038,-0.00556654564039805,-0.0028953690682116
0.71130947919165,-0.509715395849425,0.0196401419179368,-0.567098407173934,-0.0126593973680458,-0.00515876460224509,-0.00331467039193664
0.716527579863748,-0.523599119579408,0.0202208260639332,-0.57305785887089,-0.0117742078659233,-0.00474785089136377,-0.00360092521045755
0.71756331920267,-0.533240309006038,0.0207782106053312,-0.577206091932234,-0.0108595628712512,-0.00433645286895652,-0.00373642594513966
0.71415861950597,-0.538747552448145,0.0212630803262503,-0.579512708581929,-0.00997812543583567,-0.00392222412151712,-0.00371369594962435
0.706337397396464,-0.540272808466229,0.0216348961470792,-0.57992291337189,-0.00917673308269378,-0.00349978563773399,-0.00353533521378947
0.694295804512729,-0.537973493692193,0.0218611688838122,-0.578365733392763,-0.00848374209572956,-0.00306321856199154,-0.00321278335090667
0.678311984180952,-0.531997002094757,0.0219149080710074,-0.574765627372091,-0.0079107871671055,-0.00260824061632963,-0.002764495340379
0.658688213374152,-0.522480254590075,0.0217722814494736,-0.569054738905061,-0.00745671324668573,-0.00213357638466767,-0.00221394110467293
0.635720600040492,-0.509555434687372,0.0214113306682788,-0.561182798713356,-0.00711187918563438,-0.00164142034304581,-0.00158770932149943
0.609686022951215,-0.493355736480916,0.0208115128813086,-0.551122545582604,-0.00686179736833858,-0.00113715265911761,-0.000913871667693874
0.58083767087773,-0.474018402427053,0.0199534402615496,-0.53887009814637,-0.00668972583732081,-0.000628570062619228,-0.000220659717627958
0.549404286134895,-0.45168497111021,0.0188183723847426,-0.524441269745481,-0.00657825284342531,-0.000124879526586781,0.000464570200066234
0.515591328517795,-0.426500125109864,0.0173874592769597,-0.507865854996716,-0.00651013165642424,0.000364364539546043,0.00111615331469576
0.479583967922289,-0.398610969541463,0.0156411329993325,-0.489182240279856,-0.00646869160555771,0.000830264773454291,0.00171079457778934
0.441552252058744,-0.368168237704738,0.0135592150449081,-0.46843435439713,-0.00643811980576105,0.00126544954306519,0.00222817337800061
0.401658428489963,-0.335330067247296,0.0111221838630221,-0.445672144186784,-0.00640381524220605,0.00166473696606699,0.0026515049821284
0.360065698005689,-0.300267900705826,0.0083136826732114,-0.420955647860992,-0.00635289386811475,0.0020255232605149,0.00296804677159598
0.316946984808251,-0.263173071272833,0.005123863986036,-0.394361617972607,-0.00627480328035816,0.00234783768674717,0.00316950045852917
0.272492227928935,-0.224262128519847,0.0015528256837378,-0.365990827947439,-0.00616191114746491,0.00263403863907373,0.00325224085161489
0.226912753394134,-0.183779145309706,-0.00238679297400156,-0.335973993852052,-0.00600990616123135,0.00288819758007869,0.00321730951813869
0.180442366134623,-0.141994172333826,-0.00666871581695993,-0.304474730962306,-0.00581788178550505,0.00311527682158575,0.00307014439403001
0.133335696588495,-0.0991982797014062,-0.011253660629641,-0.271689031409179,-0.00558806027636434,0.00332025494678317,0.00282006705174551
0.0858654420576201,-0.0556971320031253,-0.0160913317844323,-0.2378421392575,-0.00532521757104645,0.003507357253626,0.0024795999172009
0.0383204616182984,-0.011805578667958,-0.021123062887391,-0.203184659584814,-0.0050359415251173,0.00367951087001216,0.00206371457843315
-0.00899316023525157,0.0321539594393644,-0.0262842337865671,-0.167990342832596,-0.00472788351949228,0.00383808537372089,0.00158911398071464
-0.0557466434443887,0.0758471674631578,-0.0315057859954874,-0.132557775002281,-0.00440913412021998,0.00398292272387479,0.00107362018924271
-0.101578971304405,0.118917581678518,-0.0367146482932456,-0.0972166307877097,-0.00408778479549729,0.00411262359797852,0.000535674161376154
-0.146089110454203,0.160975619329263,-0.0418338521951995,-0.0623345780222017,-0.00377163543841422,0.00422504980150188,-6.16291833052536e-06
-0.188849691862461,0.201606163037093,-0.0467850006025314,-0.0283087407682019,-0.0034678650786004,0.00431800344437403,-0.000534022266258385
-0.229478109911183,0.240430760654044,-0.0514976283091504,0.0044896466813546,-0.00318237953554584,0.00438998730355343,-0.00103230487103951
-0.267765954940646,0.277228942478084,-0.0559253968750856,0.0358230213247472,-0.00291887283233556,0.0044407482482934,-0.00148979326756214
-0.303756532743335,0.312015434209978,-0.0600555411498083,0.0656600244504416,-0.00267844067543881,0.00447121619838653,-0.00190054011936345
-0.337670389058581,0.344973519390996,-0.0638995673273083,0.0941240543030335,-0.00246036832603035,0.00448295368166827,-0.00226232531321119
-0.369763084944993,0.376320087269529,-0.0674756819923657,0.121379077920594,-0.00226332374550426,0.00447769808294755,-0.00257424658730137
-0.400242015139072,0.406224363186794,-0.0707985166354803,0.147558150469664,-0.00208599559550374,0.00445724545226183,-0.00283534893235371
-0.429251552056601,0.434791853889803,-0.0738773139093201,0.172747263270819,-0.00192716449851535,0.00442350388485273,-0.00304435232191854
-0.456885586897417,0.462075450232292,-0.0767175707813257,0.196993024758142,-0.00178555436154696,0.00437854600701937,-0.00319983249011708
-0.483203498217146,0.488090725048358,-0.0793231259681507,0.220314510573443,-0.00165966349709221,0.00432460707585297,-0.00330048279043598
-0.508242719327203,0.512828671830071,-0.0816977752514693,0.242713245330393,-0.00154763775061643,0.00426402914883587,-0.00334534218367402
-0.532027339419022,0.536265136816922,-0.0838462846197525,0.264180502525325,-0.00144719728167255,0.00419916524396733,-0.00333396931257714
-0.554573567603575,0.558367555007371,-0.0857748714606127,0.284702366842881,-0.00135561488647494,0.00413225934703427,-0.00326656592352409
-0.575892930767865,0.579099651018523,-0.0874912593799749,0.304263109363363,-0.00126973964810412,0.00406531777136832,-0.00314405614723255
-0.595993882349785,0.598424590984924,-0.0890044157082787,0.322847311297544,-0.00118605719036074,0.00399998625242576,-0.00296812772625222
-0.614882329241472,0.616306929878729,-0.0903240809843598,0.340441065119251,-0.00110077557296717,0.00393744519343849,-0.00274124098162426
-0.632561468702473,0.63271362149141,-0.0914601977455555,0.357032516855866,-0.0010099242879414,0.00387833264101909,-0.00246661146630277
-0.649031246263332,0.647614323079788,-0.0924223381044646,0.372611974948437,-0.000909453458759078,0.00382270115422707,-0.00214817246601719
-0.664287680650918,0.660981208966796,-0.0932192140617075,0.387171782625571,-0.000795321473870309,0.00377001123001833,-0.00179052341381001
-0.678322243163165,0.672788490607936,-0.0938583321834294,0.400706121423972,-0.000663561816780195,0.00371916087458747,-0.00139886969267317
-0.691121422359979,0.683011814623825,-0.0943458278203168,0.413210877085617,-0.000510323438795284,0.00366854864492073,-0.000978958221638841
-0.70266655195538,0.691627673182819,-0.0946864870020541,0.424683655577939,-0.000331883167519161,0.00361616617090706,-0.000537011772039172
-0.71293393311268,0.69861291522285,-0.0948839397608378,0.435123989089871,-0.000124632852492968,0.00355971569855961,-7.96633151851319e-05
-0.721895243825436,0.703944396651636,-0.0949409892454166,0.444533723136275,0.000114952201939609,0.00349674825989221,0.000386109941869998
-0.729518198957551,0.707598758507042,-0.0948600278612155,0.452917530872803,0.000390353791819291,0.00342481824913199,0.00085305464228397
-0.735767405067048,0.709552279559667,-0.0946434851618506,0.460283464045835,0.000705048358928679,0.00334165003342623,0.00131371444216737
-0.740605343710387,0.709780718452376,-0.094294252079803,0.466643425934299,0.00106252833252959,0.00324531141121115,0.00176051189581161
-0.743993414926019,0.708259043836837,-0.0938160318337108,0.472013444100306,0.00146629410503792,0.00313438710481302,0.00218584281163178
-0.745892979579417,0.704960952101558,-0.0932135789178721,0.476413633580233,0.00191980489278069,0.00300814313913606,0.00258218624974897
-0.74626635625227,0.699858093201198,-0.0924928032816594,0.47986777631643,0.00242637962501645,0.00286667031155871,0.00294223199492292
-0.745077757023831,0.692918966586318,-0.0916607360490755,0.482402499715199,0.00298904336556241,0.00271099265792854,0.00325902525755738
-0.742294187750672,0.684107510373149,-0.0907253741272055,0.484046111606601,0.00361032039605252,0.0025431256967506,0.00352612567384642
-0.737886390619201,0.673381484017219,-0.0896954410817117,0.484827230500717,0.00429198151052139,0.00236607011438641,0.00373777470019961
-0.731829964109712,0.660690831156984,-0.0885801171960791,0.484773423879177,0.0050347595914873,0.00218373001788347,0.00388906271962258
-0.724106846576843,0.645976294566146,-0.0873887989017178,0.483910114988417,0.00583805333910641,0.00200075101563611,0.00397608519418696
-0.714707377784155,0.629168626391631,-0.0861309437914252,0.48226002290492,0.00669964334743616,0.00182228163004989,0.00399607657779926
-0.703633138260791,0.610188779546972,-0.0848160411581054,0.479843350439755,0.00761544706320201,0.00165367070916384,0.00394751180979669
-0.690900690892205,0.588949465135292,-0.0834537211450061,0.476678829810946,0.00857933942510912,0.00150012199368332,0.00383016804020446
-0.676546202604652,0.565358403042268,-0.0820539828967153,0.47278559045133,0.00958306430235772,0.00136633324882644,0.00364514333705085
-0.660630710850212,0.539323467543025,-0.0806274904460177,0.468185652313743,0.0106162584238782,0.00125615027153104,0.00339483368638243
-0.643245545263739,0.510759731887073,-0.0791858620194695,0.462906703755129,0.0116666041881026,0.00117226527544194,0.00308287366241461
-0.624517167623936,0.479598150307428,-0.0777418703019354,0.456984726912531,0.0127201199986084,0.00111598505775083,0.00271404890788633
-0.604610519905282,0.445795304130586,-0.0763094813051008,0.450466008779301,0.0137615858324947,0.00108708792144457,0.00229418959464636
-0.583729942902491,0.409343324745125,-0.0749036871470138,0.443408132988775,0.0147750873372172,0.00108378069444791,0.00183005337305728
-0.56211690264788,0.370278858368894,-0.0735401283435999,0.435879680190155,0.0157446448782705,0.00110275933710184,0.00132920441141735
-0.54004415165231,0.328689837048595,-0.072234545697091,0.427958553264295,0.0166548774676591,0.00113936925022294,0.000799892601507093
-0.517806507085604,0.284718937979405,-0.0710021402786889,0.41972905490742,0.0174916397450199,0.00118785491522346,0.000250934445709231
-0.495709034569514,0.238562979094357,-0.0698569427597891,0.4112780405588,0.018242567720588,0.00124168317929613,-0.000308405072899865
-0.474053931001308,0.190468075216544,-0.0688112941192163,0.402690611890988,0.0188974787488542,0.00129392049253561,-0.000868532066715511
-0.453127658512279,0.140721057177789,-0.0678755175522008,0.394045877961447,0.0194485928121781,0.00133764170745441,-0.00141964844490745
-0.433189811527656,0.08963828033242,-0.0670578210744378,0.385413282437004,0.0198905715104171,0.00136634645004588,-0.00195188618573418
-0.414464812510095,0.0375533629995555,-0.0663644212974033,0.376849885355788,0.0202204012765888,0.00137435818157038,-0.00245545578324996
-0.397136935532852,-0.0151945063471888,-0.0657998325760475,0.368398822345341,0.0204371707747341,0.00135718054728911,-0.00292081275486791
-0.381348514076545,-0.0682702939744157,-0.0653672326763043,0.360088977821618,0.0205418034542951,0.0013117854558527,-0.00333884419361856
-0.367200666602454,-0.121349991960136,-0.065068803444857,0.351935736237581,0.020536802538882,0.00123680813602835,-0.00370107410074905
-0.354755589727762,-0.17412440640158,-0.064905955303997,0.343942544882615,0.0204260489067536,0.00113262730616618,-0.00399988180579407
-0.344039466468653,-0.226300275701204,-0.0648793755158215,0.336102950306449,0.0202146672386922,0.0010013148534169,-0.00422872278642349
-0.335045276942139,-0.277599614734346,-0.0649888854135025,0.328402763276411,0.0199089492233638,0.000846449830285314,-0.00438233669870128
-0.327735180980022,-0.327758403582742,-0.0652331411953006,0.320822058568516,0.0195163014395693,0.000672805725101787,-0.00445692468617155
-0.322042537086137,-0.376525669919619,-0.0656092549131987,0.313336810469472,0.019045175158249,0.000485935906824219,-0.00445027818511363
-0.317873911066363,-0.423663694090041,-0.0661124365371729,0.305920079965001,0.0185049381265809,0.000291696662259455,-0.00436184504980292
-0.31511153552905,-0.468949597359933,-0.0667357580330439,0.298542779868632,0.0179056631794852,9.57567457786419e-05,-0.00419272556194804
-0.313616595930714,-0.512178092067381,-0.0674701160318794,0.291174126602389,0.0172578307402504,-9.68558717953591e-05,-0.00394559953148968
-0.313233488585224,-0.553164802184797,-0.0683044271773328,0.283781927721217,0.0165719655577504,-0.000282126109029942,-0.00362459441070049
-0.313794907735757,-0.591749385086467,-0.0692260405066544,0.276332850160709,0.015858246212027,-0.000457312492353435,-0.00323511126740129
-0.315127364429127,-0.627797717325998,-0.0702213062232548,0.268792774636417,0.0151261348933494,-0.000621083554795958,-0.0027836292654913
-0.317056586375879,-0.66120260508869,-0.0712762093151993,0.261127283321177,0.0143840736970935,-0.000773533861252413,-0.00227750954836112
-0.31941222082306,-0.691882767262159,-0.0723769641980651,0.253302268238209,0.013639283949602,-0.000916096626226013,-0.0017248165457547
-0.322031348044258,-0.719780133180278,-0.0735104723242442,0.245284600250174,0.0128976903850354,-0.00105137709156697,-0.00113416975479273
-0.324760472932551,-0.744855737305162,-0.074664564415867,0.237042769754255,0.0121639760595337,-0.00118293197550403,-0.000514633156890803
-0.327455852394462,-0.767084650703005,-0.0758279773664887,0.228547400585273,0.0114417595301413,-0.00131501654968666,0.000124356406732352
-0.329982201877118,-0.78645046392422,-0.0769900484511344,0.219771545164015,0.0107338744438432,-0.00145231419613271,0.000773025767850845
-0.332209987033531,-0.802939848294188,-0.078140143823849,0.210690687205968,0.0100427232737413,-0.00159965580581983,0.00142127510946726
-0.334011643303559,-0.816537697679084,-0.0792668737698773,0.201282405214344,0.00937067067072878,-0.00176173007424911,0.00205867267480489
-0.335257183357963,-0.827223310487555,-0.0803571840936997,0.191525684011676,0.00872043675879962,-0.00194278222602959,0.00267444952077349
-0.335809756631852,-0.834968019818438,-0.0813954508603103,0.181399901972014,0.0080954461673379,-0.00214629914633982,0.00325751206113717
-0.335521814508318,-0.839734609898995,-0.082362741107124,0.170883568527873,0.00750008527294387,-0.0023746840055992,0.00379649224217993
-0.334232591767695,-0.841478750196725,-0.0832364274709248,0.159952937555143,0.00693981992193926,-0.0026289332754535,0.0042798560391519
-0.331767604306976,-0.840152509634425,-0.0839903474131575,0.148580673062021,0.00642113203268799,-0.00290834252994427,0.00469608941831834
-0.327940736721569,-0.835709764757522,-0.0845956622473013,0.136734787394406,0.00595124967211599,-0.00321028203766966,0.00503397551871723
-0.322559206252962,-0.828112995541209,-0.0850224841501762,0.124378098038073,0.005537674013223,-0.00353009452947833,0.0052829664324179
-0.315431226846053,-0.817340617962011,-0.0852421979706019,0.111468445676613,0.00518754723340637,-0.00386116991992429,0.00543363749568652
-0.306375604773255,-0.803393726559573,-0.0852302262509307,0.0979598720064312,0.00490695150684871,-0.00419523963724835,0.00547819339440224
-0.295231901429333,-0.786301033955374,-0.084968812767625,0.0838048630465944,0.00470026821737954,-0.00452290398485231,0.00541097801542995
-0.281869388586614,-0.766120998916606,-0.0844492929518551,0.0689576203869195,0.00456974228458078,-0.00483436286735959,0.00522892980404544
-0.266192988648031,-0.742940652392015,-0.0836733375300842,0.0533781393766884,0.00451537566699569,-0.00512027340076313,0.00493192668212657
-0.248144842153796,-0.716871362385612,-0.0826528262732496,0.0370366746842131,0.00453521337794818,-0.00537262201960044,0.00452298106137557
-0.22770102089627,-0.688042512116458,-0.0814083063819621,0.0199179983732297,0.00462599589562066,-0.00558548707668094,0.00400827261771593
-0.204863989126946,-0.656594560576738,-0.0799663367060084,0.00202475390836931,0.00478405716650216,-0.00575558617489482,0.00339703644916621
-0.179652404554884,-0.62267304842086,-0.0783563109024564,-0.0166207695703156,0.00500627465025378,-0.00588254508059463,0.00270134837029603
-0.15209047031691,-0.586424791863866,-0.0766074994480491,-0.0359769468130366,0.0052908475171808,-0.00596887744559499,0.00193586143708419
-0.122199147887337,-0.547996914353837,-0.0747470071792723,-0.0559853958051469,0.00563769837400318,-0.00601970895130707,0.00111754668474536
-0.0899911097645596,-0.507538714548841,-0.0727991194451134,-0.0765755933734131,0.00604835670363352,-0.00604230191355951,0.000265477753390778
-0.0554704412004282,-0.465205848960401,-0.0707861583907622,-0.0976708459163231,0.00652527483550207,-0.00604543171993564,-0.000599324560025108
-0.0186369271148824,-0.421166022330842,-0.0687305641565379,-0.119194532119039,0.00707063553569231,-0.00603864066074777,-0.00145400421413833
0.0205065706740116,-0.375605344650639,-0.0666575299440762,-0.141075238187734,0.00768482364773381,-0.00603136432131178,-0.00227399338584521
0.0619464608235433,-0.328734684207322,-0.0645972325599496,-0.163249289683903,0.00836484295995894,-0.00603191430182673,-0.00303324169287765
0.105654346626407,-0.280795657428,-0.0625856037708937,-0.185659377346837,0.00910304452785978,-0.00604633167390829,-0.00370467330425794
0.151590643262671,-0.232066311443062,-0.0606627963996484,-0.20824865341045,0.00988655359284918,-0.00607720855128358,-0.00426099254453334
0.199718815517393,-0.182867025114518,-0.0588691060392179,-0.230950957844704,0.0106976789039817,-0.00612269273972676,-0.00467590801363064
0.250029927193612,-0.133567567571906,-0.0572390816288334,-0.253679546227048,0.0115153118831576,-0.00617598743900768,-0.00492573739288096
0.302572000328826,-0.0845963422274598,-0.0557956133488149,-0.276318191972584,0.012316897778852,-0.00622565440155924,-0.00499121167453355
0.35747287626714,-0.0364521607740321,-0.0545463912794796,-0.298718864213774,0.0130801373467092,-0.00625686660480741,-0.00485917850095218
0.414941339292734,0.0102830392521904,-0.0534847488291288,-0.320708644290857,0.0137834095577744,-0.00625346089347184,-0.00452388584284554
0.475231777892702,0.0549354841840212,-0.052595421398466,-0.342105406274748,0.0144042170186756,-0.006200343013175,-0.00398765008853811
0.538563909074894,0.0967440735597867,-0.0518636952250133,-0.362738367858318,0.0149157701919294,-0.00608566756879216,-0.00326093791484949
0.605000714908043,0.134890833151931,-0.0512847358648439,-0.382467509379905,0.0152829071093276,-0.00590234238793623,-0.00236211149226334
0.674303422800212,0.168569767374489,-0.050869358968794,-0.401195930150817,0.0154594894017523,-0.00564872077296312,-0.00131718944410323
0.745799840259081,0.197098446124893,-0.0506434028527918,-0.418871332026276,0.0153897898914939,-0.00532865446632367,-0.000159905000137454
0.818316106515459,0.220057785202208,-0.0506400059149289,-0.43547629992532,0.0150157883395513,-0.00495118495091259,0.00106789281026222
0.89022063856445,0.237419252139268,-0.0508870557291064,-0.451010861049376,0.0142904373907553,-0.0045299553406265,0.00231579568501383
0.959599574679384,0.249600227237418,-0.0513949927016747,-0.465473207392026,0.0131940367348136,-0.00408202113131443,0.0035250111833548
1.02452527838867,0.257400550461227,-0.0521513279543063,-0.478843288466598,0.0117480128870518,-0.00362544646521833,0.0046300263251506
1.08332202311901,0.261826715290505,-0.0531256939015926,-0.491068992406011,0.010019654193386,-0.00317533823132569,0.00556248263377332
1.13472325295318,0.26387782813043,-0.0542828899999847,-0.502050081558293,0.00811415131089705,-0.00273898333926733,0.00625737209672748
1.17787512261906,0.264393698050742,-0.0555950026390565,-0.511617341411071,0.00615572342396119,-0.00231200721232475,0.00666071840746215
1.21223272518402,0.264018949859295,-0.05704316233428,-0.519514360602581,0.00426445371716122,-0.00187786822968878,0.00673701380971903
1.23744587509471,0.263253381684692,-0.0586070435633506,-0.525398026280227,0.00253677166991102,-0.00141178927321644,0.00647431197122957
1.25330517769896,0.262510366295074,-0.0602504377753559,-0.528870093278318,0.00103498925015385,-0.000887940098168998,0.00588538383355476
1.25975112893512,0.262126767988565,-0.0619152012426981,-0.529535673240607,-0.000213055539492832,-0.000286944745468285,0.0050046858112434
1.25690142048451,0.262326585777863,-0.0635299466236323,-0.527067728264923,-0.00120694689223057,0.000399101732230852,0.00388243779342097
1.2450522450791,0.263179764199929,-0.0650293060653905,-0.521252811208617,-0.00196365859736451,0.00116519123580954,0.00257795931710827
1.22463875126916,0.264594624520429,-0.0663728020482533,-0.512003690580183,-0.00250856782557544,0.00199471986737565,0.00115414828719395
1.19616591815672,0.266355670672685,-0.0675528569852638,-0.499339665640157,-0.00286987294268901,0.00286195384351508,-0.000326000623403175
1.16013050660559,0.268195131535598,-0.0685868357439345,-0.483345780351135,-0.00307693277349283,0.00373450520568331,-0.00180094115440461
1.11695284898508,0.269877115769752,-0.0694943455499747,-0.464125301333319,-0.00316170059675591,0.00457572935604168,-0.00321089021316544
1.06693353047652,0.271273154324827,-0.0702664250655899,-0.441758768786524,-0.0031616432641061,0.00534778748736096,-0.0044978285871347
1.01024801642788,0.272410017090993,-0.0708375652730827,-0.41628099842739,-0.00312210659501401,0.00601623274679305,-0.00560608766428807
0.946988785387421,0.273473276281296,-0.0710740154668976,-0.387684962003803,-0.00309598158722512,0.00655622820938522,-0.0064842549990005
0.877253727048774,0.274757252497806,-0.0707899225943789,-0.355956044988025,-0.00313908476630743,0.00695910073066951,-0.00708872614246062
0.801259463349235,0.276568407115707,-0.069793484327822,-0.321129529808637,-0.00330131487535981,0.00723658918417374,-0.00738846885793952
0.719437066415871,0.279112209699524,-0.067949514746089,-0.283350676853453,-0.00361614086738144,0.00741998233748932,-0.00736960280471293
0.632463238740805,0.28240895157994,-0.0652313905799451,-0.242909414442661,-0.0040928606869444,0.00755312711515413,-0.00703784664401323
0.541205372400613,0.286275617787444,-0.0617363532282389,-0.200229991207092,-0.00471549992124058,0.0076813251979637,-0.00641743565716037
0.446603483732649,0.290378677386852,-0.0576565840259423,-0.15581873710636,-0.00544897266216303,0.00784029346895557,-0.00554670220816126
0.349544852429338,0.294328023870116,-0.0532219240685855,-0.11019513820705,-0.00624943319482032,0.00804894509143098,-0.00447208964948529
0.250785746916304,0.297768846954522,-0.0486417417337089,-0.0638369747279172,-0.00707426849195835,0.00830726343110223,-0.00324285122030689
0.150943683808109,0.300439516452111,-0.0440681214552904,-0.0171571058924665,-0.00788845563418623,0.00859809644133515,-0.00190793475960079
0.0505422692040621,0.302184657396956,-0.0395884746159349,0.029492970528203,-0.00866645946304087,0.00889087120669889,-0.000515216575854593
-0.0499388295166243,0.302928263480626,-0.0352434448810017,0.0758147957754999,-0.0093906810442236,0.00914591022944,0.000887874847935534
-0.150042126432582,0.302618388169652,-0.0310603048368937,0.121565875365147,-0.010047992226639,0.00931904586831023,0.00225344921026391
-0.249323293096969,0.301159895255909,-0.0270904753912278,0.166565347100702,-0.0106257238470803,0.00936676505376787,0.00353235667853714
-0.347323823299144,0.298357634508423,-0.0234385160656508,0.210684589327107,-0.0111084894673547,0.00925230256601874,0.0046736984475658
-0.443526685513032,0.293896030174791,-0.0202691794975755,0.253817880055362,-0.0114773534034932,0.00895281483493698,0.0056254269767774
-0.537319941657345,0.287376574315004,-0.0177831008465976,0.295839249162943,-0.0117123986746732,0.00846659275470163,0.00633700956498044
-0.627991535164408,0.278417505869352,-0.0161630587371254,0.336556773890055,-0.0117984492665485,0.00781764654099877,0.0067644008083927
-0.714765192422234,0.266789034496073,-0.0155094397367652,0.375681101319675,-0.0117318421567551,0.00705435666578547,0.0068762976804979
-0.796868881150363,0.252527226342579,-0.0157956153174734,0.412826056235499,-0.0115247964898861,0.00624055650267907,0.00665954573931361
-0.873610320928913,0.235967138927115,-0.016868406015824,0.447548229067609,-0.0112044863870588,0.00544106979819063,0.00612151816079619
-0.944430889563633,0.217673868489883,-0.0184944020864697,0.479413218158394,-0.0108065796660607,0.00470688850862094,0.00528863603763898
-1.00892395322833,0.198305615574232,-0.0204268368831647,0.508063061596232,-0.0103659755441674,0.00406525220414287,0.00420206357373339
-1.06682449577453,0.178475269499424,-0.0224599736098258,0.533262095105352,-0.00990859357621702,0.00351693291110283,0.0029126325097525
-1.11798806830428,0.158669516732164,-0.0244511730298101,0.554911960765783,-0.00944693141708194,0.00303959346260282,0.00147674000401886
-1.16237334913354,0.139253934629838,-0.0263111735204411,0.573038276381276,-0.008980100535902,0.00259447444867876,-4.60662930041288e-05
-1.2000303073004,0.120563154013862,-0.0279770954667375,0.587754800582105,-0.00849766215037953,0.00213415639826975,-0.00159405641237858
-1.23108408898124,0.103054239568801,-0.0293866598836063,0.59920875721791,-0.00798631593788816,0.00161057248531038,-0.00310362324881764
-1.25569891661897,0.0874785726784205,-0.0304690411323439,0.607511302046589,-0.00743892121101825,0.000983477709427079,-0.00450984570981914
-1.27400869136513,0.0749906007889895,-0.031160364354546,0.612666177969755,-0.00686549896813525,0.000229398534555866,-0.00574797178016876
-1.28601341576072,0.0670704836174766,-0.0314402771171478,0.614524943208113,-0.0063044103484615,-0.000650315301867241,-0.00675585379039712
-1.29146730154416,0.0651461354197447,-0.0313711930804213,0.612802674662925,-0.00582782776096738,-0.00162529345644958,-0.00747682164895932
-1.28982571524608,0.0699423038043924,-0.0311107711621874,0.607163525400549,-0.00553131245611728,-0.00263884594083923,-0.0078629725303785
-1.28034230788576,0.0808584019085557,-0.0308745158051267,0.597337840841182,-0.00550133097171785,-0.00361856921650365,-0.0078802904398662
-1.26234399672903,0.0958462356527962,-0.0308565801216945,0.583209279923035,-0.00577294592824471,-0.00449290436303727,-0.00751653172976202
-1.23555560409823,0.112006147811954,-0.0311541511908572,0.564842539926914,-0.006307547967441,-0.0052089051399654,-0.0067885456274994
-1.20026181693711,0.126565357531347,-0.0317447893244825,0.54246773859236,-0.00701020579097728,-0.00574456578522617,-0.00574275782498612
-1.15721776397027,0.137635745013392,-0.0325256558749087,0.51644455225757,-0.00777325655837756,-0.00611059044142695,-0.00444674796454675
-1.10741437827414,0.144429650793981,-0.0333798679180709,0.487214666006979,-0.00851518607609864,-0.00634223804063456,-0.00297670775323042
-1.0518606670619,0.147040426084239,-0.0342283093235412,0.455250150322563,-0.0091963067570157,-0.00648693857656621,-0.00140708234266098
-0.991465468478191,0.146062460158668,-0.0350476574548302,0.421012057410157,-0.00981324294087104,-0.00659343794665796,0.000194846030887577
-0.927013787670842,0.14224845822059,-0.0358580715277706,0.384930433745733,-0.0103832872573392,-0.00670489741340789,0.00177019802390551
-0.859199543635584,0.136275079831474,-0.0366937151922328,0.347406398797854,-0.0109279519692289,-0.00685537269990947,0.00326755858332573
-0.788681138090522,0.128616154945828,-0.0375698736638951,0.308828873979273,-0.0114604918002716,-0.00706800775184864,0.00464159266907625
-0.7161386257157,0.119504718835472,-0.0384583670113043,0.269595964862346,-0.0119791552887891,-0.00735369584102286,0.00585234674564487
-0.642317980848964,0.108968245383283,-0.0392803116676881,0.230131429407025,-0.0124665967119044,-0.00771001999904768,0.00686585632091449
-0.568049999226802,0.0969211797710058,-0.03992054456901,0.190888236415832,-0.0128949795465285,-0.00812127309169421,0.00765617146427047
-0.494235102332197,0.0832876882170775,-0.0402599802369531,0.152334712348829,-0.0132349632563519,-0.00856069200364642,0.00820826423736963
-0.421794775498053,0.0681137516054736,-0.0402132900934709,0.114925173316192,-0.0134652764698625,-0.00899537024880791,0.00852063399735084
-0.351602434029907,0.0516272940229213,-0.0397554822788534,0.0790639178353306,-0.013579136818109,-0.0093929092068171,0.00860621647406948
-0.284412792480232,0.0342260748894787,-0.0389263502676201,0.0450739112518829,-0.0135852377765344,-0.00972770348017654,0.00849074757825025
-0.220804754475882,0.0164052596997104,-0.0378134330391305,0.013177129391164,-0.0135037130828923,-0.00998477244197728,0.00820878227350461
-0.16114387863959,-0.0013400761704634,-0.0365240119672283,-0.0165132865093809,-0.0133596389919878,-0.0101602444144531,0.00779846455668566
-0.105566997728115,-0.0185994941740328,-0.0351589114101367,-0.0439913653653989,-0.0131770042648409,-0.0102590743711478,0.00729644867522524
-0.0539938951769404,-0.0350941564652039,-0.0337963337301798,-0.0693469471933464,-0.0129749624462839,-0.0102914488356336,0.00673413421875302
-0.00616925819687475,-0.0506813483026583,-0.0324872017926826,-0.092743304854373,-0.0127666506948047,-0.0102693489079572,0.00613581956015101
0.0382733557819734,-0.065328383265705,-0.0312586289064771,-0.114386706972644,-0.0125598157311817,-0.0102041632876618,0.00551868855007916
0.0797447276403564,-0.0790747871819846,-0.0301207301918987,-0.134495908508504,-0.0123582100924151,-0.0101055198882459,0.0048939944307151
0.118648020700824,-0.0919980360698041,-0.0290732334668896,-0.153279139297114,-0.0121629963237024,-0.00998102386085269,0.00426865897023516
0.155348256769782,-0.104189544817037,-0.0281103682793371,-0.170921252677011,-0.0119738216892091,-0.00983647222136786,0.00364673398817732
0.190160032273592,-0.115740783904261,-0.0272239382640837,-0.187579301763511,-0.0117895255039286,-0.00967622564201259,0.00303050257333419
0.223346750640108,-0.12673661606658,-0.0264050457690431,-0.203383292513834,-0.0116085641714092,-0.00950357213703749,0.00242121965268428
0.255125519809423,-0.137252891008695,-0.0256449756453153,-0.218439359326401,-0.0114292533582379,-0.00932102413776533,0.00181957708889876
0.285674009971954,-0.147356216014769,-0.024935606558158,-0.232833657730002,-0.0112499025571836,-0.00913054255312041,0.00122598423743771
0.315137362006461,-0.157104679922054,-0.0242695756938034,-0.246636122748649,-0.0110688900364295,-0.00893369977738444,0.00064073335243136
0.343634345188211,-0.166548891375952,-0.0236403230548264,-0.259903758193678,-0.0108847062572771,-0.0087317966501428,6.40958818683229e-05
0.371262537168248,-0.175733028744798,-0.0230420817744546,-0.272683383334721,-0.0106959814311074,-0.00852594614302606,-0.000503621854755357
0.398102556895125,-0.184695775487886,-0.0224698477425561,-0.285013875631267,-0.0105015056995234,-0.00831713329619254,-0.0010620466105623
0.424221475977606,-0.193471100970206,-0.0219193442452455,-0.296927985341274,-0.0103002463916281,-0.00810625807760875,-0.00161071985624738
0.449675552271013,-0.202088885427279,-0.0213869882589467,-0.308453800640657,-0.0100913645766682,-0.00789416569925524,-0.00214908740613022
0.474512417268146,-0.210575403328032,-0.0208698604582751,-0.319615931776673,-0.00987423186894705,-0.0076816674155618,-0.00267649378161712
0.498772827351237,-0.21895368425754,-0.0203656787215021,-0.330436469344641,-0.00964844769908027,-0.00746955379878985,-0.00319217953275339
0.52249206626848,-0.227243770543888,-0.0198727738296074,-0.340935758579668,-0.00941385680050626,-0.00725860180406443,-0.00369528059774406
0.545701066637669,-0.235462889472461,-0.0193900655535547,-0.351133020409331,-0.00917056633551651,-0.00704957649509184,-0.00418482930092935
0.568427302000609,-0.243625556180973,-0.0189170371367488,-0.361046840886836,-0.00891896184061442,-0.00684322803620235,-0.00465975689805779
0.590695488276138,-0.251743621918194,-0.0184537061608613,-0.370695543613025,-0.00865972097431591,-0.00664028441727544,-0.00511889776340882
0.612528124113959,-0.259826281522107,-0.0180005898741741,-0.380097454720038,-0.0083938238906081,-0.00644144033251786,-0.00556099542414084
0.633945892524917,-0.267880053500376,-0.0175586632601459,-0.389271066458522,-0.00812255895034419,-0.0062473426662854,-0.00598471069402323
0.65496794119508,-0.275908745980556,-0.0171293084271558,-0.398235103414535,-0.00784752243046166,-0.00605857312865185,-0.00638863216092788
0.675612056031218,-0.283913422009213,-0.0167142543120333,-0.407008494889593,-0.00757061091079482,-0.00587562871224774,-0.00677128925217355
0.695894740621403,-0.291892377702286,-0.0163155062361033,-0.41561025754505,-0.00729400513911473,-0.00569890080085693,-0.00713116802469483
0.715831213828821,-0.299841146622836,-0.015935265517512,-0.424059294194865,-0.00702014440559584,-0.00552865392461487,-0.00746672971920189
0.735435338167185,-0.307752543168978,-0.0155758401178347,-0.432374117339835,-0.00675169081133879,-0.00536500530737723,-0.0077764319774618
0.754719492475704,-0.315616756427561,-0.0152395481530502,-0.440572509335757,-0.00649148329446918,-0.0052079064669262,-0.00805875245287513
0.773694403778831,-0.323421503861944,-0.014928616967537,-0.448671134788071,-0.00624248186299741,-0.00505712818121108,-0.00831221436303799
0.792368954503548,-0.331152251182517,-0.0146450812861589,-0.456685124340532,-0.0060077031494922,-0.00491225010437662,-0.00853541334797989
0.810749982050847,-0.338792500785822,-0.0143906846361649,-0.464627651981369,-0.00579014910223366,-0.00477265618890485,-0.00872704482612695
0.828842088163313,-0.346324146556582,-0.0141667886681707,-0.472509530020681,-0.00559273129405323,-0.00463753683429407,-0.00888593090605304
0.846647475100098,-0.353727887787381,-0.0139742951244062,-0.480338846478459,-0.00541819389690602,-0.00450589834488441,-0.00901104582942096
0.864165824033393,-0.360983689823362,-0.0138135849411336,-0.488120668409382,-0.00526903876745463,-0.00437657985836885,-0.00910153890365905
0.881394228663329,-0.368071274426928,-0.0136844782984389,-0.495856831729822,-0.00514745625028576,-0.00424827743023793,-0.00915675394547303
0.898327193636953,-0.374970619170643,-0.0135862183684293,-0.503545833393574,-0.00505526519278468,-0.00411957447161518,-0.0091762443964612
0.914956703265243,-0.381662442905693,-0.0135174801303697,-0.511182835651381,-0.00499386526520377,-0.00398897728531428,-0.00915978348268534
0.931272361667479,-0.388128653890262,-0.0134764040339183,-0.518759785187923,-0.00496420401175026,-0.00385495407379354,-0.00910736905445393
0.947261600913985,-0.394352738547678,-0.0134606526495209,-0.526265642669607,-0.004966760179285,-0.00371597554503148,-0.00901922303644375
0.962909949718108,-0.400320072156744,-0.0134674869089658,-0.533686711500282,-0.00500154385822683,-0.00357055514222264,-0.00889578571506333
0.978201351866797,-0.406018137722097,-0.0134938572654,-0.541007048901644,-0.00506811292535699,-0.00341728698145441,-0.00873770536134118
0.993118521112719,-0.411436645386773,-0.013536504216545,-0.548208938286234,-0.00516560430125724,-0.00325487978940049,-0.00854582390987313
1.00764331787492,-0.416567551496659,-0.0135920622165586,-0.555273399580745,-0.00529277771664701,-0.00308218546418524,-0.00832115957093181
1.02175713270398,-0.421404983134521,-0.0136571610763728,-0.562180713681415,-0.00544806909028509,-0.0028982213001224,-0.00806488733599134
1.03544126210337,-0.425945080043831,-0.0137285194895277,-0.568910938485385,-0.00562965029559168,-0.00270218537497931,-0.00777831834633828
1.04867725199959,-0.430185772821018,-0.0138030261878762,-0.575444394538071,-0.00583549201498071,-0.00249346426309783,-0.00746287901414252
1.06144725424385,-0.43412650863216,-0.013877805706279,-0.581762113639483,-0.00606342666423707,-0.00227163727323145,-0.00712009082939573
1.07373427783193,-0.437767961504774,-0.0139502665156258,-0.587846219308334,-0.00631120865873682,-0.00203647048857727,-0.00675155128856411
1.08552243412488,-0.441111735678751,-0.0140181311981196,-0.593680248924433,-0.00657656981025307,-0.00178790874656645,-0.00635891669346548
1.09679712078097,-0.444160086858022,-0.0140794493212046,-0.599249404494397,-0.00685726832814993,-0.00152606318983802,-0.00594388707533354
1.10754515217276,-0.446915676665406,-0.0141325947829571,-0.604540732626118,-0.00715113041630762,-0.00125119621957975,-0.00550819349024566
1.11775483601283,-0.449381372243192,-0.0141762502178971,-0.609543235279171,-0.00745608400246788,-0.000963704987211147,-0.00505358778788206
1.12741599739639,-0.451560098309972,-0.0142093815909198,-0.614247914809892,-0.0077701845746232,-0.000664104469428133,-0.00458183485391019
1.13651995254868,-0.453454744418334,-0.0142312063723802,-0.618647758089644,-0.00809163342505668,-0.0003530110334697,-0.00409470724751256
1.14505943522688,-0.455068126069993,-0.0142411587072882,-0.622737665114108,-0.00841878881493068,-3.1127232438904e-05,-0.00359398209864587
1.15302847907881,-0.456402995047501,-0.0142388548095699,-0.626514327684226,-0.00875017068503296,0.000300771611877784,-0.0030814400887061
1.16042225934801,-0.457462091947531,-0.0142240614785845,-0.62997606353806,-0.00908445957317327,0.000641848667347582,-0.00255886630920362
1.16723689719929,-0.458248232449781,-0.0141966701986342,-0.633122610859237,-0.00942049037972364,0.000991214500166302,-0.0020280527736747
1.17346922970855,-0.458764418207325,-0.0141566787849899,-0.635954887494801,-0.0097572415734382,0.0013479336115025,-0.00149080234686296
1.17911654839755,-0.45901396321812,-0.014104182013095,-0.638474718629627,-0.0100938203736486,0.00171102873609536,-0.000948933845072508
1.18417630915998,-0.459000626901546,-0.0140393721292619,-0.640684536165555,-0.0104294443962839,0.00207948317796016,-0.000404288053058885
1.18864581661289,-0.458728745646056,-0.0139625495995826,-0.642587052733358,-0.0107634202201056,0.00245224158299799,0.000141265604888346
1.19252188643999,-0.458203355153911,-0.0138741439078575,-0.644184913226358,-0.0110951193244715,0.00282820965771308,0.000685822013184716
1.19580049021783,-0.45743029637438,-0.0137747436575448,-0.645480327050942,-0.0114239518741853,0.00320625343645737,0.00122743322190685
1.19847639577291,-0.456416294016211,-0.013665135048407,-0.646474682292651,-0.0117493394633238,0.00358519725644605,0.00176410128225887
1.20054277234555,-0.455169024529528,-0.0135463450395407,-0.647168159842588,-0.0120706843933813,0.00396382880093003,0.00229377258081805
1.20199085116175,-0.453697114324455,-0.0134196899752252,-0.647559329102502,-0.0123873425244361,0.0043408966034309,0.00281433167301677
1.20280956853017,-0.45201012011456,-0.0132868235235938,-0.647644757923903,-0.0126985940267418,0.00471511620999508,0.00332359737054293
1.20298525076384,-0.450118453946206,-0.0131497816517776,-0.647418636318183,-0.0130036164298872,0.00508517794039331,0.00381932035386286
1.20250134889072,-0.448033254661623,-0.0130110201871549,-0.646872429748069,-0.0133014604628729,0.00544975842108257,0.00429918302067314
1.20133824835183,-0.445766188608352,-0.0128734388080259,-0.645994583237477,-0.013591030278725,0.00580753744490377,0.00476080231508684
1.19947314797119,-0.443329242284966,-0.0127403945169795,-0.6447702703314,-0.0138710684147462,0.00615721488988211,0.00520173489176132
1.1968800788285,-0.440734383752748,-0.0126156849152016,-0.643181256031715,-0.0141401490507235,0.00649753894912153,0.00561948750846455
1.19353003835742,-0.437993215055337,-0.0125035117889176,-0.641205847056503,-0.0143966793395257,0.00682733389829089,0.00601153075496772
1.18939127719259,-0.435116567431873,-0.0124084147728463,-0.638818973798221,-0.0146389109675553,0.00714553249302441,0.00637531771766465
1.18442974693312,-0.432114062419674,-0.0123351747371119,-0.635992417535897,-0.0148649629382593,0.00745121068607294,0.00670830760098058
1.17860971259131,-0.428993655935113,-0.0122886871127746,-0.632695196270055,-0.0150728562371026,0.00774362311264799,0.00700799436083226
1.17189452290957,-0.425761186807497,-0.0122738077530558,-0.628894115132258,-0.0152605603916671,0.00802223740505786,0.00727194012767175
1.16424751890018,-0.422419954803794,-0.0122951766173365,-0.624554477303399,-0.0154260511263461,0.00828676509339933,0.00749781285477141
1.15563304667685,-0.418970355304628,-0.0123570273441017,-0.619640939105304,-0.0155673773698104,0.00853718667977779,0.00768342723682505
1.14601752606739,-0.415409597849169,-0.0124629933521797,-0.614118479143398,-0.0156827348792324,0.00877376849013089,0.00782678753298493
1.1353705131877,-0.411731533257577,-0.0126159231310766,-0.607953437256586,-0.0157705428019689,0.00899706914971408,0.00792613053860468
1.12366568501487,-0.407926608737156,-0.0128177184971339,-0.601114566183778,-0.0158295187250739,0.0092079340101429,0.00797996662884903
1.11088166873122,-0.40398196233119,-0.013069209502243,-0.593574029006033,-0.0158587472956318,0.00940747656768093,0.00798711660161992
1.09700262716679,-0.399881666783012,-0.0133700802226075,-0.585308265454281,-0.0158577371701169,0.00959704676756015,0.00794674193358431
1.08201859646393,-0.395607065323258,-0.013718844377623,-0.576298680763537,-0.015826463201799,0.00977818724021674,0.00785836679877047
1.06592539437428,-0.391137275413068,-0.0141128972140554,-0.566532044037762,-0.0157653871044619,0.00995257916295486,0.00772188919165111
1.04872419895412,-0.386449725140035,-0.0145486222661518,-0.556000597431758,-0.0156754576717189,0.0101219805951284,0.00753758099831908
1.03042072481495,-0.381520735010418,-0.015021559106383,-0.544701821255304,-0.0155580881083592,0.0102881605170527,0.00730607614080367
1.01102402867977,-0.376326088687591,-0.0155266200080531,-0.53263785286909,-0.0154151119549944,0.0104528321014261,0.00702834731197002
0.990544984698675,-0.370841546519417,-0.016058341662847,-0.519814574656029,-0.0152487203563981,0.0106175885881002,0.00670567249658777
0.968994485879695,-0.365043258385509,-0.0166111553793642,-0.506240405959745,-0.0150613847860448,0.0107838446191973,0.00633959313962714
0.946381435608905,-0.358908037841861,-0.0171796579808374,-0.491924848147542,-0.014855770270571,0.0109527850698947,0.00593186630946609
0.922710591309139,-0.352413466471295,-0.0177588658801222,-0.476876839063402,-0.0146346445869784,0.0111253223765115,0.00548441347528156
0.897980310590273,-0.345537804196876,-0.0183444362608078,-0.461102972186531,-0.0144007888401045,0.0113020622277351,0.00499926857339283
0.872180229790849,-0.33825968654142,-0.0189328414630697,-0.444605627070286,-0.0141569143517968,0.0114832763448596,0.00447852791745075
0.845288876940328,-0.330557591890092,-0.0195214849707911,-0.427381042011156,-0.0139055900434082,0.011668880002996,0.00392430428081871
0.817271187106802,-0.322409059283682,-0.0201087491683253,-0.409417338627377,-0.0136491836380919,0.0118584109652685,0.00333868723488682
0.78807584969606,-0.313789629036131,-0.0206939655645732,-0.390692483122721,-0.01338981924033,0.0120510055860297,0.0027237116943444
0.757632374914922,-0.304671463121178,-0.0212772967084078,-0.371172141869903,-0.0131293533539056,0.0122453669105992,0.00208133673827051
0.725847720038443,-0.295021578038279,-0.0218595146288815,-0.350807360895678,-0.0128693713727739,0.0124397185318554,0.00141343732591682
0.692602266798653,-0.284799587912915,-0.0224416520457712,-0.32953197282868,-0.0126112072690374,0.0126317365760554,0.000721812813136194
0.657744890335267,-0.27395480679339,-0.0230244879634907,-0.307259614488411,-0.0123559909247766,0.0128184502839446,8.21863150938617e-06
0.621086817656799,-0.262422493925851,-0.023607805680641,-0.283880234249699,-0.0121047308229612,0.012996099031024,-0.000725568078026297
0.582393962534594,-0.250118942631526,-0.0241893243946063,-0.259256002326146,-0.0118584454204621,0.0131599302644688,-0.0014776303581253
0.541377502924001,-0.236935018048186,-0.024763149510492,-0.233216657954448,-0.0116183657176266,0.0133039192402329,-0.00224570902041855
0.497682771991475,-0.222727669550052,-0.0253175052792593,-0.205554639298006,-0.0113862460612551,0.0134203897114486,-0.00302686138913079
0.450877345685386,-0.207308963885987,-0.0258314070725286,-0.176021048394657,-0.0111648417635074,0.0134995210856529,-0.00381688907914515
0.400441073411285,-0.190432523149721,-0.026269830230258,-0.144324974534138,-0.0109586398170675,0.0135287581256593,-0.00460938413180262
0.345764609158374,-0.171778408266415,-0.0265769655182735,-0.110141484222087,-0.0107749508477402,0.0134922310895085,-0.00539416385574923
0.286169706889215,-0.150940444643782,-0.026667698161894,-0.0731380861596095,-0.0106254404207862,0.0133705198871788,-0.00615479665430908
0.220973468182594,-0.127426187901543,-0.0264193977064229,-0.0330345406531573,-0.0105279701367065,0.0131415554048756,-0.00686498383179342
0.149622994917803,-0.100689872090663,-0.0256708810600133,0.0102896595659,-0.010507988507547,0.0127841440060363,-0.00748404581085581
0.0719076861028843,-0.0702286004409408,-0.0242434128323435,0.0566465515508663,-0.0105974515398896,0.0122860063577035,-0.00795307541384904
-0.0118079475514387,-0.0357654666627142,-0.0220034835007276,0.105410830233773,-0.0108279002102625,0.0116567110017069,-0.00819540313615504
-0.100477523325034,0.00250573484271469,-0.0189704632618166,0.155534405055724,-0.011215419111371,0.0109405129038389,-0.00812609344586398
-0.192542797390151,0.0437342740901448,-0.0154180938277313,0.205799378806462,-0.0117420616806101,0.0102169732667181,-0.00767176009544095
-0.286341569476361,0.0864624299142226,-0.0118662421841363,0.25520939737923,-0.0123482386165156,0.00957848994643775,-0.0067933579926455
-0.380457117467302,0.128973772212316,-0.00890665110226079,0.303214718165718,-0.0129499018686249,0.00909109274937418,-0.00549875130949132
-0.473723239795249,0.169751258447401,-0.00695852991861765,0.34955864325196,-0.0134755033484898,0.00876259874732683,-0.00383855938675507
-0.564931429359657,0.207761831988584,-0.00612631911073422,0.393885791716892,-0.0138995753849664,0.00853546391671571,-0.00189233586165999
-0.652549372017421,0.242475335204037,-0.00622559813847627,0.435449067638518,-0.0142538712057954,0.00829795355012011,0.00024307752417943
-0.734700488473839,0.273747371160264,-0.00690285254319027,0.473129117977456,-0.0146139700085906,0.00789728387816195,0.00245693454608061
-0.809446233406658,0.301714146494096,-0.00775489329167106,0.505772360453005,-0.0150688644343241,0.00715040598644332,0.00462035280471827
-0.875264256028429,0.326705683197553,-0.00842324262173989,0.532728413813795,-0.0156823146047693,0.00586658859625229,0.00657907925248888
-0.931510068508613,0.349035475653511,-0.00869037766172369,0.554350030996745,-0.0164591635970152,0.00390347411894887,0.0081516736686975
-0.978521967344466,0.368518048075901,-0.00857668182055678,0.572044513052493,-0.0173395441704128,0.00125766548128939,0.00914569652444273
-1.01705389842866,0.383830113646495,-0.00835534205230686,0.587495930624369,-0.0182386335635626,-0.00186406728731135,0.00940114397324988
-1.04722991065642,0.392253582958137,-0.00839279179127646,0.601346345559245,-0.0191053950060971,-0.00508393071444518,0.00884783257651093
-1.06789064893768,0.390392521460186,-0.00887766849395778,0.612494972163391,-0.0199265561152329,-0.00801747593862141,0.00753597944555435
-1.07695940697587,0.375930434836197,-0.00965428411937955,0.618790636506191,-0.0206445177375086,-0.0104354270227621,0.00561265402224504
-1.07240705358643,0.349897619812159,-0.0103076275723571,0.618370496924089,-0.0210845155185843,-0.0122937086636193,0.00326781929002762
-1.05306460808595,0.317967569078231,-0.0104676139078665,0.610364071613574,-0.0210300480580283,-0.0136578337529383,0.000695865770033493
-1.01890531014675,0.288459252367119,-0.0101261113134788,0.594618070308724,-0.0204054939053945,-0.0146372383161776,-0.00190783493149959
-0.970566130459894,0.267554551159555,-0.00965562030060928,0.570992218314995,-0.0193364330417019,-0.0153683165317103,-0.00433371783378543
-0.908443566419582,0.256190788402884,-0.00947073143381133,0.538876923196633,-0.018041391056474,-0.0159899079663238,-0.00635750766622589
-0.83241300708594,0.250838241734332,-0.00963676227090578,0.497338877094157,-0.0167386116456361,-0.0165808654155573,-0.00776360486046673
-0.742676478914376,0.246385612649233,-0.00975583706336023,0.445955343488915,-0.015625674448763,-0.0171027513241749,-0.00839055679564918
-0.640935731151604,0.239040322596162,-0.00925556837511437,0.385728124503883,-0.014854238012958,-0.0174135299717295,-0.00818432012395669
-0.530541645114989,0.227796982135217,-0.00784445050644163,0.319090721237452,-0.0144891105599481,-0.0173624386595503,-0.00722102988791262
-0.415370387443801,0.213860698993868,-0.00568691135343392,0.248909034411978,-0.0145081279090164,-0.016886480255435,-0.00567304364845602
-0.29861765293099,0.199007335788565,-0.00318395592206141,0.177500340910933,-0.0148486354611815,-0.0160305607821397,-0.00374599437495777
-0.182532681519083,0.184393208812978,-0.000662555648651514,0.106454400913145,-0.015449512837156,-0.014903765927139,-0.00163329919626039
-0.068975478366877,0.170336303811439,0.00175896810670712,0.0370953194210851,-0.0162576502814194,-0.0136294726792531,0.000497714059942351
0.0399988622666773,0.15669669486007,0.0041140088272344,-0.0290608640613861,-0.0172111891335261,-0.0123170531323545,0.00250567888527243
0.142412762309304,0.143314955056127,0.00646116310927031,-0.0904885095499448,-0.0182309174077469,-0.0110452727866884,0.00428452295179131
0.23729033845559,0.130207054759292,0.00880462360452402,-0.146314874725512,-0.0192348122743555,-0.00985017024779422,0.00577669525350568
0.324768620887146,0.117586724813532,0.0110835405743486,-0.196463342028016,-0.020154838707496,-0.00872987923141935,0.00696333814341391
0.405331577610427,0.105861917463085,0.0131896592983929,-0.241218775748774,-0.0209400384737045,-0.00766241278470497,0.007840635205899
0.47935332550055,0.0955831091327271,0.0149968183065152,-0.28096288233837,-0.0215569096105796,-0.00661862753901628,0.00840876128983532
0.547113001785059,0.0873315900265023,0.0163970174969709,-0.316168334421918,-0.0219924907502679,-0.00556860229331063,0.00867259832968315
0.608909830033038,0.0815983896786574,0.0173298934208359,-0.347419181781233,-0.0222556995224747,-0.0044861650163578,0.00864441993816886
0.665114093783437,0.0786995969695432,0.0177953325899847,-0.375372630172778,-0.0223741919791757,-0.00335260286153705,0.00834476230917078
0.716141901911569,0.0787506280901117,0.0178471693036929,-0.400678758968827,-0.0223874328635614,-0.00215874759881177,0.00780129124055036
0.762388683788202,0.0816968781123141,0.0175736452616453,-0.423898218274561,-0.0223383333674094,-0.000904924076526598,0.00704652062126681
0.804159758972069,0.0873790571451225,0.0170740674393022,-0.445447757775061,-0.0222657359309924,0.000400908957982711,0.0061153065176986
0.841623151298785,0.0956042699384256,0.0164400751635873,-0.465584057950718,-0.0221989866197516,0.00174593261166417,0.00504275152217566
0.874794239460361,0.106197576199226,0.0157459691623878,-0.484420689884888,-0.0221547330173454,0.00311518936208365,0.00386279298036259
0.903551367582515,0.119017994877362,0.0150482676263027,-0.501965512456799,-0.0221354816308557,0.00449356897546749,0.00260746471311686
0.927677603788262,0.133933066441826,0.0143916816702075,-0.518165030415616,-0.0221294644739883,0.00586678403606847,0.00130666323224532
0.946923738767943,0.150755986632681,0.0138173771990845,-0.53294484296146,-0.0221118213202412,0.00722141926232311,-1.17963482031398e-05
0.961087143692447,0.16916027082148,0.0133693515020217,-0.546238803705967,-0.0220476618896084,0.00854437407703814,-0.00132201275899928
0.970096905407314,0.188599102219169,0.0130956733483155,-0.558003150789556,-0.0218977827001802,0.00982212560028736,-0.00259980369570254
0.97408776359402,0.208265206111699,0.0130431593574541,-0.568216090019533,-0.0216272319400529,0.0110402379275992,-0.00382244849651844
0.973439103813082,0.227122591961533,0.0132466240408376,-0.576868158515078,-0.0212154463089136,0.0121834487119765,-0.00496825100472071
0.968759161940568,0.24401711124298,0.0137163105803352,-0.583952334043334,-0.0206649987967293,0.0132364957468248,-0.00601584839708758
0.960812441751731,0.257836513099444,0.0144281167364025,-0.589462163802982,-0.0200054014971561,0.0141856461235833,-0.00694340067848275
0.950411581769739,0.267665760070007,0.015320076917826,-0.593399934198685,-0.0192897805922526,0.015020706025387,-0.0077280733252979
0.938307311247405,0.272888961786177,0.0162962056728007,-0.595788461320965,-0.0185849719358597,0.0157371312466541,-0.00834635938228329
0.925103674146145,0.27322012389042,0.0172369969259752,-0.596675611102214,-0.0179579850284961,0.0163377095625337,-0.00877561072965209
0.911208784863612,0.26867621713535,0.0180151828075804,-0.596123853639431,-0.0174626678612985,0.0168331867686845,-0.00899668716171817
0.896818597211641,0.259518559260621,0.0185147620961531,-0.59418612839415,-0.0171298979307555,0.0172413048025934,-0.00899709366446185
0.8819282559751,0.246183072164945,0.0186499210862068,-0.590878239125454,-0.0169634174663604,0.01758414377698,-0.00877363190448588
0.866367213539143,0.229209711239064,0.0183790739729301,-0.586161242007041,-0.016941900106673,0.0178843166289857,-0.00833364960798168
0.849853344425862,0.209176097254078,0.017709625718879,-0.57994280629,-0.0170261475441723,0.0181610962428362,-0.00769445379197606
0.832056852023157,0.18664046202811,0.0166918989207418,-0.572097240174204,-0.0171689261915045,0.0184275918977378,-0.00688113290238532
0.812661268967629,0.162099647875239,0.0154045634251855,-0.562495678411697,-0.017324503869401,0.0186895923665205,-0.00592354634903381
0.791410142940713,0.135965835331307,0.0139365708978053,-0.551035324698811,-0.0174556345007052,0.0189459889763933,-0.00485334925989883
0.768133597263449,0.108561589765282,0.0123708054920497,-0.53765976148443,-0.0175370767942295,0.019190195731199,-0.00370166710238546
0.742755419390909,0.0801292089408297,0.0107729284122341,-0.522367898298126,-0.0175559690756468,0.0194118780975646,-0.0024976487708715
0.715285640833512,0.0508488069881114,0.00918658659745755,-0.505213633536159,-0.0175100545918368,0.0195984958740422,-0.00126781984671477
0.685804875378514,0.0208599860543947,0.00763435845362352,-0.486300199902503,-0.017404847606538,0.0197364570487642,-3.60100387628116e-05
0.654445807942248,-0.00971666721268472,0.00612288111343521,-0.465772798746558,-0.0172505915224114,0.0198119159900315,0.00117638956239709
0.621375453062942,-0.040760607989146,0.0046503739074107,-0.443811635221058,-0.0170595357850856,0.0198113748335621,0.00235003860762612
0.586780069513874,-0.0721362662329783,0.00321490586753423,-0.420625847690256,-0.0168437918682464,0.0197222716043148,0.00346727034417407
0.550853354468825,-0.103682810882274,0.0018219876104922,-0.396447644449934,-0.0166138596642179,0.0195336943464456,0.00451181923469914
0.513787809578573,-0.135209515942702,0.000490286482757989,-0.371525418382956,-0.016377824772508,0.0192372763541689,0.00546871332770305
0.475768859089123,-0.166497353745592,-0.000745511717528225,-0.346114709965595,-0.0161411768421378,0.0188282252145116,0.00632436360469742
0.436971244860579,-0.197307028526665,-0.00183534668826883,-0.320466540673733,-0.0159071572369351,0.0183063378940163,0.00706685231528266
0.39755728006222,-0.227392834378037,-0.00271807098879007,-0.294813669810614,-0.0156774956663346,0.0176767799970838,0.0076863845614262
0.357676610085936,-0.256520548708544,-0.00332881058471814,-0.269356452299799,-0.0154533448485394,0.0169503877904002,0.00817582461383898
0.317467154641553,-0.284486393147507,-0.00360806535423992,-0.244250800087499,-0.0152361902931651,0.0161433083215684,0.00853120203249311
0.277056886407539,-0.311133420944759,-0.00351066078736059,-0.219600881487925,-0.0150285231713178,0.0152759250451827,0.0087520592494163
0.236566067618535,-0.336361970566499,-0.00301258531925988,-0.195458430109254,-0.0148341294857188,0.0143711895057019,0.00884153468370777
0.196109552964385,-0.360132150711218,-0.00211426352124827,-0.171829040865916,-0.0146579553734282,0.0134526334605308,0.00880613264547743
0.155798797819465,-0.382458295133684,-0.000839775142942985,-0.148684123869888,-0.0145056214798745,0.0125424112149994,0.00865520509703268
0.115743281321552,-0.403397228268732,0.000767425076730936,-0.12597590346618,-0.0143827395730673,0.0116596924134459,0.0084002335467247
0.0760511464319859,-0.423033350576438,0.00265098162268949,-0.103652418125577,-0.0142942088561431,0.0108196107295783,0.00805403029192845
0.0368289567815333,-0.441463704311364,0.00474875294181019,-0.0816699264421133,-0.0142436405693454,0.0100328253155334,0.00762997160551625
-0.00181944986890719,-0.458785478118014,0.00699923742852967,-0.0600011369002362,-0.0142329998125878,0.00930562307736186,0.00714134219922603
-0.0397948493237917,-0.475087335434319,0.0093464508389229,-0.0386388396314737,-0.0142624874474785,0.00864041286113309,0.0066008282010727
-0.0770052300482999,-0.49044474464569,0.0117429888666814,-0.0175954146053368,-0.014330638832031,0.00803644151006523,0.00602016138212979
-0.113368641329561,-0.504918831588532,0.0141513448853578,0.0031006795226064,-0.0144345806766837,0.00749058188576599,0.00540989546764891
-0.148816001591609,-0.518557716349941,0.0165438636849247,0.0234101618007502,-0.0145703820366559,0.00699808351121993,0.0047792887526157
-0.183293417415715,-0.531399240706717,0.0189017681505078,0.0432886917489542,-0.0147334368103619,0.00655322021935238,0.00413626894809677
-0.216763611545487,-0.543474113537352,0.0212136738810157,0.0626921348862851,-0.0149188269216912,0.00614980594802331,0.00348746179462923
-0.249206179512374,-0.554808766246874,0.0234739218619159,0.0815806552704379,-0.0151216306498483,0.00578157587986664,0.00283826988581496
-0.280616596995891,-0.565427521861538,0.0256809576702214,0.0999213196045152,-0.0153371568154445,0.00544244589761547,0.00219299035578096
-0.311004129010882,-0.575353966453098,0.0278358924422303,0.117689227872988,-0.0155611004717967,0.00512667112344375,0.00155495987117152
-0.340388976745089,-0.584611619287428,0.0299413076459897,0.134867431396854,-0.0157896274823732,0.00482892667613145,0.000926714355726867
-0.368799084907935,-0.593224107258448,0.0320003151130646,0.151446028249006,-0.0160194026525192,0.00454433278663339,0.000310150771640128
-0.396267010205885,-0.601215068927428,0.0340158532801508,0.16742083970447,-0.0162475787444103,0.00426844354580263,-0.000293320071332204
-0.422827151213906,-0.608607974064743,0.0359901857565639,0.18279200270604,-0.0164717626457242,0.00399721483230159,-0.000882637607727766
-0.448513509827026,-0.615425980645356,0.0379245643580278,0.19756270693869,-0.016689971689044,0.00372696310667442,-0.00145697679730702
-0.473358035313884,-0.621691888888553,0.0398190213078906,0.211738198728051,-0.016900589108882,0.0034543232541953,-0.00201565560256385
-0.497389519056594,-0.627428205565354,0.0416722612958226,0.225325091465123,-0.0171023239487656,0.00317621075179007,-0.00255806335543566
-0.520632961297069,-0.632657303111397,0.0434816309148801,0.238330967806032,-0.0172941778682868,0.00288979123987996,-0.00308360738209124
-0.543109315398221,-0.637401644440451,0.0452431494264667,0.250764230179694,-0.0174754193547867,0.00259245901859402,-0.00359167479254525
-0.564835519071475,-0.641684040625638,0.046951590106826,0.262634145508598,-0.0176455646758706,0.00228182493439782,-0.00408160645518247
-0.585824734405282,-0.645527909912904,0.0486006052447867,0.273951029260287,-0.017804364288831,0.00195571344856227,-0.00455268056568176
-0.606086734138259,-0.648957510237735,0.0501828903324961,0.284726518403611,-0.0179517931681349,0.0016121682372469,-0.00500410372844516
-0.625628385863649,-0.651998121643041,0.0516903842158201,0.294973888732491,-0.0180880434676506,0.00124946537055755,-0.00543500796201632
-0.644454197416508,-0.654676159139167,0.0531145021783458,0.304708377843762,-0.0182135180088598,0.000866132881203526,-0.00584445246784274
-0.662566891913642,-0.657019182351388,0.054446400863151,0.313947472905731,-0.0183288234626009,0.000460975422105298,-0.0062314294461279
-0.679968004188183,-0.659055876696424,0.0556772578505075,0.322711168081347,-0.0184347608645614,3.31019232919106e-05,-0.00659487283335205
-0.696658449433681,-0.660815832729082,0.0567985829067608,0.331022100405082,-0.0185323147515614,-0.000418044578028669,-0.00693367059741981
-0.712639075627343,-0.662329279654089,0.0578025298423404,0.338905606333521,-0.0186226379502528,-0.000892657884873696,-0.00724667922180398
-0.727911167498265,-0.663626698367294,0.0586822094868137,0.346389651320074,-0.0187070326198511,-0.00139054200755152,-0.00753274057245978
-0.742476888523148,-0.664738336421624,0.0594319897000172,0.353504626850391,-0.0187869271579727,-0.00191108924751479,-0.00779070072215532
-0.756339644990689,-0.665693638642852,0.0600477692038228,0.360283009491264,-0.018863849115923,-0.00245326517642513,-0.00801943034624697
-0.769504357638038,-0.666520613381604,0.0605272115067478,0.36675888362706,-0.0189393946129687,-0.00301560254846371,-0.00821784622924064
-0.781977628686539,-0.667245160327442,0.0608699255547826,0.372967337359242,-0.0190151950795324,-0.00359620590358841,-0.00838493333798749
-0.79376779542503,-0.667890390893532,0.0610775811095017,0.378943749140546,-0.0190928824738153,-0.00419276819100339,-0.00851976683920404
-0.80488486560928,-0.668475975816066,0.0611539492708393,0.384722990473347,-0.0191740543761402,-0.00480260016435396,-0.00862153337735073
-0.815340335077881,-0.669017556273027,0.0611048619791425,0.390338576960468,-0.0192602405440308,-0.00542267261479525,-0.00868955090164819
-0.82514689360576,-0.669526254074476,0.0609380885545631,0.395821805384252,-0.0193528725828901,-0.006049670751531,-0.00872328634308772
-0.834318030570632,-0.670008313075502,0.0606631320690117,0.401200917622808,-0.0194532583330327,-0.00668005926087706,-0.00872237049782654
-0.842867557303775,-0.670464897966709,0.0602909532181653,0.406500332780424,-0.0195625623889772,-0.00731015585580188,-0.008686609576021
-0.850809067405326,-0.670892068319701,0.0598336339305766,0.411739986617782,-0.0196817938578726,-0.00793621052956248,-0.00861599301747834
-0.85815535936972,-0.671280935805865,0.0593039967906014,0.416934812253325,-0.0198118020512143,-0.00855448730644847,-0.00851069734787148
-0.864917847350686,-0.671618001673157,0.0587151990950336,0.422094388548324,-0.0199532803214696,-0.00916134508559859,-0.00837108603937678
-0.871105985636453,-0.671885660790937,0.0580803217494446,0.427222773182538,-0.0201067777447039,-0.00975331421977694,-0.00819770553216873
-0.876726730455509,-0.672062848783216,0.0574119731246176,0.432318526976823,-0.0202727178569996,-0.0103271657546217,-0.00799127775344482
-0.881784059319163,-0.672125800775831,0.056721926474929,0.437374925430552,-0.0204514232196327,-0.0108799707467948,-0.00775268962426413
-0.886278563554644,-0.672048884683955,0.0560208067643734,0.442380343562909,-0.0206431442494346,-0.0114091477271125,-0.00748298016238091
-0.890207124457037,-0.671805469067627,0.0553178390600151,0.447318791733958,-0.0208480905287316,-0.0119124971138921,-0.00718332586598891
-0.893562678126058,-0.671368785412712,0.0546206664140573,0.452170573767543,-0.0210664627130165,-0.0123882221477123,-0.00685502509624754
-0.896334069011213,-0.670712746978224,0.0539352407659694,0.45691303471241,-0.0212984831789318,-0.0128349366461746,-0.00649948216704549
-0.898505987867217,-0.669812690612791,0.0532657862334221,0.461521364003042,-0.0215444236821293,-0.0132516605104932,-0.00611819180541021
-0.900058986543363,-0.668646013567606,0.0526148305318462,0.465969420438867,-0.0218046284983947,-0.0136378044171407,-0.00571272457367887
-0.900969560032394,-0.667192683647362,0.0519832973726668,0.47023054799516,-0.0220795317759284,-0.0139931454825705,-0.00528471374866828
-0.901210285526155,-0.66543560742929,0.051370650662756,0.474278355457057,-0.022369668099877,-0.0143177958862509,-0.00483584404708148
-0.900750008871012,-0.663360847211398,0.0507750801673392,0.478087437726839,-0.0226756755388526,-0.0146121664914762,-0.00436784247514025
-0.899554070689283,-0.66095768245494,0.0501937179350963,0.48163402187554,-0.0229982906901122,-0.0148769274363326,-0.00388247146867343
-0.897584567343382,-0.658218515562254,0.0496228750883833,0.484896526071843,-0.0233383354529659,-0.0151129675028075,-0.00338152438506306
-0.894800645671256,-0.655138624861262,0.0490582893805857,0.487856024058625,-0.0236966954385604,-0.0153213538420382,-0.00286682331136152
-0.891158834767993,-0.651715769791676,0.0484953750352364,0.490496611556371,-0.0240742900730054,-0.0155032933647681,-0.00234021906689141
-0.886613422764858,-0.647949654786576,0.0479294676294908,0.492805673696106,-0.0244720345834846,-0.0156600968236702,-0.00180359320275333
-0.881116891234366,-0.643841259575944,0.0473560580112904,0.494774054268208,-0.0248907941928202,-0.0157931463375176,-0.00125886173231138
-0.874620424221357,-0.639392045092456,0.0467710103299774,0.496396128240735,-0.0253313310045838,-0.0159038668477056,-0.00070798027003998
-0.867074512583462,-0.634603046310407,0.0461707601301216,0.497669778811524,-0.0257942442601816,-0.0159937017638838,-0.000152950208913389
-0.858429676796296,-0.629473866609585,0.0455524890639494,0.498596279466869,-0.0262799049163811,-0.0160640928506975,0.000404174478144139
-0.848637332191773,-0.624001593074493,0.0449142731329587,0.499180080401861,-0.0267883858350928,-0.0161164642269815,0.000961280260407119
-0.837650819081459,-0.618179658713321,0.0442552015105759,0.499428497617918,-0.0273193893091302,-0.0161522101884429,0.00151618737100836
-0.825426615764319,-0.611996685955089,0.0435754630104767,0.49935130248807,-0.0278721741632539,-0.0161726864173844,0.002066643924263
-0.811925744404431,-0.605435355698142,0.0428763972593015,0.498960210034331,-0.0284454852495564,-0.016179204001223,0.00261032133515482
-0.797115367718251,-0.598471357004985,0.0421605077411484,0.498268266083704,-0.0290374887642574,-0.0161730255416149,0.0031448115469998
-0.780970558117692,-0.591072483225323,0.0414314342433248,0.497289137275104,-0.0296457173912262,-0.0161553624980698,0.00366762655930272
-0.7634762005711,-0.583197949367965,0.0406938829751779,0.496036313882226,-0.0302670297533611,-0.0161273727819256,0.00417620072217122
-0.744628966895822,-0.57479801113393,0.039953513857544,0.49452224367008,-0.0308975889290695,-0.0160901575150189,0.0046678962214475
-0.724439273910213,-0.565813966041116,0.0392167862258947,0.492757425258144,-0.031532864773364,-0.0160447558189949,0.00514001212646307
-0.702933113409333,-0.556178609575209,0.0384907664306811,0.490749501051175,-0.0321676643686685,-0.0159921365412195,0.00558979730634948
-0.680153621431587,-0.545817202699758,0.0377829034262701,0.488502401549689,-0.0327961940432303,-0.0159331859914487,0.00601446744477129
-0.656162241437316,-0.53464898060113,0.0371007811936025,0.48601560311567,-0.0334121549960068,-0.0158686910960404,0.00641122629827799
-0.631039334649299,-0.522589196768458,0.0364518594366832,0.483283568013281,-0.0340088726686931,-0.0157993178956886,0.00677729124616959
-0.60488410420552,-0.509551653490953,0.0358432160711811,0.480295436598603,-0.0345794576895963,-0.015725586013493,0.00710992306270204
-0.57781372988347,-0.495451623256889,0.0352813062184992,0.477035034915579,-0.035116993636276,-0.0156478405584358,0.00740645969434368
-0.549961656837178,-0.480209020334778,0.0347717524200237,0.473481245327248,-0.0356147442493077,-0.0155662238142135,0.0076643536324323
-0.521475042731197,-0.46375164395418,0.034319179408653,0.469608762974895,-0.0360663703453432,-0.0154806498611378,0.00788121221913634
-0.49251143720285,-0.446018289511658,0.0339271039889875,0.465389228018473,-0.0364661448256422,-0.0153907858248749,0.00805483991331405
-0.463234838526959,-0.426961516958971,0.0335978865729879,0.460792685716189,-0.0368091531243074,-0.0152960435769258,0.00818328118214901
-0.433811335824815,-0.406549878730437,0.0333327460705239,0.455789287872177,-0.0370914664050475,-0.01519558530228,0.0082648623109587
-0.404404591990306,-0.384769443170142,0.0331318346756998,0.450351115405927,-0.0373102759185905,-0.0150883453507306,0.00829823010056894
-0.375171445683235,-0.361624500793838,0.0329943642446759,0.444453978368426,-0.0374639791591768,-0.0149730692612211,0.00828238522317228
-0.346257905718578,-0.33713740427108,0.032918772033876,0.438079041226207,-0.0375522116580031,-0.014848368969353,0.00821670801288432
-0.317795777982616,-0.311347561640877,0.0329029110553224,0.431214130329764,-0.0375758221315915,-0.0147127912505588,0.00810097473267764
-0.289900107419016,-0.284309667767842,0.0329442494986281,0.423854607020639,-0.0375367928688896,-0.0145648947337943,0.00793536290089732
-0.262667543587124,-0.256091314107935,0.0330400646024265,0.416003730808243,-0.0374381112395281,-0.0144033296422868,0.00772044504180864
-0.236175657334356,-0.22677015526608,0.0331876188062717,0.407672486797507,-0.0372836015956963,-0.0142269139858348,0.00745717115199325
-0.210483159346929,-0.19643082997231,0.0333843095306743,0.398878903246906,-0.037077729263311,-0.0140347003197201,0.00714684112784049
-0.185630907342839,-0.165161833312212,0.033627787944925,0.389646931641026,-0.0368253895576062,-0.0138260283181132,0.00679106924237925
-0.161643543680453,-0.133052518680764,0.0339160459907504,0.380004997199978,-0.0365316947672437,-0.0136005600799023,0.00639174338301817
-0.138531582200109,-0.100190376801539,0.0342474742197937,0.369984348923998,-0.0362017709565011,-0.0133582970125184,0.00595098209970811
-0.116293761139827,-0.0666587005136939,0.0346208953087612,0.359617344157675,-0.0358405744998233,-0.0130995790310824,0.0054710925554759
-0.0949194949080419,-0.0325347041062957,0.0350355792564074,0.348935795010906,-0.0354527358374909,-0.0128250684225513,0.00495453226456391
-0.0743912858148484,0.00211187077265168,0.0354912462366315,0.337969485988125,-0.0350424353861305,-0.0125357218907271,0.00440387712108226
-0.0546869921704244,0.0372196602150364,0.0359880620043998,0.326744948125579,-0.03461331418197,-0.0122327549492725,0.00382179775814818
-0.0357818860305297,0.0727361123737768,0.0365266288269012,0.315284548872445,-0.034168419923762,-0.0119176029752286,0.00321104581594957
-0.0176504684300041,0.108617479586186,0.0371079723498941,0.303605932514067,-0.0337101877759927,-0.0115918829470381,0.00257445131175913
-0.000268039006460032,0.144828397688985,0.037733521807575,0.291721825445268,-0.0332404546472636,-0.0112573592588672,0.00191493202962605
0.0163879615373895,0.181341074953746,0.0384050777123005,0.279640205107481,-0.0327605056401923,-0.0109159161115971,0.00123551568055353
0.0323368039974769,0.218134099222957,0.0391247577401336,0.267364821331427,-0.032271151894871,-0.0105695379044481,0.000539375521913889
0.0475934810860403,0.255190854273353,0.0398949081268818,0.254896053062713,-0.031772839953169,-0.0102202978123561,-0.000170119892965556
0.0621678420740768,0.292497517879821,0.0407179647370701,0.24223208040867,-0.0312657938428351,-0.00987035332938398,-0.000889342204970181
0.0760638301608005,0.330040597981724,0.0415962454713709,0.229370349404941,-0.0307501920351932,-0.0095219459549514,-0.00161432350811781
0.0892788222339691,0.367803955429879,0.0425316545401522,0.216309301705686,-0.0302263818722045,-0.00917740034921629,-0.00234066132993281
0.101803100631212,0.40576526802666,0.0435252804311126,0.203050330290203,-0.0296951334797249,-0.00883911617722493,-0.00306340913850647
0.113619524606188,0.443891919330265,0.0445768746965702,0.189599901429635,-0.0291579329149733,-0.0085095435691277,-0.00377695467964717
0.124703513402781,0.482136357604733,0.0456842100120581,0.175971748442568,-0.0286173095171158,-0.00819113087644955,-0.00447489085511406
0.135023497444895,0.520431074389099,0.0468423354984998,0.162188991382389,-0.0280771842947965,-0.00788623172316039,-0.00514988739124526
0.144542028957812,0.558683504395792,0.0480427767936945,0.148285968179752,-0.0275432140526466,-0.0075969581369563,-0.00579357633840056
0.153217752160815,0.596771346352351,0.0492727678941472,0.134309480862992,-0.027023089865042,-0.00732496914278518,-0.00639647034748895
0.1610083927025,0.634539023950757,0.0505146478285858,0.120319078876007,-0.0265267299876181,-0.00707119132499215,-0.00694793896518962
0.167874810909972,0.671796196760982,0.051745598552675,0.106385945533482,-0.0260662902752219,-0.00683548114496387,-0.00743627337536269
0.173785954699053,0.70831930720516,0.0529379245883132,0.0925899633023647,-0.0256559067169078,-0.00661625890224563,-0.00784887161442787
0.178724249797432,0.743856999395986,0.0540600572160155,0.0790146593564304,-0.0253110947268006,-0.00641016945333146,-0.00817257111199546
0.182690625005313,0.77813976530815,0.0550783837171524,0.0657400197883971,-0.0250477686716609,-0.00621184963568457,-0.00839414054642056
0.185708091583332,0.810893323009104,0.0559598442234631,0.0528336228954745,-0.0248809183441104,-0.00601389700275055,-0.00850091752959961
0.187822725847786,0.841854112004609,0.0566750212043794,0.0403411245732967,-0.0248230803240959,-0.00580712679353821,-0.00848154575996316
0.189101181041624,0.870784182025903,0.0572012221916875,0.0282776874794317,-0.0248828477721685,-0.0055811647245052,-0.0083267334126256
0.189624523578972,0.897482068177525,0.0575249069947384,0.0166222605690998,-0.0250637333559419,-0.00532535293706787,-0.00802993574755343
0.189479126572511,0.921786384538186,0.057642817700482,0.0053164615971791,-0.0253636959995622,-0.00502986119133429,-0.00758787023083712
0.188746266781717,0.943569997538385,0.0575613712858552,-0.00573092742119538,-0.0257755414515328,-0.00468682426155844,-0.00700080557274921
0.187492603797935,0.962724565398543,0.0572942368995595,-0.0166340961557349,-0.0262882239212624,-0.00429130054246095,-0.0062726195207991
0.185763628457803,0.979137435455024,0.0568584456792649,-0.0275166951203101,-0.0268888612561732,-0.00384188368812738,-0.00541067747716443
0.183581455761511,0.992664776540084,0.0562697553339727,-0.0384976917228972,-0.0275650931389395,-0.00334089195638228,-0.00442562690755168
0.180947264102976,1.0031059726315,0.0555382345379474,-0.0496803281078404,-0.028307307892625,-0.00279417885049135,-0.00333121989561857
0.177847635636375,1.01018463306462,0.0546651230700948,-0.0611478177240415,-0.0291102499733575,-0.00221071193901559,-0.00214426777437054
0.174263385938365,1.01354128780338,0.0536419845723064,-0.0729684114038184,-0.0299735756090508,-0.00160211509606847,-0.000884805116022914
0.170179392188232,1.01274221942631,0.0524530169595679,-0.085210548380285,-0.0309010174459381,-0.00098233553250491,0.000423496750295615
0.165594459413609,1.00730802809077,0.0510810803776448,-0.0979659795168263,-0.0318979422201421,-0.000367469892396182,0.00175267434740245
0.160531230799258,0.996764024229671,0.0495174121870314,-0.111375005252324,-0.0329672791787756,0.000224425407405287,0.0030696528734586
0.155047163366216,0.980711262447207,0.0477739205016113,-0.125643577440837,-0.034104156027591,0.000773956890999522,0.00433545424395361
0.14924805855654,0.958910283877018,0.0458952549579277,-0.141038190899577,-0.0352902060398337,0.00126203195475106,0.00550479089886427
0.14330491363388,0.931358435575534,0.0439658339728473,-0.157844293650879,-0.0364893781569206,0.00167299591017278,0.00652659804225018
0.137472705981641,0.898328541048572,0.0421058160557265,-0.176282249094235,-0.0376478180150373,0.00199919091462786,0.00734616708264541
0.132106969656013,0.86033099927688,0.0404516980299278,-0.196395254429363,-0.0387001541948172,0.00224582191361314,0.0079093661412002
0.127672746571151,0.817977709889748,0.0391234684210688,-0.217951164976166,-0.0395824116793989,0.00243395372289993,0.00816878432197533
0.124742570105035,0.771772376708913,0.0381895289921271,-0.240416105589264,-0.0402479268744429,0.00259931003330834,0.00809060800795248
0.123984376650566,0.72191026606632,0.0376466302225603,-0.263038533499307,-0.0406792379335594,0.00278602748694373,0.00766019596443543
0.126141565034192,0.668197314853161,0.0374276352185589,-0.285026136345655,-0.0408891870028284,0.00303711563624636,0.00688442802688293
0.13200177676399,0.61015775868738,0.0374351284138198,-0.305740196499272,-0.0409094560292187,0.00338525391918068,0.00579017265927219
0.142342134938579,0.547306474375328,0.0375839013649682,-0.324819255650468,-0.0407714485985894,0.00384716722178465,0.00441990708946465
0.157837438999621,0.479477607419894,0.0378315191187152,-0.342185952127393,-0.0404882211077692,0.00442250258462474,0.00282654207173388
0.178932460222329,0.407075264258994,0.0381850601586851,-0.357952984339102,-0.0400451470884489,0.00509572352968216,0.00106942066691918
0.205708039906897,0.331146998428469,0.038685780901693,-0.372286361435074,-0.0394029320906917,0.00583861175499673,-0.000787317414509592
0.237800336684492,0.253246583557741,0.0393835342811499,-0.385294335344596,-0.0385122487685975,0.00661182339303957,-0.00267372857157588
0.274441270790729,0.175124355262296,0.0403163712651267,-0.396997676690981,-0.0373358864667622,0.00736599739449112,-0.00451103103424177
0.314648250688452,0.0983518892233916,0.0415083817795994,-0.407407437997695,-0.035871620466374,0.00804518067044673,-0.00620817010429181
0.357489032795063,0.0240374000098431,0.0429898336310135,-0.416685616414786,-0.034166897259224,0.00859630442046246,-0.00766074322085878
0.402228029169958,-0.0472231859205194,0.0448265829438125,-0.425294877263472,-0.0323164998790569,0.00898602644654709,-0.00875584512839944
0.448152326678569,-0.11512985670348,0.0471265290595031,-0.433993531197282,-0.0304394406566683,0.00921955264343162,-0.00938574136742745
0.49410038989881,-0.179352241327472,0.0499906549543862,-0.443575776495828,-0.0286422682780568,0.00934892454209114,-0.00946960130560699
0.538069421667269,-0.239351031201699,0.0534162825905194,-0.454435176484134,-0.0269871243209859,0.00945953970838656,-0.00897581967411867
0.577362356410044,-0.294479928031088,0.0572194776804507,-0.466229781557511,-0.0254828823320671,0.00963770977000821,-0.00793277207127355
0.609305959281296,-0.344242246356435,0.0610512060893784,-0.477916818432205,-0.0241022326914494,0.00993760474395892,-0.00642074708915958
0.632040826314183,-0.388467400130083,0.0645081562567171,-0.488145648148357,-0.0228102355657282,0.0103655075682618,-0.00455062497496338
0.644872333976218,-0.427300232970237,0.0672625405512322,-0.495727036418614,-0.0215870266456136,0.0108834784276583,-0.002442727899182
0.648107682405822,-0.461050479422444,0.0691375674496279,-0.499895342914645,-0.0204367598072758,0.0114214638268936,-0.000215294725856421
0.642633141870025,-0.489977086058193,0.0701117650138202,-0.500268222028248,-0.0193835659224845,0.0118872689200305,0.00201659139066268
0.629483535499423,-0.514046856506988,0.070275830034491,-0.496569523642679,-0.0184581563978733,0.0121725803463781,0.00413588346858885
0.609509233994276,-0.532716473933953,0.0697678492189165,-0.488252907243484,-0.0176792540705486,0.0121617977402347,0.00601764505881639
0.583156373628892,-0.544860955809875,0.0686994538879847,-0.474213554416231,-0.0170366150406597,0.0117537473810144,0.00752795930125299
0.550386920485058,-0.549029825848636,0.0670841889220986,-0.452825605064386,-0.0164868372976188,0.0109001270084227,0.00853367920340264
0.510797569806448,-0.544094866495369,0.0647969248629488,-0.422467645368051,-0.0159721105142878,0.00964606692275126,0.00892619756052985
0.463927468914618,-0.529980854916893,0.0616028098186049,-0.382341102998253,-0.0154565078035162,0.00813896431433709,0.00865179677974602
0.409564270596302,-0.507863234420021,0.0572568175494339,-0.332952361034439,-0.0149528155662893,0.00658155248867565,0.00772845010898741
0.347782267626973,-0.479517074277705,0.0516104918801541,-0.275731346442736,-0.0145147802348739,0.00515092213562225,0.00623296513971394
0.278634127550109,-0.446219130594732,0.0446563435370719,-0.211968185139462,-0.0142009957105643,0.00393534002448868,0.00426552739324679
0.201657045699024,-0.407823611910533,0.0365159378736431,-0.141700860496025,-0.0140385598081459,0.00291427448389754,0.0019143949987656
0.115578472352446,-0.362240932037507,0.0274851491606361,-0.0630824688150901,-0.0140029785695832,0.00196028109247793,-0.000754331904775535
0.0196919903617981,-0.305919271416502,0.0183904211254549,0.0264581706033734,-0.0140098016897371,0.000834147834337835,-0.00362573070793593
-0.0825565940609375,-0.236903309553588,0.0110203044395669,0.125716953305385,-0.0139436193833848,-0.000780413173489064,-0.00636869105187107
-0.184105872087871,-0.159175090244906,0.0069884485700458,0.22609034741835,-0.0137911707469139,-0.00306029937463407,-0.00839245927285666
-0.280402101593992,-0.0835106536820989,0.00520161703234402,0.314695364077327,-0.0136960085741677,-0.00566606119410914,-0.00904206522386206
-0.372230035718006,-0.0200118275890082,0.00218974142588746,0.384423328660579,-0.0136824504197146,-0.0077579336782638,-0.00794585957125427
-0.461030438441399,0.0305287361929098,-0.00369769234784447,0.439084694845161,-0.0134904948373676,-0.00875306407261339,-0.00525147690788071
-0.543858467094365,0.0722328833369867,-0.0108308317594596,0.484226742547136,-0.0129663502675834,-0.00881239398097371,-0.00145992493144671
-0.614586549870141,0.105256670969998,-0.0170676831979203,0.518603778752283,-0.0123948491375277,-0.00852195809973817,0.00282405216476627
-0.667715176817213,0.126290813643259,-0.021573256930326,0.53738931223576,-0.012253634892977,-0.0085376465210153,0.00692161385690672
-0.70092232187189,0.136171271255955,-0.0243845789119468,0.542009532552143,-0.0125488226721304,-0.00934999057675973,0.00996899708803278
-0.714542228188675,0.143487066988143,-0.0255352829351816,0.544397643262016,-0.0124065339079622,-0.0107113899254833,0.0109826369960649
-0.706739284906932,0.153466151293009,-0.0251609859072756,0.552106139939862,-0.0110843930677542,-0.0114360237632891,0.00952000958428894
-0.674099460699774,0.158294740977269,-0.0241322703830215,0.556027437349865,-0.00922147471118727,-0.0106857081250321,0.006166530573753
-0.620660470371765,0.14842508389777,-0.0234881941672228,0.545716589761581,-0.00780348108015749,-0.00875727290673096,0.00190775602934685
-0.556405148665327,0.122674238043669,-0.0236421582514487,0.520528822467067,-0.00686290587538278,-0.00636176281850455,-0.00243420805352692
-0.48844808318534,0.0843179228752282,-0.0246061718151237,0.483861888288735,-0.00595675667486615,-0.00408229595377467,-0.00618875741248752
-0.421774609438831,0.0338194833267448,-0.0261267041039456,0.435484355498224,-0.0050967011047432,-0.00231579106340152,-0.00872747503233878
-0.361321770952744,-0.0308134159881797,-0.0275151281602839,0.37110055418165,-0.00482312278070717,-0.0010958807575828,-0.00955071498557843
-0.308031188111185,-0.106636674642424,-0.028273145858246,0.290000236715406,-0.00548774445475274,-1.14185413168976e-05,-0.0085828306087892
-0.258252437634628,-0.184244700539096,-0.0286340490907231,0.199448118673534,-0.0067742700772043,0.00134634064472879,-0.00626693970051816
-0.209405157570416,-0.255074555607264,-0.0289508779893479,0.108968293535483,-0.00812788502608675,0.00299237399588228,-0.00325741464285802
-0.163110698735449,-0.315315124038742,-0.0291512004917059,0.0252277780482846,-0.00924351631305398,0.00466820950999401,-0.000143656464832157
-0.12344230892493,-0.363720781788087,-0.0289886990483149,-0.0469873798579455,-0.010059930148997,0.00608651529737508,0.00260799108286038
-0.0930644988692691,-0.400090079841302,-0.0284774802771142,-0.104325740556543,-0.0106021132619677,0.0070905317116289,0.00472122104571878
-0.0709037836840621,-0.426344227823259,-0.0278426552886856,-0.147608101077312,-0.0109263132631781,0.00771914535783794,0.00620682610701907
-0.0541014714071319,-0.44572349739505,-0.0272414666066938,-0.180831517799301,-0.0111008860027334,0.00810044110236084,0.00724371140406687
-0.0405052191621145,-0.460656270148921,-0.0267274319239897,-0.207411830487372,-0.0111748476749586,0.00833182428940017,0.00798466901160824
-0.0289050229366791,-0.472544343421871,-0.0263112067817277,-0.229407613115953,-0.0111774286942493,0.00846969233447907,0.00852189086736777
-0.0186250507118752,-0.482212433879105,-0.0259887005162615,-0.248052741864383,-0.0111270760069248,0.00854722898497069,0.00891106885600665
-0.00926957713554385,-0.49018335879089,-0.0257505835058964,-0.264135506616615,-0.0110365040374884,0.00858516205512339,0.00918814763281523
-0.000596381662436724,-0.496812339716936,-0.0255859022021006,-0.278192365211677,-0.0109150719694932,0.00859708706999487,0.00937783855486052
0.00754803167343333,-0.502354354197018,-0.0254836471945501,-0.290607602583541,-0.0107699639204701,0.00859222107685589,0.00949800084539303
0.0152636321083115,-0.507000244113871,-0.0254334754965954,-0.301667684251145,-0.0106068336214744,0.00857694044365289,0.00956203994912575
0.0226170743491399,-0.510897430496782,-0.0254260308421512,-0.311592821518092,-0.0104301932539659,0.00855570248332252,0.00958030872600496
0.0296538275276072,-0.514162547101642,-0.02545305530812,-0.320556381525878,-0.0102436698530678,0.00853163060525985,0.0095609758349581
0.0364056978137775,-0.516889569906066,-0.0255073883646142,-0.328697434158104,-0.0100501871251949,0.00850690285856968,0.00951059232365883
0.0428956060908553,-0.519155296583195,-0.0255829057822233,-0.336129218375636,-0.0098521015651681,0.00848301879259542,0.00943447798279367
0.049140671751602,-0.521023189115732,-0.0256744286523705,-0.342945068027336,-0.00965130827331864,0.00846098737680952,0.00933699483863819
0.0551542231030731,-0.522546160244876,-0.0257776204245123,-0.349222689933657,-0.00944932527750932,0.00844146175239144,0.00922174692536159
0.0609471142441675,-0.523768651327386,-0.0258888825347271,-0.355027334025417,-0.00924736177422096,0.0084248371119836,0.00909173006575073
0.0665285876269428,-0.524728218029967,-0.0260052546828949,-0.360414194367928,-0.00904637387253875,0.00841132243050683,0.00894944661696354
0.0719068304140514,-0.525456775940185,-0.0261243225259221,-0.365430267737697,-0.00884711045868616,0.00840099326054998,0.00879699504749429
0.0770893557733233,-0.525981537098381,-0.0262441365865938,-0.370115784279879,-0.00865015062964931,0.00839383104802423,0.0086361404358328
0.0820832146142182,-0.526325828465319,-0.0263631379607019,-0.374505379275324,-0.00845593506299509,0.00838975184390131,0.0084683714717042
0.0868951449228319,-0.526509709089766,-0.0264800954138452,-0.378629009454237,-0.00826479156337141,0.00838862777067141,0.00829494620842226
0.0915316570394681,-0.526550484508784,-0.0265940507305375,-0.382512700731879,-0.00807695621086312,0.0083903027912228,0.00811692946005379
0.0959990815571717,-0.526463129551149,-0.0267042719967209,-0.3861791585765,-0.00789259079165614,0.00839460427014922,0.00793522351457376
0.100303593462585,-0.526260638062368,-0.0268102139281748,-0.389648269771054,-0.00771179715281969,0.00840135138208928,0.00775059350816187
0.104451221646842,-0.525954313772438,-0.0269114843670662,-0.392937517476426,-0.0075346290122407,0.00841036115645492,0.00756368849618979
0.108447849827672,-0.525554013379916,-0.0270078161187388,-0.396062326480216,-0.00736110166485856,0.0084214527517183,0.00737505902980513
0.112299212865364,-0.525068350577271,-0.0270990433732419,-0.399036351826981,-0.00719119995003539,0.00843445040629699,0.00718517187555137
0.116010891031746,-0.524504867958096,-0.0271850820363468,-0.401871721227967,-0.0070248847826593,0.00844918540358181,0.00699442238605891
0.119588303837409,-0.52387018237997,-0.0272659133763418,-0.40457923952209,-0.00686209849845742,0.00846549730628145,0.00680314492962023
0.123036704373846,-0.523170108284358,-0.0273415704704316,-0.407168561814358,-0.0067027692209133,0.00848323465300572,0.00661162170874719
0.126361174694772,-0.522409762641151,-0.0274121270062259,-0.409648340634232,-0.00654681442166536,0.00850225526286374,0.0064200902366269
0.129566622488587,-0.521593654514504,-0.0274776880583718,-0.412026351455918,-0.00639414381615194,0.00852242625810854,0.00622874969126689
0.13265777911245,-0.52072576171617,-0.02753838251711,-0.414309600122117,-0.00624466171166029,0.00854362388768395,0.00603776632816367
0.135639198950418,-0.519809596578703,-0.0275943568954478,-0.416504415077699,-0.00609826890467801,0.00856573321387257,0.00584727810071708
0.138515259989534,-0.518848262538918,-0.0276457702841365,-0.418616526804225,-0.00595486420756259,0.00858864770848822,0.00565739861239242
0.141290165479996,-0.517844502931269,-0.0276927902606198,-0.420651136437132,-0.00581434567049768,0.00861226879312956,0.00546822050348393
0.143967946526832,-0.516800743166673,-0.0277355895891955,-0.422612975207541,-0.00567661155337885,0.00863650534887592,0.00527981835869148
0.146552465463988,-0.515719127274798,-0.0277743435763505,-0.424506356079787,-0.00554156109268289,0.00866127321393297,0.00509225120744968
0.149047419871454,-0.514601549633105,-0.027809227967429,-0.426335218733385,-0.00540909510017053,0.00868649468253406,0.00490556467722829
0.151456347099026,-0.513449682577527,-0.0278404172897155,-0.428103168847306,-0.00527911642444039,0.00871209801437838,0.00471979285103643
0.153782629183623,-0.512265000478107,-0.0278680835628835,-0.429813512499289,-0.00515153030036342,0.00873801696100418,0.00453495987174177
0.156029498052985,-0.511048800777623,-0.0278923953109362,-0.431469286360647,-0.00502624460748765,0.00876419031319101,0.00435108132980726
0.158200040926543,-0.509802222411927,-0.0279135168208871,-0.433073284265088,-0.00490317005457803,0.00879056147187033,0.00416816546522371
0.160297205840617,-0.508526261968116,-0.0279316076027875,-0.434628080644832,-0.00478222030432928,0.0088170780438429,0.00398621420954676
0.162323807229832,-0.507221787888139,-0.0279468220134408,-0.436136051249052,-0.00466331205024808,0.0088436914626381,0.00380522409060536
0.164282531513541,-0.505889552975799,-0.0279593090124192,-0.437599391502552,-0.00454636505506837,0.00887035663427761,0.00362518701873493
0.166175942643418,-0.504530205429763,-0.0279692120247177,-0.439020132809523,-0.00443130215883245,0.00889703160724345,0.00344609097077574
0.168006487577066,-0.503144298594802,-0.0279766688884899,-0.440400157064039,-0.00431804926298609,0.00892367726565172,0.00326792058573075
0.169776501648541,-0.501732299595228,-0.027981811870382,-0.441741209591094,-0.00420653529605429,0.00895025704442147,0.00309065768412244
0.171488213814514,-0.500294596991661,-0.0279847677338315,-0.443044910712332,-0.00409669216518426,0.00897673666513768,0.00291428172126348
0.173143751759869,-0.498831507584945,-0.0279856578484332,-0.444312766103957,-0.00398845469718321,0.00900308389125513,0.00273877018322664
0.174745146851309,-0.497343282469584,-0.0279845983305386,-0.445546176091901,-0.00388176057194067,0.00902926830127477,0.00256409893309829
0.176294338929514,-0.495830112432133,-0.0279817002070665,-0.446746444009151,-0.00377655025069838,0.00905526107852754,0.00239024251417448
0.177793180934989,-0.49429213277126,-0.0279770695960011,-0.447914783724491,-0.00367276690115493,0.00908103481625274,0.00221717441579405
0.179243443365856,-0.492729427610971,-0.0279708078981869,-0.449052326438691,-0.0035703563208291,0.00910656333673035,0.00204486730661572
0.180646818566077,-0.49114203376487,-0.0279630119962104,-0.450160126830399,-0.00346926686014954,0.00913182152325451,0.00187329323975095
0.182004924845275,-0.489529944207981,-0.0279537744567641,-0.45123916862465,-0.00336944934613468,0.00915678516382356,0.00170242383344717
0.183319310433167,-0.487893111198527,-0.0279431837338349,-0.452290369648106,-0.00327085700758572,0.00918143080549856,0.00153223043053272
0.184591457271318,-0.486231449092564,-0.0279313243704233,-0.453314586426766,-0.00317344540238506,0.00920573561843431,0.00136268423950847
0.185822784647406,-0.484544836887029,-0.0279182771970807,-0.454312618376047,-0.00307717234738696,0.00922967726867939,0.00119375645969406
0.187014652676627,-0.482833120521986,-0.0279041195259284,-0.455285211627003,-0.00298199785131416,0.00925323379889802,0.0010254183925799
0.188168365634681,-0.481096114969571,-0.0278889253390318,-0.456233062526635,-0.00288788405092562,0.00927638351621216,0.000857641541413754
0.189285175149067,-0.47933360613581,-0.0278727654704871,-0.457156820847442,-0.0027947951507447,0.00929910488646288,0.000690397700543496
0.190366283253368,-0.47754535259633,-0.0278557077815524,-0.458057092736171,-0.00270269736645706,0.00932137643420975,0.00052365903610776
0.191412845310497,-0.475731087184797,-0.0278378173284191,-0.458934443429107,-0.00261155887209432,0.00934317664786052,0.000357398159356887
0.192425972810986,-0.473890518453236,-0.0278191565223965,-0.459789399758641,-0.00252134975106806,0.00936448388937962,0.000191588193703315
0.193406736051451,-0.472023332017742,-0.0277997852823596,-0.460622452472701,-0.00243204195113059,0.00938527630805649,2.62028365611369e-05
0.194356166699177,-0.47012919180443,-0.0277797611793251,-0.461434058387115,-0.00234360924318424,0.00940553175787415,-0.000138783583166153
0.195275260247259,-0.468207741207131,-0.0277591395732449,-0.462224642388163,-0.00225602718406464,0.00942522771804003,-0.000303396051056033
0.196164978365497,-0.466258604170213,-0.0277379737420073,-0.462994599301715,-0.00216927308320007,0.00944434121629554,-0.000467658815902754
0.197026251151789,-0.464281386205768,-0.02771631500278,-0.463744295643488,-0.00208332597316474,0.00946284875465219,-0.000631595340554778
0.197859979287874,-0.462275675352502,-0.0276942128257976,-0.464474071263745,-0.00199816658407828,0.00948072623723458,-0.000795228254238166
0.198667036103645,-0.460241043088005,-0.0276717149407488,-0.465184240898664,-0.00191377732182212,0.00949794889994311,-0.000958579305828912
0.199448269553703,-0.458177045199243,-0.0276488674359756,-0.465875095639938,-0.00183014225005464,0.00951449124168875,-0.0011216693176439
0.200204504108895,-0.456083222618731,-0.0276257148506238,-0.466546904332552,-0.0017472470759814,0.00953032695696337,-0.00128451813919815
0.20093654256595,-0.453959102234943,-0.0276023002599126,-0.467199914910774,-0.00166507913980289,0.00954542886955385,-0.00144714460058813
0.201645167777196,-0.451804197678038,-0.0275786653538602,-0.467834355681155,-0.00158362740795311,0.00955976886722429,-0.0016095664650776
0.202331144302137,-0.449618010092813,-0.0275548505094559,-0.468450436560793,-0.00150288246991945,0.00957331783721612,-0.00177180038044388
0.202995219982582,-0.447400028897211,-0.0275308948567834,-0.469048350279178,-0.00142283653886934,0.00958604560245768,-0.0019338618288604
0.203638127442171,-0.445149732533994,-0.0275068363390164,-0.469628273551095,-0.00134348345579727,0.00959792085838498,-0.00209576507494939
0.204260585510664,-0.442866589220453,-0.0274827117667315,-0.470190368227609,-0.00126481869740643,0.00960891111030778,-0.00225752311167687
0.204863300572843,-0.440550057695635,-0.0274585568667226,-0.47073478243205,-0.00118683938766888,0.00961898261127917,-0.00241914760379843
0.205446967841607,-0.438199587973938,-0.0274344063255153,-0.471261651687578,-0.0011095443130424,0.00962810030045781,-0.00258064882856812
0.206012272554144,-0.435814622102082,-0.0274102938279268,-0.471771100042777,-0.00103293394141934,0.00963622774198011,-0.00274203561347151
0.206559891089591,-0.433394594925945,-0.027386252090857,-0.472263241201449,-0.000957010444758072,0.00964332706438527,-0.00290331527070169
0.207090492005623,-0.430938934867542,-0.0273623128927661,-0.472738179662189,-0.000881777725620549,0.0096493589006653,-0.00306449352801927
0.207604736991379,-0.428447064716799,-0.0273385070990387,-0.473196011873841,-0.000807241447512075,0.00965428232905382,-0.00322557445579372
0.208103281733751,-0.425918402434143,-0.0273148646836729,-0.473636827412615,-0.000733409069167532,0.00965805481469908,-0.00338656039000189
0.208586776692964,-0.423352361969793,-0.0272914147476143,-0.474060710186414,-0.00066028988276645,0.00966063215240091,-0.00354745185093931
0.209055867783019,-0.420748354097237,-0.0272681855343061,-0.474467739671659,-0.000587895056308486,0.00966196841063128,-0.00370824745735387
0.209511196951925,-0.418105787261789,-0.0272452044428166,-0.474857992187969,-0.000516237680129433,0.00966201587710402,-0.00386894383574599
0.209953402656354,-0.415424068445126,-0.0272224980391705,-0.475231542215975,-0.000445332817722639,0.00966072500620217,-0.00402953552463177
0.210383120224557,-0.41270260404266,-0.0272000920665267,-0.475588463763159,-0.000375197561030971,0.00965804436862362,-0.00419001487350501
0.210800982100952,-0.409940800753367,-0.0271780114547266,-0.47592883178276,-0.000305851090172636,0.00965392060365833,-0.00435037193624916
0.211207617965279,-0.407138066481565,-0.0271562803301936,-0.47625272365036,-0.000237314737974494,0.00964829837456752,-0.00451059435879227
0.21160365471904,-0.404293811243639,-0.0271349220268703,-0.476560220702686,-0.000169612059261819,0.00964112032759811,-0.00467066726077909
0.211989716331019,-0.401407448082141,-0.0271139590992425,-0.476851409842874,-0.000102768905187725,0.0096323270552305,-0.00483057311104491
0.212366423534066,-0.398478393975586,-0.0270934133383932,-0.477126385216207,-3.68135026050484e-05,0.00962185706432895,-0.00499029159673899
0.212734393364188,-0.395506070747125,-0.0270733057924394,-0.477385249959629,2.82234611232903e-05,0.00960964674994766,-0.00514979948577597
0.213094238533561,-0.392489905961453,-0.0270536567924483,-0.477628118028365,9.23087479655536e-05,0.0095956303756202,-0.00530907048253266
0.213446566629034,-0.389429333803394,-0.0270344859854636,-0.477855116102313,0.000155406473374761,0.00957974006104357,-0.00546807507668311
0.213791979127103,-0.386323795932682,-0.0270158123760339,-0.478066385573982,0.000217478004754936,0.00956190577818084,-0.00562678038488969
0.214131070217333,-0.383172742304386,-0.0269976543781646,-0.478262084619379,0.000278481853974273,0.00954205535688337,-0.00578514998534916
0.214464425426282,-0.379975631947858,-0.0269800298794303,-0.478442390352354,0.000338373563955375,0.00952011450125203,-0.00594314374508085
0.214792620034715,-0.376731933690476,-0.0269629563194591,-0.478607501061705,0.000397105589132753,0.00949600681805948,-0.00610071763991362
0.215116217281702,-0.373441126815559,-0.026946450784833,-0.478757638529587,0.000454627169937987,0.00946965385867476,-0.00625782356718442
0.215435766350375,-0.370102701644363,-0.0269305301230835,-0.478893050428046,0.00051088420104754,0.00944097517606024,-0.00641440915110974
0.215751800131705,-0.366716160023048,-0.0269152110780578,-0.479014012789507,0.000565819093821338,0.00940988839850662,-0.00657041754105342
0.216064832764221,-0.363281015702783,-0.0269005104497288,-0.479120832544986,0.000619370632773576,0.00937630932192638,-0.00672578720278011
0.216375356949827,-0.359796794596514,-0.0268864452811108,-0.479213850122039,0.000671473826595216,0.00934015202265083,-0.00688045170288931
0.216683841048538,-0.356263034892494,-0.0268730330755504,-0.479293442092447,0.000722059753944563,0.00930132899278367,-0.00703433948680511
0.216990725957919,-0.352679287008506,-0.0268602920475226,-0.479360023857037,0.000771055404618418,0.00925975130031302,-0.00718737365069968
0.217296421786219,-0.349045113364262,-0.0268482414102896,-0.47941405235255,0.000818383516777281,0.00921532877629131,-0.0073394717078418
0.217601304332604,-0.345360087953991,-0.0268369017038864,-0.479456028762482,0.000863962411083555,0.00916797023152366,-0.00749054534996756
0.217905711391998,-0.341623795695147,-0.0268262951668787,-0.479486501210534,0.000907705822888445,0.00911758370529652,-0.00764050020441979
0.218209938907343,-0.337835831532205,-0.0268164461553771,-0.479506067411887,0.000949522733860679,0.00906407674877925,-0.00778923558791746
0.218514236997518,-0.333995799271685,-0.0268073816128137,-0.479515377253543,0.000989317204635358,0.00900735674581273,-0.00793664425793945
0.218818805895612,-0.330103310126162,-0.0267991315937295,-0.479515135270877,0.0010269882105887,0.00894733127382895,-0.00808261216294147
0.219123791838793,-0.326157980941137,-0.0267917298446977,-0.479506102983047,0.00106242948310143,0.00888390850767939,-0.00822701819274303
0.219429282958242,-0.322159432084703,-0.0267852144453647,-0.479489101045172,0.00109552935897735,0.00881699766916903,-0.00836973393055286
0.219735305225819,-0.318107284975537,-0.0267796285118974,-0.479465011170062,0.00112617064145896,0.00874650952498388,-0.00851062340843323
0.220041818522147,-0.314001159226716,-0.0267750209649112,-0.479434777767128,0.00115423047648505,0.00867235693561976,-0.00864954286814068
0.220348712899604,-0.30984066938393,-0.0267714473631223,-0.47939940924051,0.00117958024859895,0.00859445545775588,-0.00878634052951006
0.220655805122655,-0.305625421241926,-0.026768970803419,-0.47935997888289,0.00120208550125265,0.0085127240022925,-0.00892085636876585
0.220962835577176,-0.301355007719508,-0.0267676628867599,-0.479317625295842,0.00122160588725699,0.00842708554993592,-0.00905292190943407
0.221269465649582,-0.297029004279644,-0.0267676047485651,-0.479273552261842,0.00123799515540431,0.0083374679258268,-0.00918236002874699
0.221575275685507,-0.2926469638866,-0.0267688881507586,-0.47922902798771,0.00125110118019215,0.00824380463422431,-0.00930898478265822
0.221879763646539,-0.288208411489637,-0.0267716166312588,-0.47918538363395,0.00126076604216485,0.00814603575361246,-0.00943260125289147
0.222182344591065,-0.283712838037315,-0.0267759067049253,-0.47914401103987,0.00126682616719368,0.00804410889192453,-0.009553005419608
0.222482351112861,-0.279159694020686,-0.0267818891083321,-0.479106359550148,0.00126911253347072,0.00793798020062624,-0.00966998406362811
0.222779034876132,-0.274548382558318,-0.0267897100784682,-0.479073931845392,0.00126745095581687,0.00782761544549861,-0.00978331470222556
0.22307156938993,-0.269878252039935,-0.0267995326534056,-0.479048278677056,0.00126166245732951,0.00771299113077705,-0.00989276556275587
0.223359054166861,-0.265148588352186,-0.0268115379806076,-0.479030992406316,0.00125156373883335,0.00759409567197646,-0.00999809559856321
0.223640520410151,-0.260358606720985,-0.0268259266159112,-0.479023699247426,0.00123696775704525,0.00747093061141973,-0.0100990545515928
0.223914938369773,-0.255507443211599,-0.0268429197939091,-0.479028050118724,0.00121768442228671,0.00734351186876769,-0.0101953830663207
0.224181226501588,-0.250594145933703,-0.0268627606475661,-0.479045710009689,0.00119352142670048,0.00721187101712777,-0.0102868128595798
0.224438262551964,-0.245617666016589,-0.0268857153524619,-0.479078345780015,0.00116428521359183,0.00707605657361541,-0.010373066950649
0.224684896676084,-0.240576848422143,-0.0269120741685818,-0.479127612317069,0.00112978209771158,0.00693613529119607,-0.0104538599558893
0.22491996667782,-0.235470422676621,-0.026942152350072,-0.479195136991947,0.00108981954564976,0.00679219343658747,-0.0105288984519369
0.225142315434844,-0.23029699361025,-0.0269762908915788,-0.47928250237133,0.00104420762384397,0.00664433803703544,-0.0105978814110093
0.225350810542501,-0.225055032204415,-0.0270148570778708,-0.479391227163178,0.000992760620201318,0.00649269807664048,-0.010660500711419
0.225544366175105,-0.219742866652264,-0.0270582448024405,-0.479522745398945,0.000935298842917489,0.00633742562093679,-0.0107164417257361
0.225721967122741,-0.214358673750806,-0.027106874620153,-0.47967838388343,0.000871650597448736,0.00617869684661899,-0.0107653839882335
0.225882694916473,-0.208900470742897,-0.0271611934991795,-0.479859337975774,0.000801654339327081,0.0060167129515345,-0.0108070019423881
0.226025755904831,-0.203366107736349,-0.0272216742385383,-0.480066645801225,0.000725160996792696,0.00585170091871483,-0.0108409657681327
0.226150511090255,-0.197753260834044,-0.0272888145195157,-0.480301161032548,0.000642036453031163,0.00568391410726425,-0.0108669422873765
0.22625650747731,-0.192059426101578,-0.0273631355624677,-0.480563524422574,0.000552164173030694,0.00551363264217393,-0.0108845959450773
0.226343510625316,-0.186281914496768,-0.0274451803647612,-0.48085413431432,0.000455447954988859,0.0053411635749409,-0.0108935898617561
0.226411538037617,-0.180417847891132,-0.0275355115011572,-0.481173116401018,0.000351814780860863,0.00516684078773358,-0.0108935869518517
0.226460892961127,-0.17446415629771,-0.0276347084747759,-0.481520293055357,0.000241217734922525,0.00499102461485713,-0.0108842511008582
0.226492198112908,-0.16841757640549,-0.0277433646150447,-0.48189515259386,0.000123638953428489,0.00481410115711487,-0.0108652483926871
0.226506428798449,-0.162274651522601,-0.0278620835281274,-0.482296818885756,-9.07437011958383e-07,0.00463648126786426,-0.0108362483772439
0.226504944840641,-0.15603173299596,-0.0279914751161698,-0.482724021757439,-0.000132372440434425,0.00445859919269171,-0.0107969253668353
0.226489520701219,-0.149684983162737,-0.0281321511931098,-0.483175068679407,-0.000270669424881434,0.00428091084926924,-0.0107469597487968
0.226462373149651,-0.143230379874563,-0.0282847207371321,-0.483647818251607,-0.000415671525451328,0.00410389173930603,-0.0106860393007258
0.226426185819755,-0.136663722596556,-0.02844978483296,-0.484139656025412,-0.000567209278035893,0.0039280344901613,-0.0106138604938837
0.226384129993774,-0.129980640069283,-0.0286279313704633,-0.484647473211852,-0.000725068547254742,0.00375384603049087,-0.0105301297698955
0.226339880967582,-0.123176599493264,-0.028819729579249,-0.485167648826931,-0.00088898881324802,0.00358184441131913,-0.0104345647757725
0.226297629381001,-0.116246917161863,-0.0290257244921547,-0.485696035814613,-0.0010586618821334,0.00341255529116038,-0.0103268955424921
0.226262086943135,-0.109186770449537,-0.0292464314427143,-0.486227951664145,-0.00123373108316085,0.00324650811143701,-0.0102068655931518
0.226238478699566,-0.101991224656358,-0.0294823306157072,-0.486758181170671,-0.00141379112628812,0.00308423189972225,-0.0100742329141629
0.226232557202096,-0.0946552072994137,-0.0297338622879983,-0.487280956514135,-0.00159838810938276,0.00292625122093897,-0.00992877103993619
0.226250568454464,-0.0871735624881429,-0.0300014218325268,-0.487789984381957,-0.00178702084866197,0.00277308136490265,-0.00977026973027574
0.226299237449056,-0.0795410541404048,-0.0302853557243845,-0.48827845220815,-0.00197914245565488,0.00262522377885326,-0.00959853573380029
0.226385739968237,-0.0717523825110799,-0.0305859581305343,-0.488739047293994,-0.00217416274660199,0.00248316132457766,-0.00941339338896878
0.226517667115994,-0.0638022010732999,-0.0309034683466311,-0.489163982325973,-0.00237145139509469,0.00234735351428209,-0.00921468510982913
0.226702982684044,-0.0556851335519576,-0.0312380692289248,-0.489545027309886,-0.00257034183759434,0.002218231785601,-0.00900227175922634
0.226949973573992,-0.0473957909087996,-0.0315898867666802,-0.489873547837137,-0.00277013592939666,0.00209619487559922,-0.00877603291588592
0.227267193610595,-0.0389287880904225,-0.0319589909358945,-0.490140549495381,-0.00297010933648609,0.00198160435119956,-0.00853586704559358
0.227663401187355,-0.0302787603659915,-0.0323453979680629,-0.49033672813338,-0.00316951763660545,0.00187478034917297,-0.00828169159067482
0.228147491282471,-0.0214403791000471,-0.0327490741585044,-0.490452525592147,-0.00336760309118081,0.00177599757254668,-0.0080134429959443
0.228728422468294,-0.0124083668343664,-0.0331699413274772,-0.490478190423819,-0.00356360203893731,0.00168548158211919,-0.00773107669327055
0.229415139610588,-0.00317751157389336,-0.0336078840339647,-0.490403843037919,-0.00375675285227799,0.00160340541177244,-0.00743456707069218
0.230216493013423,0.00625731977870742,-0.0340627586256142,-0.490219544644047,-0.00394630438876968,0.00152988652477497,-0.0071239074563442
0.231141154814061,0.0159011688689197,-0.0345344041901947,-0.489915369301479,-0.00413152486315856,0.00146498411505433,-0.0067991101511904
0.232197533471458,0.0257589742017558,-0.0350226554522008,-0.489481478339703,-0.0043117110596462,0.00140869674299499,-0.00646020654864765
0.233393687224086,0.0358355602564072,-0.0355273576324915,-0.488908196379244,-0.00448619779994185,0.00136096027984366,-0.00610724738369724
0.234737237423596,0.0461356272925608,-0.0360483832579447,-0.488186088157618,-0.0046543675794833,0.00132164611834694,-0.00574030315888003
0.236235282687543,0.0566637416970129,-0.0365856508714595,-0.487306035346636,-0.0048156602824256,0.00129055959008841,-0.00535946479952166
0.23789431486154,0.0674243266625296,-0.0371391455461971,-0.486259312531671,-0.00496958288415173,0.00126743851245484,-0.00496484459697916
0.239720137850225,0.0784216529382451,-0.0377089410508331,-0.485037661503135,-0.00511571904831602,0.00125195177033864,-0.00455657750588771
0.241717790479887,0.0896598293545232,-0.0382952234413099,-0.483633362975958,-0.0052537385228045,0.00124369781988734,-0.00413482286959621
0.243891474703317,0.101142792776306,-0.0388983157639364,-0.482039304794183,-0.00538340623420967,0.00124220298428809,-0.00369976665829797
0.246244490665877,0.112874297096981,-0.0395187034400206,-0.480249045580807,-0.0055045909724401,0.00124691939508553,-0.00325162431675795
0.248779180438537,0.124857900852936,-0.0401570597573322,-0.478256872639329,-0.00561727354444664,0.00125722241756782,-0.00279064433332391
0.251496882612694,0.137096953034384,-0.0408142707119537,-0.476057852678857,-0.00572155425739888,0.00127240738628716,-0.00231711265892186
0.254397900456279,0.149594576653599,-0.0414914582139463,-0.473647873599129,-0.0058176595639989,0.00129168546815111,-0.00183135812600614
0.257481486980928,0.162353649643641,-0.0421900003838927,-0.471023675101595,-0.00590594766505831,0.00131417846762967,-0.00133375904214339
0.260745851094715,0.175376782724406,-0.0429115473136055,-0.468182865248375,-0.00598691281362017,0.00133891239427626,-0.000824751160796919
0.264188190028165,0.188666293941056,-0.043658030229578,-0.46512391924236,-0.00606118799883857,0.00136480963069219,-0.000304837264963046
0.267804754443588,0.202224179688891,-0.0444316614711581,-0.461846155606545,-0.00612954560369544,0.00139067957446023,0.00022540136301026
0.271590954085629,0.216052082212779,-0.0452349220699814,-0.458349683553336,-0.00619289552704251,0.00141520768750588,0.000765291271291852
0.27554151347466,0.230151253758456,-0.0460705329852961,-0.454635313639729,-0.00625228013593855,0.00143694297992736,0.00131405060824929
0.279650688954775,0.244522517814522,-0.0469414052214381,-0.450704421774695,-0.00630886527011555,0.00145428409462791,0.00187076992567055
0.283912560272768,0.259166228171565,-0.0478505631495441,-0.446558754313777,-0.0063639263604932,0.00146546435905131,0.00243438956348967
0.288321411602483,0.274082226826679,-0.0488010344263724,-0.442200159419217,-0.00641882855665073,0.00146853644927785,0.00300367312442635
0.29287221824802,0.289269802080166,-0.0497956990434969,-0.437630227241083,-0.00647499960082495,0.00146135769099243,0.00357717652355517
0.29756125566567,0.30472764837923,-0.050837089398798,-0.432849819108349,-0.0065338940645758,0.00144157752431776,0.00415321210120705
0.302386846269035,0.320453829583589,-0.0519271331058901,-0.427858464271742,-0.00659694752138474,0.00140662930716438,0.00472980734234319
0.307350255724297,0.336445747222709,-0.0530668308994397,-0.422653602572868,-0.00666551932503642,0.00135372943967515,0.00530465788025808
0.312456742738537,0.35270011474564,-0.0542558639507966,-0.417229653839365,-0.00674082298558426,0.00127988776006827,0.00587507471617336
0.317716753069764,0.369212937827462,-0.0554921288651022,-0.411576901217877,-0.0068238437960916,0.00118193425747862,0.00643792602433844
0.323147227589299,0.38597949909845,-0.0567712054077913,-0.405680187994159,-0.00691524450254589,0.00105656828572323,0.00698957459745102
0.328772963709107,0.402994343233939,-0.0580857725546806,-0.399517447826114,-0.00701526158059948,0.000900437475271502,0.00752581300413458
0.334627927792207,0.42025125519463,-0.0594250036645131,-0.393058118872418,-0.00712359722562579,0.000710254143531142,0.00804179995542521
0.340756363098333,0.437743220631342,-0.0607739919395902,-0.386261534568077,-0.00723931554569534,0.000482956760984649,0.00853200324868734
0.347213476133009,0.45546235374007,-0.0621132824776212,-0.379075437493484,-0.00736075557960891,0.00021592234429212,0.0089901569415042
0.354065421381616,0.473399774852267,-0.0634186150005263,-0.371434824443993,-0.0074854782605211,-9.27682008191591e-05,0.00940924290524674
0.361388254666838,0.491545419101109,-0.0646610070179104,-0.363261391647662,-0.00761026848944151,-0.000444016481450686,0.00978150919058205
0.369265511144377,0.509887759923713,-0.0658073225163988,-0.354463893458788,-0.00773121569780631,-0.000837359462838382,0.0100985389632862
0.377784114493584,0.528413437851407,-0.0668214645176988,-0.344939732944234,-0.00784389476024555,-0.00127061644179797,0.0103513830884746
0.387028469608337,0.547106795912294,-0.0676662873792103,-0.334578041288047,-0.00794366173893515,-0.00173957225881909,0.0105307655570611
0.39707285162799,0.565949335651131,-0.0683062351035051,-0.323264350905663,-0.00802606405083326,-0.00223775154399352,0.0106273628961646
0.407972571236779,0.584919117501685,-0.0687105727805541,-0.310886716421552,-0.00808734217212612,-0.00275634502806026,0.0106321463857014
0.419754816625331,0.603990128387551,-0.0688569038816982,-0.297342811125677,-0.00812497256597691,-0.00328434348494417,0.0105367607632502
0.432410443701652,0.623131620685468,-0.0687344919196874,-0.282547186688936,-0.00813817501639635,-0.00380891398833571,0.0103338984988864
0.445888179396788,0.642307395971659,-0.0683467849971535,-0.266437622866604,-0.00812829006035763,-0.00431601735743162,0.0100176193545114
0.460092560555705,0.661474871500572,-0.0677125153377617,-0.248979452019047,-0.00809893244050704,-0.00479122021250842,0.00958356646334014
0.474886517613676,0.680583890878384,-0.0668648990314897,-0.230166852173965,-0.00805584415600143,-0.00522061361852403,0.00902904193911046
0.490098792963648,0.699574862356173,-0.0658486522757332,-0.210020616176508,-0.00800641233918249,-0.00559172625810575,0.00835293118860174
0.505535420295598,0.718375981146199,-0.0647148960443235,-0.188582432026602,-0.00795885618714375,-0.00589431315574277,0.0075554954072064
0.520994033629345,0.736899138128043,-0.0635142710521061,-0.165906267479039,-0.00792112830441085,-0.00612093785962453,0.0066380794831161
0.536279247362945,0.755034056208555,-0.0622887691702769,-0.142047943179349,-0.00789959384078927,-0.00626731079799835,0.00560280778747165
0.551217401597183,0.772640158220197,-0.0610628335568183,-0.11705423791915,-0.00789754970371021,-0.00633241309227196,0.00445235834325856
0.565669176790004,0.789535638287908,-0.0598342499835207,-0.0909530303867817,-0.00791363076088103,-0.00631850492756795,0.00318992747372673
0.579538721325175,0.805483300632039,-0.0585654022708196,-0.0637461834972212,-0.00794014205943998,-0.00623119163509376,0.00181953604512808
0.59277746495544,0.82017319242095,-0.0571759025204366,-0.0354073801653312,-0.00796139815931678,-0.00607980042226692,0.000346906156150213
0.60537882064823,0.833203436810999,-0.0555389809465814,-0.00588824901915137,-0.00795232400026817,-0.00587839805647623,-0.00121871961849816
0.617355055006275,0.844063974214141,-0.0534872126035644,0.0248618128636716,-0.00787802246843102,-0.00564779659519811,-0.0028612089785461
0.628677872326317,0.852134506900885,-0.0508391581273257,0.056853768716678,-0.00769595242786923,-0.00541864529271019,-0.00455168900558381
0.639149640986156,0.856718039688876,-0.047466736683678,0.0899844912397115,-0.00736388209101588,-0.00523465873454037,-0.00623901085335618
0.648163115452761,0.857138376018289,-0.0434258402006297,0.123924030393196,-0.00685807978854458,-0.00515220248498593,-0.00783570493822922
0.654344986077186,0.852907514631391,-0.0391435647158639,0.157986232367162,-0.00620361708053829,-0.0052272959655891,-0.00920130727802201
0.655244019521398,0.843866032475788,-0.0355501221613105,0.191074672742061,-0.00550425214093973,-0.00547782432476004,-0.0101328140078657
0.647519539171848,0.830016347045773,-0.033883693375129,0.221882357821835,-0.00493117272049692,-0.00582355067440847,-0.0103840647049734
0.628073402149659,0.810771124117064,-0.0349660130674647,0.24943756267092,-0.00462660455890639,-0.00605350335698346,-0.00973302323025512
0.595531197376068,0.783951161670667,-0.0383955916309977,0.273609245985234,-0.00457098920493822,-0.00589663933902093,-0.00806990192145652
0.550295925880821,0.745598450765182,-0.0426610345718818,0.294797142634977,-0.00457922828078191,-0.00517659848121234,-0.00543346147678332
0.492553428884161,0.691206735836428,-0.0463434202492029,0.312711002352514,-0.00449998643636456,-0.00391210006448116,-0.00198088707590642
0.420263495864323,0.617795919230244,-0.0492423908396886,0.325318714467786,-0.00445590483534769,-0.00230973596679677,0.00202093813890005
0.330095969293586,0.525335108926087,-0.0521221562935992,0.329456040222363,-0.0048374661342386,-0.000762609425093055,0.00609722822797113
0.222870196110658,0.413798697533071,-0.0545322182342558,0.324205389867487,-0.00571823927298948,0.000167827652509993,0.0093803984420184
0.107816943985198,0.274500696537707,-0.0531144037051044,0.31368535477947,-0.00605410029810608,0.000283097061473274,0.0106165931127946
-0.00861317779698649,0.0958143405383477,-0.046121509991291,0.300370198889161,-0.0048248773203332,0.000495957241694519,0.00895512692877463
-0.133843845335071,-0.112100208723211,-0.0374328740948845,0.280209565427962,-0.00298614876242799,0.0018050919318993,0.0048351064650418
-0.272538388568513,-0.327407336815891,-0.0303412627190298,0.251873241732538,-0.00172275778335757,0.00402542157302333,-0.00057348716553643
-0.417819906829071,-0.541658096923191,-0.0248276866839689,0.21870101495862,-0.00080701087449335,0.00618466460174979,-0.005950317313326
-0.566914556528689,-0.742536322126936,-0.0210714998071268,0.179300149183421,-0.000110968986912295,0.00696483621819303,-0.00962446242997983
-0.721480080092818,-0.886827955138999,-0.0200053852211863,0.124302384457502,-0.000759513578988945,0.00605047434131942,-0.00985818358708349
-0.859501021941929,-0.954647226565741,-0.0206564596483117,0.0584854866381126,-0.00249957046331776,0.00534117334789872,-0.00647265581378756
-0.954367591432506,-0.972663699336211,-0.0213698057893239,-0.00146029510171079,-0.00352695943732236,0.00576205191389631,-0.000946367846094527
-1.0014507547072,-0.948498316844803,-0.0219195383321816,-0.0538566613787604,-0.003801264924773,0.00593850484904892,0.00494044609925781
-1.00615118654341,-0.882688895484243,-0.0228671202195848,-0.106407236436973,-0.00416832181415003,0.00398804814858851,0.0092596351496826
-0.973309304113246,-0.810529966721213,-0.0236562786866308,-0.154672343619093,-0.00399246779374631,-9.54022248973658e-05,0.0100176137511039
-0.898107108711594,-0.744613822868009,-0.0233099817169001,-0.182544268202511,-0.00288640767519159,-0.00327229339280278,0.00683997363707678
-0.777336940203113,-0.654130289479523,-0.0234053419004398,-0.189342125160277,-0.00205863710573955,-0.00413167464725323,0.00143423544200839
-0.623799897058721,-0.537149826342224,-0.0244494808300284,-0.185472435745927,-0.0012980266897083,-0.00406681629712366,-0.00427247256644577
-0.454091656778589,-0.403914726940715,-0.0254621909678635,-0.178992544544702,0.000310047293597029,-0.00477027141021319,-0.00864546147079393
-0.267356605909442,-0.244599352121743,-0.0292158834828027,-0.17282607260092,0.00174987875782108,-0.00667549886077729,-0.0102089765101221
-0.0566215271714731,-0.0614661194903384,-0.0392552694242339,-0.165397870003785,0.00173156500954725,-0.00805794059145997,-0.00835558462050887
0.159390682573112,0.115081670625678,-0.052365855252259,-0.156159963930488,0.00122093297453802,-0.0077467133648342,-0.00421350807941537
0.358274016024962,0.267881245453933,-0.0649736663707805,-0.147899005896968,0.000892897330161827,-0.00652543351026997,0.000577909145632229
0.533993856736557,0.397172014842403,-0.0771011857708656,-0.142982550693538,0.000314401946920307,-0.00534104364675914,0.00493453603368686
0.687680737308397,0.504200222491162,-0.0888671581421608,-0.140421072884965,-0.000669162426652977,-0.00463233287090904,0.0082708033080988
0.818113830031749,0.587211973294517,-0.0986653359653657,-0.136769110302647,-0.00155253534920982,-0.00442173680306368,0.0102270501747762
0.921900505826761,0.646117307513137,-0.104526412523337,-0.129513444578487,-0.00174632839710085,-0.00438953744876599,0.0106449246500112
0.999289902543754,0.686107579907371,-0.106254194763379,-0.119072428484272,-0.00119507219569895,-0.00412783162666271,0.00968533013840128
1.05545592854054,0.714464982777162,-0.105404176814223,-0.107276297912015,-0.00029943726578654,-0.00345179303769082,0.00775060375079426
1.096419512807,0.736033636267621,-0.103618128633809,-0.0953174398059414,0.00055991931392824,-0.00242457959432529,0.00526550225478668
1.12601524951101,0.752531893364403,-0.101663199517368,-0.0833890860426101,0.00124745663287284,-0.00120042450263854,0.00255153794497968
1.1458597630931,0.764084263605103,-0.0995633401942083,-0.0711654371842159,0.00181161401680212,8.07403614082403e-05,-0.000179560847573038
1.15650199352143,0.770518846842185,-0.0970586515136704,-0.0582173344980126,0.00236030178044206,0.00131237125264499,-0.00278954433476588
1.15841667454079,0.771905008275022,-0.0939554773705149,-0.044231999099335,0.00297542888735649,0.00240838151018899,-0.00517841330197074
1.15255761902674,0.768644536152642,-0.0903075333769589,-0.0291310386871891,0.00367171941225194,0.00329567526270083,-0.00726131314323817
1.14052247857869,0.761398679879937,-0.0864575756385237,-0.0131375411207953,0.00438832283150838,0.00392247359522605,-0.00895837950314467
1.12436894068904,0.750963092474162,-0.0829517882165278,0.00322504181223804,0.00500954678307304,0.00427670655108877,-0.0101971337609055
1.10614017874129,0.73812033077292,-0.0803473029466755,0.0192463364195332,0.0054111503636798,0.00439990023273445,-0.0109254660845381
1.08729757192471,0.723499634228817,-0.0789904937673175,0.0342533395421559,0.00551530274916743,0.00438149325561064,-0.0111282836050209
1.06837568362471,0.707496199425504,-0.0788878912994166,0.0478466536110625,0.00532489561436005,0.00433053638006645,-0.0108365868787881
1.0490628566594,0.690287425677178,-0.0797438128451023,0.0600067880780685,0.00491714086979661,0.00433947690933946,-0.0101214165815915
1.02861289073945,0.6719255254413,-0.081121415899262,0.0710165883916566,0.00440491655747301,0.00446064444478157,-0.00907585431633086
1.00630172550691,0.652441957801951,-0.0826138723872702,0.0812792792976635,0.00389361847302737,0.00470416372949353,-0.0077953897862311
0.981709179711952,0.631911172779489,-0.0839439622484206,0.0911533996456557,0.0034550938599883,0.00505067677865913,-0.00636466397925271
0.954786301613909,0.610463868270284,-0.0849821087086979,0.10086865093697,0.00312229825945416,0.00546727549527217,-0.0048521372644555
0.925783651819517,0.58826925176595,-0.0857148873610865,0.110517135307393,0.00289698709423497,0.00591929407582137,-0.00331020129495275
0.895130370197805,0.565509502817684,-0.0861985780682342,0.120085225095121,0.0027616001566659,0.00637635351934944,-0.00177775106794656
0.863320947769344,0.542360234026544,-0.0865180656157349,0.129495629452185,0.00269000230726873,0.00681414195243688,-0.000283287523277172
0.830832225583455,0.518980954334697,-0.0867580784052488,0.138643686229273,0.00265518453710912,0.00721399129697552,0.00115232330776999
0.79807270347957,0.495513938098329,-0.0869864806102838,0.147423168349161,0.00263394171426302,0.00756176266445191,0.00251369253359796
0.765358083133714,0.472088021957278,-0.0872468094263816,0.155742399520314,0.00260921206917699,0.00784683976234755,0.003789342412611
0.732905562564713,0.44882400769428,-0.0875571016967537,0.163533044936678,0.00257080321812416,0.00806151003967907,0.00497063619116724
0.700840569826806,0.425839274150522,-0.0879126800897263,0.170753752051283,0.00251506506507088,0.00820072332994829,0.0060510955655979
0.669211224219911,0.403250243780674,-0.0882912269875486,0.177390196730375,0.00244390027678143,0.00826209253992552,0.0070260085822208
0.638007060900774,0.381172254846859,-0.0886589444371341,0.183452596303891,0.002363388357624,0.00824597245530178,0.00789224465711057
0.60717934742921,0.359717084656541,-0.0889768918714625,0.188971493512287,0.0022822369252701,0.00815547502361548,0.00864820384777606
0.576660815037771,0.338988839194504,-0.0892067886410631,0.19399252110634,0.00221024101261197,0.00799632607622306,0.00929383484209503
0.546383023709059,0.319079169810213,-0.0893157394615158,0.198570816853497,0.00215690541288463,0.00777652393629508,0.00983066347568058
0.516290025636892,0.300062805380241,-0.0892795302120539,0.202765693173328,0.00213035134669871,0.00750581380416455,0.010261784244385
0.486347541942646,0.281994223650832,-0.0890843557508867,0.20663604225628,0.00213658227199218,0.00719503412073771,0.0105917827518963
0.456547489008592,0.264905983018987,-0.0887270583197907,0.210236784754391,0.0021791288507984,0.00685541551525875,0.0108265760768829
0.426908286632415,0.248808874593899,-0.0882141384076466,0.213616480572852,0.00225903993253889,0.0064979167461672,0.0109731772510563
0.397471840311928,0.233693719963977,-0.0875599169137678,0.216816051184722,0.00237514561864542,0.00613266761625821,0.0110394053531169
0.368298337589115,0.219534400806454,-0.0867842627948776,0.219868441551679,0.00252449700681374,0.00576856276625021,0.0110335712141163
0.339460017494897,0.206291594791768,-0.0859102609299844,0.222798986629384,0.00270288610810994,0.00541302085454714,0.0109641696569755
0.311034905728745,0.193916701795118,-0.0849621046804954,0.225626237204448,0.00290536436575857,0.00507189818977542,0.010839603962071
0.283101233967127,0.182355540788197,-0.0839633871100959,0.22836302728275,0.00312670199481303,0.00474952873713936,0.0106679595364243
0.255732960606633,0.171551535790568,-0.0829358607836986,0.231017612655114,0.00336175581893147,0.00444885458074917,0.0104568343581349
0.228996544409721,0.16144824910658,-0.0818986553302174,0.233594762473718,0.00360573518212536,0.00417161090321333,0.0102132257484894
0.202948925674566,0.151991235748986,-0.0808678905636115,0.236096732681746,0.00385437126289186,0.00391853465568374,0.00994346743709484
0.177636548528029,0.143129273060692,-0.0798565986919283,0.238524087193216,0.00410400437741136,0.00368957358881825,0.00965320786392362
0.153095203149364,0.134815064556312,-0.0788748654300691,0.240876358826104,0.00435160768501174,0.00348408008602606,0.00934741976830371
0.129350460003625,0.127005533578046,-0.0779301090062959,0.243152558456619,0.004594765723733,0.00330098099649452,0.00903043167882761
0.10641849080397,0.119661819399561,-0.0770274314727575,0.24535154987282,0.00483162399182062,0.00313891985310959,0.00870597328788546
0.0843071079634482,0.112749074359612,-0.0761699936472145,0.247472311563534,0.00506082259830595,0.00299637143363451,0.00837722836798249
0.0630168945972755,0.106236141723252,-0.0753593805426321,0.24951410710648,0.0052814236745361,0.00287173080506431,0.00804689052741697
0.0425423345566028,0.100095174612256,-0.0745959369330304,0.251476584302395,0.00549283924108658,0.00276338011222538,0.00771721853472766
0.0228728834060498,0.0943012389230277,-0.0738790624096811,0.253359820713734,0.00569476377019251,0.00266973675824229,0.00739008909498029
0.00399394556526078,0.0888319286693712,-0.0732074621207483,0.255164330454836,0.0058871138146151,0.00258928654795619,0.00706704583180997
-0.0141122591226544,0.0836670110101558,-0.0725793538690501,0.256891044273514,0.00606997573272369,0.00252060503328667,0.00674934385805022
-0.0314659438575331,0.0787881099404698,-0.071992634902974,0.25854127241241,0.00624356163925946,0.00246236985002316,0.0064379897441706
-0.0480891148649015,0.0741784318728578,-0.0714450130975065,0.260116657507824,0.00640817314879379,0.00241336635998373,0.00613377696972271
-0.0640050346076721,0.0698225325607221,-0.0709341077072788,0.261619122904566,0.0065641721636629,0.00237248846221947,0.00583731710957884
-0.0792377775830392,0.0657061225061445,-0.0704575248005674,0.263050820241496,0.00671195781580291,0.00233873603739249,0.00554906709492582
-0.0938118671993501,0.0618159067626061,-0.0700129120932219,0.264414078946401,0.00685194864206353,0.002311210150912,0.00526935292686975
-0.107751982385558,0.0581394545412071,-0.0695979973521692,0.265711359338696,0.00698456911290874,0.00228910686240391,0.00499839022520867
-0.121082723281775,0.0546650940183686,-0.0692106139376325,0.266945210324132,0.00711023971299922,0.00227171026664739,0.00473630198075417
-0.133828426452511,0.051381827997035,-0.0688487164608724,0.268118232148922,0.00722936986994385,0.00225838521653895,0.00448313385269868
-0.146013021209862,0.0482792665094656,-0.0685103889915958,0.269233044308792,0.00734235312883062,0.00224857004435149,0.00423886732172119
-0.157659919775194,0.0453475729543743,-0.0681938477705148,0.27029225845425,0.00744956406815727,0.00224176949580609,0.00400343097735957
-0.168791936565788,0.0425774079512345,-0.0678974408931268,0.271298460071341,0.00755135672319779,0.00223754806025695,0.00377671021732301
-0.179431224022253,0.0399599347410537,-0.0676196414484168,0.272254177476536,0.0076480632571253,0.00223552355040395,0.0035585554166187
-0.189599235722109,0.0374867482112328,-0.0673590447323894,0.273161880938995,0.0077399944983554,0.00223536144629559,0.00334878908078114
-0.199316697856037,0.0351498656488701,-0.0671143602671318,0.274023966923418,0.00782744020582362,0.00223676953234277,0.00314721181689159
-0.208603593985005,0.0329417061567522,-0.0668844042729957,0.274842749943754,0.0079106698840408,0.00223949307283125,0.00295360743487353
-0.21747915905942,0.0308550725753237,-0.0666680919151911,0.275620456859418,0.00798993382100007,0.00224331045644892,0.0027677472693995
-0.225961880756815,0.0288831351827984,-0.0664644295929672,0.276359223220811,0.00806546425504455,0.0022480292839789,0.0025893938300498
-0.234069506558809,0.0270194166346824,-0.0662725074561999,0.277061091311258,0.00813747660116342,0.00225348286870451,0.00241830387293515
-0.241819055274586,0.025257777759101,-0.06609149227079,0.277728009572753,0.00820617068663225,0.00225952711690155,0.00225423097471969
-0.249226831967971,0.0235924039329315,-0.0659206207074923,0.278361833143888,0.00827173196068779,0.00226603775532914,0.00209692767899071
-0.256308445448185,0.0220177918625995,-0.0657591930935199,0.278964325276528,0.00833433265472027,0.00227290787330719,0.00194614727543601
-0.263078827654989,0.02052873664883,-0.0656065676414023,0.279537159433714,0.00839413287792288,0.00228004574840719,0.00180164526394968
-0.269552254379088,0.0191203190779341,-0.065462155152524,0.280081921900681,0.00845128163981278,0.00228737292662793,0.00166318054916571
-0.275742366884763,0.0177878931059444,-0.0653254141802209,0.280600114770509,0.00850591779579157,0.00229482253006524,0.00153051640440899
-0.281662194091461,0.016527073535446,-0.0651958466296163,0.281093159190349,0.00855817091543399,0.00230233776730216,0.00140342123866719
-0.28732417502053,0.0153337238935194,-0.0650729937672111,0.281562398773622,0.00860816207519415,0.00230987062393822,0.00128166919605154
-0.292740181287595,0.0142039445366248,-0.064956432610257,0.282009103102832,0.00865600457913284,0.00231738071283807,0.00116504061285755
-0.297921539464451,0.0131340610080707,-0.0648457726656522,0.282434471262815,0.00870180461191116,0.00232483426571555,0.00105332235394811
-0.302879053165515,0.012120612673048,-0.0647406529880869,0.282839635356423,0.00874566182898864,0.00233220324956439,0.000946308047345593
-0.307623024752269,0.0111603416652494,-0.0646407395282284,0.283225663965875,0.00878766988932501,0.00233946459322113,0.000843798233128878
-0.312163276567568,0.0102501821641577,-0.0645457227437145,0.283593565531691,0.00882791693544614,0.00234659951093816,0.000745600440653799
-0.316509171635524,0.00938725002933959,-0.0644553154470219,0.28394429162825,0.00886648602604566,0.00235359291132181,0.000651529206074348
-0.320669633777878,0.00856883280474451,-0.0643692508665585,0.28427874012116,0.0089034555258166,0.00236043288130593,0.000561406040480536
-0.324653167113674,0.00779238011154047,-0.0642872808992544,0.284597758196595,0.00893889945672869,0.00236711023602539,0.00047505935747191
-0.328467874918007,0.0070554944344375,-0.0642091745347273,0.284902145256218,0.00897288781516503,0.00237361812651366,0.000392324367732781
-0.332121477824132,0.00635592230947695,-0.0641347164333476,0.285192655674638,0.00900548685830197,0.00237995169810193,0.000313042947120866
-0.335621331361949,0.00569154591495876,-0.064063705641946,0.285470001418717,0.00903675936319982,0.00238610779324031,0.00023706348377409
-0.338974442831381,0.00506037506101227,-0.0639959544326447,0.285734854529804,0.00906676486167807,0.00239208469321821,0.000164240708946327
-0.342187487514014,0.00446053958126703,-0.0639312872519525,0.285987849471532,0.00909555985365568,0.00239788189392032,9.44355155568453e-05
-0.345266824230881,0.00389028210908109,-0.0638695397685122,0.286229585346927,0.00912319800121825,0.00240349991135246,2.75147678251279e-05
-0.348218510256401,0.00334795123952059,-0.0638105580089404,0.286460627989074,0.00914973030578848,0.00240894011318139,-3.66488951450071e-05
-0.351048315600433,0.00283199506080717,-0.0637541975730433,0.286681511930331,0.00917520527007806,0.00241420457299958,-9.8177259447252e-05
-0.353761736676065,0.00234095504444728,-0.0637003229196322,0.286892742255558,0.00919966904658305,0.00241929594443466,-0.000157186738141857
-0.356364009366614,0.0018734602849229,-0.0636488067160937,0.287094796344599,0.00922316557403894,0.00242421735256199,-0.000213788573026183
-0.358860121512074,0.00142822207015609,-0.0635995292447937,0.287288125509768,0.0092457367032069,0.00242897230041564,-0.00026808903506648
-0.361254824831596,0.00100402877138263,-0.0635523778610687,0.287473156533855,0.00926742231309133,0.00243356458865536,-0.00032018962236551
-0.363552646302066,0.00059974103776483,-0.0635072464972045,0.287650293114114,0.00928826041847021,0.00243799824668297,-0.000370187254755482
-0.365757899011719,0.000214287282640445,-0.0634640352078758,0.287819917217577,0.00930828726984369,0.0024422774737311,-0.000418174464300867
-0.367874692508082,-0.0001533405554313,-0.0634226497534186,0.287982390352934,0.00932753744625896,0.00244640658862418,-0.000464239581141986
-0.369906942660036,-0.000504090989825945,-0.0633830012168036,0.288138054763813,0.00934604394204323,0.00245038998706946,-0.000508466914249687
-0.371858381053345,-0.000838856714813887,-0.0633450056511043,0.28828723454839,0.00936383824775359,0.00245423210548923,-0.00055093692675505
-0.3737325639379,-0.00115847810069226,-0.0633085837550268,0.288430236709738,0.0093809504259902,0.00245793739053076,-0.000591726405640809
-0.375532880746941,-0.00146374646992389,-0.0632736605735437,0.288567352141359,0.00939740918243255,0.00246151027348833,-0.000630908625635695
-0.377262562205177,-0.00175540716163744,-0.0632401652211916,0.288698856551787,0.00941324193274375,0.00246495514898497,-0.000668553507223701
-0.378924688044396,-0.0020341624009893,-0.0632080306263192,0.288825011332259,0.0094284748654155,0.00246827635733053,-0.000704727768747581
-0.380522194343534,-0.00230067399015596,-0.0631771932943455,0.28894606437099,0.00944313300108436,0.00247147817005677,-0.000739495072619564
-0.382057880511563,-0.00255556581791663,-0.0631475930883683,0.289062250817657,0.00945724024830551,0.00247456477818841,-0.0007729161657069
-0.383534415927267,-0.00279942621351709,-0.0631191730253328,0.289173793800965,0.00947081945657067,0.00247754028287311,-0.00080504901395728
-0.384954346253858,-0.00303281014669674,-0.0630918790868904,0.289280905102618,0.00948389246612055,0.00248040868803185,-0.000835948931383537
-0.38632009944184,-0.00325624128538773,-0.0630656600431738,0.289383785790124,0.00949648015556553,0.00248317389474289,-0.00086566870354066
-0.387633991436658,-0.00347021392108554,-0.0630404672894175,0.289482626811716,0.0095086024863616,0.00248583969710858,-0.000894258705631873
-0.388898231603867,-0.00367519476810629,-0.0630162546927723,0.289577609555034,0.00952027854567314,0.00248840977938249,-0.000921767015406064
-0.390114927885463,-0.00387162464493146,-0.0629929784502644,0.289668906372461,0.00953152658663719,0.00249088771417039,-0.000948239521006923
-0.391286091701328,-0.00405992005110499,-0.0629705969555616,0.289756681075058,0.00954236406678727,0.0024932769615365,-0.000973720023945381
-0.392413642607433,-0.00424047464017394,-0.0629490706749903,0.289841089397183,0.00955280768437236,0.00249558086887467,-0.000998250337363744
-0.393499412722131,-0.00441366059694399,-0.0629283620314351,0.289922279433498,0.00956287341313443,0.00249780267141875,-0.00102187037977182
-0.394545150933476,-0.00457982992566163,-0.0629084352951683,0.29000039205018,0.00957257653541536,0.00249994549328903,-0.00104461826442909
-0.395552526897758,-0.00473931565741157,-0.0628892564823696,0.290075561272227,0.00958193167335924,0.00250201234897064,-0.00106653038454581
-0.396523134838657,-0.00489243297849022,-0.0628707932595947,0.290147914647999,0.00959095281886503,0.00250400614516149,-0.00108764149447422
-0.397458497157698,-0.00503948028398503,-0.0628530148540686,0.290217573592538,0.00959965336217624,0.0025059296829007,-0.001107984787057
-0.398360067866244,-0.00518074017185288,-0.062835891970061,0.290284653711359,0.00960804611869391,0.00250778565993694,-0.00112759196730229
-0.399229235846396,-0.00531648036806583,-0.0628193967096209,0.290349265105248,0.00961614335508902,0.0025095766732723,-0.00114649332254506
-0.400067327950541,-0.00544695458722889,-0.0628035024981732,0.29041151265768,0.00962395681403948,0.00251130522184183,-0.00116471778924736
-0.400875611947588,-0.00557240335515868,-0.0627881840152083,0.290471496306262,0.00963149773730088,0.00251297370929822,-0.00118229301659733
-0.401655299322002,-0.0056930547590402,-0.0627734171285718,0.290529311298322,0.00963877688836323,0.00251458444685732,-0.00119924542704314
-0.402407547935703,-0.00580912517557884,-0.0627591788323532,0.290585048432266,0.00964580457383655,0.00251613965618985,-0.00121560027391201
-0.403133464557703,-0.00592081992431763,-0.0627454471889795,0.290638794285511,0.00965259066380383,0.00251764147232719,-0.00123138169624934
-0.403834107269544,-0.00602833390680435,-0.0627322012740238,0.290690631429568,0.00965914461109118,0.00251909194657252,-0.0012466127710051
-0.40451048775107,-0.00613185219210696,-0.0627194211249951,0.290740638633261,0.00966547546995147,0.00252049304938295,-0.00126131556269283
-0.405163573455016,-0.00623155056181581,-0.0627070876921742,0.290788891054798,0.0096715919134444,0.00252184667322916,-0.00127551117065016
-0.405794289673227,-0.00632759603909948,-0.0626951827923627,0.290835460422871,0.00967750225094559,0.00252315463541911,-0.00128921977400994
-0.40640352150212,-0.00642014736566503,-0.0626836890659527,0.290880415208394,0.00968321444362349,0.00252441868085852,-0.00130246067448837
-0.406992115712601,-0.00650935547279412,-0.0626725899357781,0.290923820786713,0.00968873611988728,0.00252564048475979,-0.00131525233710674
-0.407560882527473,-0.00659536389188131,-0.0626618695675207,0.29096573959076,0.00969407459034643,0.00252682165529262,-0.00132761242894266
-0.408110597311805,-0.00667830916951054,-0.0626515128341047,0.291006231256254,0.00969923686167896,0.00252796373615787,-0.00133955785600063
-0.408642002182424,-0.00675832125090823,-0.0626415052801112,0.291045352759087,0.00970422964986103,0.0025290682090947,-0.00135110479830532
-0.409155807537338,-0.00683552382200849,-0.0626318330896447,0.291083158545313,0.00970905939283106,0.00253013649631791,-0.00136226874329845
-0.409652693511704,-0.00691003465708431,-0.0626224830550064,0.291119700654048,0.00971373226306028,0.0025311699628751,-0.00137306451762428
-0.410133311363255,-0.006981965935703,-0.062613442546918,0.291155028834177,0.00971825417891161,0.00253216991892694,-0.00138350631738038
-0.410598284791503,-0.00705142452636215,-0.0626046994871916,0.291189190654878,0.00972263081553073,0.00253313762195587,-0.00139360773691714
-0.411048211191156,-0.00711851228139409,-0.0625962423223787,0.291222231610214,0.00972686761572143,0.00253407427889785,-0.00140338179624556
-0.411483662846971,-0.00718332628717695,-0.0625880599982063,0.291254195218248,0.00973096979999729,0.00253498104819853,-0.001412840967138
-0.411905188070883,-0.00724595912786113,-0.0625801419365007,0.291285123115139,0.00973494237605626,0.00253585904178684,-0.00142199719797043
-0.412313312283452,-0.00730649910860889,-0.0625724780122562,0.291315055144212,0.00973879014848861,0.00253670932699024,-0.00143086193738406
-0.412708539045314,-0.00736503047018243,-0.0625650585325845,0.291344029440747,0.00974251772695692,0.00253753292837351,-0.00143944615680672
-0.413091351038474,-0.00742163361196827,-0.0625578742163171,0.291372082512136,0.00974612953489138,0.0025383308294918,-0.00144776037190707
-0.413462211000407,-0.00747638528840504,-0.0625509161752027,0.29139924931404,0.00974962981761337,0.00253910397459436,-0.00145581466303196
-0.413821562614605,-0.00752935877197543,-0.0625441758954467,0.291425563322851,0.0097530226496014,0.0025398532702511,-0.00146361869466062
-0.414169831359621,-0.00758062405260509,-0.0625376452196127,0.291451056603939,0.00975631194253556,0.00254057958692958,-0.00147118173395085
-0.414507425314184,-0.00763024799845851,-0.0625313163320288,0.291475759877274,0.00975950145149912,0.00254128376047209,-0.00147851266839661
-0.414834735930427,-0.00767829449427443,-0.0625251817413926,0.291499702579176,0.00976259478208038,0.00254196659355975,-0.00148562002266143
-0.415152138765312,-0.0077248246145248,-0.0625192342666481,0.291522912920976,0.00976559539680904,0.00254262885708373,-0.00149251197461444
-0.41545999417982,-0.00776989674531634,-0.0625134670235594,0.291545417945266,0.00976850662083115,0.00254327129147244,-0.001499196370612
-0.415758648006923,-0.00781356671613704,-0.0625078734101291,0.29156724357883,0.00977133164818481,0.00254389460795856,-0.00150568074006815
-0.416048432184556,-0.00785588793181993,-0.062502447094445,0.291588414683015,0.00977407354737653,0.00254449948979606,-0.00151197230933686
-0.416329665364084,-0.00789691149078314,-0.062497182003052,0.291608955102384,0.00977673526594738,0.00254508659342745,-0.00151807801495507
-0.416602653485412,-0.00793668629346379,-0.0624920723078604,0.291628887709471,0.00977931963678905,0.00254565654960593,-0.00152400451626209
-0.416867690328219,-0.00797525913995173,-0.0624871124168069,0.291648234448783,0.0097818293821944,0.00254620996446099,-0.00152975820743577
-0.417125058038939,-0.00801267485019823,-0.0624822969632947,0.291667016378658,0.00978426711806634,0.0025467474205156,-0.00153534522897181
-0.417375027629873,-0.0080489763421795,-0.0624776207946484,0.291685253709359,0.0097866353599047,0.00254726947768351,-0.00154077147863711
-0.41761785945816,-0.00808420472473069,-0.0624730789649405,0.291702965841918,0.00978893652510183,0.00254777667417706,-0.00154604262190731
-0.417853803682809,-0.00811839937855466,-0.0624686667240439,0.291720171402925,0.00979117293843656,0.00254826952745023,-0.00155116410193887
-0.418083100697039,-0.00815159805249253,-0.0624643795103912,0.291736888278661,0.00979334683530089,0.00254874853503295,-0.00155614114906775
-0.418305981548453,-0.00818383692136063,-0.06246021294132,0.29175313364767,0.00979546036569015,0.00254921417533727,-0.0015609787898899
-0.418522668329894,-0.00821515067760289,-0.0624561628074055,0.291768924011363,0.00979751559759429,0.00254966690849352,-0.00156568185592127
-0.418733374562631,-0.00824557258182639,-0.0624522250629977,0.291784275223563,0.00979951452023905,0.00255010717705583,-0.00157025499185814
-0.418938305555134,-0.00827513453152063,-0.0624483958202907,0.291799202518265,0.00980145904761613,0.00255053540675734,-0.00157470266347434
-0.419137658750826,-0.0083038671405689,-0.0624446713414716,0.291813720536561,0.00980335102173496,0.00255095200719732,-0.0015790291651554
-0.419331624053196,-0.00833179977994708,-0.0624410480349343,0.291827843352121,0.00980519221453263,0.00255135737247926,-0.00158323862708521
-0.419520384144248,-0.00835896063481568,-0.0624375224450471,0.291841584494648,0.00980698433267609,0.00255175188187291,-0.00158733502212461
-0.41970411478563,-0.0083853767616889,-0.0624340912498352,0.29185495697461,0.00980872901782642,0.00255213590041124,-0.00159132217237271
-0.419882985102335,-0.00841107413506103,-0.06243075125356,0.291867973303503,0.00981042785128947,0.00255250977945954,-0.00159520375543634
-0.420057157860191,-0.00843607771174913,-0.0624274993823833,0.291880645516143,0.00981208235562033,0.00255287385727831,-0.00159898331041612
-0.420226789728127,-0.00846041146638192,-0.0624243326784548,0.291892985190286,0.00981369399671899,0.00255322845956398,-0.0016026642436392
-0.42039203152596,-0.00848409842360874,-0.0624212482958684,0.291905003465718,0.00981526418662425,0.00255357389993765,-0.00160624983411346
-0.420553028469195,-0.00850716069777015,-0.0624182434950539,0.291916711063225,0.0098167942850822,0.00255391048044524,-0.00160974323877199
-0.420709920392383,-0.00852961957158666,-0.0624153156387536,0.291928118300738,0.00981828560314274,0.00255423849203387,-0.00161314749745912
-0.420862841971735,-0.00855149547484683,-0.0624124621883557,0.291939235111217,0.00981973940318253,0.00255455821497363,-0.00161646553770889
-0.421011922934295,-0.00857280807313787,-0.0624096806990808,0.29195007105814,0.00982115690210277,0.00255486991930787,-0.00161970017931505
-0.421157288257858,-0.00859357627276933,-0.0624069688173406,0.291960635351098,0.0098225392718009,0.00255517386524855,-0.00162285413870375
-0.421299058361499,-0.0086138182484255,-0.062404324273377,0.291970936858965,0.00982388764377545,0.0025554703035596,-0.00162593003310272
-0.421437349289176,-0.00863355149573376,-0.0624017448840624,0.291980984125871,0.00982520310709389,0.00255575947596943,-0.00162893038454852
-0.421572272888719,-0.00865279285804696,-0.0623992285441723,0.291990785383203,0.00982648671234234,0.0025560416154703,-0.00163185762368897
-0.42170393697287,-0.0086715585235164,-0.0623967732241349,0.292000348561757,0.00982773947356444,0.00255631694673671,-0.00163471409347049
-0.421832445487018,-0.00868986408701762,-0.0623943769694498,0.292009681305535,0.00982896236695755,0.00255658568639348,-0.00163750205260686
-0.421957898656984,-0.00870772456307765,-0.062392037895046,0.292018790981874,0.00983015633598612,0.00255684804335085,-0.00164022367896077
-0.422080393140647,-0.00872515440880184,-0.0623897541830777,0.292027684693029,0.00983132229001414,0.00255710421913058,-0.0016428810727228
-0.422200022167222,-0.00874216755673718,-0.0623875240823312,0.29203636928762,0.00983246110566054,0.00255735440811275,-0.00164547625949433
-0.42231687566906,-0.00875877742583028,-0.0623853459026374,0.292044851368958,0.00983357363020264,0.00255759879782909,-0.00164801119322239
-0.422431040416517,-0.00877499693507961,-0.0623832180143216,0.29205313730689,0.00983466068014078,0.00255783756928305,-0.00165048775902217
-0.422542600137219,-0.00879083853929257,-0.0623811388440739,0.292061233244715,0.00983572304519533,0.00255807089710843,-0.00165290777586645
-0.422651635637289,-0.00880631423021841,-0.0623791068742365,0.292069145110405,0.00983676148624143,0.00255829894987786,-0.00165527299915724
-0.422758224913302,-0.00882143558834696,-0.0623771206410301,0.292076878623625,0.00983777673858515,0.00255852189034967,-0.00165758512320766
-0.422862443259819,-0.00883621378355566,-0.0623751787321423,0.292084439304558,0.00983876951215193,0.00255873987562536,-0.00165984578361717
-0.422964363377317,-0.0088506595636377,-0.0623732797815107,0.292091832480799,0.00983974049324571,0.00255895305743331,-0.00166205655952858
-0.42306405547059,-0.00886478329843565,-0.0623714224732068,0.292099063296416,0.00984069034343732,0.00255916158229812,-0.00166421897581045
-0.42316158734249,-0.00887859502081466,-0.0623696055357318,0.292106136717944,0.0098416197024239,0.00255936559174701,-0.00166633450514069
-0.42325702448644,-0.00889210436601486,-0.0623678277402821,0.292113057541255,0.00984252918901487,0.00255956522250376,-0.00166840457000989
-0.423350430179412,-0.00890532068476783,-0.0623660879002122,0.292119830398694,0.00984341940009752,0.00255976060666176,-0.00167043054461719
-0.423441865557377,-0.00891825294765657,-0.0623643848706904,0.292126459764801,0.00984429091293551,0.00255995187188816,-0.0016724137567432
-0.423531389702987,-0.00893090985397731,-0.0623627175426642,0.292132949962383,0.00984514428603501,0.00256013914154353,-0.00167435548947402
-0.423619059721048,-0.00894329978781517,-0.0623610848458752,0.292139305168294,0.00984598005964698,0.00256032253488076,-0.00167625698290702
-0.423704930811122,-0.00895543086205721,-0.0623594857479047,0.292145529420231,0.00984679875462954,0.00256050216719206,-0.00167811943578929
-0.423789056347681,-0.00896731089303303,-0.0623579192466345,0.292151626620019,0.00984760087605659,0.00256067814995305,-0.0016799440070383
-0.423871487933865,-0.00897894742047997,-0.0623563843778219,0.292157600540466,0.00984838691092876,0.00256085059093516,-0.00168173181725214
-0.423952275480096,-0.00899034777418105,-0.0623548802058163,0.292163454829017,0.00984915733168628,0.00256101959439086,-0.00168348395014714
-0.424031467260056,-0.00900151898975326,-0.062353405825115,0.29216919301218,0.00984991259607473,0.00256118526117222,-0.00168520145390815
-0.424109109977751,-0.009012467884325,-0.0623519603641926,0.292174818502772,0.00985065314388947,0.00256134768885615,-0.00168688534254132
-0.424185248817316,-0.00902320104900341,-0.0623505429751658,0.292180334600295,0.0098513794039549,0.00256150697185524,-0.00168853659710821
-0.424259927504787,-0.00903372488183246,-0.062349152839324,0.292185744496964,0.00985209179086064,0.00256166320150097,-0.00169015616695433
-0.424333188358627,-0.00904404552885826,-0.062347789166583,0.292191051282756,0.00985279070450936,0.00256181646624422,-0.00169174497087233
-0.424405072347743,-0.00905416895198686,-0.0623464511897157,0.292196257948549,0.00985347653209925,0.0025619668516688,-0.00169330389823656
-0.424475619132021,-0.0090641009327321,-0.0623451381664265,0.292201367387916,0.00985414964990878,0.00256211444066679,-0.00169483381005671
-0.424545278258274,-0.0090739048765403,-0.0623438417261639,0.292206412175639,0.00985481434559957,0.00256226017367639,-0.00169634445612204
-0.424614707980527,-0.00908367352167462,-0.062342549617179,0.292211439992751,0.00985547689871593,0.0025624054277571,-0.00169785011190258
-0.424684136518347,-0.00909343900668387,-0.0623412575928642,0.292216467369146,0.00985613948631471,0.00256255068030192,-0.00169935572664696
-0.424753563874088,-0.00910320129372721,-0.0623399656503914,0.292221494303981,0.00985680210981385,0.00256269593129396,-0.00170086130032782
-0.424822990044495,-0.00911296041882481,-0.062338673792519,0.292226520797977,0.0098574647678648,0.00256284118071632,-0.00170236683291778
-0.424892415031884,-0.00912271637573991,-0.0623373820178237,0.292231546851372,0.00985812746050276,0.00256298642852303,-0.0017038723243895
-0.424961838833603,-0.00913246913894713,-0.0623360903276593,0.29223657246415,0.00985879018776277,0.00256313167470134,-0.00170537777472471
-0.425031261452077,-0.00914221873106688,-0.0623347987192001,0.292241597635374,0.00985945295106289,0.00256327691920113,-0.00170688318388695
-0.42510068288394,-0.0091519651578684,-0.062333507195205,0.292246622365761,0.00986011574905456,0.00256342216200549,-0.00170838855184885
-0.425170103131541,-0.00916170838290843,-0.0623322157542482,0.292251646655648,0.00986077858177277,0.0025635674031017,-0.00170989387859215
-0.425239522192242,-0.00917144844120932,-0.0623309243976941,0.29225667050493,0.00986144144925183,0.00256371264246869,-0.00171139916408039
-0.425308940066681,-0.00918118532509169,-0.0623296331227069,0.292261693912755,0.00986210435291047,0.00256385788006465,-0.00171290440829532
-0.425378356757186,-0.00919091900438263,-0.0623283419306545,0.292266716879749,0.00986276729140026,0.00256400311583944,-0.00171440961120045
-0.425447772260064,-0.00920064951444735,-0.0623270508228983,0.292271739406246,0.00986343026475619,0.00256414834978034,-0.00171591477277754
-0.425517186577052,-0.00921037684872115,-0.0623257597980104,0.292276761492185,0.00986409327301286,0.00256429358187045,-0.00171741989299922
-0.425586599707693,-0.00922010100629524,-0.0623244688559567,0.292281783137503,0.0098647563162049,0.00256443881209287,-0.00171892497183814
-0.425656011651071,-0.00922982196160432,-0.0623231779980932,0.292286804342088,0.00986541939436741,0.00256458404040164,-0.00172043000926693
-0.425725422407763,-0.00923953973872978,-0.0623218872230004,0.29229182510623,0.009866082507535,0.00256472926677985,-0.00172193500525823
-0.425794831976104,-0.00924925433567794,-0.0623205965292417,0.292296845429037,0.009866745657126,0.00256487449118154,-0.00172343995978466
-0.425864240354612,-0.00925896575821628,-0.0623193059195755,0.292301865311227,0.00986740884179176,0.00256501971358982,-0.00172494487281888
-0.425933647544906,-0.00926867396953321,-0.0623180153925744,0.292306884752738,0.00986807206156685,0.00256516493398778,-0.00172644974433351
-0.426003053549098,-0.00927837899930264,-0.0623167249482097,0.29231190375381,0.00986873531648636,0.00256531015232947,-0.0017279545743012
-0.426072458364845,-0.00928808084661647,-0.0623154345864473,0.292316922314381,0.00986939860658485,0.00256545536859798,-0.00172945936269457
-0.426141861989609,-0.00929777951619261,-0.0623141443086404,0.292321940434431,0.00987006193189722,0.00256560058278059,-0.00173096410949539
-0.426211264424966,-0.00930747500143285,-0.0623128541133651,0.292326958113806,0.00987072529245818,0.00256574579482717,-0.00173246881466717
-0.42628066567296,-0.0093171673018268,-0.0623115640005948,0.292331975352795,0.00987138868830227,0.00256589100472082,-0.00173397347818255
-0.426350065731305,-0.00932685641637613,-0.0623102739702881,0.292336992151329,0.00987205211946488,0.00256603621241975,-0.00173547810002329
-0.426419464599428,-0.00933654231392487,-0.0623089840224106,0.292342008509345,0.00987271558598054,0.00256618141790705,-0.00173698268016202
-0.426488862276875,-0.00934622502384212,-0.0623076941569342,0.292347024426738,0.0098733790878834,0.00256632662116168,-0.00173848721856225
-0.426558258761683,-0.00935590455117675,-0.062306404375217,0.292352039903792,0.00987404262520885,0.00256647182214183,-0.00173999171520575
-0.426627654057458,-0.00936558088936996,-0.0623051146758328,0.292357054940443,0.00987470619799138,0.00256661702083062,-0.00174149617006515
-0.426697048161808,-0.00937525403745055,-0.0623038250587452,0.292362069536579,0.009875369806266,0.00256676221718207,-0.00174300058311309
-0.426766441074208,-0.00938492399460463,-0.0623025355239286,0.292367083692144,0.00987603345006632,0.0025669074112042,-0.00174450495431308
-0.426835832795995,-0.00939459076118468,-0.0623012460727458,0.292372097408152,0.009876697128045,0.00256705260282615,-0.00174600928364689
-0.426905223327472,-0.00940425433533067,-0.0622999567037665,0.292377110683811,0.00987736084161919,0.00256719779206009,-0.00174751357108714
-0.426974612666351,-0.00941391471604327,-0.0622986674169487,0.292382123519049,0.00987802459082424,0.00256734297886424,-0.0017490178166156
-0.427044000812678,-0.00942357190284178,-0.0622973782122726,0.292387135914115,0.00987868837569424,0.00256748816321752,-0.00175052202019577
-0.427113387765328,-0.00943322589435729,-0.0622960890896936,0.292392147868542,0.00987935219626415,0.00256763334507399,-0.00175202618180031
-0.427182773526338,-0.00944287669008155,-0.0622948000491862,0.29239715938262,0.00988001605256842,0.00256777852441675,-0.00175353030140184
-0.427252158094036,-0.0094525242894139,-0.0622935110907169,0.292402170456633,0.00988067994464234,0.002567923701204,-0.00175503437898212
-0.427321541468444,-0.0094621686921629,-0.0622922222156519,0.292407181090953,0.00988134387113625,0.00256806887544377,-0.00175653841450466
-0.427390923648457,-0.00947180989667088,-0.0622909334225607,0.292412191284987,0.00988200783346882,0.00256821404706102,-0.00175804240794211
-0.427460304635761,-0.00948144793231824,-0.0622896447114074,0.292417201038768,0.00988267183167429,0.00256835921607211,-0.00175954635927622
-0.427529684427737,-0.00949108276791324,-0.0622883560821611,0.292422210352139,0.00988333586578723,0.0025685043824269,-0.0017610502684705
-0.427599063025809,-0.00950071440394004,-0.0622870675361909,0.292427219226213,0.00988399993445917,0.00256864954611267,-0.00176255413550672
-0.427668440428298,-0.00951034283840966,-0.0622857790720611,0.292432227660096,0.00988466403910823,0.00256879470708347,-0.00176405796035751
-0.427737816638795,-0.00951996806477178,-0.0622844906883472,0.292437235653726,0.00988532817976878,0.00256893986532241,-0.0017655617429955
-0.427807191652666,-0.00952959008779449,-0.0622832023864126,0.292442243206997,0.00988599235647483,0.00256908502080844,-0.00176706548338422
-0.427876565470667,-0.00953920890749966,-0.0622819141676159,0.292447250320618,0.00988665656787843,0.00256923017349976,-0.00176856918150541
-0.427945938091898,-0.00954882455260873,-0.0622806260305323,0.292452256994099,0.00988732081539712,0.00256937532337949,-0.00177007283733173
-0.428015309517615,-0.00955843699190465,-0.0622793379751259,0.292457263227327,0.00988798509906577,0.00256952047040167,-0.00177157645083579
-0.428084679747246,-0.0095680462258977,-0.0622780500027713,0.292462269021371,0.00988864941753553,0.00256966561454942,-0.00177308002199024
-0.428154048780707,-0.00957765224662499,-0.0622767621106368,0.292467274375036,0.00988931377222391,0.00256981075580586,-0.00177458355076772
-0.428223416617094,-0.00958725506017699,-0.0622754743014855,0.292472279289341,0.00988997816178258,0.00256995589412501,-0.00177608703714086
-0.428292783256878,-0.00959685469485157,-0.0622741865738794,0.292477283763486,0.00989064258762939,0.00257010102949418,-0.00177759048109142
-0.428362148698098,-0.00960645111992082,-0.0622728989277991,0.292482287797717,0.0098913070497983,0.0025702461618923,-0.00177909388258291
-0.428431512942954,-0.00961604432939556,-0.0622716113632095,0.292487291392348,0.00989197154694092,0.00257039129127343,-0.00178059724158798
-0.428500875990249,-0.00962563432736532,-0.0622703238800721,0.292492294546932,0.00989263608047512,0.00257053641762483,-0.00178210055808837
-0.428570237838751,-0.00963522114415548,-0.062269036479756,0.292497297262091,0.00989330064905214,0.00257068154089641,-0.00178360383204761
-0.4286395984896,-0.00964480474232492,-0.062267749159441,0.292502299537379,0.00989396525408981,0.00257082666107543,-0.00178510706344745
-0.428708957940595,-0.00965438512725945,-0.062266461921882,0.292507301373116,0.00989462989423885,0.00257097177814086,-0.00178661025225141
-0.428778316192822,-0.00966396232765599,-0.0622651747656494,0.292512302768855,0.00989529457091706,0.00257111689207997,-0.00178811339844124
-0.428847673247601,-0.0096735363081011,-0.0622638876907302,0.292517303725572,0.00989595928277569,0.00257126200284265,-0.00178961650198046
-0.428917029100573,-0.00968310707182306,-0.0622626006970666,0.292522304242062,0.00989662403123303,0.00257140711038711,-0.00179111956285083
-0.428986383757208,-0.00969267464394472,-0.0622613137846436,0.292527304319396,0.00989728881494015,0.00257155221469646,-0.00179262258102499
-0.429055737211702,-0.00970223899793478,-0.062260026953419,0.292532303956731,0.00989795363531446,0.00257169731575383,-0.00179412555647556
-0.429125089467019,-0.00971180015851997,-0.0622587402033701,0.292537303154782,0.00989861849100699,0.00257184241354234,-0.00179562848917519
-0.429194440521083,-0.00972135809910372,-0.0622574535344524,0.292542301912655,0.00989928338343567,0.00257198750801604,-0.00179713137909652
-0.429263790373313,-0.00973091282019914,-0.0622561669480408,0.29254730023142,0.00989994831125152,0.00257213259915804,-0.00179863422621217
-0.429333139025463,-0.00974046434544879,-0.0622548804427102,0.292552298110963,0.00990061327448926,0.0025722776869224,-0.0018001370304948
-0.429402486475499,-0.00975001264832278,-0.0622535940184188,0.292557295550439,0.00990127827456627,0.00257242277129224,-0.00180163979191702
-0.429471832725115,-0.00975955775394554,-0.0622523076751518,0.29256229255092,0.00990194331013356,0.00257256785225068,-0.00180314251045149
-0.429541177773673,-0.00976909963110074,-0.0622510214128745,0.292567289112289,0.00990260838122581,0.00257271292975177,-0.00180464518607083
-0.429610521619366,-0.00977863831375616,-0.062249735231545,0.292572285233704,0.00990327348926038,0.00257285800377863,-0.00180614781874768
-0.429679864263105,-0.00978817376604926,-0.062248449131133,0.292577280915873,0.00990393863288913,0.00257300307428947,-0.0018076504084638
-0.429749205704758,-0.00979770602338724,-0.0622471631130089,0.292582276159042,0.00990460381214586,0.00257314814126327,-0.00180915295518271
-0.429818545942839,-0.00980723504796836,-0.0622458771743519,0.292587270962367,0.00990526902844788,0.00257329320468314,-0.00181065545887704
-0.429887884978252,-0.00981676087012966,-0.0622445913165242,0.292592265326609,0.00990593428044652,0.00257343826453636,-0.00181215791952856
-0.429957222809979,-0.0098262834643192,-0.0622433055408858,0.292597259251609,0.00990659956817607,0.00257358332077284,-0.00181366033710076
-0.430026559437438,-0.00983580285353629,-0.0622420198446157,0.292602252736869,0.0099072648930547,0.00257372837335077,-0.00181516271157542
-0.430095894859198,-0.00984531904359751,-0.0622407342304738,0.292607245783155,0.00990793025373284,0.00257387342228236,-0.00181666504292517
-0.430165229078511,-0.00985483199761627,-0.0622394486970384,0.292612238390259,0.00990859565024528,0.00257401846748844,-0.00181816733111352
-0.430234562093272,-0.00986434174497935,-0.0622381632442754,0.292617230558212,0.00990926108262595,0.00257416350898535,-0.00181966957612223
-0.430303893905341,-0.00987384825486932,-0.0622368778721581,0.29262222228725,0.00990992655090947,0.00257430854672715,-0.00182117177792394
-0.430373224509143,-0.0098833515612502,-0.0622355925806447,0.292627213576531,0.00991059205651308,0.00257445358069698,-0.00182267393649129
-0.430442553909246,-0.00989285165856887,-0.0622343073697162,0.292632204426677,0.00991125759808786,0.00257459861084471,-0.00182417605178779
-0.430511882103892,-0.00990234851604626,-0.0622330222393435,0.292637194838019,0.00991192317566824,0.00257474363715765,-0.00182567812379519
-0.430581209092707,-0.00991184216303112,-0.0622317371894953,0.292642184810493,0.00991258878928828,0.00257488865961892,-0.00182718015248614
-0.430650534874895,-0.00992133260419005,-0.0622304522215261,0.292647174343985,0.00991325443898254,0.00257503367818257,-0.00182868213783327
-0.430719859450123,-0.00993081980274347,-0.0622291673340154,0.29265216343843,0.00991392012478507,0.00257517869283174,-0.00183018407980922
-0.43078918282001,-0.00994030378801295,-0.0622278825269261,0.292657152093807,0.00991458584673027,0.00257532370355371,-0.00183168597839574
-0.430858504981482,-0.00994978455844316,-0.0622265977988382,0.292662140309532,0.00991525160623549,0.00257546871029837,-0.00183318783355636
-0.430927825937105,-0.00995926211415026,-0.0622253131511199,0.29266712808632,0.00991591740195159,0.00257561371304887,-0.0018346896452637
-0.430997145684963,-0.00996873642431901,-0.0622240285837446,0.292672115424409,0.0099165832339131,0.00257575871175925,-0.0018361914134904
-0.431066464226057,-0.00997820751787541,-0.0622227440966681,0.292677102323425,0.00991724910215438,0.0025759037064168,-0.00183769313821822
-0.431135781556373,-0.00998767539997228,-0.0622214596912605,0.292682088783613,0.00991791500670908,0.00257604869700051,-0.00183919481941068
-0.431205101786187,-0.00999714061858349,-0.0622201752904164,0.292687075100888,0.00991858098627767,0.00257619369205823,-0.00184069654599118
-0.431274435681259,-0.0100066046245574,-0.0622188906941658,0.292692062049087,0.00991924714493786,0.00257633871409944,-0.00184219855118391
-0.431343796569526,-0.0100160692489261,-0.062217605655762,0.292697050586383,0.00991991361114144,0.0025764837909486,-0.00184370112369171
-0.431413197791801,-0.0100255363266034,-0.0622163199271841,0.292702041671589,0.00992058051389714,0.00257662895051526,-0.00184520455248229
-0.431482652708555,-0.0100350076455825,-0.0622150332621262,0.292707036264794,0.00992124798123004,0.00257677422067677,-0.00184670912696532
-0.431552174715229,-0.0100444850292567,-0.0622137454134104,0.292712035329384,0.00992191614042076,0.0025769196294482,-0.00184821513715224
-0.431621777235975,-0.0100539703224994,-0.0622124561300411,0.29271703982833,0.00992258512299694,0.00257706520486143,-0.00184972287384563
-0.431691473743706,-0.0100634653104376,-0.062211165164271,0.292722050729863,0.00992325505726269,0.00257721097506899,-0.0018512326287775
-0.431761277762393,-0.0100729718533103,-0.0622098722654045,0.292727069004325,0.00992392607378826,0.00257735696830072,-0.00185274469479486
-0.431831202876698,-0.0100824917667876,-0.0622085771821602,0.29273209562725,0.00992459830282557,0.0025775032129341,-0.00185425936603393
-0.431901262736403,-0.010092026889869,-0.0622072796625635,0.292737131577599,0.00992527187608698,0.00257764973750682,-0.00185577693806951
-0.431971471069431,-0.0101015790778406,-0.0622059794521004,0.292742177839775,0.00992594692611871,0.00257779657067057,-0.00185729770811952
-0.432041841682132,-0.0101111501847477,-0.0622046762953862,0.292747235403409,0.00992662358733771,0.00257794374125708,-0.00185882197518621
-0.432112388483376,-0.0101207420954162,-0.0622033699354209,0.292752305266333,0.00992730199161896,0.00257809127831671,-0.00186035004026196
-0.432183125473172,-0.0101303566861522,-0.0622020601130151,0.292757388431285,0.00992798227545781,0.00257823921108622,-0.00186188220648387
-0.432254066763592,-0.0101399958155769,-0.06220074656739,0.292762485909667,0.00992866457452147,0.00257838756902774,-0.00186341877931747
-0.432325226581117,-0.0101496614063688,-0.0621994290369767,0.292767598720739,0.00992934902570856,0.00257853638183312,-0.00186496006675725
-0.432396619281127,-0.0101593553830892,-0.0621981072539853,0.292772727891353,0.00993003576894904,0.00257868567949164,-0.00186650637948436
-0.432468259348347,-0.0101690796750732,-0.0621967809533491,0.292777874459525,0.00993072494260625,0.00257883549224577,-0.00186805803107078
-0.432540161416825,-0.0101788362476149,-0.0621954498636134,0.292783039472234,0.00993141668837563,0.00257898585061893,-0.00186961533815671
-0.432612340264846,-0.0101886270336248,-0.062194113712203,0.292788223986604,0.00993211114953311,0.00257913678548394,-0.00187117862065845
-0.432684810834704,-0.0101984540599407,-0.0621927722230349,0.292793429071622,0.00993280847054251,0.0025792883280271,-0.00187274820196064
-0.432757588241694,-0.010208319301129,-0.0621914251163859,0.292798655808333,0.00993350879676127,0.00257944050979578,-0.00187432440909793
-0.432830687774501,-0.0102182247954877,-0.0621900721106875,0.29280390528921,0.00993421227682146,0.00257959336267849,-0.00187590757297462
-0.432904124913025,-0.010228172581082,-0.0621887129198397,0.292809178620713,0.00993491906086818,0.00257974691900547,-0.00187749802856771
-0.432977915339506,-0.0102381647581955,-0.0621873472538515,0.292814476923672,0.00993562929997504,0.00257990121147787,-0.00187909611513481
-0.433052074939181,-0.0102482034176961,-0.0621859748220292,0.292819801333305,0.00993634314724659,0.00258005627324835,-0.00188070217643336
-0.433126619820783,-0.0102582906667763,-0.0621845953247068,0.292825152999419,0.00993706075946782,0.00258021213791967,-0.00188231656091813
-0.433201566317157,-0.0102684286956663,-0.0621832084619768,0.292830533088099,0.00993778229483572,0.00258036883956651,-0.00188393962200433
-0.433276931003212,-0.0102786196647481,-0.0621818139276066,0.292835942782842,0.00993850791334869,0.00258052641276639,-0.00188557171826483
-0.433352730705835,-0.0102888657609242,-0.0621804114112984,0.292841383284505,0.0099392377778262,0.0025806848926224,-0.00188721321366352
-0.433428982511249,-0.0102991692612704,-0.0621790005991758,0.292846855812322,0.00993997205350069,0.00258084431478155,-0.00188886447781757
-0.43350570377463,-0.0103095324351837,-0.0621775811708162,0.292852361603946,0.00994071090966165,0.00258100471541313,-0.00189052588620643
-0.433582912142863,-0.0103199576138956,-0.0621761528001066,0.29285790191746,0.00994145451724958,0.00258116613132278,-0.00189219782047068
-0.433660625554661,-0.0103304471275723,-0.0621747151570324,0.292863478032041,0.0099422030496763,0.00258132859994059,-0.00189388066861688
-0.433738862259284,-0.0103410033618334,-0.0621732679058454,0.292869091248487,0.00994295668416672,0.00258149215929813,-0.00189557482530316
-0.433817640822045,-0.0103516287230233,-0.062171810703805,0.292874742889186,0.00994371560164614,0.00258165684809895,-0.00189728069212758
-0.43389698014822,-0.0103623257062991,-0.0621703432032386,0.292880434301595,0.00994447998444109,0.00258182270574902,-0.00189899867787832
-0.433976899488072,-0.0103730967845169,-0.062168865048767,0.292886166856515,0.0099452500195991,0.00258198977239921,-0.00190072919881682
-0.43405741844673,-0.0103839445354579,-0.0621673758799907,0.292891941949367,0.00994602589869366,0.00258215808890461,-0.00190247267898821
-0.434138557012563,-0.0103948715608161,-0.0621658753282391,0.292897761003486,0.0099468078148051,0.00258232769689793,-0.00190422955050267
-0.43422033555525,-0.0104058804752974,-0.0621643630202776,0.292903625468958,0.00994759596554396,0.00258249863884802,-0.0019060002538598
-0.434302774852391,-0.0104169740077327,-0.0621628385713375,0.292909536823479,0.00994839055388704,0.00258267095804511,-0.00190778523825949
-0.434385896095773,-0.0104281548725427,-0.0621613015936208,0.292915496575076,0.00994919178468458,0.00258284469865206,-0.00190958496190716
-0.434469720913094,-0.0104394258895695,-0.0621597516879454,0.292921506261548,0.0099499998691232,0.00258301990572078,-0.00191139989238231
-0.434554271383274,-0.0104507898913088,-0.0621581884482883,0.29292756745307,0.00995081502113948,0.00258319662524924,-0.00191323050696501
-0.434639570048371,-0.0104622497935463,-0.062156611459263,0.292933681751422,0.00995163746079695,0.00258337490416872,-0.00191507729298581
-0.434725639935396,-0.0104738085693747,-0.0621550202992742,0.292939850793741,0.00995246741142901,0.00258355479045146,-0.00191694074820512
-0.434812504571589,-0.0104854692458355,-0.0621534145342532,0.292946076251215,0.00995330510243693,0.00258373633311218,-0.00191882138118719
-0.434900188003082,-0.0104972349033654,-0.0621517937231653,0.292952359832234,0.00995415076716982,0.00258391958220328,-0.00192071971167452
-0.434988714814937,-0.010509108701305,-0.0621501574126152,0.292958703282363,0.00995500464567309,0.00258410458890515,-0.00192263627100689
-0.435078110144848,-0.0105210938735606,-0.0621485051418202,0.292965108386662,0.00995586698259879,0.00258429140554206,-0.00192457160252524
-0.43516839971003,-0.0105331937226096,-0.0621468364369496,0.292971576970033,0.00995673802883658,0.00258448008567061,-0.00192652626199807
-0.435259609823674,-0.0105454115995582,-0.0621451508156922,0.292978110900445,0.00995761804000997,0.00258467068404701,-0.00192850081805765
-0.435351767414149,-0.0105577509567278,-0.0621434477821367,0.292984712087685,0.00995850727957719,0.00258486325671777,-0.00193049585265901
-0.435444900052854,-0.0105702152889163,-0.0621417268305771,0.292991382487832,0.00995940601549612,0.00258505786103407,-0.00193251196154448
-0.43553903596955,-0.0105828082071202,-0.0621399874428812,0.292998124102621,0.00996031452317999,0.00258525455573568,-0.001934549754727
-0.435634204083476,-0.010595533405742,-0.0621382290867565,0.293004938981999,0.0099612330850511,0.00258545340100948,-0.00193660985700152
-0.435730434016432,-0.0106083946452246,-0.062136451218454,0.293011829225058,0.00996216199084517,0.0025856544584388,-0.00193869290843447
-0.4358277561294,-0.0106213957781455,-0.0621346532809429,0.293018796983629,0.00996310153616232,0.00258585779118851,-0.00194079956492451
-0.435926201542789,-0.0106345407419442,-0.0621328347029218,0.293025844462309,0.00996405202400137,0.00258606346395084,-0.00194293049874011
-0.436025802158477,-0.0106478335980397,-0.0621309948994176,0.293032973920253,0.00996501376670083,0.00258627154308789,-0.00194508639908477
-0.436126590694027,-0.0106612784538988,-0.0621291332693166,0.293040187674095,0.00996598708361614,0.00258648209658553,-0.00194726797268688
-0.436228600708454,-0.0106748795646094,-0.062127249196383,0.293047488098833,0.0099669723033545,0.00258669519421428,-0.00194947594442548
-0.436331866630222,-0.0106886412935457,-0.0621253420498299,0.293054877631167,0.00996796976189129,0.00258691090753595,-0.00195171105793806
-0.436436423790187,-0.0107025680740607,-0.0621234111816546,0.293062358770875,0.00996897980419747,0.00258712930996352,-0.00195397407627696
-0.436542308450085,-0.0107166644637567,-0.0621214559267048,0.293069934082401,0.00997000278505843,0.0025873504768221,-0.00195626578259999
-0.436649557835061,-0.0107309351395471,-0.0621194756021531,0.293077606197831,0.00997103906905624,0.00258757448545923,-0.00195858698084085
-0.436758210172508,-0.0107453848987945,-0.0621174695070518,0.293085377819464,0.00997208903007328,0.0025878014152647,-0.00196093849645587
-0.436868304721425,-0.0107600186724358,-0.0621154369219725,0.293093251721843,0.00997315305157691,0.00258803134776589,-0.00196332117715555
-0.436979881807341,-0.0107748415028974,-0.0621133771075699,0.29310123075391,0.00997423152906554,0.00258826436668892,-0.0019657358936887
-0.437092982864031,-0.0107898585519113,-0.062111289304517,0.293109317841894,0.00997532486860816,0.00258850055805857,-0.0019681835406404
-0.437207650468913,-0.0108050751363362,-0.0621091727323098,0.293117515992078,0.00997643348727033,0.0025887400102397,-0.00197066503725264
-0.43732392838595,-0.0108204967067422,-0.0621070265899116,0.293125828293835,0.00997755781354905,0.00258898281403177,-0.00197318132830017
-0.437441861603848,-0.0108361288649425,-0.0621048500543727,0.293134257922304,0.00997869828796967,0.00258922906280088,-0.00197573338497539
-0.437561496382444,-0.0108519773373399,-0.0621026422767097,0.293142808140518,0.00997985536474779,0.00258947885249752,-0.00197832220581106
-0.437682880294557,-0.0108680480392535,-0.0621004023862108,0.293151482303476,0.00998102951069702,0.00258973228177311,-0.00198094881763927
-0.437806062271897,-0.0108843470288813,-0.0620981294877032,0.293160283861329,0.00998222120566087,0.00258998945210056,-0.00198361427658172
-0.437931092656067,-0.0109008805033946,-0.0620958226597282,0.293169216362045,0.00998343094372934,0.00259025046784044,-0.00198631966908198
-0.438058023246317,-0.0109176548632476,-0.06209348095412,0.29317828345523,0.0099846592336176,0.0025905154363475,-0.00198906611296594
-0.438186907350704,-0.0109346766802688,-0.0620911033957505,0.29318748889581,0.00998590659884034,0.00259078446808562,-0.00199185475855341
-0.438317799840517,-0.0109519526970325,-0.0620886889807404,0.293196836547302,0.00998717357835084,0.00259105767672664,-0.00199468678980926
-0.438450757203392,-0.010969489847425,-0.0620862366754803,0.293206330385642,0.00998846072784435,0.00259133517925529,-0.00199756342552519
-0.438585837604853,-0.0109872952411941,-0.0620837454173908,0.293215974503922,0.00998976861852299,0.00259161709610966,-0.00200048592055665
-0.438723100945026,-0.0110053762127453,-0.0620812141110087,0.293225773115175,0.00999109784003938,0.00259190355130234,-0.00200345556711273
-0.438862608921468,-0.0110237402888702,-0.0620786416279103,0.293235730557692,0.00999244899971141,0.00259219467249513,-0.00200647369607857
-0.439004425093284,-0.0110423952097703,-0.0620760268063978,0.293245851298913,0.00999382272340336,0.00259249059119962,-0.00200954167839619
-0.439148614949421,-0.0110613489371366,-0.0620733684505387,0.293256139940505,0.00999521965549009,0.0025927914428683,-0.00201266092649579
-0.439295245975855,-0.0110806096541288,-0.0620706653272237,0.293266601222238,0.00999664046149986,0.00259309736705568,-0.00201583289579025
-0.439444387727588,-0.0111001857758164,-0.062067916166651,0.293277240027772,0.0099980858266861,0.002593408507525,-0.00201905908621248
-0.439596111908372,-0.0111200859680052,-0.062065119658971,0.293288061389396,0.00999955645803453,0.00259372501245269,-0.00202234104382513
-0.439750492442317,-0.0111403191505881,-0.0620622744547912,0.293299070493368,0.0100010530846887,0.00259404703454416,-0.00202568036248116
-0.439907605556141,-0.011160894486106,-0.0620593791635397,0.293310272685435,0.0100025764587001,0.00259437473122845,-0.00202907868556393
-0.440067529867025,-0.0111818214039532,-0.0620564323494788,0.293321673476056,0.010004127356705,0.00259470826478779,-0.00203253770777056
-0.440230346463722,-0.0112031096197337,-0.0620534325339887,0.293333278547006,0.0100057065797449,0.00259504780256812,-0.00203605917699187
-0.440396139002544,-0.0112247691307388,-0.0620503781908468,0.293345093757261,0.010007314954721,0.0025953935171359,-0.00203964489624688
-0.440564993800957,-0.0112468102073993,-0.0620472677463102,0.293357125149955,0.0100089533345899,0.00259574558648485,-0.0020432967256996
-0.440736999931409,-0.0112692434481861,-0.0620440995763382,0.293369378957794,0.0100106226007949,0.00259610419421426,-0.00204701658476264
-0.440912249326854,-0.0112920797480328,-0.0620408720054318,0.293381861610744,0.0100123236634114,0.0025964695297509,-0.00205080645427097
-0.441090836887223,-0.0113153303379084,-0.0620375833045528,0.293394579743433,0.0100140574620171,0.00259684178852398,-0.00205466837873953
-0.441272860587931,-0.0113390067612337,-0.0620342316890302,0.293407540202043,0.0100158249672155,0.00259722117223928,-0.00205860446873597
-0.441458421594422,-0.0113631209159467,-0.0620308153161119,0.293420750052074,0.0100176271820485,0.00259760788905493,-0.00206261690331359
-0.441647624381842,-0.0113876850641074,-0.0620273322847391,0.293434216587114,0.0100194651421945,0.00259800215383965,-0.00206670793256913
-0.441840576860808,-0.0114127118248389,-0.0620237806296186,0.293447947335784,0.0100213399192586,0.00259840418841849,-0.00207087988028708
-0.442037390504146,-0.0114382141866242,-0.0620201583226009,0.293461950071807,0.0100232526199276,0.00259881422181456,-0.00207513514669685
-0.442238180482216,-0.0114642055422856,-0.0620164632685834,0.293476232822075,0.0100252043887482,0.00259923249053251,-0.00207947621133742
-0.442443065802916,-0.0114906996906532,-0.0620126933035128,0.293490803876735,0.010027196408506,0.00259965923880621,-0.0020839056360431
-0.442652169458071,-0.0115177108257649,-0.0620088461908731,0.293505671798386,0.0100292299029011,0.00260009471891864,-0.00208842606804694
-0.442865618573092,-0.0115452535892635,-0.062004919620428,0.29352084543229,0.0100313061373369,0.00260053919145814,-0.00209304024321042
-0.443083544565646,-0.0115733430541923,-0.0620009112044164,0.293536333917087,0.0100334264210769,0.00260099292565644,-0.00209775098938019
-0.443306083312542,-0.0116019947613766,-0.0619968184748567,0.293552146695772,0.0100355921079393,0.00260145619968472,-0.00210256122989736
-0.44353337531541,-0.0116312247076318,-0.061992638880325,0.293568293526452,0.0100378046001407,0.00260192930100362,-0.00210747398723357
-0.443765565885369,-0.0116610493957332,-0.0619883697834711,0.293584784495249,0.0100400653474276,0.00260241252669351,-0.00211249238678479
-0.444002805323487,-0.0116914858056712,-0.0619840084563088,0.293601630027363,0.0100423758515726,0.00260290618381622,-0.00211761966081927
-0.444245249117878,-0.0117225514577756,-0.0619795520787674,0.293618840900974,0.0100447376668476,0.00260341058977871,-0.00212285915259421
-0.444493058143461,-0.0117542643936551,-0.061974997733402,0.293636428259792,0.0100471524026364,0.00260392607273838,-0.00212821432063149
-0.444746398873253,-0.0117866432063636,-0.0619703424028967,0.293654403627416,0.0100496217255319,0.00260445297197455,-0.0021336887431838
-0.445005443596556,-0.011819707054571,-0.0619655829651921,0.293672778921352,0.0100521473617896,0.00260499163833173,-0.00213928612288066
-0.445270370647931,-0.0118534756827049,-0.0619607161898659,0.293691566468033,0.0100547310999836,0.00260554243461911,-0.002145010291568
-0.445541364643765,-0.0118879694362191,-0.0619557387346687,0.293710779018737,0.0100573747928619,0.00260610573609163,-0.00215086521534985
-0.445818616732707,-0.0119232092782168,-0.0619506471394866,0.293730429765315,0.0100600803608896,0.002606681930889,-0.00215685499985228
-0.446102324853695,-0.0119592168151067,-0.0619454378232374,0.293750532357548,0.0100628497938898,0.00260727142052326,-0.00216298389568634
-0.446392694004479,-0.0119960143024974,-0.0619401070782992,0.29377110092009,0.0100656851554713,0.00260787462038763,-0.00216925630416469
-0.446689936524122,-0.0120336246856087,-0.0619346510665267,0.293792150071528,0.0100685885843077,0.00260849196026612,-0.00217567678325141
-0.446994272387919,-0.012072071594139,-0.0619290658128961,0.29381369494288,0.0100715622984594,0.00260912388488128,-0.00218225005375597
-0.447305929510476,-0.0121113793833403,-0.0619233472009113,0.293835751197276,0.010074608598592,0.00260977085444454,-0.00218898100580104
-0.447625144068973,-0.0121515731341123,-0.061917490966701,0.29385833505092,0.0100777298708507,0.00261043334523029,-0.00219587470556359
-0.447952160834418,-0.0121926786932214,-0.0619114926927335,0.293881463294263,0.0100809285913805,0.00261111185019354,-0.00220293640229728
-0.448287233520888,-0.012234722685362,-0.0619053478032165,0.293905153314703,0.0100842073288028,0.00261180687957194,-0.00221017153566438
-0.448630625147101,-0.0122777325336254,-0.0618990515558771,0.293929423119105,0.0100875687499446,0.00261251896155101,-0.00221758574337368
-0.448982608418155,-0.0123217364786353,-0.0618925990365165,0.293954291358746,0.0100910156222927,0.00261324864292244,-0.00222518486915173
-0.449343466119862,-0.0123667636070103,-0.061885985152227,0.293979777354094,0.0100945508190732,0.00261399648977369,-0.00223297497104937
-0.449713491531559,-0.0124128438658803,-0.0618792046230977,0.294005901120809,0.010098177324531,0.00261476308820555,-0.00224096233011816
-0.450092988860584,-0.0124600080857839,-0.0618722519755501,0.294032683397582,0.0101018982372592,0.00261554904508089,-0.00224915345944759
-0.450482273689637,-0.0125082880067643,-0.0618651215342906,0.294060145673929,0.0101057167765305,0.00261635498878583,-0.00225755511360318
-0.450881673450228,-0.0125577163047197,-0.0618578074143803,0.294088310220229,0.0101096362866044,0.00261718157002178,-0.00226617429846938
-0.451291527913959,-0.0126083265880459,-0.0618503035122499,0.294117200118271,0.0101136602426933,0.00261802946262909,-0.00227501828151608
-0.451712189705753,-0.0126601534472769,-0.0618426034966327,0.294146839293142,0.0101177922569112,0.00261889936443364,-0.00228409460251849
-0.452144024841654,-0.012713232460147,-0.0618347008003657,0.294177252547034,0.0101220360837467,0.00261979199812007,-0.00229341108473596
-0.452587413289483,-0.012767600217667,-0.0618265886093597,0.294208465593545,0.0101263956270049,0.00262070811212975,-0.00230297584657753
-0.453042749555679,-0.012823294331026,-0.0618182598529796,0.294240505093942,0.0101308749463252,0.00262164848158773,-0.0023127973137836
-0.453510443297649,-0.0128803534615932,-0.061809707194239,0.294273398695059,0.0101354782636896,0.00262261390926955,-0.00232288423212868
-0.453990919964491,-0.0129388173443848,-0.061800923017697,0.294307175067999,0.0101402099716072,0.00262360522656953,-0.00233324568068796
-0.454484621467021,-0.0129987267805533,-0.0617918994177276,0.294341863949074,0.0101450746405777,0.00262462329452229,-0.00234389108567622
-0.454992006878095,-0.0130601236743908,-0.0617826281879737,0.294377496182625,0.0101500770266762,0.0026256690048343,-0.00235483023489376
-0.455513553164472,-0.0131230510358097,-0.0617731008073363,0.294414103764725,0.0101552220807801,0.00262674328095064,-0.00236607329280851
-0.456049755952919,-0.0131875529900081,-0.0617633084275927,0.294451719889433,0.0101605149571393,0.00262784707913436,-0.00237763081629165
-0.456601130330092,-0.0132536747880276,-0.0617532418595599,0.294490378996524,0.0101659610230256,0.00262898138959081,-0.00238951377104407
-0.457168211680886,-0.0133214628117587,-0.0617428915581911,0.294530116821148,0.0101715658688759,0.00263014723758316,-0.00240173354874168
-0.457751556564539,-0.0133909645779546,-0.0617322476086664,0.294570970446029,0.0101773353180695,0.002631345684595,-0.00241430198493
-0.458351743630414,-0.0134622287339362,-0.061721299710056,0.294612978355115,0.0101832754384991,0.00263257782950048,-0.00242723137769978
-0.458969374577612,-0.0135353050505504,-0.061710037159008,0.294656180489619,0.0101893925541206,0.00263384480974814,-0.00244053450718143
-0.459605075157422,-0.0136102444198766,-0.0616984488331243,0.294700618306509,0.0101956932569113,0.00263514780255007,-0.00245422465588538
-0.460259496224559,-0.0136870988293674,-0.0616865231726024,0.294746334839186,0.0102021844197935,0.00263648802609005,-0.00246831562993102
-0.460933314833945,-0.0137659213505317,-0.0616742481620897,0.294793374760371,0.010208873210339,0.00263786674072496,-0.00248282178119696
-0.461627235392016,-0.0138467661091989,-0.0616616113109132,0.294841784448021,0.0102157671048104,0.00263928525017645,-0.0024977580304347
-0.46234199085914,-0.0139296882445959,-0.06164859963284,0.294891612053283,0.0102228739034372,0.00264074490273323,-0.00251313989138092
-0.463078344009476,-0.0140147438722182,-0.0616351996247957,0.294942907571463,0.0102302017461164,0.00264224709240576,-0.00252898349591017
-0.46383708874956,-0.0141019900298956,-0.0616213972447207,0.294995722915666,0.0102377591293444,0.0026437932600701,-0.00254530562027166
-0.464619051498175,-0.0141914846131611,-0.061607177888143,0.295050111993311,0.0102455549237873,0.00264538489457588,-0.00256212371244937
-0.465425092631508,-0.0142832863021812,-0.0615925263641188,0.295106130785616,0.0102535983930561,0.00264702353378798,-0.00257945592068905
-0.466256107995581,-0.0143774544755159,-0.0615774268698491,0.295163837430112,0.0102618992133106,0.00264871076557253,-0.00259732112323752
-0.467113030490307,-0.0144740491008797,-0.0615618629638779,0.295223292306287,0.0102704674942026,0.00265044822869707,-0.0026157389593372
-0.467996831727064,-0.0145731306280774,-0.0615458175386192,0.295284558124418,0.0102793138009407,0.00265223761363618,-0.00263472986152176
-0.468908523764991,-0.0146747598444601,-0.061529272791258,0.295347700017791,0.0102884491775756,0.00265408066324856,-0.00265431508925546
-0.46984916092828,-0.014778997722166,-0.0615122101934051,0.295412785638291,0.0102978851716717,0.00265597917330505,-0.00267451676396275
-0.470819841709497,-0.0148859052340559,-0.0614946104594548,0.295479885255462,0.0103076338604115,0.00265793499284829,-0.00269535790549247
-0.471821710761398,-0.014995543158862,-0.0614764535134802,0.295549071859107,0.0103177078782045,0.00265995002434111,-0.00271686247005886
-0.472855960983694,-0.0151079718450358,-0.0614577184543541,0.295620421265587,0.0103281204460012,0.00266202622357239,-0.0027390553897018
-0.473923835705462,-0.0152232509472252,-0.0614383835198696,0.295694012227683,0.0103388854023517,0.00266416559927933,-0.00276196261330621
-0.47502663097251,-0.015341439135467,-0.06141842604867,0.295769926548509,0.0103500172360603,0.00266637021242748,-0.0027856111492202
-0.476165697939561,-0.0154625937577684,-0.0613978224406869,0.295848249198884,0.0103615311213105,0.00266864217511352,-0.00281002910950162
-0.477342445374662,-0.0155867704675296,-0.061376548115892,0.295929068438801,0.0103734429544697,0.00267098364901412,-0.00283524575582572
-0.47855834228056,-0.0157140227982761,-0.0613545774710784,0.296012475942687,0.0103857693933817,0.00267339684331258,-0.00286129154708241
-0.47981492063719,-0.015844401694358,-0.0613318838344576,0.296098566928532,0.0103985278991248,0.00267588401202826,-0.00288819818867942
-0.481113778271391,-0.0159779549769735,-0.0613084394190231,0.296187440291141,0.0104117367799566,0.00267844745065359,-0.00291599868355953
-0.482456581858019,-0.0161147267516136,-0.0612842152727637,0.296279198738901,0.0104254152385526,0.00268108949199837,-0.00294472738493328
-0.483845070058319,-0.0162547567409518,-0.0612591812276362,0.296373948934564,0.0104395834219489,0.00268381250111881,-0.00297442005072532
-0.485281056802146,-0.0163980795475761,-0.0612333058456979,0.296471801639809,0.0104542624745732,0.00268661886920043,-0.00300511389970481
-0.486766434717173,-0.0165447238178768,-0.0612065563632616,0.296572871863335,0.0104694745947028,0.00268951100624511,-0.00303684766926508
-0.488303178712405,-0.0166947113239159,-0.0611788986325383,0.296677279012527,0.0104852430945656,0.00269249133238128,-0.00306966167479261
-0.489893349720318,-0.0168480559282595,-0.0611502970606962,0.296785147048293,0.0105015924643808,0.00269556226761109,-0.0031035978705495
-0.491539098603822,-0.0170047624358845,-0.0611207145467734,0.296896604643144,0.0105185484402689,0.00269872621976094,-0.00313869991196286
-0.493242670231726,-0.0171648253177131,-0.0610901124155651,0.297011785341829,0.0105361380769151,0.00270198557039011,-0.00317501321918635
-0.495006407728924,-0.0173282272836175,-0.06105845034922,0.297130827724466,0.0105543898247402,0.00270534265835823,-0.00321258504176713
-0.496832756905113,-0.0174949377042772,-0.0610256863160036,0.297253875571629,0.0105733336121618,0.0027087997607349,-0.00325146452419964
-0.498724270865463,-0.0176649108451657,-0.0609917764967287,0.297381078030847,0.0105930009332165,0.00271235907066776,-0.00329170277211517
-0.500683614807613,-0.0178380839147023,-0.0609566752082134,0.297512589783894,0.0106134249410179,0.00271602267178684,-0.00333335291878714
-0.502713571006334,-0.0180143748887149,-0.0609203348243259,0.297648571214049,0.0106346405473836,0.00271979250866799,-0.00337647019157617
-0.504817043988303,-0.0181936800987172,-0.0608827056944265,0.297789188572566,0.0106566845289726,0.00272367035279819,-0.00342111197785419
-0.506997065896262,-0.0183758715487987,-0.0608437360595892,0.297934614143219,0.0106795956403732,0.00272765776341713,-0.0034673378898654
-0.509256802041326,-0.0185607939443724,-0.0608033719666733,0.298085026403737,0.0107034147346398,0.00273175604253333,-0.00351520982787696
-0.511599556640448,-0.0187482613911498,-0.0607615571802834,0.29824061018255,0.010728184891794,0.00273596618329333,-0.00356479204086088
-0.514028778733172,-0.0189380537361423,-0.060718233093267,0.298401556809337,0.0107539515555761,0.002740288810794,-0.00361615118379915
-0.516548068269047,-0.0191299125091067,-0.0606733386360026,0.298568064257168,0.0107807626791959,0.00274472411428263,-0.00366935637056462
-0.519161182354231,-0.019323536424138,-0.0606268101852003,0.298740337274133,0.0108086688802103,0.00274927176955834,-0.0037244792211288
-0.521872041640083,-0.0195185763963369,-0.0605785814728473,0.298918587501387,0.0108377236053679,0.00275393085021754,-0.00378159390162279
-0.524684736834711,-0.0197146300222352,-0.0605285834961543,0.299103033574682,0.0108679833055785,0.00275869972619808,-0.00384077715558478
-0.527603535309412,-0.0199112354684492,-0.0604767444296638,0.29929390120534,0.010899507621663,0.00276357594787238,-0.00390210832438104
-0.530632887767031,-0.0201078647078899,-0.060422989541156,0.299491423236385,0.0109323595810066,0.00276855611369016,-0.00396566935449452
-0.533777434929786,-0.0203039160388957,-0.0603672411126049,0.299695839668335,0.0109666058056127,0.00277363571910669,-0.00403154478896827
-0.537042014194812,-0.0204987058159551,-0.0603094183688173,0.299907397648504,0.011002316731544,0.0027788089842103,-0.00409982173986443
-0.540431666194679,-0.0206914593143592,-0.0602494374159695,0.300126351416387,0.0110395668399693,0.00278406865712818,-0.00417058983809662
-0.54395164118422,-0.0208813006430175,-0.0601872111933793,0.300352962196278,0.0110784348994838,0.0027894057898801,-0.00424394115636142
-0.547607405160565,-0.0210672416212065,-0.0601226494424605,0.300587498026669,0.01111900421922,0.00279480948290903,-0.00431997010023554
-0.551404645602606,-0.0212481695188268,-0.0600556586972941,0.300830233513826,0.0111613629121531,0.00280026659401166,-0.0043987732617108
-0.555349276694851,-0.0214228335632419,-0.0599861423025884,0.30108144949468,0.0112056041672523,0.00280576140682818,-0.00448044922852027
-0.559447443870854,-0.021589830103804,-0.0599140004658493,0.301341432590993,0.0112518265286468,0.00281127525342322,-0.00456509834151769
-0.563705527481077,-0.0217475863306318,-0.0598391303519671,0.301610474633061,0.0113001341795226,0.00281678608477275,-0.00465282239115667
-0.568130145352912,-0.0218943424326692,-0.0597614262299683,0.301888871927008,0.0113506372272158,0.0028222679822105,-0.00474372424271084
-0.572728153963092,-0.0220281320874552,-0.0596807796839076,0.302176924333902,0.011403451985089,0.00282769060201281,-0.00483790737815812
-0.577506647892931,-0.0221467611803266,-0.05959707990201,0.302474934122406,0.0114587012453573,0.00283301854436974,-0.00493547534080599
-0.582472957176499,-0.0222477846532716,-0.0595102140607488,0.3027832045484,0.0115165145354042,0.0028382106369779,-0.00503653106654554
-0.587634642075747,-0.0223284814079729,-0.0594200678242564,0.303102038104683,0.0115770283478196,0.00284321912240287,-0.00514117608300571
-0.592999484736197,-0.0223858272079312,-0.0593265259827918,0.303431734371444,0.0116403863319422,0.00284798873722236,-0.00524950955502556
-0.598575477078199,-0.0224164655570764,-0.0592294732583323,0.303772587382574,0.0117067394316937,0.00285245566980643,-0.00536162715148731
-0.604370804160588,-0.0224166765901887,-0.0591287953109463,0.304124882403697,0.0117762459501696,0.00285654638242089,-0.00547761970460668
-0.610393822124846,-0.0223823440734959,-0.0590243799848453,0.304488891994169,0.0118490715172004,0.00286017628227675,-0.00559757162842641
-0.616653029676566,-0.0223089207058107,-0.0589161188400438,0.30486487119633,0.0119253889300937,0.0028632482252085,-0.00572155905821664
-0.623157031881946,-0.0221913920394016,-0.0588039090226763,0.305253051658961,0.0120053778311806,0.00286565083501288,-0.00584964766666561
-0.629914494862691,-0.0220242394948211,-0.0586876555357105,0.305653634457967,0.0120892241772611,0.00286725662126674,-0.00598189010631656
-0.636934089740238,-0.0218014031533049,-0.0585672739806027,0.306066781322413,0.012177119446496,0.0028679198788863,-0.00611832302023647
-0.644224423933531,-0.0215162452817653,-0.0584426938501018,0.306492603907499,0.0122692595166761,0.00286747435411057,-0.00625896355480273
-0.651793957633277,-0.0211615158794311,-0.0583138624624761,0.306931150674503,0.0123658431351431,0.00286573066439244,-0.00640380529934049
-0.659650902978663,-0.020729321965143,-0.0581807496369999,0.307382390838721,0.0124670698851527,0.00286247346438279,-0.00655281356748142
-0.667803103137591,-0.0202111028604491,-0.058043353219434,0.307846194726321,0.0125731375352868,0.00285745835752451,-0.00670591992427976
-0.676257888168193,-0.0195976143767681,-0.0579017055727747,0.308322309737463,0.0126842386385282,0.00285040856361972,-0.00686301585186713
-0.685021904233498,-0.0188789256284056,-0.0577558811514007,0.308810330942842,0.0128005562253755,0.00284101136825252,-0.0070239454350546
-0.694100912437563,-0.0180444331612553,-0.0576060052739985,0.309309665139107,0.0129222584115054,0.002828914401615,-0.0071884969365654
-0.703499553364491,-0.0170828982486358,-0.0574522641981432,0.30981948695816,0.0130494917165453,0.00281372182384103,-0.00735639312172601
-0.713221073312521,-0.0159825145641156,-0.0572949165743904,0.310338685363058,0.0131823728673132,0.00279499053359627,-0.00752728018428631
-0.723267008324568,-0.0147310149939968,-0.0571343063139992,0.31086579857472,0.0133209788395842,0.00277222656892876,-0.00770071512072513
-0.733636822519579,-0.013315828086839,-0.0569708768358727,0.311398935169634,0.0134653348803741,0.00274488193712447,-0.00787615140222791
-0.744327498041835,-0.0117242964966654,-0.056805186556444,0.311935678787002,0.0136154002538236,0.0027123521965918,-0.00805292280437784
-0.755333075363966,-0.00994397165527799,-0.0566379253411925,0.312472973618485,0.0137710514756419,0.00267397522145959,-0.00823022527922788
-0.766644144828452,-0.00796300065167335,-0.0564699314388525,0.313006987670341,0.0139320628531572,0.00262903171106846,-0.00840709679692982
-0.778247293441215,-0.00577062262612954,-0.0563022081574178,0.313532950760308,0.0140980842439552,0.00257674816268495,-0.00858239515162674
-0.790124515272716,-0.00335779253661408,-0.0561359392064156,0.314044964442356,0.0142686161019259,0.00251630320471938,-0.0087547738269464
-0.802252599607556,-0.000717949374316976,-0.0559725012168101,0.314535781678227,0.0144429821145551,0.00244683838283342,-0.00892265615948312
-0.814602518330788,0.0021520568922352,-0.0558134714631349,0.314996555267014,0.0146203000696693,0.00236747468901753,-0.00908420823366165
-0.827138842977232,0.00525087105602012,-0.0556606282697728,0.315416556008452,0.0147994520434355,0.00227733629963632,-0.00923731119833882
-0.839819232158893,0.00857137208628619,-0.055515941025391,0.315782864531962,0.0149790555881265,0.00217558310385751,-0.00937953402224285
-0.852594041066506,0.0120992617013804,-0.0553815462295538,0.316080044864989,0.0151574383189821,0.00206145360163177,-0.00950810810449026
-0.865406112730184,0.0158115274608587,-0.055259706343052,0.316289811829055,0.0153326188133033,0.00193431989342536,-0.00961990565667724
-0.878190835514728,0.0196748895333307,-0.0551527443419681,0.316390720341476,0.0155022994616874,0.00179375407747725,-0.00971142405241272
-0.890876506662159,0.0236442394388313,-0.0550629566736944,0.31635788671567,0.0156638732234779,0.0016396089440012,-0.00977877948493899
-0.903385103139886,0.0276612753430636,-0.0549924969040617,0.316162795345894,0.015814452654181,0.00147210881524689,-0.00981771282520476
-0.915633486446289,0.0316534603125799,-0.0549432330752332,0.315773220807141,0.0159509253026406,0.00129194830188281,-0.00982361158102337
-0.927535053403478,0.0355334935386522,-0.0549165821336099,0.315153308383414,0.0160700404446267,0.00110039258754006,-0.0097915515651214
-0.939001783628306,0.0391994819430182,-0.0549133299570539,0.314263847461531,0.0161685298115156,0.000899369932769332,-0.00971636151991795
-0.949946558405898,0.0425359712592295,-0.0549334509749697,0.313062754878651,0.0162432614339025,0.000691543760910599,-0.00959271299497395
-0.960285537865611,0.0454159241694951,-0.0549759468625195,0.311505754292593,0.016291420568874,0.000480348751818867,-0.00941523621554589
-0.969940297602862,0.0477036118249631,-0.0550387280470403,0.30954719213814,0.0163107051671527,0.000269973626575369,-0.00917866056812114
-0.978839363619129,0.0492582177397149,-0.055118563142149,0.307140873455531,0.0162995162237089,6.52736887170413e-05,-0.00887797587041519
-0.986918772057748,0.049937758627217,-0.05521111820244,0.304240739458923,0.0162571169790706,-0.000128400463722238,-0.00850860818112809
-0.994121342311135,0.0496027419391529,-0.0553110986153027,0.300801156074968,0.0161837310972257,-0.000305464889576723,-0.00806660208420498
-1.0003945030464,0.0481188566530277,-0.0554124914381456,0.296776555615503,0.016080550563712,-0.000460451933096107,-0.00754880074904163
-1.00568674407529,0.0453579897024501,-0.0555088867989946,0.292120189609821,0.0159496306120487,-0.000588432988389928,-0.00695301612089278
-1.00994304895497,0.0411970225952031,-0.0555938374918885,0.286781822828966,0.0157936619259908,-0.000685488874511289,-0.00627818457359282
-1.01309993337661,0.0355142099113828,-0.0556612018354975,0.280704331277826,0.0156156285894264,-0.00074919472852521,-0.00552450810601788
-1.01508089646287,0.0281834496128408,-0.0557054127352121,0.273819354981947,0.0154183811672028,-0.000779084712423434,-0.00469358716550235
-1.01579311462152,0.0190673549928615,-0.0557216313701793,0.266042387244904,0.0152041744113756,-0.000777067347499415,-0.00378855768159379
-1.01512602957819,0.00801062578342844,-0.0557057800091312,0.257267943401189,0.0149742351544266,-0.000747773725266136,-0.00281425107415208
-1.01295211550572,-0.00516432316295259,-0.0556545037270807,0.247365741319274,0.014728436254346,-0.000698833910156953,-0.0017774011590933
-1.00912963234108,-0.0206572809990713,-0.0555651779572844,0.236179154950005,0.0144651575723277,-0.000641084048383003,-0.000686925373774076
-1.00350672358714,-0.0386835653694017,-0.0554361431761577,0.223527589229431,0.0141814172967924,-0.000588697858564394,0.00044569133728482
-0.995925979299913,-0.0594589843597677,-0.0552673853787849,0.209214862708296,0.0138733583737139,-0.000559199983878725,0.00160588499926711
-0.986228742853485,-0.0831754123041755,-0.0550618549332534,0.193046070706639,0.0135371721039732,-0.000573245972730658,0.00277535970050916
-0.974259119020223,-0.109967206688243,-0.0548274772838973,0.17485542631223,0.013170519473132,-0.000653944249299017,0.00393130550832917
-0.959868819659261,-0.139870752327814,-0.054579602032247,0.15454659131163,0.0127744393397318,-0.000825370971800984,0.00504555188108658
-0.942925373295815,-0.172782724500465,-0.0543431342301374,0.132143989827008,0.0123555667422237,-0.00110985252959097,0.00608381730409606
-0.923327140894488,-0.208427436790901,-0.0541529673612744,0.107847474903092,0.0119281912505312,-0.00152368754867021,0.00700537032342657
-0.90102790158378,-0.246348962838781,-0.0540508863633184,0.0820735066308747,0.0115153039436744,-0.00207142745596578,0.00776361626134032
-0.876070262362726,-0.285946127218864,-0.0540774299313257,0.0554569232473041,0.0111475137668081,-0.00273975872925841,0.00830827256858287
-0.84862050999456,-0.32656144080318,-0.0542590086250791,0.028786738778612,0.0108589574186929,-0.00349325740849276,0.00858967180401431
-0.818990149362235,-0.367612727336301,-0.0545939410853611,0.00286805480298472,0.0106804684520981,-0.00427505780495051,0.00856506594222282
-0.787627115052487,-0.408722945555223,-0.0550443292099477,-0.0216576299210127,0.010632139223902,-0.00501460389848952,0.00820561580239731
-0.755068439815046,-0.449781833615791,-0.0555405218321661,-0.0444601054344826,0.0107188274298068,-0.00564162036354918,0.00750171786741812
-0.721864427668286,-0.490890311613327,-0.0559992423050036,-0.0655576494057862,0.0109315670225106,-0.00610177048370701,0.00646453265481568
-0.688499848853858,-0.532196069338577,-0.0563481421535906,-0.0852149888576587,0.0112550074266284,-0.00636815867235283,0.0051233589988737
-0.655337734561267,-0.573687904871408,-0.056545142387859,-0.103746796573379,0.0116777765727874,-0.00644537311402902,0.00352068409096435
-0.622597835350024,-0.615035169478165,-0.0565839902326802,-0.121315529598551,0.0122012391399023,-0.00636720423493462,0.00170776144442974
-0.590370840172789,-0.655534353890269,-0.0564848511495467,-0.137806912140439,0.01284280669498,-0.00619209566778788,-0.000256904824492012
-0.558676274571983,-0.694186664939894,-0.0562748827080584,-0.15283679054646,0.0136312567690771,-0.0059999653117298,-0.00230487541341057
-0.527596590212024,-0.729897148770909,-0.055966630583434,-0.165921085010731,0.014592108257288,-0.00589047408971196,-0.00435055663616568
-0.497535075957586,-0.761739528521773,-0.0555442730409373,-0.176821786584083,0.0157216509471358,-0.00597700260318702,-0.00628034011617432
-0.469580831664198,-0.78913376615953,-0.0549713339451647,-0.186010589041275,0.0169524355011552,-0.00636463990850503,-0.00794208792247205
-0.445733326956499,-0.811660362751132,-0.0542319021722174,-0.19499982508748,0.0181262275294841,-0.00710189065198942,-0.00914542580142461
-0.428438345059712,-0.828309945290963,-0.0533931279588474,-0.206071147226637,0.0190087468716992,-0.00811861752322461,-0.00968918727072309
-0.419081840172449,-0.836552700607432,-0.0526317516877327,-0.221144605657359,0.0193717594232722,-0.00920458835989264,-0.0094214636245738
-0.416231981069446,-0.832324220765255,-0.0521700637452491,-0.240481246285759,0.0190986796035737,-0.0100852871906295,-0.0083009408846562
-0.41526656319825,-0.811542470509326,-0.0521663259684437,-0.262518284434432,0.0182102314303471,-0.0105599993346942,-0.00640886964477014
-0.409855428503523,-0.77216791836176,-0.052667890045375,-0.285054996147455,0.0167814475577178,-0.0105848058693225,-0.00390708878650306
-0.394048420838756,-0.715295725051888,-0.0536456709977591,-0.306567451437841,0.0148472819979957,-0.0102457649376191,-0.000991205958223894
-0.363751766235117,-0.644713338023912,-0.0550367738811152,-0.326546171239448,0.0123927273867686,-0.00968129784527609,0.00212117154730599
-0.317208343985764,-0.565031879729781,-0.0567595503612458,-0.344653507691031,0.00943948561358636,-0.00903008388113062,0.00516513182090582
-0.254192491237853,-0.47889312460704,-0.0587416719475262,-0.359041301340382,0.00619191585857861,-0.00841522302846408,0.00778907258488589
-0.173984856147792,-0.385303706572182,-0.0609661144905915,-0.365015194463627,0.00315140560234381,-0.00790164269429793,0.00955131264330467
-0.0744295891262102,-0.282240743455448,-0.0634095803073827,-0.356608557037276,0.000993107114724017,-0.00738981158714048,0.0100326454175105
0.0450080741979741,-0.171832677334819,-0.0658841016672908,-0.33161841777648,0.00011611394315683,-0.00660343165787784,0.00906192254331804
0.179696554588324,-0.0603945466792168,-0.0681189090103815,-0.294132883359452,0.000345992016612695,-0.00531270160925178,0.00682946680376449
0.321994927791379,0.0469439339176206,-0.0700513964436561,-0.25035080534884,0.00122586246874898,-0.00352496614839043,0.00373803440822226
0.466057593910651,0.149005537958206,-0.0719068520395857,-0.203560381500082,0.00245345922464623,-0.00141489656376439,0.000200852818080042
0.609253028772673,0.247048459671855,-0.0741048574172175,-0.153730701380778,0.0039657176134536,0.000802744959010021,-0.00341467939628318
0.749968930237607,0.342353337641318,-0.0772053817873925,-0.100710219813972,0.00571600388140607,0.00288075246224964,-0.0067210399847259
0.884073468912332,0.434097226546253,-0.0816869518594058,-0.0482456669659352,0.00737382876413835,0.00455059563084862,-0.00922488075052641
1.00305868296855,0.517765878154464,-0.087253857941911,-0.00483454576216683,0.00828880778926798,0.00573427374437726,-0.0103578231643538
1.09799921961576,0.586906376233735,-0.0924827689687321,0.022736671050863,0.00804394382653198,0.00675721035125297,-0.00973761379513281
1.16646561846506,0.638528997212083,-0.0960798404937533,0.0367366921106976,0.00700067055390828,0.00806504710727484,-0.00745215904579409
1.21173236726496,0.674592175806838,-0.0981193999865542,0.0445056179551842,0.00586444934419441,0.00975125515142537,-0.00397491706885589
1.23582433128381,0.698098456954743,-0.0993714730783231,0.0493999600763703,0.00493446287301354,0.0115717338638883,0.000124803669166108
1.23722786170389,0.71056779969285,-0.100208772329904,0.0494161284530412,0.00403392910597009,0.0131572310588636,0.00429937723484121
1.21494911671456,0.711649223227067,-0.100276292125774,0.0430695773820932,0.00296492031355369,0.0140293073844417,0.00796116745017125
1.17347083480506,0.698500002321752,-0.0987425489448107,0.0361934611786026,0.00199521404563069,0.0137189542683468,0.0104030197112781
1.12091757420434,0.667224211648229,-0.0951612641486636,0.0404305501556966,0.00175401376638523,0.0123115351339694,0.0109616372393382
1.05937571556717,0.618799590202735,-0.0903048310187558,0.0594571866762077,0.00234656196126571,0.0106868382935431,0.00952488331067621
0.983610007273183,0.560498546436726,-0.0854599720333787,0.0840144963485704,0.00311740805218715,0.00967685262810554,0.00665870192140983
0.890844953414,0.498788700994025,-0.0812068197143643,0.104978766443382,0.00348933766796191,0.00939807226110402,0.00308790003462124
0.784345315506426,0.435343792828969,-0.0773999371134658,0.121085472181005,0.00340689285809598,0.00949009389172063,-0.000636386668464874
0.66957261635598,0.368822048504641,-0.0736220883610912,0.135551468797421,0.00312409174828729,0.00947586869011138,-0.00412406679915709
0.549918090677455,0.297838412935238,-0.0693857075676386,0.150775777095117,0.00287979357366619,0.00893190627476263,-0.00706574455213755
0.425194786162457,0.223404634811457,-0.0642997171014459,0.165515144480384,0.00271463884807601,0.00763395307702069,-0.00919749213004503
0.293941798588021,0.149759245005963,-0.0583649581788446,0.175669499283327,0.00249415820873715,0.00570450415345502,-0.010330710525171
0.157495575394355,0.0823209426141112,-0.0520991405651832,0.177951253249082,0.00208393029700758,0.00358212739197857,-0.0104261374795759
0.0211500848396093,0.0242983788085914,-0.0462322982735876,0.17273732280975,0.00148582414158574,0.00174977445514953,-0.00962881710959606
-0.108784204532142,-0.0245235163943271,-0.0412606719579462,0.163211407410978,0.0008105464654726,0.000467008159639379,-0.00819945336697781
-0.228173521956374,-0.0662407839447462,-0.0372921149408457,0.152633832711024,0.000170897906743211,-0.000268311716328531,-0.00640203173541607
-0.335801528883353,-0.102952135251879,-0.0341805597967323,0.142801917571369,-0.000379003365132784,-0.000599010796545049,-0.00443731569318369
-0.432442092547703,-0.136007981216054,-0.0317046242575488,0.134125578384297,-0.000840857148081094,-0.000692414594453033,-0.00243368450288597
-0.519735880632207,-0.166093922287677,-0.029665145351778,0.126276504754605,-0.00124578458113976,-0.000687986924368033,-0.000465075064023336
-0.599463815496437,-0.193524847568528,-0.027911390562941,0.118718151934157,-0.00163210982522991,-0.00068966809471506,0.00142689070703824
-0.673207883456677,-0.218474987512873,-0.0263363641547451,0.110990136427811,-0.00203301752165956,-0.000774146918456622,0.00321574401478064
-0.742233564108478,-0.241115862124971,-0.024866283978831,0.102833011128092,-0.00247081499303559,-0.000999484968915109,0.00487945982945178
-0.80745816830836,-0.261692650480933,-0.0234531214177829,0.094236772756462,-0.00295432297676601,-0.00140915993949808,0.00639479884042065
-0.869438603598026,-0.280558333265714,-0.0220710521174498,0.0854479308854684,-0.00347792937017656,-0.00203136258691968,0.00773508254799617
-0.928366903177371,-0.298168923152638,-0.0207148355847941,0.0769365732832345,-0.00402236287161084,-0.00287511192750653,0.00887046967495465
-0.984091838651683,-0.315037608914764,-0.0193976198209865,0.0693144308157155,-0.00455782014919422,-0.00392564226659779,0.00977034946384909
-1.03619109148513,-0.331652311925487,-0.0181463238830674,0.0632048455882776,-0.00504974951079102,-0.0051420874899903,0.0104074839652071
-1.08410223107879,-0.348376835476493,-0.0169942494945869,0.0590896020913803,-0.0054665069866786,-0.00646022060411878,0.0107630181806511
-1.12728975991091,-0.365370412479037,-0.0159723816680875,0.057180759627745,-0.00578679987453447,-0.00780128357700239,0.0108308250633371
-1.16539886143485,-0.382560014791571,-0.0151019647489344,0.0573671997939626,-0.00600428316356927,-0.00908510760461824,0.010619532512112
-1.19834584758807,-0.399678207920383,-0.014390590748474,0.0592563979683944,-0.00612761145388024,-0.0102433937585788,0.0101514076104167
-1.22632330044281,-0.416349307034879,-0.0138324263304024,0.0622887165376119,-0.00617625496746224,-0.0112289214523164,0.00945863068746304
-1.2497361786911,-0.432187704595716,-0.0134114141070917,0.0658737263741263,-0.00617411007215307,-0.0120185785831895,0.00857846987657617
-1.26910679098433,-0.446875778977947,-0.0131056009415657,0.0695013609363871,-0.00614339192197915,-0.0126108930473652,0.00754890091663347
-1.28498515273139,-0.460206002654473,-0.0128910196457242,0.0728045255104398,-0.00610046338231059,-0.0130203985417513,0.0064055525381249
-1.29788534672784,-0.472089090900162,-0.0127443909135698,0.0755743403282876,-0.00605406245274862,-0.0132712892500945,0.00518011102779149
-1.30825198749278,-0.482539001618923,-0.0126446163029822,0.0777425238750853,-0.00600551551938174,-0.0133919986046348,0.00389987064807489
-1.31645083352304,-0.491646557427303,-0.0125733895008581,0.079347370970864,-0.00595018899313306,-0.0134113688464241,0.0025880004684649
-1.32277435039856,-0.499550305633888,-0.0125153161083636,0.08049564214974,-0.0058794877128784,-0.0133563915994837,0.0012641687764108
-1.32745395932584,-0.5064093944898,-0.0124578468193411,0.0813273152334098,-0.00578292589529378,-0.0132511657274081,-5.47126071128335e-05
-1.33067321402537,-0.512380397917119,-0.0123912061790583,0.081986016821896,-0.00565001565103407,-0.013116637989416,-0.00135375916454652
-1.33257870040241,-0.517598494891023,-0.0123083925808807,0.0825956112590425,-0.0054718703065743,-0.0129707431193817,-0.00261946818789473
-1.33328744507279,-0.52216291880152,-0.0122052493722985,0.0832425405348119,-0.00524249615948556,-0.0128286581454446,-0.00383918997739295
-1.33289096354219,-0.526126707902776,-0.0120805594509628,0.0839635183853829,-0.00495976489681228,-0.0127029875475681,-0.00500073429154218
-1.33145688413233,-0.529491130375554,-0.0119360902293744,0.084738583274894,-0.00462604444042611,-0.0126037857261186,-0.00609212835461105
-1.32902947820554,-0.532205433022128,-0.0117765077716689,0.0854899281372693,-0.00424844149645473,-0.0125383997061577,-0.00710154520809778
-1.32563049606625,-0.534172555099928,-0.011609086842175,0.0860870763567743,-0.00383859421994091,-0.0125111802638684,-0.00801742114662758
-1.32126149154518,-0.535261021888804,-0.0114431684851792,0.0863586839966651,-0.00341196432739268,-0.0125231632182239,-0.00882877141103467
-1.31590834496718,-0.535322363239361,-0.0112893593998075,0.0861104566599303,-0.00298662539147604,-0.0125718580476341,-0.0095256894375553
-1.30954802729662,-0.534212233259412,-0.0111585246920421,0.0851474877065346,-0.0025816279773857,-0.0126512867576035,-0.010099977520932
-1.30215692241905,-0.531812270567985,-0.0110606869066901,0.0832980755647158,-0.0022151260696283,-0.0127523811738821,-0.0105458147752827
-1.29371944147613,-0.528049087809557,-0.0110039909343386,0.0804352430392932,-0.00190253873795223,-0.0128637706366523,-0.0108603380859053
-1.28423542795878,-0.522907005727048,-0.0109939056320378,0.0764922195440745,-0.00165505496448916,-0.0129728909634202,-0.011044010439209
-1.27372507062683,-0.516432350391099,-0.0110327967006508,0.0714692410157149,-0.00147874021732155,-0.0130672521640076,-0.0111006867201624
-1.26223063866142,-0.508729007841214,-0.0111199267692893,0.0654309189471431,-0.0013743750798997,-0.0131356522530376,-0.0110373520694075
-1.24981514793225,-0.499946755067903,-0.0112518511437888,0.058495459459142,-0.0013379955686316,-0.0131691378120963,-0.0108635787374594
-1.23655862165447,-0.490265389737528,-0.011423085212714,0.0508186354236792,-0.00136194999264136,-0.0131615805950513,-0.010590804563115
-1.22255305706682,-0.479877759789696,-0.011626900321624,0.0425758755694132,-0.00143622166977329,-0.0131098370353169,-0.0102315525803409
-1.20789711066558,-0.46897452338355,-0.0118560990074829,0.0339455623851434,-0.00154975793742904,-0.0130135445177371,-0.00979870155677862
-1.1926913014413,-0.457732364860262,-0.0121036643111391,0.0250956082810057,-0.00169161052225436,-0.0128746637331906,-0.00930488129276349
-1.17703418178752,-0.446306318988721,-0.0123632287752297,0.0161742382731616,-0.00185177941765854,-0.012696892112785,-0.00876202642144641
-1.16101961396951,-0.434825988250688,-0.0126293551951448,0.00730494107622297,-0.0020217349642266,-0.0124850580157345,-0.00818108864788368
-1.1447350733193,-0.423394918597125,-0.0128976530304909,-0.0014150694422972,-0.00219465181278522,-0.0122445736175497,-0.00757188569767172
-1.1282607861854,-0.412092206211458,-0.0131647700076463,-0.00991381164271907,-0.00236541941627051,-0.0119809897781687,-0.00694305562275931
-1.11166947881126,-0.400975445923936,-0.0134283011773157,-0.0181418515366595,-0.00253050144756903,-0.0116996671324109,-0.00630208439054323
-1.09502653103695,-0.390084293749263,-0.0136866525188906,-0.0260687746776723,-0.00268770942222878,-0.0114055576541231,-0.00565537903463869
-1.07839036914709,-0.379444117446162,-0.0139388875633288,-0.0336794133753843,-0.00283594168755821,-0.0111030798155858,-0.00500836496763176
-1.06181297753188,-0.369069398222777,-0.0141845764915783,-0.0409702297659077,-0.00297492343754423,-0.0107960662367793,-0.00436559237750695
-1.04534044916498,-0.35896669932552,-0.014423659407649,-0.0479460889765864,-0.00310496969907868,-0.0104877630102139,-0.00373084196184477
-1.02901352648072,-0.349137127552639,-0.0146563295851204,-0.0546175321684097,-0.00322678258948099,-0.0101808626332699,-0.00310722429839317
-1.0128681068995,-0.339578286074746,-0.0148829384224119,-0.0609985744994023,-0.00334128667920506,-0.00987755619829651,-0.00249726998729656
-0.996935702374356,-0.33028575950527,-0.0151039213067421,-0.0671050007044041,-0.00344950154241217,-0.00957959425855827,-0.00190300955995796
-0.981243851296202,-0.321254193238663,-0.0153197421977113,-0.072953102711689,-0.0035524478935735,-0.00928834910925937,-0.0013260432716511
-0.965816485842726,-0.312478036094702,-0.0155308541361631,-0.0785587917748513,-0.0036510824609656,-0.00900487390610824,-0.000767601511889269
-0.950674260044861,-0.303952013948311,-0.0157376727716031,-0.0839370158890799,-0.00374625642336943,-0.00872995607280067,-0.000228596859955611
-0.935834844156073,-0.295671395917923,-0.01594056017787,-0.0891014175854736,-0.00383869245778653,-0.00846416388485632,0.000290331107261189
-0.921313190371192,-0.287632106519681,-0.0161398165447698,-0.0940641745149085,-0.00392897595209388,-0.00820788607055388,0.000788777186758595
-0.907121774150758,-0.27983072855178,-0.0163356777019205,-0.0988359736563917,-0.00401755656041013,-0.0079613648527568,0.00126653712983045
-0.893270814421668,-0.27226443306822,-0.0165283167993755,-0.103426078504275,-0.00410475692327751,-0.00772472316411807,0.00172357859160602
-0.87976847520792,-0.264930865246879,-0.016717848805371,-0.107842456498303,-0.0041907859831328,-0.00749798689198996,0.00216001574084033
-0.866621050619668,-0.257828008284376,-0.0169043367755125,-0.11209194105745,-0.00427575487309972,-0.00728110301023168,0.00257608694804318
-0.85383313471603,-0.250954041765448,-0.0170877990948347,-0.116180408720702,-0.00435969383353558,-0.007073954384749,0.00297213508251541
-0.841407777490479,-0.244307206198275,-0.0172682170976347,-0.120112957094472,-0.00444256901524687,-0.00687637193312117,0.00334859004482254
-0.829346628119409,-0.237885681533386,-0.0174455426328676,-0.123894073596217,-0.00452429836462512,-0.00668814470098089,0.00370595323905105
-0.81765006655066,-0.231687484373131,-0.0176197052728982,-0.127527788463784,-0.00460476606018431,-0.00650902830322016,0.00404478375157388
-0.806317324440942,-0.225710386127693,-0.0177906189649562,-0.131017808265639,-0.00468383518927025,-0.00633875207510221,0.00436568605253998
-0.795346596467704,-0.21995185256564,-0.0179581880024573,-0.134367628249699,-0.00476135852359347,-0.00617702519298559,0.00466929907109966
-0.784735142980095,-0.214409003868462,-0.0181223122530321,-0.137580623447502,-0.00483718738077011,-0.00602354195514552,0.00495628652252497
-0.774479384879665,-0.209078593388261,-0.0182828916247092,-0.140660119567102,-0.00491117865177729,-0.00587798636034567,0.00522732838438445
-0.764574991566111,-0.203957002770162,-0.0184398297839522,-0.143609445436037,-0.00498320013696032,-0.00574003608369098,0.00548311343112543
-0.755016962716001,-0.199040250835321,-0.0185930371616495,-0.146431969180206,-0.00505313437184265,-0.00560936592276039,0.00572433274429833
-0.745799704500384,-0.194324013524845,-0.0187424332996708,-0.149131120539633,-0.00512088114384817,-0.00548565076832119,0.00595167412291135
-0.736917100785304,-0.189803652316981,-0.0188879485993552,-0.151710401730683,-0.00518635890574893,-0.00536856814335395,0.00616581732102709
-0.728362579753365,-0.185474248723868,-0.0190295255387667,-0.154173389162086,-0.00524950528582498,-0.00525780034748402,0.0063674300425724
-0.720129176294388,-0.181330642732738,-0.0191671194266873,-0.156523728125231,-0.0053102768813509,-0.00515303624039229,0.00655716462556659
-0.712209590431738,-0.177367473356442,-0.0193006987605525,-0.158765122343691,-0.00536864850403859,-0.00505397269600401,0.00673565535015319
-0.704596241995735,-0.173579219763515,-0.0194302452525322,-0.160901320005311,-0.00542461202554408,-0.00496031575852917,0.00690351630690971
-0.697281321694304,-0.169960241752821,-0.0195557535834844,-0.162936097640871,-0.00547817494967826,-0.00487178153074207,0.00706133976473627
-0.690256838701843,-0.166504818614642,-0.0196772309397561,-0.164873242959531,-0.00552935881712863,-0.00478809682437595,0.00720969498039097
-0.683514664884458,-0.163207185684934,-0.0197946963813787,-0.166716537512794,-0.00557819752823759,-0.00470899960188672,0.00734912739452379
-0.677046575725326,-0.160061568086822,-0.0199081800856788,-0.168469739863207,-0.00562473565212131,-0.00463423923713243,0.00748015816349346
-0.670844288036617,-0.157062211359468,-0.0200177225035192,-0.170136569745942,-0.00566902677379555,-0.00456357662132745,0.00760328397935547
-0.664899494550029,-0.154203408820993,-0.0201233734603793,-0.17172069355847,-0.00571113191765933,-0.00449678413884333,0.00771897713420485
-0.659203895468028,-0.151479525629283,-0.0202251912292015,-0.173225711391965,-0.00575111807384109,-0.00443364553523116,0.00782768578927058
-0.653749227077631,-0.148885019601558,-0.0203232415972175,-0.174655145714436,-0.00578905684461407,-0.00437395569781275,0.00792983441282348
-0.648527287532611,-0.146414458922665,-0.0204175969446873,-0.17601243173763,-0.00582502322013593,-0.0043175203669386,0.00802582435483156
-0.643529959918523,-0.144062536919059,-0.0205083353496334,-0.17730090944064,-0.00585909448701469,-0.00426415579381049,0.00811603452997793
-0.638749232724844,-0.141824084110686,-0.0205955397296387,-0.178523817178546,-0.00589134926845898,-0.0042136883587039,0.00820082218404723
-0.634177217862335,-0.139694077775782,-0.0206792970282794,-0.179684286773082,-0.00592186669133149,-0.00416595416148808,0.0082805237218404
-0.629806166356593,-0.137667649264116,-0.020759697452011,-0.180785339965967,-0.0059507256732356,-0.00412079859439066,0.00835545557797019
-0.625628481866322,-0.1357400892978,-0.0208368337610275,-0.181829886101521,-0.00597800432106293,-0.00407807590541876,0.00842591511440016
-0.621636732173275,-0.133906851498344,-0.0209108006154324,-0.182820720902196,-0.0060037794314355,-0.00403764875932118,0.00849218153114025
-0.617823658786317,-0.132163554358872,-0.0209816939778383,-0.183760526202858,-0.00602812608331617,-0.00399938780160063,0.00855451677881792
-0.614182184804848,-0.13050598186944,-0.0210496105712755,-0.184651870513638,-0.0060511173129731,-0.00396317122997994,0.00861316646377528
-0.610705421182958,-0.128930082990087,-0.021114647391254,-0.185497210288221,-0.00607282386145789,-0.00392888437672424,0.00866836073808972
-0.607386671535041,-0.127431970146957,-0.0211769012697211,-0.186298891783335,-0.00609331398574761,-0.00389641930439472,0.00872031516843615
-0.604219435614087,-0.126007916914306,-0.0212364684885347,-0.187059153405156,-0.00611265332480532,-0.00386567441688362,0.00876923157906568
-0.601197411593259,-0.124654355021415,-0.0212934444393861,-0.18778012844829,-0.00613090481264753,-0.00383655408700332,0.00881529886529486
-0.598314497271784,-0.123367870813774,-0.0213479233274548,-0.188463848143423,-0.00614812863148708,-0.00380896830141007,0.00885869377489999
-0.595564790317389,-0.122145201282469,-0.0213999979153143,-0.189112244940234,-0.00616438219822295,-0.00378283232322185,0.0088995816556822
-0.592942587655987,-0.120983229754805,-0.0214497593040338,-0.189727155960539,-0.00617972017868935,-0.00375806637241695,0.00893811716809513
-0.590442384109131,-0.119878981336238,-0.0214972967486991,-0.190310326565435,-0.00619419452459402,-0.00373459532386137,0.00897444496241036
-0.588058870371347,-0.118829618172254,-0.0215426975049079,-0.190863413989382,-0.0062078545286537,-0.00371234842255657,0.00900870032044437
-0.585786930415357,-0.117832434600346,-0.0215860467033516,-0.191387991000424,-0.00622074689403054,-0.00369125901562697,0.00904100976218449
-0.583621638404854,-0.116884852236623,-0.0216274272500752,-0.191885549552312,-0.00623291581491599,-0.00367126430043966,0.00907149161796056
-0.581558255187803,-0.115984415049366,-0.0216669197491437,-0.192357504400813,-0.006244403065031,-0.00365230508816337,0.00910025656709911
-0.579592224434507,-0.115128784452337,-0.0217046024463397,-0.192805196661559,-0.00625524809229168,-0.00363432558203088,0.00912740814414827
-0.577719168483963,-0.1143157344482,-0.0217405511902466,-0.193229897290665,-0.00626548811684218,-0.00361727316956494,0.00915304321389668
-0.575934883949964,-0.113543146853968,-0.0217748394098173,-0.193632810473984,-0.0062751582313366,-0.00360109822800077,0.00917725241651166
-0.57423533713889,-0.112809006621226,-0.0218075381058313,-0.19401507691371,-0.00628429150197084,-0.00358575394215263,0.0092001205841706
-0.572616659321492,-0.112111397271264,-0.0218387158546401,-0.194377777004186,-0.00629291906877878,-0.00357119613398416,0.00922172713060212
-0.571075141899126,-0.111448496453693,-0.0218684388225787,-0.194721933891277,-0.00630107024482324,-0.00355738310316092,0.00924214641496946
-0.56960723149807,-0.110818571647136,-0.0218967707895122,-0.195048516411631,-0.00630877261303729,-0.0035442754778925,0.00926144808150835
-0.568209525023311,-0.110219975993654,-0.0219237731806232,-0.195358441909999,-0.00631605212067038,-0.00353183607540232,0.00927969737632014
-0.566878764700481,-0.109651144284532,-0.0219495051043008,-0.195652578933929,-0.00632293317029261,-0.00352002977139044,0.00929695544267669
-0.565611833126984,-0.109110589097953,-0.0219740233961551,-0.19593174980668,-0.00632943870778973,-0.00350882337789848,0.00931327959615709
-0.564405748356441,-0.10859689708079,-0.0219973826670851,-0.196196733079953,-0.00633559030639033,-0.00349818552901819,0.00932872358088917
-0.563257659029961,-0.108108725380839,-0.0220196353561367,-0.196448265868797,-0.00634140824731858,-0.00348808657389968,0.00934333780810706
-0.562164839575128,-0.107644798231375,-0.0220408317851096,-0.196687046071543,-0.00634691159632694,-0.00347849847658627,0.0093571695781882
-0.561124685480025,-0.107203903678715,-0.02206102021666,-0.196913734478301,-0.00635211827644633,-0.0034693947221918,0.00937026328727128
-0.560134708659065,-0.106784890453348,-0.0220802469133671,-0.197128956771965,-0.00635704513736036,-0.00346075022899819,0.00938266061949817
-0.559192532914248,-0.10638666498255,-0.0220985561983293,-0.197333305425072,-0.00636170802032896,-0.00345254126607569,0.00939440072586451
-0.558295889504167,-0.106008188533173,-0.0221159905166004,-0.197527341497516,-0.00636612182025743,-0.00344474537603511,0.0094055203906047
-0.557442612821923,-0.10564847449455,-0.0221325904969488,-0.197711596338479,-0.0063703005436714,-0.00343734130258087,0.00941605418598745
-0.556630636192691,-0.105306585780642,-0.0221483950136246,-0.197886573197574,-0.00637425736373735,-0.0034303089225215,0.00942603461632853
-0.555857987789277,-0.104981632360347,-0.0221634412476502,-0.198052748748619,-0.00637800467165792,-0.00342362918195797,0.00943549225199182
-0.555122786668852,-0.104672768905172,-0.0221777647479623,-0.198210574530996,-0.00638155412514438,-0.00341728403634892,0.00944445585408979
-0.554423238937374,-0.104379192542362,-0.0221913994914776,-0.198360478312259,-0.00638491669412527,-0.00341125639420928,0.00945295249054842
-0.553757634033149,-0.104100140729599,-0.0222043779426326,-0.198502865375703,-0.00638810270310387,-0.00340553006419587,0.00946100764415536
-0.553124341143402,-0.103834889229176,-0.0222167311108254,-0.198638119737508,-0.0063911218713615,-0.00340008970535368,0.0094686453131708
-0.552521805736725,-0.103582750176953,-0.0222284886080878,-0.198766605296526,-0.00639398335054043,-0.0033949207803138,0.00947588810503396
-0.551948546224485,-0.103343070247966,-0.0222396787046677,-0.198888666920556,-0.00639669575989345,-0.00339000951126205,0.00948275732366794
-0.551403150741831,-0.103115228918291,-0.0222503283827685,-0.19900463147227,-0.00639926721865334,-0.00338534283848574,0.00948927305083887
-0.5508842740514,-0.102898636815111,-0.0222604633897684,-0.199114808778692,-0.00640170537744467,-0.00338090838134073,0.00949545422200528
-0.550390634562481,-0.10269273413487,-0.0222701082895396,-0.199219492546672,-0.00640401744704676,-0.00337669440148015,0.00950131869704893
-0.549921011466693,-0.102496989160426,-0.0222792865113012,-0.199318961227468,-0.00640621022466689,-0.00337268976820422,0.00950688332626072
-0.549474241988593,-0.102310896835801,-0.0222880203986706,-0.199413478834056,-0.00640829012022477,-0.00336888392579471,0.00951216401191989
-0.549049218742131,-0.102133977427385,-0.0222963312563527,-0.199503295712421,-0.0064102631792762,-0.00336526686271371,0.00951717576578129
-0.54864488720143,-0.101965775233052,-0.0223042393940178,-0.199588649270675,-0.00641213510524678,-0.00336182908256034,0.00952193276276879
-0.548260243270098,-0.101805857386865,-0.0223117641707758,-0.199669764667903,-0.00641391128033439,-0.00335856157663339,0.00952644839113966
-0.547894330955078,-0.10165381268602,-0.0223189240361186,-0.199746855464598,-0.00641559678444783,-0.00335545579806902,0.00953073529937447
-0.54754624013775,-0.101509250511181,-0.0223257365709148,-0.199820124237925,-0.00641719641396597,-0.00335250363741748,0.00953480544001982
-0.547215104437628,-0.101371799792162,-0.0223322185256084,-0.199889763162561,-0.00641871469771054,-0.00334969739954762,0.00953867011070763
-0.546900099174868,-0.101241108000955,-0.0223383858577737,-0.199955954560146,-0.00642015591368692,-0.00334702978187085,0.00954233999253687
-0.546600439413856,-0.101116840232514,-0.0223442537679047,-0.20001887141851,-0.00642152410406708,-0.00334449385373735,0.00954582518601158
-0.546315378094151,-0.100998678318191,-0.022349836734118,-0.200078677882009,-0.00642282308775235,-0.00334208303697815,0.00954913524470124
-0.546044204250166,-0.100886319976367,-0.0223551485441085,-0.200135529716287,-0.00642405647508555,-0.00333979108749721,0.00955227920678294
-0.545786241302059,-0.100779478007514,-0.0223602023277822,-0.200189574746912,-0.00642522767914809,-0.00333761207787112,0.00955526562460847
-0.545540845427089,-0.100677879545215,-0.0223650105873132,-0.200240953274185,-0.00642633992751946,-0.0033355403808973,0.00955810259243088
-0.545307404000144,-0.100581265322355,-0.0223695852264553,-0.200289798465873,-0.00642739627234837,-0.00333357065401942,0.00956079777242128
-0.545085334116265,-0.100489389006721,-0.0223739375772962,-0.200336236728819,-0.0064283996016603,-0.00333169782461381,0.00956335841908464
-0.544874081162738,-0.100402016529719,-0.0223780784279481,-0.2003803880601,-0.00642935264742415,-0.00332991707601982,0.00956579140218456
-0.544673117477285,-0.100318925478153,-0.0223820180473406,-0.200422366379706,-0.00643025799582004,-0.00332822383438235,0.0095681032282817
-0.544481941045052,-0.100239904517491,-0.022385766210129,-0.200462279844951,-0.00643111809397661,-0.00332661375613893,0.00957030006096534
-0.544300074277387,-0.100164752821919,-0.0223893322196783,-0.200500231148786,-0.00643193525913772,-0.00332508271618264,0.00957238773988224
-0.544127062835288,-0.100093279544981,-0.0223927249292049,-0.200536317801615,-0.00643271168509849,-0.00332362679668848,0.00957437179862227
-0.543962474506443,-0.100025303340111,-0.0223959527654123,-0.200570632398444,-0.00643344944981772,-0.00332224227646605,0.00957625748154919
-0.543805898140326,-0.0999606518612928,-0.022399023748116,-0.200603262871603,-0.00643415052194329,-0.00332092562095369,0.00957804975964163
-0.543656942634006,-0.0998991613241871,-0.0224019455074249,-0.200634292729977,-0.00643481676570662,-0.00331967347267407,0.00957975334539921
-0.543515235962225,-0.0998406760734319,-0.022404725303617,-0.20066380128607,-0.00643544994753543,-0.00331848264219671,0.00958137270688721
-0.543380424247452,-0.0997850481684321,-0.0224073700464457,-0.200691863870968,-0.00643605174187023,-0.00331735009960068,0.00958291208096972
-0.5432521708908,-0.0997321370282194,-0.0224098863102634,-0.200718552037726,-0.006436623736105,-0.00331627296637513,0.00958437548576909
-0.543130155728486,-0.099681809021162,-0.022412280348543,-0.200743933753885,-0.00643716743324113,-0.00331524850773136,0.00958576673242486
-0.543014074234951,-0.0996339371493904,-0.0224145581125572,-0.200768073585079,-0.00643768426066344,-0.00331427412532467,0.00958708943617491
-0.542903636760723,-0.0995884006886911,-0.022416725264101,-0.200791032867328,-0.00643817556989034,-0.00331334735032115,0.00958834702680604
-0.542798567809269,-0.0995450849086061,-0.0224187871889885,-0.200812869871599,-0.00643864264266404,-0.00331246583687037,0.00958954275852246
-0.542698605354176,-0.0995038807707897,-0.0224207490113565,-0.200833639959643,-0.00643908669571946,-0.00331162735590199,0.00959067971925128
-0.542603500175459,-0.099464684577104,-0.0224226156071672,-0.200853395731658,-0.0064395088830657,-0.00331082978919591,0.00959176083943444
-0.542513015236655,-0.0994273978164478,-0.0224243916142334,-0.200872187165433,-0.00643991029871726,-0.0033100711238568,0.00959278890032796
-0.542426925093178,-0.0993919268224218,-0.0224260814429907,-0.200890061749194,-0.00644029197989506,-0.00330934944694556,0.00959376654184187
-0.54234501533199,-0.09935818253857,-0.0224276892913347,-0.200907064608551,-0.00644065491331927,-0.00330866294050214,0.00959469626995307
-0.542267082021897,-0.0993260803199395,-0.0224292191492727,-0.200923238624,-0.0064410000327265,-0.00330800987675008,0.00959558046369621
-0.542192931206123,-0.0992955397192695,-0.0224306748152004,-0.200938624545164,-0.00644132822508879,-0.00330738861356672,0.00959642138179351
-0.542122378411011,-0.0992664842481698,-0.0224320599043428,-0.200953261098845,-0.00644164033423723,-0.00330679759021349,0.00959722116889924
-0.542055248191882,-0.0992388411663758,-0.022433377851601,-0.200967185088996,-0.00644193715838524,-0.00330623532318533,0.0095979818615241
-0.541990064410702,-0.0992120023333892,-0.0224346576324876,-0.200980702975456,-0.0064422252392454,-0.00330568943833949,0.00959872021908404
-0.541925157189611,-0.099185280015941,-0.0224359320270803,-0.200994161193247,-0.00644251196526925,-0.00330514594736742,0.00959945517310337
-0.541860247262902,-0.0991585592178452,-0.0224372065217818,-0.20100761766403,-0.00644279857276966,-0.00330460251146035,0.00960018988793816
-0.541795334630043,-0.0991318399415733,-0.0224384811150786,-0.201021072386593,-0.00644308506017052,-0.00330405913060468,0.00960092436356104
-0.541730419291466,-0.0991051222189403,-0.0224397558068797,-0.201034525360241,-0.00644337142737134,-0.00330351580478882,0.00960165859993553
-0.541665501256339,-0.0990784060199424,-0.0224410305945391,-0.201047976584316,-0.00644365767427549,-0.00330297253400014,0.00960239259702969
-0.541600580517384,-0.0990516913455095,-0.0224423054819521,-0.201061426058759,-0.00644394380226941,-0.0033024293182546,0.00960312635481161
-0.541535657073985,-0.0990249781981951,-0.022443580467607,-0.201074873782319,-0.0064442298097734,-0.00330188615751084,0.00960385987324936
-0.541470730926655,-0.0989982665792938,-0.0224448555514111,-0.201088319754338,-0.00644451569669059,-0.00330134305178476,0.00960459315231102
-0.541405802084482,-0.0989715564891775,-0.0224461307307269,-0.2011017639742,-0.00644480146292845,-0.00330080000103389,0.00960532619196923
-0.541340870540193,-0.0989448479592863,-0.0224474060094465,-0.201115206441807,-0.00644508710986964,-0.00330025700527509,0.00960605899218749
-0.541275936289271,-0.098918140961,-0.0224486813860609,-0.201128647156265,-0.00644537263593443,-0.00329971406446684,0.00960679155293389
-0.541210999337083,-0.0988914354951113,-0.0224499568619042,-0.201142086117156,-0.00644565804250933,-0.00329917117862491,0.00960752387417651
-0.541146059683006,-0.0988647315633546,-0.0224512324354654,-0.201155523323624,-0.00644594332801823,-0.00329862834773535,0.00960825595588797
-0.541081117337274,-0.0988380291657315,-0.0224525081055213,-0.201168958775214,-0.00644622849384404,-0.00329808557178622,0.00960898779803179
-0.541016172290517,-0.0988113283049212,-0.0224537838731164,-0.201182392471032,-0.00644651353840681,-0.00329754285076451,0.00960971940057605
-0.540951224544208,-0.0987846289816554,-0.0224550597395939,-0.201195824410699,-0.00644679846309718,-0.00329700018465617,0.00961045076349339
-0.540886274097733,-0.0987579311978116,-0.0224563357034355,-0.201209254593283,-0.00644708326633132,-0.00329645757344915,0.00961118188674732
-0.54082132094867,-0.0987312349533853,-0.0224576117659871,-0.201222683018764,-0.0064473679494999,-0.00329591501712933,0.00961191277031047
-0.540756365100397,-0.0987045402517247,-0.0224588879257251,-0.201236109685492,-0.00644765251101911,-0.00329537251568459,0.00961264341414637
-0.54069140655429,-0.0986778470920794,-0.0224601641839924,-0.201249534593806,-0.00644793695227934,-0.00329483006912938,0.00961337381822765
-0.54062644531945,-0.0986511554749604,-0.0224614405381439,-0.201262957743012,-0.00644822127318045,-0.00329428767742286,0.00961410398251782
-0.540561481382886,-0.0986244653732623,-0.0224627169892196,-0.201276379131895,-0.00644850547214606,-0.00329374534057942,0.00961483390698953
-0.540496514749787,-0.0985977768175614,-0.0224639935385582,-0.20128979876036,-0.00644878955055917,-0.00329320305858679,0.00961556359160628
-0.540431545420493,-0.0985710898091003,-0.0224652701860813,-0.20130321662779,-0.00644907350832734,-0.00329266083140199,0.00961629303634071
-0.540366573395528,-0.098544404349172,-0.0224665469316957,-0.20131663273353,-0.00644935734535377,-0.00329211865904031,0.0096170222411609
-0.540301598670576,-0.0985177204403164,-0.0224678237738839,-0.201330047076328,-0.00644964106005848,-0.00329157654148838,0.00961775120603493
-0.540236621250824,-0.0984910380826708,-0.0224691007139845,-0.201343459656086,-0.0064499246538245,-0.00329103447873377,0.0096184799309263
-0.540171641136604,-0.0984643572462932,-0.0224703777519162,-0.201356870472547,-0.00645020812655915,-0.00329049247076203,0.00961920841580766
-0.540106658324647,-0.0984376779636593,-0.0224716548875886,-0.201370279524698,-0.0064504914781659,-0.00328995051755964,0.00961993666064709
-0.540041672819284,-0.0984110002360619,-0.0224729321209086,-0.201383686811883,-0.00645077470854797,-0.00328940861914174,0.00962066466541265
-0.539976684620857,-0.098384324064813,-0.0224742094517939,-0.201397092333449,-0.00645105781760908,-0.00328886677546612,0.00962139243007243
-0.539911693725995,-0.0983576494200309,-0.0224754868801542,-0.201410496089098,-0.00645134080525246,-0.00328832498654781,0.00962211995459449
-0.539846700138943,-0.0983309763342025,-0.0224767644059043,-0.201423898077818,-0.00645162367138186,-0.00328778325234454,0.00962284723894693
-0.539781703860135,-0.0983043048078839,-0.022478042028954,-0.201437298299312,-0.00645190641590051,-0.00328724157287129,0.0096235742830978
-0.539716704886293,-0.098277634812601,-0.0224793197492162,-0.201450696752606,-0.00645218903871577,-0.00328669994811333,0.00962430108701975
-0.539651703221571,-0.0982509663794319,-0.0224805975666024,-0.201464093437364,-0.00645247153972725,-0.00328615837805794,0.0096250276506763
-0.539586698866407,-0.0982242995096778,-0.0224818754810247,-0.201477488352933,-0.00645275391883849,-0.00328561686269135,0.00962575397403551
-0.539521691817526,-0.0981976341748642,-0.0224831534923965,-0.201490881498339,-0.00645303617595683,-0.00328507540199871,0.00962648005707003
-0.539456682079082,-0.098170970406068,-0.0224844316006288,-0.201504272873246,-0.00645331831098193,-0.00328453399596722,0.00962720589974338
-0.53939166964865,-0.0981443081728427,-0.0224857098070678,-0.201517662477637,-0.00645360032530464,-0.00328399264458196,0.00962793150202817
-0.539326654520761,-0.0981176475091144,-0.0224869881127527,-0.201531050310221,-0.00645388221734115,-0.00328345134783004,0.00962865686388795
-0.53926163670091,-0.0980909883847856,-0.022488266515033,-0.201544436370383,-0.00645416398699858,-0.00328291010572513,0.00962938198529533
-0.539196616193341,-0.098064330831596,-0.0224895450138209,-0.201557820657467,-0.00645444563418047,-0.00328236891825326,0.0096301068662184
-0.539131592995548,-0.0980376748192519,-0.0224908236104607,-0.201571203171379,-0.00645472716027023,-0.00328182778537275,0.00963083150662066
-0.539066567110923,-0.0980110203806475,-0.0224921023034325,-0.201584583910907,-0.00645500856369151,-0.00328128670709719,0.00963155590647477
-0.539001538536103,-0.097984367486645,-0.0224933810926483,-0.201597962875395,-0.00645528984434787,-0.00328074568341249,0.00963228006574878
-0.538936507276278,-0.0979577161677445,-0.0224946599794506,-0.201611340064788,-0.00645557100362633,-0.00328020471430451,0.00963300398441079
-0.538871473318365,-0.097931066396924,-0.0224959389648824,-0.201624715477835,-0.00645585203994698,-0.00327966379975908,0.00963372766242886
-0.538806436676326,-0.097904418202989,-0.0224972180477258,-0.201638089114874,-0.00645613295470045,-0.00327912293978966,0.00963445109977563
-0.538741397345862,-0.0978777715588546,-0.0224984972264619,-0.20165146097426,-0.00645641374630322,-0.00327858213435436,0.00963517429641462
-0.538676355332164,-0.097851126464583,-0.022499776502433,-0.201664831055935,-0.00645669441614235,-0.0032780413834389,0.00963589725231391
-0.538611310622148,-0.0978244829532122,-0.0225010558766832,-0.201678199359045,-0.00645697496264151,-0.00327750068705664,0.00963661996744612
-0.538546263229875,-0.0977978409942917,-0.0225023353479871,-0.201691565883137,-0.00645725538718394,-0.00327696004519423,0.00963734244177477
-0.53848121315095,-0.0977712005895527,-0.0225036149148329,-0.201704930627357,-0.00645753568819355,-0.00327641945783629,0.0096380646752725
-0.538416160386862,-0.0977445617703007,-0.0225048945785566,-0.201718293591251,-0.0064578158670536,-0.00327587892496942,0.00963878666790284
-0.538351104932975,-0.0977179245074692,-0.0225061743416382,-0.201731654774565,-0.00645809592367154,-0.00327533844657815,0.0096395084196384
-0.538286046793869,-0.0976912888034503,-0.0225074541999951,-0.201745014175687,-0.00645837585646743,-0.00327479802264801,0.00964022993044727
-0.538220985970839,-0.0976646546575692,-0.0225087341549724,-0.201758371794922,-0.00645865566682841,-0.00327425765316448,0.00964095120029753
-0.538155922468223,-0.0976380220711131,-0.0225100142064766,-0.201771727631615,-0.00645893535465784,-0.00327371733814165,0.00964167222915724
-0.538090856272857,-0.0976113910779496,-0.0225112943555569,-0.201785081684515,-0.00645921491837603,-0.00327317707753629,0.0096423930169945
-0.538025787395095,-0.0975847616475421,-0.0225125746009854,-0.20179843395321,-0.00645949435936989,-0.00327263687136242,0.00964311356377736
-0.537960715839088,-0.0975581337803826,-0.0225138549426804,-0.201811784437442,-0.0064597736775469,-0.00327209671960438,0.00964383386947847
-0.537895641592701,-0.0975315074787205,-0.0225151353831124,-0.20182513313652,-0.00646005287280683,-0.00327155662224847,0.00964455393406135
-0.537830564665168,-0.0975048827429733,-0.0225164159196315,-0.201838480049791,-0.00646033194505331,-0.00327101657927998,0.00964527375749406
-0.537765485056001,-0.0974782595756048,-0.0225176965507226,-0.201851825176043,-0.00646061089271028,-0.00327047659068312,0.00964599333974926
-0.537700402761599,-0.0974516379775554,-0.0225189772802906,-0.201865168515221,-0.00646088971716493,-0.00326993665644309,0.009646712680795
-0.537635317787407,-0.0974250179796809,-0.022520258105685,-0.201878510066673,-0.00646116841832092,-0.00326939677654506,0.00964743178059937
-0.537570230125073,-0.0973983995529739,-0.0225215390293774,-0.201891849830103,-0.00646144699608163,-0.00326885695100281,0.00964815063913045
-0.537505139783935,-0.0973717826985848,-0.0225228200487147,-0.2019051878045,-0.00646172545035073,-0.00326831717980143,0.0096488692563563
-0.537440046768248,-0.0973451674178104,-0.0225241011636087,-0.201918523989212,-0.00646200378103187,-0.00326777746292599,0.00964958763224501
-0.537374951065869,-0.0973185537128286,-0.022525382376534,-0.201931858383587,-0.00646228198802872,-0.0032672378003615,0.00965030576676465
-0.53730985268595,-0.09729194158332,-0.0225266636848425,-0.201945190987329,-0.00646256007124495,-0.00326669819209296,0.0096510236598833
-0.537244751621176,-0.0972653310308866,-0.0225279450924404,-0.201958521800066,-0.00646283803207169,-0.0032661586381043,0.0096517413115736
-0.537179647879861,-0.0972387220572528,-0.0225292265952427,-0.201971850820509,-0.00646311586892517,-0.00326561913838145,0.00965245872179905
-0.537114541453654,-0.0972121146333399,-0.0225305081957249,-0.201985178048401,-0.00646339358171269,-0.00326507969293695,0.0096531758905323
-0.537049432351812,-0.097185508790747,-0.0225317898912389,-0.201998503482733,-0.00646367117033819,-0.00326454030172697,0.00965389281774141
-0.536984320569791,-0.0971589045309061,-0.0225330716842567,-0.202011827123209,-0.00646394863470511,-0.00326400096476499,0.00965460950339448
-0.536919206113043,-0.0971323018542308,-0.0225343535721273,-0.202025148969178,-0.00646422597471714,-0.00326346168203579,0.00965532594745957
-0.536854088974251,-0.0971057007623949,-0.0225356355587532,-0.202038469020229,-0.00646450319176161,-0.0032629224535241,0.00965604214990476
-0.536788969161639,-0.0970791012562425,-0.0225369176400591,-0.202051787275507,-0.00646478028426248,-0.00326238327921362,0.00965675811070268
-0.536723846666958,-0.0970525033380129,-0.0225381998185109,-0.202065103734322,-0.00646505725211936,-0.00326184415911869,0.00965747382981686
-0.536658721500394,-0.0970259069771134,-0.0225394820928942,-0.202078418396301,-0.00646533409672369,-0.00326130509319428,0.00965818930721992
-0.536593593652675,-0.0969993122067258,-0.0225407644642471,-0.202091731260513,-0.00646561081649147,-0.00326076608145464,0.00965890454287539
-0.536528463132965,-0.0969727190272014,-0.0225420469299272,-0.202105042326345,-0.00646588741133055,-0.00326022712385468,0.00965961953675589
-0.536463329933943,-0.0969461274394678,-0.0225433294938348,-0.202118351593745,-0.00646616388262804,-0.00325968822040759,0.00966033428882951
-0.53639819405513,-0.0969195374156184,-0.0225446121544512,-0.20213165906146,-0.00646644022880404,-0.00325914937109786,0.00966104879906432
-0.536333055506813,-0.0968929489852533,-0.0225458949105496,-0.202144964729439,-0.00646671645124571,-0.0032586105759386,0.0096617630674284
-0.536267914279624,-0.0968663621517295,-0.0225471777631841,-0.20215826859647,-0.00646699254837726,-0.00325807183488458,0.00966247709389438
-0.536202770383761,-0.0968397769142884,-0.0225484607111299,-0.202171570662462,-0.00646726852158223,-0.00325753314792118,0.00966319087842578
-0.536137623806228,-0.0968131932458243,-0.0225497437554297,-0.202184870926203,-0.00646754436928436,-0.00325699451506042,0.00966390442099523
-0.536072474552223,-0.0967866111768317,-0.022551026897426,-0.202198169387641,-0.00646782009287107,-0.00325645593628661,0.00966461772157082
-0.536007322630913,-0.0967600306765445,-0.0225523101344695,-0.202211466046483,-0.00646809569224613,-0.00325591741158402,0.00966533078012061
-0.535942168033121,-0.0967334517795549,-0.0225535934676025,-0.202224760901119,-0.00646837116582966,-0.00325537894093692,0.00966604359661268
-0.535877010760238,-0.0967068744859163,-0.0225548768981673,-0.202238053951499,-0.00646864651500912,-0.0032548405243295,0.00966675617101512
-0.535811850821435,-0.0966802987648617,-0.0225561604235146,-0.202251345197329,-0.00646892173968829,-0.00325430216174595,0.00966746850329598
-0.535746688207623,-0.0966537246509003,-0.0225574440446847,-0.20226463463704,-0.00646919683829093,-0.00325376385319806,0.00966818059342792
-0.535681522916389,-0.0966271521137167,-0.0225587277630163,-0.20227792227054,-0.00646947181220062,-0.00325322559867093,0.00966889244137445
-0.535616354951904,-0.0966005811842372,-0.0225600115784277,-0.202291208097576,-0.00646974666132506,-0.00325268739814764,0.0096696040471082
-0.535551184323534,-0.0965740118331629,-0.0225612954882635,-0.20230449211714,-0.00647002138556806,-0.00325214925161222,0.00967031541059724
-0.53548601102284,-0.0965474440923768,-0.0225625794950025,-0.202317774328937,-0.00647029598483343,-0.00325161115904867,0.00967102653180966
-0.535420835045548,-0.0965208779338987,-0.0225638635971292,-0.202331054731759,-0.00647057045754519,-0.00325107312043996,0.0096717374107181
-0.53535565640586,-0.0964943133881297,-0.0225651477934098,-0.202344333325155,-0.00647084480508672,-0.00325053513579966,0.00967244804728606
-0.535290475095236,-0.0964677504260122,-0.0225664320863322,-0.202357610108872,-0.00647111902736599,-0.00324999720508203,0.00967315844148618
-0.535225291114232,-0.0964411890488976,-0.0225677164757989,-0.202370885082222,-0.00647139312428272,-0.00324945932830056,0.00967386859328198
-0.535160104459609,-0.0964146292891811,-0.0225690009617226,-0.202384158244233,-0.00647166709574461,-0.00324892150543809,0.00967457850264609
-0.535094915135534,-0.0963880711169783,-0.0225702855440176,-0.202397429594615,-0.00647194094165554,-0.00324838373647841,0.0096752881695466
-0.535029723151384,-0.0963615145630511,-0.0225715702200289,-0.202410699132754,-0.00647221466192297,-0.00324784602143292,0.00967599759395613
-0.534964528494914,-0.0963349595992194,-0.0225728549922349,-0.202423966857963,-0.00647248825644714,-0.00324730836025769,0.0096767067758382
-0.534899331170483,-0.0963084062266902,-0.0225741398605451,-0.20243723276963,-0.00647276172513556,-0.00324677075296405,0.00967741571516546
-0.534834131174758,-0.0962818544771952,-0.0225754248248713,-0.202450496867105,-0.00647303506789208,-0.00324623319953566,0.00967812441190596
-0.534768928512934,-0.0962553043204152,-0.0225767098865522,-0.202463759150298,-0.00647330828610045,-0.00324569569995711,0.00967883286602324
-0.534703723184546,-0.0962287557587373,-0.0225779950440761,-0.202477019618038,-0.00647358137818858,-0.00324515825421001,0.00967954107749449
-0.534638515186267,-0.0962022087935226,-0.0225792802973507,-0.202490278269636,-0.00647385434405647,-0.00324462086227887,0.00968024904628321
-0.534573304531282,-0.0961756634556031,-0.0225805656437171,-0.202503535104441,-0.00647412718360778,-0.00324408352417588,0.0096809567723575
-0.534508091207345,-0.0961491197166539,-0.022581851085661,-0.202516790121844,-0.00647439989675054,-0.00324354623985483,0.00968166425568998
-0.534442875219642,-0.0961225775759793,-0.0225831366245221,-0.202530043322152,-0.00647467248487214,-0.00324300900932784,0.00968237149624873
-0.534377656564016,-0.0960960370368423,-0.0225844222587783,-0.202543294703758,-0.00647494494639275,-0.00324247183257829,0.00968307849400183
-0.534312435244737,-0.0960694981005326,-0.0225857079883412,-0.202556544266012,-0.0064752172812163,-0.00324193470958956,0.00968378524891735
-0.534247211259491,-0.0960429607670868,-0.0225869938145477,-0.202569792008864,-0.00647548949073022,-0.00324139764037362,0.00968449176096336
-0.534181984611441,-0.0960164250686807,-0.0225882797358904,-0.202583037931462,-0.0064757615733588,-0.00324086062488413,0.00968519803011252
-0.53411675529744,-0.0959898909768841,-0.0225895657522723,-0.202596282032799,-0.00647603352900573,-0.00324032366313299,0.00968590405633288
-0.534051523318791,-0.0959633584910834,-0.0225908518650353,-0.202609524313143,-0.00647630535905485,-0.00323978675510443,0.00968660983958797
-0.533986288678936,-0.095936827614397,-0.0225921380726643,-0.202622764770967,-0.00647657706193409,-0.00323924990077966,0.00968731537985498
-0.533921051375375,-0.0959102983462105,-0.022593424376501,-0.20263600340654,-0.0064768486390273,-0.0032387131001428,0.00968802067709743
-0.53385581141165,-0.0958837706897746,-0.0225947107750174,-0.202649240218254,-0.00647712008875442,-0.00323817635320566,0.0096887257312834
-0.533790568785163,-0.0958572446443422,-0.0225959972695681,-0.202662475206458,-0.00647739141250732,-0.00323763965992164,0.00968943054238551
-0.533725323496577,-0.0958307202119235,-0.0225972838600563,-0.202675708370144,-0.00647766261018973,-0.00323710302030247,0.00969013511037185
-0.53366007554915,-0.0958041973943121,-0.0225985705449651,-0.202688939708422,-0.00647793368022184,-0.00323656643433115,0.0096908394352105
-0.533594824940478,-0.0957776761915537,-0.0225998573256369,-0.202702169221244,-0.00647820462399142,-0.00323602990199067,0.00969154351686952
-0.533529571670202,-0.0957511566060938,-0.0226011442005503,-0.202715396907397,-0.00647847543992231,-0.00323549342329162,0.00969224735532156
-0.53346431573973,-0.095724638638795,-0.022602431171047,-0.202728622766439,-0.00647874612939867,-0.00323495699818925,0.00969295095053012
-0.53339905715333,-0.0956981222901274,-0.0226037182370391,-0.202741846798116,-0.00647901669232812,-0.00323442062669411,0.00969365430246786
-0.533333795907673,-0.0956716075309345,-0.0226050053984382,-0.20275506900178,-0.00647928712861469,-0.00323388430878902,0.00969435741110283
-0.533268532002319,-0.0956450943941144,-0.0226062926537281,-0.202768289376222,-0.00647955743668246,-0.0032333480444558,0.00969506027640769
-0.533203265429831,-0.0956185828806733,-0.0226075800068141,-0.202781507921355,-0.00647982761791538,-0.0032328118336782,0.00969576289834594
-0.53313799619961,-0.0955920729909242,-0.0226088674550392,-0.202794724636568,-0.00648009767222111,-0.00323227567646663,0.00969646527689022
-0.533072724312045,-0.0955655647261642,-0.0226101549983207,-0.202807939521214,-0.00648036759950393,-0.00323173957277512,0.00969716741200861
-0.533007449771507,-0.0955390580876671,-0.0226114426365642,-0.202821152574645,-0.00648063739966763,-0.00323120352261499,0.00969786930366918
-0.532942172574666,-0.0955125530462048,-0.0226127303696848,-0.202834363796252,-0.00648090707262015,-0.00323066752596788,0.00969857095184457
-0.532876892721183,-0.0954860496348057,-0.0226140181961533,-0.202847573184746,-0.00648117661677758,-0.00323013158284602,0.00969927235649829
-0.532811610212364,-0.0954595478534528,-0.0226153061173214,-0.20286078074012,-0.00648144603353194,-0.00322959569320233,0.00969997351760298
-0.53274632503984,-0.0954330477035767,-0.0226165941356645,-0.202873986462083,-0.00648171532278703,-0.00322905985704798,0.00970067443512672
-0.532681037213027,-0.0954065491558636,-0.0226178822485245,-0.202887190349629,-0.00648198448444693,-0.00322852407436545,0.00970137510903759
-0.532615746732407,-0.0953800522419678,-0.0226191704558163,-0.202900392402151,-0.00648225351841959,-0.00322798834513622,0.00970207553930821
-0.532550453598465,-0.0953535569632448,-0.0226204587574476,-0.202913592618961,-0.00648252242460523,-0.00322745266934367,0.00970277572590211
-0.532485157812498,-0.0953270632884896,-0.0226217471547672,-0.202926791000409,-0.00648279120439566,-0.00322691704696921,0.00970347566879191
-0.532419859365415,-0.0953005712522845,-0.0226230356488141,-0.202939987544889,-0.00648305985621089,-0.00322638147802384,0.00970417536794571
-0.532354558266448,-0.0952740808542145,-0.0226243242369389,-0.20295318225215,-0.00648332837995889,-0.00322584596248887,0.00970487482333613
-0.532289254516173,-0.0952475920659275,-0.0226256129190464,-0.202966375121149,-0.00648359677553989,-0.00322531050034757,0.00970557403492668
-0.53222394810623,-0.0952211049199693,-0.0226269016976188,-0.202979566151277,-0.00648386504286189,-0.0032247750915812,0.00970627300269001
-0.532158639045937,-0.0951946193855432,-0.0226281905699973,-0.202992755342244,-0.00648413318182876,-0.0032242397362006,0.00970697172659419
-0.53209332733661,-0.0951681354930717,-0.0226294795375337,-0.203005942694043,-0.00648440119383263,-0.00322370443415831,0.00970767020661186
-0.532028012974198,-0.0951416532154323,-0.0226307685986961,-0.20301912820503,-0.00648466907728963,-0.00322316918546611,0.00970836844270654
-0.531962695954047,-0.0951151725844358,-0.0226320577559693,-0.203032311874955,-0.00648493683210778,-0.00322263399010511,0.00970906643485085
-0.531897376286586,-0.0950886935695116,-0.0226333470081203,-0.203045493703412,-0.00648520445967487,-0.00322209884808602,0.00970976418301287
-0.53183205397121,-0.0950622162029017,-0.0226346363536373,-0.203058673689512,-0.00648547195841142,-0.00322156375936222,0.00971046168716069
-0.531766728999634,-0.0950357404562567,-0.022635925794997,-0.203071851832649,-0.00648573932822521,-0.00322102872394338,0.00971115894726693
-0.531701401378311,-0.0950092663591649,-0.0226372153309747,-0.203085028132775,-0.0064860065705043,-0.00322049374181145,0.00971185596329968
-0.531636071110714,-0.0949827938844426,-0.0226385049600472,-0.203098202588285,-0.00648627368366898,-0.00321995881294836,0.00971255273522701
-0.531570738189294,-0.0949563230627305,-0.0226397946861278,-0.203111375199493,-0.00648654066910732,-0.00321942393733599,0.00971324926301699
-0.53150540262257,-0.0949298538652043,-0.0226410845051228,-0.203124545965149,-0.00648680752523936,-0.00321888911498485,0.0097139455466377
-0.53144006439928,-0.0949033862927259,-0.0226423744209464,-0.203137714885248,-0.00648707425345709,-0.00321835434587578,0.00971464158606178
-0.531374723531664,-0.0948769203773655,-0.0226436644295104,-0.203150881958542,-0.00648734085218079,-0.00321781962999056,0.00971533738125731
-0.531309380021116,-0.0948504560886482,-0.0226449545321611,-0.203164047185026,-0.00648760732280245,-0.00321728496730995,0.00971603293219691
-0.53124403385465,-0.094823993430051,-0.0226462447299369,-0.203177210563412,-0.00648787366373826,-0.0032167503578453,0.00971672823884411
-0.531178685046237,-0.0947975324310995,-0.0226475350216218,-0.203190372093696,-0.00648813987638048,-0.00321621580154866,0.00971742330117154
-0.531113333583793,-0.0947710730635154,-0.0226488254096893,-0.203203531775231,-0.00648840596063308,-0.00321568129843032,0.00971811811914728
-0.531047979479559,-0.0947446153289253,-0.0226501158900511,-0.203216689606769,-0.00648867191491637,-0.00321514684847188,0.0097188126927394
-0.530982622726164,-0.0947181592281792,-0.022651406466616,-0.203229845588306,-0.00648893774062217,-0.00321461245168261,0.00971950702192054
-0.530917263329073,-0.0946917047921144,-0.0226526971367325,-0.203242999719195,-0.00648920343765496,-0.00321407810801536,0.00972020110665878
-0.530851901283804,-0.0946652519924527,-0.0226539879028745,-0.20325615199879,-0.00648946900591875,-0.00321354381748031,0.00972089494692219
-0.530786536594905,-0.0946388008300842,-0.0226552787609559,-0.203269302426204,-0.00648973444383386,-0.00321300958005892,0.00972158854267884
-0.530721169258811,-0.0946123513066056,-0.0226565697148887,-0.203282451001072,-0.00648999975279238,-0.00321247539573164,0.00972228189390138
-0.530655799281165,-0.0945859034223875,-0.02265786076201,-0.203295597722749,-0.00649026493269834,-0.00321194126450852,0.00972297500055788
-0.530590426653412,-0.0945594571788817,-0.0226591519048077,-0.203308742590947,-0.00649052998345626,-0.00321140718634227,0.00972366786261642
-0.530525051388904,-0.0945330126076352,-0.0226604431406161,-0.203321885604664,-0.00649079490497019,-0.00321087316124286,0.00972436048004506
-0.530459673475459,-0.094506569680309,-0.0226617344719184,-0.203335026763294,-0.0064910596971483,-0.00321033918919062,0.00972505285281646
-0.530394292926237,-0.0944801283965386,-0.0226630258960542,-0.203348166066547,-0.00649132435989465,-0.00320980527019544,0.00972574498089868
-0.530328909729068,-0.0944536887592438,-0.0226643174155062,-0.203361303513423,-0.0064915888931138,-0.00320927140420991,0.0097264368642598
-0.53026352388444,-0.094427250768885,-0.0226656090301864,-0.203374439103673,-0.0064918532967137,-0.00320873759124287,0.00972712850287245
-0.530198135405613,-0.094400814426577,-0.0226669007374341,-0.203387572836294,-0.00649211757059866,-0.00320820383127549,0.00972781989670472
-0.530132744280319,-0.0943743797337596,-0.022668192539732,-0.203400704710999,-0.00649238171467302,-0.00320767012428887,0.00972851104572468
-0.530067350518108,-0.0943479466914637,-0.0226694844344175,-0.203413834726825,-0.00649264572884474,-0.00320713647029178,0.00972920194990496
-0.530001954110514,-0.094321515301201,-0.0226707764239698,-0.203426962883445,-0.00649290961301429,-0.00320660286926623,0.00972989260920908
-0.52993655506193,-0.0942950855649103,-0.0226720685083009,-0.203440089179896,-0.0064931733670899,-0.00320606932119227,0.00973058302360968
-0.529871153377823,-0.0942686574821645,-0.0226733606847588,-0.203453213615931,-0.0064934369909798,-0.00320553582604988,0.00973127319307939
-0.529805749049826,-0.0942422310552088,-0.0226746529558203,-0.203466336190867,-0.00649370048458446,-0.00320500238382099,0.00973196311758173
-0.529740342079523,-0.0942158062847294,-0.0226759453228235,-0.20347945690434,-0.00649396384929591,-0.00320446899451418,0.00973265279708933
-0.529674932475283,-0.0941893831411683,-0.0226772377816808,-0.203492575755465,-0.00649422708353451,-0.00320393565811032,0.00973334223157027
-0.529609520228733,-0.0941629616570698,-0.0226785303348765,-0.203505692743635,-0.00649449018720854,-0.00320340237458927,0.00973403142099719
-0.529544105344263,-0.0941365418336987,-0.0226798229823158,-0.203518807868206,-0.00649475316022214,-0.00320286914396049,0.00973472036533817
-0.529478687819389,-0.0941101236710987,-0.0226811157253474,-0.203531921129136,-0.00649501600396396,-0.00320233596617608,0.00973540906456127
-0.529413267662768,-0.0940837071716123,-0.0226824085598722,-0.203545032524822,-0.00649527871685414,-0.00320180284124543,0.00973609751863458
-0.529347844866829,-0.0940572923353636,-0.0226837014898092,-0.203558142055618,-0.00649554130028501,-0.00320126976914825,0.00973678572753072
-0.529282419431258,-0.0940308791344158,-0.0226849945136319,-0.203571249720278,-0.00649580375267673,-0.00320073674989388,0.00973747369121779
-0.529216991356468,-0.0940044676004974,-0.0226862876312569,-0.20358435551816,-0.00649606607393394,-0.00320020378343426,0.00973816140966385
-0.529151560652834,-0.0939780577326575,-0.0226875808414551,-0.20359745944926,-0.00649632826544877,-0.00319967086977769,0.00973884888284154
-0.529086127311076,-0.0939516495343119,-0.0226888741452754,-0.203610561512334,-0.00649659032564161,-0.0031991380089047,0.00973953611071893
-0.529020691332685,-0.0939252429750378,-0.0226901675440552,-0.203623661707338,-0.00649685225590072,-0.00319860520082448,0.00974022309326411
-0.528955252717266,-0.0938988380877948,-0.0226914610362735,-0.203636760033027,-0.0064971140546465,-0.0031980724455175,0.00974090983044514
-0.52888981146233,-0.0938724348725523,-0.0226927546232823,-0.203649856489402,-0.00649737572327158,-0.00319753974293459,0.00974159632223466
-0.528824367581243,-0.0938460332992183,-0.0226940483024112,-0.203662951075816,-0.00649763726167996,-0.00319700709311348,0.00974228256860076
-0.528758921064636,-0.0938196334015904,-0.0226953420747185,-0.203676043791065,-0.00649789866829618,-0.00319647449600492,0.00974296856951606
-0.52869347191391,-0.0937932351789527,-0.0226966359415444,-0.203689134635466,-0.00649815994450855,-0.0031959419516179,0.00974365432494865
-0.528628020129663,-0.0937668386028698,-0.0226979299027968,-0.203702223608016,-0.00649842109022156,-0.00319540945993275,0.00974433983486659
-0.528562565711503,-0.0937404437062996,-0.0226992239569549,-0.203715310707473,-0.00649868210385563,-0.00319487702092971,0.00974502509923796
-0.528497108657028,-0.0937140504587567,-0.022700518105365,-0.203728395933835,-0.00649894298680322,-0.00319434463458808,0.00974571011803541
-0.528431648970545,-0.0936876588912104,-0.0227018123479353,-0.203741479286815,-0.00649920373896862,-0.00319381230091671,0.009746394891227
-0.528366186660638,-0.0936612689754928,-0.0227031066805747,-0.203754560764852,-0.00649946435877614,-0.00319328001989479,0.00974707941878537
-0.52830072171603,-0.0936348807429772,-0.0227044011071968,-0.203767640367904,-0.0064997248476144,-0.00319274779150246,0.0097477637006786
-0.528235254141029,-0.0936084941644923,-0.0227056956277123,-0.203780718095329,-0.00649998520538792,-0.00319221561571983,0.00974844773687477
-0.528169783936137,-0.0935821092710055,-0.0227069902420294,-0.203793793946842,-0.006500245432001,-0.0031916834925556,0.00974913152734194
-0.528104311098154,-0.0935557260340077,-0.0227082849500597,-0.203806867921483,-0.00650050552736209,-0.00319115142198884,0.00974981507205277
-0.528038835631296,-0.0935293444844781,-0.0227095797517168,-0.203819940018968,-0.00650076549137575,-0.00319061940399955,0.00975049837097531
-0.527973357536253,-0.0935029645938951,-0.022710874646907,-0.203833010238334,-0.00650102532395018,-0.00319008743859537,0.00975118142408222
-0.527907876809644,-0.0934765863933096,-0.0227121696355399,-0.20384607857926,-0.00650128502498606,-0.00318955552575718,0.009751864231337
-0.527842393455866,-0.0934502098541393,-0.0227134647175312,-0.203859145040823,-0.00650154459439577,-0.00318902366546296,0.00975254679271685
-0.527776907471535,-0.0934238349769913,-0.0227147598927905,-0.203872209622701,-0.00650180403207998,-0.00318849185769351,0.00975322910818528
-0.527711418861064,-0.0933974617942408,-0.0227160551612296,-0.203885272323933,-0.00650206333794719,-0.00318796010242769,0.00975391117771494
-0.52764592762115,-0.0933710902759687,-0.0227173505227564,-0.203898333144235,-0.00650232251190175,-0.00318742839967393,0.0097545930012739
-0.527580433752403,-0.0933447204545492,-0.0227186459772827,-0.203911392082648,-0.00650258155385217,-0.00318689674941103,0.0097552745788348
-0.527514937259129,-0.0933183523000626,-0.0227199415247163,-0.203924449138886,-0.00650284046370281,-0.00318636515164734,0.0097559559103657
-0.527449438137947,-0.0932919858137884,-0.0227212371649734,-0.20393750431231,-0.00650309924135854,-0.0031858336063339,0.0097566369958347
-0.527383936393362,-0.0932656209977196,-0.0227225328979566,-0.203950557601919,-0.00650335788672375,-0.003185302113479,0.00975731783520986
-0.527318432022973,-0.0932392578815056,-0.0227238287250095,-0.203963609008072,-0.00650361640119086,-0.00318477067308994,0.00975799842846381
-0.527252925026301,-0.0932128964371539,-0.02272512464462,-0.203976658529564,-0.00650387478318451,-0.00318423928511668,0.00975867877556921
-0.527187415398953,-0.0931865366676319,-0.0227264206592586,-0.203989706165358,-0.00650413303260524,-0.00318370794956837,0.00975935887648955
-0.527121903146442,-0.0931601785724966,-0.0227277167662705,-0.20400275191521,-0.00650439114936158,-0.00318317666642356,0.00976003873119748
-0.527056388270175,-0.0931338221517005,-0.0227290129670025,-0.204015795779119,-0.00650464913484624,-0.00318264543566074,0.00976071833966564
-0.52699087076987,-0.093107467438258,-0.0227303092599238,-0.204028837755805,-0.00650490698747563,-0.00318211425728898,0.00976139770185754
-0.526925350650639,-0.0930811144016169,-0.0227316056463902,-0.204041877845307,-0.0065051647086466,-0.00318158313125708,0.00976207681775037
-0.526859827908584,-0.093054763045071,-0.0227329021248624,-0.204054916045985,-0.00650542229677532,-0.00318105205760269,0.00976275568730765
-0.526794302544032,-0.0930284133690916,-0.0227341986952632,-0.204067952357595,-0.00650567975177062,-0.00318052103627552,0.00976343431050203
-0.526728774549577,-0.0930020653745952,-0.0227354953615021,-0.204080986780099,-0.00650593707502113,-0.00317999006728352,0.00976411268730157
-0.526663243933746,-0.0929757190631146,-0.0227367921194889,-0.204094019312295,-0.0065061942649513,-0.00317945915060499,0.00976479081767891
-0.526597710697951,-0.092949374434672,-0.0227380889705668,-0.204107049954144,-0.00650645132295,-0.00317892828621914,0.00976546870160212
-0.526532174841817,-0.0929230314917774,-0.0227393859132139,-0.204120078704403,-0.00650670824743781,-0.00317839747410517,0.00976614633903929
-0.526466636366845,-0.0928966902343684,-0.0227406829487712,-0.204133105563075,-0.00650696503980729,-0.00317786671426993,0.00976682372996305
-0.52640109526375,-0.0928703506658598,-0.0227419800782895,-0.204146130528916,-0.00650722169847901,-0.00317733600669253,0.00976750087434147
-0.526335551542944,-0.0928440127853563,-0.0227432773005339,-0.20415915360189,-0.00650747822484166,-0.00317680535138072,0.00976817777214264
-0.526270005204854,-0.0928176765940622,-0.0227445746154241,-0.204172174781395,-0.00650773461880414,-0.00317627474828392,0.00976885442333918
-0.526204456249199,-0.0927913420944736,-0.0227458720214327,-0.20418519406619,-0.0065079908787868,-0.00317574419740982,0.00976953082789918
-0.52613890466857,-0.0927650092874348,-0.0227471695224736,-0.204198211456276,-0.00650824700618225,-0.00317521369876509,0.00977020698579526
-0.526073350472302,-0.0927386781733145,-0.0227484671158902,-0.204211226951015,-0.00650850300089553,-0.00317468325230001,0.00977088289699551
-0.52600779366101,-0.0927123487532941,-0.0227497648015911,-0.204224240549805,-0.00650875886283508,-0.00317415285802119,0.00977155856147257
-0.525942234234328,-0.092686021029952,-0.0227510625780509,-0.204237252251367,-0.00650901459041761,-0.00317362251590846,0.00977223397918994
-0.525876672184651,-0.0926596950033364,-0.0227523604491956,-0.204250262056099,-0.00650927018503993,-0.00317309222593875,0.00977290915012482
-0.525811107517803,-0.0926333706745994,-0.0227536584123507,-0.204263269962965,-0.00650952564660271,-0.00317256198812048,0.00977358407424074
-0.525745540238106,-0.0926070480144882,-0.0227549564674306,-0.204276275971366,-0.00650978097501467,-0.00317203180243145,0.00977425875151032
-0.525679970337166,-0.0925807270556158,-0.0227562546169189,-0.204289280080663,-0.00651003617018067,-0.00317150166885041,0.00977493318190164
-0.525614397824514,-0.0925544077982551,-0.022757552858151,-0.204302282290255,-0.00651029123200919,-0.00317097158738375,0.00977560736538735
-0.525548822695887,-0.0925280902441774,-0.0227588511896078,-0.204315282599259,-0.00651054615892086,-0.00317044155801014,0.0097762813019355
-0.525483244947677,-0.0925017743949711,-0.0227601496152064,-0.204328281007321,-0.00651080095230865,-0.00316991158070725,0.00977695499151875
-0.525417664589411,-0.092475460220535,-0.0227614481322786,-0.204341277513802,-0.0065110556120772,-0.00316938165548233,0.00977762843410517
-0.525352081608713,-0.0924491477527596,-0.0227627467433166,-0.204354272118422,-0.0065113101381316,-0.00316885178228529,0.00977830162966283
-0.525286496019011,-0.09242283699265,-0.0227640454456528,-0.204367264820223,-0.00651156453038041,-0.00316832196112234,0.00977897457816436
-0.525220907821808,-0.0923965279097672,-0.0227653442406247,-0.20438025561917,-0.00651181879021251,-0.00316779219200065,0.00977964727957786
-0.525155317003835,-0.0923702205371737,-0.0227666431292957,-0.204393244514419,-0.0065120729160527,-0.00316726247486906,0.00978031973387594
-0.525089723578526,-0.0923439148759454,-0.0227679421089946,-0.204406231504975,-0.00651232690780566,-0.00316673280973463,0.00978099194102669
-0.525024127533672,-0.0923176108969889,-0.0227692411822062,-0.204419216590596,-0.00651258076537995,-0.00316620319660347,0.00978166390100275
-0.524958528882542,-0.0922913086319181,-0.0227705403462665,-0.204432199770246,-0.00651283448867683,-0.00316567363542621,0.00978233561376763
-0.524892927613019,-0.0922650080827468,-0.0227718396036616,-0.204445181043368,-0.00651308807760879,-0.00316514412620792,0.00978300707929852
-0.52482732373446,-0.0922387092187192,-0.0227731389517271,-0.204458160409641,-0.00651334153207688,-0.00316461466892784,0.00978367829755894
-0.52476171724334,-0.0922124120717832,-0.0227744383943791,-0.204471137868752,-0.00651359485347785,-0.00316408526359097,0.0097843492685261
-0.524696108144331,-0.0921861166124259,-0.0227757379275204,-0.204484113419779,-0.00651384804022852,-0.00316355591017647,0.00978501999216349
-0.524630496432936,-0.0921598228739232,-0.0227770375536366,-0.204497087061765,-0.00651410109223773,-0.00316302660866155,0.00978569046844377
-0.52456488211559,-0.0921335308241296,-0.0227783372715031,-0.204510058795075,-0.00651435401089862,-0.00316249735902342,0.00978636069733957
-0.524499265183205,-0.0921072404976968,-0.0227796370821598,-0.204523028618069,-0.00651460679462777,-0.00316196816126979,0.00978703067881439
-0.524433645645136,-0.0920809518636504,-0.0227809369829529,-0.204535996530547,-0.00651485944333797,-0.00316143901537682,0.00978770041284545
-0.524368023497767,-0.0920546649534198,-0.0227822369777907,-0.204548962532436,-0.00651511195841436,-0.00316090992135216,0.00978836989939625
-0.524302398745873,-0.0920283797388268,-0.0227835370625829,-0.204561926622178,-0.00651536433828179,-0.00316038087914421,0.00978903913843943
-0.524236771381935,-0.0920020962504212,-0.0227848372412481,-0.204574888800137,-0.00651561658433322,-0.00315985188875863,0.00978970812994764
-0.524171141414716,-0.0919758144600727,-0.022786137509681,-0.204587849064712,-0.00651586869498917,-0.00315932295020203,0.00979037687388893
-0.524105508836514,-0.0919495343679824,-0.0227874378718076,-0.204600807416231,-0.00651612067163917,-0.00315879406342363,0.00979104537023139
-0.524039873647068,-0.0919232560070128,-0.0227887383261038,-0.204613763853491,-0.00651637251270765,-0.00315826522842901,0.00979171361894766
-0.523974235856909,-0.0918969793464722,-0.0227900388713333,-0.204626718376141,-0.0065166242195876,-0.00315773644522371,0.00979238162001038
-0.523908595460377,-0.091870704419566,-0.0227913395085533,-0.204639670983261,-0.00651687579069612,-0.0031572077137578,0.00979304937338304
-0.523842952455167,-0.0918444311957057,-0.0227926402391085,-0.204652621674895,-0.00651712722743015,-0.00315667903403581,0.00979371687904287
-0.523777306850848,-0.0918181596760435,-0.0227939410603282,-0.204665570450011,-0.00651737852969085,-0.00315615040603641,0.00979438413695337
-0.523711658638128,-0.0917918898631728,-0.0227952419732656,-0.204678517307765,-0.00651762969590267,-0.003155621829765,0.00979505114708717
-0.523646007814623,-0.0917656217874776,-0.0227965429792675,-0.204691462248165,-0.00651788072745889,-0.00315509330519828,0.00979571790941691
-0.523580354393605,-0.0917393554188569,-0.0227978440756694,-0.204704405270576,-0.00651813162426464,-0.00315456483231387,0.00979638442391067
-0.523514698365886,-0.0917130907613845,-0.0227991452635247,-0.204717346373438,-0.00651838238474457,-0.00315403641108841,0.00979705069054109
-0.523449039732879,-0.0916868278143973,-0.0228004465441701,-0.204730285557039,-0.00651863301028401,-0.00315350804152905,0.00979771670927168
-0.523383378504149,-0.0916605666085271,-0.0228017479149425,-0.20474322282082,-0.00651888350079565,-0.00315297972364007,0.00979838248007964
-0.5233177146712,-0.0916343071155071,-0.0228030493783331,-0.204756158164148,-0.00651913385618485,-0.00315245145737029,0.00979904800293304
-0.523252048234659,-0.0916080493365801,-0.0228043509342466,-0.204769091586387,-0.00651938407635651,-0.00315192324272582,0.00979971327779996
-0.523186379191355,-0.091581793273663,-0.0228056525825944,-0.204782023086582,-0.0065196341612197,-0.00315139507968311,0.00980037830465304
-0.523120707554567,-0.0915555389263505,-0.0228069543207084,-0.204794952664457,-0.00651988411067935,-0.00315086696824821,0.00980104308346035
-0.523055033314918,-0.0915292862979935,-0.0228082561496507,-0.204807880318812,-0.00652013392316039,-0.00315033890836884,0.00980170761419453
-0.522989356470207,-0.0915030353885769,-0.0228095580707534,-0.204820806049614,-0.00652038360005189,-0.00314981090007964,0.00980237189682365
-0.522923677024687,-0.0914767862298116,-0.0228108600839324,-0.204833729856231,-0.00652063314125927,-0.0031492829433292,0.00980303593131579
-0.522857994987925,-0.0914505387914351,-0.0228121621865241,-0.204846651738105,-0.00652088254669527,-0.00314875503812155,0.00980369971764815
-0.522792310347719,-0.0914242930756864,-0.0228134643810107,-0.204859571694563,-0.00652113181626122,-0.00314822718443482,0.00980436325578424
-0.522726623109373,-0.0913980490824885,-0.0228147666687337,-0.204872489725613,-0.00652138095135035,-0.00314769938227389,0.00980502654569671
-0.522660933268657,-0.0913718068142786,-0.0228160690481796,-0.204885405830057,-0.00652162995038764,-0.0031471716315863,0.00980568958735817
-0.522595240830191,-0.0913455662730204,-0.0228173715192448,-0.204898320006901,-0.00652187881327788,-0.00314664393240645,0.00980635238073672
-0.52252954579053,-0.0913193274592423,-0.0228186740818479,-0.204911232255869,-0.00652212753992652,-0.00314611628468275,0.00980701492580043
-0.522463848163056,-0.0912930903731973,-0.0228199767333212,-0.204924142576368,-0.00652237613024249,-0.00314558868841994,0.00980767722252193
-0.522398147935558,-0.0912668550169795,-0.0228212794761545,-0.204937050967801,-0.00652262458413492,-0.00314506114359408,0.00980833927087386
-0.52233244511334,-0.0912406213601376,-0.0228225823116857,-0.204949957430139,-0.00652287290299325,-0.00314453365021078,0.00980900107082429
-0.522266739692276,-0.0912143894356126,-0.0228238852383919,-0.204962861962144,-0.00652312108523836,-0.00314400620824696,0.00980966262234131
-0.522201031672905,-0.0911881592445828,-0.0228251882561871,-0.204975764563221,-0.00652336913077943,-0.00314347881767857,0.00981032392539755
-0.522135321059575,-0.0911619307882987,-0.0228264913649815,-0.204988665232738,-0.00652361703952174,-0.00314295147848246,0.00981098497996108
-0.522069607849989,-0.0911357040666815,-0.0228277945661165,-0.205001563970703,-0.00652386481285867,-0.00314242419066317,0.00981164578600454
-0.522003892043905,-0.0911094790821422,-0.0228290978580673,-0.205014460775919,-0.00652411244921481,-0.0031418969542252,0.00981230634350057
-0.521938173645583,-0.0910832558359418,-0.0228304012407497,-0.205027355647752,-0.00652435994849569,-0.00314136976911665,0.00981296665241724
-0.521872452652629,-0.0910570342968933,-0.0228317047155042,-0.205040248586531,-0.00652460731209081,-0.00314084263534288,0.00981362671272264
-0.521806729064813,-0.0910308144985983,-0.0228330082808088,-0.2050531395907,-0.006524854538425,-0.00314031555287963,0.00981428652438938
-0.521741002883645,-0.0910045964410494,-0.0228343119380014,-0.20506602866023,-0.0065251016288878,-0.00313978852173221,0.00981494608738556
-0.521675274108798,-0.0909783801266673,-0.0228356156855624,-0.205078915793924,-0.00652534858190404,-0.00313926154187629,0.00981560540168381
-0.521609542741685,-0.0909521655249378,-0.022836919524839,-0.205091800991792,-0.0065255953988674,-0.00313873461328751,0.00981626446725676
-0.521543808782074,-0.0909259526687881,-0.0228382234543027,-0.205104684252598,-0.00652584207819861,-0.00313820773597106,0.00981692328407249
-0.521478072231389,-0.0908997415582207,-0.0228395274752967,-0.205117565576312,-0.00652608862128747,-0.00313768090990346,0.00981758185209908
-0.521412333089394,-0.0908735321956448,-0.0228408315862959,-0.205130444961737,-0.00652633502655862,-0.00313715413508889,0.00981824017130916
-0.521346591357415,-0.090847324550628,-0.0228421357886495,-0.205143322408846,-0.00652658129540211,-0.00313662741147513,0.00981889824167081
-0.521280847036092,-0.090821118654779,-0.0228434400822658,-0.205156197917045,-0.00652682742772702,-0.00313610073906631,0.00981955606315667
-0.521215100125095,-0.0907949145097717,-0.0228447444656223,-0.205169071485495,-0.00652707342195801,-0.00313557411786652,0.00982021363573936
-0.52114935062594,-0.0907687120858964,-0.0228460489400597,-0.20518194311381,-0.00652731927948495,-0.00313504754785208,0.00982087095938698
-0.521083598539183,-0.0907425114148447,-0.0228473535054881,-0.205194812801359,-0.00652756500021327,-0.0031345210289993,0.00982152803406759
-0.521017843865454,-0.0907163124673331,-0.0228486581618158,-0.205207680547549,-0.00652781058405211,-0.00313399456131216,0.00982218485975382
-0.52095208660435,-0.0906901152762379,-0.0228499629075288,-0.205220546351183,-0.00652805602942656,-0.0031334681447373,0.00982284143641833
-0.520886326753666,-0.09066391981109,-0.0228512677439593,-0.205233410212234,-0.00652830133772612,-0.00313294177930822,0.00982349776402917
-0.520820564308699,-0.0906377261044382,-0.0228525726736043,-0.20524627213011,-0.00652854650886038,-0.0031324154649715,0.009824153842559
-0.520754799278959,-0.0906115341254171,-0.0228538776937936,-0.205259132104537,-0.00652879154273459,-0.00313188920173192,0.00982480967197588
-0.520689031661388,-0.0905853439064407,-0.0228551828044289,-0.205271990134525,-0.00652903643925402,-0.00313136298959421,0.00982546525224789
-0.520623261460241,-0.0905591554181745,-0.0228564880054331,-0.205284846219524,-0.0065292811983322,-0.00313083682850393,0.00982612058335223
-0.52055748867626,-0.0905329686923574,-0.0228577932967016,-0.20529770035886,-0.0065295258198703,-0.00313031071849533,0.00982677566525241
-0.520491713305232,-0.0905067837009007,-0.0228590986767237,-0.205310552551379,-0.00652977030229737,-0.00312978465951387,0.00982743049792563
-0.520425935343409,-0.0904806004744931,-0.0228604041494147,-0.205323402797372,-0.0065300146469993,-0.0031292586515651,0.0098280850813354
-0.520360154796601,-0.0904544189836033,-0.022861709712111,-0.205336251095929,-0.00653025885388942,-0.00312873269462307,0.00982873941545893
-0.520294371670128,-0.0904282392586633,-0.0228630153661506,-0.205349097447024,-0.00653050292435756,-0.00312820678869233,0.00982939350026429
-0.520228585959785,-0.0904020612717271,-0.0228643211100158,-0.205361941849423,-0.00653074685682499,-0.00312768093372005,0.00983004733571955
-0.52016279767001,-0.0903758850232076,-0.0228656269436117,-0.205374784302892,-0.00653099065120075,-0.00312715512973844,0.00983070092179735
-0.520097006788588,-0.0903497105463861,-0.0228669328694333,-0.205387624806481,-0.00653123430739453,-0.00312662937669368,0.00983135425847033
-0.520031213329032,-0.0903235378111173,-0.022868238884801,-0.205400463359561,-0.00653147782531147,-0.00312610367461884,0.00983200734570656
-0.519965417288008,-0.0902973668186534,-0.0228695449896305,-0.205413299961501,-0.00653172120485738,-0.00312557802346097,0.00983266018347412
-0.519899618657189,-0.090271197601519,-0.0228708511864084,-0.205426134611711,-0.00653196444594155,-0.00312505242322346,0.00983331277174564
-0.519833817446869,-0.0902450301275363,-0.0228721574739061,-0.205438967310563,-0.00653220754995801,-0.00312452687388103,0.00983396511049377
-0.519768013660641,-0.0902188643999272,-0.0228734638505974,-0.205451798056465,-0.00653245051532786,-0.00312400137540928,0.00983461719968657
-0.519702207295352,-0.0901927004198486,-0.0228747703163904,-0.205464626848826,-0.00653269334196041,-0.00312347592781151,0.00983526903929669
-0.519636398342669,-0.0901665381893776,-0.0228760768737718,-0.205477453687055,-0.00653293602976499,-0.00312295053109099,0.00983592062929676
-0.519570586812812,-0.0901403777373109,-0.0228773835215148,-0.205490278571487,-0.006533178580132,-0.00312242518519456,0.00983657196965486
-0.51950477270566,-0.0901142190364118,-0.0228786902580874,-0.205503101500529,-0.00653342099148233,-0.00312189989012635,0.00983722306033906
-0.519438956016683,-0.0900880620887574,-0.0228799970859766,-0.205515922473591,-0.00653366326372536,-0.00312137464588951,0.00983787390132199
-0.519373136752385,-0.0900619068926132,-0.0228813040039535,-0.205528741491046,-0.00653390539825518,-0.00312084945245851,0.00983852449257631
-0.519307314903578,-0.0900357534521206,-0.0228826110130707,-0.205541558551302,-0.00653414739349296,-0.00312032430980873,0.00983917483407007
-0.519241490480665,-0.0900096017662781,-0.0228839181120966,-0.205554373654376,-0.00653438925083283,-0.00311979921791455,0.00983982492577592
-0.519175663483444,-0.089983451868006,-0.0228852252995018,-0.205567186799032,-0.00653463096869575,-0.00311927417677993,0.00984047476766194
-0.519109833904338,-0.0899573037269534,-0.0228865325792098,-0.205579997985644,-0.00653487254847565,-0.00311874918640787,0.00984112435970075
-0.519044001752128,-0.0899311573453458,-0.0228878399471188,-0.205592807212661,-0.00653511398859763,-0.00311822424677266,0.009841773701865
-0.518978167015452,-0.0899050127240962,-0.0228891474071516,-0.205605614480059,-0.00653535529045197,-0.00311769935784949,0.00984242279412277
-0.518912329706801,-0.0898788698647669,-0.0228904549552052,-0.205618419786604,-0.00653559645245986,-0.00311717451961351,0.00984307163644212
-0.518846489827587,-0.089852728766458,-0.0228917625926277,-0.205631223132711,-0.0065358374760192,-0.00311664973206666,0.00984372022880026
-0.518780647369487,-0.0898265894321361,-0.022893070321902,-0.205644024517354,-0.00653607836103187,-0.00311612499518494,0.0098443685711607
-0.518714802341279,-0.0898004518632057,-0.0228943781389266,-0.205656823939377,-0.00653631910592665,-0.00311560030897021,0.00984501666350063
-0.518648954731499,-0.0897743160598457,-0.0228956860476275,-0.205669621399117,-0.00653655971209391,-0.0031150756733975,0.00984566450578814
-0.518583104553693,-0.0897481820230916,-0.0228969940453267,-0.205682416895587,-0.00653680017943921,-0.00311455108847044,0.0098463120979913
-0.518517251798479,-0.0897220497562171,-0.0228983021330929,-0.205695210427635,-0.00653704050639182,-0.00311402655413348,0.00984695944008731
-0.518451396472654,-0.0896959192278907,-0.0228996103096752,-0.205708001995196,-0.00653728069433779,-0.00311350207041977,0.00984760653203968
-0.518385538571404,-0.0896697904698499,-0.022900918577579,-0.205720791598083,-0.00653752074319098,-0.00311297763727368,0.00984825337382561
-0.518319678104476,-0.08964366348313,-0.0229022269341261,-0.205733579235308,-0.006537760652857,-0.00311245325469871,0.00984889996541317
-0.518253815059733,-0.0896175382698777,-0.0229035353818006,-0.205746364906245,-0.00653800042324147,-0.00311192892269834,0.00984954630677044
-0.518187949441541,-0.089591414831256,-0.0229048439205162,-0.205759148610306,-0.00653824005425416,-0.00311140464124642,0.00985019239787006
-0.518122081254702,-0.0895652931680151,-0.0229061525461753,-0.205771930346655,-0.00653847954432025,-0.00311088041031676,0.00985083823868467
-0.518056210495639,-0.0895391732817896,-0.0229074612626934,-0.205784710114914,-0.00653871889482999,-0.00311035622991274,0.00985148382918233
-0.517990337170108,-0.0895130551423708,-0.0229087700674039,-0.205797487914495,-0.00653895810569315,-0.00310983210000809,0.00985212916933569
-0.517924461269682,-0.0894869387822904,-0.0229100789628005,-0.205810263744811,-0.00653919717681956,-0.00310930802057654,0.00985277425911738
-0.517858582798724,-0.0894608242020363,-0.0229113879487903,-0.205823037605593,-0.00653943610811488,-0.00310878399162135,0.00985341909849549
-0.517792701763098,-0.0894347114025788,-0.0229126970227037,-0.205835809495896,-0.00653967489948895,-0.00310826001311617,0.00985406368744263
-0.51772681815446,-0.0894086003556177,-0.0229140061870254,-0.205848579415094,-0.00653991355084747,-0.00310773608506418,0.0098547080259269
-0.517660931982286,-0.0893824910911002,-0.0229153154390912,-0.205861347362959,-0.00654015206210028,-0.00310721220743898,0.00985535211392092
-0.5175950432429,-0.0893563836105994,-0.0229166247828262,-0.205874113339151,-0.00654039043464185,-0.0031066883802141,0.00985599595139734
-0.517529151932298,-0.0893302778861356,-0.022917934216701,-0.205886877342439,-0.00654062866689331,-0.00310616460339262,0.00985663953832423
-0.517463258060059,-0.0893041739483901,-0.0229192437380483,-0.205899639372237,-0.00654086675876452,-0.00310564087694804,0.00985728287467422
-0.517397361617843,-0.0892780717995077,-0.022920553349353,-0.205912399427917,-0.00654110471016124,-0.00310511720088337,0.0098579259604154
-0.517331462606118,-0.0892519714094666,-0.0229218630505314,-0.205925157509252,-0.00654134252099335,-0.00310459357517202,0.00985856879552039
-0.517265561025644,-0.0892258728105955,-0.0229231728414888,-0.205937913615299,-0.00654158019117056,-0.00310406999981601,0.00985921137996184
-0.517199656886853,-0.0891997759715048,-0.0229244827209879,-0.205950667746037,-0.00654181772208349,-0.00310354647478962,0.00985985371370783
-0.517133750180459,-0.0891736809259729,-0.0229257926900893,-0.205963419900275,-0.00654205511215744,-0.00310302300006614,0.00986049579673097
-0.517067840907026,-0.0891475876744111,-0.0229271027487035,-0.205976170077785,-0.00654229236130211,-0.0031024995756475,0.00986113762900392
-0.517001929077084,-0.0891214961861636,-0.0229284128955907,-0.205988918278191,-0.0065425294709082,-0.00310197620150787,0.00986177921049476
-0.516936014681348,-0.0890954064950083,-0.0229297231318113,-0.206001664500301,-0.006542766439401,-0.00310145287762044,0.0098624205411761
-0.516870097720477,-0.0890693185716436,-0.0229310334572732,-0.206014408743528,-0.00654300326669027,-0.00310092960398704,0.00986306162102061
-0.516804178195995,-0.0890432324464871,-0.0229323438733147,-0.206027151007856,-0.00654323995416651,-0.00310040638061039,0.00986370244999634
-0.516738256107518,-0.0890171480907611,-0.022933654378418,-0.20603989129245,-0.00654347650025505,-0.00309988320746359,0.00986434302807593
-0.516672331461789,-0.0889910655347005,-0.0229349649713428,-0.206052629596934,-0.00654371290634663,-0.00309936008452061,0.00986498335522746
-0.516606404253316,-0.0889649847511891,-0.0229362756531498,-0.206065365920117,-0.00654394917086659,-0.00309883701175448,0.00986562343142358
-0.516540474483705,-0.088938905740112,-0.0229375864251754,-0.206078100262021,-0.00654418529520921,-0.00309831398919554,0.0098662632566369
-0.516474542148795,-0.0889128285344029,-0.022938897285901,-0.206090832621416,-0.00654442127779612,-0.00309779101678899,0.00986690283083552
-0.5164086072539,-0.0888867531035109,-0.0229402082366684,-0.206103562998322,-0.00654465712002183,-0.00309726809453643,0.00986754215399206
-0.516342669798646,-0.0888606794491038,-0.0229415192759598,-0.206116291391908,-0.00654489282031171,-0.00309674522241075,0.00986818122607917
-0.51627672978987,-0.0888346076014027,-0.0229428304025289,-0.206129017801798,-0.00654512838005637,-0.00309622240041439,0.00986882004706491
-0.516210787222932,-0.0888085375320426,-0.0229441416188709,-0.206141742227408,-0.00654536379916588,-0.00309569962852017,0.00986945861692193
-0.516144842093849,-0.0887824692434858,-0.0229454529234558,-0.206154464667507,-0.00654559907606152,-0.00309517690673047,0.00987009693561831
-0.516078894407852,-0.0887564027660133,-0.0229467643176347,-0.206167185122159,-0.00654583421214196,-0.00309465423501712,0.00987073500313122
-0.516012944161712,-0.0887303380704033,-0.0229480758013177,-0.20617990359074,-0.00654606920731341,-0.00309413161335378,0.00987137281942877
-0.515946991356103,-0.0887042751578706,-0.0229493873744087,-0.206192620072626,-0.00654630406148184,-0.00309360904174269,0.00987201038447901
-0.515881035994652,-0.0886782140612503,-0.0229506990353814,-0.206205334566627,-0.00654653877307248,-0.00309308652018519,0.00987264769825459
-0.515815078074788,-0.0886521547492779,-0.0229520107855918,-0.206218047073125,-0.00654677334348035,-0.00309256404862522,0.00987328476072814
-0.515749117597371,-0.0886260972238161,-0.0229533226249392,-0.206230757591178,-0.00654700777261519,-0.00309204162709271,0.0098739215718723
-0.515683154566697,-0.0886000414861017,-0.0229546345533391,-0.206243466120165,-0.00654724206038344,-0.00309151925553246,0.00987455813165515
-0.51561718897963,-0.0885739875372741,-0.0229559465706994,-0.206256172659501,-0.00654747620669507,-0.00309099693394564,0.00987519444004932
-0.515551220836846,-0.0885479354089205,-0.0229572586769275,-0.206268877208604,-0.00654771021146003,-0.00309047466233342,0.00987583049702744
-0.515485250138926,-0.0885218850718173,-0.0229585708719335,-0.206281579766851,-0.0065479440745846,-0.00308995244066915,0.0098764663025576
-0.515419276885602,-0.0884958365283626,-0.0229598831541961,-0.206294280333054,-0.00654817779449424,-0.00308943026892524,0.00987710185661243
-0.515353301078396,-0.0884697897784479,-0.0229611955250576,-0.206306978907236,-0.00654841137258367,-0.00308890814710276,0.00987773715916457
-0.51528732271789,-0.0884437448232956,-0.0229625079844277,-0.206319675488775,-0.00654864480875921,-0.00308838607517494,0.00987837221018209
-0.51522134180476,-0.0884177016640443,-0.022963820532214,-0.206332370077089,-0.00654887810293086,-0.00308786405314278,0.00987900700963763
-0.515155358340436,-0.0883916603006674,-0.0229651331697606,-0.206345062672163,-0.00654911125648969,-0.00308734208097946,0.00987964155749927
-0.515089372324651,-0.0883656207354906,-0.0229664458955502,-0.206357753272849,-0.00654934426786513,-0.00308682015865633,0.0098802758537442
-0.515023383758082,-0.0883395829697228,-0.0229677587094869,-0.206370441878525,-0.00654957713696332,-0.00308629828617517,0.00988090989834049
-0.514957392641405,-0.0883135470045016,-0.0229690716114783,-0.206383128488607,-0.00654980986369431,-0.00308577646353682,0.00988154369126079
-0.514891398975116,-0.0882875128410593,-0.0229703846014398,-0.206395813102477,-0.00655004244796469,-0.00308525469068567,0.00988217723247317
-0.514825402759983,-0.0882614804805207,-0.0229716976792732,-0.206408495719551,-0.00655027488968431,-0.00308473296765115,0.00988281052195027
-0.514759403992694,-0.0882354499240453,-0.0229730108448978,-0.206421176339249,-0.0065505071887637,-0.0030842112943767,0.00988344355966472
-0.514693402678768,-0.0882094211723164,-0.0229743240996433,-0.206433854961198,-0.0065507393465936,-0.00308368967089257,0.0098840763455846
-0.514627398808717,-0.0881833942278662,-0.0229756374445843,-0.206446531584609,-0.0065509713616037,-0.00308316809714121,0.00988470887968711
-0.514561392388457,-0.0881573690910425,-0.0229769508770378,-0.206459206208821,-0.00655120323369629,-0.00308264657312507,0.00988534116193576
-0.514495383423306,-0.0881313457616607,-0.0229782643983495,-0.2064718788339,-0.00655143496427019,-0.00308212509884386,0.00988597319230775
-0.514429371913013,-0.0881053242421868,-0.0229795780069946,-0.206484549458617,-0.00655166655174709,-0.00308160367427037,0.00988660497077115
-0.514363357854361,-0.0880793045337677,-0.0229808917028864,-0.206497218082393,-0.00655189799603733,-0.0030810822993765,0.00988723649729861
-0.51429734125267,-0.0880532866058408,-0.0229822054873671,-0.206509884705255,-0.00655212929853589,-0.00308056097416273,0.00988786777186275
-0.514231322095044,-0.0880272704929764,-0.022983519361487,-0.206522549325616,-0.00655236045766424,-0.00308003969863045,0.00988849879443166
-0.514165300395555,-0.0880012561933433,-0.0229848333240224,-0.206535211943903,-0.0065525914748217,-0.00307951847272186,0.00988912956498253
-0.51409927615034,-0.0879752437094559,-0.0229861473734334,-0.206547872558847,-0.00655282234842564,-0.00307899729646783,0.00988976008347887
-0.514033249359894,-0.0879492330423979,-0.0229874615096425,-0.206560531169909,-0.0065530530783906,-0.0030784761698105,0.00989039034989788
-0.5139672200205,-0.0879232241626122,-0.0229887757365724,-0.206573187777077,-0.0065532836661077,-0.0030779550927511,0.00989102036420765
-0.513901188138177,-0.0878972171014805,-0.0229900900515439,-0.206585842379412,-0.00655351411148717,-0.00307743406528994,0.0098916501263808
-0.513835153712575,-0.0878712118606598,-0.0229914044530383,-0.206598494976086,-0.00655374441295468,-0.00307691308739861,0.00989227963638997
-0.513769116745218,-0.0878452084096576,-0.0229927189423944,-0.206611145567087,-0.00655397457190137,-0.00307639215907826,0.00989290889420324
-0.513703077230714,-0.0878192067829101,-0.0229940335206758,-0.206623794150909,-0.00655420458675683,-0.0030758712802995,0.0098935378997978
-0.513637035175645,-0.0877932069787884,-0.0229953481866416,-0.206636440727861,-0.00655443445890852,-0.00307535045103566,0.00989416665313718
-0.513570990580683,-0.0877672089679018,-0.0229966629402032,-0.206649085297403,-0.00655466418827066,-0.00307482967128595,0.00989479515419856
-0.513504943436644,-0.0877412127848317,-0.022997977782417,-0.206661727857949,-0.00655489377326504,-0.00307430894102271,0.00989542340295003
-0.513438893753992,-0.0877152184277176,-0.0229992927120474,-0.206674368409927,-0.00655512321529069,-0.00307378826024511,0.00989605139936877
-0.513372841533323,-0.0876892258673985,-0.0230006077290002,-0.206687006952679,-0.00655535251425033,-0.0030732676289263,0.00989667914341831
-0.513306786766372,-0.0876632351370489,-0.0230019228357686,-0.206699643485308,-0.00655558167005822,-0.00307274704706538,0.00989730663507585
-0.513240729461844,-0.0876372462070133,-0.0230032380282456,-0.206712278006946,-0.00655581068113616,-0.00307222651463455,0.00989793387430945
-0.513174669621364,-0.087611259108355,-0.0230045533077707,-0.206724910517263,-0.00655603954887935,-0.00307170603163373,0.00989856086109176
-0.51310860723638,-0.0875852738424151,-0.0230058686768445,-0.206737541016041,-0.00655626827319837,-0.00307118559803416,0.0098991875953954
-0.513042542312915,-0.0875592903796734,-0.0230071841327873,-0.206750169502343,-0.0065564968540036,-0.0030706652138357,0.00989981407719303
-0.51297647485528,-0.0875333087510549,-0.0230084996755113,-0.20676279597591,-0.00655672529120174,-0.00307014487901039,0.00990044030645271
-0.512910404855112,-0.0875073289289225,-0.0230098153075117,-0.206775420435805,-0.0065569535847034,-0.00306962459352938,0.00990106628314708
-0.512844332322055,-0.0874813509431806,-0.0230111310261142,-0.206788042881809,-0.006557181734419,-0.00306910435739242,0.00990169200724878
-0.512778257244037,-0.0874553747662519,-0.0230124468338047,-0.206800663312947,-0.00655740974025506,-0.00306858417060013,0.00990231747872588
-0.512712179634414,-0.0874294003976039,-0.0230137627279142,-0.206813281729,-0.00655763760212222,-0.00306806403312354,0.00990294269755101
-0.512646099484829,-0.0874034278704948,-0.0230150787109384,-0.206825898129032,-0.00655786531993114,-0.00306754394493363,0.00990356766369683
-0.512580016801122,-0.0873774571539312,-0.0230163947802024,-0.206838512512824,-0.00655809289359229,-0.00306702390603003,0.00990419237713595
-0.512513931578736,-0.0873514882811711,-0.0230177109382018,-0.206851124879441,-0.00655832032301636,-0.00306650391638368,0.00990481683784103
-0.512447843823616,-0.0873255212220264,-0.0230190271822552,-0.206863735228266,-0.0065585476081099,-0.003065983975995,0.00990544104578013
-0.512381753531099,-0.0872995559778263,-0.0230203435148584,-0.206876343559081,-0.00655877474878343,-0.00306546408486354,0.00990606500092589
-0.512315660707049,-0.0872735925799642,-0.0230216599333419,-0.206888949870951,-0.00655900174494786,-0.00306494424293144,0.00990668870325095
-0.512249565343189,-0.0872476310001153,-0.0230229764401894,-0.20690155416326,-0.00655922859650959,-0.00306442445022772,0.00990731215272338
-0.51218346745362,-0.0872216712364337,-0.0230242930341757,-0.206914156436437,-0.00655945530486837,-0.00306390470669358,0.00990793534932038
-0.512117367025533,-0.0871957133234743,-0.0230256097163468,-0.206926756688901,-0.00655968186844575,-0.00306338501235795,0.00990855829301002
-0.512051264068496,-0.0871697572309974,-0.0230269264840359,-0.206939354920075,-0.00655990828715268,-0.00306286536716288,0.00990918098376495
-0.511985158577944,-0.087143802961138,-0.0230282433397325,-0.206951951129344,-0.00656013456089582,-0.00306234577110855,0.00990980342155324
-0.511919050560561,-0.0871178505120244,-0.0230295602821997,-0.206964545317137,-0.00656036069107456,-0.00306182622419337,0.00991042560635209
-0.511852940007157,-0.0870918999182352,-0.0230308773124952,-0.206977137481874,-0.00656058667611089,-0.00306130672638882,0.00991104753812956
-0.511786826918421,-0.0870659511504435,-0.0230321944305266,-0.206989727622977,-0.00656081251591541,-0.00306078727769411,0.0099116692168583
-0.51172071130485,-0.0870400042075967,-0.0230335116350561,-0.207002315740482,-0.00656103821188385,-0.00306026787807976,0.00991229064251095
-0.511654593157242,-0.087014059093004,-0.023034828927142,-0.207014901833203,-0.00656126376244193,-0.00305974852754493,0.00991291181506014
-0.511588472486101,-0.0869881158056838,-0.0230361463055428,-0.207027485901134,-0.00656148916898149,-0.00305922922606095,0.00991353273447395
-0.511522349282132,-0.0869621743489572,-0.0230374637713229,-0.207040067943093,-0.00656171442992846,-0.00305870997359824,0.00991415340072501
-0.511456223546865,-0.0869362347531447,-0.0230387813258248,-0.207052647959112,-0.00656193954667844,-0.00305819077015586,0.00991477381378596
-0.511390095289226,-0.0869102969892285,-0.0230400989649345,-0.207065225948008,-0.00656216451765718,-0.00305767161573281,0.00991539397362943
-0.511323964501588,-0.0868843610581035,-0.023041416692583,-0.207077801909776,-0.00656238934425656,-0.0030571525103003,0.00991601388022351
-0.511257831180007,-0.0868584269620671,-0.0230427345072464,-0.207090375843272,-0.0065626140249063,-0.00305663345385639,0.00991663353354538
-0.511191695338796,-0.0868324947001337,-0.0230440524076828,-0.207102947748491,-0.00656283856099831,-0.00305611444637222,0.00991725293356314
-0.51112555696866,-0.0868065642756237,-0.0230453703949567,-0.20711551762425,-0.00656306295095858,-0.00305559548781801,0.0099178720802494
-0.51105941607113,-0.0867806356884809,-0.0230466884704069,-0.207128085470543,-0.00656328719617886,-0.00305507657819348,0.00991849097357225
-0.510993272652167,-0.0867547089388099,-0.023048006631358,-0.207140651286837,-0.00656351129657383,-0.00305455771749656,0.00991910961350889
-0.510927126706284,-0.0867287840300039,-0.0230493248788711,-0.207153215071909,-0.00656373525056558,-0.00305403890569826,0.00991972800002738
-0.510860978231113,-0.0867028609619437,-0.0230506432142943,-0.207165776825795,-0.00656395905955003,-0.00305352014276865,0.00992034613310038
-0.510794827231155,-0.0866769397357477,-0.0230519616375352,-0.207178336547921,-0.00656418272343797,-0.00305300142870644,0.0099209640127005
-0.510728673712478,-0.0866510203523266,-0.0230532801459116,-0.207190894237355,-0.0065644062421402,-0.00305248276351032,0.0099215816388004
-0.510662517669492,-0.0866251028142653,-0.0230545987404909,-0.207203449893274,-0.00656462961408276,-0.00305196414715027,0.0099221990113727
-0.510596359099835,-0.086599187121516,-0.023055917422618,-0.207216003515673,-0.00656485284065771,-0.00305144557959711,0.00992281613038549
-0.510530198008005,-0.0865732732447468,-0.0230572361922003,-0.20722855510398,-0.0065650759217759,-0.00305092706084942,0.00992343299581139
-0.510464034391002,-0.0865473612162577,-0.0230585550491424,-0.207241104657264,-0.00656529885734815,-0.00305040859090574,0.00992404960762305
-0.510397868258411,-0.0865214510355,-0.0230598739907731,-0.207253652175309,-0.00656552164728553,-0.00304989016973592,0.0099246659657931
-0.51033169960567,-0.0864955427052771,-0.0230611930195898,-0.207266197657186,-0.00656574429149912,-0.00304937179730978,0.00992528207029418
-0.510265528429581,-0.0864696362260429,-0.023062512135499,-0.20727874110264,-0.00656596678989586,-0.00304885347362663,0.00992589792109436
-0.510199354730841,-0.0864437315988399,-0.0230638313384121,-0.207291282511139,-0.00656618914239058,-0.00304833519868401,0.00992651351817084
-0.510133178510158,-0.0864178287951533,-0.0230651506282355,-0.207303821881713,-0.00656641134889046,-0.00304781697245249,0.00992712886149171
-0.510066999768051,-0.0863919278458231,-0.0230664700048852,-0.207316359214148,-0.00656663340930662,-0.00304729879490178,0.00992774395102958
-0.510000818505323,-0.0863660287527716,-0.0230677894682621,-0.207328894507474,-0.00656685532354605,-0.00304678066603104,0.00992835878675255
-0.509934634731659,-0.0863401315153615,-0.0230691090156925,-0.207341427761518,-0.00656707709152363,-0.00304626258583767,0.00992897336863779
-0.509868448438684,-0.0863142361059473,-0.0230704286496741,-0.207353958975349,-0.00656729871315051,-0.00304574455429126,0.00992958769665797
-0.509802259627019,-0.0862883425561752,-0.0230717483701165,-0.207366488148357,-0.00656752018833393,-0.00304522657136222,0.00993020177078114
-0.509736068297269,-0.0862624508664233,-0.0230730681769298,-0.207379015280329,-0.00656774151698487,-0.00304470863704872,0.00993081559097995
-0.509669874450234,-0.08623656100809,-0.0230743880700187,-0.207391540370334,-0.0065679626990143,-0.00304419075134891,0.00993142915722703
-0.509603678087255,-0.0862106730107647,-0.0230757080507343,-0.207404063418769,-0.00656818373581846,-0.00304367291423223,0.00993204246949501
-0.509537479208313,-0.0861847868775429,-0.023077028117546,-0.207416584424097,-0.00656840462582334,-0.00304315512569674,0.00993265552775655
-0.509471277810221,-0.0861589025791715,-0.023078348270363,-0.207429103385706,-0.00656862536893625,-0.00304263738571271,0.0099332683319797
-0.509405073897492,-0.0861330201472111,-0.0230796685090929,-0.207441620303025,-0.00656884596506821,-0.00304211969427813,0.00993388088213711
-0.509338867471557,-0.0861071395814621,-0.0230809888350877,-0.207454135176135,-0.00656906641561944,-0.00304160205136144,0.00993449317820598
-0.509272658528311,-0.0860812608531855,-0.0230823092468241,-0.207466648004173,-0.00656928671901224,-0.00304108445693279,0.00993510522015437
-0.509206447072458,-0.0860553839946639,-0.0230836297442011,-0.207479158786211,-0.0065695068751575,-0.00304056691101875,0.00993571700795493
-0.509140233101537,-0.086029508975331,-0.0230849503285729,-0.207491667522289,-0.00656972688545172,-0.00304004941355986,0.00993632854158029
-0.509074016619245,-0.0860036358280691,-0.0230862709984076,-0.207504174211187,-0.00656994674831706,-0.00303953196455483,0.00993693982099854
-0.509007797622483,-0.0859777645234648,-0.0230875917536162,-0.207516678852375,-0.00657016646366854,-0.00303901456400059,0.00993755084618685
-0.508941576116589,-0.0859518950918997,-0.0230889125955381,-0.207529181445853,-0.00657038603289841,-0.00303849721189578,0.00993816161711332
-0.508875352097463,-0.0859260275053061,-0.0230902335226562,-0.207541681990443,-0.00657060545443316,-0.00303797990818083,0.00993877213375058
-0.50880912556673,-0.0859001617939803,-0.0230915545363079,-0.207554180486184,-0.0065708247296688,-0.00303746265288208,0.00993938239607127
-0.508742896527899,-0.0858742979298545,-0.0230928756349762,-0.207566676931899,-0.00657104385703182,-0.00303694544593988,0.00993999240404801
-0.508676664978789,-0.0858484359432236,-0.0230941968199984,-0.207579171327627,-0.00657126283791826,-0.00303642828738054,0.00994060215765346
-0.5086104309192,-0.0858225758060073,-0.0230955180898518,-0.207591663672189,-0.00657148167075446,-0.00303591117717299,0.00994121165686023
-0.508544194341569,-0.0857967175197554,-0.0230968394484714,-0.207604153965269,-0.00657170035693687,-0.00303539411528613,0.00994182090164098
-0.508477955259417,-0.085770861114416,-0.0230981608931746,-0.207616642206617,-0.00657191889637277,-0.00303487710171839,0.00994242989196377
-0.508411713668827,-0.0857450065618236,-0.0230994824224369,-0.207629128395094,-0.00657213728749227,-0.00303436013646637,0.00994303862780581
-0.508345469571243,-0.0857191538619186,-0.0231008040376031,-0.207641612530701,-0.00657235553168792,-0.00303384321949977,0.00994364710913517
-0.508279222967389,-0.085693303047002,-0.0231021257385834,-0.207654094612513,-0.00657257362887119,-0.00303332635078735,0.00994425533592448
-0.508212973857059,-0.0856674540882453,-0.0231034475238523,-0.207666574639709,-0.00657279157746826,-0.00303280953032651,0.00994486330814639
-0.508146722241783,-0.0856416069855036,-0.0231047693947527,-0.207679052612332,-0.00657300937887548,-0.00303229275811463,0.00994547102577353
-0.508080468109382,-0.0856157617720245,-0.0231060913537841,-0.207691528529455,-0.00657322703300435,-0.00303177603412036,0.00994607848877853
-0.508014211473374,-0.0855899184168542,-0.0231074133982638,-0.20770400239083,-0.00657344453976224,-0.00303125935834189,0.00994668569712947
-0.507947952334478,-0.0855640769217698,-0.0231087355281056,-0.207716474195571,-0.00657366189906458,-0.00303074273074695,0.00994729265080355
-0.507881690692409,-0.0855382372884753,-0.0231100577417857,-0.207728943942818,-0.00657387910933389,-0.00303022615130498,0.00994789934976884
-0.507815426539782,-0.0855123995488715,-0.0231113800432321,-0.207741411632297,-0.00657409617197032,-0.00302970962004096,0.00994850579400255
-0.507749159882424,-0.0854865636720142,-0.0231127024297672,-0.207753877263758,-0.0065743130868815,-0.00302919313692428,0.00994911198347274
-0.507682890724863,-0.0854607296597523,-0.0231140249013012,-0.207766340836276,-0.00657452985397899,-0.00302867670192341,0.00994971791815206
-0.507616619064013,-0.0854348975131874,-0.0231153474577413,-0.207778802349285,-0.00657474647317416,-0.00302816031503544,0.00995032359801314
-0.507550344895094,-0.0854090672336481,-0.0231166701015933,-0.207791261802577,-0.00657496294437861,-0.00302764397622877,0.00995092902302861
-0.507484068224228,-0.0853832388220215,-0.0231179928301716,-0.207803719195226,-0.00657517926750374,-0.00302712768550045,0.00995153419317112
-0.50741778905594,-0.0853574123098596,-0.0231193156433836,-0.207816174526666,-0.00657539544246096,-0.00302661144284747,0.0099521391084133
-0.50735150738705,-0.0853315876678243,-0.0231206385411422,-0.207828627796332,-0.00657561146916192,-0.00302609524823813,0.00995274376872778
-0.507285223212882,-0.0853057648980504,-0.0231219615259467,-0.207841079003617,-0.00657582734751429,-0.00302557910164157,0.00995334817408265
-0.50721893653936,-0.0852799439998823,-0.0231232845951208,-0.207853528148354,-0.00657604307743348,-0.00302506300305382,0.00995395232445509
-0.507152647367305,-0.0852541249752264,-0.0231246077485653,-0.207865975229579,-0.00657625865882703,-0.00302454695247262,0.00995455621981319
-0.507086355692845,-0.0852283078248209,-0.0231259309902229,-0.207878420247376,-0.00657647409309565,-0.00302403094986526,0.00995515986013414
-0.507020061521199,-0.0852024925501393,-0.023127254315971,-0.20789086320053,-0.00657668937866181,-0.00302351499522942,0.00995576324538602
-0.506953764853001,-0.0851766791522915,-0.0231285777257226,-0.207903304088476,-0.00657690451543718,-0.00302299908853319,0.00995636637554147
-0.506887465679853,-0.0851508676333264,-0.0231299012219755,-0.207915742910648,-0.0065771195033333,-0.00302248322977332,0.00995696925057311
-0.50682116401169,-0.085125057994127,-0.0231312248020434,-0.207928179666123,-0.0065773343422617,-0.00302196741894648,0.00995757187045359
-0.50675485984074,-0.0850992502347688,-0.0231325484698688,-0.207940614355305,-0.00657754903361924,-0.0030214516560207,0.00995817423515555
-0.506688553175937,-0.0850734443566608,-0.0231338722213379,-0.207953046977019,-0.00657776357583256,-0.00302093594096394,0.00995877634465162
-0.506622244018005,-0.0850476403609001,-0.0231351960563581,-0.207965477530701,-0.00657797796881322,-0.00302042027377279,0.00995937819891443
-0.506555932359354,-0.085021838217834,-0.0231365199788631,-0.207977906016396,-0.00657819221395795,-0.00301990465444383,0.00995997979791663
-0.506489618209029,-0.0849960379600556,-0.0231378439847365,-0.207990332432572,-0.0065784063096934,-0.00301938908294492,0.00996058114163084
-0.506423301558536,-0.0849702395889505,-0.0231391680764755,-0.208002756778983,-0.00657862025592723,-0.00301887355927343,0.00996118223002516
-0.506356982418533,-0.0849444431040859,-0.0231404922528389,-0.208015179055357,-0.00657883405406037,-0.00301835808339629,0.00996178306307676
-0.506290660775912,-0.0849186485080254,-0.0231418165148917,-0.208027599260878,-0.00657904770251929,-0.00301784265530993,0.0099623836407583
-0.506224336645042,-0.0848928557997466,-0.0231431408613882,-0.208040017395553,-0.00657926120269705,-0.00301732727498296,0.00996298396303783
-0.506158010016812,-0.0848670649832085,-0.0231444652933917,-0.20805243345789,-0.0065794745530241,-0.00301681194241088,0.00996358402989258
-0.506091680898076,-0.0848412760269262,-0.0231457898096504,-0.208064847447895,-0.00657968775489334,-0.00301629665759088,0.00996418384129059
-0.506025349283244,-0.0848154889639233,-0.0231471144112353,-0.208077259364755,-0.00657990080673149,-0.0030157814204906,0.00996478339720453
-0.505959015179267,-0.0847897037937534,-0.0231484390968993,-0.208089669208196,-0.00658011370993936,-0.00301526623110544,0.00996538269761157
-0.505892678580553,-0.0847639205190629,-0.0231497638677096,-0.208102076977366,-0.00658032646293974,-0.00301475108940384,0.00996598174247981
-0.505826339494057,-0.0847381391090258,-0.0231510887224154,-0.208114482671952,-0.00658053906712954,-0.00301423599538198,0.00996658053178186
-0.505759997915093,-0.0847123595961502,-0.023152413663521,-0.208126886291394,-0.00658075152242071,-0.00301372094900738,0.00996717906549038
-0.505693653839773,-0.0846865819827067,-0.0231537386895014,-0.208139287834557,-0.00658096382724373,-0.00301320595027531,0.00996777734358256
-0.505627307278668,-0.0846608062372174,-0.0231550637991101,-0.20815168730145,-0.00658117598299184,-0.00301269099915405,0.00996837536602647
-0.505560958223383,-0.0846350323921785,-0.0231563889948461,-0.208164084691511,-0.00658138798957681,-0.00301217609563969,0.00996897313279474
-0.505494606686673,-0.084609260448244,-0.0231577142725916,-0.208176480003925,-0.00658159984542525,-0.00301166123972825,0.00996957064386003
-0.505428252657145,-0.0845834903765035,-0.0231590396362844,-0.208188873238384,-0.00658181155193434,-0.00301114643138707,0.00997016789919496
-0.505361896135528,-0.0845577222084986,-0.023160365085832,-0.208201264394325,-0.00658202310901592,-0.00301063167061212,0.00997076489877216
-0.505295537131688,-0.0845319559146618,-0.0231616906185523,-0.208213653470829,-0.00658223451658201,-0.00301011695737066,0.00997136164256429
-0.505229175637129,-0.0845061915267532,-0.0231630162369475,-0.208226040467692,-0.00658244577454446,-0.00300960229165859,0.00997195813054396
-0.505162811661622,-0.0844804290449198,-0.0231643419383383,-0.208238425384354,-0.00658265688281533,-0.00300908767344312,0.00997255436268383
-0.50509644519596,-0.0844546684420791,-0.0231656677237841,-0.208250808219602,-0.00658286783981734,-0.00300857310272093,0.00997315033895195
-0.50503007624168,-0.0844289097484466,-0.0231669935946321,-0.208263188973527,-0.00658307864695153,-0.00300805857948698,0.00997374605932554
-0.504963704808649,-0.0844031529344521,-0.0231683195482,-0.208275567645209,-0.00658328930413,-0.00300754410370837,0.00997434152377723
-0.504897330888371,-0.0843773980318549,-0.0231696455869901,-0.208287944234447,-0.00658349981126466,-0.00300702967538082,0.00997493673227965
-0.504830954477677,-0.0843516450113043,-0.0231709717109154,-0.208300318740679,-0.00658371016826762,-0.00300651529447138,0.00997553168480545
-0.504764575581206,-0.0843258939050734,-0.0231722979198802,-0.208312691162986,-0.00658392037505084,-0.00300600096097571,0.00997612638132725
-0.504698194208639,-0.0843001446821937,-0.0231736242112041,-0.208325061501129,-0.00658413043152253,-0.00300548667486164,0.00997672082181314
-0.504631810347864,-0.0842743973453693,-0.0231749505873875,-0.208337429754228,-0.00658434033759858,-0.00300497243612391,0.0099773150062403
-0.504565424003319,-0.0842486519254028,-0.0231762770483407,-0.20834979592208,-0.00658455009319099,-0.0030044582447581,0.00997790893458138
-0.504499035176543,-0.0842229083924249,-0.0231776035954098,-0.208362160004381,-0.00658475969969718,-0.00300394410073108,0.00997850260680902
-0.504432643872814,-0.0841971667782679,-0.023178930224473,-0.208374521999958,-0.00658496915554393,-0.00300343000403834,0.00997909602289585
-0.504366250087335,-0.0841714270538729,-0.0231802569380352,-0.208386881908571,-0.00658517846063951,-0.00300291595464755,0.00997968918280994
-0.504299853817135,-0.084145689220986,-0.0231815837360042,-0.208399239729343,-0.00658538761489989,-0.00300240195255328,0.00998028208652849
-0.504233455062952,-0.0841199533111435,-0.0231829106182875,-0.208411595461714,-0.00658559661823712,-0.00300188799775095,0.00998087473402415
-0.504167053829229,-0.0840942192949912,-0.0231842375847978,-0.208423949105125,-0.00658580547056346,-0.00300137409020725,0.00998146712526954
-0.504100650122845,-0.0840684871714048,-0.0231855646342854,-0.208436300659629,-0.00658601417327625,-0.00300086022991752,0.0099820592602373
-0.504034243934504,-0.0840427569741392,-0.0231868917678201,-0.208448650124056,-0.0065862227248025,-0.0030003464168484,0.00998265113890007
-0.503967835264943,-0.0840170286738995,-0.0231882189853053,-0.208460997497807,-0.00658643112505038,-0.00299983265099601,0.00998324276122593
-0.503901424115604,-0.0839913022704566,-0.0231895462880938,-0.208473342780977,-0.00658663937542141,-0.00299931893232608,0.00998383412719207
-0.503835010490225,-0.0839655777661448,-0.0231908736746567,-0.208485685972395,-0.00658684747434245,-0.0029988052608338,0.00998442523677113
-0.503768594385748,-0.0839398551924974,-0.0231922011449009,-0.208498027071503,-0.00658705542172565,-0.00299829163651435,0.00998501608993574
-0.503702175812762,-0.0839141345179481,-0.0231935286975822,-0.208510366078354,-0.00658726321896862,-0.0029977780593342,0.00998560668665854
-0.503635754762159,-0.0838884157465223,-0.023194856333762,-0.208522702991422,-0.00658747086449828,-0.00299726452928846,0.00998619702691217
-0.503569331231483,-0.0838626988773273,-0.0231961840547925,-0.208535037811119,-0.00658767835971227,-0.00299675104634353,0.00998678711066927
-0.503502905224477,-0.083836983912695,-0.0231975118591441,-0.208547370536276,-0.00658788570303751,-0.00299623761049445,0.00998737693790246
-0.503436476742778,-0.083811270853189,-0.023198839748158,-0.208559701166588,-0.00658809289587152,-0.00299572422173623,0.00998796650858439
-0.503370045786143,-0.0837855597308704,-0.0232001677203131,-0.208572029701247,-0.0065882999366414,-0.00299521088003517,0.0099885558226877
-0.503303612356203,-0.0837598505158504,-0.0232014957769504,-0.208584356139947,-0.00658850682674471,-0.00299469758538622,0.00998914488018502
-0.503237176448909,-0.0837341432097375,-0.0232028239165488,-0.208596680481879,-0.00658871356460858,-0.00299418433775561,0.00998973368104898
-0.503170738069697,-0.083708437813021,-0.0232041521404531,-0.20860900272678,-0.00658892015163453,-0.00299367113713737,0.00999032222525679
-0.503104297219312,-0.0836827343268529,-0.0232054804485667,-0.208621322874053,-0.00658912658773091,-0.00299315798352719,0.00999091051277651
-0.503037853893708,-0.0836570327528401,-0.0232068088393686,-0.208633640922889,-0.00658933287132489,-0.00299264487689122,0.0099914985435808
-0.502971408098325,-0.0836313330915436,-0.0232081373141996,-0.208645956872986,-0.0065895390038141,-0.00299213181722422,0.00999208631764227
-0.502904959830006,-0.0836056353439806,-0.0232094658729765,-0.208658270723826,-0.00658974498511499,-0.00299161880449142,0.00999267383493813
-0.502838509088703,-0.0835799395125525,-0.0232107945141659,-0.208670582474203,-0.00658995081365065,-0.00299110583868838,0.00999326109543646
-0.502772055879755,-0.0835542455970121,-0.0232121232391152,-0.208682892124213,-0.00659015649082268,-0.00299059291980893,0.00999384809911446
-0.502705600200014,-0.0835285535985208,-0.0232134520477336,-0.20869519967326,-0.0065903620165397,-0.0029900800478199,0.00999443484594019
-0.50263914205022,-0.0835028635180813,-0.0232147809399319,-0.208707505120829,-0.00659056739071804,-0.00298956722271504,0.00999502133589085
-0.502572681434042,-0.083477175358107,-0.0232161099141825,-0.208719808465714,-0.00659077261178101,-0.00298905444446111,0.00999560756893453
-0.502506218349211,-0.0834514891183481,-0.023217438971833,-0.208732109708011,-0.00659097768113028,-0.00298854171305182,0.00999619354504842
-0.50243975279648,-0.083425804800626,-0.0232187681127932,-0.208744408846807,-0.00659118259867848,-0.002988029028453,0.00999677926420515
-0.502373284776582,-0.0834001223748181,-0.0232200973369674,-0.208756705881904,-0.00659138736433784,-0.0029875163906878,0.00999736472637736
-0.502306814280926,-0.0833744418735077,-0.0232214266468652,-0.208769000812711,-0.00659159197801727,-0.00298700379969417,0.00999794993153313
-0.502240341319606,-0.0833487632974581,-0.0232227560397942,-0.208781293638353,-0.00659179643963297,-0.00298649125549436,0.00999853487964966
-0.502173865893178,-0.08332308664702,-0.0232240855156699,-0.208793584358634,-0.00659200074909762,-0.00298597875805407,0.00999911957069957
-0.502107388002486,-0.0832974119239289,-0.0232254150744004,-0.208805872972683,-0.00659220490632765,-0.0029854663073668,0.00999970400466007
-0.502040907648091,-0.0832717391286076,-0.0232267447158975,-0.208818159480263,-0.00659240891123182,-0.00298495390339906,0.0100002881814992
-0.501974424830837,-0.0832460682324115,-0.0232280744400654,-0.208830443880463,-0.00659261276372265,-0.00298444154614511,0.0100008721011897
-0.501907939547483,-0.0832203992661414,-0.0232294042468198,-0.208842726173088,-0.00659281646371285,-0.00298392923557053,0.0100014557637041
-0.501841451793506,-0.0831947322324938,-0.0232307341386639,-0.208855006357266,-0.00659302001111893,-0.00298341697166871,0.0100020391690196
-0.501774961578827,-0.0831690671316509,-0.0232320641129059,-0.208867284432404,-0.00659322340584951,-0.00298290475443466,0.0100026223171044
-0.501708468900296,-0.0831434039341711,-0.0232333941694621,-0.208879560397988,-0.00659342664782128,-0.00298239258383302,0.0100032052079356
-0.50164197376326,-0.0831177426703974,-0.0232347243096729,-0.208891834254038,-0.00659362973842828,-0.00298188045985875,0.0100037878414812
-0.501575476163876,-0.0830920833425792,-0.023236054532012,-0.20890410599943,-0.00659383267610168,-0.0029813683825051,0.0100043702177185
-0.501508976097433,-0.0830664259527615,-0.023237384838988,-0.208916375633609,-0.00659403546075429,-0.00298085635173745,0.0100049523366201
-0.501442473570045,-0.0830407704705998,-0.0232387152279123,-0.208928643156025,-0.00659423809229876,-0.0029803443675498,0.0100055341981587
-0.501375968586181,-0.0830151169276266,-0.0232400456986976,-0.208940908566125,-0.0065944405706479,-0.00297983242990749,0.0100061158023069
-0.501309461143576,-0.0829894652932066,-0.0232413762526878,-0.208953171863969,-0.00659464289719977,-0.00297932053880447,0.0100066971490373
-0.501242951233019,-0.0829638156010762,-0.0232427068909491,-0.208965433048393,-0.00659484507038166,-0.00297880869423464,0.0100072782383226
-0.501176438864447,-0.0829381678520867,-0.0232440376107955,-0.208977692118487,-0.00659504709010646,-0.00297829689616323,0.0100078590701353
-0.501109924043098,-0.0829125220147941,-0.0232453684135775,-0.20898994907471,-0.0065952489577762,-0.00297778514458326,0.0100084396444528
-0.501043406756062,-0.0828868781237413,-0.0232466993003547,-0.2090022039155,-0.00659545067181427,-0.00297727343948938,0.010009019961243
-0.500976887013858,-0.0828612361465318,-0.0232480302698874,-0.209014456641315,-0.00659565223362294,-0.00297676178084588,0.0100096000204832
-0.500910364816468,-0.082835596116683,-0.0232493613206485,-0.209026707250637,-0.00659585364162973,-0.00297625016861785,0.010010179822146
-0.500843840155452,-0.0828099580050272,-0.0232506924551384,-0.209038955743269,-0.00659605489574723,-0.00297573860282766,0.010010759366204
-0.500777313041542,-0.0827843218416118,-0.0232520236721079,-0.209051202118917,-0.00659625599737381,-0.00297522708344035,0.01001133865263
-0.500710783474707,-0.0827586875983028,-0.0232533549700268,-0.209063446376418,-0.00659645694493685,-0.00297471561044957,0.0100119176813964
-0.500644251447217,-0.0827330553063421,-0.0232546863528414,-0.209075688515833,-0.00659665773983476,-0.00297420418382028,0.010012496452476
-0.500577716965101,-0.0827074249346426,-0.0232560178178652,-0.20908792853697,-0.00659685838198036,-0.00297369280354606,0.0100130749658414
-0.500511180032143,-0.0826817965166469,-0.0232573493635748,-0.209100166438349,-0.00659705886980521,-0.00297318146959098,0.0100136532214697
-0.500444640640792,-0.0826561700227409,-0.0232586809939013,-0.209112402219992,-0.00659725920470344,-0.00297267018197806,0.0100142312193291
-0.500378098796218,-0.0826305454846782,-0.0232600127047334,-0.209124635880777,-0.00659745938510681,-0.00297215894064262,0.0100148089593968
-0.500311554494768,-0.0826049228735059,-0.0232613445000033,-0.209136867420408,-0.00659765941241345,-0.00297164774560679,0.0100153864416454
-0.500245007746193,-0.082579302188599,-0.0232626763770298,-0.209149096838695,-0.00659785928653643,-0.00297113659683533,0.0100159636660475
-0.500178458537481,-0.0825536834636901,-0.0232640083368798,-0.209161324134475,-0.00659805900590324,-0.00297062549432164,0.0100165406325758
-0.500111906883068,-0.0825280666671833,-0.0232653403783062,-0.209173549307813,-0.00659825857191241,-0.0029701144380304,0.0100171173412028
-0.500045352780013,-0.0825024518008742,-0.0232666725012132,-0.209185772357801,-0.00659845798447689,-0.00296960342795495,0.0100176937919013
-0.499978796219782,-0.0824768388964354,-0.0232680047081113,-0.209197993284288,-0.00659865724351357,-0.00296909246408775,0.0100182699846485
-0.49991223721535,-0.0824512279255088,-0.0232693369948765,-0.209210212085754,-0.00659885634745017,-0.00296858154639339,0.0100188459194169
-0.499845675755172,-0.0824256188882073,-0.0232706693654489,-0.209222428762584,-0.00659905529768117,-0.00296807067486594,0.0100194215961747
-0.499779111849201,-0.0824000117852978,-0.0232720018171451,-0.209234643313909,-0.00659925409412369,-0.00296755984946909,0.010019997014899
-0.499712545489011,-0.0823744066492594,-0.0232733343524694,-0.209246855739183,-0.00659945273669074,-0.00296704907019602,0.0100205721755625
-0.499645976684444,-0.0823488034489248,-0.0232746669687382,-0.209259066038254,-0.00659965122529931,-0.00296653833703901,0.0100211470781424
-0.499579405427175,-0.0823232021871285,-0.0232759996684491,-0.209271274210177,-0.00659984955985849,-0.00296602764999201,0.0100217217226067
-0.499512831717872,-0.0822976028649413,-0.0232773324515151,-0.209283480254405,-0.00660004774028152,-0.00296551700901942,0.0100222961089282
-0.49944625556649,-0.0822720055128326,-0.0232786653152494,-0.20929568417043,-0.00660024576648542,-0.00296500641411342,0.0100228702370839
-0.4993796769645,-0.082246410102389,-0.0232799982621624,-0.209307885957705,-0.00660044363838346,-0.00296449586523837,0.0100234441070465
-0.499313095921861,-0.0822208166336991,-0.0232813312895634,-0.209320085615684,-0.00660064135588873,-0.00296398536238723,0.0100240177187887
-0.499246512430242,-0.0821952251095235,-0.0232826643999543,-0.209332283143459,-0.00660083891891436,-0.00296347490555293,0.0100245910722831
-0.499179926499409,-0.0821696355292282,-0.0232839975906529,-0.209344478540845,-0.00660103632737366,-0.00296296449469971,0.0100251641675024
-0.499113338117122,-0.0821440478947643,-0.0232853308641678,-0.209356671807333,-0.00660123358118371,-0.00296245412981962,0.0100257370044236
-0.499046747287948,-0.0821184622071889,-0.023286664220406,-0.209368862942376,-0.00660143068025769,-0.00296194381090549,0.0100263095830196
-0.498980154021862,-0.0820928784674084,-0.0232879976566758,-0.209381051945032,-0.00660162762450499,-0.00296143353792229,0.0100268819032583
-0.498913558306522,-0.0820672966766395,-0.0232893311754887,-0.209393238815152,-0.00660182441384276,-0.00296092331086196,0.0100274539651169
-0.498846960146591,-0.0820417168365988,-0.0232906647767528,-0.209405423551871,-0.00660202104818814,-0.00296041312971642,0.0100280257685727
-0.498780359548929,-0.082016138976656,-0.0232919984592162,-0.209417606155217,-0.0066022175289361,-0.00295990299445053,0.0100285973135936
-0.49871375650802,-0.0819905630689005,-0.0232933322239495,-0.209429786624391,-0.00660241385451435,-0.00295939290505697,0.0100291686001525
-0.498647151020921,-0.0819649891150482,-0.0232946660708608,-0.209441964958527,-0.00660261002484012,-0.00295888286152756,0.0100297396282264
-0.498580543097512,-0.0819394171151946,-0.0232959999972644,-0.209454141157081,-0.00660280603982683,-0.00295837286382624,0.0100303103977879
-0.498513932733934,-0.0819138470396568,-0.0232973340071031,-0.209466315220121,-0.00660300190087327,-0.00295786291194558,0.0100308809088098
-0.498447319926284,-0.0818882789212054,-0.0232986680988523,-0.209478487146489,-0.00660319760640741,-0.00295735300584947,0.0100314511612647
-0.498380704675325,-0.0818627127608196,-0.0233000022724228,-0.209490656935681,-0.00660339315634651,-0.00295684314552959,0.0100320211551297
-0.498314086991807,-0.081837148557328,-0.0233013365265604,-0.209502824587764,-0.00660358855208941,-0.00295633333097842,0.0100325908903774
-0.498247466866621,-0.0818115863148131,-0.0233026708623267,-0.209514990101184,-0.00660378379205999,-0.00295582356218923,0.0100331603669761
-0.498180844301113,-0.0817860260322776,-0.0233040052810786,-0.209527153476407,-0.00660397887766124,-0.00295531383912495,0.0100337295849028
-0.498114219295275,-0.0817604677119518,-0.0233053397812893,-0.209539314712316,-0.00660417380732497,-0.00295480416177713,0.0100342985441348
-0.498047591859097,-0.0817349113547353,-0.0233066743602661,-0.20955147380797,-0.00660436858096079,-0.00295429453011028,0.0100348672446401
-0.497980961984809,-0.0817093569605881,-0.0233080090219589,-0.209563630763836,-0.00660456319997157,-0.0029537849441159,0.010035435686396
-0.497914329672505,-0.0816838045020947,-0.0233093437648345,-0.209575785578398,-0.0066047576627852,-0.00295327540378626,0.010036003869375
-0.497847694919929,-0.0816582540095041,-0.0233106785902374,-0.209587938251727,-0.00660495197080065,-0.00295276590911363,0.0100365717935498
-0.49778105773146,-0.0816327054831426,-0.0233120134980832,-0.209600088783639,-0.00660514612393154,-0.00295225646006155,0.0100371394588931
-0.497714418116411,-0.0816071589250747,-0.0233133484842393,-0.209612237172618,-0.0066053401206058,-0.00295174705662221,0.0100377068653775
-0.497647776063217,-0.0815816143360053,-0.0233146835526589,-0.209624383418775,-0.00660553396222657,-0.00295123769875827,0.0100382740129801
-0.497581131575674,-0.081556071687783,-0.0233160187018115,-0.209636527520954,-0.00660572764722179,-0.00295072838646186,0.0100388409016737
-0.497514484651526,-0.0815305310106545,-0.0233173539330416,-0.209648669479226,-0.00660592117699052,-0.00295021911972507,0.0100394075314308
-0.497447835295345,-0.0815049923055941,-0.02331868924626,-0.209660809293089,-0.00660611455145024,-0.00294970989853914,0.0100399739022286
-0.497381183503239,-0.0814794555445328,-0.0233200246399382,-0.209672946961347,-0.00660630776902515,-0.00294920072286823,0.0100405400140353
-0.497314529280654,-0.0814539207583789,-0.0233213601154217,-0.209685082483753,-0.00660650083111832,-0.00294869159270353,0.010041105866828
-0.497247872624369,-0.0814283879474553,-0.023322695672626,-0.209697215860124,-0.00660669373764348,-0.00294818250800833,0.0100416714605793
-0.497181213544463,-0.0814028570813685,-0.0233240313088528,-0.209709347089919,-0.00660688648851406,-0.00294767346880322,0.0100422367952619
-0.497114552032411,-0.0813773281932752,-0.0233253670266209,-0.209721476172278,-0.00660707908364795,-0.00294716447502194,0.0100428018708531
-0.497047888092015,-0.0813518012847995,-0.0233267028243932,-0.209733603106363,-0.00660727152146906,-0.00294665552668584,0.0100433666873208
-0.496981221721018,-0.0813262763259534,-0.0233280387035209,-0.209745727891931,-0.00660746380338073,-0.00294614662375726,0.0100439312446422
-0.4969145529202,-0.0813007533482329,-0.023329374663911,-0.209757850528439,-0.0066076559292966,-0.00294563776622801,0.0100444955427901
-0.496847881690327,-0.0812752323221556,-0.0233307107054743,-0.209769971015386,-0.00660784789913428,-0.00294512895408903,0.0100450595817415
-0.496781208031987,-0.0812497132784947,-0.0233320468281263,-0.209782089352591,-0.00660803971280763,-0.00294462018730339,0.0100456233614692
-0.496714531942259,-0.0812241962191007,-0.0233333830317675,-0.209794205539116,-0.00660823137022639,-0.0029441114658636,0.0100461868819412
-0.496647853425617,-0.0811986811144278,-0.0233347193163181,-0.2098063195745,-0.00660842287131233,-0.00294360278973103,0.0100467501431393
-0.49658117248304,-0.0811731679967672,-0.0233360556816727,-0.209818431457804,-0.00660861421597506,-0.00294309415892681,0.0100473131450315
-0.496514489115104,-0.0811476568359113,-0.0233373921277507,-0.209830541188887,-0.00660880540413244,-0.00294258557341304,0.010047875887595
-0.496447803318697,-0.0811221476633658,-0.0233387286544647,-0.209842648767209,-0.00660899643569839,-0.00294207703315264,0.0100484383708025
-0.496381115098488,-0.0810966404497062,-0.0233400652617161,-0.209854754192232,-0.00660918731058652,-0.00294156853816581,0.0100490005946267
-0.496314424455266,-0.0810711351967194,-0.0233414019494146,-0.209866857463057,-0.00660937802871078,-0.00294106008841539,0.0100495625590401
-0.496247731385904,-0.0810456319350906,-0.0233427387174739,-0.209878958579543,-0.00660956858998892,-0.00294055168389204,0.0100501242640199
-0.496181035894991,-0.0810201306361525,-0.0233440755658039,-0.209891057540794,-0.00660975899433492,-0.00294004332455853,0.0100506857095388
-0.496114337970276,-0.0809946313323728,-0.0233454124969121,-0.20990315434627,-0.00660994924166262,-0.00293953501040627,0.0100512468955694
-0.496047637622432,-0.0809691339913731,-0.0233467495095456,-0.209915248996406,-0.00661013933337149,-0.00293902674142665,0.0100518078220844
-0.495980934855282,-0.0809436386465724,-0.0233480866021803,-0.20992734148973,-0.00661032926789388,-0.00293851851758151,0.010052368489061
-0.495914229665801,-0.0809181452685546,-0.0233494237747231,-0.209939431825705,-0.00661051904514368,-0.00293801033886219,0.0100529288964717
-0.495847522054772,-0.0808926538583573,-0.023350761027081,-0.209951520003793,-0.00661070866503479,-0.00293750220525994,0.0100534890442892
-0.49578081202374,-0.0808671644461437,-0.0233520983606024,-0.209963606024108,-0.00661089812897069,-0.00293699411676522,0.0100540489324908
-0.495714099572626,-0.0808416770037625,-0.0233534357737623,-0.209975689885501,-0.00661108743537984,-0.00293648607334057,0.010054608561049
-0.495647384706117,-0.0808161915329844,-0.0233547732664648,-0.209987771587074,-0.00661127658417619,-0.00293597807497717,0.0100551679299366
-0.495580667408819,-0.0807907080338339,-0.0233561108426587,-0.209999851129264,-0.00661146557675934,-0.00293547012166618,0.010055727039126
-0.495513947693694,-0.0807652265380157,-0.0233574484982216,-0.210011928510958,-0.00661165441156173,-0.00293496221336923,0.0100562858885946
-0.495447225561623,-0.0807397470168459,-0.0233587862330574,-0.210024003731262,-0.00661184308849736,-0.00293445435007741,0.010056844478315
-0.495380501014055,-0.0807142694693704,-0.023360124048514,-0.210036076790611,-0.00661203160896587,-0.00293394653178178,0.0100574028082598
-0.495313774051018,-0.0806887938986231,-0.0233614619430632,-0.210048147687496,-0.00661221997139581,-0.00293343875844468,0.0100579608784016
-0.495247044664821,-0.0806633203357428,-0.0233627999206552,-0.210060216422036,-0.00661240817719081,-0.00293293103005631,0.0100585186887176
-0.495180312860916,-0.0806378487515853,-0.0233641379771576,-0.210072282993078,-0.00661259622477928,-0.00293242334660761,0.0100590762391805
-0.495113578644558,-0.0806123791458682,-0.0233654761139247,-0.210084347400743,-0.00661278411556505,-0.00293191570806003,0.0100596335297675
-0.495046842015868,-0.0805869115209389,-0.0233668143294161,-0.210096409643839,-0.00661297184797243,-0.00293140811443396,0.0100601905604466
-0.494980102963161,-0.0805614458775052,-0.0233681526275936,-0.210108469722485,-0.00661315942340547,-0.00293090056566209,0.0100607473311951
-0.494913361495789,-0.0805359822167887,-0.0233694910043226,-0.210120527635571,-0.00661334684029642,-0.00293039306176313,0.0100613038419901
-0.494846617619018,-0.080510520538653,-0.0233708294609499,-0.210132583383137,-0.00661353410004126,-0.0029298856027,0.0100618600927997
-0.49477987132983,-0.0804850608745077,-0.0233721679973863,-0.210144636964686,-0.00661372120255811,-0.00292937818846266,0.0100624160836011
-0.494713122622908,-0.080459603197898,-0.0233735066146998,-0.210156688378712,-0.00661390814627546,-0.00292887081904186,0.010062971814367
-0.494646371505135,-0.080434147506814,-0.02337484531164,-0.210168737625692,-0.00661409493259712,-0.00292836349442747,0.0100635272850745
-0.494579617977308,-0.0804086938030305,-0.0233761840881169,-0.210180784704734,-0.00661428156143745,-0.00292785621458151,0.0100640824956963
-0.49451286203021,-0.0803832420898107,-0.0233775229452015,-0.210192829614688,-0.00661446803122497,-0.0029273489794946,0.010064637446205
-0.494446103674444,-0.0803577923652279,-0.0233788618816451,-0.210204872355993,-0.00661465434335977,-0.00292684178912869,0.0100651921365733
-0.494379342910894,-0.0803323446309713,-0.0233802008973558,-0.210216912927797,-0.00661484049776003,-0.00292633464347353,0.0100657465667784
-0.494312579731103,-0.0803068988890489,-0.0233815399948427,-0.210228951329566,-0.00661502649434002,-0.00292582754251968,0.0100663007367928
-0.494245814145103,-0.0802814551394354,-0.0233828791714143,-0.210240987560806,-0.00661521233301797,-0.00292532048625682,0.0100668546465938
-0.494179046152834,-0.0802560133844236,-0.0233842184255451,-0.210253021620369,-0.00661539801222265,-0.00292481347464677,0.010067408296154
-0.494112275746697,-0.0802305736255016,-0.0233855577611798,-0.210265053507978,-0.00661558353335404,-0.00292430650767998,0.0100679616854461
-0.494045502936632,-0.0802051358619805,-0.0233868971756258,-0.210277083223458,-0.00661576889632647,-0.00292379958534685,0.0100685148144427
-0.493978727710366,-0.0801797000653398,-0.0233882366713964,-0.210289110766316,-0.00661595410105824,-0.00292329270763695,0.010069067683121
-0.493911950081759,-0.080154266266825,-0.0233895762457989,-0.210301136135661,-0.00661613914746387,-0.00292278587451198,0.0100696202914536
-0.493845170038446,-0.0801288344677079,-0.0233909159013457,-0.21031315933132,-0.00661632403545773,-0.00292227908596223,0.0100701726394131
-0.493778387594371,-0.0801034046686933,-0.0233922556353421,-0.21032518035244,-0.00661650876495816,-0.0029217723419772,0.0100707247269769
-0.493711602750237,-0.0800779768708174,-0.0233935954477005,-0.21033719919849,-0.00661669333587973,-0.00292126564251847,0.0100712765541174
-0.493644815493771,-0.080052551076012,-0.0233949353409348,-0.210349215868978,-0.00661687774814081,-0.00292075898757545,0.0100718281208119
-0.493578025835032,-0.0800271272843928,-0.0233962753123451,-0.210361230363332,-0.00661706200165189,-0.00292025237713912,0.0100723794270285
-0.493511233769251,-0.0800017054673763,-0.0233976153644547,-0.2103732426811,-0.00661724609633548,-0.00291974581116938,0.010072930472749
-0.493444439302777,-0.0799762856555177,-0.023398955494558,-0.210385252821711,-0.00661743003210194,-0.00291923928968582,0.0100734812579413
-0.493377642427051,-0.0799508678507609,-0.0234002957051746,-0.210397260784673,-0.00661761380886987,-0.00291873281264906,0.0100740317825827
-0.493310843152035,-0.0799254520531577,-0.023401635993614,-0.210409266569456,-0.00661779742655394,-0.00291822638002049,0.0100745820466459
-0.493244041470202,-0.0799000382336523,-0.0234029763638199,-0.210421270175825,-0.00661798088655818,-0.002917719991818,0.010075132050108
-0.493177237381403,-0.0798746264242524,-0.0234043168142698,-0.210433271602992,-0.00661816418731156,-0.00291721364800292,0.0100756817929417
-0.493110430895795,-0.0798492166257302,-0.0234056573422643,-0.210445270850069,-0.00661834732872863,-0.00291670734856522,0.0100762312751196
-0.493043622004816,-0.0798238088400274,-0.0234069979503233,-0.210457267916566,-0.00661853031072807,-0.00291620109346535,0.0100767804966189
-0.492976810719268,-0.0797984030347258,-0.0234083386371856,-0.210469262802925,-0.00661871313471004,-0.00291569488272189,0.0100773294574122
-0.492909997029943,-0.0797729992442833,-0.0234096794039266,-0.210481255507644,-0.00661889579910356,-0.00291518871629603,0.0100778781574722
-0.492843180946896,-0.0797475974686612,-0.023411020247853,-0.210493246030231,-0.00661907830382721,-0.00291468259417681,0.0100784265967761
-0.49277636246232,-0.0797221976781661,-0.0234123611729199,-0.210505234370774,-0.00661926065028152,-0.00291417651632537,0.0100789747752965
-0.492709541572457,-0.0796967999055249,-0.0234137021775959,-0.210517220528127,-0.00661944283689539,-0.00291367048273146,0.0100795226930061
-0.49264271829127,-0.0796714041209776,-0.0234150432591848,-0.210529204501443,-0.00661962486358744,-0.00291316449338405,0.010080070349882
-0.492575892607139,-0.0796460103549909,-0.023416384421639,-0.210541186291166,-0.0066198067317581,-0.00291265854827283,0.0100806177458969
-0.492509064523912,-0.0796206186097642,-0.0234177256634308,-0.210553165896192,-0.00661998843984027,-0.00291215264738668,0.0100811648810279
-0.492442234048609,-0.0795952288543662,-0.0234190669833044,-0.210565143316249,-0.00662016998923459,-0.00291164679068658,0.0100817117552478
-0.492375401175817,-0.0795698411225064,-0.0234204083823324,-0.210577118550194,-0.00662035137837002,-0.00291114097816214,0.0100822583685292
-0.492308565903083,-0.0795444553826964,-0.0234217498618727,-0.210589091598512,-0.0066205326086512,-0.00291063520977348,0.0100828047208491
-0.49224172823992,-0.0795190716673973,-0.0234230914177809,-0.2106010624597,-0.00662071367850696,-0.0029101294855388,0.0100833508121804
-0.492174888178511,-0.0794936899468386,-0.0234244330540162,-0.210613031133887,-0.00662089458934196,-0.00290962380541818,0.0100838966425002
-0.492108045722712,-0.0794683102537445,-0.0234257747690472,-0.21062499761993,-0.00662107533958522,-0.00290911816940107,0.010084442211781
-0.492041200879451,-0.0794429325564457,-0.0234271165616207,-0.210636961917916,-0.0066212559306375,-0.00290861257744828,0.0100849875199957
-0.491974353639596,-0.0794175568885656,-0.0234284584328075,-0.210648924026742,-0.00662143636093164,-0.0029081070295771,0.0100855325671212
-0.491907504004704,-0.0793921832201539,-0.0234298003839562,-0.210660883946138,-0.00662161663186843,-0.00290760152574824,0.0100860773531304
-0.491840651975381,-0.0793668115818832,-0.0234311424149862,-0.210672841675977,-0.00662179674336684,-0.00290709606592161,0.0100866218780004
-0.491773797561147,-0.0793414419453018,-0.0234324845217523,-0.210684797214756,-0.00662197669385582,-0.00290659065011519,0.0100871661417037
-0.491706940750284,-0.0793160743104302,-0.0234338267082137,-0.210696750562924,-0.00662215648473619,-0.00290608527828961,0.0100877101442132
-0.491640081547496,-0.0792907087093958,-0.0234351689742782,-0.210708701719635,-0.00662233611592684,-0.00290557995043334,0.0100882538855059
