-0.667163279291907,0.000606460850419336,0.00529334494523245
-0.998284091115546,0.00173839963421901,0.0156614009091548
-1.32644029982395,0.00373591976049603,0.0341361533825514
-1.6505821278962,0.00684870120524173,0.0624251152541251
-1.96959036784775,0.0113305254027794,0.10170215945731
-2.28226132485773,0.0174252455821074,0.152559776518405
-2.58730197771477,0.0253446593320128,0.215034333973762
-2.88333915289334,0.0352359835777899,0.288711216050461
-3.16894350115389,0.0471361094835506,0.372892599854227
-3.11282189386629,0.0541375812683876,0.41040870521334
-3.04739467849477,0.0610011048835566,0.438067086287858
-2.97306957278568,0.0675752338635627,0.457017734493457
-2.89020691020391,0.0737171685147765,0.468649407324324
-2.79918966134609,0.0792786160587403,0.474466909592135
-2.70021805847969,0.084081015423228,0.47595774279376
-2.59357643828719,0.0879064716120686,0.474543866060717
-2.47923386108724,0.0904808454453135,0.471388510755945
-2.35755338874234,0.0915112150596045,0.467383948388467
-2.22826125577146,0.0906832231097655,0.462785193213185
-2.09240945616679,0.0877867634212704,0.457494229932807
-1.94914191473505,0.0826371414112016,0.45031635515794
-1.80168063007743,0.0753657677489559,0.440431877071237
-1.64642246898876,0.0659587025714153,0.424996584812658
-1.49286821575369,0.0550865448272848,0.404564196270283
-1.32686853582583,0.0425060079701834,0.373560019218105
-1.17621731020344,0.0296051894739025,0.339014952459092
-0.997253104451872,0.0152143303622609,0.28755333322011
-0.857472096474031,0.00135778506506977,0.240167617748595
-0.670293830743467,-0.0135083181015021,0.171627116256643
-0.52379384015681,-0.0286938900915794,0.109501337768841
-0.356700927872214,-0.0438698154512714,0.0385599372501075
-0.193289525056995,-0.0598086540765489,-0.0330941340973228
-0.0301899339276226,-0.0765191829909318,-0.104116800518029
0.133132286856468,-0.0940759460916966,-0.172457005946196
0.296655127753112,-0.112532814446715,-0.235992457503805
0.460181749679435,-0.131899227500262,-0.292729003994132
0.623431880250517,-0.152097177284664,-0.340917481380226
0.785943505739566,-0.17292173705904,-0.379158497566693
0.947035886333238,-0.194051909924552,-0.406598172670277
1.1058644253771,-0.21509401539621,-0.423131883891139
1.26147101678275,-0.235632149067345,-0.429497275727279
1.4128633588779,-0.255284320543145,-0.427220143481824
1.55911261029243,-0.273742984980021,-0.418387441064368
1.69943767591289,-0.290779578124275,-0.405281702363436
1.8332519880393,-0.306209912649919,-0.389974814068547
1.96016476344039,-0.319840211693284,-0.373998829558362
2.07993788933344,-0.331424067816827,-0.358173833324428
2.19242146675351,-0.340655127861456,-0.342607267124055
2.29748635645396,-0.347197137633248,-0.32681751022009
2.39497734115939,-0.350734633492584,-0.309911829496562
2.48469431173976,-0.351020730148547,-0.290759002282001
2.56640287970997,-0.347907620461933,-0.268128458961968
2.63986186802598,-0.34135740762369,-0.240798893110068
2.70485833939575,-0.331440222068308,-0.207661404762055
2.76123186488495,-0.318325998739048,-0.16784679313663
2.8088872543736,-0.302274060021917,-0.120895599053184
2.84778496038541,-0.283617669839906,-0.0669591107225044
2.8779238572627,-0.262741095233853,-0.00698201626042272
2.89931749225495,-0.240046716939321,0.0572146127768058
2.91198228229782,-0.215917330722502,0.123028361351614
2.91594044768279,-0.190682884002079,0.187375578231565
2.911238570202,-0.164602175675595,0.247137086482739
2.89797067577935,-0.137863633648327,0.299618376444995
2.87629349074189,-0.110601526658835,0.342885540254313
2.84642834432948,-0.0829174752255725,0.375900471435068
2.80864651520176,-0.0548983532785563,0.398465694749803
2.76324893360673,-0.0266258133906449,0.411050833219704
2.7105418845766,0.00182295458591179,0.414583641545705
2.65081621627764,0.0303805726882572,0.41026579558428
2.58432947426882,0.0589976051643414,0.39943783512843
2.51129008092671,0.0876500916933994,0.383489274185653
2.43184928686917,0.116343436848093,0.363795682688286
2.34609604119672,0.145109856742471,0.341659412812489
2.25407461870317,0.173997914653062,0.318240274967072
2.15580371387133,0.203052859750652,0.294466898841993
2.05133752455117,0.232291841837685,0.270943913895483
1.94080650788623,0.261675541414061,0.247867820134425
1.8244985710893,0.291089351768317,0.224992785921581
1.70287250182599,0.320333968122918,0.201660586207
1.57658809370075,0.349141746598018,0.176921911276308
1.44643759810412,0.377204548250251,0.149720212568522
1.31328603940196,0.404220006076088,0.119112436752687
1.17796201487301,0.429930813471734,0.0844634822675944
1.04118012217952,0.454155745901649,0.0455770596358259
0.903485888072665,0.476799863333703,0.0027398540788219
0.765245253638059,0.497848264303204,-0.0433101884096705
0.626666283329443,0.517347107426817,-0.0914640281052999
0.48784241839194,0.535379503669448,-0.140337799081229
0.348804166009575,0.552041901776253,-0.188361380986775
0.209568838963296,0.567422612364231,-0.233849363205629
0.0701862841639078,0.581583603073684,-0.275058565215121
-0.0692188467279743,0.594545166389997,-0.310246857253297
-0.20840595846072,0.606274900922172,-0.337753417327881
-0.346978892685964,0.61668413612672,-0.356118230474835
-0.484353199844836,0.62563823297588,-0.364247340470662
-0.61974066556448,0.632984545026722,-0.361606727832538
-0.752162635679424,0.638600176367014,-0.348400032663573
-0.880497605675369,0.64245260277274,-0.325662328063255
-1.00355631869117,0.644658804922862,-0.295205023461291
-1.12016360662978,0.645523745052891,-0.259385673462321
-1.2292201017562,0.645542145094681,-0.220742436387166
-1.32972578722925,0.64535704328759,-0.181592461570961
-1.42076833257329,0.645677423253888,-0.143709424493925
-1.50150336410994,0.647160559356761,-0.108157838481568
-1.57116720825559,0.650263353792016,-0.0752955017745291
-1.6291579309208,0.655071765362621,-0.0448997210621253
-1.67519384168445,0.66113793672112,-0.0163508486128688
-1.70950986921114,0.66738463001066,0.0111839170524578
-1.73300419945191,0.672151074170936,0.0385983802881736
-1.74723219733392,0.673417332294821,0.0667325503186932
-1.75420430968712,0.669161441428987,0.0962812455228743
-1.7560468324376,0.657725916493654,0.127703686090097
-1.7546592657187,0.63806534031254,0.161118697987703
-1.7514866572111,0.609815909104832,0.196192405047353
-1.74744524959998,0.573212143251414,0.2320526998618
-1.74296856230842,0.528921072990649,0.26728075671672
-1.7381157635877,0.477860976744458,0.300019616425896
-1.73269612917704,0.421045916731224,0.328201886857299
-1.72638340351533,0.359472263467898,0.349849211123921
-1.71880792397173,0.294048128565732,0.363363273614012
-1.70962172234719,0.225559171537255,0.36773186105089
-1.69853635204936,0.154661009897015,0.362610485993423
-1.68533657218458,0.0818877842256051,0.348286860326174
-1.66987635559611,0.00766801284874662,0.325568059963311
-1.65206459087806,-0.0676585069414162,0.295638236621097
-1.63184685924781,-0.143826142809155,0.259923528934198
-1.6091862666132,-0.220632084200908,0.219981688767271
-1.58404793394298,-0.297927087843714,0.177417797456428
-1.55638612171417,-0.375605831990795,0.133816123190564
-1.5261385563932,-0.453594137684041,0.0906759059938794
-1.49322817511354,-0.531830502132578,0.0493405549159157
-1.45757494568436,-0.610241163121635,0.0109170039242941
-1.41911786071583,-0.688710310527509,-0.0238087095581741
-1.37784537140667,-0.76705046434579,-0.0544435732169769
-1.3338283376525,-0.844980162498739,-0.0810243848588361
-1.2872463940488,-0.922116886946332,-0.103996460962087
-1.23840025440773,-0.997990743301655,-0.124121882089854
-1.18770338874443,-1.07207774431555,-0.142324685994477
-1.13565530676113,-1.14384539164398,-0.159502104965028
-1.08280464573562,-1.21279819809877,-0.176344240636963
-1.02971293431957,-1.27851002011119,-0.193201874029165
-0.976929353986972,-1.34063545867865,-0.210024765875163
-0.924981951200087,-1.39890008748585,-0.226369796844941
-0.874382779204921,-1.45307278800651,-0.241460163009623
-0.825641971425216,-1.50292802299884,-0.25427057564626
-0.779282140131161,-1.54820381891722,-0.263617627014132
-0.73584421011329,-1.58856028986552,-0.268245319625962
-0.695874253759333,-1.62354148770122,-0.2669071817626
-0.659880814489205,-1.65254657833688,-0.258454818601866
-0.628251372667097,-1.67481874738098,-0.241944561473839
-0.601122254059027,-1.68946548408164,-0.216768766125373
-0.578213666307756,-1.69552831729742,-0.182806913849467
-0.558670512608924,-1.69211182519307,-0.140575952955021
-0.540983132236259,-1.67856314539873,-0.0913442805815959
-0.523067695091955,-1.65465690655326,-0.0371621136022884
-0.502538564720402,-1.62071468425754,0.019240624274189
-0.477110298413311,-1.57759154840245,0.0747190092427848
-0.444990891602289,-1.52651520346703,0.126119485468008
-0.405130386131629,-1.46883060041201,0.170736003634955
-0.357266855360951,-1.40574273431169,0.206679133428774
-0.301802227866972,-1.3381410600445,0.233048085194483
-0.23958818491322,-1.26654132870931,0.249884472174758
-0.171700438243727,-1.19112878545734,0.257976027062237
-0.0992512761761427,-1.11185920433135,0.258614475644147
-0.0232584804635545,-1.02857324450882,0.253388355630717
0.0554324133061055,-0.941096110964523,0.244040139946605
0.13618357526543,-0.849312609905209,0.232370641800041
0.218567527351652,-0.753220017750371,0.220149531415032
0.302341326930997,-0.652964586198126,0.208990868897642
0.387393033540596,-0.548864384426995,0.200172956989146
0.47366233233702,-0.44141564810878,0.194416750485106
0.561044813016131,-0.331277474325591,0.19167764503607
0.649299805658157,-0.219229440556089,0.191033729382784
0.737990203179324,-0.10610490205072,0.190750346529854
0.826479224895256,0.00728832763862129,0.188551592291746
0.913991424496971,0.120240865258952,0.182048563892273
0.999719315625215,0.232190086921462,0.169203116307999
1.08293783242802,0.34273458773671,0.148689541025015
1.16308972618871,0.451617422831463,0.120066148000752
1.23982182622885,0.558689343435901,0.0837503381026201
1.31297412109442,0.663866475622114,0.0408569888770744
1.38253736746032,0.767093600578518,-0.00701620281819932
1.4485999330294,0.868320500297354,-0.0579868634728814
1.51129702389675,0.967493759025591,-0.110032647258363
1.57076803707658,1.06456209527416,-0.161077306317153
1.62712255532991,1.15949099164978,-0.209035662849116
1.68040673530867,1.25227614780373,-0.25184696069013
1.73057306235479,1.34294978033564,-0.287529952709785
1.77744978671579,1.43156766942783,-0.31428795224331
1.82072544704222,1.51817637364211,-0.330679305642108
1.85995188694245,1.60275528959791,-0.335841319651895
1.89458238397496,1.6851479030162,-0.329722211511499
1.92404107002857,1.76499792233608,-0.313240104405864
1.94781574672629,1.84172086345231,-0.288279059967413
1.96554183778658,1.91452843432197,-0.257464687130727
1.9770536159071,1.98251495678722,-0.223742955589596
1.98237706044392,2.04477667953141,-0.189872466127053
1.9816763885614,2.10053102053262,-0.157985419378595
1.97517183324813,2.14919232058051,-0.129337571263803
1.96306540104491,2.19039478428184,-0.104281632476892
1.94548781130517,2.22396190009139,-0.0824113838466777
1.92248505926631,2.24985499503128,-0.0627831135969092
1.89402707728953,2.26810604680347,-0.0441284999403656
1.8600478086676,2.27876579548682,-0.0250129428473726
1.82048673074897,2.28184491042837,-0.003936691988948
1.77535118991775,2.27727696762437,0.0205895038598388
1.72476514153582,2.26487050613013,0.0499469466212784
1.66902927572384,2.24429794290676,0.0852480092146248
1.60864684131604,2.21509374911324,0.127096940244909
1.54433727487944,2.17672464094024,0.175307957189134
1.47698198519666,2.1286827169737,0.228666133171982
1.40753853430313,2.07063994724049,0.284852595719913
1.33689034232822,2.00256330770571,0.340622131280546
1.26570986253962,1.92480772498775,0.392243812106872
1.1943344641758,1.8380953731783,0.436087277710966
1.12273477555213,1.7434474320765,0.469185260064292
1.05054832105913,1.64204008435966,0.489601298264593
0.977198757031658,1.53507713717254,0.496544682228513
0.902031316195,1.42366066265201,0.490252873582461
0.82445222714569,1.30872163705858,0.471748866156366
0.744014176961394,1.19097629477447,0.442565031746421
0.660454841205864,1.07093633153774,0.404518841073836
0.573676050676771,0.948938002182847,0.359564345781031
0.48368985981482,0.825194828963463,0.309720478986729
0.390545716551008,0.699855001356002,0.257043533631726
0.29426020205092,0.573060221706406,0.203605223064309
0.194767175355199,0.445003370113559,0.151438414153624
0.0919017709013157,0.31597974691689,0.102422553325878
-0.0145701903311623,0.186427558961037,0.0581023557259349
-0.124874044184465,0.0569490923504203,0.0194619127615975
-0.23910985178844,-0.0716981399642685,-0.0132904480000859
-0.357126606982195,-0.198648039598465,-0.0408452955528869
-0.478432043462656,-0.323009899029805,-0.0647431283581447
-0.602181458074117,-0.443973249517655,-0.0871160638295713
-0.727262109171191,-0.560901337066356,-0.110261596640541
-0.852450179728973,-0.673379952833558,-0.136166746812675
-0.976585701692053,-0.781205010629708,-0.166126609880691
-1.09871245456243,-0.884320589082911,-0.200556875803701
-1.21814795354194,-0.982732270078687,-0.239013927621918
-1.33448354548426,-1.07642515568481,-0.280362711254062
-1.44753372168465,-1.16530519616828,-0.323002529923252
-1.55726166522061,-1.24917315163468,-0.365074028483102
-1.66370400980216,-1.32773428723301,-0.40460550990657
-1.76689630978598,-1.40063423220085,-0.439590744761326
-1.86680938614478,-1.4675236723161,-0.468021878168139
-1.96328315378739,-1.52813679497634,-0.487914498333539
-2.05597045080262,-1.58238292419035,-0.49737414303154
-2.14428660155929,-1.63042462368312,-0.494741805830539
-2.22739861819485,-1.67273024884345,-0.478838258902656
-2.30425646029929,-1.71005778201113,-0.449273518408582
-2.37370470563447,-1.74336912803608,-0.406740598422784
-2.43463085108549,-1.77365573601694,-0.353159245480181
-2.48615122888269,-1.80174893594478,-0.291562796824022
-2.52772056443838,-1.8281437307949,-0.225688971764659
-2.55918357546819,-1.85294646092617,-0.1593798149772
-2.5806863751922,-1.87591298580242,-0.0959690508778994
-2.59256796149153,-1.89660455013833,-0.0378504256183659
-2.5951956454522,-1.914530071797,0.0136853542484296
-2.58889060527546,-1.92928768712724,0.0583633954752975
-2.57385339221419,-1.94059932943265,0.0966896274183255
-2.55019729923797,-1.94832610097627,0.12968116589083
-2.51795094056357,-1.95239933260964,0.158638352726629
-2.47713196273493,-1.95278082771076,0.184989920728743
-2.42776002152617,-1.94938100020582,0.210189614875571
-2.36992014712298,-1.94203455756212,0.235631820153414
-2.30376708182329,-1.93045883451584,0.262536043769558
-2.22957294533567,-1.91428205965687,0.291783994114815
-2.14772633560474,-1.89307493813305,0.323708371955045
-2.05875910814667,-1.86644817291034,0.357890670891957
-1.96332705365363,-1.83414396513626,0.39304042222847
-1.86219558240701,-1.79613847913927,0.427046884835028
-1.75618442957727,-1.75267981307514,0.457235860502546
-1.64611302747171,-1.70426863926671,0.480797820499716
-1.53273321808468,-1.65156145212262,0.495265223119579
-1.41668415482597,-1.59524782337922,0.498901349845297
-1.29846525456436,-1.53593145052899,0.490897786096617
-1.17844038260306,-1.47405935761262,0.471367721686065
-1.05685808874386,-1.40990006801375,0.441188725334309
-0.933881721297834,-1.34356582308957,0.401782786798516
-0.809615809146058,-1.27505693476735,0.354906587995984
-0.684122265671642,-1.20431163914381,0.302492799355092
-0.557426294512646,-1.13125316368134,0.246550164156658
-0.429514181345037,-1.05582877886116,0.189105751598552
-0.300330866120617,-0.978041972527442,0.1321624192423
-0.169786218457961,-0.897979395516178,0.0776428925985623
-0.0377791407586833,-0.815832648885888,0.0272982112709892
0.0957555282082316,-0.731910873372603,-0.0174287370708628
0.230778271840001,-0.646641326275147,-0.0555733000715523
0.367066809774441,-0.560549104168119,-0.0868174799846201
0.504151173364622,-0.474215001620562,-0.111599319801378
0.641289575808137,-0.388213711936968,-0.131100743701871
0.777505021211196,-0.303046950793601,-0.147075377990649
0.911683947178474,-0.219093084127398,-0.161532130640361
1.04271144630274,-0.136589191405329,-0.176351330336489
1.16960262726111,-0.0556504282261977,-0.19294325005771
1.29159074789167,0.0236845078132454,-0.212040492469121
1.40815392353701,0.101400683189377,-0.233658029608239
1.51898388385467,0.177464823578745,-0.257191891708064
1.62392201165337,0.251803643238309,-0.281592469382325
1.72288843272369,0.324305091766173,-0.305547087284065
1.81582083400303,0.394839002053137,-0.327628734879001
1.9026346200448,0.463291198177505,-0.346397787756172
1.98319878307854,0.529602322120387,-0.360466281111712
2.05732762617555,0.593802783362032,-0.368549965422549
2.12478063622921,0.656033026201799,-0.369535228959951
2.18527233849721,0.716540336036834,-0.362581515920425
2.23849065769171,0.775645579246306,-0.347261231815826
2.28412710993829,0.83368185388572,-0.323715015319032
2.3219161864052,0.890916812077821,-0.292774815216262
2.35168136395468,0.947482185722651,-0.255994960402227
2.37337731802284,1.00333643214218,-0.215542676351174
2.38712087359239,1.05827881530951,-0.173941130128901
2.39320314343155,1.11201119150593,-0.133714698886047
2.39208342621592,1.16422202153254,-0.0970298338640287
2.38436525136848,1.21465518776165,-0.0654270533283135
2.37075901907818,1.26313720296009,-0.0396990661336997
2.35203053997149,1.30955729893699,-0.019911559893363
2.32894096027122,1.35381854794797,-0.00552040340195555
2.30218102189128,1.3957838544452,0.00447277568971829
2.272309933647,1.43523768831769,0.0113704895876042
2.23970672849597,1.47187114526871,0.0166542570010937
2.20454136967155,1.5052879368677,0.0218818797132812
2.16676923039201,1.53502325588649,0.0285908017402227
2.12615073256574,1.56056848280015,0.0381871539423015
2.08229341304483,1.58139732741357,0.0518058906976904
2.03471479090404,1.59699611433509,0.0701432971379835
1.98291829148692,1.60690159793619,0.0932867517129502
1.92647193561787,1.61074889917944,0.120590757547497
1.86507537657411,1.60832532064579,0.150659268635224
1.79859857208952,1.59961605210131,0.18147791065478
1.72708253635921,1.58482477373556,0.210693364053165
1.65070337546589,1.56435651827852,0.235978969248945
1.56971368116227,1.53876366351203,0.255388200563034
1.48438075845611,1.50866911439809,0.267604239109311
1.3949403846395,1.47468958332994,0.272040151402094
1.30157151875409,1.43737531751083,0.268800159986864
1.20439253778997,1.39717804268009,0.258551714710628
1.10347030427782,1.35444583934128,0.242366486360794
0.998835448284002,1.30944010257839,0.221574955533813
0.89049852006956,1.26236596659506,0.1976554299465
0.778466639946911,1.21340911487689,0.172156396090668
0.662762376439851,1.16277186863396,0.146635778082466
0.543447993331261,1.11070231096456,0.122594431462269
0.420657335706249,1.05751100745549,0.101383964635675
0.294633082625767,1.00356918108007,0.0840800497060845
0.165762505827832,0.949285291448,0.0713311377886125
0.0345998711609637,0.895061717236222,0.0632144604838807
-0.0981380380781396,0.841239689525696,0.0591483943772072
-0.231611531272044,0.788048543604883,0.057911779410712
-0.364929961492556,0.735576830204807,0.0577978628468216
-0.497239583856768,0.68377778738348,0.0568867016003155
-0.627802699004626,0.632508649120667,0.0533733610985061
-0.756046371107584,0.581590611758906,0.0458656017229321
-0.881571381711687,0.530869004438807,0.0335779840698026
-1.00412723669723,0.480256662639991,0.0163916591710975
-1.12356865590751,0.429752550428246,-0.00520362779965942
-1.23981023823749,0.379437102923005,-0.0302387559674627
-1.35279182792739,0.329451517531366,-0.0574141725265225
-1.46245951146606,0.279968705647337,-0.0852314263671112
-1.56876173462904,0.231162235535276,-0.11209225616867
-1.67165391909797,0.183176998454328,-0.136370554800553
-1.77110435420797,0.136104891825337,-0.156476055910557
-1.86709264872724,0.08996867657437,-0.170933371446341
-1.95959426984895,0.0447180609431897,-0.178495482934131
-2.04854918319832,0.000242097280648949,-0.1782966601819
-2.13381851110608,-0.0436001855011175,-0.170027050746141
-2.21514122945552,-0.0869340230396082,-0.154085041711142
-2.29210703753696,-0.129818376637038,-0.131644884734913
-2.36416139067382,-0.172206873435732,-0.104581580325621
-2.43065180587687,-0.21393649823663,-0.0752323716081574
-2.4909040323512,-0.254751144011884,-0.0460353626560057
-2.54430815317513,-0.294352588496056,-0.0191410925004557
-2.59038637023721,-0.332459438652548,0.00389345283084937
-2.62882404271511,-0.368853104310996,0.0222564436806946
-2.65946277047667,-0.403398815890767,0.0358715724693593
-2.68226302691591,-0.436041244283248,0.0452742712753537
-2.69725473091381,-0.466783156235526,0.0514403878257217
-2.70448570650299,-0.495656753125326,0.055620690435053
-2.70397717641173,-0.522695717440987,0.0592056964347819
-2.69569027578025,-0.547912718567361,0.0636173825911087
-2.67950484173223,-0.571284730817681,0.0702069636635593
-2.65521931166177,-0.592749012238704,0.0801348075272418
-2.6225723657399,-0.612210736047689,0.0942187357890949
-2.58130123188773,-0.629565552128036,0.112759774238612
-2.53121708148139,-0.644731714667883,0.135381505199044
-2.47230897667554,-0.657690839236905,0.160944283375309
-2.40480604918156,-0.668515384912768,0.187594012065186
-2.32923118860199,-0.677385128523793,0.212980654849265
-2.24632744384381,-0.68455947240517,0.234609977043768
-2.15700577067904,-0.690346605426236,0.250250941741307
-2.06214641678902,-0.695029111019378,0.258264154246937
-1.96256266345569,-0.698841504372585,0.257795009535314
-1.85882715505348,-0.70191349589589,0.248770239750112
-1.75135548467892,-0.704303281715884,0.231788473156974
-1.64033104880971,-0.705981935977862,0.207919573530495
-1.52583422719239,-0.706891312283946,0.178531278686985
-1.40783986126966,-0.706952465766409,0.145136353802705
-1.28629940974627,-0.706105366433045,0.109302671836046
-1.16116672785721,-0.704322958328761,0.0725957208457732
-1.03243716373876,-0.701627289609364,0.0365404902763167
-0.900176320563809,-0.698095579272108,0.00257497612819663
-0.764548335814492,-0.693859307114814,-0.0280226897659968
-0.625840582889968,-0.689094988817457,-0.0542407981263299
-0.484478676666731,-0.684006471345856,-0.0754640333688412
-0.341023926516694,-0.678801052715857,-0.0915966340125429
-0.196147174165398,-0.673665073433272,-0.103133434302541
-0.0505781084744415,-0.668745477472147,-0.111133419844532
0.0949602047490379,-0.664144423487412,-0.117073091835254
0.239814817968366,-0.659929393573019,-0.122598198484558
0.383446823545799,-0.656155702046207,-0.129233786491545
0.52544564276222,-0.65289337442272,-0.138130358651612
0.665514978330497,-0.650250302639359,-0.149907352037244
0.803440782241976,-0.648386524128019,-0.164614488597387
0.939054362281625,-0.647518863618914,-0.181790245982071
1.07220137229247,-0.647918364362338,-0.200573568195996
1.20272181220392,-0.649902794974619,-0.219824321603667
1.33044095165839,-0.653825043316752,-0.238223178615521
1.45516707908783,-0.660055907182938,-0.25434235052531
1.57668918450623,-0.668957907879479,-0.266697449707328
1.69476740968079,-0.680846852384481,-0.273804069882937
1.80911063834131,-0.695939955773374,-0.27426788841525
1.91933955253577,-0.714294056147234,-0.26693122867931
2.02494216044412,-0.735745275906732,-0.251078699751152
2.12523579951824,-0.759867803933316,-0.226668452805151
2.21935867133051,-0.78597261428795,-0.194514666474514
2.30631030899689,-0.813157919361418,-0.156324411784958
2.38504684112061,-0.840404351012249,-0.11451867511684
2.45461041308157,-0.866685433756426,-0.0718488732340789
2.51425526384486,-0.89105589673229,-0.0309180662799917
2.56353035661737,-0.91269125019633,0.00623645532849809
2.60230053524297,-0.930877982042444,0.0383795350756288
2.63071401519811,-0.944975570516786,0.0651058228340085
2.64913706269017,-0.954377349717061,0.0867140417152033
2.65808219492269,-0.958491566354574,0.104015618030828
2.6581370708119,-0.956746283790375,0.118148360830319
2.64990189782914,-0.948613891283105,0.130426327632291
2.63392988408185,-0.933642388546149,0.142219227973323
2.61068259603447,-0.911487786796861,0.154834395689628
2.58050110358592,-0.881940780885225,0.169372714210564
2.54361518877178,-0.844952005578717,0.186549012723771
2.50018898315147,-0.80065325219978,0.206497585330997
2.45040598256274,-0.749374329559645,0.228618210378919
2.39456594564588,-0.69164485156655,0.25153549824915
2.33316021819666,-0.628170547406186,0.273229541967018
2.26689164554734,-0.559778473598123,0.291341471421531
2.19662353250021,-0.487337503886261,0.303584710673651
2.1232765557814,-0.411674359659469,0.308143731345295
2.04771007070756,-0.333507788762432,0.30394767489137
1.97062926854591,-0.253416451867249,0.290764478549689
1.89253890793373,-0.171840864268939,0.269132694417293
1.81374403106467,-0.0891084801158338,0.240195686168792
1.73438488380646,-0.00546705143263688,0.205511192884462
1.65448892351885,0.0788858467985928,0.16688827845835
1.57402830036719,0.163782509348813,0.12627310267224
1.49297864390272,0.249072662848631,0.0856782217335419
1.4113782086383,0.334612543066919,0.0471324833081553
1.32938767420998,0.420246468071654,0.0126210358716937
1.24734633618626,0.505772306427566,-0.0160134888945075
1.16581412033779,0.590886736946419,-0.0372260026114042
1.08558006244767,0.675114664128566,-0.0499752105793628
1.00761707026873,0.757739581089677,-0.0539446778003898
0.932968864033877,0.837761900966276,-0.0497116895636857
0.862577089213308,0.913915059258008,-0.0387848053450146
0.797082981749514,0.984756204527159,-0.0234551939241486
0.736658059811358,1.04882250154491,-0.00646798343762132
0.680917071713621,1.1048178862343,0.00940862728320067
0.628938458457123,1.15178040302192,0.0217974202640229
0.579382310638421,1.18918923372818,0.0290030624138995
0.530668003665117,1.21699352965485,0.0301293359634699
0.481165440112465,1.23557029693472,0.0250365449160512
0.429361796092326,1.24563421582654,0.0141957023274727
0.373981369427895,1.24812662352132,-0.0014926780440927
0.314050753228217,1.24410621831088,-0.0208605457557239
0.248911395152435,1.23465524721743,-0.0425849205692981
0.178188443722149,1.22081019961213,-0.065246054686242
0.101727006721019,1.20351775010358,-0.0873462972601712
0.0195105453972477,1.18361515181547,-0.107317929573519
-0.0684217032982295,1.16182831565048,-0.123554035986172
-0.162038742711201,1.1387783445614,-0.134494163080652
-0.261343690206804,1.11498647077616,-0.138784654288114
-0.366346675726549,1.09086797443198,-0.135510416150612
-0.476981331409664,1.0667133676214,-0.124461835981108
-0.592980222698468,1.04266300169015,-0.106364456909698
-0.713747025498684,1.01868947941759,-0.0829758337826284
-0.838279474753375,0.994603452721783,-0.0569646773160657
-0.965192812330263,0.970090448453372,-0.0315459848521029
-1.09286028553765,0.944772634720476,-0.00994033495963087
-1.21963551493822,0.918277891984555,0.00518989548338494
-1.34408163427349,0.890296890211958,0.0121556046742046
-1.46513111802234,0.860616253599911,0.0104012132243502
-1.58213829193387,0.829126437181996,0.000414373120897871
-1.69483587564992,0.795810111450386,-0.0165223644910567
-1.80323549679561,0.76071738045139,-0.0386197249317349
-1.90751533887174,0.723933328780727,-0.0638211324521183
-2.00792116089547,0.685540907874714,-0.0899573030593726
-2.10468842303748,0.645582222410095,-0.114826905200504
-2.19798124634251,0.604023161716884,-0.136243364776446
-2.28784002826548,0.560729182461537,-0.152098489356914
-2.37413434005959,0.515463314106698,-0.160487803790126
-2.45652678663119,0.467918148108638,-0.159920635697497
-2.5344623719359,0.417788618147688,-0.149599463726666
-2.6072001474227,0.36487924809498,-0.129702410256201
-2.67389741760075,0.309220454505313,-0.101557825062302
-2.73373415199876,0.251150826620323,-0.0675920668310126
-2.78604441808682,0.191322640810061,-0.030990133114326
-2.83040678479934,0.130613190992149,0.00487399730178051
-2.86666299325897,0.0699685552402801,0.0370648217229724
-2.89486227925383,0.0102381953631619,0.0635638198919591
-2.91516472202541,-0.0479414784298957,0.0834666613759752
-2.92774289197049,-0.104188069415633,0.0968972116375478
-2.93271383919349,-0.158348620937541,0.104739278233568
-2.93011329297786,-0.210439694118634,0.1083171635938
-2.91990486657788,-0.260581547086231,0.109124978203574
-2.90201263599577,-0.308943541866789,0.108650702815223
-2.87636290859839,-0.355704501799935,0.108293926068107
-2.84292359933944,-0.401023044062091,0.109347689987137
-2.80173673183526,-0.445010547179062,0.113003651217548
-2.75293731245116,-0.487701094292214,0.120339918774635
-2.69675597426312,-0.529018355013779,0.132259844237724
-2.63350453283942,-0.568746649847877,0.149367172587324
-2.56354195465012,-0.60651919969187,0.171789081118792
-2.48723109478543,-0.641840010866942,0.198992253215309
-2.40489274023143,-0.674147726483771,0.229665407336263
-2.31677745916942,-0.702915989064592,0.261747213974869
-2.22306214367888,-0.727763115641005,0.292641371070244
-2.12387860714043,-0.748535569338362,0.319589073981443
-2.01935724117114,-0.765334239433823,0.340095419753228
-1.90967362760638,-0.778479505933837,0.35228139173442
-1.79507576744126,-0.788432091067397,0.355068777710017
-1.67589258942244,-0.795702943217365,0.348182105867324
-1.5525222555792,-0.800777015214426,0.332015631857177
-1.42541283778039,-0.804066103751149,0.307443264727399
-1.29504143645494,-0.805891166645745,0.275639716865648
-1.16189176964937,-0.80648564345683,0.237952958856918
-1.02643418512997,-0.806012905565913,0.195840766586959
-0.889099366525958,-0.804586161289101,0.150859828039269
-0.750250508880706,-0.802288592988966,0.104685240711731
-0.610150730125358,-0.799187109417893,0.0591282827215674
-0.468934756156602,-0.795339683011238,0.0161185131754264
-0.326595835917167,-0.790795664152791,-0.0223835805261471
-0.183002512013502,-0.785589378874666,-0.0545682754482437
-0.0379588256446628,-0.779728138978052,-0.0790546224688026
0.108687819541564,-0.773178446843595,-0.0952255183187275
0.256909127911985,-0.765853059754765,-0.103526814849445
0.406371307844803,-0.757605885255495,-0.10559665813148
0.556380838838377,-0.748239604134947,-0.104105808198063
0.705941663203633,-0.737530920235333,-0.102287061952196
0.853915171489712,-0.725267486605103,-0.103277657893226
0.999221895384722,-0.71128589371327,-0.109499390415241
1.14100593037168,-0.695496946615052,-0.122278050005194
1.27871269378861,-0.677891083499157,-0.141775567689162
1.41207828584204,-0.658524552237141,-0.16716997641921
1.54106394541053,-0.637493504563899,-0.196950296979497
1.66577573450056,-0.614903090084381,-0.229205144966128
1.78639505460014,-0.590834685424122,-0.261837189937937
1.90313032716008,-0.565313011839293,-0.292691645593032
2.01618245403906,-0.538273154651205,-0.319625372768521
2.1257159955285,-0.509533012399542,-0.340563073248018
2.23182429026287,-0.47878014505225,-0.353588784397061
2.33448595864019,-0.445587560918041,-0.357107847699115
2.43351705841078,-0.409471835352267,-0.350084133554513
2.52853337451806,-0.369997708159635,-0.332312605499175
2.61894323410966,-0.326913340275266,-0.304639642781062
2.70398898598478,-0.280276206828405,-0.269018701000425
2.78283918846196,-0.230516075317145,-0.228316360592907
2.85470895213881,-0.178395523844216,-0.18587175294204
2.91897026571063,-0.124871083722141,-0.144923698418939
2.97521353913165,-0.0709046170842287,-0.108085186483928
3.02324629400398,-0.0172943837565949,-0.0770193500325012
3.06304203538589,0.0354236105891749,-0.0523733871805732
3.09466892512407,0.0869924774226965,-0.0339227292937096
3.11822718758926,0.137390347209472,-0.0208214290160671
3.13381001363821,0.186757732318103,-0.0118564925427382
3.14149216563852,0.235322816233426,-0.00564078281955477
3.14133696959452,0.283337949353625,-0.000723101819422062
3.13341407027475,0.331029120449861,0.00437135259275907
3.11781814452832,0.378553767063537,0.0111360499826107
3.09468281826892,0.425961763800504,0.0210706409814926
3.06418459242527,0.473158244254541,0.0356189242783451
3.02653553634585,0.519873826972668,0.0560269836344603
2.98196696514981,0.565654942201418,0.0831160174683208
2.93070968083113,0.609890190788432,0.117003016061898
2.87298127452185,0.651883614306701,0.156847994869789
2.80899089294028,0.690969307237504,0.200739021253479
2.73896521186249,0.726638534323611,0.245816449551616
2.66318480550651,0.758633538636898,0.288666258062165
2.58201362137661,0.786969050111951,0.325898869139434
2.49590273551878,0.811872802643976,0.354736374190566
2.40536361604446,0.8336737641914,0.373423291529048
2.31092459447628,0.852686407447306,0.381362877050179
2.21308469120371,0.869128688890335,0.379001799712917
2.1122798202071,0.883088932673703,0.367569950472025
2.00886050566274,0.894533655172064,0.34879448626887
1.90307702742915,0.903340701791098,0.324669126790636
1.79506283007345,0.909342048749668,0.297304388345338
1.6848135082869,0.912367170990762,0.268840409473992
1.57216657929348,0.912283454030209,0.241379524552914
1.45679144727061,0.909030831269349,0.216890045561499
1.33821053452269,0.902650330533466,0.197046215821988
1.21586608817034,0.893300886262732,0.182997075378772
1.08923978538016,0.881257931558945,0.175100303877903
0.958008897948638,0.8668870992463,0.172703531286388
0.822194741054362,0.850592062599565,0.174083195860598
0.682242439390083,0.832746981479407,0.176629950741972
0.538984864633971,0.813635895280045,0.177286758441338
0.393489225986379,0.793422835025165,0.173131443829643
0.246840576835468,0.772165035971096,0.161919595567218
0.0999429045483872,0.749861617895527,0.142421247596063
-0.0465987637440976,0.726517190974593,0.114484919288163
-0.192497911884426,0.702196569679176,0.0788753936120285
-0.337729202098871,0.677057967618697,0.036995550737522
-0.482433300852344,0.651360248491384,-0.00939920701237232
-0.626818230912095,0.625448497533882,-0.0584252020042058
-0.771076498782464,0.599720856283606,-0.108211348174259
-0.915324263565252,0.574583271543355,-0.156967330708169
-1.05955867092768,0.550394996759415,-0.203006662186668
-1.20362804836923,0.527410794699792,-0.244755961651868
-1.3472104836427,0.505726580429982,-0.280777710053576
-1.48980039060218,0.485238318001321,-0.309824255831163
-1.63070687112323,0.465625906428221,-0.330927011160869
-1.7690696921917,0.446372386597727,-0.343507775542632
-1.90389899940872,0.426822894576936,-0.347483111503439
-2.03413796621107,0.406275785792014,-0.343323292092273
-2.15874471270545,0.384087321554069,-0.332033008056326
-2.27677354872956,0.359761555289076,-0.315039799704693
-2.38744435047687,0.333003002017905,-0.294007602302362
-2.4901781527558,0.303719436398464,-0.270616058752774
-2.58460130017942,0.27198239222383,-0.246358325468866
-2.67051568553296,0.237962970765928,-0.222398220177787
-2.74785517777644,0.201866648626682,-0.199506098278501
-2.81663378404662,0.163883211437389,-0.178065727928607
-2.87690685517485,0.124160760329622,-0.158128539163247
-2.92873888956167,0.0828016484165938,-0.139484582943189
-2.97218993813536,0.0398753175643786,-0.121726698187398
-3.00730187823098,-0.0045601918539192,-0.104294836389626
-3.03409608605635,-0.0504332735172294,-0.086502658235645
-3.05255773322899,-0.0976352436636139,-0.0675589244024842
-3.06263235228082,-0.146000787840421,-0.0466053020819011
-3.06420710091805,-0.195295257167567,-0.0227919899625478
-3.0571226721736,-0.245212378846177,0.00459350491789456
-3.04118400329402,-0.295384444581769,0.0359479064104643
-3.01622141806094,-0.345408306367662,0.0711534429271299
-2.98215174800354,-0.39488207144585,0.109416132842105
-2.93907128904956,-0.443448202497411,0.149213521770713
-2.8873022713367,-0.49082644909935,0.188406767109711
-2.82741420610827,-0.536830268873146,0.224523706473933
-2.76015904166935,-0.581355788545764,0.255147275814604
-2.68638037787367,-0.624355050979311,0.27830096550098
-2.60688689507183,-0.665799060526742,0.292720318729045
-2.52236440424498,-0.705650306125615,0.297958185659417
-2.43331602685669,-0.743846006200558,0.294332462387298
-2.34005791200462,-0.780298669430176,0.282776718505917
-2.24273780099886,-0.814906084543107,0.264658102846051
-2.14137378646587,-0.847569734640764,0.241612174159581
-2.03589154515151,-0.878215814353532,0.215412741083725
-1.92616058210496,-0.906816030890324,0.187872235263281
-1.81202926129578,-0.933404803728674,0.160753102277867
-1.69336536037356,-0.958088350625415,0.135668838255076
-1.57010819124347,-0.981041416031901,0.113961164345966
-1.44233101906404,-1.00248718069858,0.0965561947108683
-1.31030669717814,-1.0226607779759,0.0838242926397295
-1.17455667311291,-1.04176101890724,0.0754871075322327
-1.03586186976815,-1.05990305149552,0.0706211045124396
-0.895218956338285,-1.07708754457178,0.0677886960448306
-0.753745047858292,-1.09319988880198,0.065287054004186
-0.612554880869646,-1.10804173364739,0.061457620207208
-0.472648698041833,-1.12138576603713,0.0549731864848074
-0.334842448437805,-1.13303494482269,0.0450299619281638
-0.199753754037141,-1.14286934106786,0.0314124870751986
-0.0678350196377131,-1.15087018611953,0.0144448105103906
0.0605674264753449,-1.1571190495382,-0.00512970270027603
0.185150166503491,-1.16177591903961,-0.0262921144976379
0.305601241515566,-1.1650423451119,-0.0478792189774629
0.421568234313411,-1.16711366718381,-0.0686850762810457
0.532647268451781,-1.16812484308807,-0.0875325399507787
0.638390721178255,-1.1680933002408,-0.103326062779021
0.738330067957176,-1.16686517745339,-0.115101510160336
0.832010567847655,-1.1640755050355,-0.122086169998296
0.919033086328804,-1.15913228480168,-0.123773305755287
0.999099914915702,-1.15123767060653,-0.120003476094433
1.07205802237052,-1.13944802908416,-0.111032801348736
1.13793489283671,-1.12276780869229,-0.097562961101839
1.19696165552312,-1.10025925592956,-0.0807118185721997
1.24957953824102,-1.07114380438157,-0.0619175609017749
1.2964297504276,-1.03487562959253,-0.0427879420848647
1.33832666349356,-0.99117549174783,-0.0249216696252351
1.37621781951866,-0.94002796422157,-0.00973566623035932
1.41113279350856,-0.881651941351762,0.00167236978361257
1.4441251613563,-0.81645831322375,0.00860869454606511
1.47621198596649,-0.745005204661667,0.0108125729542842
1.50831647954795,-0.667956706002868,0.00843810167330608
1.54121830390605,-0.586046379153555,0.00200265038254666
1.57551631298821,-0.500045956569431,-0.00768465006261107
1.61160455937931,-0.410738326049796,-0.0196051504037144
1.64966298473895,-0.318895761788878,-0.0326193240285235
1.68966142713719,-0.225264127664751,-0.0455608295784528
1.73137685026831,-0.130554607106357,-0.0573352808157402
1.77442303347616,-0.0354437706416523,-0.0670199922971672
1.81829123502971,0.0594183386425501,-0.0739555625257279
1.86239881534215,0.15339411788388,-0.0778145684288707
1.90613999206112,0.245842319427762,-0.0786300380916934
1.94893031214671,0.3361053854322,-0.0767698471386013
1.9902365376971,0.423505724734548,-0.0728539851281777
2.02958500898713,0.507354518937285,-0.067627301479888
2.06654893129958,0.586973357230406,-0.0618149549603436
2.10071972008497,0.661724909279925,-0.0559941946987591
2.13167397248361,0.731046539949008,-0.0505108111984362
2.15894665969645,0.794480108505149,-0.0454537039132533
2.18201862253405,0.851693105241408,-0.0406835864127652
2.20032095636693,0.902488993078012,-0.0358990033378765
2.21325330556394,0.946806823973814,-0.0307182356415086
2.22021187378212,0.984712287924411,-0.024758480970123
2.22062045327179,1.01638219796436,-0.0177004006641593
2.21395915058104,1.0420844818035,-0.00933319605992219
2.19978800780107,1.06215599698563,0.000419476750219278
2.17776124033908,1.07697910511735,0.011489785442119
2.14763342835075,1.08695990962553,0.0236686336855398
2.10925642622473,1.09250947132286,0.0366182172407523
2.06256971403886,1.09403045557286,0.0498921464656304
2.00758599212376,1.09191016983054,0.0629617004137244
1.94437646361887,1.08652087544272,0.0752469935676886
1.87305844656083,1.07822603234053,0.0861515303370615
1.79378775842719,1.06739014314094,0.0950981285817749
1.70675746444653,1.05438936838225,0.101563853641504
1.61220259741616,1.03961984044954,0.105111620228691
1.51040916846798,1.02350128888437,0.10541663509201
1.40172548314038,1.00647496122688,0.102286795101842
1.28657259729795,0.988995308921953,0.0956770985143977
1.16545292328487,0.971516965496842,0.0856990761707779
1.03895433253859,0.954477709220143,0.0726263951886427
0.907748436631582,0.93827891284641,0.0568974891690954
0.772582027865586,0.923265301934984,0.0391150366977117
0.634260083106673,0.909705509474994,0.0200404139608611
0.493620031099989,0.897775869306184,0.000579361206589565
0.351498365523694,0.887550179587334,-0.0182466722540779
0.208693659595242,0.878998635938452,-0.0353498298012726
0.06593276809555,0.87199739097207,-0.0496509143508042
-0.0761498780538634,0.866349085476229,-0.0601809138918286
-0.217010977269564,0.861810565477046,-0.0662015483326998
-0.356170804683395,0.858121750974946,-0.0673264935355833
-0.49316450962305,0.855028191995485,-0.0636146552321108
-0.627487771961625,0.852292419831575,-0.055602860239838
-0.758558312312909,0.849693611808156,-0.0442531172940323
-0.885711725496349,0.84702091331809,-0.0308107652243507
-1.00823715081348,0.844068052876725,-0.0165982676033656
-1.12544138812932,0.840635122107294,-0.00279272801606525
-1.23671897851964,0.836538782386508,0.00975886406563808
-1.34160414027653,0.831625550847371,0.0206474278961072
-1.43979116025703,0.82578126884675,0.0299205968832634
-1.53112240762624,0.818930515775826,0.0380260322170629
-1.615553359561,0.811024021986194,0.045705984425688
-1.69310703453301,0.802016343523148,0.0538690905113715
-1.76382929107951,0.791839889925969,0.0634564410500602
-1.82775194071916,0.780382564157319,0.0753096895522142
-1.88486730840688,0.767476128170764,0.090045286753884
-1.93511658279874,0.752900710562391,0.107942322893006
-1.97839218442697,0.736406573873163,0.128858823606136
-2.01455348644472,0.717749358619996,0.152196766968961
-2.04345554314278,0.696731022749606,0.176933576003838
-2.06498186551864,0.673233792114916,0.201724063078454
-2.07907793656043,0.647238943788307,0.225057678300869
-2.08577350796701,0.618824345927284,0.245438197476758
-2.08519164930924,0.588144157233613,0.261548079638415
-2.07754100011261,0.555397220114228,0.272367194371707
-2.06309639222697,0.520793830601144,0.277232691733688
-2.04217310491215,0.484528086028958,0.275843447630542
-2.01510253988125,0.446760276765667,0.268224052804361
-1.9822110932911,0.407609260066449,0.25466644845658
-1.94381085701524,0.367154824939167,0.235666736042384
-1.9001902559288,0.325444721577245,0.211866886085179
-1.85162160115281,0.282507947642269,0.184009809542325
-1.79835268832923,0.23836603074095,0.152904307450886
-1.74063010283265,0.193050175741194,0.119403602128291
-1.6786741526103,0.146609769197555,0.0843831981638794
-1.61271904450009,0.0991287808979172,0.0487250639197861
-1.54296828281473,0.0507283815267482,0.0132890344940808
-1.46963959372527,0.00157490046103369,-0.0211173708729972
-1.39292764398626,-0.0481256099456283,-0.0537829336559661
-1.31303300263636,-0.0981352982838246,-0.0841401149869773
-1.2301564246416,-0.148201343460138,-0.111813546394559
-1.14451605197766,-0.198077694770204,-0.136659116995102
-1.05636274572845,-0.247549119495294,-0.158782600638468
-0.965994757961782,-0.296452573167868,-0.17852676704692
-0.873768474894955,-0.344691067831454,-0.196419975215704
-0.780097906152872,-0.392235856664362,-0.213086583303618
-0.685441427396549,-0.439115932092681,-0.229129969171078
-0.590277577469676,-0.48539748476075,-0.245008115642675
-0.495075449381512,-0.531159094548949,-0.260925576160122
-0.400266470418655,-0.576469491318651,-0.276761657498807
-0.306223369794685,-0.621373892769497,-0.292044658241951
-0.213248564428844,-0.665892227606224,-0.305970655963135
-0.121570994818689,-0.710029398391916,-0.317458151305832
-0.0313494539466915,-0.753795558974986,-0.32522961178812
0.0573186946680858,-0.797232599722499,-0.327915828395459
0.144382206128445,-0.840442211150139,-0.32418498718794
0.229811285000599,-0.88360994792241,-0.312899743028999
0.313561397316801,-0.927018937305768,-0.293298186580846
0.395527271213403,-0.971047526169268,-0.265177690782829
0.475495116586214,-1.01614675112927,-0.229038744642458
0.553107162522052,-1.06279836537235,-0.186132003484445
0.627853474303791,-1.11145859217395,-0.138360744164547
0.699098687545926,-1.16249522815882,-0.0880310927083201
0.766137717583501,-1.21612272263074,-0.0375011439222781
0.828263112172823,-1.27233396698378,0.0111739854663171
0.8848257714328,-1.33082589596968,0.0565007102024731
0.93528059419107,-1.39092639339236,0.0976505029585173
0.979219477832714,-1.45154983939041,0.134410402024824
1.01639668491861,-1.51122340766935,0.167029182825992
1.04674376460552,-1.56821259691478,0.196024198012703
1.07036527155574,-1.620731734967,0.222004022031188
1.08751021632492,-1.66717658932354,0.245539115065849
1.09852531184275,-1.70630010353646,0.267088746397094
1.10380453687645,-1.73728313684291,0.286975010050394
1.10374770188457,-1.75970343983554,0.305386419493542
1.09873238540819,-1.77344233888904,0.322393164679212
1.08909844722957,-1.77857822551396,0.337961261472945
1.07514092322895,-1.77529984072325,0.351958940462577
1.057108414643,-1.76385272321906,0.364154665846802
1.03520691210741,-1.74451839582076,0.374211237515379
1.00960862845793,-1.71761542955057,0.381682931006405
0.98046716198798,-1.68351261364375,0.386024168262068
0.947935470126261,-1.64263986961994,0.386615040153118
0.912185763535821,-1.59549296306559,0.382806338387727
0.873423415667656,-1.54262186450368,0.373978527096255
0.831894943855513,-1.48460970213071,0.359607127434949
0.787883815383723,-1.42203852323761,0.339321042755005
0.741701520629585,-1.35545931925232,0.312946744096376
0.693668578098285,-1.28535730768363,0.280528914113242
0.644102376908058,-1.21213976354511,0.24233386585009
0.593296287827883,-1.13611335454186,0.198832189068588
0.541522740080193,-1.05750724191078,0.150682218235789
0.489009182127788,-0.976443737049519,0.0987002875194706
0.435966448818839,-0.893006522193119,0.0438550802171526
0.382554825591448,-0.807188341723439,-0.012751865679413
0.328920344702167,-0.718977481690527,-0.0698797581920543
0.275171320482242,-0.628329397549335,-0.126156283990488
0.221392121935776,-0.535216921441486,-0.180089520115701
0.167642091796727,-0.439651457564063,-0.230105493073774
0.113963410015728,-0.341717864735185,-0.274623718090738
0.0603955931934698,-0.241608797479292,-0.312180989395202
0.00699935901251813,-0.139653547346771,-0.341602576162493
-0.0461117037805094,-0.0363300401504947,-0.362199400431383
-0.0987372345852962,0.0677509433533837,-0.373944964307847
-0.150563798027286,0.17189566425243,-0.377566268637304
-0.201156811523167,0.275405585435596,-0.374488205064252
-0.249977331380564,0.377664922465851,-0.366609405606975
-0.296421624741641,0.478210540012482,-0.355950924701236
-0.339873005705664,0.576760208790996,-0.344274463571328
-0.379752842229252,0.673188421156772,-0.332778850696595
-0.41556222546087,0.767454684449187,-0.321944569103623
-0.446913846438058,0.859502958139692,-0.311534127648823
-0.473557087291983,0.949160982476325,-0.300707431768176
-0.495394752331943,1.03607538218459,-0.288196664452484
-0.512481860325357,1.11971712064564,-0.27249934133607
-0.524994975050819,1.19946933660152,-0.252071863235903
-0.533172056444117,1.27476827169459,-0.225523134360702
-0.537240360516164,1.34523368475491,-0.191811448755028
-0.537357412392835,1.41072832084983,-0.150438212128332
-0.53358153352055,1.47132587207417,-0.101613001507666
-0.525874365215254,1.52721170761927,-0.046344905357073
-0.514129734781799,1.57856322132774,0.0135892120505092
-0.498220636594259,1.62545366597893,0.0758239941989774
-0.478054036732803,1.6678077071597,0.137706829112607
-0.453619074909791,1.70541297070171,0.19664669753351
-0.425015606247469,1.73797490085589,0.250419604970212
-0.392456310748891,1.76518881653011,0.297363926385393
-0.356246118023191,1.78680421182508,0.336446000430091
-0.316749756422247,1.80266493611871,0.367218272418051
-0.274359126956746,1.81272055811529,0.38971314428534
-0.229468303281704,1.8170143196291,0.404315969833179
-0.182458215915779,1.81565659939323,0.411648358664525
-0.133688943349465,1.80879232432,0.412477088644752
-0.0834960645056294,1.79656911114317,0.407650331210376
-0.03218796382125,1.77911036347761,0.398053768061876
0.0199574748958555,1.75649619781425,0.384575368708779
0.0726966653592495,1.72875408964968,0.368068348889118
0.125823136461628,1.69586308716937,0.349306704406547
0.179167363457401,1.65777017828658,0.328932787110329
0.232591571042785,1.61442017349326,0.307403722525897
0.285978375783208,1.56579433544033,0.284947259727055
0.339213625705813,1.51195055229852,0.261539359828511
0.392166234089709,1.45305796121096,0.236914271311984
0.444668925404075,1.38941269992012,0.210611336191113
0.496506275893207,1.32143346443198,0.182057286919064
0.547413677187941,1.24963037593494,0.150673049479912
0.597089668302285,1.17455560431868,0.11598930002575
0.645218205692497,1.09674379520383,0.077751255687139
0.69149653397058,1.01665967583851,0.0359962225943984
0.735658983389849,0.93465872453775,-0.00890712058531713
0.777494499694386,0.850974000932878,-0.056257803477058
0.816852308792157,0.765723267465403,-0.105053193404732
0.853639501514315,0.678936437401219,-0.154039319709128
0.8878116756678,0.590594261242737,-0.201770817121151
0.919358792014913,0.500672098594023,-0.246675509419403
0.948287703024036,0.409184724730523,-0.28712570833211
0.974602852679416,0.31622974389003,-0.321524314125536
0.998283289081015,0.222024682406799,-0.348414594038713
1.01925981429868,0.126933743315456,-0.366618224869184
1.03739480169481,0.0314762120145997,-0.375392288431586
1.05246959041966,-0.0636911472126018,-0.374576849187056
1.06418644270577,-0.15781996592691,-0.364687797988205
1.0721896936061,-0.250137941492379,-0.346905742580492
1.07610408958445,-0.339921379921904,-0.322931635636377
1.07558353221975,-0.426550349209563,-0.294723961149073
1.0703561970305,-0.509528404040164,-0.264179801397284
1.06025468393332,-0.588461896812618,-0.232848518730215
1.04522667683954,-0.663008679240078,-0.201753435401262
1.02532931453733,-0.732814194868359,-0.171352227519379
1.00071531099636,-0.797452391935903,-0.141617186505684
0.971618464704447,-0.856383414504038,-0.112185990955133
0.938339341998879,-0.908933822450828,-0.0825297320577076
0.901225532143549,-0.954304139099096,-0.052100777008469
0.860636201138465,-0.991612306687749,-0.0204450128200356
0.816881349741792,-1.01998696200157,0.0127192071298213
0.770136089123589,-1.03872488471835,0.0474446940378486
0.720348693739351,-1.04751073206315,0.083512999194363
0.66718343457306,-1.04665913701228,0.120407664899002
0.610046258392767,-1.03728920404935,0.157317321108606
0.548215137398556,-1.0213194589175,0.193186758980003
0.481041515122532,-1.00122257692697,0.226821322226759
0.408141610172547,-0.979595558657586,0.257024653251254
0.329500198246244,-0.958705569979259,0.282731177181473
0.245461761168103,-0.940177960405861,0.303098438969407
0.156640215524001,-0.924901459452855,0.3175462590121
0.0638014883286577,-0.913117237524989,0.325752175129374
-0.0322389080643339,-0.904602095810488,0.327622445829611
-0.130685649383612,-0.898861644897369,0.323255679692106
-0.230801760166751,-0.895285675125288,0.312909451211113
-0.331924486198606,-0.893251647817592,0.296973794815332
-0.433468615983405,-0.89218247769899,0.275951717533366
-0.534924278519682,-0.891571864484865,0.250445092642052
-0.63585301432832,-0.890989710711592,0.221143437665343
-0.735883743121784,-0.890077695804152,0.188813035777652
-0.834708410777866,-0.88854096131786,0.154283489604037
-0.932076635869138,-0.886140049172379,0.118429177179282
-1.02778780536273,-0.882684571188458,0.0821432972363581
-1.12167998847448,-0.878029909119123,0.046303448372742
-1.21361416410309,-0.872075796042269,0.0117290587265979
-1.30345485281211,-0.864766705639599,-0.0208662740703726
-1.39104799976399,-0.856091963801042,-0.0509218771980101
-1.47619925863258,-0.846084204674857,-0.0780681588483071
-1.55865616470167,-0.834814517818184,-0.102146257790909
-1.63809902481627,-0.822384239621294,-0.123200883736366
-1.71414356379465,-0.808914058121432,-0.141442447069291
-1.7863542802905,-0.794531593742905,-0.15718134232124
-1.85426947367163,-0.779362150992366,-0.170744841284363
-1.91742873013211,-0.763523285980005,-0.182391707970769
-1.97539734003124,-0.747125532343789,-0.192240638713676
-2.02778338985835,-0.730280111375641,-0.200224893396406
-2.07423937623404,-0.713110463340233,-0.206078586131219
-2.11445524520317,-0.695768424439001,-0.209354740970091
-2.14813608889053,-0.678448986293902,-0.209469864629415
-2.17497797947018,-0.66140429222568,-0.205770038117875
-2.19463832625815,-0.644950419345868,-0.197612372465542
-2.20671293986815,-0.629465078893198,-0.184457190831368
-2.21072186145513,-0.615369898298013,-0.165963823456473
-2.20611274361917,-0.603092825539991,-0.14207985153399
-2.19228777198219,-0.593006666236622,-0.113109086973593
-2.16865736765082,-0.585343384106837,-0.0797414160147763
-2.13472184282835,-0.580091766272511,-0.0430308226897435
-2.09017068924813,-0.576895596018575,-0.00431720999359791
-2.03498587389465,-0.574983182293209,0.0348984765032782
-1.96951813527409,-0.573163601200701,0.0731037497939192
-1.89450936922833,-0.569919590426442,0.108920021501342
-1.81103116934276,-0.563595351236927,0.141217170182153
-1.72035064450943,-0.552641356562721,0.169180467532481
-1.62374714344537,-0.535841127669545,0.192325096090675
-1.52234789361715,-0.512454738081103,0.210467404563217
-1.41702211564922,-0.482243980469953,0.223668480847946
-1.30835897142808,-0.445397271065223,0.232168878492175
-1.19671082824589,-0.402399259792135,0.236328430681231
-1.08227190156979,-0.353894403112728,0.236579029677651
-0.965160737940632,-0.300575887534145,0.233391154999947
-0.845487935963255,-0.243111258209325,0.227250475594346
-0.723402062596297,-0.182101795922158,0.218638738695922
-0.599115136411022,-0.11806713904609,0.208013634120167
-0.472911245991525,-0.051446318085968,0.195784005360013
-0.345143827539014,0.0173907918882201,0.182280185132571
-0.21622453774614,0.0881257926857578,0.167721965513645
-0.0866072677988767,0.160470394822285,0.152190251598255
0.0432307832427779,0.234144057574678,0.135610240450443
0.1728088816543,0.308853795168302,0.117754550075856
0.301661546970163,0.384279780170163,0.0982725934277919
0.429354666691833,0.460069882919198,0.0767475549117062
0.555497472964453,0.535844524942124,0.0527754183290889
0.679749372753673,0.611210564673643,0.0260537629810606
0.801821459703392,0.685780538933116,-0.00353566147080944
0.921473352357699,0.759192269503719,-0.035865423912832
1.03850699289663,0.831124669305242,-0.0705309995976648
1.15275895371427,0.901307205511034,-0.106850731969642
1.26409361440759,0.969523737542287,-0.143891996813026
1.37239754053877,1.03561199806307,-0.180515719545566
1.47757530637538,1.09946118661929,-0.215432747707198
1.5795447403584,1.16100837036269,-0.247269467590658
1.67822984931808,1.22023366547485,-0.274644407127576
1.77354836216439,1.27715167865373,-0.296259712133511
1.86539230245804,1.33179627930346,-0.311009872994867
1.95360375781628,1.38419749469221,-0.318103971320401
2.03794905184127,1.4343501645994,-0.317186740483898
2.11809865501796,1.48217876125023,-0.308431843221094
2.19362209760063,1.5275075178419,-0.292573380133099
2.26400529520711,1.57004751036838,-0.270846238243644
2.3286892762764,1.60940849130882,-0.24482672962418
2.38712457034617,1.6451382193239,-0.216198628367926
2.43882419702132,1.67677848852719,-0.186499450645026
2.48340289410269,1.703923585086,-0.156912376089013
2.52058771416019,1.72626113960101,-0.128151154011756
2.55020738464022,1.74359143561591,-0.100451309209482
2.57215813601096,1.75581867161462,-0.0736462965082251
2.58637119620716,1.76293122401604,-0.0472908856891681
2.59277106555009,1.76496589462968,-0.0207939232985511
2.59125939737844,1.76198301334149,0.00646335935188713
2.58168741945168,1.75402904738236,0.0350329660200997
2.56387510645981,1.74112767517556,0.0653276216808443
2.53759255955435,1.72324232722069,0.0975621483198319
2.50263792955122,1.70030381522366,0.131706859152666
2.45879268624478,1.67215619291237,0.167445012221467
2.40601119840664,1.63866965590191,0.204159685132563
2.34423116571783,1.59960426376197,0.240921861025596
2.273817614808,1.5549227061847,0.276572872506114
2.19490072733818,1.50435338117437,0.309737224933707
2.10851360549242,1.44820657303075,0.339091354890969
2.01468781645829,1.38608196318641,0.363228178469094
1.91539816415822,1.31894875255747,0.381278713119344
1.8099080642561,1.24591022066624,0.392163680157999
1.70146067360178,1.16890982992661,0.395992515824427
1.58789571488788,1.08614882214907,0.392027913205422
1.47371611915231,1.00057367274347,0.381457008710711
1.35556843452513,0.909690370221248,0.363754155013365
1.23814144625466,0.8166903659111,0.340718700834595
1.11837796619452,0.719473298195107,0.312180535181837
0.999457977886,0.620277573391437,0.279810485556004
0.879923591252773,0.518280819291285,0.244020259216243
0.761005969515034,0.414481574177996,0.20602758335419
0.642491596683325,0.308997085470899,0.166648856170718
0.524674631250419,0.202285495385475,0.126834862455178
0.407667499699433,0.0947233763963385,0.0874466560379635
0.291614987723142,-0.0132750551892159,0.0492774247146931
0.176675078908173,-0.121268435777127,0.0130018470206121
0.0630324925311724,-0.228781491223573,-0.0208690399350257
-0.0490994714071839,-0.335306295894542,-0.0520306088802683
-0.159486276484759,-0.440312489533525,-0.0804131362743943
-0.267887965667423,-0.543266949429589,-0.106184956279565
-0.374080486917084,-0.643661107609401,-0.129722896980652
-0.477877955715217,-0.741040792348049,-0.151549590247636
-0.579150519318109,-0.835032378156297,-0.172245569654218
-0.67783345315398,-0.925359389996392,-0.192350631889736
-0.773925149616228,-1.01184588011714,-0.212271214089108
-0.86747580434876,-1.09440831127505,-0.232208332249474
-0.958567919330402,-1.17303652799434,-0.252113912901958
-1.04729410089054,-1.24777089355784,-0.271677776982809
-1.13373317528292,-1.31867693325857,-0.290341891390269
-1.21792905229493,-1.38582323281565,-0.307338265340351
-1.29987107114286,-1.44926063705853,-0.321747021493935
-1.37947982518016,-1.50900631038333,-0.332574941783336
-1.45659848845559,-1.56503059488659,-0.338854750429582
-1.53099311780189,-1.61724854951197,-0.339763657271741
-1.60236501884944,-1.66551853457015,-0.334752513387768
-1.67037606267313,-1.7096499821519,-0.32366625676204
-1.73468564914622,-1.74942292822113,-0.306826806442743
-1.79499075959161,-1.78461587628412,-0.285046502850915
-1.85106064681699,-1.8150385961946,-0.259551834205912
-1.90275383554001,-1.84055883215267,-0.231820702363159
-1.95001371533198,-1.86111607637826,-0.203366426254946
-1.99284446506416,-1.87671735564015,-0.175520966402081
-2.03127778092711,-1.88741817932552,-0.14926938667397
-2.06534048443116,-1.89329437451608,-0.125166731005115
-2.09503387189773,-1.89441472161957,-0.103340125613209
-2.12032752883617,-1.89081995883348,-0.0835555674049887
-2.14116639678205,-1.88251090706515,-0.0653193705703126
-2.15748825161587,-1.86944690762224,-0.0479871240590231
-2.16924564601123,-1.85155248249473,-0.0308625364765083
-2.17642803955677,-1.82873145373312,-0.0132789318611208
-2.17908025812778,-1.80088800927606,0.00533664243956492
-2.17731252913122,-1.76795291610344,0.0254137097799143
-2.17130028816542,-1.72991399729737,0.0472005480785379
-2.16127145907417,-1.68684663095302,0.0707381580405435
-2.14748138890763,-1.63893840324686,0.0958483311494645
-2.13017957354925,-1.58650195854359,0.1221392210473
-2.10957424663856,-1.52997038638789,0.149030792875226
-2.08580241322966,-1.46987279945155,0.175799678282274
-2.05891418975446,-1.40679408547227,0.201639589194087
-2.02887444460656,-1.34132548085443,0.225730336782651
-1.9955825525996,-1.27401713533287,0.247307204726824
-1.95890396427385,-1.20534146448742,0.265722464365755
-1.9187067876252,-1.13567414409369,0.280492824149794
-1.87489302000472,-1.06529238186129,0.291328997327726
-1.82742014806574,-0.994388184403357,0.298147326047251
-1.77630861541682,-0.923089532552098,0.301065848002188
-1.72163652413759,-0.851483823107871,0.300389344840848
-1.66352426923158,-0.779638865260889,0.296587899399694
-1.60211263467307,-0.707618864722232,0.29027179643445
-1.53753860343453,-0.635495158886306,0.282162862886377
-1.4699125066092,-0.56335252912402,0.273059215104752
-1.39930046763408,-0.491292591962493,0.26378838527431
-1.32571626368453,-0.419435568718943,0.255143891233867
-1.24912601754619,-0.347920855248179,0.247803300906562
-1.16946811894807,-0.276906114524207,0.242232253057575
-1.08668865417066,-0.206564230838647,0.238587899123128
-1.00078670471295,-0.137076951380486,0.236643794978184
-0.911860296107096,-0.0686252477081623,0.235763294169591
-0.820139149099262,-0.00137739101707242,0.234944124450817
-0.725991906661696,0.0645227682669399,0.232941545959713
-0.629901578254986,0.128964342695861,0.228453657140381
-0.532414523524705,0.191872377147327,0.220330073805009
-0.434076681106016,0.253204520812801,0.207754696492646
-0.335376395120761,0.312942523012755,0.190362443939937
-0.236707115872654,0.371080560954195,0.168271990915236
-0.13835564659671,0.42761250189639,0.142042347090398
-0.0405125735517751,0.482519663546368,0.112577611481222
0.0567033085286193,0.535760281230204,0.0810077583475059
0.15321552797068,0.587261095008553,0.0485664454689951
0.248961547250391,0.636912906837868,0.0164772083033356
0.34386916858384,0.684570896518213,-0.0141490974579894
0.437838980513342,0.730061554997277,-0.0424053805715477
0.530732665817858,0.773195865546779,-0.0676658574970363
0.622369905637813,0.813793134571689,-0.089643052587835
0.712527623333672,0.851700366936052,-0.108412622701143
0.800954567496006,0.886823607367476,-0.124394882193119
0.887377039201198,0.919131316826631,-0.138284651508441
0.971528826307503,0.948671902157294,-0.150938877928224
1.05315173081938,0.975542686238014,-0.163234726528873
1.13202667483012,0.999885431085144,-0.1759345174766
1.20796188583524,1.02183875194284,-0.18957598415632
1.28080914169083,1.04152723017084,-0.204416151661364
1.35044802463461,1.05903343097831,-0.220423921205669
1.41678665828697,1.07439783925268,-0.237318038262148
1.47975171557337,1.08761940866852,-0.254628565237273
1.53928568878592,1.09866788460221,-0.271765952952517
1.59534329525438,1.10749740805901,-0.288082410848914
1.64789088842883,1.11406205852912,-0.302918714050626
1.69690507329028,1.11832951934866,-0.315634631962333
1.74237072516387,1.12029311956951,-0.325626393541429
1.78427702425348,1.11998165895678,-0.332336940348463
1.82261062337712,1.11746649239613,-0.335265581326551
1.85734651092877,1.11286550914976,-0.33398312621915
1.8884374232678,1.1063428443699,-0.328156421246706
1.91580442823428,1.09810356471683,-0.317583012960694
1.93933129913645,1.08838258583177,-0.302232195897046
1.95886561270182,1.07742840248477,-0.282284188322743
1.9742285036117,1.06548398228564,-0.258155849682022
1.98523273062886,1.05276835921654,-0.230500859474249
1.99170603201517,1.03946331098112,-0.20017616528304
1.99351480749951,1.0257085479042,-0.168174212068814
1.99058254228279,1.01160645961139,-0.135529788960862
1.98289869674535,0.997234420512407,-0.103217556671688
1.97051658580941,0.982660368170718,-0.0720583625579439
1.95354196540832,0.967956873094135,-0.0426485483593553
1.93211573167767,0.95320990854776,-0.0153186848496587
1.90639439595349,0.938520493792469,0.00987967695076493
1.87653139616535,0.923999357966911,0.0331652791265068
1.84266146545259,0.909755968617224,0.0550025113414337
1.8048894688465,0.895883405034973,0.0760629871945488
1.7632859906678,0.882440729936315,0.0971699215451197
1.71789273595048,0.869434566729512,0.119217705520055
1.66874120721642,0.856802221065331,0.143059373840346
1.61588645283102,0.844399682397235,0.169361872343892
1.55945391014248,0.831999149484119,0.198443745424489
1.49968934251545,0.819300011990385,0.230128503188534
1.43699627523793,0.805955403815067,0.263661352752866
1.37194244393782,0.791611080992188,0.297735037259888
1.30522430291178,0.775948134936378,0.330644671463066
1.23759314775012,0.758717802054078,0.36054678709483
1.16976321078879,0.739759274964805,0.385755834014793
1.102329175287,0.718997885553128,0.404996370114515
1.03571511816718,0.696428464073767,0.417550402636726
0.970162184304061,0.672092643575954,0.423282440537776
0.905747770977443,0.646058360427911,0.422564774708484
0.842422400269489,0.618406999218569,0.416145696655729
0.780050200383065,0.589229210754234,0.405001564102478
0.718444608389015,0.558627879738136,0.390200238050949
0.657396175346148,0.526724838606048,0.372787944350296
0.596693618659463,0.493667756530685,0.353701181600682
0.536140637305052,0.459633915443547,0.333700941214332
0.475570586121435,0.424828510111208,0.313327082428392
0.414859744450294,0.389476549947161,0.292873520691943
0.353938428797371,0.353809200409723,0.27238716718
0.292797081337392,0.318046025392443,0.251692472345195
0.231486212036177,0.282377235437782,0.230441266687829
0.170108549553957,0.246948875239476,0.208181443612801
0.10880454979857,0.211854078034464,0.184434182353867
0.0477338470814892,0.17713181420782,0.15876741814654
-0.0129435845240047,0.142773302882633,0.130855444775875
-0.0730839537047314,0.108733348861503,0.100517661164181
-0.132571274250654,0.0749449315678692,0.0677364209253788
-0.191323608782603,0.0413332791326747,0.0326562755804467
-0.249294327789861,0.00782737816034866,-0.00442956864838592
-0.306469433594778,-0.0256325427478651,-0.0430996567510739
-0.362860746638787,-0.0590924081052124,-0.082826756050867
-0.418499114782372,-0.0925858794027929,-0.122998568746959
-0.473425463622077,-0.126140199009646,-0.16293596005249
-0.527680930968643,-0.159784851556899,-0.201908804743532
-0.581295575137108,-0.193561570289538,-0.239151313355503
-0.634275590908046,-0.227533842356419,-0.273879906971344
-0.686590289560499,-0.26179432232496,-0.305317508558134
-0.738159730536496,-0.296467972037731,-0.332727670880293
-0.788846386669179,-0.331709649308315,-0.355460958291024
-0.838452413432375,-0.367694532120828,-0.373012084038146
-0.88672738770923,-0.40460208671431,-0.385083340418443
-0.933386805407772,-0.442594504039811,-0.391643260629919
-0.978141983953888,-0.481793274896323,-0.39296625233403
-1.02073669728501,-0.522258042369424,-0.389636605841497
-1.06098348037663,-0.563972487605337,-0.382504378823806
-1.09879043028713,-0.606840592967083,-0.372590283648282
-1.13417144479586,-0.650694425187812,-0.360950999786161
-1.16723651484626,-0.695310903931289,-0.348529232898316
-1.19816554535341,-0.740432587728782,-0.336019498261645
-1.22717384239689,-0.785786038000072,-0.323776540382296
-1.25447916087184,-0.831092104809463,-0.311780807936387
-1.28027824955518,-0.876065198314737,-0.299660348278713
-1.30473624048999,-0.920402390204712,-0.286757335704656
-1.32798781239181,-0.963767199914208,-0.272223666014324
-1.35014560740111,-1.0057761580922,-0.255132370384736
-1.37131062841318,-1.04599640472146,-0.234596365710143
-1.39157997742884,-1.08396068259727,-0.209889047484983
-1.41104909541071,-1.11920088257023,-0.180560061006323
-1.42980786658912,-1.15129515480498,-0.146534584492875
-1.44793096431596,-1.17991793447661,-0.108178028343966
-1.46546437638383,-1.20487970397813,-0.0663053102673289
-1.48241143641345,-1.2261447621321,-0.022119148621527
-1.49872232027413,-1.24382048914244,0.0229228962708641
-1.51429132871619,-1.25812035929108,0.0672913811526798
-1.52896373524504,-1.26931065273507,0.109578390145164
-1.5425511296243,-1.2776556238235,0.148656686341671
-1.55485104400806,-1.28337451431618,0.183771683538558
-1.56566527518308,-1.28661769793501,0.21455626529074
-1.57481289943514,-1.287462409857,0.240981466546422
-1.5821359843672,-1.2859228922333,0.263269584578243
-1.58749881503063,-1.28196822560515,0.281797891755744
-1.59078318822642,-1.27554221374697,0.297014048488946
-1.59188170939234,-1.26658104902867,0.30937378911762
-1.59069169915378,-1.25502750292478,0.31930247731998
-1.58711113194249,-1.24084144014822,0.327176149348658
-1.58103694764865,-1.22400681151403,0.333315013377203
-1.57236598429569,-1.2045357422576,0.337982432006842
-1.56099861042054,-1.18247032323069,0.341383998377731
-1.54684347806628,-1.1578814491597,0.343663291930761
-1.52982333997427,-1.13086536530328,0.344893822507278
-1.50988004803228,-1.10153744337623,0.345068682897042
-1.48697841372682,-1.07002425862316,0.344091637589984
-1.46110721875894,-1.03645426054155,0.341773897290295
-1.43227794943613,-1.00094907892631,0.337840892256636
-1.40052028794429,-0.96361584667983,0.33195112728717
-1.36587599954161,-0.924542570109624,0.323727062648925
-1.3283919547797,-0.883796407186015,0.312794793142812
-1.28811388140731,-0.841424998261427,0.298827437269704
-1.24508114439932,-0.797459416514342,0.281586230693283
-1.1993246354365,-0.751918517289078,0.260954829776823
-1.15086676962732,-0.704812764524225,0.236963741382712
-1.0997243061591,-0.656147425413226,0.209804621126928
-1.04591245264148,-0.605924291543242,0.17983538407794
-0.989452874968184,-0.554144319983173,0.147578490022341
-0.930380379186363,-0.500809217258324,0.113712133498475
-0.868752552082549,-0.44592609347913,0.0790541124681289
-0.804658603175006,-0.389514444167962,0.0445340842819151
-0.738225347428712,-0.331615601298493,0.0111486102049541
-0.66962125922746,-0.272305516423826,-0.0201063133541786
-0.599051475277853,-0.211706453556987,-0.0483283043590045
-0.52674948074733,-0.149997681834363,-0.0728222649578654
-0.45295581329081,-0.0874166060325818,-0.0932197649478981
-0.37789641271349,-0.0242509189606868,-0.109577244426948
-0.301758285351497,0.0391827026986843,-0.122419177780417
-0.224673379226498,0.102568999899506,-0.13269718700724
-0.146716386602646,0.165626771864761,-0.141655755033887
-0.0679174931095105,0.228134488112913,-0.1506251320127
0.0117131493436614,0.289941373994338,-0.160789848773093
0.0921583714766297,0.350961450134065,-0.172990355493466
0.173373267682911,0.411154065890267,-0.187601954746898
0.255276439702766,0.470497718627734,-0.204506032917137
0.337753941913383,0.528964025882811,-0.223140221943412
0.420673507459919,0.586497462690908,-0.242598795111547
0.503904333975146,0.643003002247204,-0.261753842060723
0.587337905476732,0.698342471427856,-0.279377447568374
0.670905465007399,0.752339402203472,-0.294256673497861
0.754587682438545,0.804791484131172,-0.305300940739161
0.838412388025378,0.855489314610916,-0.311643065831705
0.922437898513516,0.904239536461697,-0.3127311306792
1.00672156588067,0.950887996943184,-0.308400759832859
1.09127873912186,0.995338370502826,-0.298911867417936
1.17604065210518,1.03756003147693,-0.284933306542741
1.26082364729212,1.07758219489697,-0.267467501921094
1.3453191961043,1.11547398817943,-0.247721649808543
1.42910981675041,1.15131630178725,-0.226948348783369
1.51170674073026,1.18517329703702,-0.206287660888028
1.59259915420768,1.21707178534693,-0.186641355360306
1.67130191922367,1.24699275117942,-0.168598694683935
1.74739113177372,1.27487459104062,-0.152417485128968
1.82052262670802,1.30062427063028,-0.138050538172754
1.89043320184733,1.32413066056234,-0.125200203132279
1.9569288543229,1.3452759257963,-0.113383245536369
2.01986541423814,1.36394286487467,-0.10199289709352
2.07912553023852,1.38001776319863,-0.0903517256760142
2.13459571044115,1.3933907638021,-0.0777556572519253
2.18614504552578,1.40395593663907,-0.0635141224127892
2.23360713328659,1.41161347272389,-0.0469932437253127
2.27676672962632,1.41627548202794,-0.0276678383103456
2.31535348927572,1.41787557530405,-0.00518399653674878
2.34904595681846,1.41638081206752,0.0205722566022936
2.37748808779948,1.41180260504213,0.0494118186503409
2.40031794886601,1.40420201046095,0.0808021155413159
2.41720617641878,1.39368594192437,0.113868112278161
2.4278964855019,1.38039282024479,0.147448084235907
2.43223862400568,1.36446971426542,0.180205345859481
2.43020430379881,1.34604596753102,0.210781112999877
2.42188267238047,1.32521097830113,0.237960166257673
2.4074554612088,1.30200065120825,0.260815845986804
2.38716101257689,1.27639629933416,0.278807594711619
2.36125658710451,1.24833520018837,0.291818944554513
2.32998655619418,1.21772972618634,0.300139887307955
2.2935610925884,1.18449180246042,0.304408263464346
2.25214530891201,1.14855941941113,0.305526799441203
2.20585538474123,1.10992189529338,0.304567336591824
2.15475981343785,1.06864158709112,0.302666518391708
2.09888360426099,1.02486835420412,0.300911574336118
2.03821632129819,0.978843037371122,0.300215076938035
1.97272633036343,0.930886402939091,0.301184249799018
1.90238247312513,0.881371347383069,0.304001773937978
1.82718360714804,0.830680817902874,0.308346729261526
1.74719071416865,0.779158351848583,0.313388088544309
1.66255478966045,0.727063828297999,0.317873496453084
1.57352869231106,0.674546195239859,0.320310131287681
1.48046055401036,0.621643324899717,0.319203703467351
1.38376413857929,0.568306436928862,0.313297062446348
1.28387787168851,0.514441917533888,0.301750983383268
1.18121789078613,0.459954520766619,0.284229868458084
1.07614333989931,0.404783307593034,0.260891283961755
0.9689285309123,0.348919117945115,0.232301079774611
0.859757535793801,0.292408943575232,0.199314167166299
0.748723290881769,0.23534452284602,0.162950422631513
0.635846172851182,0.177847071586534,0.124291922709113
0.521084805546138,0.120043862209441,0.0844039020359408
0.404371724883688,0.0620518635418042,0.0442859788279514
0.285627079558854,0.00395631092693664,0.00483624744489637
0.164807405876481,-0.0541971549006808,-0.0331683211807118
0.0419234631350194,-0.112411007032213,-0.0690933025646045
-0.0829145977213356,-0.170731082625746,-0.102464333214206
-0.209477161987217,-0.22923331978467,-0.132984238405378
-0.337396644404117,-0.288002519772013,-0.160544542781619
-0.466169248875602,-0.347103496855593,-0.18522367543496
-0.595177062868182,-0.406552963997424,-0.207267742160625
-0.723729676603979,-0.466297442679699,-0.227050777601367
-0.851119991645236,-0.526204283129206,-0.245018259986066
-0.976681814999233,-0.586067287756853,-0.261621671434009
-1.09983791251634,-0.645625916041635,-0.277255764016112
-1.22012996635516,-0.704593170758525,-0.292209203581095
-1.33722553349101,-0.762684592920645,-0.306634694272949
-1.45090476379733,-0.819642654444373,-0.320539620658115
-1.5610336850612,-0.875253000110124,-0.33379327342284
-1.66753198273397,-0.929351399067595,-0.346143929085426
-1.77034198097163,-0.981822117203243,-0.357238784023455
-1.86940445922896,-1.03259015393641,-0.366641709704737
-1.96464330285587,-1.08160941847514,-0.373846387068028
-2.05595805883014,-1.12884827612882,-0.378285474283757
-2.14322373688105,-1.17427451941159,-0.37933989561639
-2.22629358505392,-1.21784009055358,-0.376354349828304
-2.30500341123597,-1.25946768513082,-0.368667101931286
-2.3791746680992,-1.29904085838402,-0.355661189228156
-2.44861400420009,-1.33639956229251,-0.336840538454727
-2.51311133747812,-1.37134481552436,-0.311927620633761
-2.57243630530912,-1.40365329818825,-0.280968122553558
-2.626336301784,-1.43310149836278,-0.24441744902796
-2.67453940544754,-1.45949540572006,-0.203177516119969
-2.71676345288273,-1.48269787123704,-0.158556674087767
-2.75273227284085,-1.50264580702992,-0.112143878277833
-2.7821954770528,-1.51935104169784,-0.0656152470430408
-2.80494717819284,-1.53288488585189,-0.0205157726159454
-2.82083875342876,-1.54335236430881,0.021932092295778
-2.82978156333215,-1.55086454394979,0.0609525836404499
-2.83173868412829,-1.55551641689448,0.0962577424021692
-2.8267074652536,-1.55737394571889,0.128014318168068
-2.81469519109876,-1.55646908794593,0.156759061942896
-2.79569467119665,-1.55280126097125,0.183285879956741
-2.76966122973243,-1.5463403142169,0.208520335890692
-2.73649924973259,-1.53703085610116,0.233388379275508
-2.69606326030538,-1.52479784935875,0.258681853126453
-2.64817716798087,-1.50955458711183,0.284926076978123
-2.59267327001162,-1.49121502022933,0.312263337750521
-2.52944683626386,-1.46971090553458,0.340375346197317
-2.45851188924194,-1.44500971656269,0.3684704182434
-2.38004507575428,-1.4171301608102,0.395353357292315
-2.29440065400232,-1.38614879374146,0.419575162457915
-2.20208958177797,-1.35219458758569,0.439634868598254
-2.10372851194357,-1.3154330398788,0.454188220291434
-1.99997269967134,-1.27604413941946,0.462216308960798
-1.8914494583755,-1.23419933010875,0.463122683131377
-1.77871107581768,-1.1900451622914,0.456753045054605
-1.66220902294224,-1.14369263836282,0.4433509333208
-1.54229430898341,-1.0952156166032,0.423476485860362
-1.41923327656761,-1.04465332016577,0.397912927257023
-1.29323587055702,-0.992017878732037,0.367580676019033
-1.16448612430723,-0.937302973759857,0.333467395220407
-1.03317292944301,-0.88049483474999,0.296575937965911
-0.899516830047508,-0.821584565485959,0.257885867104953
-0.763790204512698,-0.76058103049974,0.218322324615398
-0.626332216848213,-0.69752605482972,0.178727621989911
-0.487552566579933,-0.632506552123964,0.139830922210913
-0.347927996079366,-0.565665640515717,0.102217234414146
-0.207986965704261,-0.497205654952607,0.0662972180889998
-0.0682868002999755,-0.427383040241448,0.0322837980044265
0.0706128212409502,-0.356495305086103,0.00018213067242979
0.20817706328468,-0.284858092637524,-0.0302017523906706
0.343917015483052,-0.212782650753041,-0.0592289607650983
0.477406055108292,-0.14055251973262,-0.0873735900482255
0.608290744299918,-0.0684042643669941,-0.115150958393291
0.736292456625301,0.0034861021203962,-0.143036657481903
0.861199338522917,0.0750061225464482,-0.171387810512906
0.982850669462286,0.146099495362503,-0.200378181077391
1.10111767554169,0.216751045807994,-0.229955680412947
1.21588861040998,0.286968749787152,-0.259826066071812
1.3270562518339,0.356766395912577,-0.289459630215942
1.43451554186609,0.426149835490557,-0.318116460574998
1.53816872033448,0.495107083441665,-0.344884178227816
1.63793652921244,0.563601191348552,-0.368725464259738
1.73377390750622,0.631564671971351,-0.388537134986897
1.82568338127295,0.698893436967625,-0.403224951798226
1.91372044209778,0.765439736194899,-0.41179888963465
1.99798642840775,0.831005690729367,-0.413489198294621
2.07860290755398,0.895339507302965,-0.407873240936822
2.15567060702296,0.958139277353504,-0.394991498966889
2.22921631421073,1.01906647481352,-0.375419272378027
2.29914468808877,1.07777154519309,-0.350260358884459
2.36520722094525,1.13392646456279,-0.321040706550921
2.4270040759563,1.18725782325559,-0.289509105488843
2.48402008766571,1.23757034806753,-0.257383888443413
2.53568672045332,1.28475446007741,-0.226106882731161
2.58145187976532,1.32877649447812,-0.196664082338411
2.62083737548283,1.36965539357641,-0.169507842150444
2.65347153588581,1.40743350058604,-0.144581124013592
2.67909558105237,1.44214968318203,-0.121416815723009
2.69754598517279,1.47381825117568,-0.0992740706065109
2.70872691993377,1.50241819021608,-0.0772791581030725
2.71257764046321,1.52789009623909,-0.0545513550676009
2.70904693620095,1.5501419609899,-0.0303083245149753
2.6980767009949,1.56906061253408,-0.00395327254407947
2.6796003498837,1.58452874589444,0.0248524411839249
2.65355368348215,1.59644379975471,0.0561319000459366
2.61989980675534,1.60473786606294,0.0895575336136317
2.57865956503444,1.60939295462838,0.124450026303632
2.52994027229141,1.61044811902065,0.159821974016504
2.47395476306157,1.6079964373247,0.194469199242698
2.411020459071,1.60216982380628,0.227099352714512
2.34154083805012,1.59311755628636,0.256475199844819
2.26597024116511,1.5809818610437,0.281543526272095
2.18477445920704,1.56587844036673,0.301525236501347
2.09839567343657,1.54788486620134,0.315954339732419
2.00722930888212,1.52703796828114,0.324668651277578
1.91161533944079,1.50333862333604,0.327766391268459
1.81184164764038,1.47676066801548,0.325547197368711
1.70815494684827,1.44726102974378,0.318454043159515
1.60077422773727,1.41478903732501,0.3070266559845
1.48990431662653,1.37929539413395,0.291870620260332
1.37574614733951,1.34074021186118,0.273640229604172
1.25850487495829,1.29910243824392,0.253029939614344
1.13839610084781,1.25439135602331,0.230766969061487
1.01565126579605,1.20666029544582,0.207597296268123
0.890524218510588,1.15602252290175,0.184258718517601
0.763298293534544,1.10266562816358,0.161437094058563
0.634294210770658,1.04686120851086,0.139707033546795
0.503876825672432,0.988964636692197,0.119464298174109
0.372458694337734,0.929401250626891,0.100863701458947
0.240497635987607,0.868636856944848,0.0837801945454542
0.108487442935338,0.807136368086717,0.0678099848953733
-0.0230589312190225,0.745316331263467,0.0523204574117972
-0.153631412535163,0.683502114405167,0.0365451734427883
-0.282747286704569,0.621898146698272,0.0197068254165212
-0.409974278456309,0.560577694397694,0.00114344108697809
-0.534948918535893,0.499492706644095,-0.0195860288136077
-0.657387903685442,0.438500241349688,-0.0426320454099237
-0.777091532921507,0.377398721354681,-0.0678246334963522
-0.893940113648901,0.315967147536221,-0.0946779852711806
-1.00788527559907,0.254001204021552,-0.122420155905798
-1.11893954421594,0.19134278326147,-0.150039903167471
-1.22716587191316,0.12790089511371,-0.176347433996994
-1.33266827343029,0.0636643235266712,-0.200051234202726
-1.4355829084512,-0.00129273857370166,-0.2198563253104
-1.53606618218333,-0.066810928498876,-0.234587572177457
-1.63427573733607,-0.132651196425912,-0.243333764089599
-1.7303416838403,-0.198505883855292,-0.245594617763555
-1.82432709748713,-0.26401620994561,-0.241397516636585
-1.91618469803681,-0.328796216246806,-0.231342999197954
-2.0057185098816,-0.392460988725315,-0.216545686996853
-2.09256453477937,-0.45465487629101,-0.198465508827345
-2.17619815049317,-0.515074172158247,-0.178662022697006
-2.25596829289975,-0.573479911266546,-0.158534603363402
-2.33114994977379,-0.62969933901329,-0.139115780100345
-2.40100132295638,-0.683617518335804,-0.120962144939713
-2.46481366687978,-0.735162551987079,-0.104151069536156
-2.5219450272489,-0.784287878448635,-0.0883603717583626
-2.57183861733465,-0.83095554627848,-0.072993589515938
-2.61402570502046,-0.875122162300877,-0.0573152100924305
-2.64811841468793,-0.916729361118828,-0.0405721307516816
-2.67379715370013,-0.955699787243873,-0.0220913362392027
-2.69079697012674,-0.99193906398765,-0.00135417445073684
-2.69889816888535,-1.02534412499342,0.0219477065570271
-2.69792302953526,-1.05581642197911,0.0478704353681741
-2.68774519896326,-1.08327943496302,0.0761899021039358
-2.66830319323649,-1.10769397718096,0.106391899123286
-2.63962619057996,-1.12907140734176,0.137687248100012
-2.60184985654315,-1.14747476321193,0.169055948868759
-2.55523412092512,-1.16301360024343,0.199320110740827
-2.50015522838723,-1.17582471988252,0.227236509489243
-2.4370944141079,-1.18605303314915,0.251597332383912
-2.36659949529561,-1.1938266177965,0.271322924599494
-2.28925317965731,-1.19924330856136,0.285537734122291
-2.20562545968824,-1.2023576325779,0.293620140426142
-2.11624931245741,-1.20318387732626,0.29522915051524
-2.02158877483781,-1.20169595272512,0.290306987192278
-1.92203775395162,-1.19784050463015,0.279068609394232
-1.81791148485734,-1.19154129638726,0.261979528391651
-1.70946369220417,-1.18271351645262,0.239732630582534
-1.59689455705652,-1.17126949447277,0.213221665882639
-1.48037427482008,-1.15713293623479,0.18351422145302
-1.36006011661677,-1.14024960563681,0.151815627187398
-1.23612085080376,-1.12060436305779,0.119417715283025
-1.10875901214078,-1.09823752310107,0.0876224457323138
-0.978234651430379,-1.07326148048799,0.0576360733865396
-0.844885197955077,-1.04587123370651,0.0304372846908299
-0.709137922480061,-1.01634419011797,0.00663680196456515
-0.571509891406469,-0.985025099388967,-0.0136390898661949
-0.432591677041649,-0.952295755009387,-0.0307992765244613
-0.293014511725578,-0.918533973497522,-0.0457364764396782
-0.15340774250003,-0.884073838158208,-0.0596627346266596
-0.0143561546108409,-0.849178303436947,-0.0738596904548799
0.123631530239658,-0.814033155245814,-0.0894059426577807
0.260136382622487,-0.778762691667687,-0.106953944796842
0.394824980558412,-0.743460679023359,-0.126608372885968
0.527432400847617,-0.70822708639876,-0.147919281139515
0.657740145685614,-0.673202882319273,-0.169967855460453
0.785555580483366,-0.638598406220805,-0.19150498058624
0.910696230009956,-0.604713909816595,-0.211104864077293
1.03297857266846,-0.571951922043506,-0.227309762676865
1.15220754318865,-0.540819962916814,-0.238757601653445
1.26816085239343,-0.511920209375429,-0.244295247075777
1.38056275989074,-0.485921291369925,-0.243083670424347
1.48904502334691,-0.463507114072893,-0.234697180639898
1.59309878121128,-0.445300100395502,-0.219209284271042
1.6920292022349,-0.431762599889581,-0.197246072402051
1.78493346497849,-0.423090621844564,-0.169979812695597
1.87072263833585,-0.419123898682279,-0.139036937175688
1.94820146764571,-0.419301544272515,-0.106312597485904
2.01619870329531,-0.422683890648107,-0.0737160978141231
2.07371756226636,-0.428039599201799,-0.0429053868102772
2.12006505301177,-0.433972630690684,-0.0150829105400465
2.15492792035637,-0.439051160163415,0.00909416527949315
2.17838504966123,-0.441907641790665,0.0294805703171284
2.19087140654202,-0.441300698630562,0.0463211194897398
2.19311337009244,-0.43614765039907,0.0600956892960762
2.18605576961188,-0.42554456470654,0.071379734471411
2.17078788028344,-0.408784665114483,0.0807470823838168
2.14846965077964,-0.385375831412196,0.0887187301531914
2.12026029567032,-0.355050890762476,0.0957462374731567
2.08725243579788,-0.317762910173031,0.102212507067621
2.05042067509273,-0.273662680954791,0.108434361187204
2.01059041251347,-0.223061393683933,0.114656574259755
1.96843286350653,-0.166387442268357,0.12103398792475
1.92448380305903,-0.104147704500515,0.127604673624851
1.87917918553979,-0.0369020752635016,0.134262311038629
1.83289697636343,0.0347449339725582,0.140738787067022
1.78599138701256,0.110138303835895,0.146607336991466
1.73880995565417,0.18856032588461,0.151312401691969
1.69168906786981,0.269222541051757,0.154225161945966
1.64493091929286,0.351270400790207,0.154715956690925
1.59876986443026,0.433803981937163,0.152229394112708
1.55334041602144,0.515912087892117,0.146347746805035
1.508655035696,0.596712361948879,0.136832664899124
1.46459736323152,0.675389188432463,0.123643266919588
1.42093055876703,0.751223026112184,0.106936389520015
1.37731749118265,0.823608387535779,0.0870600138252174
1.33334837406331,0.892060664922966,0.0645521963723468
1.2885740157023,0.956214285703537,0.0401554463595172
1.24254284040676,1.01581359302888,0.0148503205419844
1.19484321615196,1.07069745840296,-0.0100969690595143
1.14515073676511,1.12077589229302,-0.0330905602013951
1.09328017454343,1.16599779598335,-0.0521969507253372
1.03923411466404,1.20630805866176,-0.0652204433433306
0.983234553671665,1.24159727967088,-0.0699172206476016
0.925714789471855,1.27165361794273,-0.0643900224314131
0.867246422168137,1.29613554102421,-0.0476513694057024
0.808388234697314,1.3145894186613,-0.0202368060470608
0.749481640774583,1.32653049153788,0.0153800106369704
0.690468250181992,1.33157765787719,0.0548722509646508
0.630830832912941,1.32959354050667,0.0928004589770915
0.56971174651039,1.32075959579649,0.123823304112802
0.50615830686626,1.30554144976615,0.143890339374332
0.439369826299657,1.28456170105682,0.15093651892189
0.368838415360433,1.2584413846855,0.144911154781888
0.294360280984084,1.22767775978768,0.127316221035072
0.215961303166592,1.19259193791113,0.100568529275901
0.133798432818694,1.15334748318226,0.0674376034995982
0.0480785212855857,1.11001832381619,0.0306713164577032
-0.0409892875583288,1.06267950993015,-0.00719335992661121
-0.133208411978136,1.01149769706627,-0.0438962833086334
-0.22838532191519,0.956805142718493,-0.0774721069524092
-0.326307436864987,0.899141293298736,-0.106281619425645
-0.426721823612016,0.839250006676363,-0.129087644641252
-0.529328924596241,0.778025196612704,-0.145169047017132
-0.633802458837273,0.716409491135981,-0.154430803520628
-0.73983731930663,0.65526850919771,-0.157448712366259
-0.847211942364318,0.595278459720524,-0.15539723932851
-0.955837158735474,0.536867301602147,-0.14984992477662
-1.06576079227431,0.480233050344291,-0.142495862767599
-1.17711056160612,0.42543069040223,-0.134852463384578
-1.28998355232091,0.372489728407171,-0.128053006379167
-1.40431338277279,0.321513205868857,-0.122751267797211
-1.51975502915791,0.272722046570499,-0.1191394095426
-1.63561890414857,0.226435903141836,-0.117043380135625
-1.75086707639083,0.183007446038211,-0.116051134008115
-1.86416698816821,0.142740431381237,-0.115637432438883
-1.97398602343688,0.105820684395947,-0.115263886379366
-2.07870686732165,0.0722790035160745,-0.114446041734546
-2.17674465060609,0.04199199575302,-0.112786978942954
-2.26664927937948,0.014715432960294,-0.109979342382527
-2.3471821613834,-0.0098630080215247,-0.105777309900611
-2.41735997484261,-0.0320684818962527,-0.0999393700620178
-2.47646591352107,-0.0521972248008294,-0.0921447163396739
-2.52403455158244,-0.0704996883105826,-0.081891985895842
-2.55982222685959,-0.0871923698835128,-0.0683995992405044
-2.58377672088273,-0.10249333849717,-0.0505409712779938
-2.59601902687202,-0.11666803237542,-0.0268622308449095
-2.59684336155002,-0.130065470585156,0.00426184747749876
-2.58673081803263,-0.143122594685712,0.044287723696414
-2.56636057749694,-0.156319199796901,0.0939768181498853
-2.53659015201427,-0.170081335685455,0.15277288304612
-2.49838383191988,-0.184658337796762,0.218299403684361
-2.45268759348118,-0.200027291298547,0.286280940939631
-2.40028965173923,-0.215885395424422,0.351115099942305
-2.34172574801597,-0.231752708310837,0.407019703141026
-2.2772701142832,-0.247140582966318,0.449316928133827
-2.20700560456742,-0.261700469493867,0.47530830733518
-2.13092113156012,-0.275290268006886,0.48445773676854
-2.0489894299724,-0.287954997893988,0.47799622518508
-1.96120612077369,-0.299859332452566,0.458278326885203
-1.86760207706031,-0.311212475019719,0.428186665103269
-1.76824568856787,-0.322206846498443,0.390725492331262
-1.66324685064903,-0.332974456666939,0.348805358722734
-1.55276316734414,-0.343556419960206,0.305147472895369
-1.43701521610872,-0.35388358084395,0.262223546780949
-1.31630196580803,-0.363768649091856,0.222161723715494
-1.1910206660613,-0.372917644255628,0.186588402702939
-1.06167649038711,-0.380966078424604,0.156417891149195
-0.928883920656218,-0.387544311923545,0.131653896733404
-0.793343050721547,-0.392359635287699,0.111297677476168
-0.655799826705895,-0.395274453277576,0.0934582520391349
-0.516988198443903,-0.396347800279343,0.0756975988375483
-0.377572161972707,-0.395821812362499,0.055545993180571
-0.238100477728669,-0.394056652281633,0.031034542324221
-0.0989851607667938,-0.391441465670124,0.00107742221101929
0.0394922346174088,-0.388316052157502,-0.0343948335321656
0.177151000747473,-0.384925114409462,-0.0745447027929124
0.313866953610251,-0.381408444527233,-0.117894321171424
0.449523719222614,-0.37781705512218,-0.16264132557099
0.583969613865621,-0.374141574625046,-0.206939338188463
0.716987437908662,-0.370341817135469,-0.249099674193618
0.84827989655363,-0.366370583986838,-0.287706795652858
0.977469206145268,-0.362189464219327,-0.321661528897022
1.10410532183172,-0.357776542806527,-0.350173352679532
1.22767775849062,-0.353128354684032,-0.372722407409545
1.34762776812621,-0.348258890277075,-0.389007024379507
1.46336049254925,-0.343198385163637,-0.398887027443218
1.57425804059253,-0.337993820161077,-0.402328128008357
1.67969464284173,-0.332712240414284,-0.399349701101731
1.77905528100389,-0.327447447525523,-0.389977799103982
1.87175946341078,-0.322330073562511,-0.374207202588334
1.95729046437687,-0.317540053713443,-0.351979582039419
2.0352289069082,-0.313319441991639,-0.323188473443355
2.10528837937894,-0.309982384140175,-0.287723218213551
2.16734560715699,-0.307917238243391,-0.245559341771743
2.22145527349321,-0.307574532497807,-0.196890841194146
2.26783795140403,-0.309433349856544,-0.142280792697764
2.30683031503815,-0.31393930612433,-0.0827878833638971
2.33879767914032,-0.321413797396544,-0.0200202780054137
2.36402457504945,-0.331949231610618,0.0439174675800904
2.38261808139383,-0.345325844573236,0.106587427826992
2.39446307396784,-0.360996348666264,0.165461563193089
2.39925200078581,-0.378167417407261,0.2181948636059
2.39657739071161,-0.39596254855821,0.262872925957637
2.38604876546763,-0.413608203972815,0.298188472658648
2.36738880854491,-0.430575189104092,0.323525639935866
2.34048109205661,-0.446634927041231,0.338962848789886
2.30536865879889,-0.461831217575303,0.345228960997276
2.26221846010732,-0.476394223739859,0.343648345153102
2.21127653166078,-0.490628394342205,0.336089683460255
2.15283153130283,-0.504796311929784,0.324900194184115
2.08719614408799,-0.519011135375819,0.312777858155457
2.01471038124162,-0.53314940165098,0.302523240044112
1.93575974965297,-0.546801493778663,0.296631148438111
1.85080026977896,-0.55928569469458,0.296744510509132
1.76037455542851,-0.569747555985085,0.303092582222626
1.66510452552554,-0.577341005482577,0.314135650554042
1.56565734332659,-0.581443923378469,0.326654848650572
1.46268908376653,-0.58182321557218,0.336381045448568
1.35678997543991,-0.578677132925669,0.338993411079179
1.24844768789191,-0.572541645079227,0.331110373827839
1.13803452745522,-0.564115293377835,0.310914717324873
1.02581426161623,-0.554081686550921,0.278274511895861
0.91195886998977,-0.54298397310242,0.234459045137012
0.796572978719896,-0.531167768052223,0.181663032511099
0.679725494210267,-0.518781011040831,0.122530531956019
0.561483088670822,-0.50580774815392,0.0597861697716782
0.44194216446796,-0.492116564227614,-0.00399721275505222
0.321257761051147,-0.477512393781216,-0.0665136533444101
0.199668202610929,-0.461786570378813,-0.125761210599842
0.0775152290395746,-0.444764070413719,-0.180041510137623
-0.0447421465068778,-0.426347679506834,-0.227953231030179
-0.166522369801388,-0.406557119353004,-0.268397157234062
-0.287129042156893,-0.385558599776295,-0.300595436214984
-0.40577555752344,-0.363676370379015,-0.324113848321245
-0.521628945436029,-0.341377839438126,-0.338868911908569
-0.633871307542912,-0.319223854093714,-0.345103003285282
-0.741772327273115,-0.297782070834798,-0.343323921201024
-0.844763326442773,-0.277510523091606,-0.33422460603694
-0.942501304478398,-0.258628450878747,-0.31861270291812
-1.03491051781064,-0.241001477769584,-0.297378425273053
-1.12218650140866,-0.224075004692515,-0.271508420698909
-1.20474737168557,-0.206890411765961,-0.242122934834304
-1.2831226635305,-0.188205228305729,-0.21049088156342
-1.35779441238876,-0.166707934671038,-0.177982853358736
-1.42903319126737,-0.141274750435922,-0.145956052746311
-1.49678810428785,-0.11118594710377,-0.115608930421856
-1.5606728526285,-0.0762291725408891,-0.0878632807665257
-1.62004362715519,-0.0366674866972344,-0.0633119272865033
-1.67412553646077,0.00689218025074469,-0.0422285158773489
-1.72213366588623,0.0536669255742267,-0.0246033610460862
-1.76335632609256,0.102849946440364,-0.0101633983665221
-1.79719532238216,0.153724541261474,0.00164939460414562
-1.82317786269429,0.205742298114821,0.0117406822202891
-1.84095963290355,0.258576227233104,0.0214404422128022
-1.85033517434235,0.312154163000247,0.0325430524105567
-1.8512646255635,0.366665717263278,0.0472431529817097
-1.84391543932692,0.42252451068432,0.0678957223544792
-1.82870488927384,0.480263115776753,0.0965514065059445
-1.80631867046433,0.54034932868042,0.134286483862642
-1.7776732152481,0.602945054831553,0.180472600780321
-1.74380278293703,0.667681663673677,0.232284554095125
-1.7056873650144,0.733568363831354,0.28481150183339
-1.66408177580169,0.799129202877967,0.331960968798108
-1.61941947890433,0.862751045481224,0.367916066873138
-1.57182567667927,0.923087886670245,0.388522210485283
-1.52121347156554,0.97933265062608,0.39201252964727
-1.46739953768819,1.03126602459037,0.37891359706434
-1.41019240370219,1.07912714548965,0.351407829449209
-1.34943896487512,1.12341227414134,0.312561990097469
-1.28504403101001,1.16469231919188,0.2657079114946
-1.21697755661178,1.20348726246959,0.214070792925544
-1.14527846183035,1.24019549542046,0.160610256387782
-1.07005450569053,1.27505596382451,0.107986580892096
-0.991478099962196,1.30812423443925,0.058564078035637
-0.909779231532837,1.33925607335224,0.0143853780625273
-0.825232600344411,1.36809929377497,-0.0229193504677737
-0.738145074650737,1.39411334891338,-0.0522866566126759
-0.648841970931514,1.41662612731581,-0.0733971354867519
-0.557658238722105,1.43493648298115,-0.0868006029889824
-0.464935456880897,1.44844495663256,-0.0939031577267204
-0.371022717097426,1.45677331304868,-0.0967604387660975
-0.276278691171984,1.45983095806693,-0.0976933549410031
-0.181071136125893,1.45780248400177,-0.0988246924346378
-0.0857729085820458,1.45106249062392,-0.10167838166428
0.00924152966554227,1.44005822346644,-0.106958611357034
0.103596246194551,1.42520112451724,-0.114548730856668
0.196909000943417,1.40679833309545,-0.123688283412339
0.288783352066364,1.3850331527659,-0.133240434495219
0.378801104566184,1.35998268455711,-0.141961422659779
0.466517651490883,1.33165666197155,-0.148713065531077
0.551460852095758,1.30004080998732,-0.15259554989687
0.633132428033625,1.26513460732441,-0.153005670352343
0.71101006328032,1.22697926060747,-0.14963996343667
0.784547951872369,1.18567489269113,-0.142464856098005
0.853174866815868,1.14138974656447,-0.131672099217196
0.916288918755859,1.09436201625419,-0.117631096712672
0.973250064982466,1.04489494231087,-0.100843683616542
1.02337246408065,0.993342608561445,-0.0819019489990721
1.06592108342549,0.940082191579988,-0.0614463150959583
1.10011986678577,0.885467920552096,-0.0401187638660067
1.12518139295364,0.829764829550059,-0.0185047940966402
1.14036691079195,0.773067985263836,0.00294169397153428
1.14508048573308,0.715228522412646,0.0239914158358301
1.13898488217872,0.655821074758804,0.0447387201930358
1.12211141978579,0.59418988522546,0.0656725798287729
1.09492927143364,0.529583307652304,0.0876606381741635
1.05836179087653,0.461338692961157,0.111779312666811
1.01376896993244,0.389037838349465,0.138956411175154
0.96292790496995,0.312560244520119,0.16947809976768
0.908005964344214,0.232017072360086,0.202522824027384
0.851466790419044,0.147618561940093,0.235955233072409
0.795841644598989,0.0595629363198208,0.266562389886247
0.743378109167598,-0.0319876032085801,0.290715884089351
0.695689873085042,-0.126844552529955,0.305199617041066
0.653565898660577,-0.224704732754831,0.307847009151172
0.617007863259005,-0.325102305555065,0.297770095282983
0.585434668616287,-0.427424408474775,0.27520748996674
0.557931985287586,-0.530968627037358,0.241175267127017
0.53345240977217,-0.635007882303337,0.197112443332598
0.510934723150938,-0.738843634970233,0.144639132618302
0.489356453964971,-0.841847431719112,0.0854684985256113
0.467753794382558,-0.943500935841582,0.0214663250801541
0.44524459472846,-1.04344322773543,-0.0451729696806095
0.421084128714253,-1.14152383685901,-0.111684546456643
0.394775798285283,-1.23784991900442,-0.17450319512391
0.36624114934203,-1.3328002574731,-0.229163142630981
0.336025784600783,-1.4269726348808,-0.270488281703638
0.305471136204333,-1.52103113879616,-0.293246781701084
0.276729881171012,-1.61544507461391,-0.293363822842189
0.252480560972068,-1.71016469625348,-0.269532206534525
0.23527789018778,-1.80435530791189,-0.224632282611935
0.226704463915084,-1.89635794811815,-0.16602974502382
0.226746386202539,-1.98398162817926,-0.104080492096746
0.233802402093553,-2.06503918849875,-0.049224171514911
0.245340080841233,-2.1378699700326,-0.00910031222002198
0.258784651973697,-2.20160214710003,0.0129238999754384
0.272179276477083,-2.25608502354561,0.0174907245459495
0.284434701170919,-2.30161136989573,0.00791167086444651
0.295255731249173,-2.33862109772435,-0.0113697286148982
0.304917100329943,-2.36749689847954,-0.0359511898215118
0.314021598064269,-2.38847616443729,-0.0621114270923329
0.323302480161865,-2.40163964441239,-0.0869843273952238
0.333482380033968,-2.40693172599858,-0.108421041796037
0.34517434560096,-2.40417238592269,-0.12469879744673
0.358801820512361,-2.39303959063402,-0.134215282427566
0.37451742641606,-2.37303172326635,-0.135287476747992
0.392107529447222,-2.34342889448757,-0.126152833396254
0.410892092329086,-2.30332571313934,-0.105232481234152
0.42964842980114,-2.25177558125975,-0.0716325440743331
0.446622659794356,-2.1881047786464,-0.0257324968524036
0.459686991277607,-2.11229667323979,0.0304143617763419
0.466674110281973,-2.02531081380681,0.093141101411378
0.465812929543014,-1.92909250856317,0.157760179773349
0.456119825652216,-1.82624146054551,0.219458739105282
0.437576211895695,-1.71944076319115,0.274110367521374
0.411033719301525,-1.61093122669946,0.318743367222333
0.37790266053956,-1.50220062432729,0.351647327823467
0.339766151930119,-1.3939473413161,0.372246292696661
0.298052387196264,-1.28623433966882,0.380857968423501
0.253843564238421,-1.1787276012973,0.378407465312718
0.207827872576022,-1.07092462033569,0.366136868828392
0.160353632127626,-0.962322360959104,0.345351957371866
0.111529825316056,-0.852510332943476,0.31724335423453
0.0613281613286067,-0.741197512783434,0.282802476273944
0.00966288752883271,-0.628192572882057,0.242832122934507
-0.0435571900444638,-0.513356279122836,0.19803614126979
-0.0983985554193545,-0.396544241228411,0.14916707381688
-0.154884867521639,-0.277554770145797,0.0972086560496282
-0.212981608469307,-0.156097298074783,0.0435676804138134
-0.272577751512899,-0.0317980186416432,-0.00975850338117084
-0.333463892637806,0.0957396830891479,-0.0600874070845198
-0.395312534519642,0.226806416878551,-0.104097009572154
-0.457671346515886,0.361391100225285,-0.138092869865919
-0.519983101129582,0.498951260398064,-0.158569453906523
-0.581640074774212,0.638229396646032,-0.163077690630977
-0.642066512710774,0.777236002277059,-0.15126488278056
-0.700804073314125,0.913506088316935,-0.125729309934248
-0.757564936285015,1.04461928441859,-0.0921546143705945
-0.812231074028246,1.16878947344947,-0.0583124635288342
-0.864806472905048,1.28522800847241,-0.0320909445909026
-0.91535005076961,1.39410648589427,-0.0193939316429612
-0.963914203595586,1.49620613932889,-0.0229045135109674
-1.01049103717773,1.59248470114823,-0.0421160248413786
-1.05496684818831,1.68374953257693,-0.0742777496797684
-1.0970977730442,1.77050503991495,-0.115589769812557
-1.1365162496705,1.85294357459299,-0.162145678177017
-1.17276383604099,1.93100763061266,-0.210434111809197
-1.20534848023195,2.00447144318231,-0.257431607828732
-1.23381883090113,2.07300095375404,-0.300412401654714
-1.25785815613868,2.13618297503605,-0.336620828588377
-1.27739440971148,2.19352251109222,-0.362950294422627
-1.29271392343491,2.24442037820267,-0.375777481204087
-1.30455017974,2.2881612027314,-0.371113653939661
-1.31408502531735,2.32394256304841,-0.34522813924703
-1.32278450136527,2.35099353693761,-0.295816785273563
-1.3319978876726,2.36878968074057,-0.223533147536327
-1.34237287486304,2.37732033356999,-0.133259427931106
-1.35334197700202,2.37724956380651,-0.0341216742373668
-1.36308328760667,2.36981700134539,0.0624349422173024
-1.36911993306258,2.35645219342137,0.145944644150076
-1.36923083989633,2.33832645204784,0.209821875991778
-1.36209251744326,2.31608843351282,0.252350894633163
-1.34737688240889,2.28986474706774,0.275728470532798
-1.32545391167583,2.25941763417864,0.284222337537356
-1.29701012397667,2.22434834298066,0.282494198353779
-1.26277255359637,2.18426764346375,0.274555440688071
-1.22338102743538,2.13890918122711,0.263347052649172
-1.17936639500786,2.08817913864033,0.250741150774466
-1.13118109267487,2.0321549625864,0.23775550921467
-1.07924003726397,1.97104736506271,0.224832161860633
-1.02395123247274,1.90514528187661,0.212096110566298
-0.965724955500415,1.83475401353619,0.199556388918307
-0.904960553565206,1.76013793809657,0.187240402624979
-0.842013640121057,1.68147621017778,0.175266137409041
-0.777149613923261,1.59883854639008,0.163861953802033
-0.710494167780131,1.51218942047276,0.153345077255007
-0.641993830815089,1.42142408552959,0.144069516947217
-0.571402687233133,1.32643628508149,0.136354482414744
-0.498309337718895,1.22720819639545,0.130405064456291
-0.42221119259626,1.12390355773922,0.126238284898937
-0.342631784976079,1.01693979976707,0.123629068417795
-0.259261035053402,0.907012935572708,0.122090265879819
-0.172085734446294,0.795058125923274,0.120897470984519
-0.0814724882187432,0.68214571025993,0.119161427007843
0.0118266024801163,0.569334331464824,0.115939091278801
0.106754428969382,0.45751888096521,0.110361755358903
0.202095975490795,0.347317578365517,0.101751470127258
0.29665039442142,0.239028402955157,0.0896990667095025
0.389380437971386,0.132660354254968,0.0740893934183111
0.479505398379817,0.028019852344117,0.0550762869460479
0.566527814150213,-0.0751818443614391,0.0330227541659932
0.650206255644774,-0.177231477168196,0.00842660813738839
0.730497226983995,-0.278345304812468,-0.0181516022418401
0.807488514444653,-0.378632824630598,-0.0461485087850088
0.881339667955124,-0.478086292947888,-0.0750422184857125
0.952238191736334,-0.57658663515771,-0.10438142557976
1.02037308530443,-0.673917303063506,-0.13380112187267
1.08592469806484,-0.76978098929715,-0.163026288578692
1.14906593537427,-0.863815885967739,-0.191863502353854
1.20997136664258,-0.955611662624447,-0.220178972219907
1.26882792674067,-1.04472566862281,-0.247859767006178
1.32584193940874,-1.13070242086562,-0.274754159689837
1.38123480103973,-1.21309979602162,-0.300587151905923
1.43521908913187,-1.29152630558617,-0.324850519947488
1.48794572081061,-1.36569180804159,-0.346674790596353
1.53941788130449,-1.4354714188035,-0.364706161543114
1.58937703016265,-1.50097475608558,-0.377032980999809
1.63718417470271,-1.56260296064018,-0.381227795761673
1.68174190198374,-1.62106777525822,-0.374577878951586
1.72151558530535,-1.67734319966534,-0.354550947051097
1.75470372124504,-1.73252808660559,-0.319472934927941
1.77956963194133,-1.78762145037733,-0.269287990706765
1.79487600099626,-1.84324440905228,-0.206155861232492
1.80029047446283,-1.8993895209724,-0.134579671729201
1.79657934352858,-1.95530485711578,-0.0608307530224111
1.78545215698936,-2.00960480766351,0.00829280982515258
1.76907484444972,-2.06060403456289,0.0669648897677414
1.74946283017931,-2.1067500653732,0.111474140118762
1.72803282523665,-2.14697532173401,0.14058074789183
1.7054684498987,-2.18085091274788,0.155105350618005
1.68186081552597,-2.20854593966189,0.157123066619008
1.65697264327842,-2.23067421014747,0.14918570800794
1.63048637487641,-2.2481153088799,0.133827512603977
1.60216371812421,-2.26185371270874,0.113414983581032
1.57190224655521,-2.27283333705912,0.0902813411161971
1.53970434147637,-2.28180075323269,0.0670348448567739
1.50558060244058,-2.28910866516841,0.0469031380914846
1.46941238506305,-2.29447429731193,0.0339438187931454
1.43081286227563,-2.29674043872383,0.0329203065576416
1.38904509584462,-2.29374652197065,0.0486534132971165
1.34307935826306,-2.28247478030938,0.0847827595994163
1.29184767551781,-2.25960512992155,0.142161607911075
1.23466506478573,-2.22245541554419,0.217511381882283
1.17163660971372,-2.16998900606476,0.303206945479801
1.10379134596345,-2.10335614463727,0.388745198115532
1.03280876611077,-2.02557739707325,0.463499229705496
0.960483665218653,-1.94050011334689,0.519464547659508
0.888240051269623,-1.85161063835254,0.552733143964382
0.816906543765841,-1.76126037835264,0.563342618820744
0.74675509687019,-1.67048871386831,0.554052572644806
0.677678541433115,-1.57927998586586,0.528867806521667
0.609383352853217,-1.48698229815656,0.491871696772618
0.541532132109447,-1.3926880932177,0.446560662203159
0.473818231920519,-1.29548726321639,0.395622079117979
0.405983788238726,-1.19459416004181,0.341009281684345
0.337798119053373,-1.08938250529273,0.284168889041413
0.269017772878984,-0.97937967399579,0.226316154728696
0.199343653766336,-0.864252516562785,0.168686111255606
0.128396329687244,-0.743821187503322,0.11271636106116
0.0557257722753401,-0.618107900853081,0.0601245686068903
-0.0191273079539677,-0.487417271533646,0.0128554358784648
-0.0965112517898156,-0.352422991235755,-0.0271106180384089
-0.176499354243499,-0.214212194204628,-0.0580635064853463
-0.258726901324413,-0.0742395059605679,-0.0789210174194732
-0.342300792644448,0.0658301710013292,-0.0895515024200606
-0.425849915985022,0.204362439942422,-0.0909855413690209
-0.507739464554718,0.340001630971486,-0.0854687096544288
-0.586401785028202,0.471846079272227,-0.0763164610286461
-0.660671906661339,0.599505104363091,-0.0675234811304878
-0.72999966669768,0.723036068335928,-0.0631236679737555
-0.794460728719665,0.842794017975109,-0.0664298683559658
-0.854589147880888,0.959250801784799,-0.0794104987817465
-0.911124061100199,1.07283308885912,-0.102441359432841
-0.964776297936155,1.18380662197206,-0.134493786055425
-1.01608037029582,1.29221215979338,-0.173620931621232
-1.06534071638103,1.39784337939812,-0.217516425314335
-1.11265404467464,1.50026332959744,-0.263959773282354
-1.15796807132362,1.59884260175508,-0.311057023664517
-1.20115317421049,1.69281686413587,-0.35726876726862
-1.24206724377987,1.78135688201178,-0.401261881987825
-1.28060833037837,1.86365659789838,-0.441639589525336
-1.31675075427624,1.93904417001907,-0.476612451135214
-1.35056053820284,2.00711913826096,-0.503688981787604
-1.38218362457962,2.06790829479506,-0.519493984339405
-1.41179512552464,2.12200593840817,-0.519856170478875
-1.43950657696763,2.17063918867397,-0.50032230368366
-1.46524285284211,2.21556437447158,-0.457202039370903
-1.48863997870217,2.25870729059204,-0.389071701895999
-1.50905193790761,2.30153953886239,-0.298332047853224
-1.52574161110807,2.34437092221853,-0.192032522700098
-1.53821222099676,2.38594231831576,-0.0810928562860938
-1.54646676272809,2.42367697690244,0.0223007051652664
-1.55097946450991,2.45455552783228,0.108107723998073
-1.55240757472825,2.47611378467312,0.170880747510967
-1.55129429661462,2.48702099768155,0.210130771387811
-1.54795065011712,2.48708760672415,0.228945745680779
