-0.667163279291907,0.000606460850419336,0.00529334494523245
-0.998284091115546,0.00173839963421901,0.0156614009091548
-1.32644029982395,0.00373591976049603,0.0341361533825514
-1.6505821278962,0.00684870120524173,0.0624251152541251
-1.96959036784775,0.0113305254027794,0.10170215945731
-2.28226132485773,0.0174252455821074,0.152559776518405
-2.58730197771477,0.0253446593320128,0.215034333973762
-2.88333915289334,0.0352359835777899,0.288711216050461
-3.16894350115389,0.0471361094835506,0.372892599854227
-3.11282189386629,0.0541375812683876,0.41040870521334
-3.04739467849477,0.0610011048835566,0.438067086287858
-2.97306939426966,0.0675752299910188,0.45701770477175
-2.89020928063393,0.0737172264035171,0.468649822090256
-2.79919362586166,0.0792787205047588,0.474467668507334
-2.70021707608172,0.0840809778174382,0.475957635496589
-2.59358475669027,0.0879067358128406,0.474545563388696
-2.47921243155741,0.0904800708622754,0.471384281084437
-2.35758837667252,0.091512552313092,0.467391200567441
-2.22816725140566,0.0906794153834836,0.462764772187834
-2.09258696368962,0.0877942789517252,0.45753430284492
-1.94874837286592,0.082620050478766,0.450222335181396
-1.80250783490127,0.0754019328339588,0.440640031855285
-1.64471378273798,0.0658851496818802,0.424542237316259
-1.49647584256809,0.0552353207312074,0.405574215433482
-1.31986415813795,0.0422390347400281,0.371509956549221
-1.19051149087849,0.0300836845381427,0.343343473193937
-0.974398436909586,0.0145996838912785,0.280504174004256
-0.901389949937469,0.00212278805049366,0.25366580883551
-0.630505085277662,-0.0135783366175477,0.159960207507287
-0.575769111051104,-0.0296437076543519,0.123519573801805
-0.347040467115625,-0.0423474490029858,0.0380188802440957
-0.194467246041353,-0.0596341481646073,-0.0325549830577984
-0.029139365273001,-0.0760867525458062,-0.103944989161115
0.13533947039155,-0.0937258320959273,-0.172788973710477
0.300028543386544,-0.112275165777044,-0.236738777429453
0.464759069276809,-0.131765079391962,-0.293795550182025
0.629209996527448,-0.152090285314545,-0.342136054608956
0.792887570746735,-0.17303242638745,-0.380334029130178
0.95509787237112,-0.19426258450528,-0.407548363640648
1.11497671523057,-0.215378392125627,-0.423712831400439
1.27153928151102,-0.235956874830794,-0.429626560109375
1.42377470116495,-0.25561508900728,-0.426893636749234
1.57073926571332,-0.274048716483526,-0.417674191920704
1.71164893058106,-0.291034995819543,-0.404300948234163
1.84591715264613,-0.306392333064969,-0.38885755027451
1.97316007551037,-0.31992447612614,-0.372849974518222
2.09314058479787,-0.331375847952275,-0.357042342708159
2.20571147582679,-0.340429155239363,-0.341473546170256
2.3107347848032,-0.346737714691165,-0.32559267174936
2.4080512799743,-0.349981940066653,-0.308447952591644
2.49744653612675,-0.349915493047952,-0.288860109056946
2.57868526467687,-0.346398437092323,-0.265564455651082
2.65151716981674,-0.339403303583574,-0.237318083162503
2.7157396881237,-0.32901602384877,-0.203011025424151
2.77119099743492,-0.315422703102165,-0.161801284737699
2.81779332396451,-0.298902404572896,-0.113300452151957
2.85550406445542,-0.279805227791459,-0.0577820698335091
2.88433624642507,-0.258531138136673,0.00363713085784995
2.90429108447912,-0.235489388160855,0.0689381385504407
2.91539674749326,-0.211064067421524,0.135336015088995
2.91766307198789,-0.185576944219255,0.199626203733476
2.91116054948826,-0.159277204919132,0.258665111882612
2.8959803615589,-0.132341560994273,0.309829345280707
2.87231863332433,-0.104898086834426,0.351331524593608
2.8403901976823,-0.0770438285584178,0.382305857937913
2.80051204360536,-0.0488665520166573,0.402728197482535
2.75295450227665,-0.0204475197859078,0.41320244444627
2.69808274903294,0.00813490527934217,0.414770010191621
2.63610984243031,0.0368162514078811,0.408693826895392
2.56740129265308,0.0655519387130089,0.396384203510102
2.49198229689476,0.0943234994406728,0.379234775583994
2.41026001550796,0.123150778867999,0.358683515910539
2.32188351864036,0.152058885292635,0.335958682368404
2.22756325781011,0.18113145380955,0.31229866436211
2.1262623741667,0.210345489965558,0.288397296459535
2.01966942183322,0.239828034841352,0.265005059727509
1.90560707286846,0.269298629265375,0.241828661664336
1.78762779172646,0.298971449512608,0.218946251721946
1.66227477327396,0.328087102164477,0.194996961832794
1.53472349760324,0.357050367267109,0.169566074106304
1.40149122012196,0.384746876457499,0.141002707986422
1.26705645188867,0.411650352878883,0.108886302884078
1.12974422779118,0.436897099363562,0.0724153910718149
0.991633285051759,0.460744776171237,0.0317122414741928
0.852582639993944,0.482910964851373,-0.0128115881185403
0.713123254817706,0.503496661953117,-0.0602356487995723
0.573359292812253,0.522539567950633,-0.109309569629744
0.433366523238381,0.540141356399672,-0.158535064827445
0.293162023366075,0.556400244289782,-0.206252263367372
0.152769597095031,0.571399252656566,-0.250706988785078
0.012263580809595,0.585186431140394,-0.290107965650841
-0.128187083991975,0.597760995283047,-0.322693963068422
-0.268276302030676,0.60906477123878,-0.346831781120739
-0.40752178090551,0.618984083016812,-0.361160395444033
-0.545237547524965,0.627367731656699,-0.364778882367278
-0.680529908936622,0.634065197141008,-0.357448156101848
-0.812326766863958,0.6389828818958,-0.339746738179469
-0.93944148319048,0.642148561262734,-0.31310680427344
-1.0606571364738,0.643765407282042,-0.279675113445923
-1.1748048432661,0.644235888558752,-0.242000545825997
-1.28081058798058,0.644143123442129,-0.202622235088153
-1.37769998660791,0.644187238088743,-0.163677587885535
-1.46457736804274,0.645082425073023,-0.126639213380378
-1.54061582109772,0.647419794496399,-0.0922301783651452
-1.60510072011379,0.651501207306343,-0.0604976378400505
-1.6575541197749,0.657161841945438,-0.0309819386954023
-1.69792585419285,0.663627103248267,-0.00291296361073948
-1.72678471224027,0.669478722240673,0.0246137426373782
-1.74540116368569,0.672795206467516,0.0524999210246671
-1.75563810554429,0.671466229375614,0.0815406743927354
-1.75965467080742,0.663584687036069,0.112332560730869
-1.75953588197114,0.64777393732793,0.145172011542213
-1.75698991393424,0.623346762688063,0.179938983299901
-1.75319781978145,0.590284321777243,0.215989392378151
-1.74881028571952,0.549093396528078,0.252104413695023
-1.744039050481,0.500619496081038,0.286547894714591
-1.73878295579246,0.445870914320876,0.317253867152518
-1.73275447914434,0.385882129796995,0.342116263216634
-1.72558542074239,0.321622285805832,0.359306106436982
-1.71690715246001,0.253945535193429,0.367529318901142
-1.7063997638301,0.183573040376328,0.366164095547551
-1.69381545469779,0.111096478444421,0.355267408015944
-1.6789800685967,0.0369923968477812,0.335481979862449
-1.6617817362434,-0.0383601115779239,0.307894327880344
-1.64215336980414,-0.114663255412871,0.273888461275347
-1.62005281494841,-0.191687776911371,0.235021100775585
-1.59544514698648,-0.269262940064622,0.192925389287399
-1.56828878527549,-0.347267190928511,0.14923600795452
-1.53852624736548,-0.425616372986588,0.105522528831522
-1.50608332298806,-0.504246786329573,0.0632190351337782
-1.47087743270306,-0.583091326195034,0.023543460904706
-1.43283765922526,-0.6620497376096,-0.0125901715488182
-1.39193352618093,-0.740956787613355,-0.0446530505360575
-1.34820920646267,-0.819555555806145,-0.07255360844023
-1.30181435933183,-0.897484625579391,-0.0966352620819943
-1.25302146269573,-0.974285449935423,-0.117602393562763
-1.20222392099407,-1.04943205770984,-0.136375750123611
-1.14991309680927,-1.12237643418982,-0.153901897567259
-1.09664145053471,-1.19259746354775,-0.170959025687385
-1.04298357926726,-1.2596396041483,-0.188003497490543
-0.989506040061938,-1.32313062931001,-0.205086438635619
-0.936753718877061,-1.38277648738973,-0.221845713341084
-0.885251850566296,-1.43833588519884,-0.237557149307723
-0.835519572618881,-1.48958301784886,-0.251219105943753
-0.788085456383152,-1.53626377111504,-0.261646381289231
-0.743497011800422,-1.57805261181169,-0.267560342603856
-0.7023125374448,-1.61451187129933,-0.267674134506641
-0.66506471984441,-1.6450592920906,-0.26078204904078
-0.632184001129339,-1.6689520221997,-0.245865608432687
-0.60387344914184,-1.68529968276971,-0.222224865818453
-0.579942809535842,-1.69312566195328,-0.189632631321882
-0.559637307921934,-1.69148914841082,-0.148493026739529
-0.54153348587528,-1.67966415174999,-0.0999695116219754
-0.523588203593201,-1.65733519933743,-0.0460341931817808
-0.503388218583344,-1.62473841956604,0.0106136708041232
-0.47855295870232,-1.58267270465211,0.0667965679572867
-0.447154193549697,-1.53235471794845,0.11926304602585
-0.408002601116695,-1.47516144037351,0.165161346936587
-0.360725823026055,-1.41235721691148,0.202441629700567
-0.305659552085043,-1.34489642668264,0.230062977704507
-0.243632574167591,-1.27334810754152,0.247969809096951
-0.175730549565782,-1.19793128062067,0.25690044459178
-0.103095242707769,-1.11861618251258,0.25813635089724
-0.0267819591914209,-1.03524392279569,0.253281718269028
0.0523263918333247,-0.947631874592764,0.244109497167212
0.133559675110293,-0.855653985519237,0.232459887472454
0.216465823813527,-0.759297042242197,0.220148891376839
0.300786058592325,-0.658699571603236,0.208842946338106
0.386401008392175,-0.55417630191295,0.199875630421192
0.47324953923477,-0.446225834982418,0.194018842753321
0.561229652995898,-0.335515788041826,0.191263758677148
0.65010194718548,-0.222839825739059,0.190698292970535
0.739425512055578,-0.109049115469344,0.190566366109812
0.828552676848598,0.00502996963492702,0.188543797093806
0.916691548853644,0.118671647064322,0.182180816384619
1.00301623447926,0.231301195863463,0.169384280623407
1.08678594641996,0.342509899173361,0.148794653246365
1.16743293595072,0.45203725434758,0.119964114079193
1.24459913985943,0.559732315090765,0.0833292879421451
1.31812401159812,0.6655096121078,0.0400419799675321
1.38800066822573,0.76931162590952,-0.00825394454071474
1.45432221330499,0.87108573951665,-0.0596270102203613
1.51722864707911,0.970776379800251,-0.112006249938613
1.57686431259208,1.06833210981082,-0.163268254166986
1.63333941636692,1.16371920586105,-0.211282271913302
1.68669733558018,1.25693654735888,-0.253944988169433
1.73688074639869,1.3480197307714,-0.289239740388393
1.78370411153661,1.43702854413948,-0.315350175120363
1.82683577539877,1.52400863506175,-0.330841772845863
1.86580659508987,1.60893175264854,-0.334897696845896
1.90005054051274,1.6916218660598,-0.327556222775309
1.92898155257229,1.77169209210944,-0.309863587493929
1.95208909414404,1.84851869623783,-0.2838475291476
1.96902465791906,1.92127541936477,-0.252259031248485
1.97964639841145,1.98902763476827,-0.218116825437084
1.98400650029682,2.05086080641694,-0.184180825473937
1.98228753417092,2.10599845824382,-0.152516707755301
1.97471882217264,2.15387623813762,-0.124269322982174
1.96149783419079,2.19415272265805,-0.0996660274177869
1.94274622415373,2.22667763444102,-0.0781856445630043
1.91849386286508,2.25142742342304,-0.0587918127652471
1.88870275237038,2.26844700360071,-0.0401466896846196
1.8532978972026,2.27778122297798,-0.0207635030071985
1.81223058084695,2.27943629497365,0.000896661137719357
1.76551983761257,2.27331387052725,0.0263463139121422
1.71333382008499,2.2592017381951,0.0569612074986171
1.65600902358695,2.23671668980965,0.0937959985523515
1.5941247415011,2.20537981441699,0.137324205238969
1.52843933918145,2.1646115989551,0.187141635382038
1.45990791751219,2.11395422431961,0.241752204991966
1.38947430325324,2.05308770739962,0.298531371798082
1.31804004052806,1.98212318780083,0.35399811599161
1.24616947966723,1.90145487036111,0.404292305593182
1.17416474967308,1.81198902948347,0.445840824515203
1.10183522450441,1.71473149184721,0.475837461072579
1.0288096694352,1.61101375602759,0.49264701578207
0.954379762935267,1.50192304873848,0.49573494274009
0.877972717399088,1.3886804062652,0.485646750029628
0.798919905910276,1.27202495283663,0.463556174751688
0.716921638620313,1.15278141673152,0.43119598901778
0.631664314509198,1.03125922221272,0.390420121014512
0.543182216213389,0.907901379012747,0.343308329556212
0.451429897170802,0.782776776338967,0.291890150128334
0.356511435481646,0.656121527458768,0.238313040361322
0.258381261154562,0.528029931081037,0.184666565502471
0.156956433877843,0.398764860272653,0.133007266309923
0.0520278008025602,0.268659694566539,0.0851584000903892
-0.0566505686494542,0.138228738489996,0.0425297123384619
-0.169279639939002,0.00814879516660304,0.00586701179005146
-0.285882653132218,-0.120754372874572,-0.024944384254563
-0.406183286860359,-0.247573250364016,-0.0509522420034672
-0.529537523750263,-0.371416565042412,-0.0740068002180675
-0.65495829025982,-0.491516765815707,-0.0964166348018635
-0.781236322677425,-0.607311038560109,-0.120468399035333
-0.907119142954595,-0.718467535826286,-0.147954189325263
-1.03148690575567,-0.824850647052366,-0.179847942988807
-1.15347171663272,-0.926443280746543,-0.216201642679912
-1.27249740725743,-1.02325449886433,-0.256239965916219
-1.38825394309572,-1.11524284178661,-0.298571504617872
-1.50062840890444,-1.20226768188106,-0.341422649323254
-1.60962724415941,-1.28408045948544,-0.382828696368099
-1.71529442127793,-1.36034490821952,-0.420752513000961
-1.81764442071313,-1.43069262824023,-0.453141097898829
-1.91658974571004,-1.49479344931397,-0.47794866299922
-2.01188533219977,-1.55245165166583,-0.493178016120784
-2.10306012214319,-1.60368819384887,-0.496980738696992
-2.18939971389368,-1.64882634918444,-0.487861049681782
-2.26992874258636,-1.68849579443283,-0.464963571771316
-2.34351969592512,-1.72360824680071,-0.428409008611742
-2.40898027193035,-1.75518148093202,-0.379529389002583
-2.46530408339937,-1.78419378516214,-0.320907394219807
-2.5117306624108,-1.81131242763661,-0.256082775032921
-2.54796720772046,-1.83686937134932,-0.189023293934332
-2.57397674088562,-1.86072480595929,-0.123448570238085
-2.59011721213935,-1.88255731965516,-0.062293860889917
-2.59666137421307,-1.90179269450051,-0.00739075169894785
-2.59410421236246,-1.91806576802773,0.0405391508105467
-2.58252957786873,-1.93090650983793,0.081696081474605
-2.56231031217018,-1.94027946189087,0.116936072025596
-2.53322740498866,-1.94588636964045,0.147479083153987
-2.4956409205734,-1.9479425604771,0.17477016803967
-2.44914608838444,-1.94606774845032,0.200268324938238
-2.39429725556121,-1.94051542588384,0.225481525797756
-2.33063219768617,-1.93058236289845,0.251692429502725
-2.25905270821252,-1.9164610173478,0.280040461307455
-2.17914484565187,-1.89709945928566,0.31102033985255
-2.09223218831926,-1.87277247663862,0.344638446231436
-1.99803624392151,-1.84237344390164,0.379773273392388
-1.89824830026266,-1.80661607304073,0.414726990951048
-1.7927218585936,-1.76476642856997,0.446729320381616
-1.68327464383047,-1.71816407706021,0.473125078236453
-1.56975667371695,-1.66651671535085,0.490965355857127
-1.45377331085495,-1.61144299798264,0.498451976294158
-1.33503986256739,-1.55271901696217,0.494159228072649
-1.21473754537332,-1.49168769260882,0.478177978372681
-1.09248439703899,-1.42791760529424,0.450926474008422
-0.969035674905102,-1.36224097247317,0.413936884871175
-0.844062028471005,-1.29411427087932,0.368732457605938
-0.717976668262112,-1.22394334088035,0.317395543923547
-0.590582603362387,-1.15130865917089,0.261861692739264
-0.462021333879495,-1.07637586388579,0.204266979031176
-0.332169362019373,-0.998989939210736,0.146635137544386
-0.20097821920702,-0.919289031847439,0.0909775530894031
-0.068330386601696,-0.837407513019123,0.0391362594336005
0.0658520332078723,-0.753644869885346,-0.00731582093995143
0.201562572470118,-0.668407342472823,-0.0472551172488462
0.338624705275247,-0.582213176751252,-0.0801854121523825
0.476619209239884,-0.495647311257306,-0.106373038231796
0.614846371293249,-0.409301499950431,-0.126868826704928
0.752349219831886,-0.323705298542798,-0.143367843668399
0.888003902109559,-0.239268799128094,-0.157908521916361
1.02065689452286,-0.156256984898504,-0.172479397519156
1.14926700819697,-0.0748029153805201,-0.188645874426996
1.2730078934285,0.00504881753728422,-0.207301819881129
1.39130574202884,0.0832872231909976,-0.228595321481944
1.50381565809136,0.159887929648173,-0.252009585519851
1.61035848723454,0.234786706184331,-0.276534942799118
1.71084736816337,0.307877245330691,-0.300861110130514
1.80522207959457,0.379030151409647,-0.323539111883884
1.89340559439686,0.44812709732911,-0.343094210632997
1.97527654410696,0.515100921368993,-0.358096414261584
2.05066006431934,0.579973094478196,-0.367214003405703
2.11932604594106,0.642876832264138,-0.369278478116683
2.18099888592152,0.704057010618279,-0.363384941497144
2.23537398667018,0.763838626372047,-0.349032671518563
2.28214727949378,0.822565465380718,-0.326286707699128
2.32105296978514,0.880519310636886,-0.295912855141504
2.35191035625829,0.937844414332893,-0.259423985967405
2.37466593068158,0.994503618810507,-0.218982996144739
2.38942706945497,1.05028842360188,-0.177149817032287
2.39647578647553,1.10488027288281,-0.136518547134734
2.39626408829082,1.15793845345661,-0.0993406375169236
2.38939087450262,1.20917522914285,-0.0672365519536893
2.37656404490911,1.25838855067365,-0.0410583054712924
2.35854857040442,1.30544546332815,-0.0209033656467103
2.33610414564898,1.35023323272007,-0.00623295102590672
2.30991800210692,1.39260438585172,0.00396666567722952
2.28054138047496,1.43233681145,0.0110272555453982
2.24833912814034,1.46911785455297,0.0164676705049603
2.21346066929495,1.50255044560817,0.0218866155702835
2.17583446653988,1.53217181891397,0.0288618785927004
2.13518984369654,1.55747866631613,0.0388342293721732
2.09110210677485,1.577953490999,0.0529603541664611
2.04305970135704,1.59309547390426,0.0719363981918055
1.99054525800324,1.60245959658987,0.0958193257867241
1.93311886514204,1.60570614739244,0.123899290999494
1.87048864611184,1.6026561002286,0.154687488702559
1.80254911623917,1.59333580864521,0.186064647254994
1.72937911477366,1.57799443247373,0.215584008210443
1.65119898515095,1.55707984283017,0.240859505113356
1.56830504390721,1.531177412793,0.259932325869931
1.48100244767167,1.50092795267434,0.27151997681022
1.38955515166134,1.46694834409967,0.275104400316503
1.29416100453835,1.42977392067488,0.270876534054464
1.19494868597567,1.38983041544239,0.259593129066696
1.09198919188997,1.34743496867236,0.242408271530211
0.985312652022251,1.30281806264136,0.220724360495099
0.874926502685612,1.2561586094655,0.196081640774673
0.760833761054911,1.20762354737446,0.170081738500689
0.643054158807472,1.15740536645757,0.144325768048039
0.521651760602085,1.10575152756132,0.120342285706714
0.396770234627951,1.0529788020358,0.0994846763770273
0.268673697606507,0.999467917042872,0.0827916106625932
0.137783875423406,0.945634534700323,0.0708252268231851
0.00470040677220511,0.89188012857492,0.0635257830354079
-0.129810068434606,0.83853315446661,0.0601378764016939
-0.264863355782918,0.785798260774372,0.0592600765143648
-0.399539574931113,0.733732644227938,0.0590392606591672
-0.532977049224635,0.682259908321336,0.0574800937243788
-0.664450958051888,0.631217839103252,0.0527928365054239
-0.793415439485277,0.58042310833791,0.0436859526999779
-0.919503004970991,0.529731096928985,0.0295342460205826
-1.04249115487134,0.47907491803075,0.010403701733855
-1.16225392365529,0.428477788316977,-0.0130375451235685
-1.27871646225311,0.378042939257205,-0.0396675151302157
-1.3918230464988,0.327928642412404,-0.0680653742822666
-1.50152231800711,0.278316567126219,-0.0966398603995087
-1.60776676286241,0.229379179846591,-0.12372221649231
-1.71051843163621,0.181249840256578,-0.14763479532407
-1.80975419395567,0.133999341396918,-0.166758448927015
-1.905459784467,0.0876222419800712,-0.179623803873561
-1.99760899979037,0.0420379962231723,-0.185043683906016
-2.08612606384749,-0.00288923361521927,-0.182285260390396
-2.17083837296572,-0.0473112344713375,-0.171253896706548
-2.25143367935516,-0.0913427492837776,-0.152633097769213
-2.32744073295516,-0.135008819621828,-0.127911187882002
-2.39824878270804,-0.178211481547073,-0.0992416274195227
-2.46316917648812,-0.220731394786489,-0.0691358880686045
-2.52152250048902,-0.262266705823352,-0.0400568276985975
-2.572725356468,-0.30249500395527,-0.0140279712334087
-2.61634843715868,-0.341134527534236,0.00763251870848322
-2.65213300243714,-0.377984216768422,0.0244013915488396
-2.67996974854078,-0.412934672171203,0.0364825486913436
-2.69985244238179,-0.445954244657593,0.0446464149829772
-2.71182475652888,-0.477061281292199,0.0500460743255068
-2.71592793738114,-0.506292459265998,0.0540555941528152
-2.71215931179731,-0.533674874706086,0.0581431536844562
-2.70044019306912,-0.559205002514536,0.0637650036733044
-2.68060328884119,-0.582837924722361,0.0722541228130676
-2.65239997692692,-0.604487945574915,0.0846800977025779
-2.61554195273559,-0.62404405782907,0.101674712995573
-2.56976954317134,-0.641398359455715,0.123245415748527
-2.51495388389933,-0.65648665902462,0.148630453133145
-2.45118426161411,-0.669325371092933,0.176264868195618
-2.37884805170536,-0.680040116488404,0.203917054357718
-2.29860153746791,-0.688855511608236,0.228996556189052
-2.21133678231834,-0.696072697954001,0.248976766134434
-2.11798262012984,-0.701994741683013,0.261796246897688
-2.01946630439892,-0.706900049856279,0.266153250787508
-1.9164621489958,-0.710957883566158,0.261582981554939
-1.80953390950039,-0.714277699550944,0.248409727696614
-1.69890580802042,-0.716839812683516,0.227534012969522
-1.58476812089844,-0.718617172032506,0.200266574697801
-1.4670668122236,-0.719504884246413,0.16811266123832
-1.3458020888661,-0.719448663149575,0.132685324990337
-1.22087979486275,-0.718384444201365,0.0956054380544675
-1.09228789565974,-0.716319335934171,0.0584765686133791
-0.960044790820758,-0.713299562866742,0.0228340783492878
-0.824274641742158,-0.709436670329497,-0.00991261625746359
-0.685215523629306,-0.704889595328026,-0.0385799965768322
-0.543248415092149,-0.699854593703294,-0.0623413886655789
-0.398900874092544,-0.694540947776311,-0.0808677267080865
-0.252830169144919,-0.689145680345601,-0.0944332029634657
-0.105778336907647,-0.683831160994726,-0.103933441388454
0.0414935771473717,-0.678714295991885,-0.110778440606946
0.188276491901272,-0.673871277653958,-0.116661854484515
0.333969158414182,-0.669357032914017,-0.123257259312153
0.478104296074123,-0.665231998438393,-0.13192387132595
0.620342147514661,-0.661587394980222,-0.143499250343416
0.760440333252348,-0.658562435884905,-0.158218002068938
0.898214631231265,-0.656351794132519,-0.175747081156467
1.03350356328892,-0.655204852528998,-0.195294729660056
1.16614456286239,-0.655419867629293,-0.215742141491912
1.29596311651457,-0.657334492611157,-0.235759469597705
1.42277086328434,-0.661311510596359,-0.253889649088753
1.54636641547368,-0.667717206577653,-0.268605430280287
1.66653087780918,-0.676888647569493,-0.27836138869842
1.78301048147021,-0.689087343801052,-0.281671275369635
1.89548324621276,-0.704441227635932,-0.277239366770089
2.00351165745367,-0.722882781878311,-0.264157844345987
2.10649354367386,-0.744099247106441,-0.24214888531176
2.20363417118469,-0.767516020423264,-0.211785418028781
2.29396319714825,-0.792329092598133,-0.174589344343188
2.3764131374717,-0.817587289640929,-0.132915117772114
2.44994662449412,-0.842300395438492,-0.0895981226629235
2.5136974928864,-0.865535891352188,-0.0474566529086453
2.56707897235906,-0.886471669471516,-0.0088117823817242
2.60982835565767,-0.904395578298293,0.0248242567640896
2.64199030978981,-0.9186693037998,0.0528315578240627
2.66385840030366,-0.928684387914599,0.0753791221811817
2.67590262783473,-0.933835078041697,0.0932277950687114
2.6786964230491,-0.933517015975298,0.107525580017858
2.67285130025105,-0.927149589402393,0.119640644008097
2.65895225706941,-0.914209055703644,0.131032736325711
2.63750683756114,-0.894266173145003,0.14313582000224
2.60890272080491,-0.867017798809047,0.15721653567958
2.573406927061,-0.832319034413593,0.174189834264072
2.53119573097998,-0.790208909405176,0.194402881582944
2.48244242250301,-0.740936853323256,0.21744143961114
2.42741465819177,-0.684971101063444,0.24203800519395
2.36657610609567,-0.622986639092273,0.266161026607164
2.30061791326883,-0.5558125530555,0.287307168126323
2.23042901282839,-0.484352636718591,0.30294155829152
2.15698476907658,-0.409489632312319,0.310955025705889
2.08122160509239,-0.332007786299895,0.310004812373025
2.00392008735656,-0.252547663483332,0.299655874719934
1.92564698946651,-0.171602265376742,0.280331175412296
1.84674432830995,-0.0895403181794862,0.253136843247772
1.76736340715619,-0.00664203098213281,0.219649398701018
1.68751769223336,0.0768683818260348,0.181728863305646
1.60714456430947,0.160800125794865,0.141388085007879
1.52616793997354,0.244982819080631,0.100715412140202
1.44456175208348,0.32925630535731,0.0618265010647608
1.36241579655318,0.413453397545535,0.0268105901309678
1.27999872439129,0.497365488031362,-0.00236380123960042
1.19780950170827,0.580686073290628,-0.0240075135331287
1.11659369334157,0.662935706235319,-0.0369341941568889
1.03730347467683,0.743386997329502,-0.0407129615868606
0.960981442637207,0.82101901788103,-0.0358766974445251
0.888577688983976,0.894536211757332,-0.0239920878968675
0.820735228968728,0.962469598151874,-0.00751892733592927
0.757609181198878,1.02335124887827,0.010545301566598
0.698778068833832,1.07591748012016,0.0271522041882211
0.643277027483916,1.11928335498745,0.0396811724465281
0.589737968784693,1.15304250421883,0.0462800163359143
0.536588559566141,1.1772749972298,0.0460023821389427
0.482256432248062,1.19247975031951,0.0387558070711352
0.42533480444337,1.19946096397767,0.0251274693251286
0.364689436730054,1.19920433251288,0.006169465732343
0.299503225350366,1.19276682231208,-0.0167907983817357
0.229266794995546,1.18119338346162,-0.0422794546307412
0.1537286763328,1.16546524097785,-0.0687390079539706
0.0728192900956588,1.14647616735594,-0.0945438229494422
-0.0134356253571233,1.12503145580353,-0.118001834814634
-0.104995766618756,1.10185922291828,-0.137382038090518
-0.201862751929423,1.07762342475891,-0.151003951054801
-0.304094312790152,1.05292617183314,-0.157411068256606
-0.411762717132256,1.0282904463358,-0.155623887440862
-0.524855730616647,1.00412180540212,-0.145430706572599
-0.643137940415766,0.98065859882152,-0.127634350149178
-0.766013915657563,0.957930850065851,-0.104148297474224
-0.892450965207138,0.935750043463133,-0.0778500186660894
-1.02101367254606,0.913744179622894,-0.0521679619913815
-1.15002385155245,0.89143288928679,-0.030485467996722
-1.27780343474524,0.868321057604678,-0.0155363612859749
-1.40291553489385,0.843982397470523,-0.00898020237951036
-1.52432306014753,0.818112822552216,-0.0112637462239397
-1.64142973002182,0.790547917045169,-0.0217498960731715
-1.75402126546445,0.761250162270326,-0.0390029969013715
-1.86215442191234,0.730276346432661,-0.0610997480781188
-1.96603875691701,0.697733764986154,-0.0858745171775545
-2.06593739938994,0.663731411878208,-0.111067756849142
-2.16209163551761,0.628330481212464,-0.134396499577034
-2.25466233287036,0.59149989188861,-0.153595340225772
-2.34367875576295,0.553085734641831,-0.166485474481658
-2.42899160232207,0.512807410141324,-0.171120638159704
-2.51023711281237,0.470294185350974,-0.166031671003956
-2.58682814275659,0.425169994172274,-0.150544868891931
-2.65799202836212,0.377178822379613,-0.125089915863742
-2.72286346497867,0.326318909200866,-0.0913641659390782
-2.7806177705146,0.272934019263302,-0.0522212429218503
-2.83060438763386,0.217712054778772,-0.0112341995755484
-2.87243186560852,0.161575786562378,0.0279724162047623
-2.90597288082053,0.105502342122936,0.0624041260353807
-2.93129686372949,0.0503426327272941,0.0901621473541061
-2.94856625794033,-0.0032962374442858,0.110574571982313
-2.95794049698967,-0.0550825847453388,0.124028280773712
-2.95951766820057,-0.104923422122072,0.131637010476433
-2.95331599364558,-0.152895097723254,0.134891792119766
-2.93929486716752,-0.199172130111949,0.135391180340022
-2.91738812560512,-0.243969546546273,0.134683965369626
-2.88755080948197,-0.287500658909779,0.134210482977475
-2.84979272133083,-0.32994325945082,0.135301524514545
-2.80420989039878,-0.371407840566539,0.139188325948456
-2.75099161541331,-0.411902658489282,0.146979235993652
-2.69041816154808,-0.4513002108026,0.159573551462741
-2.62283089760414,-0.489313872754488,0.177503334070536
-2.54859538223269,-0.525502802372497,0.200728804125137
-2.46805164973732,-0.559317500395354,0.228448754208621
-2.38148014152092,-0.590190649740282,0.259015891064723
-2.28908670624256,-0.617653170582937,0.290036287743559
-2.19102420668302,-0.64144089435452,0.318675784052853
-2.08743276951576,-0.661550257429174,0.342105137761374
-1.97849208756724,-0.678225870448969,0.357949935144299
-1.86445295529821,-0.691886735817042,0.364606436353967
-1.7456532919186,-0.703027768523905,0.361354813419034
-1.62250216341558,-0.712125725410741,0.348282767694669
-1.49546388302663,-0.719579107131295,0.326099208178681
-1.36502541046504,-0.725677911056527,0.295919357982409
-1.23168227631048,-0.730608761611051,0.259091960570728
-1.09590894665187,-0.734470211140117,0.21709072934225
-0.958147107399129,-0.737304985678092,0.17147855539796
-0.818770883855931,-0.73912251851193,0.123916367900069
-0.678066420596832,-0.739928701739057,0.0761942501350481
-0.536192508637087,-0.739736678707671,0.0302402484713809
-0.393166034896946,-0.73858158869237,-0.011924892746299
-0.248858418807417,-0.736515176239278,-0.0483261380708514
-0.103040485281636,-0.733599236396432,-0.0772800271542838
0.0445266305135898,-0.729883863118976,-0.0977319389765728
0.193953734067013,-0.725383034739615,-0.109611833318312
0.345075800316645,-0.720048026412846,-0.114078861819143
0.497350807755787,-0.713753773658183,-0.1135062787041
0.649863779827308,-0.706307282138682,-0.111121966685931
0.801455221310781,-0.697483056799708,-0.110366760482698
0.950929621541451,-0.687073505585329,-0.114180748274821
1.09725949412099,-0.674935884871973,-0.124467860203624
1.23971003165761,-0.661017353051105,-0.14188696993971
1.37786295636975,-0.645354331611703,-0.165955264048845
1.51156347456038,-0.628050499317903,-0.195335912607816
1.64083648395921,-0.609243951994064,-0.228163311685016
1.76580860007142,-0.589070403530635,-0.262306278641755
1.88665157016324,-0.567624667084308,-0.295533958732869
2.00354698034318,-0.544921597513289,-0.325600331888267
2.1166604358811,-0.520858705684366,-0.350292226194823
2.22611448032932,-0.495188756250813,-0.367496195518812
2.3319487438876,-0.467515206186675,-0.375332176905708
2.43407122133033,-0.437328647095197,-0.372378403426281
2.53220620140763,-0.404095377055488,-0.357967208545891
2.62586339335514,-0.367394778131564,-0.33247681693612
2.71434914253515,-0.327073248853545,-0.297496953512787
2.79683619669583,-0.283358499716497,-0.255746600348384
2.87247958609663,-0.236875620680876,-0.210694035322758
2.9405462352047,-0.188542375662102,-0.165957080924203
3.00050742024322,-0.139377039748835,-0.124670402458099
3.05206924854134,-0.0902941335801376,-0.0890236410474196
3.09513759528391,-0.0419592295039514,-0.0600845710875098
3.12974863605134,0.00526459269143403,-0.0378925911449284
3.15599736274033,0.0512902723447749,-0.0217163766469134
3.17398711240666,0.0962349105543004,-0.0103499489471627
3.18380722079244,0.140336477763313,-0.00235539701467391
3.18553503980488,0.183879514314892,0.00378748473780012
3.17925077996301,0.227135589430312,0.00961965751617699
3.16505728420588,0.27031503015727,0.0166958649773026
3.14309514541227,0.313523698927438,0.0265850315671526
3.11354883494475,0.35672177970913,0.0408290270110748
3.07664075611163,0.399688438943061,0.0608202290220057
3.03261364171283,0.442004416095871,0.0875814832397358
2.98170862051476,0.483070253020763,0.121471323964881
2.92414716892398,0.522174548138799,0.16188799994498
2.86013339534671,0.55861197495796,0.20709010364607
2.78987929942881,0.59182407593253,0.254256316044033
2.71364886632973,0.621514425292993,0.299844578602428
2.63179706869623,0.64768892701837,0.340189073633445
2.54478252723916,0.670603302994437,0.372155315580595
2.45314337783198,0.690643305284943,0.393639135743869
2.35744871916854,0.708191261819079,0.403774037017377
2.25824506079299,0.72352657989935,0.402847354573351
2.15601628425419,0.736781616485279,0.392032910071046
2.05115758691295,0.74794606254999,0.373075804243481
1.94396155299916,0.756902477688065,0.348030033988576
1.834601357843,0.763473002230293,0.319086765132373
1.72311061046716,0.767467338567628,0.288480431518425
1.60935842488222,0.768725693271485,0.258427010653896
1.49303392015315,0.767156192365616,0.231040711492913
1.37365590515702,0.76276409324848,0.20818393302033
1.25063067557687,0.755670034411251,0.191233941392111
1.1233673340906,0.746109614468244,0.180793208737477
0.991441905486124,0.734408092913283,0.176424240978919
0.854768225945379,0.720928417024102,0.176529231374654
0.713710708099438,0.706003275403793,0.178487233594287
0.569076628717117,0.689872579071972,0.179081583876425
0.421973074008824,0.672652591827281,0.175122001602157
0.273575397011482,0.654349450978174,0.164062556211673
0.124895710725611,0.63491008261234,0.144415207502604
-0.0233706947131137,0.614287831733257,0.115861329959515
-0.170889972365692,0.592500448178776,0.0790979016855285
-0.317643952605758,0.569664845083939,0.0355378928024799
-0.46383488398299,0.546008848414082,-0.0130073013979536
-0.609780337508812,0.521860942735435,-0.0645802531809664
-0.755822423454326,0.49762567724659,-0.117234443035533
-0.902257650382948,0.473746192554333,-0.169106322192664
-1.04928438148903,0.450658176837345,-0.218433056758299
-1.1969575865466,0.428736162498291,-0.263552453464296
-1.34514821681136,0.408239559795188,-0.302918632622805
-1.49350173324534,0.389263697111769,-0.335156435543159
-1.641408564147,0.371710241656719,-0.359164034443724
-1.78799330231067,0.355286889479814,-0.3742496532286
-1.93214467862754,0.339546786773739,-0.380268004328973
-2.07258616420159,0.323962307878045,-0.377702973551691
-2.20798996013907,0.308018161439513,-0.367650033786462
-2.33710338082429,0.291294521448075,-0.351676407008632
-2.45886244953833,0.273515543056151,-0.33158380842931
-2.5724578618175,0.254549893019361,-0.309134106014055
-2.67734873502226,0.234371347647117,-0.285812102437024
-2.77322354842457,0.212999286449055,-0.262677837365064
-2.85994173360283,0.190444328270787,-0.240325697359591
-2.9374617578223,0.166673831417664,-0.218928653309738
-3.00579755148714,0.141605059143331,-0.19833024379559
-3.06497144561268,0.115118970621872,-0.178140794858925
-3.11501776209285,0.0870902599369229,-0.157813741459492
-3.15594246117276,0.0574195656680663,-0.136687222405266
-3.18776174581092,0.0260679264144036,-0.114005494466979
-3.2104198000735,-0.00691911149352644,-0.0889331940243116
-3.22387517846993,-0.0413921071920903,-0.0606011246941534
-3.22793558492728,-0.0770955783117323,-0.0281985790249989
-3.22247915730659,-0.113680171374584,0.00886154735991734
-3.2071661634804,-0.150731498883341,0.0507271556634524
-3.18195392233832,-0.187828327271842,0.0968865387924018
-3.1465547428572,-0.224580063733309,0.146005305799869
-3.10141179323449,-0.260715954184878,0.195964113959014
-3.04654460298269,-0.296043699621126,0.244018090625506
-2.98319050943836,-0.330553212685709,0.287301646505244
-2.91149814022796,-0.364197686803629,0.323119570844318
-2.83335436549136,-0.397117511482072,0.349632249723443
-2.74838040552924,-0.429179272795559,0.36564123899145
-2.65881229453302,-0.460553112665443,0.371229846946599
-2.56323392001541,-0.490865120411259,0.366777032239724
-2.4641350110235,-0.520354454330221,0.353846634370066
-2.35914791401006,-0.548426119010932,0.333663073090552
-2.25085199821458,-0.575481321773001,0.308447037182263
-2.13657936315266,-0.600870738104262,0.279730763965171
-2.01848700074878,-0.625148501671025,0.249789022546023
-1.89446285713202,-0.6478701086844,0.220198128778557
-1.76581397772928,-0.669624705823391,0.1928057077819
-1.63150903303688,-0.690331420474573,0.168780656496632
-1.49227260611403,-0.710478261938967,0.148961496221004
-1.34817819875397,-0.730202918277367,0.133397424462505
-1.20006017976903,-0.749753104124265,0.121443532791562
-1.04883409323733,-0.76915144959037,0.111757833036518
-0.895697513556192,-0.788308828786567,0.102563046078946
-0.741885122758493,-0.80698930345146,0.091978649093981
-0.588552521402793,-0.824890185594388,0.0783889563306542
-0.436651288316258,-0.841711912135447,0.0607239101392711
-0.286881166020722,-0.857229102546315,0.0385945325574742
-0.139705812842276,-0.871334216745093,0.0122768453673594
0.00458547334939354,-0.884051926405289,-0.0174117444159182
0.145799458097687,-0.895527806046919,-0.0492823894084007
0.283767102940025,-0.90599970686322,-0.0819388689055
0.41829055206473,-0.91575864095561,-0.113905963618866
0.549111454060143,-0.925102874689694,-0.14371550821729
0.675896820867654,-0.934286504613685,-0.169960880189314
0.798236431227589,-0.943464150746455,-0.191340278464153
0.915646588702621,-0.952635949501259,-0.206710712907549
1.02757829919931,-0.961602129668208,-0.215168342579381
1.13343031597544,-0.969938608612252,-0.216156752733416
1.23257222402519,-0.977007323651479,-0.209586505118211
1.32438017476899,-0.98200447356824,-0.195931230092077
1.4082897637935,-0.984041480786881,-0.176258867341335
1.4838613611948,-0.982235837305551,-0.152165557620619
1.55085351201092,-0.975788414187514,-0.125607331875379
1.60928978748587,-0.964026075164114,-0.0986579479852824
1.659507633,-0.946409708195,-0.0732476665308676
1.70217417441118,-0.922521428108683,-0.0509421874778579
1.73826024986073,-0.892052449825897,-0.0328034602455765
1.76897151282122,-0.854805650623825,-0.0193435878782099
1.79564400957527,-0.810711960018356,-0.0105555036048239
1.81962201810055,-0.759850055406722,-0.00599079391737775
1.8421379676866,-0.702456129659897,-0.0048575167210558
1.86421162606026,-0.638916215413123,-0.00612291465190473
1.88658148462385,-0.569742560300583,-0.00861873698040497
1.90967122727803,-0.495539892289892,-0.0111543468530104
1.93359516732721,-0.416971798629159,-0.0126421235450222
1.95819625107439,-0.334733331976398,-0.012231723752828
1.98311608623452,-0.249535649553529,-0.00943710521548953
2.00788490887412,-0.162101923782839,-0.00422830978088271
2.03201848642095,-0.0731712578217951,0.00294461222721963
2.05510352929501,0.0164958337738682,0.0112193648815556
2.07685134190578,0.10611749672089,0.0194812710504355
2.09710905632807,0.19490062492891,0.0265848986017327
2.11582848890336,0.282061253188602,0.0315830462565155
2.13300725179847,0.366851002280679,0.0339046413500435
2.14862294782922,0.448583057185964,0.0334419516060991
2.16258077328403,0.526652069854825,0.0305393325371792
2.17468462616099,0.600545051513458,0.0259044544479442
2.18463379398863,0.669843552404546,0.0204774539473716
2.19204038892098,0.734219299913547,0.0152921531269567
2.19645768776279,0.793424984708565,0.0113524010546332
2.19741350974905,0.847281923074179,0.00953378574333025
2.19444098003415,0.89566452082255,0.0105114635244425
2.18710357969664,0.938482140240274,0.0147107428918884
2.17501123068687,0.975659377731297,0.0222772722411523
2.15782508720583,1.00711713884159,0.0330661746497955
2.13525279059835,1.03275946746915,0.0466519785073836
2.10703277609963,1.05246942343969,0.0623615962917361
2.07291604085054,1.06611928062699,0.0793305403255455
2.03264660748087,1.07359332365449,0.0965778348582498
1.9859515860903,1.07482189896365,0.113090447550101
1.93254028668704,1.06981749318446,0.127904651322259
1.8721184419211,1.05870723239983,0.140172708544599
1.80441014246588,1.04175256394551,0.149206827144046
1.7291884426913,1.01935568774652,0.154499109538718
1.64630242309543,0.992049371642099,0.155720921700415
1.55570493267851,0.960478027904684,0.152709933907672
1.45746738929192,0.925368439794498,0.145451997256543
1.35179244426929,0.88750117191467,0.134065838152372
1.23901304806286,0.847679156359897,0.118793642048577
1.11958866634059,0.806701189552245,0.100000205797505
0.99409116108617,0.765335854903468,0.0781790097648793
0.863186822599027,0.724299325432142,0.0539630368926954
0.727609477315057,0.684233098348762,0.028134905701698
0.5881277219736,0.645683475899136,0.00162947764256292
0.445504529582605,0.609081671799763,-0.0244807720397972
0.300453714752469,0.574727834880585,-0.0490284707642271
0.153599376465265,0.542782210379402,-0.070832139634935
0.00544974341652204,0.513268632452035,-0.0888191249520451
-0.143602174506407,0.486093737879983,-0.102182366503839
-0.2932420281297,0.461082403585278,-0.110544751468913
-0.443163762123703,0.438024253858687,-0.114087063600772
-0.592982967771931,0.416721007254468,-0.113588451978537
-0.742164346305666,0.397022964280487,-0.110342227078099
-0.889994048950008,0.378845693009988,-0.105945814453445
-1.0356126650901,0.362165933142286,-0.102009108266133
-1.1780998367523,0.34700326960845,-0.0998570340902865
-1.31658067428756,0.33339789751588,-0.100302344861035
-1.45031905679536,0.321393126283401,-0.103534172804065
-1.57877240102527,0.311025416861898,-0.109124824087039
-1.70160071595323,0.302319459237775,-0.11612418406912
-1.81863733973567,0.295283001298291,-0.123199965468676
-1.92983454223724,0.289896769330974,-0.128791232434609
-2.03519844833273,0.28609845577114,-0.131261738803838
-2.13472186219407,0.283763498267126,-0.129056280375748
-2.22832197940313,0.282689311340016,-0.120869055460922
-2.3157909765329,0.282591562088166,-0.105824052744953
-2.39676742277065,0.283119349725599,-0.0836464172353907
-2.47074053044168,0.283891133984834,-0.0547812358180187
-2.53709151623616,0.28454436534673,-0.0204076902273142
-2.59517026187189,0.284784794884407,0.0176840788328767
-2.64438630707434,0.284418927036172,0.0573411625898708
-2.68429117727629,0.283359953056152,0.0963600735757856
-2.71462758850091,0.28160782643255,0.132778615033122
-2.73533519751611,0.279213458368419,0.165078108101674
-2.74652205367166,0.276240468759213,0.192267866437511
-2.74841276144149,0.272734163365384,0.213864748255361
-2.74129961762476,0.268703423543295,0.229805317006613
-2.72549702995349,0.264114226555563,0.240330146899813
-2.7013230667735,0.258894026724094,0.245873082821273
-2.66907827730683,0.252940736456662,0.246970503695039
-2.62906422194086,0.246138136435877,0.244201103444263
-2.58156088149161,0.238368309441106,0.23814607845758
-2.52688195712826,0.22953182351212,0.229375818227783
-2.46530265553617,0.219555176816142,0.218433586844181
-2.39718928214594,0.208415710366509,0.205843500466716
-2.32278950662742,0.196131919834868,0.192081167181321
-2.24255310810042,0.182797013681623,0.17759310090297
-2.15662450558134,0.16853166671747,0.162728833265582
-2.0655542904699,0.153533833216921,0.14778653147101
-1.96931555530396,0.137977335156829,0.132900205655462
-1.86853818965762,0.122082969608174,0.118128685002657
-1.76309048493514,0.105979859982464,0.10332207552004
-1.65360272481569,0.0897871987510603,0.0882432024173103
-1.54005995756839,0.0734981546071597,0.0724733320144422
-1.4230357921646,0.0570525817711699,0.0555390898289377
-1.30279484758191,0.0402948487635642,0.0369122085668889
-1.17988702672483,0.0230319773487876,0.0161302069232429
-1.05478843826869,0.00505251529102945,-0.00713007606040776
-0.928037529996874,-0.0138308930842807,-0.0329571256568146
-0.800130563145406,-0.0337558220117639,-0.0611418676063919
-0.671514932798652,-0.0547955032084674,-0.0911433004347018
-0.542558813899938,-0.0769612259461987,-0.122088788582667
-0.413539762059014,-0.10021984266819,-0.15280441274342
-0.28463944289065,-0.124522871430009,-0.181870666762495
-0.155947101891342,-0.14984256033205,-0.207703274933326
-0.0274719836012156,-0.176209239077777,-0.228664594530737
0.100830855855056,-0.203743236631857,-0.243213903720162
0.22901736746271,-0.232672982782255,-0.250098839037426
0.357093163026949,-0.263330425830705,-0.248573233999865
0.484941383445723,-0.296117365902233,-0.238600467603145
0.612257415575223,-0.331443661085639,-0.220977109562194
0.738514509856855,-0.369649292529856,-0.197307171564394
0.862980116087265,-0.410932241589017,-0.169789443978571
0.984785238322077,-0.455305289800431,-0.140846474523737
1.10302557408691,-0.502593591088142,-0.112693416250038
1.21685954314527,-0.552467127064078,-0.086975436757357
1.3255719231008,-0.60448816842968,-0.0645719989962339
1.42859197253638,-0.658153277536912,-0.0455955855101358
1.52547534429118,-0.712919135186231,-0.0295439259287399
1.61587035918859,-0.768214031347036,-0.015530459595336
1.69948708809311,-0.82344361925645,-0.00252082840673298
1.77607939927756,-0.877999297025314,0.0104722646614942
1.84543994526744,-0.931271968903454,0.0242556469790046
1.90740275790874,-0.982668942391024,0.0393827654739359
1.9618465798318,-1.03162904247644,0.0561295894596706
2.00869458879227,-1.07763313062543,0.074504432213928
2.04790998616618,-1.12021066091312,0.0942787234891418
2.07948878473771,-1.15894445478076,0.115029564165398
2.10345299912655,-1.19347664764929,0.136188257624236
2.1198457538861,-1.2235161559676,0.157091119917419
2.1287297502445,-1.2488464857703,0.177029597889789
2.1301904222696,-1.26933211722104,0.195296793432446
2.12433988734952,-1.28491927296794,0.211227062848617
2.11132424308009,-1.2956319935714,0.22422657086575
2.09132822519098,-1.3015610604938,0.233793144335207
2.0645794064747,-1.30284932012366,0.239526163475534
2.03134841405399,-1.29967407423771,0.241128077533484
1.99194580388249,-1.2922294355523,0.238400428272976
1.94671613363516,-1.2807107315391,0.231237470473983
1.89602994104185,-1.26530214641583,0.219620092668919
1.84027285342292,-1.24616690622695,0.203611802172504
1.77983847560483,-1.22344359644367,0.183358853396975
1.71511550469061,-1.1972413615375,0.159093860169024
1.6464856029559,-1.16764425653784,0.131145283352512
1.57430844818745,-1.13470848179731,0.0999498415601339
1.49892457969922,-1.09847350227778,0.0660707609524706
1.42063688092651,-1.05896032347001,0.0302160293616186
1.33971279287575,-1.01618699508247,-0.00674301663168148
1.25636560250936,-0.970171433882431,-0.0437625862173045
1.17075285658647,-0.920948002453653,-0.0796339566369114
1.08296789278884,-0.868577081049369,-0.11302129417288
0.993048237812685,-0.813160301726425,-0.142541909932424
0.900995908617113,-0.754850911375062,-0.166897206258442
0.806819006629541,-0.693859656860216,-0.185050598517563
0.710591252292666,-0.630450088363065,-0.196428428853433
0.612519925415411,-0.564919964346594,-0.201095895575855
0.513002537395402,-0.49756832605368,-0.199843112281444
0.412648786985996,-0.428654384296463,-0.194122680558544
0.312251182583871,-0.358361090132428,-0.185819269321059
0.212705893141716,-0.286779403005311,-0.17689377285408
0.11490698225648,-0.213926293852916,-0.168998315420276
0.0196472936182233,-0.139798784740643,-0.163169954748877
-0.0724474098070124,-0.0644522053465571,-0.159673950981048
-0.160942907571809,0.0119234108816309,-0.158007387321919
-0.245587829717172,0.088963215204337,-0.15702675360323
-0.326285305051784,0.166153105494842,-0.155147207956356
-0.40305343422966,0.242925850819079,-0.150571541424345
-0.475976289878036,0.318795896818434,-0.141526327681447
-0.54514560800575,0.393474350726193,-0.126496712640793
-0.6105980317444,0.466910772514749,-0.10445243927944
-0.672259043311627,0.539243375653545,-0.0750451192046488
-0.729908551932733,0.610680768376855,-0.0387375385622932
-0.783182084690786,0.681364011662857,0.00318470822937407
-0.8316130672313,0.751259373930588,0.0487534621239962
-0.874708642512744,0.820115604410284,0.0955987315343963
-0.91203669808089,0.887491398270125,0.14130313909598
-0.94329711682539,0.952833134172482,0.183732241936918
-0.968357826141921,1.01556926819443,0.221257351985172
-0.987251680620369,1.07519024136954,0.252836715890883
-1.00014512948011,1.13129719651871,0.277973804163206
-1.00729503658226,1.18361735571034,0.296601718245126
-1.00900862485815,1.2319945659851,0.308945749653609
-1.00561387013436,1.27636522612228,0.3154012102503
-0.997442919519391,1.31673003439263,0.316445236914566
-0.98482465626558,1.35312589687038,0.312585197956774
-0.968083327802967,1.38560193308013,0.304337814584589
-0.947538394395107,1.41419907806268,0.292228382926418
-0.923502868865012,1.43893317591372,0.276799208341694
-0.89627878386159,1.45978170380678,0.258617710347491
-0.866149838014251,1.47667516099827,0.23827688317816
-0.833370996837283,1.489492519807,0.216382754886205
-0.798159266500275,1.49806560341216,0.193527141866718
-0.760687044305108,1.50219118846532,0.170245432882883
-0.72108231122767,1.50165241742642,0.146962913453185
-0.679440215602193,1.49625150259593,0.123936939587976
-0.635842795021923,1.48584239998605,0.101204759699159
-0.590392391859168,1.47037396717039,0.0785536402172775
-0.543237666538628,1.44990496820954,0.0555255848212544
-0.494606467823733,1.42463465104622,0.0314736443317225
-0.444799211428769,1.39485473184303,0.00566367337135303
-0.394195374358704,1.36096425661318,-0.022582044197869
-0.343197048181269,1.3233438878251,-0.053738383159897
-0.292218397850559,1.28238779494596,-0.0879483470775207
-0.241620338797184,1.23836437857503,-0.124944722727534
-0.191707238087756,1.19147409077919,-0.164028469166153
-0.142697329600811,1.14178271213033,-0.204092448717457
-0.0947286240751251,1.0892794778437,-0.243682785068181
-0.0478575277954851,1.03388774847303,-0.281074089604645
-0.00206665896889404,0.975517011112981,-0.314362353421659
0.0427249670429642,0.914106427970818,-0.341578554770427
0.0866414582636214,0.849674971591379,-0.360841953057989
0.129813189666869,0.782366354421422,-0.370565307673348
0.172319425744044,0.712482292903141,-0.369707478225028
0.214115218615256,0.64049164972016,-0.35803386942984
0.254960642225755,0.567004793397492,-0.336305680696118
0.294381527986074,0.49270954848793,-0.306297680071564
0.331689640619801,0.418280953332383,-0.270573063839257
0.36606987387917,0.344292120840248,-0.232031464890749
0.396709607973508,0.271156595117366,-0.19335467955723
0.422923263560111,0.199120410527557,-0.156533794826567
0.444229318287058,0.12829921860832,-0.122623651353502
0.460364782079902,0.0587394446031324,-0.0917629821981579
0.471251668207247,-0.00952049337524386,-0.0633934307716567
0.476943187428228,-0.0764052103240067,-0.036563128980632
0.477573438811576,-0.141779523059928,-0.0102142213164624
0.473321330436652,-0.205447063364373,0.0166020582107326
0.464387599921687,-0.267167634957513,0.0445954167011203
0.450977712170589,-0.32669109287837,0.0741769654068562
0.433283959782074,-0.383804704525712,0.105446274774462
0.411465435734814,-0.438385259024817,0.138204933283405
0.385632183304654,-0.49043765159596,0.171986137650827
0.35584364310291,-0.540096374304305,0.206098192830618
0.322127606453746,-0.587577509967698,0.239682075159704
0.284515309434502,-0.633095925143368,0.271779473091444
0.243079462105271,-0.676784701107805,0.301402974926762
0.197962487794794,-0.718651393029864,0.327599627913198
0.149389503192739,-0.758581906116853,0.349502666186671
0.0976671704999375,-0.796378628326868,0.366369677705121
0.0431725636022915,-0.831811320724683,0.377607716725983
-0.0136641728194501,-0.864662831251497,0.382786272065124
-0.0723801286249047,-0.894760809124152,0.381639954849259
-0.132500161294481,-0.921993935044,0.374063820001648
-0.193555427761566,-0.946315052825304,0.360104865806544
-0.255098395729727,-0.967735064200593,0.339953362744957
-0.316713886676091,-0.986311915039575,0.313937362769346
-0.37802635580665,-1.0021362829493,0.282521883293361
-0.438704729871874,-1.0153171347597,0.246314006311827
-0.498465542976723,-1.0259657803727,0.20607205786936
-0.557075850640984,-1.03418019605027,0.162716383657329
-0.614355834435517,-1.04002810681263,0.117335741569084
-0.670180579639451,-1.04353002552432,0.0711813288531237
-0.724479276032714,-1.04464373206785,0.0256381289687379
-0.777228582229104,-1.04325285475313,-0.0178374133772097
-0.828438827279144,-1.03916730834063,-0.057821254157553
-0.878128257690987,-1.0321370478463,-0.0930678150175901
-0.926291222462942,-1.02189089349964,-0.122684225957891
-0.972857219369725,-1.00818909798411,-0.146300272021817
-1.01765619376399,-0.990889256925911,-0.164184442601432
-1.0603949667302,-0.969999858778768,-0.177251797223987
-1.10066211902269,-0.945708512959038,-0.186930270201923
-1.1379583749578,-0.918363406489837,-0.194895008701032
-1.17175283641382,-0.888416336658164,-0.202733596292946
-1.20154082603739,-0.856337644756555,-0.211633106301902
-1.22689299498064,-0.8225362001158,-0.222171315386151
-1.24747751147909,-0.787300460061697,-0.234247668797616
-1.26306061857961,-0.750775321492637,-0.247140221828999
-1.27349079627128,-0.712970193664061,-0.259642225353701
-1.27867872184447,-0.673791705058332,-0.270230074535272
-1.27858041034511,-0.633093200006641,-0.277231603143133
-1.27318579523704,-0.590736325705503,-0.278986896192001
-1.26251189119157,-0.546662329810632,-0.274010356190194
-1.2465959499673,-0.500966996121992,-0.261164528815017
-1.22548539290349,-0.453965897369405,-0.239842110793858
-1.19922411735169,-0.406227046584551,-0.210126922275825
-1.16783684267199,-0.358543385981479,-0.172881170453084
-1.13131504377556,-0.311828370948823,-0.129705331994258
-1.08960876896447,-0.266947762710195,-0.0827506501930006
-1.04262768026161,-0.224538496381968,-0.0344208010930006
-0.990256884649951,-0.184887403236122,0.0129552569734706
-0.932390000473518,-0.147923719193385,0.0573933129838754
-0.868974233354706,-0.11332434077402,0.0974152472416367
-0.800052717944534,-0.0806748021369645,0.132094755247762
-0.72578704778533,-0.0496116409455786,0.161011366152043
-0.646454117570275,-0.0198998644852488,0.184149755352991
-0.56242293981133,0.00855775059774616,0.201781696481717
-0.474123434599418,0.0357553377755658,0.214360298649076
-0.382016389118803,0.0616346271549384,0.222443325614517
-0.286567882526051,0.0861328168782679,0.226648467595897
-0.188227735933455,0.109219045298177,0.227632713317344
-0.0874104564304314,0.130917056184594,0.226082104774223
0.0155212674741277,0.151313975251698,0.222697440011235
0.120268314574974,0.170555571317631,0.218164455193723
0.22659789498444,0.188828837882848,0.213102776699962
0.334332598393727,0.206334063192613,0.207995113622269
0.443322378694142,0.223250664146956,0.203105683610226
0.553400099984949,0.239703642086445,0.198404368968886
0.664327106696573,0.255738626236457,0.193518004006203
0.775742077160507,0.271312828194716,0.187731621291809
0.88713012661429,0.286305450816125,0.18005644143415
0.997826975529203,0.300545577111165,0.169366905127534
1.10706356598075,0.313850132160903,0.154588022738998
1.21404165814103,0.326061246186916,0.134894406612499
1.31801885867382,0.337073185472494,0.109874761842118
1.41837967429788,0.346843486328866,0.0796263929893139
1.51467489918675,0.355387622500339,0.0447682244258999
1.60662778887558,0.36276125474301,0.00638645945523267
1.69411255333718,0.369034472844807,-0.0340595287383702
1.77711980193041,0.374263174956992,-0.0748443441018317
1.85571532820382,0.378460321036093,-0.114082554932293
1.92999951084628,0.381571172581947,-0.14983425575137
2.00006622177771,0.383456747994981,-0.180222144224626
2.06595807519405,0.383891305219933,-0.20357456809514
2.12762174724942,0.382581397621276,-0.218600914620511
2.18486449478857,0.379210355518524,-0.224585928877485
2.23732648453239,0.373506803420936,-0.221563544084962
2.28447910904511,0.365323371253819,-0.210407458497286
2.32566463862413,0.354701990279486,-0.19277458158695
2.36017004036774,0.341897684911012,-0.170870383908252
2.38732262238589,0.327345319397121,-0.147071710811495
2.40657185184412,0.311575644831649,-0.123507830570675
2.41753799110978,0.295111297209124,-0.101725796422294
2.42000912313241,0.278377886405138,-0.0825292034374532
2.41390687259017,0.261656016982707,-0.0660066517325398
2.39923100042776,0.245076716143172,-0.0516988002298488
2.37601621430201,0.228649858730513,-0.0388247041908975
2.34429943892712,0.212306830249042,-0.0264967638503338
2.30411330577376,0.195945078859121,-0.0138831626918693
2.25548669394324,0.179465717117422,-0.00030629013922151
2.19845965816186,0.162803653339839,0.0147136464369335
2.13309193870965,0.145949672473071,0.0314512565806825
2.05947505989024,0.128966444219991,0.0499857611133498
1.97773331897492,0.11199673631271,0.0702131823404912
1.88802642431411,0.0952625632750645,0.0918536221401949
1.79054504683031,0.0790521297586446,0.114453157376557
1.68551182792037,0.0636946339428731,0.13738661909381
1.57318222645435,0.0495257177713825,0.159870015263926
1.45385356284654,0.0368515157555793,0.180991531902055
1.32787967058422,0.0259214294886037,0.199765168494918
1.19569278504299,0.0169189362139308,0.215204694852403
1.05783202283889,0.00997411520954509,0.22640900708539
0.914973122720905,0.0051930358452279,0.232645159778673
0.767953031565489,0.00269119537552146,0.233415055838609
0.617775614358223,0.00261501660711724,0.228494429390299
0.465587553009876,0.00513990002503482,0.217940072478706
0.312619149195035,0.0104441306821977,0.202069510003699
0.160097730347617,0.0186694391794597,0.181424444503777
0.00915296544021836,0.0298844568366332,0.15673178471033
-0.13926420945914,0.0440641128709831,0.128872223016225
-0.284434253200296,0.0610894176386087,0.0988580978512592
-0.425889012730942,0.0807638023428035,0.0678139240838582
-0.563403150791402,0.102838002329907,0.036947083571985
-0.696963412537589,0.127035485233628,0.00749503855967562
-0.826720091035583,0.153072665541587,-0.0193607154811003
-0.952922901735808,0.180670879954039,-0.0426146717349543
-1.07584313884063,0.209559341828286,-0.0615785532170654
-1.19568832294123,0.239470328770858,-0.0760153093854102
-1.31252173830375,0.270129581611342,-0.0862252009640586
-1.42620489864832,0.301246323927799,-0.0930426425645245
-1.53638008611245,0.332507593249864,-0.0977200995051273
-1.64250247735202,0.363580586767181,-0.101710000766269
-1.74391417126517,0.394123527818181,-0.106393766826908
-1.83993975131456,0.423802614124208,-0.112828871417575
-1.92997421907026,0.452309854369139,-0.121577005969875
-2.01354429510923,0.479377801335709,-0.132644111445066
-2.09033125410568,0.504788137128572,-0.145524386075433
-2.16016229064301,0.528375124778297,-0.159315044310582
-2.2229791310388,0.550025132687211,-0.172862668634962
-2.27879663130863,0.569674144650354,-0.18491145589349
-2.32765969197244,0.587302834597799,-0.194238344712096
-2.36960154742821,0.602926980791728,-0.199771292687763
-2.40461059966023,0.616581484410222,-0.200691953152164
-2.43260394411081,0.628295138207885,-0.196520902441057
-2.45341587420049,0.638058527950882,-0.187177871592456
-2.4668005999831,0.645789111857337,-0.173003405296854
-2.47245463083047,0.651302844806601,-0.154729527918701
-2.47005244865299,0.65430019240521,-0.133395439534748
-2.45929330924771,0.654373343297651,-0.110219872860315
-2.43994675249247,0.651033430524356,-0.0864553277066173
-2.41189172829317,0.643752403042951,-0.0632551893262913
-2.37514189054441,0.632009683867547,-0.041578091243524
-2.32985889602465,0.61533604377074,-0.0221396556937124
-2.27635408202125,0.593349554655699,-0.00540664737558706
-2.21508418241252,0.565783633878911,0.00838064418415353
-2.14664199869525,0.532508618638448,0.0191739546913627
-2.0717441101208,0.493549295696702,0.0270832084771996
-1.99121271269403,0.449098247978344,0.03235037306952
-1.90595036160919,0.399522922438466,0.0353328808243678
-1.8169049838099,0.345361626339602,0.0364947626368562
-1.72502767747125,0.287303860148428,0.0364016547238049
-1.63122675199607,0.226151821014512,0.0357149566170921
-1.53632639417397,0.162764580037401,0.0351802561667179
-1.44103712298944,0.0979911823196103,0.0356049266853501
-1.34594404896449,0.0326033231763855,0.0378195956343603
-1.25151350588405,-0.0327602733737644,0.042618402436301
-1.15811336224693,-0.0976271632597384,0.0506749952378746
-1.06603862352836,-0.161695767602538,0.0624366704184467
-0.975532505347921,-0.224810595574605,0.0780087194733824
-0.886796035640319,-0.286913695988099,0.0970535456045984
-0.79998468873113,-0.347983805816532,0.118739545301383
-0.715196498202183,-0.407978616000748,0.141775256006084
-0.632461405285002,-0.466795833229977,0.164548114223931
-0.551741317526008,-0.524263103172254,0.185354630734288
-0.472946220175342,-0.580156949057527,0.202672552413575
-0.395963322362106,-0.634240206766071,0.215404882916522
-0.320690145057006,-0.686302435807346,0.223034216136838
-0.247060639861882,-0.736190072516542,0.225659040872927
-0.175056955848683,-0.783820300717461,0.223922368141782
-0.10470556932364,-0.82917981671147,0.218868001580762
-0.0360616106435456,-0.872313085821535,0.211764057367363
0.0308122741921257,-0.913304079456765,0.203923101817616
0.095866059142004,-0.952253312082253,0.196534944923258
0.159076390143523,-0.98925066998503,0.190520287439498
0.220451587142551,-1.02434558255286,0.186413694781792
0.28002689845454,-1.05751749632463,0.184289338477761
0.337851806036788,-1.08865441774714,0.183747434398366
0.393973098385499,-1.11754627903752,0.183975079127084
0.448418793051475,-1.14389893620384,0.183881060290752
0.501187390976827,-1.16736745894215,0.182282474201252
0.552244847838588,-1.18760049334054,0.178102362545785
0.601529111569408,-1.20428404205361,0.170532547492855
0.648959623724039,-1.21717328444265,0.159127853847899
0.694448205814585,-1.22610615793804,0.14382135402566
0.737909344909942,-1.23100110201111,0.124873956015314
0.779267348277188,-1.23184228468725,0.102784800382832
0.818460895894508,-1.22866093451612,0.0781912115677224
0.855445024409265,-1.2215176689953,0.0517795478026423
0.890190931476388,-1.21048861037432,0.02421823827707
0.922684578158372,-1.19565673215811,-0.00388449374352032
0.952924134488301,-1.17710704487388,-0.032001528976136
0.9809180528272,-1.15492629244428,-0.0596919353989132
1.00668114949886,-1.12920175228832,-0.0865961747461583
1.03023291662042,-1.10002339422079,-0.112425985444318
1.05159488309425,-1.06748422641993,-0.136952154215685
1.07078862574926,-1.03168030098621,-0.159991981425233
1.08783528952744,-0.992710852035227,-0.181397384774434
1.10275484037784,-0.950676456861003,-0.201043761793855
1.11556703511614,-0.905677277616879,-0.218819943972362
1.12629341836571,-0.857810708769168,-0.234619451887133
1.13496001855272,-0.807168479235113,-0.248333590427848
1.14160212510352,-0.753834905100386,-0.259847606515886
1.14626898118349,-0.697885290642792,-0.26904078437833
1.1490297398122,-0.639386599584046,-0.275791976820696
1.14997890405576,-0.578400146925914,-0.27999102037622
1.14924015657255,-0.514986604223658,-0.281555626934805
1.14696806077577,-0.449213469633207,-0.280452032310769
1.14334594039536,-0.381163689857988,-0.276715784265984
1.1385798186198,-0.310944091667712,-0.270468007712646
1.13288858594956,-0.238691508725168,-0.261921928843984
1.12649162388639,-0.164574521439727,-0.251375271722348
1.11959602840247,-0.0887892815992636,-0.239186265061006
1.11238617159876,-0.0115489588492465,-0.225734050767031
1.10501817315728,0.0669323532348592,-0.211367504308847
1.09762113691483,0.146459112367536,-0.196349157522819
1.09030632183652,0.226873995159863,-0.180802631622848
1.08318372859404,0.308074009301607,-0.164672475738003
1.07638431849855,0.390018966551927,-0.147705076172193
1.07008445796065,0.472728087135686,-0.129458353387904
1.06452718204607,0.556260508175798,-0.10934600705142
1.06003325315939,0.64067626805323,-0.0867183078442175
1.05699313372898,0.725976411949381,-0.0609748494110364
1.05583233461373,0.812025966569291,-0.0316956067632834
1.05694672969672,0.898471219934754,0.00123304561584653
1.06061370798621,0.984671745306414,0.0375267722286617
1.06689714902469,1.06967298177683,0.076473774899887
1.07557426316075,1.15224109069601,0.116983440672263
1.08611165083217,1.23096404881396,0.157710280496364
1.09770557783726,1.30439951493695,0.197229712490602
1.10937825819153,1.37123047228904,0.234226542677492
1.12010330795122,1.43038895358486,0.267652457120882
1.12892590902827,1.48112289452735,0.296818188132615
1.13505085911789,1.52300374819907,0.321406833182886
1.13788649431586,1.55588929419662,0.341418181016751
1.13704763166918,1.57986340221272,0.357070410328148
1.13232881144025,1.59517105411208,0.368689738599688
1.12366294867526,1.60216196610252,0.376613343844703
1.11107624655215,1.60124623671371,0.381119778759218
1.09464933124054,1.59286473962478,0.382392030145688
1.07448625458724,1.57746844742098,0.38050968876916
1.05069442464528,1.55550644077199,0.375464293611627
1.02337284945459,1.52741748275447,0.367189174567176
0.992608184305033,1.49362529719561,0.355596376343528
0.958474287261811,1.45453350845595,0.340613011366025
0.921035968541341,1.41052396626693,0.32221281634682
0.88035195392593,1.36195363952372,0.300438263181612
0.83647922452769,1.30915523852051,0.275412945047189
0.789474269959909,1.25243594590487,0.247342920715222
0.739395804746211,1.19208145459701,0.216510083224922
0.686302888829542,1.12835559030675,0.183257374443797
0.630257757317379,1.06150922543911,0.147971270741684
0.571320923650431,0.991777761087711,0.111059609379052
0.509557345723465,0.919396620693083,0.0729326913171935
0.445029734292416,0.844594652892354,0.0339826530394312
0.377807799180817,0.767613344995634,-0.00542958519568622
0.307962954587221,0.688699430826462,-0.0449850686833347
0.235575952703378,0.608119575129694,-0.0844086984375292
0.160735101421313,0.526156650916694,-0.123464532616141
0.0835391462182185,0.44311478026939,-0.161942868363427
0.00409684993356457,0.359317467471384,-0.199639677464555
-0.0774735385658347,0.27510577860485,-0.236329673954569
-0.161046154514009,0.190833387865147,-0.271734317491786
-0.246490286873407,0.106859703005462,-0.305487155924444
-0.33367434738396,0.0235406852944019,-0.337099299813305
-0.422471416140846,-0.0587821541195681,-0.365929112355048
-0.512766892815051,-0.139793465364581,-0.391162136697325
-0.604468643302233,-0.219214262445295,-0.411810230080764
-0.697518565397044,-0.296807125977758,-0.426741746977045
-0.791901179231822,-0.372371601889807,-0.434756148480891
-0.887639920472038,-0.445725025316649,-0.434713842351411
-0.984766074180345,-0.516666735445657,-0.425721135106273
-1.08324402298796,-0.584930523494887,-0.407349053445215
-1.18284760372847,-0.650140867675257,-0.379836496513939
-1.28300882891039,-0.711797164626771,-0.344204012990385
-1.38269669052411,-0.769308728272028,-0.30220540596677
-1.48040185113328,-0.822083375895455,-0.256084729247119
-1.57427807220256,-0.869641870812465,-0.208180984862388
-1.6624182350912,-0.911708176834488,-0.160494840302103
-1.74316922020069,-0.948234057611979,-0.114356481501603
-1.81536660697027,-0.97935062414933,-0.0702911888962296
-1.87841776435482,-1.00527578542836,-0.028096776017845
-1.93223943228171,-1.02622014001236,0.0129258160040666
-1.97710767039576,-1.04232162879603,0.0536772371426098
-2.01349142077474,-1.05362128757356,0.094976970386424
-2.04191302805152,-1.06007382592325,0.1373413121378
-2.06285717003138,-1.06158334899975,0.180844336095972
-2.07672295876085,-1.0580496678078,0.225067854008839
-2.08381327434013,-1.04941561238965,0.269137468556373
-2.08434587525667,-1.03570323513282,0.31183239631442
-2.07847914971273,-1.01703338330866,0.351746639917482
-2.06634071442803,-0.993624485753896,0.387468725524177
-2.04805371848032,-0.965774248700751,0.417744614034373
-2.02375478187286,-0.933830554112762,0.441594586576016
-1.99360317416257,-0.898160725405888,0.458370081697387
-1.95778263698612,-0.859126327581282,0.46775321423261
-1.91649767005687,-0.817066741896057,0.469713990215037
-1.86996878955656,-0.772292387677106,0.464445907352576
-1.81842711757117,-0.725084569544268,0.452297986840521
-1.7621108222484,-0.675699566825207,0.433716274574903
-1.70126226083062,-0.624373715621309,0.409200575607802
-1.63612667075195,-0.571328206965056,0.379277568511515
-1.56695075774751,-0.516772319170081,0.344487667430198
-1.49398233600829,-0.460905574552646,0.305382427708573
-1.41746894537704,-0.403918587055356,0.262528470809263
-1.33765751146835,-0.345993614589623,0.216515410728208
-1.25479046575004,-0.287304155599732,0.167964634609788
-1.16910958595525,-0.228017157375112,0.117539474922551
-1.08084255356215,-0.168291361977979,0.0659507918214288
-0.990216689158921,-0.10828329207084,0.0139636793004101
-0.897435096320406,-0.0481461105500825,-0.0376056221835577
-0.802694548032434,0.0119623330101632,-0.0878957512864438
-0.706167659334736,0.0718762175646468,-0.13601850869406
-0.608016207392425,0.13141404959029,-0.181088178078147
-0.508391968638197,0.190372259007181,-0.222264109227657
-0.407451796371242,0.24851988572049,-0.258806496257162
-0.30537383637087,0.305595676697674,-0.290139734389969
-0.202379688343367,0.361309740241346,-0.315915608444959
-0.0987571784845708,0.415350104007188,-0.336062768297092
0.00511908926035511,0.467394604164844,-0.350808248540176
0.108774659870958,0.517126249707936,-0.360657724477089
0.211632804199678,0.564250006600914,-0.366328568263503
0.313024035840979,0.608507635047564,-0.368638958842329
0.412205398043054,0.649688346323816,-0.368366888944695
0.508385227944004,0.687634027232799,-0.366099180862529
0.600748816587457,0.72223877811226,-0.362091522149633
0.688482456879642,0.753442960295493,-0.356157734930597
0.770796671682878,0.781221376621618,-0.347604347854386
0.846951687458012,0.805563811720038,-0.335229341422635
0.916288374742396,0.826446009131797,-0.317412392407117
0.978264881231862,0.843791265190226,-0.292330756073201
1.03249254074177,0.857427375051899,-0.258324946020308
1.07875908752701,0.867052313246959,-0.214394520466876
1.1170237075408,0.872226381418293,-0.160719380942104
1.14737883806906,0.872405758768334,-0.099009131954919
1.16999654821284,0.86701410592032,-0.0324596888017996
1.18510429468916,0.855526980184231,0.0347795844799866
1.19303731983348,0.837537883540947,0.0984820342151796
1.19437294375325,0.812794376006436,0.155220564864262
1.19008686811841,0.781220666114733,0.202913423889268
1.18163186015991,0.742946823576929,0.240909155665875
1.17086260159007,0.698339443350109,0.269705834628722
1.15980999613123,0.648005582493256,0.290507517940034
1.15038549060469,0.592745248694143,0.304797344292494
1.14412502668944,0.533458362637493,0.314022231874866
1.14204630970469,0.471037623908374,0.319405720163772
1.14463161372711,0.40628260826777,0.321863713143218
1.1519005625067,0.339854079831327,0.321988538309309
1.1635232166773,0.272267857424745,0.32007440990038
1.17893460333888,0.203915624397408,0.316168156144376
1.19743142648709,0.135097857079744,0.310136333229424
1.21824646878829,0.0660572230463948,0.301741850549938
1.24060384878735,-0.00299411329430186,0.290722261138548
1.26375972063912,-0.0718554964560214,0.276860468674895
1.28703117588021,-0.140326443392973,0.260038857058349
1.30981544826864,-0.208200867694744,0.240270975379183
1.33159935378628,-0.27526459011382,0.217709054376641
1.35196086576836,-0.341294392462636,0.192630676556566
1.37056399234837,-0.40605761630948,0.165410835870006
1.38714942820228,-0.469312044118037,0.136487039064688
1.40152320632666,-0.530806203010748,0.106324426309785
1.41354491038004,-0.590280238905832,0.0753861110775366
1.42311732131418,-0.647467678549831,0.0441119551558774
1.43017765141278,-0.702097867686271,0.0129069492970832
1.4346903116432,-0.753898658178066,-0.0178609493198627
1.43664215055771,-0.802599340823283,-0.0478544611517045
1.43603772966029,-0.847932257932385,-0.0767536115526199
1.4328962639228,-0.889633371469635,-0.104236886191201
1.42724692852189,-0.927439622989557,-0.129958758721942
1.41912444080426,-0.961083742163391,-0.153525985318457
1.40856121605701,-0.990284210060047,-0.174475956881874
1.39557816966584,-1.01473179019159,-0.192262256432401
1.38017196069736,-1.03407196713761,-0.206254314643024
1.36229953026245,-1.04788516233512,-0.215759905596757
1.34186303654212,-1.05566907153043,-0.220079610388434
1.31869707742845,-1.05682760760943,-0.218599027050733
1.29256241003747,-1.05067363055391,-0.210916483676902
1.26315223697661,-1.03645524462572,-0.196990386634778
1.23010571350806,-1.01340754731376,-0.177271991807293
1.19303225033955,-0.980838277196655,-0.15277808630982
1.15152739271857,-0.938234817384616,-0.125057392146153
1.10518341288563,-0.885389631501438,-0.0960321473235765
1.05358561253932,-0.822518366297732,-0.0677374165088112
0.996318103203458,-0.750355876409096,-0.0420248524381252
0.932991639320846,-0.670198498323062,-0.0203108341829914
0.863309003226764,-0.583871663218782,-0.00342779710328521
0.787149558196044,-0.493604307904109,0.00840708843788709
0.704641290336704,-0.401820463437335,0.0155299780577825
0.616180326415096,-0.31088344067103,0.0187146221697521
0.522383851183345,-0.222852423718671,0.019036081736677
0.423989548323477,-0.139308133896551,0.017732272202984
0.32173926550044,-0.0612821372781292,0.0160701582776818
0.216285643972868,0.010710861099221,0.0152189907926438
0.108147593655974,0.0765668807595163,0.0161344031206671
-0.00228188875574739,0.136455683020016,0.019460696762297
-0.114688863457312,0.190692140330125,0.0254621484132392
-0.228775269552436,0.23964082233448,0.0339956537648203
-0.344202228613198,0.28366141249729,0.0445349459486157
-0.460556608268037,0.323088625380785,0.0562494044102626
-0.577348107386321,0.358233167679609,0.0681288056339166
-0.69403344036047,0.389389216604833,0.0791324966948684
-0.810056631561355,0.416838679200465,0.0883335011552004
-0.924890781328978,0.440848382282343,0.0950289729095273
-1.03806891161633,0.461661804673053,0.0987987358158873
-1.14919762661531,0.479489675760366,0.099508861227079
-1.25795409389604,0.494503569408685,0.0972709761969719
-1.36407073607074,0.506834348041548,0.0923755549094285
-1.46731515388701,0.516575830829976,0.0852182777418969
-1.56747068442304,0.523792023865104,0.0762339735273957
-1.66432174935178,0.528526145192069,0.0658463732457485
-1.75764496088929,0.530809558498276,0.0544359994154941
-1.84720634199048,0.530669708904576,0.0423246536095657
-1.93276307703238,0.528136402964018,0.0297729943758237
-2.01406820806411,0.523246370597004,0.016987433177007
-2.09087722256867,0.516046452078221,0.00413324072117888
-2.16295495807357,0.506595635710959,-0.00864829012420376
-2.23008228168838,0.494966394460857,-0.0212198625999015
-2.29206121592535,0.48124544650456,-0.033426123017089
-2.34871751277007,0.465534064094033,-0.045070303565643
-2.39990080576834,0.447948197818136,-0.0558909931076291
-2.4454795502978,0.428617930763905,-0.0655417931295767
-2.48533171944812,0.407686490118064,-0.073578443340555
-2.51933005570522,0.385308393911988,-0.079459937348383
-2.54732342851971,0.361646643555692,-0.0825714710238387
-2.56911813205812,0.336868985894697,-0.0822765849610515
-2.58446248151683,0.311143013821607,-0.0780021618948215
-2.59304468899325,0.284630943081919,-0.0693521987444042
-2.59450542251202,0.257484137113041,-0.0562344831253708
-2.58847627355499,0.229839727721203,-0.0389719374224513
-2.574628112649,0.201819491819004,-0.0183622263620232
-2.55273793115314,0.173534583326836,0.00434685700700699
-2.52272665103032,0.145093430253496,0.0275803381204457
-2.48469971428672,0.116615381726941,0.049642250320735
-2.43890636552586,0.0882409237156572,0.0689607154009197
-2.38574429342209,0.0601424108355536,0.0843194420526371
-2.32561959559355,0.0325210064726306,0.0950227028642938
-2.25901266489983,0.00560294688523134,0.100985956114981
-2.18621295288387,-0.0203825886441849,0.102728199460552
-2.10759909431648,-0.0452232338769662,0.101329542562065
-2.02312936452991,-0.068752942568558,0.0982901006422082
-1.93299543208103,-0.0908865415107295,0.0954126015461481
-1.83674613821608,-0.111623305145195,0.0945319870891161
-1.73440168829487,-0.131088575669492,0.0973110007019364
-1.62530243926384,-0.14946114337577,0.104840849035493
-1.50951816216885,-0.167001074537932,0.117422122784974
-1.38673515658216,-0.183890051533444,0.134269551466333
-1.25749029213466,-0.200250975917226,0.153610153661944
-1.12231265849661,-0.215999129902365,0.172873395392684
-0.982349833109243,-0.230913589072136,0.189262766344248
-0.838773051321992,-0.244610771218998,0.200268030719545
-0.692880824164663,-0.256666384599735,0.204168734195244
-0.545788731194349,-0.266663461081603,0.200226589787723
-0.39841384335818,-0.27427192035749,0.188667403665032
-0.251417494843333,-0.279267969971508,0.170453959094677
-0.105248499362138,-0.281540330786498,0.146996614150346
0.0398054360762054,-0.281070199288203,0.119872045344394
0.183556530775494,-0.277906021051777,0.0906088399758341
0.325867055334292,-0.272136707493438,0.0605502714789685
0.466613570883658,-0.263869410971327,0.0307860185868281
0.605664669101187,-0.253212793977291,0.00213397670274441
0.742868603626858,-0.240266170481236,-0.0248459078083799
0.87804690330037,-0.225113721613287,-0.049819595541897
1.01099098667268,-0.207822943226168,-0.0726373446582196
1.14146061804044,-0.188446602166354,-0.0932874450793448
1.26918364495389,-0.167027243164491,-0.111848430357975
1.39385751599994,-0.143603438800754,-0.128442723956231
1.51515264397615,-0.118216863943508,-0.143195269303417
1.63271748648369,-0.090919440181397,-0.156201187461287
1.74618386558451,-0.0617799214496467,-0.167506157346502
1.85517265130539,-0.0308897559795105,-0.177102064689661
1.95929867947507,0.00163193719838105,-0.184938232466462
2.05817540218426,0.0356343103423377,-0.190946116446284
2.15141968001381,0.0709318877621073,-0.195072865402454
2.23865988402202,0.107303365745411,-0.197317437762687
2.31954494388811,0.144492942286712,-0.197761551612516
2.39375921683241,0.182215152232803,-0.196588613608635
2.46103677514137,0.220163666192635,-0.194084566289309
2.52117819117764,0.258024147082414,-0.190618304292224
2.57406243714136,0.295489828855698,-0.186602132255264
2.61965515126846,0.332278034191429,-0.182436767619652
2.6580076673046,0.368144608215437,-0.178447085493286
2.68925015001852,0.402894004309239,-0.174815961816283
2.71357265520263,0.436381913089929,-0.171522350359771
2.73120175937887,0.468509802697091,-0.168289937044368
2.74236271901986,0.499209229051951,-0.164552497850146
2.74723764854672,0.528417585078484,-0.15944619890334
2.74591225273984,0.556045413098023,-0.151842509749158
2.73832556513911,0.581940439951318,-0.140439847098586
2.7242298877285,0.605854434077749,-0.123929223751851
2.7031843582328,0.627424214160026,-0.101236548875108
2.6745988296845,0.646178299035584,-0.0718162522055152
2.63784398048917,0.661579427361569,-0.0359328130574309
2.59241249325931,0.673101440626494,0.00516719651809458
2.5380958975374,0.680325493388749,0.0492922593026557
2.47510811311573,0.683023851629573,0.0936011799206119
2.40410616770675,0.681199808854039,0.135107354831485
2.32608423676546,0.675064170383088,0.171245187644236
2.24218261145874,0.664958321262819,0.200317282529088
2.15347927380476,0.651253997010955,0.22169512824234
2.06083209236213,0.63426611622337,0.235753297852803
1.96480735218516,0.614203412845758,0.243611396975299
1.86569158555501,0.591162705640552,0.246795853706775
1.76356185358904,0.56515833459724,0.246917885735738
1.65838380310499,0.536171512793451,0.245423079710242
1.55011083700828,0.504203728267387,0.2434294802803
1.43876760158834,0.469321812574603,0.241648342068252
1.3245079874479,0.431686190186031,0.240373674870791
1.20764208607628,0.391557604631898,0.239526633150896
1.08863102556073,0.349281980020118,0.238741993936771
0.968053231004463,0.305257583338614,0.237482510115352
0.846550783488258,0.259892641791756,0.235163253371263
0.724769643314817,0.213563969818683,0.231265728758133
0.603306473466947,0.166585645888924,0.225422962850755
0.482673610561831,0.119193701931516,0.217464522891494
0.363285251868707,0.0715470826383281,0.207420058711054
0.245462865809941,0.0237413069076968,0.195489597357142
0.129453103311189,-0.0241710520272503,0.181993910757561
0.0154507648552977,-0.0721587586610588,0.167318835977584
-0.0963791375130516,-0.120193302927496,0.151864482389408
-0.205884005242512,-0.168235401934385,0.136005517093363
-0.312912089222237,-0.21622697746994,0.120064794503851
-0.417306450481586,-0.264087825585395,0.10429929975662
-0.518903208194689,-0.311715724590138,0.0888959573475287
-0.617532696529327,-0.358988691157578,0.0739743293601718
-0.713022319325134,-0.405768323508527,0.0595935024274127
-0.805199957239057,-0.451903340490349,0.0457610230566144
-0.893897526730295,-0.497232985288667,0.0324424997715884
-0.978954130794909,-0.541589934205808,0.019570950571225
-1.06021878017772,-0.584802714771977,0.00705543000079389
-1.13755250648942,-0.626697563486776,-0.00521131747105819
-1.21082977556778,-0.66709970267721,-0.0173462828946152
-1.2799401573495,-0.705834582092027,-0.0294706984061038
-1.34478842507306,-0.742728079677146,-0.0417056201639163
-1.40529679486641,-0.777607719009243,-0.0541684109494677
-1.46140413563166,-0.810302076488425,-0.0669698382538489
-1.51307037943048,-0.840643013965102,-0.0802113674602764
-1.56027350868824,-0.868463920565476,-0.0939816548816511
-1.60302034033637,-0.893606046225429,-0.108351737289045
-1.6413345292683,-0.915913074246271,-0.123366253334344
-1.67528161185498,-0.935247922393842,-0.139031605843541
-1.70493425304367,-0.951478641362919,-0.155294560240601
-1.73042142076472,-0.964514590415039,-0.172018357836706
-1.75185032796244,-0.974275893395167,-0.188942577007292
-1.76938331897851,-0.980753804304097,-0.205649937544892
-1.78310757893886,-0.983959145799846,-0.221517300142469
-1.79312333587294,-0.98399341570808,-0.235700768332653
-1.7993883149906,-0.980979341804933,-0.247128108302187
-1.80179720902719,-0.975108948058036,-0.254569852600454
-1.80007080149479,-0.966564294226497,-0.256760887458936
-1.79384760198521,-0.955519804714727,-0.252624381887681
-1.78269299608704,-0.942069554031792,-0.24154199485438
-1.7662445402166,-0.926210416165199,-0.223640147919201
-1.74432691459358,-0.907817271519626,-0.199980036028671
-1.71708495177597,-0.886671331552891,-0.172561610091254
-1.68502955327418,-0.862513503979884,-0.144076368474692
-1.64899139447163,-0.835122104254062,-0.117446032627765
-1.60997651306007,-0.804379984939359,-0.0952763457085681
-1.56898269190746,-0.770310544969872,-0.0793969728986676
-1.52683823042287,-0.733072103119973,-0.0706092903599898
-1.48410794376662,-0.69292031421306,-0.0686627594192359
-1.44107067506303,-0.65015465792992,-0.0723925640863089
-1.39774518327288,-0.605061297744188,-0.0799212374370942
-1.35393486303416,-0.557855635850843,-0.0888531206990124
-1.30927426781112,-0.508622932894214,-0.0964440154664995
-1.26327758685598,-0.457257170420811,-0.0997799061787948
-1.21540603693013,-0.403408879854823,-0.0960282278263047
-1.16517542597494,-0.346465860037989,-0.0828177966704675
-1.11231391504686,-0.285599904767032,-0.0587463641167655
-1.05694737223359,-0.21990435626211,-0.0239080182048066
-0.999746908585348,-0.148612024585664,0.0197822491247682
-0.941949789201544,-0.0713288051091733,0.0687165864315789
-0.885199333796989,0.0118157181482802,0.118272572200384
-0.831243604439688,0.100169329101192,0.163850147693829
-0.781615035823236,0.192693708160986,0.201859565195821
-0.737414410066153,0.288148698267447,0.230296797126954
-0.699243646988547,0.385235281632214,0.248796569974881
-0.667250326840684,0.482661626423009,0.258297982353836
-0.641217444359846,0.579150660000824,0.260548180000422
-0.620649514987679,0.673429262831909,0.257624958466782
-0.604838180124162,0.76423135904309,0.251570266567942
-0.592912270025975,0.850327340716642,0.244155775556826
-0.583883454808764,0.930574373769738,0.236764040559866
-0.576694857807763,1.00397290780197,0.230355698018685
-0.570273253910093,1.06971430279543,0.225492696575764
-0.563579968071223,1.12720882145564,0.222392038684561
-0.555654976013005,1.17609147261872,0.220991277495698
-0.545649150155139,1.21620740686698,0.221013201046693
-0.532843391658757,1.24758349198766,0.222023527474909
-0.516655644567271,1.27039279315281,0.223480044843461
-0.496638541186798,1.28491786749968,0.224774847108659
-0.472470879758671,1.2915170259267,0.225272736160316
-0.44394539037912,1.2905951844653,0.224348482047939
-0.410954990920406,1.28258073506951,0.221424413015121
-0.373478016933141,1.26790644475786,0.216007211269505
-0.33156410748228,1.2469959756082,0.207721573472341
-0.285320404035662,1.22025231115465,0.196336007415389
-0.234900270267669,1.18805174398468,0.181777060679637
-0.180493968292587,1.15073892480567,0.164127294470098
-0.122323784891009,1.10863031671984,0.14360603190563
-0.0606413862317462,1.06201734228918,0.120531221225135
0.00427063502842554,1.01118283816579,0.0952676685382583
0.0720976304530498,0.956413221202129,0.0681652609753192
0.142492201356868,0.89802423554308,0.03950007120799
0.215078628256,0.836374586213784,0.00942781517502552
0.28946453455345,0.771884967074134,-0.0220349594082734
0.365260260147071,0.705035869238239,-0.0549949077541223
0.44210706623714,0.636360601329717,-0.0896276355384721
0.519708349630519,0.566420204509798,-0.126093142160266
0.597861484141037,0.495775530420651,-0.164435485503405
0.676482191905317,0.424957633399166,-0.204483999929398
0.755618498366588,0.354447142612698,-0.245770543004319
0.835448610040068,0.284663655425835,-0.287470205274415
0.916261326159768,0.215966419617511,-0.328368520102959
0.998416270358201,0.148662799718616,-0.366858273810146
1.08228313672691,0.083021642984901,-0.400976363700048
1.16816148739486,0.0192902017537998,-0.428501764118229
1.25618909319837,-0.0422839175496678,-0.447142924288112
1.34625670064244,-0.101422509778328,-0.454835844092136
1.43795694321124,-0.157776047191773,-0.450141325739471
1.5305988921253,-0.210876155474114,-0.432668964524355
1.62330100967024,-0.260095872176676,-0.403383452448611
1.71513655903625,-0.30464430932404,-0.36461750714759
1.80525490464788,-0.343626479931127,-0.319681200929391
1.89289059582846,-0.376186892637712,-0.272130721758483
1.9772233996058,-0.401724040421754,-0.224947940411691
2.05715866862016,-0.420121672704044,-0.179948901977823
2.131175854683,-0.43190793898539,-0.137622514147626
2.19737813654359,-0.438251763214987,-0.0973847539868153
2.25375819897301,-0.440758603318437,-0.0580640343858931
2.29856014835067,-0.441124085636684,-0.018396044259453
2.33057223135442,-0.440782691417338,0.0226187829088045
2.34924282277731,-0.440683392447765,0.065534390859908
2.35462500356517,-0.441243351171005,0.110420097455146
2.34722145992565,-0.442440081281439,0.156907378657707
2.32781104479356,-0.44396323663599,0.20427817873318
2.29730330379851,-0.445359692142755,0.251569461617201
2.25663684509617,-0.446140701194183,0.297681423143261
2.20671254843049,-0.445847206188286,0.341480610911716
2.14835613722256,-0.444084246317074,0.381890319876946
2.08229679008447,-0.440535370510479,0.417959654548803
2.009162972487,-0.434966929647414,0.448906492830454
1.92948858207389,-0.427226435714554,0.474132515807826
1.84372917495445,-0.417237878628317,0.493214465233283
1.75228372845056,-0.404994851050597,0.50587905261311
1.65551842516344,-0.390552137433837,0.511970865511544
1.55378881537213,-0.374016211337667,0.511421822763143
1.44745692717802,-0.35553489301178,0.504227984340571
1.33690231381774,-0.3352866779428,0.490436594587088
1.22252643580512,-0.313470070166101,0.470142957343591
1.10475100859471,-0.29029333303043,0.443494630825131
0.984012860878817,-0.265965418703348,0.410699945510776
0.860756343986652,-0.240688406011854,0.372037282365457
0.735424685832377,-0.214651801932509,0.327862465933533
0.608453871811246,-0.188029611688602,0.278613977139197
0.480265613057933,-0.160979138028169,0.224814086356944
0.35126594209618,-0.133643171730281,0.167069737819603
0.221841097587796,-0.106152998479434,0.106071222073919
0.0923578098430701,-0.0786341727784278,0.0425942509025654
-0.0368430045062352,-0.0512116901660082,-0.0224975707514462
-0.1654680605413,-0.0240081929776951,-0.0882527538335228
-0.293274064273435,0.00285602447627625,-0.153616197804091
-0.420059843913265,0.0292575763607763,-0.217404185173497
-0.545690260722103,0.0550738712777497,-0.278297457751762
-0.670114766791213,0.0801969131551639,-0.334843757247917
-0.793369805549733,0.104549501470781,-0.385480703281468
-0.915564614364958,0.12810250254556,-0.428599278898588
-1.03684284964681,0.150888367561389,-0.46266387937189
-1.15731165975075,0.173003229330527,-0.486394240017593
-1.27694437563762,0.194589622960899,-0.498997005674329
-1.39547074117133,0.215795011823271,-0.500400498852138
-1.51229146455117,0.236710856014477,-0.491417359677351
-1.62645691086011,0.257308163052148,-0.473746257500932
-1.73674082086456,0.277394368674482,-0.449757723002666
-1.84180281335424,0.296612980378208,-0.422087013205968
-1.94039074527828,0.314490379413243,-0.393145438391338
-2.03151486193511,0.330512754399849,-0.364702166086899
-2.11453966722312,0.344204155386762,-0.33764885477044
-2.18918144807312,0.35518255776733,-0.311969737075218
-2.25543484276369,0.363187204084214,-0.286859914073163
-2.31346269381591,0.368084844702045,-0.26090746114018
-2.36347614162944,0.369867825980631,-0.232280605331088
-2.40561591688156,0.368652828336047,-0.198911496685472
-2.43983973070863,0.364680877331631,-0.158713034073524
-2.4658303439435,0.358311576769799,-0.109880794069791
-2.48295151868794,0.349998959610167,-0.0513019028705307
-2.4902973411541,0.340237536425509,0.0169843980831299
-2.48686059187778,0.329472954098393,0.0934272347558388
-2.47180736829479,0.31798776696354,0.174907293429067
-2.44477351573282,0.30579232306378,0.257113005166712
-2.40606171909142,0.292567997362107,0.335289096896591
-2.35664465585733,0.277706586568206,0.405104442967007
-2.29795964214574,0.260452838662698,0.46333332971618
-2.23158685336021,0.240103486315258,0.508162649770932
-2.15893625616161,0.216180855111871,0.539120200275887
-2.08105746753352,0.18851883684452,0.55675651365404
-1.99859278384052,0.157249772347552,0.562245505465115
-1.9118472027658,0.122728478278015,0.557035694538211
-1.82090253203573,0.0854390330021394,0.542611771784071
-1.7257347869312,0.0459172076150042,0.520374194754448
-1.62630050726648,0.00469850318206054,0.491606171835436
-1.5225968362257,-0.0377111757140661,0.457492928625452
-1.41469468819498,-0.0808516529055359,0.419157450281467
-1.30276110012245,-0.124319678128477,0.377691345072138
-1.1870705276358,-0.167780801391044,0.334165513963527
-1.06801248501433,-0.21098374433037,0.289617517744727
-0.946089242380162,-0.253775213979084,0.24501532340265
-0.82190414383196,-0.296110359155825,0.201203257057641
-0.696138218075085,-0.338052260729669,0.15883671686051
-0.569515017966399,-0.37975399160173,0.118313850859521
-0.442760860146157,-0.42142136105424,0.0797169764533044
-0.31656448696436,-0.463259292579749,0.042780333323814
-0.191544992693742,-0.505413951545788,0.00690590946053504
-0.068230005745577,-0.547925426934961,-0.0287559725301666
0.0529537402283217,-0.590705179473562,-0.0651598912196231
0.171676665159775,-0.633544061889215,-0.103175665809998
0.287687938931454,-0.676143310694472,-0.143399781243563
0.400782232922586,-0.718155866941666,-0.186015505876832
0.510757557985119,-0.75922595642454,-0.230731470678192
0.617375452247976,-0.799016710182272,-0.276798098694643
0.720334412983246,-0.837222453177734,-0.323073992735017
0.819265951108448,-0.873570627562204,-0.368103487870023
0.913755105681864,-0.907816642401484,-0.410171782834866
1.00338554406961,-0.939740006039802,-0.447324800106967
1.08780211200722,-0.969144919215452,-0.477365668402334
1.1667799496566,-0.995868204612278,-0.497867218599457
1.24028056477375,-1.01979169639446,-0.506261521796613
1.30847153429739,-1.04085329296261,-0.500078439004008
1.37168415062376,-1.05904125189887,-0.477386112157702
1.43030104089294,-1.07435197750023,-0.437419678217729
1.48460380029587,-1.08669556269371,-0.381254734658789
1.53465805546599,-1.09575935789964,-0.312225575226658
1.58033276447462,-1.10089084426724,-0.235729801119315
1.62148186660378,-1.10109177931054,-0.158254788390637
1.65818728160504,-1.09517986000733,-0.0858994486872215
1.69088274106403,-1.08206708087083,-0.0230268534846485
1.72025750539271,-1.06101967299214,0.0283840512167655
1.74700778525384,-1.03178087948931,0.068567393915751
1.77159881568212,-0.994534353926277,0.0992813895802578
1.79415107836812,-0.949769031802908,0.123016007284893
1.81445693737563,-0.898126056128903,0.14237289387999
1.83206687782968,-0.840278240816319,0.159698028883044
1.84638421473548,-0.776854995345818,0.176918607531807
1.85673931893533,-0.708404043612031,0.195490742932295
1.86244359027722,-0.635377124007354,0.216375542267125
1.86283828442638,-0.558132923383284,0.239998349060964
1.85735268491652,-0.476956939590363,0.266189447264067
1.84557224721142,-0.392098588860964,0.294140336911158
1.8273074733069,-0.303822982223572,0.322427926703589
1.80263675764482,-0.212464253394125,0.349147930156433
1.77190436913224,-0.118463326846975,0.37216241575315
1.73566228773637,-0.0223733909450014,0.389415646272284
1.69457202147867,0.0751706448234677,0.399237993918584
1.64929379433808,0.173507951634116,0.400556984975009
1.60039714997758,0.272011905345675,0.392971608453915
1.54830985094121,0.370135112245832,0.376695009792218
1.4933101505307,0.467429579378745,0.35241015128883
1.43554817023872,0.563543024625614,0.321093901109208
1.375083805904,0.658200088565154,0.283856864647002
1.31192448374522,0.751177691173029,0.241824562906273
1.24605591647005,0.842282291734652,0.196067594177678
1.17746300156647,0.931333275486089,0.147575525933547
1.10614012568723,1.01815261161234,0.0972635380710799
1.03209493844202,1.10256073251045,0.0460009707538581
0.955349172039395,1.18437711637355,-0.00534765522103384
0.875937865290813,1.26342219558361,-0.0558771305945492
0.793911628951727,1.33951970078883,-0.104598599594747
0.70934458428361,1.41249790704231,-0.150407897022083
0.622347439450976,1.48218467561971,-0.192076518794262
0.533090238869887,1.54840101989993,-0.228279749177709
0.441829119519811,1.61094867135274,-0.257676715276859
0.348932755683896,1.66959607196557,-0.279051986055437
0.254898804256108,1.72406681927352,-0.291513443292691
0.160348452890493,1.77403245315474,-0.294715951688784
0.0659938291360971,1.81912091517646,-0.28905332713684
-0.0274222542336187,1.8589326284081,-0.275741790830968
-0.119198110238479,1.89307427752812,-0.25673403058507
-0.208736197865785,1.921183717103,-0.234448963607276
-0.295576167135534,1.94295751714078,-0.211378984335115
-0.379390549031866,1.95814815929748,-0.189683338769372
-0.459953115182079,1.96656184934246,-0.170883303219409
-0.537094278541706,1.96802912376273,-0.155715631666931
-0.610664515672661,1.96239654776391,-0.144137027970668
-0.680504608112141,1.94950436402249,-0.135417443485389
-0.746430334150737,1.92920367300458,-0.128259404146169
-0.808209125735425,1.90135909573406,-0.120901689241145
-0.865537093684483,1.86589058694752,-0.111216174268497
-0.917994529294388,1.82278735029121,-0.0968424966914339
-0.965010783599417,1.77214222102927,-0.0754347515301339
-1.00584224903042,1.71413895129947,-0.0450770265323705
-1.03962552207525,1.64903317668233,-0.00486327465833106
-1.0655245920018,1.57708570803832,0.0444890505581114
-1.08299299498625,1.49850383689453,0.100255435484163
-1.09206825511098,1.41340210825098,0.157854716483586
-1.09357791966264,1.32183966663858,0.211666118143875
-1.08912327115864,1.22391831952362,0.256294757162765
-1.08082888702816,1.11990540685847,0.28778255986577
-1.07096054269967,1.01031218080542,0.304288509222577
-1.06156819556982,0.89589885382982,0.306082580946889
-1.05425429094264,0.77761521814862,0.295035606966334
-1.05008446427538,0.656510356797779,0.273925995322939
-1.04960232183402,0.533639252268344,0.245820431095513
-1.05289986112028,0.409979913972439,0.213644458553444
-1.05971003210463,0.286365771117281,0.17994356381858
-1.0695056611602,0.163436766777049,0.14677965998772
-1.08160070049656,0.0416152947801929,0.11570128626185
-1.09525117081268,-0.0788867137357369,0.087744857774251
-1.10975153119053,-0.198026079189921,0.0634511239912511
-1.12451683828004,-0.315856048021611,0.0429021068708983
-1.13913847789985,-0.432435810971326,0.0257925864957637
-1.15340367594687,-0.547740866999736,0.0115442046512768
-1.16727414854561,-0.6615936964809,-0.000546903647259827
-1.18083057052246,-0.773628463743994,-0.0111564572544333
-1.19419590217089,-0.883292431132561,-0.020809018177435
-1.20745672232294,-0.989878131785096,-0.0298155213774291
-1.22059708155763,-1.09257412807479,-0.0382815123101398
-1.23345674569801,-1.19052450277546,-0.0461728244798126
-1.24571661566607,-1.28288876151751,-0.0534089926046887
-1.25691123401322,-1.36889829932909,-0.0599509843567417
-1.26646222255205,-1.44790439233817,-0.0658582163891776
-1.27372720209432,-1.51941554552991,-0.0713049211639266
-1.27805258034048,-1.58311769551775,-0.0765605741872371
-1.27882528866012,-1.63887986588594,-0.0819482168936469
-1.27551226862376,-1.6867419730633,-0.0877955111269018
-1.26768939159778,-1.72689548128932,-0.0943887627662377
-1.25505437268258,-1.75965622424299,-0.10193235885303
-1.23743019660957,-1.78543966885603,-0.110510257740439
-1.21475637193992,-1.80473387978414,-0.120043017658116
-1.18707413687963,-1.81807546888137,-0.130235927606466
-1.15449822950028,-1.82601549532727,-0.140518768589364
-1.11717877230778,-1.82907920197293,-0.149987705849777
-1.07524429591727,-1.82770748824626,-0.157370665804644
-1.02873120913316,-1.82219020958098,-0.161050857878703
-0.977502738810847,-1.81259613056978,-0.159190680470792
-0.921181900794459,-1.79873176315589,-0.149995561782769
-0.859126943078536,-1.78015501017276,-0.132128657954197
-0.790496369461354,-1.75628723914145,-0.105227854549842
-0.714425867986723,-1.72661961019712,-0.0703862579458592
-0.630308678087748,-1.69098081497701,-0.0303810148930467
-0.53809279888562,-1.64975354539364,0.0105605281894555
-0.438467079886509,-1.60392967526096,0.0475170328493146
-0.33282220076888,-1.55494398525772,0.0759544189427154
-0.22297987670855,-1.50435310921145,0.0927344077519697
-0.110803166853671,-1.45350508308176,0.0966779850679728
0.00214890115595952,-1.40333541231051,0.0885542201777086
0.114811537639333,-1.35432963295976,0.0706370822744399
0.226632871758431,-1.30660840962034,0.0460986756113941
0.33747426134161,-1.26005434696801,0.0184617672486209
0.447460981992981,-1.21442029362266,-0.00879049223246782
0.55683100109023,-1.16939466769637,-0.0324611459042529
0.665799556227944,-1.12463094910754,-0.0498118148760134
0.774437511584222,-1.07976267076355,-0.0587319793211873
0.882560208989213,-1.0344266692946,-0.0579388043336515
0.989636598302319,-0.988304939126131,-0.0471820808356175
1.09474790586254,-0.941179822920942,-0.0273702203206959
1.19663039223792,-0.89297894829626,-0.000507811979184619
1.29381769263053,-0.843783074257422,0.0306234087070521
1.38485370698144,-0.793783604285562,0.0629994786198644
1.46850899044952,-0.743206278072057,0.0939459275212376
1.54392798396445,-0.692237142311168,0.121585581080407
1.61067053713982,-0.640983376883261,0.1450124636687
1.66865876958095,-0.589477064226629,0.164191877689336
1.71807034256517,-0.537706825235852,0.17968794008092
1.75922383723485,-0.485655468834841,0.192346799699527
1.79248556422255,-0.433327479521534,0.2030306835095
1.81821038016897,-0.380761496683975,0.212445430615259
1.83671282497616,-0.328029691529604,0.221061239072496
1.84826164633581,-0.275229847646168,0.22910420170316
1.85308552281518,-0.22247446105992,0.236590117253122
1.85138596275544,-0.169880930173562,0.243377094945323
1.84334817996173,-0.117563608728015,0.249220100722083
1.82915257685395,-0.0656289497797279,0.253819212742223
1.80898118015197,-0.0141727856979642,0.256857416588504
1.78302366084602,0.0367203109715972,0.25802838347672
1.75147870841299,0.0869765357356302,0.257054960025183
1.71455640558161,0.136531499213334,0.253701089767445
1.67247690661762,0.185328545165842,0.247778271145834
1.62547094048132,0.233317060001599,0.23914892800907
1.5737762326896,0.280450672570911,0.227726905960539
1.51763917022523,0.326686175119535,0.213477415714601
1.45730868867701,0.371981782610285,0.196414886367984
1.39304119022024,0.416297380292583,0.176602045008024
1.32508945679358,0.459591890389546,0.154146212922158
1.25371645754519,0.50182658056321,0.129199052342333
1.17917194632965,0.542958231694606,0.101950862968985
1.10172642942985,0.582950662045842,0.0726321529783699
1.02161989854702,0.621754618330771,0.0415048551899713
0.939134077117484,0.659339877369793,0.00886614966655759
0.854500546138173,0.69564810415175,-0.0249621906574841
0.768006092872673,0.730652826814361,-0.0596313239204328
0.679890893536103,0.764292203836188,-0.0947719899076815
0.590434267843834,0.796531410703328,-0.129997618630859
0.4998955723589,0.827311929203831,-0.164904964582344
0.40854845048811,0.856584004054206,-0.199078744901661
0.316663329954475,0.884287260336496,-0.232090305748967
0.224512516627352,0.910359072965344,-0.263498723788162
0.132365410544105,0.934730986630548,-0.292848800338368
0.0404861436676854,0.957331192910262,-0.319669531071114
-0.0508700317312986,0.978086684006857,-0.343472849679543
-0.141459695614708,0.996928256573478,-0.363755159723233
-0.231052950589755,1.0137973125167,-0.380003983409539
-0.319432538742263,1.02865531171818,-0.391713185191807
-0.406389277495874,1.04149426956906,-0.398409419713887
-0.491713234951685,1.05234710640497,-0.399691364482576
-0.57518103747488,1.06129468074986,-0.395279726621355
-0.656541409984165,1.06846661258904,-0.38507153016794
-0.735502680366416,1.07403319972546,-0.369186842800391
-0.811726916117035,1.07818754876239,-0.347992494565617
-0.884834949314717,1.08112037475609,-0.322088106826082
-0.954424048322125,1.0829932101063,-0.292246403631274
-1.02009558604136,1.0839173216006,-0.259311630549849
-1.0814866192247,1.08394595965921,-0.224073765612892
-1.13829678119724,1.08308370032228,-0.187145999019094
-1.19030289829755,1.08131188736551,-0.148875475392672
-1.2373575979551,1.07862459503164,-0.109311720989576
-1.27937295231664,1.07506603175155,-0.068245979592621
-1.31629469682129,1.07075892463431,-0.0253211152730899
-1.34807557695565,1.06591410671565,0.019802689588462
-1.37465560162959,1.06081321477861,0.0672562155031904
-1.39595505158559,1.05576247168388,0.116787002169491
-1.4118808520638,1.05102402710971,0.167653267322086
-1.42234300346008,1.04674282887546,0.218628268156364
-1.42727641969255,1.04289507589737,0.268129028437196
-1.42666208557273,1.0392795686674,0.314441151523771
-1.42054373709619,1.03555789476011,0.355975470366932
-1.40903473753749,1.03132663746343,0.39148195008286
-1.39231354634448,1.02619406112442,0.420168383039084
-1.37060953977815,1.01983703136017,0.441711324172592
-1.34418319465796,1.01202690484671,0.456182254131866
-1.31330797273901,1.00262869812618,0.463930147238956
-1.2782564551055,0.991582854840992,0.465458829239678
-1.23929332141188,0.978881492055039,0.461325475793705
-1.1966733218555,0.964546099691298,0.452071026960816
-1.15064266063214,0.948610710127322,0.438182519191998
-1.1014421706213,0.931111589572541,0.420081247188245
-1.04930976088995,0.912081701717733,0.398128147144288
-0.994482580698866,0.891549416718141,0.372639294448887
-0.937198129182587,0.869539581286265,0.343905441553428
-0.877694000096731,0.846075192075507,0.312211419365148
-0.816207600905566,0.821179989071227,0.277853499096282
-0.752975628729103,0.794880597814737,0.241153280781526
-0.688233186343646,0.767207581560924,0.202467545872244
-0.622214239749738,0.738196581770044,0.16219455761386
-0.555152061392351,0.707887980639793,0.120776307708104
-0.487280868836371,0.676326222165705,0.0786970475620785
-0.418837630050986,0.643557690102782,0.0364775518467247
-0.35006588237022,0.609629633203412,-0.00533483933532437
-0.281218577479101,0.574586784497897,-0.046181561241387
-0.212563478695382,0.53847120850502,-0.0855132018993277
-0.144387358213956,0.501321470842351,-0.122815241918536
-0.0770010608580345,0.463175641541877,-0.157637721443131
-0.0107425258594621,0.42407494961333,-0.189625888316262
0.0540213539440796,0.384071572902177,-0.218547502234698
0.11689581223817,0.343236748658959,-0.244310042935735
0.177461829124904,0.301669250010902,-0.266961330089964
0.235282565958275,0.259502222666124,-0.286668545864453
0.289912432729179,0.216903960855167,-0.303673021930075
0.34090938676443,0.174070909758701,-0.318224662768923
0.387851249216387,0.131209279695291,-0.330503712074264
0.430358486383182,0.088504454858679,-0.340542918795383
0.468125936977424,0.0460784205399516,-0.348164477555555
0.500965844047181,0.00393877025627504,-0.352946558886914
0.528861521644981,-0.0380734194572935,-0.354231986184081
0.552025761920876,-0.0803247170646695,-0.351187952785058
0.570949969286635,-0.123403424492889,-0.342918788875656
0.586422168393179,-0.168090345076333,-0.328623394877851
0.599488635048531,-0.215276829949024,-0.307775238193519
0.611342202718731,-0.265835558555771,-0.280290126412546
0.623144945085556,-0.320468579455464,-0.246641616921914
0.635826216936453,-0.379571404671385,-0.207889200835936
0.649922108378891,-0.443153200910746,-0.165600823883924
0.665515013758668,-0.510837850599531,-0.121673584546934
0.682291271250875,-0.581945169799415,-0.0780820728027911
0.699683009789531,-0.655626023855771,-0.036607287930822
0.717031207583721,-0.731010092846078,0.00138909509120273
0.733713890494404,-0.80732570181867,0.0350909508720055
0.749214913630549,-0.883967093738784,0.0642328692769527
0.763138591265042,-0.96050522081535,0.0890019507476423
0.775191937723622,-1.03665612886796,0.109880403708738
0.78515601975198,-1.11222772306693,0.127478050774561
0.792860984336175,-1.18706461472434,0.142391943347559
0.798170258100682,-1.26100345288601,0.155111897758047
0.800974095911843,-1.33384472032637,0.165974777926346
0.801189346632623,-1.40534092981647,0.175160036568961
0.798761874048824,-1.47519815500225,0.182714486044279
0.793668944972639,-1.54308687591304,0.18859373904395
0.785919732889873,-1.60865755313298,0.192709305302299
0.775553403463401,-1.67155720643822,0.194972954802248
0.762635168373644,-1.73144429514626,0.195332811126236
0.747251026134191,-1.7879998714169,0.193798253296246
0.729502480738449,-1.84093483579361,0.190453057967184
0.709501869039347,-1.88999287801234,0.185457696854184
0.687369124721104,-1.93495037346676,0.179042808056382
0.663230004418056,-1.97561386744464,0.171496085216632
0.63721582275755,-2.01181674338714,0.163144817970045
0.609464054144357,-2.04341545288128,0.154335823457303
0.580119298752776,-2.07028615302718,0.14541417836887
0.549334141101394,-2.0923225950067,0.136701891175455
0.517269040919307,-2.10943431488888,0.128477416574797
0.484091178266888,-2.12154580749729,0.1209571694195
0.44997213105429,-2.12859632028452,0.114280291197744
0.415084350868211,-2.13053886644171,0.108497975805362
0.379597385688105,-2.12733997613587,0.103568789821507
0.343673960224365,-2.11897754120984,0.0993607325148947
0.307467091996195,-2.10543886576944,0.0956603701307735
0.271118488173677,-2.08671782590477,0.0921882436772357
0.234758358376344,-2.06281089405464,0.0886188835917859
0.198506949823809,-2.03371574401549,0.0846033934246246
0.162476245966993,-1.99942644093908,0.0797919563466948
0.12677229247541,-1.95993458227198,0.0738550653060846
0.0914959250700992,-1.91522516492255,0.0665023905977414
0.0567426991449578,-1.8652815879004,0.0575011318638226
0.0226001666922754,-1.81008079111593,0.0466955131085317
-0.0108556190851617,-1.74960378418288,0.0340323532827483
-0.0435651888535436,-1.68382793303064,0.0195948788499023
-0.0754893640156111,-1.612746109846,0.00364875162417277
-0.106610277663625,-1.53635814283418,-0.0133035911237499
-0.136927135576373,-1.45470062705347,-0.0304669452153829
-0.166442970388077,-1.36784533861031,-0.0467157127388129
-0.195143954671549,-1.27593814806178,-0.0606026498933473
-0.222969279572962,-1.17920888812731,-0.070451538155254
-0.249782074832536,-1.07800378506858,-0.07456839313134
-0.275347612746143,-0.972786355876577,-0.0715822981781912
-0.299335759775816,-0.864126006483504,-0.0608778678827003
-0.321355289563313,-0.75264679330748,-0.0430082279519042
-0.341022616279488,-0.63895109737327,-0.0199171494395813
-0.358048705873574,-0.523534175223667,0.00519582789262176
-0.372316342106393,-0.406725382948193,0.0284170370790603
-0.383917962589776,-0.288679800797898,0.045925092601782
-0.393141773213461,-0.169420846589604,0.0547759193948305
-0.400417866140195,-0.0489091243643162,0.0533982687008159
-0.406249969565239,0.0728934387963821,0.0416960975394353
-0.411155839529723,0.195981642793894,0.0208365584988137
-0.415624247494112,0.320288973744562,-0.00711028204229403
-0.420083082754,0.445686189482184,-0.0395346232791563
-0.424867114819363,0.571988426183018,-0.0735823409257438
-0.430178205764493,0.698965260076804,-0.106383924427845
-0.436041145533803,0.826350546892692,-0.135259098131325
-0.442270989202264,0.95384996061186,-0.157942407128733
-0.448476667629946,1.08114519040661,-0.172844260828069
-0.454122508536691,1.20789437097688,-0.179308696653272
-0.458650083096164,1.33372940320424,-0.177777849142706
-0.461631510651652,1.45825087110448,-0.169759612329573
-0.462900545677966,1.58102321896914,-0.157546875740413
-0.462607494184183,1.70157026816206,-0.143739979584598
-0.461177356974089,1.8193752218177,-0.130719163375302
-0.459193360071114,1.93388688724073,-0.120233846104593
-0.457255311143369,2.0445337069937,-0.113210576897891
-0.455859711803883,2.15074415611849,-0.109781442701033
-0.455326846984578,2.2519693578738,-0.109461961432837
-0.45577712622907,2.34770399207361,-0.111387550754148
-0.457144545306361,2.4375005217826,-0.114536950687714
-0.459211747904116,2.52097536397243,-0.117903670771835
-0.461653447726201,2.59780628571892,-0.120604309894818
-0.464079904236331,2.66772218921529,-0.121929745988001
-0.4660766472996,2.7304869361854,-0.121352849543831
-0.467239761521511,2.78587890504055,-0.118507906904899
-0.467207681518025,2.83366891727971,-0.113155284498449
-0.465690200305211,2.87359787791323,-0.105141812567352
-0.462494916313508,2.90535943006421,-0.0943642269415303
-0.457549054503029,2.9285896867913,-0.0807399357013677
-0.450913816423891,2.94287136960137,-0.0641873330580937
-0.442786688851828,2.94775472001258,-0.0446167865012117
-0.433487865763005,2.94279990165004,-0.0219343803293892
