0,0,0,0,0,0,0
-0.0411217160172095,-0.000519700216475205,1.58092474899972e-05,-0.00550542537336808,7.5312207891759e-06,3.1716214861945e-05,-1.8188473208675e-05
-0.123251278523472,-0.00155179731380491,4.66943380069002e-05,-0.0164841428893649,2.23296390290977e-05,9.49838735091048e-05,-5.39287530176754e-05
-0.205039530516801,-0.00256211481688396,7.53901080758249e-05,-0.0273666165101872,3.634234670597e-05,0.000157757219036693,-8.77741802061027e-05
-0.286259936344391,-0.00353656509163296,0.000100473391783306,-0.0380892047631397,4.9066676360117e-05,0.000219706649006161,-0.000118511860049451
-0.366687459759121,-0.00446169890150048,0.000120575805884952,-0.0485890478851116,6.00314434663809e-05,0.000280502236451288,-0.000145003848312674
-0.446099171963331,-0.00532494143910311,0.00013440600242553,-0.058804383188127,6.88090425971133e-05,0.000339813199539385,-0.000166215963718025
-0.524274890697178,-0.00611480908416769,0.000140772067491307,-0.0686748649267443,7.50269452479689e-05,0.000397307097575327,-0.000181245311373209
-0.600997821236995,-0.00682110084491167,0.000138603830165888,-0.078141883377338,7.83782945043421e-05,0.000452648789872685,-0.000189345966670041
-0.67605521552053,-0.00743505930990282,0.000126974705465745,-0.0871488829744551,7.86312392686801e-05,0.0005054993147715,-0.000189952193201665
-0.74923904168142,-0.00794949634419685,0.00010512254025438,-0.0956416754281929,7.56366077608687e-05,0.000555514910532652,-0.000182698477291509
-0.820346660782073,-0.00835887989413195,7.24688072443317e-05,-0.103568743685416,6.93335125556991e-05,0.000602346470581565,-0.000167435604556243
-0.889181510228983,-0.00865937972149089,2.86354072888353e-05,-0.110881532462868,5.97525100816288e-05,0.000645639767923256,-0.000144241981920213
-0.955553782625489,-0.00884887149856601,-2.65416920862824e-05,-0.117534719640915,4.70160097280263e-05,0.000685036780157734,-0.000113429435747356
-1.01928109417282,-0.0089269005193421,-9.30027363805106e-05,-0.123486463556368,3.13357368392261e-05,0.000720178410740513,-7.55427991577046e-05
-1.08018913600168,-0.00889460794572138,-0.000170459068795782,-0.128698621502456,1.30071899728796e-05,0.000750708815424834,-3.1352741732748e-05
-1.13811230044328,-0.00875462386014787,-0.000258393203372084,-0.133136935104132,-7.59881726126708e-06,0.000776281411215523,1.81585093573229e-05
-1.19289427532911,-0.00851093235442146,-0.000356064540002281,-0.136771179100116,-3.00472896599248e-05,0.000796566479394508,7.18186608090013e-05
-1.2443885982187,-0.00816871435037001,-0.000462521030744114,-0.139575270827899,-5.38524817665122e-05,0.000811260085192565,0.000128293872869663
-1.29245916449206,-0.00773417388363878,-0.0005766169567613,-0.141527338969956,-7.84931349730234e-05,0.000820093847319751,0.000186123808029203
-1.33698068368826,-0.00721435326643554,-0.00069703681625195,-0.142609751334327,-0.000103428940148729,0.000822844920580858,0.000243762382486879
-1.37783907943364,-0.00661694205617715,-0.00082232514570664,-0.142809102918278,-0.000128117585183353,0.000819345430142548,0.000299623073026901
-1.41493183005048,-0.0059500842295146,-0.000950921891007291,-0.142116167076957,-0.000152031713730127,0.000809490537944918,0.000352127338110273
-1.44816824835837,-0.00522218755460906,-0.00108120269386601,-0.140525814277891,-0.000174675113916551,0.000793244347483958,0.000399754464061484
-1.47746970017795,-0.00444173893187033,-0.00121152316022523,-0.138036904479071,-0.000195597474567285,0.000770642970482657,0.000441090966130821
-1.50276976360523,-0.00361712941801804,-0.0013402658450168,-0.134652160532438,-0.000214407095996146,0.000741794284810078,0.000474877581407864
-1.52401433211737,-0.00275649271743904,-0.00146588834171112,-0.130378030871626,-0.000230781025476325,0.000706874191139341,0.000500051897480778
-1.5411616661482,-0.0018675609709425,-0.00158697055452673,-0.125224549932883,-0.000244472209149514,0.000666119498369478,0.000515784779399416
-1.55418239827239,-0.000957541590382094,-0.00170225900296351,-0.119205204205501,-0.000255313411308891,0.000619817898550484,0.000521508986876033
-1.5630594973914,-3.30185445363068e-05,-0.00181070591783922,-0.112336810472171,-0.000263217842857157,0.000568295789679474,0.000516938706352626
-1.56778819720829,0.000900119180880432,-0.00191150097637625,-0.104639410676368,-0.000268176649311758,0.000511904929440418,0.000502079139342961
-1.56837589333316,0.00183672020701757,-0.00200409380411916,-0.096136185443119,-0.000270253613898548,0.000451009026120582,0.000477225761316583
-1.56484201237407,0.00277238398505702,-0.00208820583904756,-0.0868533855972915,-0.000269577609344842,0.000385971375147994,0.000442953360515725
-1.55721785520846,0.00370344552371085,-0.00216383076732319,-0.0768202785761931,-0.000266333459339134,0.000317144531593264,0.000400095446867164
-1.5455464154577,0.0046269338826368,-0.00223122343869374,-0.0660691048959683,-0.000260751929688371,0.000244862787812073,0.00034971505343744
-1.52988217348473,0.00554050791453511,-0.00229087788631765,-0.0546350386898754,-0.000253099552470582,0.000169437928456468,0.00029306830763612
-1.5102908657751,0.00644237367744887,-0.00234349573669359,-0.0425561461063083,-0.000243668897534418,9.11584024284498e-05,0.000231562407108489
-1.48684922927847,0.00733118854647135,-0.0023899468436525,-0.0298733357900555,-0.000232769759492722,1.02917223017456e-05,0.000166709786285799
-1.45964472066134,0.00820595728689857,-0.00243122437510309,-0.016630296902593,-0.00022072154819266,-7.29103848197592e-05,0.000100080306647152
-1.4287752108715,0.00906592526427553,-0.0024683968052823,-0.00287342157814311,-0.000207846982962204,-0.000158204769015654,3.32532548424171e-05
-1.39434865543047,0.00991047361850654,-0.00250255931869326,0.0113482900272572,-0.000194467020898958,-0.000245348418785085,-3.22291968620406e-05
-1.35648274181929,0.0107390206385113,-0.00253478702644972,0.0259833423593355,-0.0001808968175369,-0.000334089656995448,-9.49056012207583e-05
-1.31530451482651,0.011550932879724,-0.00256609215769054,0.0409778743815208,-0.000167442434940923,-0.000424159792872893,-0.000153434682678248
-1.27094998113597,0.0123454487544628,-0.00259738704173904,0.0562758057056539,-0.000154397980949289,-0.00051526593325189,-0.000206629637102352
-1.22356369428109,0.0131216164733841,-0.00262945427044456,0.0718189976554248,-0.000142042877609366,-0.000607085487448376,-0.000253486560724406
-1.17329832054231,0.0138782473509268,-0.00266292495317487,0.0875474282130459,-0.00013063900523495,-0.000699262703504354,-0.000293206538256834
-1.12031418617326,0.014613884608928,-0.00269826547769032,0.103399379947555,-0.000120427536974469,-0.000791407369420422,-0.000325211156212568
-1.06477880556384,0.0153267869622897,-0.00273577269953196,0.119311640435404,-0.000111625352860143,-0.00088309562483313,-0.000349151420763368
-1.00686639043409,0.0160149254369813,-0.00277557702947207,0.135219714620191,-0.000104420991140812,-0.00097387266930464,-0.000364910242488349
-0.946757339365574,0.0166759911099767,-0.00281765250302359,0.151058048818831,-9.89701506231418e-05,-0.00106325703986196,-0.000372598802406022
-0.884637705827598,0.017307410767395,-0.00286183262084834,0.166760266267923,-9.53907991222592e-05,-0.00115074606666236,-0.000372547231181538
-0.820698644231012,0.0179063668264913,-0.00290783055746821,0.182259413548521,-9.37579725363537e-05,-0.0012358220987809,-0.000365290117390479
-0.755135832707931,0.0184698173158416,-0.00295526225772427,0.197488217260675,-9.40983718232655e-05,-0.00131795912536948,-0.000351547414753907
-0.688148870837478,0.018994511204895,-0.00300367096745167,0.212379350289853,-9.63848904701956e-05,-0.00139662948860381,-0.000332201346161288
-0.619940651060793,0.019476993908015,-0.00305255186450449,0.226865706757525,-0.000100531242658924,-0.00147131048133326,-0.000308269909903756
-0.550716701884741,0.0199135973913897,-0.00310137564969831,0.24088068490513,-0.00010638692283575,-0.00154149073417149,-0.000280877589243109
-0.480684502417409,0.020300409025633,-0.00314961020511931,0.254358476920034,-0.00011373282124669,-0.001606676404836,-0.000251223858487079
-0.410052767465282,0.020633213356172,-0.00319673971900674,0.267234364939464,-0.00012227795687139,-0.00166639727643716,-0.000220550074530912
-0.339030703375104,0.0209074016082855,-0.00324228100468262,0.279445022429206,-0.000131657975769974,-0.0017202129319654,-0.000190105350197015
-0.267827236901376,0.0211178455546263,-0.00328579710799078,0.290928819869204,-0.000141436298112246,-0.00176771918454403,-0.000161112030531331
-0.196650220536255,0.0212587361274224,-0.00332690870323414,0.301626133554455,-0.000151109065119307,-0.00180855489394191,-0.000134731438187299
-0.125705620783974,0.0213233937794979,-0.00336530419904605,0.311479655795523,-0.000160115292944665,-0.00184240917368503,-0.000112030621294331
-0.0551966977362365,0.0213040679617507,-0.00340074985252731,0.320434704363584,-0.000167853795383059,-0.00186902878418113,-9.39509236324693e-05
0.0146768126168332,0.0211917574766596,-0.00343310138946589,0.328439528297768,-0.000173708344888198,-0.00188822521923704,-8.12792968622218e-05
0.0837194990902607,0.0209761007993271,-0.00346231845044848,0.335445606341494,-0.000177082001387487,-0.00189988065597788,-7.46233740529412e-05
0.151741043692278,0.0206454022408098,-0.00348848238205201,0.341407933506704,-0.000177440340245665,-0.00190395161931086,-7.43913980411672e-05
0.218556941141523,0.0201868694503336,-0.00351181628803906,0.346285290281031,-0.00017436133428003,-0.00190046902312676,-8.07781102055278e-05
0.283989156144065,0.0195871309412437,-0.00353270390434872,0.350040488401252,-0.000167587025488916,-0.00188953334033018,-9.37576044356412e-05
0.347866709175928,0.0188330699290393,-0.00355170125130111,0.352640586729581,-0.000157069415870093,-0.00187130415881656,-0.000113083887541023
0.410026188726317,0.0179129491698331,-0.00356953315080932,0.354057071162823,-0.00014300122732591,-0.00184598434479834,-0.000138299434532972
0.470312195854388,0.0168177190068916,-0.00358706686287796,0.354265993952521,-0.000125822547876729,-0.00181380031641449,-0.000168751414595185
0.5285777321762,0.0155423207236527,-0.00360525826542205,0.353248070356746,-0.000106197723169101,-0.0017749811650166,-0.00020361459825526
0.584684547127292,0.01408675218027,-0.0036250720483116,0.350988733848864,-8.49628978849759e-05,-0.00172974005288574,-0.000241919409433786
0.638503454132222,0.0124566801054216,-0.0036473846756881,0.34747815431441,-6.30516825419426e-05,-0.00167826107436028,-0.000282583319927512
0.689914617220911,0.0106634680757578,-0.00367288470608805,0.342711225893725,-4.14119401713499e-05,-0.00162069354370219,-0.000324443879233913
0.738807801166227,0.00872361617928509,-0.00370198699492659,0.336687531705051,-2.09284462869791e-05,-0.00155715386555346,-0.000366292062237681
0.785082569271853,0.00665773303421597,-0.00373477449054138,0.329411291623597,-2.36354840628026e-06,-0.00148773342263359,-0.000406905114289353
0.828648413142003,0.00448924109297168,-0.00377097497998525,0.320891297068646,1.36777784086393e-05,-0.00141250987247807,-0.000445078474275912
0.869424801732102,0.00224303284111568,-0.003809972752581,0.311140834672954,2.67585192572118e-05,-0.00133155912795864,-0.00047965652952972
0.907341144648553,-5.57432640782988e-05,-0.00385084917371434,0.300177599331356,3.66008264939679e-05,-0.00124496593580908,-0.000509561902375402
0.942336673767463,-0.0023826567306109,-0.00389244293182398,0.28802359663647,4.30651641601088e-05,-0.00115283195827659,-0.000533822781043538
0.974360253420239,-0.00471468883259632,-0.00393342024662707,0.274705035346895,4.61245920138793e-05,-0.00105528120233736,-0.000551597609769462
1.00337013344619,-0.00703066013933249,-0.00397234675564301,0.260252211783686,4.58397071705154e-05,-0.00095246327706524,-0.000562196341355101
1.02933366307223,-0.00931143681499267,-0.00400775506645788,0.244699388297499,4.23375313588244e-05,-0.000844555222618247,-0.000565097472266897
1.05222698282062,-0.011539971482272,-0.00403820423976299,0.228084668685372,3.57956089291042e-05,-0.000731762626797083,-0.000559960216443485
1.07203471014663,-0.0137012316077549,-0.00406232931306733,0.210449873550942,2.64311357877678e-05,-0.000614320542324327,-0.000546631397085727
1.08874963432211,-0.0157820588558555,-0.00407888027284169,0.191840416998782,1.44941286988358e-05,-0.00049249444827382,-0.000525146902553361
1.10237243239441,-0.0177709912348638,-0.00408675069724613,0.172305185881452,2.63353487793257e-07,-0.00036658126540642,-0.000495727822981179
1.11291141603842,-0.0196580694020825,-0.0040849967648938,0.151896421635324,-1.59562142313749e-05,-0.000236910262637225,-0.000458771629482147
1.12038231732195,-0.0214346402923865,-0.00407284758436816,0.130669602891185,-3.38353835498979e-05,-0.000103843595160336,-0.000414838955616701
1.12480811810297,-0.0230931651926738,-0.00404970793332381,0.10868332677821,-5.30228825926086e-05,3.2223798981246e-05,-0.000364636682707666
1.12621892539154,-0.0246270353648386,-0.0040151545618644,0.085999186530584,-7.31480276520563e-05,0.000170865176449191,-0.000308998112625012
1.12465189285415,-0.026030395779825,-0.00396892723669208,0.062681642489691,-9.38240875761233e-05,0.000311623999086045,-0.000248861034618388
1.12015118633909,-0.0272979758724384,-0.00391091569249066,0.038797884229976,-0.000114652339157016,0.000454017040207439,-0.000185244466631362
1.11276798941406,-0.0284249251969564,-0.00384114362146067,0.0144176822227575,-0.000135226715776679,0.000597538554553589,-0.000119224784572226
1.10256054341642,-0.0294066512024468,-0.00375975077991586,-0.0103867717675735,-0.000155138921848039,0.000741665396944587,-5.19118574236014e-05
1.08959421505194,-0.0302386559197413,-0.00366697423259621,-0.0355410356517507,-0.000173983910037837,0.000885862911916701,1.55743061024942e-05
1.0739415833269,-0.0309163681368282,-0.00356312970815245,-0.0609685988522152,-0.000191365688494627,0.00102959137705034,8.21260099720487e-05
1.05568253647171,-0.0314349676905065,-0.00344859402155499,-0.0865910739021754,-0.000206903536980372,0.00117231276448659,0.000146669142343622
1.03490436869414,-0.0317891990164537,-0.00332378955127634,-0.112328396366119,-0.000220238865485521,0.00131349758596594,0.000208183081359718
1.01170186572542,-0.0319731723846865,-0.00318917185783462,-0.138099031748493,-0.000231043153686835,0.00145263160000522,0.000265719126504835
0.986177367590503,-0.0319801538107888,-0.00304522171276751,-0.163820188244688,-0.000239027675551604,0.0015892221728006,0.000318417401605171
0.958440800395541,-0.0318023626731731,-0.00289244441517521,-0.189408033387499,-0.000243955744141464,0.00172280415865404,0.000365522211768799
0.928609645591841,-0.0314307248891961,-0.0027313716785066,-0.214777921077518,-0.000245660416643333,0.00185294468786251,0.000406395861199625
0.896808870510417,-0.0308547365519731,-0.00256258133902205,-0.239844617500451,-0.000244066688398684,0.0019792472128404,0.000440530956260755
0.863170773559776,-0.0300623589724626,-0.00238672469262952,-0.264522538033159,-0.000239223252772433,0.00210135357218167,0.000467561254147503
0.827834748392144,-0.029040080977318,-0.00220457014772833,-0.288725991587574,-0.000231344915942441,0.0022189434971715,0.000487271166374243
0.790946952841829,-0.0277732499041835,-0.00201706357740062,-0.312369434725461,-0.000220867788696838,0.00233173008384425,0.000499604105760183
0.752659872380838,-0.0262468291019928,-0.00182540458087632,-0.335367736800076,-0.000208517183966451,0.00243944918247012,0.000504669953623661
0.71313176857953,-0.0244467783357484,-0.00163113301751515,-0.357636457272389,-0.000195383894682006,0.00254184005431937,0.00050275196439612
0.672526004253358,-0.0223622587174203,-0.00143621201096463,-0.379092136320198,-0.000182997011555863,0.00263861446264852,0.000494313294688983
0.631010238958557,-0.0199887881718866,-0.00124308221232837,-0.399652600621927,-0.000173370507578889,0.00272941230148752,0.000480002845805556
0.588755487747939,-0.0173322458197816,-0.00105464962854752,-0.419237290229832,-0.000168988716901833,0.00281374474902953,0.000460659015508417
0.545935063161259,-0.0144132854587709,-0.000874165952877842,-0.43776760877413,-0.000172687720986188,0.0028909324098874,0.000437308209659439
0.502723372510419,-0.0112710159072364,-0.0007049646351535,-0.455167326726937,-0.000187400154584353,0.00296005214386731,0.000411152859810781
0.459294636901234,-0.00796458324245483,-0.000550064571006209,-0.471363038035087,-0.000215762214648563,0.00301991575898433,0.000383542527343407
0.415821545181193,-0.00457112195266382,-0.000411708588639842,-0.486284691791211,-0.000259644472270781,0.00306910251038253,0.000355922911093505
0.372473889129797,-0.00117943590633403,-0.000290969366776402,-0.499866193004503,-0.000319729891123603,0.00310605658781712,0.000329762620432584
0.32941721384711,0.00211970400741547,-0.000187570684218137,-0.51204604408033,-0.000395285733182189,0.00312923790481579,0.000306465325514752
0.286811501427381,0.00524421670674441,-0.000100011114288651,-0.522767976865239,-0.000484226664836497,0.00313729073947566,0.000287281668009196
0.244809892840017,0.00812932578082266,-2.59595512060732e-05,-0.531981519655836,-0.000583457886245402,0.00312918483177726,0.000273236760096581
0.203557439148274,0.0107319863038748,3.72153759531006e-05,-0.539642465625566,-0.000689380240653589,0.0031042947918887,0.00026508379999221
0.163189980850081,0.0130306977100577,9.1954729306672e-05,-0.545713192304356,-0.000798396949444047,0.00306240955849711,0.000263286064108519
0.123833053314762,0.0150218924895108,0.000140180654622371,-0.550162906559876,-0.00090729489279242,0.00300368676705562,0.000268021080399547
0.0856010016946666,0.0167147136795818,0.00018316977162639,-0.552967770049525,-0.00101345130523011,0.00292857950164013,0.00027919934049523
0.0485962855351552,0.0181258278818431,0.000221594521489751,-0.554110950372972,-0.00111488322907834,0.002837759680068,0.000296490100515183
0.012909011024643,0.0192752379980194,0.000255666404928222,-0.553582602775325,-0.00121019225455276,0.00273205326438971,0.000319350083350737
-0.0213832885737167,0.0201834128604054,0.000285315793306968,-0.551379781704392,-0.00129845957936988,0.00261239264870045,0.000347053551153109
-0.054215688482844,0.0208695930966757,0.000310365614936034,-0.547506312288272,-0.00137913226382645,0.0024797852246674,0.000378723181280909
-0.0855356122278854,0.0213510328323182,0.000330668022305894,-0.541972565370712,-0.00145192289178023,0.00233529383572993,0.000413362878914857
-0.115302427113562,0.0216428128629696,0.000346201626242377,-0.534795202451775,-0.00151673176078133,0.00218002482188616,0.000449891605097749
-0.143486850561523,0.0217579967397889,0.000357127668531402,-0.525996865345388,-0.00157359147470268,0.00201511985246379,0.000487178236353814
-0.170070208022141,0.0217079471001833,0.000363811608825594,-0.51560582671982,-0.00162263013234953,0.0018417489358341,0.000524076482541691
-0.195043571148193,0.0215026910601453,0.000366817492751526,-0.503655612525424,-0.00166404818075858,0.00166110299799992,0.000559458729601282
-0.218406806109361,0.0211512722945708,0.000366882286609277,-0.490184607955449,-0.00169810438408208,0.00147438520983176,0.000592247594434846
-0.240167561972241,0.0206620594300024,0.000364876526990446,-0.475235658666755,-0.00172510729788429,0.00128280080872135,0.000621444053688778
-0.260340228851668,0.0200429995806711,0.00036175665309279,-0.458855678110558,-0.00174540965323517,0.00108754554382581,0.000646151199081573
-0.27894489425407,0.0193018164549374,0.000358513479647796,-0.441095270616416,-0.00175940393423114,0.000889793128859961,0.000665592937375848
-0.296006323920819,0.0184461577105527,0.00035612048738242,-0.422008378356269,-0.0017675181167563,0.000690682244962105,0.00067912725666075
-0.311552991320445,0.0174836984001445,0.000355484935977106,-0.401651958298375,-0.00177021103396366,0.00049130371423507,0.000686253991959422
-0.32561617672996,0.016422207878489,0.000357404201326187,-0.380085693643617,-0.00176796717636658,0.000292688483994974,0.000686617315604873
-0.338229153785717,0.0152695872643716,0.000362529165335769,-0.357371742418682,-0.0017612909584331,9.579702197712e-05,0.000680003433220197
-0.349426477975428,0.0140338839591105,0.000371335918842661,-0.333574524634028,-0.00175070061937735,-9.84893605610941e-05,0.00066633417030441
-0.359243388154023,0.0127232890465857,0.000384106473404486,-0.308760548668083,-0.00173672199774485,-0.000289374858979633,0.000645657279558417
-0.367715329005645,0.011346122755303,0.000400918628414673,-0.282998277661182,-0.00171988244550424,-0.000476152938813849,0.00061813438299787
-0.37487759959417,0.00991081257546358,0.000421644633274316,-0.256358037817975,-0.00170070514095966,-0.000658207399203997,0.000584027487297448
-0.380765131065198,0.00842586810115137,0.00044595785048382,-0.228911972835108,-0.00167970403105232,-0.000835010763113898,0.000543684981833074
-0.385412395569517,0.0068998560790099,0.000473346297669478,-0.200734050277405,-0.00165737958849093,-0.00100612015610941,0.000497527950757462
-0.388853448401037,0.00534137830906147,0.000503131749931053,-0.171900123531736,-0.00163421551082523,-0.00117117096851448,0.000446037504655242
-0.391122105592791,0.00375905244257445,0.000534493062294033,-0.142488018600387,-0.00161067640076141,-0.00132986885333112,0.000389743611267484
-0.392252249501598,0.00216148807109204,0.000566492571647174,-0.112577483084523,-0.00158720631346234,-0.00148198122279002,0.000329215426253636
-0.392278203472021,0.000557235865441314,0.00059810478890193,-0.0822495533567732,-0.00156422784948351,-0.00162733036641249,0.000265052241957608
-0.391235014429777,-0.00104530811579128,0.000628246328778221,-0.0515849322205608,-0.00154214163394762,-0.00176578931837413,0.000197873940924306
-0.389158527627428,-0.00263798655431385,0.000655804354274377,-0.0206623496855609,-0.00152132713688304,-0.00189727536020468,0.000128312899884283
-0.386085482894411,-0.00421285561199647,0.000679660816809262,0.0104411948729027,-0.00150214609902166,-0.00202173441003001,5.70118492092266e-05
-0.382053949720918,-0.00576207988902972,0.000698713554746616,0.041648691080132,-0.0014849476780313,-0.00213912108123185,-1.53729169220828e-05
-0.377104034443887,-0.00727785698699632,0.000711896975376424,0.0728818792765216,-0.00147007340501568,-0.00224938370287777,-8.81681163383812e-05
-0.371278616688339,-0.00875239662732699,0.000718202869407632,0.104061032423129,-0.00145786153817073,-0.00235245505478421,-0.000160682099644255
-0.364624012757336,-0.0101779229720139,0.00071670065779865,0.135105190582303,-0.00144865122298995,-0.00244824553699646,-0.00023220506316775
-0.357190563126079,-0.0115466798539621,0.000706556667497765,0.165932456675156,-0.00144278660913244,-0.00253663713671932,-0.000302010564924336
-0.349033151645551,-0.0128509340079764,0.000687052330193286,0.196460248689319,-0.00144062079869571,-0.00261747801335629,-0.000369358645555521
-0.3402116541724,-0.0140829763683649,0.000657601185577207,0.226605505665033,-0.00144251941056551,-0.00269057794414911,-0.000433501055312051
-0.330791307306474,-0.0152351217627016,0.000617764399784039,0.256284861691212,-0.00144886354115683,-0.00275570491374689,-0.000493689053083962
-0.320842983953949,-0.0162997065295415,0.000567264282677325,0.285414802328241,-0.00146005192930015,-0.00281258311328993,-0.000549184121977559
-0.310443361232137,-0.017269082367244,0.000505995050316709,0.313911813184348,-0.00147650218457543,-0.00286089258378986,-0.000599271768033454
-0.299674966037357,-0.0181356034068621,0.000434029864443216,0.341692528227551,-0.00149865101272934,-0.00290027070670911,-0.000643278357633632
-0.28862608423634,-0.0188916019824352,0.000351623017517873,0.368673884467188,-0.0015269534697406,-0.00293031569406773,-0.000680590709828852
-0.277390520887227,-0.0195293467694706,0.0002592060498895,0.394773289360467,-0.00156188139251862,-0.00295059214998011,-0.000710677903216875
-0.266067201053657,-0.0200409747867096,0.000157376611015098,0.419908807449027,-0.00160392127813173,-0.0029606386573056,-0.000733114498027361
-0.254759613242502,-0.0204183987101009,4.68818126828324e-05,0.443999369505944,-0.00165357209178292,-0.00295997694416321,-0.000747604212377985
-0.243575046008763,-0.0206531137891784,-7.14182454692664e-05,0.466965028727285,-0.00171134298824331,-0.0029481234210255,-0.000754002422483954
-0.232623703674791,-0.0207360051627679,-0.000196580437287414,0.488727238113975,-0.00177775227253591,-0.00292460009208003,-0.00075233683309947
-0.222017625687573,-0.0206570168785492,-0.000327627509635623,0.509209185250663,-0.00185332697402759,-0.00288894629781797,-0.000742824164681656
-0.211869458984075,-0.0204047106294639,-0.000463601817016499,0.528336174577633,-0.00193860326352304,-0.00284072903545228,-0.000725881785002641
-0.202291093208095,-0.0199656702706488,-0.000603623526056497,0.5460360617992,-0.00203412661181827,-0.00277955077937035,-0.000702132964277547
-0.193392182175796,-0.0193237162059908,-0.000746948542018451,0.56223973963633,-0.00214044926104878,-0.00270505339532235,-0.00067240476178845
-0.185278581153801,-0.0184588967290322,-0.0008930186869626,0.576881671056553,-0.00225812033998177,-0.0026169168019179,-0.000637717913412949
-0.178050735316805,-0.0173462398286713,-0.00104149280728831,0.589900462903452,-0.00238766059216549,-0.00251485138387674,-0.000599268512637435
-0.171802059749541,-0.0159542926459008,-0.00119224219960699,0.601239469845575,-0.00252950896988717,-0.00239858401968115,-0.000558401699869794
-0.166617354645906,-0.0142435698538295,-0.00134528701467653,0.610847416544689,-0.00268392238937497,-0.00226783930168593,-0.000516577895361255
-0.162571299800765,-0.0121652111737183,-0.001500643094171,0.618679025268455,-0.00285080383268778,-0.00212232061339426,-0.00047533218532084
-0.15972706805222,-0.00966045281523081,-0.0016580442697411,0.624695637321473,-0.00302943099463909,-0.00196170077806934,-0.000436227119629142
-0.15813508481606,-0.00666197008792929,-0.00181651110734977,0.628865820065094,-0.00321806505124228,-0.00178563926680848,-0.00040079825172654
-0.157831936916519,-0.00309868609581863,-0.00197376722834163,0.631165956024535,-0.00341344945759549,-0.00159385132993894,-0.000370490313242862
-0.158839398140307,0.00109400781248072,-0.00212557691401402,0.631580813679537,-0.00361027752554763,-0.00138625943734819,-0.000346580632929848
-0.161163502342881,0.00595712788683519,-0.0022652022955293,0.630104094311557,-0.00380082046938028,-0.00116324927341623,-0.000330087037953516
-0.164793591707711,0.0114847286811227,-0.00238332436742475,0.626738926328426,-0.0039750311552036,-0.000926017484817556,-0.000321662862844806
-0.16970135577399,0.0175992699238517,-0.00246883069956992,0.621498232866345,-0.00412146911880294,-0.000676929997310281,-0.000321493965697816
-0.175840094235826,0.024135809139072,-0.00251067467674702,0.61440484448186,-0.00422917940663994,-0.000419731507219558,-0.000329228793676177
-0.183144698756353,0.0308468378908895,-0.0025004804490868,0.605491213635137,-0.00429015329429556,-0.000159425013871501,-0.00034398068268511
-0.191532951485233,0.0374334673087403,-0.00243494637855826,0.594798648691585,-0.00430145573142746,9.82570110670348e-05,-0.00036442562393324
-0.200908272656641,0.0435953524303897,-0.00231693289749015,0.582376190119294,-0.00426601474909521,0.000347659346204188,-0.000388980116301103
-0.211163509554766,0.049080828685529,-0.00215470568508245,0.568279360723387,-0.00419167896173928,0.000583990823892825,-0.000416002301489673
-0.222184823898835,0.0537188823818655,-0.00195978046665837,0.552569066331872,-0.00408905938472138,0.000803807707886841,-0.00044395398445122
-0.233854760375038,0.0574256518666425,-0.00174442128127965,0.535310813523991,-0.00396916397422694,0.00100509694453489,-0.000471487628253871
-0.246054294322346,0.0601908960331501,-0.00151970210132235,0.516574189567206,-0.00384165338329021,0.00118705042193229,-0.000497464767636037
-0.25866404474173,0.0620553683184229,-0.00129449740371394,0.496432487336538,-0.00371400123524489,0.0013497078967679,-0.000520933149460309
-0.271565065382437,0.0630885190811122,-0.00107528009594706,0.474962356644547,-0.00359140090706496,0.00149361325459263,-0.000541091211398672
-0.284639536328906,0.0633713758505959,-0.000866404919213626,0.452243421425667,-0.00347709725478712,0.00161955508801946,-0.000557257264803491
-0.297771506839227,0.0629855527512739,-0.000670580180259782,0.428357854051088,-0.00337286398205998,0.00172840218264899,-0.000568849357351507
-0.310847705821929,0.0620073124397908,-0.000489340745347004,0.403389924877833,-0.00327945933143076,0.00182101460055263,-0.000575374983465002
-0.323758370702477,0.0605050650825862,-0.000323437715209697,0.37742555125903,-0.00319699023283727,0.00189820431234139,-0.000576427356456643
-0.336398030830761,0.0585388949905737,-0.000173124905665005,0.350551866062348,-0.00312517376054053,0.0019607236310639,-0.000571684987541576
-0.348666192412935,0.0561611249180896,-3.83530899975733e-05,0.322856818272863,-0.00306351101908198,0.00200926677746977,-0.000560912263828444
-0.36046788990528,0.0534173106334404,8.11071430451819e-05,0.294428812131544,-0.00301139564261819,0.00204447603971478,-0.000543959736114793
-0.371714085943417,0.050347332208883,0.000185593276742152,0.265356386338655,-0.00296817734554074,0.00206694823664897,-0.000520763605240253
-0.382321925049705,0.0469864273388719,0.000275513938285869,0.235727926917582,-0.00293319653146699,0.00207723974253119,-0.000491344451744421
-0.39221479354837,0.0433660635513455,0.000351328311717753,0.205631433190381,-0.00290580040676586,0.00207586983769119,-0.000455805094276788
-0.401322307293583,0.0395147163093387,0.000413546598669049,0.175154281863217,-0.00288534967652571,0.00206332250223967,-0.00041432864432834
-0.409580122813511,0.0354584778068024,0.000462731567045259,0.144383035720629,-0.00287121882547241,0.00204004744671666,-0.000367176259929895
-0.416929651166789,0.0312215592001205,0.000499504589013478,0.113403261620344,-0.0028627937847913,0.00200646086820375,-0.000314685240697971
-0.423317677047763,0.0268266965226251,0.000524552055798041,0.0822993552347722,-0.00285946846760886,0.00196294648752989,-0.000257267466141202
-0.428695898188726,0.0222954777782445,0.000538630519395448,0.0511543626277611,-0.00286064110759966,0.00190985727976174,-0.000195408136058593
-0.433020397094307,0.0176486059999173,0.000542569549824893,0.0200497910660919,-0.00286571088709564,0.00184751818269816,-0.000129664648005035
-0.436251053002252,0.012906111775216,0.000537271761445772,-0.0109345868146363,-0.00287407507648871,0.00177622996897553,-6.06653637574145e-05
-0.438350899219342,0.0080875332780054,0.00052370985450574,-0.0417208872969261,-0.00288512673698234,0.00169627449098422,1.08919547744009e-05
-0.439285442544174,0.00321209988201352,0.000502920964662005,-0.0722330629697793,-0.00289825288507367,0.00160792187714677,8.42420014823984e-05
-0.439022017063336,-0.00170102071498765,0.000475999147765866,-0.102396345904726,-0.00291283288562079,0.00151144100224862,0.000158553698919148
-0.437529328827246,-0.00663238963068739,0.000444086894108034,-0.132136143432992,-0.00292823703116956,0.00140711427204277,0.000232932225344642
-0.434777287599715,-0.011562004896557,0.000408365289473424,-0.1613772108589,-0.00294382602656513,0.00129525442429181,0.000306424124182724
-0.430736957966345,-0.016469218240978,0.000370041254247409,-0.190044052487631,-0.00295895239427533,0.0011762185202337,0.000378028866527495
-0.425380385125118,-0.021332807199399,0.000330331735973252,-0.218062134990698,-0.00297296381088854,0.0010504180089555,0.000446716365145481
-0.418680290839697,-0.0261310165726886,0.000290446799964424,-0.245358816811395,-0.00298520768170725,0.000918327745334093,0.000511447534441775
-0.410609786138354,-0.0308414997346805,0.000251573206552367,-0.271863672521204,-0.0029950367644079,0.000780495471364442,0.000571196706592386
-0.401142195188106,-0.0354411928548433,0.000214858648692443,-0.297508479182884,-0.0030018162692182,0.00063755093999376,0.00062497621303995
-0.390251015381596,-0.0399061579548107,0.000181395956385758,-0.322227106725706,-0.00300493312140986,0.000490213423049588,0.000671863267456081
-0.377910012873719,-0.0442114125582782,0.000152205997368978,-0.345955415548999,-0.00300380828110405,0.000339296660597476,0.000711028702239358
-0.364093449280955,-0.0483307575449219,0.000128217347368969,-0.368631190412469,-0.00299791336155201,0.000185710608127789,0.000741766670552081
-0.348776434977155,-0.052236621867256,0.000110240044263214,-0.390194115617958,-0.00298679328894066,3.04594848152858e-05,0.000763524146607621
-0.331935401286673,-0.0558999616021049,9.8930028245258e-05,-0.410585793821481,-0.00297009731271328,-0.000125364393345461,0.000775928892015939
-0.313548679244447,-0.0592902811469263,9.4740564758457e-05,-0.429749809648556,-0.00294762106352091,-0.000280591700606713,0.000778814474890658
-0.293597163966118,-0.0623758882241358,9.78576684656e-05,-0.447631840719715,-0.002919362042597,-0.00043399326013665,0.000772240936331818
-0.272065033701698,-0.0651245471109921,0.000108119323146286,-0.464179818081553,-0.00288558897718618,-0.000584305095050307,0.000756509774943826
-0.24894048255015,-0.067504739484613,0.000124924480767793,-0.479344137110678,-0.00284692056178922,-0.000730263879552378,0.000732172025373313
-0.224216419774496,-0.0694877394065634,0.000147148493377249,-0.493077920004579,-0.00280439999108089,-0.000870655401710937,0.00070002827162587
-0.197891096529518,-0.071050590168678,0.00017309594209078,-0.505337331205758,-0.00275953871605079,-0.00100437704619356,0.00066111938835498
-0.169968652146148,-0.072179762425749,0.000200534349174028,-0.516081948630204,-0.00271429045905503,-0.00113051068103496,0.000616706651595523
-0.140459631026156,-0.072874768626599,0.000226851199400821,-0.52527519450716,-0.00267091526199257,-0.0012483943132129,0.000568239814022728
-0.109381590121215,-0.0731504825909699,0.000249347782202859,-0.532884826589018,-0.00263171697176236,-0.00135767199428548,0.000517312269579883
-0.0767599487779059,-0.0730367638031037,0.000265623548152061,-0.538883479797963,-0.00259869084599067,-0.00145829813939822,0.00046560404621585
-0.0426291711442806,-0.072574625473099,0.000273938736390521,-0.543249230630132,-0.00257318048064795,-0.0015504818795931,0.000414816012936464
-0.00703421071539489,-0.0718095754876191,0.000273419976375519,-0.545966139717383,-0.00255567032774803,-0.00163457960157853,0.000366601268348276
0.0299680318486805,-0.0707841504355699,0.000264027586016716,-0.547024724238724,-0.00254579687432478,-0.00171096779453442,0.000322500509236144
0.068307558891298,-0.0695320671671538,0.000246310498509071,-0.546422326590047,-0.00254256498154208,-0.00177993705196336,0.000283886480003179
0.107900667009114,-0.068075526067913,0.000221063660308376,-0.544163369923012,-0.00254466975285088,-0.00184163516248684,0.000251919459853802
0.148649933069288,-0.0664257001318402,0.000189018611782959,-0.540259509903324,-0.00255080221341998,-0.00189606288185597,0.000227513183544123
0.190444696585335,-0.0645853232496185,0.00015064786316968,-0.534729697061189,-0.00255985765817867,-0.00194310657413929,0.00021130978449789
0.233161881718229,-0.0625520084254237,0.000106095836809507,-0.527600158894193,-0.00257102689383381,-0.00198258586560714,0.000203662935065313
0.276667023858215,-0.060321276591566,5.52039590224138e-05,-0.518904303617465,-0.00258379454821112,-0.00201429916581745,0.000204629266011337
0.320815417505236,-0.0578888133798953,-2.41532824259068e-06,-0.508682543789996,-0.00259788378612763,-0.00203805827819126,0.000213968612827
0.365453345302935,-0.0552518885733844,-6.72925151984778e-05,-0.496982039021425,-0.00261318176037166,-0.00205371016581156,0.000231153511246475
0.410419370911386,-0.0524100877408424,-0.000140024787100783,-0.483856360636938,-0.00262966776744899,-0.00206114766110149,0.000255387865555074
0.455545683964428,-0.0493655641910538,-0.000221218518506367,-0.469365085489997,-0.00264735464808935,-0.00206031211902419,0.000285634114811902
0.500659481869655,-0.0461229965821801,-0.000311451267226937,-0.453573329739543,-0.00266624636141217,-0.00205119087460135,0.000320647706550521
0.545584368163445,-0.0426893882125507,-0.000411250119530236,-0.436551235559889,-0.00268631066622252,-0.00203381176116723,0.000359017334772407
0.590141743521496,-0.0390737963782833,-0.000521082054640341,-0.418373424506207,-0.00270746427271702,-0.00200823633199902,0.000399209221112427
0.634152164435164,-0.0352870439630525,-0.000641352223720026,-0.399118430908352,-0.00272956756601978,-0.00197455295868332,0.000439613693354489
0.677436646107303,-0.0313414412286125,-0.000772406812948485,-0.378868127486211,-0.00275242630673098,-0.00193287065735796,0.0004785924099204
0.719817889779861,-0.02725053097914,-0.000914538016523144,-0.357707153576385,-0.00277579817996664,-0.00188331426983519,0.000514524755978414
0.761121418969292,-0.0230288619296257,-0.00106798937620937,-0.335722354529154,-0.00279940251177636,-0.00182602145061582,0.000545852160999683
0.801176613427612,-0.0186917907811972,-0.00123296029236765,-0.313002239160878,-0.0028229318407834,-0.0017611417483629,0.000571119329153143
0.83981763421916,-0.0142553114457459,-0.00140960889656305,-0.289636460436839,-0.00284606432047122,-0.00168883790364522,0.000589011609753679
0.876884236706593,-0.0097359091006814,-0.00159805274132219,-0.265715323409187,-0.00286847615097739,-0.00160928931206292,0.00059838794735937
0.912222471695725,-0.00515043650718149,-0.00179836696621592,-0.241329323069463,-0.00288985342072967,-0.00152269742746455,0.000598309030543359
0.945685277272582,-0.000516010077671763,-0.00201057977768512,-0.216568713878596,-0.00290990289428344,-0.00142929271689761,0.000588060399793168
0.977132965584771,0.00415007671083966,-0.00223466526156539,-0.191523111929209,-0.00292836142441411,-0.00132934263878184,0.000567170378847658
1.00643361061973,0.00883042491678394,-0.00247053374106986,-0.16628112965428,-0.00294500379775796,-0.00122316000862481,0.000535422764030176
1.03346334389543,0.0135075890141269,-0.00271802008586787,-0.140930042419255,-0.00295964894133051,-0.00111111105327794,0.00049286424799466
1.05810656596581,0.0181641252652984,-0.00297687055501382,-0.11555548571803,-0.00297216451634783,-0.000993622438602065,0.000439806575319217
1.08025608262168,0.0227826317695596,-0.00324672889770681,-0.0902411810599366,-0.00298246999780282,-0.00087118658723604,0.00037682343380801
1.09981317523333,0.0273457822673126,-0.00352712251899344,-0.0650686884569998,-0.00299053837561646,-0.000744364682724229,0.000304742085380457
1.11668761485993,0.0318363555972124,-0.00381744953293244,-0.0401171837750022,-0.00299639661173508,-0.000613786879441844,0.000224629741993534
1.13079762993281,0.0362372624929601,-0.00411696747712383,-0.0154632598324964,-0.00300012494831481,-0.000480149397094679,0.000137774702893654
1.14206983750303,0.0405315712682032,-0.0044247843698503,0.0088192495030804,-0.00300185509193191,-0.000344208363468032,4.56622947915403e-05
1.15043914742313,0.0447025336537246,-0.00473985265899897,0.0326594216394457,-0.00300176721062919,-0.000206770478092931,-5.00542911365909e-05
1.15584864813984,0.0487336118086552,-0.00506096647452634,0.0559893721837658,-0.00300008559344094,-6.86807889761441e-05,-0.000147588087652644
1.15824948240765,0.0526085074285592,-0.00538676247993767,0.0787443541786538,-0.00299707275773802,6.91919091974591e-05,-0.000245057068028069
1.15760072048416,0.0563111937621329,-0.00571572452737282,0.10086282696446,-0.00299302176975488,0.00020597134218803,-0.000340527033253333
1.15386923790136,0.059825951339451,-0.00604619226521026,0.122286492496103,-0.00298824658627407,0.000340790801121894,-0.000432058014362888
1.1470296044025,0.063137408257576,-0.0063763738169983,0.14296029832739,-0.00298307034075788,0.000472809951290153,-0.000517753305281348
1.13706399040674,0.0662305858678377,-0.00670436261945942,0.162832408307163,-0.00297781168440321,0.000601230328994123,-0.000595809992700934
1.12396209723357,0.0690909507053625,-0.00702815845775958,0.181854144675485,-0.00297276953728932,0.000725308474473285,-0.000664569602946689
1.10772111690591,0.0717044734950181,-0.00734569264889606,0.199979908682145,-0.00296820687917565,0.00084436577389288,-0.000722567267774286
1.08834572652853,0.0740576958386721,-0.00765485716442318,0.217167089569148,-0.00296433447563343,0.000957794306703194,-0.000768577644868143
1.0658481216308,0.0761378047877233,-0.00795353724937137,0.233375973533923,-0.00296129564936844,0.00106505830926439,-0.000801655744829784
1.04024809011692,0.0779327151408319,-0.00823964682605522,0.248569666242548,-0.00295915332734624,0.00116569125857758,-0.000821170841632689
1.01157312686748,0.0794311586556836,-0.00851116565454383,0.262714041489636,-0.00295788059033227,0.00125928899540657,-0.000826831785514425
0.97985858635756,0.0806227787743029,-0.00876617693135854,0.275777726646835,-0.0029573558100575,0.0013454997090302,-0.000818702303955682
0.945147866142641,0.0814982291018678,-0.00900290381504213,0.287732133280566,-0.00295736318692231,0.00142401194807878,-0.00079720525675574
0.90749261282959,0.0820492734915299,-0.0092197432600921,0.298551536117789,-0.0029575991289435,0.00149454203588674,-0.000763115275967777
0.866952938854871,0.0822688857117396,-0.00941529562345234,0.308213199567607,-0.00295768448583412,0.00155682234464502,-0.000717539741229998
0.823597636374613,0.0821513471330432,-0.00958838875913321,0.316697546841804,-0.00295718222349625,0.00161059179304488,-0.000661888571820219
0.777504375669146,0.0816923417286469,-0.00973809571406326,0.323988362792595,-0.00295561974448856,0.00165558968574415,-0.000597833821782891
0.72875987521868,0.0808890489895445,-0.0098637456675006,0.330073019683378,-0.00295251476512494,0.00169155365043256,-0.000527260505625071
0.677460031008223,0.0797402368671956,-0.00996492832624065,0.334942714209314,-0.00294740346537491,0.00171822198954638,-0.000452210433919716
0.623709995951858,0.0782463584527876,-0.0100414925099103,0.338592703963154,-0.00293986952785091,0.00173534030428343,-0.000374821091706192
0.567624186832716,0.0764096581892187,-0.0100935402307496,0.341022525379878,-0.00292957258267164,0.00174267180144288,-0.000297261833022258
0.509326287122343,0.0742342893837947,-0.0101214166960821,0.342236219360949,-0.00291627500786181,0.00174001051052456,-0.000221669151962807
0.448949098480622,0.0717264574581211,-0.0101256994257904,0.342242487533901,-0.002899864969471,0.00172719603485396,-0.00015008412157667
0.386634377790832,0.0688945826757634,-0.010107185387216,0.341054840021644,-0.00288037502832722,0.00170412884171134,-8.43931681591632e-05
0.32253259021688,0.0657494872936949,-0.0100668776139384,0.338691696122872,-0.00285799453627212,0.00167078475662198,-2.62744795499565e-05
0.256802591284284,0.062304599387954,-0.0100059707732653,0.335176439262969,-0.00283307449860452,0.00162722756930012,2.28484173113818e-05
0.189611240096322,0.0585761583910485,-0.0099258346832486,0.330537421845563,-0.00280612361573822,0.0015736188092112,6.18445851946878e-05
0.121132944942435,0.0545833974190068,-0.00982799427045434,0.324807916479309,-0.00277779450224762,0.00151022395510205,8.99041249364575e-05
0.0515491447162455,0.05034866767553,-0.00971410430801927,0.318026011236036,-0.00274885962690769,0.00143741456400078,0.00010655651841066
-0.0189522680555717,0.0458974629011342,-0.00958591762780087,0.310234448473791,-0.00272017736718998,0.00135566603560153,0.000111678619654159
-0.0901775755081909,0.0412582997784583,-0.00944524640142874,0.301480409039813,-0.00269264969803922,0.00126555097355885,0.000105492425539719
-0.161927893850205,0.0364624174543551,-0.00929391758256788,0.291815252466218,-0.00266717428899324,0.00116772841439415,8.85531973326028e-05
-0.23399992770917,0.0315432670478447,-0.00913372430616844,0.281294186315397,-0.00264459505578952,0.0010629292932941,6.17282988958022e-05
-0.306186667539261,0.0265358062755276,-0.00896637856724409,0.269975941791309,-0.00262565581069197,0.000951939414607297,2.61686991409207e-05
-0.378278175549024,0.0214756185848718,-0.00879346848078958,0.257922393381221,-0.00261096196893858,0.000835580753004322,-1.67265810119661e-05
-0.450062379628002,0.0163979253622611,-0.00861642546786829,0.245198167697823,-0.00260095440601772,0.000714692730465469,-6.53513153822325e-05
-0.521325886951262,0.0113365747182999,-0.00843650482815986,0.231870241392127,-0.00259589804390787,0.000590114941495539,-0.000117937040483662
-0.591854814261617,0.00632310075497589,-0.00825478145137292,0.218007533239623,-0.00259588565409292,0.000462672677132568,-0.000172600959770038
-0.66143562969712,0.00138594044368294,-0.00807216019893518,0.203680493472175,-0.00260085518468805,0.000333166210771626,-0.000227395723912659
-0.729855999693705,-0.00345012628022657,-0.00788939840051415,0.188960691568443,-0.0026106171198457,0.00020236424886096,-0.000280360158412208
-0.796905634366681,-0.00816427870949311,-0.0077071364104034,0.173920402435068,-0.00262488732355446,7.10013251448339e-05,-0.000329570115835242
-0.862377123390429,-0.0127396987419587,-0.00752593152214212,0.158632190935971,-0.00264332065199872,-6.02216381343425e-05,-0.000373188684741708
-0.926066755383197,-0.0171633835231364,-0.00734629075254502,0.143168495349306,-0.0026655412498961,-0.000190634761357504,-0.000409514983615834
-0.987775313946947,-0.0214257756110672,-0.00716869890022115,0.127601211929621,-0.00269116661668676,-0.000319595931111141,-0.000437030708655687
-1.04730884495086,-0.0255202686422389,-0.00699363955903518,0.112001284407336,-0.00271982391222025,-0.0004464880131863,-0.000454443507927634
-1.10447939045341,-0.0294426466197143,-0.00682160812891032,0.096438303955432,-0.002751158275181,-0.000570717444938295,-0.00046072614551968
-1.15910568466175,-0.0331905081322482,-0.00665311708141473,0.0809801265469537,-0.00278483395240127,-0.000691714660656794,-0.000455150326028451
-1.2110138088188,-0.0367627162932834,-0.0064886946583611,0.0656925148970168,-0.00282052969866166,-0.000808936329721544,-0.000437313999023825
-1.26003780201678,-0.0401589034658873,-0.00632887876425381,0.050638811974341,-0.00285793021196288,-0.000921868950692409,-0.000407160973905763
-1.30602022539377,-0.0433790489130465,-0.00617420806534199,0.0358796520686448,-0.00289671538840844,-0.00103003301304748,-0.000364991761276462
-1.34881267842496,-0.0464231384172173,-0.00602521227793254,0.0214727136791902,-0.00293654900972485,-0.00113298675613718,-0.000311464720902937
-1.38827626583823,-0.0492909078201366,-0.00588240339176899,0.00747251704300367,-0.0029770682075331,-0.00123032853675048,-0.000247586836466318
-1.42428201492236,-0.0519816674481489,-0.00574626919290941,-0.0060697326538085,-0.00301787476003059,-0.00132169696675131,-0.00017469374155125
-1.45671124394835,-0.0544942010988388,-0.00561726999711045,-0.019106256724042,-0.0030585290174931,-0.00140676827519574,-9.44189769221257e-05
-1.4854558820099,-0.0568267312696955,-0.00549583904105569,-0.0315927699705435,-0.00309854704296975,-0.00148525074375729,-8.65285217592807e-06
-1.51041874126451,-0.0589769414692039,-0.00538238654093045,-0.0434885046747388,-0.00313740139202905,-0.00155687651558796,8.05083023232618e-05
-1.53151374259202,-0.0609420463706456,-0.0052773070514391,-0.0547561932859378,-0.00317452581589039,-0.00162139152370424,0.000170821287895165
-1.54866609570563,-0.0627189010251615,-0.00518098945661658,-0.0653620118676968,-0.00320932402330654,-0.0016785446671145,0.000259961977378302
-1.56181243535848,-0.0643041411348603,-0.00509382869728764,-0.0752754873486729,-0.00324118244748562,-0.00172807762750102,0.000345596039490311
-1.57090091607856,-0.0656943471970286,-0.00501623818754699,-0.0844693731796581,-0.00326948671491705,-0.0017697168206135,0.00042545210244208
-1.57589126919112,-0.0668862259761236,-0.00494866178763376,-0.0929195003149449,-0.00329364120520585,-0.00180316888839147,0.000497394738454169
-1.57675482756346,-0.0678768030766405,-0.00489158418231475,-0.100604613314955,-0.00331309075083828,-0.00182812085558977,0.000559494475570302
-1.57347452474125,-0.0686636202428221,-0.00484553857117433,-0.107506203863885,-0.00332734319970118,-0.00184424561719273,0.000610091991268522
-1.56604487620177,-0.0692449305558435,-0.00481111071294687,-0.113608356064969,-0.0033359913139168,-0.00185121284045413,0.000647853744767754
-1.55447195057054,-0.0696198840737509,-0.00478893858868627,-0.118897618542759,-0.0033387323644499,-0.00184870472667472,0.0006718165753738
-1.5387733374702,-0.0697886959481678,-0.00477970725372271,-0.123362917203058,-0.00333538384438999,-0.00183643546696867,0.000681419234009305
-1.51897811643688,-0.0697527889840035,-0.00478413881582722,-0.126995519512667,-0.00332589397703109,-0.00181417273016992,0.000676519408127889
-1.49512682829601,-0.0695149031987287,-0.00480297787366455,-0.129789056419819,-0.00331034611280909,-0.00178175921196391,0.000657395507586276
-1.46727144668921,-0.069079166309339,-0.0048369731291322,-0.131739602392399,-0.00328895663375468,-0.00173913219891535,0.000624733247898226
-1.43547534369667,-0.0684511211300253,-0.00488685620387587,-0.132845808143138,-0.00326206653542658,-0.00168633926964068,0.000579597832139557
-1.39981324136721,-0.0676377084042012,-0.00495331890273849,-0.133109075376787,-0.00323012735266667,-0.00162354864374512,0.000523393231651582
-1.36037113916418,-0.0666472062654353,-0.0050369902544694,-0.132533759205345,-0.00319368246797392,-0.00155105323699143,0.000457810641316079
-1.31724620684941,-0.0654891299839419,-0.00513841462054813,-0.131127382020635,-0.00315334505134159,-0.00146926811120182,0.000384768598999836
-1.27054663430915,-0.0641740976669957,-0.00525803201018855,-0.128900842679092,-0.00310977392505624,-0.00137872163882224,0.000306347494651135
-1.22039143125898,-0.0627136689348324,-0.00539616150783715,-0.12586860659798,-0.00306364855071629,-0.00128004125535129,0.000224721250692309
-1.16691017332551,-0.0611201643441395,-0.00555298843639056,-0.122048865264875,-0.00301564414922386,-0.00117393509739023,0.000142088855582124
-1.11024269303797,-0.059406473477432,-0.0057285555854595,-0.117463656960603,-0.0029664077397662,-0.00106117108238615,6.06082021007211e-05
-1.05053871695175,-0.0575858593809821,-0.00592275854737455,-0.112138943780726,-0.00291653567267928,-0.000942555074852276,-1.76656392365746e-05
-0.987957452511313,-0.0556717665307921,-0.00613534494582523,-0.106104642809359,-0.00286655306663376,-0.000818909714886442,-9.08359594939848e-05
-0.922667128430849,-0.0536776387923795,-0.00636591712923246,-0.0993946112597805,-0.00281689545627664,-0.000691055281053614,-0.000157212418706403
-0.854844492955326,-0.0516167530372951,-0.00661393773581299,-0.092046586653162,-0.0027678929110357,-0.00055979366245076,-0.000215350583945215
-0.784674274552423,-0.049502073171574,-0.0068787374264442,-0.0841020838263763,-0.002719756881546,-0.000425896160507552,-0.000264082451273566
-0.712348609681564,-0.0473461282991753,-0.00715952402980767,-0.0756062509405235,-0.00267257004362582,-0.000290095468184721,-0.000302537764578323
-0.6380664398108,-0.0451609175026314,-0.00745539236273755,-0.0666076866286166,-0.0026262794163049,-0.000153081811529507,-0.000330156264300751
-0.562032880015962,-0.0429578424478368,-0.00776533405543563,-0.0571582206893764,-0.00258069301649792,-1.55029242465615e-05,-0.000346691266909971
-0.484458557382368,-0.0407476675544838,-0.0080882468463825,-0.0473126605750531,-0.00253548026481633,0.0001220327309358,-0.000352205188991493
-0.405558915076417,-0.0385405061033454,-0.00842294297558122,-0.0371285060440617,-0.00249017627963573,0.000258950255746147,-0.000347057780961334
-0.325553467209105,-0.0363458291747442,-0.00876815652825028,-0.0266656333798956,-0.00244419008964645,0.000394700989889057,-0.000331887922613482
-0.244664955289006,-0.0341724924776514,-0.00912254991189009,-0.0159859464210992,-0.00239681665978453,0.000528754487059136,-0.000307589849275805
-0.163118305914695,-0.0320287743077196,-0.00948472005405677,-0.00515298514565477,-0.00234725246589685,0.000660590713752558,-0.000275284619373116
-0.0811391433140368,-0.0299224141529837,-0.00985320573556989,0.00576853607168962,-0.00229461409671684,0.000789693450588962,-0.000236287487539283
0.00104839280082335,-0.0278606425895806,-0.0102264976040461,0.016713286228904,-0.00223795911861122,0.000915545629696198,-0.000192071763008677
0.0832219127570552,-0.0258502657187202,-0.0106030389969075,0.027615614460175,-0.00217631051392494,0.00103762301494783,-0.000144231486202665
0.16515239759123,-0.0238979504789009,-0.0109811863003335,0.0384087091413022,-0.00210869100497051,0.00115537754406857,-9.44481980600098e-05
0.246600215690721,-0.0220103496330624,-0.011359191210462,0.0490243903805464,-0.00203415868697953,0.00126822986867188,-4.44541932193162e-05
0.327324770361387,-0.0201938912569738,-0.0117352470343302,0.0593947408062597,-0.00195183444184118,0.00137558345358451,4.01539985260692e-06
0.407090819693839,-0.0184546563540265,-0.0121075223482961,0.0694532783560898,-0.00186093092480754,0.00147683386181462,4.92705842987546e-05
0.485668053150637,-0.0167983813422397,-0.0124741670373974,0.0791352271580006,-0.00176078652437111,0.00157136885402939,8.97099654543373e-05
0.56283057818595,-0.0152304133017156,-0.0128333212016178,0.088377782260962,-0.00165089943325823,0.00165856950187827,0.000123863174881779
0.638357078197141,-0.0137555926537289,-0.0131831310804246,0.0971204680046586,-0.0015309602115622,0.00173781317194614,0.000150432244279495
0.712031316815212,-0.0123780615210522,-0.0135217709435689,0.105305542685469,-0.00140088188410775,0.00180847778704983,0.000168330890608572
0.783642811392912,-0.0111009928785601,-0.0138474701750309,0.112878420200054,-0.00126082636390495,0.00186994717574805,0.000176720521692582
0.852987579983085,-0.00992624077296978,-0.0141585442058901,0.119788084858475,-0.00111122594426844,0.00192161767418551,0.000175041619244719
0.919868990601427,-0.00885388874519147,-0.0144534306296668,0.125987513385579,-0.000952797388252873,0.00196290595246278,0.00016303938771567
0.984098569557614,-0.00788174747796051,-0.0147307238426248,0.131434038507718,-0.000786548578543443,0.00199325897492884,0.000140781808901136
1.04549687626505,-0.00700477613240374,-0.0149892107188376,0.136089694410153,-0.000613774522536562,0.00201216586263691,0.000108669285734285
1.10389437544895,-0.00621447659551011,-0.0152279022750773,0.139921507484396,-0.000436042047262047,0.00201917208733728,6.74345079613016e-05
1.15913230645779,-0.00549829697180293,-0.0154460588910863,0.142901726829471,-0.000255162027243756,0.0020138958852656,1.81317140347328e-05
1.21106353427415,-0.00483909491701692,-0.0156432063428358,0.145007985193525,-7.31487572531401e-05,0.0019960465051133,-3.7885170367071e-05
1.25955336483827,-0.00421471799269695,-0.0158191404524327,0.146223383102076,0.000107833093861021,0.00196544353695289,-9.89956035083185e-05
1.30448030040947,-0.0035977591595081,-0.0159739190459325,0.146536491255911,0.000285532511261144,0.0019220361999864,-0.00016335629658979
1.34573671080315,-0.00295553921327232,-0.0161078410975854,0.145941269645393,0.00045768465031984,0.00186592115875122,-0.000228954935191132
1.38322939303999,-0.00225035404009899,-0.0162214142227016,0.14443690547086,0.000622088322995552,0.00179735724856616,-0.000293672258930356
1.41687999206329,-0.00144000380182622,-0.0163153128866915,0.142027576193362,0.000776684108604259,0.00171677547299157,-0.000355350478490965
1.44662526078708,-0.000478595842320796,-0.0163903306323611,0.138722148474673,0.00091962826509307,0.00162478281480297,-0.000411865547029549
1.47241714522154,0.000682413278028918,-0.016447330122149,0.134533827897629,0.00104935758446139,0.00152215878153694,-0.000461200441490007
1.4942226907663,0.00209299468596434,-0.0164871947764002,0.129479777749552,0.00116464080071431,0.00140984415816556,-0.000501516389451974
1.51202378226041,0.0038032259458342,-0.016510785359773,0.123580728006352,0.0012646132289613,0.00128892195558073,-0.000531218949858178
1.52581671545663,0.00586191278548074,-0.0165189035262594,0.116860590977909,0.00134879172656694,0.00116059217828494,-0.000549015894429744
1.5356116754208,0.00831532000473822,-0.016512264553795,0.109346111839794,0.00141707080893058,0.00102614028544646,-0.000553964456501409
1.54143210777842,0.0112059906412654,-0.0164914785352078,0.101066559828112,0.00146969904878661,0.000886903059762781,-0.000545505666935268
1.54331404427342,0.0145717492009589,-0.0164570399626174,0.0920534759948454,0.00150723865054087,0.000744233357426606,-0.000523484435111737
1.54130540946439,0.0184449069073965,-0.0164093243143803,0.0823404809979657,0.00153051102314992,0.000599466342861051,-0.000488154674255257
1.53546533361069,0.0228516738748717,-0.0163485900573395,0.0719631415050465,0.00154053193517685,0.000453889447474693,-0.000440169561333447
1.52586348714379,0.0278117629907533,-0.0162749844293831,0.0609588886140377,0.00153844002153373,0.000308717867939373,-0.000380557755109995
1.5125794414904,0.0333381545673037,-0.0161885515204737,0.0493669777071048,0.00152542225232794,0.00016507679949442,-0.000310687031634632
1.49570205065106,0.0394369801491252,-0.0160892414306918,0.0372284771320275,0.00150263955800731,2.39908606416715e-05,-0.000232217293753929
1.4753288392473,0.0461074780914675,-0.0159769195567825,0.0245862732266256,0.001471155245712,-0.000113619608594011,-0.000147045249073325
1.45156537556277,0.053341972363278,-0.0158513752592926,0.0114850805747866,0.00143186826010069,-0.000246936425174721,-5.72432224996441e-05
1.42452460310697,0.0611258284633837,-0.0157123292346546,-0.00202855090025108,0.00138545285299436,-0.000375237275887561,3.50054073455142e-05
1.39432610183979,0.0694373456548346,-0.01555943882384,-0.0159062369710316,0.00133230592761537,-0.000497887345646903,0.000127471756722355
1.36109524960813,0.0782475528979806,-0.015392300214695,-0.0300977703384924,0.00127250328190896,-0.000614331149578613,0.000217945770750187
1.32496225649446,0.0875198866806668,-0.0152104460558744,-0.0445511418410396,0.0012057662208607,-0.000724086822425991,0.000304297393420853
1.28606105024702,0.0972097427700087,-0.0150133364411463,-0.0592125702133641,0.00113144051965216,-0.000826744840287295,0.000384532907665187
1.24452800078436,0.10726391123324,-0.0148003406292718,-0.0740265390334242,0.0010484904192055,-0.000921972637967456,0.000456845077891625
1.20050048672927,0.117619925350466,-0.0145707063685334,-0.0889358409118737,0.000955511076309941,-0.00100952586132572,0.000519656030955589
1.15411532868757,0.12820538005521,-0.0143235134884879,-0.103881631360617,0.000850763455976884,-0.00108926608916446,0.000571652114887751
1.10550714331314,0.138937303212432,-0.0140576087478778,-0.11880349775801,0.000732235761953254,-0.00116118382178118,0.000611810276912062
1.05480670667184,0.149721691355042,-0.0137715200498186,-0.133639552580516,0.000597734824589644,-0.00122542444011264,0.000639415804178301
1.00213945376188,0.160453345844853,-0.0134633503109211,-0.148326563529067,0.000445009093799881,-0.00128231379477851,0.000654071563981486
0.947624276435793,0.171016159939668,-0.0131306546286911,-0.162800136080177,0.000271901803722669,-0.0013323792396878,0.000655699155394042
0.891372804350563,0.181284004786631,-0.0127703088208553,-0.176994965876885,7.65284920058061e-05,-0.00137636146861973,0.000644532623472711
0.833489354419313,0.191122346953104,-0.0123783827368338,-0.190845180929953,-0.000142532289042296,-0.00141521272854215,0.000621105505126602
0.774071700891673,0.200390604945535,-0.011950034827901,-0.204284770369439,-0.000386051425809496,-0.00145007739762686,0.000586232426349948
0.713212749227153,0.208945331288575,-0.0114794516672446,-0.217248133383408,-0.000653986182476042,-0.00148225374442558,0.00054098564925508
0.651003078230209,0.216643990876001,-0.0109598508989525,-0.229670713464264,-0.000945363704880653,-0.00151313675517996,0.000486667908069873
0.587534189073254,0.223349148825491,-0.0103835659809707,-0.241489707974311,-0.0012582318448164,-0.00154414569048843,0.000424781968071899
0.522902164995254,0.228932734141918,-0.00974222110628448,-0.252644812514526,-0.00158969121938148,-0.00157664239060382,0.000356997397505895
0.45721134711952,0.233280009787154,-0.00902699305715333,-0.263078950316555,-0.00193601217657511,-0.00161184835775679,0.000285114787431382
0.390577595045355,0.236292894316324,-0.00822894366470032,-0.272738932182764,-0.00229282804984337,-0.00165076933088272,0.00021102750442474
0.323130740908868,0.23789235643401,-0.00733939522795906,-0.281575997168345,-0.00265538447843824,-0.00169413523838505,0.000136681017713612
0.255015958227252,0.238019727355595,-0.00635031450290197,-0.289546198024119,-0.00301881636214469,-0.00174236121034081,6.40299283496365e-05
0.186393931781589,0.236636913087815,-0.005254670307933,-0.296610611688321,-0.00337842112972653,-0.00179553222979866,-5.00691069774492e-06
0.117439845708909,0.233725667632338,-0.00404673572828784,-0.302735404802061,-0.00372989950705206,-0.00185341097022489,-6.85928687471435e-05
0.0483414550437555,0.229286058960842,-0.00272231532052623,-0.307891727202352,-0.00406954302982836,-0.00191546510008928,-0.000125019945139988
-0.0207035593708884,0.223334494189781,-0.00127889071256456,-0.312055531393356,-0.00439435633453977,-0.00198090941444942,-0.000172754667305443
-0.0894905934081253,0.215901513774649,0.000284311777124488,-0.315207327041268,-0.004702113009907,-0.00204875682101675,-0.000210481554781921
-0.157811215801362,0.207029603821289,0.00196631977531477,-0.31733192544936,-0.00499135160454292,-0.00211787278924098,-0.000237142766404387
-0.225456057130564,0.196771139630308,0.00376446192471914,-0.318418164038801,-0.00526132335952739,-0.00218702893646119,-0.000251971824552499
-0.292217442149925,0.18518664022816,0.00567444877600515,-0.318458692626152,-0.00551190635868176,-0.00225495218943344,-0.000254520744667218
-0.357891590655917,0.172343305810144,0.0076904707056424,-0.31744977756886,-0.00574349960146985,-0.00232036768614287,-0.000244678638623791
-0.42228040070852,0.158313859501918,0.00980530267469297,-0.315391144818402,-0.00595690938929431,-0.00238203419354752,-0.000222681099515446
-0.485192827645676,0.143175653885067,0.012010408891264,-0.312285852554852,-0.00615323750183037,-0.00243877169866469,-0.000189109708787772
-0.546445905337589,0.127009993244405,0.0142960444619664,-0.308140185483685,-0.00633377787925965,-0.00248948131534924,-0.000144881435922155
-0.605865471048246,0.109901618538355,0.0166513542216489,-0.302963562610477,-0.00649992600988517,-0.002533157987112,-9.122808192382e-05
-0.6632866574898,0.0919383054059886,0.0190644709377371,-0.296768451186681,-0.00665310319033432,-0.00256889669657002,-2.96662751486928e-05
-0.718554209427549,0.0732105329473826,0.0215226160353239,-0.289570281019311,-0.00679469633321723,-0.00259589306815895,3.80411523732158e-05
-0.771522674501474,0.053811189013592,0.0240122062201044,-0.281387354673235,-0.00692601300090149,-0.00261343940443353,0.000109931310742206
-0.822056510531315,0.0338352845053163,0.0265189691493364,-0.272240749706871,-0.00704825073439979,-0.00262091733018685,0.00018389360910835
-0.87003013837076,0.0133796568864657,0.0290280704773969,-0.2621542102087,-0.00716247938855823,-0.00261778831824262,0.000257726840707806
-0.915327960122507,-0.00745735104340884,0.0315242537352315,-0.251154025864847,-0.0072696350029356,-0.00260358342351926,0.000329199386626241
-0.957844357521835,-0.0285762471130599,0.0339919936977289,-0.239268897456967,-0.0073705236397184,-0.0025778935312858,0.00039611084432824
-0.997483677375444,-0.0498767852946262,0.0364156628597473,-0.226529789433336,-0.00746583354319474,-0.00254036131461465,0.000456353331289676
-1.03416020612516,-0.0712584007497769,0.0387797096359155,-0.21296977240607,-0.00755615390871892,-0.00249067589199553,0.00050797069661724
-1.06779813433515,-0.0926206805919708,0.0410688460025071,-0.198623860306998,-0.00764199849443413,-0.00242857088121577,0.000549213903058793
-1.09833151125603,-0.113863862795001,0.0432682413927125,-0.183528848679219,-0.00772383227677512,-0.00235382617817497,0.000578590922810422
-1.12570418883148,-0.134889351777459,0.0453637187473949,-0.16772316220418,-0.00780209936678267,-0.00226627338329022,0.000594909631216404
-1.14986975613011,-0.155600237173383,0.0473419479740588,-0.151246719665187,-0.00787725049816529,-0.0021658043891255,0.000597312392091042
-1.17079146672672,-0.175901801548363,0.0491906316543078,-0.134140823353605,-0.00794976857878173,-0.00205238227360704,0.000585301301102902
-1.18844216197832,-0.195702002832156,0.0508986776780052,-0.116448077978694,-0.0080201910614054,-0.00192605335773527,0.000558753378753444
-1.20280419334858,-0.214911918462059,0.0524563536772214,-0.0982123414744358,-0.00808912822048971,-0.00178695911740477,0.000517925366181154
-1.21386934714993,-0.23344614095375,0.0538554187182127,-0.0794787066319903,-0.00815727678788492,-0.00163534660041325,0.000463448149296758
-1.22163877441596,-0.251223117711595,0.0550892285526156,-0.0602935092940978,-0.00822542875909019,-0.00147157609703645,0.000396311191680272
-1.22612291356075,-0.268165425838108,0.0561528092471449,-0.0407043528483755,-0.00829447530615863,-0.00129612528599717,0.000317837704611932
-1.22734148261183,-0.284200005728712,0.0570429109393739,-0.0207601628718317,-0.00836540717879472,-0.0011095878544018,0.000229651285618612
-1.22532336613578,-0.299258304662326,0.0577580121921864,-0.000511212374606719,-0.00843930989606549,-0.00091266888243198,0.000133635665043017
-1.22010659045427,-0.313276376929983,0.0582983058232244,0.0199908277870336,-0.00851735664207802,-0.000706174357835464,3.18881467552354e-05
-1.21173827650301,-0.326194906773474,0.0586656479274805,0.0406928496725353,-0.00860079788401565,-0.000490996433063828,-7.33316730994309e-05
-1.20027457731396,-0.337959223484075,0.0588634864032153,0.0615402927245646,-0.00869094977038762,-0.000268095976291698,-0.000179656495756049
-1.18578060823633,-0.348519201445972,0.0588967505598947,0.0824771254568044,-0.00878917962409794,-3.84814173469985e-05,-0.000284668341407805
-1.16833035739016,-0.357829131729674,0.058771720731003,0.103445842776043,-0.00889689091234888,0.000196812801629652,-0.000385956562802382
-1.14800657147182,-0.365847527436433,0.058495873299389,0.124387469906649,-0.00901550750281277,0.000436747836824223,-0.000481175760829726
-1.1249006096844,-0.372536865729426,0.0580777053370634,0.145241572816995,-0.00914645809540597,0.000680300555029896,-0.00056810240713094
-1.09911225886739,-0.377863263043167,0.0575265426552607,0.16594627543351,-0.00929116180165674,0.000926480908157093,-0.000644688959269568
-1.07074950316148,-0.381796079234953,0.0568523358508014,0.186438286061745,-0.00945101607778429,0.00117434555235584,-0.000709114201011168
-1.03992824219909,-0.384307445414841,0.0560654496734177,0.206652937933259,-0.00962738841744182,0.0014230070187961,-0.000759828481985718
-1.00677195302062,-0.385371708479654,0.0551764515976413,0.226524251157242,-0.00982161330876317,0.00167163815349954,-0.000795592485971141
-0.971411292862033,-0.384964782636903,0.0541959057527989,0.245985025102884,-0.010034995886221,0.00191947200968053,-0.000815508144583865
-0.933983642900152,-0.383063394272185,0.0531341782930949,0.264966971068484,-0.0102688233906736,0.00216579785513409,-0.000819040350600439
-0.894632597455592,-0.379644201501642,0.0520012599096608,0.283400894823787,-0.0105243849253707,0.00240995439394927,-0.000806028224923319
-0.853507408240689,-0.37468276405777,0.0508066105867287,0.301216937977861,-0.010802999010987,0.0026513216423612,-0.000776684859840658
-0.81076240107437,-0.368152333807512,0.0495590311297944,0.318344885719867,-0.0111060470316607,0.00288931307009432,-0.000731584700186829
-0.766556391755515,-0.360022432831335,0.048266565673122,0.334714547870638,-0.0114350087758957,0.00312336957458846,-0.000671638034938284
-0.721052139800096,-0.350257187302959,0.0469364396061814,0.350256220871965,-0.0117914938264143,0.00335295654516315,-0.000598052461615569
-0.674415894793303,-0.338813395771559,0.0455750384657069,0.364901240872684,-0.0121772594448147,0.00357756465620035,-0.000512281676957162
-0.62681710938355,-0.325638336153328,0.0441879354979296,0.378582643832706,-0.0125942017486599,0.00379671408845498,-0.000415962584695031
-0.578428416679919,-0.31066736645663,0.042779978963093,0.391235957331805,-0.0130443023642966,0.00400996059638107,-0.000310842574184939
-0.529425995529962,-0.293821463146851,0.041355454681986,0.402800160617098,-0.0135295075524535,0.00421690023325815,-0.000198700027525238
-0.479990470373548,-0.275004985137909,0.0399183442853167,0.413218862644419,-0.0140515116861116,0.00441716766932943,-8.12628060594486e-05
-0.430308501541856,-0.254104168764874,0.0384727037959886,0.422441759064662,-0.0146114133988639,0.00461042105243862,3.98682014507534e-05
-0.380575196985937,-0.230987162305729,0.0370231880181556,0.430426431303542,-0.0152092135379344,0.00479630462065833,0.000163280340314382
-0.330997383846463,-0.205506788751989,0.0355757394157989,0.437140532783216,-0.0158431338957864,0.00497437948048296,0.000287781523477164
-0.281797571725744,-0.177507625139233,0.0341384394797973,0.44256435244228,-0.016508761056574,0.00514401429669124,0.000412386368799679
-0.23321807267013,-0.146839263978691,0.0327224788036072,0.446693634155721,-0.0171980676625319,0.00530423279083992,0.000536236890552605
-0.18552419501341,-0.113377516422088,0.031343134178775,0.449542347706244,-0.0178984380276734,0.00545352578314234,0.000658440670911808
-0.139004764883862,-0.077054460035867,0.0300205506538422,0.451144858765331,-0.0185919203041457,0.00558965301298917,0.000777819371122714
-0.093967672271816,-0.0378962679807145,0.028780034892864,0.45155668332776,-0.0192550183492616,0.00570948227040812,0.000892581560422067
-0.0507281004652596,0.00393539470401768,0.0276515179825669,0.450852853029413,-0.0198593738975623,0.00580893348436845,0.00099996666611247
-0.00958808887882142,0.048106364502131,0.0266679023232325,0.449123032999631,-0.0203736097278,0.00588310058679307,0.00109594514581328
0.029191604909258,0.0940881568862235,0.0258622164340749,0.446463078126864,-0.0207663622573585,0.00592659966165929,0.00117508833224874
0.0654231029009396,0.141161992175686,0.0252638507832434,0.442963694231045,-0.0210101519717249,0.0059341317515916,0.00123071843152165
0.0990192611723237,0.188454754719838,0.0248945297531217,0.438698029428254,-0.021085348746689,0.00590116614931432,0.00125539905386041
0.130009694124615,0.235004488819376,0.0247649119957178,0.433710856889116,-0.0209832806433961,0.00582458042085026,0.00124173434163575
0.158539223757091,0.279843736281848,0.0248726514722134,0.428012017221793,-0.0207076616356561,0.00570307805969109,0.00118334227816888
0.184848051333249,0.322083164647899,0.0252023770279183,0.4215757969327,-0.0202739695000203,0.0055372626208673,0.00107580130946132
0.209238498796184,0.360978336642441,0.0257275082648848,0.414346274651111,-0.0197070020654753,0.00532935726044919,0.000917371838279995
0.232036678527202,0.395968674536723,0.0264133501719458,0.406247063371476,-0.0190373169881761,0.00508266978653093,0.000709363491588071
0.25355761678617,0.426686426159536,0.0272206745346507,0.397192948196273,-0.0182974389929117,0.00480096704224287,0.000456120750586605
0.274079712811623,0.452940923806351,0.0281090410885489,0.387100900426467,-0.0175185887665058,0.00448792046811288,0.000164689491553461
0.293830651797896,0.474687356535197,0.0290393516989286,0.375898639171357,-0.0167283738584129,0.00414673277645019,-0.000155723695818795
0.312983665533058,0.491989521855453,0.0299754361010278,0.363529889081447,-0.0159495442853861,0.00377998606233803,-0.000494382914728213
0.331661211238586,0.504983882714185,0.0308847322110845,0.349956365205998,-0.0151996664413965,0.00338969226175003,-0.000839654425608536
0.349942722392359,0.513849316332442,0.0317382960243311,0.335157103580962,-0.0144914458505132,0.00297749073720337,-0.00117958426512566
0.367873603475823,0.518784329060815,0.03251044998932,0.319126026853615,-0.0138334133873749,0.00254492448765397,-0.00150240081448677
0.385473552284146,0.51999170529403,0.0331783725000397,0.301868664432812,-0.0132307389703436,0.00209372894311769,-0.00179694259348651
0.40274320922502,0.517669560445627,0.0337218680702399,0.283398834344115,-0.0126860119305411,0.00162607809235426,-0.00205302107686225
0.419668860589638,0.5120073650367,0.0341234590418634,0.263735912842252,-0.012199901665558,0.00114474701855515,-0.0022617287213586
0.436225411393979,0.503185460176463,0.0343688247757199,0.242903109061634,-0.01177167221538,0.000653165782515173,-0.00241569764657573
0.45237811402438,0.491376717785099,0.0344475034527542,0.220926943705757,-0.0113995653249034,0.000155356410579231,-0.00250930827801993
0.468083635167944,0.476749211679083,0.0343536862933011,0.197837913480944,-0.0110810884548758,-0.000344238138487037,-0.00253884256106833
0.483291009907227,0.459469009772435,0.0340868929633483,0.173672118654053,-0.0108132494983652,-0.000841008313099827,-0.00250257466488999
0.497942908451301,0.439702447971295,0.033652330312776,0.148473457852361,-0.0105927724969917,-0.00133047869208809,-0.0024007936630813
0.511977459008551,0.417617491807611,0.0330608012182008,0.122295884915062,-0.0104163133706681,-0.0018086116983716,-0.00223575673589863
0.525330660972598,0.393384033008006,0.0323281295946752,0.0952052147763891,-0.010280676890337,-0.0022720712623806,-0.00201157693486329
0.537939222751784,0.367173212409846,0.0314741758152285,0.0672800859603126,-0.0101830207086895,-0.00271841025778897,-0.00173405563931201
0.549743519590245,0.339156085816525,0.0305216046728495,0.0386119098972733,-0.0101210227687166,-0.0031461576440502,-0.00141047547915302
0.56069033688412,0.309502091026788,0.0294946103333115,0.00930388003338567,-0.010092986660416,-0.00355479640929723,-0.00104937295023574
0.570735123997274,0.278377797633406,0.0284177926699065,-0.0205307133343594,-0.010097866123449,-0.00394463846720065,-0.000660309316407692
0.57984375335278,0.245946212209877,0.02731529515898,-0.050770529677363,-0.0101351991453901,-0.00431661445232112,-0.00025365308221159
0.587993670271382,0.212366853752615,0.0262102680445871,-0.0812883054287592,-0.0102049637534049,-0.00467200207821935,0.000159620666077683
0.595174906104048,0.177796384796592,0.025124559127554,-0.111952784571722,-0.0103073711381848,-0.00501212018521784,0.000568118381541401
0.601391120343072,0.142389583692937,0.0240785282033884,-0.142630315436599,-0.0104426326107084,-0.00533801327712851,0.000960214623714575
0.606661121318871,0.106300243991385,0.0230908179860423,-0.173186025982072,-0.0106107366968494,-0.00565015157929332,0.0013242525326496
0.611021224791066,0.0696815860854012,0.0221779458003098,-0.203484579248792,-0.0108112730798216,-0.00594817133858505,0.00164877352188095
0.614528739323651,0.0326858220706757,0.0213536459560896,-0.23339057673889,-0.0110433297153583,-0.00623068075019506,0.0019227871293543
0.617266713109815,-0.00453733080558081,0.0206279957407981,-0.262768733404021,-0.011305469466803,-0.00649515623405107,0.00213608358586713
0.61934984455279,-0.041843140306959,0.0200064754426816,-0.291483988946967,-0.0115957629807793,-0.00673794936467285,0.00227958059005539
0.620931142416521,-0.0790949645588693,0.0194892146728132,-0.319401741693433,-0.0119118180422624,-0.00695441470121907,0.00234568446772761
0.622208505361767,-0.116167189314741,0.0190707308197756,-0.34638839407658,-0.0122507086476482,-0.00713915329601668,0.00232863786557727
0.623429834789641,-0.152946813975759,0.0187404457456808,-0.372312384552092,-0.0126086797002435,-0.00728634904674488,0.00222482520187855
0.624894528221678,-0.189332165063132,0.018484165433296,-0.397045855818871,-0.0129804998144078,-0.00739016143102786,0.00203301615590817
0.626948158812569,-0.225227036525256,0.0182865334483106,-0.420467077040454,-0.0133583744977003,-0.00744513562724545,0.00175454696722464
0.629965906442671,-0.260528709792216,0.0181342394038541,-0.442463685057415,-0.0137304408369098,-0.0074466042500455,0.00139346580603659
0.63431936231629,-0.295109124244791,0.0180194886524679,-0.462936699016981,-0.0140790723138961,-0.00739108189250304,0.000956693291719383
0.640321961071581,-0.328790442566351,0.0179429294898462,-0.481805036102715,-0.0143795408955256,-0.00727668141287807,0.000454257116306152
0.648152659490487,-0.361319759263533,0.0179149490668471,-0.499009879025779,-0.0145999527012628,-0.00710358361148457,-0.000100370769846871
0.657767611045841,-0.392352193212326,0.0179541820286821,-0.514517792338764,-0.0147035789009399,-0.00687453753298751,-0.000689894551299531
0.66882446469178,-0.421454576236923,0.0180825689447311,-0.528321204697907,-0.0146543600529617,-0.00659524426388903,-0.00129297426822117
0.680655801065625,-0.44813907348585,0.0183176106062805,-0.540435131584056,-0.0144251417155589,-0.00627433304697004,-0.00188449882537232
0.692323500348987,-0.471924541057158,0.0186642461025434,-0.550889990944688,-0.0140063521680744,-0.00592260859816138,-0.00243668701595443
0.702756175425698,-0.492407375652664,0.0191098273510476,-0.559721726599715,-0.0134115290682185,-0.00555147026143063,-0.00292112084242863
0.710929287462828,-0.509314647822257,0.0196246788247462,-0.566961417973579,-0.0126767559316802,-0.00517084268200204,-0.00331141313716012
0.71602260167979,-0.52251975706225,0.0201678882108378,-0.572626543701085,-0.0118537923857937,-0.00478733170491286,-0.00358588195968605
0.717503458799616,-0.532020479958493,0.0206952733861064,-0.576715297165375,-0.0109996821438728,-0.00440331282515875,-0.00372958233307613
0.715125570529018,-0.537896234710286,0.0211659197084879,-0.579204544447889,-0.0101667850346914,-0.00401724760789722,-0.00373532787856885
0.708869906784358,-0.540265106294033,0.0215453228681953,-0.580051544478329,-0.00939608230698361,-0.00362499980065623,-0.00360370075377349
0.698866113689729,-0.539253628058382,0.0218053740673129,-0.579199165536529,-0.00871454135105334,-0.00322160529765879,-0.00334229078781811
0.685323047338112,-0.534982119194549,0.0219226832971199,-0.576583719043288,-0.00813573829011248,-0.00280293656230998,-0.00296447527648148
0.668480276860375,-0.52756177353204,0.021876736776634,-0.572143831802726,-0.00766234233573159,-0.00236689029776299,-0.00248801336135867
0.648579915371794,-0.51709778886277,0.0216486809713798,-0.565828431542984,-0.00728920526776081,-0.00191396464936655,-0.00193365498190598
0.625852785460132,-0.503693873417844,0.0212207879959989,-0.557602200893872,-0.00700622796595443,-0.00144727681825571,-0.00132388949811433
0.600512698483919,-0.487455492542753,0.0205762516704021,-0.547447656328004,-0.00680060128043789,-0.0009721685186139,-0.000681893342579668
0.57275458633286,-0.46849105940248,0.0196989325733986,-0.535363986000426,-0.00665833029165349,-0.000495565608388014,-3.06830391687985e-05
0.542754384542904,-0.446911511661718,0.0185728796747608,-0.521363594934592,-0.00656513947907035,-2.52301639017138e-05,0.000607556934018329
0.510670077129508,-0.422829330421592,0.0171817325387922,-0.505467767086801,-0.00650694590252168,0.000430999287871591,0.00121202058214284
0.476644036378183,-0.396358158049039,0.0155083152750568,-0.487702921646678,-0.00647010629428855,0.000865917663742149,0.00176375150260292
0.440806886602118,-0.367613883149417,0.0135347944796247,-0.468098664674597,-0.00644161490929579,0.00127356766282407,0.00224607618477089
0.403282828311127,-0.336717509406783,0.0112436696498652,-0.446688304406226,-0.00640936971510423,0.00164971401487667,0.00264501482411924
0.364195915470119,-0.303799455257221,0.00861963064920796,-0.423511818320216,-0.0063625499536605,0.00199213008950298,0.00294965915069412
0.323676328596492,-0.269004319562719,0.00565201284071954,-0.398620576213769,-0.00629207615311162,0.00230065732209241,0.00315248424597153
0.281865663115913,-0.232494806153954,0.00233737448889934,-0.372082595087174,-0.0061910639335692,0.00257701493385724,0.00324954755095558
0.238920155556732,-0.194453557058512,-0.00131843492447144,-0.343986926412245,-0.00605516445721809,0.0028243834972729,0.00324053132480281
0.195011436261062,-0.155082110871015,-0.00529920218017964,-0.314445970013315,-0.00588269640389528,0.00304682184249279,0.00312860205855752
0.150324927134509,-0.114597012887167,-0.00957851423994214,-0.283595116031753,-0.00567452420074716,0.00324861275127184,0.00292009085076455
0.105056577978096,-0.0732238239342978,-0.0141210663433697,-0.251589841067387,-0.00543369978979731,0.0034336425808378,0.00262403081870481
0.0594091179365769,-0.0311905842129716,-0.0188846965802243,-0.218601185637612,-0.00516494219542762,0.00360490590737274,0.00225161334586745
0.0135889336370354,0.0112778042775655,-0.0238226206486242,-0.184810847190176,-0.00487405664093296,0.00376419202716217,0.00181563282903092
-0.0321953956892691,0.0539627017548922,-0.0288853264707251,-0.150407334235683,-0.00456739491891015,0.00391197244240296,0.001329983081572
-0.0777323224431618,0.0966515694704836,-0.0340217745579482,-0.115584226595423,-0.00425142952596948,0.0040474757615264,0.000809245076736324
-0.122804481708627,0.139134284364398,-0.0391798160328414,-0.0805410388023761,-0.00393247091739614,0.00416892041429636,0.000268373141744257
-0.167185818567643,0.181197882772633,-0.0443061664065326,-0.0454853611600188,-0.00361650480055876,0.00427387212469217,-0.000277564245767189
-0.210645282158799,0.222626178543652,-0.049346952617489,-0.0106309358522416,-0.00330906689558239,0.0043596964739375,-0.000813707831060057
-0.2529677570072,0.263215140127802,-0.0542503544006713,0.023817807772479,-0.00301504094141602,0.00442405646297833,-0.00132594606964785
-0.293988008105911,0.302801316677523,-0.0589709550144545,0.0576929603445132,-0.00273839315022888,0.00446533649451779,-0.00180155619363472
-0.333603171112548,0.341271093015762,-0.0634717065386365,0.0908744406393036,-0.0024820716071954,0.00448286889125309,-0.00222943397445539
-0.371747463590037,0.378534252539828,-0.0677216297082622,0.12327003706321,-0.00224813638970361,0.00447700568244996,-0.00259976401411678
-0.408361014648153,0.414491757872338,-0.0716931190752053,0.154789036815897,-0.00203785121015451,0.00444916097306293,-0.00290367927878938
-0.443378315209593,0.449023076987921,-0.0753618605996076,0.185331506882096,-0.00185156565601666,0.00440182329596551,-0.00313328526812236
-0.476730865704919,0.481988841100642,-0.0787084796025464,0.214790157688773,-0.00168847659484712,0.00433846208482193,-0.00328194365513836
-0.508353382441191,0.513238962890186,-0.0817203339664306,0.243056443925625,-0.00154640083229178,0.00426328851428243,-0.00334463097678662
-0.538188699040388,0.542621384060921,-0.0843925821855111,0.270026752529444,-0.00142164373750022,0.00418088052701691,-0.00331826984152546
-0.566190030662296,0.569989665801952,-0.0867281886935826,0.295607232281394,-0.00130900801539715,0.0040957155011021,-0.00320198211203195
-0.592320546157516,0.595208621723388,-0.0887368481702672,0.319716793296857,-0.00120195308987275,0.00401167462236506,-0.00299723788504928
-0.616550712980718,0.618157598524252,-0.0904330521423042,0.34228823320607,-0.00109288255925914,0.00393159025266326,-0.00270789168666535
-0.638854172179046,0.638731376644352,-0.0918336972869721,0.363267768556969,-0.000973509044953991,0.0038569003973816,-0.00234011344733427
-0.659203046274656,0.656839044161661,-0.0929557139222136,0.38261351330717,-0.000835229594728035,0.00378745535539837,-0.00190223468659091
-0.677563565296316,0.672401498523435,-0.093814158363745,0.400293594103451,-0.000669445080420607,0.00372149701339401,-0.00140453710123966
-0.693892726052163,0.685348362944101,-0.094421080891793,0.416284579247316,-0.000467773306032633,0.00365580833859093,-0.000859010283101729
-0.708136429165731,0.695615035286909,-0.0947852946285049,0.430570724950705,-0.000222133178031564,0.00358601476509611,-0.000279098511776843
-0.720229241368218,0.703140350200227,-0.0949129800470488,0.44314425330721,7.52903618920021e-05,0.00350701179248718,0.000320554236919283
-0.730095667395074,0.707865000765146,-0.0948089055018166,0.454006535623369,0.000432160225493021,0.00341349169751269,0.000924363965320794
-0.737652623603065,0.709730520486104,-0.0944779491432564,0.463169734916724,0.000856115260470453,0.00330054178276227,0.00151608457102151
-0.742812697229734,0.708678349708997,-0.093926578894535,0.470658232433459,0.00135483362059918,0.00316428181937509,0.00207912464508002
-0.745487753570202,0.704648366501105,-0.093163982411409,0.476509088752228,0.0019359507851539,0.00300249618616053,0.00259692536437409
-0.745592525055329,0.69757629748883,-0.0922026313859422,0.480770921926431,0.00260676449858915,0.00281519755997506,0.00305341616499348
-0.743047999049434,0.687389667554987,-0.0910582032264927,0.483500946991511,0.00337368748031686,0.00260503959546096,0.00343355152468603
-0.737784729643048,0.674002399005594,-0.0897489479248446,0.484760478691421,0.0042414514321362,0.0023774855940903,0.00372391196037198
-0.72974661479517,0.657308788918727,-0.0882947443979642,0.484609834483157,0.0052121171372649,0.0021406494353572,0.00391332897660072
-0.718896115745779,0.637178280997318,-0.0867161919068898,0.48310408543064,0.00628399592253588,0.00190476083240773,0.00399347373440091
-0.705222171577447,0.61345305234313,-0.0850340824824105,0.480291252346221,0.00745062679280103,0.00168126716781523,0.00395934047077296
-0.688751932314955,0.585950765346954,-0.0832694777219484,0.476214162922712,0.00869997332244722,0.00148165583367606,0.00380956390488114
-0.669566672937137,0.554474694078782,-0.0814443903186389,0.470916274353261,0.0100140025551752,0.00131614401802623,0.00354653498529057
-0.647820787908913,0.518832655330505,-0.0795828169111751,0.464450546934086,0.0113687863374142,0.00119241823871571,0.00317631421611549
-0.62376083063881,0.47886466633395,-0.077711680039022,0.456889313733735,0.012735223583275,0.00111460425924474,0.00270837469249854
-0.597739754984908,0.434477084462314,-0.0758611967995144,0.448332438856458,0.0140804141376912,0.00108261279345894,0.0021552270464512
-0.57022071326943,0.3856785165358,-0.0740643344013271,0.438911165831607,0.0153696142102681,0.00109195009480934,0.00153198097256079
-0.541765792506302,0.332610753274136,-0.0723553028137438,0.428785961481336,0.0165685755080686,0.00113401931381718,0.000855885647343154
-0.51300819108643,0.275567384534338,-0.0707673728855145,0.418138130579113,0.0176459468720196,0.00119687897723478,0.000145871690098856
-0.484610830690647,0.214994403710518,-0.0693305646937746,0.407156583760389,0.0185753524863369,0.00126637526627658,-0.000577902134337829
-0.457218608671316,0.151471050588745,-0.068069817263876,0.396022388526928,0.0193368040964589,0.00132752821796558,-0.00129450921898241
-0.431413552614041,0.085674277260329,-0.0670040916064822,0.384894230441575,0.0199172648382459,0.0013660294630667,-0.00198274354989688
-0.407680999307987,0.0183346416570383,-0.0661465324033625,0.373897526352589,0.0203104097140659,0.00136969861402146,-0.00262166095216033
-0.386391048365559,-0.0498066711580536,-0.0655054472555219,0.363118838415803,0.0205158336217146,0.00132974298834034,-0.0031911938776973
-0.367794687134759,-0.118031390495,-0.0650855966338874,0.352605831917839,0.0205380592682368,0.00124166944472556,-0.00367284612320314
-0.352030223329066,-0.185663982961911,-0.064889218880598,0.342371745865887,0.0203856589416082,0.00110571318016266,-0.0040504478390893
-0.339134344776435,-0.252078445243004,-0.064916363287878,0.332402540900258,0.0200706523428894,0.00092668828633362,-0.00431091717406783
-0.329053332580701,-0.316696732349372,-0.0651644123482606,0.322664703756464,0.0196081498083506,0.000713238668644282,-0.00444494309000628
-0.321652642633548,-0.378985098864756,-0.0656270252149776,0.313112075112434,0.0190160608732196,0.000476571547468469,-0.00444748842801436
-0.316725710378517,-0.438453564159524,-0.0662929922405826,0.303690823699247,0.0183146430143493,0.000228864610015371,-0.00431802483656565
-0.314004177303546,-0.494660763757478,-0.0671455521739017,0.294342519048499,0.0175257362338268,-1.83862589861218e-05,-0.00406045340792297
-0.313171368697681,-0.547223096148153,-0.068162566446199,0.285005872978707,0.0166716752891718,-0.000255801569116743,-0.00368272531251917
-0.313879260569335,-0.595824758753853,-0.0693176395817983,0.275617956585833,0.0157740220887724,-0.000477121090159062,-0.00319623486606163
-0.315767354655373,-0.640224738682387,-0.0705819494973102,0.266115560552943,0.0148523517714139,-0.000679673625369797,-0.00261509370094384
-0.318480735645775,-0.680257918293605,-0.0719263274299653,0.256437003199596,0.0139233290548533,-0.000864332357821072,-0.00195539963699781
-0.321684502736426,-0.715829382984546,-0.0733230654558612,0.246524300621154,0.0130002401907922,-0.00103506271622154,-0.00123459098707468
-0.325072585293565,-0.746902886630491,-0.0747470192643186,0.236325343635905,0.0120930390173538,-0.00119820695073196,-0.000470938518630383
-0.328370208119601,-0.773485666515989,-0.0761757594633901,0.225795629801403,0.0112088624369572,-0.00136163957934106,0.000316813523152888
-0.331330514630683,-0.795612267012765,-0.0775887443879702,0.214899152732496,0.0103528946186558,-0.00153388938578484,0.00110967982220749
-0.333726823780882,-0.813329898868067,-0.0789656985010008,0.203608201935256,0.00952941525187729,-0.00172327931725854,0.0018885856754905
-0.335342623653789,-0.826687390425266,-0.0802845624790574,0.191902025399785,0.00874284891378627,-0.0019371035872365,0.002634496934358
-0.335961726352413,-0.835729167415904,-0.0815195219804686,0.179764521689074,0.00799863256244939,-0.00218085171733014,0.00332859151922849
-0.335361049554603,-0.840494991941135,-0.0826397014220908,0.167181332872157,0.00730373477042784,-0.00245750395759725,0.00395253171500721
-0.33330819989339,-0.841025367689109,-0.0836090887654568,0.154136876256166,0.00666669978427827,-0.00276695518889826,0.00448888215305481
-0.32956530418909,-0.83737154974346,-0.0843880907633034,0.14061194401456,0.00609716120160743,-0.0031056608552918,0.00492169113460883
-0.323899296329837,-0.82960806381004,-0.0849367799974871,0.126582476517448,0.00560487692407918,-0.00346661824401337,0.00523721191039187
-0.316097229076491,-0.817844792784183,-0.085219422687574,0.11201995410173,0.00519846454911234,-0.00383977833651433,0.0054246908221431
-0.305983528526794,-0.802235406030003,-0.0852093968956436,0.0968935595239051,0.00488412745003507,-0.00421291623722109,0.0054771045456307
-0.293435056495181,-0.782979512260004,-0.0848933185566158,0.0811738893820084,0.00466470666139795,-0.00457288203257519,0.0053917084931895
-0.278389965971175,-0.760317433302416,-0.0842732617120476,0.0648376231273187,0.0045393350282452,-0.00490704388884968,0.00517027863597394
-0.260847798383946,-0.734518505696475,-0.0833664299118532,0.0478722944213228,0.0045038112587843,-0.00520466835594834,0.00481899039820787
-0.240860643611872,-0.70586559095983,-0.0822023576530624,0.0302802361640069,0.00455160516547408,-0.00545799278591773,0.00434796175856549
-0.218517577382106,-0.674639333757994,-0.0808184131603709,0.0120809138045502,0.00467522996019975,-0.00566283025447243,0.00377056225448921
-0.193926133083326,-0.641105397629568,-0.0792547750578508,-0.00668881797971334,0.00486763543281861,-0.0058186717477396,0.00310262887779374
-0.167194836109353,-0.605506704563652,-0.0775500560079758,-0.0259765965613468,0.00512330282275661,-0.0059283632946897,0.002361725378999
-0.138419982198296,-0.568061192125524,-0.0757384165230988,-0.0457182534386914,0.00543882775018759,-0.00599750007443093,0.0015665434220908
-0.107678393654435,-0.528964341324204,-0.0738485259727827,-0.0658427409647095,0.00581291105857056,-0.00603368547853298,0.00073649151696176
-0.0750263770863574,-0.488395018066791,-0.0719042562645587,-0.0862775311291732,0.00624579678617686,-0.00604576479167354,-0.000108532556609614
-0.0405038716954704,-0.446523024655861,-0.0699266385055989,-0.106953674174206,0.00673828272242571,-0.00604308580727046,-0.000948229305372505
-0.00414191105977782,-0.403517004607044,-0.0679364008460969,-0.127809705378522,0.00729048384742328,-0.00603478692810742,-0.0017619153383265
0.0340290244649696,-0.359551775473604,-0.0659563230971437,-0.14879363595985,0.00790056279140415,-0.00602908506348845,-0.00252855771827846
0.0739724590088754,-0.314814624961456,-0.0640126778574248,-0.169862396259566,0.00856366010341316,-0.00603254062118564,-0.00322691657280068
0.115643808823121,-0.269510512845746,-0.0621351893105114,-0.190978402546145,0.00927125319218655,-0.00604931581973192,-0.00383587949734406
0.158994743617285,-0.22386645801566,-0.0603552557108493,-0.212103470355993,0.0100111251825294,-0.00608050509274775,-0.00433504356526266
0.203984682560135,-0.178135652515684,-0.0587026514786187,-0.233191079341197,0.0107680097435551,-0.00612367906084113,-0.00470554933390338
0.250597853341234,-0.13260198203284,-0.0572014731854521,-0.25417881446491,0.01152479056506,-0.00617281243911778,-0.00493110064875881
0.298861582359923,-0.0875855307537281,-0.0558665403124884,-0.274983296860226,0.0122639124968832,-0.00621872937951497,-0.00499903281663219
0.348859015392488,-0.0434491480750029,-0.0547015712454926,-0.29549968713148,0.0129684916441118,-0.00625008828927058,-0.00490124991404795
0.400728372716731,-0.000605123846899851,-0.0537000670141468,-0.315606756826458,0.0136225987996886,-0.00625477338669026,-0.0046348672354087
0.454641942143713,0.04048051141402,-0.0528490025607349,-0.335176872308387,0.0142103986859914,-0.00622142795006419,-0.00420247270735976
0.510761457775728,0.0792902873429648,-0.0521344394474398,-0.354088656883363,0.0147142300428294,-0.0061408210036507,-0.00361203531525897
0.569171794952294,0.115269759237314,-0.0515474273972729,-0.372239218504451,0.0151121911970018,-0.00600681040103833,-0.00287659220015779
0.629801263515111,0.147859677153801,-0.051088339666838,-0.389552926901696,0.015376194621827,-0.00581681655083872,-0.0020138964848398
0.692343386011107,0.176548828482595,-0.0507681501629241,-0.405984665079584,0.0154716295851184,-0.00557187754736181,-0.00104618677446778
0.756200568908774,0.200944455908474,-0.0506059922236109,-0.421516931924055,0.0153596171603338,-0.00527644299546787,-1.54292870918682e-07
0.820471868758944,0.220847921878496,-0.0506234585923013,-0.436151787226413,0.0150022869450562,-0.00493803859112065,0.00109294296374855
0.884001307528249,0.236313907052389,-0.0508372902951444,-0.449899998303849,0.0143705598029093,-0.00456680526779629,0.00219720916496466
0.945487335803499,0.247667929235587,-0.0512530103202099,-0.462770275207303,0.0134527798158313,-0.00417475100763938,0.00327238743059017
1.00363096939005,0.255465704479214,-0.0518621574475086,-0.47476060963495,0.0122616533305215,-0.00377446597524863,0.00427482863327997
1.05728041924914,0.260399558704201,-0.0526445919747068,-0.485851620414179,0.0108369033944322,-0.00337716470721476,0.00515941119963274
1.1055274171933,0.263182128674828,-0.0535749951426127,-0.495999845776329,0.00924215203178106,-0.00299026764686682,0.00588244684881387
1.14773084339401,0.26444964105803,-0.0546302574790768,-0.505129056413184,0.00755647415895365,-0.0026151769354646,0.00640529324752662
1.18347684996537,0.264715663606809,-0.0557935949578634,-0.513120567052166,0.00586291737175176,-0.00224614728227361,0.00669809319912886
1.21251090409723,0.264377524042958,-0.0570529198661861,-0.519807337737907,0.00423714917674974,-0.00187094926629377,0.00674288618498136
1.2346805530098,0.263750985071844,-0.0583944689146405,-0.524978057491887,0.0027389846527751,-0.00147337815962585,0.00653538054886999
1.24990965706451,0.263101176679357,-0.0597957319161806,-0.528394459264406,0.00140825776914403,-0.00103689881315714,0.00608496452218071
1.25820070545758,0.262650637949773,-0.0612222583603804,-0.529819212485682,0.000265013145132396,-0.000548274059699786,0.00541300418425434
1.25964732567492,0.262565812469814,-0.0626306536463102,-0.529046610983668,-0.000687130815515736,-1.44288130178669e-07,0.00454994656813883
1.2544393047504,0.262936854224093,-0.0639766467631669,-0.525927015601038,-0.0014561012148209,0.000607908812581684,0.00353200637610543
1.24285173202588,0.263766488818335,-0.0652246528931771,-0.520378881030678,-0.00205652911862936,0.00126963909066713,0.00239816727567166
1.22521957733512,0.264976070709017,-0.0663548327592269,-0.512386967248479,-0.00250601545499669,0.00197319744297384,0.00118795073344773
1.20190419890379,0.266428239379075,-0.0673648970087622,-0.501989378869258,-0.00282296858908482,0.002702412111038,-5.99307905834938e-05
1.17325895413614,0.267960267587171,-0.0682657900928998,-0.489258077438258,-0.0030259714545363,0.00343797134396571,-0.00130817513654668
1.13959965528647,0.269420748982898,-0.0690721159522271,-0.474277695292153,-0.00313431106841018,0.00415850705852466,-0.00252101609328901
1.10118413790029,0.270702946245627,-0.0697894789815237,-0.45712678234719,-0.00316913400975405,0.00484180230711733,-0.00366417614831771
1.05820436814631,0.271769217187366,-0.0704018660638239,-0.437864809778122,-0.00315461524934823,0.00546639880378756,-0.00470492809667185
1.01079378449448,0.272661866423188,-0.0708627861743634,-0.416527526158136,-0.00311851332754986,0.00601374732535289,-0.00561249811269773
0.959050912443526,0.273497030654121,-0.0710938231073024,-0.39313227947266,-0.00309156324853237,0.00647075680905795,-0.00635896223496697
0.903076935505776,0.274440739860125,-0.0709930423119815,-0.367693184807799,-0.00310540179474703,0.00683224671672659,-0.00692065534590691
0.843020103077539,0.275670562500735,-0.0704530233844297,-0.340243367302966,-0.00318916888368767,0.00710254544444823,-0.00727991919149428
0.779115403687528,0.277331338759955,-0.0693846449657967,-0.310858583790022,-0.00336549749589929,0.00729548707427575,-0.00742680558910912
0.711706716360885,0.279497038238824,-0.0677396516697448,-0.279674800747055,-0.00364704549391842,0.00743244316576571,-0.00736022437961468
0.641242840906542,0.282150100562416,-0.0655244271974189,-0.246893323568706,-0.00403473557909465,0.00753868657095245,-0.00708809333538508
0.568247638746445,0.285183989055577,-0.0628002200645295,-0.212771122890984,-0.00451833796623128,0.00763900782456319,-0.00662633152677323
0.493273861036911,0.288426478475623,-0.0596701713660764,-0.177599381293565,-0.00507917944206342,0.00775374662935873,-0.00599691919250367
0.416855161955554,0.2916745542628,-0.0562581983225922,-0.14167718460309,-0.00569404245511613,0.00789613842866211,-0.00522553033999326
0.339469110484063,0.294729693098021,-0.0526867972018488,-0.105287801099621,-0.00633907764089208,0.00807129736189873,-0.00433929836279211
0.261517568565531,0.297424689152155,-0.0490597397489456,-0.0686823911801839,-0.00699281125434683,0.00827659873699309,-0.00336511688505241
0.183323643943329,0.299637685707652,-0.0454527938596537,-0.0320721833451649,-0.00763783241075451,0.00850292872362208,-0.0023286302361796
0.105139710168676,0.301293411771376,-0.0419126647926779,0.00437281249972205,-0.00826120699976622,0.00873626225007773,-0.00125385971018161
0.0271607858166422,0.302353939244921,-0.0384625575396398,0.0405213219407216,-0.00885392309485755,0.00895920891850128,-0.000163309062247814
-0.0504598996655552,0.302802467027931,-0.0351119837472571,0.0762764030351646,-0.00940974422408626,0.00915237881185663,0.000921611204239056
-0.12759366050312,0.302623691585329,-0.0318684281316972,0.111569736523274,-0.00992381537475468,0.00929560388983154,0.00197997949893002
-0.204117882268432,0.301784204178011,-0.0287486502704879,0.14635489219602,-0.010391317976416,0.0093691700856923,0.00299072818415452
-0.279898061615123,0.300216309963646,-0.025787528612453,0.180599937663987,-0.0108064303518378,0.00935524527108128,0.00393215411769749
-0.354772097693956,0.297808664364293,-0.0230425199541211,0.21427925617387,-0.011161808313219,0.00923961351469163,0.004781751993547
-0.428538499465576,0.294407192054683,-0.020592084590102,0.247364142723922,-0.0114487554676591,0.00901365007776928,0.00551651210420052
-0.500949961755618,0.289828837699355,-0.0185272474485312,0.279812002627234,-0.0116581558212157,0.00867624473252204,0.00611376130925161
-0.571713980714216,0.283888348135227,-0.0169369973534478,0.311555128612206,-0.0117820731881982,0.00823517092951004,0.00655252220760362
-0.640501645080319,0.276434319828055,-0.0158903517393998,0.342491395944817,-0.011815689328155,0.00770731684938898,0.00681522091409443
-0.706964106233724,0.267386364179888,-0.015419829041111,0.372479990685988,-0.0117590413488545,0.00711734647975581,0.00688942516860079
-0.770753923891485,0.256762703190008,-0.0155115893647879,0.4013447407665,-0.0116179584219176,0.00649476443077411,0.00676921614986727
-0.831546669659247,0.244688940828703,-0.0161058186306386,0.428885630428602,-0.0114037793788464,0.0058698841187055,0.00645585715096436
-0.889058013970676,0.231384416513653,-0.0171074339265434,0.454896428966465,-0.0111318190662634,0.00526959619620276,0.00595762193877377
-0.943053302690726,0.21713010310757,-0.0184035022374274,0.479184382597341,-0.0108189707741959,0.00471389080260093,0.00528890041070135
-0.993349460876866,0.202227886070539,-0.019881729023266,0.501587584690399,-0.010481084893459,0.00421378159554989,0.0044688884851174
-1.0398114905825,0.186962855438732,-0.0214447888389399,0.521986906092445,-0.0101307561265657,0.00377079198799841,0.00352021880174104
-1.08234682122239,0.171578091889375,-0.0230175234731567,0.54031130736243,-0.00977593947858903,0.0033777400825884,0.00246781029800997
-1.1209002014909,0.156267313970127,-0.0245467760630784,0.556536907067964,-0.0094195395999768,0.0030203546947001,0.00133807553045356
-1.15545026502376,0.141186776535618,-0.025995742271969,0.570680793457628,-0.00905990451975904,0.0026792826534268,0.000158491140557246
-1.18600711784349,0.126484919587523,-0.0273357821011838,0.582790355939248,-0.00869205989318609,0.00233221985200443,-0.00104255821613388
-1.21260886471232,0.112346036121105,-0.0285387973725186,0.592928443508259,-0.00830953439020417,0.00195610050417417,-0.00223580598924938
-1.23531422733674,0.0990413781767967,-0.0295728657928009,0.601154640743692,-0.00790670236365106,0.00152941394975403,-0.00339116174115808
-1.25418844325952,0.0869763784510085,-0.030403021315512,0.607503963909883,-0.00748163329437737,0.00103472226910848,-0.00447794398184891
-1.2692805771341,0.0767158980791027,-0.0309978461124841,0.611966425285879,-0.00703938353606422,0.00046130315623101,-0.0054653663840973
-1.28059250764904,0.0689631133897697,-0.0313407734853341,0.614473397815461,-0.00659535590444409,-0.000192417070671266,-0.00632325313392482
-1.28804377852804,0.0644682113455759,-0.0314428002284454,0.614897630055697,-0.00617769311518607,-0.00091722150143172,-0.00702287426097304
-1.29144265545806,0.0638596133295926,-0.0313513309473896,0.613070875322536,-0.00582685164934008,-0.0016928950345871,-0.00753783223467155
-1.29048039194306,0.0674278625893161,-0.0311494213635997,0.608816061587282,-0.00559028167595957,-0.00248987632247097,-0.00784515354431986
-1.28476658776598,0.074938554000238,-0.0309421580975227,0.601983418085596,-0.00551163081856792,-0.00327277953096858,-0.00792696441600214
-1.27391028599228,0.0855713046337549,-0.0308324945754839,0.592478084876994,-0.00561729616880392,-0.00400535924677511,-0.00777294920166333
-1.25762494888528,0.0980421829753448,-0.0308951242107653,0.580272760740621,-0.00590635152769459,-0.00465608574629697,-0.00738303879302602
-1.23581408073068,0.11087613571914,-0.0311594580730746,0.565407504891123,-0.006349503371088,-0.00520311338080668,-0.00676903702000771
-1.20859991581162,0.12271685925438,-0.03160871413902,0.547982394857614,-0.0068979931710203,-0.00563730730751334,-0.0059540543173726
-1.1762889784158,0.132554933501266,-0.0321939079463205,0.52814649841184,-0.00749785678659296,-0.00596251422497697,-0.0049697364733144
-1.13929961877532,0.139816720691586,-0.0328549867504676,0.506083831259086,-0.00810300582954045,-0.00619330323177319,-0.00385239161258545
-1.09808604138355,0.144329759610239,-0.0335402001793863,0.481997179927378,-0.0086828177070854,-0.00635128479129468,-0.00263938297243617
-1.05308225948311,0.146218404980269,-0.0342180223392587,0.456092425792294,-0.00922355291182105,-0.00646130534878995,-0.00136664014894204
-1.00467277613943,0.145781789923341,-0.0348801585592755,0.428566592505291,-0.00972533009940453,-0.006548390625352,-6.74509244705335e-05
-0.953185775352586,0.143385748686272,-0.035537027143941,0.399601652557888,-0.0101969615370612,-0.0066357032629232,0.00122774126673591
-0.898901177526272,0.139380547820672,-0.0362082315001234,0.36936430858567,-0.0106504261677423,-0.00674333088510193,0.00249093938666887
-0.84206700775584,0.134044920413009,-0.0369106507157237,0.33801062231729,-0.0110960094132415,-0.00688752905923591,0.00369595799135907
-0.782919759219599,0.127553373949854,-0.0376466503070334,0.305693779469444,-0.0115386199361617,-0.00708006189173733,0.00481783295743979
-0.721705896127652,0.119964569769799,-0.0383949023701569,0.272573125909085,-0.0119755695553706,-0.00732743214802522,0.0058324955594528
-0.658701825576208,0.111230363196567,-0.0391062922154052,0.238822479673245,-0.0123960454470119,-0.00763001178795716,0.0067168903752048
-0.594229007429643,0.101225373826849,-0.0397069436650988,0.204635507740435,-0.0127824317808291,-0.007981319286111,0.0074496615447293
-0.528660339808448,0.0897944005509874,-0.0401090498780289,0.17022596455385,-0.0131134004214965,-0.00836786747567761,0.00801241841485154
-0.462414684731448,0.0768099017902508,-0.040227869881076,0.135821377721418,-0.0133682476333992,-0.00877002263330341,0.00839140375881853
-0.395938978676332,0.0622264374553285,-0.0400006309336526,0.101650620407514,-0.0135314469576206,-0.00916409066708173,0.00857917472318756
-0.329681126869929,0.046117026673996,-0.0394015430877804,0.0679281764675688,-0.0135961159785593,-0.00952541024451346,0.00857578150015962
-0.26405980500513,0.0286804241069269,-0.0384479350764095,0.0348393919002589,-0.0135653282700633,-0.0098317769085719,0.00838899902461591
-0.199437468244607,0.0102174801335487,-0.0371956646674604,0.00253039491096491,-0.0134509329321452,-0.0100663090610977,0.00803343579640715
-0.136100099062744,-0.00891512414524015,-0.0357259445910767,-0.0288961260216427,-0.0132704394757919,-0.0102190378423046,0.00752868501244948
-0.0742446085151143,-0.0283592739782406,-0.034128464311118,-0.0593804226570608,-0.0130431057670961,-0.01028696411947,0.00689694142800079
-0.0139749315689162,-0.0478026606756172,-0.0324861211316318,-0.0889017450296779,-0.0127864245230846,-0.0102728363462221,0.00616061940498478
0.0446899783156394,-0.0670079172610114,-0.03086497735058,-0.117470643537034,-0.0125137963470897,-0.0101832495886364,0.00534048343007832
0.101794583453478,-0.0858204489473549,-0.0293103853694616,-0.14511705059274,-0.0122335848020637,-0.0100267386283543,0.00445462641190279
0.157416732270381,-0.104159877191945,-0.0278479356692538,-0.171876263302013,-0.0119492642448874,-0.0098123383539362,0.00351831324077048
0.21163927890299,-0.12200401436498,-0.0264869778284895,-0.197777096045171,-0.011660185791688,-0.00954875538971129,0.00254441497007024
0.264531062172512,-0.139372643458283,-0.025224888993,-0.222835370390119,-0.0113625778621657,-0.0092440454684766,0.00154408042354428
0.316138729343955,-0.156314265538199,-0.0240511518043148,-0.247053102620987,-0.0110505858831931,-0.00890561265379652,0.000527405339119533
0.366486748744155,-0.172895949995886,-0.0229509495298849,-0.270421939898213,-0.0107172960686396,-0.00854037695668935,-0.000495993720539179
0.415582165904335,-0.189195281882008,-0.0219082612893647,-0.292929122827463,-0.01035575106397,-0.00815500574299558,-0.00151650818038363
0.463421486712963,-0.205293426628539,-0.0209084923536167,-0.314564670937484,-0.00995997612228862,-0.0077561402615933,-0.00252415043967708
0.509997998290262,-0.221268421281968,-0.019940656424079,-0.335328834697826,-0.00952602463017553,-0.00735054851601775,-0.00350824132026739
0.555308416557306,-0.237188307476645,-0.0189990654370626,-0.355239001694082,-0.00905301812456944,-0.00694515557832993,-0.00445717359894847
0.599357978798423,-0.253103861006291,-0.0180844354179495,-0.374335127831316,-0.00854411746348837,-0.00654689777495046,-0.00535827296836267
0.642163185026323,-0.269041077472744,-0.0172042687173214,-0.392682603003276,-0.00800730932643699,-0.00616236750576808,-0.00619779096458544
0.683751491722111,-0.284993992537384,-0.0163723571528813,-0.410371384859492,-0.00745584271187022,-0.00579724652426611,-0.00696107286759329
0.724157519588076,-0.300918884447398,-0.0156072907266445,-0.427510435831463,-0.00690812133463941,-0.0054555749928373,-0.00763294043567331
0.763415839338883,-0.316731288890597,-0.0149299780164331,-0.444217124260031,-0.0063868767674304,-0.00513896561011564,-0.00819830892467678
0.801551132202785,-0.332307342856092,-0.0143603914912749,-0.460602325988331,-0.00591753829449687,-0.00484593061675359,-0.00864301724003397
0.838567337091295,-0.347490547692388,-0.0139140063361968,-0.476753297522673,-0.00552588373762645,-0.00457151869226517,-0.00895479422528393
0.874438010829812,-0.362104008296386,-0.0135986167454347,-0.492717547034124,-0.00523526880198875,-0.00430743199633523,-0.00912422861083483
0.909100225971582,-0.375966742263733,-0.0134122731039612,-0.508491349294264,-0.0050639179768179,-0.00404269956890422,-0.00914557842419965
0.942453734214977,-0.388911242990213,-0.0133429023249438,-0.524015847016289,-0.00502282887196816,-0.00376484084637117,-0.00901726823781131
0.974365939916326,-0.400798748140011,-0.0133697648457657,-0.53918192609903,-0.0051147373444727,-0.00346131125246011,-0.00874198374128022
1.0046818469079,-0.411529049001286,-0.0134663980807024,-0.553842840387644,-0.00533433097348626,-0.00312093886683251,-0.0083263642553165
1.03323704792587,-0.421043147715124,-0.0136042952249456,-0.567831733061282,-0.00566957822356852,-0.002735072507437,-0.00778038131352511
1.05987135308753,-0.429319097944255,-0.0137564286412806,-0.580980390773116,-0.00610378413623172,-0.00229825941514683,-0.00711654451591251
1.08444084265322,-0.436363171388297,-0.0138998846065741,-0.593135891646652,-0.00661787791421551,-0.00180841014327282,-0.00634908217472566
1.10682677419844,-0.442199428150291,-0.0140172370773228,-0.604172904733287,-0.00719249376196385,-0.00126653397450586,-0.00549321286271257
1.12694057927204,-0.446860598674577,-0.0140966922282053,-0.614000709072601,-0.00780956561403982,-0.000676202356085291,-0.00456457563145881
1.1447249034603,-0.450382150826983,-0.0141313407643959,-0.622565078588942,-0.00845333508061104,-4.29118249601296e-05,-0.00357884082512354
1.1601511402035,-0.452800063938516,-0.0141179922562353,-0.629845828652694,-0.0091108061281521,0.000626513729007973,-0.00255149043942307
1.17321415601288,-0.454151709960646,-0.0140560444915815,-0.635851063850711,-0.00977174777028305,0.00132439547917956,-0.00149773813488046
1.18392495963018,-0.454478644481345,-0.0139467177401177,-0.640609138878127,-0.0104283608281711,0.00204251686532143,-0.000432550760764584
1.19230203258583,-0.453830015946068,-0.0137928217657021,-0.644159199197949,-0.0110747137506403,0.00277230222611919,0.000629268704465149
1.19836201930613,-0.452265501140693,-0.0135990651878801,-0.646541030375085,-0.0117060378117181,0.00350490592972263,0.00167297579289764
1.20211054019283,-0.44985695488707,-0.0133727809542086,-0.647784894082426,-0.0123179644630229,0.00423127872769979,0.00268379361939228
1.20353405112772,-0.446688212446133,-0.0131248332357193,-0.647902094159948,-0.0129057887748359,0.00494228139857519,0.00364687103543196
1.20259387578828,-0.442852704767687,-0.0128703947069339,-0.646877175915534,-0.0134638493930466,0.00562890508875079,0.00454732230072584
1.19922367797445,-0.4384487970595,-0.0126292513052553,-0.64466284313003,-0.0139851211191764,0.00628263335813784,0.00537037741510856
1.1933315816852,-0.433573095024583,-0.012425324132847,-0.641178762736931,-0.0144611126255867,0.00689594410295588,0.00610166564074901
1.18480775148748,-0.428312388102467,-0.0122852144022741,-0.636315276190934,-0.0148821393147184,0.0074629044250875,0.00672764197761221
1.17353743822462,-0.42273535107833,-0.0122357811433307,-0.629942527811165,-0.0152379924218308,0.00797976665729373,0.00723614517448056
1.15941832882047,-0.416885469165901,-0.0123010254526291,-0.621924618276886,-0.0155189502450475,0.00844544199475333,0.00761704651322724
1.14237975311096,-0.410776716329754,-0.0124988131476607,-0.612137217201547,-0.0157169887302571,0.00886172385491587,0.00786291581359338
1.12240030719874,-0.40439317030156,-0.0128381264963853,-0.600485930827757,-0.0158269728317023,0.00923316596772131,0.00796960458205885
1.09952021144338,-0.397692987671635,-0.0133175105591697,-0.586922051167956,-0.0158475792950377,0.00956658844560038,0.00793663826179587
1.07384551827092,-0.390616167352248,-0.0139251419228253,-0.571452490522928,-0.0157817387379857,0.0098702715504153,0.0077673293822582
1.04554302523295,-0.38309462077533,-0.014640555201791,-0.554141836523185,-0.0156364885843398,0.0101529731934971,0.00746857095078475
1.01482691248314,-0.375062566973766,-0.0154376470029542,-0.535106256508804,-0.0154222678028573,0.0104229447326476,0.00705033248060737
0.981939971640472,-0.36646534744706,-0.0162882844039896,-0.514500837756785,-0.0151518116196168,0.0106871071892863,0.00652493942689799
0.947133217133886,-0.357265336914601,-0.0171657661345993,-0.492503244862879,-0.0148388773501636,0.0109504945611966,0.00590625170454077
0.910647477403571,-0.347444452085291,-0.0180475168505283,-0.469296950991132,-0.0144970344834098,0.0112159965013775,0.00520885986331912
0.872699509191052,-0.337003529796055,-0.0189166573195631,-0.445056799380791,-0.0141386957425896,0.0114843663514322,0.00444739286979107
0.833473771513607,-0.325959351148997,-0.0197623784705116,-0.419938621461236,-0.0137744814829015,0.0117544202806888,0.00363599237044648
0.793119727760582,-0.314340273940518,-0.0205792713797497,-0.394073510089635,-0.0134129286350394,0.0120233430478218,0.00278796903899306
0.751753703099445,-0.30218136676369,-0.0213658924988097,-0.367566444477012,-0.01306049725715,0.0122870287090195,0.00191562674333137
0.709463965141483,-0.289519731409419,-0.0221228807878016,-0.340498425370882,-0.0127217981567183,0.0125404090911102,0.00103022306680417
0.666317705239237,-0.276390464905181,-0.0228509210588301,-0.312931082585975,-0.0123999590977947,0.0127777484223961,0.000142028680385483
0.622368879038653,-0.262823503969158,-0.0235487990627667,-0.284912768231636,-0.0120970566988048,0.0129929062477137,-0.000739551029356584
0.577666009440077,-0.248841480780897,-0.0242117433986254,-0.256485274741842,-0.0118145539048756,0.0131795771741965,-0.00160582296888365
0.532259500437398,-0.234458613846375,-0.0248302100467285,-0.227690526698683,-0.0115537005180379,0.0133315317006804,-0.00244864846953594
0.486208002078333,-0.219680636442746,-0.0253892348347014,-0.198576692210148,-0.0113158637616356,0.0134428731912499,-0.00326030091037754
0.439583502789919,-0.204505731536161,-0.0258684530715909,-0.169203251022992,-0.0111027653317898,0.013508322728761,-0.00403335523102891
0.392474826791302,-0.188926408243752,-0.0262428500868538,-0.13964459675778,-0.010916607843414,0.0135235320072803,-0.00476062159784797
0.344989239579118,-0.172932204401384,-0.0264842519683375,-0.109991805404776,-0.0107600803922919,0.01348541102574,-0.00543513087530139
0.297251956492173,-0.156513034711232,-0.0265634883807318,-0.0803523128392926,-0.010636241746439,0.0133924440637068,-0.00605017399797546
0.249403534624937,-0.139662934872271,-0.0264530656037097,-0.050847433680817,-0.010548291093168,0.0132449574439886,-0.00659939119281552
0.201595379976219,-0.122383891749915,-0.0261300951596216,-0.0216079041016405,-0.0104992493877993,0.0130452988830393,-0.00707690138300752
0.153983826084863,-0.104689399494759,-0.0255791537789585,0.00723212664590563,-0.0104915869756333,0.012797892192198,-0.00747745842164369
0.106723364738334,-0.0866073463992565,-0.0247947215655059,0.0355420576734684,-0.0105268429088253,0.0125091418933756,-0.00779661914257385
0.0599596314450988,-0.0681818338852423,-0.0237828651209254,0.0632020638969388,-0.0106052863910912,0.0121871778361703,-0.00803090741055407
0.0138227273237884,-0.0494735858423763,-0.0225619015656561,0.0901098750314707,-0.010725669704419,0.0118414481608586,-0.00817795733950165
-0.0315785391449796,-0.0305587521088613,-0.0211618946976181,0.116186397232044,-0.0108851136945052,0.0114821884644223,-0.00823661806852107
-0.0761609030760768,-0.0115261347305068,-0.0196229865298117,0.141379529299411,-0.0110791510518225,0.0111198134955019,-0.00820700400864338
-0.119868871554952,0.00752688211421648,-0.0179927342326983,0.165665688064258,-0.0113019307862052,0.0107642912361185,-0.00809047996911736
-0.162674606751709,0.0264992041942113,-0.0163227705272583,0.189048830720527,-0.0115465634167037,0.0104245636510435,-0.00788957963319041
-0.204575445995834,0.0452910939289416,-0.0146651992962738,0.211557106648053,-0.0118055658919616,0.0101080713253449,-0.0076078661142436
-0.245589374414692,0.0638088331949735,-0.0130691554035021,0.23323760026148,-0.0120713528260959,0.0098204218538303,-0.00724975176162654
-0.285749036395213,0.081968501120913,-0.0115778979117924,0.25414985834269,-0.0123367185872963,0.00956521847118256,-0.00682029883691689
-0.325095023419842,0.0996985742189806,-0.0102266890459195,0.274358988189491,-0.0125952624025799,0.00934404163483605,-0.00632502253486346
-0.363669181485939,0.116941261358007,-0.00904156967103272,0.293929062547114,-0.012841722769989,0.00915655717388976,-0.00576971401874069
-0.401508583483549,0.133652656788424,-0.0080390099733427,0.312917417398683,-0.0130722037167219,0.00900071364196988,-0.00516029526169871
-0.438640570406408,0.149801987231059,-0.00722629540051406,0.331370209242537,-0.0132842924320772,0.00887298488621221,-0.00450271186351288
-0.475079218339936,0.165370138616981,-0.0066024832682758,0.349319433219232,-0.013477075408399,0.00876862536525475,-0.00380286384362364
-0.510823215651871,0.180347873960187,-0.00615969330404576,0.36678138509499,-0.0136510717978463,0.00868190319524275,-0.00306657237072849
-0.545855134425643,0.19473396191466,-0.00588454807891364,0.383756465148391,-0.0138081018026582,0.00860629403630175,-0.00229957742498334
-0.580141937377096,0.208533444164819,-0.00575959881090318,0.400230142865735,-0.0139511080175663,0.00853462640994102,-0.00150756117952231
-0.613636525526103,0.221756189326815,-0.00576462213825304,0.416174881286794,-0.014083944275196,0.00845917921993601,-0.00069619192949385
-0.646280121420818,0.234415808515949,-0.00587772328088521,0.431552827828686,-0.0142111425152043,0.00837174044701374,0.000128816179145724
-0.678005295503296,0.24652893927962,-0.00607622674801245,0.4463191025625,-0.0143376644144088,0.00826364258578429,0.000961632034838587
-0.708739463987497,0.258114842387575,-0.00633737334424774,0.460425540103129,-0.0144686417858196,0.0081257954888648,0.00179622940814128
-0.738408705367343,0.269195201993569,-0.0066388694429053,0.473824756321174,-0.0146091086548673,0.0079487409447906,0.00262630647551547
-0.76694174937984,0.279793974645577,-0.00695935027377284,0.486474406500618,-0.0147637287855378,0.00772275540290945,0.0034452085556471
-0.794273979100972,0.289937097918103,-0.00727882285733028,0.498341470925065,-0.0149365253444052,0.00743802729323334,0.00424586082145054
-0.82035125302817,0.299651849555015,-0.007579146099902,0.509406346781605,-0.0151306241489289,0.00708493249829898,0.00502071933473447
-0.845133300588386,0.308965648575673,-0.00784458569976954,0.519666446100008,-0.0153480279124348,0.00665442455029534,0.00576175045313299
-0.86859638230333,0.317904119604442,-0.008062450966962,0.529138912335807,-0.0155894449146909,0.0061385438215021,0.00646045015413091
-0.890734853093283,0.326488309753073,-0.00822378196790485,0.537861997106184,-0.0158541998332579,0.00553103156580538,0.00710791554498086
-0.911561249988814,0.334731060028341,-0.00832401337283443,0.545894617289503,-0.0161402547931099,0.00482801054675839,0.00769497997889014
-0.93110457546955,0.342632689703446,-0.00836350358854306,0.553313680934592,-0.0164443626226759,0.00402866655474872,0.00821241986790824
-0.949406592376946,0.350176338701243,-0.00834779421436345,0.560208962729385,-0.0167623600378234,0.00313583941173697,0.00865123467867991
-0.966516196563507,0.357323499564421,-0.00828746628415634,0.566675638812871,-0.017089585856617,0.00215641565906946,0.00900299149332762
-0.982482268223029,0.364010411913754,-0.00819749421724024,0.572805028196905,-0.0174213809320776,0.00110141668809965,0.00926021278689081
-0.997345760562382,0.370146038773413,-0.00809606691246139,0.578674552770066,-0.0177535980268161,-1.4297601689227e-05,0.00941677303609527
-1.01113206735981,0.375612260193248,-0.00800293832018931,0.584338292423833,-0.0180830295169774,-0.00117273727307263,0.00946825998506894
-1.02384481375739,0.380266706321598,-0.00793746648061613,0.589819637966571,-0.0184076569855263,-0.00235385990307545,0.00941225371135793
-1.03546206575731,0.383948358857825,-0.00791657382314274,0.595107337850495,-0.0187266448219333,-0.00353690097919743,0.00924848360929351
-1.04593555750207,0.386485764755311,-0.00795288962992327,0.600155698217956,-0.0190400396166309,-0.00470178541492486,0.00897883981149826
-1.05519298525826,0.387707519363229,-0.00805330927494837,0.604888947442783,-0.0193481919479493,-0.00583042768784477,0.00860723792335562
-1.06314286835832,0.38745462876576,-0.00821813482814568,0.609209013853771,-0.0196509764765797,-0.00690774883980711,0.00813935860412168
-1.0696810895371,0.385594404848426,-0.00844087391857832,0.613005391180419,-0.0199469388460149,-0.00792229484682598,0.0075823009048635
-1.07469809873065,0.382035540722713,-0.00870869764275271,0.616165510191909,-0.0202325344126965,-0.00886641679129478,0.00694419700218327
-1.07808589763111,0.376743774467502,-0.00900351166745119,0.618584116255921,-0.020501636898072,-0.00973604986630932,0.00623383582993035
-1.07974422617678,0.369756947035297,-0.00930357459781818,0.620170494778191,-0.0207454772927976,-0.0105301898374883,0.00546033631048788
-1.07958569990743,0.361197345811502,-0.0095855816360547,0.620852867326288,-0.0209531168240049,-0.0112502028044445,0.00463290033514909
-1.07753985346921,0.351278319873417,-0.00982709046988064,0.620579783520624,-0.0211124585409377,-0.0118991132913221,0.00376066337230543
-1.07355604864177,0.340301820702459,-0.01000908537272,0.619318772651547,-0.0212116700016906,-0.0124809970006577,0.00285264727104786
-1.06760503501081,0.328644344077775,-0.0101183722408105,0.617052842462512,-0.0212407575752829,-0.0130005614322582,0.0019178056740866
-1.0596787543446,0.316730930650748,-0.0101494228610903,0.613775591445894,-0.0211929535612837,-0.0134629382948027,0.000965138627272838
-1.04978795321388,0.304999922646164,-0.0101053009946535,0.609485727081234,-0.0210655995544022,-0.0138736504480536,3.84234199703349e-06
-1.03795743996996,0.29386392022396,-0.00999743365826865,0.604181678549249,-0.0208603444412792,-0.0142386703242386,-0.000956543846181779
-1.02421935057104,0.283673597883633,-0.00984420654083345,0.597856818971433,-0.0205826778526896,-0.0145644696465895,-0.00190602672966741
-1.00860537104933,0.274690164620538,-0.00966858427582822,0.590495650512434,-0.0202410060593656,-0.0148579740313506,-0.00283410699047191
-0.991139262475357,0.267069752128762,-0.0094951069192641,0.582071219663907,-0.019845571933682,-0.0151263710740682,-0.00372979508054707
-0.971831107728852,0.260860072008122,-0.00934666302746447,0.572544029905252,-0.0194074982279907,-0.0153767616845328,-0.00458169582646055
-0.950674459187169,0.256007445993761,-0.00924141232807569,0.561862753679722,-0.0189381244085149,-0.0156156798791108,-0.00537815960536746
-0.92764711708879,0.25237132619607,-0.00919017807348155,0.549967028834222,-0.0184486705733887,-0.0158485318296408,-0.00610750008581431
-0.902715718098017,0.249743531057904,-0.00919458749598358,0.536792477148321,-0.0179501505167689,-0.0160790225527996,-0.00675828135675246
-0.87584372541379,0.247870073314293,-0.00924620888315922,0.522277768804666,-0.0174533975369468,-0.0163086508785843,-0.0073196759533349
-0.847001822275246,0.246474080959226,-0.00932688492123953,0.506373108427831,-0.0169690638767574,-0.0165363594394185,-0.00778188652765425
-0.816179179409982,0.245278580831,-0.00941035566973945,0.489049039888328,-0.0165074951523066,-0.0167584212571118,-0.00813660755945825
-0.783393704367935,0.244027803542481,-0.00946508309411019,0.470304115470649,-0.0160784457998453,-0.016968621651755,-0.00837748343145064
-0.748699332611766,0.242505397301115,-0.00945795552709001,0.450169914472045,-0.0156906699908573,-0.0171587510023465,-0.00850050260606756
-0.712188796973851,0.240547827148658,-0.00935832943874773,0.428712226892228,-0.0153514753403804,-0.0173193659411533,-0.00850426273144735
-0.673991104183065,0.238051540571199,-0.00914174077368976,0.406027910073416,-0.0150663493989965,-0.0174407183700787,-0.00839005368000321
-0.634263984335126,0.234973256796563,-0.00879265126235943,0.3822378042088,-0.014838755814144,-0.0175137119668071,-0.00816173400606996
-0.5931825697843,0.231323805426811,-0.00830579272197051,0.357476890162033,-0.0146701544270002,-0.0175307391455343,-0.00782541347092808
-0.550926209878206,0.227156968530824,-0.00768597596504656,0.331883345896197,-0.0145602435838445,-0.0174862807235361,-0.00738898862564244
-0.507665468434547,0.222555447596444,-0.00694654319405551,0.305588189347608,-0.014507372897407,-0.0173772055548872,-0.00686159979365888
-0.463551004339968,0.217616217443369,-0.00610687218567286,0.278706836365585,-0.0145090450365719,-0.0172027697330577,-0.00625308165550643
-0.418705378820879,0.212437182733756,-0.0051894380954989,0.251333322906688,-0.0145624205347242,-0.0169643665848207,-0.00557346815730548
-0.373218103662099,0.2071064078565,-0.00421690810033461,0.223537343738113,-0.0146647553682963,-0.016665108657322,-0.00483259224400101
-0.327143648311922,0.201694479364276,-0.00320962705072219,0.195363803161406,-0.0148137272691098,-0.0163093295892764,-0.00403979952463934
-0.280501774802503,0.196249964258348,-0.00218370273201186,0.1668343307283,-0.0150076332710382,-0.015902082573549,-0.00320377812990117
-0.233279505699886,0.190797541949014,-0.00114976241646181,0.137950194869044,-0.0152454607028906,-0.015448691553519,-0.00233249777052297
-0.185434253063523,0.185338229015155,-0.000112355340438136,0.108696228521097,-0.0155268432013129,-0.0149543894979497,-0.00143325028843413
-0.136898148032764,0.179851166197424,0.00093006942811444,0.0790457435575398,-0.0158519111971157,-0.0144240611291059,-0.000512791659329724
-0.087584511106743,0.174296586908052,0.00198468387301909,0.0489669908863467,-0.0162210337976024,-0.013862097891526,0.000422399775140411
-0.0373983419709563,0.168620083621844,0.00306329938190627,0.0184322886165317,-0.0166344245117206,-0.0132723718601546,0.00136571729125087
0.0137463211702243,0.162758499143925,0.00418082419392968,-0.0125685966061919,-0.0170915634188752,-0.012658329185438,0.00230983875560888
0.0659004979540209,0.15664827381637,0.00535299300609316,-0.0440102300558208,-0.0175903907754568,-0.0120231782975873,0.00324597053594516
0.119048409126437,0.150236896637131,0.00659322618609725,-0.0758109452178914,-0.0181263017895277,-0.0113700812832642,0.00416304928990724
0.173078588236961,0.143497312663058,0.00790868545950173,-0.10781673991964,-0.0186911254161806,-0.0107021800765141,0.00504715946630585
0.227769247054151,0.136443897534614,0.00929599059813056,-0.13979790236284,-0.0192724194997415,-0.0100222940282591,0.00588143302012369
0.282793465542631,0.129147591179466,0.0107374727369627,-0.171462489351649,-0.0198534339172704,-0.00933226845131529,0.0066465268072361
0.337741301376528,0.121747122239425,0.0121990918859223,-0.202484355245416,-0.0204139664827241,-0.00863214831763987,0.00732157363322366
0.392152216835697,0.114453040740448,0.0136311016434866,-0.232539783803743,-0.0209321426164632,-0.00791945889821998,0.00788543854936724
0.445552933124045,0.107541249307314,0.014972198794694,-0.261346378208454,-0.0213869553584263,-0.00718887014660262,0.00831814769113527
0.497496775924701,0.101334294583996,0.0161570762445347,-0.288697730081077,-0.0217611784817897,-0.00643243982579833,0.00860236822701109
0.547599362493661,0.0961716336758238,0.0171261982806559,-0.314487067985057,-0.0220440687412951,-0.00564049696340587,0.00872477673352964
0.59556387897759,0.0923738649840555,0.0178356043983839,-0.338714074075924,-0.022233206584892,-0.00480305002117306,0.00867711813282171
0.641189854006458,0.0902088223571652,0.0182641602696712,-0.361472465895072,-0.0223349766860912,-0.00391142998086095,0.00845678339305946
0.684362873771698,0.0898679032978605,0.0184162395575804,-0.382920967344944,-0.02236353539638,-0.00295978183997204,0.00806682726409295
0.725027682535871,0.0914584631966897,0.0183192081076447,-0.403244816771257,-0.0223385121580026,-0.00194605147028728,0.00751547066834734
0.763151329727335,0.0950134062321054,0.0180167262767356,-0.422617034136439,-0.0222819745934557,-0.000872270156931826,0.00681523665493027
0.798684840934467,0.100514031516598,0.017560096211348,-0.441167680084939,-0.0222152509918689,0.000255848488474888,0.00598191974566089
0.83153111506101,0.107918455889159,0.017000225620532,-0.458966141804048,-0.0221560658965928,0.00142979831015856,0.00503357922095091
0.861524418188468,0.117186340713808,0.0163822599691197,-0.47601763148223,-0.0221162114730294,0.00263935558552733,0.00398969349068134
0.888424390385594,0.128291035180905,0.0157438844721128,-0.492271906033364,-0.0220997806862858,0.00387353871222502,0.00287054086652835
0.911925908903376,0.141212064848429,0.015117128091013,-0.507640292931843,-0.0221019283743538,0.00512123331851656,0.00169680453513001
0.931685569870076,0.155903972569543,0.0145325032479818,-0.522016332299577,-0.0221082456963493,0.00637138692554234,0.000489350423705905
0.947365085246534,0.17224244322096,0.0140236145910519,-0.535295325249236,-0.0220951021977698,0.00761280762916107,-0.000730896415868074
0.958689954972924,0.189956255805324,0.0136300382971305,-0.547388582665264,-0.0220315993291462,0.00883371451809844,-0.00194304210345744
0.965516916208675,0.208563413061203,0.0133964563201424,-0.558229396720633,-0.0218838407726311,0.0100212683931781,-0.00312630054487892
0.967896211788538,0.22733793337865,0.0133669451563642,-0.567770158613086,-0.0216217523004939,0.0111613457962101,-0.00426000433447755
0.966108398762412,0.245332913094633,0.0135749987242624,-0.575973558444202,-0.0212275529861025,0.01223879284433,-0.00532344279902116
0.960656643483339,0.261469547408387,0.0140317975850929,-0.582803974237634,-0.0207035771228245,0.013238302742015,-0.00629545330833322
0.952208164689647,0.274674364282534,0.0147163988245694,-0.58822539212003,-0.0200763938685129,0.0141459183113634,-0.00715386209222625
0.941497965765993,0.284023666448488,0.0155711427505291,-0.592207921923397,-0.0193948980984692,0.0149509973452428,-0.00787512407505374
0.929221976175383,0.288851853873314,0.0165039887355191,-0.594738063167546,-0.0187221254026632,0.0156483081109698,-0.00843467778771442
0.915946183530534,0.288800341649603,0.017397861311381,-0.595823230586284,-0.018122843775397,0.0162397470170639,-0.00880843312110428
0.90204654474956,0.283810175316376,0.0181260397514494,-0.595482761826258,-0.0176503395250473,0.0167350432832391,-0.00897540805544597
0.887682590195433,0.274076700651082,0.0185716094067983,-0.593725406182056,-0.0173359178255633,0.0171508830260054,-0.00892097932209754
0.872802543559582,0.259984896945851,0.0186473686988186,-0.590522384662807,-0.0171837722225626,0.0175082888718928,-0.00863978836797316
0.857176940429626,0.242037612534055,0.0183110406529622,-0.58578949380148,-0.0171723406913394,0.017828761802266,-0.0081373118922619
0.840455315858998,0.220784761678251,0.0175708923333278,-0.579388198189896,-0.0172613398677341,0.0181302743187078,-0.00742954940149551
0.822235329707477,0.196761156357136,0.016479753604635,-0.571146342065341,-0.0174019677707121,0.0184242919579809,-0.00654099354209301
0.802129807153461,0.170440432136873,0.015119642054514,-0.560890108202451,-0.0175470790201699,0.0187145053881227,-0.00550163811021537
0.779818551231,0.142209657532796,0.0135822976226404,-0.548475509907247,-0.0176587634952499,0.018997207189221,-0.00434394855284793
0.75507802077662,0.112364465095536,0.0119514246217026,-0.533810741717126,-0.0177121963756782,0.0192627003366081,-0.00310048002553331
0.727789301484839,0.0811205010856902,0.0102907239103866,-0.516866747655653,-0.0176960193329001,0.0194970035294144,-0.00180241821880079
0.697929781093688,0.0486352836375924,0.00863931739201577,-0.49767839698003,-0.0176103004634692,0.0196833380748862,-0.000478978384309472
0.665555517281431,0.0150349849961046,0.00701413954510193,-0.476340735022026,-0.0174632622214857,0.0198032215133714,0.000842573618955607
0.6307803510582,-0.0195579725418252,0.00541772323729984,-0.453004152767256,-0.0172677274269832,0.0198372789359574,0.00213654681742883
0.593755827083612,-0.0549994092060508,0.00384934905784366,-0.42787024029656,-0.0170378999773811,0.0197660419495012,0.00337833175148756
0.554654030690502,-0.0911023934425472,0.00231736298950947,-0.401187750758635,-0.016786834109565,0.0195710349245504,0.0045439790825277
0.513654055298389,-0.127623421140815,0.000850307877920904,-0.373246298970801,-0.0165247917480771,0.0192363655080337,0.00561000982143563
0.470932056224103,-0.164258889807215,-0.000495667466035552,-0.344364658267806,-0.0162586005995279,0.0187508547929096,0.00655359186076765
0.426654578574082,-0.200654854983406,-0.00163559834158198,-0.314871178847236,-0.0159920363304572,0.0181104812375365,0.00735317516463258
0.380974833314215,-0.236431441015651,-0.00246242288627455,-0.285076124774534,-0.0157271040499386,0.0173206253764456,0.00798959148465034
0.334031612096449,-0.271219762828872,-0.00286158476309316,-0.255239292135711,-0.0154658829093017,0.0163974002242848,0.00844748484631314
0.285950443938203,-0.304704517166274,-0.00273086774938703,-0.225539923084832,-0.0152123933638478,0.0153673801223,0.00871677845042603
0.23684641372396,-0.336661612191531,-0.0020003536145794,-0.19605771478173,-0.0149738733357664,0.0142653901635573,0.00879377989719293
0.186827909868214,-0.366979893502102,-0.000646523082025764,-0.166771957088326,-0.0147610037136844,0.0131306164739655,0.00868156466941612
0.136000578832731,-0.395660353387418,0.00130386892052477,-0.137580567873877,-0.0145869806708763,0.0120018850728252,0.00838947894877934
0.0844709615950335,-0.422793560547353,0.00378094990886508,-0.108334334453814,-0.0144657314042521,0.0109132287155376,0.00793188436436613
0.0323495719746596,-0.448522794276706,0.00668699921230467,-0.0788772461362092,-0.0144098168009218,0.00989068231217027,0.0073264877961282
-0.0202465648391513,-0.473003401605138,0.0099148128043263,-0.0490833481613446,-0.0144285672635796,0.00895074716212947,0.00659266038320702
-0.0731917190814333,-0.496367612978908,0.0133642830052001,-0.0188835615835571,-0.0145268115791155,0.00810041950701727,0.00575005805947827
-0.126349189814308,-0.518700232472329,0.0169539670030319,0.0117197143729104,-0.0147043133398128,0.00733831705676852,0.00481769452732355
-0.17956872470667,-0.540026433181331,0.0206265261762196,0.0426488481762857,-0.0149558431822579,0.00665632745205587,0.00381347553722065
-0.232683092374898,-0.560310344767399,0.024348373268752,0.0737549001534012,-0.015271716653111,0.00604128792076652,0.00275411674592337
-0.285503903798407,-0.57946195242484,0.0281047480822153,0.104826159344933,-0.0156386289873094,0.00547638242294963,0.00165533848511894
-0.337817069764248,-0.597350059867554,0.0318916187814444,0.135599358185107,-0.0160406643182969,0.00494213132423835,0.000532232066590925
-0.389378751784582,-0.613819758987653,0.035705745411948,0.165773093460689,-0.0164604193630143,0.00441700610804308,-0.000600289666434712
-0.43991259462751,-0.628713118772153,0.0395341756096143,0.195023862724973,-0.016880228058019,0.0038778143514537,-0.00172702287913578
-0.489109210154573,-0.641892121956713,0.0433444847480392,0.223025646647277,-0.0172834866108446,0.00330007318287574,-0.00283202705691336
-0.536628898233754,-0.653262380903224,0.0470772920217869,0.249473678005822,-0.0176560612477483,0.00265862562760303,-0.00389823889262795
-0.582108980944388,-0.66279551973298,0.0506428253956147,0.274112321640965,-0.0179877147289769,0.00192875303121222,-0.00490719098020404
-0.625177243468052,-0.670546995178365,0.0539233754914755,0.296765485217253,-0.0182734181718913,0.00108798107054725,-0.0058389025628724
-0.665472301164502,-0.676664866214402,0.0567830593560383,0.317365682955936,-0.0185143333776767,0.000118640867311083,-0.00667203128884976
-0.702669923399293,-0.6813842892614,0.0590851188404612,0.335975257636563,-0.0187181884974036,-0.000988989299864758,-0.00738438193173839
-0.736511625835558,-0.685003376086309,0.0607149141284588,0.352791491662146,-0.0188987764354661,-0.00223345622746185,-0.00795384404712578
-0.766829011804539,-0.6878394892493,0.0616042042624948,0.368128007697797,-0.019074432777015,-0.00359963205607778,-0.00835976041098124
-0.79355579575947,-0.69017114028554,0.0617502088508818,0.382369269878544,-0.0192656159839357,-0.00505791386310657,-0.00858461023042954
-0.81672065273838,-0.69217772110383,0.0612226884825125,0.395902976890813,-0.0194920576378004,-0.00656590468076978,-0.00861575389848296
-0.83641859317549,-0.693893908275465,0.0601548687537344,0.409044167965903,-0.0197702246291097,-0.00807274674375909,-0.00844689062608803
-0.852765248656802,-0.695194162257125,0.0587191113065477,0.421970591750203,-0.0201118576724284,-0.00952540721438168,-0.00807889279052968
-0.865844383594718,-0.695814287907534,0.0570937518091834,0.434687522335004,-0.0205240353743846,-0.0108754762020481,-0.00751982412509976
-0.875661131256942,-0.695404669730656,0.0554307160921117,0.447031381662481,-0.0210106662239424,-0.012084823729083,-0.00678417370225557
-0.882110830293202,-0.69359935288505,0.053832750771108,0.458709126212626,-0.0215747898765933,-0.0131288996428965,-0.00589154658083755
-0.88496754765832,-0.690081286332009,0.0523449948709866,0.469360162595651,-0.0222208139301536,-0.0139973041827847,-0.00486516024386096
-0.88389058363083,-0.684627411410057,0.0509605160007764,0.478623571054064,-0.0229558911169012,-0.0146920784017942,-0.00373047830179924
-0.878444133932559,-0.677124767308014,0.0496356998537123,0.486195819591045,-0.023789941004653,-0.0152246356715172,-0.00251420337721521
-0.868125705946654,-0.667556323106935,0.0483100562164965,0.491870113307018,-0.0247341635157248,-0.0156123045866852,-0.00124370827953078
-0.852401951189235,-0.65596044094543,0.046925670513678,0.495554555100105,-0.0257981668370243,-0.0158752115749737,5.31428948835537e-05
-0.830754382272923,-0.642370836757539,0.0454430643729157,0.497270195347404,-0.0269860378804908,-0.0160338910502644,0.00134792041227921
-0.802739786643364,-0.626746340798041,0.043851654204588,0.497131527021525,-0.0282918883958741,-0.0161077116472086,0.00261148370911612
-0.768068923372063,-0.608903292627692,0.0421739202416213,0.495312221736898,-0.0296956733204729,-0.0161140016011784,0.00381395640162166
-0.726700783315415,-0.588467945060292,0.0404629943787604,0.491999682276464,-0.0311603707636351,-0.0160676367763357,0.00492498954780298
-0.678938532169311,-0.564869068557457,0.0387940833483801,0.487344654650033,-0.0326317769673133,-0.0159808017135603,0.00591442983896007
-0.625500773754437,-0.537387330257023,0.037251260682501,0.481416501114231,-0.0340419565049687,-0.0158626564303561,0.00675343369215343
-0.56753525317304,-0.505264296726805,0.035912505712118,0.474178302496351,-0.0353166074364034,-0.0157187788598443,0.00741597594934069
-0.506549692281729,-0.467851882565061,0.0348367525146835,0.465494645796283,-0.0363853311019388,-0.0155505174744605,0.00788060274581105
-0.444258659202357,-0.424762167059381,0.0340563583226377,0.45517589318549,-0.0371924984896349,-0.0153546823605192,0.00813218078037032
-0.382377748376128,-0.375970603216912,0.0335766038146826,0.443047883263455,-0.0377057677681299,-0.0151241085817811,0.00816331593655592
-0.322419734958785,-0.321839700911237,0.0333813192858215,0.429022979808299,-0.0379198221097868,-0.0148493620152018,0.00797509434123765
-0.265547241815599,-0.26305951561578,0.0334417669770186,0.413145887904844,-0.0378544574701003,-0.0145212995336843,0.0075768964668213
-0.212512464123996,-0.200530259324288,0.0337254483825675,0.395598469551844,-0.0375480346114274,-0.0141336971917065,0.00698526470314465
-0.163681050527432,-0.135226852007329,0.0342025210537446,0.37666572696183,-0.0370486203124215,-0.0136850801014795,0.00622208360939415
-0.119112259783389,-0.0680814255949869,0.0348491426644107,0.356679715223725,-0.0364053753590769,-0.0131792706136359,0.00531251669623371
-0.0786601031213828,9.56082048845508e-05,0.0356483387842652,0.335962593011288,-0.0356620402196204,-0.0126247329464049,0.00428314541936865
-0.0420675671387715,0.0686520356491677,0.0365894523568555,0.314784930206919,-0.0348532820534512,-0.0120331927058948,0.00316060667193589
-0.00903937402759471,0.137095054542708,0.0376670064213827,0.293346163617336,-0.0340037471957481,-0.0114181013455748,0.00197083033604632
0.0207095833791177,0.205068375875466,0.0388792998772636,0.271776004533139,-0.0331291712278926,-0.0107933643239345,0.000738828291772334
0.0474263198203689,0.272315359769382,0.0402266086223778,0.250151071272511,-0.032238802079958,-0.0101725071848821,-0.000511090517296124
0.0713066219495953,0.338635417590008,0.0417086555864525,0.228519803965464,-0.0313385148204793,-0.00956823339279211,-0.00175482695738473
0.092492035360686,0.403838420501443,0.0433210833025999,0.206929397886621,-0.0304341607398104,-0.00899218282007389,-0.00296787077157959
0.111074498293831,0.467700957740307,0.0450509936211776,0.185449707175902,-0.0295347821145566,-0.00845463812541728,-0.00412470971051959
0.127108064054404,0.529929139961959,0.0468721622669398,0.164190067435815,-0.0286552968971736,-0.00796394529582098,-0.00519844907027026
0.140627871062657,0.590134515196141,0.0487411764329044,0.14330567663932,-0.0278181453428552,-0.0075255192137356,-0.00616085004373587
0.151675518760052,0.647830990966625,0.0505962382133922,0.122991000023112,-0.0270532951778749,-0.00714050117037953,-0.00698299873447445
0.160327371729538,0.702459301509221,0.0523603441530679,0.103459337611692,-0.026396084746647,-0.0068043995883671,-0.0076367493509878
0.166719086968016,0.753439795345698,0.0539496211013659,0.0849107449309673,-0.025882803095237,-0.00650628742559054,-0.00809690448556558
0.17105790988958,0.800244518494655,0.0552857504114976,0.0674946395624215,-0.0255446807564306,-0.0062291892463932,-0.00834381518121991
0.17361622510655,0.842469543232983,0.0563093051279443,0.0512770684376472,-0.0254018298538191,-0.00595201977966864,-0.00836580983729054
0.174705983137563,0.879884413116081,0.056989680607418,0.036223289042229,-0.0254591081232949,-0.00565285197704728,-0.00816076632178498
0.174641392438495,0.912441748085166,0.0573281110466075,0.0222023732437761,-0.0257054458696566,-0.00531266656013974,-0.00773634482877974
0.173702160014269,0.940244598605536,0.0573528599437722,0.00901295341210941,-0.0261169312418052,-0.00491845351912059,-0.00710884013775329
0.172108537544496,0.963484366576448,0.0571086426605687,-0.00357839649909778,-0.0266625404633826,-0.00446480018720733,-0.0063010637324962
0.170013432016689,0.982370175681941,0.0566440899376508,-0.0157984613999663,-0.0273105886594378,-0.00395374755368761,-0.00533990038441027
0.167509818845757,0.997069033956371,0.0560009776773228,-0.027839262139642,-0.0280340766945365,-0.00339333764683828,-0.00425413285146329
0.164647300799876,1.00766838342824,0.055207585100373,-0.0398463476823177,-0.0288138482928295,-0.00279559933862833,-0.00307289479667239
0.16145100257509,1.01416404115955,0.0542769098912294,-0.0519235705918594,-0.0296393260845908,-0.00217466964977691,-0.0018248526192022
0.157937948360295,1.01647068987593,0.053209273405688,-0.0641501400191816,-0.0305071858083455,-0.0015454623839418,-0.000538033061649191
0.15412884199041,1.01444969281286,0.051998254447953,-0.0766036102927002,-0.031418567191533,-0.000922958553595959,0.000759876467560591
0.150055477964379,1.00794888474085,0.050638689708195,-0.0893819343943472,-0.0323754271580946,-0.000321924942298874,0.00204095592237909
0.145765356166069,0.996849365463645,0.0491353706246388,-0.102617977282662,-0.0333765918100217,0.000243285664748419,0.00327641678309576
0.141325458253331,0.981113772978458,0.0475108496775215,-0.116480575550007,-0.0344140848690061,0.000759229713884522,0.00443612048992139
0.136826763061521,0.960828473446904,0.0458104534477096,-0.131157732149446,-0.0354704292305139,0.00121444640418822,0.00548848432362224
0.132390169889401,0.936229245782202,0.0441024484485349,-0.146820800889638,-0.0365177445529262,0.00160116818822874,0.00640100464659304
0.128173357115805,0.907698494222631,0.0424717788371934,-0.163574295443661,-0.0375194037734748,0.00191739436477631,0.0071415649802642
0.124377128600636,0.875724922561049,0.0410073040644701,-0.181403532301017,-0.0384345513456017,0.00216870504213677,0.00768053627167987
0.121249425214621,0.840826272285957,0.0397849308186962,-0.200138486195522,-0.0392248657458758,0.00236900449091703,0.00799342078344504
0.119085607133471,0.803450846192982,0.0388515173903855,-0.219452066314953,-0.0398618468623467,0.00253954337074456,0.00806351776504015
0.118224524530432,0.763887537357772,0.0382153473399774,-0.238901249290187,-0.0403322318432851,0.00270612130323486,0.00788394267916259
0.119040513087351,0.72221774565351,0.037847153405555,-0.258002669612889,-0.0406394699238259,0.00289509535543391,0.00745843807449253
0.121931160206917,0.678330729996997,0.0376915738361244,-0.276319047757471,-0.0408005611261478,0.00312931892339454,0.00680077088558122
0.127299730868521,0.632000882335238,0.0376846854504437,-0.293528371479045,-0.0408393269881459,0.0034251123672824,0.00593295771501407
0.135530600233663,0.583002849912415,0.0377712374455237,-0.309456393760331,-0.0407784087827167,0.00379085642954526,0.00488287988784775
0.146956990240799,0.531229200603082,0.0379162363152777,-0.324068767602794,-0.0406324556435969,0.00422712606813321,0.00368192098622809
0.161822984557056,0.476778356580402,0.0381085385822843,-0.337433065561161,-0.0404042265873456,0.0047277991451075,0.00236311493961507
0.180245469781691,0.419993010530705,0.0383572552567856,-0.349667675630867,-0.0400842462898703,0.0052814450294943,0.000960058573806436
0.202185039556436,0.361443982153771,0.0386837782008728,-0.360894292425083,-0.0396537289126379,0.00587247592657437,-0.000493371323874177
0.227436507486486,0.301866724702864,0.0391128496578377,-0.371206570637935,-0.0390899163444767,0.00648188534625284,-0.00196261169468149
0.255647867433292,0.24206633411691,0.039665712678975,-0.380662225706605,-0.0383726977452454,0.00708776817056527,-0.00341154793075732
0.286369792039196,0.18281270052611,0.0403574539999773,-0.389300293551259,-0.0374912258759302,0.00766611260818451,-0.00480152418878783
0.319125757681652,0.124750509529392,0.0411993380060513,-0.397178867342128,-0.0364491383138056,0.00819247509991987,-0.00609066503321837
0.353478502618551,0.068347317832314,0.0422051515130139,-0.404421115569896,-0.0352670023414171,0.00864497610427316,-0.00723401688714134
0.389059259112149,0.0138940307306118,0.0433984190060188,-0.411250270939128,-0.0339809320248622,0.00900850284630821,-0.00818500485657193
0.425532320310222,-0.0384449638713583,0.0448155436503881,-0.417991516685429,-0.0326371596372231,0.0092791585159349,-0.00889851949664258
0.462495032458668,-0.0885551706764849,0.0464999714155521,-0.425025333959116,-0.0312836389766018,0.00946723410719398,-0.00933551948905526
0.499354381838893,-0.136305114806664,0.0484857745355983,-0.432695219742888,-0.0299610754051446,0.0095968980075602,-0.00946837218074549
0.535250989499162,-0.181520499589145,0.0507751949909854,-0.44119739865868,-0.0286963446165891,0.00970181461114018,-0.00928549182411311
0.569091117382869,-0.224007035517646,0.0533202546094846,-0.450497131431269,-0.02750045701054,0.0098177154404832,-0.00879364444588257
0.599692917984648,-0.263601667601951,0.0560187774833723,-0.460310713967204,-0.0263712593756328,0.00997447103193467,-0.00801694510170491
0.625988695964967,-0.300219441419875,0.0587285153198296,-0.470163052404461,-0.0252991010868878,0.0101903614402184,-0.00699288070257863
0.647197716300922,-0.333873021232563,0.0612937758728762,-0.479495396081453,-0.0242729275866242,0.0104699321509115,-0.0057668556168312
0.662910046869544,-0.364662002302447,0.0635736579328627,-0.487779131239178,-0.0232848790406728,0.0108050543263496,-0.00438705409217678
0.67307366612632,-0.392742928611345,0.0654625029890568,-0.494597681930851,-0.0223326622813484,0.0111777128933758,-0.00290083048263344
0.67791607332604,-0.418292383401313,0.0668987778065643,-0.499679352462485,-0.0214198750710876,0.0115629965274366,-0.00135294780009759
0.677841587974656,-0.441470031813548,0.0678638131504602,-0.502883853879385,-0.0205548188736081,0.0119313981281402,0.000214668345219744
0.673334552728467,-0.462383582345025,0.0683742084383356,-0.504156090167389,-0.0197483268788292,0.0122503102606134,0.00176224993757626
0.664882289745859,-0.481056817966499,0.0684714809653495,-0.503463428498891,-0.0190110346125618,0.0124851808574252,0.00325115961804976
0.652919944043998,-0.497404677088437,0.068211091826116,-0.500731883971436,-0.0183505010484311,0.0126010746147901,0.00464299973593853
0.637794794425177,-0.511223543590208,0.0676516096551983,-0.495796035156643,-0.0177686902141215,0.0125653519136135,0.00589926463286368
0.619748329156304,-0.522207455599371,0.0668442043586379,-0.48837747097397,-0.0172604766172781,0.0123518094910367,0.00698189391801226
0.598916936741994,-0.529998565371001,0.0658230589919594,-0.478104483880887,-0.0168138723409362,0.0119459167247736,0.00785498950351221
0.575352936892815,-0.53427038568865,0.0645982822627343,-0.464577551335552,-0.0164123758244995,0.0113498617733357,0.00848770829861541
0.549064458390542,-0.534826263253999,0.0631536456590861,-0.447469139467291,-0.0160391146003462,0.0105854089231935,0.00885788041051038
0.520065746957678,-0.531680625562627,0.0614509654015271,-0.426627448003063,-0.0156815271606161,0.00969268392304027,0.008955365489761
0.488423045190052,-0.525088703358353,0.0594408529818808,-0.402143995833842,-0.0153347863961229,0.00872430593972452,0.00878390773565635
0.454280971198549,-0.515508364100147,0.0570768395630969,-0.374355470779989,-0.0150025498313959,0.00773629263542843,0.00836062217095092
0.417862378234781,-0.503507470782625,0.0543283799347005,-0.343778721883801,-0.0146948467575517,0.00677863788113122,0.00771316483406156
0.379446393996844,-0.489652751846762,0.0511890926460712,-0.311006720684348,-0.014424195982087,0.00588839596326558,0.0068755525870102
0.339337202496593,-0.474417832166493,0.0476791295015757,-0.276604744143169,-0.0142015811108236,0.00508666704904478,0.00588394025287753
0.297836391040121,-0.458131828318036,0.043843030502256,-0.241036739457213,-0.0140335474015004,0.00437916088525184,0.00477335211309018
0.255226453488714,-0.440969662036149,0.0397455347116614,-0.204632849952368,-0.0139209010640889,0.00375899248583818,0.00357576358780902
0.211766795289139,-0.422972402127264,0.0354674992398619,-0.167593200137452,-0.0138588345637842,0.0032102500166475,0.00231943183572228
0.167699152754194,-0.404083008120188,0.0311029613259338,-0.130015715233635,-0.013838005920331,0.00271132003917762,0.00102913288155095
0.123257023211133,-0.384186113022828,0.0267571153356625,-0.0919353672352753,-0.0138461082531779,0.0022375230950401,-0.000273079614073042
0.0786733355020072,-0.363145518500661,0.0225440551288604,-0.0533652499420073,-0.0138696097711836,0.00176304989384061,-0.00156691527582227
0.0341830803351794,-0.340837677249945,0.0185828822050276,-0.0143346888173104,-0.0138954772627976,0.00126243901977772,-0.00283285711846299
-0.0099771817875721,-0.317183703152466,0.0149912164157309,0.0250748555906566,-0.0139127620147525,0.000711950301829129,-0.00405112541458571
-0.0535706455911229,-0.292183070823283,0.0118753043372801,0.0646950010026116,-0.0139139451981754,9.12004219772388e-05,-0.00520058708794429
-0.0963655739326624,-0.265947785424307,0.00931603197137723,0.104242141281803,-0.0138959236657879,-0.000614685079914286,-0.00625783148004695
-0.13814957524258,-0.238729934606899,0.0073515961238513,0.143306500984496,-0.0138604319072882,-0.00141240066960947,-0.00719677528099592
-0.17875317466281,-0.210931477356928,0.00596033304281016,0.181369302550127,-0.0138136057903556,-0.0022976451112311,-0.00798911068161829
-0.218076859392941,-0.183084482863085,0.00504990684852584,0.217854297260548,-0.0137644268087373,-0.00325297171495576,-0.00860579099351411
-0.256111927585848,-0.155794455831002,0.00445986047325958,0.252210919018465,-0.0137220549046078,-0.00424742968349103,-0.00901954638394989
-0.292944549160524,-0.129651162710183,0.00398198018466196,0.284012699287647,-0.0136925495405892,-0.00523900795609941,-0.0092080744722137
-0.328736036360884,-0.105127607245701,0.00339667979080591,0.313041814499695,-0.0136759901371162,-0.00618012350429134,-0.00915715463340276
-0.363680612818884,-0.0824994077743725,0.00251601753723499,0.339328250316917,-0.0136651765549098,-0.00702513801166568,-0.00886275225476933
-0.397951601585935,-0.061813919658704,0.00121957111523624,0.363125887832906,-0.0136466500538376,-0.00773781108938458,-0.00833143263806748
-0.431652308224283,-0.0429196373203334,-0.000528335188397339,0.384832555430936,-0.0136038596402464,-0.00829646467122359,-0.0075790304595572
-0.464785496604686,-0.0255421902069664,-0.00268363087518474,0.404882392317289,-0.0135214351095647,-0.00869561088687934,-0.00662815892102386
-0.497247034679619,-0.00937787885380388,-0.00514462814972817,0.423644876412581,-0.0133892178847068,-0.00894426111026977,-0.00550543056219237
-0.528840342368323,0.00582430921414124,-0.00778144535148178,0.441355318213384,-0.013205017642114,-0.00906221855569296,-0.00423912606075254
-0.559303130552075,0.0202102093047752,-0.0104633161129026,0.458085606296601,-0.0129756778201491,-0.00907592614251008,-0.00285769044107712
-0.588337584058695,0.0338022785265636,-0.0130780167175773,0.473751067297107,-0.0127165536410149,-0.00901504536519717,-0.00138910488771173
-0.615637942137702,0.0465113323409828,-0.015541783321027,0.488143616868863,-0.0124497386099336,-0.00891028942096373,0.000139003406533079
-0.640913062469725,0.0581703530909726,-0.0178010153204549,0.500981840518818,-0.0122013466831645,-0.00879244648221711,0.0016987036529846
-0.663904368982298,0.0685828256498785,-0.0198283624906271,0.511971881541183,-0.0119980061790829,-0.0086921277751126,0.00326073333017735
-0.684400793879513,0.0775795015904061,-0.0216158480365987,0.520875691304279,-0.0118626037042509,-0.00863954680095949,0.00479326115717154
-0.702251705290672,0.0850777546105449,-0.0231670907089654,0.527582884343313,-0.0118093675525097,-0.00866354283887784,0.00626063070368739
-0.717376503659986,0.0911353949773658,-0.024489986631599,0.532177857300597,-0.0118387046604886,-0.00878912211144461,0.00762238023906461
-0.729766270469635,0.0959860139661213,-0.0255907584268244,0.534985475984204,-0.0119328366667976,-0.00903311206783959,0.00883303107926698
-0.739470352065287,0.100038038199724,-0.0264702251389729,0.536570246886783,-0.0120540658576494,-0.00939826844596196,0.00984335794618726
-0.746562160900282,0.103820269898963,-0.027123315209928,0.537663718437602,-0.012147933220253,-0.00986737793205922,0.01060387840036
-0.751086686697755,0.10786987235136,-0.0275426464902229,0.539013211901258,-0.0121527547234527,-0.0104001478178773,0.0110707739548938
-0.753005940772197,0.112586169069849,-0.0277257468507396,0.541184045513005,-0.0120144476657198,-0.0109359181328121,0.0112132250298364
-0.752169089119807,0.118102270143374,-0.0276833427702721,0.544388171448064,-0.0117020351262311,-0.0114033864348682,0.0110197499258923
-0.74832989583933,0.124231446567983,-0.027444711919083,0.548418644490902,-0.0112173619804879,-0.0117349446819168,0.0105008070376871
-0.741213576293584,0.13051292996079,-0.0270571558516422,0.552722704503892,-0.0105946244345182,-0.011880307722062,0.00968640742426511
-0.730611340690534,0.136332112654779,-0.0265797860047702,0.556574977478873,-0.0098902753679924,-0.0118143767115027,0.00861991282800559
-0.716468994579505,0.1410604714585,-0.0260744772381072,0.5592699622546,-0.00916797185696187,-0.0115375370779573,0.00735071664958426
-0.698939134495771,0.144167548736391,-0.025597265098422,0.560263713571683,-0.00848399651479854,-0.0110701551322531,0.00592824197495946
-0.678379082145426,0.145284704538625,-0.0251923164458344,0.559236576285978,-0.00787684577062306,-0.010444661843927,0.00439836016596679
-0.655294691127852,0.144223150612688,-0.024889388265571,0.5560867917454,-0.00736256036328896,-0.00969818954797259,0.00280210746072938
-0.630250514867541,0.140957081862398,-0.0247048206468151,0.55088162103225,-0.00693582955189942,-0.00886740464799103,0.00117599749860389
-0.603780989737674,0.135582096182452,-0.0246451642828363,0.543791243958962,-0.00657572268056445,-0.00798591696021865,-0.000446816730246506
-0.576334985591738,0.128257920354697,-0.0247115506965457,0.535021516942194,-0.00625400042088313,-0.0070837819350811,-0.00203509329872192
-0.548267279030874,0.119145502858038,-0.0249025788835152,0.52475319449053,-0.00594370527797103,-0.00618814799419061,-0.0035581284243051
-0.519867602951067,0.108350016521888,-0.0252142781146539,0.513091219113776,-0.00562626279215992,-0.00532398029993019,-0.0049847042147376
-0.491404027367306,0.0958814602529546,-0.0256372680829149,0.500028040766964,-0.00529617574458076,-0.00451396124513369,-0.00628256791188738
-0.463156312030259,0.0816430532235976,-0.0261527975061497,0.485427350622557,-0.00496297169886597,-0.00377707459881261,-0.00741867055535455
-0.435422627196542,0.065454109138127,-0.0267302378289815,0.46903600207722,-0.00465021835817907,-0.00312597157366175,-0.00836038674408132
-0.408494833884022,0.0471072940210677,-0.0273284212222128,0.450529211206603,-0.00439148490028057,-0.00256389400476731,-0.00907781101034262
-0.382610388332325,0.026449536673469,-0.027901774575006,0.429585677949316,-0.00422355246059829,-0.00208246797720258,-0.00954691295923411
-0.357899843494012,0.00346416654956991,-0.0284098637541755,0.405976706648556,-0.00417809740565467,-0.00166173883680186,-0.00975288918905263
-0.334353081863973,-0.0216741576688368,-0.0288268431123357,0.379642922919418,-0.00427405734436433,-0.00127314804823731,-0.00969270973164038
-0.311820902929041,-0.0485938344070353,-0.0291468398429654,0.350731872616701,-0.00451314174539161,-0.000884922163662226,-0.00937592014241497
-0.290053315242282,-0.0767736358296089,-0.0293830567344844,0.319583048763305,-0.00487996227939209,-0.00046821250114333,-0.00882332373382211
-0.268760399471347,-0.105625379214143,-0.0295612957148565,0.286667673320023,-0.00534642414136554,-2.01301209153929e-06,-0.0080639598840615
-0.247674833070436,-0.134582730850212,-0.0297108003148406,0.252506876893343,-0.00587842969726446,0.00052442936308651,-0.00713135341771493
-0.226599198839819,-0.1631700368038,-0.0298556796117333,0.217595383745985,-0.00644248036092588,0.00111182348221544,-0.00606006425659895
-0.20543093100212,-0.191038134434407,-0.0300090658037704,0.182349438454368,-0.00701042743162582,0.00175283715462799,-0.00488320813003687
-0.184166491216134,-0.217967947530757,-0.0301706748160788,0.147084984340536,-0.00756175063898657,0.00243475643970305,-0.0036311447508466
-0.162890669657799,-0.243851025390362,-0.0303274126187277,0.112022076075278,-0.00808365682026338,0.00314188952671457,-0.00233117880574808
-0.14175705909401,-0.2686581358427,-0.0304562871308259,0.0773068294340336,-0.00856971409469024,0.00385726381801245,-0.00100795742068229
-0.120963599414397,-0.292404989478783,-0.0305289231233632,0.043041669323159,-0.00901775567611578,0.0045636001544608,0.000315785603709771
-0.100724639146139,-0.315121671408359,-0.0305170775065138,0.00931528758964755,-0.00942763074895244,0.00524384009241905,0.00161848632864335
-0.0812389807112013,-0.336830456899031,-0.0303985074274621,-0.0237760463631213,-0.00979920686784428,0.00588163134037191,0.00287935677644492
-0.0626544166326765,-0.357535627984387,-0.0301622002455446,-0.0561233750621571,-0.0101309011185249,0.00646209030886166,0.00407859353344902
-0.0450347051502237,-0.377223963221533,-0.029811738046692,-0.0876159119014975,-0.0104188462504452,0.00697281621536042,0.0051980325183934
-0.0283412770897105,-0.395866790290735,-0.0293660756120308,-0.11815343939204,-0.0106565854807268,0.00740474882684679,0.00622153796087145
-0.0124378866275244,-0.413414332751733,-0.0288580834015247,-0.147643746100755,-0.010835152382741,0.00775257801481365,0.00713456219565126
0.00288755663768957,-0.429785847099624,-0.0283316116960075,-0.175988227764739,-0.0109435855497158,0.00801493274686559,0.00792327527781052
0.0178947280988243,-0.444866576485347,-0.0278371799159103,-0.203072814441787,-0.0109700309681498,0.0081946899462473,0.00857414352462351
0.0328601320873463,-0.458516894303965,-0.0274260817768814,-0.228773712038461,-0.0109034012651285,0.00829933063252251,0.00907434105972171
0.0480428522826977,-0.470590813837258,-0.0271432567828707,-0.252974778565504,-0.0107353045452876,0.00834096592081655,0.00941278853660726
0.0636479005524932,-0.480957801477791,-0.0270201174205836,-0.275588564917446,-0.0104618043628506,0.00833570549365428,0.00958141532463581
0.0797925035898976,-0.48952182558679,-0.0270690195483996,-0.296573662187786,-0.0100845585348267,0.00830228367187865,0.00957626687641209
0.0964827838923362,-0.496232853900908,-0.0272809279243366,-0.315943286663703,-0.00961101475512634,0.00826012948187749,0.00939817029014884
0.113606937311402,-0.501088251452633,-0.0276270473126949,-0.333762983621268,-0.0090535918997891,0.00822726456955834,0.00905280406901419
0.130946881258985,-0.504124381447809,-0.0280640504204841,-0.350138479337173,-0.00842806138417392,0.00821846784803017,0.00855018013571143
0.148205407280706,-0.505401298668796,-0.0285415231195105,-0.365197234866558,-0.00775154775738656,0.00824404514619772,0.00790369277287262
0.165042287324166,-0.504984853451514,-0.0290097819926864,-0.379068388543175,-0.0070406166157671,0.00830934108064602,0.00712897062946094
0.18111178490403,-0.502930463785783,-0.0294264140900869,-0.391865349775294,-0.00630981653723225,0.00841492139348011,0.00624276513385469
0.196095432462076,-0.499271618523854,-0.0297605390209891,-0.403673815906222,-0.00557086025371853,0.00855721400994952,0.00526204224564534
0.209726608334636,-0.494014555929585,-0.0299945526946901,-0.414546207352339,-0.00483245186551491,0.00872935415721831,0.00420335600993021
0.221806102340947,-0.487139146565888,-0.0301236991557055,-0.424502091414211,-0.00410064457334886,0.00892201547645679,0.00308250796405125
0.232209676930527,-0.478605101500727,-0.0301541161995125,-0.433533371412978,-0.00337955881934597,0.00912408712769896,0.0019144526582811
0.240889375078093,-0.468362212912769,-0.0301000412055564,-0.441612814586234,-0.00267228779367472,0.00932314196594512,0.00071339465187271
0.247870167980474,-0.456363223908542,-0.0299807464550758,-0.448704670341204,-0.0019818420937494,0.00950571292437597,-0.000506974578185639
0.253242828518391,-0.442577893579611,-0.0298176040640366,-0.454776450274502,-0.00131201952982319,0.00965744737810166,-0.00173314216266207
0.257153060304472,-0.427006710516669,-0.0296315364702569,-0.459811205848264,-0.000668120721244096,0.00976324380640029,-0.00295137747447528
0.259786310010975,-0.409692466789729,-0.0294410276078533,-0.463819712780919,-5.74640771568149e-05,0.00980749456116057,-0.00414731025619596
0.261347732317201,-0.390727629438456,-0.0292608536313464,-0.466851778348387,0.000510316359377078,0.00977456355382093,-0.00530552942343581
0.262037764799345,-0.370255372141008,-0.0291017071228499,-0.469005423994387,0.00102318634981572,0.0096496139959706,-0.0064092663496952
0.262025745145502,-0.348462572173211,-0.0289708733017026,-0.470432059927299,0.00146683888579567,0.00941985962172302,-0.00744024717600544
0.261426506658565,-0.325564295071398,-0.0288739979183719,-0.471335208762171,0.00182507108924173,0.00907623090505027,-0.00837881356498422
0.260286831699324,-0.301781275060069,-0.0288177184851882,-0.4719602617287,0.00208051869058035,0.00861531763610307,-0.009204407383564
0.258588536124811,-0.277314207674476,-0.0288125480488247,-0.472573646082896,0.0022159173637951,0.00804128004019228,-0.00989647801231575
0.256271642115891,-0.25232043423173,-0.0288750548737246,-0.473431958258781,0.0022160344862101,0.00736725488417585,-0.0104357926605781
0.253274760595716,-0.226898843153323,-0.0290283062091787,-0.474744863588804,0.00207023054427676,0.00661570269894066,-0.0108060163766318
0.249582595417244,-0.201087003670367,-0.0292999277515483,-0.47663889300761,0.00177527512428966,0.00581724474426787,-0.0109953088077077
0.245265923443992,-0.17487105598133,-0.02971794340873,-0.479131081046559,0.00133769846409805,0.00500787291093366,-0.0109976100314032
0.240500480122447,-0.148205019870736,-0.0303054811466984,-0.482120242054561,0.000774832080523712,0.00422491132359247,-0.0108133094658243
0.235558150412991,-0.121033609474534,-0.0310759862039414,-0.485399337314088,0.000113942306670309,0.00350256319581653,-0.0104491269627782
0.230773617187366,-0.0933124224389933,-0.0320304519290303,-0.488686350454487,-0.000610564160831609,0.00286805735756313,-0.00991724182112641
0.226497440863515,-0.0650213438664211,-0.03315742839406,-0.491665950443043,-0.00136125168879005,0.00233920833881082,-0.00923389769562996
0.223049121053999,-0.0361699533290219,-0.0344356071048025,-0.49403211173697,-0.00210209468481834,0.00192372295383024,-0.00841781019214694
0.220680927370793,-0.00679622848519906,-0.0358380625035832,-0.495523226922969,-0.00280227687401132,0.00162006384467191,-0.00748868441243873
0.219557689889106,0.0230389049849272,-0.0373369858751588,-0.49594486016614,-0.00343872435568876,0.00141933311557037,-0.00646604672634134
0.219752334150574,0.0532585999034624,-0.0389079161582216,-0.495179276512769,-0.00399719312163577,0.00130754819061051,-0.00536846990402023
0.22125357149747,0.0837768038762574,-0.040532841974342,-0.493183816960081,-0.00447209297100556,0.00126779424302018,-0.00421317220457754
0.223981092792173,0.11450364402605,-0.0422019174224105,-0.489981556239897,-0.00486541711489299,0.00128194136298212,-0.00301591779396942
0.227804170173235,0.145349170579161,-0.0439137926715118,-0.485647703133499,-0.00518517192194894,0.00133181374959369,-0.00179113206100363
0.232560838043866,0.176225606131206,-0.0456746922547683,-0.480294429028785,-0.0054436256175325,0.0013998431186528,-0.000552154898755372
0.238076118731434,0.207048475672724,-0.0474964132011984,-0.474055773910836,-0.0056555829595246,0.00146932114394611,0.000688427125610499
0.244178724178114,0.23773705837994,-0.0493934103604241,-0.467073350274767,-0.00583678998421947,0.00152440001412015,0.0019184118937705
0.250716190348312,0.268214564270217,-0.0513791319249049,-0.459482939054611,-0.00600250131966863,0.00154999499561486,0.00312560653962742
0.257568501941381,0.298408336087393,-0.0534617986146464,-0.451401815256395,-0.0061662084454809,0.00153173278474229,0.00429747080872318
0.264660009197965,0.328250235632785,-0.0556399083241408,-0.442916747356883,-0.006338527687959,0.00145607142100607,0.00542080483872879
0.271968918489878,0.357677215440375,-0.0578979028769418,-0.434073031121278,-0.00652627422583578,0.00131069122957798,0.00648151464278116
0.27953298487596,0.386631927299307,-0.060202641279655,-0.424865547521094,-0.00673179237537858,0.00108521555722189,0.00746450150188267
0.28744945230909,0.415063112367841,-0.0625015355101701,-0.415233511197189,-0.00695265810045851,0.000772256303236572,0.00835373637017918
0.295867082335339,0.442925493350185,-0.0647233232741442,-0.405061042692443,-0.00718189615109785,0.000368686875977983,0.00913258919092128
0.304968666579156,0.470178978647267,-0.0667823343805831,-0.394185611936207,-0.00740883522121403,-0.000123069417566942,0.00978447259914311
0.314944045708094,0.496787188411174,-0.0685866065084126,-0.382415428711085,-0.00762063614484453,-0.000694056577574986,0.0102938153914238
0.325956327874697,0.522715566142213,-0.0700492702987482,-0.369554882116271,-0.00780436605411799,-0.00132848147112711,0.0106472974657289
0.338107044754977,0.547929536267167,-0.0711014240921992,-0.355434519552433,-0.00794929120320147,-0.00200439548909498,0.0108351701875738
0.35140807749176,0.572393190661138,-0.0717037052635079,-0.339939755546373,-0.00804890378249096,-0.00269545968855072,0.0108523968965798
0.365767885441593,0.596068789904169,-0.0718535204410051,-0.323031738084235,-0.00810217970620876,-0.00337357920958675,0.0106993324881597
0.380996302016581,0.618917028279304,-0.0715857785803875,-0.304755352787707,-0.00811373445833063,-0.00401190137030477,0.0103817507945369
0.396826929699288,0.640897709085957,-0.0709667745075226,-0.285232862549907,-0.00809285448049689,-0.00458754097478651,0.00991020122937946
0.412951213201831,0.661970364787252,-0.0700828436404071,-0.264645698967398,-0.00805169981121872,-0.00508349414559134,0.00929885836935762
0.429055728408858,0.682094468926719,-0.0690266900559211,-0.243209721631427,-0.00800316268548952,-0.00548947570974409,0.00856414008062162
0.44485482586318,0.701229128985579,-0.0678844394522782,-0.221149904217538,-0.00795886833645752,-0.00580172974610806,0.0077233753329355
0.460113629751165,0.71933238269199,-0.0667256578395132,-0.198679133878948,-0.00792765926037008,-0.00602209067940926,0.00679372369108709
0.474659872425576,0.736360352985251,-0.065597356135347,-0.175983620737137,-0.00791470628614836,-0.00615665838342235,0.00579143800713505
0.488385780208073,0.752266537820363,-0.064521911124396,-0.153215329777605,-0.00792122216180601,-0.00621441568441742,0.00473146785143979
0.501242650144044,0.767001462296456,-0.0634981647345719,-0.130490449236414,-0.00794465552814674,-0.00620601728090124,0.0036273459139026
0.513230992653152,0.780512855439657,-0.0625047409799404,-0.107892290350384,-0.00797921386482277,-0.00614286868018077,0.00249128136450988
0.524388606435278,0.792746466211508,-0.0615047146931045,-0.0854769781959841,-0.00801658128443966,-0.00603652331881815,0.00133438988225106
0.534778153152001,0.803647610540686,-0.0604510142283253,-0.0632805741811071,-0.00804673607786983,-0.00589836502505738,0.000167005982055456
0.54447502899329,0.813163531925989,-0.059292208378625,-0.0413266483652206,-0.00805881476213153,-0.00573950794162608,-0.00100096008875053
0.553555757451037,0.821246639012113,-0.057978530841085,-0.0196336608615076,-0.00804200250114041,-0.00557082893288744,-0.00215964597989295
0.562086817681272,0.827858627529213,-0.0564680886845326,0.00177824610824322,-0.00798644811257003,-0.00540304088602521,-0.00329885956771649
0.570113785695433,0.832975375395878,-0.0547331657347947,0.022881316957095,-0.00788420260718988,-0.00524671459747306,-0.00440771737390084
0.57765088631977,0.836592299828619,-0.0527663669490206,0.0436353642534241,-0.00773016229268228,-0.00511216121082098,-0.00547432199243233
0.584671497781118,0.838729581036794,-0.0505860745501988,0.0639843800879486,-0.00752296161191583,-0.0050090993590262,-0.00648551317831322
0.591100746616853,0.839436317110369,-0.0482403505870636,0.0838550066111881,-0.00726571104273384,-0.00494605750979887,-0.00742674383684211
0.596811937331763,0.838792359121167,-0.0458081212341289,0.103157395911305,-0.00696642180044168,-0.00492951026840057,-0.00828214928439869
0.601628936269414,0.836906429967333,-0.0433963722466049,0.12178898896967,-0.00663792164725012,-0.0049628224642774,-0.00903488676106654
0.605336438195509,0.833909353355514,-0.0411323695372302,0.139641528376997,-0.00629707483414813,-0.00504517132793967,-0.00966780865620069
0.607698962337289,0.829941989411542,-0.039150754295257,0.156611090730442,-0.00596320643883873,-0.00517071092624733,-0.0101644835357764
0.608487359277166,0.825138809434184,-0.0375767310545296,0.17261008254867,-0.00565581174529128,-0.00532828957382796,-0.0105104902169433
0.607508967400218,0.819609650115747,-0.0365081323330009,0.187579183492125,-0.00539187475375917,-0.00550197891752485,-0.0106948004103475
0.604635331523807,0.813423436727847,-0.0360002479635113,0.201496553697764,-0.00518333842042166,-0.00567249809576792,-0.0107109790721426
0.599820826220536,0.806597833671277,-0.0360572464823601,0.214381722838398,-0.0050353442180097,-0.00581935492256958,-0.0105579217393271
0.593107344539577,0.799097519267575,-0.036632509769452,0.226292671101122,-0.00494571144595701,-0.00592328072771317,-0.0102399421528885
0.584613978990975,0.790841460937626,-0.0376377209702396,0.237316417209243,-0.00490578742291201,-0.00596842451364239,-0.00976619504151733
0.574514787407671,0.781717159817133,-0.0389581385691509,0.247555221747311,-0.00490240887121608,-0.0059438537847324,-0.00914959535747493
0.563010543553122,0.771598336967984,-0.0404701594616533,0.257111536988586,-0.00492044184694545,-0.00584414137468309,-0.00840550154350462
0.550300896434586,0.76036238134922,-0.042057391003937,0.266074751299329,-0.00494530754272549,-0.00566908724212758,-0.00755043461486912
0.53656189280268,0.747904810504086,-0.0436226536263205,0.27451180764847,-0.00496503262828614,-0.00542282224663546,-0.00660102904991309
0.52193141225986,0.734149366330689,-0.0450948975130121,0.282462472030601,-0.0049715863553309,-0.00511261731662924,-0.00557330634170106
0.506502801535608,0.719053587941905,-0.0464313162845819,0.28993891298195,-0.0049614780803824,-0.00474769057887922,-0.0044822724171544
0.490325492086051,0.702610467273565,-0.0476156907334673,0.296928602050884,-0.00493572725497931,-0.00433821495182338,-0.00334178698537989
0.473410744710903,0.684847073870927,-0.0486542162971016,0.30339937106675,-0.00489937255037987,-0.00389462679235504,-0.00216463488542165
0.455740673894815,0.665820960554145,-0.0495699339046444,0.309305623559937,-0.00486067802521384,-0.00342725141203946,-0.000962734361076787
0.437279061584704,0.645614895536367,-0.0503965895506052,0.314595013733772,-0.00483015172963587,-0.0029462031967427,0.000252568222057165
0.417982917116791,0.624330146332018,-0.0511724398344909,0.319215227041547,-0.00481944151467925,-0.0024614837298731,0.00147015265788712
0.397814107985988,0.602078267996712,-0.0519342844241712,0.323120721794132,-0.00484013183360507,-0.00198318304018847,0.0026787528761994
0.376750584757596,0.578971199421601,-0.0527118803704774,0.326279366039634,-0.00490244507379024,-0.00152167966160911,0.00386657873554395
0.354796718401746,0.555109512921819,-0.0535228856041771,0.328678806480387,-0.00501385829040748,-0.00108773069436625,0.00502095403771645
0.33199206822432,0.530568957519054,-0.0543685780881052,0.330332145018034,-0.0051776849312268,-0.000692344277543049,0.00612800262784687
0.308417555457889,0.50538603216321,-0.0552307724185497,0.331282123704542,-0.00539174068174228,-0.00034633980442649,0.00717243076723578
0.284197645581023,0.47954421546938,-0.0560705503875858,0.331602642583763,-0.00564730362056255,-5.95363866075635e-05,0.00813747455704332
0.259496934836455,0.452963532204463,-0.0568295432789401,0.331396247286508,-0.00592866692293939,0.000160420737160748,0.00900509896787821
0.234509763336301,0.425497021647208,-0.0574344229971113,0.330786471677522,-0.00621362296360787,0.000309477698272457,0.0097565366459712
0.209442410627277,0.396937830019084,-0.0578048446771975,0.329904816147644,-0.00647515209766085,0.00038858096578885,0.0103732224550371
0.184489170470932,0.36703943433975,-0.057864281219115,0.328873681843548,-0.00668437002966,0.000404708097797881,0.0108381002086701
0.159805847716698,0.335548576391135,-0.0575521370293499,0.32778836589719,-0.00681442330978406,0.000371119077831851,0.0111371568102556
0.135486147427764,0.302246320926983,-0.0568346136549732,0.326702448598024,-0.00684461853731205,0.000306545006749175,0.0112609133630962
0.111546930411741,0.26698878841532,-0.0557115562199289,0.325620704262847,-0.00676381666210166,0.000233304770426457,0.0112055361780675
0.0879266505310712,0.229737602042643,-0.054217296828114,0.324501727289661,-0.00657219713039213,0.000174682496742069,0.0109732792975941
0.0644977721265921,0.190572224813666,-0.0524151823604815,0.323269446638613,-0.00628092988868509,0.000152154163364282,0.0105721382083224
0.0410900005832809,0.149681560210438,-0.0503873400573309,0.321829997592728,-0.00590991498054923,0.000183090480489338,0.010014816139827
0.0175184744052608,0.107338131704713,-0.0482224542814418,0.320089274179481,-0.00548427706492784,0.000279370252091796,0.00931727966257231
-0.00638936047038037,0.0638622564791732,-0.0460044431459749,0.317967200293808,-0.0050305226839176,0.000447022194189122,0.00849723901943429
-0.0307729013750074,0.0195845976489433,-0.043804089266044,0.315406634142516,-0.00457315556557618,0.000686725144505871,0.0075728296166511
-0.0557257868270184,-0.0251862295350052,-0.0416744501400285,0.312376786769836,-0.00413223261170502,0.000994837178664638,0.00656164843448052
-0.0812914915755719,-0.0701872582664506,-0.039649803054417,0.308872329588189,-0.00372200467359077,0.00136460629794415,0.00548017735798141
-0.107465637595828,-0.115215004924528,-0.0377472537534092,0.304909798606462,-0.00335053874434685,0.00178729134166931,0.00434354417062758
-0.134203020167248,-0.160130403397732,-0.0359699631433087,0.300522700818017,-0.00302009541852849,0.00225303091437735,0.00316553834838751
-0.161427479508319,-0.204856498052474,-0.0343110738280515,0.295756242425501,-0.00272801434106036,0.00275139801321652,0.00195879968806006
-0.189043194945565,-0.249370561263871,-0.0327576766045085,0.290662104656658,-0.00246789864981775,0.00327165130709172,0.000735114944162291
-0.21694646708752,-0.293691878706154,-0.0312944208271989,0.285293332364058,-0.00223094958940008,0.00380274068161676,-0.000494222881774656
-0.245037414064619,-0.337865914354751,-0.0299065758178731,0.279699210731964,-0.00200735929225371,0.00433315227415232,-0.00171802354610779
-0.273231158185417,-0.381945175139276,-0.028582472909926,0.273919973029794,-0.00178770890668769,0.00485069497853289,-0.00292480083579879
-0.301467998584622,-0.425967024479125,-0.0273153062295631,0.267981284338875,-0.00156433387502324,0.00534234165762672,-0.00410239029613934
-0.329721784543994,-0.469929075605671,-0.0261042655917767,0.261888666314024,-0.00133260615211682,0.00579424509601203,-0.00523761396885313
-0.358005304475889,-0.513763686742558,-0.0249549443634384,0.255622354031043,-0.00109204684492396,0.0061920469586452,-0.00631603376966604
-0.386371138143089,-0.557314422429188,-0.0238789394254359,0.249133477523457,-0.000847130343249828,0.00652157856086321,-0.0073218487669707
-0.414906307030245,-0.600318874459832,-0.022892570901743,0.242342858379977,-0.000607589300084558,0.0067700024576687,-0.00823800341635777
-0.443719468708848,-0.642403407130144,-0.0220147231648915,0.23514394662982,-0.000388006226333422,0.00692735256460465,-0.00904657583708075
-0.472920562174469,-0.683095393006261,-0.0212639580081368,0.227411255527646,-0.00020651757491354,0.00698829767276297,-0.00972949634212916
-0.50259474018323,-0.721856478166579,-0.0206552582848901,0.219014833999335,-8.25916844216677e-05,0.00695380231817969,-0.0102695961170512
-0.532774739755899,-0.758135955483512,-0.0201969660112677,0.209839762408503,-3.40767590809588e-05,0.00683224460591295,-0.010651902753369
-0.563417691518761,-0.791437119798962,-0.0198885860491923,0.199807658112435,-7.39983396965491e-05,0.00663954768776793,-0.0108650008498069
-0.59439267602354,-0.821383623707868,-0.0197200382258626,0.188895489113095,-0.000207805420289303,0.00639804747294222,-0.0109022012275245
-0.625483388361429,-0.847770226608251,-0.0196726244412857,0.177146594717294,-0.000431787438399095,0.00613414152292369,-0.0107622575037303
-0.656406362912915,-0.87058500219567,-0.0197215150971974,0.164670315531734,-0.000733139559676102,0.00587513555785554,-0.0104494572582136
-0.686840764992006,-0.889997673630382,-0.0198391317549831,0.151629729800964,-0.00109170260896605,0.00564596210703646,-0.00997307330633638
-0.716462652105602,-0.906318256243781,-0.0199985947737678,0.138220433053533,-0.00148293021332389,0.0054664677560213,-0.00934632403144743
-0.744976076849961,-0.919937605547728,-0.0201764924577303,0.12464559047347,-0.00188134085870801,0.00534974780590383,-0.00858509243118921
-0.772135358505524,-0.931264173541161,-0.0203545406100047,0.111092791557232,-0.00226369618661542,0.00530166404709871,-0.00770666110085367
-0.797756113716376,-0.940669237718068,-0.0205200777237095,0.0977167507809237,-0.00261136379826422,0.00532136543272959,-0.00672865331947221
-0.821715772218744,-0.948448046614375,-0.0206656327032308,0.0846295691349587,-0.00291163778793894,0.0054024468263998,-0.00566827446153418
-0.843946355213384,-0.954799144083384,-0.0207879391388867,0.0718981239542843,-0.0031580691650109,0.0055343481902991,-0.0045418647563812
-0.864423025155675,-0.959820258860932,-0.0208867644926885,0.0595468088441244,-0.00335002775360618,0.00570367378034929,-0.00336472367790625
-0.88315160921648,-0.963517139027539,-0.0209638297624394,0.0475634198300375,-0.00349176982250873,0.00589523687804299,-0.00215114690779
-0.900157428381551,-0.965821320355891,-0.021021974437266,0.0359062606432288,-0.00359125425553047,0.0060927614603697,-0.000914617386798476
-0.91547674861932,-0.966613434719258,-0.0210646129808983,0.0245111921404607,-0.00365887759108841,0.00627927240448465,0.000331899694616422
-0.929151269372199,-0.965749661541487,-0.021095449992746,0.0132980944880389,-0.00370622049059761,0.00643727409421863,0.00157559995750095
-0.941225386345121,-0.963089810299812,-0.0211183726999909,0.00217685687265267,-0.00374483824783288,0.0065488576097007,0.00280345844580363
-0.951745517159953,-0.958525972790626,-0.0211374155145717,-0.00894654815245103,-0.00378509776462618,0.0065958949063336,0.00400186107058934
-0.960760520694497,-0.952010534463358,-0.0211566862696513,-0.0201631681101656,-0.00383506691868511,0.00656047683957985,0.00515628950639566
-0.968322133303434,-0.943581572685687,-0.021180156014176,-0.0315527336838009,-0.00389949719037661,0.00642572704258912,0.00625110587849516
-0.974484373401421,-0.933382465681015,-0.0212112474211541,-0.0431737046780418,-0.0039789979099477,0.0061770670285203,0.0072694901190885
-0.979301048190094,-0.921671290127479,-0.0212522163513322,-0.0550522623184796,-0.00406956289906631,0.00580391047512416,0.0081935872526525
-0.982820873236343,-0.908814956320511,-0.0213034075355156,-0.0671717340017942,-0.00416264977479683,0.00530162543218093,0.0090049188103842
-0.985080316563445,-0.895263847689156,-0.0213625658312549,-0.0794647872184979,-0.00424599382041178,0.00467344032854059,0.00968509420755484
-0.986095077430588,-0.881505698088753,-0.0214244658158719,-0.0918111276378951,-0.00430523168396822,0.00393182896734871,0.0102168160070647
-0.985851873107728,-0.868002658487512,-0.0214811398900882,-0.104042960411499,-0.00432621307194191,0.00309886599898445,0.0105851053680223
-0.984302920567818,-0.855121674898436,-0.0215228787475063,-0.115959029813723,-0.00429762814092859,0.00220515391940671,0.0107785907001603
-0.981365206736361,-0.843073339048081,-0.0215399706359287,-0.127345702859178,-0.00421338256227076,0.00128723891493373,0.0107906355394305
-0.976925925146501,-0.831874980383698,-0.0215248622805317,-0.138001349767556,-0.00407410765365843,0.000383844595594093,0.0106200659931686
-0.970853779531917,-0.821348763885516,-0.0214742069744811,-0.147758961016548,-0.00388737171486432,-0.000468361015991261,0.0102713228332388
-0.963014232338604,-0.811155995190944,-0.0213902220181562,-0.156502346343256,-0.00366651301325775,-0.00123858928315827,0.00975399517853682
-0.953285552372051,-0.800858475165232,-0.0212809406553795,-0.164173157519926,-0.00342839797706703,-0.00190459442845675,0.00908184590790163
-0.941572669135412,-0.78999114605705,-0.0211592687365089,-0.170768654629649,-0.00319067131609434,-0.00245380811708174,0.00827154627944872
-0.927816714448079,-0.77812948266167,-0.0210410754878935,-0.176332351311891,-0.00296910685964937,-0.00288300618416881,0.00734136938204835
-0.91199959847078,-0.764939519949606,-0.0209427611020146,-0.180940833849273,-0.00277552601565277,-0.00319690110298688,0.00631004849031422
-0.894144212848049,-0.750205165177101,-0.0208787904415482,-0.184690022694175,-0.00261651759029976,-0.00340619090896748,0.00519592455371134
-0.874311538531416,-0.733833586047416,-0.020859595463686,-0.187683329207478,-0.00249297382947075,-0.00352555529372343,0.00401642435574819
-0.852595994643653,-0.715843279550457,-0.0208901014073965,-0.190023057816715,-0.00240031549297717,-0.00357194504891426,0.00278785056723147
-0.829119965941799,-0.696340669284583,-0.0209689941993349,-0.19180539103673,-0.00232922657736719,-0.0035633392912789,0.00152543210408451
-0.804027832392427,-0.675490467003948,-0.0210887613846826,-0.193118548860345,-0.00226673663312579,-0.00351799657337473,0.00024357193988326
-0.777479206698347,-0.653483570775236,-0.0212365147276781,-0.194043260010571,-0.00219754242884838,-0.00345412029836104,-0.00104376920351161
-0.749640617929895,-0.63050481367811,-0.0213956208395748,-0.194654473153858,-0.00210551899975344,-0.00338979353251169,-0.00232260845468416
-0.720674673388556,-0.606701968320789,-0.0215481908501361,-0.1950232139116,-0.00197540756650774,-0.00334300243366865,-0.00357844421463787
-0.690725888576719,-0.582157297288565,-0.0216784662992694,-0.195217621794706,-0.00179466670179791,-0.00333155149829326,-0.0047957723488847
-0.659902999527068,-0.55686361350376,-0.0217770396379777,-0.195302467495449,-0.00155542324390691,-0.00337267531807871,-0.00595766262236369
-0.628258742607106,-0.530708050300551,-0.0218456265068965,-0.195336848134044,-0.00125635977048946,-0.00348217803999405,-0.00704545479524873
-0.595769787863042,-0.503468065458113,-0.0219017539690263,-0.195370253794225,-0.000904239036435443,-0.00367300027372394,-0.0080386569335772
-0.562321500087672,-0.474824854550852,-0.0219822945299747,-0.195437710827845,-0.000514628402314483,-0.00395324527419229,-0.00891515839872884
-0.52770383965246,-0.444398307035498,-0.0221444089770446,-0.195555106287039,-0.000111316029528742,-0.00432390391367666,-0.00965188963094173
-0.491624897799808,-0.411803917551086,-0.0224624254406196,-0.195715948732015,0.000275998507425293,-0.00477677803609192,-0.0102260375079184
-0.453745986343602,-0.376725429014802,-0.0230197891444753,-0.19589065219277,0.00061581321087676,-0.00529332575903039,-0.010616820944828
-0.41373622764098,-0.338988945512171,-0.023896618171031,-0.196028981876608,0.000880207120233718,-0.00584518385216012,-0.0108076358626785
-0.371336479562923,-0.298618530447313,-0.0251552912309552,-0.196065702539023,0.0010502967095116,-0.00639680796031198,-0.010788148238984
-0.326415860587452,-0.255854459574342,-0.0268279999831498,-0.195928862283656,0.00112017228346826,-0.00691000565863838,-0.0105557773140767
-0.279003591667626,-0.211125350730089,-0.0289102693052143,-0.19554961168735,0.0010979668997427,-0.00734937303544994,-0.010116097160092
-0.229286179975742,-0.164980901001654,-0.0313626734461609,-0.194872063544196,0.00100362334984573,-0.00768720410410696,-0.00948200650312786
-0.177572031918018,-0.118005169435964,-0.0341201170186909,-0.193861556240343,0.000864084668450886,-0.00790661543315652,-0.00867192372124413
-0.124236082127338,-0.0707345294743612,-0.0371056112325031,-0.192509936303768,0.000707429063197443,-0.00800232813359488,-0.0077075416846764
-0.0696610494132066,-0.0235987197761555,-0.0402445990693008,-0.190837144585657,0.000557547787779483,-0.00797937277266943,-0.00661170778973819
-0.0141890834997333,0.0231073907241321,-0.043476623579979,-0.188889264288461,0.000430438942216515,-0.0078505271426497,-0.00540682404527148
0.0419089181819618,0.0692235853304403,-0.0467626897263804,-0.186733903237482,0.000332463561753382,-0.0076334118880259,-0.00411392738543882
0.0984453525327389,0.114703349127644,-0.050088122465159,-0.184454035957875,0.000260348404930708,-0.00734795911839872,-0.00275242658485208
0.155312288861013,0.159580801004337,-0.0534615572830648,-0.182141147639462,0.000202474015649454,-0.00701463418600459,-0.00134037911956642
0.212466460737202,0.203932210047665,-0.056910865058889,-0.179887861008822,0.000141015567186942,-0.00665348433928933,0.000104829544679518
0.269906549467554,0.247836050088665,-0.0604765331189264,-0.177779493487751,5.46788758083669e-05,-0.00628387157240469,0.00156552658856739
0.327644901621881,0.291333352900476,-0.0642026031547005,-0.175883547445866,-7.80387101590314e-05,-0.00592461416571678,0.0030226110969808
0.385674248507296,0.334389274603203,-0.0681250062307252,-0.17423634685661,-0.000275038471993873,-0.00559417937562234,0.00445431569715009
0.443929323313567,0.37685776660894,-0.0722573267327899,-0.172827216675572,-0.000546312511770384,-0.00531051355210034,0.00583496720916982
0.502244547798082,0.418454248614536,-0.0765749458488813,-0.17158288952693,-0.000889486213340395,-0.00509007496090631,0.00713391141602746
0.560313015634751,0.458745713557791,-0.0810003221591757,-0.170357846657233,-0.00128608771404836,-0.00494571389627277,0.00831491365799982
0.617658556521611,0.497171650221616,-0.0853946052081209,-0.168938698773525,-0.00170006402936534,-0.00488334519898122,0.00933654737417784
0.673639035052138,0.533108236289821,-0.0895626761968688,-0.167069936011573,-0.00208044428735333,-0.00489798633995302,0.0101542109264866
0.727499246306132,0.565977149787708,-0.0932777480673157,-0.164501772394146,-0.00236950712184648,-0.00497059643735365,0.0107242268271469
0.778478660042566,0.595377753003051,-0.096325460176683,-0.161048726852312,-0.00251578989525021,-0.00506774492201094,0.0110097551029394
0.825951989957413,0.621196931783633,-0.0985565712106058,-0.156636490479824,-0.00248823447241716,-0.00514566435205646,0.0109871235786797
0.869552850167108,0.643644777819,-0.0999280620703793,-0.151314813362879,-0.00228568484415839,-0.00515835430553907,0.0106503523672836
0.909226257757683,0.663191106065895,-0.100513455063636,-0.145229717118819,-0.00193711006910811,-0.00506705041395787,0.010012002916845
0.945185562431522,0.680425726191994,-0.10047679426237,-0.1385694841848,-0.0014922969886725,-0.00484738396882264,0.00910008312758552
0.977795302516326,0.695900728084689,-0.1000221837522,-0.131509435730694,-0.00100731712073172,-0.00449184694676065,0.00795250732594894
1.00743100289594,0.710012077575832,-0.0993397766084637,-0.124174495674347,-0.000530634689663953,-0.0040076896521348,0.00661131378448764
1.03436462509695,0.722948137897778,-0.0985656522092141,-0.11662447513765,-9.39525495013932e-05,-0.00341225195026832,0.00511828454442573
1.05870122450526,0.734699864193873,-0.0977629297142791,-0.108856475559001,0.000291097795255161,-0.00272808112973264,0.00351254752904999
1.08036839776556,0.745109420558836,-0.0969225825262982,-0.100816026929967,0.000631469024504217,-0.00197943825158765,0.00182994208770684
1.099146866088,0.753932534360322,-0.0959783899817017,-0.0924109386372287,0.000948156430060644,-0.00119076775613499,0.00010363250321957
1.1147282972472,0.760897609476765,-0.0948306109031683,-0.0835254322945848,0.00127002966399786,-0.000386901279650463,-0.00163450669240829
1.12678996780193,0.765753880247315,-0.0933749134313439,-0.0740348831679058,0.00162682612119212,0.000405728805129493,-0.00335207259831455
1.13507948484193,0.768307517829594,-0.0915346588258585,-0.0638230340171971,0.00204163888900213,0.00115787843239672,-0.00501413413066969
1.13950251604242,0.768447405374117,-0.0892943717178286,-0.0528039000875642,0.00252325093090724,0.00183745582586771,-0.0065813261096784
1.14020042562676,0.766161680650469,-0.0867295155791686,-0.0409493420271416,0.00305927612013682,0.00241181330039757,-0.00800847729171495
1.13759406456626,0.76154325898498,-0.0840231069669335,-0.0283194975766272,0.00361214982166155,0.00285310090610482,-0.0092445018337779
1.13236104666689,0.754779289268388,-0.0814558971414519,-0.0150864876045858,0.00412100679629873,0.00314629277078427,-0.0102345483431239
1.12531921424375,0.746118855672611,-0.0793590184667601,-0.00153451358431776,0.00451221311766634,0.00329761484687241,-0.0109252536358767
1.11722148181946,0.735818690606162,-0.0780313946409908,0.011980902682762,0.00471843722676843,0.0033392366588123,-0.0112729029558687
1.10852257726511,0.724078845161596,-0.0776469403485283,0.0251163910762557,0.00470080658009299,0.00332603196302609,-0.0112523885881946
1.09922015429121,0.710992369909216,-0.0781934291067625,0.0376398856991648,0.0044642739103484,0.00332344592731358,-0.0108633038502367
1.08885392564266,0.696532625077594,-0.0794763052101646,0.0494979305028817,0.00405772964205794,0.00339076250358082,-0.0101300951206848
1.07666435939581,0.680583663389294,-0.0811862445110537,0.0608156624117371,0.00355839778308496,0.00356718592632711,-0.00909614977635112
1.0618289076591,0.662995542055427,-0.082995293153833,0.0718334196826114,0.0030486038374418,0.00386619390374256,-0.00781478353791893
1.04367233550369,0.643636404278828,-0.0846391345591623,0.082817087245616,0.00259533618886775,0.00427842751204444,-0.00634090027714222
1.0217886175665,0.622421888837484,-0.0859613571824832,0.0939822010170452,0.00223882612568829,0.00477933831723861,-0.00472561449955098
0.996067724184399,0.599318880497453,-0.0869190081730708,0.105451877401246,0.00199056242747566,0.00533713691964995,-0.00301412957698787
0.96665369011925,0.574332495929066,-0.0875617509099493,0.11724729927809,0.00183778995006352,0.00591826848024325,-0.00124601787171034
0.933865541806322,0.54748887865633,-0.0879982299871721,0.129299234739488,0.00175115846885181,0.00648971660413027,0.000543131860777144
0.898102976117651,0.518824718296259,-0.0883587250419467,0.141469359081197,0.00169334976951237,0.00701883237042852,0.00231945467633864
0.859747363277492,0.488390960256478,-0.0887584069364828,0.153575167406036,0.00162779353321633,0.00747202702349145,0.00404838673175501
0.819062993798944,0.456274297892209,-0.0892632761381841,0.165417028345495,0.00152724514097338,0.00781386453084108,0.00569238118795957
0.776106021242124,0.42263506330527,-0.0898617900028983,0.176807859849754,0.00138182181646931,0.00800806318598788,0.00720910958766193
0.730658555138188,0.387752744116048,-0.0904485015226584,0.187604376245704,0.00120516985784119,0.00802160975661131,0.00855071802132445
0.682218059381895,0.352060701097688,-0.090829462213303,0.197734902479009,0.00103622192287463,0.00783229654065607,0.00966500735889029
0.630076452064725,0.316144015027806,-0.0907585165984288,0.207215159032351,0.00093353240549942,0.00743821751379665,0.0104994763096318
0.573503039456221,0.280678237197921,-0.0900041991729761,0.216143906065857,0.000960895249775008,0.00686546035786664,0.0110084835564275
0.511993505394217,0.24631103393543,-0.0884287100686807,0.224676786876595,0.00116741478824734,0.00616901748106518,0.0111620779863369
0.44548803824875,0.213526985666575,-0.0860443813037857,0.232986139744292,0.00157013529404621,0.00542394909074478,0.010953136406927
0.374449854983671,0.182559282451413,-0.0830168169115332,0.241220281379182,0.00214803496574856,0.00470905797173852,0.0103992381125867
0.299761834428145,0.153392977836803,-0.0796119208334133,0.249473912889698,0.00285040189065174,0.00409000849286696,0.00953819991526778
0.222499138599384,0.125853159841408,-0.076115489815218,0.257774858097676,0.00361452932594057,0.00360873491572212,0.00841964305260983
0.143688317661485,0.0997307326573569,-0.0727632287237256,0.266086758680492,0.00438392392409935,0.00328150297149136,0.00709647077501725
0.064140053845599,0.074895667498715,-0.069703675265889,0.274324362133018,0.00512052645291386,0.00310337347499832,0.00561897911393719
-0.0156160508876493,0.0513712041746928,-0.0669948716307152,0.282376320446673,0.00580914903256767,0.00305510570124623,0.00403221567091016
-0.0953109951523956,0.0293667677095834,-0.0646230916806227,0.290129378894116,0.00645565659399338,0.00310939106918473,0.00237584520733756
-0.174861175120594,0.00927856157821978,-0.0625304728857659,0.297488117786458,0.00708139926512577,0.00323497416891541,0.000685490879785819
-0.254263888439412,-0.00833444739287966,-0.0606425674619217,0.304386128183877,0.00771591538036035,0.00339856479096622,-0.0010052293629834
-0.333478368363097,-0.0227990328467052,-0.0588914901455529,0.310786719372001,0.00838904996222166,0.00356523735767207,-0.0026624611648261
-0.412301691087786,-0.0334083748783672,-0.0572331509064686,0.316672965243946,0.00912303742927996,0.00369840945728156,-0.00425002352343579
-0.490253062032751,-0.0395447566377758,-0.0556577709913902,0.322028003513862,0.0099250732686874,0.00376064153466494,-0.00572784895975913
-0.566493058814462,-0.0408448411366092,-0.0541923409047876,0.326808026413502,0.0107814559774979,0.00371640124769143,-0.00705144380661827
-0.639818798265509,-0.0373834854387224,-0.0528933005314231,0.330913782566339,0.0116552017302972,0.00353741476076095,-0.00817295642856802
-0.708776047530658,-0.0298172615034129,-0.0518290298709328,0.334171711927465,0.0124894078806116,0.00321006948685021,-0.00904436098814119
-0.771897384158459,-0.0194052142791962,-0.0510554687076317,0.336339399025894,0.013217624879713,0.00274263070845724,-0.00962278965820989
-0.828010528895764,-0.00784495802247226,-0.0505929770657871,0.33714473531203,0.0137796326145398,0.00216861833991923,-0.00987709855824661
-0.876497757134919,0.00305738608977517,-0.0504146579596853,0.336350396200573,0.0141374042052507,0.00154302786554926,-0.00979370859822923
-0.917384148236191,0.0117630291878564,-0.0504522757158619,0.333814380818888,0.0142844296555695,0.000931005172219112,-0.00937946491316321
-0.951214094621177,0.0172596984751658,-0.0506167622237458,0.32951279971773,0.0142441768838743,0.000392707515602113,-0.00866030371649946
-0.978789567505745,0.0191058892511228,-0.0508225879529364,0.323511520159756,0.0140590907490603,-2.97046859644792e-05,-0.00767639574166501
-1.00090263384581,0.0172845715782061,-0.0510048706363385,0.315903257640668,0.0137760220592937,-0.000318507858093448,-0.00647582136176589
-1.01816462266041,0.0119769529668208,-0.0511243402458669,0.306742346092808,0.0134343238667286,-0.000479649916753669,-0.00510889468474621
-1.03095797597373,0.00336962039735232,-0.0511624893064605,0.296003179331876,0.0130598405710886,-0.000537275661849188,-0.00362433920891768
-1.03947605187758,-0.00844536268447537,-0.0511128237669262,0.283571513287133,0.0126645755390344,-0.00052688816946959,-0.00206749640898197
-1.04379760865932,-0.023475903325231,-0.0509736290950627,0.269264514487563,0.0122499895553737,-0.000489496969802545,-0.000480146546130675
-1.04395594530186,-0.0417717737046977,-0.0507451353832615,0.252870856619646,0.0118117875395323,-0.000467534108584119,0.00109865049051065
-1.03998583105612,-0.0633398570491777,-0.0504313777566051,0.234203498653488,0.0113448014713549,-0.000502094578423642,0.0026312346067979
-1.03194949062376,-0.0880620606378045,-0.0500452240261949,0.213159877023566,0.0108473120252674,-0.00063048196322405,0.00407998728418329
-1.01995124733115,-0.115635986785114,-0.049613952173455,0.189783417387744,0.010324466110646,-0.000883067317809179,0.00540631997406361
-1.00415026067145,-0.145552925084979,-0.0491822231506843,0.164315525422128,0.00979035600255794,-0.0012789843743233,0.00657039458690648
-0.984775361090957,-0.177124669771174,-0.0488094447867575,0.137220647041654,0.00926810021537599,-0.00182108409993132,0.00753198147164695
-0.962138704258394,-0.209564695530205,-0.0485598531825916,0.109163946178416,0.00878729716202278,-0.00249165259625413,0.00825278430150172
-0.936639389596802,-0.242114899120499,-0.048486518518047,0.0809287731843252,0.00837884008750426,-0.00325117903024868,0.00870022511874766
-0.908747842228288,-0.274187062895567,-0.0486142681387853,0.0532830846138211,0.00806826711243715,-0.0040422192359896,0.00885202214258369
-0.878968416074255,-0.305470013073413,-0.0489290092927498,0.0268330084155644,0.00786996464531445,-0.00479867376391748,0.00870016814294188
-0.847788667289924,-0.33595692037443,-0.0493794768351329,0.00191837011265884,0.00778468018870223,-0.00545817056139451,0.00825271169895545
-0.815631898889735,-0.365879113887044,-0.0498917075537208,-0.0214083268109577,0.00780146579063692,-0.00597341155602803,0.0075324756290085
-0.782828461157347,-0.395575861788897,-0.0503900504021674,-0.0433169577296738,0.00790309028078515,-0.00631879290901395,0.0065731884018686
-0.749611557436204,-0.425354555194073,-0.0508158877346619,-0.0640845365708816,0.00807253691907095,-0.00649106525709939,0.00541454023300409
-0.716132307300531,-0.455388993968913,-0.0511377975304116,-0.0839785139612676,0.00829823225622483,-0.00650544844247944,0.00409777994924139
-0.682483571897268,-0.485676946821508,-0.0513518680090976,-0.103174339756479,0.00857672743207482,-0.00638987174048787,0.00266282439283025
-0.64872392619942,-0.516052945673501,-0.0514747126595821,-0.121719977608116,0.00891273066857796,-0.00617967963074266,0.0011470733213298
-0.614898998669729,-0.54623991383305,-0.0515329778313198,-0.13954263211789,0.00931705504949606,-0.0059140069121097,-0.000414366096903605
-0.581063337185802,-0.575922375125125,-0.0515525055100812,-0.156486086975351,0.0098031532632994,-0.00563388669461792,-0.00198749536806458
-0.547309525508013,-0.604827510422965,-0.0515491960713916,-0.172367500869671,0.0103827315455595,-0.00538137249268282,-0.00353770870653058
-0.513811024354381,-0.632801912679798,-0.0515229362549259,-0.187044722866498,0.0110607752378798,-0.00519855361677474,-0.00502793615392729
-0.480879822629689,-0.659868727767061,-0.0514558851641287,-0.200484961592087,0.0118303972731715,-0.00512527027933808,-0.0064170830501922
-0.449028478550627,-0.68624334892568,-0.0513164747598278,-0.212821432911272,0.0126683321354788,-0.00519464324150363,-0.00765934868405611
-0.419010078534008,-0.712282210572177,-0.051069817436067,-0.22437842273187,0.0135325401863666,-0.00542638244552006,-0.00870516449370343
-0.391796730728286,-0.738349001912766,-0.0506930572184906,-0.235643285529548,0.0143638372089882,-0.00581929093062558,-0.00950443150568837
-0.368462037849075,-0.764614441942874,-0.050190814744454,-0.247174874336689,0.0150929673413552,-0.00634600468596538,-0.010012152427626
-0.349967897355695,-0.790853001134642,-0.0496033932046812,-0.259465194830733,0.0156524917939828,-0.00695364486395556,-0.010195377786088
-0.336911971069609,-0.81633146886816,-0.0490019759656987,-0.272802893469437,0.0159898427524287,-0.00757240515895186,-0.0100391861629404
-0.329331202798415,-0.839862244135557,-0.0484714523773478,-0.287198060150008,0.0160760910734004,-0.00813026202405816,-0.00954925630738915
-0.326640571979758,-0.86001735181705,-0.048088667602546,-0.302401245975266,0.0159065739647858,-0.00856837646119361,-0.00874999112436502
-0.327720788738112,-0.875419247988246,-0.0479059201485208,-0.318000835012221,0.0154939530644628,-0.00885128070732125,-0.00767926066897849
-0.33110389193199,-0.884999506278533,-0.0479450870964222,-0.333548118557967,0.0148581532503042,-0.00896901744749183,-0.00638210014981601
-0.335184260380833,-0.888153119423673,-0.0482012540172426,-0.348659517989514,0.0140182067213165,-0.00893247775219695,-0.0049054658970991
-0.338402852718036,-0.884773588016332,-0.0486510648646741,-0.363070073373022,0.0129886847270345,-0.00876551891975667,-0.00329504857953182
-0.339384766197806,-0.875192610223745,-0.0492612737706287,-0.376638107547165,0.0117805166760162,-0.00849736264503677,-0.00159413214288575
-0.337030484143355,-0.860058597083694,-0.0499952061721093,-0.389313890882641,0.0104044046588115,-0.00815732624131935,0.000156000829264954
-0.33056508978708,-0.840182670360543,-0.0508168144222798,-0.401085549351901,0.00887502945383793,-0.00777236520483992,0.00191469380765981
-0.319545557181225,-0.816373807964741,-0.0516927916388619,-0.411910985054021,0.00721509196405639,-0.00736679730635578,0.00364008207892398
-0.30382375074453,-0.789283600180836,-0.0525929796699048,-0.421642872511663,0.00545901347484376,-0.0069629705990232,0.00528728251588815
-0.283467232675606,-0.759285739824841,-0.0534887788414168,-0.429959029894988,0.00365616790655142,-0.00658141638380099,0.00680716798389176
-0.258651645549631,-0.726421245021331,-0.054349199856791,-0.436321563308396,0.00187267994284652,-0.00623922936642623,0.00814645688075982
-0.229553591573449,-0.690438878040916,-0.0551351542936761,-0.439997402351473,0.000189608723240954,-0.0059462529382813,0.00924997231231022
-0.196283461270182,-0.650940483474912,-0.055794544439952,-0.440166614661,-0.00130501679190533,-0.00570018849622135,0.0100656759517467
-0.158891451746759,-0.607598851353352,-0.0562624899401795,-0.436111930077319,-0.00253092198149009,-0.00548338129530859,0.0105520921939086
-0.1174489333748,-0.560367967441478,-0.0564703009371349,-0.427430888271312,-0.00343342989943036,-0.00526434329945276,0.0106861348022719
-0.0721624863878073,-0.509590562521162,-0.0563621967527036,-0.41417684059214,-0.00399693258717544,-0.00500496090813322,0.0104681933115402
-0.0234523797222449,-0.455953265052071,-0.0559127329001292,-0.3968564981384,-0.00424705985466317,-0.0046707842585114,0.00992197890145038
0.0280524920007591,-0.40032167960468,-0.0551358556499662,-0.376286009935999,-0.00424036106117034,-0.00423968985331433,0.00908908731993366
0.081598744126846,-0.343543974526353,-0.054081017878648,-0.353378923332155,-0.00404688075627924,-0.00370541294709987,0.00802072482360307
0.136425505412898,-0.286304937467707,-0.0528191141271582,-0.328956082693081,-0.00373333578428033,-0.00307569612722425,0.00676976001706945
0.19186383540191,-0.22906386130676,-0.0514253104523689,-0.303631731312066,-0.00335209719130888,-0.00236734360136081,0.00538517131700737
0.247391636275256,-0.1720636832825,-0.0499652077669755,-0.27778165504294,-0.00293707224320307,-0.00160094854214233,0.00390934970249789
0.302643487484506,-0.115379350301526,-0.0484874402382285,-0.251569740351905,-0.00250483046825524,-0.000797076162422325,0.00237766904775536
0.357389063831107,-0.0589766884970243,-0.0470226942181689,-0.225003735949278,-0.00205860002491853,2.55692848712854e-05,0.000819451497394241
0.411495590800148,-0.00276539913543166,-0.0455875233007487,-0.197998939100239,-0.00159328359357551,0.000850306931399242,-0.000740385347594305
0.464885281232926,0.0533587739125619,-0.0441910195275609,-0.170439170161031,-0.00110047579116614,0.00166163656135115,-0.00227944660129442
0.517493429968762,0.109480781517781,-0.0428426569507365,-0.142232082277453,-0.000573093563042243,0.00244410460538477,-0.00377598854584045
0.569229630917609,0.165637574082599,-0.0415598688840536,-0.113359093609788,-9.50907520487054e-06,0.00318151888725864,-0.00520720480904783
0.6199440874724,0.221790554628275,-0.0403739041219509,-0.083919462038461,0.000582971648085281,0.00385703991997684,-0.00654781470913751
0.669402654387599,0.277799000253601,-0.0393323056225901,-0.0541643340596285,0.00118571880625712,0.00445451393703188,-0.00776916708824448
0.717276757884191,0.333398981992248,-0.0384963237377654,-0.0245116204026348,0.00176827044807439,0.00496112805821537,-0.00883917614406742
0.763155634791159,0.388197118502679,-0.0379322515754078,0.0044709939963973,0.00229068703637363,0.00537099402061149,-0.00972346602191888
0.80658589108402,0.44169073741927,-0.0376974754917588,0.0321256847333875,0.00270942330238436,0.00568864807326929,-0.0103879923052327
0.847135551870409,0.493322032452749,-0.0378247297095937,0.0578064638187693,0.00298626555211549,0.00593095713745815,-0.0108030137301586
0.884468117839544,0.542561529768641,-0.0383102777896903,0.0810036790626107,0.00309819549288778,0.00612600382362258,-0.0109476411455499
0.918402817127156,0.588999401344629,-0.0391115152518737,0.101452429294748,0.00304470549415931,0.00630851148042814,-0.0108136090554014
0.948938092606277,0.632412593729576,-0.0401558927899494,0.119182980584607,0.00284934896375405,0.0065129751786397,-0.0104068834905335
0.976228900188878,0.672781820093654,-0.0413578549157337,0.134491529942778,0.00255454883362813,0.00676690806302245,-0.0097464687901984
1.00052750088818,0.710254243625636,-0.042637150033494,0.147843836080135,0.00221167589308046,0.00708655910724845,-0.00886093180497627
1.02211035094185,0.745071129360094,-0.0439324543895783,0.1597504625853,0.00187017495459438,0.00747612624124398,-0.00778398396020629
1.04121404929145,0.777490050682294,-0.045207628723883,0.170655764260185,0.00156912505650089,0.00792985474194981,-0.00655050057335954
1.05799417920898,0.80772538402882,-0.0464513284740628,0.180866707421031,0.00133281398298032,0.00843547645607776,-0.00519378961561744
1.07250993977731,0.835916952569829,-0.0476723395589402,0.19052661770414,0.00117010065080646,0.00897747329908068,-0.0037442505113369
1.08473023360213,0.862124451505724,-0.048892943273616,0.199624691087346,0.00107638843805597,0.0095392497920445,-0.00222914479070033
1.09455450726409,0.886339145185501,-0.0501417532288673,0.208027554023618,0.00103695242480455,0.0101039694322402,-0.000673086656444338
1.10184254265777,0.908503617627839,-0.0514466195418236,0.21552131622309,0.00103074867171633,0.0106542756157814,0.000901071103756971
1.10644946646535,0.928532500364147,-0.0528277164749469,0.221857179668155,0.00103429501835295,0.0111713516487442,0.00247116626214815
1.10826393650479,0.946329900383036,-0.0542908623052532,0.226797748201325,0.00102553356203325,0.0116338605609263,0.0040145955963756
1.10724789819945,0.961801573013232,-0.0558213899514764,0.230163244066231,0.000987687794708928,0.0120173296345687,0.00550721257869819
1.10347507180681,0.974861446716144,-0.0573793923688905,0.231876398637443,0.000913005682406887,0.0122945420776577,0.00692236482166371
1.09716242466517,0.98543308728055,-0.0588977693726673,0.232001974319452,0.000805966323175019,0.0124374386201057,0.0082302553780536
1.08868496293935,0.99344743681267,-0.0602849596361203,0.230772517911281,0.000685113364039141,0.0124208221801568,0.00939792403917366
1.07856113524528,0.998838973501465,-0.0614341372485109,0.228588031822677,0.000582363995094037,0.0122276801426193,0.0103902407600611
1.06739745534642,1.00154329734459,-0.0622394466320287,0.225977248418167,0.000538759929170844,0.0118551510734397,0.0111722657428539
1.05579057570468,1.00149949346236,-0.0626172400858613,0.223516039849336,0.000596512589169426,0.011319278676433,0.0117130123958419
1.04420359831705,0.998659479928943,-0.0625269046673197,0.221715155466188,0.00078883422076072,0.0106562829431609,0.011990013737024
1.03285339695198,0.993003411138554,-0.0619837276834373,0.220908582135327,0.00113069996228981,0.00991880373532224,0.0119933983829975
1.02165235123307,0.984556268222021,-0.0610577539207078,0.221182146507921,0.0016140806533562,0.00916751808014188,0.011727960240163
1.01023052555575,0.973398777430869,-0.0598580902545902,0.222369320590848,0.00220957772148948,0.00846070434288057,0.011212335700695
0.998029951518779,0.959667741852548,-0.0585085467045713,0.224112412985847,0.00287357255280907,0.0078452323531402,0.0104756153339563
0.984433409745163,0.943545667080087,-0.0571235838446955,0.22596095993853,0.00355783486500066,0.00735148145643016,0.00955271096566381
0.968883588920704,0.925243862595018,-0.0557916821450586,0.227470912682926,0.00421825754961523,0.00699267305955243,0.00847997372903603
0.950963435090467,0.904984529428893,-0.0545686226855829,0.228278301094077,0.00482066809445988,0.00676744087639732,0.00729201405469435
0.930430370349014,0.882985835071577,-0.0534790700019912,0.22813806858754,0.0053433041549975,0.00666387314252263,0.00601994725192487
0.907212930653846,0.859451398196223,-0.052522997209145,0.226932020834072,0.0057766291847121,0.00666356035736021,0.00469080293672874
0.881384281234834,0.834563576087546,-0.0516836565651574,0.224655633428703,0.00612152033246266,0.00674482123461963,0.00332768184732859
0.8531256748126,0.808479115468197,-0.0509349189384393,0.221393515520404,0.00638673554429044,0.00688485096332373,0.00195029864534912
0.822688504558602,0.781325951257709,-0.0502469982354773,0.217290745893993,0.00658626393558636,0.00706089492662533,0.000575670581283811
0.790359222121988,0.753200749345735,-0.0495904265974618,0.212524361544981,0.00673687328704924,0.00725071668058023,-0.000781182203066597
0.756428401811374,0.724167714910171,-0.0489385891241112,0.207277051305267,0.0068559668697759,0.00743266987032402,-0.00210659151805384
0.721163855218814,0.694259877443,-0.0482692576901998,0.201713848919257,0.00695975795993067,0.00758565985405506,-0.00338768331824505
0.684787618320534,0.663484307901156,-0.0475655089645537,0.195962215072883,0.00706174479579261,0.00768922840604548,-0.00461192592392888
0.647457351855345,0.631832427859809,-0.0468162767454839,0.190096094838979,0.00717149274406978,0.00772392961246715,-0.00576680164784432
0.609253701935521,0.599295736274042,-0.0460166433460183,0.184125041481269,0.00729377497502695,0.00767208940360786,-0.00683962480136193
0.570175966351163,0.565885997955439,-0.0451678593182868,0.177989991860145,0.00742816192549251,0.00751895194001354,-0.00781753721707799
0.530148547334999,0.531657411955478,-0.0442770148856381,0.171567429671137,0.00756916180122978,0.00725411178721189,-0.00868771690842089
0.48903978061227,0.496726844903833,-0.0433562766580678,0.164683168329735,0.00770698391877801,0.00687301865015707,-0.00943782729469356
0.446692671181478,0.461287347631961,-0.0424216478156665,0.157135631431831,0.00782891721009641,0.00637824306690844,-0.0100567042787957
0.40296410714724,0.425610412017204,-0.0414912994182537,0.14872638739748,0.00792119510041857,0.00578014400638505,-0.0105352230427433
0.357766072540761,0.390034155598157,-0.0405836339091416,0.139293313735345,0.00797108267475438,0.00509662532618445,-0.0108672164498127
0.311100485098608,0.354937755608482,-0.039715343986242,0.128740047262706,0.00796882036766286,0.0043518312023355,-0.0110502599784629
0.263079733907113,0.320706183022459,-0.0388997770596879,0.117055322939066,0.00790904399474559,0.00357388646414104,-0.0110861290355804
0.21392816028108,0.287692212937717,-0.0381458733954861,0.10431789990451,0.00779140419122167,0.00279205383480087,-0.0109807941940296
0.163964611184118,0.256183579419253,-0.0374578258270383,0.0906864197479351,0.00762030117584289,0.00203384516745972,-0.0107439322535486
0.113571178158475,0.22638129744773,-0.0368354173667139,0.0763775756197261,0.00740388645163585,0.00132262223622329,-0.0103880615312607
0.0631557361572028,0.198392015981359,-0.0362748814949326,0.0616382328991885,0.0071526176957513,0.00067604369911334,-0.00992748089255424
0.0131162054423039,0.172233305765631,-0.0357700185716987,0.046717779889809,0.00687772453561019,0.00010547170356497,-0.00937721549689556
-0.0361879241346994,0.147848322550728,-0.035313330834967,0.0318453732394014,0.00658986909472726,-0.000383781036145378,-0.00875211849085986
-0.0844543074019845,0.125125245171517,-0.0348969963176182,0.0172144751247428,0.00629817264648988,-0.000791616656260955,-0.00806620515045774
-0.131446865442987,0.103917290154863,-0.034513591725183,0.00297492435221904,0.00600965473759208,-0.00112201364216263,-0.00733222710802484
-0.176997302876626,0.0840603798349463,-0.0341565398131465,-0.0107687067895876,0.00572904699436883,-0.00138182712952649,-0.00656144830828484
-0.221001321925023,0.0653868693819599,-0.0338203195632277,-0.0239542458682968,0.00545888779592659,-0.00157969104473818,-0.00576357001269947
-0.263411742267184,0.0477349784560724,-0.0335004909622986,-0.036556355087392,0.00519979879949694,-0.00172511250385582,-0.00494675530744455
-0.304230015882548,0.0309543777073265,-0.0331935963834573,-0.0485796985424421,0.00495085220276195,-0.00182778949362493,-0.00411771949622842
-0.343497027429622,0.0149088050529542,-0.0328969934772343,-0.0600518434433547,0.00470995900170955,-0.00189714571876301,-0.00328186827979599
-0.381283724966807,-0.000523328893677961,-0.0326086619857238,-0.071016530949115,0.00447423165997118,-0.00194205553531452,-0.00244347445997728
-0.417682055962599,-0.0154495255812155,-0.032327012317639,-0.0815276945982579,0.00424029605134765,-0.00197072129291086,-0.00160588405328376
-0.452796723749386,-0.0299644738597311,-0.0320507082888586,-0.0916444102460217,0.00400454352450303,-0.00199066209938751,-0.000771738617928234
-0.486738212834113,-0.0441515845791492,-0.0317785099476446,-0.101426835282438,0.00376332947169824,-0.00200877254001151,5.68041096176952e-05
-0.519617333273865,-0.0580847175185556,-0.0315091323701779,-0.110933033712382,0.00351312766879983,-0.00203141707039724,0.000877866011024216
-0.551541241469845,-0.0718299464249701,-0.0312411186191461,-0.120216513698719,0.00325065498020193,-0.002064532171631,0.00168967103866914
-0.582610663813589,-0.0854472872258731,-0.0309727254515302,-0.129324254907258,0.00297297876041933,-0.00211371708535713,0.00249039727260032
-0.612917936401802,-0.098992310904838,-0.0307018232980611,-0.13829501602942,0.00267761649857583,-0.00218430065876235,0.00327805651729098
-0.642545476427061,-0.112517569604537,-0.0304258148720988,-0.147157760563573,0.00236263360936054,-0.00228137649033082,0.00405039699204954
-0.671564369772848,-0.126073785045782,-0.0301415791589414,-0.155930099705506,0.00202674149149586,-0.00240980136079686,0.00480482453339995
-0.700032913771445,-0.139710692723919,-0.029845450100799,-0.164616754744336,0.00166939534303715,-0.00257415304304584,0.00553833968524959
-0.727994977429774,-0.15347760800951,-0.0295332379771906,-0.173208042103928,0.00129088568325744,-0.0027786456517943,0.00624748879298732
-0.755478205002272,-0.167423576030365,-0.029200306814722,-0.181678516865611,0.000892418004627798,-0.00302700093421266,0.00692833094926678
-0.782492295817649,-0.181597078025938,-0.0288417127945929,-0.189985996320991,0.000476169239430539,-0.00332227667187824,0.00757642469298038
-0.809027469152509,-0.196045311150273,-0.028452411326146,-0.198071144934998,4.5308743511941e-05,-0.00366665752212887,0.00818683918344174
-0.835053474154343,-0.210812995530565,-0.0280275317472654,-0.2058579261744,-0.000396029772845255,-0.00406121826913972,0.00875419716196739
-0.860519478454535,-0.225940730711883,-0.027562711643066,-0.213255193176562,-0.000842838635655558,-0.00450567649259442,0.00927275682459218
-0.885355176631783,-0.241462961475432,-0.027054472611496,-0.220159649311251,-0.00128939925694189,-0.00499815911860971,0.00973653865722215
-0.909473390373259,-0.257405674047186,-0.0265006081682505,-0.226460298036221,-0.001729522181271,-0.00553501423242944,0.0101395000988079
-0.932774287351863,-0.273784015928241,-0.0259005440577297,-0.232044320154706,-0.00215685917626788,-0.00611070383838614,0.0104757554964215
-0.955151128397817,-0.290600102816112,-0.025255624119826,-0.236804077775139,-0.00256527047159854,-0.00671781256928723,0.0107398314981384
-0.976497188845004,-0.307841325031978,-0.0245692739648853,-0.240644684123796,-0.00294921745488036,-0.00734719966151424,0.0109269398866755
-0.996713227381677,-0.325479471689791,-0.0238470030626013,-0.243491349744136,-0.00330414014279653,-0.00798830601727144,0.0110332427332856
-1.01571475914759,-0.343470934903901,-0.0230962187746672,-0.245295630386007,-0.00362677474798335,-0.00862960714292579,0.0110560806795805
-1.03343812969643,-0.361758121640445,-0.0223258613785489,-0.246039663468997,-0.00391536518259733,-0.00925917725528219,0.010994136609216
-1.0498447707111,-0.380272047497524,-0.0215458815253085,-0.245737819741262,-0.00416973973595579,-0.00986531111851558,0.0108475134151324
-1.06492304646604,-0.39893594833943,-0.0207666178190684,-0.244435451593641,-0.00439124014082217,-0.0104371369546274,0.0106177165451343
-1.0786876038151,-0.417669418500929,-0.0199981424763294,-0.242204968454698,-0.00458250932517089,-0.0109651547420462,0.0103075456226715
-1.09117642595471,-0.436392738287482,-0.0192496470815476,-0.239139753258125,-0.00474717013803884,-0.0114416466641597,0.00992091220197656
-1.10244615816593,-0.455030887185874,-0.0185289287794146,-0.235346779025497,-0.00488943665688347,-0.0118609283628441,0.00946260917839858
-1.11256641719099,-0.473516885906746,-0.017842018032979,-0.230938841816043,-0.0050137059095736,-0.0122194341996623,0.00893806044924041
-1.12161382452654,-0.491794235385233,-0.0171929649572621,-0.226027250323166,-0.00512417376980459,-0.0125156520134589,0.0083530771163623
-1.12966640293551,-0.509818369798664,-0.016583778803093,-0.22071560969764,-0.00522450869840756,-0.0127499386108896,0.00771364048860853
-1.13679879904473,-0.527557171689992,-0.0160144982317344,-0.215095080060199,-0.00531760400634884,-0.0129242549543065,0.00702572447579967
-1.14307859500065,-0.544990689208554,-0.0154833604223507,-0.20924124081554,-0.00540541651020408,-0.0130418603736477,0.00629516259622284
-1.14856379044632,-0.56211024204828,-0.0149870345824967,-0.203212492430238,-0.00548888900854208,-0.0131070001504727,0.00552755899355459
-1.15330139683432,-0.578917109114564,-0.0145208885699156,-0.19704979602451,-0.00556794695003039,-0.0131246129144191,0.00472823904586173
-1.15732699654223,-0.595420967539812,-0.0140792640915719,-0.19077748705375,-0.0056415560412838,-0.0131000755403676,0.00390223326525573
-1.16066507540383,-0.611638212248555,-0.0136557443872928,-0.184404889480662,-0.00570782679771744,-0.0130389950909029,0.00305428777727454
-1.16332992890358,-0.627590238644773,-0.0132434069167678,-0.17792848382619,-0.00576415334508139,-0.0129470505864732,0.00218889520617928
-1.16532695767857,-0.643301726336825,-0.0128350613079789,-0.171334429508341,-0.00580737628475649,-0.0128298822403441,0.00131034079434021
-1.16665419671578,-0.658798924584111,-0.0124234790495009,-0.164601295272276,-0.00583396240614497,-0.0126930221622486,0.000422759690106743
-1.1673039565194,-0.67410791311109,-0.0120016257572534,-0.157702901624245,-0.00584019688443569,-0.0125418581382124,-0.000469797660445556
-1.16726448801743,-0.689252796982069,-0.0115629090817435,-0.150611219573956,-0.00582238591375165,-0.0123816206174983,-0.00136329432089349
-1.16652161251213,-0.704253792210072,-0.0111014552566245,-0.143299296897302,-0.00577706918457127,-0.0122173822009583,-0.00225363170929128
-1.1650602815273,-0.719125170600452,-0.0106124247122462,-0.135744194334823,-0.00570124199566931,-0.0120540585310543,-0.00313657220134927
-1.1628660478812,-0.733873058464428,-0.0100923718668531,-0.127929908642525,-0.00559258592812626,-0.0118963994496226,-0.00400766147156522
-1.1599264381957,-0.74849312473727,-0.00953964597153299,-0.119850236884305,-0.005449704787345,-0.0117489596565869,-0.00486215323941155
-1.15623221818229,-0.762968249132204,-0.00895481869350701,-0.111511497523148,-0.00527235889292487,-0.011616039049773,-0.00569494024255183
-1.1517785355396,-0.777266327864514,-0.00834111031059652,-0.102934971043822,-0.0050616858469688,-0.0115015847620669,-0.0065004968814349
-1.14656591175933,-0.791338447741574,-0.00770477092418716,-0.0941588609571119,-0.00482038994496262,-0.0114090500476438,-0.00727284097974947
-1.14060103516587,-0.805117728495518,-0.00705535792026977,-0.0852395143521062,-0.00455287609225853,-0.011341210040424,-0.00800552419783858
-1.13389728610387,-0.818519182324364,-0.00640583915403311,-0.0762515939969529,-0.0042652986573149,-0.0112999413129383,-0.00869166232574261
-1.12647490629661,-0.831440947320831,-0.00577244735277944,-0.0672868812218051,-0.00396549294405708,-0.0112859810249532,-0.00932401720248638
-1.11836071532571,-0.843767193379745,-0.00517422009087005,-0.0584514340976626,-0.00366275922873107,-0.011298691507764,-0.00989514038011079
-1.10958728665391,-0.855372855152926,-0.00463218584641109,-0.0498609501358235,-0.00336747895703331,-0.0113358656617009,-0.0103975839574623
-1.10019153181092,-0.866130110748877,-0.00416820185120622,-0.0416343966746622,-0.00309056126271283,-0.0113936148368096,-0.0108241757776265
-1.09021270836793,-0.875916217083323,-0.00380351027571652,-0.0338862618268986,-0.00284274490464883,-0.0114663806336202,-0.0111683448900058
-1.07968996104093,-0.884621986102867,-0.00355714548410399,-0.0267180988358281,-0.00263381231279295,-0.0115471024676897,-0.0114244706319199
-1.06865961005382,-0.892159922712751,-0.00344438017289326,-0.0202103104093226,-0.00247180157793045,-0.0116275528677584,-0.0115882179855804
-1.05715249077871,-0.898470935384347,-0.00347542357280843,-0.0144152570167024,-0.00236231981248587,-0.0116988246342963,-0.0116568166612033
-1.04519168601147,-0.903528646602396,-0.0036545654001466,-0.00935269837572135,-0.00230805855914172,-0.0117519240213058,-0.0116292446567008
-1.03279101333638,-0.907340608852211,-0.00397990422009061,-0.00500830491469272,-0.00230859132348857,-0.011778400046082,-0.0115062881970489
-1.01995442730601,-0.909946366451035,-0.00444368137201956,-0.00133543842874462,-0.0023604794899887,-0.0117709291075303,-0.0112904712542769
-1.00667649834099,-0.911412621098198,-0.00503316786859188,0.00174003742693195,-0.00245767453171377,-0.0117237803957007,-0.0109858650788255
-0.992943786745472,-0.911826306776846,-0.00573194293142382,0.00431269271826465,-0.00259214139636989,-0.0116331108441134,-0.010597808789071
-0.978737006607137,-0.911286635977798,-0.006521374948376,0.00648921138220995,-0.00275462012133303,-0.011497065443265,-0.010132579299497
-0.964033549684286,-0.909897081221002,-0.0073821014211594,0.0083799030515221,-0.00293540963238696,-0.0113156950795395,-0.00959705229091069
-0.94881008906583,-0.907758153605047,-0.00829535103068324,0.0100909599055279,-0.00312508875232244,-0.0110907258857856,-0.00899838795549542
-0.93304495867738,-0.904961537368506,-0.00924400253159216,0.0117181105010334,-0.00331510847276065,-0.0108252294192776,-0.00834376522916703
-0.916720095543417,-0.901585843911527,-0.0102133352352913,0.0133420081084997,-0.00349822164553376,-0.0105232458231485,-0.00764017644234639
-0.89982242520205,-0.897693993850493,-0.011191475437364,0.0150254098970691,-0.00366874446347764,-0.0101894063444347,-0.00689428426834978
-0.882344656394962,-0.893332056854436,-0.0121695769309047,0.0168119948695267,-0.00382266507938573,-0.00982859064678884,-0.00611233576678621
-0.864285516501836,-0.888529281100159,-0.0131417911928335,0.0187265450116121,-0.00395762702711254,-0.00944564178066641,-0.00530012442650119
-0.845649500419888,-0.883299002437912,-0.0141050876474864,0.0207761645872636,-0.00407281962614808,-0.00904515041047111,-0.00446298994109243
-0.826446220670637,-0.877640213735453,-0.015058975144948,0.0229522369086751,-0.00416880615116247,-0.00863130827610919,-0.00360584563424228
-0.806689450105296,-0.871539437263602,-0.0160051768369344,0.0252328277091766,-0.00424731562683724,-0.00820783028084418,-0.00273322599597003
-0.786395938986213,-0.864972849054982,-0.0169472841188509,0.0275853537174262,-0.00431101792279762,-0.00777793254634302,-0.00184934733837534
-0.765584068619814,-0.857908473502785,-0.0178904149301888,0.0299693656145406,-0.00436329451927934,-0.0073443580322988,-0.000958177418829282
-0.744272392988591,-0.850308396109844,-0.0188408867924105,0.0323393672234591,-0.0044080115403491,-0.00690943818088694,-6.35109365011684e-05
-0.722478108634104,-0.842130972497043,-0.0198059070596386,0.0346476376318827,-0.00444929659175863,-0.00647517966395118,0.000830951032716065
-0.700215489864867,-0.833333043929422,-0.0207932759576635,0.036847054965665,-0.00449131731752516,-0.00604336580803229,0.00172151891188196
-0.677494331642842,-0.823872189716744,-0.0218110928338248,0.0388939357957638,-0.00453805742289077,-0.00561566274899419,0.00260443076750584
-0.654318457275317,-0.813709054240916,-0.0228674526037237,0.0407509016272439,-0.0045930852693123,-0.00519372063929916,0.00347576776648393
-0.630684372479305,-0.802809780276754,-0.0239701177534845,0.0423897629102682,-0.00465931112423078,-0.00477926024805298,0.0043313704517554
-0.606580179607588,-0.791148559340881,-0.0251261517636895,0.0437943714515978,-0.0047387318808898,-0.00437413513186943,0.00516675823103721
-0.581984902845117,-0.778710272997939,-0.0263415029813263,0.0449633349774255,-0.00483216669075874,-0.00398035945531862,0.00597705579706532
-0.55686841067734,-0.765493145766434,-0.0276205345186915,0.0459124162361522,-0.00493899351860303,-0.00360009189652259,0.00675693194317488
-0.531192145471388,-0.751511261422774,-0.0289655065158402,0.0466763606311804,-0.0050569049237211,-0.00323556742917144,0.00750055830240711
-0.504910868327877,-0.736796714927353,-0.0303760325512924,0.0473098235964389,-0.00518171067608554,-0.00288897179143033,0.00820159761117793
-0.477975583252994,-0.721401104490484,-0.0318485515827125,0.0478870240694115,-0.00530722397842127,-0.00256225820113094,0.00885323275030199
-0.450337699208919,-0.705395924460171,-0.0333758809583453,0.048499735363966,-0.00542527237728828,-0.00225691702207975,0.00944824783865239
-0.421954323521865,-0.688871589151806,-0.0349469323740232,0.0492533481138873,-0.00552587860349751,-0.0019737112897488,0.00997917167426756
-0.392794348065955,-0.671934608050711,-0.0365466910328713,0.0502608622701108,-0.00559764209354791,-0.00171241299249875,0.0104384879704245
-0.362844729939223,-0.654702758538838,-0.0381565497404387,0.0516349896236633,-0.00562833445926295,-0.00147157699740351,0.0108189096251426
-0.332116143067133,-0.637298274860226,-0.0397550628266999,0.0534788894993356,-0.00560568809263216,-0.00124839780290598,0.0111137030595073
-0.300647054441191,-0.61983940889773,-0.0413191284881908,0.0558764299925597,-0.0055183170177291,-0.00103869085529627,0.0113170367485001
-0.268505360053349,-0.602431143530918,-0.0428255294198256,0.0588831680557368,-0.00535667178975738,-0.000837025126087479,0.0114243177644592
-0.235786969930557,-0.585156006522538,-0.0442526758850781,0.0625192998354529,-0.00511390062525215,-0.000637013713156882,0.0114324748134442
-0.202611191602479,-0.56806626470058,-0.0455823330926306,0.0667657322096327,-0.00478649138635747,-0.000431735463638441,0.0113401484185197
-0.169113424843364,-0.551178621029903,-0.046801076373008,0.0715639693032926,-0.00437459185647093,-0.000214235484236213,0.0111477596727169
-0.135436032036057,-0.534472159195086,-0.0479012598822901,0.076819915127185,-0.00388195631982589,2.19650590392853e-05,0.0108574463185558
-0.101718662404507,-0.517889847935867,-0.0488813571620786,0.0824110680982418,-0.00331553075116052,0.000282423921330399,0.0104728752080988
-0.0680892935036311,-0.501343302544994,-0.0497456476830388,0.0881960648194356,-0.00268474710234745,0.000571457394036376,0.00999895831592236
-0.0346570198271608,-0.484720016240819,-0.0505033363038758,0.0940252616320755,-0.00200063726404203,0.00089197901140235,0.00944151132398318
-0.00150720423857785,-0.467891979065378,-0.0511672771548386,0.0997510528916709,-0.00127489055939356,0.00124550152196806,0.00880689733105228
0.0313008513268548,-0.450724548927075,-0.0517525123409337,0.1052368715457,-0.000518966325336339,0.00163227909187063,0.00810169405472869
0.063733947588674,-0.433084601962264,-0.0522748280569726,0.110364201617037,0.000256656772739384,0.00205154807736281,0.00733241359295575
0.0957832188602476,-0.41484729324833,-0.0527494881079048,0.11503734198813,0.00104304974381075,0.002501816525256,0.00650529283063635
0.127461116346966,-0.395901114101577,-0.0531902453278917,0.119186007712994,0.00183320949763221,0.00298115344685115,0.00562616293032125
0.158797659219138,-0.37615126306842,-0.053608671892537,0.12276608884438,0.00262225599605645,0.00348743555078827,0.00470039993643522
0.189836335386478,-0.355521603364885,-0.0540138017892576,0.125758994048289,0.00340747736482272,0.0040185178973778,0.00373295584479424
0.220629871087101,-0.333955629190155,-0.0544120483715784,0.128169996571666,0.00418825234985339,0.00457230320397556,0.00272846969816187
0.251235948781197,-0.311416884972231,-0.0548073475276618,0.130025889376161,0.00496587277454248,0.00514669128610996,0.00169145950750956
0.281712884777301,-0.287889148085692,-0.0552014797896322,0.131372057367319,0.00574327529488541,0.00573939635001917,0.000626595441356742
0.312115310962342,-0.263376374534691,-0.055594537653419,0.132268799052357,0.00652467428847747,0.00634762829430614,-0.000460949694137347
0.342490029389068,-0.237901936218789,-0.0559855201915178,0.132786405055733,0.00731506915792965,0.00696764853143739,-0.00156508600584495
0.372872348583704,-0.21150616629513,-0.0563730461306881,0.132998197884095,0.0081195838131841,0.00759423409644267,-0.00267835305537018
0.403283241114149,-0.184240916814172,-0.0567561687025083,0.132970588953169,0.00894258976357439,0.00822011653146952,-0.00379146037920398
0.433727498542574,-0.156159999415002,-0.0571352445192335,0.132749390733737,0.00978657594891015,0.00883550178587373,-0.0048928545676737
0.464192768850888,-0.127305173146135,-0.0575127572802056,0.132342292632883,0.0106507695493052,0.00942781932445924,-0.00596833951694444
0.494649167209087,-0.0976886792668754,-0.0578939382423574,0.131698649987282,0.011529594283191,0.00998188476624471,-0.0070007775577478
0.525049284186959,-0.0672749647920088,-0.0582869786063213,0.13068951353544,0.0124111822715201,0.0104806748663797,-0.00796992239020303
0.555328930513368,-0.0359659265596745,-0.0587026177818963,0.129092936078418,0.013276321314686,0.0109068774761713,-0.00885248522434841
0.585409655810576,-0.00359542017294484,-0.0591529450357928,0.1265914937731,0.0140983751793015,0.0112452523646344,-0.00962259807108444
0.615204564626969,0.0300607392218184,-0.0596494031160637,0.122789569286142,0.0148447634227016,0.0114855913265097,-0.0102528736368705
0.644628726157927,0.065254611136249,-0.0602002461096435,0.117255687025189,0.0154803927164814,0.0116257195749098,-0.0107162121442985
0.673614105390042,0.102215811925806,-0.0608080318375819,0.109588762214617,0.0159728896189852,0.0116736556761919,-0.0109883209638905
0.702126463413673,0.141088741470171,-0.0614679721740709,0.099497101551175,0.0162986639005588,0.0116479644196089,-0.0110506024171312
0.730179029833444,0.181873068851097,-0.0621679102077449,0.0868692882387122,0.0164480847842195,0.0115757050979532,-0.0108927495166307
0.75783674432679,0.224386684562279,-0.0628902208100819,0.0718130775315538,0.0164279129758362,0.0114881874109965,-0.0105142789655059
0.785207011073993,0.268265340949309,-0.063615189936977,0.0546465932031654,0.0162599185481272,0.0114156440621268,-0.00992448108387584
0.812417801037485,0.313000702688793,-0.0643248190357745,0.0358430890252728,0.0159760438465919,0.0113823839405174,-0.00914080836111842
0.839588941793434,0.358004962084689,-0.065005888938255,0.0159473049390081,0.0156117449057259,0.0114037090265491,-0.0081862643551721
0.86680458557328,0.402682862193335,-0.0656515260380498,-0.00451104503533724,0.0151995655625989,0.0114850600636972,-0.00708659629634718
0.894093217336799,0.446493598929246,-0.0662611307909203,-0.0250851563163817,0.0147644938092103,0.0116230098599159,-0.00586796759679038
0.921417697188887,0.48899264192439,-0.0668389972752927,-0.045449644387903,0.0143217078094273,0.0118072563606591,-0.00455545337563631
0.948674098804469,0.529851819438633,-0.0673921186340511,-0.0654095541314891,0.013876505060056,0.0120227570046294,-0.00317238286445023
0.975695991511305,0.568861450501889,-0.0679276012744871,-0.0848860764563384,0.0134257999529155,0.0122514200466699,-0.00174036918977036
1.00226047173506,0.605920055580472,-0.06844995367044,-0.103886803795655,0.0129605399629466,0.0124731131412112,-0.000279820409389793
1.02809307993384,0.641016245924958,-0.0689584023646576,-0.122466968194621,0.0124685544902897,0.0126660349959187,0.00118924409517349
1.0528700905197,0.674205301433543,-0.0694443876332899,-0.140685786743123,0.0119375451818417,0.0128066904341554,0.0026462017103303
1.07621817748488,0.705581006334908,-0.0698895230046988,-0.158560384806103,0.0113580473836897,0.0128698343286567,0.00406876536671227
1.09771308518253,0.735242485598006,-0.0702645434459333,-0.176019764751541,0.0107261937037029,0.0128288324580362,0.00543197588698328
1.11688074273249,0.76325674008132,-0.0705300403138851,-0.19286338172295,0.0100459918646003,0.0126569242868138,0.00670743305252489
1.1332061281524,0.789620558750383,-0.0706399307170088,-0.208732825284291,0.00933063523899457,0.0123298087733986,0.00786304890169114
1.14615636299731,0.814229858566758,-0.0705483860764284,-0.223109404589014,0.00860220425350797,0.0118297035816663,0.00886370063220133
1.15522330688189,0.836868168661104,-0.0702200761107178,-0.235351792544518,0.00788917134497076,0.0111504514603444,0.00967315805234083
1.1599851938072,0.857225404337763,-0.0696419990698483,-0.24478164062601,0.0072215883300604,0.0103024166650292,0.0102574313401239
1.16017617426721,0.874950112404443,-0.0688333552423874,-0.250808329986993,0.00662474985946973,0.00931519942565912,0.0105891556061782
1.15574125022813,0.889723912463259,-0.0678490749144375,-0.253061100565475,0.00611314414291178,0.00823624693284074,0.0106519497957503
1.14685095595927,0.901333366951259,-0.0667740168834096,-0.251481641920411,0.00568691397709912,0.00712470372857991,0.0104432944922512
1.13386217707431,0.909712342451397,-0.0657085214695876,-0.246338181212873,0.00533229992445192,0.00604190741903667,0.00997481107958227
1.11723456358399,0.914940890279165,-0.0647499521285212,-0.23815401012684,0.00502587751112074,0.00504151725008063,0.00926985520204865
1.09743127443874,0.91720668477475,-0.0639764527801184,-0.227580049393114,0.00474086514233264,0.00416225928528384,0.00835942000110831
1.07483571565831,0.916748902874736,-0.0634374651975737,-0.215259001769281,0.00445328925630537,0.00342479979400938,0.00727778769315766
1.04970327338312,0.91380559343804,-0.0631520896790359,-0.201720792080501,0.00414639403078129,0.00283244841511805,0.00605904766800079
1.02214981252048,0.908577685560968,-0.0631134023429821,-0.187326862026042,0.00381272675886358,0.00237427594923695,0.00473493534762822
0.992167026194898,0.901213329703361,-0.0632955775477248,-0.172260395659557,0.00345417043300887,0.00202905605907113,0.00333390640625228
0.959651581622969,0.891810026828876,-0.0636609491070822,-0.156548963880192,0.00308058113992208,0.00176886553678854,0.00188112548797803
0.924437940138904,0.880429628231541,-0.0641652158463793,-0.140104968016154,0.00270769231434429,0.00156177181164767,0.000399045759975156
0.88632994083272,0.867121300407499,-0.0647601927747452,-0.122773379812772,0.00235475014507349,0.0013735433709718,-0.00109165457410916
0.845131038222302,0.851948290261698,-0.0653944956709345,-0.104381576538865,0.00204210058431968,0.00116866571895526,-0.00257092496085647
0.800676172924028,0.835014724698688,-0.0660132418569135,-0.0847900560139353,0.00178876134760743,0.000911152794426908,-0.00401808011324127
0.752869096356031,0.816488267324516,-0.0665582688807441,-0.0639442607534038,0.00160994191041318,0.000565747319677313,-0.00541051008688915
0.701727196394237,0.796613270629106,-0.0669705042013922,-0.0419261199031736,0.00151454995992165,0.000100108058357823,-0.00672248655070026
0.647431097030872,0.7757076961266,-0.0671958500169625,-0.0189992162263937,0.0015029430952321,-0.000511562464949252,-0.00792427781015246
0.590368623825306,0.75413686290286,-0.0671950617799122,0.00436534612967042,0.00156550157772436,-0.00128339132526598,-0.00898192488541639
0.531153956434472,0.73226014081555,-0.0669564058613721,0.0275012853846017,0.00168287950696693,-0.00221189387384961,-0.00985816955764765
0.47059799579542,0.710355126483356,-0.0665075488474957,0.049615957634291,0.00182879114668686,-0.00327093213070788,-0.0105150166330194
0.409613162675244,0.688537312190661,-0.0659211372051126,0.0699197532355569,0.00197560513666016,-0.0044101657693364,-0.0109180436709665
0.349060496658875,0.666705818555572,-0.065308704316848,0.0877913270565875,0.00210176052623036,-0.0055594507057859,-0.0110417567419966
0.289581895985802,0.644546099754903,-0.0648013835145326,0.102923346334622,0.00219858868963941,-0.00663974572425123,-0.0108743678767445
0.23148223238606,0.621600735405127,-0.064522377325067,0.115386143646404,0.00227362038491963,-0.0075779013308047,-0.0104200927008747
0.174711776114226,0.597387151575489,-0.0645610716300622,0.125577986513375,0.00234869335572285,-0.00832026616113073,-0.00969795625251702
0.11895261976079,0.571518364377783,-0.0649580418649137,0.134084245996722,0.00245360462078268,-0.00884040348031597,-0.0087377008326809
0.0637662817016503,0.543786056396787,-0.0657043232966908,0.141505754002033,0.00261798816690935,-0.00913923215640527,-0.00757455927500899
0.00874377528467978,0.514189176477965,-0.0667517121895615,0.148316367866485,0.00286432078582734,-0.00923931710450999,-0.00624468168633875
-0.0463843273863401,0.482916467539562,-0.0680276295570253,0.154781486658819,0.00320374285952895,-0.00917671965292168,-0.00478219420591585
-0.101692155840395,0.45030378916367,-0.0694487985158747,0.160938469991359,0.00363488233977388,-0.00899346990391584,-0.00321799142896469
-0.157050261872216,0.416785890584399,-0.0709307208551889,0.166622911700407,0.00414495758014031,-0.00873235391909707,-0.00157988563243442
-0.212149867661433,0.382853901286893,-0.0723926716308912,0.171522579503074,0.00471226325847667,-0.00843436817091292,0.000106341046452919
-0.266546580035638,0.34902048009101,-0.0737597373267184,0.175246909646771,0.00530943909633023,-0.0081383338569513,0.001815313360411
-0.319716750857117,0.315787503365619,-0.0749642459778797,0.177407411488222,0.00590734991761524,-0.00788174426780108,0.00352005500647372
-0.371125796084734,0.283607542849095,-0.075948971198022,0.177708596916025,0.00647972479330976,-0.00770172925176191,0.00518970320479656
-0.42031051369178,0.25283112526075,-0.0766737771208573,0.17604713612616,0.00700873982457814,-0.00763490655047401,0.00678708994567125
-0.466973646072129,0.223638531244075,-0.0771257196413557,0.172606886727674,0.0074913234946317,-0.00771486105703354,0.00826655086363044
-0.511075799654302,0.195969083254696,-0.0773298975099879,0.167919662971129,0.00794498385516346,-0.00796629174922106,0.00957278554626932
-0.55288832730773,0.169479839243409,-0.0773551702162491,0.162843293615463,0.00841051609732735,-0.00839595721399137,0.0106422168462745
-0.592953236385846,0.143577049930525,-0.0773073895649396,0.158408684876242,0.00894788470377684,-0.008982802336333,0.0114085620108591
-0.631910172257368,0.117546412978038,-0.0773062971876533,0.155531978927332,0.00962271007822627,-0.00967242269001025,0.0118132419901776
-0.670218830424836,0.0907519992957481,-0.07745170186245,0.154678772855307,0.0104856128095282,-0.0103818173048457,0.011818300368478
-0.707898998563192,0.0628110268374222,-0.077794253677578,0.155645459805158,0.0115531338271657,-0.0110163004888901,0.0114163442648235
-0.744440140883486,0.0336472810069891,-0.0783261419292756,0.15759454102143,0.0128008115013544,-0.0114926501885996,0.0106321594630482
-0.778941798898909,0.00340181088480055,-0.0789948925780242,0.159334595306435,0.0141724216413236,-0.0117576993532729,0.00951525020347093
-0.810406061366139,-0.0277296959222106,-0.0797296784306231,0.159692500430129,0.0155995288610229,-0.0117947224889488,0.00812774637126384
-0.838037601845347,-0.0596358930946958,-0.0804657371985803,0.157805636261384,0.0170211257456659,-0.0116179328392678,0.00653338926548023
-0.861445517189906,-0.0923471880615419,-0.0811585212323678,0.153249810444655,0.0183962124837226,-0.0112610181638475,0.00479078025239949
-0.880717504172012,-0.126008520288145,-0.0817871282702346,0.146015812500601,0.019707734350344,-0.0107660087029315,0.00295104438914011
-0.896387439984775,-0.160797906168024,-0.0823508551448876,0.136392534533229,0.0209597814612923,-0.0101760387647998,0.00105861230363305
-0.909330261948052,-0.196829819482638,-0.082863120805841,0.124812032243575,0.0221705926596413,-0.00953263619785555,-0.00084621082234671
-0.920610367522004,-0.234077572124489,-0.083345511465258,0.111691318275858,0.0233630632358443,-0.00887627838692096,-0.00272378133432089
-0.931299535410082,-0.272339369750607,-0.0838229293128282,0.0972895577063306,0.0245535780892825,-0.00824800850014972,-0.00453135214184187
-0.942278147825034,-0.311261270657415,-0.0843194816249452,0.0815969761473704,0.0257399551670859,-0.00768955916314023,-0.00621963595045289
-0.954044101508763,-0.350414836360213,-0.0848540433290523,0.0642824119397583,0.0268904412648922,-0.0072396760591717,-0.00773068213578641
-0.966575583319328,-0.389405115366655,-0.0854345707259989,0.0447395360608577,0.0279377322202601,-0.00692563244320266,-0.0089985462516767
-0.979312540081071,-0.427959626153008,-0.0860515632230811,0.0222657554659471,0.0287833960577619,-0.00675173881942021,-0.0099543372517858
-0.991307466491659,-0.465939146123649,-0.0866734456712574,-0.00364096330266934,0.0293162006146455,-0.00669026775901782,-0.0105361023765917
-1.00152436133476,-0.50324173923723,-0.0872484702885227,-0.0329685077686489,0.0294410316878764,-0.00668180905788198,-0.0107013228941488
-1.00916160119406,-0.539643073165403,-0.0877161443216562,-0.0650218643882934,0.0291065846122397,-0.00664842287871627,-0.0104370481353579
-1.01382977014319,-0.574677552826545,-0.0880252979799285,-0.0985125386833677,0.0283178467739545,-0.00651502628261245,-0.00976276589306381
-1.01549666305979,-0.607652033419152,-0.0881499559596011,-0.131869807107342,0.0271278557873589,-0.00622871321884485,-0.00872488788025301
-1.01426356997649,-0.637799008645689,-0.0880941964339723,-0.163610380071461,0.0256156947604204,-0.00576756411110138,-0.00738618915143532
-1.01012893264603,-0.664491880553954,-0.0878837279343963,-0.192602966690174,0.0238634509048857,-0.00513775377746866,-0.00581508643735356
-1.00286734450464,-0.687421649501618,-0.0875493525022016,-0.218162746195785,0.021941236706306,-0.00436383919007814,-0.00407806635234897
-0.992056860623545,-0.706668811429518,-0.0871106289060953,-0.240008189631076,0.0199022203551716,-0.00347843875786101,-0.00223614964079074
-0.977208165559959,-0.722656500468139,-0.0865665530465773,-0.258151319630659,0.0177849000836702,-0.00251529740088004,-0.000344696984303874
-0.957921537296024,-0.736009149617371,-0.0858966467045547,-0.272780211289835,0.0156189404425201,-0.00150670407600497,0.00154468564032119
-0.934009839020865,-0.747357410294759,-0.0850727387079292,-0.284161879589052,0.013432043960624,-0.000484046593706358,0.00338137406414148
-0.905551647167051,-0.757133419092566,-0.0840792810235915,-0.292568692655965,0.0112565882462521,0.000520732217147836,0.0051131492447655
-0.872861931499707,-0.765402142698406,-0.0829374336859639,-0.298220894265372,0.00913513293021104,0.00147509818569129,0.00668472616278871
-0.836387184863701,-0.771778144422854,-0.08172493945188,-0.301240836231496,0.00712339689712993,0.00234892400631489,0.00803817542876731
-0.796553375238362,-0.775474130617422,-0.0805813206957592,-0.301625641984827,0.0052886534635882,0.00312063235993174,0.00911583350165204
-0.753619166723182,-0.775501380067508,-0.0796893998320305,-0.299255390556818,0.00370185047946645,0.00378452575140759,0.00986582863433825
-0.707599935946436,-0.770983504185048,-0.0792325041147028,-0.293951985471997,0.00242402443777314,0.00435563376096408,0.010249425170624
-0.658308131026082,-0.76147381377991,-0.0793404200489966,-0.285582125102786,0.00149117998184096,0.0048684943813349,0.0102481812150144
-0.605497511825666,-0.747135057682359,-0.0800478900669591,-0.274165395886355,0.000904232281498697,0.00536893007090902,0.00986817403464028
-0.549036779030598,-0.728693346261767,-0.0812869840475611,-0.259933306711995,0.000629152639510241,0.00590180873627801,0.00913920666475021
-0.489023349092004,-0.707195523551165,-0.0829175686998221,-0.243308284964008,0.000607331938942299,0.00650010208443079,0.0081090365724474
-0.425793736931546,-0.68369639743752,-0.0847800602027114,-0.224818458439983,0.000771089116333715,0.00717937629481107,0.00683493142195956
-0.359850820154614,-0.659010670586106,-0.0867462577687611,-0.20499539356491,0.00105784441292955,0.00793831756300084,0.00537563950863435
-0.291760637119293,-0.633597722872198,-0.0887506338690843,-0.1842974541299,0.0014188499700684,0.00876290702514919,0.00378589867413544
-0.222062925390598,-0.607571415862673,-0.0907973542688526,-0.163075222470278,0.00182183414473208,0.00963113216688985,0.00211401057848472
-0.151213855642574,-0.580788532289789,-0.0929477735830136,-0.141572063109363,0.00224912269782636,0.0105161986998645,0.000401898146534778
-0.0795595612932652,-0.552969968099013,-0.0952959821923048,-0.119943714241059,0.00269327411705878,0.0113877521003048,-0.00131327589418636
-0.00733231452649321,-0.523826814319923,-0.0979384574973854,-0.0982829844156352,0.00315174551237466,0.012211761544636,-0.00299672868939162
0.0653363852382421,-0.49317965635126,-0.100941604734145,-0.0766422579692893,0.00362144909477492,0.0129502991681509,-0.004613493525794
0.138386388921008,-0.461064943469169,-0.10431039101243,-0.0550527443761458,0.00409376494221057,0.0135626136179176,-0.00612613172508406
0.211780778983743,-0.427816531505055,-0.107963126485145,-0.0335432069951257,0.00455077056806633,0.0140087282918731,-0.00749321924428757
0.285439059382889,-0.394098219340811,-0.111720811825725,-0.0121615647630765,0.0049639528956089,0.0142561612970996,-0.00866926394917112
0.359160468931069,-0.360854250011872,-0.115321566695382,0.00900005134833003,0.00529698354742576,0.0142890434816722,-0.00960680905938703
0.432559073531622,-0.329154059549214,-0.118467103287333,0.0297818991149645,0.00551350314595596,0.0141169812570285,-0.0102611884816278
0.505041122325304,-0.299946627381234,-0.120895732835944,0.0499455730151523,0.00558874068514561,0.0137793728557141,-0.0105974137336286
0.575848336636055,-0.273799016979988,-0.122458421942734,0.0691860209346161,0.00552084740742944,0.0133412368940698,-0.0105971987518004
0.644163543670635,-0.25073154239571,-0.123163954091453,0.0871682179710942,0.00533630915396362,0.0128800351700854,-0.0102632209438441
0.709240952443661,-0.230232629498907,-0.123169718064425,0.10357606046594,0.00508589645534782,0.0124679308999054,-0.00961855055255838
0.770508369746151,-0.211445518737268,-0.122722960004755,0.118153275245445,0.00483256683524551,0.0121566283140702,-0.00870155662527084
0.827605764951895,-0.193433662461127,-0.122082225082295,0.130721748079429,0.00463680040794362,0.0119700574110923,-0.00755872136603636
0.880359306997213,-0.175413580611729,-0.121452193946872,0.141176739022238,0.00454508649608563,0.011905482915108,-0.00623813477324517
0.928716727479404,-0.156889222440308,-0.120949891548686,0.149469876714772,0.00458438535898028,0.0119398827374932,-0.00478524651616441
0.972676246069553,-0.137681737202456,-0.120601940477085,0.155593512533576,0.00476216474306179,0.0120375754590028,-0.00324103135784822
1.01223244688759,-0.117884848420181,-0.120362374648646,0.159575781466074,0.00506994194547671,0.0121563475690511,-0.00164194984384573
1.047349445304,-0.0977828704264045,-0.120139488693053,0.161489303155986,0.00548821088955635,0.0122511339210211,-2.09672455132515e-05
1.07796168071697,-0.0777583221992867,-0.119823887886931,0.161470874724701,0.00599137275759412,0.0122756443115779,0.00159093572562833
1.10399740160474,-0.0582025265700311,-0.119314093887833,0.159745261182539,0.00655207391549699,0.0121830086021972,0.00316315319997233
1.12541778166226,-0.0394332727081571,-0.118538586176497,0.156642767345026,0.00714483435036966,0.0119267046053025,0.00466405994549938
1.14226321969564,-0.0216212324359168,-0.117473560438027,0.152597781605461,0.00774897083380062,0.0114629054992624,0.00606014770097122
1.15469613704075,-0.00473080306561021,-0.116154515344173,0.148115544602901,0.00835067847802005,0.0107549605185448,0.00731602475879375
1.16302673234307,0.0115117520367065,-0.114678251540713,0.143699937751542,0.00894390144690379,0.0097799308926469,0.00839556556152257
1.16770725647157,0.0276054036935402,-0.113191643225787,0.139748377725088,0.00952951372761383,0.00853595649514196,0.00926430490765905
1.16928546682523,0.0442042618259599,-0.11186610380423,0.136438935724232,0.0101125543698775,0.00704806183641259,0.00989279948436599
1.16832132451209,0.0619958323208674,-0.110862037137605,0.133650492250622,0.0106978893845521,0.00536953813579798,0.0102602235754455
1.16528898611358,0.0815578342144341,-0.110293273629409,0.13095588764577,0.0112854768210458,0.003576974270744,0.0103571728483781
1.1604982565966,0.103239516338644,-0.110203486293499,0.127703876884269,0.0118668866339051,0.00175932715129502,0.0101867783607818
1.15406561509053,0.127106476995321,-0.110562459443039,0.123167943508119,0.0124244310048092,3.98338227843823e-06,0.00976380609435624
1.14594452037821,0.152960120631543,-0.111281773721386,0.116711132862634,0.0129332446914772,-0.00161599908551523,0.00911213251767672
1.1359998170173,0.18041159310849,-0.112242047546512,0.107913535049765,0.0133654989750231,-0.00305008303694794,0.00826144105895397
1.1240960418577,0.208973684396189,-0.113321326241647,0.0966313603999263,0.0136952845251456,-0.00427264823171467,0.0072440029215704
1.11017011405565,0.238137980943708,-0.114416664484205,0.0829870164469778,0.0139027866267228,-0.00528050571937593,0.00609211987619699
1.09427073570428,0.267420493534144,-0.115455650081757,0.067311487869181,0.0139769540236803,-0.00608760820579586,0.00483646071787018
1.07656107509703,0.29637557923779,-0.116398669145918,0.0500671759518346,0.0139165115594004,-0.00671908764758058,0.00350527201827536
1.05729143559109,0.32458825212625,-0.117234758967134,0.0317743996070806,0.0137295965937313,-0.00720611541736287,0.0021243126870602
1.03675265726008,0.35165801646424,-0.117974084952654,0.0129548400292996,0.0134324408388449,-0.00758226435727139,0.00071731254316231
1.01522041159408,0.377185670529206,-0.118639241824128,-0.00590417344330796,0.0130474554198758,-0.00788138195404977,-0.000693251465164375
0.992898088444884,0.400771054542521,-0.119256529064358,-0.0243669693116921,0.0126009352419994,-0.00813656827804887,-0.00208525337542456
0.969864054834471,0.422026177255582,-0.119847593231096,-0.0420539661329054,0.012120483292443,-0.00837966588047648,-0.00343605869113669
0.946028944879934,0.440604841323072,-0.120421570100443,-0.0586395117844075,0.0116322256408019,-0.00864064901493292,-0.00472185087947807
0.921110207695385,0.456246248586091,-0.120968096002886,-0.0738487286476931,0.0111579608351842,-0.00894640674594191,-0.00591727144709669
0.894633028568844,0.468825604425501,-0.12145214427464,-0.087457385816464,0.0107125423892145,-0.00931864625962682,-0.00699549786566797
0.865966689645136,0.478399824316601,-0.12181229065033,-0.0992965028335723,0.0103019689848337,-0.0097710087374403,-0.00792888502672691
0.834401028688489,0.485232784540131,-0.12196428046116,-0.109260465125916,0.00992275091232624,-0.010305960162496,-0.00869027300931729
0.799257611217518,0.489784967046648,-0.121811155990021,-0.117314487290338,0.00956300955097813,-0.0109124658110741,-0.00925497014897665
0.760016185400254,0.492659414342215,-0.12125941676526,-0.123495583993885,0.00920537084498662,-0.0115656413820799,-0.00960322239955336
0.716424645849005,0.494509631886926,-0.120238086171825,-0.127902291488763,0.00883109972478275,-0.0122292421912735,-0.00972271357342956
0.668558337150844,0.495930820797596,-0.118715360741636,-0.130672608177852,0.0084243545740999,-0.0128609515552862,-0.00961044246064976
0.616807484439045,0.497365282062561,-0.116707290879313,-0.131955164743081,0.00797527625990821,-0.0134192941288698,-0.00927336624284381
0.561796345147433,0.499049231069116,-0.114275389875923,-0.131882145423078,0.00748105059187376,-0.0138702519995062,-0.00872754671976149
0.504261874699979,0.501012351356417,-0.111514145843225,-0.130551632031512,0.00694490567485888,-0.014191778770517,-0.0079960368238383
0.444930318930209,0.503121944290954,-0.108532885143575,-0.128022552821774,0.00637376282451971,-0.0143753181854445,-0.00710612766812093
0.384423426701917,0.505150719398527,-0.105437577170904,-0.124320350595654,0.00577556910899671,-0.0144245736206145,-0.00608665879550638
0.323208869295114,0.506845587641205,-0.102316917623287,-0.119448607064789,0.0051571584412418,-0.0143525465122757,-0.00496590364097247
0.261592604947083,0.507981577279477,-0.0992346331220118,-0.11340185681214,0.00452305612005699,-0.0141780319700076,-0.00377024467766643
0.199741123093176,0.508394351268908,-0.0962277976515087,-0.106176607553465,0.00387523884005219,-0.0139224749637707,-0.00252360494973522
0.137719504928502,0.50799221323434,-0.0933097434157586,-0.0977796590485871,0.00321363462483391,-0.0136076417286812,-0.00124746983333362
0.075534147786542,0.506752316511301,-0.0904758656735451,-0.0882342386205428,0.00253709322854762,-0.0132541717608055,3.86996015422529e-05
0.0131734008491456,0.504706584452297,-0.0877108872528137,-0.0775850026062288,0.00184460254277756,-0.0128808350167639,0.00131683752042263
-0.0493570116554724,0.501921958233653,-0.0849965703955732,-0.065902754470997,0.00113659314587038,-0.0125042188795677,0.00256956641445517
-0.112004939937462,0.498478237487418,-0.082319183628329,-0.0532890768301821,0.00041621285730153,-0.0121385661270108,0.00377951998362715
-0.174649940056764,0.494445748243653,-0.0796761443075191,-0.0398802185000459,-0.000309551195149064,-0.0117955386752499,0.00492878923404891
-0.237090110542574,0.489864699544525,-0.0770811786578499,-0.0258487508006424,-0.00102906674113384,-0.0114837703505341,0.00599858528020015
-0.299040132741694,0.484728359474959,-0.0745671769022249,-0.0114009806298693,-0.00172578190346833,-0.0112081873876372,0.00696921710826289
-0.360143318311262,0.478972776656674,-0.0721858461381806,0.00323178677693762,-0.00237871552748788,-0.0109692103379593,0.00782047539279947
-0.419999229583125,0.472476112060527,-0.0700034808688388,0.0178090016923068,-0.00296388027197026,-0.0107620831047712,0.00853247401662392
-0.478205233946216,0.465070007489351,-0.0680928264303163,0.0321024866904876,-0.00345662288180867,-0.0105766579458072,0.00908691498285836
-0.534405749102513,0.456563278302559,-0.0665220647648989,0.0459202560785363,-0.00383458285073932,-0.0103979409626943,0.00946861766103377
-0.588338725276409,0.446774752116199,-0.0653430855208183,0.0591269594729308,-0.00408068370226288,-0.0102075355220118,0.00966703005720009
-0.639867526085588,0.435568462217892,-0.0645818793998507,0.0716552589606596,-0.00418542945849242,-0.00998584240232728,0.0096773809128127
-0.688989403483432,0.42288247520655,-0.0642336253952001,0.08350467221048,-0.00414789912901201,-0.00971459409924686,0.00950118644332877
-0.735818545213931,0.40874378118671,-0.0642637741750963,0.0947282158066224,-0.00397520259882834,-0.00937915358265294,0.00914599037258231
-0.780549298303473,0.393265759539289,-0.0646146417554758,0.105410824209548,-0.00368062454925085,-0.00897007351359061,0.00862442484266398
-0.823410229796508,0.37662997465452,-0.0652155002988046,0.115645372954253,-0.00328102899624738,-0.0084836566840783,0.00795284308964803
-0.864620385182716,0.359058145963514,-0.0659934860296192,0.125511682766696,-0.00279419582515292,-0.00792156125784411,0.00714983385445622
-0.904356064772803,0.340781647281905,-0.0668829414368982,0.135061823891359,-0.002236625764586,-0.00728972743760447,0.00623488294901964
-0.942731782271821,0.322014881249173,-0.0678317269574512,0.144312601497898,-0.00162209656687547,-0.00659699896644593,0.00522734438953801
-0.979794905267038,0.302936450612392,-0.0688040810250195,0.153244251726891,-0.000961007705493561,-0.00585378177336173,0.00414577559548576
-1.0155309318295,0.28367948323557,-0.0697804072987206,0.161803484290179,-0.000260389100906764,-0.00507097544121991,0.00300761260248748
-1.04987551218931,0.264330584487999,-0.0707547864822399,0.169908952204214,0.000475615309593127,-0.0042592876463267,0.00182912076711676
-1.08272966603232,0.244935920692909,-0.0717310955031856,0.177457682149192,0.00124497127531218,-0.00342893470444569,0.000625545765806803
-1.11397554072541,0.225512700512416,-0.0727185006647033,0.184331638058236,0.00204682466287651,-0.0025896572799813,-0.000588604750256263
-1.1434910187816,0.206064471018205,-0.0737269061690419,0.190404193641101,0.00288050980894013,-0.00175093783508174,-0.00179920803112046
-1.17116224454104,0.186598845991142,-0.0747627771328053,0.195546734421166,0.00374455166398493,-0.000922287849513785,-0.00299215210229164
-1.19689360859587,0.167146296209434,-0.0758256596235166,0.19963583909389,0.00463570361494378,-0.000113471105214799,-0.00415298669660564
-1.22061492778771,0.147778343295157,-0.0769056894125376,0.202561477646988,0.00554807145604419,0.000665458768909944,-0.00526664520382706
-1.24228557097267,0.128622943039127,-0.0779823840905563,0.204236398209356,0.00647240090750516,0.00140440135436023,-0.00631728600381191
-1.26189521821907,0.109874208406626,-0.079024997590711,0.204606366420497,0.00739564201719804,0.00209378196173309,-0.00728830322342481
-1.2794609256529,0.0917932445148924,-0.0799946237878768,0.203660228551531,0.00830093366618487,0.00272543460724544,-0.00816255322775077
-1.29502031670299,0.0746971814629205,-0.0808480233537866,0.201438034693114,0.00916815487423438,0.00329369029157462,-0.0089228285115697
-1.30862112295803,0.0589348820174155,-0.0815428138437113,0.19803492847717,0.00997514481968611,0.0037964756606817,-0.00955258070105467
-1.32030797721154,0.0448503790045569,-0.0820432707622415,0.193598508956899,0.0106995860076065,0.00423616062346712,-0.0100368489185192
-1.33010822075625,0.0327384601658681,-0.0823256677423184,0.188318185615812,0.0113213807859151,0.00461988340978602,-0.0103632957852352
-1.33801927413102,0.022799982544933,-0.0823819958630293,0.182406738775519,0.0118251677790212,0.00495915337847427,-0.0105232055269708
-1.34400045743106,0.0151061572905568,-0.0822211552529845,0.176076517108658,0.0122024888720323,0.00526868586616554,-0.0105122755666638
-1.3479716740954,0.00958015146059946,-0.0818672874278824,0.169514685768204,0.012453103124844,0.00556462333360485,-0.0103310495730517
-1.34981998059287,0.00600075632450553,-0.0813556416623547,0.162862778454909,0.0125850922686883,0.00586247647554212,-0.00998489934069725
-1.34941307254281,0.0040275935720154,-0.0807269813876815,0.156204956089434,0.0126136858454779,0.00617520709600618,-0.00948355205194976
-1.34661682744973,0.00324220185160154,-0.0800218138405933,0.149567039313724,0.0125590560870936,0.0065118320371521,-0.00884025192816915
-1.34131301553687,0.00319614450039654,-0.0792755952930329,0.142925487104568,0.0124435716954145,0.00687676970790284,-0.00807071145841488
-1.33341351924329,0.00345688648110778,-0.0785156277170312,0.136223182476918,0.0122890731780845,0.00726994185108763,-0.00719202811102887
-1.32286870705102,0.00364427560452006,-0.0777598259039423,0.129387900369859,0.0121146367619327,0.00768746213699291,-0.00622171745995914
-1.30966937606959,0.00345384519180693,-0.0770170919649527,0.122349710434354,0.0119350948880517,0.00812264502740871,-0.00517695968731659
-1.29384323982857,0.00266649362227052,-0.0762887918047163,0.115054798133776,0.0117603682659285,0.00856706448414268,-0.00407409648797472
-1.27544788191312,0.00114647890063889,-0.0755707873850583,0.107474608453096,0.0115955048878742,0.00901145721765655,-0.00292836745981903
-1.25456236181308,-0.0011691929569405,-0.0748555755578563,0.099610342918553,0.0114412409964284,0.00944635949246414,-0.00175384660735985
-1.23127942855363,-0.00428680531403297,-0.0741342391167709,0.0914934808638149,0.0112948882103015,0.00986245611511586,-0.000563529018311865
-1.20569982297135,-0.00817472524055283,-0.073398066353222,0.0831831917896246,0.0111513832491549,0.0102506865119338,0.00063048093924201
-1.17792962597159,-0.0127829868114987,-0.0726398083353223,0.0747614123243894,0.0110043843834338,0.01060219155392,0.00181672176197806
-1.14808112797801,-0.0180622829301176,-0.0718546092760438,0.0663261494899117,0.0108473417503301,0.0109082003679214,0.00298410148034553
-1.11627725341749,-0.023981306379988,-0.0710406701906986,0.0579833779798708,0.0106744961055527,0.0111599556731901,0.00412162702650123
-1.08265912237168,-0.0305414133131678,-0.0701997007331165,0.0498378101507348,0.0104817691637284,0.0113487646876727,0.00521816127953138
-1.04739581309798,-0.0377874029131317,-0.0693371900604436,0.0419828738377098,0.0102675006713934,0.011466242800375,0.00626223262191847
-1.01069478645533,-0.0458129631204534,-0.0684624944981873,0.0344904342446513,0.010032969116264,0.0115047885432922,0.00724192416606333
-0.972810798364493,-0.0547592214039007,-0.0675887058435502,0.0274011005881404,0.00978261432278791,0.0114582890435144,0.00814487310000281
-0.934050607029262,-0.0648050819966446,-0.0667322376501579,0.0207162837461544,0.00952387382846371,0.0113230042574464,0.00895841200641402
-0.894770623781677,-0.0761488217029411,-0.065912057610223,0.0143933985292004,0.00926656462898728,0.0110985192685876,0.00966987926490069
-0.855365157897557,-0.088981841138476,-0.0651485133259798,0.00834559291004996,0.0090217980496874,0.0107885973460617,0.0102671100508271
-0.816244303516534,-0.1034573910824,-0.064461755454784,0.00244701312893623,0.00880050828626689,0.0104017308510647,0.010739089978379
-0.77780280240855,-0.119659068010616,-0.063869856419066,-0.00345617104509675,0.00861178738491457,0.00995119496246324,0.0110767121179173
-0.740383958663386,-0.137575171677779,-0.0633868372577863,-0.00952986539473059,0.00846131514172839,0.00945447699691276,0.0112735346272356
-0.704245006147768,-0.157084880913118,-0.0630209119886206,-0.0159333429086031,0.0083502081292734,0.00893207925710503,0.0113264070239501
-0.669531165693161,-0.177960108427777,-0.0627732919590305,-0.022800652779907,0.00827454479181895,0.00840584266890389,0.0112358369222845
-0.636264356129312,-0.199883652851344,-0.062637820051007,-0.0302253637797287,0.00822570184347307,0.00789707197941023,0.0110060083883248
-0.60434914158674,-0.222479891252747,-0.0626015477896743,-0.0382511436719713,0.00819140262185349,0.00742478472152759,0.0106444417375212
-0.573594373191392,-0.245351819814328,-0.0626461517185165,-0.0468695140287233,0.00815725666610104,0.00700437377818712,0.0101613585461854
-0.543745404677135,-0.268117115050103,-0.0627499102668818,-0.0560245041839574,0.00810846134936828,0.00664684768866189,0.00956887578786408
-0.514520069517005,-0.290437240463159,-0.0628898723045415,-0.0656226299623885,0.00803136221012209,0.00635866901837243,0.00888016897231528
-0.485642006859244,-0.312036221236416,-0.0630438688430016,-0.075545875696679,0.0079146582013862,0.00614208923467691,0.0081087225756232
-0.456866844752284,-0.332708548073673,-0.0631921205626133,-0.085665280605338,0.00775015602576318,0.0059958113332728,0.00726774123754096
-0.4279992117215,-0.352317838072725,-0.0633183260934217,-0.0958531712927508,0.00753308111932638,0.00591580093768795,0.00636974701069471
-0.398900700759506,-0.370788991617642,-0.0634102336010946,-0.105992779399321,0.00726201977225992,0.00589609612125872,0.0054263507001032
-0.36949030368251,-0.388096729925129,-0.0634597758914353,-0.115984692065914,0.00693859524688723,0.00592951386974935,0.00444816440240889
-0.339739421487175,-0.404252916873296,-0.0634628829554259,-0.125750145973555,0.00656698023776542,0.00600819946286067,0.00344481610771955
-0.309663532138174,-0.419294330463962,-0.0634190851881893,-0.135231536148653,0.00615333129241315,0.00612400438337088,0.00242503068903473
-0.279312227004897,-0.433271827184092,-0.0633309995269208,-0.14439068411241,0.00570520833375638,0.00626870557099947,0.00139674962320029
-0.248758841032966,-0.446241280232912,-0.0632037619496522,-0.153205446238348,0.00523102074404289,0.0064340948491396,0.00036727066034313
-0.218090442629398,-0.458256313509188,-0.0630444416015514,-0.161665200847157,0.00473952358060081,0.00661197483455321,-0.000656603914890581
-0.187398585842934,-0.469362676388545,-0.0628614486941155,-0.169765679369273,0.00423937413759976,0.00679409956566543,-0.00166841678620966
-0.156770973615856,-0.479594063374272,-0.0626639319082149,-0.177503536569139,0.00373874988928196,0.00697209699409225,-0.00266190693488273
-0.126284028458691,-0.488969226894206,-0.0624611517126467,-0.184871006926976,0.00324502335127188,0.0071374081136064,-0.0036308669949859
-0.0959963106588363,-0.497490314802967,-0.0622618140659587,-0.191850975820081,0.0027644874389082,0.00728127459088098,-0.00456901257502456
-0.0659427570256487,-0.505142452174721,-0.062073354952651,-0.198412804533074,0.0023021264474104,0.007394803135758,-0.00546987199023222
-0.0361298281929484,-0.511894652779117,-0.0619011807035252,-0.204509277370423,0.00186143261027965,0.00746912956672575,-0.0063267072273243
-0.00653182565976916,-0.517702168945289,-0.0617478917701292,-0.210075068387695,0.00144427537849796,0.0074956972807604,-0.00713247861003307
0.0229111733103944,-0.522510353674832,-0.0616125465178716,-0.215027126708681,0.00105083833565842,0.00746665239284743,-0.00787986611228428
0.0522931732780049,-0.526260003829231,-0.0614900520438896,-0.219267317848656,0.000679644601126988,0.00737534054472802,-0.00856135897726631
0.0817392926024899,-0.528893975603528,-0.0613707935484004,-0.222687500308654,0.000327692931255751,0.00721686895943028,-0.00916942149676944
0.111399497874179,-0.530364627042321,-0.061240622629888,-0.225176942381414,-9.27894915370197e-06,0.00698867431324431,-0.00969673571986028
0.141438921856094,-0.530641384969365,-0.0610813080794778,-0.226631604957147,-0.000336401259378136,0.00669101724750778,-0.010136511212053
0.172025188217527,-0.529717519506058,-0.0608715037594815,-0.226964388429908,-0.000659168293563734,0.00632731444129316,-0.010482838706957
0.203313810882784,-0.527615118966339,-0.0605882085274963,-0.226115068495578,-0.000982867998728814,0.00590422572272217,-0.0107310511933207
0.235433321778647,-0.524387362664673,-0.0602085959643522,-0.224058454231323,-0.00131201165220155,0.00543144054375215,-0.0108780465481365
0.268472119823785,-0.52011751772967,-0.0597120007802945,-0.220809401189105,-0.00164984215975205,0.00492115334551023,-0.0109225244332992
0.302468968295758,-0.514914596275377,-0.0590817924936742,-0.216423738054993,-0.00199799472581335,0.00438727201935032,-0.0108650992371432
0.337408553653375,-0.508906186824775,-0.0583068669522302,-0.210994846012354,-0.00235636093209575,0.00384445376647802,-0.0107082695316704
0.373222663367942,-0.502229465611621,-0.0573825473022172,-0.204646396254773,-0.0027231714881571,0.00330709384974103,-0.0104562484243097
0.409796568876234,-0.495021665452583,-0.0563107924981018,-0.197522395844365,-0.00309527376319604,0.0027883962562882,-0.0101146817812133
0.446979376692977,-0.487411269662833,-0.0550997331797217,-0.189776050053931,-0.00346854846587231,0.00229963143188797,-0.00969029659933277
0.484596629824274,-0.479510935290792,-0.0537626593232124,-0.181558958059565,-0.00383839313313146,0.00184964385343347,-0.00919052666006855
0.522463368442202,-0.471412733382292,-0.0523166488679806,-0.173011868833551,-0.00420020045711934,0.00144462439433194,-0.00862315754315915
0.560396128363611,-0.463185848334252,-0.0507810447107369,-0.164257761693299,-0.00454977358492948,0.00108812134587595,-0.00799602147783348
0.598222826556323,-0.45487650660833,-0.0491759663610066,-0.155397524202594,-0.00488364200300193,0.000781236977398795,-0.00731675869605882
0.63579000297096,-0.446509663375581,-0.0475209972440618,-0.146508089742817,-0.00519926390630945,0.000522945358948544,-0.00659264953973028
0.672967340005842,-0.438091872950029,-0.0458341351465116,-0.13764262531248,-0.00549511926896261,0.00031046924474042,-0.00583051261471431
0.709649703871953,-0.429614780442135,-0.0441310438812612,-0.128832233481402,-0.00577070990903783,0.000139664456156172,-0.00503665924193808
0.745757135249447,-0.421058758399199,-0.042424605756283,-0.120088624243722,-0.00602648856734682,5.37467975708552e-06,-0.00421689269413325
0.781233280077044,-0.412396334387699,-0.0407247490047091,-0.111407283005035,-0.00626373960477726,-9.82657073555014e-05,-0.00337654115247746
0.81604272896012,-0.403595183269218,-0.0390385109265263,-0.102770771471134,-0.00648443108199601,-0.000177590428302564,-0.00252051491563024
0.850167660525834,-0.394620572148368,-0.0373702934313663,-0.0941519187415123,-0.00669105337592665,-0.000239221478879696,-0.00165338034547976
0.883604089341519,-0.38543723722587,-0.0357222698088144,-0.0855167708535579,-0.00688645442393263,-0.000289943480024479,-0.000779444845463419
0.916357923918454,-0.376010737834829,-0.034094906935396,-0.0768272579324961,-0.00707367706925719,-0.000336620525158688,9.71513929892322e-05
0.948440958696426,-0.366308375715664,-0.0324875732879677,-0.0680436049407895,-0.00725580035079631,-0.000386141247003142,0.000972340137326413
0.979866872265451,-0.356299781368543,-0.03089920824124,-0.059126550562552,-0.00743578445197685,-0.000445376828308089,0.00184202902192607
1.01064722055311,-0.345957335480567,-0.029329030080841,-0.0500394822743168,-0.00761631659190394,-0.000521134877004059,0.00270200712278532
1.04078753128774,-0.335256443965609,-0.0277772606205056,-0.0407505337516496,-0.0077996591134131,-0.00062009622262222,0.00354785463206171
1.07028346013256,-0.324175869054777,-0.0262458379053457,-0.0312347509506955,-0.00798749790387131,-0.000748717927932464,0.00437485974995107
1.09911714422679,-0.312698149616212,-0.0247390811628306,-0.021476330762636,-0.00818079577383811,-0.000913091662079317,0.00517794649134183
1.12725390609489,-0.300810176049043,-0.0232642606672926,-0.0114709037345109,-0.0083796577429589,-0.00111874861470186,0.00595161827221852
1.15463955330126,-0.288503940307201,-0.021832012996914,-0.00122775577405091,-0.00858321971195076,-0.00137040771669972,0.00668992349308879
1.18119860374189,-0.275777440615444,-0.0204565317798379,0.00922819733225463,-0.00878957610438307,-0.00167167150381345,0.00738645080895317
1.20683383175753,-0.262635675280856,-0.0191554595490419,0.0198549479650481,-0.00899576501168621,-0.00202468388724981,0.00803436299832587
1.23142754986843,-0.249091614655705,-0.0179494127408541,0.0305927735854247,-0.00919782992372769,-0.00242977594061794,0.00862647875620449
1.254844984176,-0.235167001272246,-0.0168610942926602,0.0413647995608016,-0.0093909739219628,-0.00288513825888768,0.00915541057467409
1.27693994094194,-0.220892804307621,-0.0159139903218281,0.0520790513229292,-0.00956981415775294,-0.00338656908872518,0.0096137633331323
1.29756268534224,-0.206309155711331,-0.015130708747141,0.0626321718318286,-0.0097287312530981,-0.00392735288118573,0.00999439174733082
1.31656957895344,-0.191464629620984,-0.0145310918464198,0.0729147647377331,-0.00986229109999763,-0.00449832043323892,0.0102907055606523
1.3338336081309,-0.176414797587068,-0.0141303074468538,0.0828180407083235,-0.00996569836869389,-0.00508812648186303,0.0104970004920142
1.34925457980125,-0.161220093722656,-0.013937174342066,0.0922411462692366,-0.0100352264497152,-0.00568375313813906,0.0106087828855628
1.36276758146335,-0.145943139641886,-0.0139529854583742,0.101098317889023,-0.0100685626359839,-0.00627121140668063,0.0106230498992511
1.37434839399358,-0.13064578322781,-0.0141710436814647,0.109324909339422,-0.0100650138314566,-0.00683637575426269,0.0105384878122335
1.38401493718718,-0.115386169992453,-0.0145770221790605,0.116881440461519,-0.0100255374204529,-0.00736585806309827,0.0103555599264258
1.39182445192895,-0.100216170718348,-0.0151501242584767,0.123755108327688,-0.00995259043961105,-0.00784781604274555,0.0100764713552692
1.39786682990199,-0.0851794292693179,-0.0158648815232823,0.129958623074274,-0.00984982082530623,-0.00827260137946721,0.00970501704879009
1.40225510948206,-0.0703101844166654,-0.0166933289946644,0.135526672592,-0.00972164934467476,-0.00863318209338779,0.00924633679117402
1.40511452553111,-0.0556328996563628,-0.0176072549901079,0.140510667775054,-0.00957280417811714,-0.00892531249947678,0.00870661233122889
1.40657151340114,-0.0411625470480112,-0.0185802505486896,0.144972624871279,-0.00940786887811235,-0.00914747077977981,0.0080927454710542
1.40674395725765,-0.0269054715614349,-0.0195893446655555,0.148978994199929,-0.009230894659697,-0.00930059977000268,0.00741205161384302
1.40573345178644,-0.012860513874899,-0.020616120338134,0.152595158390084,-0.00904510813878589,-0.00938772447758975,0.00667199466291718
1.40362001608218,0.000979766120506192,-0.0216472866595541,0.155881047980454,-0.00885272756001839,-0.00941350801288941,0.00587997835279563
1.40045928191584,0.0146279397838415,-0.0226747575496403,0.158888092889537,-0.0086548843527122,-0.00938380560992762,0.00504319928458463
1.39628191705443,0.0281007374773742,-0.0236953290541753,0.161657514435165,-0.00845163615738307,-0.00930526118011048,0.00416855958509021
1.39109490050665,0.0414182903893535,-0.0247100619713831,0.164219812923782,-0.00824205232647947,-0.00918497449766755,0.00326263261900705
1.38488423042084,0.0546035610680318,-0.0257234706349451,0.166595221710812,-0.00802435243241509,-0.00903025184527615,0.00233167318102992
1.37761868546229,0.0676818845422796,-0.0267426003754178,0.1687948697674,-0.0077960810499907,-0.00884844042612474,0.00138166333603787
1.36925434234482,0.0806805007953075,-0.0277760532948298,0.170822404595244,-0.00755430650012718,-0.00864683753317098,0.000418385761524221
1.35973964548841,0.0936279305348535,-0.0288330005137623,0.172675858808423,-0.00729583605766846,-0.00843265904526288,-0.000552482544674247
1.3490209053847,0.106553031153888,-0.0299222030179644,0.174349582917527,-0.00701744434039021,-0.00821304762512834,-0.00152526245995514
1.33704815270381,0.119483570938529,-0.031051054892267,0.17583610407023,-0.00671611449058381,-0.00799509835224514,-0.00249415662953118
1.3237812830355,0.132444181503348,-0.0322246629825397,0.177127800247391,-0.00638929281217747,-0.00778587796820069,-0.00345313092002626
1.30919638439979,0.145453597673728,-0.0334449856744927,0.178218300041743,-0.00603515635132889,-0.00759241332483601,-0.0043958000096241
1.29329204337203,0.158521177223901,-0.0347100692031298,0.17910353109421,-0.0056528892696643,-0.00742162531208144,-0.00531532505085742
1.27609527961483,0.17164281533851,-0.0360134401464865,0.179782349710098,-0.00524295771612027,-0.00728018722173342,-0.00620433330673576
1.25766657752241,0.18479652964222,-0.0373437333014772,0.180256696260764,-0.00480736458479245,-0.00717429222582983,-0.00705487199166509
1.23810329706933,0.197938180165428,-0.0386846489669058,0.180531242869167,-0.00434985595757281,-0.00710932454609464,-0.00785841076840949
1.21754060321069,0.210997977046725,-0.0400153350120408,0.180612537888153,-0.0038760419355534,-0.00708944375694021,-0.00860590856651012
1.19614902101775,0.223878571170011,-0.0413112687391443,0.18050770858926,-0.00339338868750632,-0.00711711128672099,-0.00928795938348322
1.17412787770943,0.236455556997436,-0.0425456650110939,0.180222855308669,-0.00291103942632179,-0.00719261060924529,-0.00989502709921572
1.15169429458587,0.248581076998875,-0.043691359445267,0.179761344016306,-0.00243943330528536,-0.00731363359206769,-0.0104177699673084
1.12906805313364,0.260090860639821,-0.0447230172869861,0.179122258649208,-0.00198971519562921,-0.00747501854786193,-0.0108474413468648
1.10645350534634,0.27081446968555,-0.0456194201649384,0.178299285636027,-0.00157296505775524,-0.00766872344878892,-0.0111763362173322
1.08402055039455,0.280587846686235,-0.0463655138137577,0.177280254262603,-0.00119931750039921,-0.0078840950944129,-0.0113982369646771
1.06188730418075,0.289266642049827,-0.0469538900701823,0.176047449167723,-0.00087707972971387,-0.0081084515152087,-0.0115088020601801
1.04010719429182,0.296738426523751,-0.0473854435464969,0.174578668864689,-0.000611976714937856,-0.0083279377433363,-0.011505842304206
1.01866268663231,0.302931932689016,-0.0476690807421916,0.17284886620584,-0.000406645857956019,-0.00852855827463446,-0.0113894431504717
0.997466759032765,0.307821941958734,-0.0478205339563196,0.170832112564767,-0.000260467189167517,-0.00869724955379965,-0.0111619158318447
0.976371852180937,0.311429224003604,-0.0478604953763579,0.168503599731544,-0.000169756689230769,-0.00882284518354316,-0.0108275882884269
0.955184728622457,0.313815817655482,-0.0478123928127147,0.16584142983059,-0.00012828542256314,-0.00889680857037498,-0.0103924714975885
0.93368479478413,0.315076675977452,-0.0477001538236244,0.162828021862359,-0.000128033516193425,-0.00891365512977754,-0.00986385164108151
0.911643163683798,0.315329120218139,-0.0475462539544392,0.159451054760386,-0.00016005861095482,-0.00887104459232865,-0.00924986134917946
0.888840029093868,0.314701616528012,-0.0473702442220632,0.155703947532243,-0.000215357254097876,-0.00876957781894301,-0.00855907578069766
0.865078603317765,0.313323171921713,-0.0471878376928455,0.151585934346078,-0.000285619925391827,-0.00861237049117561,-0.00780016577354303
0.840194700456301,0.311314264768724,-0.0470105345656363,0.147101823544504,-0.000363815778370882,-0.00840449351387719,-0.00698162542568617
0.81406181524804,0.308779804883983,-0.0468456963759174,0.142261537694431,-0.000444580734319605,-0.00815236864523356,-0.00611157879614282
0.786592122604701,0.305804251078389,-0.0466969464094606,0.137079522239149,-0.000524413945212953,-0.0078631932940428,-0.00519766170851309
0.757734159958378,0.302448748911278,-0.0465647695972574,0.131574088813884,-0.000601708537356231,-0.00754444723187013,-0.00424697012056369
0.727468072988271,0.298750001470757,-0.0464472013745206,0.125766730764602,-0.000676652316322019,-0.00720351184736284,-0.0032660654356
0.695799260207938,0.294720542011716,-0.0463405214412256,0.11968141685665,-0.000751034482583739,-0.00684741328702626,-0.00226102836967744
0.6627511084478,0.290350120197998,-0.0462398973700898,0.113343837472766,-0.000827988088254642,-0.00648268612349122,-0.00123755550763634
0.628357328170072,0.285608023357566,-0.0461399496454675,0.10678054765289,-0.000911687651163667,-0.00611534417666078,-0.000201095639503743
0.592654220437443,0.280446312973363,-0.0460352315134639,0.100017924565603,-0.00100700923129722,-0.0057509388003304,0.000842974305047799
0.555673063691684,0.274804147982741,-0.045920633222692,0.0930808347616101,-0.00111914810502307,-0.00539468069689148,0.00188913222143189
0.517432716021182,0.26861356918543,-0.0457917309669678,0.0859908932128865,-0.00125317865950992,-0.00505159728957708,0.0029314515378711
0.477932497535906,0.261807294905241,-0.0456451063023339,0.0787642015551386,-0.00141353474624033,-0.00472669217112971,0.00396330228013396
0.437145465603623,0.254329157034228,-0.0454786617442169,0.0714084977002813,-0.00160339051196182,-0.00442506528503087,0.00497702368848577
0.395012366755045,0.246147677993349,-0.0452919518218344,0.0639197673058922,-0.0018239374468275,-0.00415194326773904,0.00596359336222268
0.351436914246069,0.237272816086305,-0.0450865352809034,0.0562785993673754,-0.0020735890190156,-0.00391256275331039,0.00691233510661915
0.306283646315481,0.227774992275862,-0.0448663342309929,0.0484469294755086,-0.00234720149258563,-0.00371185289152056,0.00781072359937987
0.259380415158727,0.21780406824923,-0.0446379571902183,0.0403662378843606,-0.00263547359849803,-0.00355388414697092,0.008644355643571
0.210528024756278,0.207604566505064,-0.0444109266866504,0.0319585917551162,-0.00292474589983568,-0.00344110105809108,0.00939715189400802
0.159519422518586,0.197521812197796,-0.0441977138825116,0.0231318276104643,-0.00319745132310848,-0.0033734237381085,0.0100518448513272
0.106169161866991,0.187993521569853,-0.0440134771202109,0.0137894715072823,-0.00343340482100826,-0.00334738890207359,0.0105907723150036
0.0503507291890835,0.179522775744447,-0.043875404184284,0.00384460565557044,-0.00361195649918985,-0.00335556295784581,0.0109969476569852
-0.0079643379426831,0.17263177164524,-0.0438015887454305,-0.00676473610724439,-0.00371478395312602,-0.00338647055125623,0.0112553078596153
-0.06867463151498,0.167801213740039,-0.0438094597837448,-0.0180622822506961,-0.00372882533700092,-0.00342520318190133,0.0113539702568511
-0.131533763082439,0.165405846728535,-0.0439139103518328,-0.0300259961828621,-0.00364868261630416,-0.00345470857341501,0.0112852835006862
-0.196158160847888,0.165660035077249,-0.0441254116038241,-0.0425884947941904,-0.00347786163596799,-0.00345755957754252,0.0110464673595519
-0.262057974880097,0.168586802052148,-0.0444484978205713,-0.055645177058702,-0.00322848125122747,-0.00341783855746805,0.0106397133843684
-0.32868447686462,0.17401799764511,-0.0448809775891009,-0.0690675254008741,-0.00291951365150659,-0.00332272619259958,0.0100717434678144
-0.395482987258522,0.181625311245018,-0.0454141033223781,-0.0827179117166034,-0.00257399471542071,-0.00316347896687561,0.0093529470961147
-0.46193965000513,0.190973833269731,-0.0460337032163089,-0.0964626027655496,-0.00221586086504795,-0.00293566490652661,0.00849630450726485
-0.527613505855681,0.201585374153433,-0.046722072788318,-0.110181048502128,-0.0018670428656353,-0.00263873113744149,0.0075163194878555
-0.592150410178327,0.212998578480912,-0.0474602940041481,-0.123771116519131,-0.00154525217477809,-0.00227512345509035,0.00642814222512496
-0.655280306927764,0.224816152745123,-0.0482306277832824,-0.137151043104524,-0.00126264388289356,-0.0018492378201661,0.00524698575451752
-0.716802688964445,0.236734215837177,-0.049018680272135,-0.150259272606663,-0.00102533328594537,-0.00136646698588112,0.00398786146884093
-0.776566251255088,0.248552969143995,-0.0498151183668175,-0.163053166775892,-0.000833628021924331,-0.000832543844832697,0.00266560314543991
-0.834448112888648,0.260170526391633,-0.050616756251098,-0.175507037435146,-0.000682810471428939,-0.000253305818091689,0.00129512361480796
-0.890336320633214,0.271562754644499,-0.0514268304515707,-0.187609333007611,-0.000564334636984833,0.000365074141028198,-0.000108151744841312
-0.94411746344304,0.282751884511694,-0.0522542346462906,-0.199358274319055,-0.00046735396580744,0.00101542542008402,-0.00152771900380911
-0.995669719401062,0.29376621492734,-0.0531114317932994,-0.210754923518572,-0.000380545220071049,0.00168861342060412,-0.00294533443302699
-1.04486074468623,0.304593242218779,-0.0540107600399546,-0.221792699423142,-0.000294216827919805,0.00237250297571753,-0.00434030376013668
-1.09154938615236,0.315129659187465,-0.0549589888354402,-0.23244285790143,-0.000202663493444733,0.00305120129133306,-0.00568879612998534
-1.13559000156901,0.325134294444628,-0.0559503692099308,-0.242636591397651,-0.00010662388104609,0.00370502686576019,-0.00696330594147341
-1.17683805004376,0.334193969001024,-0.0569591330200977,-0.252246258735579,-1.5496556419174e-05,0.00431167071952647,-0.00813245356864647
-1.21515563235205,0.341716116305965,-0.0579333722430103,-0.261070655618151,5.13062883183875e-05,0.00484887265649182,-0.00916139065383798
-1.25041606437888,0.346963111292452,-0.0587931443898981,-0.26883144713078,6.47300452618176e-05,0.00529854299719742,-0.0100131182995029
-1.28250750230565,0.349137854091381,-0.0594358387385544,-0.275188431056189,-1.09731000881817e-05,0.00565161431282857,-0.0106509603139733
-1.31133670582117,0.347515525810913,-0.0597504895779136,-0.279778243367456,-0.000212392291089951,0.00591219325456547,-0.0110421698451177
-1.33683417174918,0.3415945971235,-0.0596395043177985,-0.282273307029024,-0.000569019106537304,0.00609921838992352,-0.0111621731329024
-1.35896019793256,0.331220923919123,-0.0590421518329758,-0.282447036217977,-0.00109540833995712,0.00624429007848717,-0.0109984385430284
-1.37770870552593,0.316636766310486,-0.0579515189473842,-0.280223382194193,-0.00178633867140356,0.00638572635347025,-0.010552747152542
-1.39310456434445,0.29843014648096,-0.0564178728367525,-0.275690832161879,-0.00261711206626561,0.00656060501729893,-0.00984101949919435
-1.40519289738398,0.277399993175208,-0.0545365702797111,-0.269074696614213,-0.00354902531557911,0.00679750848567805,-0.00889073447866313
-1.4140239391643,0.25438562275417,-0.0524249537741688,-0.260679515026147,-0.00453784878883293,0.00711221897644105,-0.00773686574989207
-1.41964019275393,0.230116136834333,-0.0501963643031045,-0.250824232689301,-0.00554223000353617,0.00750706651018262,-0.00641763994449568
-1.42207113648831,0.205116622692813,-0.0479389268782389,-0.239790880393164,-0.00652962955697757,0.00797306205772673,-0.00497117261815489
-1.42133599557522,0.179679836910809,-0.0457034725548096,-0.227796807117955,-0.00747889935492983,0.00849319429020641,-0.00343346302448622
-1.41745068017848,0.153890812457465,-0.0435013507431315,-0.214989230290889,-0.00837990489871745,0.00904543751533038,-0.00183771089017937
-1.41043321830358,0.127683890588486,-0.041310636216288,-0.201454378397571,-0.00923118038873552,0.00960469139474527,-0.000214644295864164
-1.40030288456749,0.100914070300042,-0.0390885912948974,-0.18723241493887,-0.0100365797970663,0.0101435866009737,0.00140650988818261
-1.38707058964987,0.0734310084374227,-0.036788523720465,-0.172331568935732,-0.0108015884427663,0.0106326043419856,0.0029967357315224
-1.3707210009023,0.04514936566514,-0.0343794741622942,-0.156738220010198,-0.0115296875155255,0.0110402377407051,0.00452588671382405
-1.35119001986583,0.0161108608896578,-0.0318667637238464,-0.140422796136388,-0.012219079302137,0.0113340089643014,0.00596154907761751
-1.3283446418249,-0.0134689577626983,-0.0293100440031379,-0.123343748519814,-0.0128602115503643,0.0114830497445818,0.00726840954584938
-1.30197538801216,-0.0431808975784445,-0.0268334759306507,-0.105453314057039,-0.013434791023173,0.0114625793664337,0.00840850547777874
-1.27181283390741,-0.0724440460298912,-0.024621254719152,-0.0867088261103042,-0.0139171280202745,0.0112599002303486,0.00934277671176513
-1.23757594854802,-0.100580433208898,-0.0228930650528716,-0.0670911280361831,-0.0142783739911889,0.0108804548797209,0.0100341902240137
-1.19904924385797,-0.126937567521853,-0.0218599832682377,-0.0466274401555036,-0.0144932649128421,0.0103515969691554,0.0104522381720132
-1.15616851404453,-0.151029847239987,-0.0216713730171705,-0.0254106841166248,-0.0145476101180395,0.00972160441776354,0.0105778425517141
-1.10908203077296,-0.172649431755136,-0.0223719885199159,-0.00360530203800186,-0.0144437002250405,0.00905287763509541,0.010407043537767
-1.05815698966332,-0.191900480595615,-0.0238882156528966,0.0185663580488266,-0.0142012012011972,0.00841084253126051,0.00995193629530002
-1.00392386819305,-0.209142197082217,-0.0260502336292251,0.0408538611117118,-0.013853013657643,0.00785223726611977,0.00923836552190506
-0.946980363942079,-0.224867669648757,-0.0286399249861438,0.0630136518852445,-0.0134378751788604,0.00741663492373119,0.00830129730804307
-0.887891654556592,-0.23956897333671,-0.0314442616593986,0.0848373001454043,-0.0129926086488122,0.00712316910288905,0.00717959413864076
-0.827117186775322,-0.253632861169199,-0.0342960165302084,0.106166890690876,-0.0125463823542398,0.00697197426669146,0.00591171362484861
-0.764975500990254,-0.267287401468316,-0.0370935243458023,0.126898487341074,-0.0121179215747352,0.00694834906851876,0.00453304818535825
-0.701642005630198,-0.280597076776029,-0.0398008860488121,0.146978629476783,-0.0117153508446019,0.00702750461482546,0.00307487542322812
-0.63716743326659,-0.29349234342977,-0.0424349571455937,0.166399069693542,-0.0113377570469817,0.00717845498918631,0.00156452197542927
-0.571506049348523,-0.305818786119131,-0.0450458104132106,0.185192933791799,-0.0109775687009618,0.00736648006001316,2.6304760103827e-05
-0.504548275271107,-0.317395403800307,-0.047695382732313,0.203432747839,-0.0106231452579339,0.00755427452107935,-0.00151708440569902
-0.436158428206566,-0.32807631593986,-0.0504368170640153,0.221228120523886,-0.0102613039069289,0.00770232686473409,-0.00304298231408605
-0.366222375786839,-0.337812427689596,-0.053295765932228,0.238718590016179,-0.00987973363462402,0.00776931675111365,-0.00452713207253787
-0.294710455139408,-0.346708220594079,-0.0562549774207016,0.256055650692829,-0.00946929291680599,0.00771343860511438,-0.00594224028460879
-0.221756612494313,-0.355064075784974,-0.0592445921352732,0.27336825811729,-0.00902604560313201,0.00749552175914748,-0.00725699023777796
-0.147744569399899,-0.363388282264108,-0.0621419484971667,0.290709802143225,-0.00855260467953275,0.00708448015008019,-0.00843588099106059
-0.0733774576546917,-0.372359385032879,-0.0647849596397106,0.307993074033408,-0.00805807119938912,0.0064648015826872,-0.00944031179049182
0.000304886628181317,-0.382725127926742,-0.0670006753998909,0.32493222789252,-0.00755584652220129,0.00564445409342097,-0.0102312224180714
0.0719955498901912,-0.395144022679297,-0.0686447710097608,0.341021274693671,-0.00705915911006117,0.0046601854812803,-0.0107732129024696
0.140286770269217,-0.4100063968742,-0.0696403371520243,0.355576755521465,-0.00657531736485077,0.00357673710555083,-0.0110394122531025
0.203897537800502,-0.427297122436604,-0.0700004841405251,0.36785024417035,-0.0061009282921201,0.00247802927512704,-0.011015739745028
0.261887197909335,-0.446559267734243,-0.0698238166425611,0.377180958297315,-0.00562060660141661,0.00145179664225119,-0.0107031026331193
0.313776035069871,-0.466978455940932,-0.0692641063721368,0.383132884829063,-0.00511042362248483,0.000572562155986766,-0.0101167750350744
0.35953516508694,-0.487552844613366,-0.0684877849079741,0.385565652694393,-0.00454510955051249,-0.000111214728083166,-0.00928335689855495
0.399467492806403,-0.50727940071987,-0.0676367829912596,0.384621821948372,-0.00390631807017331,-0.00058221536565868,-0.00823656776518101
0.43404073426596,-0.52529260894522,-0.0668083384441619,0.3806511702517,-0.00318913028782832,-0.000851670622073494,-0.00701322123472262
0.463735722163457,-0.540925620427553,-0.0660534488313233,0.374111868027166,-0.00240517058983435,-0.000951968768421816,-0.00565022080977388
0.488949168231481,-0.553700532515742,-0.06538827316132,0.36548445869767,-0.00158219898715406,-0.000928019677261339,-0.00418280156645457
0.509960490804632,-0.563276062693407,-0.064810560343711,0.355217739272487,-0.000761010736709866,-0.000830004293378759,-0.00264384636722265
0.526951500390866,-0.569384258450232,-0.0643148000490038,0.343708534711521,9.26453080138966e-06,-0.0007086588788517,-0.00106396980688673
0.540059610380454,-0.571779304165182,-0.0639027195767661,0.331306560369811,0.000676569130221009,-0.000613002597552946,0.000527922189158157
0.54944700047383,-0.57020911919271,-0.063588156109249,0.318331481152867,0.0011914824652868,-0.000589690730226739,0.00210382892918728
0.555374327803364,-0.564410351570402,-0.0633965758635892,0.305089513673031,0.00151269901413877,-0.000682904739518389,0.00363578250525391
0.558272577574498,-0.554122287712148,-0.0633598345807563,0.291879259491362,0.00161231691400504,-0.000933721084412677,0.00509503846275188
0.558806572625279,-0.539114639147349,-0.0635068355944071,0.278980083292258,0.00148074604688505,-0.00137812854911886,0.00645143572782575
0.557917776243574,-0.519225425456896,-0.0638512040259766,0.266621518796121,0.00113068936139312,-0.00204326659842685,0.00767303382461665
0.556825572255475,-0.494405079654341,-0.0643782909115116,0.254939024535381,0.000599112713828711,-0.00294205838273754,0.0087261864250789
0.556961980609155,-0.464759857402848,-0.0650354905000801,0.243928661238885,-5.43276186494024e-05,-0.00406721059065599,0.00957631649246067
0.559822937330878,-0.430582906445147,-0.0657310142453447,0.233417993914921,-0.000753819553127546,-0.00538643049826058,0.0101897520919345
0.566745153206258,-0.392358823052305,-0.0663453906031851,0.223069427604331,-0.00141915954869977,-0.006841320124527,0.0105368798225268
0.578657075464954,-0.350731577016939,-0.0667558364285455,0.212423833178838,-0.00198074576480279,-0.00835213235912202,0.010596373162848
0.59588629899797,-0.306437793430973,-0.0668669941362096,0.200978759223059,-0.00239330950503989,-0.00982885066376858,0.010359429354125
0.618104714189042,-0.260222987406589,-0.0666361173002981,0.188282063384073,-0.00264304192063531,-0.0111861756794874,0.00983236534770004
0.644442113638823,-0.212767805577144,-0.0660814832365894,0.174014911076398,-0.00274499995291629,-0.0123576234020356,0.0090362788639382
0.673723453540666,-0.164647042464295,-0.0652706469770925,0.158041924515016,-0.0027321158831547,-0.0133040212029041,0.00800378416603904
0.704735343738943,-0.116328364133818,-0.0642949763319998,0.140419224312484,-0.00264079010715315,-0.0140144350834433,0.00677417043206165
0.736433732609568,-0.0682008969845276,-0.0632419168516356,0.121366034452192,-0.00249856282028367,-0.0145009799619948,0.00538875798306414
0.768051045358722,-0.0206153752669003,-0.0621745560516019,0.101214732212622,-0.00231712581706307,-0.0147908507954845,0.00388768132490063
0.79910892000022,0.0260813974193698,-0.0611225683347446,0.0803548167808223,-0.00209110755843588,-0.0149187222136848,0.00230845538260629
0.829367890616959,0.0715290473112519,-0.0600837907051617,0.0591807655936579,-0.00180132321428103,-0.0149213103764374,0.000686064236557888
0.858747496951003,0.115358193289596,-0.0590334053406232,0.0380468703722395,-0.0014208084921938,-0.0148344613699916,-0.000945911344970664
0.887240774160281,0.157217559384144,-0.0579375235441479,0.017227713268537,-0.000922358806850641,-0.0146921528749411,-0.00255359436027038
0.914836504949642,0.196820180882011,-0.0567685377357917,-0.00311719644296637,-0.000286763650505857,-0.0145263028110781,-0.00410094499752073
0.941456348280137,0.234000078552704,-0.0555198358199577,-0.0229718670291283,0.000489010237888417,-0.0143661499182304,-0.005548148964407
0.966912833710711,0.268763258617849,-0.0542169316416259,-0.0424755899983022,0.00138493614751674,-0.01423617532544,-0.006850814984992
0.990896033333262,0.30130870368311,-0.0529211669402478,-0.061902436607702,0.00235446083953039,-0.0141521788250926,-0.00796070994612679
1.01299702730894,0.331992406114571,-0.0517221829014258,-0.0815947404825763,0.00332710771453799,-0.014116292605031,-0.00882874763320663
1.03276971513684,0.361220050591115,-0.0507180440324481,-0.101852486823275,0.0042189097884251,-0.0141131103133437,-0.00941041597438177
1.04981707276453,0.389286295457404,-0.0499876836499549,-0.122807984231783,0.00494938366544583,-0.0141097908725971,-0.00967266050580207
1.06387051572535,0.416217782438686,-0.0495664158793546,-0.144337497749047,0.00545960083743675,-0.0140618561634863,-0.00959998191580248
1.07482635924659,0.441692665635037,-0.0494362403251724,-0.16605529441845,0.00572377410832482,-0.0139234880419524,-0.00919725626123835
1.08272087630213,0.465080264552257,-0.0495357690997745,-0.187396285327066,0.00574929179566185,-0.013658363038806,-0.00848814245717465
1.08765611775208,0.485586548576956,-0.0497840770588481,-0.207748237201973,0.00556610352682403,-0.0132467126207162,-0.00751005418195041
1.08971138382594,0.50244641737018,-0.0501065003035189,-0.226577319774566,0.00521136807171458,-0.0126865850155943,-0.00630796853151228
1.08887715606593,0.515097541410519,-0.0504519896565673,-0.243508056070244,0.00471612475065277,-0.0119902502350464,-0.004929146627251
1.08503368710223,0.523293273081418,-0.0507979882267579,-0.258349429260264,0.00409808998733048,-0.0111783581282822,-0.00341977944612911
1.07797742529223,0.527139532930143,-0.0511448047455876,-0.27108077223642,0.00336122851729388,-0.0102743998755476,-0.00182358590014663
1.06748336213285,0.527058115613422,-0.0515044353918255,-0.281817367892768,0.00250046980368043,-0.00930098678362015,-0.000181892106278691
1.05338209839437,0.523686790284196,-0.0518890050610656,-0.290771264231256,0.00150916642907556,-0.00827831037327168,0.00146539277556574
1.03562592408374,0.517731998483678,-0.0523028039562329,-0.298214543084634,0.000387042905191183,-0.00722431866933455,0.00307845858532599
1.0143183622236,0.5097987577085,-0.0527402617580464,-0.304444703765772,-0.000853173123189634,-0.00615570057639893,0.00461645290895791
0.989688300753033,0.500234921912121,-0.0531903831008447,-0.30974749845519,-0.00218182432317615,-0.00508865907541587,0.00603700027000815
0.962005291924217,0.489036914955628,-0.053646091490902,-0.314353257018949,-0.00355208480466589,-0.00403865520956002,0.00729676883464731
0.931455981989452,0.475860598793521,-0.0541148055717742,-0.318389070393993,-0.00490383069135121,-0.0030188191738764,0.00835325923275805
0.89802555846425,0.460155245471016,-0.0546252461970315,-0.32183886509348,-0.00617118434988694,-0.00203744893544441,0.00916767387017676
0.861438963235359,0.441393055808227,-0.0552261011223297,-0.324530300531487,-0.00729223702179979,-0.00109565943102706,0.00970839762033223
0.821201755240748,0.419319802015293,-0.0559752540873532,-0.326164267542449,-0.00821858744097034,-0.000186432341439565,0.00995440000356789
0.776739709850155,0.3941312957405,-0.056922789421761,-0.326387114412896,-0.00892216292240531,0.000704146785324545,0.00989781275790047
0.727588001461036,0.366503632683861,-0.0580945593689604,-0.32488460905533,-0.00939755773845369,0.00159361602688071,0.00954503241658919
0.673553940776387,0.337465713434139,-0.0594834751313929,-0.321463690734807,-0.00965957766544355,0.00249891595609188,0.00891594748454188
0.61479032309222,0.308169055436372,-0.0610523255328164,-0.316093134843483,-0.00973718861111793,0.00343272036132509,0.00804132710766582
0.551761598038756,0.279645791748593,-0.0627466858239819,-0.308894475946177,-0.00966598702415894,0.00440146990314828,0.00695895101052625
0.485132825168042,0.252634600513808,-0.0645124207609967,-0.300096314289044,-0.00948132825276559,0.00540536808406568,0.00570944489159256
0.415634422340567,0.227510504707062,-0.0663114509630999,-0.289975773254539,-0.00921352572875166,0.00643971865233492,0.00433277521468402
0.343948530119911,0.204308729301457,-0.0681315116748162,-0.278807848612433,-0.00888555403309348,0.00749658819224188,0.00286598700802455
0.27063959075961,0.182807645368446,-0.0699886457708541,-0.266833073635954,-0.00851292889746024,0.00856594464693606,0.00134229516700236
0.196130003161056,0.162634260207693,-0.0719233566130636,-0.254244073206469,-0.00810510713297276,0.00963589697079911,-0.00020869978304086
0.120710256361892,0.143367560794292,-0.0739921067175288,-0.24118609833717,-0.00766777954617435,0.010692140181583,-0.00176003549993358
0.0445711363104767,0.124628653956707,-0.0762556047419204,-0.227765425226913,-0.00720562016335553,0.0117170365405894,-0.0032860044758615
-0.0321513501791189,0.106155354473003,-0.0787648488740508,-0.214060744278137,-0.00672521841213301,0.0126889271021236,-0.00476065207285801
-0.109324323554469,0.0878610308200398,-0.081545832266917,-0.200134623751257,-0.00623794355689526,0.0135823107509688,-0.00615639455555995
-0.186764555853763,0.0698744559258033,-0.0845844952931446,-0.186043803911488,-0.00576233814461299,0.0143694611287293,-0.00744299587311766
-0.264189903515706,0.0525518134026497,-0.0878148840937234,-0.171848072059021,-0.00532535842769476,0.0150238240608772,-0.00858719574528347
-0.341186052381167,0.0364475602161451,-0.0911150196412068,-0.157617729208209,-0.0049615323981271,0.0155250631737418,-0.0095533510916128
-0.417201768824684,0.0222322968294421,-0.0943155701792797,-0.14343929111901,-0.00470917167964069,0.0158648711811668,-0.0103054407922752
-0.491583815167507,0.0105577993477153,-0.0972245038788184,-0.129418342635408,-0.00460346983532657,0.0160518149002058,-0.010810548255351
-0.56365260488993,0.00189249252856513,-0.0996654796609484,-0.115677916755565,-0.00466772024394491,0.016113014527303,-0.0110433919018191
-0.632802719248693,-0.00362411386046796,-0.101520101035545,-0.102351157732495,-0.00490545241477951,0.0160909968987456,-0.0109907687218427
-0.698596805761891,-0.00625069802019769,-0.10275878249044,-0.0895688845305456,-0.00529687074403503,0.0160358263470413,-0.0106543658649009
-0.760818830571767,-0.00660259617908876,-0.103447070624196,-0.0774454848701658,-0.00580165751853232,0.01599485375289,-0.0100507612235238
-0.819468234299416,-0.00551255734934113,-0.103724522344688,-0.0660684690769483,-0.00636740214656401,0.0160036625302881,-0.00920855351307617
-0.874701791516345,-0.0038493526416792,-0.103765527175443,-0.0554960500906913,-0.00694043753184709,0.0160810727381294,-0.00816374905689132
-0.92674909666386,-0.0023594930081519,-0.103737684394352,-0.0457633674692876,-0.00747531280421195,0.0162289286028826,-0.00695501415353308
-0.975831112906473,-0.00157344363170166,-0.103770737749142,-0.0368938365599032,-0.00794050920688175,0.0164353550800523,-0.00562002368434999
-1.02210188390185,-0.00178241000001366,-0.10394147375778,-0.0289101003710679,-0.00832001123644358,0.0166793245083082,-0.00419336853576171
-1.06562041504358,-0.00306676735510908,-0.104273016440316,-0.0218397556170223,-0.00861174279695384,0.0169347285737929,-0.00270586477855141
-1.10634995971994,-0.00534953069217941,-0.104743529697495,-0.0157132043549902,-0.008824296617665,0.0171730478603736,-0.00118484407058545
-1.14417755982417,-0.00845298515428472,-0.105299227877657,-0.0105532058484508,-0.0089731255901506,0.0173645450228228,0.000344989396227295
-1.17894636410231,-0.012145853524556,-0.105868185568956,-0.00635733999957595,-0.0090768808079913,0.0174784258912489,0.0018604416410392
-1.21049471634558,-0.0161768475424961,-0.106373280134158,-0.00307582616119289,-0.00915417597068201,0.017482636620548,0.00333865894826758
-1.23869740490876,-0.0202961107107815,-0.106743898570932,-0.000588456324570767,-0.00922084524598304,0.0173440050130789,0.00475606477907306
-1.26350472202482,-0.0242688839376019,-0.106926528049705,0.00131390889647027,-0.0092877357271874,0.0170293678094355,0.00608756475950207
-1.28497385120483,-0.027886337996847,-0.106894062874929,0.0029360323519046,-0.00935917417752003,0.0165081548501283,0.00730621322583126
-1.30328524870494,-0.0309774723795935,-0.106652831095515,0.00466506837237151,-0.00943238023329023,0.0157565665986019,0.00838356366305939
-1.31873578259706,-0.0334236291139639,-0.106245422276555,0.00693114572419744,-0.00949815314120531,0.0147629268291072,0.00929089735520984
-1.33170279891291,-0.0351739509722443,-0.105747071861391,0.0101418003747247,-0.00954302428757344,0.0135330703388213,0.0100013766803024
-1.34258070851368,-0.0362569946654131,-0.105254342063088,0.0146009489106709,-0.00955269102253194,0.0120940034742866,0.010492874731643
-1.35170293848281,-0.0367822929444713,-0.104867319019844,0.0204342821919338,-0.00951602288576431,0.0104940066216635,0.0107508699193652
-1.35927176603788,-0.0369274227673139,-0.104669591969587,0.0275474880600544,-0.00942852634094185,0.00879819030147802,0.0107705676714986
-1.36531948170689,-0.0369110026451346,-0.104712024181117,0.0356356911090606,-0.00929417352910116,0.00708011324476537,0.0105575373570545
-1.36971356857712,-0.0369576495494749,-0.105005279002591,0.0442436369846997,-0.00912503500175743,0.00541163416441595,0.0101266507721316
-1.37220138405557,-0.0372639573131336,-0.105522567740363,0.0528566473443841,-0.00893895086810452,0.00385378144848344,0.00949971895642415
-1.3724761688218,-0.03797333248087,-0.106210221423587,0.0609934146090841,-0.00875610006107734,0.00245077886374535,0.00870259584782934
-1.37024273371696,-0.0391632363181785,-0.107001560355666,0.0682766132647958,-0.00859550522571646,0.00122797218516774,0.00776249526981233
-1.36526695390965,-0.0408438001741823,-0.107829737736713,0.0744703800448537,-0.00847227140468453,0.000193090097292507,0.00670597339885342
-1.35740252294662,-0.0429640320574058,-0.108636894609114,0.07948649231554,-0.00839592953686094,-0.000660430438072202,0.00555769504593544
-1.3465960896319,-0.0454213932135367,-0.109378832589137,0.0833684298232204,-0.00836986884680691,-0.00134938251386294,0.00433988312284881
-1.33287587189314,-0.0480716878553773,-0.110025717602526,0.0862639870350739,-0.00839161208965397,-0.00189698520259289,0.00307227025736087
-1.31632965060216,-0.0507379872414526,-0.1105599195498,0.0883948521495673,-0.00845362253707841,-0.0023298825129206,0.00177237955764534
-1.29707717038105,-0.0532189728279198,-0.11097216493035,0.0900280035511663,-0.00854438174013863,-0.00267610265854656,0.000456001591642946
-1.27524070774898,-0.0552982614551774,-0.111256998142859,0.0914505004677735,-0.00864957954462,-0.0029638703534412,-0.000862225961302903
-1.25091666338811,-0.0567568321601904,-0.111408312431035,0.0929469839096314,-0.00875336060853898,-0.00322101828717314,-0.00216820095420037
-1.22415076210013,-0.0573905614628944,-0.111415529256245,0.0947781202043359,-0.00883964138354294,-0.00347468346246128,-0.00344774805152796
-1.19491972812236,-0.0570340481371909,-0.111260904555969,0.0971582380434858,-0.0088935320734382,-0.00375096877721686,-0.00468605390058625
-1.16312283990907,-0.0555903241589487,-0.110918399070395,0.100231399995906,-0.00890286665418401,-0.00407428308741514,-0.00586717854779936
-1.12858708277199,-0.0530637246691334,-0.11035451225718,0.104046962041847,-0.00885976788318064,-0.00446614391828111,-0.00697368484687981
-1.09108912145538,-0.0495903358398967,-0.109531371300564,0.108538066253765,-0.00876206976475893,-0.00494334926839027,-0.00798645353984175
-1.05039539303324,-0.0454576279733159,-0.108412109867419,0.113508985439989,-0.00861431439028536,-0.00551561537681457,-0.00888479185867974
-1.0063178354343,-0.0411032145100224,-0.106968107383096,0.118638867587526,-0.00842797444375218,-0.00618303754129195,-0.00964698004497176
-0.958777265344586,-0.0370837806542392,-0.105187000470497,0.123508828119137,-0.00822058150667838,-0.00693401878434222,-0.0102513945827647
-0.907860510371033,-0.0340107210502614,-0.103079678529742,0.127655100908162,-0.00801361731775268,-0.00774451285101945,-0.0106782507635863
-0.853853886174937,-0.0324592065942005,-0.100684076929953,0.13064279364525,-0.00782936321119875,-0.00857936936335866,-0.0109117985850267
-0.797237995288453,-0.0328695459273749,-0.0980639167703845,0.132144964753985,-0.00768731899583866,-0.00939610797706373,-0.0109425395933488
-0.738638882550004,-0.0354677979731822,-0.0953018289070613,0.132005286004022,-0.00760110181955687,-0.0101506372448632,-0.0107688530512172
-0.678745560456941,-0.0402303183213374,-0.092488196161102,0.130264688662232,-0.00757670212175867,-0.0108036117785786,-0.0103974861947589
-0.61821658590579,-0.0469029915416997,-0.0897086428220681,0.127144022100273,-0.00761254480762878,-0.0113257640555817,-0.00984270715987822
-0.557601536998577,-0.0550667016865231,-0.0870334898679429,0.122990393190337,-0.00770117080914484,-0.0117009116836436,-0.00912437756446673
-0.497295373009105,-0.0642262842157703,-0.084511486635669,0.118206087821644,-0.00783185048808493,-0.0119262292238816,-0.00826552380686145
-0.437530008499502,-0.0738972081970156,-0.0821683899810403,0.113180764674769,-0.0079932950776543,-0.012010282412237,-0.00729002626428503
-0.378395531771417,-0.0836713824669049,-0.0800094454617744,0.108241290010914,-0.00817582864040241,-0.0119698305001168,-0.00622085074474373
-0.319877871071455,-0.0932546403598012,-0.0780241056840164,0.103624380386068,-0.00837273029512484,-0.0118264154109351,-0.00507897525054474
-0.261900289906639,-0.102477791852874,-0.0761913888140928,0.0994698565493219,-0.00858076063982106,-0.0116034502804734,-0.00388295375822432
-0.204360122783189,-0.11128804913989,-0.0744847855150336,0.0958286793685008,-0.00880005460326948,-0.011324135596518,-0.00264895693880078
-0.147156780983794,-0.119728511748179,-0.0728762026121673,0.0926795216740149,-0.00903360121782256,-0.0110102272229733,-0.00139111794362197
-0.0902105982459255,-0.127911899497258,-0.0713388766516986,0.0899489847490111,-0.00928648989052028,-0.0106815055842821,-0.000122046466059186
-0.0334740512571917,-0.135992441614801,-0.0698494413675075,0.0875324155215293,-0.00956503363662273,-0.0103557280085999,0.00114658004899069
0.0230625179449423,-0.144137783997659,-0.0683894161057297,0.0853138720743158,-0.00987581566056212,-0.0100488436439936,0.00240340266139029
0.0793688839166614,-0.152501445701913,-0.066946348249008,0.0831848181558284,-0.0102246632643219,-0.00977527576880506,0.00363677835498505
0.135375636950108,-0.161195904218256,-0.0655147365491563,0.081061542820619,-0.0106155395880127,-0.00954810834352149,0.00483421659039527
0.190977497486012,-0.170266820255888,-0.0640967181570212,0.0789011421298988,-0.0110493625316357,-0.00937904531447726,0.00598188971407427
0.246039813095737,-0.179670118493379,-0.0627023499769842,0.0767152612696436,-0.0115228127213972,-0.0092780459767269,0.00706426908638875
0.300409027563492,-0.189255342362903,-0.0613491922867772,0.0745798490856812,-0.0120272752242014,-0.00925258824235939,0.00806396341643195
0.35392750219297,-0.19876033808876,-0.0600608619382231,0.0726382296407844,-0.0125481579910215,-0.00930658752728412,0.00896186038761621
0.40645194435864,-0.207822984926759,-0.058864325395313,0.0710943350214137,-0.013064908571973,-0.00943911081023417,0.00973768138131623
0.457872989919318,-0.216014231461225,-0.057785992095073,0.0701936002761273,-0.0135520507118945,-0.00964316336259323,0.0103710277153941
0.508131719058333,-0.222892419763353,-0.0568471030120137,0.0701912401315389,-0.0139814193766029,-0.00990494760660947,0.0108429057974953
0.557228088176472,-0.228071720489552,-0.0560593918373798,0.0713115726137635,-0.0143254540061583,-0.0102040219284831,0.0111375631061192
0.605217291850612,-0.231290774136638,-0.0554221750014461,0.0737060839595627,-0.0145609979967759,-0.0105146484343706,0.0112443082240157
0.652193290171905,-0.232463576049392,-0.0549218470540397,0.0774206981767838,-0.0146727137506182,-0.0108082945418416,0.0111588891761551
0.69826331182463,-0.231697988106558,-0.0545340175246195,0.0823815996479851,-0.0146551753301058,-0.0110568602022663,0.0108840626582097
0.743520231022669,-0.229276508501737,-0.0542277048918963,0.0884039730638969,-0.014513059894045,-0.0112359019061809,0.0104291983402001
0.788020441167322,-0.22560590507588,-0.0539703458686627,0.0952210077144213,-0.0142594530260249,-0.0113271109654982,0.00980904524214871
0.831772283455021,-0.221150890835498,-0.0537322942400865,0.102524770821697,-0.0139128537781048,-0.0113195649473445,0.0090420069142088
0.87473608615987,-0.216368976225682,-0.0534898843167351,0.110008479473503,-0.0134937437205919,-0.0112096777748609,0.00814834021164175
0.91683336670627,-0.211659465994177,-0.0532267558153261,0.117401474131822,-0.0130215138687822,-0.0110001285656263,0.00714861228130987
0.95796099205994,-0.207332576881054,-0.0529336715773827,0.124492132398684,-0.0125122462836557,-0.0106982289479783,0.00606259524736908
0.998006121079191,-0.203598269761779,-0.0526073445522424,0.131137958357107,-0.0119775072273329,-0.0103141847848812,0.00490862953412715
1.036858847555,-0.20057047243678,-0.0522488294437664,0.137264797098769,-0.0114240569604355,-0.00985958857173906,0.00370339098803996
1.07442082276642,-0.198281057797269,-0.0518619207973365,0.142858251780463,-0.0108542591319435,-0.00934632413570671,0.00246195913899189
1.11060925630785,-0.196698429852414,-0.051451833831926,0.147950298893304,-0.0102669574649082,-0.00878593024959982,0.00119808610359098
1.14535641291287,-0.195746891908131,-0.0510242929987264,0.152603390909488,-0.00965863274757152,-0.00818937547525164,-7.54141255869433e-05
1.17860510780205,-0.195324419008084,-0.050585043014565,0.156893500952966,-0.00902471654051178,-0.0075671411573502,-0.00134621379743801
1.21030090858594,-0.195317658941559,-0.0501397288301651,0.160892918295724,-0.00836099078783089,-0.00692948179164298,-0.00260199814591177
1.24038193442447,-0.195613823583076,-0.049694053791735,0.164653304495614,-0.00766502889101079,-0.00628672085345443,-0.0038300041126279
1.26876741490095,-0.196109624472194,-0.0492541063820518,0.168189615464665,-0.00693762709249921,-0.00564943940660287,-0.00501660549667604
1.29534657323871,-0.196717623112992,-0.0488267358910822,0.171465950155826,-0.0061841351700805,-0.00502842496545495,-0.00614698810742148
1.31996987982446,-0.197370376159554,-0.0484198521543417,0.174385080931885,-0.0054155295555982,-0.00443427609315756,-0.00720497327613145
1.34244511907925,-0.198022608272079,-0.0480425262465508,0.176784118388142,-0.0046489976415869,-0.0038766146914933,-0.00817306322553892
1.3625407495829,-0.198651384458927,-0.0477047854375687,0.178439092641614,-0.00390775120828074,-0.00336295096658351,-0.00903278756442979
1.37999838196052,-0.199253953608233,-0.0474170374278518,0.179080727717128,-0.00321980524191983,-0.0028973712263629,-0.00976541281705756
1.39455461314373,-0.199842742182372,-0.0471891334047459,0.178421955341659,-0.0026155923709185,-0.00247934829604773,-0.0103530234863853
1.40597002785066,-0.200437108399601,-0.0470291820723906,0.176194755029745,-0.00212455048958968,-0.00210305448888632,-0.0107798915981064
1.41406052094756,-0.201052110417323,-0.046942332570946,0.172190414152103,-0.00177117400555494,-0.00175752370305296,-0.0110339417266569
1.4187242821154,-0.201685662955674,-0.0469298099223239,0.166294681286349,-0.00157132911416024,-0.00142782665478431,-0.0111080334277266
1.41995789217384,-0.202306643599918,-0.0469884692733636,0.158509097008728,-0.00152973295496771,-0.00109712588467183,-0.011000772849277
1.41785738645276,-0.202847065514035,-0.0471110209882309,0.148952750703622,-0.00163927680937267,-0.000749177157838447,-0.010716655365047
1.41260410017341,-0.203200789858813,-0.0472869017910447,0.137843989113966,-0.00188237851080899,-0.000370680524433514,-0.0102655075113981
1.40443905267038,-0.203229449194823,-0.0475035977847865,0.125467050111807,-0.00223397781074891,4.70605878251759e-05,-0.00966137318660993
1.39363203525523,-0.202774041957101,-0.0477481300970316,0.112131988886964,-0.00266538367643063,0.000507470109417794,-0.00892110527974518
1.38045179339367,-0.201669054643814,-0.0480084193761115,0.0981365626113992,-0.00314808775619258,0.0010090051253843,-0.00806294452082571
1.36514213195991,-0.199755615456081,-0.0482743291516656,0.0837364619236872,-0.0036568508868997,0.00154617279982097,-0.00710530573753151
1.34790640934903,-0.196891025561573,-0.048538301636435,0.0691268789196717,-0.00417170818385204,0.00211088307272941,-0.00606589130222043
1.32890068242703,-0.19295347702429,-0.0487955982844263,0.0544353173452585,-0.00467886518219407,0.00269378518244055,-0.00496115644357185
1.30823427581664,-0.187842187822881,-0.0490442182246058,0.0397235875519524,-0.00517067505730617,0.00328534195882777,-0.00380608677218346
1.2859758871924,-0.181474148435492,-0.0492845891258108,0.024996199033554,-0.00564497433936424,0.00387652356993344,-0.00261421924488966
1.26216332856862,-0.173779090826354,-0.049519118037915,0.010212551596139,-0.00610404207659892,0.0044591101705503,-0.00139783515019576
1.23681536351116,-0.164694288614383,-0.0497516679965128,-0.00469900493475281,-0.00655338175749843,0.00502566413459539,-0.000168265175815292
1.20994457327583,-0.15416057408609,-0.0499870007416183,-0.0198263933624452,-0.00700044648250376,0.00556926929653164,0.00106373791483374
1.18157058186665,-0.142120671890138,-0.0502302038551762,-0.0352588180529812,-0.00745336140459608,0.00608314752554323,0.00228759016860192
1.15173317489119,-0.128520676815249,-0.050486105833348,-0.0510716797146833,-0.00791965610425954,0.00656026348467314,0.00349245382049168
1.12050480218397,-0.113315237312295,-0.0507586771113797,-0.0673114521644404,-0.00840500821093164,0.00699302468878148,0.00466682216132106
1.08800165280425,-0.0964766781018713,-0.051050420064868,-0.0839808500763256,-0.00891201906795047,0.00737317893923321,0.0057981379386664
1.05439198240858,-0.0780077998730755,-0.0513617672506902,-0.101025204731972,-0.00943909051782035,0.00769200227967945,0.00687248370644233
1.01989978426566,-0.0579573300880133,-0.0516905342619867,-0.118321787887734,-0.00997954200039761,0.00794084990566369,0.00787440138066455
0.984801465209518,-0.036435930916212,-0.0520315083334928,-0.135674692959509,-0.0105211824771018,0.00811209839854275,0.00878691943684243
0.949413273600486,-0.0136294214584498,-0.0523762875657489,-0.152818449296112,-0.0110466009618762,0.00820042961051023,0.00959188011880168
0.914068238221324,0.0101951737949559,-0.0527135020823014,-0.169433300103672,-0.0115344169943293,0.00820429374336875,0.0102706498962908
0.879083579613477,0.0346953107747697,-0.0530295250951283,-0.185173482737404,-0.01196159159115,0.00812726128849877,0.0108052457451566
0.844722731371929,0.0594733891090265,-0.0533097016036233,-0.199706722197851,-0.01230662772492,0.00797889126680393,0.0111798110793007
0.81115932449833,0.0841117041727385,-0.0535399824259044,-0.212758978333653,-0.0125531353642028,0.00777473545952486,0.0113822345152712
0.778452100408711,0.108216357477232,-0.0537086892210726,-0.224154923521078,-0.0126929574566195,0.00753528842068029,0.0114055921849391
0.746538261733407,0.131460863360184,-0.0538080414977334,-0.233843753142944,-0.0127280108362284,0.00728397571929091,0.0112490570921503
0.715248101500736,0.153618326335224,-0.0538350719408049,-0.241902838126821,-0.0126702853443341,0.00704457897379184,0.0109180192446767
0.684337432030669,0.174574202019302,-0.0537917162959083,-0.248518079853439,-0.0125399905089102,0.00683869059388649,0.0104233761330116
0.653529285384731,0.194317616449198,-0.0536840875028351,-0.253946645824539,-0.0123623852030818,0.00668374446165913,0.00978018788084069
0.622554723776548,0.212915633040363,-0.0535211508371379,-0.258472115201521,-0.0121641316930751,0.00659193624718627,0.00900604207744494
0.591184634013873,0.230478802667461,-0.053313122102314,-0.262362377323801,-0.0119699837501466,0.006570049083473,0.00811948438900266
0.559248503258143,0.247126726581051,-0.0530698978801661,-0.265837621406392,-0.0118003394257482,0.00661997138728655,0.00713876769253227
0.526640281578653,0.262960029712011,-0.0527997340657376,-0.269051469575585,-0.0116698410654801,0.00673959711634404,0.00608102639323969
0.49331413087437,0.278041801961664,-0.0525082730139643,-0.272084643761763,-0.0115869332856537,0.00692381939704577,0.00496185996213399
0.45927382689534,0.292388674680756,-0.0521979228784307,-0.274948446475907,-0.01155414987562,0.00716541193620253,0.00379524120691602
0.424559259993928,0.30596993385774,-0.0518675329486759,-0.277594749133777,-0.0115688756718741,0.00745568790228528,0.00259364724946544
0.38923252943326,0.318712430352122,-0.0515122857992198,-0.279929605822482,-0.0116243724675769,0.00778490447646846,0.00136832517019242
0.353365083145548,0.330509195163989,-0.0511237330528808,-0.281828477092843,-0.0117109255122261,0.0081424354241637,0.000129630034667776
0.317026526308727,0.34123021756131,-0.0506899279376107,-0.283151945373089,-0.0118170314441745,0.00851676776231985,-0.00111260233396831
0.280275217048519,0.350734492648143,-0.0501956474589966,-0.283761501933385,-0.0119305963097437,0.00889539926697241,-0.00234866771565971
0.243150579182131,0.358882993274949,-0.0496227437639252,-0.283535384503724,-0.0120401389365919,0.00926472749890873,-0.0035686012112607
0.205667129435837,0.365552548054924,-0.0489507111728665,-0.282384510817577,-0.0121359991772757,0.00961003170902626,-0.00476178851537634
0.167810458573084,0.370650637856009,-0.0481575925881507,-0.280268280483525,-0.012211532260979,0.00991565637451466,-0.00591659425389572
0.129535733844474,0.374130809841095,-0.0472213622064882,-0.277209418777053,-0.0122642303200492,0.0101655050084085,-0.00702003384965762
0.0907696010589438,0.376007737892715,-0.0461218915157856,-0.273306166274361,-0.0122966534071991,0.0103439364047846,-0.00805753610372292
0.0514165239749842,0.376369991483121,-0.0448435114305165,-0.268739127225284,-0.0123169848024177,0.010437109578377,-0.00901287007156295
0.0113704353968863,0.3753875140527,-0.0433780114017824,-0.263769291148886,-0.0123389703897277,0.0104347345132663,-0.00986833436076491
-0.0294680985133629,0.373310073692033,-0.0417276769288245,-0.258723656999066,-0.0123809952059513,0.0103320478084436,-0.0106053142875649
-0.0711702987084145,0.370453162595861,-0.0399077158015996,-0.253966163764368,-0.0124641370685467,0.0101316628682773,-0.0112052805855112
-0.113756077220124,0.367169631577486,-0.0379472719542979,-0.249854723087356,-0.0126092502174151,0.00984479868827478,-0.0116512138655093
-0.157174086520077,0.363808946724822,-0.035888317036064,-0.246689776854863,-0.0128334542158644,0.0094913604019377,-0.0119292953455503
-0.201290402019239,0.360670579357014,-0.0337821116774156,-0.24466451590752,-0.0131467240821819,0.0090985164496462,-0.0120305507391273
-0.245890182132491,0.357961626317538,-0.0316836662252133,-0.243829134198949,-0.0135494620189506,0.00869780297273717,-0.0119520505018211
-0.290693606093964,0.355769372337901,-0.0296452428531259,-0.244079435656512,-0.0140317476196467,0.00832126675830144,-0.0116973299815722
-0.335383077486893,0.354055691455184,-0.0277104014555215,-0.245173357739474,-0.0145745359614599,0.00799751019567053,-0.0112759016031801
-0.379635372089984,0.352673720981639,-0.0259098860816588,-0.246770650858629,-0.0151524647269896,0.00774853797317863,-0.0107020020930782
-0.423151408351292,0.351400847130019,-0.0242600631443707,-0.248484681438282,-0.01573749979144,0.00758800383525571,-0.00999292082207677
-0.465677965784148,0.349978600108415,-0.022763870891812,-0.249933751588687,-0.0163025364252155,0.0075209815130897,-0.009167306814018
-0.507018828455884,0.348150367579649,-0.0214136601405075,-0.250782178131522,-0.0168242735230205,0.00754496414920237,-0.00824376089634348
-0.54703593155811,0.345690771033385,-0.0201950513893039,-0.250766386396699,-0.0172850307966325,0.00765157821525275,-0.00723986199802794
-0.585643083680686,0.34242421331743,-0.0190909721504596,-0.249705976372503,-0.017673508837971,0.00782849377435616,-0.00617163339382755
-0.622795500424355,0.33823304115318,-0.0180852425021383,-0.247502708613589,-0.0179847001816698,0.0080611447915873,-0.00505336834741025
-0.658478060038592,0.333057411245914,-0.0171653199277352,-0.244131461515782,-0.0182192340538414,0.00833404598066782,-0.00389770673030698
-0.692694392241799,0.326889431768449,-0.0163240191661531,-0.239626964434496,-0.0183824169985251,0.00863164172666385,-0.00271586452819031
-0.725458043801143,0.319763890036925,-0.0155601621258716,-0.234069190043454,-0.0184831647399929,0.00893872292367195,-0.00151794402300214
-0.756786243713246,0.311747284183575,-0.0148781918783342,-0.227569209903657,-0.0185329443500964,0.00924050142070744,-0.000313278613218137
-0.786696280782853,0.302926240472195,-0.014286822562793,-0.220256370509941,-0.0185447807098725,0.00952245310566215,0.000889214109282867
-0.815204187848382,0.293395879821968,-0.0137968169913967,-0.212266952316571,-0.0185323358072471,0.0097700444306365,0.0020806855461759
-0.842325244965414,0.283248370586117,-0.0134180088169777,-0.203734054871722,-0.0185090451831843,0.00996845443935226,0.00325202469042021
-0.8680757156321,0.272561792426566,-0.0131557365149033,-0.19477828980377,-0.0184872914785936,0.0101024009973167,0.00439355089449029
-0.89247517780469,0.261389534758266,-0.0130069473760416,-0.185498932215624,-0.0184776081301737,0.0101561768011469,0.00549474340355764
-0.91554878106547,0.249750742670147,-0.0129563676293856,-0.175965453206276,-0.0184879337154449,0.0101139939831349,0.00654402801772688
-0.937328750302618,0.23762275771144,-0.0129733104033861,-0.166209797640512,-0.0185229746951028,0.00996071769617379,0.00752865263423439
-0.957854484267432,0.224936985337244,-0.0130098715571039,-0.156220317834688,-0.0185837737361662,0.00968302798510424,0.00843469683240788
-0.977170703626186,0.211579983461163,-0.0130013737777192,-0.145938802032079,-0.0186676100669029,0.00927097488588755,0.00924727162924614
-0.99532334211551,0.197401546870711,-0.0128698539102797,-0.135262339963514,-0.0187683599781701,0.00871978040529387,0.00995096584468434
-1.01235329231129,0.182230859663107,-0.0125310262092971,-0.124051575710143,-0.0188774006241679,0.00803160603184703,0.010530574280504
-1.02828870674576,0.165900210054089,-0.0119044253330637,-0.112145973042536,-0.0189850376060937,0.00721688456364775,0.0109720913349274
-1.04313720334935,0.148273458927094,-0.0109254172151687,-0.0993850395866114,-0.0190822875521275,0.00629477293897067,0.0112638739396786
-1.05687979543323,0.129274103646262,-0.00955676723628029,-0.0856324083313164,-0.0191626948855081,0.00529238133459866,0.011397791367429
-1.06946837143883,0.108906489158736,-0.00779695182279998,-0.0707980626401629,-0.0192237764084904,0.00424269227772371,0.0113701261441277
-1.08082791046893,0.0872644980271529,-0.00568281176431452,-0.0548537208986649,-0.0192677295328126,0.00318143907956155,0.0111820093914667
-1.09086345068994,0.0645250615017569,-0.00328551719220145,-0.0378379024851761,-0.0193012189733628,0.00214352795465404,0.010839276224469
-1.09947055394735,0.0409280294776327,-0.000700667831009721,-0.0198500224527306,-0.0193343092228503,0.00115971986572647,0.0103517780491984
-1.10654715652579,0.0167475413065871,0.00196509272607415,-0.00103582456117186,-0.0193788305553396,0.000254177837746357,0.00973232451071082
-1.11200459110275,-0.0077384029505643,0.00460793531309561,0.0184316492598148,-0.0194465695557765,-0.000556804539987579,0.00899549350715352
-1.11577604938747,-0.0322741889473808,0.00713854221845342,0.0383710857716035,-0.0195476411085692,-0.00126490539303838,0.0081565295031627
-1.11782189271937,-0.056645149446231,0.00949011246470159,0.0586084990519745,-0.0196892773356379,-0.00186897714749631,0.00723047487881719
-1.11813167615116,-0.0806872649477319,0.0116222451509972,0.0789876142594344,-0.0198751162142873,-0.00237371013645183,0.00623159168601762
-1.11672370023416,-0.104289095677379,0.0135212310488458,0.0993747260664705,-0.020104960068243,-0.00278812050475172,0.00517306178490802
-1.11364286535362,-0.127387863623186,0.0151976745060142,0.119658722834653,-0.0203749052428937,-0.00312412901020215,0.00406691690641945
-1.10895759031218,-0.149961792961247,0.0166824277802614,0.139747425690834,-0.0206777280549107,-0.00339539324657411,0.00292414015712115
-1.10275628009717,-0.172020403074593,0.0180216166555553,0.159561474639051,-0.0210034282220808,-0.00361645898242343,0.00175488663952383
-1.09514349628289,-0.19359383282844,0.0192712394322641,0.17902689209543,-0.0213398642951732,-0.0038022241165854,0.000568782768501835
-1.08623566562996,-0.214721686153601,0.0204915408654838,0.198067320820316,-0.0216734528028676,-0.00396766081352706,-0.000624724806156799
-1.07615591322107,-0.23544146741099,0.021741167768628,0.216596856518805,-0.0219899345659858,-0.00412771203793112,-0.0018159918336329
-1.06502746900646,-0.255776493588826,0.0230710417652108,0.234514402430848,-0.022275231413651,-0.00429726144971933,-0.00299478803731246
-1.0529651143438,-0.275723266363328,0.0245179551533652,0.251700539425055,-0.0225164194213482,-0.00449106592898546,-0.0041499155382745
-1.04006435744211,-0.295238676482131,0.0260981108428681,0.268017961703654,-0.0227028268704307,-0.00472353687949536,-0.0052688573853614
-1.02638850519335,-0.314228079115041,0.0278011690768765,0.283316466709875,-0.0228272237681494,-0.00500826329064333,-0.00633749061228293
-1.01195456519699,-0.332536139710675,0.0295857792524931,0.297443174490968,-0.0228870052733807,-0.00535719435993952,-0.00733991591619088
-0.996719932906031,-0.349943204299036,0.0313779558153443,0.310257957525864,-0.022885190385719,-0.00577945388938729,-0.00825847847314098
-0.980572926877699,-0.366170428335865,0.0330738226937293,0.321652922229139,-0.0228309779451931,-0.00627985359905642,-0.00907407409976011
-0.96333105300464,-0.380896482855871,0.0345479634403149,0.331573289728491,-0.0227395590249174,-0.00685730864395111,-0.00976683607393769
-0.944750809504277,-0.39378683131256,0.0356676599685906,0.340035524575817,-0.0226309277860783,-0.00750351172721397,-0.010317258100429
-0.924551245636769,-0.404533195760072,0.0363116613425409,0.347137693677866,-0.0225276081946312,-0.0082023311158292,-0.0107077109409524
-0.902450109826321,-0.41289661387146,0.0363901749348918,0.353057569217913,-0.022451525015393,-0.0089303736465147,-0.0109241631679743
-0.87820696535777,-0.418744161612732,0.0358613501973441,0.358036380134976,-0.0224206108114688,-0.0096589274516212,-0.0109577728826487
-0.851663922434974,-0.422069114678163,0.0347396003128512,0.362349986429959,-0.0224459859787585,-0.0103570946471161,-0.010805961253445
-0.822773791500422,-0.42298815346887,0.0330931128711974,0.366273203946401,-0.0225305028107919,-0.0109954955546615,-0.0104726741604573
-0.791608528647353,-0.421716030167601,0.0310311973081483,0.370045236016251,-0.0226690646379191,-0.0115496915726223,-0.00996776811114745
-0.758346694136593,-0.418524816837282,0.0286852002018401,0.373843587711127,-0.0228505719716346,-0.0120025691702469,-0.00930571610739051
-0.723244567478243,-0.41369837103199,0.026188178820784,0.377770840166999,-0.0230608746185897,-0.0123453005598765,-0.00850399336098281
-0.686599056507483,-0.407491936244327,0.023657949045668,0.381854791501956,-0.0232859199106797,-0.0125769479495111,-0.00758151243748352
-0.648710769674158,-0.40010311406889,0.0211861972098232,0.386059353338912,-0.0235144010289068,-0.0127031060770877,-0.00655736596292756
-0.609853456370142,-0.391656092057989,0.0188341801212938,0.39030206470209,-0.0237394976319292,-0.0127340933450379,-0.0054499845594786
-0.57025302146758,-0.38219776441574,0.0166339615859258,0.394474070600253,-0.0239596030581552,-0.012683138343613,-0.00427669746377698
-0.530076748244719,-0.371702878593792,0.0145934129362446,0.398459328902284,-0.0241781448307284,-0.012564855572158,-0.00305362006319802
-0.489431784704567,-0.360085323415683,0.012703181043372,0.40215102585935,-0.0244027021652682,-0.0123941425770287,-0.00179577780366295
-0.448371351620642,-0.347213532303164,0.0109441851615407,0.405464255234067,-0.0246436315887689,-0.0121855043699432,-0.000517387361066001
-0.406907199916666,-0.332929116850517,0.00929466185311878,0.408344726872702,-0.0249123739809679,-0.0119527304187737,0.000767766120450227
-0.365027176782312,-0.317068821968787,0.00773615819518467,0.410773563495401,-0.0252195745577078,-0.0117088072648645,0.00204590382227281
-0.322716971629087,-0.299490367211778,0.0062581039882909,0.41276817929963,-0.0255731306320679,-0.0114659338008612,0.00330282377892246
-0.27998490278573,-0.280102435652802,0.00486067974198704,0.414378958449613,-0.0259763044760205,-0.0112355072189796,0.00452351443000843
-0.236887814413356,-0.258897795966953,0.00355570168829553,0.415681194202248,-0.0264260973712384,-0.0110279621683434,0.00569186681861757
-0.193554852977702,-0.235986297296415,0.00236526851817675,0.416761802307511,-0.0269121539412715,-0.0108523759495279,0.00679054917685693
-0.15020448397778,-0.211621666275297,0.00131806910878361,0.417700971916344,-0.0274165122223516,-0.0107158039590966,0.00780110907954662
-0.107149325139124,-0.186213647931887,0.000443615646692366,0.418550295884323,-0.0279144830620546,-0.0106223854190035,0.00870435626996455
-0.0647840844935245,-0.160316567238803,-0.000234771249393919,0.419310807506511,-0.0283767904305804,-0.0105723539929562,0.00948104895063703
-0.0235546789879606,-0.1345883290681,-0.000706794398538675,0.419916040734313,-0.0287728299040788,-0.010561180495909,0.0101128584547949
0.0160887612032061,-0.109720711498069,-0.000980033728171645,0.420225690171191,-0.0290745681433164,-0.0105791302966622,0.0105835295473056
0.0537471193748031,-0.086351094453549,-0.00108119897964382,0.420033816958387,-0.029260333779072,-0.0106114977738405,0.0108800993938666
0.0891241468578432,-0.0649740441575659,-0.00105299199918195,0.419091821327853,-0.0293176735273302,-0.0106396631559523,0.0109940016868587
0.122062888991782,-0.0458743275123794,-0.000947088473263136,0.417141775049243,-0.0292446365290286,-0.0106429186138134,0.0109218748104288
0.152558062275987,-0.0290985148716734,-0.000815023320281493,0.413952152127619,-0.0290492567881034,-0.0106007872139926,0.01066592161813
0.180742080644942,-0.0144713920734994,-0.000699454482264066,0.409347195914588,-0.0287474751389886,-0.010495391370978,0.0102337358029404
0.206849365499881,-0.00165032469925329,-0.000628070949603738,0.403223478048808,-0.0283600995282384,-0.0103133880369256,0.0096376082203558
0.231168625644015,0.00979908233181816,-0.000611417206200123,0.395551474222411,-0.0279095330621183,-0.0100471007558201,0.00889343231650894
0.253994357181317,0.0203257130432804,-0.000644601210287546,0.386364269548656,-0.027416901674465,-0.00969470403633321,0.00801940617928255
0.275586858330701,0.0303300329292133,-0.000711788265296286,0.375738235181308,-0.0268999740676483,-0.00925956546684945,0.00703475143037183
0.29614594582003,0.04012400172442,-0.000791898905354705,0.363771162472529,-0.0263719997089834,-0.00874903485924398,0.00595863236999211
0.315799188196303,0.0499146107743598,-0.000864038494404735,0.350562362775072,-0.0258413826954714,-0.00817303786991806,0.00480938466539506
0.334602295161655,0.0598065923856257,-0.00091166492059903,0.336197538583978,-0.0253119966843554,-0.00754279017453044,0.00360408420375712
0.352547874680186,0.0698176890431077,-0.000925066002138642,0.32073959525525,-0.024783922279558,-0.00686984103918633,0.00235842835216372
0.369578851669527,0.0799001572498527,-0.000902168198945289,0.304225419520272,-0.0242544243568852,-0.00616553227873922,0.00108687243499668
0.385603819305377,0.0899637719871235,-0.000847954922972358,0.28666808008346,-0.0237190501436836,-0.00544085450923664,-0.00019704112803197
0.40051285107243,0.0998974989206763,-0.0007728539394825,0.26806377073261,-0.0231727932105928,-0.00470660981188327,-0.0014802157216172
0.414193402113128,0.109588607087741,-0.000690422912286995,0.248402889672421,-0.0226113160864022,-0.00397374471882495,-0.00274944006421064
0.426546619453428,0.118939050187009,-0.000614591599545728,0.227684677243036,-0.0220322429899224,-0.00325368948606351,-0.00399077542345644
0.437504509401841,0.12787939941725,-0.000556668900890294,0.205934579537206,-0.0214365149725017,-0.00255852146199424,-0.00518894035454449
0.447047864545648,0.136380497667668,-0.000522335652720489,0.183222787917559,-0.0208297357677745,-0.00190076455468699,-0.00632676604434555
0.4552235879324,0.144462392924481,-0.000508939330039709,0.159681206602819,-0.0202233290774845,-0.00129266016873789,-0.00738482950620944
0.462158246913942,0.152199152537443,-0.000503568498117827,0.135514702995862,-0.0196351973955601,-0.000744825335430101,-0.00834140608400672
0.468062945539788,0.159717196663322,-0.000482545593178833,0.111001558203293,-0.0190894699598136,-0.000264374736882047,-0.00917289859785773
0.473223987868761,0.167184386547488,-0.000413014923680084,0.0864784999765408,-0.0186149350551231,0.000147181600039333,-0.00985487314394198
0.477975517138182,0.174787953730359,-0.0002570724440569,0.0623084158372614,-0.0182419573911515,0.000495706443501978,-0.0103637352153892
0.482654943167845,0.182701941793588,2.17114460685734e-05,0.0388339157957911,-0.0179981188475928,0.000795174897211628,-0.0106789049350847
0.487548583004701,0.191048888424447,0.000450418975086075,0.0163260030002434,-0.0179033939054117,0.00106680547317108,-0.0107851331297696
0.492840764114162,0.199864539283763,0.00103948119828756,-0.00505860702882602,-0.0179661228583854,0.00133642852218245,-0.010674436537937
0.498581155866768,0.209076059486749,0.00177821522882389,-0.0252984714729139,-0.0181810635610497,0.00163055867007638,-0.0103471361647415
0.504680435652055,0.218501565255837,0.00263489698465133,-0.044499793909039,-0.0185302445696435,0.00197216764418525,-0.00981170622810293
0.510935213160808,0.227872163622211,0.00356161911976219,-0.0628625491436575,-0.0189864127224288,0.00237729789522712,-0.00908350218864654
0.517073891828448,0.236870059595175,0.00450250487494789,-0.0806306594246254,-0.0195180294766139,0.00285332484738148,-0.00818276289851126
0.522810087079804,0.245171500723689,0.0054027751017946,-0.0980396751295535,-0.0200944270996852,0.00339905093250146,-0.00713242619171326
0.52789071368401,0.252483378866979,0.00621617413110045,-0.115273407215869,-0.0206899652668001,0.0040062177830806,-0.00595622987140861
0.532130175366398,0.258566311312066,0.00690918210268227,-0.13243598607059,-0.021286588732455,0.00466170763782917,-0.00467737245261671
0.535427499557099,0.263242215635179,0.00746171283723306,-0.149540806945192,-0.0218747501690113,0.005349674329351,-0.00331780728151245
0.537767230990323,0.266388658938461,0.00786500188028919,-0.166514345163837,-0.0224530035417234,0.00605310405988399,-0.00189809627235128
0.53920715310287,0.267924218790365,0.00811793528241166,-0.183211686573482,-0.0230266721460136,0.00675455025550239,-0.000437702422109785
0.539856237040475,0.267789420836437,0.00822311983154977,-0.199440933103734,-0.0236059095189762,0.00743607472990626,0.00104440310224859
0.539845744188244,0.265927113351158,0.0081837826483528,-0.214994769969579,-0.024203318928556,0.00807861293484329,0.00252891627099414
0.539295821812734,0.262265346685534,0.00800226874953114,-0.229688404338947,-0.0248311649382501,0.00866111875665643,0.00399523240997693
0.538279967816121,0.25670542182981,0.00768057141425172,-0.243403025517546,-0.0254981694189173,0.00915994608716973,0.00542040717567522
0.536790872412843,0.249117842454967,0.00722296440560421,-0.256132228179429,-0.0262059884410899,0.00954900062481116,0.00677815004905109
0.53471349693422,0.239349064851012,0.00664032184384639,-0.268025107396758,-0.0269457511390265,0.00980121489331935,0.0080380349583974
0.531814300983882,0.227241317445871,0.00595503774593983,-0.279414338148483,-0.0276954881922912,0.00989177295299745,0.00916524561777148
0.527757639497916,0.212665174978484,0.00520466941369618,-0.290812438795642,-0.0284197374990453,0.00980310245489278,0.0101213198300424
0.522158492061735,0.195559294599088,0.00444191569110869,-0.302858921328558,-0.0290727329610776,0.00953086446789392,0.0108663977018943
0.514671418059551,0.175964982402544,0.00372901872921454,-0.316211051143147,-0.0296058603200031,0.00908914603474413,0.0113632176205199
0.505098497702535,0.154039471869447,0.00312674629537207,-0.331394273369361,-0.0299782511507162,0.00851236975525285,0.0115824064338244
0.493481069682445,0.130036891608333,0.00268131531873245,-0.348657114390315,-0.0301671155839869,0.00785193460758983,0.0115076739437073
0.48013535143387,0.104261386769199,0.00241491553474453,-0.367889186445947,-0.0301733372452974,0.00716765694232024,0.0111389956461071
0.465610441527506,0.0770145235352684,0.00232453191929655,-0.388641490332408,-0.030019430819284,0.00651672089488785,0.0104924112571803
0.450580917958642,0.0485652558022431,0.00238947203159119,-0.410241527067218,-0.0297406666946639,0.00594417111352683,0.00959655738812343
0.435712687664484,0.0191590480946825,0.00258333508488897,-0.431953214259403,-0.0293734654940953,0.00547793497126036,0.00848746696264865
0.421543783381794,-0.0109389900441915,0.00288439818426627,-0.453121253295133,-0.0289458616148458,0.0051288620226399,0.00720354797749037
0.408405822130161,-0.0413897627495491,0.00328015718194181,-0.473260898862752,-0.0284729912152073,0.00489416554625001,0.00578200689301276
0.396392778897093,-0.0717421532612941,0.00376514079249482,-0.492085259490674,-0.0279578676294692,0.00476197358234788,0.00425703863517722
0.385372310508229,-0.101430442525977,0.00433393497932952,-0.509483906268992,-0.0273957099929989,0.00471520255745501,0.00265948645770616
0.375031236408148,-0.129810454543593,0.00497259595816821,-0.525473324091457,-0.0267793729313323,0.00473389763134977,0.00101749839363189
0.36494633318185,-0.156222154013953,0.00565141298209404,-0.540136161247671,-0.0261038463003046,0.00479599030281889,-0.000642224495491623
0.354671287329611,-0.180058291469345,0.00632100416668415,-0.553559072590991,-0.0253688724551849,0.00487693053203295,-0.00229288661747628
0.343830165545981,-0.200820910774443,0.00691278229771829,-0.565773239117289,-0.024579858733572,0.00494891031313347,-0.00390600697702468
0.33220725031296,-0.218157185689036,0.00734438376780667,-0.576700052073655,-0.0237479292509497,0.00498051575989119,-0.00545002252227045
0.319821584258941,-0.231876603269505,0.00753057397734897,-0.586107529599483,-0.0228899477041964,0.00493767523082168,-0.00688936877087472
0.306971075858941,-0.24195719625723,0.00739971901904244,-0.593589237677027,-0.022028779648527,0.00478664741583017,-0.00818439312386013
0.294227070739294,-0.248547180984229,0.00691430799982147,-0.598582861956552,-0.0211932910403781,0.0044993462117181,-0.00929252896674502
0.282361413709675,-0.251961571684245,0.00609099707312454,-0.600443904904305,-0.0204170237405646,0.00406037267658498,-0.010171119513028
0.272201738743472,-0.252665545904642,0.00501242007814785,-0.598575156397225,-0.0197345766763665,0.0034738306318861,-0.0107819442975023
0.264439625007942,-0.25123362526228,0.00382235922042159,-0.592584791885275,-0.0191757054738799,0.00276698227153766,-0.0110967697299619
0.259449161815149,-0.248280855371987,0.00270055279879996,-0.582418422068779,-0.0187587322121346,0.00198808464636973,-0.0111023774471209
0.257185757187551,-0.244377367918607,0.0018228416589879,-0.568406164143514,-0.018485993556664,0.00119788912286993,-0.010803185887114
0.257207900004496,-0.239970888429633,0.00132092844116599,-0.551197918746739,-0.0183436234760116,0.000457349531289772,-0.0102203192034741
0.258809073204179,-0.235341832226134,0.00125704895275564,-0.531612372126509,-0.0183059537619275,-0.000184032298478632,-0.00938750376951104
0.261200318830301,-0.230601588377208,0.00162121679593078,-0.510461814609353,-0.0183426158367903,-0.000695469074732288,-0.0083454418619317
0.263675172696247,-0.22572665939449,0.00234815897124915,-0.488413419882817,-0.018425553548595,-0.00106652526463018,-0.00713652625718591
0.265714250162695,-0.220610643693692,0.003344379800228,-0.46591759741051,-0.0185338681513993,-0.0013043423017166,-0.00580106016463585
0.267021693523565,-0.215115814344138,0.00451520358218219,-0.44320091720972,-0.0186558195632824,-0.00142874693954134,-0.00437524350373134
0.267509318942779,-0.209112323355127,0.00578499318541906,-0.420302315872745,-0.018788424808793,-0.00146728216656209,-0.00289060921763321
0.267251501679123,-0.2025004738089,0.00710783181375868,-0.397128590434094,-0.0189355451628337,-0.00145132739122603,-0.00137442432726725
0.266429879399573,-0.195216906504728,0.0084688732541106,-0.373511727474258,-0.019105277503235,-0.00141361967773324,0.000149359385487098
0.26527898998634,-0.187228301768335,0.00987792343718536,-0.349259255305995,-0.0193071655930117,-0.00138692116411302,0.00165888650800448
0.264036776120567,-0.178517011815194,0.0113570846256401,-0.324195500504272,-0.0195494592709478,-0.00140330229971782,0.00313308548052166
0.262899560594245,-0.169062943675191,0.0129241864841654,-0.298195123128277,-0.0198364920816874,-0.00149343394780909,0.00455038027438745
0.261980059289143,-0.158825815324311,0.0145738732481718,-0.271210808932332,-0.0201662537333094,-0.0016853266437508,0.00588753615417724
0.26126896135528,-0.147731995015828,0.0162590040658278,-0.243295230946417,-0.0205283863314329,-0.00200210201988861,0.00711878704000716
0.260604829944256,-0.135670395493462,0.0178764734353723,-0.214614285926527,-0.0209030741961301,-0.00245866339613517,0.00821546865277312
0.259662051239433,-0.122501675633527,0.0192631099077256,-0.185445500193082,-0.0212615072798885,-0.00305759906565163,0.00914646649060966
0.257969451927102,-0.10808317775452,0.0202076403541006,-0.15615441588818,-0.0215685830444687,-0.0037852842518957,0.00987980092963896
0.254969037600415,-0.092307544699294,0.0204819852791639,-0.127145128918173,-0.0217880525569132,-0.0046097446346095,0.0103854907590482
0.250112178905432,-0.0751461116076907,0.0198883228441792,-0.0987901036094635,-0.0218893524547204,-0.00548197449231291,0.0106393805033135
0.242971937906007,-0.0566819723628346,0.0183092542062094,-0.0713562237760935,-0.021854238161455,-0.00634160863667181,0.0106270020622025
0.233335341963599,-0.0371172246183767,0.0157425624738186,-0.0449514013177231,-0.0216807957156485,-0.00712613844112007,0.0103461526717981
0.221241023923526,-0.0167472824123345,0.0123053165122027,-0.0195115405430479,-0.0213831398725024,-0.00778108373477274,0.00980712160738927
0.206948988527262,0.0040908811048471,0.00820473608491695,0.00516882727555373,-0.0209868626424664,-0.00826789545898832,0.00903041339533447
0.190858060093111,0.0250791674096453,0.00368748705136768,0.0293771358190946,-0.0205220753858005,-0.00856743064722978,0.00804283521671539
0.17340510173927,0.0459686670518562,-0.00101388884979814,0.0534175692051892,-0.0200165262788726,-0.00867886215205598,0.00687335792650201
0.154980916938429,0.0666072343846426,-0.00572164264186329,0.0775564936019314,-0.0194906884781297,-0.00861562103678145,0.00555011093914188
0.135885588261608,0.086940362524665,-0.0103334355265994,0.101981337772866,-0.0189555491507915,-0.00840066619238056,0.00409949027996242
0.116324331867112,0.106994049314841,-0.0148249257110016,0.126773417287438,-0.0184127403002551,-0.00806286672345172,0.00254732743040271
0.096421786879334,0.126860892996529,-0.0192412012197605,0.151909982801772,-0.0178560689665943,-0.00763478976268807,0.000920341966352149
0.0762383142319882,0.146696628286896,-0.0236799252741335,0.177303461412261,-0.0172738948650394,-0.00715121700795635,-0.000753677859641288
0.0557974370950949,0.166707094028737,-0.0282639113580347,0.20285198739739,-0.0166524758119613,-0.00664828306247484,-0.00244602668050387
0.035131417367752,0.187107121060545,-0.0331032856762167,0.22847225837249,-0.0159803776243944,-0.00616340115750852,-0.00412610578340244
0.0143329663490141,0.208049946091526,-0.0382515949643876,0.254108610773145,-0.0152537009833325,-0.00573526706110249,-0.00575938316209609
-0.00640419051131963,0.229532317840266,-0.0436622240131495,0.27972113492107,-0.0144816573197782,-0.00540249027864183,-0.00730510725890871
-0.0267713411513952,0.251288781028424,-0.0491554017271327,0.305255319490406,-0.013691469157833,-0.00519941056713969,-0.00871465703593471
-0.0463710514737964,0.272707308148271,-0.0544119706945134,0.330599052652459,-0.0129305797853814,-0.00514845957695279,-0.00993158812544876
-0.0647911868993061,0.29281898637417,-0.0590120768866092,0.355541153069275,-0.0122633559937754,-0.00525025496967227,-0.010894625229417
-0.0817179801592993,0.310414816075346,-0.0625263718827181,0.37975356776422,-0.0117600993538414,-0.00547524040455766,-0.0115444441337848
-0.0970545190639082,0.324298583908238,-0.0646403678534228,0.402817194717459,-0.0114793652153413,-0.005762516974719,-0.0118335157396868
-0.110992105227603,0.333600539025166,-0.0652617367203204,0.424292169489782,-0.0114495286361361,-0.00602995929016554,-0.0117359527935155
-0.123990780040506,0.338010060378809,-0.0645540932008869,0.443805872901342,-0.0116584518714116,-0.00619393868658574,-0.0112530743424131
-0.136667345974175,0.337808874810482,-0.062876180655921,0.461118472105798,-0.0120570917106121,-0.00619060785015188,-0.010412057295807
-0.149637709087272,0.333697412291541,-0.0606594801590943,0.476139718721835,-0.0125751309155368,-0.00598937112014672,-0.00925873555277014
-0.163378487532255,0.32651455329075,-0.0582856462083168,0.488899050648786,-0.0131405078893135,-0.00559418042146582,-0.00784828965772156
-0.17815161740057,0.316976165954942,-0.0560106921421642,0.499490741834979,-0.0136946098814221,-0.00503508155547969,-0.00623743748124078
-0.19399857746559,0.305509064571466,-0.0539476765822714,0.508018062628894,-0.0141993624673025,-0.00435596859309644,-0.00447980361305012
-0.21078493085387,0.29219369804932,-0.0520929310725757,0.514551869329648,-0.0146370451843255,-0.00360384587986013,-0.00262435351693675
-0.228270182842896,0.276792339961429,-0.0503728885721132,0.51910926308008,-0.0150057907505465,-0.00282220381331262,-0.000715999788671504
-0.246185559586941,0.258834301876456,-0.0486932685534944,0.521651853929975,-0.0153135751924128,-0.00204859269270699,0.00120253108984172
-0.264312032223821,0.237741484958991,-0.0469803010418714,0.522101125940865,-0.0155723839246119,-0.00131501063188819,0.00308827984166334
-0.282554621549027,0.212990337011776,-0.0452091554277887,0.520368423474469,-0.0157931599403308,-0.000649213718964806,0.00489568566677112
-0.301003451316604,0.184307191071559,-0.0434165832571209,0.516396521351527,-0.0159815219209079,-7.51768134111259e-05,0.00657492405752474
-0.3199595467888,0.151874634842932,-0.0416948275890228,0.51020677752625,-0.0161341548496614,0.000388486264987776,0.00807172288712692
-0.339894023966343,0.116488657475911,-0.0401654427503216,0.501940773221418,-0.0162362129395289,0.000732300393527082,0.00932939504004562
-0.361319838282788,0.0795720513644572,-0.0389375944110738,0.491880886851863,-0.0162609246547176,0.000960696519423736,0.0102933939752337
-0.384596803690668,0.0429622077682324,-0.0380647519035602,0.480434402265653,-0.0161733137271469,0.00109538498077203,0.01091780404701
-0.409746886437951,0.00848345007940726,-0.0375198828661776,0.468073577624528,-0.0159394011464695,0.00117477637438686,0.011172188811564
-0.436380509616968,-0.0225470896731138,-0.0372040282676989,0.455240209539396,-0.0155395169171835,0.00124820090523508,0.0110467735118443
-0.463787945756505,-0.049649863181992,-0.0369857560526404,0.442243531330376,-0.0149804698774954,0.0013660509897504,0.0105543345882265
-0.491155120462086,-0.0731850454874044,-0.0367506846588147,0.429192903713834,-0.0142996353468796,0.00156917242114574,0.00972814912969359
-0.517792701992659,-0.0940448053112652,-0.0364353874609419,0.415997049644504,-0.0135572350114712,0.00188145704436841,0.00861653968612297
-0.54327373007996,-0.113217582689918,-0.0360320435293703,0.402429240590093,-0.0128196622678242,0.00230802238625531,0.00727563134335866
-0.56744310708244,-0.13143503961851,-0.0355685679027468,0.388224814843937,-0.0121415609989071,0.00283851807529347,0.00576245500375803
-0.590333344550972,-0.149014626869479,-0.0350798824789298,0.373168067782111,-0.0115539610310059,0.00345291789819347,0.00413011280828699
-0.612050846796848,-0.165886371909756,-0.0345849062043845,0.35714175969591,-0.0110614212047219,0.00412687450976636,0.00242563948701012
-0.632684573738659,-0.181725152599143,-0.0340761766280429,0.340136046347737,-0.0106467571908115,0.00483492973837029,0.000690174624717762
-0.652259462388569,-0.196110198943886,-0.0335220619985331,0.322228015307644,-0.010280019444168,0.00555138821147841,-0.00103941193344251
-0.670732982869008,-0.208666360883442,-0.0328783611530757,0.303545310940585,-0.00992874293673375,0.00624968042428806,-0.00272826732495201
-0.688021825653818,-0.219172118556927,-0.0321057301826626,0.284223645928867,-0.00956765959615098,0.00690146260250962,-0.00434126858528343
-0.704043361599462,-0.227633224420067,-0.0311896098040112,0.264364730723719,-0.00918686205200649,0.00747672864820873,-0.00584111815505129
-0.718757331442633,-0.234319869530263,-0.0301586777645164,0.244001043742354,-0.00879742320358713,0.00794596888441328,-0.00718722734566182
-0.732194004923856,-0.239757407385915,-0.0290961852157166,0.223076044801904,-0.00843295321493935,0.0082848323487885,-0.00833591641585951
-0.744456403537338,-0.244655845262625,-0.0281371764646516,0.20144956384096,-0.00814522753468759,0.00848069193189384,-0.00924254829664459
-0.755689439133363,-0.24977153366564,-0.0274460882302211,0.17893395327302,-0.00799283197688259,0.00853906863486243,-0.00986596228947506
-0.766020800183671,-0.255721031001067,-0.0271759120605226,0.155355164906514,-0.00802440697010795,0.00848673142386368,-0.0101747200126047
-0.775494353218871,-0.262802892479973,-0.0274208933569526,0.130618474864359,-0.0082617647755407,0.00836865727918174,-0.010153406250409
-0.78402623302229,-0.270901067490162,-0.0281828165929778,0.10475177873677,-0.0086901988008198,0.00823858903017385,-0.00980643675131697
-0.791405984597459,-0.279517778944902,-0.0293677332010204,0.0779085500792428,-0.00926096615302159,0.00814646479858087,-0.00915751409569885
-0.797342293138622,-0.287921850957124,-0.0308148671764465,0.0503330017874764,-0.00990484823597369,0.00812782242758945,-0.00824492004873161
-0.801531378001589,-0.295344253074145,-0.0323430715446034,0.0223065431715583,-0.0105502927158387,0.00819884722415761,-0.00711476040407008
-0.803720570437781,-0.301143961961884,-0.0337945159521555,-0.00590286079705191,-0.0111387619134384,0.00835736632890061,-0.00581471723077898
-0.803749221902938,-0.304900140705231,-0.0350617592503505,-0.0340750615573603,-0.0116331303140164,0.00858746535921897,-0.00438988510181053
-0.80156273546226,-0.306428565517728,-0.0360952357069721,-0.0620521309643612,-0.0120189935045712,0.00886484992724725,-0.00288094987175842
-0.797204192881618,-0.30574552568863,-0.0368958520036986,-0.0897347704248734,-0.0123010718766884,0.009161042274411,-0.00132415229205365
-0.790790118317507,-0.303006991407319,-0.037499689242224,-0.117064487501517,-0.0124972238291946,0.0094458177249672,0.00024771788761979
-0.782475250463188,-0.298443478610193,-0.0379605472752782,-0.143995398791985,-0.0126318626825961,0.00968822841933186,0.00180390843496946
-0.772409225573297,-0.292301286565604,-0.0383337896936877,-0.170459642156326,-0.0127297280161183,0.00985700115353007,0.00331427187558483
-0.760687992078708,-0.28479386489695,-0.0386631973898074,-0.196331331302262,-0.012810455693314,0.00992116940620045,0.00474806586018832
-0.747305259406289,-0.276064235774131,-0.0389717538397353,-0.221395902101277,-0.0128842901731409,0.00985164941574271,0.00607318747413967
-0.732113603785132,-0.26615972075438,-0.0392572096435144,-0.245334086883907,-0.0129494492142457,0.00962414976213761,0.00725607407916082
-0.714808923086376,-0.255021897275454,-0.0394933402083095,-0.267731124280675,-0.0129918491608571,0.00922329504609891,0.00826255888604809
-0.694952343775133,-0.242495673460233,-0.0396373839820525,-0.288119507875185,-0.012987838845532,0.0086471528083748,0.00905992658258545
-0.672036575272543,-0.228359677723439,-0.0396427916119135,-0.306054895550253,-0.0129100058259113,0.0079106588520841,0.00962013419539684
-0.645587761186473,-0.212374913724224,-0.0394743142051724,-0.321210074275191,-0.0127349869544056,0.0070461722039892,0.00992362541473476
-0.615274592441025,-0.194341436503003,-0.0391207263416255,-0.333457584667458,-0.0124510122903237,0.00610003033713123,0.00996261202156349
-0.580986324255575,-0.174147997073444,-0.0386006616094036,-0.342908658377838,-0.0120625112853398,0.00512551606348037,0.00974256370363413
-0.542850985263753,-0.151801363120494,-0.0379596999925943,-0.349890938445382,-0.0115900941696646,0.00417429057907055,0.00928121743970861
-0.501191326408003,-0.127430183806518,-0.0372605968895712,-0.354873346693088,-0.0110661633674304,0.00328898155570061,0.00860543886390188
-0.456442039308084,-0.101267777713496,-0.036570996433205,-0.358367058448762,-0.0105280885906766,0.00249882962908682,0.00774708255657813
-0.409061707184286,-0.0736236591191788,-0.0359528670964138,-0.360835076765266,-0.010011354156798,0.00181876039782277,0.00673913063873992
-0.359465179795486,-0.0448535624274811,-0.0354559686139187,-0.362631331407273,-0.00954441661373015,0.00125100132181125,0.0056129274581817
-0.307986611745452,-0.0153344675642523,-0.0351155207992654,-0.363974288744983,-0.00914592350381978,0.00078792458829436,0.00439671077550117
-0.254870737626872,0.0145525092087342,-0.0349529483342284,-0.364948783854471,-0.00882409034436135,0.000415015750238144,0.00311521913561745
-0.20028419633816,0.0444311681097158,-0.0349782284349923,-0.365525752384661,-0.0085776341987083,0.000113334980870251,0.00179001274463483
-0.144338536906591,0.0739326981391974,-0.0351925903056463,-0.365590743725885,-0.00839762673262834,-0.000138740795426541,0.000440186252080428
-0.0871188953956069,0.102694068373138,-0.0355907263472088,-0.364975471971429,-0.00826977947241843,-0.000364428186586786,-0.000916744299118658
-0.0287148578914792,0.130355484677002,-0.0361620736768475,-0.363489999664945,-0.00817686837720849,-0.000587880141933442,-0.00226390479058993
0.0307484470245202,0.15656041161879,-0.0368910573534893,-0.360955359727259,-0.00810116209443976,-0.000833667782189348,-0.0035841431774269
0.0910807814974312,0.180961660937671,-0.0377564713107002,-0.357237120326378,-0.00802679978864663,-0.00112608236818994,-0.00485917127798165
0.152001528687563,0.203236495870931,-0.0387304399207128,-0.352279524145899,-0.00794205828547311,-0.00148795517055743,-0.00606882320686286
0.213123332152834,0.223112251374597,-0.0397776580316642,-0.346137511091459,-0.00784136121153986,-0.0019387693408064,-0.00719052540212128
0.27395117202489,0.240401241903999,-0.0408558010414658,-0.339000607679924,-0.00772674166846,-0.00249200830618397,-0.00819913773360983
0.333904107374624,0.255039594917908,-0.041918005415365,-0.331199446681169,-0.00760833126314323,-0.00315198129103758,-0.00906739189759279
0.392364613920739,0.267119780505458,-0.0429179643042188,-0.323184634484973,-0.00750340805968267,-0.00391077479181576,-0.00976716830423806
0.448753574195894,0.276903033149223,-0.0438173286281901,-0.315471498387183,-0.00743371630058117,-0.00474637943002806,-0.0102717358160425
0.502617920545188,0.28479883861272,-0.0445938623174963,-0.308554537934247,-0.00742124901653447,-0.00562317813799167,-0.0105587752123996
0.553706942641799,0.291306885233067,-0.0452477035843836,-0.302809910448432,-0.00748336833305629,-0.00649555914854948,-0.0106135806333232
0.602009925839122,0.29693123425917,-0.0458029557777238,-0.29841548014916,-0.0076286905152058,-0.00731437075142106,-0.0104315150492431
0.64773789214248,0.30209020374678,-0.0463031866653344,-0.295316745850102,-0.007855150227552,-0.00803467868217481,-0.0100188692177356
0.691253132526747,0.307049606476835,-0.0468017947356027,-0.293250693266534,-0.00815091918098488,-0.00862257994370273,-0.009391811512989
0.732970391968341,0.311897763089524,-0.0473502606491194,-0.291816682541975,-0.00849774315693048,-0.00905918663467973,-0.00857383831545863
0.773261240666791,0.316563591164863,-0.0479878351140409,-0.29056749863392,-0.00887542416167323,-0.00934110741867781,-0.00759260866946163
0.812385913714279,0.320864274565079,-0.0487351216654043,-0.28909232817685,-0.00926602497003614,-0.00947805743436922,-0.00647705109385517
0.850462002476629,0.324563297364935,-0.0495922135883707,-0.287073656442495,-0.00965682142289668,-0.00948895205051155,-0.00525528736944251
0.887466204540113,0.327422661721334,-0.0505405896119289,-0.284313267882459,-0.0100416754730678,-0.00939784035219534,-0.00395350902934038
0.923258754585282,0.329240263289581,-0.0515473529663723,-0.280731923799221,-0.0104209999296916,-0.00923058585722057,-0.00259566662414241
0.957619759470391,0.329870177941343,-0.052570506556869,-0.276350982648869,-0.01080070773373,-0.0090126620406548,-0.00120372953547911
0.990289568650524,0.329227869527128,-0.0535644250283503,-0.271263722404061,-0.0111905361098052,-0.00876801643802362,0.000201712492039785
1.02100877816345,0.327284004411455,-0.0544851726396196,-0.265601811622512,-0.0116020232436743,-0.00851872295315411,0.00160067823835906
1.04955587756788,0.324050573977887,-0.0552956185685216,-0.259500095468578,-0.0120462919514255,-0.00828504953470203,0.00297297388581748
1.07578131543199,0.319562410355768,-0.0559703329604462,-0.253061608584188,-0.0125317241957523,-0.00808556052020066,0.00429741386080138
1.09963593792089,0.313856692572929,-0.0565000051622171,-0.246324845276414,-0.0130616240839811,-0.00793691278036462,0.00555117877925548
1.12118984267967,0.306953081920599,-0.0568946821657444,-0.23923669647375,-0.0136320726985939,-0.00785308721317439,0.00670943788015846
1.14063564052323,0.298837722665732,-0.0571846517380037,-0.231636527223038,-0.014230353861666,-0.00784394340163876,0.00774541289191795
1.1582694322626,0.289455098153669,-0.0574175870659328,-0.223258444748388,-0.014834506301255,-0.00791322225008389,0.00863109556235196
1.17444532697028,0.278711793916237,-0.0576510015586345,-0.213758130809048,-0.0154146036058223,-0.00805644176616562,0.00933879519730544
1.18950627756829,0.266494511407214,-0.0579403801069568,-0.202765936651024,-0.0159361158616408,-0.00825944314940894,0.00984352264523106
1.20370429732369,0.25270060478861,-0.0583253272663939,-0.189959034609575,-0.0163650840660817,-0.00849845650467191,0.0101259018684066
1.21713212127167,0.23727390315259,-0.0588177756041305,-0.175135259196305,-0.0166740012376107,-0.0087422641788362,0.010174947366781
1.22968949279016,0.220234448917534,-0.0593964545114268,-0.158265830093581,-0.016846690888492,-0.00895632319185482,0.00998987607384351
1.24109690904027,0.201691277687226,-0.0600098101433754,-0.139508711092862,-0.0168805903838681,-0.00910786881594187,0.00958032548786469
1.25095183790424,0.181833337151272,-0.0605862494859828,-0.119178397026251,-0.0167857725814456,-0.00917055373942744,0.0089648900186469
1.25880706803816,0.160902106145157,-0.0610478724562366,-0.0976840456449493,-0.0165812864542583,-0.00912738775084236,0.00816847581907456
1.26424624121876,0.139155643266338,-0.0613232242318574,-0.0754571992371169,-0.0162902559442383,-0.0089714832937605,0.00721928586964158
1.26693820430719,0.116834828889473,-0.0613559896706805,-0.0528892733673575,-0.0159352708879292,-0.00870491961459044,0.00614617271874472
1.26666347743514,0.0941392514190958,-0.0611087405176191,-0.0302907313916252,-0.0155350936826932,-0.00833651570253962,0.00497677736810594
1.26331605293531,0.0712154171321205,-0.0605625946752028,-0.00787438900148184,-0.0151030214283326,-0.00787935172904343,0.00373653310602665
1.25688866822264,0.0481562408700468,-0.0597144322102194,0.0142411787181239,-0.0146467296299423,-0.00734864403445616,0.00244839385157064
1.24745007154666,0.0250090306103699,-0.0585732766589765,0.0360146294347821,-0.0141691909050102,-0.0067602612588478,0.00113306790947037
1.23512067736718,0.00178905445457735,-0.0571569877233859,0.0574573497746134,-0.013670249496771,-0.00612990280143222,-0.000190448746894177
1.220050285323,-0.0215035600029173,-0.0554898552902273,0.0786059350021049,-0.0131485246406701,-0.00547279084960077,-0.00150419760938957
1.20239929489245,-0.044865138372096,-0.0536012074635225,0.099494523024289,-0.0126034181546073,-0.00480364485686797,-0.00279055384221181
1.18232345468835,-0.0682692253296799,-0.0515247964065148,0.120128903784335,-0.0120370607692406,-0.00413668771674715,-0.00403157936008463
1.15996161473658,-0.0916483014632216,-0.0492985014573507,0.140464195872891,-0.0114560305066397,-0.00348545751458741,-0.00520851232594523
1.13542603423201,-0.114878676345224,-0.0469637856351906,0.160388403797155,-0.0108726247337408,-0.00286226237103271,-0.00630148165814663
1.10879533719941,-0.137771657358946,-0.0445643792813544,0.17971491585121,-0.0103053985239454,-0.00227722230127465,-0.00728954825575273
1.0801109654254,-0.160074568774834,-0.04214387761366,0.198187330705286,-0.0097786509821886,-0.00173699192221458,-0.00815117422439051
1.04937861762288,-0.1814845898293,-0.0397423364891866,0.215499152120099,-0.00932061741566216,-0.00124343216948082,-0.00886518488251518
1.01657623265594,-0.201676160879603,-0.0373924577691999,0.231328298503905,-0.00896036336228851,-0.000792645258868585,-0.00941219790543954
0.981669136253907,-0.220338950212277,-0.0351163794950932,0.245382166579928,-0.0087237669739675,-0.00037482379569969,-0.0097763537722089
0.944630941932654,-0.237219162070851,-0.0329241687600769,0.257444423739645,-0.00862940069077169,2.47793060629427e-05,-0.00994703323015625
0.905466299061166,-0.252154243335737,-0.0308146954705788,0.267411995869719,-0.00868536899090962,0.000423778425714498,-0.00992016423744207
0.864229900864058,-0.26509165111227,-0.0287787549151472,0.275311918815727,-0.00888802978000626,0.00083989240239696,-0.00969877004779843
0.82103654783753,-0.276086666482393,-0.0268034989574337,0.281293166136084,-0.0092229975705657,0.00128817854760459,-0.00929260027414374
0.776059728918223,-0.285280606384162,-0.0248768630878472,0.285596169577261,-0.00966810981699873,0.00177895805135392,-0.00871694554495034
0.729519946445083,-0.292866333935521,-0.022990898933467,0.288509081446712,-0.0101974703543293,0.00231686119639317,-0.00799094844571655
0.681667014171423,-0.299050434782386,-0.021143527998621,0.290322271229755,-0.0107855067516708,0.00290102463589657,-0.00713580353168479
0.632761537885577,-0.304020397022121,-0.0193388408549177,0.291290776679194,-0.0114101967755555,0.00352613715043521,-0.0061731798035973
0.583059755499774,-0.307921877161599,-0.0175864063398229,0.291610147644991,-0.01205504585601,0.00418387476033997,-0.00512405893278684
0.532803832334111,-0.310847481433997,-0.015900089257901,0.29140661804674,-0.0127098078366302,0.00486429592046386,-0.00400803716106989
0.482217673471539,-0.312835767403052,-0.0142967230426642,0.290739385516084,-0.0133701990867252,0.00555690976475453,-0.00284303759015775
0.431506973719055,-0.313877827665241,-0.012794790566468,0.28961140441756,-0.0140369405110871,0.00625129843109873,-0.00164533424793956
0.380861679045085,-0.313928644688897,-0.011413120401152,0.287985131377386,-0.0147144245278455,0.00693731106309912,-0.00042978630710477
0.330459057472702,-0.312920922726283,-0.0101695325424597,0.28580044302239,-0.015409213265847,0.00760493263991572,0.000789800901618537
0.28046588185301,-0.310779848859307,-0.00907935701033383,0.282992891268172,-0.016128483202694,0.00824397141619404,0.00200024889275553
0.231038605532003,-0.307437889520216,-0.00815378328197067,0.279511200114829,-0.0168784701744804,0.00884372012842358,0.00318855676542465
0.182320788941622,-0.302849113451398,-0.007398066429693,0.275333265502326,-0.0176629489484,0.00939274210032019,0.00434146562959148
0.13443744370835,-0.297002576232258,-0.00680971166680045,0.270479866705622,-0.0184818039801103,0.0098789204802108,0.0054450747149118
0.0874864894549999,-0.289934012739841,-0.00637687658764738,0.265024911999479,-0.0193298053952419,0.0102898848638114,0.00648455763620129
0.0415282465238485,-0.281734546026565,-0.00607735268863584,0.259100504026874,-0.0201957804595113,0.0106138849851246,0.00744404272343625
-0.00342519762099827,-0.272554515941304,-0.00587857721087017,0.252894716454573,-0.0210624371284131,0.010841103800849,0.00830673483842721
-0.0474179841722799,-0.262600164873669,-0.00573912204160713,0.246640119438781,-0.0219071099375972,0.0109652859365983,0.0090553559329325
-0.0905525194997199,-0.252121202445985,-0.00561193749389514,0.240592178105715,-0.0227036106917658,0.0109854144412106,0.00967295254614459
-0.132982563295802,-0.241388588930114,-0.00544925324063524,0.234998856699571,-0.0234251461409509,0.0109070409175229,0.0101440487185907
-0.174896021158875,-0.230664303894965,-0.00520850197920169,0.23006574440291,-0.0240479357688312,0.010742829860238,0.0104560165241683
-0.216488973352294,-0.220167856309546,-0.00485810775207598,0.225923727602151,-0.0245548301863061,0.0105119837821842,0.0106004246910079
-0.25793572501153,-0.210046623803929,-0.00438173670681114,0.222607189558521,-0.0249380601179808,0.0102384847743788,0.010574062998164
-0.299361823110767,-0.200357376931534,-0.00377985920347041,0.220048842106309,-0.0252003764513189,0.00994844179162696,0.0103793767688951
-0.340826757763947,-0.191063885564942,-0.00306820757599606,0.218092831939787,-0.025354275342264,0.00966711955509839,0.0100241891945622
-0.382320275659932,-0.182051070873947,-0.00227364144838929,0.216522476680017,-0.0254195675385534,0.00941630579837974,0.00952078595099106
-0.423772093598367,-0.173151647526016,-0.00142863525618907,0.215095195020617,-0.0254199950230467,0.00921251582545185,0.00888459944850505
-0.465071174405655,-0.164178474061231,-0.00056580027429907,0.213576344486521,-0.0253797452520874,0.00906622984343295,0.00813279343229183
-0.506088972554393,-0.154955663888372,0.000286445183290234,0.211765582379806,-0.025320560337357,0.00898205814389786,0.00728300577308068
-0.546701384367969,-0.145343356181896,0.00110650358988481,0.209512633326304,-0.0252598198938068,0.00895954251932177,0.00635240215293189
-0.586805822589057,-0.135253679032607,0.00188051518460937,0.206722441224523,-0.0252096547322076,0.00899425635045601,0.00535708308579024
-0.626331879232301,-0.124657758406913,0.0026019141175975,0.203351691670485,-0.02517692770428,0.00907892223767269,0.00431180893746548
-0.665245710209288,-0.113585085123985,0.00327011300096571,0.199399467302429,-0.0251638218521458,0.00920436620087865,0.003229971528468
-0.703549264800889,-0.102117117632284,0.00388877988181435,0.194894674776108,-0.0251687763961074,0.0093602260252751,0.00212373668116829
-0.741275824797128,-0.0903769225105383,0.00446406255819003,0.189882314219285,-0.0251875640218549,0.00953540652510434,0.00100429417490117
-0.778483202038461,-0.0785162529280992,0.00500298776190112,0.184410016091302,-0.0252143713757307,0.00971832287701859,-0.000117832493800726
-0.81524558933255,-0.0667009998144532,0.00551215503919087,0.178515760437275,-0.0252428057016784,0.00989700023911718,-0.00123245135741398
-0.851644652563967,-0.055095599672031,0.00599677112719012,0.172217403671453,-0.0252667934862362,0.0100591109661418,-0.00232936984473113
-0.88776012306562,-0.0438468521722339,0.00646002876433415,0.165504565529833,-0.0252813591491695,0.010192035290175,-0.0033980911394846
-0.923659981888649,-0.0330677378007282,0.00690281502060995,0.158333516767239,-0.0252832750447579,0.0102830294676673,-0.00442756724979796
-0.95939036472745,-0.0228222230351732,0.00732372692721916,0.150625860655923,-0.0252715627469954,0.010319575732623,-0.005406041467557
-0.994965561564162,-0.0131126197740326,0.00771936600625397,0.142271889124123,-0.0252478062906697,0.0102899668038233,-0.00632101677122243
-1.03035889093047,-0.00387165663173575,0.00808487106369029,0.13313936506637,-0.0252162195006205,0.0101841390534641,-0.00715938633898124
-1.0654956844129,0.00503824968614162,0.0084146280282935,0.12308799010427,-0.0251834026929688,0.00999470996896251,-0.00790775336825716
-1.10024994870054,0.0138162882851944,0.00870306964931908,0.111988885531132,-0.0251577405980051,0.00971810065819157,-0.00855294614273872
-1.13444620099198,0.0227040625806002,0.00894545977742697,0.0997471231139906,-0.025148439569737,0.00935555426461495,-0.00908269919752087
-1.16786752841948,0.0319567551380621,0.00913854330082329,0.086323993249733,-0.0251642820599838,0.00891380104505272,-0.00948643012657123
-1.20026965467046,0.0418082292527382,0.00928097075429225,0.0717548018351225,-0.0252122623453042,0.00840514684679581,-0.00975600151563974
-1.23139949311633,0.0524357576891173,0.00937344388997659,0.0561580689789396,-0.0252963405085339,0.00784683399349408,-0.00988634037096895
-1.26101533175365,0.0639311354003742,0.0094185891253658,0.039733351593911,-0.0254165681495763,0.00725968062501399,-0.00987580218172745
-1.28890517655369,0.0762840280061501,0.00942061955355969,0.022747299810887,-0.025568783100042,0.00666617847528881,-0.00972621603240399
-1.31490015593166,0.0893808224741998,0.00938488412206303,0.00551023271621462,-0.0257449472945673,0.00608836393554413,-0.00944261583078893
-1.33888100944399,0.103018536136888,0.00931739311680249,-0.0116523646325881,-0.0259340610046615,0.00554582482972267,-0.00903272675165797
-1.36077742909514,0.11693034376728,0.00922439795536777,-0.0284282841820461,-0.026123459339137,0.00505414879881273,-0.00850631421863395
-1.38056143728655,0.130817256921142,0.00911205478758445,-0.0445424263134444,-0.0263002425333355,0.00462399051801048,-0.00787450648666306
-1.39823696361758,0.144380284858026,0.00898616845362228,-0.0597730966946576,-0.026452601958345,0.00426078470954997,-0.0071491786941706
-1.41382804234021,0.157348455441216,0.00885199039956351,-0.0739597943620572,-0.0265708683923005,0.00396500787259029,-0.00634245059258077
-1.42736775186971,0.169499800094423,0.00871403913787214,-0.0870032102591552,-0.0266481952147074,0.00373282009319023,-0.00546631668533108
-1.43888939145143,0.180674174332122,0.00857592105591293,-0.0988592556113782,-0.0266808688571163,0.00355690139471176,-0.0045324043497488
-1.44842067662466,0.190778184273563,0.00844014625723685,-0.109529383622072,-0.0266682950318007,0.00342732122402031,-0.00355184391051505
-1.45598110213096,0.199783359423346,0.00830795217390764,-0.119049378330155,-0.0266127370832692,0.00333232605514487,-0.00253523150906103
-1.46158215113973,0.207719079069525,0.00817916255264054,-0.127478360167353,-0.0265188861076824,0.00325898230269319,-0.00149266672006562
-1.4652297370588,0.214661749999775,0.00805211929716365,-0.13488919237301,-0.0263933293747752,0.00319365891168405,-0.00043384889354226
-1.46692812110568,0.22072150543762,0.00792372951122621,-0.141360912503841,-0.0262439629695829,0.00312237081769508,0.000631782618018625
-1.46668450994454,0.226027398350961,0.00778967034252693,-0.146973346582111,-0.0260793741470916,0.00303102964817258,0.00169487925673539
-1.46451355925679,0.230711816832296,0.00764478951005144,-0.151803727203876,-0.0259082043460847,0.00290566235466352,0.00274600101533569
-1.46044106116854,0.234894737784844,0.00748372790305374,-0.155924933093039,-0.0257384986764339,0.00273266319406006,0.00377543861055577
-1.45450616577763,0.238668498432992,0.00730176929027345,-0.159404877856957,-0.0255770534541354,0.00249914028067609,0.00477305916875777
-1.44676159032402,0.242083998562362,0.00709588768007666,-0.162306574131025,-0.0254287893940971,0.00219340443522817,0.00572819607809038
-1.43727143040326,0.245139593651914,0.00686591371202309,-0.1646884586993,-0.0252962014082542,0.00180562410302658,0.00662960495975712
-1.42610643801274,0.247774287268667,0.00661568060914683,-0.166604659100324,-0.0251789608641735,0.00132863471056638,0.00746550834440343
-1.41333699266292,0.249867012563745,0.00635394795686443,-0.168104989858325,-0.0250737640299733,0.00075884478034649,0.00822375061093721
-1.39902445429094,0.251243606563782,0.00609485706961588,-0.169234568925722,-0.0249745205695528,9.7129028471277e-05,0.00889208029773577
-1.38321208864913,0.251692346656822,0.00585767128293383,-0.170033033276699,-0.0248729480462783,-0.00065044932780454,0.00945856666132761
-1.3659171732559,0.250987565969845,0.00566562431850015,-0.170533410578781,-0.0247595769764237,-0.00147227286607807,0.00991213929337801
-1.34712605601261,0.248919042440463,0.00554385382114649,-0.170760784417403,-0.024625081035318,-0.00235133736003731,0.0102432138791182
-1.3267936561561,0.245322962187508,0.00551660771904697,-0.170730987639592,-0.0244617482287501,-0.0032660583690515,0.0104443371559218
-1.30484828032966,0.240109092649777,0.00560415878612517,-0.170449688479476,-0.0242648330501412,-0.00419172822760109,0.0105107614377419
-1.28120117682185,0.233278609872351,0.00582000577441235,-0.169912181551095,-0.0240335128691605,-0.00510246329222898,0.0104408508947777
-1.25575956772865,0.224928850654558,0.0061689437411713,-0.16910438103943,-0.023771232518868,-0.0059733708825876,0.0102362396117479
-1.22844057569566,0.215243881821365,0.00664644379851445,-0.168005107015833,-0.0234853513417782,-0.00678259437774767,0.00990170647751431
-1.199183557982,0.204473096960438,0.00723945892230456,-0.166589619887824,-0.023186166379867,-0.0075129133150936,0.00944478618240124
-1.16795881563642,0.192902511972984,0.00792845042904817,-0.16483400184372,-0.0228855200721476,-0.00815268592579798,0.00887518665292118
-1.13477169524354,0.180824448779883,0.00869017865458514,-0.162719778814389,-0.0225952686924224,-0.00869607377233447,0.00820411190234346
-1.09966223040532,0.168510715776119,0.00950070255117468,-0.160238133404157,-0.0223258764963536,-0.00914263395346408,0.00744359048151091
-1.06270132797439,0.156192706156334,0.0103380862649265,-0.1573931867143,-0.0220853285897269,-0.00949646231266024,0.00660588856699175
-1.02398490552319,0.144049794407502,0.0111844645808054,-0.154204057435465,-0.0218784576595434,-0.00976510599057768,0.00570305484569852
-0.983627350579243,0.132205666817269,0.01202730371904,-0.150705645527548,-0.0217066891639471,-0.00995844440832049,0.00474661328930968
-0.941755345583631,0.120731115510525,0.0128598531637041,-0.146948258085634,-0.0215681466687408,-0.0100876861333527,0.00374739680291488
-0.898502660388335,0.10965138906209,0.0136808896578336,-0.142996261051835,-0.0214580291350191,-0.0101645675573279,0.00271550156529178
-0.854006094550241,0.0989562649731005,0.014493903580772,-0.13892590871517,-0.021369169845145,-0.0102007838025527,0.00166033716841348
-0.808402430439549,0.0886113666230726,0.0153058837866986,-0.134822407206776,-0.0212927022671541,-0.0102076404135422,0.000590748545450437
-0.761826054180181,0.0785696915594508,0.016125838359235,-0.130776152126953,-0.0212187812433368,-0.0101958873150677,-0.000484810689026982
-0.714406808021425,0.0687827148964697,0.0169631629251788,-0.126877986738153,-0.02113733033591,-0.0101756816857368,-0.0015580694694613
-0.666267636248853,0.0592107083499111,0.0178259481056894,-0.123213292071276,-0.0210388025823579,-0.0101566200757065,-0.00262070728203626
-0.617521660145192,0.0498320449057484,0.0187193113330616,-0.119854773686652,-0.0209149492610778,-0.0101477789686226,-0.00366410905252068
-0.568268462998276,0.0406512437754041,0.0196438489814104,-0.116853976955301,-0.0207595881801115,-0.0101577050286855,-0.00467911757650581
-0.518589586627618,0.0317053693864401,0.0205943318501576,-0.114231861906976,-0.0205693492259591,-0.0101943012078188,-0.00565579839952597
-0.468543544139543,0.0230681678508774,0.0215588052675357,-0.111969203520073,-0.0203443512466477,-0.0102645643830348,-0.0065832407856224
-0.418161031705499,0.0148510652401116,0.0225182933679951,-0.109998124011723,-0.0200887333149769,-0.0103741477706696,-0.00744943146296473
-0.36744142923616,0.00719996436325088,0.0234473265498319,-0.108196619424716,-0.0198109308107792,-0.0105267516127546,-0.00824125287713529
-0.316352009769529,0.000286811129725312,0.0243154843853484,-0.106388333661935,-0.0195235636580118,-0.0107233920069974,-0.00894466887869469
-0.26483134851056,-0.00570465913419202,0.0250900421726752,-0.104349786134053,-0.0192428077306087,-0.010961658432276,-0.00954515852318269
-0.21279802022358,-0.0105985956390539,0.0257396068285158,-0.101826470678934,-0.0189871712794598,-0.0112351331168834,-0.0100284316982716
-0.160164658018104,-0.0142502139679394,0.0262383400737121,-0.0985575399387258,-0.0187757095735039,-0.0115331840608192,-0.0103814018500531
-0.106855912410288,-0.0165688822645607,0.0265700649313987,-0.0943063598115161,-0.0186258727918388,-0.0118413245100789,-0.0105933079274465
-0.0528272569175271,-0.0175363281452885,0.0267313633246408,-0.08889177693673,-0.0185513484757888,-0.012142231786887,-0.0106567964006991
0.00191943432893106,-0.0172152593344604,0.0267328370754768,-0.0822135414210649,-0.0185603526268114,-0.0124173439734044,-0.0105687323167126
0.05732713594701,-0.0157455927570914,0.0265980720511145,-0.0742660353715172,-0.0186547828531216,-0.012648775453768,-0.0103305479241342
0.113283850820565,-0.0133283879927321,0.0263604303742799,-0.0651371213938746,-0.0188304397849208,-0.0128211625581738,-0.0099480399533168
0.169631246082613,-0.0102009473180153,0.0260583732475995,-0.0549928862522904,-0.0190782468892334,-0.012923068404373,-0.00943067537876634
0.22617914943769,-0.00660846266603075,0.025730345570519,-0.0440524708995203,-0.0193861429949179,-0.0129477068590766,-0.00879058103505578
0.282722319655146,-0.00277783720208115,0.0254102521691677,-0.0325588924042234,-0.0197411975585445,-0.0128929437534703,-0.008041442658129
0.339056014667098,0.00110231605509954,0.0251242153566965,-0.0207514525689145,-0.0201315309544662,-0.0127607072305329,-0.00719750837508975
0.394988203964944,0.00489349109792367,0.0248889247376622,-0.00884360830600495,-0.0205477552611025,-0.0125560408039656,-0.00627282440162896
0.45034755104289,0.00851105630855444,0.0247114878544052,0.00299195320457961,-0.0209838230392908,-0.012286043013252,-0.00528074604407369
0.504987457700932,0.0119213696979962,0.0245904711682245,0.0146310508901845,-0.0214373074180189,-0.0119588900158255,-0.00423370714131097
0.558787091569045,0.0151341450934959,0.0245177408612833,0.0259996143147715,-0.0219092154850471,-0.0115830641268928,-0.00314319797739454
0.611650476075872,0.0181918679930758,0.0244807430878209,0.0370705574261382,-0.0224034592199548,-0.0111668414338129,-0.00201989369372387
0.663504551097616,0.0211576419876726,0.0244649453210491,0.0478571861742638,-0.0229260926914471,-0.0107180385596369,-0.000873882515687629
0.714296779740719,0.0241023657403557,0.0244562480131889,0.0584040315672764,-0.0234843917007803,-0.0102439839403787,0.000285043685419751
0.763992517607397,0.0270917623133255,0.0244432404522039,0.0687755872235513,-0.024085818944033,-0.00975165769567174,0.00144706161679759
0.812572049867859,0.0301735971046203,0.0244192036308341,0.0790431146690828,-0.0247368951450619,-0.00924793004143212,0.00260196881993027
0.860026970741657,0.0333654661387091,0.0243837543489911,0.0892695568969285,-0.0254419917762398,-0.00873981663420111,0.00373883127665945
0.906355443140999,0.0366438126470434,0.02434398538174,0.099492747902372,-0.0262020788990057,-0.00823465896813191,0.00484564600746673
0.951555856236674,0.0399352912831736,0.0243149020821734,0.109707582252167,-0.027013504790993,-0.00774013182697824,0.00590904872770774
0.995618547420054,0.0431121337935719,0.0243189129748919,0.119848630219086,-0.0278669499267823,-0.00726398520135886,0.00691411247933937
1.0385156435948,0.0459935742218058,0.0243841390904637,0.129775765920142,-0.0287467745555788,-0.00681345617597352,0.00784430198256201
1.08018976568643,0.0483553698457596,0.0245414088383287,0.139266460006115,-0.0296310400600336,-0.00639434847614259,0.00868166432285936
1.12054329430275,0.0499486725380334,0.0248200372660773,0.148018987113502,-0.0304924869099655,-0.00600987777505613,0.00940733846309575
1.15943089527117,0.0505277429834846,0.0252428463681816,0.155670244936255,-0.0313006473209833,-0.00565950528290271,0.0100024393330543
1.19665858597603,0.0498833832309853,0.0258212885430653,0.161829577808621,-0.032025029355711,-0.00533808956421399,0.0104493048772001
1.23199217480413,0.0478761764488928,0.026551823917133,0.166125882041297,-0.0326389600915115,-0.00503571420034039,0.0107329885757003
1.26517601075049,0.044461877109323,0.0274146705855598,0.168260306217837,-0.0331233321434992,-0.00473844050283487,0.0108427631393592
1.29595988403276,0.0397018468158048,0.0283755706602717,0.168053069652769,-0.0334693340210282,-0.00442998537314716,0.0107733251676054
1.32412875391518,0.0337547581490978,0.0293903801883919,0.165472559531295,-0.0336794028801154,-0.00409401285999529,0.0105254090024812
1.34952833132725,0.0268509643668254,0.0304114179545355,0.160638942313756,-0.033766115756179,-0.00371649349782343,0.010105648349499
1.37208045177981,0.019255859446603,0.0313939969070995,0.15380175616714,-0.0337493467660449,-0.00328754994899684,0.00952572431961169
1.39178533180325,0.0112311186751115,0.0323016416603863,0.14529823581468,-0.033652490096189,-0.00280239212370951,0.00880102346437324
1.40871169425138,0.00300205511493137,0.0331090792399657,0.135503400301583,-0.0334986907247394,-0.00226125464073754,0.00794912275986443
1.42297866636858,-0.00526377507295279,0.0338028559625376,0.124782985194146,-0.0333078339111426,-0.00166853853171568,0.00698839752941253
1.4347344101403,-0.0134654367910702,0.0343800472508571,0.11345708618602,-0.0330946731841534,-0.00103152119499488,0.00593694760704391
1.44413582225055,-0.021566732503865,0.0348458194378212,0.101777979901321,-0.0328681121834416,-0.000359011643803359,0.00481191585001376
1.45133214804627,-0.0295869136173654,0.0352105925399396,0.0899218295596634,-0.0326314179895432,0.000339763269223194,0.00362917815226074
1.45645380143518,-0.0375874716523656,0.0354873642773196,0.0779917397289588,-0.0323830576232182,0.00105588626635773,0.00240333332394869
1.4596065411857,-0.0456577290858308,0.0356895186378086,0.0660288764960227,-0.0321178768619748,0.00178105443352558,0.00114790883938771
1.46087053045805,-0.0539008316784387,0.035829241358741,0.0540286360007414,-0.0318284240217814,0.00250751022271612,-0.000124291275124858
1.46030358241499,-0.0624206772903377,0.0359165321979883,0.0419595700142171,-0.0315063132321167,0.00322769759811406,-0.0014007523159003
1.45794787031153,-0.0713095282961722,0.0359587370047005,0.029783528092199,-0.0311435928324082,0.00393376731025933,-0.00266876907988196
1.45383936020526,-0.0806356523074957,0.0359605025600639,0.0174759800943919,-0.0307341210175091,0.00461706713053022,-0.00391495316039165
1.44801905840034,-0.0904303702272664,0.0359240620388689,0.00504560316452668,-0.0302749479346306,0.00526775965689834,-0.0051247622492828
1.44054477497017,-0.10067439463296,0.0358497703496266,-0.00744808219760421,-0.0297676608736741,0.00587471359697152,-0.00628209886293995
1.4315015139721,-0.11128431891948,0.0357368144504241,-0.0198809007586098,-0.0292195711205044,0.0064258078134669,-0.00736904794763223
1.42100798353712,-0.12210147532893,0.0355840193959287,-0.0320567375155702,-0.0286445203219083,0.00690875626576074,-0.00836584974008844
1.40921642418272,-0.132886816926587,0.0353906593348089,-0.0437101104419841,-0.0280629901964902,0.00731248674559365,-0.00925122482689376
1.39630345718507,-0.14332638617549,0.0351571727639935,-0.0545218003582591,-0.0275011643078957,0.00762897216997422,-0.0100031629038983
1.38245135740941,-0.153051435363663,0.0348856831042326,-0.0641491954905482,-0.0269886835802512,0.00785522792801772,-0.0106002309266671
1.36782202105381,-0.161674567342969,0.0345802441791786,-0.0722696729901451,-0.0265551128527038,0.00799500270630744,-0.0110233348472333
1.35252911173458,-0.168838345600646,0.0342467624343816,-0.0786306394271966,-0.0262255753300754,0.00805959926258713,-0.0112576975086358
1.33661588739242,-0.174267107194894,0.0338925872048793,-0.0830954281922568,-0.0260164710764735,0.0080673696769767,-0.0112946553655624
1.32004553374337,-0.177808978495046,0.0335258062330954,-0.0856725974917489,-0.0259324271863159,0.00804177027831521,-0.0111328213389049
1.30270717134717,-0.179456047511087,0.0331543416458016,-0.0865192170061385,-0.0259654186649894,0.00800833105698909,-0.0107782784986467
1.28443558422028,-0.179336818234377,0.0327850085632147,-0.0859161196905306,-0.0260963566859736,0.007991275354179,-0.0102437396475996
1.26503865536575,-0.177683869794767,0.0324227471125534,-0.0842217698722828,-0.0262986463225215,0.00801061828673126,-0.00954691405891561
1.24432527887993,-0.174786820534799,0.0320702288279839,-0.0818173161542385,-0.0265426585749153,0.00808033783567296,-0.00870852020671
1.22212810296385,-0.170943204834212,0.0317279531308606,-0.0790561649224527,-0.0267999727114457,0.00820779598302195,-0.00775039716054019
1.1983183670262,-0.166417603320367,0.03139481674187,-0.0762275918778581,-0.0270465687726875,0.00839420310882164,-0.00669403003416437
1.17281271331236,-0.161414552506834,0.0310690141898338,-0.0735381082383359,-0.0272646411675136,0.00863570992609367,-0.00555961381585946
1.14557335041554,-0.156066029481793,0.0307490559215888,-0.0711091937202289,-0.0274431220455437,0.00892469464754302,-0.00436562398105623
1.1166033445837,-0.150431234928238,0.0304346824844465,-0.0689870226961826,-0.027577232529861,0.00925092076405407,-0.00312878015434925
1.08593854886443,-0.144505244105814,0.0301274900889807,-0.0671589970955265,-0.0276674299595571,0.00960238907494738,-0.00186427287081399
1.05363718788364,-0.13823332900381,0.0298311363749863,-0.0655725551177582,-0.0277180588213728,0.00996584038386283,-0.000586144648404853
1.0197676799631,-0.131528652373549,0.0295510448010059,-0.0641530241497904,-0.0277359127613973,0.0103269612236807,0.000692251657444904
0.984395038258886,-0.124292011913002,0.029293565638535,-0.0628186267956634,-0.0277288222827251,0.0106704054339071,0.00195776783500102
0.94756621140691,-0.11643300043234,0.02906458835572,-0.0614918182366347,-0.0277043206471795,0.0109797789720844,0.00319698403330781
0.909295032196845,-0.107892144150979,0.0288676501168788,-0.0601068425668159,-0.0276684163417825,0.0112377520814382,0.00439577262687262
0.869548035714037,-0.098663198925471,0.0287016664419662,-0.0586137865806947,-0.0276245125627864,0.0114264636288755,0.00553893907986334
0.828233221488087,-0.0888138407112173,0.0285585355758862,-0.0569795799744158,-0.0275725546053954,0.011528360892583,0.00660998932487601
0.785194690275,-0.0785016509141022,0.0284210343246508,-0.0551864504095168,-0.0275085395409368,0.0115275613987804,0.00759108978879607
0.740216639465885,-0.0679809743159171,0.0282615962662222,-0.0532283851879165,-0.027424563841724,0.0114117171414354,0.00846330030157914
0.693039929872257,-0.0575956183849266,0.028042667074023,-0.0511062411929084,-0.0273095786026984,0.0111742006737729,0.00920715968753294
0.643392756469428,-0.0477533783235133,0.0277192509868556,-0.0488222949036154,-0.0271509326827253,0.0108162379547064,0.00980367203648579
0.591033553355073,-0.0388817511343865,0.027243883834896,-0.0463751843037457,-0.0269365961230038,0.0103484452966988,0.0102356639524316
0.535799605305725,-0.0313698237071559,0.0265735686061471,-0.0437562535134934,-0.0266577038541917,0.00979118345415954,0.0104893620253096
0.477650545534482,-0.0255075641320948,0.025677358567073,-0.0409481417154099,-0.0263108407893754,0.00917331127107832,0.0105559100049942
0.416694426742805,-0.0214376341682311,0.0245426488405297,-0.0379259994409592,-0.0258994344562168,0.00852931718147371,0.0104324719847686
0.353187239792197,-0.019133502308317,0.0231782626138604,-0.0346610458659917,-0.0254338131353457,0.00789530952183191,0.0101226152030608
0.287504260104607,-0.0184104943820083,0.0216132553455661,-0.0311255151670473,-0.0249298813851719,0.00730473392214819,0.00963584529057305
0.220090362578453,-0.0189662671358816,0.0198917077333085,-0.027297630128929,-0.0244067887791418,0.00678476098549315,0.00898641062989523
0.15140238034405,-0.020438762773369,0.0180650033804867,-0.0231652423951051,-0.0238842251491684,0.00635401445491858,0.00819168921406314
0.0818573616688905,-0.022466514090418,0.0161836457937032,-0.018727173051246,-0.0233799743683654,0.00602183930324985,0.00727054012529281
0.011796503121962,-0.0247388153700026,0.0142904138078652,-0.0139918792451954,-0.0229081460446052,0.00578886392852369,0.00624193687332967
-0.0585311444412191,-0.0270287238084106,0.0124159228987736,-0.00897363710269452,-0.022478228910623,0.00564835414067464,0.0051240685171072
-0.128966739316663,-0.0292077390681836,0.0105768239894715,-0.0036867419784216,-0.0220948772095714,0.00558781710414444,0.00393395381826072
-0.19942662451436,-0.031244556311195,0.00877630684815942,0.00186173562189073,-0.0217582278364576,0.00559043626281969,0.00268750741077399
-0.269881098049434,-0.0331914357353637,0.00700634690532473,0.00768019768037781,-0.0214645405683136,0.00563611302828339,0.00139992629942864
-0.340333272651831,-0.0351611507942812,0.0052511803737409,0.013801246177182,-0.0212070221583334,0.00570208311305644,8.62392900942005e-05
-0.410801092869583,-0.0372963447842187,0.00349166726695791,0.0202898387130698,-0.0209767866884579,0.00576321864235291,-0.00123810513979534
-0.481301100975142,-0.0397328003911859,0.0017103098086604,0.0272488108950784,-0.0207639654031925,0.00579221805809293,-0.00255666769891015
-0.551829461908623,-0.0425583171726862,-0.000103312167297124,0.0348186754695212,-0.0205589998229973,0.00575995114245978,-0.0038514688777774
-0.622336182316933,-0.0457704089589491,-0.0019471491163334,0.043167910318068,-0.0203541169695116,0.00563628904861922,-0.00510248365040345
-0.692691688258924,-0.0492382684505148,-0.0038021333349163,0.0524701638153504,-0.0201449059034825,0.00539177857541535,-0.00628726272064927
-0.762649596377126,-0.0526774881018602,-0.00562966080485066,0.0628665348884587,-0.019931779866077,0.00500044543776465,-0.00738081962885458
-0.831814492938905,-0.0556487297011278,-0.00737251865111859,0.0744150243254308,-0.0197209410193939,0.00444375659939794,-0.00835594565755659
-0.899627574525028,-0.0575917268734163,-0.00896045207558822,0.0870354570941501,-0.0195243417458485,0.00371530698404823,-0.00918409411382264
-0.965383868345583,-0.0579009933028947,-0.0103206189869696,0.100465104983814,-0.0193581837484575,0.0028251990196309,-0.0098369067912933
-1.02828976013347,-0.0560378905257124,-0.0113915021933017,0.114244307272278,-0.0192398266213914,0.00180258995425347,-0.0102883305909556
-1.08755762669401,-0.0516573066668549,-0.0121369414477318,0.127748062384465,-0.0191835816406298,0.000694850033414578,-0.0105170948328196
-1.14251843969119,-0.0447129985669331,-0.0125558170012131,0.140266505408254,-0.0191965228470945,-0.000437502534431393,-0.01050912863198
-1.19272071080736,-0.0355032706044844,-0.0126835811187031,0.151117827689097,-0.0192757681944591,-0.00152951097332323,-0.0102593785095153
-1.23798355274263,-0.0246341092607067,-0.0125844998428147,0.159761086035636,-0.0194083522530251,-0.00252203440562741,-0.00977253895339801
-1.27838605857049,-0.0129059365714835,-0.0123370290915151,0.165873732955506,-0.019573877752276,-0.00337067480486331,-0.00906246847149746
-1.31419847203096,-0.00115845045613813,-0.0120173055715838,0.16937244475394,-0.0197490698584195,-0.00405100314684135,-0.00815044293353594
-1.34578054588641,0.00987960395205752,-0.0116859170222306,0.170378310334649,-0.0199127497497325,-0.00455922578979944,-0.00706272262107523
-1.37347947664079,0.0196974301404878,-0.0113810839379102,0.169146191129197,-0.0200498552331072,-0.00490909323815888,-0.005828037510541
-1.39755302768865,0.0280492978968391,-0.0111185461663623,0.165984871747191,-0.0201537579752843,-0.00512683872980498,-0.00447550799577684
-1.41812956272859,0.0349467015757022,-0.010896307711406,0.161189840681193,-0.0202268185917438,-0.00524598188717372,-0.00303330511519697
-1.43520382261372,0.0406126922805818,-0.0107016266464155,0.155000208676887,-0.0202795478893422,-0.00530322881439663,-0.00152812989013597
-1.4486600544846,0.045416818893102,-0.0105180115591793,0.147581625661921,-0.0203288264974366,-0.00533591342468813,1.45725722581198e-05
-1.45831279528874,0.0498033975307515,-0.0103308557292678,0.139031245518247,-0.0203954873976045,-0.00538078696471633,0.00156983678533406
-1.46395780794845,0.054218397767314,-0.0101311459217888,0.129398813677353,-0.0205013551740956,-0.00547357942267098,0.0031120436938606
-1.46542837484397,0.0590352178402637,-0.00991716653723615,0.11871818227051,-0.020665706256604,-0.00564858964945733,0.00461364416285524
-1.46265302611382,0.0644793625056759,-0.00969429928065841,0.107044131892567,-0.0209011675340269,-0.00593754767391917,0.0060439663620386
-1.45570858537533,0.070557254450983,-0.00947306857790354,0.0944889662244009,-0.0212093664038207,-0.00636712377913242,0.00736837737136529
-1.44485739261321,0.0770039387947943,-0.00926571973147239,0.0812514821981996,-0.0215771749117844,-0.0069547996707841,0.0085481517787717
-1.43055211916139,0.0832741932372637,-0.00908198638990395,0.0676283577384245,-0.0219750003468122,-0.00770346430587604,0.00954149123218016
-1.413390845899,0.0886037538564275,-0.00892525289911869,0.0539971391348399,-0.0223588747434286,-0.00859605298739031,0.0103061286897919
-1.39401548703966,0.092152749470588,-0.00879068869488674,0.0407646173018352,-0.0226775011995516,-0.00959251769148642,0.0108036534971784
-1.37297056612728,0.0932090827373894,-0.0086665688310314,0.0282870841903706,-0.0228835425258244,-0.0106316854546877,0.011004987768769
-1.35056747556991,0.091389040323842,-0.00853862445740447,0.0167864101319861,-0.0229458262594449,-0.0116393241388721,0.0108955478820498
-1.32681067638618,0.0867553510912832,-0.00839549647937002,0.00629651630711954,-0.0228575276275727,-0.0125410051154418,0.0104781873336684
-1.30142052166749,0.0798018177115837,-0.00823253756241781,-0.00333353494847009,-0.0226365426858478,-0.0132756309582886,0.00977264724028498
-1.27394172903276,0.0713161827910061,-0.00805216951291556,-0.0123796894474008,-0.0223179553681111,-0.0138048724731469,0.00881174453277864
-1.243888576591,0.0621861440802886,-0.00786106376745216,-0.0211524664272831,-0.0219422114513219,-0.0141158539044719,0.0076358812276297
-1.21087189200051,0.0532237388606687,-0.00766597712738595,-0.029911013666661,-0.0215438500432626,-0.0142176488828431,0.00628778187209944
-1.17467486359721,0.0450547021013437,-0.00747023443825928,-0.0388065203751803,-0.0211441978506571,-0.0141343348545646,0.00480871857620453
-1.13527299621882,0.0380804386128374,-0.00727197172293802,-0.0478624397276242,-0.0207489778793644,-0.0138976452867877,0.00323656384478924
-1.09281135352409,0.0324942480590422,-0.00706423336832345,-0.0569861702574239,-0.0203499688972591,-0.0135412572731648,0.00160539112741854
-1.04755650683408,0.0283257783536213,-0.00683642694604202,-0.0660024907745643,-0.0199292164781814,-0.0130974596356392,-5.3861778268937e-05
-0.999836740316999,0.0254921581972403,-0.0065765348937537,-0.074700575086721,-0.0194645132035942,-0.0125959720340934,-0.00171210157879287
-0.949978426245092,0.0238430258125004,-0.00627364633520333,-0.0828894978794079,-0.0189353725332681,-0.0120641526653057,-0.00334047780740891
-0.898243113224405,0.0231949098483111,-0.00592056120906956,-0.0904584590676811,-0.0183290918372697,-0.0115276252045594,-0.0049087125867411
-0.844770352729481,0.0233563553554212,-0.00551626558574157,-0.0974358421399389,-0.0176465156182123,-0.0110103487272098,-0.0063836181549515
-0.789535364175268,0.0241484801766307,-0.00506790914944735,-0.104035720997279,-0.0169067238429477,-0.0105333248525209,-0.00772817104458122
-0.732336134525853,0.0254259907087778,-0.00459158130082541,-0.110673755419341,-0.0161492227795148,-0.0101115769796546,-0.00890167828669675
-0.672826825200944,0.0271004423716655,-0.00411091619736902,-0.117931731796651,-0.0154317249133531,-0.00974985731337201,-0.00986164741135315
-0.61060697454989,0.029160854879141,-0.00365279672514345,-0.126458628232204,-0.0148219911567268,-0.00943863490539408,-0.0105677130620633
-0.545355154467898,0.0316798406144281,-0.00324055757809829,-0.136820264067306,-0.0143841253632146,-0.00915272674419991,-0.0109871983206601
-0.476967997452832,0.0347928215874541,-0.00288684512171591,-0.149341656305888,-0.0141628389220603,-0.00885455270584745,-0.0111008145054543
-0.405649930489746,0.0386488206466374,-0.00258941509360929,-0.164004108849866,-0.0141716163363007,-0.00850200910888317,-0.0109063743546898
-0.331913596383202,0.0433491200310723,-0.00233223749645082,-0.180442278727339,-0.0143899904823636,-0.00805834216140054,-0.0104189467206467
-0.256491726535336,0.0489005067004932,-0.00209150165092292,-0.198040203368,-0.0147709731568556,-0.00750010833795007,-0.00966746380596105
-0.180200543446144,0.0552025299634645,-0.00184354791623027,-0.216081329285028,-0.0152548768574892,-0.00682040154210356,-0.00868930620861324
-0.103807184861148,0.0620687842284119,-0.00157134825015747,-0.233894358707772,-0.015783651636125,-0.00602707125182164,-0.00752485340706413
-0.0279380752701497,0.0692661166249915,-0.00126780977261318,-0.250954513027056,-0.0163112094635222,-0.00513776856726864,-0.00621339830408994
0.0469606716316509,0.0765523075817703,-0.000936234403714739,-0.266928296288358,-0.0168081658274109,-0.00417428057203989,-0.00479088394436568
0.120619049058281,0.0836997559591438,-0.000589377795482792,-0.281670677764115,-0.0172618281416353,-0.00315800286352737,-0.00328923808386985
0.192910621890453,0.09050223432477,-0.000248514516906038,-0.295191281977368,-0.0176732250990823,-0.00210737481781162,-0.00173682088366802
0.263805405375448,0.0967684498098609,5.67566544549886e-05,-0.307604351729069,-0.0180527979905812,-0.00103726757095384,-0.000159527687145143
0.333316672369786,0.10230895001708,0.000288035085880064,-0.319071742134618,-0.0184157305152052,4.01502373801143e-05,0.00141778343685363
0.4014455929993,0.106923302812597,0.000397739416254785,-0.329743244894157,-0.0187772826931591,0.00111372539994276,0.00296975738234944
0.468125770261968,0.110394068229516,0.000330161950418619,-0.339696336104847,-0.0191481618673978,0.00217151273035444,0.00446906599337895
0.533171325547376,0.112493512755247,2.56499484374223e-05,-0.348878786173045,-0.0195299866872241,0.00319954670673985,0.0058851688715795
0.59623671635291,0.113007749640679,-0.000570483647469761,-0.357062198579928,-0.0199112679960599,0.00418184093045992,0.00718356333038358
0.656802037115199,0.111779578780154,-0.00149371653926216,-0.363820778766319,-0.0202649346525468,0.00510207292260455,0.00832588557019949
0.714200407028106,0.108764273751136,-0.00274249043165454,-0.368553681911488,-0.0205489787651611,0.00594695211867861,0.00927130083373299
0.767698979616177,0.104082288111601,-0.00426208049400637,-0.370565322955505,-0.0207117540866601,0.00671050366979439,0.00997952828045557
0.816628241397687,0.0980438919159974,-0.00593852528805743,-0.369200998141725,-0.0207022628556143,0.00739766344754142,0.0104154374653706
0.860528546906895,0.0911218779583919,-0.00761054168615169,-0.364007054808913,-0.0204833806160299,0.00802524048314167,0.0105544199141673
0.899261925711608,0.0838665420137425,-0.00910096296627209,-0.354859985894967,-0.0200435226302703,0.00861905321987445,0.0103869941476043
0.933039760258644,0.076786811907766,-0.0102587650328738,-0.342008566190863,-0.0194017256841514,0.00920782959710872,0.0099209256521992
0.962349793985578,0.0702431045346689,-0.0109951524656726,-0.326006957051526,-0.0186036393583171,0.00981622723486462,0.00917992375146892
0.98781171172615,0.0643929288950667,-0.0112990829090501,-0.307566876528216,-0.0177101956754999,0.0104597460951916,0.00819939498901966
1.01001890492209,0.0592018742067376,-0.0112281982582218,-0.287389813331905,-0.016783814485827,0.0111430519703684,0.00702087738489808
1.0294188986913,0.0545021001679515,-0.0108824906622888,-0.266036807659693,-0.0158770441365709,0.011861343737928,0.00568695951573042
1.04625668103019,0.050067029059125,-0.0103729874319333,-0.243863884706911,-0.0150262416635077,0.0126032026275058,0.00423781428175506
1.06057632555739,0.0456764210671914,-0.00979554095491681,-0.221020203827317,-0.0142503104917747,0.0133533196022368,0.00270958897032767
1.07226125576402,0.0411597867157267,-0.00921443042494231,-0.197489318312627,-0.0135530418322077,0.0140941770335382,0.00113430692189472
1.08109282665357,0.0364177987854623,-0.0086559037357503,-0.173152436861878,-0.0129273769695459,0.0148065331932038,-0.000459242763110185
1.08681382511202,0.0314269876129607,-0.00810960689902291,-0.147858987554475,-0.0123603544494774,0.0154690853209805,-0.00204407966360102
1.08919121951713,0.0262334644377785,-0.00753570112969185,-0.121496889645664,-0.0118380531435309,0.016057943775891,-0.00359338733570564
1.08807706393182,0.0209392640588406,-0.00687627011088417,-0.0940586837466594,-0.0113501699111422,0.0165466338001116,-0.00507887830686527
1.08346641005023,0.0156823577655381,-0.00607034415025399,-0.0656988163639827,-0.0108938853258071,0.0169073193684126,-0.00646940111639306
1.07554648571868,0.0106099614060266,-0.00507178225284236,-0.0367725692711426,-0.010476423963736,0.0171137871308042,-0.00773011971894778
1.06472386151261,0.00584540586714247,-0.00386799762722348,-0.00784085293004624,-0.0101153853449924,0.0171463209699944,-0.0088227460275482
1.05160991744583,0.00145193739189829,-0.00249531982112093,0.020377638711455,-0.0098358393621071,0.0169978189788268,-0.00970738359649794
1.03694674126006,-0.00259839355151471,-0.00104485291915927,0.0471174245988148,-0.0096637775323833,0.016679429302266,-0.0103463224111053
1.02147279599467,-0.00643884443767578,0.000346842707825,0.071727341859064,-0.00961701325641225,0.0162231235613565,-0.0107094200650816
1.00575900184071,-0.0102947117672427,0.0015232625288174,0.0938359458755652,-0.00969651840721946,0.0156788970740529,-0.0107796598404152
0.990073828685724,-0.0144415797847089,0.00234290452705375,0.113455413136058,-0.00988206872653643,0.0151062601352038,-0.0105567800539842
0.974334936815143,-0.0191473993780044,0.00271087421026939,0.130974592647831,-0.0101346655149812,0.0145625716093804,-0.0100573303388783
0.958166840178905,-0.0246191875830341,0.00259525424525017,0.147042598509306,-0.0104049610158145,0.0140925198670739,-0.00931111720953198
0.941033648178202,-0.0309720746351385,0.00202404729910034,0.162395051277168,-0.0106441055428221,0.0137222406143206,-0.00835564089574672
0.922388822965442,-0.0382264798085763,0.00106735801935268,0.177690785129985,-0.0108129838984906,0.0134589133512561,-0.00723063969058126
0.901792396940618,-0.04632718488642,-0.000186065291305021,0.19340483422756,-0.010887506169003,0.013294258019874,-0.00597417054545139
0.878974135431961,-0.0551723805334499,-0.00164969720019633,0.209788236361233,-0.0108597919757692,0.0132094799729107,-0.00462058050368047
0.85384653519982,-0.0646415711205238,-0.00325288367505896,0.226879993680893,-0.0107364161186091,0.0131797110815099,-0.00319999841891331
0.826483929337364,-0.0746152318509875,-0.00494617898630818,0.244548258722599,-0.0105351502603255,0.0131769982346572,-0.00173876783147767
0.797084852546035,-0.0849832970354483,-0.00669950119235475,0.262541313232671,-0.0102812788278644,0.0131717393492137,-0.000260346036118406
0.765929971091144,-0.0956426028538188,-0.00849519764685908,0.280536709605287,-0.0100040608085265,0.0131329583865024,0.00121362538986955
0.733341989221279,-0.106485292055391,-0.0103183272334153,0.298184197527637,-0.00973351252153123,0.0130280156597702,0.00266223981077804
0.699649404105433,-0.117381413316665,-0.0121464151367191,0.315142807628606,-0.00949747948543661,0.0128223987701918,0.00406433329200669
0.665153582984984,-0.128160016988787,-0.0139408868330099,0.331114394393865,-0.00931894159633696,0.0124802165265012,0.00539767080688769
0.630098412431768,-0.138594182035939,-0.0156423677085508,0.345875364038613,-0.00921361709796668,0.0119659339050346,0.00663842204583994
0.594643412000233,-0.148396368129721,-0.0171718478101505,0.359305792489812,-0.00918813844813065,0.0112476896201542,0.00776106891057796
0.55884404305621,-0.157230488035069,-0.0184390081006185,0.371411583650249,-0.00923927573117296,0.0103021526435654,0.00873890311319315
0.522645690235709,-0.16474495528837,-0.0193574549829563,0.382332243307679,-0.00935475006122177,0.0091202672484997,0.00954523837443558
0.48589845976527,-0.170625722160443,-0.0198642170374247,0.392326342781056,-0.00951597054632768,0.00771251820931793,0.0101553379790432
0.448396518138745,-0.17466039826697,-0.0199383081478781,0.401730675154345,-0.00970248396261778,0.00611184104065907,0.0105488342028025
0.409937795063282,-0.176796761280961,-0.0196118592072121,0.410897462496129,-0.00989718463639105,0.00437245474840488,0.0107121553157641
0.370390335594603,-0.177176063922063,-0.0189686940884273,0.420123573214413,-0.0100907603084706,0.00256396521774024,0.0106403237600167
0.32974592897184,-0.17612712600564,-0.0181294445369609,0.429591111569814,-0.0102838622880541,0.000761779925310806,0.0103375889959895
0.288144389172407,-0.174120072127093,-0.017227530458229,0.439335895813899,-0.0104862142438844,-0.00096366148286724,0.00981671679717388
0.245862420487749,-0.171692255411461,-0.0163836979546352,0.44925016799725,-0.010712980008839,-0.00255594868497024,0.00909719655733264
0.203273541213431,-0.169366063083067,-0.0156865379366286,0.459113931115716,-0.0109796151195934,-0.00397802741430488,0.00820291464900029
0.160793498879526,-0.167576192150467,-0.0151831312164238,0.468641524771144,-0.0112967319276894,-0.00521328528000435,0.00715986458008508
0.118826347460047,-0.166615792216382,-0.0148799199784321,0.477528809964191,-0.0116662337459171,-0.00626322790612237,0.00599429156107847
0.0777218390017093,-0.16660245462839,-0.0147511109740099,0.485490104253209,-0.0120794251911718,-0.00714323331919679,0.00473144737136334
0.0377489154969548,-0.167460863703288,-0.0147510549649422,0.492279656471954,-0.0125172863510041,-0.00787784841430543,0.00339496728399575
-0.000914136733644648,-0.168920168407954,-0.014827595726479,0.497697466064396,-0.0129527278717479,-0.00849667001126788,0.00200679909029596
-0.0381740020403354,-0.170528753977903,-0.0149343682170156,0.501582534134925,-0.0133543725090808,-0.00903133182209886,0.00058758646486234
-0.0740023665224394,-0.171693068153611,-0.0150407005669324,0.503798193636925,-0.013691151005582,-0.00951367108990424,-0.000842605589684692
-0.108403277232191,-0.171746338460097,-0.0151379269082514,0.504214550805045,-0.0139367778185808,-0.00997482266594357,-0.00226336255329865
-0.14137154137133,-0.170045634149296,-0.0152408466743793,0.502692914815324,-0.0140731435064119,-0.0104447707615574,-0.0036529674624559
-0.172849712361413,-0.166084268828948,-0.0153832963893902,0.499076847573333,-0.0140919809903319,-0.0109517725023673,-0.00498762691389146
-0.202694966603881,-0.159596852215394,-0.0156076992592445,0.493194178489485,-0.0139947747514338,-0.0115210824076497,-0.00624106653940283
-0.230668242016679,-0.150631597388507,-0.0159499935990127,0.48487348537568,-0.0137914642645797,-0.0121726036884389,-0.0073846370428576
-0.256454684797154,-0.139569680364521,-0.0164231254518428,0.473976157843159,-0.0134986865058035,-0.0129174984939996,-0.00838802043365647
-0.279716862989767,-0.127081583683545,-0.0170037574750964,0.460440389615689,-0.01313801976892,-0.0137543627687383,-0.00922059958273033
-0.300171954385339,-0.114022488849127,-0.0176273125256368,0.444326707906466,-0.0127342029688569,-0.0146661603058221,-0.00985352291225911
-0.317673782286626,-0.101282360139443,-0.0181951624877535,0.425848643674196,-0.0123130260716983,-0.0156194355161718,-0.0102623768158558
-0.332273971878252,-0.0896209442139944,-0.0185942260810913,0.405371517230115,-0.0118987594529652,-0.0165670467784921,-0.0104301193361133
-0.344238385213956,-0.0795288441542243,-0.0187241711436917,0.383370784994799,-0.0115114935335787,-0.0174546129808824,-0.0103496175805662
-0.354008093782032,-0.0711543398750747,-0.0185232179322887,0.360357451145014,-0.0111651842526501,-0.0182293464959734,-0.0100250009281581
-0.362114777284766,-0.0643163598631508,-0.0179831374950159,0.336793429404171,-0.010867151171492,-0.0188487580613709,-0.00947129428752038
-0.369078177628816,-0.0585933949572498,-0.0171483958604643,0.313024501440077,-0.010619216506298,-0.0192866599183904,-0.00871237567729304
-0.375317864842719,-0.0534525368236511,-0.0161011359903653,0.289249453353198,-0.0104199755019947,-0.0195350603082706,-0.00777788560891832
-0.381101452128024,-0.0483757335659629,-0.0149388135850378,0.265527573608086,-0.0102673043456766,-0.0196021989153651,-0.00669997064835889
-0.386534324468337,-0.0429520262535547,-0.0137523976465576,0.24181319211681,-0.0101603057391888,-0.0195081728615505,-0.00551059507861584
-0.391581960058008,-0.0369242488817577,-0.0126106912215526,0.218001152687657,-0.0101002849439793,-0.0192798968838984,-0.00423978295058277
-0.396110172678865,-0.0301949847014095,-0.0115527977672954,0.193969987409178,-0.0100907503154753,-0.0189467123361566,-0.00291479218242382
-0.399930187329216,-0.0228044068737017,-0.0105879881304753,0.169615551687954,-0.0101366695073988,-0.0185372664213662,-0.00155999872075591
-0.402840137459576,-0.014892852448508,-0.00970091784898975,0.144872836702154,-0.0102432768940326,-0.0180776940041202,-0.000197189835988923
-0.404659362484911,-0.00665793464653729,-0.00885994028060983,0.119726522529955,-0.0104147064647987,-0.0175907921236352,0.00115401211068552
-0.405254292620776,0.00168763923941649,-0.00802662441759232,0.0942119279090053,-0.0106526768766306,-0.017095786430692,0.002475765377443
-0.404555815117725,0.00995323922031993,-0.00716501703693649,0.0684094668144576,-0.0109553964763192,-0.0166083674214133,0.00375166245476347
-0.402568835717256,0.0179992446647242,-0.00624962613941083,0.0424372389316053,-0.0113167581627013,-0.0161408082255309,0.00496628548898005
-0.399375745246273,0.0257562127715367,-0.00527152142884045,0.0164454781596076,-0.0117258083301718,-0.0157020440544881,0.00610458800486144
