0.407865994598023,0.3065961716453,0.630999528980579
0.406904786025387,0.306637297772251,0.630982801496669
0.404986478694319,0.306719583161186,0.630955879858511
0.402119468326758,0.306843116443104,0.630931683598598
0.398316745793608,0.307008099192298,0.630929218583377
0.393596258405221,0.307214957334664,0.630973117318641
0.387981217037765,0.307464518242741,0.631093018136442
0.381500242602842,0.307758239303456,0.631322795594222
0.374187279110305,0.308098428126274,0.631699672373372
0.366081267311732,0.308488338366613,0.632263257550368
0.357225650125581,0.308931980026368,0.633054558561037
0.348607578861404,0.309376254074292,0.634000697724307
0.340258806429761,0.309819460818132,0.635082945116571
0.332208318131321,0.310258931346354,0.636280849193708
0.324482990035709,0.310690815030174,0.63757252476219
0.317107907589827,0.311110153789601,0.638934941666132
0.310106295552915,0.311511205784742,0.640344276069803
0.303499099799281,0.311887958488312,0.641776364763246
0.297304328340889,0.312234756013227,0.643207270791602
0.291536309490133,0.312546947398662,0.64461393112873
0.286205059630517,0.312821442780513,0.64597481992788
0.281315961304017,0.31305705673755,0.647270532973556
0.276869916917838,0.31325454063631,0.648484192135486
0.2728640520877,0.313416267629476,0.649601593067227
0.269292904126827,0.31354562387151,0.650611075931213
0.266149884665646,0.313646245240487,0.651503172780859
0.263428710482634,0.3137212822136,0.652270148169911
0.261124500641704,0.313772855967992,0.652905573673257
0.259234340863011,0.313801797304047,0.653404052529812
0.257757272612056,0.313807671374858,0.653761150367147
0.25669380791819,0.313789019957287,0.653973519978899
0.256045157296531,0.313743719192308,0.654039156754263
0.25581237854497,0.313669349755114,0.653957697714087
0.255995626298436,0.313563496119469,0.653730679341934
0.256593628717173,0.313423917829826,0.65336168991918
0.257603460030812,0.313248560321543,0.652856380975591
0.259020633094859,0.313035393950034,0.652222330254682
0.260839500752243,0.312782090278785,0.651468773536379
0.263053918165733,0.312485570055165,0.650606245459056
0.265658062830798,0.312141490883637,0.649646193060782
0.268647243616869,0.311743781522644,0.648600643423954
0.27201847821529,0.311284362004748,0.647482008588228
0.275770616412102,0.31075319481309,0.646303086365766
0.279903865884944,0.310138772987271,0.645077262064061
0.284418737649762,0.309429061752085,0.643818845542034
0.289314621515093,0.308612789990736,0.642543417559418
0.294588340679613,0.30768087859516,0.641268040271262
0.300233045567331,0.306627731897815,0.640011223163595
0.306237679093918,0.305452129283041,0.638792613854862
0.31258704439348,0.304157534617051,0.637632466894967
0.319262327295534,0.302751773047794,0.636550997754319
0.326241834824511,0.301246173534285,0.635567738230863
0.333501713698086,0.299654396010293,0.63470098093488
0.341016472228087,0.297991217277615,0.633967353753615
0.348759204680591,0.296271530064529,0.633381518446149
0.356701489722657,0.294509733844402,0.632955951937364
0.364813006846762,0.292719592604547,0.632700749933506
0.373060994844979,0.290914525162958,0.632623393833064
0.381409759623989,0.289108189920434,0.632728446624739
0.389820495829025,0.28731514180508,0.633017190565892
0.398251669215576,0.285551300234571,0.633487277452465
0.406660075235755,0.283834005279024,0.634132506088039
0.41500245873057,0.282181567363846,0.63494284098107
0.423237343290948,0.280612397784984,0.635904727722679
0.431326608080266,0.279143962210203,0.637001665542983
0.4392364355197,0.277791846948642,0.63821491546021
0.446937490554663,0.276569155817727,0.63952419630434
0.454404444152159,0.275486311017144,0.640908256582333
0.461615109497279,0.274551196714859,0.642345278961524
0.468549485071605,0.273769506710763,0.643813138918227
0.475188933766966,0.273145144746919,0.645289577716914
0.481515631025187,0.272680556851945,0.646752359785787
0.487512330406971,0.272376924109721,0.648179474383775
0.493162437377532,0.272234194239723,0.649549421207599
0.498450347671465,0.272250973638117,0.650841595735905
0.503361983762183,0.272424336030557,0.652036765149745
0.507885441481402,0.272749628636452,0.653117600345334
0.512011635454529,0.27322036874736,0.654069205684744
0.515734812220323,0.273828317637202,0.654879570347737
0.519052796819571,0.27456378951147,0.655539860885575
0.521966868303316,0.275416199967816,0.656044491651505
0.524481229268754,0.276374790586571,0.656390950430238
0.52660213412305,0.277429404064521,0.656579413177227
0.528336838347477,0.278571153231583,0.656612235490428
0.529692586248983,0.279792844224869,0.656493437207375
0.530675841735651,0.281089075524882,0.656228287392749
0.531291891122717,0.282456016660458,0.655823054402115
0.531544841793598,0.283890942547854,0.655284928542521
0.531437945846256,0.285391640644318,0.654622075190948
0.530974119087691,0.286955815016762,0.653843747937295
0.530156507466816,0.288580594219913,0.652960386855414
0.528988965499597,0.290262222661976,0.651983640897326
0.52747634136334,0.29199598800242,0.650926277837794
0.525624502917204,0.293776412870036,0.649801973964199
0.523440086627687,0.295597714284915,0.64862500502203
0.520930009879451,0.297454502304772,0.647409887055703
0.518100857422109,0.299342646481692,0.646171037091888
0.514958325967382,0.3012601885779,0.64492253283608
0.511506963979781,0.303208138581614,0.643678039669262
0.507750441152859,0.305190984559171,0.642450936260388
0.503692493884916,0.307216798967383,0.641254610091599
0.499338521159346,0.309296934266336,0.640102828357092
0.494697601554652,0.311445428098784,0.639010046428232
0.489784549688364,0.313678311511816,0.637991519735142
0.484621590477871,0.316012971386237,0.637063137844669
0.479239294888147,0.318467555667235,0.636240977067563
0.47367652596769,0.321060197767476,0.63554063429491
0.467979231558304,0.323807702378833,0.634976437130701
0.462198009621227,0.326723416332577,0.634560626904355
0.456384560038638,0.329814370770181,0.634302602691984
0.450587493232998,0.333078310594305,0.634208311975963
0.444848384189745,0.336501596674415,0.634279869207347
0.439199135849668,0.340058828955107,0.634515452476037
0.433661387524258,0.343714378931259,0.634909462166609
0.428247965551682,0.347425261335886,0.635452854861763
0.422965654252089,0.35114441662937,0.636133538627777
0.417818255759385,0.354823646690764,0.636936750070937
0.412809066535083,0.35841587824078,0.637845401441204
0.407942318222147,0.361876783698272,0.638840441024174
0.403223566719165,0.365165918908772,0.639901281562245
0.39865931773113,0.368247493708365,0.641006319938118
0.39425630053035,0.371090802613164,0.642133521818111
0.390020762148554,0.373670301773921,0.643261008369601
0.385958013091173,0.375965343076302,0.644367576692715
0.382072291099225,0.377959632716337,0.645433108830916
0.378366883576108,0.379640526593236,0.646438859754855
0.374844387447514,0.380998286552659,0.647367645371606
0.371506979744696,0.382025402440827,0.648203968135907
0.368356599981645,0.382716050578445,0.648934119981692
0.365394984925667,0.383065724108214,0.649546294456324
0.362623535009483,0.383071042545012,0.650030727112818
0.360043025343463,0.382729727819536,0.650379868743231
0.357653203688076,0.382040719268757,0.650588581497775
0.355452343847515,0.381004386818217,0.650654334191003
0.353436843824101,0.379622788907907,0.650577361787966
0.351600967552489,0.377899910517186,0.650360747712808
0.349936818386042,0.375841813749823,0.650010390395721
0.348434593827037,0.373456643245216,0.649534829659401
0.347083105077764,0.37075445894742,0.648944934831748
0.34587046652623,0.367746913128996,0.648253487819887
0.344784796894105,0.364446835857809,0.647474720316556
0.343814753178282,0.36086782403051,0.646623873370236
0.342949752956463,0.357023929889671,0.645716834910136
0.342179817974833,0.352929514501726,0.644769881341981
0.341495062263019,0.348599283265509,0.643799515362806
0.340884921463736,0.344048472709708,0.642822366160205
0.340337260873138,0.339293125408617,0.641855107221101
0.339837509615377,0.334350378490503,0.640914351037234
0.339367960375261,0.32923869869937,0.640016494191853
0.338907363765868,0.323978016801917,0.639177504156952
0.338430945308963,0.318589738631241,0.638412654922786
0.337910984445785,0.313096630553074,0.637736228360761
0.337318107337431,0.307522584486646,0.637161200677692
0.336623422861144,0.301892255950444,0.636698930684876
0.335801512569231,0.296230546701895,0.636358864920824
0.334834014442663,0.29056190620128,0.636148280329467
0.333713149545141,0.28490950080879,0.636072096717762
0.332444228384359,0.279294448203535,0.636132793941664
0.331046233257594,0.273735434802729,0.636330445965052
0.329550127681325,0.268248971426608,0.636662841104512
0.327995343283129,0.262850261809964,0.637125627708022
0.326425472757841,0.25755433464545,0.637712435212917
0.324884266886812,0.252376959853581,0.638414963166537
0.323412671719438,0.247335009035818,0.639223070311338
0.322047136691427,0.242446202728054,0.640124906726088
0.320819025293319,0.237728432414654,0.641107115172354
0.319754763376568,0.233198956302119,0.642155099686995
0.318876338141981,0.22887375216837,0.643253335355898
0.318201838032122,0.224767223887248,0.644385680261162
0.317745834690024,0.220892348960826,0.645535649953714
0.317519517743195,0.2172612448176,0.646686625438784
0.317530591379353,0.213886026865253,0.647821985947503
0.317783028532647,0.210779738034076,0.648925184294019
0.318276848992538,0.207957069646114,0.649979808230629
0.319008123103696,0.205434602625656,0.650969685053508
0.319969374562359,0.20323040509697,0.651879078569398
0.321150447313293,0.201363016390277,0.652692995628494
0.322539735833472,0.19985006007188,0.653397575594379
0.324125525003076,0.198706859860711,0.65398050156494
0.325897126152906,0.197945414981785,0.654431363886301
0.327845562463592,0.197573941562088,0.654741925721109
0.329963711481458,0.197596988302505,0.654906273353862
0.332245972478985,0.198015981901523,0.654920862871152
0.334687629485916,0.198829991030613,0.654784490798718
0.337284109215507,0.200036508373919,0.654498218759135
0.340030306647882,0.201632102738513,0.654065276301187
0.342920102730109,0.203612850827672,0.653490958137518
0.345946151061848,0.20597450474292,0.652782524957173
0.349099971532606,0.208712382906327,0.651949112004301
0.352372354897488,0.21182099577088,0.65100164578672
0.355754041391737,0.215293445048344,0.649952764916887
0.359236582723644,0.219120673389083,0.648816734907687
0.362813229452355,0.22329069349589,0.647609338601616
0.366479624981972,0.227787978453965,0.64634771636222
0.370234069149561,0.232593219981841,0.645050128607159
0.374077178213536,0.237683620653486,0.6437356239984
0.378010925438507,0.243033757298941,0.642423621950913
0.382037252378289,0.248616861156835,0.641133450502772
0.386156601067947,0.254406187273445,0.639883903207552
0.390366745201682,0.260376088384897,0.638692875434979
0.394662179970259,0.266502508885737,0.637577109736662
0.399034133912923,0.272762823077768,0.636552037958832
0.403471087884311,0.279135154266716,0.635631676918599
0.407959586631841,0.285597441362825,0.634828527481701
0.412485112714192,0.292126543001619,0.634153441521491
0.417032832156568,0.298697613900937,0.633615446104629
0.421588084691724,0.30528389854971,0.633221537966556
0.426136560304794,0.311856994967345,0.632976477528554
0.430664173527311,0.318387556244667,0.632882618844172
0.435156718439791,0.324846316159005,0.632939810725734
0.439599456056345,0.331205245326588,0.633145395783361
0.443976832876916,0.3374385803781,0.633494318821201
0.44827252219516,0.343523455499112,0.633979335568525
0.452469888077872,0.349439943126363,0.634591291290481
0.45655280019786,0.355170487278838,0.635319423396032
0.460506540174522,0.360698933968901,0.636151639807073
0.464318443682921,0.366009521326033,0.637074738405314
0.467977995465208,0.371086195229183,0.638074557951443
0.471476313570376,0.37591246055143,0.639136077241304
0.474805203089253,0.380471755104186,0.640243496137782
0.477956095895188,0.384748160819726,0.641380333973915
0.480919171241476,0.388727209083724,0.642529569728746
0.483682822475354,0.392396580866628,0.643673831551426
0.486233490979567,0.39574658906202,0.644795628193206
0.488555798762936,0.398770406145609,0.645877606195065
0.490632892185929,0.401464041541784,0.646902815169968
0.492446937822724,0.403826084663162,0.647854967659367
0.493979753356945,0.405857229924165,0.648718687667005
0.49521358310877,0.407559606224507,0.64947975029177
0.496132023386341,0.408935956828478,0.650125321248934
0.496721062039767,0.409988758583113,0.650644206711249
0.496970125291422,0.410719422986765,0.651027118397336
0.496872945422672,0.41112776391978,0.651266945847229
0.496428014323884,0.4112119145629,0.651359010155515
0.495638417887894,0.410968800361322,0.651301258539747
0.494510980671681,0.410395126118186,0.651094356469331
0.493054860150853,0.409488663251021,0.650741649941115
0.491279924398865,0.408249511270701,0.650249001088019
0.489195323679406,0.406681020103376,0.649624532070276
0.486808582843182,0.404790190873567,0.648878329131518
0.484125348574184,0.402587550088248,0.648022154292091
0.481149723648626,0.400086632824181,0.647069192106715
0.477884988884229,0.397303271781651,0.646033835324075
0.474334473419354,0.394254877262428,0.644931495718655
0.470502362575708,0.390959842104717,0.643778419082811
0.466394291867503,0.387437146371697,0.642591485010513
0.462017639433325,0.383706187597485,0.641387979953563
0.457381486906179,0.379786826084326,0.640185342742663
0.452496272613514,0.375699604248352,0.639000892482772
0.447373216583563,0.371466065447797,0.637851556975321
0.442023654888781,0.367109058888503,0.636753623669752
0.43645847043976,0.362652883931835,0.635722533282122
0.430687824702439,0.358123124093328,0.634772728267857
0.424721352318297,0.353546075393576,0.633917555325362
0.418568866339353,0.348947791235451,0.633169205842088
0.412241459920489,0.344352910142334,0.632538665411042
0.405752741802707,0.339783533377365,0.632035639054325
0.399119876283673,0.335258419174503,0.631668427026509
0.392364146762265,0.330792660167724,0.631443746390343
0.385510902365952,0.326397868082152,0.631366518495372
0.378588917474197,0.32208276995411,0.631439660920787
0.371629331015867,0.317854054007298,0.631663926314126
0.364664401287185,0.313717285875152,0.632037819470584
0.357726312164885,0.309677728896644,0.632557604157103
0.350846219890976,0.30574093162191,0.633217390643344
0.344053662165106,0.301912984991593,0.634009279544044
0.337376380014559,0.298200399686101,0.634923530170485
0.330840532373399,0.294609612519673,0.635948722969336
0.324471211846395,0.291146201191594,0.637071895839897
0.318293100555953,0.287813965623209,0.638278652085455
0.312331053269662,0.284614105597094,0.639553259604423
0.306610389998563,0.281544756948318,0.640878778747505
0.301156748228389,0.278601103856174,0.642237259911796
0.295995484054316,0.275776143651271,0.643610035001195
0.291150774192536,0.273061973117895,0.644978093836612
0.286644680688445,0.270451275952224,0.646322503524237
0.282496440819851,0.267938615660068,0.64762481378458
0.278722142435489,0.265521217332727,0.648867401170266
0.27533480175217,0.263199109565598,0.650033731391121
0.272344745890777,0.260974697418705,0.651108546009928
0.269760150677544,0.258851967859429,0.652077996388682
0.267587588858563,0.256835565416083,0.652929751936758
0.265832478471513,0.254929941167464,0.653653105478308
0.264499361570252,0.253138713238655,0.654239090876176
0.263591977153009,0.251464313248033,0.654680620014795
0.263113117528296,0.24990794491606,0.654972638516213
0.263064280107643,0.248469844654813,0.655112291389004
0.263445152272006,0.247149803802499,0.655099080560672
0.264253000828713,0.245947875388071,0.654934986176445
0.265482079005296,0.244865144226679,0.654624514483139
0.267123199892433,0.24390439663404,0.654174632345338
0.269163637354891,0.243070506278451,0.653594556945533
0.27158747579556,0.242370382341686,0.652895394096009
0.274376425789344,0.241812419894612,0.652089657369244
0.277510972993567,0.241405532824481,0.651190740441766
0.280971591848114,0.241157983275698,0.650212436855758
0.28473970621038,0.241076285427776,0.649168588883599
0.288798149670081,0.241164423992223,0.648072902372006
0.293131037455352,0.241423512901802,0.646938907469765
0.297723133424383,0.241851886499769,0.645780001770051
0.302558912376618,0.242445517991133,0.644609497528401
0.307621556184533,0.243198619282893,0.643440606920328
0.312892098036718,0.244104282366352,0.642286327552578
0.318348874358794,0.245155052434103,0.641159222258422
0.323967383182428,0.24634335733561,0.640071114782613
0.329720590170918,0.247661747796611,0.639032743034515
0.335579666140831,0.249102929227568,0.638053423218702
0.341515075524841,0.250659595620794,0.637140780554847
0.347497862947254,0.252324116197044,0.636300593868987
0.353500917715894,0.254088176514796,0.635536781005518
0.359499962325251,0.255942525638113,0.634851521647165
0.365474046124783,0.257877002710549,0.63424548099821
0.371405448784555,0.259880976979995,0.6337180740941
0.377279087708488,0.261944218389818,0.633267708510617
0.383081705208528,0.264058046288076,0.632891967121417
0.388801189657781,0.266216452284761,0.632587732476759
0.394426305518886,0.26841684141857,0.632351289633335
0.399946903897226,0.270660121319247,0.632178455622225
0.405354464066314,0.272950057693982,0.632064766163596
0.410642684582387,0.275292024087113,0.632005715364826
0.415807844931139,0.277691427000684,0.631997011251058
0.42084876774751,0.28015214754014,0.632034794054008
0.425766363727569,0.282675313394853,0.632115769768152
0.430562877298605,0.285258627233602,0.632237233949442
0.435241036049816,0.287896357640477,0.632396990964727
0.439803328413828,0.290579966488701,0.632593202309258
0.444251592632558,0.293299216139685,0.632824216067047
0.448587003584868,0.296043487269627,0.633088432193165
0.452810410463503,0.298802969048165,0.633384242447676
0.456922841810816,0.301569391438706,0.633710052199427
0.460925905735305,0.304336080584696,0.634064353662254
0.464821822727261,0.307097323958375,0.634445791940608
0.468612953977197,0.309847269677853,0.63485316148325
0.472300887720655,0.312578753384634,0.635285296071184
0.475885329317467,0.315282463325848,0.635740859688611
0.479363120506704,0.317946712827935,0.636218087326855
0.482727661201851,0.32055786527948,0.636714545052786
0.485968865184069,0.323101255907363,0.637226971668061
0.489073623745613,0.325562347355523,0.637751237715281
0.492026638330935,0.327927850830983,0.638282425170581
0.494811435803984,0.330186606360639,0.638815004336401
0.497411387334884,0.332330099933457,0.639343068601791
0.499810589636384,0.334352571122889,0.639860582876374
0.501994513297746,0.33625072118111,0.640361604944696
0.503950364735018,0.33802307258204,0.640840447820476
0.505667143368645,0.339669067045214,0.641291763606909
0.507135408564637,0.341188028693892,0.641710544803684
0.508346807663114,0.342578161584804,0.642092057033953
0.509293459183368,0.343835782523467,0.642431736054008
0.509967326982652,0.344954985661718,0.642725097211115
0.510359744299888,0.345927870133434,0.642967710300594
0.510461229930482,0.34674533185989,0.643155280614705
0.510261671505067,0.347398258766998,0.643283847100552
0.509750847299255,0.347878839642866,0.643350069696638
0.508919157190152,0.348181662528312,0.64335154608596
0.507758378937733,0.348304356685267,0.643287087798351
0.506262278636484,0.348247683609009,0.643156900579827
0.504426970350544,0.348015138399847,0.642962645352866
0.502251004636777,0.347612227611621,0.642707389105291
0.499735235230483,0.34704562538437,0.642395477687564
0.496882551537808,0.346322391103819,0.642032370518902
0.493697572660536,0.345449386291118,0.641624472815894
0.490186386493138,0.344432978204429,0.641178989228043
0.48635639504568,0.343279072427804,0.640703808338208
0.48221630036533,0.341993474830045,0.640207413407494
0.477776235476625,0.340582537073374,0.639698802827372
0.473048011322628,0.339053983187299,0.639187395735132
0.468045415514068,0.337417750484836,0.638682896523697
0.462784469181562,0.335686624420212,0.63819509918698
0.457283538013869,0.333876437007078,0.637733629610701
0.451563217184256,0.332005666757162,0.637307647629066
0.445645971571794,0.33009443328692,0.636925551794437
0.439555595726984,0.328163078564694,0.636594736692746
0.43331662629786,0.32623068059359,0.636321438693059
0.426953857107228,0.324313871191618,0.636110676167551
0.420492063380872,0.322426211550706,0.635966259321205
0.413955959559459,0.320578181965517,0.63589082780047
0.407370333246889,0.318777661728681,0.635885876897202
0.400760245230675,0.317030676424418,0.635951750599193
0.394151169885598,0.315342180822511,0.636087602406042
0.387568963908734,0.313716695652423,0.636291344737419
0.381039583440342,0.312158687882689,0.6365596207721
0.374588514585431,0.31067265177936,0.636887837200066
0.368239940305732,0.309262903741407,0.637270291727256
0.362015738171901,0.307933150179332,0.637700414031289
0.35593448176029,0.306685929009941,0.638171112759272
0.350010682349821,0.305522060254908,0.638675187160138
0.344254522014783,0.304440258774874,0.639205729096088
0.338672258596578,0.303437044473202,0.639756424249761
0.333267318569986,0.302507019731635,0.640321674740219
0.328041878880623,0.301643479315687,0.640896512601634
0.322998564144483,0.300839211685826,0.641476339649763
0.318141840512828,0.300087291830231,0.642056585209162
0.31347879763809,0.299381683356812,0.642632393223333
0.309019216927931,0.298717549215789,0.643198428480587
0.304775028103527,0.298091272892529,0.643748843492012
0.300759381697851,0.297500271871742,0.644277396765633
0.296985594623526,0.296942721902923,0.644777677362984
0.2934661866796,0.296417307299361,0.645243375135981
0.290212158977386,0.295923084038419,0.645668537233044
0.287232600933889,0.295459503022101,0.646047762703427
0.284534662923501,0.295026598757863,0.646376302903797
0.282123893993952,0.294625306745272,0.646650053410287
0.280004908043491,0.29425783209852,0.64686544294308
0.278182297476967,0.293927956003891,0.647019246608776
0.276661658281432,0.293641144802189,0.647108372948658
0.275450535130996,0.29340433361152,0.647129691851614
0.27455906411239,0.2932253070754,0.647079974924319
0.27400011488833,0.293111696710018,0.646956002733009
0.273788831495865,0.293069735871522,0.646754852108421
0.273941625424197,0.293103013219338,0.646474321401606
0.274474831735684,0.293211493055979,0.646113403574165
0.275403330983545,0.293391004143893,0.645672698503789
0.276739426898624,0.293633263515623,0.645154675747393
0.278492165156987,0.293926357824588,0.644563746893399
0.28066713456546,0.294255507532249,0.643906160499899
0.283266664951396,0.294603911474354,0.64318977246684
0.286290257822118,0.294953499239137,0.642423761509209
0.289735059123217,0.295285477849525,0.641618355100038
0.293596193858012,0.29558062196318,0.640784613173697
0.297866814283536,0.295819310568772,0.63993429224898
0.302537759597775,0.295981357918629,0.639079786041953
0.307596789319343,0.296045728621923,0.638234112423473
0.313027445078461,0.295990270883571,0.637410893176165
0.318807720522459,0.295791641889733,0.636624257745997
0.324908857257707,0.295425614113931,0.63588860426718
0.331294678634463,0.294867909126611,0.635218180318605
0.337921838068891,0.294095585053446,0.63462650310674
0.34474113813388,0.293088825382589,0.634125706014893
0.351699720093729,0.291832815110163,0.633725940223258
0.358743602893548,0.290319337341145,0.633434945674953
0.365819955706566,0.288547815911547,0.633257837786663
0.372878672089259,0.286525710593466,0.633197075070756
0.379873148826497,0.284268336466748,0.633252525123318
0.386760464300016,0.281798258350298,0.633421550959445
0.393501282820513,0.27914440590696,0.633699080828695
0.400059787410043,0.276341009050595,0.634077672747078
0.406403836245673,0.273426408064395,0.634547617854147
0.412505416562487,0.27044176677586,0.635097136740743
0.418341366914226,0.267429710660535,0.635712712443745
0.423894255115542,0.264432920349711,0.636379578119312
0.42915322630035,0.261492732019751,0.637082341291473
0.434114576634182,0.258647827150188,0.637805685551494
0.438781788491674,0.25593312726393,0.638535054070955
0.44316482111904,0.253379027387696,0.639257201710982
0.447278610850972,0.251011082992354,0.639960518588793
0.451140969887339,0.248850195912909,0.640635082262994
0.45477029241299,0.246913237485666,0.641272473181645
0.458183569318091,0.245213942076531,0.64186545673935
0.461395120213634,0.243763848931793,0.642407664002468
0.464416217814347,0.242573088226991,0.642893381824579
0.467255519793711,0.24165088288615,0.643317507738784
0.469920042701038,0.241005731380374,0.643675664170938
0.472416351997359,0.240645311579523,0.643964422769933
0.474751678711641,0.240576185467865,0.644181570947961
0.47693475687592,0.240803393021364,0.644326354899053
0.478976265039453,0.241330013798955,0.644399647718238
0.480888829590265,0.24215676016343,0.644404009976541
0.482686607130458,0.24328165397466,0.644343629013124
0.484384517417832,0.244699830718799,0.644224141042188
0.485997256683734,0.246403507461701,0.644052357339629
0.487538282306964,0.248382136650374,0.643835932235804
0.489019005274101,0.250622739836545,0.643583024048803
0.49044842221612,0.253110372174712,0.643302005174089
0.491833330083121,0.255828619901037,0.643001267618141
0.493179090854699,0.258760001636723,0.642689142119553
0.494490703605062,0.26188615759809,0.642373908299431
0.495773793002697,0.265187780466609,0.642063835780898
0.497035120252811,0.26864434785935,0.641767180281038
0.49828237502094,0.272233811479685,0.641492073482642
0.49952324282023,0.275932435378537,0.64124628420999
0.500763957185368,0.279714938494296,0.641036872973074
0.502007665464307,0.283555004687421,0.640869794457515
0.503252945062942,0.287426116437659,0.640749514290148
0.504492732329632,0.291302582709428,0.64067869899215
0.505713814549276,0.295160587225705,0.640658019197644
0.506896926691792,0.298979083400134,0.640686084704902
0.508017413933572,0.302740397387494,0.64075951233732
0.50904637778377,0.306430456693958,0.64087311713649
0.509952212512416,0.310038624467019,0.641020213788014
0.510702442159394,0.313557179429965,0.641193015002822
0.511265762726145,0.316980534453818,0.641383111483448
0.51161415806802,0.320304330933309,0.641582008852667
0.511724885377845,0.32352457491707,0.641781678204467
0.511582037985575,0.326636979800724,0.641975052434664
0.511177342101434,0.329636633240502,0.642156381643221
0.510509899848163,0.332518011728363,0.642321364654451
0.509584798651358,0.335275253399323,0.642467013797762
0.508410831883023,0.337902519510142,0.642591283266959
0.506997883090055,0.34039426995569,0.642692569742373
0.505354647447436,0.342745347733624,0.642769236814489
0.503487219716093,0.344950866883228,0.642819297122179
0.501398746921104,0.347005974616662,0.642840319015112
0.499090001825639,0.348905585738744,0.642829545503004
0.496560523130501,0.350644175854109,0.642784157752006
0.493809925079465,0.352215694269649,0.642701596735635
0.490839050811094,0.353613636524853,0.642579867287254
0.487650755817244,0.354831304515974,0.642417773252918
0.48425020975355,0.355862272745311,0.642215058119477
0.480644681821357,0.35670106124787,0.641972446350018
0.476842837993512,0.357343978982173,0.641691595930166
0.47285364711699,0.357790041210363,0.641374983808416
0.468685079226487,0.358041787935576,0.641025754283302
0.464342872605127,0.358105763800006,0.640647565460049
0.459829706133897,0.357992408791794,0.640244468344495
0.455145081626658,0.357715202579945,0.639820844171667
0.450286058287359,0.357289116218104,0.639381407750133
0.445248717593811,0.356728689013629,0.638931262326292
0.440029983457421,0.356046233285596,0.638475973164796
0.434629310345205,0.355250656322698,0.638021620983703
0.429049836770746,0.354347171741613,0.637574804696238
0.423298821746393,0.353337870647806,0.637142580611413
0.417387416354496,0.352222888473301,0.636732343838577
0.411329978512916,0.35100181710823,0.636351670262867
0.405143192159036,0.349675057848261,0.636008141343166
0.398845229104145,0.348244919876166,0.635709169914217
0.392455132537638,0.346716375095838,0.635461835768929
0.385992533937759,0.34509744723038,0.635272728210215
0.379477750517249,0.34339923662775,0.635147782178083
0.372932245381166,0.341635577999304,0.635092088173146
0.366379359815554,0.339822321670283,0.63510965738242
0.359845144313144,0.337976245564082,0.635203135138317
0.353359034942779,0.336113662506916,0.635373479093887
0.346954077783538,0.334248883604962,0.635619649527571
0.340666443138921,0.332392802390842,0.635938387187865
0.334534126604074,0.330551918464901,0.636324162494533
0.328594986236323,0.32872806550578,0.636769354427253
0.322884520810472,0.326918933440404,0.637264658539006
0.31743392312547,0.325119238608971,0.637799653297175
0.312268864666403,0.323322207868528,0.638363406346261
0.307409220237981,0.321520988728926,0.638945000643694
0.302869651989841,0.319709684506838,0.639533901581207
0.298660769616125,0.317883876397674,0.640120145456876
0.294790519717277,0.31604065254548,0.640694379981317
0.291265506809935,0.314178267840509,0.641247814391716
0.288092049319985,0.312295599299436,0.641772140695551
0.285276872853394,0.310391557703406,0.642259477038537
0.282827411377195,0.308464589958339,0.642702368575801
0.280751720860955,0.306512375571295,0.643093866336917
0.279058020485425,0.304531792359427,0.643427691968677
0.277753880996545,0.302519199740439,0.643698484330861
0.276845098649466,0.300471054291056,0.643902109314598
0.276334341418707,0.298384820746107,0.644035994779586
0.276219739451906,0.296260064627516,0.644099428952294
0.276493701022213,0.294099517179884,0.644093739875216
0.277142323340228,0.29190982222209,0.644022269230099
0.278145756108596,0.28970166776027,0.643890082493504
0.279479689809648,0.287489130860548,0.643703425611086
0.281117784941485,0.28528831986026,0.64346902804934
0.28303447742362,0.283115678159654,0.643193418474427
0.285207412929011,0.280986456622248,0.642882418524247
0.287618908194522,0.278913775153209,0.64254090724008
0.290256222406903,0.276908438725419,0.642172846366484
0.293110819690807,0.274979403904329,0.641781480021645
0.296177032602428,0.273134629566348,0.64136959878245
0.299450561930262,0.271382012145602,0.640939779536883
0.302927143013835,0.269730154281777,0.640494553623026
0.306601567594743,0.268188789934036,0.640036495304579
0.310467133140294,0.266768757178358,0.639568250072934
0.314515517658241,0.265481468541169,0.639092535566483
0.318737039205045,0.26433789201608,0.638612148612997
0.323121235673322,0.263347141743329,0.638130002324649
0.327657672209293,0.262514893044972,0.637649199799566
0.332336839618267,0.261841963506871,0.637173129800086
0.337150953715364,0.261323485714803,0.636705551474684
0.342094432052576,0.260949058971517,0.636250628233708
0.347163854513607,0.260704049536601,0.63581288129796
0.352357336247514,0.260571844851611,0.635397059056959
0.357673429630392,0.260536507681601,0.635007947550487
0.3631098416417,0.260585114921412,0.634650165504488
0.368662311988858,0.260709197157867,0.634327987058965
0.374323916517879,0.260905037117852,0.634045220574728
0.380084893535611,0.261172949871149,0.633805152599627
0.385932925954091,0.261515900786133,0.633610550107419
0.391853711240461,0.261937876737805,0.633463704130643
0.397831625590401,0.262442361102187,0.633366492980398
0.403850316304372,0.263031150058493,0.633320441639042
0.409893107679785,0.263703643343079,0.633326754506012
0.415943160984461,0.264456669875169,0.633386301275043
0.421983381259978,0.265284863197608,0.633499541008756
0.427996114348384,0.266181563546773,0.633666378836961
0.433962729548666,0.267140168860878,0.633885964606194
0.43986323348392,0.268155769766204,0.634156463485943
0.445676094315265,0.269226787260591,0.634474851935211
0.451378446351482,0.27035622247094,0.634836810268453
0.456946767846322,0.271552095055271,0.635236782298407
0.462357978151557,0.27282676706435,0.635668241232996
0.467590729692009,0.274195145743862,0.636124139555022
0.472626559750756,0.275672143742857,0.636597450539878
0.477450589062885,0.277270063295324,0.637081666574936
0.482051608533858,0.278996596274822,0.637571131465526
0.486421601368915,0.280853879687289,0.638061145771146
0.490554904312965,0.282838665272873,0.638547862308753
0.494447266177104,0.284943344741904,0.639028046444266
0.498095027667373,0.287157425037448,0.639498795637494
0.50149457043718,0.289469060185954,0.639957300486323
0.504642105901143,0.291866344512274,0.640400701111803
0.507533813056074,0.294338185317125,0.6408260617729
0.510166287118927,0.296874664336271,0.641230459444961
0.512537215550283,0.299466863472275,0.641611158971719
0.514646145570456,0.302106188950734,0.641965826649239
0.516495149670244,0.304783301027048,0.642292716411234
0.518089152169528,0.307486853355938,0.642590753770252
0.519435687239554,0.310202349039303,0.64285945246719
0.520543955333988,0.31291147707677,0.643098636354443
0.521423238638014,0.315592235917076,0.643308002128803
0.522080972476102,0.318219948006778,0.643486625987382
0.522520935457296,0.32076897754079,0.643632554489129
0.522742012732627,0.323214722347325,0.643742601582651
0.522737794498304,0.325535390503516,0.643812406210977
0.522496999196824,0.327713212640369,0.643836724368458
0.52200449615577,0.329734982206298,0.643809874922578
0.521242622879517,0.33159202692612,0.643726245867678
0.520192535606428,0.333279821513043,0.643580787323342
0.518835435227804,0.334797456429747,0.643369449094938
0.517153614255119,0.33614712311746,0.643089547695815
0.515131340108429,0.337333705455314,0.642740062958435
0.51275561703278,0.338364505221762,0.642321867503875
0.510016859677015,0.339249083897873,0.641837886884873
0.50690947758326,0.339999172726568,0.64129317894563
0.503432326602536,0.340628584485352,0.640694913259483
0.499588947347721,0.341153052924432,0.640052230586866
0.495387500108253,0.341589931275628,0.639375971969529
0.490840335050731,0.341957702904912,0.638678287862315
0.48596320769743,0.342275294970715,0.637972164539631
0.4807742455383,0.342561234178612,0.637270927936068
0.475292855919799,0.342832730080762,0.636587792740535
0.469538798782228,0.343104801755258,0.635935510864845
0.463531609668273,0.343389568218827,0.635326142041052
0.457290460159378,0.343695799956978,0.634770932614483
0.450834423433735,0.344028785362994,0.634280261076018
0.444183017056736,0.344390513542424,0.633863599525561
0.437356852307023,0.344780126312491,0.633529449038256
0.430378231647447,0.345194556421425,0.633285226582632
0.423271584306475,0.345629249773117,0.63313710231181
0.416063687368367,0.346078865380788,0.63308980175028
0.408783664337936,0.346537853756487,0.633146395187885
0.401462774630416,0.347000828753679,0.633308097994903
0.394134007588261,0.347462668633014,0.633574104055848
0.386831483814842,0.347918311975119,0.633941473292982
0.379589659407435,0.34836225779346,0.634405094657471
0.372442339342484,0.34878783994444,0.634957746770399
0.365421543992642,0.349186419642358,0.635590276081056
0.358556335895304,0.3495467094341,0.636291902566205
0.351871784666849,0.349854475448917,0.637050642850864
0.34538829216182,0.350092824113942,0.637853812113706
0.339121477888555,0.350243144158102,0.638688537886187
0.333082715469962,0.350286570012509,0.639542204467543
0.327280237738008,0.350205638561077,0.640402757920459
0.32172056014592,0.349985725650054,0.641258839242267
0.316409888250477,0.349615922284627,0.642099763514895
0.311355211480973,0.349089205649065,0.64291540418964
0.306564913668547,0.348401978542826,0.643696058330459
0.302048882351586,0.347553201963457,0.644432359003654
0.297818212705924,0.3465433949081,0.645115275231039
0.293884652826794,0.345373743104069,0.645736211350807
0.290259934080929,0.344045486098059,0.646287195201321
0.286955097560009,0.342559674981374,0.646761131039583
0.283979890640951,0.340917324210429,0.647152085738506
0.281342279384205,0.339119921429981,0.647455572690978
0.279048108729784,0.337170199709172,0.647668794106469
0.277100938677906,0.335073014417874,0.647790799968692
0.275502081402996,0.332836110767298,0.647822524724594
0.274250849799297,0.330470542083914,0.647766676409324
0.273344994100442,0.327990535122426,0.647627480700367
0.272781252575878,0.325412715858056,0.647410320376466
0.272555892897473,0.322754787354596,0.647121345295491
0.272665099782418,0.320033925475801,0.646767141362892
0.273105091352342,0.317265248315676,0.646354528307608
0.27387191593955,0.314460678345469,0.645890511444444
0.274960963169433,0.311628376598402,0.645382362308995
0.276366283644439,0.308772757282087,0.644837768411285
0.278079832469953,0.305894959155843,0.644264983226917
0.280090738293362,0.302993590333244,0.643672919955447
0.282384669600937,0.30006557033878,0.643071155429478
0.284943342869656,0.297106941126637,0.642469833187669
0.287744203505082,0.294113579542878,0.641879471356623
0.290760311881862,0.291081797650276,0.641310690623374
0.293960476755582,0.288008854118919,0.640773882311681
0.297309685641141,0.284893416332927,0.64027883930973
0.300769873858342,0.281736010389917,0.639834375408163
0.304301042227047,0.278539479468365,0.639447961597989
0.307862678452564,0.275309447039068,0.639125409180873
0.311415372723858,0.27205475777325,0.638870626374291
0.314922467114053,0.268787851535456,0.638685465968647
0.318351562791786,0.265525016433496,0.638569668246717
0.321675736328831,0.262286464461085,0.6385208906698
0.324874374122061,0.259096177285807,0.638534809134329
0.327933597740676,0.255981483281502,0.638605277042419
0.33084630152381,0.252972354404027,0.638724535253091
0.333611850343162,0.250100452922543,0.638883472273821
0.336235497106429,0.247398004224575,0.639071934835072
0.338727587469988,0.244896607774833,0.639279083209806
0.341102629068552,0.242626110706957,0.639493776272734
0.343378312367449,0.240613653644015,0.639704962923601
0.345574573929281,0.238882962386396,0.639902052703114
0.347712785177867,0.237453913672236,0.640075240527538
0.349815128606721,0.236342359501548,0.64021576776001
0.351904190181817,0.235560160199334,0.640316112425897
0.354002755472974,0.235115355305479,0.64037011289357
0.356133754257263,0.235012394691003,0.640373039310999
0.358320262871158,0.235252359707581,0.640321633145428
0.360585455943318,0.235833124036784,0.640214135432492
0.362952408512263,0.236749432583188,0.6400503180685
0.365443688857542,0.237992907949676,0.63983152088967
0.368080743786397,0.239552019565764,0.639560683807611
0.370883142772535,0.241412063034583,0.639242352713374
0.37386779195724,0.243555193464612,0.638882634468233
0.377048237141265,0.245960539512286,0.638489081558246
0.38043414560107,0.248604402700564,0.638070498751999
0.384031004276667,0.251460528278231,0.637636677756229
0.387840017916467,0.254500425338342,0.637198076688738
0.39185815272319,0.257693716120533,0.636765466437397
0.396078256604172,0.261008504264639,0.636349565592255
0.40048919458204,0.264411764472095,0.635960681493785
0.405075960087273,0.267869766799534,0.63560836961927
0.409819751393921,0.271348554058471,0.635301119212394
0.414698030149742,0.274814488357881,0.635046070976351
0.419684600300788,0.278234872205602,0.634848772938582
0.424749756770037,0.281578632180401,0.634712982477317
0.429860551659265,0.284817032464045,0.634640524600406
0.434981211201839,0.287924366625426,0.634631217362544
0.440073711654621,0.290878564724899,0.63468287361624
0.445098492103908,0.29366165360051,0.634791383736584
0.450015254104794,0.296260022711933,0.634950877161945
0.454783779489004,0.298664473730233,0.635153953065809
0.459364693583119,0.300870063224331,0.635391964118595
0.463720112436839,0.302875776656041,0.635655333727468
0.467814136254218,0.30468409158114,0.63593388714984
0.471613180825879,0.306300494437553,0.636217180180414
0.475086167383944,0.307733008227071,0.636494814552073
0.478204613093053,0.308991770626325,0.636756735151974
0.480942675787948,0.310088678425726,0.636993509063168
0.483277206639704,0.311037090167341,0.637196589173042
0.485187854262487,0.311851559570871,0.637358565138895
0.486657246093053,0.312547562017105,0.637473402053848
0.487671251361946,0.313141177773905,0.637536662969803
0.488219308808283,0.313648709408245,0.637545706644622
0.488294785065015,0.314086234447243,0.637499847654076
0.487895318413208,0.314469121800576,0.637400463225664
0.487023096814569,0.314811563018052,0.637251030191817
0.485685016550313,0.315126178526342,0.637057076455567
0.483892667075461,0.315423749953576,0.636826034722301
0.481662092099898,0.315713104806052,0.636566993081311
0.479013294480256,0.316001147904093,0.636290348473517
0.475969490760401,0.316293006457748,0.636007384648474
0.472556177609839,0.316592241018185,0.635729812098098
0.468800129216901,0.316901075198678,0.635469317151747
0.464728475742339,0.317220609795578,0.635237165213662
0.460367999895844,0.317551005941578,0.635043888223719
0.455744734290274,0.317891641776462,0.634899064175124
0.450883868743693,0.318241263832726,0.634811175403585
0.445809911758927,0.318598164845831,0.634787519232201
0.440547011550871,0.31896042108252,0.634834141756699
0.435119331419985,0.319326211988146,0.634955771375423
0.429551383377684,0.319694221889859,0.635155739640294
0.423868242339893,0.320064089869298,0.635435889933714
0.41809558539052,0.320436836972731,0.635796486972283
0.412259527300541,0.320815172232124,0.636236149974554
0.4063862580848,0.3212035755998,0.636751836778691
0.400501530700047,0.321608087574813,0.637338902478252
0.39463008837561,0.322035799876716,0.637991243204221
0.388795145765841,0.322494120161952,0.638701516224879
0.383018031707108,0.322989947163098,0.639461408183598
0.377318061367758,0.323528915814005,0.640261911828769
0.371712645458806,0.32411484784714,0.64109357270418
0.36621758684344,0.324749485180558,0.64194667988351
0.360847480123535,0.325432515047876,0.642811393117477
0.355616125264893,0.32616183898671,0.643677815507185
0.35053688659429,0.326934004095263,0.644536031014195
0.345622960739506,0.32774470527318,0.645376128436101
0.340887548449457,0.328589275528087,0.646188229578523
0.3363439469076,0.329463099587894,0.646962532531078
0.33200558831659,0.330361906912791,0.647689374153497
0.327886048233893,0.331281919259578,0.64835931120113
0.323999036999018,0.332219843677454,0.648963217666733
0.320358373718195,0.33317271486037,0.649492396604369
0.316977929041953,0.334137603364224,0.649938706726662
0.313871513476042,0.335111218930463,0.650294706256565
0.311052686623297,0.33608945404912,0.650553816796417
0.308534470566353,0.337066927635511,0.650710507770066
0.306328969124022,0.338036601096712,0.650760496391562
0.304446921353857,0.338989542673606,0.650700950006364
0.302897246092824,0.339914905568255,0.650530669328158
0.301686655572505,0.340800157408636,0.650250225678257
0.300819419908985,0.341631554172554,0.649862026215465
0.30029734408724,0.342394798594405,0.649370289999626
0.300119976398224,0.343075775619058,0.648780933276091
0.300285013315868,0.343661232520197,0.648101380144848
0.30078881828512,0.344139280908693,0.647340328702808
0.301626946704377,0.34449964218087,0.646507508191687
0.302794572933799,0.344733623433557,0.645613458647436
0.304286741690156,0.34483387605694,0.644669353871581
0.306098402657378,0.344794034620967,0.643686875753775
0.308224221258515,0.344608349213346,0.642678136646659
0.310658185402468,0.344271410157238,0.641655637653364
0.313393050638213,0.343778026329581,0.640632243407213
0.31641969144127,0.343123265103708,0.639621147104552
0.319726458638318,0.342302601659192,0.638635793912812
0.323298676842445,0.341312069726066,0.63768973013904
0.327118432772721,0.340148273406507,0.63679635544422
0.331164778464393,0.338808135300119,0.635968580052491
0.335414383339623,0.337288339831219,0.635218425463407
0.339842528182032,0.335584578103528,0.634556642332617
0.344424197621652,0.333690867856996,0.633992433184309
0.349134972647533,0.331599332565887,0.633533346166569
0.353951497823335,0.329300800537693,0.633185352178015
0.358851474416396,0.326786390104307,0.632953052507457
0.363813320941578,0.324049909587427,0.632839915566824
0.36881574561878,0.321090531539877,0.632848430501787
0.373837441417317,0.317914978719778,0.632980098360134
0.3788569791052,0.314538545916484,0.633235245256607
0.383852835115766,0.310984680915205,0.633612708009078
0.388803436795832,0.307283350929202,0.634109481238125
0.393687150065463,0.303468749009376,0.634720414263784
0.398482216867762,0.29957691828581,0.635438018512266
0.403166708738078,0.295643675490783,0.636252413844358
0.407718575078132,0.291702976889142,0.637151419943868
0.412115842720789,0.287785713657521,0.638120788034196
0.416336987736744,0.283918874586406,0.63914456229802
0.420361463252763,0.280125033817265,0.640205552853885
0.424170332255079,0.276422159424145,0.641285890367496
0.427746924631869,0.272823758623763,0.642367618314216
0.43107741859454,0.269339362126306,0.643433267670251
0.434151245645382,0.265975307427654,0.644466356238355
0.436961240420419,0.262735725994118,0.645451764634653
0.439503500012243,0.25962359509801,0.646375962593166
0.441776971642893,0.25664170018385,0.64722708749066
0.443782837087592,0.253793375276706,0.647994903615063
0.445523793377638,0.251082939799308,0.648670688296561
0.44700333440006,0.248515813803567,0.64924709531546
0.448225120207975,0.246098351903234,0.649718037976602
0.449192487679483,0.243837475101754,0.650078617987092
0.449908121588149,0.241740198300044,0.650325107835936
0.45037387639717,0.239813149663174,0.650454978568363
0.450590722365477,0.238062166489708,0.650466954309607
0.450558785819271,0.236492036676353,0.650361070655529
0.450277459238745,0.235106440118561,0.650138714920234
0.449745570268474,0.233908129591509,0.64980263173284
0.448961612392661,0.232899371939726,0.649356885461923
0.447924050981859,0.232082640269208,0.648806781124144
0.446631720040989,0.231461500043314,0.6481587562467
0.445084312832238,0.231041565706069,0.647420266056612
0.443282941611089,0.230831331400129,0.646599690720952
0.441230701955594,0.230842629237611,0.645706292315671
0.43893313958109,0.231090484464274,0.644750237313755
0.436398504737508,0.231592253626932,0.64374267738844
0.433637712041791,0.232366140648855,0.642695853357296
0.430664002937223,0.233429410915205,0.641623166705193
0.427492403161098,0.234796748901621,0.640539162937308
0.424139128950595,0.23647914741369,0.639459394755443
0.420621087913595,0.238483491642191,0.638400171166056
0.416955550449765,0.240812719460436,0.637378233418419
0.413159982118308,0.243466239899379,0.636410414185247
0.409251983170739,0.246440269751184,0.635513325689317
0.40524930764036,0.249727907117656,0.634703090752181
0.401170003374428,0.25331899579089,0.63399509464906
0.397032748736857,0.257199978510171,0.633403716226867
0.392857394504931,0.261353890984995,0.632942004757499
0.388665568305451,0.265760487427203,0.632621296184152
0.384481065692464,0.270396390704138,0.632450791702556
0.380329739532253,0.275235216859876,0.632437143976257
0.3762387370124,0.280247760051234,0.632584111235995
0.372235168693813,0.285402401648165,0.632892343269242
0.36834452295506,0.29066585605379,0.633359346739944
0.364589252711931,0.296004221601658,0.633979638231954
0.360987901972668,0.301384161121497,0.634745045843411
0.357554940983817,0.306773972144593,0.635645086721371
0.35430124426515,0.312144342740917,0.636667343201966
0.351234980917339,0.317468693711453,0.637797781768936
0.348362638863218,0.322723127774357,0.639020992546913
0.34568995582608,0.327886097256801,0.640320357583328
0.34322262730761,0.332937943377733,0.641678175498009
0.340966755437913,0.337860455158446,0.643075777327109
0.33892906432224,0.34263656012604,0.644493666904264
0.337116932217982,0.347250210219553,0.645911713041013
0.335538287628313,0.351686477610183,0.647309412865753
0.334201399289336,0.355931832754502,0.648666236764615
0.333114572228595,0.359974542724523,0.649962054798573
0.332285753162484,0.36380510260694,0.651177631325253
0.331722053464835,0.367416599042707,0.6522951589664
0.331429216821007,0.370804906941779,0.653298787101169
0.331411085798308,0.373968642185598,0.654175088115518
0.331669146744016,0.376908834258686,0.654913401827385
0.332202243130097,0.379628339482955,0.655506009603642
0.333006533033413,0.38213107204937,0.65594811478744
0.334075725089388,0.384421174315919,0.656237641203075
0.335401568681065,0.386502265723191,0.656374896985224
0.336974514061574,0.388376893041799,0.656362176060551
0.338784419202454,0.390046259927124,0.656203375690986
0.340821174496301,0.391510252748878,0.655903693870089
0.343075144342477,0.392767718183224,0.65546944017338
0.345537374492407,0.393816903563357,0.654907958647749
0.348199567099453,0.394655947832224,0.654227631544027
0.351053866754843,0.3952833107992,0.653437915622283
0.354092523425596,0.395698045269921,0.652549360130876
0.357307504370532,0.395899844288699,0.651573564793621
0.360690122644569,0.395888831930622,0.650523053635444
0.36423074108712,0.395665111411966,0.649411062405372
0.367918601079475,0.395228139765534,0.648251260521854
0.371741812809467,0.394576061402396,0.647057449933628
0.375687525618846,0.393705188309004,0.645843297802974
0.379742267606912,0.392609838604128,0.644622161900552
0.38389240468217,0.391282707515414,0.643407050922709
0.388124629994476,0.38971583195955,0.642210726001619
0.392426372907675,0.387902044266273,0.641045903065566
0.396786029489251,0.385836654369911,0.639925476039321
0.40119296721592,0.383519026679159,0.63886266690968
0.405637328076103,0.380953766149114,0.637871028522377
0.410109716291412,0.378151373884563,0.636964271024264
0.414600883452221,0.375128405861042,0.63615593285786
0.419101506160543,0.371907296405334,0.635458952268558
0.423602097922176,0.368516049214065,0.634885205353898
0.42809302505852,0.364987946783243,0.634445063305056
0.432564523200107,0.361361300096764,0.634146993866696
0.437006554571994,0.357679082832199,0.633997202405997
0.441408333511236,0.353988117629303,0.633999289070111
0.445757417646713,0.350337395704578,0.634153902086959
0.450038445382346,0.346775239979956,0.634458399699578
0.45423186275328,0.343345447152952,0.634906585946577
0.458313180321227,0.340083158691755,0.635488627787945
0.462253240914432,0.337011656127584,0.636191252413497
0.46601960681642,0.334141154451148,0.636998249611408
0.469578694756914,0.331469935677596,0.637891202172327
0.472898014679659,0.32898726241141,0.638850301324382
0.475947943692349,0.326676992029715,0.639855108126491
0.478702763350983,0.324520877033511,0.640885176588283
0.481140984497199,0.322500971489347,0.641920517130304
0.48324514985315,0.320601028219874,0.642941920894893
0.485001338824959,0.318807064282156,0.643931181894073
0.486398559244873,0.317107370980744,0.644871253869357
0.487428150799608,0.315492219194963,0.645746371810839
0.488083272845325,0.313953437979119,0.646542160074682
0.488358513189128,0.312483972251474,0.647245742058091
0.488249632407699,0.311077473194349,0.647845860641079
0.487753445662464,0.309727944783948,0.648333013615593
0.486867836199614,0.308429456546672,0.648699603552099
0.485591888148502,0.307175929582594,0.648940096573571
0.483926118553208,0.305961004204644,0.649051179224779
0.481872778514292,0.304777998606889,0.649031897258231
0.479436181817802,0.303619965430398,0.648883755687905
0.476623008492589,0.302479845061243,0.648610757126823
0.473442524742005,0.301350700838612,0.648219356984763
0.46990666437888,0.300226004257597,0.647718320841292
0.466029934100439,0.299099922246971,0.647118481415318
0.4618291358189,0.297967549697044,0.646432408243335
0.457322938578924,0.296825034029543,0.645674018681827
0.452531369694619,0.295669556388955,0.64485816927029
0.447475315635759,0.294499164106692,0.644000267328511
0.442176121705173,0.293312480571467,0.643115933924195
0.436655351680354,0.292108345187334,0.642220732601237
0.430934726153323,0.290885447485112,0.641329960342718
0.425036213417524,0.289642014775542,0.640458483440027
0.418982213242283,0.288375594286144,0.639620595298113
0.412795758999872,0.287082944239288,0.638829876002091
0.406500669226977,0.285760020155909,0.638099042502123
0.400121602332961,0.284402019074773,0.637439789693694
0.393684001192095,0.283003432076418,0.636862632499206
0.387213948776615,0.281558062149332,0.636376764160208
0.380737980721709,0.280058996893358,0.635989944789001
0.374282904059281,0.278498584425312,0.635708427427622
0.367875646050581,0.27686853205359,0.635536919547324
0.361543108033297,0.275160296256191,0.635478570917567
0.355311949824402,0.273365911020242,0.635534978229477
0.349208217871179,0.271479275108767,0.635706203072557
0.343256784408896,0.26949770726817,0.635990807607386
0.337480675370245,0.267423377677943,0.636385913762632
0.331900469705752,0.265264166496582,0.636887283625568
0.326533972795802,0.263033657654684,0.637489406658863
0.3213962718352,0.26075028152699,0.638185574463722
0.316500126054535,0.258435903784523,0.638967931782202
0.311856526634477,0.256114274858631,0.639827508049441
0.307475240777341,0.253809684616213,0.640754246087983
0.303365218623126,0.251545997178107,0.64173704660342
0.299534833581143,0.24934607718968,0.642763840299801
0.295991995641141,0.247231519138551,0.643821689806625
0.292744204411763,0.245222559002155,0.644896916722949
0.289798600947042,0.243338059101778,0.645975247208283
0.287162051383309,0.241595488007097,0.647041971944371
0.284841265590683,0.240010852679551,0.648082120652949
0.282842929338904,0.238598573338382,0.649080655164056
0.281173813122119,0.237371320265978,0.650022686373901
0.279840816424789,0.236339853623544,0.650893718403535
0.278850913111212,0.235512918920019,0.651679918112562
0.278210980662295,0.234897248529396,0.65236840116834
0.277927520237013,0.234497702439195,0.652947519107407
0.278006300507147,0.234317552500327,0.653407127410265
0.278451978400196,0.23435888177541,0.653738814243478
0.279267757198714,0.234623044359668,0.653936073803471
0.28045513338326,0.235111119298196,0.653994416333008
0.282013760540907,0.235824297034658,0.653911416828645
0.283941429238919,0.23676415369635,0.653686713576338
0.286234135158863,0.237932788970123,0.65332197378167
0.288886191128026,0.239332819610098,0.652820845506985
0.291890334909747,0.240967229158838,0.652188912722514
0.295237792075617,0.242839076279712,0.651433664309156
0.298918269108522,0.244951064582024,0.650564478930176
0.302919872148639,0.247304982411961,0.649592616804205
0.307228968833178,0.249901037800758,0.648531197539677
0.311830031512714,0.252737143757348,0.647395132435326
0.316705516258327,0.255808248338296,0.646200973403302
0.32183583821397,0.259105839557544,0.644966643615129
0.327199493772003,0.262617766310472,0.643711031318979
0.332773350004928,0.266328481451489,0.642453458372493
0.33853307526992,0.270219723710059,0.641213072063151
0.344453636447356,0.27427153107529,0.640008238481599
0.350509760006563,0.278463367916007,0.638856022365555
0.356676263311929,0.282775104852155,0.637771815190972
0.362928209270309,0.287187638755255,0.636769128927111
0.369240901819243,0.291683058148222,0.635859527227601
0.375589794031517,0.296244393474952,0.635052637965147
0.38195040521952,0.300855092275635,0.634356188586413
0.388298334551809,0.30549840347625,0.633776023823469
0.394609424980593,0.310156848056045,0.633316092358586
0.400860085481929,0.314811914179176,0.632978414107696
0.407027732663012,0.319444061375472,0.632763055995915
0.41309127254787,0.324033060720601,0.632668148859869
0.419031516266844,0.328558639576765,0.632689971806707
0.424831416212043,0.333001341777239,0.632823115263713
0.430476028612447,0.337343461844887,0.633060713878814
0.4359521579008,0.34156987555728,0.633394720697707
0.441247713200465,0.345668583788092,0.633816180886364
0.446350891815728,0.349630824891017,0.6343154621914
0.451249372506691,0.353450694580736,0.634882412568177
0.45592972451879,0.357124325220556,0.635506439849713
0.460377200299473,0.360648786169726,0.636176535622346
0.464575986944617,0.364020936280466,0.636881285143855
0.468509873548301,0.367236464053326,0.637608909497992
0.472163189849047,0.370289290647184,0.638347374175255
0.475521818620749,0.373171410290215,0.639084575652694
0.47857409106499,0.375873137816043,0.63980859356869
0.481311428311209,0.378383654763238,0.640507978780704
0.483728667447225,0.380691708881793,0.64117204084302
0.485824081353021,0.382786324763837,0.641791101501928
0.487599151642539,0.384657413166747,0.642356690209079
0.48905817798861,0.386296208125687,0.642861669286506
0.490207808428207,0.387695502244297,0.643300287129268
0.491056561444425,0.388849685193926,0.643668166150013
0.491614389093274,0.389754616178153,0.643962237643921
0.491892307580161,0.390407378864851,0.644180638860977
0.491902101441152,0.390805978017617,0.644322588823392
0.491656092502025,0.390949041215966,0.644388259217767
0.491166956500325,0.390835585778304,0.644378655069759
0.490447569146975,0.390464898977122,0.644295516720703
0.489510868763693,0.389836558566995,0.644141249808829
0.488369732298889,0.38895059292929,0.643918883906251
0.487036871866604,0.38780775131764,0.643632054163763
0.485524765833385,0.38640983231974,0.643284995207516
0.483845638622219,0.384760009196332,0.642882533930921
0.482011496197339,0.382863097204046,0.642430068487038
0.480034211215694,0.380725727255384,0.641933524228814
0.477925636834701,0.378356415707913,0.641399282378879
0.475697714685159,0.375765543171844,0.640834082158188
0.473362533535948,0.372965269839101,0.640244900791041
0.470932292308509,0.369969417651264,0.639638817673541
0.468419126019688,0.366793341641087,0.639022869455723
0.465834767720557,0.363453797271936,0.638403902642781
0.463190045655336,0.359968792766257,0.637788430476141
0.460494253360856,0.356357401159394,0.637182501804115
0.457754477794718,0.352639502090669,0.636591591211185
0.454975016136159,0.348835432614902,0.636020520858406
0.452157037797267,0.344965550661217,0.635473423827222
0.449298631934656,0.341049749249867,0.634953754793167
0.44639531201007,0.337106991396735,0.634464346288344
0.443440935052323,0.333154949887314,0.6340074991968
0.440428872444048,0.329209820607874,0.633585087911567
0.437353190964276,0.325286334594866,0.633198657614544
0.434209603183427,0.32139793839125,0.632849495352494
0.430996024750343,0.317557067455763,0.632538666590533
0.427712694822023,0.313775419693023,0.63226702054697
0.424361929123935,0.310064148795061,0.632035176475891
0.420947646494703,0.306433930225633,0.631843506404757
0.417474830690753,0.30289489263807,0.631692127646962
0.413949069097858,0.299456442898846,0.631580912471756
0.410376266083914,0.29612703772869,0.631509515042217
0.406762576380079,0.292913967664112,0.631477409222273
0.403114552981522,0.289823219943252,0.63148392653338
0.39943945990723,0.286859476556958,0.631528282210882
0.39574566612248,0.284026282388115,0.63160957927059
0.39204301663816,0.281326387149577,0.631726785548889
0.388343074598964,0.278762227149441,0.631878685980251
0.384659147528761,0.276336475660534,0.632063820310289
0.381006051571872,0.274052563670357,0.632280422768076
0.377399623176465,0.27191506598883,0.632526382641941
0.373856045567875,0.269929866806627,0.632799241780667
0.370391101813186,0.268104061553075,0.633096237035605
0.367019484065548,0.266445607378966,0.633414384746168
0.363754274310494,0.264962786578279,0.63375059398178
0.36060667056138,0.263663580726731,0.63410178869884
0.357585977105486,0.262555060252656,0.634465018092
0.354699823919971,0.261642876059259,0.634837538953414
0.35195454141751,0.26093090584742,0.635216861787584
0.34935559803599,0.260421069951286,0.635600761051868
0.346908008796941,0.260113299953285,0.635987256880107
0.344616637605297,0.260005623744684,0.636374579690064
0.342486338730564,0.260094323932501,0.63676112993494
0.340521909392006,0.260374130193633,0.63714544341281
0.338727853893214,0.260838416331759,0.637526168802461
0.33710799028629,0.261479385266335,0.637902059289107
0.33566496265076,0.262288236341622,0.638271975111111
0.334399752770528,0.263255316697422,0.638634889460774
0.333311306716924,0.264370260757024,0.638989887430187
0.332396393233664,0.265622119839353,0.639336147638951
0.331649780539153,0.266999479847257,0.639672899519766
0.331064752695075,0.26849056213351,0.639999355749947
0.330633898234934,0.270083303435657,0.640314627386954
0.330350021194804,0.271765415358205,0.640617636104116
0.330206982545788,0.273524430159253,0.640907040699911
0.330200298771346,0.275347744762574,0.641181192526031
0.330327396652519,0.277222677560848,0.64143812781953
0.330587517993601,0.279136553255561,0.641675597024353
0.330981348168315,0.281076830752788,0.641891125090657
0.331510485381735,0.283031288157198,0.642082093961197
0.33217687115029,0.284988275569632,0.642245838751989
0.332982278944622,0.286937038282821,0.642379751099847
0.333927923414259,0.288868098387573,0.642481385105079
0.335014219122514,0.290773662195604,0.642548562106524
0.336240690711634,0.29264799782407,0.642579469877543
0.33760601670928,0.294487708458707,0.642572750065206
0.339108175102588,0.296291821029626,0.642527565853875
0.340744649289021,0.298061625997899,0.642443641343414
0.342512646750599,0.299800244477795,0.642321266459385
0.344409284237023,0.30151195927173,0.642161266408081
0.346431702695245,0.303201407663356,0.641964941413519
0.348577092725527,0.304872774850264,0.64173398852915
0.350842632136841,0.306529130345022,0.641470420404752
0.353225354746789,0.308172013502021,0.6411764949221
0.355721979047432,0.309801312486252,0.640854665044098
0.358328725352259,0.311415415786708,0.640507551840899
0.361041143075085,0.313011566152145,0.640137937471743
0.363853959950819,0.314586322764651,0.639748770472315
0.366760956303112,0.316136037025796,0.639343173603888
0.369754862402752,0.317657262685715,0.638924444607945
0.372827276422258,0.319147043365697,0.63849604195635
0.375968604216188,0.320603043428549,0.638061550504149
0.379168028931806,0.322023508877657,0.637624625449927
0.382413526550394,0.323407063693631,0.637188916910035
0.385691950460648,0.324752365454313,0.63675798150865
0.388989211090276,0.326057663761158,0.636335191331588
0.392290572278001,0.327320325656055,0.635923653734877
0.395581071834355,0.32853641073079,0.635526156874309
0.398846049099938,0.329700388798949,0.635145154291967
0.402071730653089,0.330805086857545,0.634782796592264
0.405245793729307,0.331841923650882,0.634441009224244
0.408357809188804,0.332801438330186,0.634121604196044
0.411399469575856,0.333674054941056,0.633826403220208
0.414364540820987,0.334450963746718,0.633557344044604
0.417248530734612,0.33512496529144,0.633316543350656
0.42004812805679,0.335691127859747,0.633106298907735
0.42276051282253,0.336147153869377,0.632929028001249
0.425382658344203,0.336493421205114,0.63278715392897
0.427910735242105,0.336732739173922,0.632682963145386
0.430339698019551,0.336869915367083,0.632618459912887
0.432663099112998,0.33691125794255,0.632595243077053
0.43487314620515,0.336864136320234,0.632614422640255
0.436961000654603,0.336736696840827,0.632676584570869
0.438917304808413,0.336537785043907,0.632781802756019
0.440732914553995,0.33627706883044,0.632929688449381
0.442399790131748,0.335965293697539,0.633119460794547
0.443911956989502,0.335614543804933,0.633350017929201
0.445266394968498,0.335238349086561,0.63361998812364
0.446463670502005,0.334851490734618,0.633927745749818
0.447508127208893,0.334469428755869,0.634271387787998
0.448407523162525,0.334107395297039,0.63464868055167
0.449172142839434,0.333779323910637,0.635056998022376
0.449813567541617,0.333496859426921,0.635493276925693
0.450343387097042,0.333268676121563,0.635954007317325
0.450772130669545,0.333100231663736,0.636435264411806
0.451108596173963,0.332993951942795,0.636932774437084
0.451359622364543,0.332949735674043,0.63744199993111
0.451530235592478,0.332965619362851,0.637958229451054
0.45162404587686,0.333038450060604,0.638476660902071
0.451643761687007,0.333164453199888,0.638992473279951
0.451591718261457,0.333339632527323,0.639500886135714
0.451470347789739,0.333559984228298,0.63999720862024
0.451282547327209,0.333821542116937,0.640476880778562
0.451031918064442,0.334120294675171,0.640935509542188
0.450722860786011,0.334452028639584,0.641368901276223
0.450360522976637,0.334812158206735,0.641773092181965
0.449950607638193,0.335195593744245,0.642144377454202
0.449499072972183,0.335596689721198,0.642479339762251
0.449011771564312,0.336009290693357,0.642774877224364
0.448494090822148,0.33642687089899,0.643028230542703
0.447950657258633,0.33684274270792,0.643237008458333
0.447385154027632,0.337250296417314,0.643399210324286
0.446800277524604,0.337643230932834,0.643513244591124
0.446197831441199,0.338015740916608,0.643577942312053
0.44557893439513,0.338362638676719,0.643592565337767
0.444944302229023,0.338679403892225,0.643556809506244
0.444294562195694,0.338962168614284,0.643470803251872
0.443630559614216,0.339207655505301,0.64333510157116
0.442953625725101,0.339413093857778,0.643150675814324
0.44226578436658,0.339576140060781,0.64291890064634
0.441569881874359,0.339694826128552,0.642641539610256
0.440869628428186,0.339767552383809,0.64232073062846
0.440169541201797,0.339793129837833,0.641958972649352
0.43947478050036,0.339770864414119,0.641559114671318
0.438790874618143,0.339700662070796,0.641124347815039
0.438123337729524,0.339583121427225,0.640658200189207
0.437477200650698,0.339419572713648,0.640164532732641
0.436856495807435,0.33921202208069,0.639647532420314
0.436263761387318,0.338962971818366,0.639111697689066
0.435699647908521,0.338675111052978,0.638561810411792
0.435162713411767,0.338350905247567,0.638002889945611
0.434649472555412,0.337992148384752,0.63744012791708
0.434154718045625,0.337599567149023,0.636878806922284
0.433672069072147,0.337172569909259,0.636324210757199
0.433194640400811,0.336709209075264,0.635781536333189
0.432715690441693,0.336206378333012,0.635255816790526
0.432229111720533,0.33566021121834,0.634751861533621
0.431729671085137,0.335066602701606,0.634274213417695
0.431212972917584,0.334421753563229,0.633827118241721
0.43067518452443,0.333722639942501,0.6334144987905
0.430112612223964,0.332967329649885,0.633039925630581
0.429521243064206,0.33215509246384,0.632706579401222
0.428896371895644,0.331286277946086,0.632417203633416
0.428232419266203,0.330361964717814,0.632174052182553
0.427523013420275,0.329383424159351,0.631978840129486
0.42676136007577,0.328351491389784,0.631832710195971
0.425940859734425,0.327265984290194,0.631736226836039
0.425055865293657,0.326125334951451,0.63168940606845
0.424102421326483,0.324926572946025,0.631691780944822
0.423078812369675,0.323665717977224,0.631742492383854
0.421985784762437,0.322338520302596,0.631840386665991
0.42082638945459,0.32094137554914,0.631984097960322
0.419605493949069,0.319472184609959,0.632172098572135
0.418329091928299,0.317930953296017,0.632402709604887
0.417003570894549,0.316320015626558,0.632674076329269
0.41563507726394,0.314643876501639,0.632984121353332
0.414229063100073,0.312908760020691,0.63333049216942
0.412790035814497,0.311121994952088,0.633710517894488
0.411321482830655,0.309291369398361,0.634121184948727
0.409825916661851,0.307424558359357,0.634559135463719
0.408304981017808,0.305528689280895,0.635020687250399
0.406759568954022,0.303610075176285,0.635501871106139
0.405189922206304,0.301674118493107,0.635998480153973
0.403595700568945,0.299725371746615,0.636506126318078
0.401976027314854,0.297767730249862,0.637020300281723
0.400329528734286,0.295804724755759,0.63753643271783
0.398654391554308,0.293839875323853,0.638049955751731
0.396948460805252,0.291877061887211,0.638556364234571
0.395209392967582,0.289920863206204,0.639051276397407
0.393434866344475,0.28797681655071,0.63953049293633
0.391622835125266,0.286051557714456,0.639990052808972
0.389771799009314,0.284152816199976,0.640426283337038
0.38788105060695,0.282289260376038,0.64083584196491
0.385950860911789,0.280470211151815,0.641215747421504
0.383982570424208,0.278705261893052,0.641563399089159
0.381978568562071,0.277003853980662,0.641876584931145
0.379942163370801,0.275374858414073,0.642153479965358
0.377877362817523,0.273826204990926,0.642392638612735
0.375788604260988,0.272364585519275,0.642592984954859
0.373680477891284,0.270995241411654,0.64275380482594
0.371557492836443,0.269721833672626,0.64287474275793
0.36942393224066,0.268546387799614,0.642955805201618
0.367283836978939,0.267469308264246,0.642997369255242
0.365141146944802,0.26648946508346,0.643000193651838
0.363000012761582,0.265604365238048,0.642965426030953
0.360865267340034,0.264810428674179,0.64289459823933
0.358743014955617,0.264103387453785,0.642789600105515
0.356641256186156,0.263478810439898,0.642652623115218
0.354570429176137,0.26293272539933,0.642486069564084
0.352543723824522,0.262462268215569,0.642292430440974
0.350577035232058,0.262066248878836,0.64207414559225
0.348688480379809,0.261745505889558,0.641833469383764
0.346897505122375,0.261502943251259,0.641572369583587
0.345223728589885,0.261343212157784,0.641292482515066
0.343685760355169,0.261272093910203,0.640995133471632
0.342300238448008,0.261295724256107,0.640681412766111
0.341081264723232,0.261419836899931,0.640352282625038
0.340040288234758,0.261649182238849,0.640008684723697
0.339186362503909,0.261987213421799,0.639651623678516
0.338526619977706,0.262436055273568,0.639282214391935
0.338066784260536,0.26299670982255,0.638901694890067
0.337811564490556,0.263669414823378,0.63851141668907
0.337764829963551,0.264454058151658,0.638112829577329
0.337929527370256,0.265350552777217,0.637707477028857
0.338307367462529,0.266359088297747,0.637297013262519
0.338898365851098,0.267480194027416,0.636883244678807
0.339700367343851,0.26871457757331,0.636468188775543
0.340708704904926,0.27006274374506,0.636054134945912
0.341916132008203,0.271524448945986,0.63564368644386
0.34331311459686,0.273098095190711,0.635239763642473
0.344888482583496,0.274780198444536,0.634845556345579
0.34663034342559,0.27656506184891,0.634464425636105
0.348527084315638,0.278444740437589,0.634099769431701
0.350568262949274,0.280409312048733,0.633754875636492
0.352745218807951,0.282447394343456,0.633432789120082
0.355051313301296,0.284546796226108,0.633136213406848
0.357481798888224,0.286695178175023,0.632867457554411
0.360033394937725,0.288880618160621,0.632628427257929
0.362703693570894,0.291092023733715,0.632420650237517
0.365490528909875,0.293319378678855,0.632245321294678
0.368391425957971,0.295553850499568,0.632103352142187
0.371403212798689,0.297787806272388,0.631995414144175
0.374521842361601,0.300014788763768,0.631921966973221
0.377742433847448,0.302229495531924,0.631883271552129
0.381059511157853,0.304427785647922,0.631879390488374
0.384467386483768,0.306606716363314,0.63191018281144
0.387960612071734,0.308764590209674,0.631975301663885
0.391534404941927,0.310900976659324,0.632074203290589
0.395184943489871,0.313016666608647,0.632206173062451
0.398909447983203,0.315113526465924,0.632370369621887
0.402705993533898,0.317194240833362,0.63256588243587
0.40657306027948,0.319261964477839,0.632791792636243
0.410508889745972,0.321319933600697,0.633047223873653
0.414510768300475,0.323371103584193,0.633331370478617
0.418574378745729,0.325417875983443,0.633643494840234
0.422693341321556,0.327461953934952,0.633982893190409
0.426859012724415,0.32950432974372,0.634348836431643
0.431060546433195,0.331545373173813,0.634740497678683
0.435285162200626,0.33358496351954,0.635156879337347
0.439518541879098,0.335622597618691,0.635596749986907
0.443745265618934,0.337657409906476,0.636058596503024
0.447949220069965,0.339688057635144,0.636540591658201
0.452113937731282,0.341712452660301,0.637040573458254
0.456222854255073,0.343727358940672,0.637556030677
0.460259492073191,0.345727918678005,0.638084089739594
0.464207591620903,0.347707212136314,0.638621501051675
0.46805121560934,0.349655983173618,0.639164627291973
0.471774848489251,0.351562657482587,0.639709440698432
0.475363504242544,0.353413730927738,0.640251539042157
0.478802843631702,0.355194514499785,0.64078618899334
0.482079290704395,0.356890116479547,0.641308400325602
0.48518013229755,0.358486463843966,0.641813026532489
0.488093586403429,0.359971150160555,0.642294880327427
0.490808835050345,0.361333953741877,0.642748849553814
0.493316030202004,0.362566970944489,0.643170001410696
0.495606291308752,0.363664411967744,0.643553669054845
0.497671716429267,0.364622175499076,0.643895521461712
0.499505424787403,0.365437341979295,0.64419162223136
0.501101639593603,0.36610771134341,0.64443848467405
0.502455808206832,0.366631476232361,0.644633129090369
0.503564745135283,0.367007081481767,0.644773144811084
0.50442677387966,0.367233284384233,0.644856755510998
0.505041835607519,0.36730939919605,0.64488288207727
0.505411527913146,0.367235683661651,0.644851193740289
0.505539034749868,0.367013800726177,0.64476213539351
0.505428915093915,0.366647269285747,0.644616918761029
0.505086735037807,0.366141805961344,0.644417468109185
0.504518556329701,0.365505464120198,0.644166318099932
0.503730328835042,0.364748500597332,0.64386647102973
0.50272726651084,0.36388294712902,0.643521230969458
0.501513304685772,0.362921924539793,0.643134039856657
0.500090731441381,0.36187879718179,0.642708342275932
0.498460056334695,0.360766304150103,0.642247500297907
0.496620133350735,0.359595808920106,0.641754768719562
0.494568506392281,0.358376779297076,0.641233327986003
0.492301909089617,0.357116556338966,0.640686361027888
0.489816834451835,0.355820411949685,0.640117153973052
0.487110093969097,0.354491846052939,0.639529199813032
0.484179304229321,0.35313304431255,0.638926287456446
0.481023263659348,0.351745406878306,0.638312564166276
0.477642205791496,0.350330062948781,0.637692565304559
0.474037934276474,0.34888829862703,0.637071210341797
0.470213857476526,0.347421841427159,0.636453767718253
0.466174947353626,0.345932961337661,0.63584579335449
0.461927650048401,0.344424366051106,0.635253048704442
0.457479775429469,0.34289888947243,0.63468140459186
0.452840390619662,0.341359001036097,0.634136736968908
0.448019737985535,0.339806199837657,0.633624820396666
0.443029190557219,0.338240398266626,0.633151224564353
0.437881247105504,0.336659433764879,0.632721218562463
0.432589556359466,0.335058857215644,0.6323396868142
0.427168948660229,0.333432114841798,0.632011059347054
0.421635448472788,0.331771161097099,0.631739257183608
0.416006245879352,0.330067428757326,0.631527650991141
0.410299618231549,0.328312977645184,0.631379028267571
0.404534808236344,0.326501589417566,0.631295562400527
0.398731873911127,0.324629596947365,0.631278777168344
0.392911524295024,0.322696321610631,0.631329503151943
0.387094943739865,0.320704100732171,0.631447827379974
0.381303592879978,0.318657977487822,0.631633042779204
0.375558963089579,0.316565171970451,0.631883608084628
0.369882259002802,0.314434454456431,0.632197130787943
0.364293993624273,0.312275515965987,0.632570385045143
0.358813503117328,0.310098396757189,0.632999373050237
0.353458420677846,0.307913005244722,0.633479432145779
0.348244183745095,0.30572874427585,0.634005381225958
0.34318367427872,0.303554256795674,0.634571690133636
0.338287093757588,0.301397301323707,0.635172647450289
0.333562142491316,0.299264760942291,0.635802498882678
0.329014508074192,0.297162773277569,0.636455533200463
0.324648588019847,0.29509694631479,0.63712610545969
0.320468306050461,0.293072605439073,0.637808604392166
0.316477857168524,0.291095011181567,0.638497386131846
0.312682242646123,0.289169498785472,0.639186704266622
0.309087520688899,0.287301515050942,0.639870664155869
0.305700772840694,0.28549655426749,0.640543219806218
0.30252984706913,0.283760014093011,0.641198218509324
0.299582970913815,0.282097000413229,0.641829486598502
0.296868332377413,0.280512109580598,0.642430941811591
0.294393710669751,0.279009212022376,0.642996714575651
0.292166213313854,0.277591257472727,0.643521261428605
0.290192148625243,0.276260121382321,0.643999457447141
0.288477037295505,0.275016514042152,0.644426659776905
0.287025745199805,0.273859976354843,0.644798740230939
0.285842701985571,0.272788985759074,0.645112090684171
0.284932156748056,0.271801189248524,0.645363610007053
0.284298414400608,0.270893765643536,0.645550684824835
0.283945996230784,0.270063896610244,0.645671177695146
0.283879678236492,0.269309299213662,0.64572343459583
0.284104381395128,0.268628748671923,0.645706318873108
0.284624916560794,0.268022506658491,0.645619271792121
0.285445617394255,0.267492574813003,0.645462392227954
0.286569919182917,0.267042717191875,0.645236522099609
0.287999953930777,0.266678235694116,0.644943321312599
0.289736231313309,0.266405528791951,0.644585316523998
0.291777458856961,0.266231505695004,0.644165912263597
0.294120527250065,0.266162950447067,0.643689359742678
0.296760652637942,0.266205931425238,0.643160686691091
0.299691636664658,0.266365332158526,0.642585598398628
0.302906183850818,0.266644548338045,0.641970364095671
0.30639620881382,0.267045363935648,0.641321703003973
0.310153070649461,0.267567993815623,0.640646681522585
0.314167685772061,0.268211264360336,0.639952628042998
0.318430490272805,0.268972895906975,0.63924706606493
0.322931246942164,0.269849847337414,0.638537660601159
0.327658720050021,0.270838680010536,0.637832168193899
0.332600271770772,0.271935893581425,0.637138378105509
0.337741463469915,0.273138181679199,0.636464032428593
0.343065764605833,0.274442556300336,0.635816716772736
0.348554469819227,0.27584630306928,0.63520372087253
0.354186891192982,0.277346759816086,0.634631878385374
0.359940828049419,0.278940955021584,0.63410740406925
0.365793237910151,0.280625187258615,0.633635750488251
0.371720969178654,0.282394652416019,0.633221502909484
0.377701397407191,0.284243217994035,0.632868320998806
0.383712842544814,0.286163404306524,0.632578923552054
0.389734718579178,0.288146578220003,0.632355103164216
0.395747448176069,0.290183318821581,0.632197754900429
0.401732234411677,0.292263890730138,0.632106906810304
0.407670805877186,0.294378760133461,0.632081747956808
0.413545242525349,0.296519100884562,0.632120658060373
0.419337958282633,0.298677250744323,0.632221248997935
0.425031873832505,0.300847083280365,0.632380430495382
0.430610767012379,0.303024258452995,0.632594509744973
0.436059744207688,0.305206310262161,0.632859327644457
0.441365739372877,0.307392531958777,0.633170424183633
0.446517925394847,0.309583636383739,0.633523214645249
0.451507924568014,0.311781203902898,0.633913150208997
0.4563297373609,0.313986977505765,0.634335834855189
0.460979369203498,0.316202109594366,0.63478707732879
0.465454209172732,0.318426489657175,0.635262871482148
0.469752278450821,0.320658273213429,0.635759316268079
0.473871497502089,0.32289368981626,0.636272501807524
0.477809108678419,0.325127145454033,0.636798395058943
0.481561342676579,0.327351573804469,0.637332755835702
0.485123352852732,0.329558949833872,0.637871103307698
0.488489382662829,0.331740866031768,0.638408739092831
0.491653092882326,0.333889082750873,0.638940820074
0.4946079604891,0.33599598962577,0.639462465056325
0.49734766587362,0.338054943988201,0.639968875220042
0.499866401737323,0.340060476755078,0.640455448463086
0.502159058804085,0.342008372870844,0.640917870969567
0.504221266156242,0.343895641992693,0.641352174521961
0.506049286257705,0.345720397749985,0.641754754380129
0.507639786800989,0.347481663357275,0.642122349481414
0.508989533648394,0.349179120214417,0.64245199384243
0.510095069909947,0.350812816302853,0.642740954662253
0.510952461277546,0.352382853520003,0.642986677461939
0.511557190195925,0.353889077126599,0.643186759846929
0.51190426382317,0.355330794270472,0.643338971302874
0.511988559372416,0.356706549078688,0.643441326015045
0.511805370504136,0.358013976328254,0.643492200507802
0.511351055811768,0.359249743656955,0.643490472192973
0.51062364745373,0.36040957672544,0.643435644653767
0.509623273615719,0.361488348721334,0.64332792567493
0.508352287508287,0.362480210639278,0.643168235697695
0.506815065396071,0.363378743197577,0.642958143633825
0.505017513001236,0.364177120878357,0.642699746767699
0.502966380285097,0.36486828621868,0.642395525054882
0.500668515714226,0.365445132513762,0.642048203948969
0.498130190814161,0.365900684460358,0.641660654286905
0.495356600740555,0.366228253138401,0.641235845958314
0.492351606000797,0.366421531409204,0.64077685825573
0.489117733107463,0.366474596454513,0.640286937779837
0.485656404757476,0.36638180397918,0.639769587218666
0.481968329663892,0.366137595168554,0.63922866657802
0.478053956046999,0.365736286652311,0.638668492370944
0.473913889412224,0.365171959007832,0.638093927956459
0.46954920097696,0.364438576152513,0.637510466011583
0.464961605905719,0.363530433146738,0.636924307438012
0.460153554764142,0.362442938131536,0.636342436475832
0.455128330218577,0.36117361092516,0.635772679970409
0.449890248183389,0.359723077711719,0.635223725192954
0.444445021206023,0.358095809049771,0.634705063629232
0.438800270483166,0.356300405068408,0.634226833608893
0.432966105140926,0.354349351318193,0.633799552059927
0.426955650978952,0.352258299630867,0.633433748496584
0.42078541368468,0.350045023868208,0.633139534230773
0.414475393272122,0.347728239392616,0.632926151130805
0.408048910010278,0.345326462799725,0.632801545994297
0.401532143805415,0.342857045160843,0.632772011056237
0.394953423089551,0.340335459969681,0.632841921530719
0.38834232588294,0.337774881596068,0.633013589615527
0.381728676941184,0.335186057362454,0.633287241876975
0.375141541307696,0.332577454448373,0.633661113451444
0.368608323482126,0.32995564577893,0.634131638557398
0.362154077485316,0.327325881192476,0.634693704176597
0.35580111111,0.32469276973263,0.635340925461857
0.349568926220313,0.322060979540559,0.636065900704653
0.343474481603312,0.319435851464258,0.636860412316246
0.337532707831036,0.316823829503387,0.637715557099673
0.3317571601106,0.314232639425521,0.63862180983031
0.326160677157534,0.311671192458166,0.639569042826904
0.320755925757769,0.309149242724473,0.640546535413645
0.315555746831788,0.306676870845836,0.641543008260037
0.310573268185163,0.304263890422605,0.642546709236521
0.305821798900739,0.30191927464807,0.643545562931662
0.3013145600805,0.299650680998267,0.64452737967783
0.297064330784783,0.297464122289911,0.64548010562405
0.293083095675598,0.295363803009384,0.646392085530262
0.289381775023563,0.293352118377772,0.647252305407214
0.285970102215051,0.291429802651607,0.648050582911187
0.282856692088072,0.289596210436966,0.64877767914364
0.280049316418585,0.287849714863944,0.649425316115191
0.277555370036763,0.286188202933016,0.649986099710358
0.275382471648646,0.284609636040236,0.650453368235118
0.273539099914859,0.283112621039947,0.65082100957011
0.272035126326564,0.281696908517513,0.651083310688051
0.270882088536941,0.280363712029777,0.65123491335115
0.270093071143731,0.279115742303033,0.651270939273084
0.269682137715069,0.277956889144427,0.651187310961789
0.26966337679421,0.276891562032716,0.650981236290025
0.270049745338473,0.275923795741196,0.650651765254332
0.270851961129356,0.275056300137529,0.650200293271136
0.272077676244073,0.274289648573687,0.649630894664057
0.273731065861347,0.273621749919907,0.648950419125664
0.275812836555158,0.273047659859602,0.648168350118341
0.278320548346326,0.272559696232202,0.647296480114099
0.281249084436504,0.27214776051996,0.646348486621346
0.284591092359344,0.271799742632978,0.64533949332036
0.288337244116597,0.271501892406375,0.644285680464039
0.292476203244435,0.271239066477451,0.643203978556889
0.296994234251149,0.270994794564096,0.642111847306296
0.301874444047243,0.27075115241847,0.641027112792835
0.307095710767238,0.270488482288899,0.639967812861144
0.312631436507464,0.270185066183852,0.638951987496448
0.318448350806611,0.269816923125525,0.637997352799461
0.324505667024863,0.269357944596372,0.637120819979443
0.330754909586641,0.268780568509728,0.63633786650184
0.337140639028923,0.268057097695329,0.635661826162063
0.343602093022257,0.267161606959289,0.635103215187278
0.350075499745776,0.266072212031746,0.634669223189137
0.356496632784239,0.264773370057491,0.634363456262639
0.362803170872112,0.263257884676553,0.63418594188508
0.368936597599322,0.261528375030931,0.634133333097792
0.374843609922949,0.259598076286343,0.6341992189291
0.380477165733206,0.257490925088451,0.63437446517421
0.385797330853675,0.255240943004565,0.634647552393476
0.390772017518655,0.252890982204426,0.635004917417413
0.395377613770413,0.250490949343558,0.635431323822339
0.399599444034253,0.24809566590255,0.635910285204242
0.40343199109962,0.245762539839768,0.636424551676305
0.406878831478472,0.243549208392357,0.636956654523256
0.409952262720557,0.241511275684754,0.637489491473986
0.412672615901825,0.239700231460296,0.638006925942733
0.415067249263384,0.238161616445857,0.638494366077981
0.417169222532429,0.236933501658447,0.638939282699075
0.419015670994396,0.236045365029721,0.639331620831473
0.420645941445418,0.235517460463259,0.639664061204859
0.422099612559192,0.235360761424988,0.639932099358612
0.423414580337849,0.235577511710182,0.640133931792326
0.424625419612496,0.236162334765082,0.640270167346265
0.425762215534562,0.237103761343145,0.640343410158996
0.426849992067165,0.238385963912295,0.640357779340496
0.427908765102613,0.239990460225365,0.64031843399455
0.428954145939424,0.24189757609763,0.640231160021339
0.429998344836803,0.244087526498942,0.640102052436734
0.431051388626957,0.246541059415763,0.639937301762252
0.432122367288154,0.249239682697745,0.639743072580626
0.433220545376827,0.252165544216262,0.639525450460773
0.434356195568599,0.255301057528452,0.639290430156864
0.435541019947354,0.25862836719941,0.639043920619447
0.43678801983116,0.262128743556208,0.638791747261126
0.438110673240058,0.26578199813464,0.638539635967266
0.43952131452472,0.269566023905709,0.6382931648874
0.441028729794095,0.273456583275489,0.638057669623033
0.442635225198272,0.277427475121849,0.637838088236366
0.444333783240946,0.281451184228335,0.637638740617616
0.446106269699228,0.285500026962754,0.637463058896744
0.447923721505331,0.289547649266009,0.637313321694617
0.449749253221898,0.293570547603132,0.637190478025714
0.451543094200211,0.297549173168112,0.637094144380124
0.453268251857315,0.301468257514846,0.637022801643494
0.454895004211917,0.305316273069374,0.636974132693225
0.456403060035045,0.309084268351381,0.636945384798269
0.457781281452784,0.31276450532751,0.636933649146092
0.45902566658443,0.316349300866856,0.636936006216376
0.460136550950531,0.319830304780354,0.636949546792161
0.461115832198099,0.323198250712396,0.636971313835901
0.461964710605737,0.326443072058818,0.636998216069969
0.462682149657036,0.329554205472212,0.637026951060612
0.463264065459198,0.33252089794168,0.63705395702743
0.463703147648315,0.335332369722754,0.637075397078317
0.463989166863574,0.337977748477045,0.637087170684594
0.46410960356169,0.34044576951153,0.637084945246254
0.464050421277475,0.342724323343028,0.6370642041967
0.463796802750591,0.344800009540194,0.637020315083641
0.463333682135127,0.346657901822874,0.636948628726432
0.462645957154969,0.348281719565796,0.636844625770172
0.461718357623973,0.349654524186878,0.636704126874385
0.460535065101001,0.350759930137153,0.636523575795988
0.459079284700404,0.351583679478957,0.636300391353283
0.457333020712997,0.352115325021237,0.636033367565489
0.455277277346254,0.352349732889796,0.635723085268239
0.452892802807463,0.352288154247017,0.635372287050832
0.450161355972326,0.351938703289612,0.634986162757371
0.447067344720855,0.35131618005115,0.634572495688271
0.443599595795951,0.350441265809362,0.634141629849626
0.43975297988788,0.349339186688394,0.633706235858296
0.435529630664404,0.348037990757556,0.633280876882051
0.430939555199906,0.346566620558225,0.63288140419611
0.426000525991696,0.344952985448306,0.632524239948775
0.4207372573057,0.343222239785498,0.632225625866125
0.415179980971839,0.341395449003594,0.632000924406852
0.409362627457187,0.339488780551671,0.631864049808114
0.403320872455733,0.33751330449196,0.631827081448128
0.397090325376243,0.335475444615023,0.631900075434121
0.390705122139039,0.333378090013452,0.632091048105141
0.384197148465002,0.331222345559901,0.63240606304295
0.377596056999659,0.329009837202036,0.632849318196243
0.370930130495119,0.32674535943149,0.633423113215369
0.364227854984406,0.324439442651616,0.634127597088282
0.357519798186935,0.322110172335644,0.634960272498058
0.350840115264246,0.319783456824933,0.635915368214754
0.344226913237543,0.317491149242227,0.636983337915791
0.337721007594902,0.315267127853804,0.638150799563472
0.331363293805029,0.313142403044039,0.639401099872763
0.32519164687283,0.311140914432078,0.640715408986403
0.319238447748493,0.309277386379908,0.642074006981582
0.313529405354023,0.307557607662045,0.643457386500371
0.308083686969105,0.305980520389608,0.644846953203961
0.302914938536498,0.304541085956756,0.646225308691669
0.298032704312389,0.303233030296942,0.647576225483379
0.29344390542499,0.302050940471107,0.648884448939136
0.289154226899361,0.300991521427191,0.650135428752827
0.285169388432699,0.300054026042874,0.651315040524487
0.28149631006221,0.299239960501842,0.65240933307203
0.278144145690045,0.298552198115569,0.653404336214788
0.275125079328151,0.297993661199197,0.654285979087105
0.27245470465238,0.297565781790064,0.655040184525185
0.270151786945368,0.297267023419005,0.65565320148736
0.268237279072247,0.297091797971676,0.656112199998679
0.266732636630419,0.29703008551201,0.65640608226516
0.265657699968127,0.297067920587906,0.65652638249189
0.265028582307872,0.297188671730559,0.656468075050404
0.264856027988048,0.297374805448584,0.656230118093921
0.265144561392462,0.297609701597923,0.655815629005256
0.265892505479539,0.297879122983267,0.655231687583651
0.267092720503373,0.298172098608884,0.654488849468523
0.268733779932896,0.298481170893396,0.653600496871848
0.270801278856432,0.298802104616903,0.652582153297454
0.273279031160983,0.299133230842727,0.651450856712924
0.276150008819628,0.299474608936773,0.650224641680327
0.279396972361883,0.299827158848507,0.648922140713025
0.283002814760594,0.300191868427526,0.647562287177027
0.286950684290855,0.300569134059737,0.646164088599105
0.291223968724443,0.30095825682492,0.644746437804745
0.295806220630953,0.301357093908472,0.643327935814944
0.300681089841169,0.301761855305165,0.641926710656241
0.305832310430401,0.302167035878769,0.640560227138725
0.311243769081495,0.302565478629348,0.63924509248715
0.316899660222892,0.302948572338836,0.637996870560728
0.322784710289072,0.303306591154758,0.636829922679957
0.328884427913662,0.303629180358413,0.63575729507805
0.335185309809376,0.303905976993312,0.634790670506993
0.34167490752485,0.30412732379651,0.633940393169505
0.348341646172391,0.304284993786005,0.63321556107511
0.355174293794897,0.304372806018711,0.632624159074429
0.362161019973647,0.304387007936812,0.632173183279141
0.369288059952309,0.304326353888328,0.631868690797698
0.376538112015277,0.304191919923324,0.631715706992491
0.38388872673242,0.303986800717418,0.631717943479484
0.391311067607767,0.30371584124678,0.631877326339865
0.398769478589203,0.3033854318098,0.632193399605709
0.406222206957148,0.303003243213381,0.632662736031729
0.413623353148065,0.302577760027686,0.633278524437786
0.420925720442441,0.302117625655655,0.634030479175026
0.428083912024158,0.301631007927804,0.634905128326727
0.435056962180927,0.301125254808247,0.635886421643241
0.441810017091383,0.300606991554861,0.63695651518115
0.448314939111095,0.300082608803494,0.638096570773887
0.454549995710686,0.299558928375687,0.639287443964456
0.460498911060994,0.299043766455851,0.640510188376517
0.46614953183677,0.298546128937455,0.641746349094473
0.471492277944603,0.29807583764659,0.642978045604358
0.47651849574543,0.297642484760243,0.644187866346429
0.481218849732468,0.297253757601018,0.645358626735119
0.485581974543335,0.296913381758166,0.646473087603184
0.489593708327859,0.296619174518952,0.647513780924412
0.493237239887951,0.29636188482196,0.648463111325129
0.496494324368047,0.296125456773262,0.649303852040686
0.499347352053954,0.295888972452259,0.650020016245757
0.50178166550204,0.295629899659241,0.650597910777976
0.503787378558742,0.295327727311611,0.651027075371688
0.505360183049922,0.294966953854087,0.651300852583437
0.506501081465001,0.294538743855168,0.651416492424454
0.507215368157353,0.29404111766579,0.651374865704289
0.507511320947588,0.293477977247118,0.651179953030256
0.507398983432076,0.292857460493116,0.650838276863718
0.506889241125001,0.292190094597048,0.650358389004386
0.505993230710976,0.291487090010183,0.649750460275204
0.504722017102503,0.290758967140958,0.649025969527299
0.503086429554568,0.290014585217906,0.648197463467743
0.501096949735601,0.289260564257452,0.647278354222319
0.498763573879566,0.288501050967351,0.646282730798789
0.496095616445266,0.287737769841482,0.645225176679179
0.493101473615961,0.286970304517245,0.644120601794395
0.489788412529012,0.286196562007983,0.642984107863176
0.486162484303146,0.285413377890093,0.641830907276863
0.482228662495946,0.284617225414923,0.64067630532561
0.477991275015607,0.283805001071659,0.639535735226888
0.473454731027819,0.282974874616153,0.638424811405391
0.468624467822495,0.282127201031378,0.637359348795065
0.46350798824646,0.281265469784116,0.636355293741508
0.458115848717691,0.280397193465783,0.635428528315657
0.452462482643448,0.279534532150389,0.634594538778092
0.44656677140587,0.278694380574814,0.633867969998558
0.440452281062038,0.277897693369346,0.633262112591571
0.434147081406686,0.277168013783,0.632788385332741
0.427683094191595,0.276529437256634,0.632455880591086
0.421094997601436,0.27600445708424,0.632271032085143
0.414418814715468,0.275612194080729,0.632237441676298
0.40769037914038,0.275367375986808,0.632355872356044
0.400943868942486,0.275280175044129,0.632624390433251
0.394210545955584,0.275356756156347,0.633038629184899
0.387517777085504,0.275600230913487,0.633592146483552
0.380888387358992,0.276011680941491,0.63427685028759
0.374340413500996,0.276590973590328,0.635083458655656
0.367887375355152,0.277337191219145,0.636001941273589
0.361539224108832,0.278248594539351,0.637021861465386
0.355304112668538,0.279322128702255,0.638132513623004
0.349191010948586,0.280552566618058,0.639322751279198
0.343212913534815,0.281931484216731,0.64058045176719
0.337389968199586,0.283446383411014,0.641891685914679
0.331751432382956,0.285080384938725,0.643239844994274
0.326335271045623,0.286812899460088,0.644605141739933
0.321184818273453,0.288621417614747,0.645964898056526
0.31634320977428,0.290484044671843,0.647294753362168
0.311847498396186,0.292381937721211,0.648570484585094
0.307724523800276,0.294300780601351,0.649769831931607
0.303989589847716,0.296230913658795,0.650873787935589
0.30064767128384,0.298166345348481,0.651867130520304
0.297696104521043,0.300103210453221,0.652738298771182
0.295127685415968,0.302038226455775,0.653478862481738
0.292933460905246,0.303967502674353,0.654082833405696
0.291104904992925,0.305885854560042,0.654545989971478
0.289635445522278,0.307786645469383,0.654865306167699
0.288521434868308,0.309662117639724,0.655038521348643
0.287762674034438,0.311504145662313,0.655063865537034
0.287362554131038,0.313305319080626,0.654939955314881
0.287327817139983,0.315060216693937,0.654665882949709
0.287667898594646,0.316766673233953,0.654241519164091
0.288393825022821,0.318426782242545,0.653668026165248
0.289516707589256,0.320047360459032,0.652948530724038
0.291045981964283,0.321639657223137,0.652088849650188
0.292987648697222,0.323218240870412,0.651098116163218
0.295342814389806,0.324799202483662,0.649989150764762
0.298106787608251,0.326398012624909,0.648778465651523
0.301268854312741,0.328027467406316,0.647485875063751
0.304812695508348,0.32969612450228,0.646133774228584
0.308717275962701,0.331407479640494,0.644746214122061
0.312957966545544,0.333159938664046,0.64334792052864
0.317507667500578,0.334947472663545,0.641963386486775
0.32233775403138,0.336760747283304,0.6406161230232
0.32741873982353,0.338588497538103,0.63932810281098
0.332720624543664,0.340418955866283,0.638119389305959
0.338212944203807,0.342241204049681,0.637007917042548
0.3438645739256,0.344046382154973,0.636009377746907
0.34964334401696,0.345828730565781,0.635137168071038
0.355515530574651,0.347586453128354,0.634402362633616
0.36144528258769,0.349322365356458,0.633813685620078
0.367394061700518,0.351044232662615,0.633377462210874
0.373320209868155,0.352764621734954,0.633097536958439
0.379178827079803,0.354500017622359,0.632975152382895
0.384922216959132,0.356268967686286,0.633008792859202
0.390501184675536,0.358089192789705,0.633194022318175
0.395867356681019,0.359974005736032,0.633523379618295
0.4009763691798,0.361928886314487,0.633986428018474
0.405791318434545,0.363949350405676,0.634570054072771
0.410285552770449,0.36602095093943,0.635259049692225
0.414444008386653,0.368121354618068,0.636036900974223
0.41826285208117,0.370223475268332,0.63688660756288
0.42174782788295,0.372298270163939,0.637791329987615
0.424912003183351,0.374316221217525,0.638734725007946
0.42777348125441,0.376247368820826,0.639700944160069
0.430353314357163,0.378060515814297,0.640674387279812
0.432673596400002,0.379722547365987,0.641639383185914
0.434755674259507,0.381198662577621,0.642579991844507
0.436618550900693,0.382453815595465,0.643480076529766
0.438277707252596,0.383455067715412,0.644323692020442
0.439744592705904,0.384174146831912,0.645095716445809
0.441026887894198,0.384589476508001,0.64578257425635
0.442129421511032,0.384687227527947,0.646372887629617
0.443055457287044,0.384461338492426,0.646857941198285
0.44380802250418,0.383912731818644,0.647231910298356
0.444391000808127,0.383048033855644,0.647491851129572
0.444809798132776,0.381878038120102,0.647637471748018
0.445071467549903,0.380416024502765,0.647670705828968
0.445184240685997,0.378675949638405,0.647595115272841
0.445156482548029,0.376670508301695,0.647415169351659
0.444995194198351,0.374409154893025,0.647135494156958
0.44470434733592,0.371896351393657,0.646760247461062
0.444283511347394,0.369130497315984,0.646292818916532
0.443727324725598,0.366104056251941,0.645736033424454
0.443026237201817,0.36280517724526,0.645092907166114
0.442168561573235,0.35922061189003,0.644367793967318
0.441143377795398,0.355339185772799,0.64356757109827
0.439943514829364,0.35115484509544,0.642702473412105
0.438567883187167,0.346668526927174,0.641786325253995
0.437022763457796,0.341888618991561,0.640836147677729
0.435322035673509,0.336830256294927,0.639871304001181
0.433486581428686,0.331513942925199,0.638912422124486
0.431543169941245,0.325963986864236,0.637980309863345
0.429523101622484,0.320207100265352,0.637095008251962
0.427460788204662,0.314271352032843,0.63627505043532
0.425392338271242,0.308185521805238,0.635536934107927
0.423354119762522,0.301978810175706,0.634894780764131
0.421381213536597,0.295680801722951,0.634360143057637
0.4195056807165,0.289321542417509,0.633941925618255
0.417754657736625,0.28293157628041,0.633646396691838
0.416148453578652,0.276541795849338,0.633477280136855
0.414698993008501,0.270183011732404,0.633435923368789
0.413409027969643,0.26388524141185,0.63352153391543
0.412272441413853,0.257676830591325,0.633731467386837
0.411275697876776,0.251583601622665,0.634061539164152
0.410400170711306,0.245628231543991,0.634506327403758
0.40962485723643,0.2398299975466,0.635059438017825
0.408928969289471,0.234204931616231,0.635713709845956
0.408294026117576,0.228766346330269,0.636461345446021
0.407705275067387,0.223525652913059,0.637293957511974
0.407152429450457,0.218493383465864,0.638202524178148
0.406629803046436,0.213680330398,0.639177251734796
0.406135945778178,0.209098707030012,0.640207354251805
0.405672875653816,0.204763203473895,0.641280779056727
0.40524499035434,0.200691765979473,0.642383934831696
0.404857752139213,0.196905891219462,0.643501508946372
0.40451628135741,0.193430243229963,0.644616477438602
0.404224053117705,0.190291510231563,0.645710394892818
0.403981930460915,0.187516619029676,0.646763991173166
0.403787741130392,0.185130643322998,0.647758011499168
0.403636497538823,0.183154863756705,0.648674155810744
0.403521205484184,0.18160538544887,0.649495944958417
0.40343407354183,0.180492520307869,0.650209377368879
0.403367873183528,0.179820906702289,0.650803314879212
0.4033172131075,0.179590176406107,0.651269609179606
0.403279544604298,0.17979593071929,0.651603022634969
0.40325576570518,0.180430830103138,0.651801005250397
0.403250316350949,0.181485682085642,0.651863376036148
0.403270656630388,0.182950483454536,0.651791939148552
0.403326019323213,0.184815405975288,0.651590056256778
0.40342536716664,0.187071698126797,0.651262203508876
0.403574614172221,0.189712412831376,0.650813563827098
0.403773429212778,0.192732787415846,0.65024973434586
0.404012314958292,0.196130050368667,0.649576645890943
0.404271006835986,0.199902484597658,0.648800770415181
0.404519267591883,0.204047789079318,0.647929613662314
0.404720555352801,0.20856109519853,0.646972367274757
0.404837869395766,0.213433220988667,0.645940489404234
0.404839974871175,0.218649689284268,0.644847974779601
0.404705992629213,0.224190702052412,0.643711186296954
0.404427182888467,0.230031885824946,0.642548283826229
0.404005994159854,0.236145429939696,0.641378406126236
0.403453307359603,0.242501264668832,0.640220792992345
0.40278500650675,0.249068063173069,0.639093995021327
0.40201875314873,0.255813993030183,0.638015250652777
0.401171444677194,0.262707242214028,0.637000049023132
0.40025749868379,0.269716393141078,0.636061859140807
0.399287896110299,0.276810723089785,0.635211992232223
0.398269826832303,0.283960481184752,0.634459566981474
0.397206773576268,0.291137146886634,0.633811555934945
0.396098901585663,0.298313629968832,0.633272896973297
0.394943659819892,0.305464343782751,0.632846652666707
0.393736526898541,0.312565084023956,0.632534193843906
0.392471847755133,0.31959267798681,0.632335376735079
0.391143711110535,0.326524427677295,0.6322486814576
0.389746822798024,0.333337436620712,0.632271287338364
0.388277341382559,0.340007961196817,0.632399077370424
0.38673365815003,0.34651094216174,0.632626585175093
0.385117114128116,0.352819842586187,0.63294691584688
0.383432642273674,0.358906853900052,0.633351680744359
0.381689300121224,0.364743454748415,0.633830983696356
0.37990062476612,0.370301243513816,0.634373485318673
0.378084714817326,0.375552931049639,0.634966559042286
0.376263942077123,0.380473376156459,0.635596541728883
0.374464232590582,0.385040560500938,0.636249074014039
0.372713932383567,0.389236417430003,0.636909517701145
0.371042369702649,0.393047443967574,0.637563426468615
0.369478309247224,0.396465041998079,0.638197032725746
0.368048528903458,0.399485562078369,0.638797703404543
0.366776717487824,0.402110063845922,0.639354317732874
0.365682805343343,0.404343850977124,0.639857533085199
0.364782734196574,0.406195871115122,0.640299926710015
0.364088586723491,0.407678081578516,0.640676023344346
0.363608950592278,0.40880486995973,0.640982234385642
0.363349385013265,0.4095925931322,0.641216740623834
0.363312875771926,0.410059267916454,0.641379348645514
0.363500190638482,0.410224418205969,0.641471344060804
0.363910070431227,0.410109057488925,0.641495355428968
0.364539208526326,0.409735759753863,0.641455232820746
0.365381986428324,0.409128741433718,0.641355934830828
0.366429953434568,0.408313838720386,0.641203407387558
0.36767107542017,0.407318219440139,0.64100442723821
0.369088843098401,0.406169626350384,0.640766374199564
0.370661429784219,0.404894933891942,0.64049689352523
0.372361214221776,0.403517855797566,0.640203420307275
0.374155098610752,0.402055823553064,0.639892570778356
0.376006079570971,0.40051641138953,0.639569466800565
0.377876360226224,0.398894186034148,0.639237143048463
0.379731829262331,0.397169319774755,0.638896258872912
0.381547018238796,0.395309331056057,0.638545335571274
0.38330899927577,0.393274504838077,0.638181602405305
0.385018641168038,0.391025969908534,0.637802275435085
0.386688520443885,0.388533947494536,0.637405854246594
0.388338186586839,0.385783453284074,0.636992986308517
0.389988490647796,0.382775963953072,0.636566658327632
0.391656717623161,0.379527313651567,0.636131775067286
0.393353530078095,0.376063245102464,0.635694386805767
0.395081860315133,0.372414229454431,0.635260857260167
0.396837327243896,0.368610717274867,0.634837178632119
0.398609585574247,0.364679378763198,0.634428526688953
0.400384109759051,0.360640440591049,0.634039062536674
0.402144109510515,0.356506021735761,0.633671944022715
0.403872450187681,0.352279383081879,0.633329498990251
0.405553547958624,0.347955160673127,0.633013516705042
0.4071752005665,0.343520859428724,0.632725615185474
0.408730201493063,0.338960033237954,0.632467627889629
0.410217392537347,0.334257516200294,0.632241917853615
0.411641606521616,0.329406597632329,0.632051480614296
0.4130118838357,0.324416976582885,0.631899676311029
0.414337654191607,0.319320843402686,0.63178950501726
0.415623460184965,0.314173475420782,0.631722562345147
0.41686401456662,0.309045941337171,0.63169810809422
0.418041939732798,0.304011405208203,0.631712786140914
0.419129486197304,0.299130535754921,0.631761237179362
0.420093398248261,0.294441944127517,0.631837331204606
0.420900649008847,0.289960138001437,0.631935454296553
0.421522950101229,0.285679559540226,0.632051394623453
0.421939101646922,0.281581548431792,0.632182681084659
0.4221353204479,0.277641472272977,0.632328473527942
0.422104203488683,0.273834478243283,0.632489195947597
0.421843041339225,0.270139391106375,0.63266608598693
0.421352037063666,0.266540920164944,0.63286077405237
0.420632793368039,0.263030594987674,0.633074947524596
0.419687289491036,0.259606865121407,0.633310116262151
0.418517494429415,0.256274694118762,0.633567474336082
0.417125726688851,0.253044836019547,0.633847842469416
0.415515823140106,0.2499328523132,0.63415166847732
0.413695065848678,0.246957837957858,0.634479055041707
0.411676598304908,0.244140796568419,0.634829776837797
0.409481758481913,0.241502653731657,0.635203249696512
0.407141481674887,0.239062024296927,0.635598433094262
0.404695895329425,0.236833015139865,0.636013687198524
0.402191631285878,0.234823461720681,0.636446652331052
0.399677164387413,0.233033978131792,0.63689423939818
0.397197267881086,0.231458047171628,0.637352786815116
0.394788008273273,0.230083188780851,0.637818360243092
0.392473460540184,0.228893099547172,0.638287091829295
0.390264745462856,0.227870509453554,0.638755426898021
0.388161363583301,0.227000283871543,0.639220188058102
0.386154270857407,0.22627208678347,0.639678455194873
0.384229794998371,0.22568192492748,0.640127342151423
0.382373430266306,0.225232216640162,0.640563781512111
0.380572795694349,0.224930517755857,0.640984400532155
0.378819462438897,0.224787408449802,0.641385513689243
0.377109743297133,0.22481413967038,0.641763207471377
0.375444758799879,0.22502050176338,0.642113469001296
0.373830138959359,0.225413158664175,0.642432309542075
0.372275648006012,0.225994513005929,0.642715845878413
0.370794896751346,0.226762081818333,0.642960318470939
0.369405173645804,0.227708362646945,0.643162042251312
0.368127297208985,0.228821222855009,0.643317304847812
0.366985276403236,0.230084909923576,0.643422248907274
0.366005475085585,0.231481810505223,0.643472798497037
0.365214937663872,0.232995021460159,0.643464710358205
0.364638591512389,0.234611592326084,0.643393838111836
0.364295273933238,0.236325963599643,0.643256670144124
0.364193025242004,0.238142743456287,0.643051116958176
0.364324846097861,0.240077714844488,0.642777379599812
0.364666849893672,0.242156100283334,0.642438579944168
0.365180737839677,0.244407854127587,0.642040796876497
0.365821051136982,0.246861023823417,0.641592347632646
0.366545070936376,0.249535371079693,0.641102532556406
0.367321470366252,0.2524385115506,0.640580352544531
0.368134582160127,0.255565569144887,0.640033664999607
0.368983739302017,0.258901709374031,0.639468936424652
0.369879338025182,0.262426061634199,0.638891459343902
0.370837839531992,0.266115672176674,0.638305794995371
0.371877296125058,0.269948715949745,0.637716245568305
0.373014072608028,0.273906725324265,0.63712724899797
0.37426076296859,0.277975880541437,0.636543662398031
0.375624978704937,0.282147476968991,0.635970939653412
0.377108628695859,0.28641762507345,0.635415217890729
0.378707419082459,0.290786136322159,0.634883315292855
0.380410499705821,0.295254481507957,0.634382619561845
0.382200414340483,0.299822758410055,0.633920825488364
0.384053708308428,0.304485848624649,0.63350547895382
0.385942607378843,0.309229401452147,0.63314332258289
0.387837981221719,0.314026828372697,0.63283952497047
