0.25025925227102,-0.00178634744092981,-0.0610917381148895
0.416538198790028,-0.00294307284843282,-0.100982472275007
0.581950229697724,-0.00405318524706215,-0.13972057637104
0.746133031026749,-0.00510107048531643,-0.176906322064597
0.908720201900052,-0.0060722074582439,-0.212157610016255
1.06934077192244,-0.00695340033271174,-0.24511425064977
1.22761895424073,-0.00773297653455909,-0.2754419387728
1.38317423768626,-0.00840094555306588,-0.302835899499461
1.53562177089837,-0.00894911382144816,-0.327024154437633
1.68457311357625,-0.00937115375023374,-0.347770397617693
1.82963731689079,-0.00966262670851673,-0.364876460762076
1.97042231817461,-0.00982096201087126,-0.378184357504939
2.10653665403421,-0.00984539623747682,-0.387577907761836
2.2375914554722,-0.0097368786649733,-0.392983939617597
2.36320269286148,-0.00949794949060048,-0.39437306435767
2.48299363460443,-0.00913259787634435,-0.391760018990052
2.59659747092754,-0.00864610638733213,-0.38520356345851
2.70366006127228,-0.00804488745647053,-0.374805912710667
2.80384275870922,-0.0073363164065687,-0.360711679869695
2.89682525475343,-0.00652856439208815,-0.343106303401051
2.982308387258,-0.00563043367563194,-0.322213932890598
3.06001685482844,-0.00465119700870347,-0.298294754099213
3.12970177617158,-0.003600442743339,-0.271641750224141
3.19114303657606,-0.00248792719056937,-0.242576909188355
3.24415136575695,-0.0013234361037355,-0.211446915559589
3.28857009284242,-0.000116657336959019,-0.178618388974562
3.32427653690583,0.00112293326163808,-0.144472754464437
3.35118299956781,0.0023861707354647,-0.109400856447533
3.36923733773559,0.00366428313513794,-0.0737974437737556
3.37842311076324,0.00494895605525007,-0.0380556586541251
3.37875930846696,0.00623237940648352,-0.0025616693633882
3.3702996800603,0.00750727708883927,0.0323104273563966
3.35313169683799,0.00876692095178661,0.0662033251720729
3.32737519045889,0.0100051308640721,0.0987807582495913
3.29318071496718,0.0112162631400349,0.129731225388177
3.25072768433259,0.0123951896418285,0.158771152026307
3.20022233855364,0.0135372698641623,0.185647482607814
3.14189558845528,0.0146383182031951,0.210139716399573
3.07600078646802,0.0156945683595637,0.2320614130235
3.0028114676178,0.0167026365555207,0.251261204177027
2.92261909899481,0.0176594849727522,0.267623352004354
2.83573087218874,0.0185623864748058,0.28106789101296
2.7424675685961,0.0194088913124935,0.291550386777774
2.64316152613013,0.0201967961126658,0.299061334800099
2.53815473153547,0.020924115014545,0.303625218282355
2.42779705788701,0.021589052409366,0.305299234000307
2.312444667853,0.0221899762471811,0.304171691622577
2.19245859545327,0.0227253904246016,0.300360091331517
2.06820351602664,0.0231939043271615,0.294008883736944
1.94004670828869,0.0235941970405586,0.285286922992938
1.80835720348079,0.0239249732206252,0.27438462928247
1.67350511260572,0.0241849069001398,0.261510886911531
1.5358611108783,0.0243725687134062,0.246889714387547
1.39579605432608,0.0244863311891798,0.230756752147494
1.25368069834865,0.0245242459129407,0.21335562474233
1.1098854804259,0.0244838859881563,0.194934241047238
0.964780329496721,0.0243621477246165,0.175741102346412
0.818734462414069,0.0241550077452294,0.156021691096066
0.67211613159337,0.0238572369113565,0.136015012671935
0.525292297483454,0.0234620819110724,0.115950359863173
0.378628200747696,0.0229609402302164,0.096044362895518
0.232486820102534,0.0223430749943526,0.0764983772970298
0.0872282125484925,0.0215954409406199,0.0574962511729562
-0.0567912567152041,0.0207027167030835,0.0392024986235801
-0.199219777952378,0.0196476519107223,0.0217608925189697
-0.339711040256728,0.0184118271878405,0.00529347392703974
-0.477925241280496,0.0169768780058352,-0.0101000378186437
-0.613530148355212,0.0153261445984749,-0.024342460744625
-0.746202205030823,0.0134465915958051,-0.0373790237213012
-0.875627687948141,0.0113307260912667,-0.0491769327743199
-1.00150391210111,0.00897817832214238,-0.0597246612205079
-1.12354047151234,0.00639663390319954,-0.0690309863526589
-1.24146049492405,0.00360192747261508,-0.0771237865135984
-1.35500188080569,0.000617289616943181,-0.0840486059850984
-1.46391845467893,-0.0025280816943351,-0.0898669917030625
-1.56798100515321,-0.00580083891167995,-0.0946546044218748
-1.66697816397599,-0.00916538032685698,-0.098499118281782
-1.76071709934544,-0.0125855666036376,-0.101497926842667
-1.84902400626544,-0.0160260991488523,-0.103755686850928
-1.93174439769958,-0.019453502957666,-0.105381735681717
-2.00874320485224,-0.022836732894379,-0.106487434374866
-2.07990469041315,-0.0261474673941197,-0.107183489413017
-2.14513219814421,-0.0293601696614618,-0.107577311842405
-2.20434776134678,-0.032451991720533,-0.107770478573052
-2.25749159174685,-0.0354025829254997,-0.107856356690897
-2.30452147895663,-0.0381938480033959,-0.107917948908061
-2.34541213054053,-0.0408096842833314,-0.108026013070662
-2.38015448448284,-0.043235716096773,-0.108237496957271
-2.40875502712302,-0.045459035741112,-0.108594320197571
-2.43123514368393,-0.047467954518405,-0.109122524070278
-2.44763052575635,-0.0492517641127868,-0.109831795259921
-2.45799065825461,-0.0508005067132351,-0.110715358470915
-2.46237840138577,-0.0521047511510158,-0.111750223921626
-2.46086967603722,-0.0531553718285089,-0.112897767997854
-2.45355325632814,-0.0539433274581206,-0.114104615536787
-2.44053066676529,-0.0544594369719572,-0.115303793796507
-2.42191617489084,-0.0546941510077272,-0.116416122338672
-2.39783686550689,-0.0546373193691456,-0.117351806679958
-2.36843277733305,-0.0542779582116039,-0.118012202594132
-2.33385707938829,-0.0536040266295728,-0.118291724018554
-2.29427626862211,-0.052602256423121,-0.118079866482114
-2.24987032495806,-0.0512579471897767,-0.117263330475985
-2.20083286150794,-0.0495550211040623,-0.11572821635701
-2.14737117578494,-0.0474761935317042,-0.11336228253091
-2.08970620084488,-0.0450035034981201,-0.110057247996476
-2.02807232036377,-0.0421193644829805,-0.10571112499241
-1.96271701695308,-0.0388083666751539,-0.100230564467118
-1.89390032420802,-0.0350600834474355,-0.0935331960746229
-1.82189405864379,-0.0308730809639716,-0.0855499407223392
-1.7469808157255,-0.0262601296857611,-0.0762272700747318
-1.66945273108413,-0.0212541966740554,-0.0655293843719408
-1.58961003029171,-0.0159141275543487,-0.053440275404766
-1.50775945079667,-0.0103282861471866,-0.0399656297414425
-1.42421256671062,-0.00461373683373233,-0.0251345241047027
-1.33928414151918,0.00109060978080128,-0.0090008278574279
-1.25329049008287,0.006637055155499,0.00835578013532889
-1.16654777485304,0.0118859052664134,0.0268292926290563
-1.07937009293355,0.0167215365839813,0.0462874509769365
-0.992067232353991,0.0210631795448205,0.0665724836654663
-0.904942062924791,0.0248679555040606,0.0875025155224737
-0.81828782262942,0.0281266921661988,0.10887363090108
-0.732385267950413,0.0308553629393585,0.13046249314066
-0.647500121991246,0.0330853674696279,0.152029467613748
-0.563880857190551,0.0348551287361562,0.17332214221268
-0.481756896695818,0.0362041113214441,0.194079153366357
-0.401337266931658,0.03716931487485,0.214034221193933
-0.322809577670413,0.037783665497909,0.232920293366653
-0.246339536489759,0.0380757528693709,0.250473718173581
-0.1720707370749,0.0380702328922601,0.266438347071525
-0.100124826695154,0.0377885438607074,0.280569500526516
-0.0306020038989836,0.0372496795361169,0.292637731990211
0.0364181793082664,0.0364708898464515,0.302432336733141
0.100875742150624,0.0354682554808976,0.309764564350001
0.162728961981494,0.0342571255938918,0.31447050025494
0.221952863722577,0.0328524295583319,0.316413591548014
0.278537557261366,0.0312688823602829,0.315486796241352
0.332486468224624,0.0295211052462796,0.311614339688754
0.383814509028682,0.0276236818957471,0.304753066640982
0.43254623766545,0.0255911677411275,0.294893380871481
0.478714049035758,0.0234380672544652,0.282059768219209
0.522356442155985,0.0211787913068576,0.266310904673766
0.563516403446932,0.018827604387043,0.247739354556243
0.602239939374452,0.0163985696539169,0.226470871005581
0.63857479016688,0.0139054978617901,0.202663316516653
0.672569350158253,0.0113619048699008,0.176505223508668
0.704271815289685,0.00878098082859012,0.148214019707089
0.733729578478715,0.00617557238441107,0.118033935161953
0.760988892867955,0.00355817699794445,0.0862335929817926
0.78609484121201,0.000940943562752024,0.0531032312939201
0.8090916401559,-0.00166432899002801,0.0189514464429243
0.830023172360887,-0.00424619041972796,-0.015898498312302
0.848933370698601,-0.00679349230711256,-0.0511121474963038
0.865866302646055,-0.00929526977175353,-0.0863464096821688
0.880866508641343,-0.01174060830448,-0.121251819826248
0.893979971869355,-0.0141185515709366,-0.155475511325348
0.905255422141531,-0.0164180408115116,-0.188664829808047
0.914745650648846,-0.018627860735107,-0.220471130435669
0.922508740933324,-0.020736584566792,-0.250553558090809
0.928609205531976,-0.0227325207237228,-0.278582779888628
0.933119015134975,-0.0246036646676223,-0.304244669431104
0.936118494364607,-0.026337657852668,-0.327243930753827
0.937697051286353,-0.0279217544274552,-0.347307641114271
0.937953705245821,-0.0293427944007066,-0.364188678430648
0.936997379407984,-0.0305871803180374,-0.377668993655924
0.93494692802907,-0.0316408523407853,-0.387562682668016
0.931930874065506,-0.0324892541408454,-0.393718809290641
0.928086839860693,-0.0331172786621319,-0.396023928451419
0.923560679103449,-0.0335092032335085,-0.394404260239613
0.918505229497587,-0.0336484787333244,-0.388827474762205
0.913078849276273,-0.0335175733807457,-0.379304031660365
0.907443613686843,-0.0330976216174153,-0.365888052045435
0.901763271086901,-0.0323679464721466,-0.348677684679421
0.896200986408551,-0.0313053917296424,-0.327814944074172
0.890916921913769,-0.0298834179305719,-0.303484999127911
0.886065712813694,-0.028070922812022,-0.275914895943445
0.881793901734508,-0.0258307716526628,-0.245371700347815
0.878237400054907,-0.0231180847630371,-0.212160047772494
0.875519044710569,-0.0198784572902126,-0.176619088989895
0.873746314037805,-0.0160465251191115,-0.13911882499062
0.873009251588594,-0.0115456891447231,-0.100055826477005
0.873378617374725,-0.00629039736581058,-0.0598483422974595
0.874904237355226,-0.00019307666099061,-0.0189308123024107
0.877613458702801,0.00682174278166808,0.0222521764309185
0.881509571373841,0.0147941532789488,0.063252407432918
0.886570101656512,0.0236972850037013,0.103624863404056
0.892745126452992,0.0334039627292205,0.142934586243439
0.899956222087785,0.0436651278937045,0.180763174273258
0.908097098774197,0.0541163595108433,0.216714503748096
0.917036847281624,0.06432103860856,0.25041942591281
0.92662572747659,0.0738408089561636,0.28153949564633
0.936702020214592,0.0823074551029961,0.309770057550107
0.947098124604435,0.0894698990295519,0.334843005445313
0.95764449363896,0.0952045770323389,0.356529330516834
0.968171614998872,0.0994963241220803,0.374641325334346
0.978510846198633,0.102405456311185,0.389034225358362
0.988494998020963,0.104035012209963,0.399607132045378
0.997959150387163,0.104505494487154,0.406303178908945
1.00674178965339,0.103938626311032,0.409108991716704
1.01468614225839,0.102448559918971,0.408053539826801
1.02164152556701,0.100138142622043,0.40320648298824
1.02746456469793,0.0970981503533515,0.394676108767733
1.03202017569372,0.0934080293794247,0.382606941738742
1.03518226259971,0.0891372600840473,0.367177091730694
1.03683411051841,0.0843468632866752,0.34859539513585
1.03686849834826,0.0790908370417224,0.327098391405235
1.03518744911839,0.0734173580574648,0.302947186248966
1.0317018584122,0.0673698974726887,0.276424194134255
1.02633080063051,0.0609880930248664,0.247829818650125
1.01900066304379,0.0543084936972187,0.217479063334895
1.0096441025969,0.0473651826215309,0.185698086017042
0.998198836446723,0.0401902978409855,0.152820701583683
0.984606263527323,0.0328144656655583,0.119184845321832
0.968809915714576,0.0252671649487423,0.0851290544514214
0.950753809324648,0.0175770710470434,0.0509891687505665
0.930381050729833,0.00977251565242566,0.0170957626710218
0.907633627720835,0.0018823189721301,-0.0162268810556029
0.882454359452707,-0.00606292893712223,-0.0486603476422229
0.854789980591041,-0.0140297978802786,-0.0798929196298679
0.824592384646336,-0.0219819847088622,-0.10962457033998
0.791817208038215,-0.0298809846084393,-0.13757454648613
0.756421925269424,-0.0376865648096131,-0.163487641026711
0.718365025164746,-0.0453567893276195,-0.18713798323813
0.677606236443577,-0.0528478098069238,-0.208331291030314
0.634107359180522,-0.0601136178722378,-0.226906422653353
0.587833425658446,-0.067105845119514,-0.242736534352625
0.538754072605861,-0.0737736534817126,-0.255729872600139
0.486845062235488,-0.08006376499904,-0.265830167160072
0.43208990577779,-0.085920713732713,-0.273016584708396
0.374481536456849,-0.0912874555438329,-0.277303225680509
0.314023971751423,-0.096106537653284,-0.278738165580371
0.250733892854508,-0.100322092036794,-0.27740206271253
0.184642062728025,-0.103882930544921,-0.273406367494481
0.11579450944008,-0.106746903422534,-0.266891175962675
0.0442534341431418,-0.108886328072061,-0.258022768254499
-0.0299021269354306,-0.110293636684704,-0.246990862766638
-0.106575761898564,-0.110985559460979,-0.234005598421798
-0.185653055431353,-0.111003629755224,-0.219294246716599
-0.267000678019342,-0.110409286297795,-0.203097652026102
-0.350465159742831,-0.109273728296133,-0.185666425324004
-0.435871582090429,-0.107665233979676,-0.167256951080496
-0.523022629031489,-0.105638183138398,-0.14812729837693
-0.611698422321313,-0.103227252966133,-0.128533131047126
-0.7016573313982,-0.100447684142493,-0.108723695292961
-0.792637659050826,-0.0972999811617077,-0.0889379460511538
-0.88435993352045,-0.0937763538066835,-0.0694008709250326
-0.976529520448087,-0.089866661618764,-0.0503200883456977
-1.06883934530192,-0.0855627292122446,-0.0318828122933982
-1.16097260706692,-0.0808608635017352,-0.0142532867858066
-1.25260542354233,-0.0757629211640365,0.00242921448824133
-1.34340937571347,-0.0702764122111242,0.0180517468898678
-1.43305392518158,-0.0644140609575951,0.0325283665991115
-1.5212086792573,-0.058193119671091,0.0458001047758453
-1.60754548053068,-0.0516346142920935,0.0578342705018591
-1.69174030256194,-0.0447626183846905,0.0686231406522744
-1.77347493900866,-0.0376035997616164,0.0781821218175389
-1.85243848355763,-0.030185855139044,0.0865474890996196
-1.92832860657845,-0.02253903349905,0.0937738157590645
-2.00085264011012,-0.0146937423851434,0.0999312092102911
-2.06972848896067,-0.00668122884457613,0.105102462610273
-2.13468538648235,0.00146687352014183,0.109380216199484
-2.19546451530312,0.00971873975153209,0.112864206848148
-2.25181951296566,0.0180424988721153,0.115658660477425
-2.30351687982611,0.0264063366368812,0.117869862296548
-2.35033630774013,0.0347785629670642,0.119603918448673
-2.39207094564196,0.0431276509018313,0.120964704067284
-2.42852761681286,0.0514222534792076,0.122051979677557
-2.45952700469885,0.059631205048826,0.122959650238979
-2.48490382409894,0.0677235131775172,0.123774136439778
-2.50450699378471,0.0756683466961689,0.124572832050171
-2.51819982810035,0.0834350253373307,0.125422629523815
-2.52586026409851,0.0909930158932118,0.126378507478008
-2.52738113873813,0.0983119393042277,0.127482190625559
-2.52267052773974,0.105361592859067,0.12876090979863
-2.51165215264828,0.112111990853583,0.130226305478933
-2.49426585726987,0.118533426432474,0.131873535191616
-2.47046814754107,0.124596557068026,0.133680655611316
-2.44023278105424,0.13027251505943,0.135608353851718
-2.40355138533177,0.135533043341553,0.137600101889353
-2.36043407613654,0.140350655981919,0.139582797071823
-2.31091004205758,0.144698821240028,0.141467931361734
-2.2550280580846,0.148552163634289,0.143153306795281
-2.19285688932472,0.151886680175884,0.144525280495181
-2.12448555194357,0.154679964565631,0.145461486454931
-2.05002339848076,0.156911432534203,0.145833950323069
-1.96960001015912,0.158562541265832,0.145512475859833
-1.88336488546655,0.159616995927368,0.144368172042399
-1.79148693241972,0.160060938192718,0.142276968155572
-1.69415378214816,0.15988311262387,0.139122982957565
-1.59157094438248,0.159075009956157,0.134801619056113
-1.48396084485345,0.157630988290482,0.12922228907353
-1.37156178274891,0.155548376168279,0.122310712791876
-1.2546268367041,0.152827563258606,0.114010763088293
-1.13342275111248,0.149472086959006,0.104285868911098
-1.00822883032034,0.145488723513328,0.0931200179352274
-0.879335816394662,0.140887593312183,0.0805184125576116
-0.747044905264928,0.135682282519483,0.0665078632302811
-0.611666627497852,0.129889998823954,0.0511369527973632
-0.473519860229514,0.123531746225496,0.0344760531921767
-0.332930837189349,0.116632519034579,0.0166172150378556
-0.190232193074363,0.109221497423387,-0.00232605918783298
-0.0457620536910332,0.101332215164325,-0.0222191701742544
0.100136821253448,0.0930026600562424,-0.0429069448716993
0.247117814804043,0.0842752582522161,-0.0642143799788739
0.394831127471487,0.0751966893681453,-0.0859476681971823
0.542924309195645,0.0658174868016326,-0.107895565414342
0.691042762811358,0.0561913794364392,-0.129831181247613
0.838829952846138,0.0463743941385903,-0.151514172487858
0.985927604221655,0.0364237267301307,-0.172693411825172
1.13197577180615,0.0263964621772659,-0.193110088934928
1.27661284289026,0.0163482413557702,-0.212501207527507
1.41947551474953,0.00633199081020083,-0.230603410203454
1.56019879486046,-0.00360317136752345,-0.247157040040787
1.69841606769994,-0.013412761775343,-0.261910331926956
1.83375926764629,-0.0230574351379877,-0.274623616151868
1.96585920044246,-0.0325031526564337,-0.285073416222181
2.09434604672879,-0.0417210421334914,-0.293056328182645
2.21885006833359,-0.0506870061698128,-0.298392580369241
2.3390025318924,-0.0593811516173523,-0.30092919002944
2.45443686125158,-0.0677871173796516,-0.300542655411448
2.56479001446374,-0.0758913702834473,-0.297141147785827
2.66970407138499,-0.083682525793665,-0.290666191444275
2.76882801420247,-0.0911507345254224,-0.281093845160685
2.86181967504781,-0.0982871598083708,-0.268435418080707
2.94834781926378,-0.105083557957317,-0.252737768045276
3.02809433297389,-0.111531962702721,-0.234083234785483
3.10075648216044,-0.117624467906368,-0.212589260465491
3.16604920832309,-0.123353098295472,-0.188407738352906
3.22370742847039,-0.128709756245719,-0.161724112967292
3.27348830660678,-0.13368623259643,-0.132756233408096
3.31517346264162,-0.138274270670155,-0.101752937759231
3.34857108253106,-0.14246567448313,-0.0689923261169307
3.37351789127261,-0.146252454059717,-0.0347796630107934
3.38988094744321,-0.149627002275044,0.000555155313296363
3.39755921516754,-0.15258229830481,0.0366606297597727
3.39648486832309,-0.155112132531044,0.0731672276168908
3.38662428255614,-0.15721134649178,0.109691507164903
3.36797867469999,-0.158876079550959,0.145840778307908
3.34058435546667,-0.160104011885478,0.181218236179121
3.30451257206715,-0.160894591505298,0.215428459643882
3.25986892961594,-0.161249232028335,0.248083134630454
3.20679239593694,-0.161171468537166,0.278806827925392
3.14545391026705,-0.16066706044588,0.307242629426456
3.07605463112145,-0.159744033715655,0.33305747998304
2.99882387337589,-0.158412658794553,0.355947021393795
2.9140167938334,-0.156685365137972,0.375639837641823
2.82191189245016,-0.154576597507268,0.391900995399474
2.7228083998402,-0.152102622684224,0.404534838401403
2.61702361478496,-0.14928129751409,0.413387034657906
2.50489025542973,-0.146131810815647,0.418345908427426
2.38675388039617,-0.142674411623257,0.419343122111389
2.26297042547134,-0.138930135866725,0.41635378686566
2.13390389709862,-0.134920542412982,0.409396088238873
1.99992425557415,-0.130667467895402,0.398530508818895
1.86140551655646,-0.126192808105263,0.383858717669234
1.71872410205689,-0.121518332152991,0.365522179731467
1.57225748089343,-0.116665534080572,0.343700521650247
1.42238314241804,-0.111655524743152,0.318609674460141
1.26947795167656,-0.106508965087521,0.290499798276692
1.11391798004731,-0.101246041906601,0.259652990667032
0.956078987170873,-0.0958864878452022,0.226380795906347
0.796337799309428,-0.0904496475869773,0.191021551318568
0.635075109044881,-0.0849546006477583,0.153937669688931
0.472680746406714,-0.0794203637261661,0.115513088029942
0.30956330408629,-0.0738662160186214,0.076151291684088
0.146165990230478,-0.0683121748686072,0.0362742280907867
-0.0170251254131578,-0.0627791641446625,-0.00368165647288658
-0.179573178771439,-0.0572863635468961,-0.0432949806837904
-0.341266231272207,-0.0518464724848053,-0.0822070211268999
-0.502022386587841,-0.0464673824971511,-0.12009922653718
-0.661666556681858,-0.0411592146045382,-0.156640940083941
-0.819923387984778,-0.0359350966060486,-0.191491988849212
-0.976472086660998,-0.030809272700605,-0.2243205079107
-1.13097148711832,-0.0257960447193533,-0.254813117930505
-1.28306940848401,-0.0209091852118666,-0.282680826639762
-1.4324065990537,-0.0161614635270627,-0.307663130378086
-1.57861887699023,-0.0115641541876539,-0.329531156445452
-1.72133877892671,-0.00712647482838525,-0.348090142694057
-1.86019717203397,-0.00285495122330109,-0.363181355165256
-1.99482512998995,0.00124734202365216,-0.374683520568287
-2.12485589603343,0.0051815399036619,-0.382513764376324
-2.24992718359143,0.00895381172955226,-0.386628134061009
-2.36968367149724,0.0125761558929146,-0.387021718895706
-2.48377967540806,0.0160671120291101,-0.383728395203039
-2.5918819532347,0.0194523234351931,-0.376820218087554
-2.69367257940855,0.0227648789615241,-0.36640646638711
-2.78885182315428,0.0260453690222807,-0.352632333695257
-2.87714095895136,0.0293416055406978,-0.335677248127662
-2.95828492992894,0.0327079771596872,-0.315752794815185
-3.03205478919495,0.0362044391812433,-0.293100212257417
-3.09824984901154,0.0398951694527619,-0.267987440634439
-3.15669947601895,0.043846950751477,-0.240705713417655
-3.20726449334257,0.0481273824368173,-0.211565706823582
-3.24983811128081,0.0528029296875522,-0.180893284494224
-3.28434647055213,0.0579371035009528,-0.149024916206401
-3.31074869841494,0.0635886732640393,-0.116302864524848
-3.32903655070941,0.0698100909301031,-0.0830702689991779
-3.33923366088872,0.0766461618540407,-0.049666270176498
-3.34139443706016,0.0841329901008986,-0.0164213222005242
-3.33560265392985,0.0922971991188369,0.0163471618532182
-3.32196978816167,0.101155404470565,0.0483387067334489
-3.30063314397833,0.110713896930135,0.0792731123405556
-3.27175381024444,0.120968480840179,0.108893166103771
-3.2355144828525,0.131904406616426,0.136966697709409
-3.19211717730023,0.143496334774374,0.163287979279129
-3.1417808452069,0.155708273715513,0.18767850599555
-3.08473890039051,0.168493442328619,0.209987211998179
-3.02123665267881,0.181794021385965,0.230090196090134
-2.95152864500013,0.195540775204447,0.247890035233764
-2.87587589520442,0.209652545457692,0.263314764926104
-2.79454305277606,0.224035645116967,0.276316601198723
-2.70779550585486,0.238583208062799,0.286870465116293
-2.6158965063476,0.253174582050338,0.294972366827783
-2.51910441852544,0.267674885272168,0.300637695971672
-2.41767024472229,0.281934876081466,0.303899464272935
-2.31183562697351,0.29579130650935,0.304806548731016
-2.20183155169547,0.309067937708172,0.303421993538493
-2.08787799506663,0.321577376331462,0.299821434154145
-1.97018471587291,0.333123845719773,0.294091717277195
-1.84895331854927,0.343506950567502,0.286329781659804
-1.72438058735001,0.352526226982719,0.276641851765958
-1.59666292864531,0.359986519318863,0.265142954219025
-1.46600155423507,0.365703613463937,0.251956722966998
-1.33260791208709,0.369509813051867,0.237215400934813
-1.1967087625968,0.371258970685815,0.221059898532542
-1.0585503082703,0.370830540237971,0.203639740735254
-0.918400903374641,0.36813232225802,0.185112739473506
-0.776552064416448,0.363101735171366,0.16564426550105
-0.633317759057676,0.355705611317871,0.145406059218651
-0.48903210836599,0.345938785025995,0.124574584051961
-0.344046025312379,0.333821589738657,0.103329037606225
-0.198723090482071,0.31939683621692,0.0818491283870518
-0.0534352168993156,0.302726519586528,0.0603127987165909
0.0914415111450205,0.283888588595163,0.0388940484272632
0.235530588522936,0.262974031527815,0.0177609804474359
0.378458085037354,0.240084291497246,-0.00292582717797493
0.519855119660299,0.21532928407494,-0.0230146348883885
0.659359595494059,0.188825826682441,-0.0423635196357185
0.79661738516233,0.160696512921269,-0.0608410896492738
0.931283052016544,0.131068949771834,-0.0783270081955757
1.06302024830856,0.100075275249975,-0.0947124129579718
1.19150191071823,0.0678518813605558,-0.109900312472971
1.31641035917197,0.0345392712879545,-0.123806019065419
1.4374374166545,0.000281981284176596,-0.136357655258257
1.55428463155028,-0.0347714882998739,-0.147496739486836
1.66666365068548,-0.0704687787922194,-0.157178821224094
1.77429678138548,-0.106653856717425,-0.165374107829905
1.87691775870049,-0.143167306849533,-0.172068003787384
1.97427270105564,-0.179846752772671,-0.177261469870625
2.06612121488836,-0.216527410870313,-0.180971107844582
2.15223760713341,-0.253042777896379,-0.18322888643401
2.23241214806178,-0.289225435430178,-0.18408145097203
2.30645232558223,-0.324907949320399,-0.183588985841977
2.37418403881379,-0.359923833486267,-0.181823641128962
2.43545268530068,-0.394108545387556,-0.178867570632254
2.4901241051965,-0.427300476398456,-0.174810668469865
2.53808535659274,-0.459341903137117,-0.16974811744948
2.57924530983011,-0.490079868817904,-0.163777883463696
2.61353506033279,-0.519366970528143,-0.156998293401849
2.64090817133875,-0.547062035803039,-0.149505826931444
2.66134074700115,-0.573030668626702,-0.141393232174418
2.6748314588453,-0.597145715950636,-0.132748044907165
2.6814013191008,-0.619287544581274,-0.1236515559331
2.68109349742668,-0.639344249078683,-0.114178228056661
2.67397305900742,-0.657211700145754,-0.104395527979726
2.6601266145212,-0.672793652438746,-0.0943641316440534
2.63966197067994,-0.68600158096773,-0.0841383817109295
2.61270771921038,-0.696754547318036,-0.0737669278101695
2.57941277463227,-0.704978973394847,-0.0632934346940174
2.53994584073744,-0.710608345045997,-0.0527572691053369
2.49449478773098,-0.713582840256181,-0.0421940908753847
2.44326592219538,-0.713848870928911,-0.0316362997956808
2.38648313762101,-0.711358520994322,-0.0211133232671976
2.32438694204475,-0.706068856009058,-0.0106517627674824
2.25723337261351,-0.697941072876864,-0.000275450358253021
2.18529281878798,-0.686939449826923,0.00999450947159534
2.10884879219301,-0.673030051658296,0.0201396194075972
2.02819669802328,-0.6561791399639,0.0301436958977599
1.94364267724989,-0.636351236655076,0.0399923216506881
1.85550260767998,-0.613506796622317,0.0496719913603045
1.76410137059426,-0.587599463161649,0.0591689442390747
1.66977251370822,-0.558572923101497,0.0684677348245472
1.57285846723513,-0.526357455975931,0.0775496644434642
1.47371149987134,-0.490866412255267,0.0863912715053193
1.37269561898247,-0.451993078083754,0.0949631587239267
1.2701896130442,-0.409608734921915,0.103229504261048
1.16659134542339,-0.363563199042181,0.111148654776011
1.06232319160141,-0.313689747529507,0.118675192356537
0.957838072619713,-0.259816975658018,0.12576377096017
0.853624797019979,-0.201790554544534,0.132374762656331
0.750210402899654,-0.139507619662514,0.138481276702117
0.648156084814846,-0.0729649609100188,0.144076398028062
0.548042644701501,-0.00231872710397275,0.14917863409424
0.450442095415598,0.0720520665594996,0.153832882337545
0.35587494115066,0.149492131260644,0.158104275405269
0.264757878480446,0.229044661630076,0.162063591206432
0.177352712864044,0.309470846053772,0.165765655047153
0.0937310416150765,0.389321470165251,0.169225529740652
0.0137675399911442,0.467052735772268,0.172399624070442
-0.0628331844473071,0.54116343065845,0.175178490144434
-0.136482102894029,0.610323175692777,0.177394627068207
-0.207638159800812,0.673465303115824,0.178843488554989
-0.276744360654363,0.729830619726904,0.179311561039581
-0.344180231291883,0.778963332868159,0.178603710306995
-0.410235892140762,0.820671519139563,0.176563249381715
-0.475106080723883,0.854968849836402,0.173081198107046
-0.53889836324038,0.882012777451443,0.168094450265485
-0.601648817420819,0.902049704083613,0.161574971516751
-0.663339614878734,0.915372463098976,0.153513441925918
-0.72391492516551,0.922291309800484,0.143901157516914
-0.783293483719563,0.923116998216086,0.132713870758351
-0.841377566085727,0.918153228817591,0.11990080882137
-0.898058912319118,0.907695389975287,0.105381411102932
-0.953222470003888,0.892032706257722,0.0890513143230653
-1.00674881827093,0.871451437946329,0.0707977835930803
-1.05851601819173,0.846237449446514,0.0505232177912293
-1.10840150301874,0.816677141627663,0.028173774046698
-1.1562844795479,0.78305633592451,0.00376888915587914
-1.20204907936676,0.74565721451836,-0.0225730948341241
-1.24558810065877,0.704753964706508,-0.0506175334696123
-1.28680677938591,0.660608304809069,-0.0800071400066606
-1.32562594971485,0.613466312820546,-0.110267509051664
-1.36198429088682,0.563557726000927,-0.140823518149138
-1.39583988432216,0.511098172756573,-0.171024560179833
-1.42717173962083,0.456294055867107,-0.200176226664076
-1.45598208503551,0.399349176553372,-0.227576062551043
-1.48230016546004,0.340471894484883,-0.252551002377126
-1.5061880707966,0.279881554739624,-0.274493813229464
-1.52774878686693,0.2178130779092,-0.292895334343158
-1.54713620824712,0.154519005282185,-0.30736877135527
-1.56456627015947,0.0902689422870635,-0.317662207238519
-1.58032763576032,0.0253472356428027,-0.323656275307999
-1.5947894599216,-0.0399492263885501,-0.325345813932702
-1.60840252272878,-0.105310203653337,-0.322807064822343
-1.62168827028387,-0.170404763708199,-0.316154929385508
-1.6352079679406,-0.23486410813189,-0.305497089985909
-1.64950186879965,-0.298253022419962,-0.290892834823589
-1.66498823642536,-0.360032604376166,-0.272324222987714
-1.681818798141,-0.419524148320057,-0.24968644505096
-1.69970653983708,-0.475892981062055,-0.222803542556132
-1.71777483660126,-0.528176104017075,-0.191474667365448
-1.73450953212593,-0.575369131328324,-0.15555262657225
-1.74789364479978,-0.616560581395172,-0.11504775169868
-1.75573705204662,-0.651066877098596,-0.0702364506925862
-1.75610169606503,-0.678509077383936,-0.0217418900119523
-1.7476511332544,-0.698801482847284,0.0294456298721566
-1.72979287265348,-0.712072573416885,0.0820246527758888
-1.70260279835541,-0.718568088650582,0.134505586279083
-1.66662181998979,-0.718577013131424,0.185370225235677
-1.62263414175796,-0.712393006245817,0.233229050019567
-1.57149491673095,-0.700302469774889,0.276943194087745
-1.51402458090048,-0.682584791002552,0.31569241899527
-1.45095777337771,-0.65951461152767,0.348986767183379
-1.38292732477525,-0.631362274162159,0.376631963115413
-1.3104676552255,-0.598392847543835,0.398664394802379
-1.23402816153121,-0.560865831416099,0.415271406426012
-1.15399180373295,-0.519037653707748,0.426709530399693
-1.07069641435025,-0.473168180321061,0.433230040286878
-0.984456830929562,-0.423531092534923,0.435019279512058
-0.895585636082655,-0.370426427607404,0.432160343907249
-0.80440990528036,-0.314192213504652,0.424621571530563
-0.71128131281956,-0.255211512128148,0.412274547552295
-0.616578510348751,-0.193911746382577,0.394939693724673
-0.520701694114246,-0.130755174577131,0.372451766175609
-0.424062046858488,-0.0662219474941402,0.344732987470886
-0.327069835794837,-0.000789621220555849,0.311859814097277
-0.23012574339318,0.0650853531457409,0.274111616346421
-0.133618946016586,0.130979257065309,0.23199454432112
-0.0379344378233879,0.196502143545678,0.186240018251694
0.0565294846313451,0.261286760535378,0.137781952842406
0.149334506008858,0.324966043281562,0.0877184736555671
0.239971940459611,0.387144364049296,0.0372607117705976
0.327849488485651,0.447378493864689,-0.012338898602754
0.41234708971458,0.50520787927722,-0.0599025394169412
0.492996958817146,0.560277543791183,-0.104499707008052
0.569700078457552,0.612492040211264,-0.145594265973897
0.642741607641468,0.662023350123594,-0.183023467102175
0.712575534244704,0.709152004233443,-0.216829732437796
0.779614540488696,0.754117343437046,-0.247112257785944
0.844153105448355,0.797065724552239,-0.273971533065426
0.906374243389718,0.838057978948865,-0.297507571136211
0.966378062448739,0.877091891373035,-0.317830173844443
1.0242079737264,0.91412295524449,-0.33506540404202
1.07986992074899,0.949080229907133,-0.349355516429967
1.13334551048955,0.981877793681812,-0.360853567302851
1.1846006747003,1.0124227469455,-0.369714744542884
1.23359119934322,1.04062053923737,-0.376086437264185
1.28026608787021,1.06637820243487,-0.380098793805058
1.32456945011002,1.08960597364776,-0.381857122467058
1.36644143544209,1.1102177496466,-0.381437038753609
1.40581859911149,1.12813078243743,-0.378882798344113
1.44263399384823,1.14326498043632,-0.374208845465737
1.47681719791047,1.15554210842927,-0.367404301436357
1.50829441889864,1.1648850891484,-0.358439936059942
1.53698875770821,1.171217512255,-0.347277101378378
1.56282067378365,1.17446336648828,-0.33387812345316
1.58570866584228,1.1745469399964,-0.3182176948286
1.60557016637161,1.1713927892891,-0.300294832025883
1.62232264675177,1.16492566093934,-0.280144922342727
1.63588493435812,1.15507025990242,-0.257851261639328
1.6461787578567,1.14175078951179,-0.233555297478409
1.65313055872417,1.12489023449317,-0.207464587404001
1.65667363764687,1.10440941433439,-0.179857337096067
1.65675074406221,1.0802258975443,-0.151082385064949
1.65331725403769,1.05225293432902,-0.121553715153519
1.64634512231921,1.02039864287939,-0.0917390392129939
1.63582779376186,0.984565767927525,-0.0621426447910157
1.62178621935311,0.94465242191469,-0.0332834453922878
1.60427598809172,0.900554298405362,-0.00566983969111118
1.58339535216949,0.852168883716417,0.0202265639123249
1.55929358569639,0.799402138104384,0.0439961610208327
1.53217871222043,0.74217791370587,0.0653134780669501
1.50232326707379,0.680449992492699,0.0839545779717788
1.47006655025229,0.614216075649426,0.0998085914892076
1.43581191461083,0.543532420613193,0.112882674893439
1.40001812606067,0.468527275534538,0.123300060606725
1.36318469926902,0.389411002764829,0.131291161523481
1.32583220187378,0.306480987246818,0.137177973325884
1.28847954635513,0.22012013887459,0.141352359522618
1.25162094347639,0.130788897912381,0.144249233500834
1.21570524696419,0.0390118496760702,0.146316152970816
1.18111984681156,-0.0546390002141078,0.147981353481922
1.14818024585831,-0.149561828694356,0.14962268516736
1.11712530023735,-0.245141249452176,0.151540189224851
1.08811715750717,-0.340761768855178,0.15393506610478
1.06124442850754,-0.435818032412487,0.156897460470916
1.03652714145463,-0.529722416741485,0.160404760111118
1.01392244586725,-0.621911120146749,0.164330983713062
0.993330635501326,-0.711849982527495,0.168466429731856
0.974601592250084,-0.799040848595826,0.172545311117858
0.957542025036549,-0.88302858299704,0.176277927028741
0.941923823845784,-0.96340810692672,0.179383326224256
0.927493529711482,-1.03983034202226,0.181618573061833
0.913982495215827,-1.11200584851374,0.182801599367493
0.901116951580713,-1.17970523691954,0.182825969900079
0.888627032337333,-1.24275597432506,0.181667338353197
0.876253867532401,-1.30103580743397,0.179382564820345
0.863754113582761,-1.35446351907406,0.176103162782637
0.850901631141927,-1.40298802200869,0.172024871236751
0.837486382874155,-1.44657688313431,0.167394791171662
0.823310930216072,-1.48520530941756,0.162496868567306
0.808185147312977,-1.5188465031626,0.157635772881169
0.791919946642979,-1.5474641701489,0.153118625001143
0.774320938880251,-1.57100786124511,0.149233753520804
0.755183047903604,-1.58941174331019,0.146225844496354
0.734287126852682,-1.60259724392521,0.144267569317878
0.711399563181812,-1.61047975570321,0.143429031054786
0.686275598236417,-1.61297911291517,0.143647999298739
0.658666615025671,-1.61003289049274,0.144705595687339
0.628330905915866,-1.60161078056185,0.146213304524612
0.595046547335351,-1.58772759684031,0.147617290206526
0.558624170687456,-1.56845213189065,0.148224457056991
0.51891694727647,-1.54390944327642,0.147251359043353
0.475825282803064,-1.51427529477446,0.143892496542045
0.429294650199783,-1.47976324872266,0.137399941569531
0.379306508897781,-1.44060679087076,0.127163144079097
0.325863907591693,-1.39704022627533,0.112777345472003
0.268974630224056,-1.34928240752646,0.0940914820464024
0.208635230366304,-1.29752655164192,0.0712308907608521
0.144818961965577,-1.24193782165552,0.0445949309444002
0.0774696842204443,-1.18265863048666,0.0148331868357685
0.00650265377858324,-1.11982035825236,-0.0171947758500679
-0.06818800571392,-1.05355969302176,-0.0504721160934091
-0.146716365850745,-0.984038030828541,-0.0838882957783436
-0.229188427601466,-0.911462966298067,-0.116314140203442
-0.31568563009918,-0.836111331458042,-0.146689158394199
-0.406252062240383,-0.758353143141521,-0.174118579518163
-0.500889507083025,-0.678675047440339,-0.1979705316661
-0.599563195570245,-0.597700716195154,-0.217954945827707
-0.702217688398607,-0.516204788407021,-0.234159380736618
-0.808796687402681,-0.435116984744138,-0.247018483709984
-0.919254330944636,-0.355513929436013,-0.257206654893069
-1.03354143513306,-0.278596941537463,-0.26546538817409
-1.15155130767223,-0.205652875040253,-0.27239891113215
-1.27301799375885,-0.137991198186062,-0.278283261327705
-1.39737491525346,-0.076846017281678,-0.28292928877728
-1.52360176566666,-0.0232324244225758,-0.285623306131393
-1.6501075542273,0.0222401593819018,-0.285150870414333
-1.77470880039599,0.0595654732445561,-0.279899161783812
-1.89475054480873,0.0894793714345563,-0.268034165090309
-2.0073734777727,0.113451766977377,-0.24775421193199
-2.10986201212266,0.133475024463209,-0.217618926057559
-2.19995414578065,0.151683637745651,-0.17692908397673
-2.27600348709411,0.169943387273317,-0.126085015221629
-2.3369666489412,0.189579135415094,-0.0667990413921149
-2.38228804690278,0.211326726661238,-0.00202673113524734
-2.4117880889794,0.235455948683477,0.0644448546389521
-2.42560818662655,0.261932012566819,0.128667294393823
-2.42418747502173,0.290516005597114,0.187240065960056
-2.40821605164727,0.320796378566264,0.237818293687622
-2.37853992967999,0.352203406896901,0.279291632164846
-2.33603740070907,0.384052549910956,0.311669379302966
-2.28150322483195,0.415623719306708,0.335807014560375
-2.21556567788668,0.446255355721463,0.353104821014188
-2.13864558405746,0.475428122971886,0.365238502767978
-2.05096189605425,0.502821387771549,0.373909472880066
-1.95259246058477,0.528333348323962,0.380572329800077
-1.84359806784615,0.552059501026906,0.386120435686962
-1.72420087463095,0.574228673399216,0.390573671514596
-1.5949743411514,0.595106299587672,0.392880944596576
-1.45696835744047,0.614889997006502,0.390973953373966
-1.31169140381123,0.633633143694681,0.382145593199426
-1.16092306283872,0.651225756931273,0.36368425223565
-1.0064162420894,0.667436619265245,0.33355588743106
-0.849610350201418,0.681991466996166,0.290894221529631
-0.691466266232791,0.694649320253857,0.236165355570321
-0.53246309152546,0.705248483622429,0.171036007380458
-0.372721699826029,0.713713605889716,0.0980813296193757
-0.212182304815909,0.720030615829957,0.0204690675701091
-0.0507627695477705,0.724202926250883,-0.0583152776709997
0.111545487697745,0.726202163652985,-0.134706885363048
0.27463279604508,0.725925624559899,-0.205286814511894
0.438229167756279,0.723172939235011,-0.267012782457135
0.601836550996432,0.717657075445941,-0.317476154262778
0.764654874182844,0.709061940666911,-0.355183141199355
0.925545895985031,0.697142159366765,-0.379795693154189
1.08307512386437,0.681834990591016,-0.392210797964338
1.23564396338525,0.663334396439421,-0.394366432567816
1.38167984943977,0.642083316610034,-0.388763907000639
1.51981661363747,0.618678733687828,-0.377842960561165
1.64899982470425,0.593732255615149,-0.363433237167486
1.76849390275027,0.567750421142978,-0.346461098500464
1.87781749414803,0.541080742026936,-0.326948923927451
1.976656229026,0.513933003592919,-0.304212193124694
2.06479023721752,0.486459599479854,-0.277115790777905
2.14204570184653,0.458872925353539,-0.244294784542953
2.20825742485752,0.431580790989231,-0.204326845977758
2.26322446302753,0.405315785558051,-0.155911369974969
2.30665274204946,0.381212675002866,-0.0981296957390692
2.33809860322539,0.360755924348027,-0.0308176525325045
2.35694547107602,0.345506819848368,0.0450106907844228
2.36245706452028,0.336578955508622,0.126843656407687
2.35394777849687,0.334001601496859,0.210650308608386
2.33106538065455,0.336322740112653,0.291299527966586
2.29407348054279,0.340822118678928,0.363416490747876
2.24394064519325,0.344349339020707,0.422442573997543
2.18213842244136,0.344321233130252,0.465479795187237
2.11027071243932,0.339317716193876,0.491582445321082
2.02975792545973,0.329087552699168,0.501495492289427
1.94169885650453,0.314172954546936,0.497120636584324
1.84688738792111,0.295458333689502,0.481005091346675
1.74590341412882,0.273824184734738,0.455985856884387
1.63921930823993,0.249947800193816,0.424966720494322
1.52730256987244,0.224227613665079,0.390740315051277
1.41071528844691,0.196800137132912,0.355783182326421
1.29020769041288,0.167626500702565,0.3220104458089
1.16678806259476,0.136625013828302,0.290543601407997
1.04174082125798,0.103814125366098,0.261587619266252
0.916571315043401,0.0694193801379194,0.234503527257942
0.792881260491885,0.0339049440306544,0.208092739067414
0.672207978499181,-0.00208045118705015,0.181011942138971
0.555873109484011,-0.0378168566790354,0.15217280102321
0.444874310126927,-0.0726390295180967,0.120992152480187
0.339829487524415,-0.106033148251522,0.0874354914617741
0.240969050284938,-0.137683537749315,0.0518890064099055
0.14817190980371,-0.167469400283433,0.0149541267032299
0.0610420197341627,-0.195425787695283,-0.0227380429339999
-0.0209883308032958,-0.221689371041552,-0.0606373699679574
-0.0985546685199588,-0.246447639929493,-0.0983091916692957
-0.172280121205854,-0.269901912673367,-0.135422311206201
-0.242728063987494,-0.292245657676623,-0.171720991233131
-0.310382870236513,-0.313654556470728,-0.206998323394717
-0.375648615732195,-0.334283718497602,-0.241076623905861
-0.438856738405448,-0.354268485559403,-0.273794690264976
-0.50027685469602,-0.373726642463643,-0.305000095041422
-0.560127694080388,-0.392760892405789,-0.334544796817916
-0.618586845309963,-0.411461079278429,-0.362282883219317
-0.675798911657406,-0.429905963695347,-0.3880697394445
-0.731882085341382,-0.448164513363545,-0.411762264672353
-0.786933307301968,-0.466296734166967,-0.433219955801218
-0.841032212432169,-0.484354092381949,-0.452306780750689
-0.894244048298385,-0.502379587117584,-0.468893804755362
-0.946621734727655,-0.520407538112692,-0.48286253374092
-0.998207210140264,-0.538463159459629,-0.494108909256741
-1.04903218328573,-0.556561975372922,-0.502547833821243
-1.099118467417,-0.574709275093727,-0.508118055547904
-1.14847792552949,-0.59289949165228,-0.510787126469041
-1.19711225182305,-0.611115821686596,-0.51055612781742
-1.24501268117501,-0.629330089180379,-0.50746375948336
-1.29215977265497,-0.647502972564915,-0.501589373053826
-1.33852339724855,-0.665584673749961,-0.493054533797114
-1.38406304131994,-0.683516074571791,-0.482022754580053
-1.42872851629939,-0.70123040025356,-0.468697160965463
-1.47246105662209,-0.718655238781469,-0.453315982270511
-1.51519490711262,-0.735715010372969,-0.436146022272848
-1.5568592155461,-0.752333530187797,-0.417474379055837
-1.59738018280287,-0.768436583754838,-0.397598935271356
-1.63668331687542,-0.783954300861485,-0.376818247086886
-1.67469563746496,-0.798823150810173,-0.355421527896249
-1.71134768554839,-0.81298742169171,-0.333679404300038
-1.74657521745255,-0.82640010392675,-0.311836025934386
-1.78032047073353,-0.839023159914794,-0.290102951970687
-1.81253310328979,-0.850827263844233,-0.268655058352043
-1.84317054090572,-0.861791047464793,-0.247628484314003
-1.87219801818152,-0.871900073125705,-0.227120499761875
-1.89958825338417,-0.881145648486929,-0.207191009152741
-1.92532085051716,-0.889523640271458,-0.187865330575072
-1.9493815016857,-0.897033408152607,-0.169137849318054
-1.97176105743576,-0.903676941691389,-0.150976150770655
-1.99245452200852,-0.909458240042883,-0.133325280442753
-2.01146001663726,-0.91438293494099,-0.116111845438351
-2.02877773988246,-0.918458126595422,-0.099247753408339
-2.04440894105035,-0.92169238294311,-0.0826334715054671
-2.05835491289513,-0.924095844870248,-0.0661607720643118
-2.07061600395916,-0.925680381030001,-0.0497150088388429
-2.08119065013479,-0.926459743402637,-0.0331770315730359
-2.09007442962892,-0.926449684118286,-0.0164248974897491
-2.0972591548826,-0.925668004210271,0.00066442865920327
-2.10273202868898,-0.924134513425554,0.0182131784885154
-2.10647490798913,-0.921870887349365,0.036340484186135
-2.10846373583647,-0.918900413924774,0.0551595033745799
-2.10866821723217,-0.915247626929139,0.0747738302434008
-2.10705182514526,-0.910937829840164,0.0952731250211117
-2.1035722259647,-0.905996520577714,0.11672798101313
-2.09818220576109,-0.900448735932554,0.13918415371852
-2.09083115738766,-0.894318343607735,0.162656392756514
-2.08146715194053,-0.887627319665643,0.187122238210661
-2.07003956632445,-0.880395057548864,0.212516253662975
-2.05650217414962,-0.872637760652983,0.238725252918022
-2.04081653537379,-0.864367971799169,0.265585118829904
-2.0229554493718,-0.855594287924493,0.292879792631833
-2.00290617848515,-0.846321296047911,0.320342914860325
-1.98067311639641,-0.836549747837895,0.347662424986541
-1.95627957998415,-0.826276965249878,0.374488176263433
-1.92976845085855,-0.815497443566469,0.400442327652919
-1.90120148450365,-0.804203592939391,0.425131962934499
-1.87065723162735,-0.792386541728492,0.448163114834723
-1.8382276600053,-0.78003691589374,0.469155179765078
-1.80401370458729,-0.767145511622384,0.487754635698127
-1.76812008282624,-0.753703791699468,0.50364704162561
-1.73064975093126,-0.739704159427182,0.516566482413167
-1.6916985330249,-0.725139971998187,0.526301943248249
-1.65135002493699,-0.710005325204477,0.532700367213797
-1.60967128939604,-0.694294584175176,0.535666573311182
-1.566709356698,-0.678001708343051,0.535160427233851
-1.52248857338173,-0.661119388809989,0.531191883185364
-1.47700870251639,-0.643638014026085,0.523814611674386
-1.4302435871259,-0.62554446524457,0.513118941650188
-1.3821401270516,-0.606820724669391,0.499224783130522
-1.33261728498296,-0.587442258270683,0.48227509168751
-1.28156482260204,-0.567376110617351,0.462430307188123
-1.22884147742984,-0.546578625550667,0.439864072321767
-1.17427231344071,-0.524992681741678,0.414760432239367
-1.11764502202004,-0.502544308920631,0.38731263813737
-1.05870503097401,-0.479138535668404,0.357723634936764
-0.997149441608195,-0.45465432968109,0.326208295564616
-0.932620131224862,-0.428938559672849,0.292997448610339
-0.86469697068925,-0.401799106957577,0.258343659022605
-0.792893210748745,-0.372997713809163,0.222528404242434
-0.716656932116969,-0.342244098690542,0.185869405239757
-0.635385094617739,-0.309194580482481,0.148724838970647
-0.548459504336216,-0.273461095687767,0.111487211473233
-0.455314655354954,-0.234639534337882,0.0745536896796783
-0.355541310001272,-0.192367458950613,0.038254422677613
-0.249012139060702,-0.14641569230033,0.00272482650454115
-0.135989127183082,-0.0968008980074549,-0.0322633841361414
-0.0171554913690825,-0.0438790492115501,-0.0674387188495015
0.106466427304587,0.0116389937293982,-0.104003123379327
0.233687723737786,0.0687904675913511,-0.143329843465164
0.363328546064505,0.126558117999571,-0.186417595500806
0.494304891330072,0.184068423776768,-0.233322685031479
0.625601332865112,0.240691845253535,-0.282848814353182
0.756180800550515,0.296018876290567,-0.332623359584588
0.884906568757977,0.349766677283372,-0.379463455559036
1.01052474040728,0.401692962743255,-0.419820564391288
1.13171625852748,0.451559364910356,-0.450134504639544
1.24720004526191,0.499138057250353,-0.467051114557716
1.35585268328607,0.544222462657581,-0.467577102228782
1.45679613302238,0.586593182184862,-0.44931483258456
1.54939426033825,0.625906708571485,-0.410908699896003
1.63311266495581,0.661521781075103,-0.352708391807625
1.70726513083572,0.692346346395605,-0.277409823993361
1.77078457267034,0.716828730764001,-0.190201129314216
1.82221366814797,0.733166052735843,-0.098005477478923
1.85998499793109,0.739678935919207,-0.00793693524586135
1.88281748614537,0.735245041459384,0.0742979638807772
1.88996681301948,0.719772376185009,0.145272402027534
1.88124580765756,0.694733359337796,0.203809380616758
1.85693195343686,0.663516977169055,0.250483860079685
1.81764224916175,0.631008477796739,0.287174830769267
1.76409808999973,0.602103675552213,0.316821253986044
1.69677217171694,0.579889977195175,0.343121259586847
1.61567646057045,0.564709473753696,0.369782985457975
1.52058671023972,0.554553580587932,0.399191757232933
1.4116920393573,0.546310110285938,0.430891394127955
1.29028803581513,0.537159774339464,0.460788328644661
1.15898186900088,0.525561093489439,0.481953729149977
1.02114706433352,0.511468880824614,0.486977550830202
0.879941634452007,0.495818560431931,0.470629326286522
0.737537488565313,0.479727161087548,0.431357413515266
0.594954750117544,0.463912024590413,0.371167893674421
0.452404107703221,0.448514169296649,0.294521400315685
0.309813653659943,0.433217917549308,0.207129929398062
0.167293419153155,0.417489937564078,0.115104354568605
0.0254090890774415,0.400826508208535,0.0243964763788105
-0.114853232942868,0.382948421732557,-0.0597389001505085
-0.252445315396374,0.363891404200036,-0.133322899138257
-0.386585052053127,0.343992787171204,-0.193982272646692
-0.516719195432666,0.323847650194859,-0.240903173660413
-0.642324216957613,0.304257102002437,-0.27463675144118
-0.76284176689191,0.286129552931157,-0.296884834748573
-0.877742025647148,0.270335659878056,-0.310183158088659
-0.986597560678904,0.257566727322686,-0.317438566295412
-1.089102691792,0.248250652402987,-0.321405484581591
-1.18503467466128,0.242550457777047,-0.324243606496076
-1.27418438626937,0.240431704686762,-0.327265224824376
-1.35628862791419,0.241758908487915,-0.330900871633567
-1.43098622940637,0.246376745514654,-0.334837504970491
-1.49780851502148,0.254143461858203,-0.338245218895809
-1.55620800738976,0.264900449749657,-0.340009944571887
-1.60562719319774,0.278377671841807,-0.338916798366879
-1.64560680554209,0.294051453103156,-0.333763523366817
-1.67592376269864,0.310993487480424,-0.323412633872677
-1.69672891942657,0.32777477847662,-0.306808658350892
-1.70863089564776,0.342497989220734,-0.282993690472818
-1.71266624286091,0.353000865177829,-0.251153901708842
-1.71013162515553,0.357197280997606,-0.210724095062972
-1.70232378677133,0.353442994906359,-0.161563365061837
-1.69028841328923,0.340794737009932,-0.104184655875411
-1.6746712678229,0.319091914133742,-0.0399739904220378
-1.65570319974065,0.288875875848235,0.0287080603854174
-1.63328911424596,0.251207749826579,0.0986509995797073
-1.60714654178568,0.207443221611712,0.166183727508019
-1.57694535357282,0.159006012118256,0.227745745905925
-1.54241539336479,0.107195036686614,0.280456743733451
-1.50340503730272,0.0530560594275995,0.322496066080696
-1.45989108983152,-0.00266699450932053,0.353200638148851
-1.41195496044583,-0.0595100749094453,0.3729179800302
-1.35974538653539,-0.117223237046463,0.382729062746642
-1.30344358577522,-0.175690688820038,0.384157670478538
-1.24323837147349,-0.234857510747136,0.378936590576565
-1.17931228648435,-0.294672287844365,0.36884761767532
-1.11183723670395,-0.355046577260905,0.355616774528866
-1.0409782731849,-0.415828729172547,0.340833372666482
-0.966904985097994,-0.476789829276707,0.325866423351955
-0.889809857521854,-0.537621304385846,0.311767303821074
-0.809931362383151,-0.597945064785326,0.299167127702185
-0.727576933206293,-0.657336602457858,0.288194854330462
-0.643138647178579,-0.715358887333557,0.27845105388613
-0.557094203074723,-0.771601175717594,0.269066334644981
-0.469988928860843,-0.82571406336117,0.258851279181683
-0.382400644746997,-0.877432387866727,0.246513405674721
-0.294895665070973,-0.926581427287216,0.230890717009794
-0.207987597881319,-0.973067508218255,0.211144718400695
-0.122109007397909,-1.01685873499091,0.186871832498334
-0.0376004953174487,-1.05796311945507,0.158121475983779
0.0452845525714046,-1.09641001039662,0.125336608139435
0.126365542162061,-1.13223787475841,0.0892477457935788
0.205517396536948,-1.16548883188992,0.0507526998186916
0.282656049097804,-1.19620829675106,0.0108064466047996
0.357728827234691,-1.22444755594398,-0.0296649022087571
0.430709544681106,-1.2502667797367,-0.0698212216718034
0.5015960749366,-1.27373665387747,-0.108937952840717
0.570407833246067,-1.29493779427604,-0.146413133821773
0.637181497008335,-1.31395821163128,-0.181758617056045
0.70196476734113,-1.33088985416252,-0.214582503303253
0.764809129604655,-1.34582538502056,-0.244568921461119
0.825763081244253,-1.35885605186169,-0.271459639821246
0.884866675699413,-1.37007071434898,-0.295040002191453
0.94214803374511,-1.37955591932361,-0.315130213328668
0.997621678588642,-1.38739648949912,-0.331581837934221
1.0512883711709,-1.39367615085612,-0.34427882083072
1.10313601819366,-1.39847780227535,-0.353142045156826
1.153141252183,-1.40188316247742,-0.358136304358209
1.20127135374645,-1.40397166981631,-0.359278462524385
1.24748626294647,-1.40481864466849,-0.356645497476683
1.29174049018161,-1.40449285200528,-0.350381074255774
1.33398479572452,-1.40305371578239,-0.340699340732797
1.37416755744976,-1.40054852671744,-0.327884819569529
1.41223579308558,-1.39701003559281,-0.312287626543039
1.44813584572745,-1.39245482099948,-0.294313766103979
1.48181377602797,-1.38688275327341,-0.274410890599043
1.51321552378631,-1.38027775030454,-0.253050555497126
1.54228690609238,-1.372609852124,-0.230708538326091
1.56897350721813,-1.36383846101212,-0.207845093626517
1.59322049507663,-1.35391643460252,-0.184887023108956
1.61497237434999,-1.3427946147965,-0.16221313767397
1.63417267081637,-1.33042633759998,-0.140144149587993
1.65076353481743,-1.3167715015367,-0.118937371186739
1.66468525883516,-1.30179985666269,-0.0987859475370171
1.67587572104949,-1.28549328780354,-0.079821829516361
1.68426978705213,-1.26784698062114,-0.0621213675005484
1.68979872725414,-1.24886945095183,-0.0457123018191694
1.69238972787933,-1.2285814838659,-0.0305810126117458
1.69196559495069,-1.20701406208091,-0.016679123023496
1.68844477280301,-1.18420537401479,-0.00392886590011772
1.68174181953224,-1.16019699541625,0.00777303275346834
1.67176850629518,-1.13502934446788,0.0185528682987789
1.65843572743669,-1.10873653687847,0.0285584963187679
1.64165641939933,-1.08134082169199,0.0379582951811751
1.62134967400849,-1.05284686567839,0.0469398016043558
1.59744618750666,-1.02323626656964,0.0557072053504225
1.569895088813,-0.992462804233134,0.0644769299422498
1.53867203632566,-0.960449052507082,0.0734706793556248
1.50378825603364,-0.927085042846262,0.0829056044364723
1.46529993223294,-0.892229650697215,0.0929816290288906
1.42331709331741,-0.855715230383708,0.103866446763838
1.3780109107482,-0.817355735972505,0.115679204988054
1.32961822308563,-0.776958140775257,0.128474356765701
1.27844216836363,-0.734336458121208,0.142227499656449
1.22484810258066,-0.68932715426625,0.156825144721772
1.1692544902226,-0.641804344175641,0.17206020892445
1.11211911071613,-0.591692979504412,0.187634575165843
1.05392161677172,-0.538978349310477,0.203169344645037
0.995144057172584,-0.483710629521565,0.21822250060644
0.936251315943987,-0.426003875116823,0.232312739815787
0.877673426661621,-0.366029628028527,0.244947373522354
0.819791403160235,-0.304006053249567,0.255651612865051
0.762927655514184,-0.240184070999851,0.26399636079626
0.707341368324958,-0.174832223304947,0.269621882766526
0.653228555412427,-0.108221973855617,0.272255375952436
0.600725989859123,-0.0406148359228234,0.271721368248374
0.549917913808394,0.0277477458616383,0.267944866458492
0.500844361816919,0.0966513499339561,0.260948052793306
0.45351004764823,0.165912415684377,0.250841961665373
0.407892991314357,0.235379346424455,0.237814892200915
0.363952337039444,0.304931444561605,0.222119334296564
0.321635075341644,0.37447629078262,0.204058970457552
0.2808815932355,0.443946119989566,0.183976946812238
0.241630125116794,0.513293623264996,0.162246166020838
0.203820263509631,0.58248745230843,0.139261907537869
0.167395716832149,0.651507556678919,0.115436666887048
0.13230648868576,0.720340364071294,0.0911967449943445
0.0985106139130931,0.788973728085018,0.0669798208688075
0.0659755193491898,0.857391541335764,0.0432325061274942
0.0346790108320037,0.925567931735277,0.0204067181367992
0.00460981221659073,0.993461045496008,-0.00104636112236889
-0.0242324788625221,1.06100656206223,-0.0206859170187708
-0.0518381969389033,1.12811128269723,-0.038095668239591
-0.0781893589281635,1.19464736057542,-0.0529030429476568
-0.103262492232736,1.26044795654763,-0.06480309396579
-0.127032560750835,1.32530525575655,-0.0735858518135225
-0.149477825220537,1.38897178283479,-0.0791645803040714
-0.170585240702312,1.45116573095145,-0.0816011583452973
-0.190355755854636,1.51158052583435,-0.0811238899178901
-0.208808708115877,1.56989810374112,-0.0781328466852017
-0.225984485991835,1.62580451011073,-0.0731887370984075
-0.241944815682239,1.67900565487303,-0.0669834065138883
-0.25677042061916,1.72924064388736,-0.0602931607863145
-0.270556319366706,1.77629025921446,-0.0539194919665252
-0.283405523195407,1.81997891988243,-0.048624541404749
-0.295422213363054,1.86016965935761,-0.0450698978944093
-0.306705522766658,1.89675298016289,-0.0437666714593264
-0.317344820468256,1.92963153288771,-0.0450423940557465
-0.32741699786251,1.9587031735329,-0.0490268893613215
-0.33698582554467,1.98384501140339,-0.0556557768563058
-0.346103110148847,2.0049006805703,-0.0646875558493569
-0.354811202602405,2.02167245176428,-0.0757287624966856
-0.363146395052585,2.03391915314054,-0.0882616338747182
-0.37114286477665,2.04136032906101,-0.101669911729177
-0.378837018701855,2.0436866840823,-0.115260573657537
-0.386272305119327,2.04057659094682,-0.128282034984265
-0.393504722481496,2.03171815703044,-0.13994229302922
-0.400609287743133,2.01683585167915,-0.149433034203348
-0.407687556423756,1.9957198064044,-0.155967143818708
-0.414875855141814,1.96825451144658,-0.158836374213426
-0.42235323253405,1.93444191876294,-0.157492133540859
-0.430347443674738,1.89441252582601,-0.151644902647213
-0.439136936393175,1.84841795186793,-0.141367406127672
-0.449047256187076,1.79680107008352,-0.127176191383327
-0.460441766012361,1.73994553546781,-0.110060673870455
-0.473708698855596,1.67821450248044,-0.0914333731581688
-0.489248176514872,1.61189534796672,-0.0729923294267108
-0.507462544420844,1.54116928235946,-0.0565125305029805
-0.52875061510751,1.46611935059258,-0.0436072372012205
-0.553502260851721,1.38677869045299,-0.0355107183939265
-0.582086619565186,1.30320768384014,-0.0329254642977754
-0.614827197876804,1.21557914783422,-0.0359537520446895
-0.651961030683576,1.1242480593599,-0.044106975985249
-0.693585619012548,1.02978624073662,-0.0563679458276663
-0.739604374394884,0.932970715733948,-0.0712771783618332
-0.789686333733473,0.834724724968833,-0.0870230074837928
-0.843256824162052,0.73602117343437,-0.101531827084377
-0.899530724166797,0.637768635355572,-0.112572531415189
-0.95758792953756,0.540708419865699,-0.117902007995791
-1.01647274703879,0.445354433642202,-0.115480044594769
-1.07528084267194,0.352000973022297,-0.103765650928087
-1.13318997437604,0.260803558708842,-0.0820683144901986
-1.18940659910669,0.171906751128502,-0.0508720900381313
-1.2430434507177,0.0855631261846099,-0.0120004991793513
-1.29299663915573,0.00218004328623977,0.0315131223649462
-1.33791682162138,-0.0777389001663366,0.0759052776635272
-1.37633280440371,-0.153731903461561,0.117415092741999
-1.40689608254329,-0.22552147385932,0.153031700080927
-1.42863405359956,-0.293086122031638,0.180994416435681
-1.44109374886062,-0.356634360723123,0.200910247907559
-1.44432805064361,-0.416509395057605,0.213541034517918
-1.43876017052189,-0.473074815903997,0.220434465155698
-1.42500134614806,-0.526616900763257,0.22357386531589
-1.40368460357097,-0.577272327090469,0.225138112449996
-1.37534401613942,-0.624974287155514,0.227363667105949
-1.34034318064979,-0.669412437130091,0.232431159593349
-1.29884875228496,-0.710017741712574,0.242275246110176
-1.250849621171,-0.746001065566391,0.258243045320469
-1.19622768409423,-0.776479411178534,0.280607292325152
-1.13487940882242,-0.800699539436402,0.308067252119475
-1.06686181246182,-0.818309114657879,0.33749369226647
-0.992502135118563,-0.829556366520626,0.364188936054024
-0.912398707102341,-0.835284056961032,0.382742719333766
-0.827280848871462,-0.836672521111894,0.388222084485609
-0.737772754496632,-0.834835684868888,0.377189504305666
-0.644156157377218,-0.830455762472869,0.348130070724844
-0.54620248883415,-0.823582261961535,0.301224195971029
-0.443075045962537,-0.813581121061049,0.237739716918007
-0.333272903260575,-0.799115502984443,0.159476625707835
-0.214749477651334,-0.778062874984498,0.0688588830040223
-0.0857973224676109,-0.747632241293904,-0.0293960945603396
0.0532297038869195,-0.70560937494737,-0.125351850194817
0.199755080529901,-0.652619400169349,-0.204158169871165
0.351131890955185,-0.592937175979816,-0.253028940230545
0.505685930816129,-0.532249553316774,-0.27103024960829
0.661137463115706,-0.473682648605332,-0.272447981604973
0.813007496898825,-0.416441646656261,-0.276994202111958
0.955600303225836,-0.359107491988438,-0.29512196267028
1.08428610508706,-0.30302797234929,-0.32327320089392
1.19640687674149,-0.252063892006022,-0.349058587092162
1.29083305649025,-0.21000215421571,-0.356456334562513
1.3674910561917,-0.17775341886078,-0.327553975768265
1.4268604661325,-0.151895319870223,-0.246668218211734
1.46842069762995,-0.127206615782459,-0.113212350268177
1.48881410982618,-0.103424299881734,0.0456289882476455
1.4832273518591,-0.0876028775752975,0.186282751877481
1.44994034567462,-0.0865158073969206,0.279928388238313
1.39269715400421,-0.100602454003123,0.325296821176673
1.31869396895795,-0.126159622617737,0.337043304722379
1.23452148566829,-0.159552043682858,0.333468276177942
1.14426532046255,-0.199853925835904,0.332066644274274
1.05100123225728,-0.249366232470489,0.346157751238392
0.958039486361095,-0.310983863550307,0.377884589008735
0.867654928373667,-0.383525473102188,0.41311537983975
0.779609086489117,-0.460070687349618,0.428118071304392
0.692148708382466,-0.532300470928447,0.40538160584004
0.604268418842748,-0.595755360346684,0.343064596827377
0.516779980441105,-0.650386613441278,0.251858304791009
0.431953960485708,-0.697825644370872,0.147375863603552
0.352597701248393,-0.73905092563394,0.0450351736742057
0.281045804176795,-0.773798673795246,-0.0429610754347185
0.218296908312122,-0.8015861993894,-0.110447760363926
0.163730706492111,-0.822966742510587,-0.157738330896458
0.115585722550627,-0.839240009519218,-0.188553198873522
0.0720062013587912,-0.851556270231299,-0.206911120253142
0.0316189315914597,-0.860682913527005,-0.216109777646543
-0.00646506469000505,-0.867118439783716,-0.218782027502646
-0.0427839392548405,-0.871209660146919,-0.217073378307277
-0.0776391228081567,-0.873219836431265,-0.212745168615327
-0.111176248660786,-0.873363086497101,-0.207221886031005
-0.143442021782021,-0.871820381566306,-0.201616230208325
-0.174424701490963,-0.868746328351606,-0.19675176794973
-0.204082800958026,-0.864271815589324,-0.193191293452145
-0.232364848326705,-0.858505218712684,-0.191271930666585
-0.259222270939175,-0.851533479941351,-0.191144573650422
-0.284617096493239,-0.843423592268442,-0.192814198352559
-0.308525921248394,-0.834224589312269,-0.196177891758292
-0.330941352511154,-0.823969940632643,-0.201058365821357
-0.351871877836113,-0.812680183001565,-0.207231760624797
-0.371340864140253,-0.800365620181473,-0.214449424897878
-0.389385168409004,-0.787028957397595,-0.222453992410444
-0.406053659542659,-0.772667777926528,-0.230990450016404
-0.421405811926144,-0.757276805656757,-0.239813067293205
-0.435510432605563,-0.740849925435531,-0.248689090989277
-0.448444514769249,-0.723381949522005,-0.257400053726062
-0.460292171124724,-0.704870127229829,-0.265741452160909
-0.471143577747197,-0.68531539717732,-0.273521439386394
-0.48109385246212,-0.664723379321517,-0.28055906935361
-0.490241799772252,-0.643105101537478,-0.286682535365226
-0.498688469494827,-0.620477452975231,-0.291727760190421
-0.506535504875798,-0.596863358066283,-0.295537623091319
-0.513883288017699,-0.572291670277015,-0.297962041583264
-0.520828930575603,-0.546796795418358,-0.298859060555962
-0.527464197280203,-0.520418069683195,-0.298097031156945
-0.533873486844694,-0.493198936473035,-0.29555788336282
-0.540132021845183,-0.465185985523018,-0.291141406336026
-0.546304411888731,-0.436427935050947,-0.28477035065707
-0.55244374594019,-0.406974647761834,-0.276396059632202
-0.55859133963885,-0.376876271994438,-0.266004232457835
-0.56477721027924,-0.346182587497444,-0.253620331704966
-0.571021280901573,-0.314942610564058,-0.239314086696254
-0.577335234299551,-0.283204478035944,-0.223202529128963
-0.583724879430207,-0.251015591195955,-0.205451042015948
-0.590192691829317,-0.218422931998434,-0.186272012182201
-0.596740518467603,-0.185473530021918,-0.165920857035966
-0.603371899986801,-0.152214919194991,-0.14468942244998
-0.610093924236361,-0.118695320758899,-0.122897019698427
-0.616918407200946,-0.0849638137742221,-0.100879591184406
-0.623862321436644,-0.0510701050934881,-0.0789777383600946
-0.630947473952184,-0.0170640331696656,-0.0575244525561898
-0.638199535285078,0.0170051861890343,-0.0368334287087505
-0.645646586861642,0.0510898973004936,-0.0171887684726708
-0.65331739174895,0.085145023897487,0.00116328471149578
-0.66123959995061,0.119129059913234,0.0180201630672253
-0.669438077141644,0.153004929352578,0.0332261818100294
-0.67793350186169,0.18674063550501,0.0466732168700769
-0.686741323054226,0.220309650392341,0.0582991348903432
-0.69587111519551,0.253691028874926,0.0680843995322096
-0.705326321783639,0.286869262158761,0.076047353446256
-0.715104343078916,0.319833909014312,0.0822386890539064
-0.725196902830729,0.352579058326015,0.0867355854864179
-0.735590620684944,0.385102682706704,0.0896359188188151
-0.746267718491683,0.417405941762561,0.0910528646580093
-0.757206797432784,0.449492487395939,0.09111011929119
-0.768383635768783,0.481367813309864,0.0899378775487385
-0.779771970355764,0.513038679537366,0.0876696293617663
-0.791344238125085,0.544512631679187,0.0844397750105731
-0.803072264837225,0.575797624267527,0.0803820118456421
-0.814927896926516,0.606901749224386,0.0756284117450753
-0.82688357837672,0.637833063354902,0.0703090863419059
-0.838912877962768,0.668599503855058,0.0645523240260903
-0.850990973843642,0.699208877279856,0.0584850760210383
-0.8630951022548,0.729668904692158,0.0522336666309486
-0.87520497528305,0.759987304408532,0.0459246035214984
-0.887303170226717,0.790171892665032,0.0396853660202446
-0.899375489391199,0.820230682071454,0.0336450528469325
-0.911411285172428,0.850171957668472,0.0279347748252197
-0.923403740817478,0.880004310486375,0.022687683517373
-0.935350092560952,0.909736609304165,0.0180385342015417
-0.947251774408562,0.93937789254433,0.0141226920832528
-0.959114462699058,0.968937164418333,0.0110745058979745
-0.970947994426265,0.998423082674861,0.00902499455993681
-0.982766131505464,1.02784352989699,0.00809882212613859
-0.994586143545589,1.05720506716439,0.00841057570507484
-1.00642818520694,1.08651227702995,0.0100604103461361
-1.01831445099646,1.11576701312419,0.0131291851720485
-1.03026810189162,1.14496758569947,0.0176732832453695
-1.04231197418871,1.17410792502032,0.0237193802042398
-1.05446710140577,1.2031767771809,0.0312594969980624
-1.06675110402329,1.23215699692945,0.04024672956993
-1.07917652661506,1.26102500847789,0.0505920830476928
-1.09174922524511,1.28975050503467,0.0621628356130019
-1.10446692493518,1.31829644959517,0.0747828088112702
-1.11731807412983,1.34661942209264,0.0882348188498538
-1.13028111598245,1.37467033135417,0.10226542939374
-1.14332427341635,1.40239547741552,0.116591932112991
-1.15640590681481,1.42973791354058,0.130911266344759
-1.1694754502244,1.45663904713495,0.144910379837202
-1.18247489441323,1.48304024055161,0.158277391517716
-1.19534068203872,1.50888455317091,0.170712759791436
-1.20800591197675,1.53411821757852,0.181939732916713
-1.2204026643438,1.55869188674343,0.191713372537282
-1.23246428015807,1.58256153831393,0.199827623097359
-1.24412744083682,1.60568898871156,0.206120101920963
-1.25533392487041,1.6280420075288,0.210474510272968
-1.26603196090186,1.64959405728716,0.21282077906744
-1.27617714133479,1.67032371124545,0.213133238919684
-1.28573290177148,1.69021381969275,0.211427226785533
-1.29467060475526,1.70925050304998,0.20775460753223
-1.3029692888483,1.72742204909915,0.202198701942143
-1.31061515573457,1.74471778414084,0.194869084899175
-1.31760086968981,1.76112697622777,0.185896661210865
-1.32392473734531,1.77663781528318,0.175429355731102
-1.32958982333387,1.79123650192124,0.163628679311126
-1.33460304110963,1.80490646550373,0.150667360419005
-1.33897423962693,1.81762772359893,0.136728167281449
-1.34271528653485,1.82937638929157,0.122003986856899
-1.34583912783438,1.84012433027609,0.10669917221376
-1.34835878295238,1.84983898359186,0.0910321111925707
-1.35028621324359,1.85848333157223,0.0752388984192732
-1.3516309820901,1.86601604674333,0.0595778967880801
-1.35239860788322,1.872391814903,0.0443348397752092
-1.35258850114065,1.87756184346987,0.0298279351616866
-1.35219137979898,1.88147455329474,0.0164121722855179
-1.3511860822093,1.88407643271238,0.00448169974313897
-1.34953572908362,1.88531300561276,-0.00553125955429382
-1.34718346526772,1.88512976189158,-0.0131629207607818
-1.34404779436631,1.88347294823558,-0.0179321842885843
-1.34001827267531,1.88028985488897,-0.019365051348632
-1.3349522711991,1.87552827210727,-0.0170312453102386
-1.32867395386208,1.86913468134687,-0.0105938580717173
-1.32097677914892,1.86105078568838,0.000129529903738101
-1.31163072128279,1.85120816417961,0.0150994417148287
-1.30039481112913,1.83952120844573,0.0339905232035288
-1.28703440493161,1.82587904835124,0.0561449852566877
-1.27134091649469,1.81013776197796,0.0805595631248996
-1.25315005315569,1.79211455152473,0.105919766699587
-1.23235363787885,1.77158547369252,0.130687166845166
-1.20890061241441,1.74828760987888,0.153232769086478
-1.18278503284453,1.72192543769733,0.171996062487188
-1.15402218356711,1.69218009598275,0.185640606292221
-1.1226170924791,1.65871976958978,0.193177195504161
-1.08853150829582,1.62120980286229,0.194035139495911
-1.05165531583389,1.57932216062521,0.188077338290271
-1.01178688376942,1.53274489218576,0.175570223975032
-0.968624983306423,1.48119260648061,0.157130877740836
-0.921773629804836,1.42441802263018,0.133678789918087
-0.870760900712761,1.36222206215635,0.106418448207024
-0.815073242631673,1.29445585158731,0.0768704265552248
-0.754207196633016,1.22100366168046,0.046949960374962
-0.687739539399235,1.14173434914309,0.0190584094492498
-0.61541269499638,1.0564156795109,-0.00389759951583865
-0.537222700766942,0.964607295806619,-0.0187012212898857
-0.453481401544605,0.865586113477614,-0.0223990280386138
-0.364809305655788,0.758398262220699,-0.0133271742526823
-0.272019960391218,0.642129734560192,0.00761935973131003
-0.175904842736357,0.516381617899572,0.0361046258666891
-0.0770103405810953,0.381731231271153,0.064689748368939
0.024459287643261,0.239834752451013,0.0847254098947282
0.128551898496377,0.0930070756671354,0.0890340950988874
0.235364779708572,-0.0564894965874506,0.073932621056979
0.344861331321197,-0.207022374604371,0.039671519628296
0.456785549277228,-0.357797552763981,-0.010465317909254
0.570683096792655,-0.508763015742229,-0.071476543313786
0.686017054865891,-0.660375516495819,-0.137575949832535
0.802369106760154,-0.813308265566847,-0.202455230291149
0.919688309298144,-0.968038635230764,-0.259099305930294
1.03846123750203,-1.12421248515782,-0.299771076245845
1.15956399782036,-1.27984510048089,-0.316993091020072
1.28356527683453,-1.43080753393835,-0.306074932568062
1.40960415048497,-1.57137312831131,-0.268517847978021
1.53462602387898,-1.69618218695673,-0.213807231877735
1.65396300576043,-1.80258185712513,-0.156847421501762
1.76317301510231,-1.89137288650419,-0.111586219728109
1.85965463157027,-1.96528307732402,-0.0853395389439739
1.94280971683475,-2.02664586068892,-0.0775954437641943
2.0130768178662,-2.07604586432639,-0.0826356989702176
2.07091911962941,-2.11235562803857,-0.0928159075044061
2.11636999702711,-2.13362913582166,-0.100353081207689
2.14905244351842,-2.13829658508704,-0.0975430709299787
2.16833683837537,-2.12634032048907,-0.0766911766958237
2.17342552597678,-2.10005962966607,-0.0313930092712614
2.16340865250323,-2.06372907160804,0.0400657191017184
2.13748611004255,-2.0216619405575,0.130827130637706
2.09538008332539,-1.97557934120323,0.225185645095096
2.03758313340292,-1.9236039923198,0.304466518237311
1.96509812828889,-1.86205828797062,0.355414255072067
1.87891739189488,-1.78826191157843,0.374360792376768
1.77979385071432,-1.70187495282569,0.365353825578174
1.6683960492857,-1.604385829469,0.336074917854571
1.54543573393151,-1.4977466553949,0.295302868412541
1.41137555359161,-1.38297812172931,0.252507422428804
1.26572203290621,-1.25918817294801,0.21787579933179
1.10647710804714,-1.12360649898924,0.200564440443637
0.930796783372981,-0.973350586941504,0.204247455662713
0.737457405998056,-0.808551289307608,0.222299756084978
0.529629667301797,-0.634239086937763,0.238060312214131
0.31470637414334,-0.458231319975538,0.232935891665526
0.100474587712515,-0.286542478503047,0.196430939067191
-0.108598745411178,-0.120957112809466,0.12952888355057
-0.311889680777917,0.0398120175747042,0.0409858536314804
-0.510938338478277,0.197774545366067,-0.0576312125275896
-0.707744262344856,0.354091954638583,-0.154313582787701
-0.903748081316977,0.508406663246501,-0.236729003173045
-1.09905620252194,0.65861056538796,-0.292480482814981
-1.29159915981517,0.801092967669877,-0.311837315337163
-1.47685236655293,0.931978175470939,-0.293174399364297
-1.64920283610388,1.04919299460958,-0.247242252427496
-1.80461760057234,1.15364231414306,-0.194234546585751
-1.94218018245142,1.24797709224958,-0.153494530914965
-2.06301332214109,1.33422097577209,-0.134491004473924
-2.16819591908443,1.41265528950905,-0.135917140709645
-2.25772446024571,1.48231537325642,-0.150451720958178
-2.33073509619999,1.54193050827276,-0.169374948097617
-2.38624415811876,1.59051301417118,-0.184484996074991
-2.42387502764844,1.62753198885684,-0.188062517197787
-2.44435887614075,1.65287655482906,-0.172721195579517
-2.44962877581118,1.66678411957585,-0.132675414471118
-2.44227418007528,1.66981357608883,-0.0667756157644353
-2.42437930680643,1.6628484255619,0.0183535667881311
-2.39644792691409,1.64704559937995,0.108400660291473
-2.35744227151243,1.62366863142944,0.186484986248026
-2.30599885984924,1.59385300234808,0.240247859716425
-2.24163579992889,1.55841525441522,0.265573450094965
-2.16503522939137,1.51778125890161,0.26534766395348
-2.07760646867408,1.47203440587512,0.246002493437309
-1.98090681639667,1.42102795477156,0.214796136151473
-1.87618172011362,1.36450662636821,0.17871333522927
-1.76402748190909,1.30223146964095,0.144399742762262
-1.64418575674849,1.23414064164039,0.118184573042961
-1.51559579980708,1.16056171295025,0.105478775236993
-1.37687494283768,1.0824175671606,0.109347711420288
-1.22723285530921,1.00128599989154,0.128785601285666
-1.06743917426046,0.919178014825252,0.157916026251018
-0.900155448704178,0.838064267690203,0.187293772413866
-0.729219032077652,0.759402377547913,0.207149497965292
-0.558303673567884,0.683946042759142,0.210747810537854
-0.389881481249742,0.611888103760532,0.195920665379858
-0.224998402151749,0.543165856188238,0.164440462006739
-0.063664129317362,0.477737611881232,0.12032376291929
0.0946005905157337,0.41574372456844,0.0682616941894472
0.250344139690419,0.357550880589095,0.0127159751501708
0.403943424820346,0.303707452248612,-0.0423564230155145
0.555481868057906,0.254835670587355,-0.093424628522215
0.704679696725002,0.21148013894935,-0.137237107995905
0.850850385998508,0.173935076483133,-0.170815375899669
0.99290018825895,0.142087037616881,-0.191690400366591
1.1294084856141,0.115327110312153,-0.198357094242598
1.25881088499355,0.0925876529689949,-0.190785418580611
1.37965677008932,0.0725236839834184,-0.17072909263113
1.49085778278272,0.0537903221819803,-0.141594252298014
1.59182953309978,0.0353050288805521,-0.107809771887616
1.68247880875887,0.0163816952964858,-0.0738972009959866
1.7630702959748,-0.00330412205184809,-0.04359591101931
1.83405774713242,-0.0238664739610368,-0.0193423682244551
1.89595411464263,-0.0453795294658367,-0.00219121869526401
1.94926790255504,-0.0679914698176741,0.00793476918463476
1.99449165253072,-0.09195827873599,0.0118585250582139
2.03211365995546,-0.117615433990276,0.0107849352086433
2.06263002813344,-0.145320288256394,0.00603882137568479
2.08654683128707,-0.175392734117109,-0.00108452223999361
2.10437210293898,-0.208069500248377,-0.00938278561035441
2.11660207888081,-0.243476711243696,-0.0177613502245362
2.12370686181493,-0.281619117448684,-0.0252320775089868
2.12611946620098,-0.322382211510061,-0.0309187654600722
2.12423047875943,-0.365543662257555,-0.0340807863159506
2.11838900998535,-0.410791603657901,-0.0341563862569647
2.108909371005,-0.457748272696914,-0.0308186351873387
2.09608195029266,-0.505997770694099,-0.0240304875677316
2.08018604030477,-0.555116215721856,-0.0140817965726082
2.06150193552014,-0.60470154521041,-0.0015917605683541
2.04031964571588,-0.654399304505513,0.0125338728861494
2.01694219583797,-0.703920604664995,0.0271910255292737
1.99168270076329,-0.753049497725979,0.0411987533038624
1.96485594498842,-0.801639182832497,0.0534319646841251
1.93676656024989,-0.84959897831631,0.0629401593567533
1.90769659239875,-0.896875895905927,0.069031644547186
1.8778950677187,-0.943435253007009,0.0713131142498438
1.84757127454355,-0.989244034624626,0.0696862073938949
1.81689230393439,-1.03425920466563,0.0643114942823013
1.78598438847271,-1.07842156290787,0.0555542113796222
1.75493699922399,-1.12165454989648,0.0439253206131882
1.72380853672797,-1.16386678309635,0.030027886858426
1.69263265308813,-1.20495697319445,0.0145143140326574
1.66142459499395,-1.24482001976149,-0.0019439659409143
1.63018731497625,-1.28335333695579,-0.0186755758765029
1.59891736943791,-1.32046269645541,-0.0350199173446298
1.56761076842587,-1.35606704069868,-0.050333108484422
1.53626895737968,-1.39010181643654,-0.0639927567732485
1.5049050044816,-1.42252043079393,-0.0754048096192786
1.47354986095294,-1.45329348285049,-0.0840150426927917
1.44225828424355,-1.48240551700305,-0.0893267967537971
1.41111371273259,-1.50984922402765,-0.0909253482828334
1.38023112002287,-1.53561730716458,-0.0885078029778044
1.34975674758827,-1.55969263624401,-0.0819157148154443
1.31986371141862,-1.58203778752728,-0.0711659761046403
1.29074287960945,-1.60258550755766,-0.0564742742984383
1.26258913923746,-1.62123190019495,-0.0382650533309713
1.235584112207,-1.63783405228852,-0.0171629013300491
1.20987732824573,-1.65221328510393,0.00603721376941066
1.18556851739735,-1.66416427328085,0.0304197270610665
1.1626937796832,-1.67346911328134,0.0550130675023877
1.14121781341724,-1.67991437760138,0.0788605761056118
1.12103326050946,-1.68330859172078,0.101087859991789
1.10196688470317,-1.68349760569349,0.120957607662073
1.083791133754,-1.68037595830807,0.1379058023705
1.06623894622828,-1.67389330133864,0.151557201068169
1.04901954437068,-1.66405593840336,0.161721721357717
1.03183331486049,-1.65092427248108,0.168376095916121
1.0143844989099,-1.63460732332697,0.171636417932466
0.996391074165869,-1.61525549450872,0.171727122707935
0.977591757716755,-1.59305255247859,0.168950945561829
0.957750419883226,-1.56820746191476,0.163662953564808
0.936658371275162,-1.54094641467833,0.156250270504313
0.9141350181295,-1.51150515939143,0.147117853616491
0.890027326823354,-1.48012160650695,0.136679741645858
0.864208442750019,-1.44702865042662,0.125354578883754
0.836575721348937,-1.41244718828011,0.11356388336289
0.807048355967501,-1.37657940725444,0.101731399281662
0.775564748830448,-1.33960253661681,0.090281902175585
0.742079770054015,-1.301663387934,0.0796379758016272
0.706562066943004,-1.26287413048992,0.0702135372446408
0.668991630882824,-1.22330982997749,0.0624032640262636
0.629357868870648,-1.18300829682707,0.0565675837135089
0.587658448731999,-1.14197271969629,0.0530135328714191
0.543899173656378,-1.10017736929721,0.0519725621012921
0.498095066093519,-1.05757633932062,0.0535771952396155
0.450272693089811,-1.01411486745726,0.0578392255605415
0.400473554866262,-0.969742288417507,0.0646326830096926
0.348758098656927,-0.924425221190077,0.0736849274296701
0.295209678955025,-0.878159298310546,0.0845787428319
0.239937624572937,-0.830977717043565,0.0967671550895333
0.183078558055038,-0.782955222757002,0.109600959414244
0.124795299112397,-0.734206789783911,0.122366928968403
0.0652730464853781,-0.684881139534068,0.134332816562678
0.00471301060373002,-0.635150113670394,0.144794032112557
-0.0566758606447584,-0.585195591037627,0.153116602901032
-0.118686075246275,-0.535195928296031,0.1587717765877
-0.181120593294998,-0.485313773532109,0.161359186734558
-0.243800608753814,-0.435686635951148,0.160617446410677
-0.306571381000211,-0.386420936401003,0.156422906673258
-0.369305757059939,-0.33758961258686,0.148778737320519
-0.431905392770318,-0.289232831577095,0.137797284026529
-0.494299972530869,-0.241361049104885,0.123678830437195
-0.556444902315546,-0.193959545429218,0.106689587984955
-0.61831801203928,-0.146993619422132,0.0871411413589889
-0.679915771249709,-0.10041377584295,0.065372877383017
-0.741249430286299,-0.0541604347274412,0.0417382549471181
-0.802341379838934,-0.0081678855304037,0.0165952101363993
-0.863221897231214,0.0376326222424652,-0.00969943749944099
-0.923926336672098,0.083310630370715,-0.0367920124288302
-0.984492728996213,0.128934946332995,-0.0643310779834064
-1.04495968400157,0.174572655378454,-0.0919643588044231
-1.10536444495532,0.22028844817557,-0.11933434039955
-1.16574091946486,0.266144014321522,-0.146073466629621
-1.226117507416,0.312197246738503,-0.171799923414169
-1.28651457065948,0.358501007319684,-0.196115065204914
-1.34694143563852,0.40510122933425,-0.218603593235993
-1.40739290046461,0.452034184524757,-0.23883760724249
-1.46784532803598,0.499322829141328,-0.256385578563229
-1.52825254881792,0.54697227784557,-0.270827074213592
-1.58854195768768,0.594964636848812,-0.281773632530516
-1.64861135145691,0.643253659000957,-0.288895491282623
-1.70832717518745,0.691759928228039,-0.291952877997365
-1.76752488537857,0.740367498965332,-0.290829334214321
-1.82601203816867,0.788923020027957,-0.285563227610016
-1.88357443408623,0.837238279823671,-0.276372496041836
-1.93998519446955,0.885096746022514,-0.263667177377096
-1.99501606673507,0.932264035053159,-0.24804482097101
-2.04844966608515,0.978501414310776,-0.230265718982133
-2.10009101152186,1.02358073011545,-0.211207993662036
-2.14977643692778,1.06729839503437,-0.191806227601424
-2.19737858516191,1.10948647775328,-0.17298098903029
-2.2428065578874,1.1500190731352,-0.155568627051604
-2.28600135252078,1.18881334780819,-0.140260964333404
-2.32692748675321,1.22582565464386,-0.127562461312739
-2.36556230194187,1.2610439945927,-0.117768843427026
-2.40188465317311,1.29447855150856,-0.110967065466349
-2.43586455887549,1.32615200940506,-0.107052914738454
-2.4674550039606,1.35609099327872,-0.105760259619978
-2.49658661137586,1.38431943381248,-0.106695164081647
-2.52316545023211,1.41085411109311,-0.10936861177118
-2.54707391331574,1.43570219011177,-0.113223004335623
-2.5681743931942,1.45886025767619,-0.117649486723036
-2.58631539633787,1.48031420095689,-0.121995193862333
-2.60133970876274,1.50003920980286,-0.12556155715582
-2.6130942036546,1.51799921886713,-0.127596822765787
-2.62144079345317,1.53414523246017,-0.127287938841796
-2.62626782331008,1.54841221623371,-0.123758925043427
-2.62750083534054,1.56071463799416,-0.116084539953584
-2.62511111250964,1.57094133032864,-0.103328972874853
-2.61911982786489,1.5789511341141,-0.0846184406144697
-2.60959521683916,1.58457165993779,-0.0592525602472324
-2.59664037468239,1.5876041796393,-0.0268507016303791
-2.58037059180478,1.58783758572759,0.012484394878814
-2.56088195238877,1.58507282851932,0.0580206114250861
-2.53821691414998,1.5791558242307,0.108316989265383
-2.51233623735261,1.57001209054364,0.161260348742962
-2.48310742619804,1.5576724220059,0.21424530009796
-2.4503158069991,1.5422787822253,0.264480549591621
-2.41369623157767,1.52406498774477,0.309354782434579
-2.37297521893841,1.503315895377,0.346767471559768
-2.3279099507353,1.48031677850969,0.375341819646723
-2.27831362246451,1.45530693906079,0.394482631540757
-2.22406356949772,1.42844769962989,0.40429547103785
-2.16509486604372,1.3998078956221,0.40541934619315
-2.10138490148703,1.36936375662276,0.398833830609942
-2.03293371406014,1.33700683507405,0.385689442597066
-1.95974221012958,1.30255342569226,0.367189811291944
-1.88178750573306,1.26575072001236,0.344535269795028
-1.79899256814175,1.22627774297441,0.318923869604054
-1.7111866888155,1.18374247731531,0.291596691438517
-1.61805472351595,1.13768049372592,0.263906772390376
-1.51907766941301,1.08756494697297,0.23738147097979
-1.4134768511533,1.03284226176754,0.213734220202451
-1.30019021653832,0.973009424850358,0.194764940340026
-1.17792948273855,0.907741315153478,0.182080114831789
-1.04537758319794,0.837051623810794,0.176590752843146
-0.901557177179542,0.761427064830611,0.177846801886289
-0.746301345804913,0.681834081331505,0.183448508983563
-0.580607507954724,0.599512798776947,0.188943234473374
-0.406583405434125,0.515585660251269,0.188553340365072
-0.226862941761295,0.430663363865887,0.176646726191502
-0.0437362709042161,0.344676117479939,0.14930856399904
0.141527313651876,0.257018627279279,0.105245498828772
0.328828676760266,0.166907557689752,0.0457376005935989
0.518876033861998,0.0737848946442863,-0.0260143544861502
0.712571529337218,-0.0223687876661534,-0.10555420678701
0.91047876770068,-0.120968372808245,-0.187452765562649
1.112613380644,-0.221173365935068,-0.265135300849311
1.31845242800134,-0.322590191051915,-0.330471703758527
1.52664532700424,-0.425888526319752,-0.373853759258166
1.73407188720116,-0.532633068542901,-0.38617187720572
1.93492926647075,-0.643742117719306,-0.363701056049901
2.12153949003276,-0.75715473843516,-0.313606464274216
2.28745769033651,-0.867235778293155,-0.253643471984702
2.43021900553947,-0.96770470334352,-0.203020779963543
2.55079953891645,-1.05538636911173,-0.172178997189602
2.65101721779698,-1.13096339763271,-0.160499890078922
2.73185077074878,-1.1971119281673,-0.160392804172321
2.79335810247145,-1.25641191716361,-0.161052096654636
2.83507028913889,-1.30976876517991,-0.149230317327761
2.85590232120729,-1.35499971699036,-0.109734476902479
2.85375890790945,-1.3863893873,-0.0306180997205158
2.82615613709692,-1.39749724997241,0.0857489079040486
2.77254818528411,-1.3869317512144,0.215606905728123
2.695942237221,-1.36047720585485,0.324696632439915
2.6010746818328,-1.32544514469525,0.390159753279069
2.49134363931294,-1.28463152357926,0.409817786741788
2.36784097517534,-1.23629110985296,0.394720348846877
2.23002083343206,-1.17725370362194,0.359293395547052
2.07625135225224,-1.10537617586038,0.317245238002202
1.90397190121543,-1.02085038260292,0.281314287776478
1.71045754114524,-0.926818720700463,0.262250106727007
1.49505894351134,-0.828808037651914,0.264709695662504
1.26185748875227,-0.732257521512815,0.282468113902166
1.01957491043664,-0.639417356423603,0.298987539887495
0.777503621224173,-0.548814320577542,0.295931390739301
0.541335365795625,-0.457994572521605,0.263121777098136
0.312804315581721,-0.366280261290274,0.20162568629851
0.091991702318976,-0.275172799515934,0.119936615895751
-0.120816826425624,-0.187171570331857,0.0287452426672862
-0.324960318239912,-0.104447453543664,-0.0622645054623162
-0.520261939706748,-0.0280430763735208,-0.145496750088567
-0.707556479969334,0.0422345336524463,-0.215286059320718
-0.888278764217596,0.107465722956656,-0.267383998031827
-1.06367988101116,0.169192439488159,-0.298903529683012
-1.23427041780718,0.22903142508626,-0.308957522699083
-1.39961378215602,0.288267071802763,-0.29951343426025
-1.55845850287483,0.347467768996513,-0.27567546445104
-1.70916811799304,0.406316729479816,-0.244813511617924
-1.85027151062992,0.463808424670752,-0.214660626235484
-1.9808656754219,0.518724942522399,-0.191262599889366
-2.10071172818354,0.570108316102954,-0.177780898781486
-2.21007798735893,0.617494451847834,-0.174504962699155
-2.30949669950324,0.660885574791533,-0.179685333752145
-2.39956369561331,0.700584819895509,-0.190548377494515
-2.48082036002827,0.737019191108372,-0.204060226230252
-2.55369896810105,0.770609927607262,-0.217323559361033
-2.61849879606237,0.801693609689673,-0.227693815657207
-2.67537123342025,0.830476961037324,-0.232767584722988
-2.72430917404978,0.857011983131149,-0.230381192009736
-2.76515021870147,0.881189662667646,-0.218710018564345
-2.79761060804017,0.902759717023209,-0.196499280039853
-2.82136419804883,0.921385292235454,-0.163389236674666
-2.83616577050329,0.936732738201036,-0.120228775059938
-2.84199250761073,0.948579115254111,-0.069224184146643
-2.83915305909279,0.956902360278066,-0.0137835214474478
-2.82831008269616,0.961915274116512,0.0419824182424451
-2.81039279987675,0.964024394792266,0.093983778954848
-2.7864286729667,0.963730429400081,0.138860402976273
-2.75736212486161,0.961514148115543,0.174441988281749
-2.72392583965014,0.957751578521252,0.199855665886887
-2.68659365647605,0.952679163376857,0.215334874150124
-2.64560388168146,0.946403379585258,0.221873304894865
-2.60102116613301,0.938935646451472,0.22086651022738
-2.55280589732943,0.930233579600869,0.213829876469946
-2.50087179104768,0.920236827199444,0.202222523836538
-2.44512478389286,0.908893163646183,0.187367189450949
-2.38548467858001,0.896175231093725,0.170438874057439
-2.32189487851559,0.882090203053392,0.152492606719593
-2.25432631480201,0.866684687683947,0.134505102933589
-2.18278075298422,0.850046387834541,0.117411209420882
-2.10729699907525,0.832303056745347,0.102121607818521
-2.02796155180287,0.813618505938646,0.0895129973986598
-1.9449231409438,0.794185041148106,0.0803866312012296
-1.85840847559944,0.774211846218929,0.0753966688778686
-1.76873469112843,0.753909556748242,0.074957002451242
-1.67631297981841,0.733472481549335,0.0791436091505276
-1.58163843860591,0.713061318298959,0.0876170080254898
-1.4852638068999,0.692790170972641,0.0995923029402874
-1.38775925560657,0.672721505484624,0.11387857098696
-1.2896653430591,0.652870982487605,0.128993511115286
-1.19144945113977,0.633221272077038,0.143337065812432
-1.09347562981464,0.613741176611339,0.155387990691929
-0.995993678928307,0.59440504118362,0.163879547299959
-0.89914736702497,0.575208115946223,0.167918560728332
-0.802996638191256,0.556175689262533,0.167031648932941
-0.707546319727657,0.53736618323191,0.161143964695255
-0.612774372014801,0.518869932051944,0.150510765648061
-0.518654989902795,0.500805736010159,0.1356271987167
-0.425174484566545,0.483316800661644,0.117138561600311
-0.332339920869803,0.466566860111031,0.0957660156643452
-0.240181660798833,0.45073653828224,0.072254929679302
-0.148751393815169,0.436019493785217,0.0473468074121506
-0.0581172141704591,0.422617618850002,0.0217716560763846
0.0316429085159578,0.410734470581653,-0.00374464638781012
0.120448153010671,0.400566153023879,-0.0284645741116205
0.208221412687603,0.392289046631734,-0.0516219172577192
0.294894524200047,0.386044150052068,-0.0724109345307067
0.380411282427192,0.381918419764867,-0.0899891734062192
0.464727354845756,0.379924408793217,-0.103500873892049
0.547806276399988,0.379980665180526,-0.112126102849953
0.629610996550709,0.381896549908543,-0.115157057140921
0.710091113945831,0.385365942341989,-0.112096820752955
0.789167078540723,0.389974147231107,-0.102767566075518
0.866714171034284,0.395220639789772,-0.0874065280141834
0.942550525465866,0.400556931751541,-0.0667225379964443
1.01643401695823,0.405434454978113,-0.041887796484833
1.08807163501657,0.409353475753516,-0.0144516579040157
1.15714179239531,0.411902595390965,0.0138161957203797
1.22332583710427,0.412780530795149,0.0411238923608443
1.28634173766121,0.411797099097309,0.0658540739456103
1.34597220050582,0.408856448860919,0.086718011427298
1.40208166447585,0.403929967044584,0.102841527015945
1.4546204347517,0.397027420006802,0.113778753764993
1.5036177835707,0.388173019565358,0.119468099877486
1.5491678543726,0.377389730046421,0.120154177726918
1.59141244715795,0.364691895147765,0.116299629245768
1.63052381308415,0.35008414949283,0.108504972647351
1.66668922019379,0.3335637985901,0.0974467574875786
1.70009784030666,0.315124077633543,0.0838372343780828
1.73092970544595,0.294756459312678,0.0684036383861214
1.75934611996448,0.272451096608476,0.0518821213174435
1.78548092562224,0.248195302269095,0.0350198619271815
1.80943228914983,0.221970636512186,0.0185784070331775
1.83125515015839,0.193749653455703,0.00333145738192073
1.85095503313586,0.163493699194674,-0.00994898923086548
1.8684845138135,0.131153321961942,-0.0205228736116461
1.88374409043223,0.0966727956268798,-0.0277311164217226
1.89658934640323,0.0599998528940177,-0.0310623115645781
1.90684585579662,0.0211008448599106,-0.0302309852174192
1.91433206532964,-0.0200198680768674,-0.0252555571684579
1.91888835688131,-0.0632992578225031,-0.0165189226424785
1.92040802184164,-0.108598311074312,-0.00479223955632735
1.91886380917432,-0.155693388290697,0.00879439173217944
1.91432317689504,-0.20428062221056,0.0228408294290818
1.90694721871826,-0.253994810830069,0.0358168701153191
1.89697229371633,-0.304440170842362,0.0462296346406948
1.88467824986975,-0.355226664145502,0.0527857173596271
1.8703507645425,-0.406004042920139,0.0545169565823306
1.85424624036675,-0.456486938513326,0.0508500365374177
1.83656580997697,-0.506467533579918,0.0416161904832288
1.81744152262655,-0.555816064145765,0.0270115513984799
1.79693439323797,-0.60447204993252,0.00752686435467814
1.77504153717536,-0.652430618144475,-0.0161334120983686
1.75170908375899,-0.699727564251575,-0.0431262732579873
1.72684765448378,-0.746426199454651,-0.072529128115132
1.70034837569119,-0.792607403723026,-0.103378026415231
1.67209851665635,-0.838363165881036,-0.134685504992694
1.6419968605987,-0.883792910757182,-0.165442019685075
1.60996956967341,-0.929001232354679,-0.194607534438302
1.57598749274421,-0.974095238856541,-0.221101788370325
1.54008550503065,-1.01917957828618,-0.243803211354213
1.50238349968493,-1.06434742737378,-0.261567192589467
1.46310708400626,-1.10966642238551,-0.273273731874938
1.4226040619213,-1.15515982304255,-0.277911290435796
1.38135091896401,-1.20078513178266,-0.27469666204977
1.33994266020468,-1.24641458442185,-0.263219327571287
1.29906058322358,-1.29182351860997,-0.243584367009224
1.25941661959549,-1.33669229035112,-0.216515050612263
1.22167926228825,-1.38062405541757,-0.183372157038571
1.18639259386082,-1.42317467982688,-0.146059282634181
1.15390333856006,-1.46388487432236,-0.106813502361507
1.12430911274708,-1.50230244192211,-0.0679195863488438
1.09743517855639,-1.53798695753669,-0.0314156189778131
1.07284076462185,-1.57049868959651,0.00113807834492369
1.04985272585391,-1.59938251494393,0.0287792545970026
1.02762389647702,-1.6241602597338,0.0511455595795179
1.00521281435999,-1.64433982289521,0.068385573543779
0.98167779582131,-1.65944016868713,0.0810243444374954
0.95617229990113,-1.66902348175393,0.0898272744649581
0.92802400893713,-1.67272332397647,0.09569278935809
0.896780959947821,-1.67026066468796,0.0995875011475679
0.862215213140173,-1.66144548491925,0.102522993360992
0.82428511934376,-1.64616700524148,0.105562489158851
0.783067002601039,-1.62437848038429,0.10983794873843
0.738673122467225,-1.59608275917924,0.116552952927993
0.691174723142069,-1.56132333534563,0.126944614587403
0.640548081406997,-1.52018348966755,0.14218090472852
0.5866587136094,-1.47279396898564,0.16318151591144
0.529293721207779,-1.4193475930269,0.190373603478561
0.468242661806642,-1.36011709677575,0.223427555639052
0.403412060960454,-1.29547037392725,0.261053211854123
0.334940621640954,-1.22587554013275,0.300954185842532
0.263270573119009,-1.15188813070484,0.340014027713859
0.189137469176392,-1.07411605580055,0.374714607509841
0.11347039540808,-0.993165398550571,0.401689859719372
0.0372341916709953,-0.909579262127522,0.41825147112242
-0.0387295678543278,-0.823787034085769,0.422732764408154
-0.113811636726736,-0.736078133531922,0.41457899822285
-0.187672631536778,-0.646603787447364,0.394214650079598
-0.260219387635725,-0.555399006525864,0.362784898042973
-0.331547338341604,-0.462410652842804,0.32187880874041
-0.401875355155011,-0.367517810984392,0.273311771152468
-0.471488713274944,-0.270535312841034,0.219002767669352
-0.540693453344478,-0.171197367733737,0.160947347397771
-0.6097756992543,-0.0691246757873238,0.101264269574283
-0.678953397095142,0.0362138876216825,0.0422767463139426
-0.74830652700775,0.145522864748579,-0.0134326088414913
-0.8176799718249,0.259647825776354,-0.0630872411024333
-0.886578706191776,0.379438770974105,-0.104024664099136
-0.954114476984952,0.505467869634211,-0.134330526513786
-1.01908320216156,0.637620160099969,-0.153700405776945
-1.08020666841712,0.774696540607692,-0.164134717120298
-1.1364616199759,0.914286170360816,-0.169893234600133
-1.18732029987177,1.05312970162562,-0.176384857894924
-1.23274506248781,1.18790893821063,-0.188353972343613
-1.27294069766655,1.31605442027147,-0.208302284235962
-1.3080369438414,1.43613188756232,-0.235936472845662
-1.33789000441016,1.54770462500402,-0.268684056639742
-1.36207211546169,1.65090799390747,-0.302706156909954
-1.38000326921829,1.74603153293841,-0.333777071667076
-1.39114547485641,1.83324831997923,-0.357714705517902
-1.39519891782284,1.91246025145348,-0.370402588067088
-1.39225580060745,1.98315607007974,-0.36769516319123
-1.38285625901805,2.04422421680474,-0.345626308102511
-1.36787013978506,2.0937958579121,-0.301297350682729
-1.34815603123306,2.1293322918582,-0.234467000173353
-1.32408166683776,2.14814992776299,-0.14915336612316
-1.29518141707635,2.14825374691458,-0.0539232723658908
-1.26026062242962,2.12892266921271,0.0400696110038069
-1.21796686650042,2.0905346825606,0.122555175216377
-1.16748359233748,2.03380809773371,0.186987180780542
-1.10898341314918,1.95918777162885,0.231250491349596
-1.04374681044807,1.86685842457466,0.256607115343748
-0.974016322956908,1.75723999852595,0.266248587228917
-0.902626724741928,1.63150258224584,0.264412851119256
-0.832422786038558,1.49173382348554,0.256155500938418
-0.765564830515357,1.34066839935156,0.247296984686646
-0.702969301629434,1.18117507401163,0.243920372224191
-0.644199325674255,1.01586479214684,0.250997535353027
-0.587991237775459,0.847094790394665,0.270300579969954
-0.533243016692564,0.677293016948716,0.298641734795906
-0.479860844877462,0.509182312299362,0.328031917455274
-0.428812333822331,0.345538857798323,0.348468927944131
-0.381369708610688,0.18861074196147,0.351913255890867
-0.338246804463009,0.0396935583645457,0.334897161633848
-0.299265308898091,-0.100837897772557,0.298600255494168
-0.263557696691788,-0.233185508557145,0.247284146681272
-0.229960773502897,-0.357784176738889,0.1865594769165
-0.197347323469794,-0.475140768480948,0.122266545958194
-0.164843231275361,-0.585851231837584,0.0599588741088974
-0.131966999099945,-0.690681322375714,0.00461308660090004
-0.0987100857150623,-0.790566371960674,-0.0397994091674195
-0.0655227256441484,-0.886425236216857,-0.0709976185270998
-0.0331500392819736,-0.978799462695882,-0.0891020379163185
-0.00231815318956376,-1.06748724403665,-0.0968892454377065
0.0266199646649733,-1.15142291356543,-0.0991960029202894
0.0538952892745123,-1.22893560227431,-0.101547302578507
0.0802654775272009,-1.29826125819129,-0.108593025375225
0.106736422216839,-1.35801852867762,-0.123040204758366
0.134242768873787,-1.40743800747101,-0.145400587942098
0.163451177049767,-1.44633806151969,-0.174396324662501
0.194733402770629,-1.47496801198097,-0.207623367270361
0.228260906647059,-1.49383190564196,-0.242117288590847
0.26415379080953,-1.50353473690655,-0.274661337226159
0.302644743611832,-1.50463667995547,-0.30187599568148
0.34424300728378,-1.49749088056471,-0.320261770184289
0.389877917896531,-1.48207516024184,-0.326415065197249
0.440968618680119,-1.45789187460834,-0.317588018569305
0.499330859633117,-1.42406741018283,-0.292593595269528
0.566835423477643,-1.37976673884579,-0.252778027594572
0.644816424031832,-1.32488257660087,-0.202518219216219
0.733388878705732,-1.26069694853094,-0.148697461825288
0.830987790685726,-1.19005816894137,-0.099051159617163
0.934438042722638,-1.11681728172096,-0.0599802341569958
1.03962157100444,-1.04476628324504,-0.034852670492493
1.14245382873987,-0.97667586690303,-0.0235265330470662
1.2397034952874,-0.913897356037564,-0.0230483808803485
1.329335194379,-0.856546836766185,-0.0288714212751667
1.41036169240038,-0.803969936981321,-0.0359020472812362
1.48240067679916,-0.755184001963363,-0.039072452487294
1.5451627719626,-0.709171580824193,-0.0335710243338691
1.59804701269574,-0.665055635401881,-0.0150976884789678
1.63998196352183,-0.622237279180654,0.0195105543350783
1.66961749698672,-0.580531178679523,0.071208945777841
1.68586263782443,-0.540242153341286,0.137618142727132
1.68854040414869,-0.502071111525866,0.21265352597454
1.67873381833856,-0.466809180410561,0.287633962559562
1.6585090507743,-0.434959684728176,0.353712079100993
1.6301597029643,-0.406529242088631,0.404397853522392
1.59548139802577,-0.381100466902212,0.436826278609553
1.55546768278795,-0.358074813046624,0.451418698882656
1.51042498304951,-0.336895030203871,0.450616328328739
1.46027158139733,-0.317145186983221,0.437579627313209
1.40481500341954,-0.29853965184628,0.415350806760078
1.34392914005841,-0.28086132298886,0.386533219994993
1.27764216991512,-0.263902496901201,0.353317163388433
1.20617410480123,-0.247436775751143,0.317646617911818
1.12995353728457,-0.231229139357036,0.281369028299022
1.04962266994104,-0.215077092616181,0.246272351824463
0.966023027273191,-0.19886518789753,0.21397202478894
0.880149280498306,-0.182607462075493,0.185671015824664
0.793067776733431,-0.166452176918979,0.161880068077981
0.70581626941829,-0.150636319036908,0.142231857543931
0.619316235545838,-0.135402258069246,0.125513930277973
0.534328003828988,-0.120911764159809,0.109960594161902
0.451454124116764,-0.107196401851653,0.0937154406760807
0.371165964941397,-0.0941625612533078,0.0752838818537512
0.293816119917385,-0.0816387637619595,0.0538036173340132
0.219618321714168,-0.0694337396456397,0.0290640417013084
0.148615112818115,-0.0573773504895532,0.00133333008107606
0.0806740252273616,-0.0453342899908131,-0.0288747689868148
0.0155315664852632,-0.0331986801937925,-0.0609815690562891
-0.0471359964991946,-0.0208835163431193,-0.0944345367531569
-0.107649958843209,-0.00831310407330225,-0.128731637849218
-0.166292547270947,0.00458059915704507,-0.163414237861835
-0.223294457450391,0.0178594338680324,-0.198050602940738
-0.278837232323327,0.0315795135979426,-0.232218593023257
-0.333062425677772,0.045791082928839,-0.265489718118618
-0.386082690431911,0.0605378220855263,-0.29741501828858
-0.437992648048899,0.075855346198411,-0.327513455243391
-0.488878329432976,0.0917690526456517,-0.355264081214943
-0.538824748507715,0.108291370385448,-0.380103938882822
-0.587921189152587,0.12541870719494,-0.401434070002228
-0.63626377965736,0.14312854783666,-0.418636141861983
-0.683954903187528,0.161377329358706,-0.431101831570772
-0.731099065169538,0.180099860804027,-0.438276025913177
-0.777795087967429,0.1992111063735,-0.439712891808676
-0.824124983391042,0.218611029854042,-0.435140880328175
-0.870140564894322,0.238192820622597,-0.424528990816117
-0.915849712729848,0.257854147648981,-0.408142907667659
-0.961204958695496,0.277510181470195,-0.386577289391158
-1.00609735419863,0.297106218308464,-0.360751216028444
-1.05035806944336,0.316627210306395,-0.331858855240464
-1.09376870868446,0.336101733119464,-0.301276593982184
-1.13607921673572,0.355599046043113,-0.270438898449924
-1.17703021813583,0.375219638808025,-0.240704071091475
-1.21637550393733,0.395081360234811,-0.213234134565736
-1.25390062656318,0.415304200422864,-0.18890886749204
-1.28943500544787,0.435996718603262,-0.168284349861888
-1.32285689735064,0.457246156829838,-0.151595193032509
-1.35409226858433,0.47911297754211,-0.138790833380755
-1.38310954164623,0.501629439500753,-0.129591943448366
-1.40991231804572,0.524801175785987,-0.123553085772494
-1.4345317341612,0.548610579884042,-0.120120736364626
-1.45701941012868,0.573020994600437,-0.118679985813139
-1.47744125969985,0.597981045276019,-0.118587259682187
-1.49587189203026,0.623428818191852,-0.119189607545759
-1.51238901467517,0.649295874587847,-0.119833329665149
-1.52706715464894,0.675511277311545,-0.119866057977614
-1.53997015277697,0.702005883931939,-0.118637070276805
-1.55114225983221,0.728717126875833,-0.115500723833152
-1.56059826306323,0.755594355905896,-0.109827464553843
-1.56831385251664,0.782604561333277,-0.101025814766916
-1.57421826896939,0.809737942279505,-0.088576939384335
-1.57819191783356,0.837012384057405,-0.0720807822614044
-1.58007175460248,0.864475563924327,-0.0513095283435858
-1.57966650632135,0.892203267125505,-0.0262608060827095
-1.57678203109642,0.920292731801153,0.0027995058574422
-1.57125452948672,0.948850559211346,0.0353157093061739
-1.56298656113231,0.977975890317953,0.0704508488661939
-1.55197885688679,1.00774092608745,0.107129611960063
-1.53835067152128,1.03817204306828,0.144113226611396
-1.52234329165853,1.06923526334359,0.180097313263438
-1.50430491402254,1.10082936073916,0.213818691694473
-1.4846593456107,1.13278842431168,0.244155348780702
-1.46386449785782,1.16489364027161,0.270205550777481
-1.4423684096697,1.19689203388133,0.291336769034416
-1.42057018587119,1.22851856868142,0.307201267931767
-1.39879118015647,1.25951769424867,0.317721225684684
-1.37725885874289,1.28966112421676,0.323050763503568
-1.35610299598946,1.31875994123953,0.323524523366967
-1.33536185574745,1.34667056154661,0.319602453463773
-1.31499505446669,1.37329523625242,0.311818790804706
-1.29489978291266,1.39857841351343,0.300740671714387
-1.27492766866969,1.42250043852116,0.286939106361861
-1.25490045091684,1.44506985997154,0.270972734781572
-1.23462353362231,1.46631521925797,0.253383072397617
-1.2138972254294,1.48627677414926,0.23469885126699
-1.1925259954137,1.50499825702038,0.215446439721885
-1.170326374123,1.52251854579329,0.19616300396466
-1.14713423408851,1.538863057805,0.177408916926565
-1.12281212399796,1.55403476754276,0.159775845544048
-1.09725712339877,1.56800499255306,0.14388696956285
-1.07040934025689,1.58070446510811,0.130386005523812
-1.04226069702521,1.59201566313372,0.119912313418788
-1.01286306246143,1.60176782621378,0.113060576424319
-0.982334153906637,1.60973639141936,0.110325564775987
-0.950859097825822,1.61564859312398,0.112035385812331
-0.918685206643489,1.61919633712617,0.118280187701658
-0.886108094152421,1.6200566621417,0.128846846727694
-0.853448051132596,1.61791803500642,0.143172866591998
-0.821017727408537,1.61250922295821,0.160333102644058
-0.789084917158687,1.60362581208067,0.179070090457667
-0.757836191589513,1.59114898984741,0.197872147914003
-0.727348571406765,1.57505191470863,0.215093964442813
-0.697575498614726,1.55539115469787,0.229104152076021
-0.668350406871065,1.53228359852221,0.238436412230536
-0.639406904991951,1.5058721109085,0.241918628155198
-0.610410541612495,1.47628511711073,0.238758866977566
-0.580994831119419,1.44359572858817,0.228577977843109
-0.550794406979289,1.40778504075936,0.211391914019518
-0.51947046449176,1.36871254120628,0.187559051511222
-0.486726975689494,1.32609523770052,0.157715739133545
-0.452319281789452,1.27949720914003,0.122726132273481
-0.416058556238234,1.22833339993929,0.0836700750124102
-0.377815393894754,1.17189486010575,0.0418845048839155
-0.337522778685468,1.10940437954155,-0.000943355189702073
-0.295174036777366,1.04010771938007,-0.0426610490213182
-0.250809308280379,0.96339626435744,-0.0805800909104742
-0.204489082269934,0.878947404627584,-0.1115486489793
-0.156263408403666,0.786861018238311,-0.132283557126302
-0.106151600199016,0.687755411710303,-0.140049432190072
-0.0541434885709499,0.582762444371804,-0.133649970477263
-0.000222282106358627,0.473357385482186,-0.114447683183361
0.0556018336528829,0.361018816826297,-0.0868513603644871
0.113263648140513,0.246837944626506,-0.0576991720068288
0.172636235964147,0.13128742598815,-0.03448502787118
0.233555300205608,0.0142923022017594,-0.0231830011707954
0.295868727223188,-0.104453023401867,-0.026764883629665
0.359484791511187,-0.225119851855328,-0.0449922037816123
0.424385743212105,-0.347504675132025,-0.075228645665153
0.49059119959827,-0.470970897469824,-0.113596844582879
0.558083807853725,-0.594544849888732,-0.155923256327338
0.626728860505606,-0.717111267910031,-0.198248808077517
0.696224031461249,-0.837655900511758,-0.236951575509078
0.766109282720064,-0.955505668463682,-0.268660020162444
0.835853896032972,-1.07050847351686,-0.290170120130433
0.905014928983741,-1.18307876639513,-0.298559828439575
0.973423325213681,-1.29402988017469,-0.291625567972228
1.04130479097704,-1.40415438331795,-0.268621858744575
1.10921576947674,-1.51363186846425,-0.23105332232702
1.17773170420602,-1.62151753746206,-0.183032957618171
1.2469929811094,-1.72565896953411,-0.130717409770731
1.31638632499546,-1.82321600137312,-0.0807761503041485
1.38460698379884,-1.91154445003987,-0.0385497553973737
1.45006927489176,-1.98891981256575,-0.00685359534127509
1.51137969720383,-2.05473855436678,0.0140791582167986
1.5676079484204,-2.10925268740613,0.0257880552627962
1.61830030365558,-2.15314126676849,0.0305629513752075
1.66333903827945,-2.1871700039664,0.0307229427621557
1.70277070402613,-2.21201157362219,0.0283775222239158
1.73666736642142,-2.22816775829885,0.0256023603375032
1.76502691450796,-2.23589480844482,0.024843995645197
1.78769419706557,-2.2350623896812,0.0293031295066964
1.80429445265449,-2.22495421983336,0.0429769029985934
1.81420342993424,-2.20413363530984,0.0700058188292226
1.81661297113982,-2.17060215073814,0.113129196024565
1.81074225915451,-2.12244618253291,0.171589314261339
1.79614435152106,-2.05885460839018,0.239637761297357
1.77290577842852,-1.98090500830251,0.307137217908859
1.74153078007177,-1.89140494060857,0.362656588656495
1.70256024643063,-1.79375802152685,0.397397227263189
1.65622505689341,-1.69068324326223,0.407508974094119
1.60234838069275,-1.58361173962935,0.393883089290829
1.54045265525198,-1.47284696411975,0.360458579672139
1.46992961063641,-1.35805105260068,0.312561307578097
1.3902121823279,-1.23865090893616,0.256080970480846
1.30097791961392,-1.11402124081354,0.197448269275857
1.2024221043401,-0.983511652270315,0.143857737701428
1.09555768360688,-0.846488619312146,0.102952767345704
0.982358325086539,-0.702579921359717,0.0812639996448561
0.865462572712636,-0.552198723633718,0.0813424567358454
0.747313340213176,-0.397121039376314,0.0989365916824727
0.62914095878148,-0.240551690367513,0.122840046822217
0.510636874192095,-0.0862795330177614,0.138962254428155
0.39067132963842,0.0626187614622169,0.136389062727573
0.268363646547237,0.20452986716107,0.111063929830307
0.143650365620916,0.339121875023868,0.0653079479215677
0.0172234587628624,0.466701318651463,0.00499101999476414
-0.109815248450687,0.587696123681494,-0.0631694013988101
-0.236303633239298,0.702478352764144,-0.13306207042116
-0.361292171738923,0.811445316634378,-0.199487385845128
-0.484258520492425,0.915193588397008,-0.257879734073643
-0.605274899314114,1.01463752795284,-0.304012186615761
-0.725075754332562,1.1109551277703,-0.334075950358292
-0.844919204515653,1.20529113462711,-0.345287641838739
-0.966158974675588,1.2982546829833,-0.336884393741893
-1.08958126891815,1.38942056026143,-0.311060445457406
-1.2147740206617,1.47717296806256,-0.273216757011286
-1.33992647779131,1.55913003563173,-0.23104181799743
-1.4622956903525,1.63300826494439,-0.192526701904172
-1.57912513849379,1.69742770721645,-0.163767769454669
-1.68845375759969,1.752213095381,-0.147650512248136
-1.78939656363361,1.79815955453763,-0.143887499534128
-1.88192890031131,1.83655524821338,-0.149985457589009
-1.96647801335775,1.86874989958915,-0.162348593314188
-2.04357004916252,1.89588059306274,-0.176975796643284
-2.11360091208355,1.91872487075966,-0.189649431682306
-2.17668504489969,1.9376092737081,-0.195831288350646
-2.2325273549581,1.95233123657722,-0.190630723817091
-2.28032405688249,1.96211646675373,-0.169227970345176
-2.31877790519591,1.96570031674504,-0.127999945180673
-2.34634871839835,1.96164214772562,-0.0662234092780027
-2.36177182831465,1.9488869489536,0.0123749367677817
-2.3646441145708,1.92735741754623,0.0994276609944278
-2.35567821762514,1.89816260635668,0.183914299489219
-2.33637111889926,1.86316487325326,0.255659004117375
-2.30830424910045,1.82415649825411,0.308334894899658
-2.27257363865988,1.78221602384906,0.340376855961145
-2.22963432787565,1.73757342114594,0.353908023344587
-2.17947065065291,1.68986729393044,0.352916804724958
-2.1218646923622,1.63849696875874,0.341767071453957
-2.0566164577272,1.58287092429401,0.324420684849595
-1.98368425877697,1.52250989139675,0.304243807471657
-1.90326942334158,1.457052668054,0.28410533725868
-1.81587154042898,1.38623294990394,0.266510613268368
-1.72231987309975,1.30987973715641,0.253609805977143
-1.62376551059259,1.22796509684741,0.247022099525577
-1.52161011704416,1.14069085777797,0.24751465786011
-1.41735825499626,1.04857661584006,0.254665288597924
-1.31241172801227,0.952495825671902,0.266694874329266
-1.20786322546156,0.85361776468855,0.280635059069546
-1.10436591734501,0.753253972915211,0.292870552031354
-1.00213218905097,0.652658999645635,0.299908060473114
-0.901055541864393,0.552861817025877,0.299094078841116
-0.800894597507452,0.454585315880288,0.28903160938379
-0.701443919911539,0.358262458018793,0.269609466429507
-0.602642952766624,0.264115228954454,0.241732966080142
-0.504612962033765,0.172249094927043,0.20692659621074
-0.407637407067092,0.0827273709238501,0.166957714794907
-0.312108572117428,-0.00438964792951451,0.123560311972014
-0.218460441231219,-0.0890390207951639,0.078273692642469
-0.127103101726353,-0.17117145367095,0.0323754403005107
-0.0383703964141767,-0.250774650471414,-0.0131216571385388
0.0475113918075145,-0.327890606800731,-0.0574352192862198
0.130432077866983,-0.402619592696208,-0.0999610707317297
0.210388370056162,-0.47511095625379,-0.140217529181278
0.287465911399636,-0.545546068946885,-0.177796508412047
0.36182086982764,-0.614119721742703,-0.212327945966426
0.433665603604669,-0.681024154123956,-0.243460360499321
0.503258872303472,-0.746437118387246,-0.270857400551577
0.570898653723437,-0.8105136018998,-0.294208430688887
0.636914489435378,-0.873380260612969,-0.313249981272681
0.701657135945234,-0.935131799873072,-0.327794273968158
0.765483965738926,-0.995828963387097,-0.337760216926901
0.828740051577818,-1.05549812369411,-0.343201807428684
0.891736199263275,-1.11413260399199,-0.344328796366399
0.95472624059673,-1.17169589199821,-0.341515074961248
1.01788674863605,-1.22812651333003,-0.335291730076044
1.08130223955125,-1.28334434519132,-0.326323815205811
1.14495842648826,-1.33725775861926,-0.315372450855906
1.20874489642117,-1.3897709306588,-0.303246256803315
1.2724670899735,-1.44079067035908,-0.290747882415714
1.33586598163608,-1.49023222840969,-0.278622138943092
1.39864270396933,-1.53802376028016,-0.267511793556445
1.4604847790795,-1.58410933955082,-0.257925583276171
1.5210906922795,-1.62845061689364,-0.250220814007723
1.58019018376256,-1.67102735988976,-0.244600520202222
1.63755863284075,-1.71183716912729,-0.241123072203444
1.69302500016198,-1.75089465204174,-0.239720690730615
1.74647374307668,-1.78823026777673,-0.240222718417831
1.79784177010004,-1.82388895389194,-0.242379659139146
1.84711180586861,-1.85792853827617,-0.245884725278495
1.89430353760337,-1.89041784199133,-0.25039067850868
1.93946369719418,-1.9214343006341,-0.255520874529537
1.98265591384501,-1.9510608853318,-0.260874461746556
2.02395084166185,-1.97938208624003,-0.266026563020389
2.06341679510756,-2.00647874569614,-0.270524968843264
2.10111095524599,-2.03242160264637,-0.273885415862273
2.13707115486477,-2.0572635494138,-0.275587935114666
2.17130831026888,-2.08103081911244,-0.27507702404182
2.20379972645776,-2.10371362384195,-0.271768471337654
2.23448372723797,-2.12525712961052,-0.265065443169203
2.26325630716023,-2.14555404871105,-0.254385776636359
2.28997070164769,-2.16444046258329,-0.239201182801227
2.31444083784756,-2.18169663941366,-0.219087149552566
2.3364494711947,-2.19705443471593,-0.193779818652785
2.35576135130235,-2.21021222298394,-0.163233303316432
2.37214097281621,-2.22085715896869,-0.127668421097167
2.38537343184707,-2.22869301065222,-0.0876025145921223
2.39528583954503,-2.23347015927161,-0.0438508290044274
2.40176597395548,-2.23501311642726,0.00250662175085029
2.40477473819042,-2.23324059533457,0.0501928604230977
2.40434976455606,-2.22817411752471,0.0978294513884598
2.4005991000051,-2.219933259929,0.144046406201467
2.39368593196896,-2.20871838750166,0.187589735409375
2.38380715166285,-2.19478424640121,0.227410540597906
2.37116963620754,-2.17840934373824,0.262724053095602
2.35596817737549,-2.1598662502149,0.293033845091264
2.3383681058338,-2.13939695977566,0.318123377260872
2.31849425218087,-2.1171957361424,0.338022270497836
2.29642643823292,-2.09340006437055,0.352957266512139
2.27220057539587,-2.06808887579027,0.363297860900025
2.2458138304966,-2.04128634403965,0.369504797172283
2.21723218367028,-2.01296925422233,0.372086946982169
2.18639891694668,-1.98307608929941,0.37156936899971
2.15324296868754,-1.95151637961777,0.368473035813421
2.11768653078419,-1.91817936109476,0.363305034658866
2.07965165698945,-1.88294147996299,0.356556975209358
2.03906594019404,-1.84567270155824,0.348708754418644
1.99586748880634,-1.80624189890054,0.340234588837752
1.95000948722907,-1.76452180786744,0.331608218498889
1.90146457179826,-1.72039413113804,0.323304353450785
1.85022910930342,-1.6737553464939,0.31579378124492
1.79632724828705,-1.62452361307446,0.309530145857344
1.73981435759611,-1.57264685247371,0.304927336204199
1.68077922560363,-1.51811161421924,0.302327767930441
1.61934423664434,-1.46095175402397,0.301963607467489
1.55566275465254,-1.40125536088786,0.303915018705822
1.48991319326526,-1.33916794484206,0.308071452436766
1.42228974984393,-1.27488986526118,0.314103290305313
1.35299044786825,-1.20866654156772,0.321451179963585
1.28220377843736,-1.14077118667057,0.329338715329762
1.21009563578466,-1.07148143984644,0.336810716410639
1.1367982193642,-1.00105288887102,0.342794840388897
1.06240209823373,-0.929693474166374,0.346179669291904
0.986951867519528,-0.85754272950382,0.345898974130031
0.910445043350774,-0.784658668320038,0.341010480677215
0.832833291813813,-0.71101323709479,0.330758516033402
0.754024886560088,-0.6364952618173,0.314613119584809
0.67388743469091,-0.560918350566168,0.292282769680584
0.592250351773525,-0.484030683929597,0.263702822854408
0.508907242469505,-0.405524193519231,0.229006199725387
0.423619870103237,-0.325042140937015,0.188486513736137
0.336127004508144,-0.242187095083353,0.142566743492883
0.24616464150982,-0.156534356321155,0.0917891720403665
0.15350534598056,-0.0676592699419481,0.0368436591322848
0.0580197223661162,0.0248158156791745,-0.0213532433373547
-0.0402549583383442,0.121163525617177,-0.0815334225439351
-0.141079884353878,0.221514367234875,-0.141942056659341
-0.244059740873896,0.325878426523223,-0.200250912346338
-0.348773878244818,0.434225963183316,-0.253574910260425
-0.454940029895526,0.546569241614935,-0.298631780509093
-0.562526550217526,0.662964267865747,-0.332086556293048
-0.671738547775714,0.783379122682935,-0.351122836087908
-0.782835775968328,0.907437868603105,-0.354223798630432
-0.895798960512416,1.03413207960492,-0.341992675816667
-1.00995890935318,1.16167047257479,-0.31764098106741
-1.12380006043363,1.28763830572387,-0.286694324347686
-1.23513172500435,1.40948863256056,-0.255734001284235
-1.34160991169378,1.52514874395261,-0.230587685198064
-1.44133161692492,1.63341657496003,-0.21483038343283
-1.53318084369206,1.73397371969674,-0.209262776815497
-1.61682258247322,1.8270986792114,-0.212360762719032
-1.69247263378959,1.91328741346066,-0.221174421011654
-1.76062572053004,1.99293626268533,-0.232124186376021
-1.82183879936995,2.06613327375086,-0.241418582269362
-1.87656493899384,2.13253780884952,-0.24511856618066
-1.92498709217825,2.19132626505638,-0.239076649671308
-1.96682342454436,2.24122168863884,-0.219080203613304
-2.00115514384903,2.28067044983932,-0.181517844507025
-2.02642812578727,2.30822966566651,-0.124689558403649
-2.04080950471194,2.32312754851877,-0.0504083058733259
-2.04290868789582,2.32575497955737,0.0350735872046894
-2.03250795894725,2.31770607247087,0.121932656558655
-2.01074755946698,2.30118105975015,0.199581631154359
-1.97956668283855,2.27806757747184,0.2599658888247
-1.94082957344741,2.24930111331106,0.299416442092313
-1.89573334725326,2.21482172939758,0.318387906579684
-1.84470890343112,2.17396016050641,0.319914254668221
-1.7876413625305,2.12589783743912,0.307982831725575
-1.72416353155735,2.06996654609671,0.286497492126731
-1.65389039599275,2.00573875085311,0.258904372873749
-1.57657806426824,1.93296751314295,0.228257204845316
-1.49224184627686,1.85146464118348,0.197444966183578
-1.401265882513,1.76099862784492,0.169349565062772
-1.30450468508117,1.66127645236568,0.146768132041743
-1.2033346693988,1.55204780964796,0.132018331479503
-1.09958367530437,1.4333262611991,0.126275180245855
-0.995279711456565,1.30565548545566,0.128873376630591
-0.89224093682994,1.1702855177027,0.136974853060747
-0.791652758693885,1.02912143978287,0.145975455062238
-0.693847808442657,0.884409510133118,0.150682008265201
-0.598422130900767,0.738287044766964,0.146791350928494
-0.5046205436463,0.592410313599828,0.131969762359591
-0.411773856885682,0.447808232867621,0.106106533044234
-0.319586371714875,0.304958632776373,0.0708424156706303
-0.228199913432542,0.163979534529003,0.0288073449482345
-0.138076094099806,0.0248219175479252,-0.0170149868668153
-0.0497811771890106,-0.112595123938697,-0.063589248233973
0.0362535012008944,-0.248305343181132,-0.107801580019654
0.119944690177115,-0.382232666310383,-0.146244841791876
0.20169721732108,-0.514097802893639,-0.175037302877904
0.282408493112804,-0.643274145220527,-0.189940930494149
0.36326534958819,-0.76863364243393,-0.187025023364258
0.445301972991405,-0.888498625484307,-0.163949236244929
0.528816976747363,-1.00084902488215,-0.121540851348996
0.612932669350248,-1.10383883902042,-0.0648219542486869
0.695651871415425,-1.19642731211308,-0.002475067299159
0.774518675372478,-1.27871900797658,0.0555154815199897
0.847516583016554,-1.35174067956215,0.100931864783053
0.913635107216481,-1.41682295484961,0.129359560480108
0.972860826299038,-1.47502414820879,0.140347397426755
1.02579901360162,-1.52687731183061,0.136224234545685
1.0732570862375,-1.5724359690919,0.120640764473837
1.11596468868309,-1.61145014194506,0.0975476160411536
1.1544321999897,-1.64353704518254,0.070758106927055
1.18888400370281,-1.66829682506048,0.0439030835560234
1.21922103358788,-1.68538485837339,0.020491499041638
1.24501243048955,-1.69457422076108,0.00383588885547323
1.26555127041161,-1.69583454520636,-0.00328907543867726
1.28001426134427,-1.68942711169336,0.000760172676692844
1.2877290881587,-1.67598162404669,0.0158364790268962
1.2884807716995,-1.65649691572721,0.0396026805462803
1.28271979250492,-1.63222175600153,0.0677227405110639
1.27153955785049,-1.60443211570274,0.0947462991037049
1.25640399285657,-1.5741915927847,0.11540786186239
1.23875635571335,-1.54219940127956,0.125802048922476
1.21969859506042,-1.50877500691202,0.123987478680044
1.19985477667404,-1.47395071436203,0.109926960771018
1.17940851906754,-1.43760458099959,0.0849891556810025
1.15823284018887,-1.39957657848973,0.0513286743090787
1.1360317667652,-1.35974199038179,0.0113709544974628
1.11244913476908,-1.31804097698985,-0.0325094084064303
1.0871343691171,-1.27447454970284,-0.0781263029061349
1.05977411999505,-1.22907906434541,-0.123488714335515
1.03010458868606,-1.18188966416299,-0.166737223829597
0.997918257045436,-1.13290150930378,-0.206064511828785
0.963074900223065,-1.08203741091265,-0.23966449623247
0.925522055227665,-1.02913140568324,-0.265745940702389
0.885324789288528,-0.973938556108219,-0.282635955076188
0.842698522740402,-0.916179651026693,-0.28898160057797
0.798032454630345,-0.8556228950879,-0.284028925710018
0.751887183204598,-0.792191555836925,-0.267918617131769
0.704952468639079,-0.726069225774212,-0.241898016985251
0.657963100211433,-0.657761517043273,-0.208336123729926
0.611590440464415,-0.588077246143925,-0.17046891545727
0.566344067715987,-0.518019862908413,-0.131899444141303
0.522518697053008,-0.448620034535673,-0.0959877900439091
0.480202328425919,-0.380767643390323,-0.0653211966572269
0.439334201036962,-0.315097176877104,-0.0414152486151269
0.399783554580337,-0.251949739666912,-0.0246899170205212
0.361420608393218,-0.191400625895837,-0.0146581690526118
0.32416372530635,-0.133322919370361,-0.0102120419954227
0.288000383029663,-0.0774584256228537,-0.00989811256631881
0.252987492152591,-0.0234792663569199,-0.0121157044341708
0.219238119358143,0.0289629658404689,-0.0152182537347094
0.186899337465307,0.0801941642571317,-0.0175348912831942
0.156122594890009,0.130470958336492,-0.0173518593116612
0.127025985839828,0.179922977719767,-0.0129037873863608
0.0996490759974973,0.228485155632325,-0.00242456000023659
0.0739068202314959,0.275834086974182,0.0157050805469575
0.0495584763776196,0.321356205149554,0.0427042094205111
0.0262143402155051,0.36418167924945,0.0790672794728866
0.00339779014368708,0.403306171001623,0.124252317830535
-0.0193430597728218,0.437789290476539,0.176498699700914
-0.042311367193836,0.466975904683701,0.232883481656314
-0.0655789231581492,0.490660434379333,0.289663011633052
-0.0889822583962262,0.509127533278728,0.3428437852204
-0.112194358808705,0.523053839939978,0.38882783332462
-0.134833155137888,0.533315938315085,0.424940122999756
-0.156559705984995,0.54078276098471,0.449697028780414
-0.177136608343353,0.546160647674562,0.462786517502152
-0.196442410069123,0.549920930912848,0.464835146451373
-0.214454589741626,0.552301585042072,0.457083552466622
-0.23121783292402,0.553354540766893,0.441077642625858
-0.246810413517953,0.55300952190357,0.418437016150423
-0.26131551425243,0.55113469411685,0.390716589625228
-0.274799790920123,0.547585177666297,0.359347670173637
-0.28729920398768,0.542238075318476,0.325632020910313
-0.298811531392992,0.535016335771148,0.290761434063072
-0.309295161915351,0.525904487216934,0.255840187597699
-0.31867405065291,0.514958350129019,0.221894710888426
-0.326848668830359,0.502309364680107,0.189862066908638
-0.333712229030943,0.488162935470122,0.160555930267517
-0.339170493842956,0.472789724007305,0.13461536112229
-0.343162397789265,0.45650933892988,0.11244726668419
-0.345677986211468,0.439667235503674,0.0941769373465372
-0.346770202116633,0.422607302407285,0.0796212563259339
-0.346557976104892,0.405643913423235,0.0682955416328597
-0.345219707860711,0.38903764880038,0.0594580756011084
-0.342978173514918,0.372978312564831,0.0521879024631986
-0.340079671432948,0.357577467629826,0.0454837596973068
-0.336771332384956,0.342870816203402,0.0383673279199751
-0.333280632688124,0.328828858100916,0.02997375234183
-0.329800217237259,0.315372892095083,0.0196165893152375
-0.326479521344075,0.302392960036284,0.00682135438145155
-0.323422978900419,0.289764795586873,-0.00867081536102313
-0.320693344261857,0.277363894058652,-0.0269224837137885
-0.318318141155385,0.265075974992724,-0.0478330536792044
-0.316297379623617,0.252803976580605,-0.0711771276776921
-0.314611188232503,0.240472150610098,-0.0966417793560006
-0.313226540871208,0.228027920723041,-0.12385907335966
-0.312102857895046,0.215442045358774,-0.152432294837674
-0.311196089251445,0.202707610916901,-0.181955680944018
-0.310461634888761,0.18983816330549,-0.212028081622476
-0.309856055939397,0.176865296733723,-0.242261238983048
-0.309337768299033,0.163835913101905,-0.272283431887843
-0.308866901599356,0.15080929767676,-0.301739238429374
-0.308404539565663,0.137854062625513,-0.330286170017137
-0.307911483369075,0.125045110731253,-0.357588932287133
-0.30734691227117,0.112460353965611,-0.383312159979346
-0.306667065175234,0.100177383709892,-0.407112513478476
-0.305824296326242,0.088269944637457,-0.428631207504132
-0.3047668154032,0.0768042274368567,-0.44748822068059
-0.303439461491272,0.0658350325430706,-0.463279661017425
-0.301785862370981,0.0554019473007715,-0.47557996941908
-0.299752282118856,0.0455257989486109,-0.48395075236438
-0.297293329290627,0.0362057864715885,-0.487957919433698
-0.2943794525353,0.0274178341133229,-0.487198296697134
-0.291005770744345,0.0191148098040414,-0.481335819646088
-0.287201283486896,0.0112292558483325,-0.470145659653713
-0.283036955667458,0.00367911937622529,-0.453562259570547
-0.278630716614954,-0.00362340652455425,-0.431724599494524
-0.274147274938698,-0.0107604144849068,-0.405009824153546
-0.269791055068217,-0.0177953904428301,-0.374045691279744
-0.265791624352896,-0.0247607377102602,-0.339694149728833
-0.262382697127713,-0.031647921329068,-0.303003106085573
-0.259777384734931,-0.0384020972073128,-0.265130283879403
-0.258144086494148,-0.0449225193092827,-0.227250001340689
-0.257587519264577,-0.0510687679274537,-0.190458186246694
-0.258138526297786,-0.0566719264055069,-0.155691230264785
-0.259754628938908,-0.0615488868661558,-0.123670272378449
-0.262330624402466,-0.0655177663911021,-0.0948759043233111
-0.265716535154308,-0.0684123273019909,-0.0695514886775723
-0.269738824143819,-0.0700936103707284,-0.0477283161162192
-0.27422060893791,-0.070457494423416,-0.0292635456858709
-0.278997534815381,-0.0694375797896217,-0.0138820098488065
-0.28392763159335,-0.0670035426748331,-0.00121468728574185
-0.288895292867323,-0.0631557451253965,0.00917094634832664
-0.293810917493304,-0.057917241782926,0.0177510127596277
-0.298608422971658,-0.0513243439030383,0.0250358895108948
-0.303242778245244,-0.0434166720530375,0.0315697106869851
-0.30768913270126,-0.0342273309330996,0.0379354953091904
-0.311944319293843,-0.0237736490032123,0.0447615130891637
-0.316030690556551,-0.012048944968925,0.0527236404700296
-0.320001504980705,0.000983979661263954,0.0625380137697831
-0.323946443199436,0.0153965463918257,0.0749384599420319
-0.327995317964409,0.0312938602143499,0.090634308238007
-0.332317721647228,0.0488083232693007,0.110246656439541
-0.337116384969839,0.068086091034805,0.134225309044874
-0.342612623108157,0.0892660204659617,0.162754392835223
-0.349023620171274,0.112452481556811,0.195661328483276
-0.356533461383104,0.13768568730188,0.232349562159388
-0.365262377782185,0.164915402799082,0.271777403936275
-0.375240736138376,0.193984989745429,0.312500572788073
-0.386394728422973,0.224631696318968,0.352783456720869
-0.398548678045297,0.256505577445681,0.390766141521513
-0.411444647169041,0.289204342058574,0.424657237484641
-0.42477513988948,0.32231677184297,0.452913902379352
-0.43822124642275,0.35546518061102,0.474374471147513
-0.451487962924546,0.388338520482276,0.488323945236261
-0.464330549521125,0.420711370633047,0.494491517999294
-0.476569311670159,0.452448350154328,0.492994820481038
-0.48809349745895,0.483496814816305,0.484253334735923
-0.498857076940218,0.5138722570055,0.468893379952749
-0.508869822976037,0.543640777443439,0.447661978078931
-0.518186715877735,0.572901958532901,0.421360046204
-0.52689777179615,0.601774095208529,0.390799124303453
-0.535119361133507,0.630382469385279,0.356781298311359
-0.542987163283097,0.658850390745887,0.320099191125911
-0.550650166061637,0.687292102511456,0.281551404428861
-0.558264553939795,0.71580634584011,0.24196798046145
-0.565985845256954,0.744469181642544,0.202239742542637
-0.573957450255473,0.773325151717327,0.163344280335659
-0.5822935779547,0.802375900043114,0.126359680639664
-0.591054920316003,0.831566561269983,0.092454824618096
-0.600216684907314,0.860771409672048,0.0628428319950018
-0.60963124687141,0.889782237237164,0.0386834375034415
-0.618991805307931,0.918304437904702,0.0209234496679772
-0.627809521759571,0.94596721862877,0.0100755814899873
-0.635421669331502,0.972352608309215,0.00595835891372236
-0.64104879932753,0.997042759137909,0.00745302396159962
-0.643908855189978,1.01967589171517,0.0123683222409721
-0.643372879657499,1.03999138003135,0.0175203237343292
-0.639116535753868,1.05783971162824,0.0191064060399941
-0.631200668169287,1.07313885396749,0.0133671486279948
-0.620021622293332,1.08577660277882,-0.00259584935976294
-0.606117376975679,1.09548608605227,-0.0300943612597091
-0.589889544847587,1.10174871280684,-0.0684982576404151
-0.571364101610055,1.10378098872214,-0.115392477811065
-0.550104859635233,1.10062031980711,-0.16710519557794
-0.525309866132415,1.09127124757556,-0.219238654143695
-0.496047152922067,1.07485918083994,-0.26687474196368
-0.461580120501167,1.05076067300648,-0.304426019920085
-0.421747687670732,1.01869514537252,-0.325488925758876
-0.377318819047187,0.978752702493524,-0.323357915677312
-0.330115514081231,0.931311538533044,-0.29286092366214
-0.282605878129587,0.876802980282093,-0.233512310474014
-0.236868382620104,0.815365468277793,-0.152456851508405
-0.193447843797849,0.746606078446719,-0.0643164431065632
-0.151089550030192,0.669768052903388,0.0136896157924536
-0.107721202460305,0.584271939608474,0.0687087049772572
-0.0618249610771906,0.490121476773635,0.0962324385278042
-0.013145805385833,0.387794456422303,0.0990964201565004
0.0374412211201919,0.277818415631697,0.0839130547261216
0.0885000631065325,0.160440276941992,0.0581047249619994
0.138739341071246,0.0355842616115202,0.0287669690667331
0.187779242847904,-0.0968999398423341,0.00283821636844939
0.236856678000397,-0.236755049475156,-0.0126075507244208
0.289084959312546,-0.382743855668552,-0.011025699506762
0.348749484749731,-0.532293040294981,0.0115181257910012
0.419485054219902,-0.681701928062949,0.0535153679358208
0.502080123745204,-0.826999311802061,0.106406051645835
0.593470354402702,-0.965071916327864,0.156448044337516
0.688046181382029,-1.09439523750499,0.190067296094751
0.780431483780579,-1.21491861052604,0.199245910621819
0.867536475462951,-1.32730216135346,0.183260444691912
0.948757988685726,-1.43210995111702,0.146675491508966
1.02500405626808,-1.5293680851623,0.0962120748596173
1.09763936953418,-1.61850396295265,0.0386238419171562
1.16783029917158,-1.69851100109781,-0.0199497799424786
1.23622251573611,-1.76822245389677,-0.0736764819794979
1.30274564046397,-1.8266579368056,-0.116530353383954
1.36645390673092,-1.87342130404289,-0.14230120909406
1.42550206599132,-1.9090512895062,-0.145635157568745
1.47747731841142,-1.9350997618085,-0.124149569743752
1.52018905442616,-1.95368427718879,-0.0807280925599584
1.55259260611834,-1.9665336485968,-0.0241714070373047
1.57515670088485,-1.97405841164081,0.0332144014180598
1.58930392531553,-1.97515747180519,0.0801724693029846
1.59640200578841,-1.96789302028583,0.110204010541335
1.59709885507236,-1.95045119274582,0.122317687406592
1.59126890842122,-1.92178663394434,0.119358195262729
1.57830286021846,-1.88180853269845,0.105785829773607
1.55742636068722,-1.83126038096534,0.0862165623982972
1.52792929837322,-1.77144037371209,0.0649796905722409
1.48932627449313,-1.70381130045289,0.0463239539369742
1.44149214099982,-1.62951521173612,0.0347205728750392
1.38477466334711,-1.54887834296493,0.0347543012544408
1.32003152464769,-1.46112555692268,0.0502808631385174
1.24851697000375,-1.36459976062236,0.0829127042069775
1.17159798613139,-1.25762892179734,0.130460159070431
1.09040732390467,-1.13974768219774,0.186389359589958
1.00563446637608,-1.01254345232524,0.241109628917644
0.917579037411719,-0.87946969528135,0.284797593820103
0.82638174081242,-0.744683635982454,0.310306129393235
0.732231817101266,-0.611684765511842,0.314653325311284
0.635437314159183,-0.48253539891965,0.298697330820807
0.536388886579758,-0.357855091024619,0.265729555690821
0.43549478553448,-0.237275766422518,0.219986132194018
0.333128478538709,-0.119965341912372,0.165663349382467
0.229591727451138,-0.0050087083619517,0.106522771653762
0.125086955000947,0.108381514939225,0.0459018391941996
0.0197008957321722,0.220766776635029,-0.0131073992088539
-0.0865904965344122,0.332432985342759,-0.0675006830722999
-0.193885390525727,0.44335341559493,-0.114345104132013
-0.302284174824728,0.553160664742069,-0.15095919614658
-0.411790933029873,0.661148061691104,-0.175280110530168
-0.522210676170722,0.766329308110831,-0.186334772957672
-0.633075090199384,0.867573644109822,-0.18465747131192
-0.743629767310398,0.963802961013529,-0.172456882407792
-0.852900564448512,1.05419940206936,-0.153380930369137
-0.959827978910454,1.13835164250767,-0.131875353073382
-1.06342915054171,1.21628606481344,-0.112319648632649
-1.16293470812796,1.28837987407424,-0.0982331186355639
-1.25786061438115,1.35520374428978,-0.0917968117516576
-1.34800509334663,1.41735993921358,-0.0937736672051183
-1.43338926246409,1.47536436526691,-0.103744196136433
-1.51417336673681,1.52958856274354,-0.120495356504825
-1.59057721932165,1.58025222492895,-0.14241263566985
-1.66282133708603,1.62744668124296,-0.167785011206151
-1.73109299233585,1.67117130849878,-0.194993589808678
-1.79553357246234,1.71137112009229,-0.222595013331925
-1.8562406398836,1.74796993371785,-0.249328544375418
-1.91327828097783,1.78089761729557,-0.274078507016502
-1.96669091459873,1.81011189913627,-0.2958194240145
-2.0165174667139,1.83561569110751,-0.313565018819617
-2.06280413631391,1.85747043658523,-0.326336635177644
-2.10561474158519,1.87580514082619,-0.333161998895083
-2.14503791369625,1.89081982927972,-0.333110933860055
-2.18119036200123,1.90278154174297,-0.325369563937438
-2.21421528867004,1.9120109601574,-0.30934773510278
-2.24427504532318,1.91885872553378,-0.284805665137945
-2.27153760652298,1.92367258483791,-0.251976299092772
-2.29615762725723,1.92675945507754,-0.211652437867812
-2.31825470472755,1.9283493811953,-0.165206695333417
-2.33789340801226,1.92856977253721,-0.114521649628832
-2.35507060875049,1.92743693737161,-0.0618277850665433
-2.36971462132722,1.92486762671571,-0.00947294083614114
-2.38169750232744,1.92070751668003,0.0403309961948952
-2.39085776460397,1.91476883398394,0.0857306209333378
-2.39702768726444,1.90686772705237,0.125379661527568
-2.4000587642014,1.89685382056641,0.158494343259713
-2.39984058944165,1.88462823221422,0.184822222540401
-2.39631136212099,1.87015015974202,0.204549861843851
-2.38946073505677,1.85343458779082,0.218181407294697
-2.37932710489633,1.83454443243279,0.2264165452478
-2.36599163407449,1.81358002024507,0.230047204592945
-2.34957075554556,1.79066787433954,0.2298823780472
-2.33020814402094,1.76594986842236,0.226702390994519
-2.30806647773289,1.7395731579448,0.221238786277275
-2.28331890286324,1.71168094892391,0.21417343433769
-2.25613995780289,1.68240406168003,0.206149753812024
-2.22669577199012,1.65185331101435,0.197789262837752
-2.19513356626899,1.62011287697397,0.1897075123949
-2.16157080299564,1.58723503310694,0.182524456359376
-2.12608471781832,1.55323677658623,0.176865385883765
-2.08870336246843,1.51809903208275,0.173349731096218
-2.04939962488435,1.48176912160583,0.172566432132208
-2.00808987782053,1.44416707171484,0.175036318065685
-1.96463882261967,1.40519601581653,0.18116406120386
-1.91887162630675,1.36475642925047,0.191184685199684
-1.87059353612127,1.32276324185882,0.205111969586901
-1.8196158316103,1.27916409281105,0.222697844562827
-1.76578544066831,1.23395631259104,0.243412267879016
-1.70901417106333,1.1871998568397,0.266451460467091
-1.64930276562949,1.13902361305635,0.290778470654488
-1.58675528699103,1.08962335631594,0.315194306538005
-1.52158081394795,1.03925106039589,0.338431593165683
-1.45408181398634,0.988196943313383,0.359257672568464
-1.38463119544891,0.936767072201041,0.376571897188648
-1.31364215486191,0.885260131327379,0.389483317337987
-1.24153592076772,0.833946849897329,0.397359526496763
-1.1687121988822,0.783054699300897,0.399843576376797
-1.09552581843621,0.732759133705295,0.396841765083999
-1.02227131067039,0.683181297790486,0.388489291623336
-0.949175472491789,0.634391098604516,0.375102652617149
-0.876396739587981,0.586413984394155,0.357127431581607
-0.804029549546971,0.539239681574208,0.335088481640487
-0.732111755086018,0.492831379127685,0.30954723489644
-0.660633385521907,0.447134255005755,0.281068632077655
-0.589545476732173,0.402082675849025,0.250198340050574
-0.518768160526199,0.357605783867713,0.21744965650727
-0.448197640445435,0.313631474899974,0.183298767387675
-0.377712025026662,0.27008895238257,0.148186702187967
-0.307176249806422,0.226910141557961,0.112526285265301
-0.236446488252116,0.184030274441111,0.076712471228319
-0.16537453600894,0.14138793152979,0.0411345621812251
-0.0938126650119407,0.0989247721261172,0.006188859423955
-0.0216193931074047,0.0565851226221482,-0.0277097372510761
0.0513334703347318,0.0143155309834578,-0.0601187956198249
0.125152454859101,-0.0279355725541005,-0.0905639250629623
0.199912501633199,-0.0702180982030574,-0.118540738603261
0.275646088921828,-0.112580153177031,-0.143525256265251
0.352331928167252,-0.155067375583401,-0.164994398483227
0.429884375895023,-0.197721494264158,-0.182457548411463
0.508145148429624,-0.240577896898251,-0.195498835602887
0.586879342769274,-0.283662106283541,-0.203827809827574
0.665777916676097,-0.32698528310124,-0.20733362914147
0.744468465700237,-0.370539184472709,-0.206135180987052
0.822535177281621,-0.414291360432763,-0.200617449650372
0.89954720469504,-0.458181645882468,-0.191443950633069
0.975092659247099,-0.50212106982682,-0.179537108126395
1.04881351778858,-0.545994045410814,-0.166023395081468
1.12043568482891,-0.589664066911739,-0.152147149166275
1.18978869348545,-0.632982490191681,-0.139164335259669
1.25681155995143,-0.675798818128271,-0.128232696995453
1.32154393294529,-0.717971004514911,-0.12031583763446
1.38410480494666,-0.759374029597244,-0.116115339273037
1.44466318708981,-0.799905681709132,-0.116038370164691
1.50340603976424,-0.839489231560878,-0.120200639587742
1.56050833927616,-0.878073401662259,-0.128458280727999
1.61610888071617,-0.915630492096417,-0.140458570532664
1.67029382063498,-0.95215365383728,-0.15569849972469
1.7230885122835,-0.987654152023122,-0.173581423397686
1.77445712299786,-1.0221591305143,-0.193464418103885
1.82430890249825,-1.05570997873471,-0.214691706818677
1.87250972404545,-1.08836099125565,-0.236612078275785
1.91889750624895,-1.12017764049611,-0.25858040684291
1.96330021232607,-1.15123348987221,-0.279945196421328
2.00555518586253,-1.18160459198675,-0.30002568568297
2.04552852860449,-1.21136020127465,-0.318083651665826
2.0831329965886,-1.24054887250072,-0.333296786125791
2.11834249040536,-1.26917963732219,-0.344742385468619
2.15120071826825,-1.29719908418795,-0.351401829812859
2.18182120059722,-1.32446689973701,-0.352197253537854
2.21037575821738,-1.35073468745486,-0.346070752628336
2.23706939828633,-1.37563525695766,-0.332111756657962
2.26210152805251,-1.39869114395173,-0.309728072291609
2.2856169252673,-1.41935034796377,-0.278839884081317
2.30765449352072,-1.43705243993922,-0.24005602538218
2.32810606964183,-1.45131857955226,-0.194775518372653
2.3466988915138,-1.46184667079979,-0.145156810433869
2.36301130771847,-1.46858367216394,-0.0939231563873077
2.37652169098454,-1.47174824164683,-0.0440241180539942
2.38667890289779,-1.47179157334929,0.00176999810592262
2.39297508317398,-1.46930679838416,0.0412330047809761
2.39500226188632,-1.46491553227962,0.0729143201269809
2.39248239681969,-1.45916436524873,0.0961973090533285
2.38527077061406,-1.45245421458516,0.111205227174647
2.37334001019649,-1.44500950897908,0.118614733458616
2.35675423234768,-1.43688102041216,0.119444913728975
2.33564105277195,-1.42797006392317,0.114874667532308
2.3101657523642,-1.41806211742095,0.106117690611761
2.28050867447417,-1.40686181040857,0.0943630304214917
2.2468448568258,-1.39402599504943,0.0807745745485845
2.20932417942853,-1.37919562012166,0.0665342699444666
2.16805082250501,-1.36202965341197,0.0529087861716826
2.12306243483484,-1.34224500500275,0.0413152128037483
2.0743119751607,-1.31966495875429,0.0333569582845398
2.02165837250691,-1.29427460785716,0.0307970437008159
1.96487508489345,-1.26627505060354,0.0354358699548895
1.90368653532837,-1.23611956705396,0.0488705891700583
1.83783859934084,-1.20450785489826,0.0721411615290369
1.76719839943544,-1.17231473403082,0.105318018157268
1.69186132688644,-1.14044465536816,0.147148541445345
1.61222666518594,-1.10963482841969,0.194922563249048
1.52900078920327,-1.08026631992523,0.244693493134508
1.44310921500429,-1.05225874583534,0.291874583544529
1.35553973878983,-1.02509857640449,0.332059047061514
1.26717346844314,-0.997991195967231,0.361793223091511
1.17866395938061,-0.970071453093895,0.379053087555785
1.09039602286004,-0.940593044094441,0.383322501326873
1.00251771392791,-0.909045218598355,0.375342094026103
0.915014897798343,-0.875187824056619,0.356693129818985
0.827794369550599,-0.839025241181837,0.329380050019797
0.740751201544187,-0.800748108556105,0.295518311729457
0.653808486931952,-0.760665587915744,0.257168629874817
0.566927042929098,-0.719140079471012,0.216310343725451
0.480087967827832,-0.676527086575238,0.174918353285515
0.393253932561414,-0.633117789783435,0.135092101887346
0.306318196248931,-0.589081261373036,0.0991727357695424
0.219055570225833,-0.544407098562752,0.0697719329341953
0.131097321438872,-0.498857458356295,0.0496276408801832
0.0419590799888564,-0.451948908928229,0.0412145647106843
-0.0488517296430661,-0.402994586334814,0.0460978014840031
-0.141647642552812,-0.351235140857203,0.0641481614609072
-0.236343778261264,-0.296057987227201,0.0929125651921724
-0.332318954144567,-0.23724465547109,0.127537768962996
-0.428463869277834,-0.175127580590508,0.161514576278638
-0.523433413720758,-0.110545102500606,0.188105629514245
-0.615990950385732,-0.0445874015950359,0.201891536053283
-0.705281205303219,0.0217436754512806,0.1997830745463
-0.790937654739787,0.0877973815770137,0.18118492366192
-0.873042095292576,0.153371950006291,0.147462826908122
-0.9520146905067,0.21866715791524,0.101129251747294
-1.02850165283465,0.284160187089857,0.0451545369634047
-1.10327496780031,0.350448444798602,-0.017326676154973
-1.17709172117992,0.418041536571859,-0.0827815148195656
-1.25040885764168,0.487053677158884,-0.146559223756201
-1.32288792783618,0.556838373584355,-0.202090503879696
-1.39280874008208,0.625795741604601,-0.240888567171334
-1.45675301338714,0.691636966350009,-0.254380496756429
-1.51013931312344,0.752211874343281,-0.237944998412384
-1.54909593714662,0.806625997278618,-0.195688973378462
-1.57300521809539,0.855807100792235,-0.142060033726276
-1.58540362195419,0.901708732945455,-0.0967500049086507
-1.59166511807657,0.945687547815021,-0.0751999181016432
-1.59544673989808,0.987623241428419,-0.0823452749152998
-1.59712867397084,1.02632545367973,-0.11365508513609
-1.59467957967036,1.06041113768359,-0.160108342171927
-1.58523809997475,1.08890962589675,-0.212168909675705
-1.56623133916296,1.11151155706575,-0.260948172591091
-1.53601730961183,1.1286297724122,-0.297409517339812
-1.49446339713303,1.1413160330064,-0.311458603500479
-1.44356532807803,1.15089408815684,-0.292955784985999
-1.38751593188247,1.15819062846463,-0.236073333537804
-1.33123928215626,1.16268019232691,-0.145713879788133
-1.27755991934635,1.16245618595971,-0.0401279249914077
-1.22556123672843,1.15553587297947,0.0562284137576789
-1.17224896577028,1.14132060085475,0.125552729177094
-1.11552815303221,1.12067760706509,0.163502100566198
-1.05539377961148,1.09497126164426,0.176046508926306
-0.993259604500422,1.06527989794416,0.172731726174577
-0.930932744763023,1.03220915114196,0.162313415573331
-0.869965837693252,0.996057128191063,0.151786022288971
-0.811265842650789,0.95712017207637,0.147234511283752
-0.754723430651744,0.916058019501074,0.154684193142163
-0.698951721000313,0.874130492264382,0.179627722702558
-0.641564977352685,0.832939602447017,0.224735008490236
-0.580339716602698,0.793506955080336,0.286686995726145
-0.514811236741899,0.755241218884613,0.354781292620705
-0.44696250719082,0.715875778053667,0.413907836910397
-0.380112199564319,0.672735207013813,0.450921488456608
-0.316960536649916,0.624248926160073,0.459613775230312
-0.258527770419433,0.570479605245348,0.440952475000125
-0.204418461710177,0.512682810336682,0.40003702713372
-0.15362959720885,0.45265223689938,0.343017259705616
-0.105209700867578,0.392294129977338,0.275593100647818
-0.0586131348529819,0.333400617908759,0.202917678284699
-0.0138382087910023,0.277445503198705,0.130078088312225
0.0286000352311306,0.22532619177337,0.0623590912587787
0.0678950019312244,0.177155695418468,0.00479191662219873
0.10334008016917,0.132297532493623,-0.038907041100469
0.134653032598026,0.0896596239012077,-0.0672363726464092
0.162016126687266,0.0480361244045289,-0.0810066640076548
0.185917059813235,0.00638572269130215,-0.0827949026090568
0.206982303886057,-0.0359648326054047,-0.0762240285069167
0.225865701551402,-0.079239563343084,-0.0652830516971351
0.243174692744944,-0.123261688883493,-0.0537316683827101
0.259420748516286,-0.167584640869494,-0.0446463491219027
0.27499416922574,-0.211645794141759,-0.0401709374482982
0.290162945713765,-0.254896518355919,-0.0414823440832579
0.305089457082579,-0.296885940144298,-0.0489206593318104
0.319855681838045,-0.337297796825796,-0.062204096996713
0.334488751538685,-0.375952130313246,-0.0806563806777809
0.348982115294998,-0.412787136870797,-0.103400661956771
0.36331078459397,-0.447833414531443,-0.129501151529508
0.377441216278805,-0.481188413956351,-0.158052618513891
0.3913372275735,-0.512994825336312,-0.188227268628005
0.404963395565893,-0.543423926301994,-0.219290985742158
0.418287111962971,-0.572663452472461,-0.250599757556838
0.431280117299192,-0.600908939452945,-0.281584678489127
0.4439200457401,-0.628357349286587,-0.311731530938044
0.456192310643713,-0.655201862902079,-0.340559095689767
0.468092376140054,-0.681627002028546,-0.367599111075222
0.479628597102803,-0.707803188437576,-0.392380070112863
0.490825312351699,-0.733880421099593,-0.414416666039147
0.50172598705965,-0.759980765981147,-0.433206467590756
0.51239595042732,-0.786189769137272,-0.448235184552704
0.522924150656528,-0.812547265282666,-0.458991508287266
0.533423252834812,-0.839038479290045,-0.464991848701948
0.544027398696319,-0.865586746382472,-0.465814253934438
0.554887079564029,-0.89204951931014,-0.461139382578137
0.566160884017682,-0.918219463370234,-0.450794727820587
0.578004371554381,-0.943832220621705,-0.434796658530892
0.590556934388597,-0.968581744515345,-0.413383688102612
0.603928114857907,-0.992142957097255,-0.387034212178502
0.618185270629112,-1.01420000935031,-0.356463168378695
0.633344556593693,-1.03447695111179,-0.32259473625398
0.649366830689061,-1.05276657651682,-0.286511937849311
0.666159365704408,-1.0689528613328,-0.249388009900639
0.683583203608798,-1.08302342305152,-0.21240769908716
0.701465189018099,-1.09506969104472,-0.176688345180926
0.7196129184577,-1.10527492549554,-0.143210378909992
0.737830564635776,-1.11389218984576,-0.112764843025957
0.755933751013142,-1.12121603537269,-0.0859223685519817
0.773761666068777,-1.12755221324351,-0.0630244976686683
0.79118564781629,-1.13318970440992,-0.044195101249337
0.808113731802477,-1.13837827502447,-0.0293673686606816
0.824491360816515,-1.14331344007253,-0.018320689330289
0.84029887575365,-1.14812927687366,-0.01072164328834
0.855546680095193,-1.15289833270774,-0.00616405014169636
0.870269066014317,-1.15763708314074,-0.00420426708489129
0.884517628493162,-1.1623150625213,-0.00438935756640238
0.898355021014614,-1.16686583985648,-0.00627710615747343
0.911849576800255,-1.17119832768941,-0.00944796357776403
0.925071083034679,-1.17520735134836,-0.0135097980690546
0.938087788002908,-1.17878285524186,-0.0180968136548046
0.950964561982092,-1.18181750457091,-0.022864228785392
0.963762025586072,-1.1842127165266,-0.0274803678670627
0.976536398275476,-1.18588331837942,-0.0316177728945551
0.989339794468929,-1.18676109377923,-0.0349448483914024
1.00222069355937,-1.18679746480959,-0.0371194409313852
1.01522432525392,-1.1859654907103,-0.0377856296388718
1.02839273876181,-1.18426126560806,-0.0365748564493891
1.04176436250478,-1.18170468663341,-0.033112322089956
1.05537291392985,-1.17833945686659,-0.027029277455168
1.06924559145435,-1.17423210131352,-0.0179814060564597
1.08340057722926,-1.16946972679854,-0.00567288628574554
1.09784400125505,-1.16415626851597,0.0101150699121378
1.11256665824259,-1.15840705655361,0.0294933490145706
1.12754091029574,-1.15234171826963,0.0524348765254823
1.14271832003021,-1.14607570317908,0.0787493574195521
1.15802859909511,-1.13971104512989,0.108067257805265
1.17338038456776,-1.13332729698213,0.139837228249467
1.18866414759045,-1.12697379227847,0.173340021182551
1.20375720783129,-1.12066440931561,0.207719872687744
1.21853043413026,-1.11437577196932,0.242031575457494
1.23285585548569,-1.10804932820039,0.275298629040532
1.2466141935994,-1.1015971002269,0.306575645950184
1.25970132957926,-1.09491026515825,0.335007258513375
1.27203293664817,-1.08786927517354,0.359876418417297
1.28354688015062,-1.08035407569304,0.38063702964213
1.29420339547503,-1.07225314243833,0.39692872782011
1.30398339695113,-1.06347044949101,0.408574546660601
1.31288547823409,-1.05392996521097,0.415564532050149
1.32092222341821,-1.04357771888751,0.418029704307681
1.32811638703736,-1.03238180047825,0.416211089868208
1.33449736913334,-1.02033081972561,0.410428061551193
1.34009825691348,-1.00743137690573,0.401049271305027
1.34495356179501,-0.993705027033228,0.388468347680613
1.34909766776064,-0.97918509900816,0.373085491982559
1.35256392728201,-0.963913599238301,0.355295272762233
1.35538429151514,-0.947938308919364,0.335480322054594
1.3575893334498,-0.931310088258557,0.314010260312516
1.35920850895198,-0.914080331900331,0.291244967163194
1.360270494402,-0.896298477231457,0.267541213177077
1.36080344406773,-0.878009472203055,0.243261619183029
1.36083496264713,-0.859250960558383,0.21878484978603
1.3603917043038,-0.840050344160027,0.194515896360283
1.35949835590487,-0.820421413263654,0.170895126189358
1.35817589371974,-0.800360701951122,0.148404599393879
1.35643898604243,-0.779843675028779,0.127569878632347
1.35429248308219,-0.758821031522477,0.108955278366971
1.35172704111397,-0.737215604330921,0.0931502870565439
1.34871409193743,-0.714920562242968,0.080744896434913
1.34520059835989,-0.69179984520818,0.0722920101683913
1.34110432040073,-0.66769191344342,0.06825626483035
1.33631060728625,-0.642417850284869,0.0689507629626744
1.33067193333857,-0.615794479112626,0.0744665314176379
1.3240113643985,-0.587652301508674,0.0846037149312874
1.31613071945724,-0.557856719409966,0.0988176826740501
1.30682328854256,-0.526329386828147,0.1161956733347
1.29588968253587,-0.493065186138453,0.135478246303765
1.28315409566626,-0.458140014187492,0.155133159247279
1.26847737676085,-0.421705615998071,0.173477783884558
1.25176375474556,-0.383971037799572,0.188833000804899
1.23295912202346,-0.34517323047312,0.199681709584141
1.2120409810468,-0.305542608852885,0.204803030506894
1.18900201562801,-0.265270180056581,0.203360142834334
1.16383040708706,-0.224481703738514,0.19493256701112
1.1364901501332,-0.183221808193832,0.179497434986716
1.10690415162364,-0.141448392837928,0.157374391628904
1.07494185111209,-0.0990357105837651,0.129153425571998
1.04041275435855,-0.055784780298415,0.0956244853054107
1.00306676786319,-0.01143957721706,0.0577238820813965
0.962601413011095,0.0342903152051399,0.0165069779163104
0.918674658425671,0.081699653462077,-0.0268496584986375
0.87091972029197,0.131049361732563,-0.0710187577493103
0.81895685470842,0.182520778877113,-0.114471438573543
0.762399686096973,0.236163190288313,-0.155415859062517
0.700861071497459,0.291834503135213,-0.191748936018471
0.633972431326949,0.349136611886743,-0.221067386029358
0.561434179654959,0.407356982697477,-0.24080876668971
0.483107166742637,0.465445996920931,-0.248598169712788
0.399132661370385,0.522075640793343,-0.242832860694218
0.310034903778265,0.57582076455575,-0.223421492571104
0.216733783547262,0.625459876154196,-0.192420359152417
0.120409120435701,0.67030937518457,-0.154176122490474
0.0222336535606672,0.710432927769881,-0.114668042201188
-0.0769087652821965,0.74658957674392,-0.0801295963425991
-0.176572388619698,0.779924565751648,-0.055503702705002
-0.276702736219838,0.811561884936593,-0.0434305422781546
-0.377455353072377,0.842290994995351,-0.0441247901551105
-0.478998171734955,0.872442468231453,-0.055981258448713
-0.58138177739268,0.901926433812391,-0.0764612035797727
-0.684497977094363,0.930351055605596,-0.102854817749846
-0.78810669225182,0.957148727253906,-0.132720315404432
-0.891903188090739,0.981675966549689,-0.163984978273301
-0.995605206770729,1.00328790327827,-0.194790563082043
-1.09904543437066,1.02140880386419,-0.223194512086955
-1.20225045805524,1.03562582027309,-0.246844922689384
-1.30547301718884,1.04582346801425,-0.262764242957548
-1.4091281788573,1.05234690376205,-0.267408796669054
-1.5135843706349,1.05613099667386,-0.257183986860363
-1.61880410253015,1.05867647300225,-0.229508260001549
-1.72393532214109,1.06174860080348,-0.184239445191194
-1.82708634144445,1.06679494112338,-0.124831228887959
-1.92554162162307,1.07432460022413,-0.0583115867610789
-2.0164486153311,1.08365666905877,0.00639531625069112
-2.09762963593448,1.09325685093976,0.061145428394778
-2.16803860079574,1.10143115614326,0.100767094644866
-2.22767951702817,1.10691419483685,0.12371763350111
-2.27719805304191,1.10908938811121,0.131333216271977
-2.31746857891133,1.10789917494545,0.126530244096552
-2.34935107695262,1.10363345767002,0.112732230211545
-2.37361246747381,1.09673148516009,0.0933602430446788
-2.39091408074086,1.08763590575981,0.0718685029919246
-2.40175346782345,1.0766769242147,0.0521183182191644
-2.40628207519422,1.06395026323963,0.0387799144459099
-2.40399460375967,1.04917762460287,0.037364129122767
-2.39341161080602,1.03159744514821,0.0534478013233583
-2.37203016599211,1.01000704991342,0.0908366739345695
-2.33686824773375,0.983092756750003,0.149037986274258
-2.2856527077635,0.950026950077999,0.221421039409508
-2.21807664397778,0.910993721233629,0.29592306870436
-2.13616784872813,0.867173398272875,0.358831363745949
-2.0433861500909,0.820114947007751,0.399582923639796
-1.94314868683339,0.770984158324979,0.413557399396303
-1.83778359552605,0.72019191702804,0.401754980788099
-1.72827240136174,0.667459701930425,0.368608447595631
-1.61451012814652,0.61207697114731,0.319721575303148
-1.49569174249096,0.55313777374583,0.260504612542816
-1.37061005514449,0.489697891444797,0.19579793964572
-1.2378410562353,0.42089589487648,0.130141998960371
-1.09590787545371,0.346104946239076,0.0682388501953926
-0.943557709270885,0.265149987296865,0.0151543170925911
-0.78024984978957,0.178551191427257,-0.0241294977041688
-0.606800049295833,0.087656564636866,-0.0459879503946628
-0.425861781580941,-0.00552878139203517,-0.0499286745584394
-0.241740428319371,-0.0989019065971089,-0.0398734777585539
-0.0592936560574997,-0.190998993630416,-0.0237514212454858
0.117595901434572,-0.281462909819106,-0.0111081197699346
0.286999375132109,-0.370933355170563,-0.00991413262135278
0.44881887999948,-0.460465663450223,-0.0243223545089568
0.603891423930035,-0.55085199878472,-0.0542647735120212
0.753049029973732,-0.642164540698904,-0.0965231336692035
0.896611907846603,-0.733634119494341,-0.146301937646778
1.03436102710584,-0.823815730393435,-0.198477390419526
1.16579573650071,-0.910934725408762,-0.248164625375157
1.29045709789978,-0.993321138521992,-0.290673814439397
1.40816300393285,-1.0698657173963,-0.321189183500136
1.51906176920438,-1.14042159530487,-0.334625362739481
1.62345529791833,-1.2060163869588,-0.326110487210135
1.72141771200042,-1.26867501387465,-0.292343607272823
1.81237918613269,-1.33069697231688,-0.233569987495406
1.89499101659116,-1.39350606786137,-0.155196774645138
1.96752317006103,-1.45663666855268,-0.0676607732326436
2.02863562969432,-1.51761690993221,0.0161742244196599
2.07794720398047,-1.57299269655797,0.0850783379440955
2.11597493396865,-1.61981109436119,0.132653024199229
2.14362529462209,-1.65656407621464,0.157999646670423
2.16172755049513,-1.68321571430487,0.164176474645301
2.17086023852913,-1.70066770984806,0.156005664405136
2.1713866222257,-1.71016460103616,0.138515991982471
2.16351671587575,-1.71287394913569,0.116383611666142
2.14729306640102,-1.70962932999804,0.0940692968803411
2.12250643160105,-1.70075471239756,0.0761318966305339
2.0886234158604,-1.68594271736042,0.0672448365918901
2.04484248495783,-1.66424560626087,0.071613179513031
1.99037551424236,-1.63428704293516,0.0917671163929408
1.92495206538424,-1.59475667831887,0.127112251876063
1.84936076717938,-1.54507854747921,0.173036697965071
1.76567805914587,-1.48592420868976,0.221448471385039
1.67690199322683,-1.41919764114735,0.262953471974084
1.58609575203102,-1.34742396517777,0.289727379635948
1.49553870105296,-1.27291390070725,0.297545906515333
1.4063485257193,-1.19719376171462,0.286105163778556
1.31863319561454,-1.12089868965513,0.257969737264034
1.23190820295966,-1.04399225756782,0.21708417831702
1.14549596647531,-0.966076757113542,0.167573925522555
1.05877303323871,-0.886642945279026,0.11308435297087
0.971262996951295,-0.805218715193862,0.0565850202270312
0.88263022432097,-0.721438401290186,0.000462165933665264
0.792633950052324,-0.635070660902147,-0.0532616981594591
0.701086808141365,-0.546035805152875,-0.102695104617142
0.607844337801087,-0.454429013965827,-0.145907994844549
0.512837047501897,-0.360550772219563,-0.180879647718782
0.416142432715268,-0.264932272911773,-0.205603810686082
0.318078444711431,-0.168333426874319,-0.218366565778209
0.219283459294324,-0.0716887386743509,-0.218164838560956
0.120737998340366,0.0240126713473774,-0.205161178272748
0.0236918968405699,0.117899966358895,-0.180999167971131
-0.0705052499212662,0.209399723680298,-0.14878806560401
-0.160622387913423,0.298354982851773,-0.112657516779023
-0.245730650826945,0.385033204610492,-0.0769725356146799
-0.325279619990102,0.470019906167142,-0.0454794468076188
-0.399049432807974,0.554043508940567,-0.0206926219540669
-0.467024273853919,0.637793515121358,-0.00369711795352532
-0.529259756816467,0.721775211468169,0.00566258439349944
-0.585800133329346,0.806213749722257,0.00837666873101488
-0.63666384618988,0.891001950760008,0.00583564235062152
-0.681883600399874,0.975684421786098,-0.000505617466631886
-0.721571087526315,1.05947710191555,-0.00931804590804251
-0.755975086197817,1.14132617372678,-0.0194524152096458
-0.785509305160704,1.22000815709847,-0.0298935484426292
-0.810738756203867,1.29426418506176,-0.0396572562399617
-0.832327394178894,1.36295031342939,-0.0476707833054992
-0.85096141015766,1.42517821049048,-0.052675895825098
-0.867268164528515,1.48042057278566,-0.0531938928581438
-0.881749088471956,1.52856248624629,-0.0475902505622231
-0.894738479523529,1.56988959982804,-0.0342665901723255
-0.906393152680397,1.60501289015763,-0.0119817473115233
-0.916712940896986,1.63473817439435,0.0197422462198552
-0.925588465931557,1.65989946812757,0.0602331133320211
-0.932868085984564,1.68118982699064,0.107451983113386
-0.938429613317041,1.69903490064577,0.158092572701013
-0.942237309521093,1.71354991013829,0.208045794291315
-0.944366633181595,1.72459233829688,0.253120351412746
-0.944991034302212,1.73188201774786,0.289779773014186
-0.944341349264921,1.73513442943107,0.315651384309635
-0.942658382486661,1.73415905032081,0.329686917923588
-0.940157111955493,1.72890317460013,0.33201404988937
-0.937010441795097,1.71944932897943,0.323614312324085
-0.93334992581453,1.70598660109668,0.305968662549323
-0.929275645066485,1.68877415270694,0.280763193425028
-0.92486747240099,1.66810738772542,0.249690522416315
-0.920192707301005,1.64429036684036,0.214342731302329
-0.915308153140079,1.61761438506638,0.17617315555527
-0.910256957795048,1.5883416460497,0.136500640180601
-0.905061719809635,1.55669333455332,0.0965336514529308
-0.899715749358097,1.52284200002023,0.0573975764618472
-0.894174366711757,1.48690848249026,0.0201539277597001
-0.888348049672991,1.4489635790992,-0.0141957777280604
-0.882099226887285,1.40903443846237,-0.0447255658656311
-0.875244483631941,1.3671154244403,-0.0706210723783684
-0.867563715096378,1.32318290278581,-0.091233727197203
-0.85881711807755,1.277212980404,-0.10614651889196
-0.84876970201993,1.22920061517391,-0.11524043414221
