0,0,0,0,0,0,0
0.166917823475629,0.000168659384268821,0.000762262198057435,0.0437456814776818,0.000112111633828129,-0.000825101404689089,-0.000993098756159597
0.333382962956401,0.000538483923893052,0.00149613651100619,0.0874025541669063,0.00021380953282445,-0.00165912797846005,-0.00196198837865899
0.498951223585397,0.00131552230565252,0.00217385911739789,0.13089590539488,0.000293662436044602,-0.00250911133853492,-0.00288197479660048
0.663191788225953,0.00271361643639753,0.00276927082749018,0.174174467494458,0.000338590311117969,-0.00337832669558998,-0.00372761473739599
0.825685365469132,0.0049535157964426,0.00325937330249492,0.217210801482503,0.000333978598345239,-0.00426458149528087,-0.0044728684385289
0.986013673934531,0.0082567230648198,0.00362642432666184,0.259989954483066,0.00026480645956219,-0.0051589208287415,-0.00509180368426133
1.14374061151615,0.0128331360508904,0.00386021895568533,0.302486433011158,0.00011785377556749,-0.0060451401030857,-0.00555987220802054
1.29838873265639,0.0188620807310605,0.00395994142911652,0.344633546120142,-0.000115278151251922,-0.00690050468284254,-0.00585562162556135
1.4494176842855,0.0264666961517011,0.00393488245785311,0.38629302797406,-0.000435012095400564,-0.0076978888940186,-0.00596254807345016
1.59621292500253,0.0356817609852437,0.00380349031164816,0.427234696174702,-0.000831525405401673,-0.00840917196536141,-0.00587070952908709
1.57167252022573,0.0424704091331387,0.00348207149113363,0.422810565250191,-0.00129351854253445,-0.00810314847154149,-0.00469467854852739
1.54219451813915,0.0491161324263452,0.00322676601550944,0.41664174052168,-0.00175640280251944,-0.00767870958198287,-0.00341937982086944
1.50778761422328,0.0554573124742904,0.00304135953717834,0.408612180358656,-0.00220962745010216,-0.00715995291515265,-0.00208285128986683
1.46854413902763,0.0613788781382954,0.00292546695105053,0.398715238469364,-0.00265073154065123,-0.00657340021976797,-0.000720684486042362
1.42465797612514,0.0667963380574493,0.00287745100715014,0.387030771124723,-0.00308246354613472,-0.00594588716568312,0.000633725684741065
1.3763013682757,0.0716273881073918,0.00289558711489624,0.373657255482168,-0.00350902044858225,-0.00530279301085191,0.0019488198606528
1.323724011735,0.0757723404085956,0.00297816462490291,0.35870435298287,-0.00393278910234431,-0.00466779920529862,0.00319427999976021
1.267014903544,0.0790845767493949,0.00312184238170656,0.342199013813657,-0.00435112222291477,-0.0040612195351083,0.00434060038191742
1.20643341058993,0.0813836458904398,0.00332090337796891,0.324156508115344,-0.0047556162409901,-0.00350021180918036,0.00535961650912114
1.14182397035068,0.0824311923025046,0.00356503152541549,0.304416370127421,-0.0051302694579011,-0.00299526862183672,0.00622363475991342
1.07365546793069,0.0820270664789866,0.00384226707842584,0.282936566491968,-0.00545664383675447,-0.00255195509647408,0.00691010851019914
1.00122891845493,0.0799223234773965,0.00413578009893338,0.259338842266161,-0.00570980975866811,-0.00216451954807929,0.00739509700039848
0.926046583221649,0.0761121346332838,0.00443727558019297,0.233852683864997,-0.00587769927892409,-0.0018249910726652,0.00767345364276836
0.845697665639777,0.0703837867308904,0.00472770502418562,0.205739099918397,-0.00593374695636805,-0.00150936620583785,0.00772056340850706
0.765302649542368,0.0632553409590214,0.00502620928165009,0.176298502617004,-0.00590509990876761,-0.00120736441857621,0.00757810191733066
0.676411124017469,0.0542034856155597,0.00528939255648723,0.143536947658475,-0.00573967852977209,-0.000879841603377618,0.0071782947225037
0.59519699133886,0.0448123963811382,0.0056207631048075,0.111458661581778,-0.00557018178708943,-0.000539912494118244,0.00669194022493225
0.495761630504248,0.033237492143168,0.00583721759737829,0.0746454742674806,-0.00520417075306587,-0.000132451887397152,0.0058671205284545
0.419219704349659,0.0228408322673648,0.00629858929976136,0.0414804169774843,-0.00502606994531332,0.000293377553879263,0.00517929942651136
0.311584217115188,0.0100190224212295,0.00642988150721411,0.00324600596911268,-0.00451958836251663,0.000778069731821952,0.00402170026548828
0.231383598635357,-0.00164094693042116,0.0070003514997908,-0.0324900560623718,-0.00434784240950239,0.00131595412884525,0.00312579124014852
0.133842861091389,-0.0141063142513315,0.00723401210055542,-0.068410693984472,-0.0039412202728412,0.00183944138482909,0.00194789421341786
0.0414985501789143,-0.0269103109459109,0.00763083966355725,-0.104897382770017,-0.00365128179530969,0.00240593977975498,0.000801956161222026
-0.0509111654980939,-0.0400402875331287,0.00800950971436191,-0.140951749415654,-0.00337521530067659,0.00296740415502656,-0.000363966050958297
-0.142895271927032,-0.0535865336703469,0.00837493284590951,-0.176578866460285,-0.00312149413622946,0.00351136096906395,-0.00152356320588254
-0.234190614154209,-0.0676094872542647,0.00872308361811064,-0.211684495436105,-0.00289213920443959,0.00402230394475611,-0.00265317744624108
-0.324524250677959,-0.0821319993791518,0.00905229900959352,-0.24614321585428,-0.00269032249209618,0.00448501872920537,-0.00372796315936605
-0.41358304339498,-0.0971140222219885,0.00936301375126796,-0.279771887799914,-0.00252177378906558,0.00488560629683684,-0.00472128658333487
-0.500985646770807,-0.112432016266348,0.00965626770851907,-0.312306719170946,-0.00239540503137212,0.00521289289724253,-0.00560456938411173
-0.586281750234372,-0.127874831041017,0.00993189120192236,-0.343407766918579,-0.00232303003426058,0.00546044684200384,-0.0063480158713341
-0.668973686898349,-0.143158394374705,0.0101863943885292,-0.372684448208719,-0.00231769605851855,0.00562855961597469,-0.00692225783493951
-0.748551371202286,-0.157959252119728,0.0104113934215962,-0.399737793188456,-0.00239064493848212,0.00572545525689469,-0.00730074453011119
-0.824540027052081,-0.171962618715295,0.0105937416470834,-0.424216393017416,-0.00254751606748198,0.0057671066366145,-0.00746259072203024
-0.896548235392766,-0.184910269627737,0.0107178733730578,-0.445870431886058,-0.00278492946335554,0.00577527398464898,-0.00739524832065007
-0.96430273892992,-0.196629970144676,0.0107698957624543,-0.464586061166904,-0.00308884254670791,0.00577402330503142,-0.0070962825464011
-1.02765922633645,-0.207033424679486,0.010741853678492,-0.480387188244042,-0.00343575000654497,0.00578561378617998,-0.00657373089514289
-1.08658638206077,-0.216084578530828,0.0106342056863911,-0.493403941467329,-0.00379677568783484,0.00582687508396272,-0.00584498725516796
-1.14112908872856,-0.223754991567159,0.0104552450386187,-0.50381973411124,-0.00414353610556882,0.0059068958647364,-0.00493464517083376
-1.19136220586297,-0.229988178370156,0.010217675894809,-0.511815423822306,-0.00445388069903502,0.00602623160779102,-0.0038720066018337
-1.2373492294804,-0.234687266959483,0.00993386573996432,-0.517527945635308,-0.00471569483536023,0.00617732852489223,-0.00268892218761821
-1.27911321000182,-0.23772537723265,0.00961160307775787,-0.521031337228371,-0.00492777010199815,0.00634564649259154,-0.0014183303481691
-1.3166295222272,-0.23896956280795,0.00925166726858,-0.522343059835762,-0.0050978638530639,0.00651110275853026,-9.35778759275632e-05
-1.34983528228059,-0.238306092224128,0.00884751895511079,-0.521448804936569,-0.00523883333054549,0.00664964215616644,0.00125165359605008
-1.37865716315581,-0.235662023152352,0.00838688937279709,-0.518341283364078,-0.00536403958771137,0.00673502383767421,0.00258305569590475
-1.40304394045782,-0.231020956477277,0.00785477382600957,-0.513062235554747,-0.0054830374120112,0.00674100182040928,0.00386532368294051
-1.42300131360104,-0.224435460413457,0.00723750253413467,-0.505741123043446,-0.00559836983426327,0.00664415743486607,0.00506199042354504
-1.43861381693949,-0.216035163607587,0.00652746502334174,-0.496617807432666,-0.00570406010872511,0.00642741050583936,0.00613575973027081
-1.45005100050579,-0.206028770757845,0.00572787381257154,-0.486040672597531,-0.0057862990444612,0.00608390471024697,0.00704963774476661
-1.45754642983725,-0.194694262183731,0.0048564261282549,-0.474430325741606,-0.00582649746859218,0.00562037789035381,0.00776903547268176
-1.4613551798355,-0.182354312332338,0.00394647416809994,-0.46221162541995,-0.00580632371439824,0.00505875366090424,0.00826477422092773
-1.46169421645707,-0.169337124163854,0.00304453741176526,-0.449726593650822,-0.0057134735144906,0.00443470020557758,0.00851646126063628
-1.45868846638425,-0.155931465493973,0.00220411642077312,-0.437156752309962,-0.00554630728500903,0.00379275198680959,0.00851534294037154
-1.45233953686555,-0.142348753717826,0.00147726546903395,-0.424483169848894,-0.00531555508835908,0.00317892192789758,0.0082656332669496
-1.44253390327017,-0.128704978446547,0.000906483702259615,-0.411502154709358,-0.00504236777732521,0.00263294998841704,0.00778379730537487
-1.42908320005807,-0.115026765708387,0.000519393081044166,-0.397888907035777,-0.00475347913470726,0.00218247556478341,0.00709598572351922
-1.41178501216276,-0.101276643292999,0.000327307864715137,-0.383285357671812,-0.00447532029015464,0.00184055098086223,0.0062345102501741
-1.3904765003545,-0.0873857130513407,0.000327215467833673,-0.367380259871708,-0.00422897914169134,0.00160641311441924,0.00523434033893581
-1.36507405364174,-0.073283168464341,0.000505570025517376,-0.349963302960502,-0.00402719520486342,0.0014684217525615,0.00413039226609913
-1.33558399197869,-0.0589150103636393,0.000842146425612427,-0.330944277082432,-0.00387357655495937,0.00140774010569468,0.00295583035220368
-1.30210010288981,-0.0442512368227777,0.00131273812666048,-0.310345759039643,-0.00376363361593748,0.00140168488776143,0.0017413449577461
-1.26477845957854,-0.0292824954231591,0.00189025870360515,-0.28827477067532,-0.00368689418735712,0.00142619310214175,0.000515085728338286
-1.22381774508846,-0.0140110806286296,0.00254452350175162,-0.264888499448615,-0.00362953837555341,0.00145738108976353,-0.000696966991580878
-1.17942150186613,0.00156100966336997,0.00324144298149227,-0.240354108133948,-0.00357702608500337,0.00147242014697616,-0.00187048859447129
-1.13178550775815,0.0174420042280594,0.00394264252191009,-0.214816946343232,-0.00351655459373894,0.00145014427882403,-0.0029822777716537
-1.08105901121194,0.0336565583897645,0.00460638284053762,-0.188368397815643,-0.00343900240317303,0.00137168584062077,-0.00400985873837421
-1.02735872640456,0.0502451862107514,0.0051906064070559,-0.161033212126586,-0.00334042362001978,0.00122147318342041,-0.00493137532926883
-0.970730964433137,0.0672556559809277,0.00565795895063798,-0.132757820080035,-0.00322259260123578,0.000988522639025755,-0.00572569830875587
-0.911214342543953,0.0847292466516635,0.00598264554450749,-0.103431081349361,-0.00309290309388566,0.00066804441275629,-0.0063732102883285
-0.848796948551237,0.102678171465242,0.00615685168311526,-0.072901781718455,-0.00296290450721378,0.000262727933536701,-0.00685651318978235
-0.783531049596437,0.121071539460227,0.00619589064675984,-0.0410319985588896,-0.00284645487510043,-0.000216535845401853,-0.00716218477811957
-0.715475274192771,0.13981473033649,0.0061384010148914,-0.00773193119276583,-0.00275683574224824,-0.000751274111894485,-0.00728151277847569
-0.644810188253663,0.158757609743153,0.00604250705233814,0.0269919699969914,-0.00270461928231907,-0.00131735877768356,-0.00721219651223307
-0.571769868576763,0.177696026920766,0.00597625342045905,0.0630222302938386,-0.00269576106065041,-0.00188810386822047,-0.00695807899985398
-0.496689171514719,0.196404268355768,0.00600647537735345,0.100131832114771,-0.00273140885375643,-0.00243788479035099,-0.0065292890326115
-0.419945241229306,0.214656365229737,0.00618746100079026,0.138010758209975,-0.00280864103683421,-0.0029453092509786,-0.00594082588433833
-0.341941876248234,0.232255925843198,0.00655316255586451,0.176306294809203,-0.00292229392766067,-0.00339543121918315,-0.00521129438570116
-0.263074238517402,0.249052720732786,0.00711375322164504,0.214663889680084,-0.00306699512088186,-0.00378060692007558,-0.00436140195469636
-0.18370904011294,0.264951171971875,0.00785670767759652,0.252760289987914,-0.00323895977052591,-0.00410020106897418,-0.00341284896246667
-0.104174730306738,0.279908790573896,0.00875118557373186,0.290322438805664,-0.00343713804988562,-0.00435949696496834,-0.00238767021371292
-0.0247630842635485,0.293927601600641,0.00975423186891502,0.327131328565215,-0.00366358353389367,-0.00456823787333063,-0.00130806236155663
0.0542602555353054,0.307040954784624,0.0108174589006489,0.363012476384063,-0.00392307669799486,-0.00473910199370963,-0.000196604603052473
0.132638557857121,0.319298033656177,0.0118933068503835,0.397816453976198,-0.00422214236904286,-0.00488624958089941,0.0009232598521187
0.210102506890497,0.330747362935217,0.0129403468028714,0.43139302718465,-0.00456764365572042,-0.00502392174620291,0.00202663857822029
0.286346757136004,0.341420805904812,0.0139272884259793,0.463563212120742,-0.00496518164983886,-0.00516498506737395,0.00308666883927227
0.361007969254037,0.35132032737384,0.0148353538765654,0.49409471729501,-0.00541760009419859,-0.00531931632458773,0.00407425510899727
0.433649315470368,0.360410797790513,0.0156585881733233,0.522687284678555,-0.00592397714468806,-0.00549201927050853,0.00495828870005273
0.503757520570159,0.368623142998712,0.0164017106073302,0.548974959315199,-0.00647952928171704,-0.00568166331781586,0.00570657231090497
0.570757526744388,0.375871761558349,0.0170754630501232,0.572550372169727,-0.00707674777532111,-0.00587897539517185,0.00628759311747954
0.634045650292344,0.382087527025347,0.0176901557274223,0.593010817942582,-0.00770774636779471,-0.00606658224291412,0.00667309016173638
0.693034378025174,0.387262262677398,0.0182490163609046,0.610017178149536,-0.00836723040485832,-0.00622031775795325,0.0068410555721325
0.747194794183658,0.391494732736929,0.0187435563949068,0.623349272984663,-0.00905493146628232,-0.00631219519946039,0.00677852330404271
0.796079524261554,0.395023580049225,0.0191529258877042,0.632938445899582,-0.00977611805798392,-0.00631449767698423,0.0064834016006589
0.839316786739348,0.398233522326051,0.0194481441104068,0.638866314498474,-0.0105391869096019,-0.00620394516646472,0.00596485188187075
0.87657962986776,0.401624580080954,0.0196005514101141,0.641331400789037,-0.0113502369542896,-0.00596487167579186,0.00524218832619644
0.907550993197931,0.405739906838238,0.0195926183351433,0.640598876864328,-0.0122056298428962,-0.00559088201629611,0.00434275078499206
0.931913775700245,0.411052767070225,0.019428559838655,0.636952808771972,-0.0130844971645293,-0.00508518875341114,0.00329940906937261
0.949391650766658,0.417821556202466,0.0191418375561695,0.630664855884201,-0.0139438803846286,-0.00446029584998357,0.00214825259627116
0.959848284842722,0.425938690094126,0.0187964250004552,0.621982390710274,-0.0147194991610694,-0.00373760920109981,0.000926744056957571
0.963421959303391,0.434823204059181,0.0184792800693294,0.611129552385712,-0.0153343880495594,-0.00294699186993253,-0.000327632501688644
0.960639397827556,0.443419811019935,0.0182838981688461,0.598311544815959,-0.0157150088575571,-0.00212564324358476,-0.00157830636807007
0.952442198907443,0.450343625500493,0.0182890951797469,0.583717738138796,-0.0158103966440796,-0.00131551043217795,-0.00279019271657138
0.940091221328445,0.454144666087496,0.0185406894162608,0.567526815753707,-0.0156069949345745,-0.000558992865156218,-0.00392993802116275
0.924975990082917,0.453598130501,0.0190430416453029,0.549918241588305,-0.015132988544483,0.000106364309931048,-0.00496595768525045
0.908406667942886,0.447912586578116,0.0197622975994529,0.531088753834919,-0.0144510500820512,0.000652887240246748,-0.00586854649810873
0.891461311738089,0.436797112308474,0.0206375467529905,0.511262547732288,-0.0136435810520473,0.00106632293044128,-0.00661041905922192
0.874917794946957,0.420399813098899,0.0215941998873375,0.490683002499761,-0.0127963685437216,0.00134728965591726,-0.00716791512904793
0.859254242656486,0.399172523009052,0.0225557317953231,0.469581748974161,-0.011985034929872,0.00151047971829135,-0.00752279353636686
0.844685714975659,0.373719885975036,0.0234527245418871,0.448134224083241,-0.0112661837020419,0.00158175428425488,-0.00766419131409381
0.831212616383386,0.344672102200026,0.0242294922652918,0.426419675895987,-0.0106734845293551,0.00159356470784604,-0.00759011055724493
0.818671560327798,0.312599763473378,0.0248484041780129,0.404403531823159,-0.0102182231200571,0.00157954157493713,-0.00730786045137719
0.806787538804424,0.277973355996235,0.0252915119008036,0.381950489347339,-0.00989339679436629,0.00156940917914584,-0.00683321868844002
0.79522656027911,0.241159820637539,0.025559191686249,0.358863734423581,-0.00967997557322275,0.00158531574380181,-0.0061885293197126
0.783644108987823,0.202442637718992,0.0256661883444115,0.3349357968031,-0.00955366446722427,0.00164016226361086,-0.00540027475526299
0.771724316010891,0.162051311710757,0.0256361987795736,0.309995212625266,-0.00949069221257694,0.00173783267742507,-0.00449672926729318
0.7592049940256,0.120188595175867,0.0254963626625119,0.283937377962538,-0.00947172047697561,0.00187471822343909,-0.00350611893741026
0.745888489432687,0.0770493246408994,0.0252728516910161,0.256736159795921,-0.0094836788922176,0.00204177765070019,-0.00245546851180214
0.731639758840688,0.0328290425657276,0.0249882103495906,0.228438235243003,-0.00951982760048789,0.00222651979733446,-0.00137009212337809
0.71637622618074,-0.0122758643245498,0.0246606520535811,0.199145843139656,-0.00957859789852732,0.002414582254182,-0.000273580808432498
0.700052495741734,-0.0580737450731115,0.0243050727370587,0.168993322213319,-0.00966174389380508,0.00259084768407446,0.000811900173687171
0.682643352214396,-0.104385749600479,0.0239353180305194,0.138122222309958,-0.00977224381410969,0.00274022565590347,0.00186516887411845
0.664128202920403,-0.151053525160467,0.0235670844601596,0.106658672722301,-0.00991228263077186,0.00284831344898277,0.00286557740092383
0.644478993738504,-0.19794423133665,0.0232206879846225,0.074695670952214,-0.0100815702488325,0.00290214445010426,0.00379267564816634
0.623653588547492,-0.244951024983843,0.0229228605991394,0.0422826950247804,-0.0102762275619262,0.00289115909600026,0.00462609473626415
0.601596981706706,-0.29198803272678,0.0227067807901963,0.0094248633041421,-0.0104884704557417,0.00280840854580159,0.00534574898685352
0.578250794033951,-0.338979733999534,0.0226097202393626,-0.0239071509532561,-0.0107072487164399,0.00265182318630619,0.00593242140192597
0.553570669427693,-0.385846028118825,0.0226682229625557,-0.0577567281676989,-0.0109198628485752,0.00242522948680663,0.00636873482824278
0.527549072238028,-0.432486176877892,0.022911521601581,-0.0921535092937603,-0.0111143342812993,0.00213870771924452,0.00664040437928599
0.50023806666954,-0.478765106097105,0.0233547011058839,-0.127083926482377,-0.0112820173796737,0.0018079504348518,0.006737544363072
0.471766821336677,-0.524506421241052,0.0239936732133222,-0.162467604556611,-0.0114197680576969,0.00145252313781734,0.00665573331108977
0.442348640181171,-0.569494303161077,0.0248037346906035,-0.198146315144911,-0.011531016327504,0.00109327423170485,0.0063965569239673
0.412275904892985,-0.613484124770755,0.0257424437413801,-0.233888686851808,-0.011625403093298,0.000749438137230529,0.0059674897060907
0.38190463477461,-0.65621822239004,0.0267560596888423,-0.269408718161982,-0.0117170774404616,0.000436068476810065,0.0053811662104954
0.351634610363457,-0.697442886109631,0.0277876897120602,-0.30439233028396,-0.0118221644929323,0.000162289572442516,0.00465427770205948
0.321890403398749,-0.736920987736862,0.0287848722025059,-0.338524019463301,-0.0119560328622067,-6.94532988568339e-05,0.00380637550846989
0.293108973063229,-0.774438294358246,0.0297049368893169,-0.371507631945384,-0.0121309375248727,-0.000263258534506683,0.00285884138285976
0.265735251650099,-0.809801238623857,0.0305173782932299,-0.403077424120805,-0.0123543194596851,-0.000429032006452126,0.00183415334144985
0.240225160790498,-0.842827128152418,0.0312035296293201,-0.432999469243978,-0.0126278012921021,-0.000581440900515086,0.000755474178153889
0.217051916152293,-0.873327324727739,0.0317544488089334,-0.461065466349167,-0.0129466925491807,-0.000738737696872988,-0.000353502645134856
0.196708984312983,-0.901084585493992,0.032168242339593,-0.487082622146107,-0.0132997286526289,-0.000921472506518297,-0.00146854749718415
0.179700708733013,-0.925827668637164,0.0324480789418721,-0.510864603773055,-0.0136688157283537,-0.00115096553877805,-0.00256482114215934
0.166508742653991,-0.947205768430759,0.0326017600786892,-0.532227411946192,-0.0140286979789533,-0.00144732762998879,-0.00361679096746718
0.157523778462824,-0.964771169268094,0.0326431926384472,-0.550994440916678,-0.0143468759115482,-0.00182685119503053,-0.00459813877190522
0.152938530053586,-0.977979578435816,0.0325950733912687,-0.56701120511081,-0.0145845847675422,-0.00229878313756307,-0.0054816269987282
0.152616036443295,-0.98622160755247,0.0324911582513295,-0.580167492663092,-0.0147000799279946,-0.00286186385994094,-0.00623894621133854
0.155972791542218,-0.988894039008968,0.0323759943131683,-0.590420294048098,-0.0146551705527331,-0.00350149403212289,-0.00684077539325641
0.161934807656077,-0.985504371884383,0.0323006444471642,-0.597808007455997,-0.0144243877807254,-0.00418874472911418,-0.00725757844388053
0.169014954884864,-0.975784637838774,0.0323147753453765,-0.602449901015663,-0.014003864912568,-0.00488233405791377,-0.00746177141200965
0.175511804973084,-0.959772203620508,0.0324570662690038,-0.604527961786975,-0.0134156184548709,-0.00553390462280263,-0.00743139082277282
0.179771942554196,-0.93782226274499,0.0327466349982832,-0.604255335771622,-0.012704474267204,-0.00609567695510067,-0.00715440101587097
0.180429890374969,-0.9105412924999,0.0331779389277417,-0.601838896330957,-0.0119286783133403,-0.00652843320626846,-0.00663198113108461
0.17655961544144,-0.878663721566828,0.0337211051037872,-0.597445392160345,-0.0111483830165717,-0.006807510675015,-0.00587934868113238
0.167716590103888,-0.842914577449206,0.0343284965762872,-0.591179510172702,-0.0104163867338451,-0.00692528140302819,-0.00492383149614293
0.153888776058174,-0.803901370768096,0.0349462729196678,-0.583079034911953,-0.00977328041977557,-0.00689003080049541,-0.00380113192275438
0.135393207532908,-0.762058866954178,0.035527533702579,-0.573125869551673,-0.00924661424148675,-0.00672237763737312,-0.00255122035120028
0.112755094613293,-0.717648466140003,0.0360429517401612,-0.561268192596194,-0.008852382866957,-0.00645084539602185,-0.00121501517394926
0.0865956466461547,-0.670797252371656,0.0364857788473969,-0.547447488788083,-0.0085970807714539,-0.00610785976631841,0.000167642538231188
0.0575417405408912,-0.621557338820485,0.0368699651847224,-0.531625818918665,-0.00847921047836031,-0.00572673719471672,0.00155877223620125
0.0261602045789449,-0.569968651211384,0.0372217906430419,-0.513810035236521,-0.00848983857263373,-0.005339563665689,0.00292215578629575
-0.00708546824839558,-0.516114727273752,0.0375666447553006,-0.494071149652748,-0.00861236136707005,-0.00497549671705008,0.00422280476480218
-0.0418588497666879,-0.460164710011429,0.0379135023889779,-0.472556278303711,-0.00882200933993955,-0.00465897017532247,0.00542642242407322
-0.0779556364746057,-0.402396646585275,0.0382406151394997,-0.449489866262831,-0.00908584657014565,-0.00440750795200201,0.00649924062076848
-0.115288885157275,-0.343197361380815,0.0384867867758791,-0.425160409719752,-0.00936406717373124,-0.0042292672668261,0.00740854646266671
-0.153853326899714,-0.28303606591134,0.0385527079610008,-0.399891009564157,-0.00961317154595996,-0.00412092027392232,0.00812409280802401
-0.193671292935294,-0.222413291342638,0.0383150897841826,-0.37399630628397,-0.00979101228822801,-0.00406682867880177,0.00862034440941584
-0.234729619536266,-0.161795143875653,0.0376523495036992,-0.347735069534409,-0.00986284276066081,-0.00404042346767934,0.00887916345360068
-0.276923636461855,-0.101550483690874,0.036475272096538,-0.321272234007979,-0.00980672300082589,-0.00400809975562693,0.00889219741302458
-0.320025958211548,-0.0419108847280664,0.0347523017687797,-0.294663552454841,-0.00961648332983718,-0.00393494818662245,0.00866213611691176
-0.363690873671799,0.0170337993682463,0.0325198739927023,-0.267868446950028,-0.00930118718294786,-0.00379078279595507,0.00820230327280629
-0.407492047159468,0.075305015658651,0.029873983548171,-0.24078585227493,-0.00888136637473365,-0.00355474084958444,0.00753465057364969
-0.45097890836162,0.13298372670702,0.0269468020638238,-0.213299605473286,-0.00838346225863378,-0.00321737746789809,0.00668678158940433
-0.493732793760419,0.190155540631207,0.0238772642487222,-0.185319003678265,-0.00783428150347913,-0.00278021156304809,0.00568886896841842
-0.53540789400624,0.246867798883886,0.0207849137510199,-0.15680504623422,-0.00725684070537626,-0.00225351762073404,0.00457116441020525
-0.575750780325728,0.303105556454115,0.0177529432851191,-0.127779951599983,-0.00666816975490258,-0.00165347812217332,0.00336243993483004
-0.614600037955302,0.358786331322656,0.0148221589022147,-0.0983227798782162,-0.00607894758670533,-0.000999617827673503,0.00208936839171322
-0.651871917911256,0.413769929870159,0.0119945843299722,-0.0685561992977261,-0.00549450513795456,-0.00031300993459865,0.000776660836810218
-0.687537412317158,0.467878123098248,0.00924406767214719,-0.0386287208758069,-0.00491666793220964,0.000384666997171466,-0.000552287693218905
-0.721595491036289,0.520920036979589,0.00653129285443022,-0.00869563597840929,-0.00434604179720231,0.00107144408155445,-0.00187446407620305
-0.754043731791848,0.572718970925606,0.00382098350252444,0.0210996286609494,-0.00378445932514307,0.0017251427245167,-0.00316620401917489
-0.784848483258048,0.623137499911531,0.00109930405501904,0.0506422034017446,-0.00323737375138495,0.00232366950911922,-0.00440222324859886
-0.813915811668992,0.672096590616566,-0.0016108938154554,0.079858836045964,-0.00271592411224214,0.00284595475840864,-0.00555489698702738
-0.841068793625558,0.7195848778042,-0.00424017702871799,0.108724761828306,-0.00223825033059264,0.00327381605499807,-0.00659401929506007
-0.866036876603478,0.765652421147942,-0.00667185812156967,0.137261176066173,-0.00182947480395312,0.00359474270516814,-0.00748731199889401
-0.88846598232811,0.810385734892822,-0.00875394569818731,0.165520449012762,-0.00151976735078085,0.00380514745984354,-0.00820193135531296
-0.907953875007302,0.85386376847813,-0.0103244739807207,0.193558460192474,-0.00134022954188711,0.00391311908276646,-0.00870703823037934
-0.924108546586953,0.896102313581603,-0.0112460151419549,0.221398031846252,-0.00131707698477651,0.00393940317942141,-0.00897714858787337
-0.936616376977118,0.937001989584332,-0.0114397223535104,0.248992830721173,-0.0014655435168729,0.00391556450299914,-0.0089955491973091
-0.945298600230306,0.976318521303766,-0.0109067966895643,0.276204114501298,-0.00178554421001916,0.00387918555579709,-0.00875680493089482
-0.95013618903625,1.01366949424572,-0.00972870228294941,0.302800308181211,-0.00226083944529746,0.00386720801666196,-0.00826755593231718
-0.951253829834885,1.04857745038455,-0.00804592850036781,0.328480937723932,-0.00286216731175375,0.00390939563292193,-0.00754538757698839
-0.948872105644885,1.08053698038389,-0.00602389202551114,0.352917352730056,-0.00355322931309463,0.00402382440484247,-0.0066162838840455
-0.943244637299639,1.10908233497978,-0.0038184807077636,0.375796037994556,-0.00429743811935786,0.00421531746720738,-0.00551155327382294
-0.934603174544748,1.13383994923207,-0.00155155766557023,0.396852922866471,-0.00506344271089132,0.00447654415409513,-0.00426511266536604
-0.923121492313413,1.15455339545614,0.000699068660544551,0.41589117984006,-0.00582829468603468,0.00479069679289872,-0.00291161269669454
-0.908906648109589,1.17108470750382,0.00289619369771291,0.432783831948992,-0.00657813432148464,0.00513457874613944,-0.00148553631198255
-0.892011823916342,1.18339238319117,0.00503050421419025,0.447463685281915,-0.00730689897947109,0.00548129281333548,-2.1083874211144e-05
-0.872471067386341,1.19149855503147,0.00710361104874874,0.459908035936944,-0.00801383307506941,0.00580231547813891,0.00144741224878711
-0.85034355872757,1.19544264616539,0.00911132587072474,0.470119720062217,-0.00870046196563623,0.0060691493171791,0.00288487436956585
-0.82576787195522,1.19523566227634,0.0110308571917007,0.478110952535117,-0.0093676573720275,0.00625507117948263,0.0042549680402699
-0.799008045842414,1.19080945173544,0.0128147812734875,0.483887485264268,-0.010013205108427,0.00633738785654009,0.00552001528609774
-0.770489153114322,1.18198478023032,0.0143938821998805,0.487440322429439,-0.0106304100475258,0.00630044778554536,0.00664166142585972
-0.740793711142909,1.16845344622516,0.0156891653007043,0.488740123778801,-0.0112079603237102,0.0061389685827194,0.00758248734269538
-0.710619536798182,1.1498087486829,0.0166310473844741,0.487745018441161,-0.0117313356271722,0.005860824381939,0.00830865403949288
-0.680676928115586,1.1256034625282,0.0171801190414838,0.484412179818025,-0.0121852358616734,0.00548782053124795,0.00879310227907308
-0.651559949298387,1.09545667303467,0.0173424749036039,0.478723569050672,-0.0125565605566929,0.00505354221772515,0.00901871370842233
-0.623604381798823,1.05914927427568,0.0171727925679064,0.47070501919615,-0.0128366769365065,0.00459804503897823,0.00898027454707039
-0.59680234971794,1.01671531707533,0.0167638149251642,0.460446585327536,-0.0130227356031247,0.00416087142149458,0.00868484656118691
-0.570781930489692,0.96846058609428,0.0162255583982013,0.448098509475271,-0.0131174938199526,0.003774322483458,0.00815017123947213
-0.544886939503481,0.914945780329695,0.0156627308050457,0.433861152583898,-0.0131285225925814,0.00345910420387852,0.00740206136556526
-0.518305138523386,0.856898424700633,0.0151572577057358,0.417954008204507,-0.0130666206753836,0.00322296592918537,0.00647123063441763
-0.490230767220697,0.795124271536592,0.0147608832834691,0.400595140999779,-0.0129442182303779,0.00306210610493711,0.00539065077624605
-0.459990531059562,0.730399589101455,0.0144970104539105,0.381979179159304,-0.0127732611217556,0.00296402552915161,0.00419338646501706
-0.427130640849298,0.663408669184031,0.014369282135114,0.362277732553928,-0.0125634318350621,0.00291078193291715,0.00291132235572251
-0.391434097691271,0.594700254369927,0.0143719476283316,0.341642065100179,-0.0123206022488176,0.00288166571716193,0.00157441150207399
-0.352897563800923,0.524693698769884,0.0144988705867748,0.320217777611658,-0.0120464689402235,0.0028550608770894,0.000210566718213742
-0.311670837142245,0.453702497289652,0.0147485033362879,0.298153113708011,-0.0117392207231072,0.0028094463995126,-0.00115407987366317
-0.267989054066656,0.381981479767341,0.015124510249326,0.275605957092018,-0.0113955111922811,0.002723913892206,-0.00249457864139612
-0.222103189876028,0.309774216126647,0.015632237785655,0.25274033134177,-0.0110131885835154,0.00257855614716724,-0.00378642144654746
-0.174223009644547,0.237359521170384,0.0162724490594467,0.229716677325812,-0.0105944528102287,0.00235517259802834,-0.00500479402572689
-0.124474653688334,0.165084537912616,0.017033918434887,0.206674099077663,-0.0101486764713083,0.00203857314582795,-0.00612399635562354
-0.0728798913571646,0.0933807736837067,0.0178871532476258,0.183709632882719,-0.00969419584043432,0.00161861328034797,-0.00711723527591081
-0.0193616591785945,0.0227568063933827,0.0187816810842218,0.160859255406793,-0.00925825688407361,0.00109277196572275,-0.00795702205991771
0.0362208180359714,-0.0462355090710137,0.0196490930773798,0.138086835395989,-0.00887448991246316,0.000468696577263583,-0.00861638030767212
0.0940094233182042,-0.113058665107981,0.0204128603511103,0.115287425219013,-0.00857787020551718,-0.000234222377489792,-0.00907095117212154
0.154069826493045,-0.177260815593761,0.0210034430255347,0.0923067796516733,-0.00839798621019514,-0.000985305832878495,-0.00930172934807063
0.216321328232995,-0.238541009261161,0.0213744455565778,0.0689744726665311,-0.00835247597133817,-0.0017457076184132,-0.00929778355447822
0.280497878357392,-0.29678470238663,0.0215138795742189,0.045142193743232,-0.0084429111174156,-0.00247387209838697,-0.00905804790453353
0.346155213836696,-0.352053681460018,0.0214459343968312,0.0207174788999027,-0.00865483902696744,-0.00313191191233423,-0.00859153321923641
0.412721635537666,-0.404531536574186,0.0212224577877155,-0.00431566371365472,-0.00896205726683297,-0.00369099225813098,-0.00791587808366626
0.479574190054362,-0.454443370636353,0.0209076980371201,-0.0298928822136973,-0.00933353400662347,-0.00413427081959843,-0.00705481632005998
0.546116015434512,-0.501975423469052,0.0205620665298726,-0.0558809015049031,-0.00974058656713217,-0.00445704313222376,-0.00603542193067708
0.611834047739809,-0.54721388922802,0.0202298749112329,-0.0820991819684891,-0.0101622794732145,-0.00466476504788818,-0.00488582982188826
0.676329400103731,-0.590113530160045,0.0199336205402169,-0.108345481714185,-0.0105881027234091,-0.00477012274866357,-0.00363382656467825
0.739319796626587,-0.630494256035607,0.0196746797688267,-0.134419830704597,-0.0110179268077189,-0.00479018508639622,-0.00230631498907159
0.80062160788481,-0.668061710369368,0.0194388285491508,-0.160143374489287,-0.0114598390039843,-0.00474427371196212,-0.000929506429613625
0.860115736434907,-0.702444027498274,0.0192043934697307,-0.185369851023111,-0.0119264996425689,-0.00465269396597593,0.000470404417225727
0.91770643067889,-0.733244590458552,0.0189511928768985,-0.209989571347453,-0.0124306384151422,-0.00453616414538261,0.00186628254327924
0.973272465974014,-0.760105465462008,0.0186684833364141,-0.23392491553215,-0.0129800730657317,-0.00441550639786932,0.00322904921264423
1.02662011737706,-0.782783684380935,0.0183605197592474,-0.257118186721914,-0.0135728434093342,-0.00431112678692797,0.00452686305031835
1.07744057496178,-0.801230153930465,0.0180481426726723,-0.279511247839446,-0.0141932004185367,-0.00424178477978021,0.00572478233337262
1.12528673198184,-0.815659315467444,0.0177652695934747,-0.301019746846053,-0.0148096939072886,-0.00422240132804361,0.0067852480367999
1.16957888787411,-0.826582586656353,0.0175499936710337,-0.321506303458471,-0.0153766720510444,-0.00426103977716508,0.00766967819375357
1.20965312002414,-0.83478176345367,0.0174320480095019,-0.340762873199933,-0.0158401450558917,-0.00435582298293095,0.00834129320108582
1.24484524738026,-0.841203734255908,0.0174205330706263,-0.358511939590439,-0.0161474773155563,-0.00449303000136031,0.00876886034110354
1.27459751202529,-0.846794702936527,0.0174972165628667,-0.374434937905333,-0.0162586090066867,-0.00464769455714091,0.00893063305041924
1.29854453521251,-0.852314193996989,0.0176190628099371,-0.3882206486033,-0.0161549148076739,-0.00478722929009794,0.00881735671220307
1.31655975050717,-0.858202094105943,0.0177299221932212,-0.399620507228302,-0.0158425130714997,-0.00487740741178988,0.00843351202598921
1.32873132153696,-0.864535289211907,0.0177763373706152,-0.408484420138349,-0.0153487488856163,-0.00488882481229884,0.00779636123234813
1.3353013639049,-0.871093461738717,0.0177210106686774,-0.414769760523547,-0.0147139561959485,-0.00480191765450395,0.00693337110043625
1.33657147111178,-0.877479846667368,0.0175486588865854,-0.418516907785614,-0.013981660798583,-0.00460921552555664,0.00587873604968907
1.33283615700963,-0.883262159914595,0.0172638759255187,-0.419814260664942,-0.0131907870639918,-0.00431492705362301,0.00467012470825149
1.32432610183421,-0.888066360231044,0.016883309827297,-0.418758035185745,-0.0123710857534815,-0.00393261617824781,0.00334606373552135
1.31120618125579,-0.891631508241384,0.0164269460101608,-0.415431508167605,-0.0115422590980072,-0.00348229731720694,0.00194441414850735
1.29357433775425,-0.893799625011166,0.0159114496029587,-0.409893387528004,-0.0107154009576263,-0.00298770458093417,0.000501668512574833
1.27150296141586,-0.894490781099135,0.0153482054450286,-0.402190378027481,-0.00989617080632832,-0.00247430734246101,-0.000946969233858104
1.24505628694094,-0.893643445355882,0.0147456399052939,-0.392371592645853,-0.00908827983727971,-0.00196781732096673,-0.00236716081070959
1.21433810147256,-0.891175578330168,0.0141157225276971,-0.380518739126509,-0.00829717788397951,-0.00149296013460294,-0.00372485230086652
1.17950063130494,-0.886933421432119,0.0134820692686613,-0.366765723814568,-0.00753289879375389,-0.00107189796112517,-0.00498585964112019
1.14077719804929,-0.880682765523958,0.0128879719569588,-0.351322080006907,-0.00681205688129521,-0.000722137164470804,-0.00611592456003763
1.09846719319433,-0.872101769475223,0.0124004970610643,-0.334471909924042,-0.00615795381330488,-0.000453863766980156,-0.00708139392007739
1.05293736308161,-0.860827498145323,0.0121084656986124,-0.316563573513115,-0.0055988084053292,-0.000267331343743883,-0.00785086492321726
1.00457565881205,-0.846505930554879,0.0121118375312837,-0.297968816681839,-0.00516368137836515,-0.000151175291951943,-0.00839751568514048
0.953763318274291,-0.828878352548409,0.0125041854607926,-0.279035891511223,-0.00487715290796696,-8.27394534144038e-05,-0.00870203440157064
0.900821380766175,-0.80783946192234,0.0133521336429064,-0.260033749087627,-0.00475392272260791,-3.09594208644144e-05,-0.00875510789281094
0.845993637636888,-0.783482612522844,0.0146792567877119,-0.241119352077146,-0.00479538658859468,3.85281312181062e-05,-0.00855896597166783
0.789432139665428,-0.756082295408572,0.0164602506722497,-0.222328032145486,-0.00498926706287112,0.000157403342998417,-0.0081270696124013
0.731221437411043,-0.726047333808939,0.0186281905763856,-0.203598995523396,-0.00531257039092046,0.00034954983053959,-0.00748225339755263
0.671404271866706,-0.693838535289318,0.0210915674556098,-0.184817436838346,-0.00573657660345281,0.000628152955110309,-0.00665364419769492
0.610020352733336,-0.659897163929572,0.0237550764851424,-0.165864273069902,-0.00623225230977719,0.000995358908821397,-0.00567345204317072
0.547130323171378,-0.624587038536746,0.0265372668045702,-0.146654585949328,-0.00677449948176583,0.00144391357171174,-0.00457420037705614
0.482833961798418,-0.588171772164208,0.0293813297376158,-0.127161391761262,-0.00734459748873033,0.00195974410439009,-0.00338693544000615
0.417271615909276,-0.550814098267326,0.0322578721077848,-0.107420987929228,-0.0079307616999894,0.00252451487939489,-0.002140351761876
0.350618810779768,-0.512597276168388,0.035161352342505,-0.0875251600508647,-0.00852731959104118,0.00311758137689233,-0.000860731747575305
0.283071911568567,-0.473554190167079,0.0381022942226601,-0.0676031709502678,-0.00913298540049907,0.00371717370888684,0.000427599322053346
0.214831232143379,-0.433701248161906,0.0410976586920454,-0.0477982930985455,-0.00974871975717977,0.00430097855242969,0.00170151017116293
0.146082767754131,-0.393070775303204,0.0441610152487333,-0.0282414674158296,-0.010375465951594,0.00484645537453616,0.00293819739302938
0.0769819648958121,-0.351740134113669,0.0472937898301379,-0.00902488980601952,-0.0110120046607071,0.00533128768179143,0.00411436993623865
0.00764274502461046,-0.309854916290696,0.0504787348825767,0.00982120918276361,-0.0116531774428448,0.00573433839321585,0.00520564329987372
-0.0618647343611138,-0.267643006238207,0.0536767512680078,0.0283441376585824,-0.0122888082553231,0.00603733960733256,0.00618632092253158
-0.13150449812392,-0.2254153681551,0.0568282101874082,0.0466710632227759,-0.0129037389579982,0.00622731470768476,0.00702976527193353
-0.201251851639905,-0.183548751999615,0.0598594183564356,0.0649926148584443,-0.0134793435812303,0.0062993545643503,0.00770952550884068
-0.271059054612573,-0.142449058532817,0.0626938418294924,0.0835253580731153,-0.0139966444866393,0.00625899999147828,0.00820126705400033
-0.340815890894424,-0.102498958467279,0.0652657561297844,0.102457114462359,-0.0144405729313766,0.00612321951652126,0.00848526540741592
-0.410315647346643,-0.064002183167648,0.0675325829722507,0.121887451739336,-0.0148043328008413,0.00591914786726322,0.00854893773360089
-0.479238668807814,-0.0271416383851298,0.0694818836553629,0.141781651457786,-0.0150924727277048,0.00568040155682456,0.00838871010574492
-0.54716115206076,0.00803415466685105,0.0711304864540158,0.161954838958452,-0.0153214861991532,0.00544170082701082,0.00801061526287146
-0.613588405547938,0.0415914810952698,0.0725163436578345,0.182092978348502,-0.0155176273659801,0.00523324305241964,0.00742944491817715
-0.678002703906973,0.0736666559357753,0.0736864868584642,0.201803577490597,-0.0157126529929231,0.00507632671019342,0.00666679160844454
-0.739910853129063,0.104412261547854,0.0746854108515289,0.220678867281036,-0.0159388279983268,0.00498111376876962,0.00574863243072761
-0.798879181306499,0.133950877578283,0.0755473038398123,0.238353011957717,-0.0162245378951174,0.00494656064042847,0.00470311837407692
-0.854549757832059,0.162347003546933,0.0762934290368436,0.254540698717497,-0.0165913392379132,0.00496189667661443,0.00355898527196406
-0.906640643298392,0.189600758497603,0.0769342626552537,0.269053322459667,-0.0170527127127871,0.00500883676273127,0.00234471839833868
-0.954933930222804,0.215661036021426,0.0774745316221749,0.28179426997062,-0.0176142671104638,0.0050638573166493,0.00108834796056595
-0.999258849036033,0.240453250271323,0.0779192560006063,0.292738295159986,-0.0182750129179032,0.00510021827937944,-0.000182329004506952
-1.03947415934466,0.263915602110869,0.0782789029141916,0.301899582251417,-0.0190292751172771,0.00508972633586274,-0.00143933622192328
-1.07545298184431,0.28603758929348,0.0785722377774256,0.309292731645371,-0.0198688849528616,0.00500445334787666,-0.00265412218603385
-1.10707182241343,0.306894045113475,0.0788259717228928,0.314891137452946,-0.0207853204180753,0.00481868757575217,-0.00379735791703643
-1.13420544915799,0.326667589562164,0.0790710076585734,0.318589098454544,-0.0217714566023902,0.00451130367427966,-0.00483908330948934
-1.15672780726637,0.345652228675365,0.0793358465497065,0.320176293457421,-0.0228225264373619,0.00406849288943639,-0.00574933491417706
-1.1745204988736,0.364233319256306,0.0796388041541567,0.319335518123601,-0.0239359505302971,0.00348647146970154,-0.00649935305264694
-1.18748833735333,0.382843757946179,0.0799813829452646,0.315672589989161,-0.0251098503232236,0.0027734682026381,-0.00706337752313786
-1.19558210104792,0.401904256059319,0.0803454256067492,0.308780677095069,-0.026340469400469,0.00195017642586801,-0.00742088332223831
-1.19882505152858,0.42176240106897,0.0806956484727614,0.298328517689784,-0.0276191718825847,0.0010480753515519,-0.00755886827757365
-1.1973406730899,0.44264875897767,0.0809874293065996,0.284149979107626,-0.0289301125591818,0.000105634094972629,-0.00747361504819852
-1.19137551428178,0.464662207204468,0.0811774015676926,0.266306232745034,-0.0302496130167679,-0.000836833517073948,-0.00717132458002998
-1.18131195441122,0.48778464269524,0.0812332481300791,0.24509928727179,-0.0315477875894427,-0.00174236894502448,-0.00666730727591983
-1.16766576685798,0.511912247682982,0.0811395060725121,0.221033125623779,-0.0327921092454817,-0.0025813684950169,-0.00598390766982087
-1.15106474892113,0.536885178837974,0.0808980536291741,0.194737453348841,-0.0339518542713051,-0.00333369425966956,-0.00514777742969766
-1.13221038804201,0.562503679285669,0.0805242810479375,0.166879837958585,-0.0350021779228951,-0.00398894717181696,-0.0041872726761303
-1.11182555710617,0.588528142961923,0.0800410341529367,0.138089889380157,-0.0359267791936655,-0.00454545090082019,-0.0031305488439811
-1.0905983141826,0.614670908133687,0.0794727494469603,0.108910545456079,-0.0367187915111067,-0.00500861905549186,-0.00200459273335971
-1.06912882657058,0.640588073163358,0.0788411570430364,0.0797800857982263,-0.0373799434698424,-0.00538919868933656,-0.000835093920898417
-1.04788815384298,0.665877915421149,0.0781632216808357,0.0510411668301015,-0.0379184321958099,-0.00570163033506558,0.000353098981405377
-1.02719225939388,0.690086457334511,0.0774511545826131,0.0229687134309056,-0.0383459718386258,-0.00596253416570238,0.00153523575324115
-1.00719222299125,0.712717697464416,0.0767140706528478,-0.0041928288880648,-0.0386744941590523,-0.00618920075802484,0.00268589514005935
-0.987878337562001,0.733245070478341,0.0759607219491629,-0.0301927585128523,-0.0389129452320443,-0.0063979237837785,0.00377840800917547
-0.969094712671564,0.75112300174767,0.0752027311990687,-0.0547476724138436,-0.039064680847592,-0.00660207868349642,0.00478467346940708
-0.950560205175349,0.765800459954345,0.0744576168593594,-0.07753427847999,-0.0391260125069963,-0.00681002317810487,0.00567555877339463
-0.93189295922024,0.77674165215243,0.0737508127094349,-0.0982076411244649,-0.0390864683178683,-0.00702316339342602,0.00642203153240481
-0.912637786310918,0.783459463206762,0.0731158760836137,-0.116445098671831,-0.0389311124433838,-0.00723479177869964,0.00699704786994958
-0.892295982937862,0.7855622240527,0.0725922550481981,-0.132006947661155,-0.0386446716005872,-0.00743037335494446,0.00737798254993345
-0.870358740878545,0.782807398688402,0.0722207565404884,-0.144795940108501,-0.0382165176330602,-0.00758968909619708,0.00754911959581998
-0.846342518747362,0.775146774294975,0.0720376845577505,-0.154893720689296,-0.0376449259537202,-0.00769059969753109,0.0075035473852626
-0.819823269198228,0.7627462818002,0.0720694304370227,-0.162558353618196,-0.0369391161123123,-0.00771348495507575,0.0072439002864153
-0.790463772260543,0.745969464576354,0.0723292725545328,-0.168181442643474,-0.0361183394319198,-0.00764504660165432,0.00678174467983521
-0.758029446318975,0.725327029845549,0.0728174269701132,-0.172219070002813,-0.0352084647852165,-0.00748042077208927,0.00613586875224376
-0.722390018540928,0.701406240955997,0.0735241378500883,-0.175118868074528,-0.0342373538313747,-0.00722325368841057,0.00533003390678607
-0.683508630763508,0.674799410249353,0.0744346411499127,-0.177263164314402,-0.033230521182304,-0.00688414228893572,0.00439077951390401
-0.64142258393587,0.646047613261429,0.0755344011832851,-0.178938420865005,-0.0322081365679016,-0.00647824711733574,0.00334568555974146
-0.596221376123365,0.615608551052672,0.0768132152453906,-0.180330709549892,-0.0311837862268614,-0.00602287954875294,0.0022222544094104
-0.548027022143542,0.583849617795187,0.0782672524182126,-0.181540031162667,-0.0301648700114586,-0.00553558963445743,0.00104738302349531
-0.496979920346877,0.551061619446104,0.0798985907677936,-0.182604026501132,-0.0291542202150781,-0.00503294083554016,-0.000152700443779269
-0.44323227798687,0.517486421366426,0.081712300607947,-0.183522992114359,-0.028152482803556,-0.00452989458519709,-0.00135218687516191
-0.386949251353565,0.483350764717166,0.0837114279918164,-0.184280786143277,-0.0271608170719276,-0.00403956910139054,-0.00252527582438484
-0.328317194393685,0.448899107269075,0.0858906457978685,-0.184859268254841,-0.0261835292065176,-0.00357309147697251,-0.00364575518852921
-0.267556633634185,0.414418001812439,0.0882296654441537,-0.185245980714428,-0.0252302092708364,-0.00313928965778139,-0.00468673248054783
-0.204936906922035,0.380245712526762,0.0906880663598218,-0.18543646821294,-0.0243169272541836,-0.00274408223510127,-0.00562069486372899
-0.140787544998004,0.346761672793707,0.0932034409318271,-0.185433020239338,-0.0234659944660157,-0.00238958645806085,-0.00642007326334735
-0.0755009485182689,0.314354163961842,0.0956946634586695,-0.185241591390051,-0.0227039366573801,-0.00207317555967413,-0.00705843335084368
-0.00952148490377835,0.283370280512064,0.0980710770567812,-0.184867915566398,-0.0220576770590455,-0.00178689950029137,-0.00751227567325473
0.0566805710689493,0.254059792280837,0.100246598029475,-0.184313348200393,-0.0215495510221922,-0.00151774197387301,-0.00776321172828658
0.122646716621628,0.226529744774168,0.102155482814077,-0.183570769892257,-0.0211924070791428,-0.0012490124593089,-0.00780005461733801
0.187970515803037,0.200726164741314,0.103765010299938,-0.182621282093207,-0.0209863483870334,-0.000962771676671195,-0.00762025527981967
0.252328884252632,0.176451446693401,0.105080794004742,-0.181433037251824,-0.0209183279059758,-0.000642732051129872,-0.0072302432249839
0.315495166582151,0.153413194694927,0.106142833448918,-0.179963170012122,-0.0209648272159238,-0.000276823090633878,-0.00664456284882729
0.377331300055436,0.131289313252911,0.107013733789108,-0.178162466560432,-0.0210967227828054,0.000141261956998178,-0.00588408319449451
0.437763794623144,0.109790428438964,0.107763112365332,-0.175981000630299,-0.02128477346553,0.000611788613602163,-0.00497381014823887
0.496752612214854,0.0887046553376262,0.108452781652945,-0.173372207619846,-0.0215041884063509,0.00112974337580785,-0.00394083730768126
0.554262553242438,0.0679182161529124,0.109126315801903,-0.170293843620015,-0.0217373416152318,0.00168611973309426,-0.00281280843573313
0.610243726847139,0.0474131563125242,0.109804686646292,-0.166705855264758,-0.021974409161814,0.00226920288098581,-0.00161703174616639
0.664624091013964,0.0272480664837596,0.11048805438372,-0.162566990035011,-0.0222122472350954,0.00286551807137743,-0.00038020570072466
0.717313354926295,0.00752873962140649,0.111162647314002,-0.157832767740025,-0.0224520424142801,0.00346036447741059,0.000871391130190124
0.768215682439482,-0.011625232087077,0.111811239747918,-0.152457623301763,-0.0226962968882254,0.00403808010186024,0.00211142690785212
0.817246820985586,-0.030113447020431,0.112425380437339,-0.146403150285576,-0.0229456358565932,0.00458232229766258,0.00331294580406747
0.864351257296562,-0.0478836439686996,0.11301734637461,-0.139653191575214,-0.0231959308527532,0.00507669489079959,0.00444788375590129
0.909514186718412,-0.0649529927669742,0.113629263918844,-0.132234309329158,-0.0234362681842378,0.00550598900458711,0.00548686710688016
0.952763034943074,-0.081417482572913,0.114336415297003,-0.124237388475613,-0.0236483536960464,0.00585812079809872,0.00639950308775384
0.994155599885174,-0.0974450496339054,0.115242043001873,-0.11583340408424,-0.0238079225741042,0.00612655348014378,0.00715536418156524
1.03375348103816,-0.113249636034376,0.116462135748521,-0.107274380418645,-0.0238883573562545,0.00631261971297652,0.00772577431565093
1.07158527619323,-0.129047775934755,0.118101753439682,-0.0988722862372981,-0.0238660728642451,0.00642688915456951,0.00808630111367848
1.10760956371086,-0.145006028902022,0.120228362856668,-0.0909549160037853,-0.0237263732084508,0.00648875108590935,0.00821955319022594
1.14168988259917,-0.161193680497142,0.122850533627983,-0.0838076176401633,-0.023467868586367,0.00652384688936709,0.00811759296372992
1.17359288221588,-0.177556603666156,0.125910171373031,-0.0776185668432137,-0.0231037386720531,0.00655980089622668,0.00778322665568392
1.20301223656651,-0.193921948059416,0.129291881275623,-0.0724465383012859,-0.022659192441597,0.006621433241482,0.00722972232994339
1.22961128193335,-0.210031781868388,0.132846348939767,-0.0682218622698327,-0.0221659743601198,0.00672685378272531,0.00647905488791085
1.25306947831938,-0.225592926357753,0.136419288495932,-0.064777657218372,-0.0216558046285133,0.0068853791505133,0.00555926823988097
1.27312066727772,-0.240326620643013,0.139876867474764,-0.061897879269555,-0.0211547930314227,0.00709742089584855,0.00450175026171825
1.28957140087892,-0.254004384521165,0.14312096242807,-0.0593654001877214,-0.0206800458033293,0.00735578262934896,0.0033390248277422
1.3023026497594,-0.266465296922343,0.146092951668454,-0.0569979574408711,-0.0202388552586114,0.00764758165551672,0.00210337488369161
1.31125311994469,-0.27761508850775,0.148767195588826,-0.0546660158917603,-0.0198299612191703,0.00795609207300769,0.000826253970511944
1.31639552619423,-0.28741335252286,0.151138249490956,-0.0522929876980329,-0.0194462533726732,0.00826220025213965,-0.000461688660988343
1.31770575238436,-0.295853962980105,0.153204811124165,-0.0498408065612262,-0.0190780994411234,0.00854544155644658,-0.00173024315693106
1.31513503241814,-0.302945107687942,0.154954223465013,-0.0472856606368904,-0.0187167761847672,0.0087848845617253,-0.00294917685024149
1.30858561260077,-0.308692172932634,0.156349952195746,-0.0445886969882499,-0.0183574295869283,0.00896017303552309,-0.00408791599178407
1.29790039605629,-0.313087683796961,0.157325425078071,-0.0416677042400973,-0.0180011637801902,0.00905304944554126,-0.00511559812169875
1.28286563891906,-0.316109030993532,0.157786008904982,-0.0383761990483467,-0.0176557025327579,0.00904942222589546,-0.00600169391398356
1.26324139342301,-0.317727293208302,0.157621873761017,-0.0344975111785366,-0.0173344168194086,0.00894183285809529,-0.00671736813889914
1.23880182775548,-0.317921739411387,0.156728795691766,-0.0297584657107429,-0.0170534394633174,0.00873161995802171,-0.00723750519321412
1.20940452172848,-0.316702151660494,0.155035837676052,-0.02386430823925,-0.0168277470864042,0.00843011957446235,-0.00754322816273655
1.17503080991531,-0.314121721435065,0.152527105047319,-0.0165462973968239,-0.01666674169869,0.00805784351739032,-0.00762414083672884
1.1358407904177,-0.31028903707532,0.149256946081567,-0.00761084069286859,-0.016571594370088,0.00764181605009949,-0.00747992570862293
1.09213745035726,-0.305351987520356,0.145341668729343,0.00302821452982795,-0.0165341770174273,0.00721099479740635,-0.00712022333592723
1.0443716763133,-0.299490087607828,0.140945536702842,0.0153401286829344,-0.0165396425041184,0.00679185215833835,-0.00656354692664065
0.993019095339693,-0.292873775130848,0.136244288452765,0.0291953878080437,-0.0165692667922467,0.00640418735634837,-0.00583447739717545
0.938586043769118,-0.285663193380732,0.131406362779286,0.0443987709544033,-0.0166057014896165,0.00605949867980093,-0.0049614112621413
0.881475679799662,-0.277972662310768,0.126561379528858,0.0607275156196775,-0.0166350512056547,0.00576014258229359,-0.00397363371687465
0.822041540306405,-0.269892613526163,0.121801597923205,0.0779645157698069,-0.0166501247733937,0.00550083447364622,-0.00290013413807251
0.76050891856269,-0.261474382046987,0.117172184259127,0.0959159389768283,-0.0166495161491391,0.00526982189254069,-0.00176829511903799
0.697046254270744,-0.252760482099378,0.112686845751579,0.114419944221105,-0.0166378076655395,0.00505103464866604,-0.000603974403442056
0.631750562849487,-0.243787186989099,0.10833320887582,0.133338045440202,-0.0166231962073108,0.00482548359347381,0.000568400922480192
0.56469939189445,-0.234607097250474,0.104087920361372,0.152542462718255,-0.0166159847024883,0.00457291367473821,0.00172521960150738
0.495970934158824,-0.225299114829738,0.0999258484427364,0.171895516278903,-0.0166263461538535,0.00427322372437605,0.00284308704662484
0.425676692869772,-0.21597991731434,0.0958295837669779,0.191230432161168,-0.0166626069883828,0.00390816310891707,0.00389827238018309
0.353984596670275,-0.206807881516817,0.0917955984157197,0.210335509198427,-0.0167298163409845,0.00346330110054292,0.00486639556398387
0.281136395032864,-0.197979698422009,0.0878377353964842,0.228947785616945,-0.0168290071758564,0.00293029310924585,0.00572251116364689
0.207452728890754,-0.189716859309042,0.0839870861218766,0.246760083079254,-0.016957304386866,0.00230914992876816,0.00644172363002858
0.133322553880421,-0.182242359628789,0.0802880864982207,0.263443993375416,-0.0171090291087793,0.00160997195240703,0.00700040525107764
0.059175004181678,-0.175750889019821,0.0767911249294924,0.278686892068577,-0.0172776911145575,0.000853437293257561,0.00737794138883846
-0.0145631252950706,-0.170379574578603,0.0735429773406427,0.292235325646389,-0.0174584325715714,6.943103736297e-05,0.007558725023476
-0.0875148324038452,-0.166188707756975,0.0705774175188407,0.303932515554262,-0.0176502138216017,-0.000706345911224312,0.00753394737090003
-0.159392056326902,-0.163160357723223,0.0679086002430725,0.313737051775456,-0.0178569760992043,-0.00143725862119083,0.00730268790364854
-0.23001456874275,-0.161217357729805,0.0655290414016043,0.321715267181103,-0.0180873158553008,-0.00209096924127333,0.00687197944342291
-0.299303662820478,-0.160258016909355,0.0634123988598515,0.328009273857622,-0.0183527460728331,-0.00264370579436037,0.00625585533206668
-0.367254574315557,-0.160196488277626,0.0615194940809557,0.332790806540376,-0.0186650910870001,-0.0030826402648708,0.00547369630988007
-0.43389807255069,-0.160998372493546,0.0598053112864415,0.336215180819143,-0.0190338117868422,-0.00340616430052213,0.00454836748720713
-0.499262786649942,-0.162704373210147,0.0582249049744448,0.338387277178437,-0.0194639273472174,-0.00362250901278785,0.00350458522263924
-0.563346814885543,-0.165439792766233,0.0567371720950277,0.339346291736597,-0.0199549048365928,-0.00374748370557961,0.00236778828680256
-0.626102127322108,-0.169411247690919,0.0553064877156627,0.339070382462525,-0.0205005626521278,-0.00380206741416657,0.00116359710891747
-0.687431371871541,-0.174893426482542,0.0539029896941191,0.337499019670229,-0.0210898452961115,-0.00381031995955093,-8.21865940562787e-05
-0.747193565141097,-0.182207738359118,0.0525025069117111,0.334568847457082,-0.0217082277108872,-0.0037977455766001,-0.00134316299097679
-0.805214825492227,-0.191693161000527,0.0510870859755214,0.330258582460867,-0.0223395387413175,-0.00378997376719785,-0.00259165130604459
-0.861299770667792,-0.203667942535529,0.0496466065150599,0.324636952548685,-0.0229679892205416,-0.00381145439424077,-0.0037979246796648
-0.915240590123712,-0.21838113686432,0.0481814300544565,0.317905600383099,-0.0235801972228293,-0.00388383315958333,-0.00492959944462705
-0.966820815377477,-0.235955447158127,0.0467052301702044,0.310424900872749,-0.0241669004466283,-0.00402378013590032,-0.00595149609954338
-1.01581306284467,-0.256328862541379,0.0452465556809563,0.302708341210905,-0.0247239722341431,-0.00424032618076368,-0.00682636268584698
-1.06197028703936,-0.279209523599447,0.0438473495008972,0.295372352955461,-0.025252265362296,-0.00453218448980614,-0.00751681476799597
-1.10501351889598,-0.304063254613774,0.0425573322349195,0.289039299795729,-0.0257559713178364,-0.00488599666475417,-0.00798859612936318
-1.14462027982151,-0.330148898164883,0.0414247350839758,0.284210238813005,-0.0262395759968268,-0.00527664462042412,-0.00821473440938457
-1.18042180626682,-0.356601389689632,0.0404860324564139,0.281145335817295,-0.0267042216471039,-0.00567040644631371,-0.00817957147371557
-1.21201508660126,-0.382540071325387,0.0397584021454025,0.279796625525782,-0.0271448322834082,-0.00603070436355035,-0.00788135586069099
-1.23899336149333,-0.407166106053748,0.0392377919740467,0.279821710090598,-0.0275494089091852,-0.0063249809503521,-0.00733248147446254
-1.26099015800029,-0.429817686232432,0.0389027322252591,0.280672285680552,-0.0279010656621867,-0.00653060799448806,-0.00655736971335803
-1.27772760656028,-0.449974550111849,0.0387214640090947,0.281721068892202,-0.0281822093721884,-0.00663817718869673,-0.00558889392256205
-1.2890550296765,-0.467226077946233,0.0386589708186398,0.282380941342524,-0.0283793086510638,-0.00665169641620439,-0.00446455906772783
-1.29497095612514,-0.481229836363139,0.0386816766790484,0.282184376526629,-0.0284866854770298,-0.00658639092536906,-0.00322340699468569
-1.29562228380375,-0.491681591945227,0.0387592771973787,0.280812484889818,-0.0285082148218772,-0.00646532067688026,-0.0019040566164644
-1.29128249852979,-0.498306549083404,0.0388647209735301,0.278081684764301,-0.0284566700963499,-0.00631590554996082,-0.000543849152533812
-1.28231166583167,-0.500868652113756,0.0389738108926768,0.273903597595781,-0.0283510227378418,-0.00616693851222631,0.000821191492652006
-1.26910367351963,-0.499188285601792,0.0390656565241629,0.268234209312418,-0.028212372799771,-0.00604615482744684,0.00215594333490843
-1.2520309559516,-0.493159121687783,0.0391246197655898,0.261025896763646,-0.02805940523303,-0.00597811607885738,0.00342566738376826
-1.2313940685557,-0.482756058438939,0.0391434477772542,0.252191715859835,-0.0279042321294498,-0.00598208381946945,0.00459571186510778
-1.20739113993509,-0.468033432695399,0.0391267218418972,0.241590515113512,-0.0277496488037632,-0.00606977279679473,0.00563173571297717
-1.18011420273071,-0.449113948173734,0.0390929711567031,0.22903744291615,-0.0275885882893789,-0.00624320104727689,0.00650068139369462
-1.14958054021005,-0.426173791752358,0.0390738801066224,0.214341112249116,-0.027406335649381,-0.00649327914380831,0.0071725953350227
-1.11579244899706,-0.399427790016266,0.0391095028181014,0.1973598368147,-0.0271852165103652,-0.00679996412491856,0.00762311932070525
-1.07881100963649,-0.369118692280428,0.0392400055524551,0.178061301137246,-0.0269105909247731,-0.00713460571132806,0.00783615048173569
-1.03881800908469,-0.33551093465695,0.0394961625149283,0.156564429576901,-0.0265761561390377,-0.007464389169225,0.00780589722525554
-0.996143450776546,-0.298887610708863,0.0398919686668587,0.133146662478814,-0.0261866284829299,-0.00775787412271937,0.00753760389089156
-0.95124941905082,-0.259548417428296,0.0404222014632488,0.108213055846535,-0.0257568845022735,-0.00799006080725509,0.00704662972408438
-0.904676791476095,-0.217806022240555,0.0410656165583143,0.0822386695720765,-0.0253080648623083,-0.00814557558783795,0.00635614315809507
-0.856977259398576,-0.173980730646483,0.0417922105005529,0.055705029357531,-0.0248623239558636,-0.00821941183304668,0.00549415869430505
-0.808651800065824,-0.128393569633773,0.0425715506360246,0.0290492488048385,-0.0244380190161923,-0.00821558450844104,0.00449070039387875
-0.760111562351153,-0.0813591423063591,0.0433794574406977,0.00263575349804886,-0.0240465985312235,-0.00814463963050852,0.00337565684390047
-0.711665130782772,-0.0331789241372469,0.0442014282010682,-0.0232495293364269,-0.0236915613321022,-0.00802098474603184,0.0021775348063811
-0.66352948354422,0.0158645073605506,0.045032535677089,-0.048388846529955,-0.0233692504959517,-0.00786070246216015,0.000923054052416968
-0.615858098242574,0.0655121482548653,0.0458743913164132,-0.0726144480201151,-0.0230709538501842,-0.00768009715987481,-0.000362614154965979
-0.568780714444026,0.115531557361199,0.0467302133745109,-0.095789791316852,-0.0227858111346496,-0.00749490806652188,-0.00165518795115862
-0.522449445672247,0.165716864064224,0.0475990889426723,-0.117795133834991,-0.0225040954016792,-0.00731991542461078,-0.00293040643244048
-0.477087206838836,0.215883434510809,0.0484706188911602,-0.138520271951555,-0.0222205245899678,-0.00716859961682972,-0.00416314569045922
-0.433032433791802,0.265854302485661,0.0493212094683578,-0.157865266526532,-0.0219371906755965,-0.00705252616604826,-0.00532672705400014
-0.39077010121698,0.315435859800066,0.0501133024715947,-0.175748228299636,-0.0216655052879332,-0.00698022852742258,-0.00639265404971631
-0.350935905754926,0.364382888314382,0.0507986946875955,-0.19211785757534,-0.0214264059139031,-0.00695557582600962,-0.00733103243704564
-0.314279201843718,0.412357642108478,0.0513263097790387,-0.206967250833792,-0.0212480548004073,-0.00697591054404285,-0.00811186718241861
-0.281576538037408,0.458893637033789,0.0516533728402535,-0.220345110856742,-0.0211606977606935,-0.00703057065174682,-0.00870723739496446
-0.253502603862172,0.503379276294692,0.0517572242672058,-0.232361133272361,-0.0211893066823589,-0.00710059173716221,-0.00909403351854017
-0.230484454087439,0.545074803393681,0.0516438160581656,-0.243183387881541,-0.0213457886691483,-0.00716019609715488,-0.00925660836971955
-0.212579590287478,0.583168090052669,0.0513495069745197,-0.253027261946057,-0.0216233331418499,-0.0071800947597251,-0.0091885908390481
-0.199416056917507,0.616860390607058,0.0509349777366618,-0.262136372400482,-0.0219950748751478,-0.00713184649416709,-0.00889332371321766
-0.190213727781362,0.645461850077644,0.0504732052688442,-0.270757369417951,-0.0224177820916201,-0.00699203009933861,-0.00838288381292653
-0.183878660412368,0.668472817781217,0.0500355434548795,-0.279112192459064,-0.022839405639685,-0.00674507130056937,-0.00767611290055422
-0.179141323213934,0.685632690624187,0.0496800936501505,-0.287372860243282,-0.0232080963195294,-0.00638415612661006,-0.00679629680921463
-0.174703346666239,0.696930569066669,0.0494450997989832,-0.29564465692315,-0.0234802671386486,-0.00591040287206264,-0.0057690597461453
-0.169363635341076,0.702582148102167,0.0493478976029994,-0.303961417257804,-0.0236260701773886,-0.00533095112546585,-0.00462077876730505
-0.162107715583971,0.70298466095809,0.0493883183686583,-0.312293555778445,-0.0236317718752547,-0.00465676971921586,-0.00337759452152152
-0.152156131375492,0.698662423119248,0.0495545692700216,-0.320565648033226,-0.0234993154046003,-0.00390082517148718,-0.00206494407497996
-0.138975851049617,0.690214025458546,0.0498295940178299,-0.328678281061962,-0.0232437773870056,-0.00307697374946554,-0.000707504576729616
-0.122262026794464,0.678268664352756,0.0501962724677794,-0.336528207862398,-0.0228894789098446,-0.00219964753057686,0.000670555163907203
-0.101898027491868,0.66345612735201,0.0506403398935478,-0.344021828095289,-0.0224654176284233,-0.00128417069716194,0.00204509758762891
-0.0779010367976729,0.64639141458278,0.0511503588850658,-0.351078463802624,-0.0220005407802551,-0.000347370809964213,0.0033913972954197
-0.0503603700297476,0.627671489559154,0.0517145583963707,-0.357621795824254,-0.0215192808656923,0.000591951331838797,0.00468348276699695
-0.0193766012587457,0.607878617107797,0.0523150287124106,-0.363560413060004,-0.0210377642741762,0.00151315374075583,0.0058935790365645
0.0149890493192758,0.587581543886214,0.0529206077533122,-0.368761148788247,-0.0205611314424103,0.00239487260292185,0.00699183993707275
0.0527444396875453,0.567324989081543,0.0534807925009484,-0.373022206385207,-0.0200824811434841,0.00321729398228856,0.00794660317109007
0.0939651972461121,0.547601138102526,0.0539237849629087,-0.376056448874469,-0.0195839820007896,0.00396536173196522,0.00872542080374781
0.138756414470999,0.528803525567758,0.054161579518472,-0.377496270032419,-0.0190404853906376,0.0046322166752039,0.00929704896518079
0.187180654192521,0.511173670836767,0.054103288314904,-0.376928467602885,-0.0184254221657186,0.00522174139852943,0.0096343677711343
0.239169234560121,0.49475923331049,0.0536746000410652,-0.373958368913902,-0.0177178819106731,0.00574901022292231,0.00971782906357014
0.294446415863875,0.479403805953718,0.0528375639122287,-0.368288831902537,-0.0169089306785827,0.00623794696234493,0.0095386140521221
0.352498775831081,0.464779704492628,0.051603072654004,-0.359788632061861,-0.0160050410577702,0.0067165236802537,0.00910049388875174
0.4126079681349,0.450457974843639,0.0500302613908771,-0.348524005679108,-0.0150273488079345,0.00721090805541473,0.00841965032871046
0.473939407543583,0.435995484470962,0.0482124122873314,-0.334741553091844,-0.0140071017772758,0.00774044143402159,0.00752244563839974
0.535655658322194,0.42101282676829,0.04625451629769,-0.31881035440491,-0.0129790925263522,0.00831483449642288,0.00644188085268438
0.597017455928124,0.405244695425478,0.0442504968000354,-0.301146546563148,-0.0119753743458216,0.00893387701283476,0.00521387222566638
0.657446448324881,0.388556483517438,0.0422667861982312,-0.282144454448354,-0.0110209310949966,0.00958893881587595,0.00387428552956225
0.716543368354095,0.370932212865792,0.0403354624503112,-0.262129732769595,-0.010131901430989,0.0102651393582295,0.00245718557256822
0.774070019311857,0.352443418160777,0.038456723486961,-0.241338236052614,-0.00931605212305362,0.0109432631100022,0.000994281340096619
0.829909416511303,0.333208360697439,0.0366086253134595,-0.219916625418286,-0.00857479326776834,0.0116010088473641,-0.000484717961926715
0.884016489516094,0.313348074521151,0.0347615755016186,-0.197937926299987,-0.00790601962018737,0.0122136570653778,-0.00195119477665617
0.936367364884523,0.292943656909759,0.0328953122982794,-0.175426288949493,-0.00730722881269476,0.0127545829671644,-0.00337649032642011
0.986911287826421,0.271998761617826,0.031016124632128,-0.152387255712209,-0.00677849056152752,0.0131961925955944,-0.00473083121455352
1.03552841854375,0.250412962721397,0.0291715033155529,-0.128841301870348,-0.0063248389912001,0.0135118351426492,-0.00598258854017909
1.0819980272852,0.227973993570728,0.0274583459543721,-0.104857913492985,-0.00595754332074068,0.013679009441405,-0.00709816657729365
1.12598468986045,0.204378133016847,0.0260200946637611,-0.0805852359828984,-0.00569362495075377,0.0136837149405357,-0.00804283598130999
1.16705053051982,0.179284739688848,0.0250290244106243,-0.0562672381920288,-0.00555313282168662,0.0135250998969035,-0.00878274622395962
1.20469930207926,0.152401642926161,0.0246536694391447,-0.0322393992248639,-0.00555427741894461,0.0132188832182776,-0.00928809084929965
1.23844672049166,0.123582706422408,0.0250178156276225,-0.0088974572658776,-0.00570749042274358,0.0127977478297865,-0.00953691389210283
1.26789963762833,0.0929059357847883,0.026163980722883,0.0133566862710534,-0.00601040391987327,0.012307562596978,-0.00951854912404022
1.292817963786,0.0606995656965884,0.0280359109577331,0.0341765248088422,-0.00644588654250616,0.0117998484834819,-0.00923551591781343
1.31313667942347,0.0275012506867851,0.0304883518311179,0.0533189416169873,-0.0069842034899837,0.0113226288260314,-0.00870312173979625
1.32894308717011,-0.00603647380225648,0.0333206753152557,0.070662573053005,-0.0075885967556927,0.0109125773317015,-0.0079469243845226
1.34042034543766,-0.039260135645867,0.0363210649891019,0.0861937782761945,-0.00822216628390509,0.010590599908514,-0.00699898190907125
1.34778195968495,-0.0716121130778364,0.0393058919934768,0.0999704900338541,-0.00885376881484097,0.0103613339655218,-0.00589408955848691
1.35121666057145,-0.1026885950773,0.0421441722301443,0.112079871200236,-0.0094615256703683,0.0102155218705067,-0.00466686043256502
1.35085701666261,-0.132256140681162,0.0447650053721791,0.122603571656042,-0.0100337363158276,0.0101336438238683,-0.00334999020002552
1.34677263685726,-0.160237181977694,0.0471516787338355,0.131597974765446,-0.0105677914404911,0.010089424655861,-0.00197360785483788
1.33898381960955,-0.18667840132799,0.0493282534784838,0.139090835850167,-0.0110679374293022,0.0100524854128917,-0.000565433039793103
1.32748883122461,-0.211712962846935,0.0513436882861112,0.145091913049975,-0.01154260714864,0.00999003738389708,0.000848559526009821
1.31229764760764,-0.235522216879563,0.0532566127501725,0.149613502603198,-0.0120017645890758,0.00986794296116399,0.00224321847842633
1.29346643295856,-0.258298013850998,0.0551220868541661,0.152696276889663,-0.0124545014923797,0.00965169076816793,0.00359323965274031
1.27112609340907,-0.280204372792916,0.0569805914263784,0.154435155447055,-0.0129070197098183,0.00930787103678919,0.00487232468303539
1.24549974289789,-0.301338177122801,0.0588493780755435,0.154999158746902,-0.0133611703762943,0.00880664625946883,0.00605268191952092
1.21689949060149,-0.321691154207858,0.0607165996278209,0.154637695236623,-0.0138137629802877,0.00812539710372541,0.00710509578480989
1.18570028396856,-0.341121470060305,0.0625395680407367,0.153666579153931,-0.0142569627315755,0.0072532728293182,0.00799979754663687
1.15228481719761,-0.359345675894784,0.0642484088186059,0.152429315529405,-0.0146799158637702,0.00619565871662687,0.00870824144996138
1.11697305581003,-0.375963960849937,0.065756173016203,0.151237912776434,-0.0150715445513218,0.00497706414510289,0.00920569518431701
1.07994886030445,-0.390521229421653,0.0669740323989091,0.150306355750519,-0.0154238455244771,0.00364074860271208,0.00947414493527496
1.0412147049034,-0.402595562196735,0.0678283935303262,0.149699335720039,-0.0157347420461942,0.00224420589382771,0.00950478372792259
1.00058971820995,-0.41188832211375,0.0682747141485506,0.149316463886436,-0.0160093493142993,0.000851034655629099,0.00929924769923757
0.95775994630484,-0.418288561773617,0.06830411354285,0.148921173608212,-0.0162591212400278,-0.000478705797493947,0.00886919949778402
0.912361789211538,-0.421891202059978,0.0679412753704479,0.148204616305112,-0.0164990645028177,-0.00169694488946043,0.00823439397935422
0.864073718039062,-0.422968965882821,0.0672358328470236,0.146862776214031,-0.0167440015966079,-0.00277275101169172,0.00741991052543596
0.812687266843798,-0.421912128967686,0.0662509325268991,0.144662975186995,-0.0170049940257613,-0.00369352391556418,0.00645332067795181
0.758147822742466,-0.419159856101521,0.0650530194255019,0.141485748081117,-0.0172868762710069,-0.00446294683166312,0.00536242552850543
0.700560303523687,-0.415139530385546,0.0637047119663572,0.137338213108161,-0.0175871698608434,-0.00509711117562928,0.00417377584949301
0.640173909927853,-0.410226866786349,0.0622616765049652,0.132344879829992,-0.0178963780738867,-0.00562023472918828,0.00291200397055261
0.577351779260064,-0.404726307263166,0.0607723966315493,0.126722942513366,-0.0181992102472675,-0.00606091458834671,0.00159976651557662
0.512538211402334,-0.398870504495336,0.0592799456212733,0.120749473912099,-0.0184764443121015,-0.00644935665028011,0.000258145202181593
0.446224388638051,-0.392831318130605,0.0578241780535837,0.114723742702206,-0.0187070577734573,-0.00681554319351663,-0.00109267109489474
0.378916193921736,-0.386738362239316,0.0564435143046382,0.108926576616159,-0.0188705491043019,-0.00718807303932862,-0.00243251676784689
0.311100012408324,-0.380698544323672,0.05517520936395,0.103576619612163,-0.0189493102055962,-0.00759323411495756,-0.00374028091074558
0.243206876545367,-0.374814328704055,0.0540537680147626,0.0987853611638423,-0.018931077374113,-0.00805390274764824,-0.0049929125835613
0.175573172295253,-0.369196122581467,0.0531070677519899,0.094515068637757,-0.0188112670453523,-0.00858789436155813,-0.00616452073176346
0.108403343775292,-0.363967550968023,0.052350733736899,0.0905493374672617,-0.0185949784212278,-0.00920563454350571,-0.00722580269132732
0.0417416641539281,-0.359258835978305,0.0517815286873071,0.0864896923209896,-0.0182980205437699,-0.00990727790746301,-0.0081441519338062
-0.0245323453870017,-0.35518772488991,0.051371928366452,0.0817939656542164,-0.0179462809182704,-0.0106799475084874,-0.00888492334565568
-0.090671909603189,-0.351827772642293,0.0510683795599914,0.075864939341237,-0.017572665586192,-0.0114962295997664,-0.00941420138496687
-0.156988754565853,-0.349170723466538,0.0507957004479414,0.0681804580011293,-0.0172114723065771,-0.012315317190865,-0.00970296338741531
-0.223748813053709,-0.347096711935981,0.0504683644542587,0.0584318460102498,-0.0168912410819548,-0.0130877169711015,-0.00973176776345553
-0.291069566710455,-0.345368120216209,0.0500063077559849,0.0466207119648984,-0.0166283656341574,-0.0137630499314086,-0.00949443918317424
-0.35885733677917,-0.343656407137336,0.049350246501225,0.0330723263921092,-0.0164240974501055,-0.014298818594154,-0.00899930328821574
-0.426807820346401,-0.341596495109673,0.0484711891711192,0.0183581828708754,-0.0162663297338939,-0.0146672300480527,-0.00826749491772246
-0.494464294865169,-0.338850026458561,0.0473714199355712,0.00316039180107351,-0.0161353441543399,-0.0148579791749881,-0.00732913884020768
-0.561304912345225,-0.335156343950576,0.0460779688826329,-0.0118700511660624,-0.0160110504114492,-0.0148767764735243,-0.00621892092025129
-0.626826344283953,-0.33035846194385,0.0446320673009615,-0.0262183868750685,-0.0158791120864361,-0.0147410489921209,-0.00497239779684932
-0.690602797775134,-0.324403064066724,0.0430783563171466,-0.0395566130495842,-0.0157344298606558,-0.0144748083925397,-0.00362370530711983
-0.752314858540059,-0.317321010703342,0.0414563233696613,-0.0517435756388372,-0.0155817464833242,-0.0141042494022628,-0.00220466435737818
-0.811753231129517,-0.309196423705261,0.0397948682719416,-0.0627895683038466,-0.0154339553374416,-0.0136548274000753,-0.000744937769879743
-0.868806120061662,-0.30013032442448,0.038109820886174,-0.0728010645987343,-0.0153089106059539,-0.0131498517164569,0.000727169822831668
-0.923437068539307,-0.290201939039,0.0364037880894278,-0.0819171333600254,-0.015225375596995,-0.0126101834496748,0.00218360469589706
-0.975659358942531,-0.279430872237494,0.0346679356285292,-0.09024529308306,-0.0151985800980069,-0.0120544787664082,0.00359539650088947
-1.02550751755266,-0.267743631877886,0.0328854823656285,-0.0978029449676185,-0.0152357273370443,-0.0114993345347693,0.00493165826528726
-1.07300805798967,-0.254952389473728,0.0310370905800809,-0.104472369347854,-0.0153320076635681,-0.0109588338018079,0.00615901729987651
-1.11814964843869,-0.240756138667921,0.0291081177166962,-0.109980294551446,-0.015467980165403,-0.0104431844434145,0.00724181382258847
-1.16085581301071,-0.224774674194604,0.027097053347071,-0.113914714388658,-0.0156095236478344,-0.00995657934338728,0.00814342485162217
-1.20096656422322,-0.206619130505511,0.0250232742903396,-0.115787264257467,-0.0157114753771851,-0.00949497340290196,0.0088289211885172
-1.23823723636754,-0.18598844009905,0.0229311436005179,-0.11513608282901,-0.0157251882078673,-0.00904494760552882,0.00926884901897717
-1.27236078208319,-0.162764247740368,0.0208875596377265,-0.11164451948131,-0.0156085701252962,-0.0085848188829356,0.00944333062121046
-1.30301282060794,-0.137068750087263,0.0189721316191293,-0.105236113631521,-0.0153355225073345,-0.00808838457809227,0.00934523949009713
-1.32990694545675,-0.10925978671287,0.0172625448911894,-0.096108768967776,-0.014901294732919,-0.00753039663181674,0.00898130476753047
-1.35284152815615,-0.0798635058708286,0.0158203137729164,-0.0846945028968748,-0.0143218157489511,-0.006891876969096,0.00837074555416399
-1.371721798577,-0.0494710014379634,0.01468195280672,-0.0715624745431417,-0.013627701373819,-0.00616342076642401,0.00754199915374247
-1.38655284183576,-0.0186357465740375,0.0138577580761405,-0.0573030348962667,-0.0128556929961559,-0.00534567038395843,0.00652871355711688
-1.39741161581267,0.0121998510569225,0.0133369206608228,-0.0424297070448549,-0.0120406493148616,-0.00444742281934572,0.00536614810638519
-1.40441197770245,0.0427381964595865,0.0130956583313314,-0.0273201380130545,-0.0112101455535253,-0.00348259782770751,0.0040886600247542
-1.40767565100306,0.0728251567641641,0.0131050183284927,-0.0121988874770941,-0.0103822689899808,-0.00246732233014468,0.00272842976130028
-1.40731566439949,0.102425248141956,0.0133362045813461,0.00284677090350886,-0.00956614374617788,-0.0014179294366777,0.00131523200444904
-1.40343437719974,0.131584788481731,0.0137627293975671,0.0178302624940859,-0.00876432803263774,-0.000350113547454043,-0.000123058181986338
-1.39613194683191,0.160390601223226,0.0143597330982373,0.0328187055003063,-0.0079762603129431,0.000720959511223369,-0.00155952825971149
-1.38552219814186,0.188927946407203,0.0151014392250514,0.0478822564172412,-0.00720216415695294,0.00178003433123209,-0.00296710117270833
-1.37174922171696,0.217238925939425,0.0159579608344188,0.0630441011772887,-0.00644694527579489,0.00281119471862659,-0.00431742938943348
-1.35499971168945,0.245282909011218,0.0168927999077816,0.0782351455965275,-0.00572360612512581,0.00379787989446547,-0.00558002355232861
-1.33550449978726,0.272902928146834,0.0178623336052552,0.0932594923749056,-0.0050555092543549,0.00472390188424659,-0.00672187299774256
-1.31352504491857,0.299806043851463,0.0188182947151565,0.10777994069647,-0.00447660142439712,0.00557559820622324,-0.00770786680911881
-1.28932374292629,0.325568786588382,0.0197134961195531,0.121334433523984,-0.004028681103421,0.00634480031396964,-0.00850231698532616
-1.2631234640533,0.34967778896794,0.0205097928671077,0.133391162031866,-0.00375527430018571,0.00703174998738702,-0.00907172674990213
-1.23506855310958,0.371607156643276,0.0211858616121404,0.143439225471955,-0.00369284307118671,0.00764670197633506,-0.00938856541846395
-1.20520440622344,0.390918689436244,0.021741667900389,0.151095150680041,-0.00386160078122554,0.00820908326204126,-0.00943528535360465
-1.17348684701472,0.40735462441342,0.0221972719743038,0.156191149436184,-0.00425923000793461,0.00874391808390066,-0.00920739377703864
-1.1398216882277,0.420888243457684,0.0225859667936188,0.158810886887857,-0.00486028130067515,0.00927649656072097,-0.00871447204564292
-1.10411974932875,0.431711370286502,0.0229442775504585,0.159257259237807,-0.00562180420131231,0.00982715839643964,-0.00797870981184153
-1.06634691156511,0.440164671007453,0.0233024833633914,0.157965567142765,-0.00649306736208744,0.0104079413687576,-0.00703149194997099
-1.026554144781,0.446639722896862,0.023678455868482,0.155396546245615,-0.00742577468038947,0.0110217881295057,-0.00590924331215001
-0.984882066294733,0.451487062963141,0.0240756575201682,0.151945223276514,-0.00838167657931258,0.0116637696878594,-0.00464973996100432
-0.941545841836781,0.454954366226028,0.024484607948528,0.147887533196846,-0.00933619003551427,0.0123231537234625,-0.00328962000112835
-0.896808017325815,0.457161593005689,0.024886537362821,0.143368189607062,-0.0102782795014313,0.0129852329548384,-0.00186322606543607
-0.850945635940213,0.458107491556784,0.0252581804312669,0.138420940526763,-0.0112077024386401,0.0136323603697221,-0.000402527266013017
-0.804214276035138,0.457696790401593,0.0255771114728797,0.133008100424756,-0.0121308003593645,0.0142442011757332,0.00106226396888875
-0.75681002316401,0.45577874350526,0.0258273237119665,0.127067665195311,-0.0130557346737844,0.0147976190277357,0.00250173457013106
-0.708829443284698,0.452190465374109,0.0260046970456609,0.120559139539165,-0.0139877733604111,0.0152667996896022,0.003886259689837
-0.660231671418344,0.446801826484036,0.0261217219231564,0.113501549773582,-0.0149251677009005,0.0156242663884197,0.00518517948677808
-0.610811198585636,0.439559102948196,0.0262103876389146,0.10599767683431,-0.0158562887948063,0.0158433079223857,0.00636641784088319
-0.560193380153933,0.430521698987292,0.0263217395214897,0.0982382270904048,-0.016758863724213,0.0159019635705101,0.007396826045713
-0.507868190240178,0.419883972469877,0.0265207849774843,0.0904811312546691,-0.0176021799721857,0.0157881380482506,0.00824353774825109
-0.453268769977856,0.407970077931895,0.0268762800352119,0.0830051931350445,-0.0183525451853723,0.0155045700496045,0.00887645429611249
-0.395887831690672,0.395194237201144,0.027446917427169,0.0760462935187951,-0.0189811842228604,0.015071807398154,0.00927162454770237
-0.335402566814905,0.381988928881226,0.0282676114663755,0.0697340693968117,-0.0194723185056961,0.0145274000830785,0.00941475794547565
-0.27176505644973,0.36871969546889,0.0293407266139755,0.0640519237689384,-0.0198284227214584,0.0139206783407459,0.00930374424579771
-0.205222093723271,0.355617067522552,0.0306358858510386,0.0588371475426849,-0.0200704235077159,0.0133043447848432,0.00894920757180816
-0.136254866189371,0.342751119387649,0.0320984523453175,0.0538213300655905,-0.0202326515477552,0.0127255033115755,0.00837280190081622
-0.0654644796587334,0.330057148646553,0.0336632476976413,0.0486943822140909,-0.0203546477843398,0.0122188776281463,0.00760387670956744
0.00655287662012109,0.317398087702744,0.0352684245201154,0.043167857652038,-0.0204728122844129,0.0118036662879702,0.00667562495489261
0.0793012622708675,0.304638927251102,0.0368656140542126,0.0370185664576378,-0.0206143207763705,0.0114838890539957,0.00562177109880081
0.152432177273445,0.291708938223033,0.0384247831623508,0.0301049045781934,-0.0207941988130145,0.0112509568320424,0.00447434326204892
0.225745341166793,0.278639044423151,0.0399344936905706,0.0223590091117849,-0.0210152538666043,0.0110870509924605,0.00326261334883339
0.29915750205478,0.265571504138717,0.0413991834796341,0.0137630289394897,-0.0212699137905474,0.0109682628776928,0.00201297192864882
0.37265550430077,0.252744812441962,0.0428349332898261,0.00431841514826605,-0.0215429434372628,0.0108669776535688,0.000749403386067176
0.446246866462072,0.240460753117551,0.044264851461905,-0.00598421044043276,-0.0218144148752134,0.010753521420782,-0.000505716429930123
0.51991477030194,0.229038326449846,0.0457143394408728,-0.0171889384268831,-0.0220624920844384,0.0105973053695075,-0.00173075116339297
0.593581199222251,0.218760354962249,0.0472063292024964,-0.0293874257216835,-0.0222659447257804,0.0103678946877559,-0.00290404573341522
0.667080217896569,0.209818577369934,0.0487564512477838,-0.0427166858809824,-0.0224063772104649,0.0100364153245179,-0.00400344692464668
0.740141697356929,0.202264117990145,0.050368156998968,-0.0573388920434106,-0.0224700613781985,0.00957756033860737,-0.00500624145588479
0.812387636377091,0.195973418593005,0.0520283925582744,-0.0734029633393437,-0.0224492277568841,0.00897225583032205,-0.00588959974643793
0.883342859782543,0.19064032465127,0.0537048463473648,-0.0909924216482136,-0.0223425430658278,0.00821069155749722,-0.0066315292724373
0.952458417545575,0.185801720013989,0.0553459222703964,-0.110069631805448,-0.0221544565789343,0.00729503750375794,-0.00721220649192061
1.01914785012816,0.180897845008239,0.0568846642737212,-0.130431527459436,-0.0218934361058423,0.0062410008278467,-0.0076154670869606
1.08282826910792,0.175356043871205,0.0582466039878282,-0.151691825440581,-0.0215693202345596,0.0050773829046954,-0.00783013515895248
1.14296126958274,0.168678383801004,0.0593604820483077,-0.173299519567598,-0.0211905310238823,0.00384329407829308,-0.00785093090936522
1.19908477586499,0.160509580225931,0.0601692945888,-0.194592507985451,-0.0207619627771486,0.00258333708080537,-0.00767877784803849
1.25083293305823,0.150668442954811,0.0606388499799672,-0.214874595256099,-0.0202842767308426,0.00134175401861024,-0.0073205097439524
1.29794143084766,0.139138048111246,0.0607614448239342,-0.23349691169186,-0.0197547850395052,0.000156830142142353,-0.00678808873240213
1.3402427026885,0.126023735057531,0.0605539443051418,-0.249925586378251,-0.0191696155437636,-0.000943291417517306,-0.00609754891222153
1.37765302053517,0.111495552599722,0.0600510174951392,-0.263783074479971,-0.0185263811261907,-0.00194276080862763,-0.00526786322790266
1.41015751017329,0.0957331959266522,0.0592957089633621,-0.274860088928675,-0.0178265718781412,-0.00283812846368189,-0.00431992136710809
1.4377951532508,0.0788861314303386,0.0583298115301725,-0.283102417571779,-0.0170770524110473,-0.00363687677485361,-0.0032757320648911
1.46064637303005,0.0610546088633881,0.0571862814265746,-0.28858171447663,-0.0162904206245801,-0.00435504557916662,-0.00215791370240761
1.47882202683154,0.0422907050296048,0.0558850815752562,-0.291459517294757,-0.0154842617118359,-0.00501456177371034,-0.000989473600769388
1.4924547872113,0.0226149747383873,0.0544331517703818,-0.291952224306531,-0.0146795553232078,-0.00564067694818268,0.000206157088037396
1.50168886911334,0.00204261387828575,0.0528283374229325,-0.290300549711942,-0.0138984979244169,-0.006259653866757,0.00140491102294102
1.50666927488368,-0.0193865250586826,0.0510668091148801,-0.286744993733546,-0.013162049657541,-0.00689665097234592,0.0025817862262347
1.50752712079391,-0.0415794728370897,0.0491528352831148,-0.281505976741374,-0.0124874451336545,-0.00757363138783657,0.00371057893527861
1.50436425768712,-0.064368303263898,0.0471094065278662,-0.274767996919955,-0.0118859918584226,-0.00830715679591964,0.00476377991668012
1.497236383549,-0.0875002285233114,0.0449872855043623,-0.266666916642542,-0.01136149649879,-0.00910604666452444,0.00571278174037881
1.48614340919556,-0.110644754824909,0.0428696685524179,-0.257282493692895,-0.0109097840513688,-0.00996916991150351,0.00652856444624032
1.47102742721532,-0.133421116261251,0.0408692434514085,-0.246637692774338,-0.0105196448286411,-0.0108838867106562,0.00718298150830791
1.45178924799925,-0.155445151749847,0.0391159656295686,-0.234708446851881,-0.0101753790623419,-0.0118259250528324,0.00765069540184902
1.42831763563975,-0.176387350802342,0.0377362627368649,-0.221443253465076,-0.00986052445637271,-0.0127613280820286,0.00791156106004134
1.4005323533039,-0.196027580906512,0.0368285839169574,-0.206790938441846,-0.0095618809410777,-0.0136506991306505,0.0079530364336717
1.36842342092787,-0.214288384840792,0.0364427954567585,-0.190729265141642,-0.00927251250512515,-0.0144550532643341,0.00777195306514121
1.33207937385404,-0.231234943986402,0.0365711068528067,-0.173287778278312,-0.00899268873122645,-0.0151418915139821,0.00737509779673729
1.29169015906821,-0.247040607091618,0.0371538828359335,-0.15455827177785,-0.00872841072873514,-0.0156897767747332,0.00677835280795936
1.24753034642564,-0.261931077272666,0.0380980404712661,-0.134692316369717,-0.00848819512548417,-0.0160903192389998,0.00600469219269651
1.19992528065618,-0.276125341489738,0.0393009178363648,-0.113887959256024,-0.00827932579778549,-0.0163473739371318,0.00508162032971317
1.14921596470652,-0.289790625071001,0.0406719077219483,-0.0923713669016843,-0.0081048415543853,-0.0164742673325653,0.00403874101507419
1.09572849759668,-0.303019347814637,0.0421463491554215,-0.070377784733921,-0.00796199013249119,-0.0164901804763174,0.00290589768425102
1.03975449416949,-0.315828664458509,0.0436899385090361,-0.0481349199335957,-0.00784231460021431,-0.0164167416396572,0.0017120678999732
0.981541740640586,-0.328177276713528,0.0452947911444389,-0.025849353907711,-0.00773310085773075,-0.0162754169188307,0.000484954122631184
0.921292971550683,-0.339993247089446,0.0469696881024396,-0.00369526165974721,-0.00761973647947694,-0.01608585833255,-0.000748894940893978
0.859169818641605,-0.351206107038453,0.0487274567397563,0.0181954906682346,-0.00748855603485462,-0.015865038078422,-0.00196363810628633
0.795300432693056,-0.361778686067797,0.05057203133263,0.0397421636096655,-0.00732980821508985,-0.0156268534366555,-0.00313357017539004
0.72979054022342,-0.371733926388303,0.0524875267726782,0.0609215527433558,-0.00714040102355383,-0.0153818776187812,-0.00423262544355548
0.662737659957644,-0.381171660847939,0.0544314130184064,0.081769102027687,-0.0069260343893802,-0.0151369950020883,-0.00523416729779453
0.594250198868199,-0.390270880248135,0.0563337976005367,0.102370872378875,-0.00670225557973064,-0.0148948635135772,-0.00611128540151227
0.524468798217944,-0.399272768980129,0.0581039972660939,0.122843174671808,-0.00649391967842532,-0.0146533026143537,-0.00683777222362603
0.453587438104736,-0.40844430504178,0.0596442217911644,0.14329992941731,-0.00633273164895315,-0.0144049553294075,-0.00738981747845377
0.381868370298719,-0.418027811940239,0.0608677969297463,0.163813029965126,-0.00625300185775487,-0.0141376409445797,-0.0077482058418068
0.3096448862934,-0.428188674310987,0.0617170331819824,0.184376052259566,-0.00628642749282244,-0.0138356894095307,-0.00790052186345095
0.237309696926186,-0.438977722491932,0.0621750614851152,0.20488342413807,-0.00645729503140541,-0.0134822130753694,-0.0078427327597045
0.16529125085346,-0.450321325156319,0.0622675159961295,0.225132920719688,-0.00677954695585702,-0.0130618140304836,-0.0075796438939243
0.0940253062004223,-0.462042730333674,0.0620536537484726,0.24485086235731,-0.00725653087328868,-0.012562965350223,-0.00712410400559861
0.0239308896327669,-0.473907417037458,0.0616104606687131,0.263731489747195,-0.00788323753802875,-0.0119794152876466,-0.00649527775622591
-0.0446032867256625,-0.485677181435397,0.0610152137602829,0.281478238160376,-0.00864996349482516,-0.0113103310067669,-0.00571653656350647
-0.111220072753828,-0.497158171718334,0.0603315961914646,0.297837261247924,-0.00954604710909211,-0.0105593845826337,-0.0048135159082759
-0.17558548122878,-0.508231900797682,0.0596021476181652,0.31261834922476,-0.0105625698804029,-0.00973325227292021,-0.0038126717060591
-0.237375361873421,-0.518865476250738,0.0588474950401446,0.3257037937272,-0.0116934641446714,-0.00884007457438437,-0.00274044678315141
-0.296262195190586,-0.52910131930024,0.0580709485628024,0.33704791766858,-0.0129349652699468,-0.00788826468392109,-0.00162297190542631
-0.351906088597953,-0.539029740405813,0.0572663172812044,0.346670473694348,-0.0142836951883996,-0.00688584839962571,-0.00048614101732208
-0.403952782859173,-0.548748410787457,0.0564266875988721,0.354645693996596,-0.0157338336502131,-0.00584030500963107,0.000644134799208073
-0.452040481355657,-0.558313658931722,0.0555522248194263,0.361087410332098,-0.0172739291451883,-0.00475873540525967,0.00174168985121474
-0.495816032004764,-0.567689167425944,0.0546554201559057,0.366129467321222,-0.0188839581430717,-0.00364810296442268,0.00278006541252143
-0.534960142593291,-0.576700173982841,0.0537627769384484,0.369901459552043,-0.0205333175623243,-0.00251530928126082,0.00373281832657933
-0.569219203134247,-0.585002217537822,0.052912514759566,0.372501196569389,-0.0221804051085203,-0.00136694486106782,0.0045742625731416
-0.598440012027234,-0.592074264383909,0.0521488246294848,0.373968624959049,-0.0237742982282835,-0.000208717527901945,0.00528063277367244
-0.622601797299092,-0.597242175534055,0.0515140990770819,0.374267998585162,-0.0252586370781779,0.000955265242212762,0.0058315372225133
-0.641840042921302,-0.599732308575997,0.0510412922847826,0.373285671433474,-0.0265772723294111,0.00212304723471748,0.00621146125969076
-0.65645808604996,-0.598747080094241,0.0507485952221799,0.370847798954133,-0.0276806872541856,0.00329488584810005,0.00641103010361449
-0.6669240858131,-0.593547288964974,0.0506377447114666,0.366755552833026,-0.0285318474147855,0.00447264723018476,0.00642776114596479
-0.673854529852463,-0.583525840624249,0.0506960520145264,0.360829476457205,-0.0291102638719815,0.00565860617206997,0.00626615155400819
-0.677985630104356,-0.568260074951161,0.0509008720127383,0.352949934921358,-0.0294134780651273,0.00685396302794697,0.00593708417213564
-0.680135812098699,-0.547538260299852,0.0512247520069415,0.343082635608009,-0.029455924654994,0.00805750947498463,0.00545669565352017
-0.681161165283587,-0.521361051457902,0.0516396202803192,0.331283044081859,-0.0292656935663605,0.0092647983099172,0.00484494142293032
-0.681908092393196,-0.489924581558169,0.0521193239466932,0.317681996714245,-0.0288801709673435,0.0104679815211478,0.00412414525593788
-0.683165553801118,-0.453590482526469,0.0526404800238122,0.302459013472525,-0.0283414646206133,0.01165621973113,0.00331775711702796
-0.685623034687967,-0.412850221700352,0.0531824093390452,0.28581364116344,-0.027692459287459,0.0128164495584985,0.00244947455226996
-0.689836016598304,-0.368286423447877,0.0537267316750088,0.267941677174291,-0.0269738429846368,0.0139342186567625,0.00154273854440536
-0.696203124590654,-0.32053573373154,0.0542573033318884,0.249021724603746,-0.0262222922343005,0.0149944324807015,0.0006205482723263
-0.704954664890578,-0.270254715617102,0.0547606385377987,0.229212592623284,-0.0254696435558823,0.0159819413611165,-0.000294533070251143
-0.716152405783103,-0.218090712816539,0.0552267648237094,0.208660028233351,-0.0247428039172684,0.0168820264961346,-0.00118031370627539
-0.729699752603791,-0.164658944001609,0.0556502338264778,0.187509522927633,-0.0240640943778851,0.0176808977984869,-0.00201497255001585
-0.745361580595928,-0.110526690689515,0.0560308964634702,0.165921167712511,-0.0234517329585872,0.0183663096175598,-0.00277722165816276
-0.762792484279155,-0.0562049414996804,0.0563739860642881,0.144082163266972,-0.0229201951227165,0.0189283198809788,-0.00344669974103932
-0.781572952146022,-0.0021479174193484,0.0566892481955255,0.122213334574304,-0.0224803238672958,0.0193601476831635,-0.00400462715751448
-0.801250633983023,0.0512401325491221,0.0569889983846936,0.100566664893278,-0.0221391467276171,0.0196589576596915,-0.00443469917354564
-0.821382280089959,0.103592340324118,0.0572853479370825,0.0794128327715573,-0.0218995100736753,0.0198263424926672,-0.00472412676989253
-0.841570217063807,0.154563630082369,0.0575871902186671,0.059020297247569,-0.0217597600639395,0.0198682857372239,-0.00486466561113507
-0.861486366587651,0.203816025846265,0.0578977248144214,0.0396300746691781,-0.0217137309634886,0.019794475556086,-0.00485342655439146
-0.880878975743315,0.251008944610672,0.0582132663596523,0.021432165526704,-0.0217512444645201,0.0196170156836269,-0.00469327186729574
-0.899561253208622,0.295797516072445,0.05852372225198,0.00454944688967857,-0.0218591568394204,0.0193487544619262,-0.00439267852571489
-0.917385932138249,0.337839756202001,0.0588145816450206,-0.010967368450605,-0.0220227923183521,0.0190015602747814,-0.0039650750212528
-0.934213880683228,0.376811023107891,0.0590698114545239,-0.0251335310340676,-0.022227474312033,0.0185848793016833,-0.00342778590694219
-0.949885352588287,0.412422257003296,0.0592748187629544,-0.038015855560667,-0.0224598351165667,0.0181047986591451,-0.0028007910218506
-0.964200808926984,0.444438015671038,0.0594187756771066,-0.0497148403614749,-0.0227086846212404,0.0175636984985459,-0.00210551044232292
-0.976914520304316,0.472690930902846,0.0594959237240412,-0.0603478591986227,-0.0229653633480354,0.0169604478023324,-0.00136376882156275
-0.987740265170809,0.497090377530587,0.0595058185579355,-0.0700364716827998,-0.0232236355759334,0.0162910239125577,-0.000597010880211128
-0.996366644566328,0.51762477630498,0.059452772812093,-0.0788990007861964,-0.0234792802941066,0.0155494350634488,0.000174231485580179
-1.00247666995639,0.534357129092399,0.0593447464774659,-0.0870478431642467,-0.0237295217134573,0.0147288108850855,0.000930670969345904
-1.00576908622942,0.5474152873813,0.0591920847331145,-0.0945901679806942,-0.0239724887199938,0.0138225969091502,0.00165446143167047
-1.00597598633262,0.556977146720627,0.0590062122757195,-0.101630166522409,-0.02420676596574,0.0128257373645248,0.00232932779003943
-1.00287564853978,0.563253026026184,0.0587985231255154,-0.108271413464423,-0.0244311303160317,0.011735780096014,0.00294068077626946
-0.996298089816088,0.566466688034658,0.0585795018954077,-0.114618186304617,-0.0246444585474721,0.0105537805535266,0.00347574776638186
-0.986123205954518,0.566837496615274,0.0583581548678452,-0.120775237811701,-0.02484577907007,0.0092848902650606,0.00392372763213591
-0.972272252956571,0.564566207899876,0.0581417852931998,-0.126846037879976,-0.0250344012753723,0.00793851927931725,0.00427595641511666
-0.954694934412327,0.559826771166922,0.0579361349020544,-0.132929980481689,-0.0252100484588091,0.00652800533492363,0.00452605614805842
-0.933354724298587,0.55276533114556,0.0577458361976938,-0.139119262692159,-0.0253729093985724,0.00506978584931839,0.00467003036704861
-0.908216195314756,0.543506693698772,0.057575113007997,-0.145496272567323,-0.0255235643929016,0.00358216155712044,0.00470627622702486
-0.879236837344472,0.532166500347874,0.0574285674033292,-0.15213202085332,-0.0256627522812113,0.00208381021296195,0.00463549244166618
-0.846366227925331,0.518866972455935,0.0573119587110309,-0.159085976988615,-0.0257910221464549,0.000592264493483291,0.00446048838320734
-0.809551305501791,0.503752051618464,0.0572327293414299,-0.166406851198713,-0.0259082728047513,-0.000877445069360982,0.0041859063089584
-0.768748450339757,0.487000006246457,0.057200286464919,-0.174133990619847,-0.0260132962662899,-0.00231380821049983,0.00381790165827762
-0.723938624718832,0.468830510022708,0.0572258883833301,-0.182298309559865,-0.026103347265195,-0.00370942591082653,0.00336381649775131
-0.675144119902578,0.449506018978583,0.0573222179515476,-0.190922133585848,-0.0261738314404152,-0.00506115694812744,0.00283189526443608
-0.622443665176667,0.429327239599867,0.057502639165375,-0.200017197118138,-0.0262181315812235,-0.00636986903149213,0.00223107514357766
-0.565984722766444,0.408624215587088,0.0577802791500291,-0.209580739231021,-0.0262276303740865,-0.0076398833309896,0.0015708815451206
-0.50599087445908,0.38774400795698,0.0581669928950191,-0.219589784675013,-0.026191929365659,-0.0088782054169412,0.000861440467341143
-0.442763758042956,0.367036731712826,0.0586723917210817,-0.229994520173738,-0.0260993015416304,-0.010093627656874,0.000113613346960274
-0.376678184236487,0.346840989410826,0.0593030718116546,-0.24071192872133,-0.025937369486282,-0.0112957537013552,-0.000660757518786913
-0.308169831670089,0.327470160043023,0.0600622850118347,-0.25162151768226,-0.0256940125596386,-0.0124939712870213,-0.00144851878152719
-0.237714915540718,0.30920078440602,0.0609502805355961,-0.262565108851953,-0.025358456729798,-0.0136963691854976,-0.00223483938970095
-0.165802755459051,0.29226463504514,0.0619655612609806,-0.273352740835952,-0.0249224745292969,-0.0149085902754286,-0.00300288044197467
-0.092904256081405,0.276845853548893,0.0631071712115388,-0.283776126958945,-0.0243815747186476,-0.0161326312214176,-0.0037336016872873
-0.0194419548027202,0.263083542264502,0.0643778122243585,-0.293629565928505,-0.023736009069582,-0.017365643771471,-0.0044058232570922
0.0542302507848899,0.251078779084819,0.0657871817382623,-0.302736129060141,-0.0229914270113916,-0.0185988873089534,-0.00499666330573524
0.127829627721465,0.240902800900888,0.0673543856618172,-0.310974049599513,-0.0221590192494781,-0.0198170753459581,-0.00548244056532575
0.201124700346267,0.232601938500503,0.0691080238617305,-0.31829614539417,-0.0212550801851775,-0.0209984412168945,-0.00584006181102976
0.273895420232939,0.226195524771832,0.0710827916701977,-0.324734748864693,-0.0203000321596597,-0.0221158300471577,-0.00604880530473486
0.34588437849136,0.221666060118789,0.0733123876654857,-0.330387193434807,-0.0193170692133884,-0.023138942735336,-0.00609227899018231
0.41675587064465,0.218945676755557,0.0758200783167611,-0.335382898800433,-0.0183306801145093,-0.0240375448796998,-0.00596022710748331
0.486078744160355,0.217906252401117,0.0786096276978029,-0.339839881300909,-0.0173653057022956,-0.0247850675673022,-0.00564982353221128
0.553340743407479,0.218360374078089,0.0816597534722929,-0.34382343214047,-0.0164443051344149,-0.0253617916075345,-0.00516617627608435
0.617990028562359,0.220075977544322,0.0849242953817568,-0.347319615471899,-0.0155892560318194,-0.0257568586823296,-0.00452195944298252
0.679489829433032,0.222801222509287,0.0883382607295897,-0.350231019412377,-0.0148194698091117,-0.0259687080295658,-0.00373631704337012
0.737369158086165,0.226291411074928,0.0918277997248861,-0.352394380809764,-0.014151523164813,-0.0260040190384899,-0.00283334820453167
0.791257086927972,0.230329104451593,0.0953210301821232,-0.353613494387718,-0.0135986320016133,-0.0258756483460337,-0.00184052929097523
0.840895606136714,0.234731374695499,0.0987566516546831,-0.353697808335927,-0.0131697715833484,-0.0256001812451055,-0.000787346873657135
0.886133172310931,0.239342811531064,0.102088296910577,-0.352497858667735,-0.0128685681195571,-0.0251956230556797,0.000295727677406699
0.926906024813727,0.244017568463282,0.105284035715958,-0.349931683376217,-0.0126921215464312,-0.0246795611322731,0.00137793703278494
0.963213254475568,0.24859615406596,0.10832145906746,-0.345998099532984,-0.0126299975053888,-0.0240678394664378,0.00242874185767004
0.995091987997528,0.252884566970492,0.111179922762432,-0.340775377226185,-0.0126637359754248,-0.023373700898291,0.00341831214714261
1.02259551049428,0.256642776251737,0.113831987482487,-0.334404635044122,-0.0127672231865735,-0.0226072683353201,0.00431818511251466
1.04577634785558,0.259588023050142,0.116236517704162,-0.327059613427731,-0.0129082026510187,-0.0217753137830992,0.00510219928018555
1.06467508774318,0.261414778401366,0.118335723850499,-0.318907337717614,-0.0130509694338025,-0.0208813368801879,0.00574769113858744
1.07931517244205,0.26182818768547,0.120057607752022,-0.310067551258066,-0.0131599443603629,-0.0199260172832583,0.00623679185599832
1.089704698366,0.260583187446275,0.121323914441943,-0.300581256143516,-0.0132034910514304,-0.0189080892253234,0.00655755418175698
1.09584393092248,0.257518366612972,0.122061740248778,-0.290397025420154,-0.0131571458726356,-0.0178255315048358,0.0067046179237755
1.09773733220993,0.252575156602184,0.122215740576535,-0.279379314626018,-0.0130055690367172,-0.0166768590004317,0.00667923296751046
1.09540721410138,0.245797639448488,0.121757552257112,-0.267336039059203,-0.0127429063578885,-0.0154622238634928,0.006488637020488
1.08890517227479,0.237314385064496,0.120689943631399,-0.254056934936516,-0.0123717163542329,-0.0141840732224112,0.0061449502280685
1.07831875274716,0.227308737322453,0.119044998968406,-0.239352361988431,-0.0119009685784756,-0.0128472578072982,0.00566383832992289
1.06377228903976,0.215985769045952,0.11687737079034,-0.223083977395061,-0.0113437247136081,-0.0114586427084359,0.00506318550978726
1.0454225679368,0.20354303751728,0.114254758253259,-0.205182761204429,-0.0107150113450047,-0.0100263895926743,0.00436194699827635
1.02345123615339,0.190149579039106,0.111248061449993,-0.185654100376836,-0.0100301891467419,-0.00855912865590666,0.00357926740997884
0.998057519034597,0.175934931236735,0.107923385719408,-0.164572835346273,-0.00930393345751172,-0.00706523299041149,0.0027338891657738
0.9694499163173,0.160986854996037,0.104336776145544,-0.142071423114142,-0.00854975131379096,-0.0055522997706861,0.00184381330383747
0.937844557981852,0.145357128702778,0.10053278426677,-0.118326127864415,-0.00777998534202029,-0.00402695741421575,0.00092619389875847
0.903457923202904,0.129070835631123,0.0965452049955013,-0.0935415823224668,-0.00700605076614364,-0.00249488501839266,-2.6269914146805e-06
0.866515079904518,0.112140821596617,0.0924015820440313,-0.0679386642634215,-0.00623897808917294,-0.000961121318011959,-0.000926943645108577
0.827235834763723,0.0945794973201212,0.0881265808868745,-0.0417406541746251,-0.00548983997057852,0.000569637274918134,-0.00183148575484698
0.78585458780781,0.0764153481544809,0.0837493168988784,-0.0151646277089882,-0.00477043976902458,0.00209262229628537,-0.00270119077741253
0.742592244174654,0.0577013110306544,0.0793050596326626,0.0115911152449321,-0.00409355822152104,0.00360279354366075,-0.00352099773213672
0.697681538391583,0.038527021365682,0.0748412670523559,0.0383550096377805,-0.00347341614135573,0.005094775518375,-0.00427578963106044
0.651331764688545,0.0190202025760487,0.07041518844608,0.0649925369548247,-0.00292549595055877,0.00656296887884554,-0.00495031466797758
0.603744984408359,-0.000652528454878815,0.0660944035046469,0.0914134608262104,-0.00246634169848977,0.00800199485525407,-0.00552942074478666
0.55509189695672,-0.0202949244345871,0.0619503907404332,0.117575502247567,-0.00211271903333954,0.00940711373363761,-0.00599827483653757
0.505515941033403,-0.0396955792184642,0.0580527256835275,0.143483321477321,-0.00188047964946021,0.0107748323336787,-0.00634289296749796
0.455128881050351,-0.0586488757793552,0.0544608166607195,0.169179389362775,-0.00178298722830825,0.01210330559542,-0.00655075046966464
0.404017778140929,-0.0769789068656095,0.0512166649729132,0.194727516579466,-0.00182936254560653,0.0133925512297313,-0.00661156344852895
0.352256973116059,-0.094562287617386,0.0483396217596596,0.220189781490834,-0.00202280715700584,0.0146443104469127,-0.00651812040516159
0.299924699793377,-0.111344769841421,0.0458247031426385,0.245600678529158,-0.00235938134775356,0.0158615397938501,-0.00626706277439137
0.247120750396768,-0.12734717363575,0.0436451342472654,0.2709438122733,-0.00282759218538738,0.0170475924435123,-0.00585947557251606
0.193980957696118,-0.14265836217125,0.0417587334340601,0.296136617205191,-0.00340900573506531,0.0182052278290081,-0.00530116369700026
0.140685074841755,-0.157416433367852,0.0401166774493795,0.321026947930828,-0.00407985041168801,0.0193356341034364,-0.00460255706972113
0.0874561493344249,-0.171782623965391,0.0386724277370719,0.345402091463529,-0.00481330833193487,0.0204376119850189,-0.00377828096660382
0.0345517769914859,-0.185914531875723,0.0373885657908654,0.369007672706935,-0.00558201487112192,0.0215069989372329,-0.00284652250568326
-0.0177508639231961,-0.199945315729718,0.0362399209495932,0.391572072314761,-0.00636027182930476,0.0225363284546087,-0.00182836768407574
-0.0691737960745053,-0.213973738111096,0.0352124244084051,0.412831811013687,-0.00712561619081636,0.0235146653299044,-0.000747260448650105
-0.119458580081738,-0.228067374493865,0.0342982531850833,0.432554720259577,-0.00785960643676621,0.0244275821078621,0.000371334892816796
-0.168386323366762,-0.242278805423554,0.0334887145879679,0.450559307291626,-0.0085479052863879,0.025257323069067,0.00150008032627126
-0.215795457416368,-0.256672525600725,0.0327668673296732,0.466729591084442,-0.00917989777221983,0.0259833064602769,0.00260982357242682
-0.261594725427718,-0.271358444393362,0.0321020866176003,0.481024435194374,-0.00974816803803562,0.0265831911399978,0.00366974993176767
-0.305767789669809,-0.286525813737884,0.0314486339405364,0.493479289630083,-0.010248159632323,0.0270347179893825,0.00464785716509787
-0.348365220235619,-0.30246923974712,0.0307496629242702,0.504197272692845,-0.0106782455924172,0.0273183776428126,0.00551198857612845
-0.389480486326387,-0.319597018137842,0.0299468120127312,0.513327063539832,-0.0110402135506873,0.0274206374562037,0.00623157786442087
-0.429209910716983,-0.338413110721443,0.0289936444230393,0.52102830392608,-0.0113398432379255,0.0273370530780451,0.00678005341240332
-0.467602361591219,-0.359469227978106,0.0278692623910858,0.527431064154476,-0.011586937321497,0.0270742953051627,0.00713753753355488
-0.504610159706835,-0.38329160076318,0.0265874914912523,0.53260116129139,-0.0117940692749757,0.0266501635969615,0.00729317199695367
-0.540055280999667,-0.410294825503144,0.0251981424159596,0.536524458536105,-0.0119736735259332,0.0260912256880415,0.00724631863563288
-0.573621238313795,-0.440697278952768,0.0237797916832211,0.539116940711803,-0.0121339126291954,0.025428582647558,0.00700615476801971
-0.604873342640398,-0.47444909679274,0.0224267048805119,0.540256465280749,-0.0122747162146019,0.0246929969386883,0.00658974180480812
-0.633302233072478,-0.511179555467369,0.0212339491642756,0.539821892655944,-0.0123859177526775,0.0239107443191122,0.00601918534538668
-0.658382455199561,-0.550173551137063,0.0202839904925437,0.537723270218796,-0.0124490419832937,0.0231010759261581,0.00531875467673874
-0.679637370732767,-0.590394262524415,0.0196364514267406,0.53391313822219,-0.0124428571643378,0.022275402087997,0.00451269017440491
-0.696700590016662,-0.630568936713974,0.019321865795886,0.528380200829464,-0.0123508317098063,0.0214377168415146,0.00362403594655083
-0.709361966297711,-0.669335812779857,0.0193403029440431,0.521135655267992,-0.0121673040301593,0.0205856159943191,0.0026744049167514
-0.717586366253989,-0.705418114135517,0.0196653397245643,0.512203373446728,-0.0118996066210808,0.0197114339753376,0.00168429182411097
-0.721501783287005,-0.737771962759014,0.020252333794216,0.501619808710961,-0.0115655611650784,0.0188033704986831,0.000673506096629544
-0.721363379411611,-0.76566467198535,0.0210481374194844,0.489440666744045,-0.0111881095580257,0.0178466614705056,-0.000338562170079571
-0.717507266357815,-0.788673565383319,0.0219989369275006,0.475747319156828,-0.0107898011179065,0.016824902000821,-0.00133291722431972
-0.710306606584318,-0.806626994833512,0.0230541505850653,0.460646824374797,-0.0103891068292228,0.0157215593044487,-0.00229110753977229
-0.700136323858278,-0.819521621044812,0.0241662978629408,0.444263230942051,-0.00999907150031789,0.0145216327953182,-0.00319545135720848
-0.687347717723012,-0.827445410086884,0.0252883197926573,0.426722144082553,-0.0096277252310256,0.0132133890533281,-0.00402927672138333
-0.672250338907416,-0.830521429256731,0.0263704002759195,0.408131784563393,-0.00927929092657786,0.0117900321765775,-0.00477716429784477
-0.655099235623191,-0.828876513581547,0.0273581668612186,0.388564775042547,-0.00895540609759245,0.0102511436897811,-0.00542520879807452
-0.636087348281003,-0.822632143899128,0.0281935027123713,0.368044749959711,-0.00865594938543566,0.00860368801331983,-0.00596131799974297
-0.615342708721445,-0.811909973767637,0.0288182665264607,0.346540232451356,-0.0083793824068917,0.00686234093253612,-0.00637554003815929
-0.592933066080452,-0.796846791427359,0.0291803916382874,0.323968584378948,-0.00812277126959962,0.00504898934480377,-0.00666040043688363
-0.568877224690162,-0.777610738233307,0.0292409386573898,0.300209474624108,-0.00788170857666144,0.00319131775815789,-0.00681119073113369
-0.543162614833379,-0.754413755318634,0.0289802944308846,0.275126317682739,-0.00765036758236478,0.00132059532691435,-0.00682615331556855
-0.515767029648212,-0.727517040799641,0.028401787691532,0.248592243910868,-0.00742183818909544,-0.000531053107178663,-0.00670651896772181
-0.486679211754186,-0.697225540525024,0.0275314933310338,0.220514889150523,-0.00718875247354544,-0.00233349503006834,-0.00645635218343962
-0.455917828612334,-0.663876596290494,0.0264142292083532,0.190857048747506,-0.00694416948717148,-0.00406110692735508,-0.00608225155383266
-0.423540843407407,-0.627818045279729,0.0251063156379816,0.159647204080967,-0.00668250454190701,-0.00569461130223286,-0.00559287949387053
-0.389653281732177,-0.589392339907543,0.0236671553605765,0.12698312305334,-0.00640047593377819,-0.00722206422230112,-0.00499850274084115
-0.354398727532263,-0.548908506604529,0.0221505456438069,0.0930227001976211,-0.00609771582674942,-0.00863889584562675,-0.00431041373132562
-0.317963287847561,-0.506644101235103,0.0205987525373142,0.057975735723967,-0.0057773802702886,-0.00994744193592977,-0.00354065610549018
-0.280547481806132,-0.46280921407,0.0190375242291745,0.0220827042132083,-0.00544599850552057,-0.0111555045221874,-0.00270149496433357
-0.24238524856087,-0.417589671063738,0.0174769661758348,-0.014392052383736,-0.00511384188440795,-0.0122757181203186,-0.00180564058636705
-0.203696865285192,-0.371091549014172,0.0159109893639134,-0.0511806986305804,-0.00479387376960023,-0.0133230852802839,-0.000865853184966739
-0.164722713462404,-0.323417880406605,0.0143242149100019,-0.0880159953409719,-0.00450190823779205,-0.0143152055358873,0.000104424978859925
-0.125682310802269,-0.274624672607583,0.0126955069473647,-0.124639286766636,-0.00425503932058391,-0.0152696403397162,0.00109103224040738
-0.0867907428580802,-0.224776564871242,0.0110066449746912,-0.160807299227775,-0.00407091839017321,-0.0162039846012241,0.002078476179589
-0.0482428140980431,-0.17394887629753,0.00924909541454785,-0.196294619124872,-0.00396595950877188,-0.0171340859006008,0.00304946724409189
-0.0102102634732503,-0.122256112418266,0.00743141044134327,-0.230900445754133,-0.00395348999938297,-0.0180729685659228,0.00398440913386915
0.0271646656189491,-0.0698733844478397,0.00558460925359479,-0.264454779550387,-0.00404152760889001,-0.0190291915403999,0.00486100707571766
0.0637736069056627,-0.01705543266719,0.00376422526644431,-0.296825432632727,-0.00423057866195758,-0.0200050381894811,0.0056541493601868
0.0995430322956936,0.0358542268701238,0.002047142235343,-0.327923720093309,-0.00451194301144037,-0.0209947180465505,0.00633627742965611
0.134429335770133,0.0884318530814887,0.000521989195659354,-0.357705659108308,-0.00486720411364913,-0.0219830283471704,0.0068784698953581
0.168405900543812,0.140205808277885,-0.000726423592868777,-0.386165689063232,-0.00526956167179075,-0.0229451414148507,0.00725238288100599
0.201441823292023,0.190712806226894,-0.00163551210995363,-0.413321487250214,-0.00568725442831471,-0.0238481679989996,0.00743295170778944
0.233474931599067,0.239568095571148,-0.00218057013881691,-0.439191188621796,-0.00608850139342338,-0.0246547370225287,0.00740140027787163
0.26438537340244,0.286529930478873,-0.00238152629496732,-0.463768406205947,-0.00644649427649283,-0.0253281343531745,0.00714782575904646
0.293977804721249,0.331535466576655,-0.00229730269940894,-0.487001696952533,-0.00674255829487567,-0.0258377457925162,0.00667261622110373
0.321979463249338,0.37469256506444,-0.00200926406182003,-0.508784591483026,-0.00696615160744255,-0.0261632997966415,0.00598635295081311
0.348057433971851,0.416225882778002,-0.00159983179974835,-0.528958232050671,-0.00711172495311149,-0.0262968185352794,0.00510841486958595
0.371853773682509,0.456389462350862,-0.0011339129362543,-0.547325116977973,-0.00717395066034874,-0.0262421207706863,0.00406493158427419
0.393033146295116,0.495367322890617,-0.000648929308868831,-0.563670882694306,-0.00714371143147496,-0.0260125705982755,0.00288679218987334
0.411333454915582,0.533188583825595,-0.000155488490825008,-0.577790721408199,-0.00700710771751328,-0.0256280604088613,0.00160814908970608
0.426606936039026,0.569686978792637,0.000353099082331332,-0.589518772131997,-0.00674856677295137,-0.0251120567151212,0.000265502340297203
0.438837852812013,0.604527641136489,0.00088720597058016,-0.598757789552136,-0.00635715633007142,-0.0244890554278417,-0.00110282402623011
0.448129489042771,0.637301357625274,0.00144925899656978,-0.605505234725501,-0.00583339571129924,-0.0237824714247305,-0.0024570876052696
0.454665643160547,0.667653151739957,0.00202906831686644,-0.609869707182737,-0.00519350733416347,-0.0230128676571697,-0.00375665764819642
0.458662137657911,0.695392548216596,0.00260766531851149,-0.612070849878059,-0.00446956133431135,-0.0221964883008585,-0.00496086306106638
0.460322982537912,0.720542949840248,0.00316730585160326,-0.612416501724083,-0.00370602354608727,-0.0213441302283192,-0.00603033018900496
0.459807532325855,0.743318768683148,0.00370301676843904,-0.611255277267732,-0.00295423038590183,-0.0204604943299862,-0.00692891989048821
0.457207909370699,0.764046392462749,0.00423094423819501,-0.608909666652821,-0.00226610253103575,-0.0195442281593771,-0.00762616855645601
0.452536999020313,0.783059873155773,0.00479014589235038,-0.605605146333582,-0.00168797298774605,-0.0185889134032998,-0.00809982939890697
0.445730293841847,0.800603355942231,0.00543671595519949,-0.601416664481746,-0.00125535214073189,-0.0175850370723679,-0.00833786351295743
0.43666527622312,0.816766919597101,0.00623179744867444,-0.596251954957581,-0.000989549885760246,-0.0165226376965886,-0.00833927600637829
0.425196170832347,0.831469304055118,0.00722728057730215,-0.589877862006488,-0.00089681590242293,-0.0153939657839871,-0.00811354075824248
0.411195357826995,0.844485656325222,0.00845379888042201,-0.581979880324755,-0.000969988120698657,-0.0141954512748437,-0.00767883173724776
0.394589576995337,0.855504875003218,0.00991457350697343,-0.572234088558,-0.00119192333246085,-0.0129285197830778,-0.00705959076492779
0.375382023969879,0.864195870150395,0.0115863018911294,-0.56037051312072,-0.00153961744877661,-0.0115992192186493,-0.00628400579313343
0.353657495972165,0.870264351191963,0.0134257930813685,-0.546214463631337,-0.00198800456122399,-0.0102169696160976,-0.00538181312736932
0.329573980523137,0.873490172866979,0.0153794546191042,-0.529703012793985,-0.00251279272881426,-0.00879294211328882,-0.00438263579324124
0.303346397146624,0.873742179393652,0.0173924080757661,-0.510880445715631,-0.00309211574447255,-0.00733854006571755,-0.00331489380276702
0.275228471631935,0.870974285236122,0.0194147816878187,-0.489880392060901,-0.00370710161484345,-0.00586432477536341,-0.00220522984082695
0.245496351609445,0.865208408320277,0.0214040034369322,-0.466901525081716,-0.00434162527147788,-0.00437951799224717,-0.00107833769241287
0.214435473984991,0.856510696900624,0.0233232036193684,-0.442181992688476,-0.00498155463493472,-0.00289203824097622,4.29333648161614e-05
0.182330262072312,0.844965943909612,0.0251367826799203,-0.415975079108677,-0.00561376453142815,-0.00140889816877062,0.00113732543593283
0.149455558716729,0.830654287647758,0.0268047684382663,-0.388527185162422,-0.00622513906229381,6.32613128074169e-05,0.00218488135234985
0.116068506470437,0.813632834614861,0.0282777838945863,-0.360058222100232,-0.00680173476788913,0.00151772172753872,0.00316670791764465
0.0824001341306513,0.793924178590651,0.0294943485616535,-0.330744667710969,-0.00732824799111244,0.00294749030743313,0.00406485860842202
0.0486467841099133,0.771513264323392,0.0303818336651759,-0.300706227174981,-0.00778791063994446,0.00434543935829544,0.00486237421712951
0.0149625103503251,0.746353560258466,0.0308616682423647,-0.26999793168809,-0.00816291244023353,0.0057047674408699,0.00554349425707295
-0.0185457020637547,0.718382062670597,0.0308583624534157,-0.238609780112819,-0.0084353881460533,0.00701967326490018,0.00609402585753041
-0.0518176813891814,0.687541170180451,0.0303107442557687,-0.206475766762341,-0.00858892227918793,0.00828606766353627,0.00650183709356356
-0.0848331744180001,0.653805073235419,0.0291830043634471,-0.173493210565878,-0.00861039777292367,0.0095021243938234,0.00675742804942832
-0.117598069230825,0.617203937682742,0.0274725591874735,-0.139550123186567,-0.00849188836185241,0.0106684976220139,0.00685450601008644
-0.150125434838994,0.577841575632671,0.0252124143362639,-0.104556893795201,-0.00823222238747439,0.0117881168976978,0.00679048969602223
-0.182415096728816,0.53590168462739,0.0224669755168148,-0.0684760353522625,-0.00783785684980515,0.0128655760044461,0.00656685250868726
-0.214435835758598,0.491638768445109,0.0193218930341611,-0.0313432556773715,-0.00732277510684913,0.013906193198972,0.0061891986162994
-0.246114875101264,0.445358664437384,0.0158704494616044,0.00672407020078458,-0.00670741606565422,0.0149149844089801,0.00566706367507631
-0.277335493257133,0.397388566160292,0.0121995475996134,0.0455333017332119,-0.00601676203670996,0.0158956434942002,0.0050134007207197
-0.307944561014087,0.3480497378441,0.00837875390746195,0.0848345448431339,-0.00527806611316446,0.0168498290260161,0.00424392342226379
-0.337764286738971,0.297631290872111,0.00445423903647837,0.124345761272833,-0.00451855825017017,0.0177766036703781,0.00337635479273609
-0.366609631151361,0.246378692791308,0.000448753752149693,0.163778870918222,-0.00376366150124284,0.0186722954804373,0.00242985124462831
-0.394302875658768,0.194489708005569,-0.00363318288349552,0.202861343334884,-0.0030358187832866,0.0195303876369047,0.00142460263881285
-0.420687986479345,0.142123941806283,-0.00779601584955729,0.241351053922576,-0.00235408184543159,0.020341641257149,0.000381737663134833
-0.445640049389207,0.0894199758841148,-0.0120416162711582,0.279042466213967,-0.00173429450765556,0.0210942426196072,-0.000676543494192905
-0.469070555527465,0.0365193324648305,-0.0163572722077682,0.31576495274257,-0.00118968226775757,0.0217741170756086,-0.00172667786666275
-0.490928205720447,-0.0164058579221896,-0.0207052213426853,0.351374774870248,-0.000731564916260708,0.0223655551019183,-0.00274343380654902
-0.511193878540541,-0.0691257687405859,-0.0250159696131828,0.38574213310166,-0.000369866765503604,0.0228522775434524,-0.00369977262332257
-0.529870152387803,-0.121331519082887,-0.0291878502729131,0.418736193440197,-0.000113101691534197,0.0232191173565939,-0.00456708715250107
-0.546964474234649,-0.172626870208296,-0.0330948652531603,0.450210419371398,3.24345311953529e-05,0.023454222257797,-0.00531601763705203
-0.562467635862431,-0.222539751677933,-0.0366034020833791,0.479991819741036,6.43390566675054e-05,0.0235514840155028,-0.00591797213233303
-0.57633096385321,-0.270557070675259,-0.0395956163991689,0.507877431320281,-1.36139055448201e-05,0.0235125759244989,-0.00634730582455841
-0.588448570877938,-0.316179003303251,-0.041993893553392,0.533640735588685,-0.000189240350499178,0.0233478499033604,-0.00658386738905693
-0.598651478120437,-0.358979704849108,-0.0437785135364765,0.557047815261594,-0.000440689902958104,0.0230754812139434,-0.00661537742268293
-0.606718388630998,-0.398655078256907,-0.044991523091151,0.577879565627988,-0.000736975799323635,0.0227187666096506,-0.00643902024166518
-0.612403141188391,-0.435039935602686,-0.0457244454143717,0.595953750057603,-0.00104053694734596,0.0223021735469747,-0.00606180957223016
-0.615472685224328,-0.46808679887357,-0.0460937960924988,0.611140124805562,-0.00131130263233485,0.0218472033488491,-0.00549967222997222
-0.615746480476898,-0.497812525711204,-0.0462130228443096,0.623365146303029,-0.00151118482381953,0.021369155161044,-0.00477560222521519
-0.613128757263879,-0.524228987135035,-0.0461699189856375,0.632607229138226,-0.00160791852268737,0.0208754334523949,-0.00391744982629715
-0.607628519688314,-0.547276329387097,-0.0460152070695283,0.638887271488451,-0.00157766761533299,0.0203654483558924,-0.00295586798162727
-0.599365724092712,-0.566773408970558,-0.0457633256659029,0.642260579643772,-0.00140649667499384,0.0198317239674735,-0.00192273248617966
-0.588563168721323,-0.582394380008575,-0.0454028821775207,0.642815007295374,-0.00109133067603678,0.0192616718930719,-0.000850119223637508
-0.575522817816517,-0.593678130879577,-0.0449127439545293,0.64067781314791,-0.000641166296624392,0.018639572032998,0.000230249971855538
-0.560582450043451,-0.600077719981752,-0.0442796418047324,0.636029310358813,-7.89506955544453e-05,0.017948431684581,0.00128729682350382
-0.5440499581433,-0.601059154423488,-0.043513533532153,0.629118075265807,0.000556317822447462,0.0171715661592375,0.00229088829394365
-0.526119347676202,-0.59625247210743,-0.0426568751302921,0.620267662688817,0.00120893611177585,0.0162938461077021,0.00321247287850756
-0.506787705277603,-0.585636473494034,-0.0417839099035786,0.609862441394122,0.00180989654523109,0.015302690818638,0.00402631434473196
-0.485809237107654,-0.569702922248755,-0.040987658695098,0.598304442556645,0.00228641093430684,0.0141890476234687,0.00471132551963424
-0.462723111607411,-0.549517839986405,-0.0403567230612352,0.58594571515367,0.00257672555106064,0.0129486247861314,0.0052530449341749
-0.436963400994669,-0.52661463064847,-0.0399499988386121,0.573018115760923,0.00264522568415259,0.0115834029926644,0.00564490855718977
-0.408012875455154,-0.502729104595604,-0.0397802765266698,0.559591102533701,0.00249081422551752,0.010102984523859,0.00588807218664108
-0.375534176070924,-0.479474518965975,-0.0398137027120242,0.545576687832583,0.00214437239777962,0.00852501975310418,0.00598973316982231
-0.33942855268596,-0.458084396411397,-0.039983504551752,0.530776162689759,0.00165708698523869,0.00687415721397018,0.00596068658003185
-0.299817821420648,-0.439300079974984,-0.0402099020686431,0.514944474541986,0.00108573889669244,0.00517958871854278,0.00581309653836693
-0.256981161822234,-0.423398172129322,-0.0404177985325479,0.4978474277893,0.000480882489970463,0.0034718387001429,0.00555908296192142
-0.211284795552766,-0.41030092426143,-0.0405478522311648,0.479299099887142,-0.00011936096758052,0.00177962527411262,0.00521016055275973
-0.163127847857846,-0.399707526114392,-0.0405607393421884,0.459179116187883,-0.000690357684671272,0.000127414008707314,0.00477722859864786
-0.112910342896759,-0.391206872149964,-0.0404366102905861,0.437435744153142,-0.00121883190091255,-0.00146605967580816,0.00427077969565291
-0.0610187928685319,-0.38435730090387,-0.0401720060566173,0.414080996084845,-0.00169951659830371,-0.00298832055245138,0.00370111779247776
-0.00782205190512469,-0.37873477281514,-0.0397759234416718,0.389182073043981,-0.00213188144874477,-0.00443292664798958,0.00307851056803176
0.0463287160514895,-0.373957054064331,-0.0392660100832954,0.362851232149517,-0.00251754737957624,-0.00579873371979781,0.00241327871497868
0.101099641788761,-0.369692199209745,-0.038665381982886,0.335235084683445,-0.00285853690544407,-0.00708888338808258,0.00171585467240357
0.156175040075828,-0.365657859822521,-0.0380002338897711,0.306503636080212,-0.00315627804298668,-0.00830969488987244,0.000996840354673014
0.211260028551084,-0.361616060727304,-0.0372982334401357,0.276839276885602,-0.00341120110253042,-0.00946957846058221,0.000267081127655538
0.266084628557822,-0.357366291008068,-0.0365875445827909,0.246425694438426,-0.00362276412676151,-0.0105780263114405,-0.00046224222404005
0.320408803265058,-0.352738945977715,-0.0358962735120854,0.215437005621235,-0.00378977117876528,-0.0116446958311697,-0.00117951202066234
0.374027560297844,-0.347590133871443,-0.0352520519836118,0.184027285292529,-0.00391087324877693,-0.0126785645112326,-0.00187258186771521
0.426775285197128,-0.341798857097288,-0.0346815200932902,0.152321309336513,-0.00398516524037023,-0.013687139020155,-0.00252872121481769
0.478527790886619,-0.335266503788057,-0.034209447924227,0.120407184120281,-0.00401279256208263,-0.0146756925561214,-0.00313462982415553
0.52920137686107,-0.327919260991432,-0.0338574513945404,0.0883325693675627,-0.00399549082603965,-0.0156465693544916,-0.00367656434590524
0.57874717136111,-0.31971231944009,-0.0336422859231755,0.0561055798784671,-0.00393696410609136,-0.0165985970477733,-0.00414061564682321
0.62714012195417,-0.310634966993345,-0.0335739700572222,0.0237017495243824,-0.00384301952712142,-0.0175267155062024,-0.00451316748911178
0.674363240647909,-0.300715234117962,-0.0336541744433099,-0.00892242286753551,-0.00372140054064187,-0.0184219643565052,-0.00478154515501807
0.720388072969276,-0.290021891634691,-0.0338753403893152,-0.041810403906433,-0.00358130337437224,-0.0192719286954837,-0.00493481417092469
0.765154884989555,-0.27866257757519,-0.0342210034793456,-0.0749836014980284,-0.00343264218374828,-0.0200617082968396,-0.00496464641133835
0.808556683965932,-0.266777409127462,-0.0346675143838156,-0.108420588240878,-0.00328519705156288,-0.0207753422809005,-0.0048661260776538
0.85043111185228,-0.254528894608264,-0.0351869531744658,-0.142042252258721,-0.00314782770387142,-0.0213975054552418,-0.00463835797505073
0.890561950584209,-0.242089965559715,-0.0357505858101589,-0.175706518096454,-0.00302790753552555,-0.021915149270887,-0.00428476411367737
0.92869089899639,-0.22963350319137,-0.0363320460006253,-0.209213981019923,-0.00293106891792208,-0.022318815012833,-0.00381303761255222
0.964535161348225,-0.217325765791947,-0.0369093734802889,-0.242322629237045,-0.00286122116058546,-0.0226033534745369,-0.00323478878756766
0.997807597557647,-0.205326160815586,-0.0374655089633091,-0.274767917203484,-0.00282071576253587,-0.0227680173562945,-0.00256499888965032
1.0282330499522,-0.193793441518389,-0.0379872166138311,-0.306283111675464,-0.00281048030556502,-0.0228159730209386,-0.00182140055895476
1.05555842630205,-0.182897678968863,-0.0384629825828836,-0.336616039577811,-0.00282998413125602,-0.0227534517248402,-0.00102389274119181
1.07955371106037,-0.172835500157987,-0.0388806561539024,-0.365539570394602,-0.00287698878622443,-0.0225887338278084,-0.000194033965712695
1.10000469464398,-0.163845453585869,-0.0392257711995518,-0.392855532148981,-0.00294717634716935,-0.0223311630812634,0.000645396450182602
1.1166988103905,-0.156219134029149,-0.0394813578885338,-0.41839317638872,-0.00303388704954313,-0.0219902910888229,0.00147083131462359
1.12940797091728,-0.150302830889514,-0.0396298249147464,-0.44200478900337,-0.00312830893062031,-0.021575198904526,0.00225842615709921
1.13787169378749,-0.146483188046427,-0.0396569662089657,-0.463560933935102,-0.00322047666818579,-0.0210939433284496,0.00298471977127426
1.14178860396458,-0.145150833959589,-0.0395576261986541,-0.48294894815822,-0.00330129858244146,-0.0205531174185342,0.00362746966059875
1.14081944630732,-0.146637132441255,-0.0393416002225351,-0.500075276312366,-0.00336543546532679,-0.0199574021864264,0.00416660127472889
1.1346097218065,-0.151125931121437,-0.0390378825161306,-0.514872381939094,-0.00341427491406862,-0.0193091340805455,0.00458513327283119
1.12283198154843,-0.158552180091507,-0.0386949887767062,-0.527306492554641,-0.00345763939078815,-0.0186078935137778,0.00486989440558596
1.10524429772867,-0.168513613874031,-0.0383758041265432,-0.537381448854597,-0.00351272563132467,-0.0178502863119611,0.00501190731618968
1.0817520969787,-0.180232270913186,-0.038147034604732,-0.545133922881176,-0.00359953638008348,-0.0170301792617012,0.00500645710494842
1.05245344645619,-0.192599376364601,-0.0380656704697895,-0.550619037415111,-0.00373376163685251,-0.0161396452711273,0.00485300945229495
1.01764820807256,-0.204312377553421,-0.0381668003728522,-0.553891334855104,-0.00391985029828781,-0.0151706612447353,0.00455516842249203
0.977802198796959,-0.214073335638526,-0.0384572466362183,-0.554989705280442,-0.00414750234265369,-0.0141172123177423,0.00412071753738313
0.933476204166432,-0.220786827104994,-0.0389173166179446,-0.553933411814244,-0.00439329794717492,-0.0129771519498561,0.00356158881142181
0.885243755943158,-0.223695368030177,-0.0395095172745003,-0.550729699699595,-0.00462655427365246,-0.0117531854209407,0.00289353102845216
0.833624814580797,-0.22242232988376,-0.0401905603716283,-0.545388246784091,-0.00481663971258108,-0.0104527521459752,0.00213538352167024
0.779049643425985,-0.216932251043125,-0.0409225012612528,-0.537934944595817,-0.00493895876839191,-0.00908702594851766,0.00130806268388436
0.721853774440075,-0.207443461833184,-0.0416802987514128,-0.528420726353284,-0.00497820444727017,-0.00766953540709323,0.000433500856869415
0.662295640182335,-0.194329956785086,-0.0424550013811989,-0.516925275576165,-0.00492899760147308,-0.00621487779886362,-0.00046624128664194
0.600583934055272,-0.178036353207003,-0.0432529991508523,-0.503556379787786,-0.00479483675808203,-0.00473776182295835,-0.00136958246486746
0.536906675696919,-0.159015767472735,-0.0440924340483199,-0.488447622084935,-0.00458635965283193,-0.0032524203339476,-0.0022557497174115
0.471455870013178,-0.137689880484365,-0.0449977778904917,-0.471755029825103,-0.00431956832057204,-0.00177226906064611,-0.00310490598633191
0.40444519510132,-0.114426313173644,-0.0459934538202673,-0.453652650858671,-0.00401428228896955,-0.000309653143238127,-0.00389817591931391
0.336119996014564,-0.0895281201916749,-0.0470972986096699,-0.434326604136609,-0.0036928128910707,0.00112444355584943,-0.00461766302388668
0.266759583563046,-0.0632316244472817,-0.0483146962708323,-0.413967148882462,-0.00337872417323398,0.00252078075326892,-0.0052465305574896
0.196672299750382,-0.0357105617898056,-0.0496343126107368,-0.392758829796894,-0.00309553307356038,0.0038723077286118,-0.00576919333136274
0.126184591429513,-0.00708582425328414,-0.0510264326373816,-0.370869879548009,-0.00286526648888636,0.00517457702332487,-0.00617164654883819
0.0556255509468152,0.022559672635548,-0.0524446681844793,-0.348442279325031,-0.00270689120992266,0.00642599303441657,-0.00644192803413476
-0.0146905365372688,0.0531619070072086,-0.0538313374264636,-0.325584682558588,-0.00263475319776627,0.00762776945173873,-0.00657068475067317
-0.084480753193887,0.0846545775527098,-0.0551259572361769,-0.3023699408324,-0.00265725883969201,0.00878352105904901,-0.00655177643001829
-0.153506121398947,0.116949124779211,-0.0562753255305583,-0.278838189001428,-0.0027760753791328,0.0098985008640303,-0.00638281355269502
-0.221577589567562,0.149919748880754,-0.0572429917854341,-0.255005539957624,-0.00298608867707888,0.0109785962701844,-0.00606551401991775
-0.288554168632565,0.183396479344672,-0.0580157623815856,-0.230876795090639,-0.00327621766548875,0.0120292636179551,-0.00560577251275248
-0.354333690519535,0.217167430712683,-0.0586056347236415,-0.206459837373952,-0.00363098920980989,0.0130545986164142,-0.00501339891856175
-0.418838567589108,0.250989024928626,-0.059046880476541,-0.181778988158202,-0.00403258758074328,0.0140566882862438,-0.00430156744665681
-0.482000068809922,0.284601061710934,-0.0593893576139984,-0.156884744655793,-0.00446298257516563,0.0150352832248452,-0.00348609229794114
-0.543744611739884,0.31774285848468,-0.0596899941920905,-0.13185807136272,-0.00490574787227063,0.0159877183947216,-0.00258468317811255
-0.603985263808053,0.350167781029205,-0.0600045610940302,-0.106808673113259,-0.00534729520815206,0.0169089654813341,-0.00161632834326826
-0.66261953798116,0.381654593343866,-0.0603811616267966,-0.0818671230712712,-0.00577739446459359,0.0177916753477908,-0.000600892304807661
-0.719533712931646,0.41201593622619,-0.0608561040328589,-0.0571716486547053,-0.00618899595627802,0.0186261513587911,0.000441041599911719
-0.774612469318868,0.441104983481835,-0.061452026150902,-0.0328506554371021,-0.00657746813343692,0.0194002798037933,0.00148811628903247
-0.827751247809706,0.468821061888977,-0.0621776717143911,-0.00900251883451501,-0.00693942279533998,0.0200995291816477,0.00251801133538405
-0.878868588934053,0.495114560257504,-0.0630287083933259,0.0143249201614361,-0.00727135403248391,0.0207072212542268,0.00350722889046419
-0.927915015668086,0.519990057088556,-0.0639891597710776,0.0371516074313933,-0.00756836952926267,0.0212053002239169,0.00443099716028948
-0.974874360495464,0.543504970613914,-0.0650333156053753,0.0595744010961493,-0.00782334403688756,0.0215757720917371,0.00526345713091519
-1.01975618027986,0.565761453160885,-0.0661284230162227,0.0817624522028988,-0.00802686101242333,0.0218028955016489,0.00597831312787324
-1.06257594784346,0.586887614339876,-0.0672382482361047,0.103934193843277,-0.00816818941230432,0.0218758632589114,0.00655007092604201
-1.10332783335406,0.607009292752579,-0.0683276861551711,0.126315207513178,-0.00823732902230061,0.0217915074982385,0.00695587909698843
-1.141953622031,0.626214808496791,-0.0693676677150547,0.149082765339105,-0.00822770689971963,0.0215561814986452,0.00717774514568735
-1.1783196185821,0.644522558795644,-0.0703393712415252,0.172310623204216,-0.00813873906835392,0.0211860760574187,0.00720468413956692
-1.21220861823808,0.661860943405096,-0.0712362280084523,0.195931275527377,-0.00797727658129179,0.0207055003138013,0.00703420582211519
-1.2433334765242,0.67806986565735,-0.0720629441548082,0.219729824139094,-0.00775726988263102,0.0201434081382193,0.00667269066570469
-1.27136660216917,0.692923560639111,-0.0728315059945274,0.243372317486453,-0.00749760418575054,0.0195290070704947,0.00613453306430139
-1.29597867257383,0.706169622805921,-0.0735555116717781,0.266459393532048,-0.00721877660671987,0.0188876534620529,0.00544037880394407
-1.3168701377963,0.717570278318963,-0.0742442000478506,0.288586990562594,-0.00693937624756031,0.0182378753708156,0.00461498377476355
-1.33379276857242,0.726938429556916,-0.074897932825835,0.309398045569665,-0.00667328450501893,0.0175900098571339,0.00368525870640953
-1.34655087515004,0.73415811723396,-0.0755054649662678,0.32861331490551,-0.00642803720216765,0.0169462224341111,0.00267878485399332
-1.35499326806181,0.739193021506868,-0.0760436178633937,0.346040812950847,-0.00620446111785652,0.0163016361309196,0.00162291484025597
-1.3589890581757,0.742078530628809,-0.0764784191124607,0.361564991457147,-0.00599730810322203,0.0156459668830068,0.000544321025141779
-1.35840939468302,0.742909500624819,-0.0767682683087314,0.375125902074668,-0.00579664295054081,0.0149655537232792,-0.00053113088692689
-1.35309540331237,0.741812640997771,-0.0768674375326972,0.386689005736315,-0.00558955783753306,0.014245294422726,-0.00157840026310326
-1.3428567489767,0.7389273130939,-0.0767318751822358,0.396221751509079,-0.0053621345872615,0.0134708879041353,-0.00257327914273669
-1.32744216423582,0.73436172905388,-0.0763234561308936,0.403665273358089,-0.00510120392461904,0.0126306185024854,-0.00349251106058609
-1.30658972240251,0.728184637631675,-0.0756179675062915,0.408934227723291,-0.00479616960096229,0.0117177215266172,-0.00431414712125018
-1.27998759963292,0.720360942814778,-0.0746062922657349,0.411898904670998,-0.00444012748282791,0.0107313382641674,-0.00501794854195956
-1.24743348587419,0.710798269131463,-0.0733041408402332,0.412436169707044,-0.00403120512641968,0.00967863383366669,-0.00558642940958134
-1.208696439441,0.699232361908394,-0.0717413306613506,0.410397491280352,-0.0035723831950362,0.00857311500543966,-0.00600510825850306
-1.16391053032665,0.685434888134141,-0.0699783134215099,0.405751821745244,-0.00307234487917438,0.00743637247448266,-0.00626475330344878
-1.1130521988475,0.668912078228549,-0.0680671755942021,0.398430357759173,-0.00254328201169785,0.00629132225574896,-0.00635961250879243
-1.05692154981522,0.649523510543715,-0.066100327665722,0.388672601837451,-0.00200185754870384,0.00516604033159532,-0.0062926592041219
-0.995553016476889,0.626570410995487,-0.0641081744863931,0.376476696842724,-0.00146457762311393,0.00408000101610219,-0.00606702792600786
-0.930691584628015,0.600411944158782,-0.0622058876858726,0.362484871899541,-0.000949944136591631,0.0030561048674521,-0.00569994199558375
-0.86185630234184,0.570025361723948,-0.0603479816847263,0.346521140143335,-0.000472460775592194,0.00209865829240662,-0.00519846238166412
-0.791911662367316,0.536713159211492,-0.0586907449869227,0.329699709458155,-4.55629799031051e-05,0.0012182336074927,-0.00459296681082317
-0.719211655174932,0.498876361495023,-0.0570731302686221,0.311338204405974,0.000321393415727233,0.000402960137251615,-0.00388740390676461
-0.647560409308853,0.458870161173801,-0.0557208392046561,0.292989104740017,0.000624327589194606,-0.000350148646188093,-0.00311979665504521
-0.574257969888929,0.414599097232065,-0.0543686647882077,0.273430872425136,0.000857580170819887,-0.00105958163177374,-0.00229002820968696
-0.503090448171954,0.368816577384027,-0.053287214903835,0.254327583624581,0.00102568760310234,-0.00174074216652133,-0.00143306028339432
-0.431495750308219,0.319704190580382,-0.0521986219407437,0.234415212481273,0.00112494100926225,-0.00240886265561361,-0.000551959376305301
-0.36195174308385,0.269311356580563,-0.0513235169225774,0.214911092165516,0.00116311952365918,-0.00308686364968375,0.000330206627867873
-0.293102403737893,0.216829601021219,-0.050483067946694,0.19508617938438,0.00113943106682803,-0.00378567586450973,0.00120285478556695
-0.225866975846893,0.163225691866035,-0.0497829219177243,0.175497806205523,0.00106034804553438,-0.00452631805739379,0.00205204702248076
-0.159899462697351,0.108505661465838,-0.049159006897164,0.155982048704317,0.000928799307460385,-0.00531823552062292,0.00286373077235597
-0.0953833472025879,0.0530812739971991,-0.0486364995869148,0.136748864695395,0.000750719630074495,-0.00617382441181795,0.00362518859234468
-0.03232547352919,-0.00277583346144691,-0.048201843329435,0.117891911324252,0.000532524662621574,-0.00709824986898595,0.00432201414602957
0.0291856561479997,-0.0587428390821524,-0.0478537341287159,0.0995749241044884,0.000282622283504686,-0.008093029207697,0.00494004372458659
0.0890353004924913,-0.114484200471377,-0.047583570928587,0.08196368546249,1.12491655084357e-05,-0.00915323997955139,0.00546458128426194
0.14706977274973,-0.169641075284985,-0.0473800780823067,0.0652282726760404,-0.000269576915175679,-0.01026759059923,0.0058812229340549
0.203107381615775,-0.223836373550963,-0.0472276986331378,0.0495210485041945,-0.000546638791878752,-0.0114181872057104,0.00617642970825623
0.256956882963464,-0.276687890180017,-0.0471078350969015,0.0349580778886523,-0.000806501395346901,-0.0125813750416454,0.00633845926119448
0.30844214265502,-0.327828209286438,-0.0470004954962333,0.0216021794369336,-0.00103677353179103,-0.013729393338045,0.00635832668576649
0.357428550733395,-0.3769284301194,-0.0468866016211098,0.00945322604152467,-0.00122736897268119,-0.0148328271180324,0.00623069210163867
0.403845416381808,-0.4237203403972,-0.0467503180514702,-0.00155128485122442,-0.00137142524952067,-0.0158634969327438,0.00595449956919581
0.44769819904926,-0.468010551660698,-0.0465806531887296,-0.0115247205487237,-0.00146558860986875,-0.0167972348357018,0.00553322924801564
0.489068588886346,-0.509683939742773,-0.0463720623663968,-0.0206110352246267,-0.00150955648969262,-0.0176160699076812,0.00497475809194824
0.528103354259064,-0.54869663987253,-0.0461239868087992,-0.028960562350545,-0.00150500347962878,-0.0183094789086252,0.00429090673383274
0.5649933917931,-0.585059683996413,-0.0458393970729271,-0.036707594380557,-0.00145420780369902,-0.018874533108546,0.00349679370001393
0.599950240750007,-0.61882095410406,-0.0455231293508995,-0.0439547553651634,-0.00135879947641331,-0.01931520047754,0.0026101940824534
0.63318023250611,-0.650046077869359,-0.0451801594729649,-0.0507670950097625,-0.00121898960423425,-0.0196409648598613,0.00165099054044703
0.664863103891776,-0.678805910746724,-0.0448146028677133,-0.0571768942880838,-0.00103353400383717,-0.019865243351462,0.000640823349235246
0.695131008466609,-0.705166461523278,-0.0444292183790087,-0.0631977404936582,-0.000800491494580227,-0.0200036793887841,-0.000397090821171955
0.724053644174817,-0.729186314215119,-0.0440258670477396,-0.0688456001904416,-0.000518703966509855,-0.0200726218171607,-0.00143799603929433
0.751624668482112,-0.750914259058218,-0.0436063998056177,-0.0741626931710739,-0.000189759234183243,-0.020087631226528,-0.00245561042575095
0.777755830617005,-0.770389913600203,-0.0431740742733642,-0.079239654582582,0.000179913537151961,-0.0200621080366483,-0.00342224646899088
0.802278357645822,-0.787642047585484,-0.0427349322106682,-0.0842298770087257,0.000577302801614873,-0.0200058952042831,-0.00430920993772232
0.824958451892923,-0.802687240987498,-0.0422989272465113,-0.0893503330307728,0.000981992840615887,-0.0199240038308857,-0.00508764815382708
0.845527108069733,-0.815527526785857,-0.0418802288116997,-0.0948642464176131,0.00136680226468542,-0.0198156177680674,-0.00572995047230848
0.863724110436427,-0.826150498702301,-0.0414964426261673,-0.101045477872073,0.00170018269393138,-0.019673773928195,-0.00621167111234277
0.87934756899966,-0.834532701435672,-0.0411666026220204,-0.108130506515872,0.00195018820557184,-0.0194860675007845,-0.00651371981797742
0.892296190511103,-0.840647081131895,-0.0409083058902068,-0.116270360355667,0.00208919990217404,-0.019236535582233,-0.00662436844426419
0.902591161577697,-0.84447330121259,-0.0407347835480036,-0.12549736619192,0.00209813718264976,-0.018908486316452,-0.00654055040209266
0.910369227287658,-0.846007190541665,-0.0406528138596879,-0.135717769806852,0.00196891500857401,-0.0184875934409147,-0.00626807276260017
0.91585043005049,-0.845267269896756,-0.0406622111385586,-0.146732421434369,0.00170450541332736,-0.0179644585842528,-0.00582070418343839
0.919290461121242,-0.842295138990342,-0.0407569172689391,-0.158277584090227,0.00131684126997408,-0.017335936751213,-0.00521842922501122
0.920933396871675,-0.837150768265948,-0.0409272766305382,-0.1700725025128,0.000823490899948971,-0.0166050663723868,-0.00448536703119884
0.920975758590193,-0.829903206811917,-0.0411626989080769,-0.181860582567998,0.000244234240105034,-0.0157798420781291,-0.00364781399068445
0.919548467443335,-0.820619449838151,-0.0414540803562437,-0.193436147321315,-0.000401589495871063,-0.0148713904637932,-0.00273271131098763
0.916715925395819,-0.809352834665022,-0.0417955833634294,-0.204654461003972,-0.00109656960051913,-0.0138921007909128,-0.00176662844649314
0.912488749263607,-0.796132986875391,-0.0421857152259923,-0.215427354367933,-0.00182558127564749,-0.0128541224921755,-0.000775209898448061
0.906845292190838,-0.78095911823882,-0.0426278132786269,-0.225708985531928,-0.00257530348832076,-0.0117684156039939,0.000217044526311122
0.899756625328894,-0.763797920551583,-0.0431300326957531,-0.235476498588291,-0.00333327118253665,-0.0106443355078423,0.00118681520315852
0.891211200843377,-0.744587976538347,-0.0437048909767328,-0.244709945317456,-0.00408681297776651,-0.00948962481691246,0.00211194574844552
0.881235285764495,-0.723251435571392,-0.044368287837102,-0.253374837027511,-0.0048221600205126,-0.00831062649877515,0.00297147853789591
0.869906381165688,-0.699713088316358,-0.0451379063938698,-0.261410066774952,-0.00552394429597766,-0.00711255538305768,0.00374581311177102
0.857356598000389,-0.673924446287194,-0.0460309274487577,-0.268722952066912,-0.00617523267022485,-0.00589970857214054,0.00441701888785551
0.843764963011593,-0.64588913796958,-0.0470612173452565,-0.275192432856308,-0.00675816463971036,-0.00467557812316347,0.00496929309978097
0.829338960891972,-0.615683974679537,-0.0482363838096611,-0.280680068394793,-0.00725515293859509,-0.00344289052989752,0.00538951357296835
0.814288221396321,-0.583470060533538,-0.0495553328946291,-0.285047033564329,-0.00765048042862181,-0.00220364245035156,0.00566780438317729
0.798795458078516,-0.549489954913223,-0.0510070293189613,-0.28817386988551,-0.00793200930613765,-0.000959205745275474,0.00579801797048933
0.782990745256065,-0.514050003737037,-0.0525709770273488,-0.289978772535609,-0.00809265202658812,0.000289459012838185,0.00577804361441408
0.766935144519525,-0.477491136256484,-0.0542195597564415,-0.29043040784837,-0.00813128160791525,0.00154149253661297,0.00560988329890178
0.750617003272568,-0.440154169684397,-0.055921851800519,-0.289552287491902,-0.00805287346054138,0.00279579161610057,0.00529947431919998
0.733961343637326,-0.402347120371397,-0.0576481164446639,-0.287417896747622,-0.00786785486563365,0.00405070679238838,0.00485628475441786
0.716849601775609,-0.36432098654638,-0.0593740465569917,-0.284138085649976,-0.00759082324702945,0.00530384351230489,0.00429274637205394
0.699144623283905,-0.326257608760737,-0.0610839105958661,-0.279843942334758,-0.0072389212758913,0.0065519827426968,0.00362361173581435
0.680715351611901,-0.288270021914026,-0.0627721083229307,-0.274669172826572,-0.00683019913761389,0.00779108830008998,0.00286532832638137
0.661456437016967,-0.250412991748566,-0.0644430277105403,-0.268735622192565,-0.00638224883379875,0.00901633779866453,0.00203550860654187
0.641300024985898,-0.212700136954639,-0.0661094297262897,-0.26214451405063,-0.00591129805241539,0.0102221179696894,0.00115254906892428
0.620218502877258,-0.175123706004118,-0.0677897076782247,-0.254974339769341,-0.00543182890797114,0.0114019535111362,0.000235414734379135
0.598218953744913,-0.137673998678347,-0.0695044087372467,-0.24728512617357,-0.00495668611335179,0.0125483911102695,-0.000696425862701832
0.575330932642133,-0.100356343071641,-0.0712723228275214,-0.2391277278063,-0.00449755801574779,0.0136529094819723,-0.00162295981315625
0.551589754723605,-0.0632043491194402,-0.0731063874244238,-0.230556107651546,-0.00406565854879778,0.0147059610886508,-0.00252354981359398
0.527018060494202,-0.0262885846374948,-0.0750097129250475,-0.221640196714276,-0.00367240143581013,0.0156972626798054,-0.00337689863227169
0.50160853720537,0.010280254018184,-0.0769721548595112,-0.212476485652572,-0.00332983174735152,0.0166164172194898,-0.00416115344251461
0.475311480612145,0.0463546268996225,-0.0789681391992192,-0.20319351779629,-0.00305058535803315,0.0174538874216107,-0.00485424964016647
0.448030765902667,0.0817606911602564,-0.080956609003565,-0.193949590652208,-0.00284719701392175,0.0182022269471724,-0.00543458008703674
0.419631471375411,0.116315944493552,-0.0828839658507875,-0.184921094329791,-0.00273071105497719,0.0188573574543216,-0.00588203365309792
0.389960058464152,0.149852011917052,-0.0846903584427783,-0.176281752644585,-0.00270876227930673,0.0194195636927053,-0.00617935882057587
0.358875145161,0.182238356691523,-0.0863188043606121,-0.168176108904233,-0.00278355496149589,0.0198938715534702,-0.0063136919722737
0.326282412112514,0.213400949929827,-0.0877253543601181,-0.160693236653057,-0.00295035349095964,0.0202895585959417,-0.00627796606219973
0.292164705504466,0.243330166469378,-0.0888876846618841,-0.153848206195843,-0.00319708863426305,0.0206187889093314,-0.00607186559286005
0.256598244821785,0.272074749924944,-0.0898094550350158,-0.147577305227069,-0.00350540063317437,0.0208946234035027,-0.00570205600089112
0.219750173076732,0.299723222056673,-0.0905190197444742,-0.141749041862526,-0.00385297767938805,0.0211288731961547,-0.00518161030386415
0.181858806422823,0.326378227080179,-0.0910629342831204,-0.136187714722875,-0.00421661226812881,0.0213302859310812,-0.00452878978817406
0.143202979889667,0.352130596746232,-0.0914961853823298,-0.130702266484932,-0.00457519670723055,0.0215033655565002,-0.00376549378270597
0.104069634111156,0.377038964761306,-0.0918718337135271,-0.125112559399438,-0.00491199489630107,0.0216479129409711,-0.00291573300116351
0.0647272738411136,0.401117644400428,-0.0922322823137102,-0.119267213885504,-0.00521584121518821,0.0217591668527274,-0.00200438319313548
0.0254092766570297,0.424332030781115,-0.0926032493902105,-0.113050469068706,-0.00548125330113172,0.0218283173110134,-0.00105632253542954
-0.0136921989461427,0.446600162801002,-0.0929908235964216,-0.106379177041075,-0.00570770015958488,0.0218432622191742,-9.59353783829593e-05
-0.0524241153665887,0.467797328295125,-0.0933810137840659,-0.0991925462357419,-0.00589834799134205,0.0217894751693987,0.000853131404378949
-0.0906653050239502,0.487763958936675,-0.0937416884430163,-0.0914388865722386,-0.00605863657355861,0.0216510802325822,0.00176808957832303
-0.128317360989009,0.506312976038311,-0.0940258310510485,-0.0830621867020222,-0.00619491458912561,0.0214120069314284,0.00262714394161568
-0.165296336197787,0.523243285090925,-0.0941772732159671,-0.0739932838012996,-0.00631341381563985,0.0210575621012841,0.00340974316005436
-0.201525856934803,0.538350730319182,-0.0941369047008162,-0.0641460227830549,-0.00641956658043038,0.0205759399713158,0.00409699223985546
-0.236934666630048,0.551449847168009,-0.0938515331511428,-0.0534222281720546,-0.00651786865673972,0.0199601046116693,0.00467228183406392
-0.271454106513716,0.562386635044809,-0.093281025658989,-0.0417219371869844,-0.00661200659230065,0.0192089837719241,0.0051219857881193
-0.305021776804973,0.571062862485387,-0.0924065575101406,-0.0289601813169574,-0.00670538487064469,0.0183285838134679,0.00543625478660405
-0.337580286192216,0.577439776857078,-0.0912333473558063,-0.0150828544130699,-0.00680151341682146,0.0173316380825345,0.00560954059435758
-0.369082780088737,0.58154958643875,-0.0897921228201937,-8.07336003130904e-05,-0.00690442535690985,0.0162368393885598,0.00564095889704413
-0.399489545904994,0.58347999098238,-0.0881334331936384,0.0160047745238617,-0.00701860515433325,0.0150666226092899,0.00553410660930577
-0.428771367745625,0.583365208345607,-0.0863210063197241,0.0330835545890498,-0.00714876951860124,0.013844921171946,0.00529663544232401
-0.456904998302013,0.581358898310987,-0.0844213433109177,0.0510266197640989,-0.00729926464188616,0.0125944941316211,0.00493940916377038
-0.483874474289072,0.57761619307151,-0.0824951799612869,0.0696804195995883,-0.00747348213558358,0.011334917174822,0.00447561454836438
-0.509668542485683,0.57227265816733,-0.0805899542387131,0.0888819265921351,-0.00767325510142213,0.0100810720058683,0.00391982438509809
-0.534282218542827,0.565434050154245,-0.0787358826193263,0.108471579745584,-0.00789847730995519,0.008842509460215,0.00328723968341599
-0.557717326090057,0.557170527835209,-0.0769446830992668,0.128301683476215,-0.00814690796271499,0.00762344187323815,0.00259311359539116
-0.579985058406224,0.547518791154801,-0.0752110620380864,0.14823991434553,-0.00841420732931722,0.00642328875367363,0.001852410591724
-0.601108193457494,0.536488253250957,-0.0735158736411461,0.168168036505885,-0.0086941315576156,0.00523754046284771,0.00107966425095892
-0.621123718881338,0.524071022793118,-0.0718304267599894,0.187977072560861,-0.00897885272885789,0.00405880791548763,0.00028900557055236
-0.640084600844792,0.510253595146189,-0.0701212911412536,0.207560145636289,-0.00925934781963997,0.00287794292637982,-0.000505689771973438
-0.658060337021094,0.495029591280187,-0.0683553075207697,0.226804515002063,-0.00952582995811904,0.00168518406471007,-0.0012905836833812
-0.675135654890684,0.478412845021833,-0.066504595847013,0.245584339747515,-0.00976820707399557,0.000471314214225145,-0.00205163990929323
-0.691406436313169,0.460449830061455,-0.0645513215858339,0.263755627502494,-0.00997655689246887,-0.000771173992715394,-0.00277442442956271
-0.706972428602374,0.441230312777915,-0.0624918874952839,0.281154851722682,-0.0101416088488243,-0.00204692216627208,-0.00344399693870334
-0.721926801327782,0.420894580278781,-0.060340016306904,0.297602503866395,-0.0102552111824245,-0.00335661918752913,-0.00404494817212611
-0.736343082804601,0.399634934038673,-0.0581279846718815,0.312912149750923,-0.0103107385324157,-0.00469610047256958,-0.00456162999408667
-0.75026151190832,0.377689491093914,-0.0559052997055716,0.326904696916358,-0.0103033860858534,-0.00605580611812457,-0.00497860929718366
-0.763677305744705,0.355326826141207,-0.0537343285101879,0.339425939524268,-0.0102302865866213,-0.0074207962336364,-0.00528134273380716
-0.776534759949998,0.332822306449395,-0.0516830593432547,0.350364290443461,-0.0100904201161509,-0.00877149293798703,-0.00545702819271243
-0.788729963991363,0.310428997171578,-0.049815926388288,0.35966430469638,-0.00988432474738245,-0.0100852053172902,-0.00549553319002801
-0.800124053192141,0.288348744251847,-0.048184451585421,0.367332040320118,-0.00961369149237497,-0.0113383200714571,-0.0053902632540516
-0.810565905277319,0.266709894860759,-0.0468197755607451,0.373429727783332,-0.00928097888375035,-0.0125088422086483,-0.00513881992094072
-0.819920606776367,0.245557242080298,-0.0457288508396805,0.378060088963276,-0.00888920550455834,-0.013578836343958,-0.00474333268769172
-0.82809806851514,0.224856767341698,-0.0448951184160207,0.38134364891487,-0.00844204131104644,-0.0145363121517895,-0.00421042234256334
-0.835075536935837,0.204513708467587,-0.044283236605977,0.383394294025669,-0.00794422592427892,-0.015376227620307,-0.00355083955909964
-0.840909514488803,0.184399315728316,-0.0438464348015904,0.384298873482019,-0.00740223550233698,-0.0161005137245934,-0.00277889670337689
-0.845734929019616,0.164380115732391,-0.0435346208561161,0.384105358815744,-0.00682502400011077,-0.0167172468505502,-0.00191184041546021
-0.849751725564851,0.144343979777626,-0.0433015662104908,0.382821894128961,-0.00622461179387501,-0.0172392353236532,-0.000969297221293486
-0.853200987726619,0.124219128667898,-0.043110117488693,0.380426989644853,-0.00561629109220086,-0.0176823192731039,2.71214397591129e-05
-0.856333144312066,0.103984144215576,-0.0429350571293721,0.376889204396456,-0.00501824541251915,-0.0180636118770017,0.00105402935449331
-0.859371486513658,0.0836686635214778,-0.0427637702282019,0.372193505735973,-0.00445044392880077,-0.0183998079724464,0.00208632243237991
-0.862474551450574,0.0633453240164519,-0.0425951165332464,0.366370220307428,-0.00393277033527061,-0.0187055832285607,0.00309716692883243
-0.865702338077236,0.0431143482797192,-0.0424369664235362,0.359521284588122,-0.0034825111536459,-0.0189920638495722,0.00405805250715296
-0.86899269080882,0.0230833992622538,-0.0423028321910698,0.351837113152072,-0.00311156804510927,-0.01926537148558,0.00493908989498245
-0.872154920353881,0.0033473432361818,-0.0422080631756396,0.343596826102403,-0.00282403919618039,-0.0195253579131198,0.0057097613355554
-0.874885594988177,-0.0160254454702783,-0.0421661785912802,0.335145880487164,-0.00261500851981815,-0.0197648011578706,0.00634030403393833
-0.876806142015204,-0.0349933755522091,-0.0421860225820047,0.326849916821406,-0.00247129360064176,-0.0199694759653496,0.00680377539719923
-0.877514265763254,-0.0535251911269845,-0.0422703506014993,0.319031709003405,-0.00237437863812655,-0.0201195007777713,0.00707859714637231
-0.876634895937858,-0.0715707459079345,-0.0424160830682348,0.311906866162721,-0.00230488100742187,-0.0201920843927622,0.0071510749093136
-0.873855485471064,-0.0890306352184972,-0.0426158779337525,0.305538252252488,-0.002247088817643,-0.0201652673240637,0.00701720755357998
-0.868937585641329,-0.105739125459027,-0.0428602351657911,0.299825005118046,-0.00219191992739782,-0.020021746128892,0.00668321201822396
-0.861706511882693,-0.121469715472024,-0.0431392581718388,0.294529441899014,-0.00213732297794608,-0.0197516891365595,0.00616458787561436
-0.852029794735012,-0.135962366866289,-0.0434435916371072,0.289331285936035,-0.00208631236480872,-0.0193538156756512,0.00548404519130044
-0.83979602146118,-0.148962154329292,-0.0437645285154758,0.283890278429118,-0.00204378280912276,-0.0188346680296566,0.00466892765813275
-0.824901913624644,-0.160256029626804,-0.0440936372257347,0.277899473943478,-0.00201350160319092,-0.0182066256826248,0.00374877371052701
-0.807248255178925,-0.16969751058913,-0.0444222461573489,0.271118637855425,-0.00199626314447491,-0.0174854485043043,0.00275342736170011
-0.786741830871763,-0.177215502398203,-0.0447410072256688,0.263386055764311,-0.00198952096854594,-0.0166880496859977,0.00171183440559543
-0.763298081654986,-0.182808840918516,-0.0450395141077519,0.254612549640047,-0.00198826109395995,-0.0158308665511532,0.000651440737461878
-0.736842018848583,-0.186531495621095,-0.0453059488521112,0.244764360597253,-0.00198662098230482,-0.0149289164951717,-0.000401984513363517
-0.707306608476909,-0.188473870741046,-0.0455267419014795,0.233841154347698,-0.00197973634574622,-0.0139953949148541,-0.00142430097283261
-0.674629483111967,-0.188744580534077,-0.0456863224880738,0.221853968494135,-0.0019653995285697,-0.0130415712993064,-0.00239289623066949
-0.638751885570141,-0.187455990144665,-0.045767265277268,0.208807120548353,-0.00194524562849711,-0.0120767856345733,-0.00328666023470855
-0.599621835789342,-0.184714872287888,-0.0457510716249587,0.194686271000313,-0.00192528222836129,-0.011108380913901,-0.00408611979457609
-0.557202806065163,-0.18061835402958,-0.0456197473672458,0.179453960331905,-0.00191566510506809,-0.0101415223286814,-0.00477376430785177
-0.511489018567941,-0.175254902692326,-0.0453582258019578,0.163053462149654,-0.00192971901498648,-0.00917899097920842,-0.0053345494957923
-0.462522651533412,-0.168708456244441,-0.0449571105739936,0.145419382760803,-0.00198230528809407,-0.00822104499004541,-0.00575649715477912
-0.410410221685423,-0.161064517263037,-0.0444151915660297,0.1264933262422,-0.00208778209191264,-0.00726552577993192,-0.00603128508473941
-0.355331948878336,-0.152416092066016,-0.0437408730130512,0.106240868681134,-0.0022579072077133,-0.00630827964221881,-0.00615468789908769
-0.297541516596534,-0.142868377326442,-0.042952045646595,0.0846664155376573,-0.00250008696241069,-0.00534390715819021,-0.00612677067629781
-0.237352548048487,-0.132540245578093,-0.0420740030536697,0.0618218535201414,-0.00281629724191597,-0.00436667604530503,-0.00595174214841385
-0.175119494646634,-0.121564522423645,-0.0411364382700038,0.0378089145744993,-0.00320288611331747,-0.00337151159596425,-0.00563757009811969
-0.111208166094558,-0.110083568073788,-0.0401691515597194,0.0127725562944585,-0.0036511633373884,-0.00235470752560484,-0.00519527474711923
-0.0459728853634156,-0.0982466481245982,-0.0391989960909642,-0.0131093904521127,-0.00414865031028083,-0.00131444357496668,-0.00463825050591418
0.0202677758997499,-0.0862037054123881,-0.0382466350726227,-0.0396407454627591,-0.00468052067303318,-0.000250849311301348,-0.0039814422532552
0.0872424435555462,-0.074103636929208,-0.0373257348087051,-0.0666197533344189,-0.00523106394074357,0.000834106517798261,-0.00324079485820246
0.154732536180203,-0.0620923508329206,-0.0364426872994123,-0.0938492567993041,-0.00578476761729604,0.00193693096785285,-0.00243278681920858
0.222569295977949,-0.0503146707207256,-0.0355980627049772,-0.121142663328809,-0.00632702471553263,0.00305292186147525,-0.00157425313077847
0.290625201513503,-0.0389172058684222,-0.0347884716540862,-0.148325349871897,-0.00684435676285649,0.00417642891304101,-0.000682365167369888
0.358801173765378,-0.0280524571734428,-0.0340089815557478,-0.175232605402917,-0.0073242890024054,0.00530101405315386,0.000225222087950827
0.427009270749037,-0.0178822697265935,-0.0332554109288297,-0.201704567743744,-0.00775495926847824,0.00641951410839517,0.00113014383727817
0.495152452557713,-0.00857969861558571,-0.0325264680891813,-0.227580295256097,-0.00812466583024172,0.00752407955889368,0.00201307481946174
0.56310260332609,-0.000327751352100492,-0.0318253794963065,-0.252692712603991,-0.00842153281350936,0.00860628313220781,0.00285354826005424
0.630679248821274,0.0066861048004494,-0.0311606909235215,-0.276866293109409,-0.00863348545023418,0.00965739276031621,0.00362994445117202
0.69763387454739,0.0122800404848499,-0.0305459877423815,-0.29991947053449,-0.00874872156682737,0.0106688812163948,0.00431975824629493
0.763643245342178,0.0162917451076229,-0.0299982326498711,-0.321671793108705,-0.00875676128821069,0.0116331309960533,0.00490023000798857
0.828317211071654,0.0185936022745177,-0.02953488694784,-0.341955592299912,-0.00865007464569688,0.0125442305921745,0.00534938641625929
0.891223031917236,0.0191053830362507,-0.0291703518639552,-0.36062985999201,-0.00842609065030391,0.0133986581945033,0.00564745406687965
0.951922824989689,0.0178004660191399,-0.0289126990690415,-0.377592455840611,-0.00808919145386308,0.0141956135766615,0.00577849710180302
1.0100163311011,0.0147032713141254,-0.0287618938462287,-0.392787062640657,-0.00765216979386224,0.0149368489500359,0.005732036495671
1.06517442654125,0.00987889227024839,-0.028710271370175,-0.406201416169628,-0.00713658812873073,0.0156259639230462,0.00550433794079978
1.11715158993705,0.00341946673745687,-0.0287452251630188,-0.417856728027214,-0.00657165836432618,0.016267333778699,0.00509910059782238
1.16577069616261,-0.00456669181230247,-0.0288529630367007,-0.427790502791154,-0.00599156139964215,0.0168649144707909,0.00452739281307515
1.21088659701426,-0.0139590306261262,-0.0290216424834289,-0.436038022980078,-0.00543155270855655,0.0174211731894519,0.00380687369443424
1.25234349787975,-0.0246219391283162,-0.0292424344482888,-0.442617948557652,-0.004923591158364,0.0179362585207782,0.00296050469869344
1.28994541570719,-0.0363993099219559,-0.0295081527664217,-0.447526828883256,-0.00449248654372268,0.0184074297291809,0.00201506287522167
1.32345071317777,-0.0491115269966524,-0.0298102446821417,-0.450743962215255,-0.00415350580322827,0.0188286982087127,0.000999754667609874
1.352592875532,-0.0625576523767796,-0.0301357016284015,-0.452245972875021,-0.00391200255943458,0.0191907222083633,-5.48609640843377e-05
1.37711744136521,-0.0765222313507054,-0.0304653221928971,-0.452027184030714,-0.00376501634680495,0.0194810474186282,-0.00111758867172491
1.39682404824083,-0.090784494204993,-0.0307742166113673,-0.450121405253713,-0.00370422268841067,0.0196848782901371,-0.00215704095578063
1.41160109484125,-0.105128238778733,-0.0310346268342632,-0.446619011747166,-0.00371927951943342,0.0197864939297565,-0.00314200340184705
1.42144662937272,-0.119352464550226,-0.0312205647501251,-0.44167396629947,-0.00380061950941554,0.0197713374038082,-0.00404194461740253
1.42647161121364,-0.133283763602661,-0.0313132744505474,-0.435496116679912,-0.00394098595810321,0.0196285976354031,-0.00482786241277536
1.4268834401584,-0.146790578759702,-0.031306137929525,-0.428326462287185,-0.00413540965613832,0.0193538466094216,-0.00547355573252569
1.42295224351056,-0.159797315131881,-0.0312075108110638,-0.420398186456487,-0.0043797984726851,0.0189511027479277,-0.0059572576086277
1.41496483133872,-0.17229390824859,-0.0310401946506152,-0.411891378275248,-0.00466875565564842,0.0184336080348727,-0.00626337565612215
1.40317570455012,-0.184335850001041,-0.0308371066997289,-0.402893795548302,-0.00499353384847219,0.0178228225008642,-0.00638393926009604
1.38776857773255,-0.196031944896707,-0.0306340320763924,-0.393380752079151,-0.00534101630607152,0.0171456581958518,-0.00631934220207204
1.36883734936159,-0.207520940404299,-0.030461444944336,-0.383221136010756,-0.00569422161483655,0.0164305377937764,-0.00607811734990094
1.34639163360523,-0.218942598019062,-0.0303378234558838,-0.372208327350749,-0.00603423005797425,0.0157032986921337,-0.00567577260632295
1.32038190878072,-0.230410413994203,-0.0302661973233708,-0.360105877168521,-0.00634289100133421,0.0149839285235045,-0.00513297984957231
1.29073500158599,-0.241992163745849,-0.0302343985286901,-0.346694601540565,-0.00660546721859052,0.0142847459342218,-0.00447354794711749
1.25738843256953,-0.253700988885596,-0.0302181969283024,-0.331809478124939,-0.00681252421865556,0.0136100943192246,-0.00372256691993859
1.22031623388071,-0.265496419315054,-0.0301858304879639,-0.315360571322642,-0.00696074368450626,0.0129572150755896,-0.00290496514782156
1.17954236856879,-0.277292297920871,-0.0301024021833104,-0.297337662377803,-0.00705270057114198,0.0123177848816912,-0.00204454951068833
1.13514317193507,-0.288968221601757,-0.0299331056722786,-0.277802401401524,-0.00709588074413041,0.0116796639030127,-0.00116348175991414
1.08724045414177,-0.300381335868706,-0.0296448178798669,-0.256872578404347,-0.00710127706463446,0.0110285391095311,-0.000282079677979458
1.03599027883337,-0.311377039273058,-0.0292062227150818,-0.234703371049451,-0.00708187773264778,0.010349347051116,0.000581171433131978
0.981569796782062,-0.321797803965843,-0.028586959138622,-0.211468581179311,-0.00705126057955755,0.00962746062066999,0.00140950268673941
0.924164814474876,-0.331490305208237,-0.0277564983716289,-0.187343881641034,-0.00702242369716726,0.00884969741952584,0.00218771985794099
0.863959910259428,-0.340311392754853,-0.0266834600877618,-0.162493152486713,-0.00700691371762242,0.00800521279994936,0.0029020915613269
0.801132423862178,-0.348133492091628,-0.0253359399212724,-0.137058513714748,-0.00701426919124927,0.00708631059256837,0.00354030243443724
0.735850044450432,-0.354849421308176,-0.0236831169407114,-0.11115422644647,-0.00705176163266454,0.00608914672210807,0.00409148551718498
0.668272895118233,-0.360376759213796,-0.0216981276908217,-0.0848648765808183,-0.00712440727383983,0.00501426186617615,0.00454633285827112
0.598558881045864,-0.364661099407578,-0.0193617493666104,-0.0582477220760637,-0.00723519617695751,0.00386684042906567,0.00489726514840755
0.526871615020946,-0.367677688511562,-0.0166661741351134,-0.0313389423464022,-0.00738547544124567,0.00265659531212844,0.00513863045752168
0.453388559536596,-0.369430433280991,-0.0136179540529176,-0.00416284771894695,-0.00757539899411647,0.00139720813382396,0.00526688733986604
0.37830897808397,-0.369948691710311,-0.0102393406715754,0.0232571099016054,-0.00780437453352846,0.000105339600376328,0.00528074114738473
0.301858217052207,-0.369280840638526,-0.00656745302042299,0.0508873561298218,-0.00807140939924409,-0.00120071158530717,0.00518118582117514
0.224289455084974,-0.367486689523272,-0.00265132098715443,0.0786747090990502,-0.00837533101827274,-0.0025025245688087,0.00497145457199102
0.145880538373045,-0.364628014084224,0.00145276831752134,0.106539665262751,-0.00871482546500823,-0.00378304765406532,0.00465685901048075
0.0669287796689888,-0.360760188778044,0.00568667513282281,0.134373013946672,-0.00908834630018971,-0.00502786098724421,0.00424456680432375
-0.0122559946944768,-0.355925295148687,0.00999554792022419,0.162035683685581,-0.00949392231399384,-0.00622606673090426,0.00374334422026831
-0.0913582478841498,-0.350147577837384,0.014331771918547,0.189361019841378,-0.00992893435783488,-0.00737073579350882,0.00316330896521598
-0.17006184191766,-0.343433010873794,0.0186570868427562,0.216159012658423,-0.0103899635408046,-0.00845893771777197,0.00251574385955978
-0.248053162622763,-0.335771693192475,0.022942620669201,0.242221195379982,-0.0108727512665247,-0.00949140864560476,0.0018129768924474
-0.325021682522583,-0.32714357538706,0.0271669443453363,0.267325827134764,-0.0113723476604674,-0.0104719593975851,0.00106834106092947
-0.400657966653985,-0.317526737199362,0.031312522710113,0.29124295548833,-0.0118834804485071,-0.011406706229396,0.00029619705330644
-0.474648473856132,-0.30690687568714,0.0353610844067768,0.313738804788654,-0.0124011344729895,-0.012303162259337,-0.00048801194123035
-0.546668480645586,-0.295288922916012,0.0392887538520811,0.334580946318914,-0.0129213794758146,-0.0131692690696503,-0.00126770494354359
-0.616372878599266,-0.282708607210779,0.0430617379463562,0.353543865694891,-0.0134423510401435,-0.0140123538984809,-0.00202516868119755
-0.68338746700664,-0.269243824195918,0.0466336478757159,0.370416432481258,-0.0139653205130942,-0.0148380819890522,-0.00274168844538666
-0.747301671298501,-0.25502309822962,0.0499453303511354,0.38501066845874,-0.0144956500190094,-0.015649436506883,-0.00339787913431949
-0.807665024078334,-0.240228867318398,0.0529279202497562,0.397171410994662,-0.0150433989475504,-0.0164458417796067,-0.00397428131811242
-0.863989128320613,-0.225092802576862,0.0555092304324878,0.406785426869755,-0.015623299903624,-0.0172225842060235,-0.00445225569369418
-0.915755422350601,-0.209880788375625,0.0576227064016275,0.413787813970892,-0.0162538442637002,-0.0179706955799958,-0.00481514289663654
-0.962429473157494,-0.194867341994116,0.0592173617272559,0.418164637579419,-0.0169553838869602,-0.018677459887187,-0.00504957413793303
-1.00347916189497,-0.180300872514277,0.0602663598759191,0.419950762207133,-0.0177473420764623,-0.019327540298579,-0.00514671741773795
-1.03839596267427,-0.166364336979059,0.0607721645980986,0.419224642148624,-0.0186449377090431,-0.0199045945898058,-0.00510320618337563
-1.06671735305359,-0.153136896527012,0.0607670010971492,0.416102370359057,-0.0196559945775856,-0.0203930429526463,-0.00492151976120009
-1.08805089244105,-0.140562563072406,0.0603088693958529,0.410734028723721,-0.0207784750905546,-0.0207796014302618,-0.00460971021783705
-1.10210168146878,-0.128430672584837,0.0594746053104585,0.403304051752117,-0.0219992507359487,-0.0210542672972061,-0.00418053815267662
-1.10870485402173,-0.116371593818786,0.0583519986089441,0.394035054573808,-0.0232943859866023,-0.0212106398547674,-0.00365022722366293
-1.10786153139443,-0.103869847232787,0.0570325684154712,0.38319201763369,-0.0246309257714393,-0.0212456616818619,-0.00303710979872445
-1.09977448721862,-0.0902960819106224,0.0556058449190107,0.37108332629366,-0.0259699621999758,-0.0211590417015901,-0.00236041541744316
-1.08487393199634,-0.0749572284839772,0.0541551069938587,0.358054959594946,-0.0272704917410525,-0.0209525952459416,-0.00163934837104496
-1.06382497217164,-0.0571611671368482,0.0527542819697189,0.344476930473063,-0.0284934504265719,-0.020629696339184,-0.00089249549748469
-1.03750972625258,-0.0362880100178315,0.0514656789483466,0.330723028678243,-0.0296052250199526,-0.0201948926349978,-0.00013750943974342
-1.00698377348172,-0.0118571798637133,0.0503384646384534,0.317147058268708,-0.0305800652179632,-0.0196536573684012,0.000609030019221144
-0.973412692791107,0.0164207011551861,0.0494078914226702,0.304059260275996,-0.0314010922420416,-0.019012207414052,0.00133167570033404
-0.937998904430084,0.0486149078772772,0.0486952759344529,0.291706139858628,-0.0320599622438852,-0.0182773294980097,0.00201616408118496
-0.901909559263839,0.0845713271408938,0.0482086342568767,0.280255738988094,-0.0325555412941963,-0.0174561851956991,0.00264949055082983
-0.866214217379027,0.123932360990618,0.0479438538429286,0.269789430860403,-0.0328921069082343,-0.0165561035346999,0.00322001140361237
-0.831836940967168,0.166174241797135,0.0478862886227569,0.260300461804591,-0.0330775482080406,-0.0155843788937211,0.00371755839762928
-0.79952413327261,0.210654670952726,0.0480127206236802,0.251699076391156,-0.03312188424,-0.0145480959316662,0.00413354715394416
-0.769827981454689,0.256664048679783,0.0482936903623933,0.24382396061395,-0.0330362559254988,-0.0134540113503571,0.00446106696882641
-0.743103419847443,0.303474504273336,0.0486960984079403,0.236458989916053,-0.0328323520263663,-0.0123084939030264,0.00469494437656913
-0.71951725604876,0.35038239905891,0.0491859470769007,0.229354056141379,-0.0325221778366618,-0.0111175357213469,0.00483178358796464
-0.699067080202269,0.396741206650203,0.0497309484531381,0.222247914659359,-0.0321180142144247,-0.00988682274275957,0.00486998774452063
-0.681607783601348,0.441983226958423,0.0503027089336296,0.214890773943712,-0.0316324508369058,-0.00862185261213664,0.00480976677159314
-0.66688275098954,0.485629881561283,0.0508782028975011,0.207064154483474,-0.0310783955593074,-0.00732807363692487,0.00465313096863999
-0.654556971950114,0.527291836031806,0.0514403795684413,0.198596018886636,-0.0304690191643799,-0.00601102141749434,0.00440386633870005
-0.644249157159036,0.566661162562879,0.0519778855596197,0.189369798818537,-0.0298176195566449,-0.00467642748226499,0.00406748282331799
-0.635560307110612,0.603498326520655,0.0524840427568734,0.179326860182384,-0.0291374149756827,-0.00333028204626767,0.00365112739821703
-0.628097036734222,0.637617069571376,0.0529553635609527,0.168462988121606,-0.0284413039217673,-0.00197884726843105,0.00316346107266518
-0.621488470539866,0.668869726741941,0.0533899248546268,0.156820195439055,-0.0277416254596953,-0.000628627061097653,0.00261450478623502
-0.615396511638622,0.697134990256011,0.0537859229499747,0.144475721825792,-0.0270499615087648,0.000713688645536006,0.00201546722753162
-0.609520170709365,0.722309532600014,0.0541406714338535,0.131530259699443,-0.0263770206002562,0.00204128444271899,0.00137857089074312
-0.603594618927574,0.744303504984569,0.0544501421238348,0.118097040250093,-0.0257326008145145,0.00334727033915382,0.000716887175891361
-0.597386878544936,0.763040221694915,0.0547091079221974,0.104293174570213,-0.0251256504731494,0.00462471777080925,4.41883082975361e-05
-0.590689377854282,0.778458954461111,0.0549117707981858,0.0902338068245675,-0.0245643878995248,0.00586669123694133,-0.000625189997434903
-0.583313178333865,0.790520084112801,0.0550527350333934,0.0760291899664819,-0.0240564508002045,0.00706629835790514,-0.00127648936467803
-0.575082030520544,0.799211014973265,0.0551280956273449,0.0617841828104778,-0.0236090122061335,0.0082167847359046,-0.00189469687950334
-0.565828538614317,0.804551562354515,0.0551364291380467,0.0475994019116111,-0.0232288121602874,0.00931169682887034,-0.00246476830517166
-0.555393220201617,0.806597334875539,0.0550794740927572,0.0335730396988903,-0.0229220557212798,0.0103451206675772,-0.00297193426489668
-0.543626225355937,0.805439010870107,0.0549622780416419,0.019802272076386,-0.0226941273895249,0.0113119717348685,-0.00340210794150933
-0.530391834950227,0.801197153023824,0.054792756911109,0.00638344725174939,-0.0225491478732329,0.0122082961647008,-0.00374239992977552
-0.515574378053536,0.794011862540862,0.0545806476571453,-0.00658956880016726,-0.0224894135260292,0.0130315110641843,-0.00398172101200149
-0.499083744073202,0.784027763669508,0.054335979195842,-0.0190290423148847,-0.0225148119637278,0.0137805027039134,-0.00411142470946586
-0.480859361805436,0.771377433175402,0.0540674132531836,-0.0308586211769881,-0.0226223812008775,0.0144555361183431,-0.00412592140233535
-0.460870517478136,0.756165472035559,0.0537807601882484,-0.0420193716788091,-0.0228061279305433,0.0150579400864266,-0.00402317266331873
-0.439112963539788,0.738457594443455,0.0534780947672191,-0.052475464773346,-0.0230572323251663,0.0155896106982082,-0.00380498751425978
-0.415601935530823,0.718276898179147,0.0531576748619005,-0.062218397917545,-0.0233646428128952,0.0160524014775496,-0.00347706318066544
-0.390363163294191,0.695608428991402,0.0528147034745812,-0.0712689807348233,-0.0237159827348205,0.0164475048662884,-0.00304876145835727
-0.363424260443702,0.670411460992298,0.0524427850949089,-0.0796769357906325,-0.0240986233539761,0.0167749378128893,-0.00253266318421986
-0.334807784791637,0.642635516007623,0.0520356537230918,-0.0875184716426541,-0.0245006907940296,0.0170331827820341,-0.00194397187833901
-0.304528014935587,0.612237806269182,0.0515888910571379,-0.0948927628775805,-0.0249118769277869,0.0172190515287043,-0.00129986262957027
-0.27259091420424,0.5791973977784,0.0511012243091089,-0.101918127705847,-0.0253239017581721,0.0173277476371955,-0.000618847495902833
-0.238997237952206,0.543525124168486,0.0505753251940804,-0.108728669663599,-0.0257306508553777,0.0173531482466636,7.97906320179589e-05
-0.203746652784484,0.505267174384477,0.050017966056542,-0.115471377091379,-0.0261279935383092,0.0172882564174466,0.000776488582653447
-0.166841766869245,0.464504199046379,0.0494397022013439,-0.12230350107429,-0.0265134421655059,0.0171258435353382,0.00145183456226378
-0.128289625739588,0.421345850709273,0.0488540564874692,-0.129389241188844,-0.0268857097802915,0.0168592089839799,0.00208698028627357
-0.0881000141782992,0.375924120304217,0.0482764681231263,-0.136895204901504,-0.0272443433568281,0.016483047933596,0.00266407282126417
-0.0462793679036619,0.328386052595684,0.0477230053304817,-0.144983826939602,-0.0275894238551209,0.0159942859651716,0.00316672972397436
-0.00282123833576985,0.27888913186126,0.0472091491629709,-0.153805180581734,-0.0279214158595615,0.0153927997572499,0.0035805593551302
0.0423054585667643,0.227599780399424,0.0467487149478526,-0.163487764933222,-0.0282410400555729,0.014681834903095,0.00389368703245348
0.0891674516484143,0.174696778874318,0.0463532082058554,-0.174130093254355,-0.0285491184415924,0.013868031056779,0.00409722724681827
0.137874066572541,0.120379214814306,0.0460316974015276,-0.185794704569615,-0.0288462327808359,0.0129609743183656,0.00418561916248967
0.188576685804831,0.0648784896305468,0.0457913124484175,-0.198506225705674,-0.0291321491342982,0.0119723403955467,0.00415676063963541
0.241458082254218,0.00847230346287517,0.045638215705349,-0.21225375754515,-0.0294049715582747,0.0109147576049063,0.00401190112813686
0.296710506985014,-0.0485017222325462,0.0455788369691752,-0.226996862895988,-0.0296601435402791,0.0098006150247194,0.00375531022729601
0.354502972259134,-0.105635813961432,0.0456209924197115,-0.242673004848038,-0.029889458559251,0.00864102746619428,0.00339378097058134
0.414939802456907,-0.162448120415073,0.045774524657619,-0.259203794795695,-0.0300803151316653,0.00744512890971057,0.00293606443681728
0.47801396712734,-0.218387798662937,0.0460511625516945,-0.276497551390076,-0.0302154583403538,0.00621977625278315,0.0023923454944986
0.543560039630822,-0.272851216921126,0.0464634160824029,-0.294446472380487,-0.0302734103323094,0.00496964851590251,0.00177386184352369
0.611213138982573,-0.325210173865417,0.0470224873825936,-0.312918039134932,-0.030229722394626,0.00369765307209663,0.00109274616619263
0.680382313852634,-0.374851186892945,0.0477354210561681,-0.331742081249141,-0.0300590986785133,0.00240551532430353,0.000362137172583643
0.7502472415355,-0.421221587636387,0.0486019035047067,-0.350696166056954,-0.0297382466280908,0.00109441881478367,-0.000403449659389335
0.819787230170635,-0.463875038789601,0.0496114953992001,-0.36949388179056,-0.0292491678749878,-0.000234391150195843,-0.00118756579519249
0.887845975963255,-0.502505833449475,0.0507422374019752,-0.38778073517961,-0.0285823364726214,-0.00157907073659186,-0.00197124612892675
0.953228067088384,-0.536962096445851,0.0519616855312373,-0.405142449548714,-0.0277391215768912,-0.00293665739189635,-0.00273262600335479
1.01481166434625,-0.567232419449353,0.0532309916893763,-0.421128001660776,-0.0267328088765022,-0.00430247239025249,-0.00344701286387157
1.07165342311892,-0.593409394823381,0.0545117559437928,-0.435286223157604,-0.0255878570507773,-0.00566937652370667,-0.00408760986996198
1.12306090400572,-0.615642838451293,0.0557741558587397,-0.447210553142179,-0.0243374860040902,-0.00702693666978398,-0.00462694662452387
1.1686157432233,-0.63409939243845,0.0570037930460627,-0.456582619673443,-0.0230201346277289,-0.00836075042000893,-0.00503887857782431
1.20814674262969,-0.648941526171679,0.0582045615162499,-0.463204167117051,-0.0216756007036816,-0.00965232745983027,-0.00530084659718263
1.24166664415545,-0.660328243995942,0.059395888328073,-0.467008535150685,-0.020341630701411,-0.0108799040276962,-0.00539599798152523
1.26929554526977,-0.668429315273376,0.0606047817448443,-0.468048326333732,-0.0190514858451183,-0.0120203248569043,-0.00531479420016067
1.2911920625303,-0.673439020606151,0.0618551937277897,-0.466462333291922,-0.0178326560675476,-0.0130517260504235,-0.00505584138939443
1.30750679062811,-0.675578677888481,0.0631584029383907,-0.462431337507791,-0.0167066275988471,-0.0139564128095992,-0.00462585681489439
1.31836084695801,-0.675084304117337,0.0645076010238029,-0.456134599289243,-0.0156893954858846,-0.0147231955556432,-0.00403885823620133
1.32384580075291,-0.672184819269968,0.0658781621902815,-0.447718016621272,-0.0147923536949068,-0.0153486384244904,-0.00331481332259638
1.32403541566644,-0.667079553009535,0.0672327871614556,-0.437279476009214,-0.0140231786124191,-0.0158370209396552,-0.00247804734700481
1.3190017503782,-0.659924228041056,0.0685292111003332,-0.424871966515234,-0.0133864312623054,-0.0161992019692236,-0.00155569933426639
1.30882841785883,-0.650829488972661,0.0697275854583453,-0.410519877148318,-0.0128837051794245,-0.0164507682980495,-0.000576426848838018
1.29361964502837,-0.639872711428991,0.0707953482192601,-0.394242831639245,-0.0125133162197846,-0.0166099065867769,0.000430544917246681
1.27350366228775,-0.627118964763102,0.0717084008533743,-0.376080546841112,-0.0122696294531966,-0.0166952980033228,0.00143604837611995
1.24863309909818,-0.612646515197642,0.0724487617246778,-0.356114133635653,-0.0121422498273949,-0.0167242202015605,0.00241136889629865
1.21918183342053,-0.596569954693528,0.0729996594267283,-0.334479271025481,-0.0121153474621169,-0.0167108913380272,0.00332855740962573
1.18534313017303,-0.57905709798996,0.0733399972129923,-0.311369449648319,-0.0121674835796712,-0.0166651389296309,0.0041608236298687
1.14732402024825,-0.560332179303096,0.0734398758394209,-0.287025888989749,-0.012272195615861,-0.0165914031794572,0.00488314217289285
1.10534378272512,-0.540666300506311,0.0732594656496419,-0.261716562869274,-0.0123996050953816,-0.0164883376898291,0.00547315826289725
1.05962710968398,-0.520350949007927,0.0727517851175467,-0.235704804123948,-0.0125189090248494,-0.0163490725754708,0.00591233133209009
1.01040302533188,-0.499664437915035,0.0718699230817302,-0.209216695562764,-0.0126015014045304,-0.0161624154598877,0.0061871814367567
0.957896694147014,-0.478833179028805,0.0705762189820873,-0.182412244915807,-0.0126239446434499,-0.0159147261467735,0.00629030715671547
0.902331556789752,-0.458005865528391,0.0688517604218793,-0.155372155323318,-0.0125702521307515,-0.0155923935643376,0.00622096302473397
0.843921494444904,-0.43723826529531,0.0667018734383501,-0.128099518916637,-0.0124327070788237,-0.0151840840411871,0.00598489447477765
0.782878192443356,-0.416503633389821,0.0641575211443118,-0.100540310640645,-0.012211406022914,-0.0146826428514728,0.00559357944700491
0.719404172986445,-0.395710937859321,0.0612703756947314,-0.0726107255078413,-0.0119124708836333,-0.0140858300276644,0.00506288052159375
0.653704154901011,-0.374740207245192,0.0581056453595052,-0.0442291658639177,-0.0115459803443704,-0.0133964157004492,0.00441162762844078
0.585977057487408,-0.35346756877479,0.0547321776243338,-0.015339961784087,-0.0111236968530382,-0.0126211777541853,0.00366016251043797
0.51642887801783,-0.331794847787319,0.0512154578464243,0.0140694346032238,-0.0106576436832206,-0.0117699039026598,0.00282933009385987
0.445265223892972,-0.309658228111575,0.0476116080162413,0.043963073905297,-0.0101590505569495,-0.0108539361204942,0.00193970984717152
0.372702087420278,-0.287037179127519,0.0439663073985915,0.0742578552634884,-0.00963829514246712,-0.00988527085672571,0.0010113360387867
0.298963470847107,-0.263947043296231,0.040315537601149,0.104830848457251,-0.00910512001976301,-0.00887567112472577,6.3625891425222e-05
0.224287893653121,-0.240431100377328,0.0366894274033126,0.135529617649775,-0.00856935066568641,-0.00783626494147367,-0.000884447649368298
0.148930068105674,-0.216546287629436,0.0331167527769118,0.166183406410468,-0.00804164177291982,-0.00677724470711788,-0.00181411608637616
0.0731639563805118,-0.192349576602402,0.029629628109511,0.196614685566163,-0.0075342294244319,-0.00570771884742498,-0.00270657335121952
-0.00271689059923377,-0.167884855866115,0.0262668358846431,0.226649897032514,-0.00706144654844264,-0.00463552323787073,-0.00354282976422197
-0.078401252835309,-0.143173688745141,0.0230749801447569,0.256129459834978,-0.00663989886849497,-0.00356696550097713,-0.00430373718076909
-0.153565891357871,-0.118211322846648,0.0201067133143885,0.28491623116052,-0.00628815758402089,-0.00250647551367586,-0.00497024261493799
-0.227884980806358,-0.0929696177376483,0.0174159688113713,0.312901519391788,-0.00602589895614874,-0.00145623196973968,-0.00552389649172566
-0.301042492939604,-0.0674075948788707,0.0150508891385779,0.340007458360062,-0.00587250917615085,-0.00041589482768488,-0.00594759887323384
-0.372745352045074,-0.0414887234476815,0.0130459029153586,0.366184276431443,-0.00584529256421695,0.000617402790239577,-0.00622650935137193
-0.442734304528507,-0.0152024849039136,0.0114149502519595,0.391401896774378,-0.00595756526648411,0.00164867333864939,-0.00634900327498525
-0.510789456963001,0.0114138881552349,0.0101477943958905,0.415636443950282,-0.00621700828953078,0.00268426509908384,-0.00630752922137124
-0.576728861945372,0.0382582338356738,0.00921064294660085,0.438854005078388,-0.00662466121436099,0.00373070889957081,-0.00609923412181207
-0.640400429336446,0.0651548893562188,0.00855107783199388,0.460994955365585,-0.0071748193661983,0.00479342068110895,-0.00572626027291515
-0.701669854492603,0.09185658849581,0.00810603599558608,0.481962608389966,-0.00785588858079654,0.00587551460262269,-0.00519568784896301
-0.760408047079406,0.11805574918217,0.00781073604123247,0.501618485668573,-0.00865199685661626,0.00697694806757189,-0.00451916010837196
-0.816482027974549,0.143401383520732,0.00760634707573571,0.51978502351083,-0.00954496710085905,0.00809411640012397,-0.00371229105823332
-0.869751311120016,0.167516321496637,0.00744478687920255,0.536254054934144,-0.0105161513585009,0.00921987239729952,-0.00279397702980701
-0.920071360757889,0.190009825890507,0.007290090105683,0.550799207573006,-0.011547668980474,0.0103438456186567,-0.0017857408533204
-0.96730241952687,0.210482324380356,0.00711686873238178,0.563189336262972,-0.0126226869047267,0.0114528802019367,-0.000711197662219426
-1.01132215827368,0.228522258777667,0.00690725304055059,0.573202189489124,-0.0137245538794584,0.012531461345579,0.000404299137275052
-1.05203829195896,0.243698676965234,0.00664811495913341,0.580638201110603,-0.0148347610079666,0.0135620884124158,0.00153381702463889
-1.08939687422238,0.25555744447001,0.00633030803952929,0.585335835180997,-0.0159299347632427,0.0145256837411086,0.00264881959321486
-1.12338091043426,0.26363251263496,0.00595103940952466,0.587189866876889,-0.0169784224634328,0.0154022364042282,0.00371899779213726
-1.15399484717377,0.267484806943136,0.00551930299594112,0.586172784094546,-0.0179375832357652,0.0161719507132888,0.00471205350848961
-1.18123423573648,0.266776480913742,0.00506265499497116,0.582356350612178,-0.0187535257702047,0.0168171454476839,0.00559365751973012
-1.20504718502336,0.261374756897472,0.00463198028715913,0.575925825203606,-0.0193652803686533,0.0173249602901036,0.00632800046853257
-1.22530094336338,0.251459138598146,0.00430021281891672,0.56717482944783,-0.0197144975484531,0.0176904832982496,0.00687949745499165
-1.24176998190838,0.237589253837148,0.00415228287459573,0.556470209711932,-0.0197593749844963,0.0179193302363716,0.00721604428865589
-1.25415347050375,0.220691423018296,0.00426713405152207,0.544185689862254,-0.0194884142561781,0.018028299606462,0.00731354217832841
-1.26211822215084,0.201947957833295,0.00469721446559276,0.530621305662646,-0.0189280277054504,0.0180430951530354,0.00716045265767254
-1.26535152241069,0.182613424523641,0.00545363462321216,0.515938968738252,-0.0181397487345563,0.0179933158794218,0.00676060220774885
-1.26360862863543,0.163815570001498,0.00650369182749842,0.500142670359709,-0.0172074841016524,0.0179063576077602,0.00613297879053298
-1.2567432976743,0.146403797934264,0.00778183425027887,0.483110053118154,-0.0162198203042156,0.0178023735017163,0.0053086031896404
-1.24471961725456,0.130883412527327,0.00920891520169915,0.464658425899574,-0.0152539658100513,0.0176917277075012,0.00432581247886447
-1.22760664936289,0.11743525818006,0.0107117321447547,0.444615771124669,-0.0143658504133925,0.0175749922414474,0.00322561701155268
-1.20556360873136,0.105992582938692,0.0122364105112443,0.422874454105031,-0.0135874151765884,0.0174446211065269,0.00204827488674073
-1.17881988292907,0.096339284084894,0.0137529655916429,0.399417988902337,-0.0129293985047538,0.0172872138687915,0.000831394851857767
-1.14765424800056,0.0882025553056014,0.0152517612616144,0.374323493436332,-0.0123870310683828,0.0170856736856874,-0.000390696285253085
-1.11237539976855,0.0813261368165509,0.0167343841044112,0.347747242936686,-0.0119464313427687,0.0168210423321365,-0.00158680592263791
-1.07330335127292,0.0755202483996274,0.0182019315547557,0.319900060210802,-0.0115903077628223,0.0164741085912756,-0.00272840414655222
-1.03075205551039,0.0706890698443625,0.0196436338850288,0.291017639053608,-0.0113022950836177,0.0160270246668492,-0.00378916357917346
-0.985013991579657,0.0668375563725797,0.0210285130289025,0.261329288536117,-0.011069679936804,0.0154651123782416,-0.0047447328611232
-0.936346751712367,0.0640589660516492,0.0223024100409274,0.23102785678258,-0.0108844778545925,0.0147788456645239,-0.00557287107133047
-0.884964804393713,0.0625050767534426,0.0233919892761882,0.200245039551348,-0.0107430044991086,0.013965799608437,-0.00625398859450886
-0.831036674170905,0.0623430059879899,0.0242158053928311,0.169036077918376,-0.0106442334501727,0.0130320950871398,-0.0067720277129212
-0.774692163591536,0.063706366021332,0.0247005279077613,0.137378803718286,-0.0105875115192047,0.0119928582157896,-0.00711552143262405
-0.71603418121681,0.0666510887018347,0.0247981159969684,0.105187578394683,-0.0105702827427303,0.0108712126765896,-0.00727852100857778
-0.655159982381978,0.0711276202369563,0.0244990078686427,0.0723417209894494,-0.0105866271368453,0.00969587474863917,-0.00726113974609719
-0.592177159478725,0.0769763711128026,0.0238367531146824,0.0387200505127408,-0.0106269595325053,0.00849761027189836,-0.0070694163490697
-0.527222391743103,0.0839481472744651,0.0228829277161079,0.00423550920577656,-0.0106791140687175,0.00730551880831737,-0.00671458342968079
-0.460465496465596,0.091741872395691,0.0217336265146691,-0.031140274257055,-0.0107302374152313,0.00614375479025133,-0.00621177602564268
-0.392112349041185,0.100050173045211,0.0204922473182053,-0.0673648136133278,-0.0107691013652248,0.00502947341119426,-0.00557862572301749
-0.322396621158341,0.108600700893184,0.0192528517143963,-0.104326198395666,-0.0107880484748293,0.00397199840802156,-0.0048339058453978
-0.251572093797281,0.117187059748173,0.0180880033018793,-0.141854132937389,-0.0107843516294312,0.0029731401404788,-0.00399653857728528
-0.179903804728398,0.125685965078948,0.017042481490988,-0.179735845817151,-0.0107607771150024,0.00202821105712811,-0.003084992345098
-0.107662081652086,0.134062041721659,0.0161327689921251,-0.217732280164556,-0.0107254672346307,0.00112736706871197,-0.00211708367499622
-0.0351203128127027,0.142363414511208,0.015351050593542,-0.255591614397005,-0.0106913101571863,0.000256982649779037,-0.00111011749230848
0.0374440975528421,0.150711218031971,0.0146720736666034,-0.2930584917445,-0.0106749284427027,-0.000599084886355347,-8.12718670821791e-05
0.109745818876993,0.159285734788851,0.0140614156526948,-0.329879294503184,-0.0106953895959095,-0.00145833385976749,0.000951853471313193
0.181485809657978,0.168310194376287,0.013483949574191,-0.365804180742773,-0.0107726263919324,-0.00233845345648425,0.00197061294262086
0.252344343920294,0.17803250890459,0.0129115888504563,-0.400587626709609,-0.0109255295701949,-0.00325598950563948,0.00295469874941918
0.321974064430075,0.18870463706087,0.0123294765337364,-0.433989559498962,-0.0111696718885674,-0.0042246852657467,0.00388163805977909
0.389994938228764,0.200559218395287,0.0117397496023587,-0.465778989532497,-0.0115146856384952,-0.00525342951421014,0.00472654600661931
0.455993677805738,0.213783511517899,0.0111620267115519,-0.495741340081597,-0.011961457612959,-0.00634392733550234,0.00546231985692661
0.519530546954606,0.228491058910159,0.0106300706004193,-0.523689253675162,-0.0124995132918405,-0.00748848563992774,0.00606048697933195
0.580155668371078,0.244691215441039,0.0101848332175713,-0.549474355527262,-0.013105189387801,-0.00866861351755723,0.00649288519254533
0.637435435007735,0.262256146887499,0.00986523119545435,-0.572995901304845,-0.0137413991620702,-0.00985533892378913,0.00673421652239624
0.69098606710944,0.28088493539691,0.00969895935336014,-0.594200811932274,-0.0143598414300431,-0.0110119890906733,0.00676522643365129
0.740508347072803,0.300069706873401,0.00969573893445877,-0.613071804890078,-0.0149063208644359,-0.0120995097964911,0.00657588874014149
0.785814441901311,0.319080999472839,0.00984429433233717,-0.629604749591694,-0.0153291655063895,-0.0130832671428272,0.00616766763956421
0.826836252446957,0.337002804404295,0.0101129110044216,-0.643782325370287,-0.0155893306975005,-0.0139392305758527,0.00555395020048182
0.863606631234235,0.352842168833939,0.0104529839767327,-0.655554384172631,-0.0156689429044054,-0.0146573017462336,0.00475828737121922
0.896213409975443,0.365699371361297,0.0108055505486091,-0.664832871487573,-0.0155742359088922,-0.0152407794643297,0.00381102191059578
0.924740648634004,0.374934290191194,0.0111106673332705,-0.671501906684714,-0.0153308457191268,-0.0157028821888094,0.00274564350896379
0.949221552276194,0.380253765633488,0.011317760387374,-0.675437318914039,-0.0149736764196325,-0.0160624234463393,0.00159617482141847
0.96962242636558,0.381692264745268,0.0113936574362112,-0.676529293401438,-0.0145365505133669,-0.0163403461105294,0.000396089854038226
0.985860027428831,0.379519766824459,0.0113259582217145,-0.674705194887149,-0.0140460669755693,-0.0165575472779353,-0.000821598047479057
0.997840761725158,0.374134843273514,0.0111218801810789,-0.669952736643562,-0.0135208429663915,-0.0167334859922477,-0.00202378653621838
1.00550571274099,0.365982670426289,0.0108043748462084,-0.662342408871109,-0.0129745678071628,-0.01688488887704,-0.00317685522190555
1.00886942926253,0.355507839652329,0.0104072657633437,-0.65204517804185,-0.0124204165880485,-0.0170241930959368,-0.00424669053935122
1.00804395182448,0.34313226332224,0.00997019433266947,-0.639337771571161,-0.0118747554576584,-0.0171577664487541,-0.00519933996285459
1.00324309781453,0.329244055236777,0.00953342150865792,-0.624587763992792,-0.0113588512960515,-0.0172843079735672,-0.00600238893496869
0.994763817543307,0.314186993589346,0.00913248314827606,-0.608213736662376,-0.0108980413052066,-0.0173940519422215,-0.0066270360974376
0.982947078213147,0.298247497901595,0.00879323022977799,-0.590624602341583,-0.0105185821877523,-0.0174694363774021,-0.007050630006482
0.968125753182334,0.281641634881761,0.00852833668041932,-0.572151299564738,-0.0102431386488149,-0.0174875594500459,-0.00725914903214818
0.950574692661293,0.26450841214706,0.00833644467746703,-0.552992017973795,-0.0100864437809182,-0.0174241541276657,-0.00724894379125107
0.930477670421494,0.246914153219411,0.00820443712784857,-0.533189248324059,-0.0100526536066916,-0.0172581119230211,-0.00702715532671111
0.907921147015276,0.228868849944038,0.00811222822023974,-0.512646249654065,-0.0101352612255107,-0.0169752840408359,-0.00661062881382324
0.882913679974588,0.210350164440044,0.00803852611576637,-0.491174937232419,-0.0103193835598525,-0.0165705336701817,-0.0060236394442007
0.855421345616847,0.191328138258946,0.00796577818838578,-0.468557192401921,-0.0105853890859111,-0.0160477183581534,-0.00529508248206624
0.825405712605179,0.171784128618521,0.00788296873625239,-0.444600354346232,-0.0109125739108096,-0.0154179954321445,-0.00445579550810264
0.792853767478419,0.151720547471398,0.00778576500759262,-0.419174438122813,-0.0112819137252237,-0.0146972531463071,-0.00353646035526952
0.757794685296088,0.131161353797016,0.00767427947692001,-0.392227496380541,-0.0116774881672533,-0.0139034741830614,-0.00256624103467513
0.720303848425039,0.110145666646338,0.0075492195769855,-0.363782472182077,-0.0120866747008038,-0.0130545871486891,-0.00157209301504197
0.680496716026605,0.0887176233562781,0.00740740519489706,-0.333921481722739,-0.0124994682784263,-0.0121670209866847,-0.000578563887457318
0.638517076947726,0.0669157286101985,0.00723767467511692,-0.302764130839283,-0.0129073571658491,-0.0112549381610551,0.000392110174682535
0.594523086195494,0.0447642166333546,0.00701812356816078,-0.270444762656343,-0.0133021159309607,-0.0103299655853573,0.00131978447614748
0.548673995030021,0.0222683314735893,0.00671548007808053,-0.23709220195852,-0.0136747856257395,-0.00940121049604245,0.00218618980424921
0.501119992250387,-0.00058527343873211,0.00628717152253198,-0.202814519866414,-0.0140150315450417,-0.00847538728273725,0.00297480623078706
0.451994844808973,-0.0238227710411487,0.00568619725214822,-0.167689582892856,-0.0143109551338108,-0.00755691350526454,0.00367087027900213
0.401414893638015,-0.0474724400022586,0.00486838119949325,-0.131763499808389,-0.0145494635755466,-0.00664799569161143,0.00426153100606859
0.349481158807475,-0.071550825207357,0.00380082744962315,-0.0950555335503857,-0.0147170897920402,-0.00574867784465098,0.00473612062840832
0.296287423705596,-0.0960484259749406,0.00246990568257162,-0.0575699113048749,-0.0148012392905468,-0.00485698720992275,0.00508650343554082
0.241929587142065,-0.1209180782806,0.00088679560839099,-0.0193110484750499,-0.014791567849038,-0.00396919401231137,0.00530740621702215
0.186516961256416,-0.146069281865177,-0.000910973478148098,0.0197000009627669,-0.0146813308058661,-0.0030802678035162,0.00539667694559839
0.130178563437475,-0.171368944163087,-0.00286272017984526,0.059412333413514,-0.0144682265729229,-0.00218443182097948,0.00535533214672825
0.0730685572277391,-0.196649620164873,-0.00489197666995937,0.0997362776571414,-0.014154794519198,-0.0012758406248824,0.00518744185420624
0.0153665154435356,-0.221721769264146,-0.00691643977819744,0.14054052185071,-0.0137481024255868,-0.000349221018228565,0.00489979699869194
-0.0427238036903029,-0.246389103275219,-0.00885835916011865,0.181654994475755,-0.0132590346352804,0.00059956050672407,0.00450150095868015
-0.100978205424579,-0.270463588999347,-0.0106533424313281,0.222878637401391,-0.0127012824592057,0.00157309833423808,0.00400353584292038
-0.159157365966926,-0.293777803101342,-0.0122561729379416,0.263990143452644,-0.0120902594225957,0.00257223892240144,0.00341837922724562
-0.217012614623454,-0.316192952999254,-0.0136430782395687,0.304759280721468,-0.0114421224649394,0.00359604295201375,0.00275971973688465
-0.274290869411833,-0.33760170444565,-0.0148106556155283,0.344956438308174,-0.0107730229973875,0.00464186631512082,0.00204229459346071
-0.330737660593747,-0.357926094100437,-0.0157721957128268,0.384358859181788,-0.0100986605364012,0.00570550169621517,0.0012818531806387
-0.386097415990042,-0.377110975028423,-0.0165523574646589,0.422752522062133,-0.0094341277917153,0.00678133477346085,0.000495222627270232
-0.440111062357189,-0.395114329213678,-0.0171811727936238,0.45993003906364,-0.00879400062058519,0.00786250399290785,-0.000299563680555083
-0.492511507869781,-0.411895683055706,-0.0176882338743737,0.4956855325587,-0.00819256445078191,0.00894108616390522,-0.0010831383938653
-0.543018052113417,-0.427403962557503,-0.0180977819158552,0.529807980489093,-0.00764403057836578,0.0100083465224312,-0.00183475440763967
-0.591331138225402,-0.441566410905367,-0.0184253145373567,0.562075034045185,-0.00716257491152344,0.0110551098849716,-0.0025324128046478
-0.637129813856098,-0.454281001338836,-0.0186762458127715,0.592249965390393,-0.00676204456297686,0.012072275325968,-0.00315325971282229
-0.680073612166463,-0.465414464810885,-0.0188469454589873,0.620083619732992,-0.00645521235217056,0.013051446162637,-0.00367432961938105
-0.719810724655695,-0.47480834636679,-0.0189281411101971,0.64532307962578,-0.00625257841635922,0.0139855812718962,-0.00407366864025007
-0.755992712145974,-0.482294021589506,-0.0189100825745344,0.667726847550651,-0.00616087684038572,0.0148695025813586,-0.00433179200205841
-0.788294184371778,-0.487715489444611,-0.0187882199571149,0.687084378463283,-0.0061816296090565,0.0157000723581026,-0.00443332713507207
-0.816433833692259,-0.490956004788178,-0.018567712244356,0.703235800664137,-0.0063102079156929,0.0164759028986038,-0.00436859598018835
-0.840191524529158,-0.491962189245678,-0.0182651891307177,0.716086335241613,-0.0065358172257354,0.0171965737370813,-0.0041348403636578
-0.859417282769352,-0.490759464622897,-0.017907007188422,0.725611448389182,-0.00684258823099363,0.0178614967712708,-0.00373684093091333
-0.874029815682317,-0.487454444124403,-0.0175244482924855,0.731851021147151,-0.00721157271242388,0.0184686731743016,-0.00318681166660418
-0.884006314751974,-0.482223971079636,-0.0171473915926705,0.73489496685294,-0.00762309078755252,0.0190136262053012,-0.00250363400558685
-0.889368184031181,-0.475293484525037,-0.0167983795445381,0.734865325103436,-0.00805870965928204,0.0194887337353604,-0.00171163838168781
-0.890168668928433,-0.466908220425431,-0.0164886232566986,0.731900550173221,-0.00850225962872176,0.0198830967108644,-0.000839193001399669
-0.886487578430274,-0.457299481877503,-0.0162167273342261,0.726146271758933,-0.00893970257830205,0.0201830188585622,8.26906025705492e-05
-0.878435082898215,-0.446647162661576,-0.0159702702114491,0.717753647375398,-0.00935824895373105,0.0203731255815788,0.00102163941557068
-0.866162352425367,-0.435043094497225,-0.0157300649545699,0.706883508462559,-0.009745628174767,0.0204380682149238,0.00194510155904535
-0.849872616063153,-0.422467834870973,-0.0154765878607993,0.693712670238151,-0.0100904299404294,0.0203645905699749,0.00282149221766778
-0.829824382024872,-0.408798258753538,-0.0151972061933423,0.678438250743547,-0.0103836504603198,0.0201435597950178,0.00362133999791627
-0.806321613463522,-0.393853466504966,-0.0148917778720948,0.661276465999559,-0.010620455929327,0.0197715752881352,0.00431841735473312
-0.779692586980916,-0.377464024064628,-0.0145741874794033,0.64245394537122,-0.010800857292186,0.0192519971400285,0.00489081873108809
-0.750264107799412,-0.359534114937217,-0.0142690430545022,0.62219163139584,-0.0109289085500544,0.018595399514546,0.00532195055405385
-0.718337764152275,-0.340072836214003,-0.0140049605582198,0.600684066237037,-0.0110111668641471,0.0178193721161562,0.00560135500437147
-0.684172748988127,-0.319190915481991,-0.0138070473112637,0.578079906902985,-0.0110553666882324,0.0169474731639845,0.00572521431522552
-0.647976981401496,-0.297073662105189,-0.0136909899251659,0.554469717594558,-0.0110696674384982,0.0160072250825799,0.00569635195854868
-0.60990764487403,-0.273944793588434,-0.0136602120436459,0.529885561399847,-0.0110622810974377,0.0150273906788229,0.00552363535579326
-0.570079754084932,-0.250032009178856,-0.0137064145663863,0.504312061899204,-0.0110411417208005,0.0140350506012789,0.00522083623411513
-0.528580796489094,-0.225541000384301,-0.013812846445466,0.477705772052965,-0.0110134703023571,0.0130531100616574,0.00480515941734205
-0.485486787116877,-0.200639835913293,-0.0139590141639123,0.450016440929978,-0.0109852680525128,0.0120986542539034,0.00429569917163737
-0.440876655979677,-0.175453412263234,-0.0141254649021419,0.421205479156928,-0.0109608910204514,0.0111823125136799,0.0037120621947989
-0.394841990830977,-0.150065416675859,-0.0142975786424592,0.39125800871676,-0.0109428205557601,0.0103084957170672,0.00307329636070751
-0.347491435444395,-0.124524941311508,-0.014467841188419,0.36018783655816,-0.0109316812859849,0.00947623498884478,0.00239717209236003
-0.298950340282706,-0.0988551289681264,-0.0146365530642577,0.328036438108368,-0.0109264837928371,0.00868032164128661,0.00169978950159157
-0.249356838789597,-0.0730618987525381,-0.014811231844701,0.29486771204024,-0.0109250184987147,0.00791250176896258,0.000995444451922123
-0.198856108408974,-0.0471418381395689,-0.0150050913489568,0.2607607106364,-0.0109243245322364,0.00716257948976043,0.000296679007844622
-0.147594051365745,-0.0210887843306856,-0.0152349584811072,0.225801874793691,-0.0109211545294016,0.00641936011743279,-0.000385552564656394
-0.0957115280850616,0.00510066952179096,-0.0155189012036891,0.190077973360553,-0.010912383038513,0.00567143052196298,-0.0010416576225107
-0.0433401212986672,0.0314224115891285,-0.0158737841203527,0.153670784147904,-0.010895334360378,0.00490781442998835,-0.00166315804734662
0.0094004136717622,0.0578605041268521,-0.0163128692523252,0.116653481686781,-0.0108679913742992,0.004118530345933,-0.00224245067658595
0.0624022560827546,0.0843829801546202,-0.0168436303085116,0.0790895553460373,-0.0108291036450803,0.00329510258314917,-0.00277259387642316
0.115567292891679,0.110938108527961,-0.0174660261416057,0.0410348501431862,-0.0107782564922656,0.00243106334964346,-0.00324714889526072
0.168804353708777,0.137452290550867,-0.0181714729742305,0.0025416698344195,-0.0107159295049308,0.0015224240941059,-0.00366010908552061
0.222027624001178,0.163830362303097,-0.0189426455467299,-0.0363371546964018,-0.0106434873369536,0.000568037045478322,-0.00400592226503212
0.27514717199032,0.189950701311044,-0.0197531823672971,-0.0755453307422998,-0.0105624782459596,-0.0004303049340531,-0.00427938545510706
0.328060399699,0.215665389182819,-0.0205692154131193,-0.115014669057956,-0.0104744155014792,-0.00146775662660714,-0.00447572485909478
0.380645575289851,0.240803510628069,-0.0213519800227162,-0.154657921565658,-0.0103805772160148,-0.00253655011300494,-0.00459075657037763
0.432756926568519,0.265176551951321,-0.0220611903969755,-0.194363701272858,-0.0102817899747408,-0.00362640498995054,-0.00462108685109115
0.484221410104729,0.288585211631759,-0.0226588110551971,-0.233993787797891,-0.0101782436469747,-0.00472520251375577,-0.00456433153542726
0.534838310890066,0.310827280149732,-0.0231127765781687,-0.273383473750934,-0.0100694046044798,-0.00581987689743328,-0.00441934724401557
0.584381779188287,0.331705393285936,-0.0234001044221084,-0.312345093222018,-0.00995404709303013,-0.00689743958299442,-0.00418645539244132
0.632606469091149,0.351033628489944,-0.0235089471693731,-0.350674560746342,-0.00983041845538452,-0.00794602806867445,-0.00386764995645173
0.679255082969496,0.368641508518659,-0.0234392783427621,-0.388159798256708,-0.00969651200774341,-0.00895585098243883,-0.00346677620992603
0.724066860019048,0.384374632341817,-0.0232021883316466,-0.424589781152265,-0.00955042928718876,-0.00991992128636549,-0.00298968292220083
0.766785852401934,0.398091852977888,-0.0228180427446742,-0.45976281893153,-0.00939079527740646,-0.0108344959176679,-0.00244435105045155
0.807167018345385,0.409659111623578,-0.0223139154475299,-0.493492345411837,-0.00921719110931538,-0.0116991705497275,-0.00184099725180459
0.844979349516662,0.418941502781269,-0.0217208468841883,-0.525609425879989,-0.00903060327783808,-0.0125166247693867,-0.00119214895153007
0.880005300326193,0.425796018793643,-0.0210714411251164,-0.555961629620923,-0.0088339142296887,-0.0132920330191566,-0.000512669313082249
0.912035543974519,0.430068462604532,-0.0203981728981875,-0.584408181516613,-0.0086324794479903,-0.0140321515470002,0.000180313348282299
0.940860425617887,0.431600666516505,-0.0197326148917816,-0.610813094754807,-0.00843484501549312,-0.014744107303328,0.0008676393147668
0.966258424588319,0.430254811707291,-0.0191054401241828,-0.635037486680405,-0.00825352378193592,-0.0154338779972813,0.00152860729638857
0.987985143524891,0.425962087869859,-0.0185466792125581,-0.656933904482769,-0.00810547452442767,-0.0161045083057903,0.00214180381886777
1.00576612557175,0.418795262332416,-0.0180851679416351,-0.676344214204689,-0.0080114444964061,-0.0167542005889761,0.00268628718754038
1.01929917200126,0.409047860882843,-0.0177458971791607,-0.693102383657843,-0.00799301981600339,-0.0173746970188663,0.00314298191265758
1.02827032892983,0.397277983537869,-0.0175446694276711,-0.707041541327795,-0.00806677078228859,-0.0179506841907094,0.00349594199831145
1.03238397401762,0.384265583628977,-0.0174816069872663,-0.718004206860668,-0.00823689445547447,-0.018461026464742,0.00373308861030782
1.03140034100444,0.370866753294341,-0.0175374026950227,-0.725855077419866,-0.00849020390084433,-0.0188820276781861,0.00384630574417538
1.02516874637238,0.357820089002387,-0.0176759015128953,-0.730496283692511,-0.00879733899965008,-0.0191917699495321,0.00383124997084696
1.0136462216641,0.345603477209631,-0.0178526335511484,-0.731883162309559,-0.00912032779998226,-0.0193738418008579,0.00368739852478713
0.996898380921698,0.334403099654689,-0.018024848261959,-0.730035606239196,-0.00942232407473175,-0.019419242082875,0.00341848153354819
0.975085260419845,0.324177509942914,-0.0181584871336287,-0.725039305759502,-0.00967472618507173,-0.0193264086607247,0.00303294013801342
0.948437954840475,0.314755656999549,-0.0182307095838651,-0.71703532573536,-0.00985976035614419,-0.0191000901448706,0.0025439516085486
0.917231949107197,0.305918943723034,-0.0182293990864403,-0.706201443386102,-0.00996954097075373,-0.0187497832777352,0.001968844804711
0.881762204106118,0.297449873240514,-0.0181517380004562,-0.69273121176093,-0.0100035983420339,-0.0182881367492426,0.0013280438996997
0.84232404752975,0.289152408924852,-0.0180031856940706,-0.676816383812348,-0.0099663709058304,-0.017729489801978,0.000643810594769506
0.7992017270459,0.280855768628339,-0.0177972131171994,-0.658635730567835,-0.0098653167791555,-0.0170886190548428,-6.09811298442127e-05
0.752664505529425,0.272411425635637,-0.0175555055676899,-0.638350725162961,-0.00970971156657872,-0.0163797419430896,-0.000763904008267822
0.702968771927106,0.263689174434083,-0.0173080696612387,-0.616106830795673,-0.00950993613341893,-0.0156158040744691,-0.0014438283219311
0.650363591194149,0.254574872770878,-0.017092650351593,-0.592038048372059,-0.0092770028578502,-0.0148080413747356,-0.00208157826590256
0.595097407597982,0.244970637458868,-0.0169530246080433,-0.566272607176789,-0.00902212589359476,-0.0139657895949801,-0.00266042659921574
0.537423774926944,0.234797067907179,-0.0169360201250017,-0.538937915864982,-0.00875622848822246,-0.0130964948905656,-0.00316645531276927
0.477604853884283,0.223996534812534,-0.0170874793571151,-0.510163734677062,-0.00848937515146533,-0.0122058804144494,-0.00358879421079731
0.415911975044411,0.212536252821996,-0.017447740265902,-0.480083074404159,-0.00823018607876989,-0.0112982205584436,-0.00391973358409497
0.352623508905911,0.200410035310329,-0.0180474420429248,-0.448831172560904,-0.00798533412928825,-0.0103766800492365,-0.00415470163105196
0.288020428601456,0.187637822745594,-0.0189044640781343,-0.416542912722716,-0.00775921882183866,-0.00944366373086335,-0.00429209999815825
0.222380800316738,0.174262856841151,-0.0200225986045739,-0.383349760254445,-0.00755388765657171,-0.00850113594289249,-0.00433300824414127
0.15597413262871,0.160346777283502,-0.0213921549145177,-0.349376857065193,-0.00736921629939769,-0.00755086567981067,-0.00428078331394914
0.0890565305622445,0.145963406833134,-0.0229922722740124,-0.314740853399081,-0.00720330786638241,-0.00659457176938085,-0.00414059494021863
0.0218674051388316,0.131192256155611,-0.0247944031156078,-0.279548955880131,-0.00705303681896144,-0.00563396646135249,-0.00391894629815894
-0.0453720629330965,0.116112634410499,-0.0267662779578922,-0.243899217649427,-0.00691464525343439,-0.00467071214399671,-0.00362322516519428
-0.112458919332038,0.100798880081554,-0.0288756785418056,-0.207881603966507,-0.00678430009596642,-0.00370631592964699,-0.00326131737961184
-0.179207132149719,0.085317147586922,-0.0310935380000689,-0.171579744243983,-0.00665855248721517,-0.00274200554285342,-0.00284130776914992
-0.245445562490354,0.0697237453395115,-0.0333960782137329,-0.135072886469331,-0.00653466086057685,-0.00177862177887377,-0.0023712770072763
-0.311015566199628,0.0540648154948548,-0.0357658761517432,-0.0984376132217088,-0.00641076287281439,-0.00081655521688252,-0.00185919098349625
-0.375768690389165,0.0383771641249721,-0.0381919051393989,-0.061749118667056,-0.00628590255694708,0.000144249016221268,-0.00131287726469157
-0.4395650496259,0.0226901129370422,-0.0406687405423316,-0.0250821916069025,-0.00615994342004056,0.00110420898303395,-0.000740078824965534
-0.502271603046141,0.00702790234856034,-0.0431949458582972,0.0114886834516729,-0.00603336063912311,0.00206395523820145,-0.000148561519879316
-0.563761802652859,-0.00858717963651825,-0.0457709755483697,0.0478894366977443,-0.00590696684074205,0.00302411891142177,0.000453730823409731
-0.623914181358026,-0.0241312944669535,-0.0483965064853078,0.084047004987658,-0.00578155071353204,0.00398508084090829,0.00105850049949561
-0.682610113310065,-0.0395750097622298,-0.0510674469078246,0.119889662384968,-0.00565746739056869,0.00494670298725671,0.00165690995395832
-0.739732599498098,-0.0548788805313385,-0.0537730051666267,0.155347003381339,-0.00553422811610232,0.00590809024810325,0.0022394104029703
-0.79516213752139,-0.0699889435467014,-0.0564928198631477,0.190349068512424,-0.00541008314135989,0.00686740205764473,0.00279560923127796
-0.848773809517078,-0.0848325998580845,-0.0591948832279673,0.224824844460844,-0.00528169190618491,0.00782178329534329,0.00331421432692046
-0.900429889002957,-0.0993153203080803,-0.0618343425606537,0.258699097876382,-0.00514389415588857,0.00876740298189106,0.00378307601879026
-0.949976905709745,-0.113319616136859,-0.0643543443067233,0.291889439819261,-0.00498971988078333,0.00969968715825518,0.00418938918381585
-0.997235020789079,-0.126706051542443,-0.0666884484405793,0.324300985551706,-0.00481061505604949,0.0106136249939899,0.00452004116964537
-1.04200010458783,-0.139318879443437,-0.0687661268466247,0.355824393101653,-0.00459703728193726,0.0115042794371834,0.00476219723065361
-1.08403374296318,-0.150993572299865,-0.0705192040555199,0.386330877571627,-0.00433924355758398,0.0123671722310655,0.00490400501352541
-1.12307705443229,-0.161569483474178,-0.071890642434642,0.415675675415599,-0.00402834550056041,0.0131987895714604,0.00493552383975862
-1.15884547808265,-0.17090033019932,-0.0728412265866009,0.443696755363727,-0.00365723115737714,0.0139966516929617,0.00484959622282765
-1.19105648046413,-0.178866621395329,-0.0733558694190691,0.470226388649608,-0.00322135316217,0.01475944662979,0.00464278356522754
-1.21942634496594,-0.185378668060091,-0.0734440576202148,0.495092969357997,-0.00271892404211958,0.0154865200822665,0.0043159608889504
-1.24370257115614,-0.190377849667066,-0.073138351690687,0.518136663131148,-0.00215066313918622,0.0161775790119758,0.00387478190562016
-1.26365211723038,-0.193824646432752,-0.0724867622900407,0.539208032936239,-0.0015189050303096,0.0168318048827497,0.00332964883716127
-1.27908486743997,-0.1956869855011,-0.0715457360482611,0.558179729697331,-0.000826500613626028,0.0174475063673241,0.00269553986830524
-1.28982559628381,-0.195919213945651,-0.0703707004370537,0.574936212434899,-7.56334220030929e-05,0.0180213596467685,0.00199145491042518
-1.29572316731724,-0.194448550191363,-0.0690112044036443,0.589378017204469,0.000732970807974052,0.0185484642133717,0.00123985901372889
-1.29661130493241,-0.191159194397239,-0.0675066213806065,0.601405314457013,0.00160027948022111,0.0190221296346928,0.000465941562512777
-1.29230939002516,-0.185889335445846,-0.0658872454568801,0.610919918058249,0.00252842353162766,0.0194345910647017,-0.000303086719393953
-1.28258676818096,-0.178430918491479,-0.0641756533978797,0.617813610446495,0.00351936516116752,0.0197775673223328,-0.00103884111952497
-1.26716713246549,-0.168544375748459,-0.0623911213678398,0.621978227564493,0.00457287193201506,0.020043653092587,-0.00171273786307773
-1.24571389657724,-0.155981491830349,-0.0605527515566902,0.623310836968945,0.00568389119959759,0.0202274974098011,-0.00229724171038499
-1.21785494640325,-0.140527131034431,-0.0586833653814095,0.621739519055005,0.00683974025321301,0.0203272982159617,-0.0027674524923867
-1.18320704962701,-0.122057100168343,-0.0568116158018781,0.617246449038821,0.00801750642818032,0.0203455323947649,-0.00310301634001732
-1.14143845037029,-0.100616450949677,-0.0549738672036161,0.609899248534655,0.00918257577552777,0.0202890057455304,-0.00329025317618433
-1.09234206069689,-0.0765056877357002,-0.0532141542654259,0.599868071090991,0.0102892026244575,0.0201674607235635,-0.00332413257723224
-1.03593094391784,-0.0503536298280743,-0.051582494173336,0.58742861985422,0.0112841964931108,0.0199911363046934,-0.0032096192051169
-0.97252153666848,-0.0231399539124703,-0.050130241209939,0.572937678986771,0.0121138870011269,0.0197676594814605,-0.00296178667116542
-0.902784405183735,0.00386450439393078,-0.0489032401457325,0.556788824121881,0.0127332989755463,0.0194995114899221,-0.00260435470033292
-0.827726662433333,0.0292464911007118,-0.0479342109124229,0.539356684962882,0.0131148573989612,0.0191829862265262,-0.00216673629384573
-0.748600470664503,0.0516532418946095,-0.0472373186269247,0.52094935827337,0.0132535934502314,0.0188091525302652,-0.00168026714515853
-0.666756348122826,0.0699856091663889,-0.0468070371265779,0.501781982057282,0.0131669704077067,0.0183663372362702,-0.00117458192781524
-0.58348636698718,0.083521666494164,-0.0466216494935254,0.481976458637246,0.0128897508482129,0.0178431123071545,-0.000674974685908496
-0.499901608291252,0.0919454896836028,-0.0466496665050905,0.461581145147273,0.0124661805279815,0.0172307473275797,-0.000201102549704033
-0.416868737258263,0.0952954969879236,-0.0468566628779094,0.440599454615551,0.011942230430929,0.0165245744625793,0.000233107670442438
-0.335004324104637,0.0938688425543824,-0.0472105187622902,0.419016770163647,0.0113597952580197,0.0157242437403671,0.000618773076454216
-0.254709565669801,0.0881185375293231,-0.0476843037066424,0.396820330428922,0.0107534940963406,0.0148332128668171,0.000951034590242509
-0.176222891418305,0.0785667973120869,-0.0482569672015332,0.374010321954332,0.0101497206658798,0.0138578506301945,0.00122802217421571
-0.0996736011280326,0.0657437099262266,-0.0489125915698856,0.350604023934533,0.00956719042279477,0.0128064720381711,0.00144996777782668
-0.025126801856726,0.0501502373904082,-0.0496389854148269,0.326635449119848,0.00901823085025152,0.0116884768990915,0.00161851302640873
0.0473837179521124,0.0322399635987737,-0.0504261786337101,0.302152518030379,0.00851026471346882,0.0105136501273946,0.00173619565774439
0.117833890239759,0.0124133645608492,-0.0512651771480814,0.277213536800656,0.00804717981189536,0.00929163534698892,0.00180607823768127
0.18619672254273,-0.00898060586873225,-0.0521470995406135,0.251883839072987,0.00763045149208294,0.00803155806813277,0.00183148234378094
0.252435942394258,-0.0316392524561874,-0.0530626980740771,0.226233060708903,0.00725999651447347,0.00674177268202173,0.0018158000913264
0.316503648381072,-0.0552994789697093,-0.0540021880710192,0.200333132359767,0.00693478910975582,0.00542970748311495,0.00176236360348986
0.378340314584992,-0.0797310179262706,-0.0549553038361475,0.174256988862764,0.00665329110651635,0.0041017891090885,0.00167436057688773
0.437875907535098,-0.104730191613148,-0.055911467042555,0.148077740582993,0.00641374314647665,0.00276342609761213,0.00155478728097698
0.495031563194101,-0.13011448869671,-0.056860030026894,0.121868304825232,0.00621436388115539,0.00141904251421986,0.001406434877504
0.549721517132847,-0.15571806265619,-0.0577905423138614,0.0957013064774522,0.00605348880416676,7.21478974758847e-05,0.00123190473307965
0.601854695830467,-0.181388040379406,-0.05869295452634,0.0696489708984079,0.00592966635653459,-0.00127456929881401,0.00103364745702548
0.651336216600663,-0.206981630069692,-0.0595577917612333,0.0437830937678665,0.00584173317280175,-0.00261912797512236,0.000814023576893112
0.698068474224242,-0.232363861028053,-0.0603762511598855,0.0181749386046506,0.00578887452397433,-0.00396012736807992,0.000575381064572411
0.741951589393887,-0.257405768366824,-0.0611402056433777,-0.00710495255539616,0.00577067445225867,-0.00529660821700159,0.000320145572297501
0.782883684376955,-0.281983035882264,-0.0618421623264015,-0.0319869779712501,0.00578716230088513,-0.0066279048230842,5.09195242595885e-05
0.820760225933324,-0.30597471608127,-0.0624751116791944,-0.0564027787414536,0.00583884819440023,-0.00795348633031656,-0.000229416311612007
0.855473303135329,-0.329262143867096,-0.0630323557470863,-0.0802855700070338,0.00592675155362173,-0.0092727927978314,-0.00051760448493045
0.886909492653206,-0.351727371147657,-0.0635072226667161,-0.103570477037392,0.00605240648580139,-0.0105850582899538,-0.000809923780763039
0.914948995910708,-0.373251860901831,-0.0638929040388212,-0.126194975773953,0.00621785553503837,-0.0118891487260642,-0.00110212272364217
0.93946120083687,-0.39371333046198,-0.0641820829247597,-0.148099097783524,0.00642558611399168,-0.01318337236115,-0.00138938109345629
0.960305134909713,-0.412983712128134,-0.064367019771439,-0.169226131332263,0.00667845620559473,-0.0144653645426085,-0.00166631563536217
0.977323112548656,-0.430923274700399,-0.0644392971572937,-0.189522534774313,0.00697951116506187,-0.0157319184626677,-0.00192702698505896
0.990345239550014,-0.447377898082826,-0.0643904971409648,-0.208939351820257,0.00733179940086687,-0.0169790045305844,-0.00216521722864158
0.999183182919381,-0.462170345476481,-0.0642123346296257,-0.227431947344345,0.00773801564874053,-0.0182016884962203,-0.0023743460387257
1.00364143130422,-0.475097798290044,-0.063898124668403,-0.244962768313787,0.00820016274353653,-0.0193943771898117,-0.00254787101097182
1.00351575552899,-0.485922760261138,-0.0634434877672737,-0.261501665295182,0.00871899652824303,-0.0205509066246823,-0.00267949681939172
0.998612308437202,-0.494373166741098,-0.0628483538195029,-0.277030468138992,0.00929351328480417,-0.0216650203753096,-0.00276348500017003
0.988754888518851,-0.500137882913872,-0.0621179842517186,-0.291544910259778,0.00992023337635795,-0.0227306206882177,-0.0027949149602098
0.973810662263641,-0.502873257532326,-0.0612647720435326,-0.305060864265371,0.0105925734859428,-0.023742317474547,-0.00276994213093106
0.953705686488269,-0.502208511772462,-0.0603088365662871,-0.317617715907749,0.0113001108919938,-0.0246956385245338,-0.00268594563330845
0.928452331944885,-0.49776236733247,-0.0592787259795108,-0.329284384096824,0.0120280402000755,-0.0255873180517347,-0.00254161443478387
0.898167386836122,-0.489161639201863,-0.0582108950808033,-0.340161639277961,0.0127567262315907,-0.0264151574174219,-0.00233691632292166
0.863092572234592,-0.476068709712345,-0.057148809968016,-0.350383623030215,0.0134616273642811,-0.0271777519921702,-0.00207301937780984
0.823605339720708,-0.458211845195625,-0.0561411080321094,-0.360114315797775,0.0141136136671774,-0.0278738577066682,-0.00175218857673979
0.780222664170475,-0.435418991704052,-0.0552392364598286,-0.369539624381511,0.0146798773606604,-0.0285016066778289,-0.00137774026921717
0.733592909803819,-0.407650208845881,-0.0544945301417877,-0.378853696155632,0.0151255056171148,-0.0290576261690651,-0.000954111828202899
0.684475218695652,-0.37502449794297,-0.0539549692527695,-0.388240206626598,0.015415769195368,-0.0295362511476866,-0.000487090252180653
0.633706352348858,-0.337835378460102,-0.0536618718078228,-0.397850189966395,0.015519061344994,-0.0299290049142741,1.58061348585285e-05
0.582157247578119,-0.29654991279554,-0.0536468898243367,-0.407779286316181,0.0154102739682187,-0.0302245050399284,0.00054486209785573
0.530684022040997,-0.251787911600056,-0.053929762299483,-0.418048273387324,0.015074220504021,-0.0304088929826773,0.0010877522981584
0.480080105369511,-0.204282015433535,-0.0545172647976514,-0.428591055025248,0.0145085510190934,-0.0304667907344588,0.00162936506464062
0.431036645123264,-0.154824490722869,-0.0554036153480757,-0.439253569957987,0.0137255268583455,-0.0303826750036796,0.00215205030234694
0.384116438665431,-0.104210884773091,-0.056572216099219,-0.449805048687068,0.0127521003511472,-0.0301424444488614,0.00263641385547772
0.339743338324038,-0.0531920788486793,-0.0579982133167923,-0.459960534799714,0.0116280351669961,-0.0297349166834497,0.00306264941520695
0.298204889633685,-0.00244298270027431,-0.0596510727974989,-0.469410684795991,0.0104022285163513,-0.0291530011435046,0.00341223408869361
0.259663623733025,0.0474503725390511,-0.0614964705844208,-0.477853160141748,0.00912784195192462,-0.0283943900156654,0.00366967728958154
0.224172414662419,0.0959901443722435,-0.0634972310896911,-0.485019643803757,0.00785713190901819,-0.0274617171519223,0.00382396468105465
0.191691413094386,0.14276028378917,-0.0656136307536477,-0.490694200167663,0.00663690133623824,-0.0263622425276819,0.00386940916494859
0.16210606231325,0.187420945890907,-0.0678037203657125,-0.494721162660556,0.00550526124018085,-0.0251071668525687,0.00380577994933542
0.135246518858108,0.229706096051721,-0.0700242699966594,-0.497003440033052,0.00449001166370808,-0.0237107035939614,0.00363776549141469
0.110908142909423,0.26942290444113,-0.0722325610586391,-0.49749402257208,0.00360856216847923,-0.0221890368888753,0.00337396620303798
0.0888715464695346,0.306449952633062,-0.0743887889763736,-0.496184083755306,0.0028690292879975,-0.0205592809771953,0.00302566898048726
0.0689200697347667,0.340731936274858,-0.0764585458730126,-0.493090610080163,0.00227202634410394,-0.0188385363844575,0.00260563233844095
0.0508529450659279,0.372270460738901,-0.0784148732558799,-0.488245801161691,0.00181268495403627,-0.0170431263992906,0.00212704349781235
0.0344932873059098,0.401111975704985,-0.0802395199649419,-0.481689151455559,0.00148255782233213,-0.0151880539027456,0.00160272741941192
0.0196911674315154,0.427334785779483,-0.081923333940906,-0.473462557128049,0.00127119445784591,-0.0132866992158031,0.00104462541359864
0.0063227416602593,0.45103689765292,-0.0834658998558158,-0.463608097059518,0.00116730515744556,-0.011350743537055,0.000463519306774019
-0.00571326920029624,0.472325809290678,-0.0848746282417099,-0.452167828701777,0.00115951719877418,-0.00939027975006665,-0.000131041810896429
-0.0165004890116309,0.491310830617574,-0.0861635440460317,-0.43918512629213,0.00123677720437717,-0.0074140660793479,-0.000730658715849483
-0.0261102120059044,0.508097709817852,-0.0873519116396322,-0.424706889530516,0.00138847346365839,-0.00542986351660085,-0.0013278870886963
-0.0346064975186719,0.522785067482073,-0.0884627578156047,-0.408786206579737,0.00160435419282218,-0.00344480305130179,-0.00191596760705246
-0.0420507013145004,0.535461963847081,-0.0895212548069561,-0.391485145506418,0.00187431097998265,-0.00146573222485988,-0.00248851226574413
-0.048505351110012,0.546206009637029,-0.0905528674937506,-0.372877477314047,0.00218808863857019,0.000500502532129395,-0.00303917397883174
-0.0540373989635094,0.555081282109128,-0.0915810945352328,-0.353050919952004,0.00253497672733643,0.00244687557380501,-0.00356132350206876
-0.0587209573685972,0.562136029245411,-0.0926247519956994,-0.332108857659172,0.00290353741240439,0.00436612740448246,-0.00404775936082267
-0.0626395421203034,0.567399780208471,-0.0936947444173847,-0.310170914829251,0.00328142508882103,0.00625084989819345,-0.00449047599744316
-0.0658877943953753,0.57088066759614,-0.0947905964662906,-0.28737229308736,0.00365535939626417,0.00809370782912515,-0.00488052300328943
-0.068572427250757,0.572563441001814,-0.0958971580626663,-0.263861251850234,0.00401131219237221,0.00988777449979265,-0.00520798883956765
-0.0708119838103085,0.572409355120375,-0.0969822380569955,-0.239794459740192,0.00433496188671222,0.0116269376367732,-0.00546214637691581
-0.0727348527573402,0.570359184461225,-0.0979961174253833,-0.215330129759108,0.00461244212614874,0.0133063129690462,-0.00563179333093415
-0.07447501437075,0.566340447367889,-0.0988739022515229,-0.190619306716632,0.00483136114117009,0.0149225923540067,-0.00570580578331503
-0.0761652678513969,0.560279060186107,-0.0995413083347837,-0.165796215777181,0.00498199103702057,0.0164742525109708,-0.00567389012914426
-0.0779283426219122,0.552114715905169,-0.0999237697004506,-0.140969349178208,0.00505844088215604,0.0179615743283501,-0.00552747395892139
-0.0798670758462582,0.541817405118448,-0.0999576539934136,-0.116215227408664,0.0050595564323441,0.0193864457305713,-0.00526061888846618
-0.0820557239773974,0.529402554949152,-0.0996015991811498,-0.0915770516616997,0.00498929194086902,0.0207519916240106,-0.00487081254926468
-0.0845344295831737,0.514940163766883,-0.0988451877033974,-0.0670690213446547,0.00485636629720714,0.0220620517030846,-0.0043594805117991
-0.0873085930952922,0.498556969585629,-0.0977130310698805,-0.0426863638152238,0.00467320313779802,0.0233206156725218,-0.00373214065600044
-0.0903531358728646,0.480429673268429,-0.0962629740406864,-0.0184187272957555,0.00445432183696102,0.0245312094630541,-0.00299818589469428
-0.0936205040713225,0.460772410203206,-0.0945791691698608,0.0057359656118372,0.0042145225360766,0.025696317433352,-0.00217041141328338
-0.0970494716809979,0.439818083697897,-0.0927610127483004,0.0297610264836383,0.00396721090655726,0.0268166838597223,-0.00126441500706971
-0.100572833794874,0.41780084062397,-0.09091080720466,0.0536163091563802,0.00372322197417252,0.0278906893596971,-0.000298066384145391
-0.10412081458289,0.394934743027499,-0.0891204755953082,0.0772412003579935,0.0034902729742239,0.0289134638943951,0.000708882257206774
-0.107621182232066,0.371397619713929,-0.087460092819669,0.100565449547039,0.0032731712212786,0.0298762496750806,0.00173495613824474
-0.11099511022794,0.347311851048431,-0.0859671404905932,0.123526427904269,0.00307461810704473,0.0307656709833843,0.00275694663844934
-0.114152543327883,0.322730582345063,-0.0846389048743054,0.146091114911508,0.00289647886471983,0.0315636371202959,0.00374980479328406
-0.11698850242155,0.297625006216947,-0.0834279187141808,0.168278024942224,0.00274113458117933,0.0322477509294757,0.0046865959780475
-0.11938473564291,0.271881726832219,-0.0822436776889823,0.190174509823946,0.00261252291241458,0.0327928824633276,0.00553874010486637
-0.121218565134355,0.245312577713949,-0.080962307136143,0.211941605118757,0.00251634113482585,0.0331738339077556,0.00627677689548524
-0.122380524916805,0.217683868339513,-0.0794461296791841,0.233800140145284,0.00245903170601998,0.0333691224999053,0.0068718907993984
-0.122798440551953,0.188765206645058,-0.0775715745996443,0.255994195962778,0.00244549958030285,0.0333651806459069,0.00729823936210656
-0.122462142455098,0.158391345176587,-0.0752598951842543,0.27873599765996,0.00247610815804104,0.03315989490052,0.00753581359194182
-0.121440036572438,0.126521047989353,-0.072501319511696,0.302145771764308,0.00254406577348828,0.0327641769092027,0.00757316952100868
-0.119879595188337,0.0932727994465974,-0.0693631628369821,0.326206517326148,0.00263445446894425,0.0322006934327147,0.00740917672118449
-0.117989346884239,0.0589227241412268,-0.0659775392707849,0.350751016966764,0.00272560712730384,0.0314998839967362,0.00705315199406691
-0.116007688686014,0.0238641679267986,-0.0625124855072477,0.375486011388115,0.00279253501921956,0.0306944325962234,0.00652333707460044
-0.114169210050154,-0.0114567885513818,-0.0591367396601265,0.400043319626668,0.00281126494487294,0.029813835542747,0.005844293459721
-0.112679023816539,-0.0466087578826927,-0.0559894150523167,0.424038914773361,0.0027627491934968,0.028880405069912,0.00504405284659435
-0.111700733763165,-0.0812277948196145,-0.0531617452970802,0.447122237224278,0.00263543333138756,0.0279072833332475,0.00415169617250071
-0.111357764976188,-0.115047212474951,-0.050692317924655,0.469005920984507,0.00242620849625277,0.0268983153579757,0.00319565415960621
-0.111744012447119,-0.147905252766588,-0.0485729706179103,0.489474999873166,0.00213997417069714,0.025849258923868,0.00220269743264552
-0.112938729938827,-0.179736602670878,-0.0467608336149194,0.508380121483764,0.00178826505314467,0.0247497463054682,0.00119742528996036
-0.115021478392329,-0.210554887397916,-0.045192368951675,0.525621185184738,0.00138741071892589,0.0235855458819024,0.000202051556756663
-0.118084483342298,-0.240431979388534,-0.0437965628496404,0.541127482569292,0.000956600323107143,0.0223408551087538,-0.000763656835097271
-0.122240971758705,-0.269477723067538,-0.0425057476496158,0.554838773865027,0.000516088775811602,0.0210004782225712,-0.00168237074088725
-0.127628932025465,-0.297821772331042,-0.0412635357436832,0.566690560371021,8.56510170589128e-05,0.0195518236776058,-0.00253915432735903
-0.13441008878336,-0.325597650206995,-0.0400298659411646,0.576605249527901,-0.000316716555608531,0.0179866463601919,-0.00332139457762884
-0.142764122358199,-0.352928223312129,-0.0387834265570485,0.584490155106272,-0.000675916080409375,0.016302443697371,-0.00401870148933242
-0.15287812107082,-0.379910914568073,-0.0375217899541566,0.590242119054515,-0.00098077652251616,0.0145033725803112,-0.00462277399326278
-0.164931132537475,-0.406600456635561,-0.0362596365991418,0.593757681790073,-0.00122502817028881,0.0126005471648577,-0.00512723460464847
-0.179073524687892,-0.432987049563077,-0.0350254390045594,0.594946687187702,-0.00140813259473338,0.0106116055955225,-0.0055274511056226
-0.195401205764329,-0.458969500740028,-0.0338569073459194,0.593746324678065,-0.00153568196430506,0.00855951722505595,-0.00582038014886212
-0.213926371140359,-0.484327248292734,-0.0327953881123023,0.590132123338414,-0.00161890267930007,0.00647073962783266,-0.00600447297369435
-0.234549832561711,-0.508701570553432,-0.0318794041754844,0.584122754413135,-0.00167281337590699,0.00437300319711991,-0.00607966215058211
-0.257044127836594,-0.531601188016206,-0.0311378536357607,0.575777250278894,-0.00171298962964236,0.00229313745641782,-0.00604739833546489
-0.281057904446997,-0.552444172876465,-0.0305840194765322,0.565185626565649,-0.00175165169954606,0.000255351026795964,-0.0059106464799197
-0.3061471157921,-0.570634259345413,-0.0302120836726572,0.552456763699753,-0.00179447762035048,-0.00171980530621112,-0.0056737428849451
-0.331827392876755,-0.585650648299662,-0.0299975181065429,0.537707682840331,-0.00183950802590413,-0.0036158662579008,-0.0053420763136145
-0.357631841384611,-0.597121152104543,-0.0299014486579978,0.521056738630715,-0.00187857293401171,-0.00542055687309943,-0.00492166587581033
-0.383156958012345,-0.604856698129735,-0.0298775854418421,0.502620423059059,-0.00190045870880563,-0.00712585244115254,-0.00441877515409188
-0.408087017586799,-0.608844214233624,-0.0298796079020982,0.482511581963436,-0.00189441677954034,-0.00872809044584598,-0.00383967822257476
-0.432197842081786,-0.609211169126154,-0.029867307442303,0.460837267243313,-0.00185287054098932,-0.0102280561260651,-0.00319061593380777
-0.455347296724361,-0.60617991951431,-0.0298107487319863,0.437695841778135,-0.00177287594520092,-0.0116309103793583,-0.00247791043349385
-0.477460533390399,-0.600025665806412,-0.0296925288275026,0.413174180129661,-0.0016564805982352,-0.0129458819753138,-0.00170817922952925
-0.498515139152837,-0.591044352364473,-0.0295085756100225,0.387346125405508,-0.00151036851050866,-0.0141857228304999,-0.000888599003416655
-0.518528433246762,-0.57953160574537,-0.029267941114419,0.360273548704293,-0.00134514509770752,-0.0153659814271867,-2.71939400940719e-05
-0.537546437372578,-0.565770278894746,-0.0289918117104561,0.332010517290175,-0.00117446615076342,-0.0165041425939696,0.00086686245950556
-0.555633010249088,-0.550023588552742,-0.0287117131095147,0.302610895085559,-0.00101406818967951,-0.0176186549448616,0.00178293422690833
-0.57285735190281,-0.532531220534865,-0.0284666729410347,0.272139401248201,-0.000880661701683575,-0.0187278287033956,0.0027086024659981
-0.589277849664584,-0.51350608264,-0.02829896398978,0.240685456391722,-0.000790612534528077,-0.0198485403829566,0.00362934832157233
-0.604921226750439,-0.493130670395193,-0.0282481330809951,0.208378751036988,-0.000758361689292409,-0.0209946789088677,0.00452825966558426
-0.619757262643015,-0.471552907159855,-0.0283433438137392,0.175404441541592,-0.00079461295189166,-0.0221752970487516,0.00538579910752572
-0.63367171123032,-0.44888238082263,-0.0285947083018115,0.142014647184672,-0.000904446949973004,-0.0233925250267739,0.0061797025362007
-0.646443197089604,-0.425188753067489,-0.028985191222424,0.108531617882664,-0.00108568260583662,-0.0246394664745153,0.0068851298521829
-0.657733235497193,-0.400504616546591,-0.0294656044497159,0.0753372723623654,-0.00132796356472314,-0.0258985264266891,0.00747525580331333
-0.667100212950476,-0.374834795604055,-0.0299556757654338,0.0428448324317014,-0.00161311942605205,-0.0271408548454303,0.00792252736190073
-0.674044543684214,-0.348172225208537,-0.030353456044547,0.0114521684808462,-0.00191721664718246,-0.0283276491796272,0.00820073473417076
-0.678084294630931,-0.320519261737685,-0.0305530817538806,-0.0185159286512146,-0.00221426958003337,-0.0294138585983907,0.00828780492845153
-0.67884457887386,-0.291909690993141,-0.0304672480241246,-0.0468613192392011,-0.00248085916438824,-0.0303540418683783,0.00816880780486565
-0.676134806935395,-0.262426841081602,-0.0300476956916528,-0.0735425416568854,-0.00270025065430231,-0.0311092354002287,0.00783836163906207
-0.669986161863766,-0.232212843424466,-0.0292964755475936,-0.0986676478649114,-0.00286449977936885,-0.0316529055655032,0.00730163194583124
-0.660635215094766,-0.201466403818314,-0.0282639669086404,-0.122450200889448,-0.00297376101798415,-0.0319741393797686,0.00657358179872453
-0.64846484065954,-0.170431326600707,-0.0270351633448417,-0.145144075906191,-0.0030332433135268,-0.0320774319724046,0.00567685146694032
-0.633920443499748,-0.139377074179797,-0.0257096053522525,-0.166978549177443,-0.00304917379899719,-0.0319793647415912,0.00463900035729406
-0.617434685080316,-0.108577870394899,-0.024381876279373,-0.188112749075469,-0.00302535519030468,-0.0317039573250497,0.00349000834870545
-0.599369279923692,-0.0782902499896556,-0.0231269171932561,-0.20861605007861,-0.0029612961287269,-0.0312778140630342,0.00226045219357872
-0.579987016354078,-0.0487320993719247,-0.0219921317447902,-0.228474530432838,-0.00285220649380907,-0.0307265011476114,0.000980552722451566
-0.559443699666426,-0.0200610481442857,-0.0209953921327741,-0.247615189992495,-0.00269050058028791,-0.0300722271889576,-0.000320114659763638
-0.537796059164246,0.00764699194960634,-0.0201275824739937,-0.265940479047814,-0.00246824592724001,-0.0293328976495298,-0.00161249051699742
-0.515017471656231,0.0344177389619399,-0.0193582869713596,-0.283365254164512,-0.00217996790022095,-0.0285221174153318,-0.00286778624123536
-0.491016149716979,0.0603919340829159,-0.018643821569543,-0.299848879442044,-0.00182530762146303,-0.0276496551251247,-0.00405739709749266
-0.465656406223676,0.0858245982056128,-0.0179372230285726,-0.315417275335228,-0.0014111276470936,-0.0267220977145978,-0.00515320245316823
-0.438782270125284,0.111061887602259,-0.017199395262498,-0.330169231811879,-0.000952677264517142,-0.0257433816287481,-0.00612839733567335
-0.410245680422055,0.136490835805138,-0.0164098180203056,-0.344264778998,-0.000473463724455239,-0.024715174646825,-0.00695886014667322
-0.37993716488506,0.162465418350174,-0.0155741872031315,-0.357896250015362,-3.57646612846561e-06,-0.0236371420827601,-0.00762484155567956
-0.347815049603374,0.189223595849516,-0.0147262293650966,-0.371248459434873,0.000423532911181343,-0.0225073010860661,-0.00811258972651697
-0.313925034980036,0.216817822580456,-0.0139221410204988,-0.384457317165069,0.000775419374947588,-0.0213226033486575,-0.00841545342632574
-0.278403215197307,0.245081279869466,-0.0132286272856442,-0.397577560818123,0.00102535104124742,-0.0200798526331428,-0.00853414974166565
-0.241459309933596,0.273641665547583,-0.012708019806911,-0.41056708977103,0.00115630575276419,-0.0187768838863063,-0.008476146456047
-0.203343302308344,0.301978758540085,-0.0124050960552081,-0.423290403504706,0.00116328765060442,-0.0174137765522311,-0.00825436672141229
-0.164303965584094,0.329508265305814,-0.0123393616461507,-0.435538264408409,0.00105339012837378,-0.0159937595859657,-0.0078855393388299
-0.124550702209957,0.355668948986702,-0.0125043155513774,-0.447058027989091,0.000843623664849952,-0.0145235247289216,-0.00738851621462405
-0.0842281654709043,0.379992018820298,-0.0128727190831415,-0.457586994713663,0.000557118960553663,-0.0130127717768861,-0.00678277633302238
-0.0434091601602402,0.402140543620277,-0.0134052725134035,-0.466882400866258,0.000218727454410701,-0.0114730680247562,-0.0060872634590222
-0.00210528809748298,0.421916822105329,-0.0140597185430759,-0.474743264522453,-0.000148875554430072,-0.00991629687922176,-0.00531962536969804
0.0397102633701745,0.43924465498318,-0.0147981087532311,-0.481022182174774,-0.000527757206052411,-0.008353085774729,-0.00449585742659527
0.0820761044643024,0.45413822952822,-0.0155912138480672,-0.485627739410317,-0.000905658220623431,-0.00679157022317717,-0.00363028699418644
0.125019983324428,0.466669186363469,-0.0164202253359784,-0.488519892644581,-0.00127551812984949,-0.00523671060327011,-0.0027357900810932
0.168544847533006,0.476939516661612,-0.0172765767306262,-0.489701023931813,-0.00163414605418555,-0.00369020357909954,-0.00182412203716799
0.212624606255051,0.485063005117118,-0.0181608388024521,-0.48920491851835,-0.00198062169657495,-0.00215089785111249,-0.000906269907607243
0.257207737885979,0.491154295844506,-0.0190813948196129,-0.487085282580236,-0.00231483977318126,-0.000615560721442212,7.22660311880616e-06
0.302225481139006,0.495322566292603,-0.020053201215539,-0.483404392370107,-0.00263638179620327,0.00092016985043302,0.000906008776981698
0.347601470664952,0.49766726008685,-0.0210966113032465,-0.478222619847619,-0.00294372842044273,0.00246078708332432,0.00177969098948155
0.393260139692365,0.498273687101431,-0.0222359946484036,-0.471588970597994,-0.00323374339625084,0.0040099872966657,0.00261771241339608
0.439132099343657,0.497207724433906,-0.02349780274725,-0.463533200807164,-0.00350135612318059,0.00556990148386386,0.00340924864778635
0.485155368971426,0.494509710191122,-0.0249077615983992,-0.454060114699781,-0.00373940430208917,0.00714055644855787,0.00414318473478824
0.531271963785595,0.490188370479187,-0.0264870303311779,-0.443146760012786,-0.0039386433683068,0.00871961341849633,0.0048081499667699
0.577420052761872,0.484216186610914,-0.0282474437691445,-0.430743278916466,-0.00408796655443356,0.0103024057449038,0.00539261410191758
0.6235225319366,0.47652775874786,-0.0301863176524456,-0.416777864356416,-0.00417489644033965,0.0118822628322241,0.00588504519123193
0.669473806858526,0.467022890764837,-0.0322816994781732,-0.401166036522779,-0.00418640372358495,0.0134510728784844,0.00627413675712759
0.715127222291759,0.455575661754913,-0.0344892654187389,-0.383823769488116,-0.00411007414289872,0.0150000013316906,0.00654912169127302
0.760285928248043,0.442049884820266,-0.0367421684364568,-0.364683208983017,-0.00393558084694353,0.0165202529216531,0.00670019715535112
0.804700216624635,0.426320288709483,-0.0389549078490774,-0.343709124538755,-0.00365633311434898,0.0180037579384185,0.00671908264545032
0.848073468466611,0.408296917597851,-0.0410315766156549,-0.320913399131176,-0.00327107021481536,0.0194436680527317,0.00659970385786016
0.890077406322749,0.387948580881869,-0.0428777239306356,-0.296364559205139,-0.00278508608867434,0.0208345787624291,0.00633894366550958
0.930375114501025,0.365320086462249,-0.0444137960710907,-0.270189667424331,-0.00221074973671175,0.022172445324249,0.00593734158397161
0.968648141564989,0.340538464300791,-0.0455871940574859,-0.242567271280524,-0.0015670741183227,0.02345422317777,0.00539959000895326
1.00462244736864,0.313805623484908,-0.0463799134477709,-0.213712242118815,-0.000878289709971657,0.0246773162268958,0.00473469721122703
1.03808689933253,0.28537812153465,-0.0468096801704935,-0.183855442793427,-0.000171642328156963,0.0258389163449605,0.00395576438239793
1.06890144697574,0.255539066104332,-0.0469243316418172,-0.153223372344127,0.000525138387125437,0.0269353498133628,0.00307944959663782
1.09699206201895,0.224568211364711,-0.0467908261553892,-0.122022391701482,0.00118617942272926,0.0279614525750737,0.00212526509199851
1.1223347788129,0.192717067527554,-0.0464814684063771,-0.0904315245510503,0.00178918145661956,0.0289100379909321,0.00111489468037867
1.14493079625929,0.160193158299045,-0.0460599872661034,-0.0586051625310794,0.00231629521790268,0.0297714775396844,7.16625324025938e-05
1.16477713599532,0.127155451963541,-0.0455696686465485,-0.0266850517090401,0.0027541797947779,0.0305334994950637,-0.000979797440028249
1.18183680549957,0.0937205310225738,-0.04502504272271,0.00518115966422069,0.00309346102636543,0.031181344312987,-0.00201372485623083
1.19601268103024,0.0599776356044709,-0.0444081568457016,0.0368189817710391,0.00332792328902063,0.0316984487826513,-0.00300340298826912
1.207131546101,0.0260100429862464,-0.0436703756468333,0.0680091209558668,0.0034538135580495,0.0320678386432322,-0.00392150194408742
1.21494254362401,-0.00808107110120331,-0.0427402332264976,0.0984786259776762,0.00346958078123855,0.0322742305462467,-0.00474078894602994
1.21913728493259,-0.0421548239108602,-0.0415373065276431,0.127906922046956,0.00337624179112543,0.0323067118764494,-0.00543535144725936
1.21939034197883,-0.0760165980264497,-0.0399903444903905,0.155949876693437,0.00317829482932442,0.0321614471378641,-0.00598233389887508
1.21541791794363,-0.109416862233152,-0.0380561061693323,0.182280119975193,0.00288480127906323,0.0318437575363817,-0.00636399552844888
1.20703651997477,-0.142065068392945,-0.0357335836758786,0.206634354715069,0.0025099965125063,0.031368674890669,-0.00656964488662217
1.19421039751341,-0.173656352623093,-0.0330690086232836,0.22885435463396,0.00207284661872773,0.0307596860327446,-0.00659695064279838
1.17706337094698,-0.203903107339099,-0.0301492074972001,0.248906725386501,0.00159529163635913,0.0300455726582849,-0.00645216990508073
1.1558617910359,-0.232563008059498,-0.027085609260285,0.266876215750383,0.00109951521054528,0.0292564177331913,-0.00614926098224728
1.13096092897047,-0.259454321043026,-0.0239937322625382,0.282933322422307,0.000604957218290855,0.0284194472306196,-0.00570807115173323
1.10275184656994,-0.284459082501526,-0.0209748464367377,0.297291548676435,0.00012591518022291,0.0275561539323145,-0.0051522016544989
1.07159801519464,-0.307511879771875,-0.0181035408407772,0.310162073439697,-0.000329767520020326,0.0266804484039049,-0.00450687398173397
1.03781011202376,-0.328586887761782,-0.0154235145457452,0.321724312953636,-0.00076079381454366,0.0257987262223137,-0.00379729139079194
1.00161448572007,-0.347677515170554,-0.0129494961269556,0.33210459825376,-0.00117154336846142,0.024910287140764,-0.00304734978414364
0.963173700085595,-0.364787871820734,-0.0106739790386072,0.341378092863147,-0.00157063587260055,0.024009179038969,-0.00227893881773298
0.922577629096926,-0.379916256946208,-0.00857493859977041,0.349568403928343,-0.0019692805476507,0.0230852102295772,-0.00151141165338674
0.87988923142331,-0.393058623824225,-0.00662390982740243,0.356667736547225,-0.00237976492439843,0.0221261241930103,-0.000761458939676737
0.83513706325425,-0.404196242753268,-0.00479194507171526,0.362640305793742,-0.00281411804994643,0.0211182664213989,-4.29804091588478e-05
0.788362592958647,-0.413307126447378,-0.00305430806031675,0.367444803805382,-0.00328318493919767,0.0200484670584776,0.000632814637923661
0.739607223419026,-0.4203552358734,-0.00139281480840005,0.371032926487965,-0.00379586233627073,0.0189043226206273,0.00125733113858895
0.688946588084651,-0.425302946117316,0.000203012695997663,0.373365784106463,-0.00435872619390075,0.0176755870863936,0.00182442277304893
0.63647598916365,-0.42810248903794,0.00173631192316268,0.374408554756615,-0.00497568318758243,0.0163542705481132,0.00233019994458423
0.582325975670203,-0.428705292541827,0.0032040254706143,0.374138741954088,-0.00564788910274278,0.0149354228515832,0.00277283161970107
0.526648900250835,-0.427058185815292,0.00459874113865342,0.372540740256628,-0.00637361631338291,0.0134170946939291,0.00315228539406154
0.469618310268478,-0.423110491775001,0.00591085868906015,0.369608228564005,-0.0071482794726198,0.0118005255101693,0.00347007951238694
0.411415669364066,-0.416816516843534,0.00713079940752119,0.365340922254311,-0.00796445294876752,0.0100899082431218,0.00372898080841568
0.352220342605634,-0.408143522421386,0.00825101673103613,0.359744777920039,-0.00881203115175848,0.00829213996090197,0.00393270310439114
0.29219680098425,-0.397079906289485,0.00926753804874802,0.352831388607701,-0.00967851453306199,0.00641641256162452,0.00408557956427804
0.231483754278536,-0.383645372666894,0.0101808785411684,0.344618720466285,-0.0105495092292412,0.0044737677898968,0.00419223220438657
0.170185762146978,-0.367900952726108,0.0109962226915145,0.33513217514763,-0.0114094560189273,0.0024766311574629,0.00425723987224503
0.108369515354919,-0.349957933932307,0.0117229006456823,0.32440625281162,-0.0122425917788614,0.00043837474707931,0.00428482302339236
0.0460654105965515,-0.329983435182615,0.0123732769390555,0.312485983559004,-0.0130340623576794,-0.00162707653990701,0.00427855650252566
-0.0167251043907047,-0.308201479655425,0.0129612818069122,0.299428092020298,-0.0137710698332163,-0.00370557751801488,0.00424113356458238
-0.0800174466355092,-0.284888493201533,0.0135008532665761,0.285301401046096,-0.0144438850774176,-0.0057830365038295,0.00417419899159595
-0.143828900053737,-0.260363471792662,0.0140045604087941,0.270186391423036,-0.015046566768668,-0.00784563800615304,0.00407826998139841
-0.208163180869457,-0.234973953128993,0.0144826073646031,0.254173787120014,-0.0155772638235152,-0.00988002704817823,0.00395275490521685
-0.272997092085225,-0.209080153202892,0.0149423297528124,0.237362544454534,-0.0160380721118864,-0.0118734768377996,0.00379607717054982
-0.338271149753866,-0.183039347438579,0.0153881532129883,0.219857048359137,-0.0164344674063548,-0.0138140504295825,0.0036058933724611
-0.403885164060223,-0.1571929206319,0.0158219170427022,0.201763921706711,-0.0167744314920387,-0.015690772372448,0.003379395647378
-0.469698890709253,-0.131857592573408,0.0162434143374874,0.183188685714225,-0.017067419773121,-0.0174938241223588,0.00311368093535596
-0.535536438801915,-0.107321012400476,0.0166509722404918,0.16423206074105,-0.0173232877199113,-0.0192147413817397,0.0028061597941763
-0.601193426845348,-0.0838415231861896,0.017041979363042,0.144986400755697,-0.0175513175740069,-0.0208466164063286,0.00245498730180086
-0.666444929022653,-0.0616506363311148,0.0174132871129986,0.125532184304152,-0.0177594075638094,-0.0223842610990521,0.00205948855151319
-0.731053146109916,-0.0409565601649994,0.0177615021052786,0.105934946312756,-0.0179534860792191,-0.0238243093274933,0.00162055770097995
-0.794773324290719,-0.0219469166497882,0.0180832042051459,0.0862428502925202,-0.0181371595218032,-0.0251651973272195,0.00114100619208215
-0.857358017744115,-0.00478894136783583,0.0183751752496512,0.0664854429959512,-0.0183116271038704,-0.0264070128490544,0.000625840062043664
-0.918558867807078,0.0103741059834246,0.0186346716987513,0.0466739090983249,-0.0184758469578341,-0.0275511585340929,8.24424907175926e-05
-0.978127387355954,0.0234308215085009,0.0188597824491608,0.026803472339118,-0.0186269814917794,-0.0285998589948667,-0.000479357230495099
-1.03581419271312,0.0343134612517752,0.0190497977057646,0.0068582063596554,-0.0187610777607564,-0.0295554872368643,-0.00104735218859132
-1.091368675127,0.0430120637441344,0.019205508293445,-0.0131814067718325,-0.018873966975395,-0.0304197914864412,-0.00160718399367837
-1.14453917883282,0.0495880626560431,0.0193292699734446,-0.0333284181973185,-0.0189622845413429,-0.0311930766522027,-0.00214274781323299
-1.19507482052561,0.0541835100757247,0.0194246967157246,-0.0535776543406224,-0.0190244922995173,-0.0318734678766695,-0.0026367919408639
-1.24272903825599,0.0570216325196593,0.0194959021344804,-0.0738939108870096,-0.0190617313343855,-0.0324563904039997,-0.00307171603631423
-1.28726404127266,0.0583952078444664,0.0195463462401558,-0.09420243148648,-0.0190783140999647,-0.0329344005675449,-0.00343054758753988
-1.32845674062269,0.0586416840176807,0.0195775519312163,-0.114384418380074,-0.0190817233551425,-0.0332975196298103,-0.00369804856912949
-1.36610289792784,0.0581074905917089,0.0195880578174978,-0.134279568719935,-0.0190820099545007,-0.0335340602549263,-0.00386185259245719
-1.40002069910004,0.0571081944586662,0.0195730741544044,-0.153696335141066,-0.0190906720715854,-0.0336319331204542,-0.00391350771948822
-1.4300506470478,0.0558936341330343,0.0195250877710872,-0.172428089794584,-0.0191191577439419,-0.0335801710410683,-0.00384927140110027
-1.45605485522909,0.0546271386567119,0.019435435950687,-0.190271787678248,-0.0191773103950717,-0.0333704547154077,-0.0036705376546607
-1.47791335988647,0.0533840710895532,0.0192964317725127,-0.207044287345634,-0.0192720110573283,-0.0329982561072282,-0.00338381707593284
-1.49552202847742,0.0521693545641141,0.0191034958752143,-0.222592928070255,-0.0194062996259658,-0.0324634575836067,-0.00300028772386147
-1.50879014178027,0.0509477732232198,0.0188566749194351,-0.236798365777981,-0.0195790439073268,-0.031770298084581,-0.00253499225925112
-1.51764031812747,0.0496778431610927,0.018561236481773,-0.249570771303306,-0.0197851569793784,-0.0309267772582059,-0.00200581543049256
-1.52200924422175,0.0483401736870295,0.0182273211383143,-0.260841916200011,-0.0200162153101734,-0.0299436791606968,-0.00143237318630296
-1.52184874199284,0.046954324663895,0.0178689373402468,-0.270556527895174,-0.0202613118979056,-0.0288334541196912,-0.00083492464459037
-1.51712800819485,0.0455823855364028,0.0175027270396641,-0.278666068592354,-0.0205080148835858,-0.0276091975171517,-0.000233381677262103
-1.50783411805159,0.0443211377982046,0.0171468354193065,-0.285126220381051,-0.020743298015528,-0.026283814711927,0.000353548017167011
-1.49397422800714,0.0432871030812496,0.016820131050877,-0.289898951711199,-0.0209544366360642,-0.0248695028143336,0.000909063402476432
-1.47557561523289,0.0425992139484064,0.0165417457153574,-0.292957488910055,-0.0211297912374037,-0.0233774670219782,0.00141881065040438
-1.45268854986794,0.0423633539075709,0.0163308659023886,-0.294293324550418,-0.0212595240587608,-0.0218179103448653,0.00187125173396456
-1.4253861481032,0.0426613089763508,0.0162065301426897,-0.293922153390117,-0.0213361379099226,-0.0202001231986918,0.00225785078306098
-1.39376686838553,0.043545316109425,0.0161873507995018,-0.291888151974095,-0.0213548785692939,-0.0185327000024838,0.00257307806538726
-1.35795326620393,0.0450377245008217,0.0162910294631567,-0.288264378005724,-0.0213138775253095,-0.0168237216818267,0.00281423632055785
-1.31809227269324,0.0471346528126522,0.0165337627829946,-0.283150244440811,-0.0212140987734734,-0.0150809427722032,0.00298114314426491
-1.27435105683286,0.0498118683267209,0.0169295756112506,-0.276665492115712,-0.0210590187586557,-0.0133118706587754,0.0030757031308131
-1.22691502875815,0.0530314958679217,0.0174897824538714,-0.26894314052365,-0.0208541850918404,-0.0115238138080563,0.00310143318429497
-1.17598194433893,0.0567481765667444,0.0182226055313753,-0.260121353495854,-0.0206066256070707,-0.00972382253234311,0.00306297965032711
-1.12175864442296,0.0609141357125435,0.0191330791470423,-0.250336637064112,-0.0203242796308661,-0.00791861200030618,0.00296568372636924
-1.06445586777452,0.0654827156808313,0.0202231742507921,-0.239718037475141,-0.0200154369092063,-0.00611443507184557,0.00281521319734282
-1.00428591377386,0.0704106052063323,0.0214921585651286,-0.228383638071438,-0.0196883048724704,-0.00431697345271579,0.00261728694707403
-0.941459018389878,0.0756588431857739,0.0229370536354583,-0.216438367766693,-0.0193506544371599,-0.00253123135393467,0.00237748380749244
-0.876182484841986,0.081193126640687,0.0245531742037496,-0.203973741854733,-0.0190096194680601,-0.000761479439749865,0.00210114018922518
-0.808659464483885,0.0869835914081798,0.0263346256821913,-0.191068477294994,-0.0186715857942921,0.000988762250115807,0.00179331688864778
-0.739088647495198,0.0930043965136461,0.0282747262170128,-0.177789909094423,-0.0183421770144378,0.00271668827986407,0.00145882505248769
-0.66766490859195,0.0992333162567471,0.0303663238337744,-0.164195935896895,-0.0180263216164523,0.00442012212120253,0.00110229779398537
-0.594579652144106,0.105651328544222,0.0326019523279315,-0.150336999987669,-0.0177283567405564,0.00609738677200162,0.00072829185274601
-0.520021965708085,0.112242327119567,0.034973847868387,-0.13625824663117,-0.0174521761595098,0.00774713888442899,0.000341410756649161
-0.444180296857195,0.1189929261991,0.0374738253811747,-0.122001757957973,-0.017201404068556,0.00936818044148526,-5.35616563962132e-05
-0.367243788239143,0.125892145023528,0.0400929752275148,-0.107608638915042,-0.0169795567843945,0.0109592520624516,-0.000451528092123818
-0.289404723884594,0.132931123735297,0.0428212728186355,-0.0931213419218517,-0.0167902214714883,0.0125188352679274,-0.000846952734300903
-0.210860637450584,0.140102500560298,0.0456470437448062,-0.0785858610448264,-0.0166371936679218,0.0140449615134857,-0.00123375634360839
-0.131817012912691,0.1473995785888,0.0485564003800085,-0.0640540171416002,-0.0165245904714596,0.0155350589511686,-0.00160524321619373
-0.0524897749374756,0.15481505699958,0.0515326677844991,-0.0495855313981832,-0.0164568939903496,0.0169858393434281,-0.00195407450900492
0.0268924192346298,0.162339447031615,0.0545559380671678,-0.0352497565924287,-0.0164389158277825,0.0183932501752047,-0.00227230528055864
0.106086824573823,0.169958983069547,0.0576027888457905,-0.0211265981122985,-0.0164756250561884,0.0197524740004687,-0.00255150043625581
0.184836275978059,0.177653573051988,0.0606464255244407,-0.00730642027611766,-0.0165718594954407,0.0210580156551028,-0.00278294984304845
0.262870698851209,0.185394793533142,0.0636572830862926,0.00611156947243125,-0.0167318809223405,0.0223038418184475,-0.00295799108765777
0.339910987214841,0.193144656442889,0.0666042906471725,0.0190226064716471,-0.0169588299173757,0.0234835971553251,-0.00306844553675899
0.41567516680891,0.20085506525047,0.0694566293220104,0.0313213336275039,-0.0172540926563266,0.0245908175044111,-0.00310714456900513
0.489887158354466,0.208468870328432,0.0721860539830948,0.042907899282637,-0.0176167372745368,0.0256191809580308,-0.00306851783396831
0.562286366208272,0.215921826941011,0.0747692317101956,0.0536942537131394,-0.0180430787151563,0.0265626732087896,-0.00294917253065549
0.632636952139071,0.223145493929711,0.0771898052044695,0.0636093338303613,-0.0185265295559571,0.02741567512341,-0.0027483955261936
0.700734614209749,0.230070204340728,0.0794396734149718,0.0726017978144739,-0.0190578016347485,0.0281729250689055,-0.00246850212846608
0.766410319796259,0.236627659140103,0.0815193002153744,0.0806394455482513,-0.0196255001349887,0.0288294035984156,-0.00211498303053381
0.829529256096124,0.242751965227974,0.0834368041624892,0.0877050322916068,-0.0202169963283292,0.0293801163300738,-0.00169642246067471
0.889986695550521,0.248379207654703,0.0852061620147655,0.0937892574290544,-0.0208194723713213,0.0298198883436233,-0.00122420924628765
0.94770123996074,0.253445372053808,0.0868447886651154,0.0988822663228223,-0.0214209362713687,0.0301432021076253,-0.000712079233188903
1.00260742681257,0.257883368554291,0.0883709763015263,0.102965523668817,-0.0220110578588563,0.0303441623611978,-0.000175542660011529
1.05464944467215,0.261620250302852,0.0898016061757921,0.106005918975745,-0.0225817274754656,0.0304166517300823,0.000368758017267197
1.10377676037148,0.26457577188304,0.0911503753766749,0.107953582480799,-0.0231272984399407,0.0303547016717683,0.00090373084496819
1.14994237616045,0.26666347803638,0.0924266892768793,0.108744339718648,-0.0236445475865828,0.0301530851533376,0.00141254239633739
1.1931025427199,0.267794759482657,0.093635142242581,0.108306832317819,-0.0241323952121247,0.0298080512059162,0.00187934054600981
1.23321890518076,0.267886262732199,0.0947756638120973,0.10657366970941,-0.0245914912644936,0.0293181439359396,0.00228997375411266
1.27025864295852,0.266868931486444,0.0958439461161883,0.103494648114309,-0.0250236556721446,0.0286848638673622,0.00263266617651802
1.30419680737856,0.26469821031651,0.0968324572048565,0.0990501351799365,-0.0254313280658064,0.0279131451251997,0.0028985967294912
1.33501332225515,0.261361739297708,0.0977313703229581,0.0932615137097771,-0.0258169274481138,0.0270113448429837,0.00308230373201276
1.36269252574935,0.256884350689794,0.0985298941395205,0.0861971889120261,-0.0261823312279043,0.025990883396014,0.00318186776523665
1.387217376084,0.251327365030125,0.0992172247245471,0.0779724397554415,-0.0265283643896828,0.0248653909470951,0.00319882362051294
1.40856721675486,0.244783761437776,0.0997835941223778,0.0687439115101406,-0.0268545194919941,0.0236496780275204,0.00313782513302077
1.42671168439937,0.237368569389196,0.100220706411295,0.0586996870397016,-0.0271587916298029,0.0223585531104571,0.00300609287633788
1.44161077387714,0.229208016393456,0.100522203009358,0.0480476006902276,-0.0274378272229692,0.0210058581634113,0.0028127424700865
1.45321052628697,0.220427383243479,0.100683403388753,0.037003476328349,-0.0276871542202374,0.0196036651551839,0.0025680565631702
1.46144762290721,0.211141569258892,0.100701347006481,0.0257814765402282,-0.0279016945945949,0.0181619222474166,0.0022828077404487
1.46624732493923,0.201446846228112,0.100574162473149,0.0145869204371675,-0.0280761887304458,0.0166882954176001,0.00196765961187201
1.46753219205502,0.191417115829986,0.100301112768567,0.00361208089514474,-0.0282057979425695,0.0151884060800943,0.0016327131315125
1.46522096710526,0.181101437307663,0.0998819891263101,-0.00696586753642984,-0.0282864338193828,0.0136660994225255,0.00128717389803576
1.45923939360555,0.170525664978342,0.0993174258994368,-0.0169852631383647,-0.028315201176908,0.0121239394642791,0.000939167195354621
1.44951825204883,0.159694157781181,0.0986084679298799,-0.0262995216653004,-0.0282904684700213,0.0105635754001053,0.000595650667512457
1.43600490463245,0.148594502646151,0.0977571914016428,-0.034776569580715,-0.0282120837423551,0.00898621420672526,0.000262429960846658
1.41865865524182,0.137200940226411,0.0967663337532378,-0.0422981363883295,-0.0280811821645696,0.00739288873348839,-5.57721011641514e-05
1.39746206977477,0.125479927965032,0.0956400951875429,-0.0487596871626829,-0.0279002392095611,0.00578479001879608,-0.000355195301214773
1.37241371645076,0.113393546735927,0.0943837327647487,-0.0540701350395225,-0.0276727223194106,0.0041634009208933,-0.000632903776011267
1.3435381082793,0.100904357931042,0.0930043553264749,-0.0581523697623471,-0.0274030697185511,0.00253067757338504,-0.000886638671582615
1.31087685801217,0.0879778976973511,0.0915104448081611,-0.0609431817122073,-0.0270963044474411,0.000889084800193814,-0.00111467199001902
1.27449671906332,0.0745860874080542,0.0899125215335967,-0.0623939512335962,-0.0267580085327578,-0.000758338585701603,-0.00131567879435396
1.23448092455473,0.0607085690564382,0.0882226360555299,-0.062470495694907,-0.0263939916012788,-0.0024079969519675,-0.00148861852975149
1.19093453591329,0.0463344568518724,0.0864547898409807,-0.0611535380316691,-0.0260102811162702,-0.00405575112941555,-0.00163264851948109
1.14397752879635,0.0314626095157755,0.0846244508175968,-0.0584384076751221,-0.0256128966572567,-0.00569696022578011,-0.00174705028810928
1.09374757288555,0.0161019201836691,0.0827486877274135,-0.0543351803157899,-0.0252078630935261,-0.00732654110610038,-0.00183119146070033
1.04039555982035,0.000270712357004895,0.0808457164825851,-0.0488683126183462,-0.0248011026077629,-0.00893902788272666,-0.00188450380171435
0.984086044315611,-0.0160040901639612,0.078934719804829,-0.042076477016599,-0.0243984621001502,-0.0105286541096971,-0.00190649244695698
0.924994914377851,-0.0326882569766821,0.0770353809990404,-0.0340121565370656,-0.0240057034018697,-0.012089430547894,-0.00189676386206846
0.863308729494305,-0.0497417996126959,0.0751674629332356,-0.0247412401465925,-0.0236285494687635,-0.0136152373641382,-0.00185507723891081
0.799223551440175,-0.0671207386332164,0.0733502839069751,-0.0143424790163513,-0.0232727303900309,-0.0150999156004794,-0.00178141262666335
0.732943876314071,-0.0847789714049495,0.0716021593349897,-0.00290681823347042,-0.0229440345807134,-0.01653735675204,-0.00167605276771358
0.66468198002356,-0.102670148700468,0.0699398707863724,0.00946338807675657,-0.0226483645052413,-0.0179215905156464,-0.00153967464391744
0.594657216298406,-0.120749419032915,0.0683781652756988,0.0226552809052561,-0.0223917744555452,-0.0192468582236433,-0.00137344424593363
0.523095550391768,-0.138974923583267,0.0669293510699279,0.0365464608075882,-0.0221804864576954,-0.0205076686795127,-0.0011791091137629
0.450229232738097,-0.157308907557793,0.0656030166962463,0.0510059348492865,-0.0220208694678765,-0.0216988269752768,-0.000959081981248253
0.376296825017289,-0.175718384084322,0.0644059178856262,0.0658949493383664,-0.0219193781370712,-0.0228154362917868,-0.000716509406352982
0.301543467105806,-0.194175292666724,0.0633420263306304,0.0810676203224279,-0.0218824397132434,-0.0238528685065949,-0.000455318374535678
0.226221300346441,-0.212656131052319,0.0624127099711941,0.0963713007797932,-0.0219162810338501,-0.0248067022317655,-0.000180233837450686
0.150590112254919,-0.231141163204691,0.0616170173517369,0.111646713543628,-0.0220267019088083,-0.025672640863311,0.000103239574336167
0.0749180662515133,-0.249613355883752,0.0609520097599918,0.126727990469544,-0.022218804847063,-0.0264464265147091,0.000388879027105117
-0.000517772730755836,-0.268057155119946,0.0604130570490505,0.1414428467708,-0.0224966916709201,-0.0271237617307603,0.00066985562953813
-0.0754312969554801,-0.28645726824275,0.0599940457752237,0.155613237987033,-0.0228631540533209,-0.0277002617773424,0.000938903504196524
-0.149527818277978,-0.304797659646407,0.0596874922095047,0.169056938407644,-0.0233193995172758,-0.0281714692884503,0.00118854981818853
-0.222505424326195,-0.323060698086039,0.0594845466637023,0.181590354066739,-0.0238648418498592,-0.0285329406639306,0.00141140481227001
-0.29405732213684,-0.341226332131761,0.0593749423393909,0.193032753751057,-0.0244969904827375,-0.0287804150816494,0.00160050280673469
-0.363875204530479,-0.359271100448543,0.0593469894793116,0.203211871821819,-0.0252114682285814,-0.0289100714776201,0.00174967511138752
-0.431653542111227,-0.377166546579323,0.0593877021923657,0.211970439246044,-0.0260021583096186,-0.0289188514154838,0.00185392420867095
-0.497094526031106,-0.394876529238245,0.0594831226526298,0.219172860189992,-0.0268614558608447,-0.0288048068234621,0.00190975913048795
-0.559913393232278,-0.41235309488642,0.0596188729875231,0.224711103673913,-0.0277805833148575,-0.0285674256429904,0.00191544879816316
-0.619844135992985,-0.429531003092628,0.0597809190376689,0.22850898097021,-0.0287499275336371,-0.0282078939689643,0.00187115586960242
-0.676645260256887,-0.446320980730385,0.0599564000554761,0.23052400642398,-0.0297593292378582,-0.0277292271241841,0.00177892536227647
-0.730106147590118,-0.462602913434691,0.0601344386117417,0.230746810442752,-0.0307983179302171,-0.0271362672076948,0.00164252563179736
-0.78005363438074,-0.478219792917317,0.0603067287581067,0.229198126022544,-0.0318562561823802,-0.02643551245132,0.00146715734476618
-0.826359608951337,-0.492974411790089,0.0604678738395626,0.225924236819551,-0.0329224474982795,-0.025634832578331,0.00125906856217531
-0.868948433498207,-0.506629492930535,0.0606153457695753,0.220991361009508,-0.0339861948262687,-0.0247430671993258,0.00102511961177182
-0.907804735741913,-0.518912969271098,0.0607491902707264,0.214480116674352,-0.0350368943090944,-0.0237695996806462,0.0007723487542934
-0.942979291150295,-0.529527877763738,0.0608714519398284,0.206480295613009,-0.0360641297830796,-0.0227239076624534,0.000507578093052238
-0.97459335560717,-0.5381673771776,0.0609855392916368,0.197086735281394,-0.0370578368569955,-0.0216151795591218,0.00023709345877422
-1.00283896918061,-0.54453292127648,0.0610955375862888,0.186396079568749,-0.0380084691287707,-0.0204519834040413,-3.35860263438426e-05
-1.02797535555887,-0.54835449945301,0.061205624396486,0.174504647673467,-0.0389071820246699,-0.0192420312024464,-0.000299842510932612
-1.05032059782515,-0.549410751920589,0.0613196127336742,0.161507175435074,-0.0397459890653442,-0.0179920296751727,-0.000558004285818518
-1.07023922055739,-0.547547310114035,0.0614406726771053,0.147496340988305,-0.0405178845564985,-0.0167076215279519,-0.000805314008020212
-1.0881255709596,-0.542691277797513,0.0615711773263102,0.132562756894495,-0.0412168859184602,-0.0153933893130649,-0.00103983754513979
-1.10438520736505,-0.534861278484968,0.0617127158123312,0.116795447253027,-0.0418380352739611,-0.0140529289900653,-0.00126033196533257
-1.11941411413559,-0.524171592781167,0.0618661511121846,0.100282445793942,-0.0423773086202438,-0.0126889520053093,-0.00146608919534108
-1.13357861608179,-0.510831021417674,0.0620317747029042,0.0831116085735293,-0.0428315061605578,-0.0113034275625062,-0.00165677069332968
