0.0592968225,-1.5690860141,-1.4795687841,-0.137132142,-1.09768027,0.135447267,0.0749668433
0.0598316404234209,-1.56908846676969,-1.47918007269988,-0.135095493818732,-1.0981154471254,0.133751059792131,0.0628789136387633
0.0608998608475999,-1.56909482994637,-1.47839558382181,-0.131032666018117,-1.09899312442019,0.130384324662865,0.0389977262238207
0.062498617558019,-1.56910805740132,-1.47720136581152,-0.124964802742873,-1.10032652325084,0.12539732456268,0.00391852749288899
0.0646235450918744,-1.56913266158061,-1.47557714906598,-0.116924057328381,-1.10213209097333,0.118862534465094,-0.0414537423547543
0.067268758561303,-1.56917477511692,-1.47349770454109,-0.106953902647308,-1.10442592034241,0.110870753496351,-0.0958971889239433
0.0704269140199598,-1.56924217512513,-1.47093555912917,-0.0951092279431864,-1.10721971204081,0.101525609895226,-0.157874272675608
0.0740893975621271,-1.569344227563,-1.46786570813045,-0.0814560454809236,-1.1105167395673,0.0909367391101574,-0.225548654260692
0.0782466668398147,-1.56949170570294,-1.46427286446663,-0.0660707164162838,-1.11430813844071,0.0792124001219293,-0.296822877386621
0.0828887244020677,-1.56969643446922,-1.46016138948069,-0.0490387613467709,-1.1185696236279,0.0664526756943948,-0.369398601871796
0.0880056499554578,-1.56997071107891,-1.4555672226063,-0.0304534961952152,-1.12325860264813,0.052744441001378,-0.440856473920275
0.0930524651149817,-1.57029607999282,-1.45074081011824,-0.0124161800265591,-1.12777829943569,0.0394334238584538,-0.497999777871404
0.0980205183659989,-1.57067231106512,-1.44573174102801,0.00499559391957353,-1.1320808003527,0.0264709396473524,-0.539620233544475
0.102901707626852,-1.57109808910447,-1.44059498339247,0.0217084199574238,-1.13612461473402,0.0138348447999811,-0.564972543087622
0.107688000303447,-1.57157133918556,-1.43538503633557,0.0376517061569819,-1.13987150326718,0.00153649634559188,-0.573744757038465
0.112371169797956,-1.57208942491976,-1.43015155904991,0.0527571615809424,-1.14328521248617,-0.0103761022659763,-0.566030991718922
0.116942778668772,-1.5726491671552,-1.42493660469979,0.0669592168928953,-1.14633263128475,-0.0218181892967729,-0.542309822741017
0.121394395007693,-1.57324667682397,-1.41977313964442,0.0801963094851186,-1.14898740873155,-0.0326709550237279,-0.503429162558203
0.125717983440989,-1.57387704787988,-1.41468437854206,0.0924127908477576,-1.15123552787062,-0.0427874318360419,-0.450595085922025
0.129906380587489,-1.57453400361656,-1.40968358717239,0.103561115202836,-1.15308176889706,-0.0520021831419395,-0.385360146978165
0.133953736783561,-1.5752096218092,-1.4047742384146,0.113603859637627,-1.15455549136504,-0.060145091707771,-0.309604783367475
0.137855798475473,-1.57589426721052,-1.39995059728901,0.122515092125175,-1.15571393610681,-0.0670586007155359,-0.225504806665515
0.141609924505983,-1.57657682324575,-1.39519884887453,0.130280645028876,-1.15664149799405,-0.0726163703118734,-0.135478866342826
0.145214787656377,-1.57724523802321,-1.39049876372079,0.136897046270455,-1.15744427006383,-0.076740039294336,-0.0421132716176198
0.148669798899624,-1.57788730177998,-1.38582569887015,0.142369173492154,-1.15824045887856,-0.0794103404679475,0.0519328377043221
0.151974381631639,-1.57849149048449,-1.38115258376182,0.146707065788782,-1.1591485853889,-0.0806697379339389,0.144032713955725
0.155127276126831,-1.57904768122777,-1.37645152751176,0.149922592852936,-1.16027614422869,-0.080615880550726,0.231694171077434
0.158126046250438,-1.57954758497702,-1.37169481419207,0.152026733477957,-1.16171122773108,-0.0793876433395342,0.312645276420011
0.160966891038342,-1.57998483117141,-1.36685525116845,0.153028003435997,-1.16351861589451,-0.0771472398217093,0.384894514094628
0.163644770640821,-1.58035473588825,-1.36190600888043,0.152932224345729,-1.16574047177055,-0.0740622172668692,0.446763161171174
0.166153773393855,-1.58065385271482,-1.35682018826596,0.151743451353408,-1.16840064019144,-0.0702902204708945,0.496893768374707
0.168487609932687,-1.5808794287109,-1.35157035687332,0.149465644104258,-1.17151094611744,-0.0659679101376544,0.534242454519892
0.170640116147959,-1.58102887534491,-1.34612825512204,0.146104570463288,-1.17507784413472,-0.0612040454068312,0.558063531328409
0.172605669870075,-1.58109933502156,-1.34046481746245,0.14166947701369,-1.17910807069784,-0.0560758917164729,0.56789386585677
0.174379459727934,-1.581087394661,-1.33455060587977,0.136174185889536,-1.18361236531197,-0.0506278616248516,0.563542543734869
0.175957578736936,-1.58098897723636,-1.32835671971127,0.129637439546409,-1.18860670738981,-0.0448715115592161,0.545089641306146
0.177336940819807,-1.58079942773283,-1.32185620766915,0.122082452707096,-1.19411083784796,-0.0387865160867856,0.512895961609934
0.178515029003999,-1.58051379305036,-1.3150259540491,0.113535705356914,-1.20014415723089,-0.0323228405700652,0.467622613232499
0.179489493624933,-1.58012727053435,-1.30784892713366,0.104025082292844,-1.20671947390488,-0.0254048643967799,0.410255995223612
0.180257647458169,-1.5796357689187,-1.30031660131915,0.0935776293614042,-1.21383552275327,-0.0179384828286123,0.342131360008919
0.180815949350277,-1.57903648974994,-1.29243132207887,0.0822174082810739,-1.22146964450105,-0.0098220323060252,0.264946568535312
0.181159601876711,-1.57832840349377,-1.28420841359346,0.0699640547233971,-1.22957236527157,-0.000961073275384988,0.18075640486649
0.1812823902881,-1.57751248463219,-1.27567795492157,0.0568325946633111,-1.23806557997253,0.00871434653510996,0.0919381594267843
0.181176849403183,-1.57659161218409,-1.26688631438773,0.0428348301129845,-1.24684538332346,0.0192329356411582,0.00112299926474149
0.180834766654267,-1.5755701445124,-1.25789755216022,0.0279822059560292,-1.25578936378482,0.0305699251849158,-0.0889048719402613
0.180247931995376,-1.57445330638449,-1.24879448363239,0.0122896106964621,-1.26476681086871,0.0426430150118694,-0.175330550830211
0.179408969032268,-1.57324661211267,-1.2396785427123,-0.00422075384834035,-1.27364952160659,0.0553181823653445,-0.255435251706341
0.178312060204176,-1.57195553210707,-1.23066705122049,-0.0215163293870799,-1.2823210432208,0.068424125095714,-0.32670984726528
0.176953418623287,-1.57058548799463,-1.22188672163409,-0.0395526022422215,-1.29068310306498,0.0817716308698247,-0.386942541290043
0.175331438274028,-1.56914210507969,-1.21346347730283,-0.0582731238398529,-1.29865897494598,0.0951732552273142,-0.434276538855658
0.173446541657775,-1.56763155223948,-1.205510399688,-0.0776109065249165,-1.30619413177266,0.108459573755442,-0.467241476736903
0.171300815424413,-1.5660608014676,-1.19811671672388,-0.0974906822228536,-1.31325474664705,0.121490209558355,-0.484767035575728
0.168897565014436,-1.56443771260558,-1.19134051483471,-0.117831423109621,-1.31982472519506,0.134159738846465,-0.486188025175494
0.166240924313375,-1.56277093008318,-1.18520651407892,-0.138548572383385,-1.32590214850995,0.146399671886248,-0.471248422277461
0.163335629470688,-1.56106962410031,-1.17970865095272,-0.159555564676293,-1.33149616988917,0.158177813643339,-0.440108807409321
0.160187016936343,-1.55934311542488,-1.1748161278955,-0.180764395761044,-1.3366253247603,0.169495709090954,-0.393358292527589
0.156801245553289,-1.55760041355333,-1.17048124664315,-0.202085219509764,-1.34131776735687,0.180384046438742,-0.332028581319013
0.153185679748091,-1.55584969700209,-1.16664753629552,-0.223425202932088,-1.34561319350552,0.190895306906319,-0.257604180448358
0.149349313633398,-1.55409778367717,-1.16325707955427,-0.244687131198803,-1.34956534709879,0.201093004070619,-0.172019232431801
0.145303077867368,-1.55234967296666,-1.16025630356078,-0.265768449454256,-1.35324335890604,0.211037746879012,-0.0776291023800665
0.141059873546666,-1.55060826842941,-1.15759978222669,-0.286561438628045,-1.35673011333316,0.220771908010241,0.0228542490304282
0.136634239570856,-1.54887438320922,-1.1552518599113,-0.306954945907316,-1.3601166522294,0.230306190319066,0.126468014337416
0.132041678717928,-1.54714707287814,-1.15318622352765,-0.326837548147567,-1.36349318063024,0.239611849075314,0.230139307755281
0.127297800678434,-1.54542424497807,-1.15138390417828,-0.346101430596506,-1.36693886894353,0.248621071513112,0.330842795963854
0.122417520290341,-1.54370340436023,-1.14983046870856,-0.364645933375969,-1.37051342424052,0.257235413312975,0.425750156769311
0.117414528488962,-1.54198235717433,-1.14851320384321,-0.382379848104428,-1.37425284894866,0.265339515987543,0.512348770712354
0.112301146037646,-1.54025972994715,-1.14741892206933,-0.399222060369585,-1.37817021050102,0.272816094719147,0.58851746620868
0.107088535161625,-1.53853524073237,-1.14653266004369,-0.415100718598988,-1.38226058012423,0.279558641310323,0.652559635989379
0.101787146794233,-1.53680974186743,-1.14583721244695,-0.429951497821718,-1.38650828904542,0.285479931235213,0.703203025750256
0.0964072472820909,-1.53508510709312,-1.14531323298069,-0.44371562281281,-1.39089452114795,0.290516178354011,0.739578857347618
0.0909593865543966,-1.53336405171588,-1.1449395756862,-0.456338190372277,-1.39540372581795,0.294627858842512,0.761191833071711
0.0854547134823751,-1.53164996248941,-1.14469360453593,-0.467767123681042,-1.40002798389829,0.297798641613753,0.767889415095025
0.0799050902596826,-1.52994678788311,-1.14455131135909,-0.477952894941733,-1.40476901138104,0.300033670398799,0.759835337724201
0.0743229958755734,-1.52825900988832,-1.14448720488428,-0.486849009668372,-1.40963784616844,0.301357919344946,0.737489476745277
0.0687212382670568,-1.52659169100919,-1.1444740397445,-0.494413151476411,-1.41465247159792,0.301814734834651,0.701594076270829
0.0631125192068935,-1.52495056690624,-1.14448252977939,-0.500608815255157,-1.41983377550277,0.301464158022107,0.653164703871812
0.0575089186892835,-1.52334213776638,-1.14448122628846,-0.505407192025208,-1.42520040235397,0.300380317454956,0.593482979558803
0.051921385989576,-1.52177370246639,-1.14443673165129,-0.50878899884847,-1.4307632563982,0.298647163422037,0.524086956622166
0.0463593372279855,-1.52025328248577,-1.14431435639583,-0.510745901154155,-1.43652061374926,0.296352129799009,0.446754302785034
0.0408304549413514,-1.51878940130943,-1.14407921659644,-0.511281170689569,-1.44245489599056,0.293577912603471,0.363473423377298
0.0353407552180597,-1.51739071964445,-1.14369762841049,-0.510409315040581,-1.44853201312632,0.290393318916124,0.276399060162965
0.0298949314484687,-1.51606557085862,-1.1431385276475,-0.508154608080042,-1.45470371861222,0.28684480097371,0.187791849930258
0.0244969130119521,-1.51482148015029,-1.14237457525877,-0.504548718680325,-1.4609126917337,0.28295054195465,0.0999454041125422
0.0191505166753022,-1.5136647677483,-1.1413826423722,-0.499627893020718,-1.46709930286938,0.278698593698018,0.0151082995768659
0.0138600439322042,-1.51260032087644,-1.14014349848776,-0.493430280710874,-1.47320853884547,0.274049634697077,-0.0645897418746769
0.00863070012557251,-1.51163157549258,-1.13864070636251,-0.485993945804558,-1.4791955871815,0.268943772776328,-0.137199223002577
0.00346877015318074,-1.5107606948098,-1.13685888709878,-0.477355888108535,-1.48502908316109,0.263309931194304,-0.200995047916219
-0.00161844492738536,-1.50998888846141,-1.13478160488229,-0.467552107205962,-1.49069177621507,0.257076047895968,-0.254503235852712
-0.00662287139197167,-1.5093167961491,-1.13238912070455,-0.45661848425455,-1.49617907261642,0.250178597301577,-0.296513656314712
-0.011535999732282,-1.50874486274805,-1.12965620289781,-0.444592101349443,-1.50149635774189,0.242570562626547,-0.326084332300485
-0.0163492256641066,-1.50827364904179,-1.12655010062168,-0.431512579627238,-1.50665614909271,0.234227621628661,-0.34254319759889
-0.0210541187517266,-1.50790404326015,-1.12302871852287,-0.417423064877958,-1.51167604763081,0.225152717002,-0.345492284178881
-0.0256425607393721,-1.50763735652153,-1.11903899426299,-0.402370587742646,-1.51657823532257,0.215379267638939,-0.334817732091238
-0.0301067150417045,-1.50747529892887,-1.11451547483301,-0.386405647732962,-1.52139097349249,0.204973065050435,-0.310707079617111
-0.0344388096847709,-1.50741984516059,-1.10937910032461,-0.369581011708169,-1.52615220387817,0.194032506671282,-0.273673124758528
-0.0386307421868207,-1.50747301372999,-1.10353621631682,-0.351949880646639,-1.53091492756025,0.182686421292972,-0.224581202541441
-0.0426735496910232,-1.50763660621628,-1.09687783147808,-0.333563759773069,-1.5357535378864,0.171088566205068,-0.16467400770078
-0.0465568286562442,-1.50791198058737,-1.08927911208564,-0.314470537804788,-1.54076978168949,0.159408155769047,-0.0955854359630287
-0.0502682233014446,-1.5082999575397,-1.08059908564213,-0.294713379221154,-1.54609668669722,0.147816663090399,-0.0193332060348468
-0.0537931088792201,-1.50880096485115,-1.07068057694973,-0.274330974089699,-1.55189885302918,0.136472515401531,0.0617193631790046
-0.057114553671525,-1.50941549542471,-1.05935061960751,-0.25335941294505,-1.55836812129976,0.125506701384918,0.144937844443837
-0.0602135504682923,-1.51014488438855,-1.04642205909566,-0.231835486088594,-1.56571469071586,0.115012965061322,0.227525178260536
-0.0630693971697685,-1.51099231346959,-1.03169778787693,-0.209800697891293,-1.57415480621961,0.105045548412382,0.306652935993448
-0.0656600371702215,-1.51196385621386,-1.01497985786619,-0.187304958291351,-1.58389655320204,0.0956253838443207,0.379597938275294
-0.0679621974622662,-1.51306931066777,-0.996086212843202,-0.164408930788418,-1.59512479108799,0.0867530395796544,0.443866291944788
-0.0699512969407135,-1.51432253298499,-0.974877351713026,-0.141184379799441,-1.60798521149829,0.0784247133915004,0.497292117223175
-0.0716012957363633,-1.51574098380436,-0.95129309032833,-0.117712419687873,-1.62256693261683,0.0706468840401254,0.538106114121575
-0.0728848365723365,-1.5173442513041,-0.925395155741896,-0.0940801344024414,-1.63888399568012,0.0634458970142473,0.564975900185837
-0.0737740902431109,-1.51915148445058,-0.897405161283464,-0.0703764748000454,-1.65685885914969,0.0568703869926481,0.577023606525862
-0.0742425668145565,-1.52117801433837,-0.867722387950749,-0.0466885633571586,-1.67631416884682,0.0509865945815829,0.573826768884588
-0.0742677701845952,-1.52343189627625,-0.836906612250093,-0.0230994535729351,-1.69697992197885,0.0458688628189998,0.555407705868254
-0.0738340963220497,-1.52591141253627,-0.805621438340566,0.000312056443113988,-1.71851920834802,0.0415891379082102,0.522215824261325
-0.0729351002300283,-1.52860442490327,-0.774550110360929,0.0234696727668989,-1.74056786843724,0.0382091953964857,0.475106765542225
-0.0715744253228405,-1.53148981376397,-0.744308564755053,0.0462967114045322,-1.76277653844013,0.0357772745006365,0.415320934945766
-0.0697652282085704,-1.53454044955455,-0.715380564801001,0.0687131655414315,-1.78484274558893,0.0343279167449118,0.344460779781016
-0.0675284806900666,-1.53772669006834,-0.688087857754022,0.0906336952743816,-1.80652638754243,0.0338819509806421,0.264461943916693
-0.0648907689476264,-1.54101946020762,-0.662593521024097,0.111967092167047,-1.82764968731948,0.0344439011771447,0.177550399344077
-0.0618821111684216,-1.5443923603977,-0.638927483605935,0.132617335516188,-1.848087783198,0.0359962188109072,0.0861781870293233
-0.0585340740615963,-1.54782267498907,-0.617021605590243,0.152485999989261,-1.86775684749739,0.0384922175568718,-0.00706474546422389
-0.0548782757365308,-1.55129144624251,-0.596744744572003,0.171475499815163,-1.88660433334999,0.0418509825855662,-0.099557438642024
-0.0509452786909694,-1.55478292056711,-0.577932371424631,0.189492484861351,-1.90460283957606,0.0459571684175443,-0.188761171127019
-0.0467638622075002,-1.55828369887359,-0.560408609266872,0.206450704528629,-1.92174678169125,0.0506668060652568,-0.272323448291034
-0.0423606579951681,-1.56178187107762,-0.544000679684418,0.222272854211769,-1.9380501587312,0.0558180479532337,-0.348159414124113
-0.0377601093789831,-1.56526631880069,-0.528546896207643,0.236891247777951,-1.95354398217995,0.0612442880489151,-0.414503854157046
-0.0329846805352202,-1.56872626338848,-0.513899839878654,0.250247480981589,-1.96827276177206,0.066786837079375,-0.469934389294762
-0.0280552179837313,-1.57215104829129,-0.499926394712347,0.262291451066236,-1.98229023435436,0.0723051015823218,-0.513371906904231
-0.0229913629624627,-1.5755300922532,-0.486506082269414,0.272980143396425,-1.99565496700118,0.0776833903656933,-0.544066552949491
-0.0178119286584729,-1.57885293292026,-0.473528769486878,0.282276525970367,-2.00842654231501,0.0828344759874654,-0.561577215342987
-0.0125351819524561,-1.58210928904734,-0.460892453307412,0.290148773701886,-2.0206628744494,0.0877005884197793,-0.56575059267441
-0.00717899683721558,-1.5852890906565,-0.448501517120727,0.296569926464377,-2.03241895627996,0.0922526106832436,-0.556703716656557
-0.00176087150027483,-1.58838245076672,-0.436265625030916,0.30151799258842,-2.04374709451836,0.0964880304036774,-0.534811759590975
0.00370217766990691,-1.59137957479579,-0.424099256435924,0.304976445099762,-2.05469848192904,0.100427858848489,-0.500701266011406
0.00919381332198243,-1.5942706227407,-0.411921760004945,0.306935010860393,-2.06532577840511,0.10411241668105,-0.455247513554857
0.0146986171660905,-1.59704555422222,-0.399657702238113,0.307390611793705,-2.07568621369047,0.107595721064481,-0.399573411832441
0.0202023105157802,-1.59969399653099,-0.387237195204757,0.306348282583804,-2.08584459195956,0.110938277945846,-0.33504620372434
0.0256918859081237,-1.60220517856826,-0.374595828591916,0.303821864221659,-2.09587550687247,0.114198396319049,-0.263267423636929
0.0311555849329915,-1.60456796573268,-0.361673828531915,0.299834278595369,-2.10586412967197,0.11742267465172,-0.186051465689869
0.0365826792622599,-1.606771011296,-0.348414165055698,0.294417239391371,-2.11590516207297,0.120636875272433,-0.105389262014677
0.0419630505653353,-1.60880301076536,-0.334759537680468,0.287610365772482,-2.12609996630085,0.12383877403807,-0.023396081891106
0.0472866136012629,-1.61065301598456,-0.320648458987847,0.279459812614957,-2.13655238886598,0.126994488317691,0.0577539545022949
0.0525426684320879,-1.61231074670653,-0.306010939574061,0.270016673974927,-2.14736422165734,0.130039169592762,0.135900605591096
0.0577192853854545,-1.61376683782727,-0.290764452361291,0.259335488617315,-2.15863139491077,0.132881952801758,0.208969492263884
0.0628028111623204,-1.6150129816564,-0.274810857298917,0.24747314476468,-2.17044178217685,0.135414062459267,0.275035786540832
0.0677775420779832,-1.61604195749085,-0.258034820654305,0.234488348853374,-2.18287498524714,0.137518369681504,0.332374656927401
0.0726255583166638,-1.61684757285553,-0.2403040632077,0.220441642428933,-2.1960038467099,0.139078658067823,0.379497095532787
0.0773266706106095,-1.61742456249929,-0.221471634996253,0.205395786973195,-2.20989690928916,0.139987302164301,0.415172898010933
0.0818584102775458,-1.61776849986155,-0.201380419299076,0.189416234201823,-2.22462071786254,0.140150730274556,0.438444392561613
0.0861959982387121,-1.61787577434184,-0.179870229782843,0.172571373729794,-2.24024074712877,0.139492666136909,0.448634876817925
0.0903122562235932,-1.61774368110131,-0.156788133340339,0.154932291171658,-2.25681977950665,0.137955559848758,0.445355015509328
0.0941774711445726,-1.61737066074058,-0.13200289371233,0.136571858861163,-2.27441271018129,0.135500796670591,0.42850924608156
0.0977592905106737,-1.61675671229501,-0.105424481137004,0.117563104442098,-2.29305704745382,0.132108277146468,0.398303068373833
0.101022808830525,-1.61590397789952,-0.0770290845334084,0.0979769518975696,-2.31275893806162,0.127775887565664,0.355251355186638
0.103931085033165,-1.61481745241894,-0.0468885170796143,0.077879603018546,-2.33347559142951,0.122519278107946,0.30018775453126
0.106446364795534,-1.61350570071421,-0.0151999453296511,0.0573300147803322,-2.35509667097705,0.116372176093329,0.234275663287565
0.108532198102686,-1.61198137886134,0.017692153307441,0.0363780977597774,-2.37742938826561,0.109387012789215,0.15902111912904
0.110156382787769,-1.61026129285541,0.0512930829492316,0.0150643418324338,-2.40019377176724,0.10163484198335,0.0762854402065074
0.111294266415664,-1.60836575426865,0.0849842736504196,-0.00657854691644222,-2.4230342347649,0.0932027274539267,-0.0117107793614453
0.111931595199879,-1.60631715859005,0.118081151566707,-0.028521841373462,-2.44554973023044,0.0841868990838298,-0.102408466392485
0.112066069458366,-1.60413798970035,0.149912044212829,-0.0507353635875188,-2.46733806815516,0.0746817899870387,-0.192974253520377
0.111707143798023,-1.60184871324298,0.179897349466695,-0.0731816766122316,-2.48804367723476,0.0647679089499235,-0.280417069016879
0.110874194390159,-1.59946610938641,0.207607533988762,-0.0958114451753599,-2.50739609955241,0.0545032104573561,-0.361746363678472
0.109593635953809,-1.59700245266644,0.232787795922051,-0.118561169269699,-2.52523006106164,0.0439215155090621,-0.43414301079468
0.107895723912353,-1.59446564931634,0.255350012324154,-0.141353668181925,-2.54148478845639,0.0330383045104059,-0.495109220839247
0.105811661178947,-1.59186014147315,0.275341878979972,-0.164100829163909,-2.55618665703545,0.0218612409505472,-0.542574283468317
0.103371384687817,-1.58918820895984,0.292906104643347,-0.186707624689864,-2.56942272944132,0.0104018396799577,-0.574950300583269
0.100602160458186,-1.58645128201886,0.308240438677052,-0.209076347078147,-2.58131290491166,-0.0013143439189305,-0.59114653652838
0.0975279377238001,-1.58365097704823,0.321565058696639,-0.231110263151443,-2.59198640063261,-0.0132400135895421,-0.590557823907363
0.0941693206332607,-1.58078970462031,0.33309977290074,-0.25271624077324,-2.60156564794364,-0.0253007988173803,-0.573042291743855
0.0905439928302925,-1.57787081685669,0.343050706115012,-0.27380620111711,-2.61015843627916,-0.0373919348810639,-0.538899562748325
0.0866674432059727,-1.57489834028528,0.351604723793894,-0.294297465121065,-2.61785760567646,-0.0493770908627385,-0.488855185537051
0.0825538602018289,-1.57187639011342,0.35892939490548,-0.314112213060635,-2.6247466290345,-0.0610902372845962,-0.42405182856879
0.0782170692625273,-1.56880840025192,0.36517632701834,-0.333176395449291,-2.63090875978238,-0.0723419658886748,-0.346043073504782
0.0736713812209887,-1.56569633974409,0.370485902970618,-0.351418527546101,-2.63643690139206,-0.0829314979227263,-0.256781709664544
0.0689322109855119,-1.56254011228426,0.374991693183503,-0.368768833569296,-2.64144108837961,-0.0926644477969005,-0.158591888131257
0.0640163396112636,-1.55933732765339,0.378823164667239,-0.385159125890637,-2.64605078035981,-0.101374343353708,-0.0541147232036164
0.0589417508686629,-1.55608356725988,0.382105870696259,-0.400523578386955,-2.6504103812189,-0.108943659700866,0.0537786484575624
0.0537270787033736,-1.55277313856667,0.384959112770178,-0.414800230999464,-2.65466845943385,-0.115318939379477,0.162103869272071
0.0483908225588132,-1.5494001626006,0.387491943251077,-0.427932776521386,-2.65896340577843,-0.12051552303499,0.267897089148297
0.0429505665274404,-1.54595973132306,0.389798978493078,-0.43987208087503,-2.66340966571097,-0.124610480416401,0.36834561493986
0.037422429441704,-1.54244886089651,0.391957519944408,-0.450577026198021,-2.66808845317437,-0.127726085563255,0.460895554163095
0.0318208789969624,-1.53886705445992,0.394026931395541,-0.460014556008836,-2.67304513336612,-0.130008753636768,0.54332376956984
0.0261589131281173,-1.53521642425171,0.39605039179316,-0.468159080109734,-2.67829318759107,-0.131608655637861,0.613772029872252
0.0204485083994672,-1.53150144319711,0.398058449775977,-0.474991539921988,-2.68382292339977,-0.132663621568555,0.67075012898195
0.0147011895484701,-1.52772846313462,0.400073467029976,-0.4804984322924,-2.68961238508004,-0.133288670055956,0.713119207334639
0.00892858203790753,-1.52390514842764,0.402114053623446,-0.484670995986979,-2.69563811396081,-0.133570603299718,0.74006674648542
0.00314284635158015,-1.52003994931512,0.404198820799293,-0.487504654780551,-2.70188406983721,-0.133566064025245,0.751082478601855
-0.00264306738611663,-1.51614170198764,0.406349034812965,-0.488998733289448,-2.70834771901068,-0.133301284226215,0.745941565251115
-0.00841537590725075,-1.51221940575803,0.408589960127284,-0.48915642204545,-2.71504280736468,-0.132772169774549,0.724698762333742
-0.0141596434265424,-1.50828219669436,0.410950812389873,-0.487984957725905,-2.7219986439204,-0.13194410820904,0.68769507422372
-0.0198611859532948,-1.50433950996918,0.41346333430287,-0.485495985481301,-2.72925592144957,-0.130751765238479,0.635576349809959
-0.0255056795845781,-1.5004013946161,0.416159129111102,-0.481706068728362,-2.73685936514116,-0.12909996751567,0.569321008720171
-0.031079920432359,-1.49647891180127,0.41906607331373,-0.476637301544917,-2.74484794272363,-0.126867399839738,0.490271389549815
-0.0365726345899788,-1.49258451152103,0.422204406932392,-0.470317941283241,-2.75324405562876,-0.123914973278852,0.400159958356676
-0.0419751816518184,-1.48873225397263,0.425583395181332,-0.462782922640329,-2.76204390648591,-0.120100048770992,0.301118586077301
-0.0472819608025433,-1.48493774022467,0.42919962144744,-0.454074062305197,-2.77121173402731,-0.115296036340688,0.195657939699052
-0.0524903500555887,-1.48121766380117,0.433037815001124,-0.444239762984397,-2.78068030663875,-0.109414497493555,0.0866069204462427
-0.0576001099466154,-1.47758899656739,0.437074529627654,-0.433334124329653,-2.79035863297058,-0.102424704468719,-0.0229897888958853
-0.0626123446083176,-1.47406795212118,0.44128409660608,-0.421415564471029,-2.80014554337966,-0.0943650204608945,-0.130006348773464
-0.0675282688960856,-1.47066896919169,0.445645455607208,-0.408545275975521,-2.80994559596762,-0.0853423327156955,-0.23138254306838
-0.0723480988858675,-1.46740396936109,0.450148146417137,-0.394785953801291,-2.81968284642573,-0.0755195312215679,-0.324259198013271
-0.0770703275599446,-1.4642820551404,0.454796091331512,-0.380201156336414,-2.82930891682373,-0.0650947863145636,-0.406083934380847
-0.0816915015940549,-1.46130967125264,0.459608603247839,-0.364855419679109,-2.83880396986264,-0.0542782361738032,-0.474679741352909
-0.0862064547414521,-1.45849112299064,0.464618909110504,-0.348814967271405,-2.84817150075474,-0.0432710790583355,-0.528279647103515
-0.0906088416403806,-1.45582927709879,0.46987106154674,-0.332148671442266,-2.8574293766424,-0.0322498588585616,-0.565537454461351
-0.0948917732417401,-1.45332626643101,0.475416332834386,-0.314928884566371,-2.86660002382779,-0.0213563462462014,-0.585526271961449
-0.0990483661027606,-1.45098405406724,0.481310130100477,-0.29723183884762,-2.87570235446489,-0.0106918575451569,-0.587734845793249
-0.103072056073214,-1.44880475609941,0.487610264185016,-0.279137452917953,-2.88474734854733,-0.000314425897627348,-0.5720683915455
-0.106956573238925,-1.44679065991717,0.494377110432335,-0.260728523976573,-2.8937384301091,0.00976224769114258,-0.538856848585082
-0.110695526208368,-1.44494390725786,0.501675791933073,-0.242089403070166,-2.90267693954541,0.0195680908989706,-0.488869688684248
-0.114281607474711,-1.44326585247628,0.509579917785409,-0.223304341676086,-2.91157199599291,0.0291731259783427,-0.423332494815209
-0.11770551896498,-1.44175616953942,0.518175590872938,-0.204455763098337,-2.92045277770837,0.0386793681948313,-0.343936694375708
-0.120954827355936,-1.44041186749061,0.527563511100415,-0.185622742262822,-2.92937987133085,0.0482067025279658,-0.252830844717868
-0.124013066227953,-1.43922646040276,0.537856468426834,-0.166879950874574,-2.93845138844754,0.0578727923109796,-0.152581348892613
-0.126859450880651,-1.43818957723297,0.549169970805076,-0.148297223738961,-2.94779985179488,0.0677695365116426,-0.0460943016987817
-0.129469498168728,-1.43728724058326,0.561605629973322,-0.129939739930939,-2.95757804821176,0.0779409696202754,0.0635010600868843
-0.131816623798797,-1.4365028803524,0.575229943230599,-0.111868648532893,-2.96793584090724,0.0883683300509529,0.172995493898059
-0.133874481900534,-1.43581892983876,0.590053986776168,-0.0941418814454199,-2.97899379682842,0.0989664257078827,0.279248882931626
-0.135619545414158,-1.43521867108076,0.606020557212028,-0.0768149251520159,-2.99082134187178,0.109591955273569,0.37932330781416
-0.137033327501233,-1.43468792893584,0.623003467027339,-0.0599414333686187,-3.00342581552009,0.120060852924297,0.470584431102749
-0.138103757598895,-1.43421627590662,0.640819625762194,-0.0435736718732049,-3.01675487946027,0.130169685801748,0.550765755707103
-0.138825494309526,-1.43379756229097,0.659250191576751,-0.0277628339764582,-3.03071024757882,0.139716187079426,0.61799900928909
-0.139199262743606,-1.43342976831179,0.678064554445007,-0.0125592540316403,-3.04516768483376,0.14851556644407,0.670818438861759
-0.13923053256845,-1.43311432988999,0.697041145862053,0.00198747833074021,-3.05999759405967,0.15641130745521,0.708147758126713
-0.138927943636777,-1.43285517946082,0.715981446290722,0.0158285035926994,-3.07508186729092,0.163280928530481,0.729277735423578
-0.138301844673461,-1.43265775665824,0.734716582047837,0.0289157582031128,-3.09032487660776,0.169038225515382,0.733841179875315
-0.137363192395789,-1.43252819629917,0.753108226090049,0.0412020875715332,-3.10565843273545,0.173633753746848,0.721790780057387
-0.136122925256105,-1.43247282439969,0.771046570576479,0.0526413833786531,-3.12104170423123,0.177054892714914,0.693383730266075
-0.134591819226268,-1.43249801403189,0.788448060815145,0.0631887642836591,-3.13645747344665,0.17932603145248,0.649175375939099
-0.132780761220422,-1.43261038547194,0.805254805395343,0.0728008738424351,-3.1519060140731,0.180508485021359,0.590022170369695
-0.130701328433886,-1.43281727874018,0.821436491252291,0.0814364114222347,-3.16739764723057,0.180698947849251,0.517092041498858
-0.128366524314477,-1.43312737561856,0.836994463861084,0.0890570137598884,-3.18294489479253,0.180024837761591,0.431877740557994
-0.125791487136526,-1.4335513025057,0.851966533918246,0.0956285410738024,-3.19855517388953,0.178635008480209,0.336205908062283
-0.122993966073901,-1.43410201567122,0.866430255605292,0.101122693415327,-3.2142250928822,0.176685196562727,0.232232160366965
-0.11999437541285,-1.43479478037397,0.88050221397472,0.105518715317116,-3.22993743359362,0.174319210873957,0.122411817205434
-0.116815315487886,-1.4356466290519,0.894331582175731,0.108804806040597,-3.24566161926024,0.171648874797849,0.00943872089235734
-0.113480591812261,-1.43667532424692,0.908087890410712,0.110978824641998,-3.26135776055302,0.168737244238283,-0.103848254713178
-0.11001393140881,-1.43789802051966,0.921945060980348,0.112048020042133,-3.27698338376372,0.165589657653129,-0.214581620072451
-0.106437712217026,-1.4393299426105,0.936065325937763,0.112027796933926,-3.29250108024312,0.162155283655526,-0.319987043681402
-0.102772022459895,-1.44098340717032,0.950586809184764,0.11093983466202,-3.30788502183902,0.15833867828613,-0.417490815639264
-0.099034248409612,-1.44286740376755,0.965617205303871,0.108810058834817,-3.32312473605181,0.154017952566744,-0.504798619826735
-0.0952392120705481,-1.44498777637592,0.981233896246123,0.10566694897593,-3.33822548124785,0.149064845436518,-0.579940958986164
-0.0913997296908843,-1.44734789137425,0.997489013348668,0.101540481951689,-3.35320553900231,0.143362615462108,-0.64128979821534
-0.0875273868039914,-1.44994959512806,1.01441701074701,0.0964617615338057,-3.36809137396597,0.136819488019359,-0.68755626928612
-0.0836333258284514,-1.45279425335067,1.03204227051688,0.0904631791564027,-3.38291180384504,0.12937736647791,-0.717780280509438
-0.0797288861419338,-1.45588369496482,1.05038474776124,0.0835788416197607,-3.39769219751576,0.121016881408393,-0.731321213714009
-0.0758259896433778,-1.45922092232533,1.06946230642596,0.0758449826831566,-3.4124494730978,0.111760346100531,-0.72785622596631
-0.0719372080035833,-1.46281047802868,1.08928899638183,0.0673001188487792,-3.42718845085594,0.101673892835567,-0.707389885575857
-0.0680754800346205,-1.46665837344018,1.10986908793065,0.0579847931642799,-3.44189999095015,0.0908692131190701,-0.670276168996383
-0.0642534803784067,-1.47077150019298,1.13118735463726,0.0479408583118841,-3.45656128674243,0.0795041800337869,-0.617250935505525
-0.0604826901896176,-1.4751564897804,1.15319702509043,0.0372103715856428,-3.47113859293648,0.0677805067826969,-0.549469482645716
-0.0567722965643798,-1.47981808246929,1.17580798462229,0.0258343080762473,-3.48559241239419,0.0559359353873964,-0.468539820022506
-0.0531281400674076,-1.48475722424877,1.19887885487159,0.0138514146591947,-3.49988463971284,0.0442287911671221,-0.376538490625765
-0.0495520002964155,-1.48996928979634,1.22221681409138,0.00129759421936522,-3.51398640124178,0.0329145257496407,-0.275994109542801
-0.0460414989415039,-1.4954429408346,1.2455877044282,-0.0117938328553249,-3.52788461486307,0.0222169613921486,-0.16982649533449
-0.0425907650697542,-1.50116006045465,1.26873595820066,-0.0253908248408229,-3.5415851077562,0.0123002246531214,-0.061237787724161
-0.0391917696198028,-1.50709690913148,1.29141019065075,-0.0394604049871403,-3.55511089805289,0.00324893211474432,0.0464353834002249
-0.035835996654877,-1.51322622388013,1.31338790589667,-0.0539659838988777,-3.56849590644128,-0.00493740881446539,0.149887865426358
-0.0325160050566735,-1.51951964205759,1.33449322132925,-0.0688648545979676,-3.58177620368753,-0.0123342771483448,0.246004235307933
-0.0292265069821203,-1.52594976430567,1.35460465103621,-0.08410647276107,-3.59498192592046,-0.0190698634400197,0.331987538462438
-0.0259647975824634,-1.53249139708827,1.37365387097086,-0.09963190769662,-3.60813262203247,-0.0252973178561291,0.405447150260244
-0.0227305964337919,-1.53912188219345,1.39161887386109,-0.115374525921045,-3.62123727755456,-0.0311682105462395,0.4644458396713
-0.0195255066261384,-1.54582073192249,1.4085151902784,-0.131261676917587,-3.63429842255097,-0.0368115961461371,0.507514276738444
-0.0163523335517467,-1.55256893281592,1.42438758435434,-0.147216972031225,-3.64731840652025,-0.0423201379493385,0.533644715778978
-0.0132144617317373,-1.55934826348322,1.43930305240546,-0.163162697523174,-3.66030548128204,-0.0477425298967588,0.542275254435552
-0.0101154129810702,-1.56614086511015,1.45334488884005,-0.179021949666188,-3.67327765291016,-0.0530804897229685,0.533273545525652
-0.00705863894752934,-1.57292917812044,1.46660721562851,-0.194720180283306,-3.68626300102328,-0.0582887509111298,0.506925449330837
-0.004047549437139,-1.57969625306822,1.47918949077971,-0.210185966621626,-3.69929602584106,-0.0632773179142139,0.463930604075131
-0.00108574224633941,-1.58642636331143,1.49119084848035,-0.225350961899821,-3.71241044658932,-0.0679162812213834,0.405403449436966
0.00182262844041638,-1.59310578211918,1.50270450381485,-0.240149144120307,-3.72562972767069,-0.0720442656186764,0.332874869162033
0.00467243505480419,-1.59972353230893,1.51381279068985,-0.254515651376183,-3.73895741640256,-0.0754817055210169,0.248286446524202
0.00745722268944327,-1.60627188251285,1.52458362369993,-0.268385634281688,-3.75236995307249,-0.0780493124534762,0.153967059628452
0.0101690329057916,-1.61274637638144,1.5350691878667,-0.281693604177617,-3.76581460812957,-0.0795903135364876,0.0525815780203282
0.0127984891195663,-1.61914526606758,1.54530736587479,-0.294373645028878,-3.77921425648896,-0.0799928142640161,-0.0529546730372116
0.0153351590060927,-1.62546838060867,1.55532579826876,-0.306360581718948,-3.79247878585012,-0.0792070716347304,-0.15959383868927
0.01776812286199,-1.63171564723194,1.56514770693178,-0.317591848495737,-3.80552063385433,-0.0772527690721556,-0.264293761157249
0.0200866104296383,-1.63788561595558,1.57479802846716,-0.328009542667176,-3.81827031902811,-0.0742139804062758,-0.364156603317396
0.0222805549118629,-1.64397434294263,1.5843083205753,-0.337562108680512,-3.83068778053946,-0.070223381711446,-0.456546830436813
0.0243409560184,-1.64997486025992,1.5937193908865,-0.346205282123528,-3.84276692951149,-0.0654404619107477,-0.539173817198251
0.0262600169156988,-1.65587726598684,1.60308140906075,-0.353902210080635,-3.85453317425138,-0.0600294745877529,-0.610134729091022
0.0280310876952133,-1.66166930115445,1.61245200955884,-0.360622910917094,-3.86603566737664,-0.0541415876439346,-0.667922897245843
0.0296484875753304,-1.66733719546073,1.62189329882747,-0.366343358981722,-3.87733695258201,-0.0479032483897238,-0.711412390445257
0.0311072876474241,-1.67286656447164,1.63146870403731,-0.371044486395259,-3.88850258151676,-0.0414105155721852,-0.73983054294988
0.032403125318442,-1.67824319347069,1.64124037475328,-0.374711336022804,-3.89959257239924,-0.0347277702164334,-0.7527283465677
0.0335321013815878,-1.6834536083734,1.65126755060171,-0.377332522963449,-3.91065576790235,-0.0278888839124521,-0.749955609374966
0.0344907894143021,-1.68848538926237,1.66160605401888,-0.378900101540759,-3.92172750211146,-0.0208993046791618,-0.731644914280565
0.0352763662280293,-1.69332721926472,1.67230890492679,-0.379409888616063,-3.93283056983341,-0.0137382540905588,-0.698205987670279
0.0358868512562289,-1.69796868576294,1.68342794617066,-0.378862251185613,-3.94397922309022,-0.00636104512822526,-0.650330110355491
0.036321420183379,-1.70239987212429,1.69501630161623,-0.37726331578317,-3.95518567902737,0.00129777831160148,-0.589002303405231
0.0365807333345082,-1.7066108036416,1.70713139495345,-0.374626476637326,-3.96646829672033,0.0093193547978823,-0.515516951107227
0.0366671957851944,-1.71059084480725,1.71983814316315,-0.3709739708417,-3.97786014660867,0.0177923864658049,-0.431490219771734
0.0365850529229285,-1.71432817873577,1.73321182950212,-0.366338177538794,-3.98941626223109,0.026801518560928,-0.338860543931689
0.0363402342635763,-1.71780951603556,1.74734012598438,-0.360762227777402,-4.0012176718411,0.0364129777635275,-0.239867599547783
0.0359399016991167,-1.72102015650901,1.76232385009724,-0.354299558055117,-4.01337066626995,0.0466597477682484,-0.137002066282531
0.0353917357454067,-1.72394444935265,1.77827633288696,-0.347012256681678,-4.02600084015307,0.0575296963551696,-0.0329240703253492
0.0347030829520122,-1.72656657976834,1.79532167171135,-0.338968413695142,-4.03924303975724,0.0689600336976048,0.0696433681366295
0.0338801492506215,-1.72887149810948,1.81359247189279,-0.330239058123456,-4.05322981934632,0.0808399427073117,0.168031509484193
0.0329274211251296,-1.73084575724171,1.83322777802647,-0.320895459300094,-4.06808158725633,0.0930207317710492,0.259735739096284
0.0318474253899419,-1.73247806361097,1.85437170184613,-0.311007467189441,-4.08390096269881,0.105330631371639,0.342503100485514
0.0306408321101496,-1.73375945340557,1.87717288056263,-0.30064320993215,-4.1007723156898,0.117590438412363,0.414390364771881
0.0293068141814912,-1.7346831252601,1.90178452430458,-0.28987003731695,-4.11876580258082,0.129626803763923,0.473794091712794
0.0278435329985688,-1.73524404583247,1.92836457511839,-0.278756272486108,-4.13794410759952,0.141281453515536,0.519459945016893
0.0262486252336551,-1.73543847837294,1.95707543357095,-0.267373197054729,-4.15836977060127,0.152416197070154,0.550480441020994
0.024519601729387,-1.73526357559683,1.98808277439172,-0.255796722129499,-4.18011124700308,0.16291464299965,0.566289235325626
0.0226541132424169,-1.73471714532596,2.02155311417739,-0.244108316983827,-4.203246393699,0.172681953043914,0.566657520946661
0.0206500745963102,-1.73379765546448,2.05764997485738,-0.232394915211017,-4.22786266136876,0.181643820363545,0.551695296085055
0.0185056635677347,-1.73250449931648,2.09652869603367,-0.220747665804502,-4.25405380062004,0.189745361525074,0.521857647712716
0.0162192263170765,-1.73083849565071,2.13833017363658,-0.20925955027375,-4.28191336390015,0.196949975785122,0.477954007101285
0.0137891309996424,-1.72880254832025,2.18317402258367,-0.198022060803561,-4.31152576010454,0.203237642347524,0.421156420903231
0.0112136188954217,-1.72640234265857,2.23115182217467,-0.18712133463438,-4.34295610829682,0.208601786426466,0.353001233823225
0.00849070871376317,-1.72364692249127,2.28232112914221,-0.176634338673229,-4.37624056657931,0.213043925008077,0.275377341684443
0.00561821269957266,-1.72054899075708,2.3367007764613,-0.166625826723099,-4.41137900567018,0.216565912678029,0.190493835821597
0.00259391924362694,-1.7171248249927,2.39426763956369,-0.157146754921378,-4.44833163446304,0.219160680695328,0.100821306368841
-0.000584017716485298,-1.71339379677057,2.45495469944069,-0.148234567376404,-4.48702034855511,0.220803545777316,0.00900518318518538
-0.00391646916600496,-1.70937760313509,2.5186501060218,-0.139915275250831,-4.52733431839013,0.221446841083205,-0.0822438009793891
-0.00740252648826232,-1.70509940450814,2.58519719997832,-0.132206706416386,-4.5691381364818,0.221020198925551,-0.170269548083131
-0.0110385721043446,-1.70058306738635,2.65439595573241,-0.125121944190954,-4.61228027714453,0.219437202453218,-0.252583809686938
-0.0148173378960969,-1.6958526240785,2.72600665225962,-0.118671989151252,-4.65659996328399,0.216606990116219,-0.326956571050683
-0.0187270915422739,-1.6909319352916,2.79975637412717,-0.112867057322445,-4.70193153096334,0.212447833324033,-0.391474213020643
-0.02275109163187,-1.68584444758223,2.87534818686345,-0.107716465589323,-4.74810644739195,0.206899473569512,-0.444565318139066
-0.0268674208793455,-1.68061292091136,2.95247192729048,-0.103227497648135,-4.79495379196387,0.19993203232689,-0.485001635698458
-0.0310492487672565,-1.67525905178062,3.03081500125571,-0.0994038486733089,-4.84230015269483,0.191550873469752,-0.51188527441118
-0.0352655063498797,-1.66980298968844,3.11007162369325,-0.0962442255386415,-4.88996972052372,0.181798106761807,-0.524632696785716
-0.0394818955756552,-1.66426279658506,3.18994945303586,-0.0937415295656466,-4.93778512956101,0.170752038562063,-0.52296319059576
-0.0436621171187616,-1.65865391322319,3.27017326558064,-0.0918828659227495,-4.98556941945331,0.158525786330552,-0.506895926650889
-0.0477691889427135,-1.65298868058491,3.35048591770129,-0.0906504554565794,-5.03314937467267,0.145265699865393,-0.476756465554137
-0.0517667389959398,-1.64727593951757,3.43064722566898,-0.0900233727882124,-5.0803603414326,0.131149452064568,-0.433190840348207
-0.0556201811431065,-1.64152071807993,3.51043155749077,-0.089979881896012,-5.12705235560256,0.116382927760754,-0.377182886330992
-0.0592977138929776,-1.63572402634451,3.58962495310245,-0.0904999809027923,-5.17309701093445,0.10119458462774,-0.310068141866844
-0.0627711080485332,-1.6298828113561,3.66802254894484,-0.0915676281700948,-5.2183940263349,0.0858260164588732,-0.23353569901675
-0.0660162665329111,-1.62399016307029,3.74542701651666,-0.0931720671845613,-5.26287610989679,0.0705181919893383,-0.149608769896217
-0.0690135470476022,-1.61803587481003,3.8216485994797,-0.0953077773541664,-5.30651070589944,0.0554942420793444,-0.0605967287508435
-0.071747840991024,-1.61200741967452,3.89650707060611,-0.0979728887453931,-5.34929772859181,0.0409413249477358,0.0309833113968041
-0.0742084098329081,-1.60589130219253,3.96983548410033,-0.101166344612371,-5.39126339078858,0.0269952638257215,0.122509645930895
-0.0763884994295169,-1.59967461659266,4.04148505222381,-0.104884502667022,-5.43245138029394,0.0137315847025992,0.211370912411886
-0.0782847819084522,-1.59334655124748,4.11133004356565,-0.109118040741656,-5.47291341388398,0.00116509436846749,0.295076544346202
-0.0798967026231494,-1.58689957390944,4.17927150778459,-0.113849890781286,-5.51270124294922,-0.0107421606632703,0.371348630459339
-0.0812258226714156,-1.580330118815,4.24523894673343,-0.119054551324186,-5.55186151754648,-0.0220667721578419,0.438187359816138
-0.082275238598065,-1.5736387322498,4.30918963698682,-0.124698709703123,-5.5904339023021,-0.0329069057376782,0.493909474283767
-0.0830491335913003,-1.56682976007935,4.37110592122687,-0.13074280626733,-5.62845192452429,-0.043365313984599,0.537164526120943
-0.0835524786969047,-1.5599107396416,4.4309912248572,-0.137143059489486,-5.66594549906744,-0.0535344650275965,0.566936178483006
-0.0837908691431937,-1.55289168037032,4.48886574126239,-0.143853514754064,-5.70294395203333,-0.0634846668834147,0.582535801898917
-0.0837704562968839,-1.54578439567031,4.54476269228092,-0.150827810300711,-5.73947853399136,-0.0732551955304684,0.583594292920265
-0.0834979221430859,-1.538602002819,4.59872588396931,-0.158020504759153,-5.77558371434624,-0.0828480504504984,0.570056263178348
-0.0829804394857927,-1.53135865384076,4.65080900544191,-0.16538794016688,-5.81129686834576,-0.0922240487146349,0.542178925494379
-0.0822255662401566,-1.52406950647476,4.70107679013043,-0.172888705422889,-5.84665626180742,-0.101301378795207,0.500536193613908
-0.0812410359876078,-1.51675089292417,4.74960777673877,-0.180483816226508,-5.8816975137939,-0.1099572507352,0.446026579171799
-0.0800344307570591,-1.50942059635341,4.79649797972551,-0.18813674421896,-5.91644899911563,-0.118033647280034,0.379881346241507
-0.0786127559141888,-1.50209810639782,4.8418643596239,-0.195813416666112,-5.95092694473299,-0.125348136508063,0.303667202579901
-0.0769819777823519,-1.49480470707779,4.88584669824166,-0.203482275539983,-5.98513122579619,-0.131710035722683,0.219276123484209
-0.0751466217551207,-1.48756326956066,4.92860651532869,-0.211114438609084,-6.01904296461559,-0.136940877134357,0.128894669926323
-0.0731095459668368,-1.48039768894655,4.97032216698929,-0.218683955122838,-6.05262484013455,-0.140896409271729,0.0349474335027822
-0.0708719863600472,-1.47333201087771,5.0111802347763,-0.226168105328699,-6.08582445719899,-0.143485951466412,-0.0599856454148194
-0.0684339082388642,-1.46638940631325,5.0513644798788,-0.233547666068294,-6.11858030833199,-0.144684642682026,-0.153271517774138
-0.0657946136981157,-1.45959122145766,5.09104452724974,-0.240807061670747,-6.15082908191463,-0.144535480383455,-0.242333321138346
-0.062953478029954,-1.4529563178859,5.13036663135945,-0.247934342698413,-6.18251268219236,-0.143140692531326,-0.324751965620734
-0.0599106554616652,-1.44650082814319,5.16944825308038,-0.254920980019243,-6.21358351331136,-0.140644812403344,-0.398347794589999
-0.056667617670914,-1.44023832715191,5.2083770428806,-0.261761513615062,-6.24400723211333,-0.137213605363492,-0.461236148031492
-0.0532274523097947,-1.43418031357521,5.24721367801977,-0.268453135209638,-6.27376297322886,-0.13301315317126,-0.511857398842215
-0.0495949224445579,-1.42833684199888,5.28599724317961,-0.274995294450099,-6.30284167967184,-0.128192237984809,-0.548986993435012
-0.045776344894225,-1.4227171481998,5.32475160622517,-0.28138939609452,-6.33124348070347,-0.122869494382161,-0.571733218313948
-0.0417793737589635,-1.41733014635469,5.3634914185431,-0.287638608333961,-6.35897506970633,-0.117125371872567,-0.579530219735681
-0.0376127769578568,-1.41218472476593,5.40222675916122,-0.293747745796911,-6.38604785978756,-0.110998167969533,-0.572132226072596
-0.0332862764909804,-1.40728980973451,5.44096587119276,-0.299723139870537,-6.4124774396248,-0.104483279375867,-0.54961282369862
-0.0288104955392647,-1.40265420060334,5.4797158202092,-0.30557237584778,-6.43828457019093,-0.0975351836034005,-0.512370955821173
-0.0241970226529764,-1.39828620560881,5.51848122609302,-0.31130377158252,-6.46349765669085,-0.0900722295160612,-0.461143116421109
-0.0194585680890853,-1.3941931337918,5.55726151003807,-0.316925506480477,-6.48815628011107,-0.0819847897677366,-0.397018887431511
-0.0146091527865041,-1.39038072715525,5.59604737792772,-0.32244439051991,-6.51231498091776,-0.0731474235479775,-0.321454431306518
-0.00966424331453282,-1.38685264684831,5.63481750212817,-0.327864389819714,-6.53604612066031,-0.0634351807509743,-0.236276064142368
-0.00464073710812672,-1.38361014715067,5.6735364762976,-0.333185172046985,-6.55944045941719,-0.0527429778584872,-0.143664348946383
0.000443275566596192,-1.38065206241185,5.712154966181,-0.338401046862187,-6.58260428862373,-0.0410053588399894,-0.0461096383756172
0.00556898808505472,-1.3779751785245,5.75061247109472,-0.343500676016387,-6.60565269674162,-0.0282126076119802,0.0536660105938126
0.0107175252011835,-1.37557496151397,5.78884230830014,-0.348467761309187,-6.62869972969447,-0.0144190085587873,0.152817957028541
0.0158706216113825,-1.37344650070447,5.82677761986226,-0.353282612292501,-6.65184741604113,0.000259387251433914,0.248507352451393
0.0210111655182259,-1.37158544460938,5.86435677866651,-0.357924175222388,-6.67517625543279,0.0156572231068463,0.338030397994616
0.0261234820188855,-1.36998870814071,5.9015267927486,-0.362371933356759,-6.69873942285306,0.0315793062302156,0.418929712506598
0.0311933194597789,-1.36865481213358,5.93824407715576,-0.366607155632359,-6.72256175284776,0.0478222858801665,0.489075212042091
0.0362075948918397,-1.36758383875661,5.97447288650911,-0.370613226466444,-6.7466431271104,0.0641940887313558,0.546711345108966
0.0411540141992069,-1.36677709181229,6.01018236798942,-0.374375096194768,-6.77096482452409,0.0805283938199414,0.590475813566005
0.0460206958419442,-1.36623660409805,6.04534341977944,-0.377878121788433,-6.79549700029858,0.0966934761416418,0.619399322974417
0.0507959056073357,-1.36596463288873,6.07992639185939,-0.381106671277413,-6.82020564647306,0.112596242892107,0.632896359496677
0.0554679724862351,-1.36596324941824,6.11390032618607,-0.384042862470511,-6.84505786793009,0.128182900055529,0.63075491450491
0.060025416607649,-1.36623408183998,6.14723405374608,-0.386665744902041,-6.87002483461272,0.143437526364652,0.613130019611535
0.0644572836304075,-1.36677822767946,6.17989911072351,-0.388951151751103,-6.89508222212728,0.158379202238732,0.580542857972063
0.0687536435639447,-1.36759631751521,6.21187409741303,-0.390872353198044,-6.92020833215992,0.173057580405554,0.533884286248967
0.0729061731931057,-1.36868868438824,6.24314976139986,-0.392401527168533,-6.94538044441863,0.187546203809996,0.474418866251745
0.0769087017625385,-1.37005557301414,6.27373376031914,-0.393511910198775,-6.9705703275105,0.201932746238867,0.403782939744737
0.0807575701543774,-1.3716973111091,6.30365384633178,-0.394180304856827,-6.99574017677993,0.216305860920891,0.323968346386147
0.0844516542949597,-1.37361436790896,6.33295827733759,-0.394389444951663,-7.02084039801456,0.230739471234971,0.237283119982821
0.0879919540155332,-1.3758072505668,6.36171274397465,-0.394129635037933,-7.0458104125996,0.245276800027421,0.14628313017668
0.0913807547717985,-1.37827623743389,6.3899940019614,-0.393399175532059,-7.07058291013964,0.259917541139406,0.0536747598004789
0.0946205054051683,-1.38102100495047,6.41788145332825,-0.392203385767078,-7.09509086801501,0.274611571165105,-0.0378029943330603
0.0977126638516152,-1.38404024713342,6.44544866704678,-0.390552456405331,-7.11927563426947,0.289261142731265,-0.125501476245829
0.100656787699755,-1.38733138985134,6.47275687721061,-0.388458723236358,-7.14309394420373,0.30373106990222,-0.206972550391061
0.103450069187662,-1.39089046538303,6.4998518017733,-0.385934085531609,-7.16652214179192,0.31786413196425,-0.280052043230708
0.106087373348028,-1.39471215479377,6.52676404736697,-0.382988155136487,-7.18955687962447,0.331497833549421,-0.342910496365348
0.108561699231462,-1.39878995622169,6.55351240696398,-0.379627409925852,-7.21221266336629,0.34447907120164,-0.394073539072715
0.110864899676072,-1.40311641315503,6.58010884992831,-0.375855294158889,-7.23451734664819,0.356674674358586,-0.432419626241072
0.112988478521175,-1.40768333784014,6.60656398183914,-0.371672977224579,-7.2565069169927,0.367977397839943,-0.457164703926898
0.114924316007666,-1.4124819814033,6.63289203721435,-0.367080386951426,-7.27822074737837,0.378308118021371,-0.467842440930172
0.11666522398655,-1.41750312262434,6.6591148436563,-0.362077151440205,-7.29969812744565,0.387615498195099,-0.464286421744758
0.118205280410235,-1.42273706466818,6.68526451201758,-0.356663171310035,-7.32097650266614,0.395874327105841,-0.446618228848652
0.11953992700137,-1.42817354364328,6.71138480591009,-0.350838662227301,-7.34209151521015,0.403083314403001,-0.415243046222033
0.120665837128824,-1.4338015660149,6.73753124220142,-0.344603637637409,-7.36307866247737,0.409262578886033,-0.370852363448303
0.121580579994707,-1.43960920624065,6.76377002204704,-0.33795693583421,-7.38397613909355,0.414450579090783,-0.314431391839966
0.122282130069552,-1.44558341155705,6.79017594530845,-0.330895027931366,-7.40482818817399,0.418699961845436,-0.247266831843935
0.122768300853211,-1.45170987357425,6.81682955936863,-0.3234109575228,-7.42568808610289,0.422071856387311,-0.170948827588683
0.12303621401679,-1.45797302862646,6.84381393912174,-0.315493822569906,-7.44661980720497,0.424628561396759,-0.0873598268204731
0.123081934142408,-1.46435623132321,6.871211645335,-0.307129168080675,-7.46769757979373,0.426425274158437,0.00135649705253112
0.122900386219577,-1.47084210394234,6.89910248006444,-0.298300480363377,-7.48900303013593,0.427502236532383,0.0928503142374473
0.122485615908065,-1.47741300571403,6.92756256356609,-0.288991677316634,-7.51062035049658,0.42787904598236,0.184643605466491
0.12183136039754,-1.48405151255146,6.95666496687331,-0.27919016413358,-7.53263066746673,0.42755259948266,0.27422380587347
0.120931804378187,-1.49074077621333,6.98648172081034,-0.268889807138947,-7.55510717992399,0.426499212038162,0.359141266266529
0.119782342548862,-1.49746465725093,7.01708663799196,-0.25809317496425,-7.57811245375048,0.424680262229797,0.437097743224729
0.118380180842468,-1.50420758879962,7.04855817840786,-0.246812609736594,-7.60169856760279,0.42204981633947,0.506016339675171
0.116724672950216,-1.51095419980207,7.08098161672121,-0.235070019019345,-7.62590992264409,0.418562442295557,0.5640890114034
0.114817372921153,-1.51768877768649,7.1144499751843,-0.222895585120599,-7.65078782307074,0.414179844709966,0.609803403094096
0.112661853621559,-1.52439466914141,7.14906345585728,-0.210325778944245,-7.67637559850477,0.408875733826165,0.641954547014089
0.110263376584665,-1.53105370919332,7.18492733952317,-0.197401124183294,-7.70272304977657,0.402639113228999,0.659648402142154
0.10762850186474,-1.53764574896564,7.22214846901946,-0.184164121847504,-7.72988920501304,0.39547666602515,0.662303896261867
0.104764707643489,-1.54414833631493,7.26083050628892,-0.170657664612414,-7.7579426213264,0.387415020904698,0.649658854477072
0.10168006103194,-1.5505365990294,7.30106818427779,-0.156924178075674,-7.78695868830148,0.378503390813409,0.62178347826829
0.0983829528972189,-1.55678338659613,7.34294081825343,-0.143005625846142,-7.81701361518129,0.368816470830311,0.579102969398903
0.0948818855749333,-1.56285973419982,7.3865054415747,-0.128944388000484,-7.84817512758096,0.358456687812944,0.522428218884349
0.091185285410092,-1.56873570476705,7.4317901075559,-0.114784842294271,-7.8804904982988,0.347554128181063,0.452989860768784
0.0873013036234584,-1.57438162145945,7.47878811660064,-0.100575240888237,-7.91397344471363,0.336262072375417,0.37246640749146
0.0832375711771606,-1.57976961129029,7.52745407362118,-0.0863692355823212,-7.94859246878188,0.32474647369448,0.282992581236778
0.0790008890440964,-1.58487525271526,7.57770258067545,-0.0722262907873413,-7.98426389013047,0.313169267261922,0.187131706513547
0.0745968659554791,-1.58967900799802,7.62940988951868,-0.0582104004216621,-8.02085242044229,0.301667903894686,0.0877993954313994
0.0700295573651385,-1.59416710501195,7.68241805749675,-0.0443870667990144,-8.0581802367892,0.29033595978014,-0.0118633948432771
0.0653011976466592,-1.59833166770348,7.7365404517012,-0.0308192431196995,-8.09604264044594,0.2792105125385,-0.108654152317908
0.0604121316398815,-1.60217014441836,7.79156732730873,-0.0175634953347506,-8.13422600097669,0.268270204841112,-0.19948257274987
0.0553610270811615,-1.60568432010725,7.84727084147324,-0.00466764166754342,-8.17252323344526,0.257444204754698,-0.281524536726198
0.0501453908240146,-1.60887928913753,7.9034098529308,0.00782944749579678,-8.21074374763188,0.246628685336988,-0.352335362228474
0.0447623410003436,-1.6117626761901,7.95973549952215,0.0198960221305157,-8.24871744668212,0.235705850472779,-0.409916156021424
0.0392095278266094,-1.61434420284018,8.01599841162026,0.0315043641148505,-8.28629441613115,0.224561262487965,-0.452739924438801
0.033486061378682,-1.61663552357354,8.07195764015791,0.0426274422130817,-8.32334269345997,0.213097237510477,-0.479750685008609
0.0275932966410485,-1.61865016959472,8.1273904521712,0.0532361976868466,-8.35974616194094,0.201242027837656,-0.490349357125026
0.021535342261445,-1.62040344759459,8.18210154726938,0.0632980437833315,-8.39540380663055,0.188955614477586,-0.4843772070427
0.015319196960859,-1.62191220650966,8.23593018074451,0.0727768221343846,-8.43023080991267,0.176233062981083,-0.462103350567159
0.00895447511125246,-1.62319446337464,8.28875408235482,0.0816341586450354,-8.46416142855419,0.16310583714327,-0.424218491255213
0.00245275830736155,-1.62426893813855,8.34048974297224,0.0898319143686907,-8.49715322298318,0.149640646439382,-0.371833069133113
-0.00417330415051082,-1.6251545734805,8.39108940943317,0.0973352228473282,-8.52919187448697,0.135934762678456,-0.306474354069337
-0.0109109414987653,-1.62587011062089,8.44053582439704,0.104115454120229,-8.56029547664973,0.122106679082713,-0.230074030066648
-0.0177480007260798,-1.62643376538072,8.48883622803898,0.110152389389701,-8.59051691926726,0.108281767314657,-0.144936252252322
-0.0246732409040812,-1.62686301402631,8.53601724020731,0.115435001587621,-8.61994301793155,0.0945741787353639,-0.0536773957330097
-0.03167604823598,-1.627174468983,8.58212183697402,0.119960556615917,-8.64868959338077,0.0810681083567226,0.0408661591746848
-0.038745613471328,-1.62738381007034,8.62720876010647,0.12373223138237,-8.67689277152117,0.067802741908213,0.13575727333128
-0.0458697990119859,-1.62750573954544,8.67135365447848,0.126755916792175,-8.70469800724196,0.0547648427070815,0.228090290269183
-0.0530340320138391,-1.6275539435744,8.7146504939196,0.12903712422668,-8.7322491515722,0.0418908719852865,0.315116973199877
-0.0602205378825437,-1.62754105882219,8.75721178759773,0.130578814612806,-8.75967983945553,0.0290776780651819,0.394348361831815
-0.0674080928017631,-1.62747865303302,8.79916663659293,0.131380585301554,-8.78710860084885,0.0161985342877683,0.463622283811541
-0.0745722986613115,-1.62737723047618,8.84065656843383,0.131439180534448,-8.81463786101391,0.00312058632537656,0.521135833752297
-0.0816862463663769,-1.6272462698684,8.88182979166995,0.130749939385066,-8.84235596078482,-0.010279449655334,0.56544966765931
-0.0887213707231705,-1.62709429792034,8.9228348590167,0.129308652386244,-8.87034081172477,-0.0241029549400002,0.595474509703434
-0.0956483034059697,-1.62692899826414,8.9638147304335,0.127113341545575,-8.89866379270829,-0.0384205832897198,0.610450281764048
-0.102437569016608,-1.6267573525824,9.00490203963574,0.124165624402438,-8.92739279188275,-0.0532661739320889,0.609926247694794
-0.109060014807463,-1.62658580590511,9.04621613420723,0.120471495640326,-8.956593685331,-0.0686324067182971,0.593747936319359
-0.115486903528503,-1.62642043838276,9.08786224221352,0.116041509398465,-8.98632989331882,-0.0844675422739607,0.562054038236128
-0.121689633259945,-1.62626710991562,9.12993289083759,0.110890456482812,-9.01665993607829,-0.100673286390851,0.515284089438111
-0.127639089823399,-1.62613152329678,9.17251138236903,0.105036698904669,-9.04763315753173,-0.117104644015037,0.454195277558376
-0.133304700786591,-1.62601913241195,9.21567664133778,0.0985013528248073,-9.07928404515776,-0.133573324327726,0.379883908811078
-0.138653350982197,-1.6259348166042,9.25950808711368,0.091307498077047,-9.11162586670977,-0.14985650793061,0.293804013814531
-0.143648423752405,-1.62588226616177,9.30408852804127,0.0834795374277614,-9.14464462521553,-0.165712247190532,0.197772969591953
-0.148249308653571,-1.62586308838695,9.34950277705047,0.0750427411734194,-9.17829448528921,-0.180901234513539,0.0939533224722722
-0.152411706483718,-1.62587574339064,9.39583018636516,0.0660229218501123,-9.21249569638032,-0.195212350505677,-0.0151971524218576
-0.156088922127565,-1.62591452197519,9.44313079542409,0.0564461295741632,-9.24713555122664,-0.208487121067677,-0.127008231927073
-0.15923408211499,-1.62596883390578,9.4914269498157,0.0463382777429384,-9.28207216977074,-0.22063721448992,-0.238704826596853
-0.161802936472998,-1.62602304211984,9.54068420650916,0.0357246947770577,-9.31714018855433,-0.231650315046584,-0.347523929243052
-0.163756725711349,-1.62605695703252,9.59079613921871,0.0246297079822844,-9.35215710197012,-0.241582911520493,-0.450823462803659
-0.16506458796237,-1.62604694251094,9.64157688894579,0.0130764398149111,-9.38692918743016,-0.250542318921116,-0.54616962327855
-0.165705132517904,-1.62596744689913,9.69276335578823,0.00108699859398581,-9.42125649240902,-0.258662874417034,-0.631396832816108
-0.165667031563004,-1.62579270356371,9.74402666615518,-0.0113168234160232,-9.45493693978038,-0.266081776061107,-0.704641585123629
-0.164948692107961,-1.62549835252458,9.79499077241191,-0.0241123430930341,-9.48776995698239,-0.272918722693258,-0.764355849259368
-0.163557210595758,-1.62506279566122,9.84525513110784,-0.0372743872761992,-9.51956008612907,-0.279261357570167,-0.809307041482914
-0.16150687340233,-1.62446818170321,9.89441832246574,-0.050773510602988,-9.55012088094343,-0.285156518760655,-0.838570999703285
-0.158817465086391,-1.62370099864441,9.9420999573177,-0.0645742883425382,-9.57927919361236,-0.290606031528405,-0.851523142150374
-0.155512609775705,-1.62275231630367,9.98795899052067,-0.0786339431561643,-9.60687982562885,-0.295565362324933,-0.847831779004666
-0.151618322058519,-1.62161776511664,10.0317074262349,-0.0929015284862436,-9.63279051946427,-0.299943736519684,-0.827456545197959
-0.147161893091426,-1.62029735690647,10.0731192329143,-0.107317836886957,-9.65690737372405,-0.303605059336295,-0.790653963773797
-0.142171185460523,-1.61879524730439,10.1120349670043,-0.121816145303573,-9.67916085822786,-0.306369935899067,-0.73799094399928
-0.136674354400414,-1.61711950682545,10.148363007267,-0.136323854062766,-9.69952252657824,-0.308020040509612,-0.670365432469405
-0.130699949025643,-1.61528191203043,10.1820783231556,-0.150765008323337,-9.71801213000984,-0.308306776409828,-0.589031297529016
-0.124277276958033,-1.61329770270866,10.2132193448284,-0.165063582319011,-9.73470410838089,-0.306966253278392,-0.495621842815359
-0.117436848151592,-1.61118519864001,10.2418829341675,-0.179147234868006,-9.7497315572452,-0.303741705543488,-0.392163379541878
-0.110210666960719,-1.60896515826158,10.2682169781585,-0.192951018700336,-9.76328515453863,-0.298412352304719,-0.281067799774268
-0.102632145388314,-1.60665981283202,10.2924100701128,-0.206420318357811,-9.77560472062873,-0.290824660087937,-0.165092637954899
-0.0947354945953181,-1.60429162101633,10.3146782912678,-0.21951223846394,-9.78696248758682,-0.280919145730485,-0.0472606068403427
-0.0865546216207772,-1.60188192214527,10.3352501241028,-0.232194907281419,-9.79763964888627,-0.268744995273108,0.0692609022862737
-0.0781217658567658,-1.59944975633883,10.3543515462929,-0.244444722178648,-9.80790045501229,-0.254457185949771,0.181308004162413
-0.0694662568661926,-1.59701110914004,10.3721937668979,-0.256242252767691,-9.81796962614164,-0.23829603724304,0.285873525831121
-0.0606137686708036,-1.59457872115337,10.3889655288198,-0.267567990641511,-9.82801816313936,-0.220554736408722,0.380239599418017
-0.0515862752468851,-1.59216243522704,10.4048306154013,-0.278399128748664,-9.83815996197702,-0.201543483326682,0.462070665493721
-0.0424026685000707,-1.58976991513227,10.4199297993793,-0.288708091019862,-9.8484583361566,-0.181558238618677,0.529460791266809
-0.0330798078120311,-1.587407511047,10.4343855757241,-0.298462891582536,-9.85893915080139,-0.160858711017894,0.580941749561006
-0.0236337000056053,-1.58508106625606,10.4483078453919,-0.307628892574602,-9.86960647895919,-0.139656360801496,0.615465597145742
-0.0140805487543288,-1.58279652000475,10.4617990755044,-0.316171300849897,-9.88045723392231,-0.118110492479972,0.632376711285047
-0.00443750504117505,-1.58056022593273,10.4749580105757,-0.324057764090111,-9.89149238002037,-0.096329469903359,0.631385440922637
0.00527695882740468,-1.5783789545376,10.487881493803,-0.331260578690054,-9.90272345588972,-0.0743743853881562,0.612551283260617
0.0150430658510748,-1.57625958168809,10.5006642910628,-0.337758196754546,-9.91417399182451,-0.0522635641839467,0.576279362799948
0.024840118482856,-1.57420849455583,10.5133970369496,-0.34353586446121,-9.92587600978718,-0.0299775781550948,0.52333039859399
0.0346471995036769,-1.57223078493669,10.5261626387716,-0.348585337112862,-9.93786235733322,-0.00746560201492773,0.454841021660069
0.0444441027724824,-1.57032935552516,10.5390317620773,-0.352903723915397,-9.95015633108135,0.0153453495184849,0.372347803933098
0.0542123534938389,-1.56850413151514,10.5520583893316,-0.356491646820033,-9.9627609203653,0.038536841257353,0.277804616652895
0.0639361157582069,-1.56675162258745,10.565276786087,-0.359351055790204,-9.97565080197402,0.0621807519509547,0.173579730487222
0.0736027461395636,-1.56506507506326,10.5787012983913,-0.36148318878345,-9.98877040239285,0.0863181013005368,0.0624183798027172
0.0832027810035037,-1.56343534755567,10.5923299759392,-0.362887219430456,-10.0020402982968,0.110939190495718,-0.0526391097718762
0.0927292711194904,-1.561852431606,10.6061519713194,-0.363560017616073,-10.0153717569704,0.135970697857872,-0.168382937419465
0.102176578668387,-1.56030729331374,10.6201572927053,-0.363497148438143,-10.0286860969306,0.161274413059446,-0.281588434243749
0.111538940532374,-1.55879355631403,10.6343464488641,-0.362694847976729,-10.0419333081831,0.186658766835176,-0.389173887604953
0.120809180482875,-1.55730858505713,10.6487374377614,-0.361152420031509,-10.0551044422645,0.211899831925059,-0.48833438703865
0.129977877181537,-1.55585374425493,10.6633684891623,-0.358874423256456,-10.0682346621794,0.236765482266878,-0.576633519129391
0.139033115549136,-1.55443388616774,10.6782964323011,-0.355872169730221,-10.0813971662858,0.261036339446048,-0.652048806534099
0.147960762388301,-1.55305631595006,10.6935917767834,-0.35216432899936,-10.0946907646194,0.284519509483874,-0.712978657135595
0.156745087191023,-1.5517295459741,10.7093321307914,-0.347776698086439,-10.1082248326709,0.307054249518784,-0.758224339297566
0.1653695142613,-1.55046209862243,10.7255954631542,-0.342741379068762,-10.1221049028626,0.328511131101243,-0.786960601516607
0.173817319613768,-1.54926151828054,10.7424542480047,-0.33709568460571,-10.1364210180572,0.348787406659316,-0.798705635109914
0.182072141397198,-1.54813366277584,10.7599710294106,-0.330881088667235,-10.1512398426093,0.367801298438511,-0.793297477015012
0.190118231001136,-1.54708228906672,10.7781955953912,-0.324142484463593,-10.1666007525818,0.385487254576181,-0.770880791483739
0.197940423643359,-1.54610892879258,10.7971637968163,-0.316927926129236,-10.1825157433093,0.40179325253603,-0.731905406694211
0.205523853054414,-1.54521305277651,10.8168980265949,-0.309288922044974,-10.1989728504287,0.41668023117395,-0.677135679903109
0.212853480607214,-1.54439252981651,10.8374093779412,-0.301281214795676,-10.2159426665578,0.430122857217877,-0.607667355765746
0.219913557463202,-1.54364437384639,10.8587014120429,-0.292965826063624,-10.2333872657476,0.442110215441112,-0.524945857789768
0.226687182306748,-1.54296572986353,10.8807752089064,-0.284409984161169,-10.2512703465273,0.452644821464342,-0.4307771405263
0.233156137456765,-1.54235497203756,10.9036349647542,-0.275687439927745,-10.2695667832266,0.461738763495923,-0.327320226715535
0.23930115511589,-1.54181269990399,10.9272929788726,-0.266877694626987,-10.2882693639152,0.469406830459568,-0.217050935691945
0.24510266403035,-1.541342368214,10.951772693372,-0.258063881232667,-10.307390733807,0.475657909035036,-0.102690641293881
0.250541910205154,-1.5409503251801,10.9771087391088,-0.249329449013105,-10.3269597126707,0.480487097878564,0.0128976301168841
0.25560219357828,-1.54064517992656,11.0033437150895,-0.240754259965643,-10.3470129509525,0.483871166953758,0.126833366083061
0.260269894965715,-1.54043662493954,11.0305223943655,-0.232410987464739,-10.3675845231197,0.485768906183032,0.236343552316355
0.264535028125211,-1.54033400712858,11.0586847514579,-0.224362646285202,-10.3886966565692,0.486126072086832,0.338868838220761
0.268391211231041,-1.54034499123995,11.0878593354129,-0.216661705149086,-10.4103540784413,0.484883051916681,0.432137948156049
0.271835127147156,-1.54047458195632,11.1180581035829,-0.209350740457316,-10.4325429315994,0.481982781629153,0.514207188597087
0.274865656238105,-1.5407246232806,11.1492731808682,-0.202464209978692,-10.4552337067632,0.477376946672603,0.583470140828784
0.277482892774545,-1.54109375039775,11.1814754342209,-0.1960307697296,-10.478386747662,0.4710295857435,0.638646863025103
0.27968721740001,-1.54157767735017,11.2146144188041,-0.190075599846734,-10.5019587041135,0.462918327161757,0.678762415864926
0.281478531790498,-1.54216967243102,11.2486191655144,-0.184622349827103,-10.525908589793,0.453034241087044,0.703122849236126
0.282855702646977,-1.54286108584287,11.2833993621936,-0.179694465634956,-10.5502025331548,0.441381592832174,0.711294580622108
0.283816223898519,-1.54364182938052,11.3188466528714,-0.175315769983689,-10.5748166786053,0.427978675220955,0.703091113177002
0.284356092939664,-1.54450074801571,11.3548359864268,-0.171510221724066,-10.599737922868,0.412860497682376,0.678569605154638
0.284469901624381,-1.54542585917713,11.3912271597972,-0.168300802010058,-10.6249622865507,0.396083506455096,0.638038774824706
0.284151153726769,-1.54640446471805,11.4278668971193,-0.165707502562869,-10.6504908128191,0.377731767035363,0.582078673155958
0.283392826134428,-1.54742316424002,11.4645919450589,-0.163744467296145,-10.6763230710064,0.357923227447268,0.511571604718899
0.282188175839336,-1.54846781958646,11.501233675826,-0.162416500853388,-10.7024487330199,0.336813908012065,0.427741280771647
0.280531747907792,-1.54952354018069,11.5376244769958,-0.161715416831547,-10.7288383312573,0.314597364522485,0.332193611544848
0.278420459949404,-1.55057477391291,11.5736056916036,-0.161617008897919,-10.7554350926761,0.291496936323064,0.226947427763275
0.27585454394826,-1.55160558701584,11.6090360789597,-0.162079658241086,-10.782150328537,0.267749566882545,0.114438349591227
0.272838069729988,-1.5526001811664,11.6437989555849,-0.163045523384916,-10.8088646917713,0.2435825669405,-0.00252223678542394
0.269378820358792,-1.55354361709679,11.6778058519871,-0.164444706334265,-10.8354362469286,0.219187960067398,-0.120844211927153
0.265487470883277,-1.55442261046308,11.7109951868253,-0.166201801031719,-10.8617139253221,0.194701374520941,-0.237306700015214
0.261176277195966,-1.55522619206586,11.743326111056,-0.168243231008486,-10.8875526592321,0.1701919699916,-0.348732681884646
0.256457673706397,-1.55594603788632,11.7747695396838,-0.170503373902924,-10.9128257202546,0.14566621168725,-0.452154873217351
0.25134318875369,-1.5565763810359,11.8052993704397,-0.172927951142649,-10.9374310812859,0.12108331454904,-0.544942043566711
0.245842920955003,-1.55711355885513,11.8348864580669,-0.175474240422672,-10.9612911312744,0.096376742682773,-0.62487176678452
0.239965593012793,-1.55755534831829,11.863496500838,-0.178108719709471,-10.9843473144691,0.0714757974182097,-0.690153952805512
0.233719032134964,-1.55790026710444,11.8910915144845,-0.180803316341906,-11.0065523150363,0.0463234083140962,-0.739420668162782
0.227110864305086,-1.55814698359826,11.9176336760202,-0.18353146120546,-11.0278623031391,0.0208889994930362,-0.771699977243005
0.220149231366543,-1.55829392582317,11.9430901330299,-0.186264854319267,-11.0482310747135,-0.00482266474839539,-0.78638815352961
0.21284339821493,-1.55833913550294,11.9674376415246,-0.188971481255458,-11.0676071857943,-0.0307649479917004,-0.783229588129507
0.205204175616243,-1.55828038659639,11.9906662956601,-0.191615120261747,-11.0859346395479,-0.0568436943179132,-0.762309305173397
0.197244125593284,-1.55811556929784,12.0127819293954,-0.194156373028894,-11.1031573048042,-0.0829120252211663,-0.724059643778452
0.188977539938992,-1.55784331572146,12.0338069331194,-0.196555092936986,-11.1192268724663,-0.108766478289586,-0.669279886654464
0.180420195138213,-1.557463799141,12.0537792839205,-0.198773908405057,-11.1341136226072,-0.134146726079617,-0.599164612711002
0.171588899550896,-1.5569795716993,12.0727496579885,-0.200782304205458,-11.1478185053837,-0.158742021186069,-0.515332779528901
0.162500872274735,-1.55639623163808,12.0907767177705,-0.202560451389243,-11.160384148239,-0.182207390436096,-0.41984524407007
0.153173033781099,-1.55572266930094,12.1079211173765,-0.204101776045944,-11.1719017555416,-0.20419083500703,-0.315195169950807
0.143621340549495,-1.55497068377283,12.1242393518713,-0.205413308512113,-11.1825110166112,-0.224369251802015,-0.204256477268432
0.133860333946063,-1.5541539197976,12.1397789824573,-0.206513308064322,-11.1923915172555,-0.242486472646867,-0.090182892472957
0.123903059671035,-1.55328631242195,12.1545766250925,-0.207426475226583,-11.2017466127741,-0.258383942908725,0.0237360634643212
0.113761424556919,-1.55238043415807,12.1686592614518,-0.208177929647261,-11.2107833047726,-0.272015375023939,0.134240921896677
0.103446915909404,-1.5514461939893,12.1820482527324,-0.208787596418665,-11.2196930357859,-0.283441531309711,0.238260612949699
0.0929714835464411,-1.55049020153217,12.1947645394357,-0.209266443984425,-11.2286377201463,-0.292807746291339,0.333037354478237
0.0823483430794199,-1.54951586422886,12.2068333466252,-0.209615284713003,-11.2377431881321,-0.300311486701716,0.416204648076992
0.0715925152147891,-1.54852406328063,12.2182872435407,-0.20982599500142,-11.2470997487138,-0.306168267405425,0.48581943006282
0.0607210278995929,-1.54751414265935,12.2291672223339,-0.209884411778463,-11.2567678573786,-0.310582146886385,0.540359511246815
0.0497528164458548,-1.54648494938636,12.2395221482654,-0.209773953554303,-11.2667862806111,-0.313723724538456,0.578701060589906
0.0387084232910295,-1.54543573361341,12.2494072997405,-0.209479114203221,-11.277180422319,-0.31571574904192,0.600089623588336
0.0276096174715599,-1.54436679970974,12.2588827819021,-0.20898822078002,-11.2879691454982,-0.316624884844095,0.604114706251643
0.0164790375463059,-1.54327986195732,12.2680124752589,-0.208295097336423,-11.2991691114104,-0.316457854262727,0.590694253614153
0.00533992780556788,-1.5421780925249,12.27686397429,-0.207399471866373,-11.3107962011138,-0.315160713315732,0.560072216567399
-0.00578400216615361,-1.54106586343936,12.2855097307698,-0.206306103423701,-11.3228639853769,-0.312621020431906,0.512829786471583
-0.0168686048565416,-1.53994819425215,12.2940293471605,-0.205022728073878,-11.33537956762,-0.308673753752344,0.449908347643966
-0.0278892576708202,-1.53882994007171,12.3025126550243,-0.203557071077354,-11.3483375542357,-0.303112664321736,0.372639269083871
-0.038820840678745,-1.53771480281952,12.3110628735048,-0.201913375250127,-11.3617134601497,-0.295708901315014,0.2827720954938
-0.0496378207181947,-1.53660432165059,12.3197988464018,-0.200089132414339,-11.3754584515307,-0.286237762372223,0.182488901094244
-0.0603145112022623,-1.53549707483673,12.3288552521994,-0.198072890117685,-11.3894976918147,-0.274512049953967,0.0743899941167879
-0.0708255124570326,-1.53438835925684,12.3383799489586,-0.195843993768756,-11.4037342807903,-0.260417119165862,-0.0385627214392918
-0.0811462454261763,-1.53327055090452,12.3485283372089,-0.193374776934544,-11.4180595340777,-0.243939650752669,-0.153151254397895
-0.091253415977229,-1.53213416855544,12.3594556301537,-0.190635023635667,-11.4323682741629,-0.225181553585438,-0.266049371501459
-0.101125239946209,-1.53096941546835,12.3713087707239,-0.187597723030356,-11.4465757026265,-0.20435365000989,-0.373991764067662
-0.110741338524705,-1.5297677821356,12.3842199514683,-0.184244614999926,-11.4606314551678,-0.181750129399323,-0.473935051935259
-0.120082339273704,-1.52852326978691,12.398303124928,-0.180570092199186,-11.4745272832246,-0.157711025631693,-0.563183947860103
-0.129129319247107,-1.52723295361925,12.4136538521064,-0.176582650951373,-11.4882970428686,-0.132582858985008,-0.639468578990629
-0.137863256644584,-1.52589684958753,12.4303518566265,-0.172303918860603,-11.5020100883812,-0.106686080408857,-0.700974374611701
-0.14626462305055,-1.52451725159563,12.4484650959879,-0.167765931738361,-11.5157606729525,-0.0802937570096219,-0.746336883650323
-0.154313189445545,-1.52309779676021,12.4680540684021,-0.163007591178067,-11.5296562258703,-0.0536216366296885,-0.774617603472835
-0.161988072497817,-1.52164250325898,12.489175272344,-0.158071155266141,-11.5438067622807,-0.0268270100037731,-0.785275003179955
-0.169268026946102,-1.52015495824334,12.5118830349869,-0.152999364624459,-11.5583167590256,-1.29514650408213e-05,-0.778140586972729
-0.176131987170859,-1.51863776059462,12.5362292244664,-0.147833534367665,-11.5732800119948,0.0267649690177968,-0.753405375230805
-0.182559860171066,-1.51709227035022,12.5622606492113,-0.142612726953259,-11.5887774304855,0.0534912488667378,-0.711618512033459
-0.188533554121329,-1.51551868535137,12.5900142781231,-0.137373968464895,-11.6048773842677,0.0801827740305788,-0.653696643046845
-0.194038179141138,-1.51391644322205,12.6195108412296,-0.132153352289768,-11.6216379815624,0.106880377833584,-0.580939738605677
-0.199063277716098,-1.51228491481107,12.6507478962034,-0.126987755326081,-11.639110417507,0.133638635406545,-0.495045745290261
-0.203603849494426,-1.51062430006795,12.6836939661528,-0.121916762875922,-11.6573422720509,0.160513134873261,-0.39811307088536
-0.20766087036419,-1.50893656160785,12.7182856334258,-0.116984292011524,-11.676379459158,0.187545508391358,-0.292617658003771
-0.211241031672112,-1.5072261641085,12.7544291900306,-0.1122393943868,-11.6962656516438,0.214748108761279,-0.181352643242053
-0.214355587444582,-1.50550038051217,12.7920073985504,-0.107735885197164,-11.7170386392253,0.242091682366022,-0.0673254591455714
-0.217018477172604,-1.50376902237949,12.8308902889502,-0.10353079041196,-11.738724199714,0.269499724818663,0.0463805631504671
-0.21924417402353,-1.50204364099056,12.8709473878762,-0.0996820073559148,-11.7613292540343,0.296851761209835,0.1567600471357
-0.221045834660679,-1.5003364449654,12.9120581920983,-0.0962458301690765,-11.7848366601176,0.323994969234036,0.261028047482805
-0.222434211724448,-1.49865928116906,12.9541184287684,-0.0932749603825729,-11.8092035390122,0.350760791354104,0.356728016720423
-0.223417495463975,-1.49702297710344,12.9970412562966,-0.0908173418917576,-11.8343637265425,0.376981925559157,0.441794139125123
-0.224001940107848,-1.49543718611355,13.0407541511728,-0.0889158075071125,-11.8602335265509,0.402505771426091,0.514570433194837
-0.224192941929059,-1.49391070283934,13.0851931172993,-0.0876082747634806,-11.8867190852009,0.427202313871016,0.573798056075624
-0.22399620798059,-1.49245209738343,13.1302959317503,-0.0869281449320478,-11.9137236196755,0.450966433715558,0.618585017788771
-0.223418738251147,-1.49107047291482,13.1759957109773,-0.0869046041665734,-11.9411531916664,0.473715983478069,0.648370723623322
-0.222469467249776,-1.48977616363223,13.2222155267712,-0.0875626264226775,-11.9689203452651,0.495387477297768,0.662894098330434
-0.22115951797805,-1.48858122848469,13.2688643749451,-0.0889225851274248,-11.9969454685717,0.515931097582309,0.662170254476606
-0.219502092279656,-1.4874996388937,13.315834579376,-0.0909994745418208,-12.0251560975145,0.535306213738433,0.646477515723772
-0.217512059020108,-1.48654709841494,13.3630006679235,-0.0938018263244015,-12.0534845942632,0.553477987366085,0.61635411282226
-0.215205316712259,-1.48574047307663,13.4102198035953,-0.097330492617636,-12.0818647782834,0.570415066549984,0.572601776482794
-0.212598015803578,-1.48509686102297,13.4573338934938,-0.101577547837417,-12.1102282150703,0.586087968591941,0.516291785009488
-0.209705733609602,-1.48463239468459,13.5041734437436,-0.106525618691873,-12.1385009704221,0.60046758606985,0.448767854511907
-0.206542701566825,-1.48436094217364,13.5505630239949,-0.112147949114571,-12.1666016487899,0.613523357455149,0.371639931371554
-0.203121185456235,-1.48429293501967,13.5963278583805,-0.11840940425014,-12.1944413609106,0.625220989522484,0.286763912394357
-0.199451103588758,-1.4844345657608,13.6413006782719,-0.125268410405364,-12.2219258676239,0.635520061313896,0.196204587552953
-0.195539933448398,-1.48478754458757,13.685327740227,-0.132679556697321,-12.2489595952114,0.644372183749078,0.102182343402848
-0.191392908083747,-1.48534947954035,13.728273015223,-0.140596344580702,-12.2754507040861,0.651720449211696,0.00700745148760345
-0.187013453442792,-1.48611478546553,13.7700200472851,-0.148973469294137,-12.3013161323815,0.657500626047697,-0.0869918973928408
-0.182403782898369,-1.48707589168609,13.8104717057227,-0.157768112006994,-12.3264856329497,0.661644050668729,-0.177540890876629
-0.17756555376481,-1.48822445923435,13.8495487014883,-0.166939989202867,-12.3509041998546,0.664081663259354,-0.262482639986024
-0.172500501542703,-1.48955235280119,13.8871880066483,-0.176450245488675,-12.3745327390493,0.664748331168121,-0.339831802625659
-0.16721099290893,-1.49105221665093,13.9233421040834,-0.186259561537193,-12.3973471900331,0.66358661240264,-0.407815432108637
-0.161700467011685,-1.49271763088459,13.957979444396,-0.196325990985004,-12.4193364741022,0.660549397066787,-0.464901350119277
-0.155973758581719,-1.49454292966818,13.9910858772935,-0.20660301845326,-12.4404996661856,0.655601306605605,-0.509816004496666
-0.150037311017241,-1.49652282193863,14.022666400857,-0.217038189366278,-12.4608427451093,0.648719172551066,-0.541554793686445
-0.143899292639669,-1.49865196616682,14.0527464359012,-0.227572475250245,-12.4803752400719,0.639892230138858,-0.559388231919116
-0.137569625973003,-1.50092462806647,14.0813719415181,-0.238140374144451,-12.4991070871922,0.629122763672849,-0.562867148333681
-0.13105993135642,-1.50333451131336,14.1086079288985,-0.248670643664077,-12.5170460345927,0.616427804183261,-0.551829466183068
-0.12438337653329,-1.50587480935502,14.1345352017599,-0.259087529843996,-12.5341959659227,0.601842124834935,-0.526410113344777
-0.117554417555008,-1.50853848663226,14.1592454066056,-0.269312368689165,-12.5505565193827,0.585422256653822,-0.48705434407832
-0.110588418682669,-1.51131875899224,14.1828347226386,-0.279265468076656,-12.5661243223099,0.567250646494968,-0.434533253200173
-0.103501154371559,-1.51420970288158,14.205396789138,-0.288868193974587,-12.5808959936341,0.547438536747406,-0.369958533993285
-0.0963082264912753,-1.51720688141053,14.2270157625607,-0.298045165262333,-12.5948727512435,0.526125856287507,-0.294791613096941
-0.0890244702335307,-1.52030784066478,14.2477606552369,-0.30672640178611,-12.6080660082986,0.503476604053688,-0.210840459096888
-0.0816634599146584,-1.52351231867585,14.267682191032,-0.314849191649494,-12.6205028551431,0.479669059334413,-0.120236347157549
-0.0742372403653268,-1.52682204343765,14.2868131434842,-0.322359388231275,-12.6322300140394,0.454881622515256,-0.0253838122923622
-0.0667563814710024,-1.53024008607273,14.3051724043685,-0.32921186906482,-12.6433149778987,0.429276773057833,0.0711189643597675
-0.0592303779644753,-1.5337698646446,14.3227719964575,-0.335370020292882,-12.6538437277358,0.402986787205844,0.166585173476345
-0.0516683156318675,-1.53741401475359,14.3396252889384,-0.34080433212264,-12.6639154913467,0.376104774809147,0.258358003796895
-0.0440796418394447,-1.54117339546927,14.3557542762198,-0.345490422586661,-12.6736359889521,0.348683117268992,0.343926306760288
-0.0364748523306038,-1.54504645282761,14.3711941765972,-0.349406944587904,-12.6831110179679,0.320739154244977,0.421021466250448
-0.0288659470482277,-1.54902904051067,14.3859945992083,-0.352533816100715,-12.692441884456,0.292266046610482,0.4876855719285
-0.0212665893097434,-1.55311465898599,14.400217622162,-0.354851065373162,-12.7017233387734,0.263245925306659,0.542309073266591
-0.0136919843714613,-1.55729497672786,14.4139338744581,-0.356338384094881,-12.7110437685797,0.233662796891167,0.58364281785677
-0.00615854591352351,-1.56156046255698,14.4272179540174,-0.356975316737668,-12.720486791813,0.203513710603344,0.610792884980173
0.00131656463305582,-1.56590097542149,14.4401443587056,-0.356741929492873,-12.7301331872369,0.172817763222897,0.623207015753323
0.00871594978858653,-1.57030620107034,14.4527847403743,-0.355619792160039,-12.7400621830746,0.141623182830875,0.620659944757093
0.0160224812850146,-1.57476587266137,14.465206949172,-0.353593147560971,-12.7503513963462,0.110012880699505,0.603242605503232
0.0232197571657881,-1.57926975502325,14.4774760167185,-0.350650185601426,-12.7610750362563,0.0781085758824785,0.571357760325059
0.0302924756123376,-1.58380740827655,14.4896569890632,-0.346784365929054,-12.7723003291289,0.0460730445840156,0.525722218974162
0.0372266894110577,-1.58836778213491,14.5018192867023,-0.341995717764342,-12.7840825175272,0.0141094830096943,0.467373307665252
0.0440099020511187,-1.59293872895421,14.5140420141613,-0.336291994431086,-12.7964592202913,-0.0175433737101643,0.39767462224112
0.0506309708686893,-1.59750655750948,14.5264193783581,-0.329689494337034,-12.8094453627342,-0.0486215919449761,0.318313661050538
0.0570798032107614,-1.60205576679157,14.5390651877527,-0.322213323880764,-12.8230301495961,-0.0788522124994872,0.231282625791573
0.0633468709533287,-1.60656908066803,14.5521154286825,-0.313896921758012,-12.8371774535156,-0.107974081047767,0.13883482067101
0.0694226180474822,-1.61102783758449,14.5657282622893,-0.304780816807318,-12.8518303817266,-0.135760292727201,0.0434135719726838
0.0752968742889942,-1.61541268471563,14.5800814325314,-0.294910821668832,-12.8669197309613,-0.162037813056606,-0.0524422433361681
0.0809583932966346,-1.61970442127077,14.5953678103242,-0.284336075278451,-12.8823748971989,-0.186699776801336,-0.146204791445122
0.0863945946506877,-1.62388478006264,14.6117903008619,-0.273107424174899,-12.8981350689633,-0.209707566871682,-0.235460953392525
0.0915915236831612,-1.62793695795689,14.6295573778905,-0.261276524716615,-12.9141585363122,-0.231082463717562,-0.317999521222973
0.0965339777442505,-1.63184579184573,14.6488800842423,-0.24889580805983,-12.9304286442628,-0.250889247361795,-0.391874107848115
0.101205710941678,-1.6355975848243,14.6699706698857,-0.236019191900909,-12.9469559306804,-0.269215590673861,-0.455440941073239
0.105589628990128,-1.63917967488003,14.6930423967494,-0.222703248129103,-12.9637768742815,-0.286151099243896,-0.507376087219192
0.109667912421661,-1.64257988482514,14.7183096035024,-0.209008476071408,-12.9809501781862,-0.301768842677775,-0.546679154961562
0.113422044334267,-1.64578600017289,14.7459869429904,-0.195000361907993,-12.9985516104843,-0.316110890353664,-0.572670476673239
0.116832755151769,-1.64878540524643,14.7762867503167,-0.180749977621875,-13.0166682521827,-0.329178281385934,-0.584987142636878
0.119879925099675,-1.65156497992964,14.8094137261595,-0.166333949015901,-13.0353927346083,-0.340925279399428,-0.583580973988571
0.122542504161692,-1.65411132582572,14.8455565019322,-0.151833687331504,-13.0548178077693,-0.351257665374042,-0.568719120900507
0.124798518927649,-1.65641134946262,14.8848761813259,-0.137333838635512,-13.0750314225937,-0.360035015126648,-0.540985724897063
0.126625235004018,-1.65845317741067,14.9274925979224,-0.122919977491047,-13.0961124277945,-0.367077136456084,-0.501281207200609
0.127999530008176,-1.66022731350513,14.9734697065078,-0.10867567283879,-13.1181269369529,-0.372174855701744,-0.450814535421975
0.128898504534617,-1.66172788153274,15.0228020794981,-0.0946791858141987,-13.1411253737498,-0.375104976204694,-0.391083674875735
0.129300319137768,-1.66295374768342,15.0754047197924,-0.081000196515793,-13.1651401433198,-0.375648468599308,-0.323840609008607
0.129185202805805,-1.6639093092857,15.1311081853808,-0.0676970506427784,-13.1901838381632,-0.373609997310258,-0.251039747473326
0.128536544972411,-1.66460478348531,15.1896603432806,-0.0548150115933482,-13.2162479205188,-0.36883612520075,-0.174771689111064
0.127341968203867,-1.66505592355779,15.250735089665,-0.042385866574507,-13.2433019520078,-0.36122937430529,-0.0971872661294416
0.125594284279885,-1.66528320248882,15.3139473417221,-0.0304289835929147,-13.2712936177575,-0.35075595773841,-0.0204187076701614
0.123292256160454,-1.66531059695128,15.3788727560929,-0.0189536182348765,-13.3001499076807,-0.337446288972828,0.053494854466294
0.120441111615194,-1.66516415392048,15.4450700911607,-0.0079620191064045,-13.3297797694661,-0.321388867328764,0.12267144934875
0.117052775411678,-1.66487052275421,15.5121039332449,0.002547244960602,-13.3600783122048,-0.302719324851731,0.1854360370173
0.113145804747777,-1.66445560105208,15.5795656263881,0.0125762861712095,-13.3909322958146,-0.281606970273076,0.240354822093449
0.108745030408032,-1.66394339359671,15.6470906363691,0.0221256267071202,-13.4222263260533,-0.258241061612533,0.28625544368912
0.103880925748705,-1.66335513664963,15.7143711739103,0.0311928427105178,-13.4538490035271,-0.232818498923064,0.322236122303578
0.0985887446710383,-1.66270870273001,15.7811635946854,0.039772104097851,-13.4856982886897,-0.205533943369653,0.347667555483156
0.0929074849929436,-1.66201827509413,15.8472907525517,0.0478544374618647,-13.5176855066093,-0.176572772014014,0.362191088680233
0.0868787419843437,-1.66129426425915,15.9126399910025,0.0554284562180499,-13.5497376538708,-0.146106873365377,0.365715726917023
0.0805455191757564,-1.6605434285054,15.9771577545263,0.0624812860403156,-13.5817979218356,-0.11429308124663,0.358415262738207
0.073951062998685,-1.65976915406283,16.0408418929974,0.0689994501381768,-13.6138245829072,-0.0812739762853256,0.340725476413261
0.0671377872314248,-1.65897184674213,16.1037326735494,0.0749695504615723,-13.6457885928907,-0.0471807740844861,0.313340181848328
0.0601463533308169,-1.65814938395821,16.165903375226,0.0803786720176495,-13.6776704411957,-0.0121379895412227,0.277203944387599
0.0530149705755437,-1.6572975743836,16.227451177007,0.0852145324523731,-13.7094569150116,0.0237305404999292,0.233498670576027
0.0457789699331451,-1.65641057354209,16.2884888859185,0.0894654821318689,-13.7411384927834,0.0602948957727794,0.183621125814542
0.0384706816407653,-1.65548121041615,16.3491378887822,0.0931205119586045,-13.7727079924774,0.097412446736874,0.129148964466332
0.0311196065469281,-1.65450119545432,16.4095225369613,0.096169429979266,-13.8041608339419,0.134922440538875,0.0717942076812388
0.023752820747859,-1.65346120474558,16.4697659840489,0.0986033160821341,-13.8354968521959,0.172642882586979,0.0133452104537933
0.0163955058252524,-1.65235086474035,16.5299873096781,0.100415266890462,-13.8667231225097,0.210370504645843,-0.0443993996628477
0.00907147099150385,-1.65115868864509,16.5902996177815,0.101601331030757,-13.8978568942045,0.24788402472604,-0.0996992796905921
0.00180354182158667,-1.64987203019046,16.6508087362026,0.102161450210209,-13.9289276337914,0.284950182203405,-0.150936985294647
-0.00538626685240025,-1.64847711704442,16.7116121836139,0.102100197260881,-13.9599774060759,0.321331423709819,-0.196672828748129
-0.012476813197063,-1.64695920574567,16.772798187105,0.101427146040638,-13.9910592895922,0.356793839325556,-0.235686106259957
-0.0194480837430822,-1.64530287026261,16.8344446780131,0.100156800013037,-14.0222340462241,0.39111407833338,-0.267001362126953
-0.0262815586411802,-1.64349240677017,16.896618311847,0.0983081077498078,-14.0535656591136,0.424084411558923,-0.289900666797687
-0.0329605907265616,-1.64151231582579,16.9593736208955,0.0959036731626536,-14.0851165176817,0.45551566055251,-0.303924409736123
-0.0394707143130052,-1.63934781249262,17.022752416317,0.0929688062458702,-14.1169429713193,0.485238192943342,-0.308863684958558
-0.0457998270058121,-1.6369853140061,17.0867835302693,0.0895305576462858,-14.1490917737802,0.513101478931833,-0.304747156989451
-0.0519382202691156,-1.6344128601702,17.151482950573,0.0856168487088692,-14.1815976941203,0.538972796740914,-0.291824649783358
-0.05787846452135,-1.63162043091974,17.2168543641405,0.0812557625333417,-14.2144823482318,0.56273560865657,-0.270548897677815
-0.0636151783572668,-1.62860013698236,17.2828900932019,0.0764750144452526,-14.2477541411407,0.584287974735471,-0.24155615693973
-0.0691447273850723,-1.62534627286975,17.3495723758032,0.0713015799970541,-14.2814091080605,0.603541192329888,-0.20564581625266
-0.074464905719238,-1.62185523663127,17.416874904421,0.0657614306757195,-14.3154323906558,0.620418695133687,-0.163758826819738
-0.0795746520565291,-1.61812533722079,17.484764494041,0.0598793139489536,-14.3498000707653,0.634855141616513,-0.116954702323191
-0.0844738426100222,-1.61415652604458,17.5532027104592,0.0536785156629617,-14.384481097636,0.646795577773006,-0.0663869846550876
-0.0891631859265542,-1.60995010110801,17.6221472622505,0.0471805573864234,-14.419439081505,0.656194565187158,-0.0132773636585283
-0.0936442224066702,-1.60550843683666,17.6915529572449,0.0404048057522984,-14.4546337823382,0.663015206056061,0.0411110128090881
-0.0979194085784696,-1.60083478797951,17.7613720529248,0.0333680001686214,-14.4900221918478,0.667228053309809,0.0955002003423757
-0.101992247417629,-1.59593320197247,17.8315538881669,0.0260837324972726,-14.5255591801653,0.668809945297463,0.148623092015414
-0.105867415464886,-1.59080855355944,17.9020437617089,0.0185619319524788,-14.5611977444517,0.667742840584445,0.199247057010498
-0.109550837179082,-1.58546669296285,17.9727811071632,0.0108084168830109,-14.5968889455083,0.664012747675582,0.24619484440506
-0.113049665835219,-1.57991467929812,18.0436970933535,0.0028245713287899,-14.632581645134,0.657608850263704,0.28836239388053
-0.116372145904643,-1.57416105796291,18.114711845924,-0.00539280895417013,-14.6682221628841,0.648522933225719,0.324733658204184
-0.119527350052013,-1.56821613562394,18.1857315418786,-0.0138514753872434,-14.7037539617905,0.636749220853327,0.354393003368234
-0.12252480203957,-1.56209220850038,18.2566456767089,-0.0225634849609779,-14.739117455485,0.622284750385644,0.376536146432319
-0.125374013080607,-1.5558037068511,18.3273248458896,-0.0315447707376741,-14.7742500080556,0.605130411489243,0.390480865669284
-0.128083973454593,-1.54936722896629,18.3976194126622,-0.0408145505215299,-14.8090861717213,0.58529277321719,0.395678837290838
-0.130662653567291,-1.54280145041528,18.4673594352787,-0.0503946072494694,-14.8435581702029,0.56278677675196,0.391729881089893
-0.13311657806205,-1.53612690864422,18.5363561739026,-0.0603084751487193,-14.8775965811728,0.537639278732392,0.378399587247444
-0.135450540130326,-1.52936567930056,18.6044053655418,-0.070580558115712,-14.9111310999099,0.509893279830398,0.355640705394625
-0.13766751515975,-1.52254097768615,18.6712922381848,-0.0812351910920894,-14.944091194535,0.479612472545055,0.323617770077619
-0.1397688075609,-1.51567673298512,18.7367979610202,-0.0922956340701003,-14.9764064274785,0.446885521414244,0.282733240283233
-0.141754419609605,-1.50879718855492,18.8007069667047,-0.103782969394238,-15.00800626791,0.411829303272378,0.233652060359475
-0.143623571964674,-1.50192657279097,18.8628144293714,-0.115714869223778,-15.038819393701,0.374590259791104,0.177320235110636
-0.145375249168808,-1.49508886024613,18.9229332108588,-0.128104225402785,-15.0687727652231,0.335343130980337,0.114972106725039
-0.147008613827662,-1.48830760819819,18.9808997960603,-0.140957694909164,-15.0977910512488,0.294286696178368,0.0481209317945052
-0.148523152733248,-1.4816058242745,19.0365790253332,-0.154274298186914,-15.1257971325374,0.251636735750782,-0.0214715211066033
-0.149918492640322,-1.47500581266099,19.0898676430052,-0.168044280902257,-15.1527142417164,0.207617128984442,-0.0918481022144925
-0.151193932658628,-1.46852896801745,19.1406967048769,-0.182248467580741,-15.1784697843601,0.162450611731383,-0.160930174123864
-0.152347841852146,-1.46219552914879,19.1890327441208,-0.196858269095359,-15.2030001957061,0.116350984823505,-0.226606229490104
-0.153377119649731,-1.45602434579742,19.2348774333801,-0.211836365399157,-15.2262556463286,0.0695183301009497,-0.286826062782292
-0.15427689102763,-1.45003272730613,19.2782654755889,-0.227137921760268,-15.2482033199206,0.02213809563322,-0.339690358238024
-0.15504052307466,-1.44423642126175,19.3192606758349,-0.242712076742349,-15.2688284277089,-0.0256159899432783,-0.383527199812216
-0.155659945873729,-1.43864972414328,19.3579505079088,-0.258503405531385,-15.2881328997607,-0.0735759890442246,-0.416950589714977
-0.15612618171614,-1.43328567737788,19.3944398208893,-0.274453112177288,-15.3061324553785,-0.121572052852488,-0.438900159439112
-0.156429954475035,-1.42815627206872,19.4288444914867,-0.2904998055071,-15.3228532077619,-0.169424252416004,-0.448664453903571
-0.156562262364419,-1.42327258300834,19.4612857745976,-0.30657982680513,-15.3383289880181,-0.216935117942636,-0.44589169165866
-0.156514833682246,-1.41864477476366,19.4918858879862,-0.322627198205229,-15.3526002417257,-0.26388391663885,-0.430591717511208
-0.156280426857291,-1.41428196064182,19.5207650756029,-0.338573341783707,-15.365714808371,-0.310023637485518,-0.403131450893829
-0.155852970515736,-1.41019193952596,19.5480401056779,-0.354346779391885,-15.3777302987723,-0.355081627115971,-0.364224156949549
-0.155227562357195,-1.40638087677636,19.5738239227704,-0.369873054862219,-15.3887172709601,-0.398764679860331,-0.314911013867032
-0.154400359321969,-1.40285302391969,19.598226013615,-0.385075106029938,-15.3987620808383,-0.440768948064707,-0.256532371719299
-0.153368399113014,-1.39961057813274,19.621352982679,-0.399874234565505,-15.4079682401771,-0.480794215947436,-0.190686286427794
-0.152129397411817,-1.39665375910978,19.6433088778164,-0.41419167643274,-15.4164553992106,-0.518560985627741,-0.119173562405972
-0.150681565459475,-1.39398112984678,19.6641949568838,-0.427950596283787,-15.4243556448399,-0.553827800331375,-0.0439312450482761
-0.149023487264147,-1.39159012257449,19.6841088102775,-0.44107817875512,-15.4318075152093,-0.586405737914596,0.0330406631818735
-0.14715408255821,-1.38947767425432,19.7031429884034,-0.453507432513026,-15.4389487443393,-0.616167369672211,0.109752677800039
-0.145072661708713,-1.38764084869281,19.7213834535376,-0.465178386409089,-15.4459090544992,-0.643048653401706,0.184292839486058
-0.14277905756021,-1.38607733177955,19.7389082324924,-0.476038516904363,-15.452804222728,-0.667043804988313,0.254882169834002
-0.140273802467873,-1.38478572591586,19.7557865847184,-0.486042433672571,-15.459732237034,-0.688194591747376,0.319915972186176
-0.137558312152042,-1.38376562124354,19.7720788577493,-0.495151000610447,-15.4667718091047,-0.706576296342245,0.377990834122047
-0.13463504248991,-1.38301746731377,19.7878370354151,-0.503330144607628,-15.4739830118821,-0.722282703496355,0.427919021382944
-0.131507597277518,-1.38254229954828,19.8031058447587,-0.510549600373906,-15.4814094820384,-0.735412022117464,0.468732961436833
-0.128180779564314,-1.3823413874735,19.8179242044031,-0.51678178214213,-15.4890814984476,-0.746054965138048,0.499682821641416
-0.124660591792038,-1.38241586940831,19.8323267749728,-0.522000895842989,-15.4970192804655,-0.754285533211596,0.520230036518398
-0.120954197200838,-1.38276642756213,19.8463453976559,-0.526182332351133,-15.505235979887,-0.760154540641254,0.530039210433076
-0.117069857156707,-1.38339304221503,19.8600102608601,-0.529302335024748,-15.5137400045833,-0.763685649481684,0.528970300739974
-0.113016855415509,-1.38429484992469,19.8733506970139,-0.531337906842033,-15.5225364716881,-0.764873598127887,0.517072354873653
-0.108805415339698,-1.38547011605478,19.8863955727476,-0.532266926511142,-15.5316277208413,-0.763684397833303,0.494579526074683
-0.104446608374428,-1.3869163213527,19.8991732875438,-0.532068449580024,-15.5410129295791,-0.76005741018579,0.461909458787435
-0.0999522466641277,-1.38863035000378,19.9117114416974,-0.530723189159145,-15.5506869666062,-0.753909374690083,0.419663618763656
-0.0953347487408704,-1.39060875608447,19.9240362741961,-0.52821417680875,-15.5606387130574,-0.745140542091417,0.368628607892092
-0.0906069681307097,-1.39284807275445,19.9361720034403,-0.524527598395887,-15.5708491709713,-0.733643023545262,0.309777073080511
-0.0857819802296712,-1.39534511806898,19.9481402278375,-0.519653774910118,-15.5812897647003,-0.719311266349972,0.24426644184191
-0.0808728338160797,-1.39809724307576,19.9599595502465,-0.513588219611892,-15.5919212946739,-0.702054192229283,0.173433477487922
-0.0758922875653102,-1.40110246742415,19.9716455725505,-0.506332654821497,-15.6026939959886,-0.681808032522022,0.0987825517173463
-0.0708525656463689,-1.40435945752544,19.9832113596157,-0.497895834202826,-15.6135490514189,-0.658548389548547,0.0219657057547546
-0.0657651743439998,-1.40786732520915,19.9946683954809,-0.488294005343517,-15.6244216924889,-0.632299718463526,-0.0552468892653738
-0.0606408189217109,-1.4116252587332,20.0060279592424,-0.477550881247717,-15.6352457096269,-0.603140460424811,-0.131006449183064
-0.0554894444134351,-1.41563203655188,20.0173027529404,-0.465697070955049,-15.6459588466384,-0.57120258785272,-0.203434003350584
-0.0503203984098328,-1.41988550647073,20.0285085451138,-0.452769032926199,-15.6565082780627,-0.536665300445368,-0.270675056323224
-0.0451426856014841,-1.42438212686663,20.0396655773041,-0.438807725344051,-15.6668552675246,-0.499743784156612,-0.330956535391882
-0.0399652620712346,-1.42911665493151,20.0507995318444,-0.423857196043507,-15.6769782429496,-0.460674936039197,-0.382641669824008
-0.0347973086258877,-1.43408203132678,20.0619419719372,-0.407963355067629,-15.6868738789409,-0.419702430546778,-0.424279178378602
-0.0296484277433916,-1.43926946211167,20.073130312696,-0.391173108376986,-15.6965562453976,-0.377063342487005,-0.454644789693723
-0.0245287235671495,-1.44466865165394,20.0844075283406,-0.373533934765334,-15.7060545278528,-0.332977902099147,-0.472775087486549
-0.0194487424934085,-1.45026810701486,20.0958219106572,-0.355093896826058,-15.7154101326273,-0.287643145219207,-0.477995231823982
-0.0144192689111097,-1.45605541960082,20.1074272447937,-0.335902020147471,-15.72467409766,-0.241230539368256,-0.469942777165405
-0.00945098617606406,-1.46201743318398,20.1192837425211,-0.316008954317836,-15.7339056232053,-0.193887271810461,-0.448589393031727
-0.00455402974580179,-1.46814022532442,20.1314599501931,-0.295467827735354,-15.7431722238066,-0.1457407659258,-0.414260871523393
0.000262519134302627,-1.47440885955181,20.1440356005382,-0.274335200414239,-15.7525514986776,-0.0969060020100822,-0.367653611667751
0.00499112418689947,-1.48080690858232,20.1571049775662,-0.252671985373031,-15.7621338563919,-0.0474951528345938,-0.309843165133416
0.00962616808899117,-1.48731580333456,20.1707798231622,-0.23054415254576,-15.7720248135938,0.00237126466812781,-0.242278084690084
0.0141640953282773,-1.49391412206324,20.1851902256701,-0.208022979069284,-15.7823449308113,0.0525530970491623,-0.16675131779911
0.0186032258139346,-1.50057698302027,20.2004815011469,-0.185184616643921,-15.7932253649412,0.102881129433657,-0.0853430618608542
0.0229431972270447,-1.50727572202006,20.2168050944305,-0.162108853998372,-15.8047976866749,0.153151793887021,-0.000334171996620181
0.0271840821739161,-1.51397801094724,20.2343022468895,-0.138877156066738,-15.8171780507576,0.203127733647388,0.0859029134175281
0.0313253165888728,-1.52064851385752,20.2530807001152,-0.115570290935217,-15.8304476386342,0.252544544915671,0.171021088021356
0.0353646313840438,-1.52725011070264,20.2731869138332,-0.0922660066616803,-15.8446328913903,0.301122276397203,0.252805062168236
0.0392971815128568,-1.53374566042731,20.2945788321817,-0.0690372284124149,-15.8596899174331,0.348579021316271,0.329251873193957
0.0431150274607289,-1.54010020319263,20.3171064393736,-0.0459511307902231,-15.875497412574,0.394643755870793,0.398617987743146
0.0468070683705159,-1.54628337448181,20.3405079364007,-0.0230692671257272,-15.8918613765502,0.439066369278757,0.459435388084167
0.050359461179664,-1.5522716293768,20.3644268053123,-0.000448749851216889,-15.9085326230468,0.481623996748863,0.510506450888439
0.0537564756052697,-1.55804975892566,20.3884488745032,0.0218557233445662,-15.9252346220877,0.522123723614093,0.550889927364733
0.0569816340996119,-1.56361126760041,20.4121509849998,0.0437893968781621,-15.9416956944637,0.560402265840234,0.579887867444248
0.0600189109048573,-1.56895750616171,20.4351482851828,0.065295055322807,-15.9576779575442,0.596323474401667,0.597038076632569
0.0628537648008495,-1.57409586195366,20.4571285829517,0.0863111755014171,-15.9729969230523,0.62977462376197,0.602111698115908
0.0654738603255257,-1.57903756538418,20.477868470775,0.106770936073453,-15.9875294327725,0.660662451974334,0.595112896853206
0.0678694419650991,-1.58379566225133,20.4972329382847,0.126602158013475,-16.0012114426881,0.688909759128285,0.57627754742693
0.0700334069532057,-1.58838349598485,20.515164304134,0.145728075828722,-16.0140292614808,0.714453038370146,0.546069058268047
0.0719611523157051,-1.59281379450153,20.5316667556421,0.164068765016056,-16.0260079679155,0.737241207787815,0.505170681355336
0.0736502645837239,-1.59709827461675,20.5467909668388,0.181543049755083,-16.0371996988244,0.757235164206219,0.454474232953628
0.0751001019171399,-1.60124759245962,20.5606209367395,0.198070733306548,-16.0476732573707,0.774407683349062,0.395065126688231
0.0763113062525207,-1.60527145883154,20.573263419182,0.213574993299189,-16.0575055686094,0.78874317395139,0.328203340426809
0.0772852830016814,-1.60917877052864,20.5848393970254,0.227984757189998,-16.0667750154243,0.800236934766215,0.255299763964704
0.0780236936868187,-1.61297765816282,20.5954768443272,0.241236836804316,-16.0755565126163,0.80889380165399,0.177887522368721
0.0785280142368743,-1.61667540484947,20.6053042427627,0.253277583433582,-16.083918160843,0.814726321538077,0.0975883904275981
0.0787992111813602,-1.62027824111474,20.6144447087893,0.264063855863905,-16.0919193404432,0.817752775043778,0.0160752193035771
0.0788375745127051,-1.62379106271705,20.6230109402063,0.273563178513989,-16.0996100896789,0.817995421284641,-0.0649678572560258
0.0786427221167858,-1.62721714380055,20.6311013787609,0.281753098207984,-16.1070315507891,0.815479262333572,-0.143885035223902
0.0782137610488294,-1.63055792281104,20.6387979658803,0.288619884016578,-16.1142171848691,0.810231444018106,-0.219085682109375
0.0775495653692545,-1.63381292359774,20.6461656818592,0.294156820960837,-16.1211943951022,0.802281216685904,-0.28907614247081
0.0766491158153943,-1.63697984485978,20.6532537957032,0.298362395585181,-16.1279861903118,0.791660251752529,-0.352485019612259
0.0755118438668785,-1.64005481610899,20.6600985120596,0.301238639095687,-16.1346125767985,0.778403065825829,-0.408081428826899
0.0741379347176717,-1.6430327890278,20.6667265514836,0.302789824615534,-16.1410914730052,0.762547402962015,-0.454786782629529
0.0725285580696122,-1.6459080130905,20.673159169513,0.303021596014466,-16.1474390730397,0.744134543552081,-0.491681451208294
0.0706860151709887,-1.64867453810493,20.6794161644104,0.301940518984259,-16.1536697057344,0.723209691595886,-0.518008276394018
0.0686138026893248,-1.65132668860476,20.6855195215385,0.299553961873003,-16.1597953358541,0.699822695398548,-0.53317513022229
0.0663166028790981,-1.6538594635019,20.691496431471,0.295870182286586,-16.1658249211031,0.674029416115784,-0.53675874123978
0.0638002116792125,-1.65626882344041,20.6973814731141,0.290898493758489,-16.1717638772822,0.645894013527961,-0.528511791746514
0.0610714144775923,-1.65855183572408,20.7032177632141,0.284649410652403,-16.1776139184246,0.615492272550733,-0.508374875698348
0.0581378161035574,-1.66070665291525,20.7090568528631,0.277134717728877,-16.1833735288059,0.582915845527304,-0.476494330089063
0.0550076288993638,-1.6627323084994,20.7149571402538,0.268367459282728,-16.1890392763135,0.54827694040885,-0.433246079582323
0.051689424484871,-1.6646283274235,20.7209806235502,0.258361901053648,-16.1946080728138,0.511712593453615,-0.379264455022269
0.0481918607052611,-1.66639417515046,20.7271880046157,0.247133560458027,-16.2000803042609,0.473387296379617,-0.315473207528525
0.0445234066234463,-1.66802860970141,20.7336325219854,0.234699423609719,-16.2054634926139,0.43349256770069,-0.243113686127979
0.040692102380615,-1.66952905184567,20.7403534188658,0.221078451691659,-16.2107758612964,0.392242262847277,-0.163762653063461
0.0367054025544655,-1.67089113259366,20.7473704922852,0.206292414505545,-16.2160489696835,0.349863184344058,-0.0793304075266573
0.0325701543421416,-1.67210858672933,20.7546814309441,0.190366981768311,-16.2213286119935,0.306581873941647,0.00796971223027422
0.0282927486603201,-1.67317360926118,20.762263291106,0.173332886347366,-16.226673540332,0.262609992651441,0.0956853954277837
0.023879450601632,-1.67407767409177,20.7700783264879,0.155226903370314,-16.2321521942758,0.218131742808869,0.181220471971939
0.0193368712336301,-1.67481266571691,20.7780827494703,0.136092411020521,-16.2378382129311,0.17329668020239,0.261950110727737
0.014672499276266,-1.67537205880116,20.7862355512633,0.115979415551705,-16.243805722382,0.12821984207417,0.335339761653071
0.00989518316926573,-1.67575184847642,20.794504022414,0.0949440794871215,-16.2501250986544,0.0829889730363722,0.399052047371806
0.00501544927293674,-1.67595099264967,20.8028635164323,0.0730479182294794,-16.2568593506714,0.0376767809297152,0.451031784739043
4.5559356203346e-05,-1.67597124329997,20.8112911750648,0.0503568831548991,-16.2640609396666,-0.00764465036036204,0.489567295632423
-0.00500075105675041,-1.67581638486715,20.8197561710986,0.0269405384447202,-16.2717690986617,-0.0528898427130996,0.513332379360336
-0.0101088493119153,-1.67549105458347,20.8282113857024,0.00287149677488407,-16.2800083500686,-0.0979478757802868,0.521415798056821
-0.0152640080738108,-1.67499947693504,20.8365917468126,-0.0217747692508084,-16.2887891661935,-0.142672886969462,0.513344120505727
-0.020452263964598,-1.67434453557504,20.8448216167852,-0.0469196792024561,-16.2981108158516,-0.186877182453265,0.489100804474553
-0.0256611355292078,-1.67352753336512,20.8528286351888,-0.0724808834819904,-16.3079646588245,-0.230327230735163,0.449141073479815
-0.0308800558115128,-1.67254873473178,20.8605576030402,-0.098371336466278,-16.3183350157541,-0.272743605717717,0.394399328673854
-0.0361004715476908,-1.67140846826576,20.8679782239006,-0.124498404596303,-16.3291956576049,-0.313806765782444,0.326283600744217
-0.0413156369451778,-1.67010836797055,20.8750843288532,-0.150763435253079,-16.3405025924598,-0.353170613791074,0.246650023754527
-0.0465201585792503,-1.66865232740162,20.8818864901566,-0.177062223219157,-16.3521863526355,-0.390484514065945,0.157750471030026
-0.051709357410135,-1.66704688553747,20.8884021147837,-0.203286631508265,-16.3641477841753,-0.425421918076051,0.0621497136317183
-0.0568785384712718,-1.66530096736175,20.8946468681305,-0.22932726009514,-16.3762601047807,-0.457710844030304,-0.0373850614072733
-0.062022294506526,-1.66342509578011,20.9006296718898,-0.255076646101866,-16.3883775417859,-0.487159588994476,-0.138011924052998
-0.0671339823807323,-1.66143032619952,20.9063516893039,-0.280432232813716,-16.4003484266092,-0.513671451222269,-0.236943464438782
-0.0722054747873009,-1.65932719887137,20.9118083436404,-0.305298404777447,-16.4120292359609,-0.537245054626966,-0.331561929426117
-0.0772272139488176,-1.65712495353969,20.9169927799187,-0.329587217973241,-16.4232961420552,-0.557960910207932,-0.419509127552623
-0.0821885146865729,-1.6548311376952,20.9218992440479,-0.353217877654637,-16.4340518687174,-0.575958314740972,-0.498746685700135
-0.0870780156002857,-1.65245161406171,20.9265253808639,-0.376115339704471,-16.4442273291758,-0.591408273928457,-0.567588163372075
-0.0918841707060333,-1.64999087716526,20.9308731223292,-0.398208539762115,-16.4537789408487,-0.604487671788324,-0.624708228962534
-0.0965956988302561,-1.64745254176261,20.9349483804823,-0.419428706528078,-16.4626832878585,-0.615358140043748,-0.669135552947528
-0.10120194433435,-1.6448398638634,20.938760045163,-0.439708070959588,-16.4709309151527,-0.624151033361629,-0.700235922242605
-0.105693133992159,-1.64215618239505,20.942318821056,-0.45897912306707,-16.4785207014264,-0.630958337666882,-0.717691016025433
-0.110060533661963,-1.63940520926479,20.9456363090212,-0.47717444458444,-16.485455736775,-0.635828516326905,-0.721476814123216
-0.114296514851481,-1.6365911355228,20.9487245422428,-0.494227073741377,-16.4917411220113,-0.63876615113401,-0.711844037662743
-0.118394539712034,-1.63371855588973,20.95159599968,-0.510071329170064,-16.4973837035287,-0.639734512523894,-0.68930155350515
-0.122349068672278,-1.63079224194655,20.9542639733756,-0.524644012708922,-16.5023934713255,-0.638660624869906,-0.654602426288051
-0.126155392198933,-1.62781681636245,20.9567430739638,-0.537885902832231,-16.5067861493368,-0.635442756024511,-0.60873133062562
-0.129809390592158,-1.62479639673872,20.959049622795,-0.549743431429358,-16.5105863687072,-0.629960410326753,-0.552891419122311
-0.133307233934923,-1.62173428588076,20.9612017000715,-0.56017039878699,-16.5138307260345,-0.622086754704615,-0.488488453161651
-0.136645048130008,-1.61863278248795,20.9632186954081,-0.569129541301085,-16.5165700105449,-0.611702973020776,-0.41711010992156
-0.139818588105517,-1.61549316913103,20.9651203299861,-0.576593736802052,-16.5188699660206,-0.598713421251626,-0.340498815174572
-0.142822970457084,-1.61231590278572,20.9669252617223,-0.582546639119791,-16.5208101690416,-0.583059847931317,-0.260517178154587
-0.145652518351943,-1.60910099098695,20.9686495165889,-0.586982592866557,-16.5224809265095,-0.564732625401721,-0.179106124315498
-0.148300756938105,-1.60584849320356,20.9703050558624,-0.589905787381866,-16.5239785055974,-0.543777082945711,-0.0982369051267915
-0.150760568989951,-1.60255905386581,20.9718987778118,-0.591328752793039,-16.5253993744776,-0.520293752675231,-0.0198593570345361
-0.153024484463612,-1.59923436144563,20.9734321642353,-0.591270435651783,-16.5268343811765,-0.494432436408815,0.0541502778075991
-0.155085047587602,-1.5958774429215,20.9749016288485,-0.589754187403019,-16.5283638166358,-0.466381199668786,0.122038164230351
-0.156935189106609,-1.59249274094716,20.9762994708108,-0.586806001852374,-16.5300541075518,-0.436352269175786,0.182214857372236
-0.158568536861262,-1.58908597118988,20.977615218234,-0.582453263920021,-16.5319565095516,-0.404567144784714,0.2332882140176
-0.159979619236909,-1.58566380461269,20.9788370837943,-0.576724129654143,-16.5341077307279,-0.37124298479105,0.274086808469967
-0.161163944333847,-1.5822334515173,20.979953259588,-0.569647502486649,-16.5365320368673,-0.336581674966711,0.303675328426642
-0.162117963779233,-1.57880223653888,20.9809528171144,-0.561253448345573,-16.5392441394686,-0.300762239067323,0.321364863681312
-0.162838946016394,-1.57537724854676,20.9818260324735,-0.551573818640146,-16.5422520796739,-0.263936625331252,0.326721534404345
-0.163324791768337,-1.57196513296741,20.9825640077733,-0.540642843921114,-16.5455593754335,-0.226228561680016,0.319576569379799
-0.163573825258944,-1.56857207169379,20.9831575055511,-0.528497496999761,-16.5491658682856,-0.187735103275658,0.300039761394655
-0.163584594925905,-1.56520396939055,20.9835949693389,-0.51517749880058,-16.5530669683942,-0.148530618330973,0.268516505690383
-0.163355717401962,-1.56186683316985,20.9838597909461,-0.500724930140675,-16.5572513456863,-0.108673114669839,0.225726472346465
-0.162885798921916,-1.55856729364771,20.9839270198214,-0.485183512632175,-16.5616975370038,-0.0682128475313763,0.172719646705575
-0.162173464407632,-1.55531317102338,20.9837598856625,-0.46859772187546,-16.5663703738552,-0.0272029058103939,0.110883361697184
-0.161217511756466,-1.55211395192147,20.9833066746867,-0.451011972298914,-16.5712184584518,0.014289061169806,0.041932694611126
-0.160017183375825,-1.54898103014598,20.9824985773543,-0.432470145350701,-16.5761739305946,0.0561695514906374,-0.0321228516190639
-0.158572512545211,-1.54592759892755,20.9812490117915,-0.413015694124311,-16.5811553073778,0.0983105183774007,-0.109040339310245
-0.156884668799477,-1.54296817085295,20.9794545769802,-0.392692435331678,-16.5860732429466,0.140545461824384,-0.186430456167798
-0.154956210441071,-1.54011782283778,20.9769972807448,-0.371545959529676,-16.5908379320703,0.182671659696607,-0.261862565209553
-0.152791164387739,-1.5373913689143,20.9737472260082,-0.349625409851847,-16.5953660725831,0.224458375348686,-0.332974880235821
-0.150394891519765,-1.53480270342732,20.9695647662215,-0.32698526801174,-16.5995852517322,0.265659277416979,-0.397576014065524
-0.147773744034107,-1.53236451268029,20.9643013924752,-0.303686789152929,-16.6034344144709,0.306026344603455,-0.453727474599039
-0.144934559964964,-1.53008844926358,20.9577992423816,-0.279798834276707,-16.6068603724854,0.34532257785214,-0.499802450166241
-0.141884058728212,-1.52798574872164,20.9498899513305,-0.25539801020573,-16.609811606287,0.383331737663938,-0.534521858024946
-0.138628203866304,-1.52606818203256,20.9403944188722,-0.23056817794807,-16.6122315207899,0.419864541685997,-0.55697233567194
-0.135171598600186,-1.52434918907775,20.9291258085473,-0.205399483870601,-16.6140537341056,0.454761759276155,-0.566612208948048
-0.131516991081587,-1.52284500966599,20.9158986030064,-0.179987088689484,-16.6152019799716,0.487895104288917,-0.563270978295229
-0.127664995680993,-1.52157559157432,20.9005464998083,-0.154429729376553,-16.6155968063173,0.519166685174817,-0.547146148852814
-0.123614174034285,-1.52056499415566,20.8829507715854,-0.128828182837045,-16.6151702493223,0.548507154710863,-0.518798588498163
-0.119361631689907,-1.51984094318632,20.8630776823072,-0.103283654152398,-16.6138876542614,0.575871923170895,-0.479144113244104
-0.114904220171187,-1.51943320457752,20.8410184044258,-0.0778961282212006,-16.6117726108102,0.601234357371815,-0.429435102603054
-0.110240249534559,-1.51937064417689,20.8170190517923,-0.0527628110766885,-16.6089273433671,0.624575368949808,-0.371223229062094
-0.105371346609894,-1.51967728706975,20.7914857147087,-0.0279768926838241,-16.6055390761001,0.645870454741998,-0.306295623595375
-0.100303888236685,-1.52036825178973,20.7649541641625,-0.00362688195635246,-16.6018656026006,0.665077431456607,-0.236584096858399
-0.0950494890935519,-1.52144676489214,20.7380267401017,0.0202033790279154,-16.5982010146942,0.682129210684975,-0.164058530853541
-0.0896243784353889,-1.52290322969798,20.7112934860421,0.0434341719903468,-16.5948314990047,0.696934641030489,-0.0906244914325006
-0.0840479585099388,-1.52471656652475,20.6852612781493,0.0659891849440706,-16.5919953917502,0.709387143943483,-0.0180446837332206
-0.0783411029355273,-1.52685721010782,20.6603092400499,0.0877949805260097,-16.5898585323008,0.719377739192497,0.0521060610665859
-0.0725247003686672,-1.52929072376788,20.6366758820318,0.108780831043626,-16.5885082154592,0.726808018663776,0.11845507481971
-0.0666186954298601,-1.53198109503107,20.6144717805386,0.128878879104679,-16.5879620209641,0.731599792648591,0.179825934523746
-0.0606416262370698,-1.53489318822739,20.5937064087248,0.148024454280207,-16.5881846953198,0.733700205048095,0.235223680077551
-0.054610521017476,-1.53799424678988,20.5743185863843,0.16615637380233,-16.5891068354911,0.733082792678396,0.283819082973413
-0.0485409948700776,-1.54125459777638,20.5562037767001,0.183217130565415,-16.5906414168937,0.72974575732023,0.324935756920721
-0.0424474279793405,-1.54464780311328,20.5392352979938,0.199152957022896,-16.5926965020793,0.723708785445512,0.358041044239412
-0.036343159549806,-1.54815048735043,20.5232791448883,0.213913812298199,-16.5951839992905,0.715009461100091,0.382740298218761
-0.0302406728079489,-1.5517420138734,20.5082034214547,0.22745336294919,-16.598025076005,0.703699947791703,0.398773880534906
-0.0241517702784558,-1.55540411947311,20.4938837737829,0.239729026246463,-16.6011530264333,0.689844301369294,0.406016327181841
-0.0180877485202958,-1.55912056717123,20.4802061047568,0.250702128652793,-16.6045143099098,0.673516544310068,0.404477323904747
-0.0120595826115338,-1.56287684209966,20.4670675628564,0.260338211749941,-16.6080683007976,0.654799474107893,0.394304221596558
-0.00607812667653331,-1.56665989275687,20.454376484629,0.268607495544598,-16.6117861170178,0.633784071056676,0.37578576805737
-0.000154329844369723,-1.57045790684641,20.442051708201,0.275485486361948,-16.6156487653175,0.610569300653708,0.34935655376711
0.00570054151291042,-1.57426010467276,20.430021483511,0.280953691649289,-16.6196447686762,0.58526206476919,0.315601387594475
0.0114746935144547,-1.57805653228091,20.4182220828017,0.285000378102768,-16.6237674220332,0.557977045733208,0.27525847477064
0.0171556327806208,-1.58183784043766,20.4065961539008,0.287621284035313,-16.6280118452365,0.528836211267344,0.229219912326676
0.0227300637871257,-1.58559504353924,20.3950908484207,0.288820178407606,-16.6323720477444,0.497967812480975,0.178527739399765
0.0281838852642707,-1.58931926336914,20.3836557842015,0.288609153219334,-16.6368382617087,0.465504810479797,0.124363700247207
0.0335023058133,-1.59300147415083,20.3722409494083,0.28700855406183,-16.6413948086843,0.431582806355503,0.0680311543574915
0.0386700810345941,-1.59663227429801,20.3607947032694,0.284046499762944,-16.6460187153264,0.396337702559046,0.0109282956622258
0.0436718512973804,-1.60020171309108,20.3492620525618,0.279758012563693,-16.6506791781437,0.359903455472702,-0.0454870125007276
0.0484925371121061,-1.60369919472958,20.337583365938,0.274183859812073,-16.6553378182401,0.322410346716673,-0.0997391434267118
0.0531177356479832,-1.60711346803854,20.3256936257021,0.267369273423308,-16.6599495125798,0.283984172627389,-0.150380563960337
0.0575340626469174,-1.61043269084738,20.3135222216983,0.259362738204527,-16.664463496002,0.244746621622425,-0.196038278189197
0.061729399677715,-1.61364453938795,20.3009931916029,0.250215014378358,-16.6688244370103,0.204816911696248,-0.235457687043963
0.065693032643129,-1.61673632054422,20.2880257365494,0.239978490520565,-16.6729733002397,0.16431454863143,-0.267541558148798
0.0694156957370395,-1.61969504168658,20.2745348136757,0.228706873636655,-16.6768479803846,0.123362887391318,-0.291382992455345
0.0728895576269949,-1.62250739910525,20.2604316389317,0.216455139810169,-16.6803838675121,0.0820930539636716,-0.306292350094871
0.0761081994014166,-1.62515965993121,20.2456240271876,0.203279617025434,-16.6835146309683,0.0406477045792806,-0.311818739925159
0.0790666348441091,-1.62763743116992,20.2300166540048,0.189238057330857,-16.6861735607415,-0.000815960174724655,-0.307766717954482
0.0817614142814915,-1.62992533182014,20.213511547523,0.17438957794796,-16.6882957821464,-0.0421245534392906,-0.294208338092372
0.0841908345390521,-1.63200660945773,20.1960094057523,0.158794396883913,-16.6898215821633,-0.0830888619773708,-0.271489823624245
0.0863552511988056,-1.63386277122582,20.1774126498279,0.14251334566478,-16.690700981383,-0.123506732080528,-0.240231190593493
0.0882574570491402,-1.63547332932283,20.1576313696148,0.125607195971351,-16.6908995710834,-0.163168713812705,-0.201316531107357
0.0899030550411795,-1.63681578753984,20.1365933053582,0.108135876308336,-16.6904054965466,-0.201866172884975,-0.155872742912188
0.0913007217244508,-1.63786600855011,20.1142584692295,0.0901576772141948,-16.6892372473336,-0.23940088147189,-0.105235588494698
0.092462237084753,-1.63859908610345,20.0906376957303,0.0717285526055149,-16.6874515222382,-0.275594425698395,-0.0509040423139788
0.093402160238285,-1.63899078294375,20.06581231444,0.0529016297515836,-16.6851498210386,-0.310295427936799,0.00551362885462324
0.0941370711174211,-1.63901947089419,20.0399497908121,0.0337270496044701,-16.6824817059304,-0.343382868608736,0.0623567228698246
0.0946843843490209,-1.63866833279334,20.0133087797784,0.0142522604137656,-16.6796422932374,-0.374764765899375,0.117966337911516
0.0950608665127897,-1.63792740875179,19.9862280719624,-0.00547715143770285,-16.6768620948532,-0.404372825259298,0.170733181840062
0.0952811161876403,-1.63679498526836,19.9590981064611,-0.0254161198431608,-16.6743891892145,-0.432154802348571,0.219138038772804
0.0953563346727159,-1.63527792328424,19.9323198933969,-0.0455184413675619,-16.6724664048778,-0.458066677292872,0.261786336413789
0.095293667419428,-1.63339080436282,19.9062612967436,-0.0657351453778358,-16.6713084080859,-0.482066197227375,0.29743877824507
0.0950962318911801,-1.63115412615409,19.8812216710282,-0.0860132687700426,-16.6710839113004,-0.504108327504233,0.325038754233096
0.0947637404228109,-1.62859202753654,19.857412217924,-0.106295292791966,-16.6719063568506,-0.524142299644056,0.34373556729401
0.094293475712145,-1.62573006438181,19.8349534125372,-0.126519288039669,-16.6738334509883,-0.542109637619533,0.352901771332187
0.093681338410999,-1.62259341402276,19.813885715617,-0.146619618624131,-16.6768734055474,-0.557942737251129,0.352143482678877
0.0929227466111652,-1.61920567137777,19.7941874817984,-0.166527956240917,-16.680994644407,-0.571563966746537,0.341303779104076
0.0920132699659513,-1.61558821820496,19.7757943916164,-0.186174359842962,-16.6861360088816,-0.582885576605086,0.320460363193305
0.0909489759156122,-1.61176004696246,19.7586165979286,-0.205488249397949,-16.6922155165922,-0.591810849145312,0.289919090755979
0.0897265274340924,-1.60773789476776,19.7425518105387,-0.224399194957339,-16.6991368478361,-0.598236889019126,0.250204739618134
0.0883431012623674,-1.60353656062418,19.7274940565914,-0.242837522431502,-16.7067935894877,-0.602059307814963,0.202049811414736
0.0867962029027326,-1.59916931121078,19.7133387112913,-0.260734790068257,-16.7150717717675,-0.603178817952563,0.146381493894022
0.0850834499822588,-1.59464830971377,19.6999847406424,-0.278024211602858,-16.7238514439682,-0.601509438464879,0.0843063519887439
0.0832023854412284,-1.58998502240865,19.6873351404192,-0.294641097447047,-16.7330080393054,-0.59698765515198,0.0170919662713529
0.0811503682719227,-1.58519056961945,19.6752964481154,-0.310523359441947,-16.7424141451822,-0.589581519724555,-0.0538553866217965
0.07892457274023,-1.58027599555544,19.6637780321194,-0.32561208677395,-16.7519420670127,-0.579298411152622,-0.127017787929955
0.0765221071038408,-1.57525243967678,19.6526916590286,-0.33985216036362,-16.7614672864292,-0.566190125743408,-0.200797848425515
0.0739402411245102,-1.57013120349395,19.6419516189445,-0.353192841245771,-16.770872611693,-0.550354198999473,-0.273555724195913
0.0711767109441391,-1.56492372097225,19.6314754647295,-0.365588253460622,-16.7800525579688,-0.531930902797275,-0.343649854889314
0.0682300545811669,-1.55964145525315,19.6211852227925,-0.376997689511095,-16.788917342684,-0.511096110225866,-0.40947944527186
0.0650999252295178,-1.55429575476432,19.6110087962005,-0.387385693799674,-16.797395883503,-0.488050976162517,-0.469526118204103
0.0617873354007488,-1.54889770468252,19.6008812352574,-0.396721921641383,-16.8054373500197,-0.463009923652499,-0.522392100982798
0.0582948011719115,-1.54345800437213,19.590745599534,-0.404980815322146,-16.8130110984985,-0.43618859379716,-0.566832866457568
0.0546263779659485,-1.53798689066656,19.5805532514057,-0.412141173687023,-16.8201051295588,-0.407793197904158,-0.601783195931702
0.0507876013946004,-1.53249411534932,19.5702635574448,-0.41818571264566,-16.826723467088,-0.378012232153549,-0.626376857016169
0.0467853627269741,-1.52698897691528,19.5598430834928,-0.423100717201349,-16.8328830052092,-0.347010966315107,-0.639961127650779
0.0426277558629398,-1.52148040350114,19.549264425668,-0.426875877084971,-16.838610395601,-0.314928676149721,-0.642108017159875
0.0383239307274754,-1.51597708471283,19.5385048210001,-0.429504380304395,-16.8439394674298,-0.281878345070668,-0.632624134726846
0.0338839785950047,-1.51048765204857,19.5275446460311,-0.430983314333877,-16.848909518186,-0.247948518972682,-0.611560767994719
0.0293188606946338,-1.50502090711825,19.5163658663132,-0.431314392423728,-16.8535646131516,-0.213207094324181,-0.579224944590927
0.0246403747874735,-1.4995860908963,19.5049504679532,-0.430504974768794,-16.857953799293,-0.177706947184666,-0.536191093429508
0.0198611385039599,-1.49419317441013,19.4932789013689,-0.428569291319214,-16.8621318921188,-0.141493357381133,-0.483311503382885
0.014994555924546,-1.48885313288457,19.4813286000055,-0.425529695060932,-16.8661602577296,-0.10461304405152,-0.421722203115217
0.0100547291893794,-1.48357814653654,19.4690726912773,-0.42141769728802,-16.8701068443184,-0.0671242572028272,-0.352839470911715
0.00505628379504645,-1.47838166108769,19.45647906596,-0.416274489402481,-16.874044706376,-0.029106816480267,-0.278341485509567
1.40969524716817e-05,-1.47327825042949,19.4435099797805,-0.410150682045412,-16.8780485043636,0.00932955308303353,-0.20013040367841
-0.0050570502077844,-1.4682832597264,19.4301222970975,-0.403105122115963,-16.8821889842108,0.0480404613900404,-0.120272931990797
-0.0101428436555092,-1.46341226493946,19.416268350939,-0.395202875065713,-16.886526141884,0.0868471607593828,-0.0409220232405344
-0.0152297597370535,-1.45868044496061,19.4018972266905,-0.386512714201882,-16.8911024016844,0.125542373677914,0.0357727122283285
-0.0203052772608964,-1.45410199785873,19.3869561477925,-0.377104631885005,-16.895937374069,0.163900712883209,0.10775502814952
-0.0253579478606334,-1.44968972394003,19.3713916094147,-0.367047889250631,-16.9010254372303,0.201691608755946,0.17314169291968
-0.0303773388532142,-1.44545484809629,19.3551499808766,-0.356409941585013,-16.9063366089124,0.238692215252117,0.230284301058784
-0.0353539003741957,-1.44140708512244,19.3381774392988,-0.345256297605091,-16.9118202731033,0.274698149454608,0.277810743765878
-0.0402788258179565,-1.43755489226435,19.3204192456711,-0.333651110580881,-16.9174106595034,0.309530847308243,0.314648291244083
-0.0451439696086215,-1.43390582076225,19.3018184883026,-0.321658142071256,-16.9230327355427,0.343041334658277,0.34003277997526
-0.0499418659999256,-1.43046687315292,19.2823144905556,-0.30934170960502,-16.9286073369692,0.375110965494951,0.353508894314511
-0.0546658653400832,-1.42724478746852,19.2618411271985,-0.29676729587606,-16.9340547779904,0.405650023948655,0.354925561059596
-0.059310376359778,-1.42424619151762,19.2403253404266,-0.284001616134798,-16.939296672202,0.434595074338522,0.344428910251054
-0.0638711768272031,-1.42147759425717,19.2176862041317,-0.271112071633418,-16.9442561440757,0.461905707020271,0.322453633291967
-0.0683457317280737,-1.41894520473242,19.1938349444784,-0.258165639542453,-16.9488569612475,0.487561019587416,0.289712219270127
-0.0727334401245186,-1.41665459376377,19.16867635497,-0.245227352903746,-16.9530223487537,0.511555912097249,0.247180567671204
-0.077035723985474,-1.41461024002533,19.1421119975932,-0.232358601851238,-16.9566743390622,0.533897141976683,0.196077942482599
-0.0812558804114159,-1.41281502904178,19.1140454112361,-0.219615529270268,-16.9597344401395,0.554599100699826,0.137839178944697
-0.0853986479644933,-1.41126979428519,19.0843892308064,-0.207047788824803,-16.9621261442667,0.573679419262275,0.0740775899577611
-0.0894694874997171,-1.40997299570285,19.0530736833206,-0.194697871592899,-16.9637793637305,0.591154707307885,0.00653815053410584
-0.0934736389730529,-1.40892061561524,19.0200554654365,-0.182601093736138,-16.964636339533,0.607036880094329,-0.06295784705246
-0.0974150720376034,-1.40810631366919,18.9853256679838,-0.170786195457711,-16.9646580661458,0.621330543226257,-0.132573675178863
-0.101295481248441,-1.40752182977454,18.9489153477849,-0.159276370593338,-16.9638299783598,0.634031751207525,-0.200519104019706
-0.105113473736529,-1.40715757253391,18.9108976372052,-0.148090468116325,-16.9621656805537,0.645128171298137,-0.265108204949098
-0.108864059182024,-1.40700329618035,18.8713858821197,-0.137244105234971,-16.9597078743325,0.654600381251049,-0.324808230760062
-0.112538491174878,-1.40704876186945,18.8305280435642,-0.12675050111706,-16.9565262389379,0.662423815728416,-0.37827618516727
-0.116124445634367,-1.40728429759581,18.7884982632463,-0.116620949033961,-16.9527126407922,0.66857082814271,-0.424381704385712
-0.119606473122517,-1.40770120506146,18.7454868954525,-0.106864952261065,-16.9483745074249,0.673012449736689,-0.462216932941232
-0.1229666359744,-1.40829199888161,18.7016903762951,-0.0974901246076991,-16.9436273981035,0.675719639501636,-0.49109568959928
-0.126185237299577,-1.40905049358542,18.6573020829757,-0.0885019883487956,-16.9385877473234,0.676664041514606,-0.510545119872467
-0.129241561358822,-1.40997177191715,18.6125049488235,-0.0799037954597855,-16.9333665296118,0.675818439391058,-0.520293238439099
-0.132114563189238,-1.41105207599182,18.5674661812464,-0.0716964686166335,-16.9280643045079,0.673157169409889,-0.520255372569311
-0.134783465571778,-1.41228866251181,18.5223340698854,-0.0638787192246273,-16.9227678289408,0.668656742688672,-0.510521813163134
-0.13722823797,-1.41367965925018,18.477236622181,-0.0564473621690046,-16.9175482189416,0.662296836640255,-0.491348096122687
-0.139429946097446,-1.41522395334905,18.4322816230877,-0.0493978135730777,-16.9124605083121,0.654061689357927,-0.463148462048706
-0.141370971802994,-1.4169211340561,18.3875576696225,-0.0427247299994236,-16.9075443764118,0.643941787921651,-0.426492210365804
-0.143035113700557,-1.41877150204188,18.3431357519846,-0.0364227234342936,-16.9028257763954,0.631935620521839,-0.382101951463679
-0.144407588923667,-1.42077614439778,18.2990710227959,-0.0304870677952455,-16.898319173161,0.618051182229678,-0.330852167227929
-0.145474966410757,-1.42293705834725,18.2554044962737,-0.0249143018809223,-16.8940300876713,0.602306916559058,-0.273766098689701
-0.146225069509471,-1.42525729011777,18.212164537881,-0.0197026368906553,-16.8899576471436,0.584731848258409,-0.212008839792753
-0.146646889163873,-1.42774104161236,18.1693681234442,-0.0148520980689478,-16.8860968699339,0.565364820136644,-0.146874733219018
-0.146730544611343,-1.43039369244326,18.1270219462196,-0.0103643725062894,-16.882440483922,0.544252949632515,-0.0797677536922483
-0.146467317409628,-1.43322169188658,18.0851235054042,-0.00624239154598587,-16.8789801870934,0.52144962409754,-0.0121745096835352
-0.14584976634016,-1.4362322964978,18.0436623080205,-0.00248973500099223,-16.8757073935473,0.497012482044121,0.0543693980488544
-0.144871909861412,-1.4394331603658,18.0026212587589,0.00089001265826899,-16.8726136316993,0.471001836629202,0.118317891722735
-0.143529445046327,-1.44283181772031,17.9619782213237,0.00389381254482205,-16.869690834052,0.443479884319298,0.178155346326656
-0.141819961863502,-1.44643512200757,17.9217076468223,0.00651951239772282,-16.8669317533381,0.414510849226781,0.232437305669105
-0.13974311132163,-1.4502487142999,17.8817821147008,0.00876591957378913,-16.8643306581329,0.384162015026134,0.279828725826111
-0.13730069466862,-1.45427658500485,17.8421736371378,0.0106326187909082,-16.8618843281001,0.352505460125975,0.319138265083149
-0.134496653061287,-1.45852077160383,17.8028546341997,0.0121196128835581,-16.8595932254003,0.319620261407646,0.349348070115159
-0.131336949763406,-1.46298120875941,17.7637985688782,0.013226910213679,-16.8574626002464,0.285594956978501,0.369639351518004
-0.127829345918044,-1.4676557241974,17.7249803093685,0.0139541993370641,-16.8555032191048,0.250530107337816,0.379414588807809
-0.123983077027981,-1.47254015869491,17.6863763368221,0.0143007411161332,-16.8537313928993,0.214540815957483,0.378317368372715
-0.119808441824551,-1.47762858287733,17.6479649307673,0.0142655732256054,-16.8521680329635,0.177759023263353,0.36625058847727
-0.115316322699226,-1.4829135843398,17.6097264428487,0.0138480666575602,-16.8508365756914,0.140335268065172,0.343393104083622
-0.110517668714664,-1.48838660253963,17.5716437220405,0.0130487997937315,-16.8497597948704,0.102439445044304,0.310213839375547
-0.105422989359787,-1.49403829113323,17.533702691689,0.0118706290440412,-16.8489557554932,0.0642599476442805,0.267481099617057
-0.100041926071741,-1.49985888495043,17.4958930122325,0.0103197496009856,-16.848433422924,0.0260005673173125,0.216263532889318
-0.0943829793804318,-1.50583854270945,17.4582087041203,0.00840647688575902,-16.8481886651886,-0.0121252616537196,0.157918316325034
-0.0884534625164694,-1.51196762963465,17.4206485770188,0.00614547780863425,-16.8482014715892,-0.049902830552597,0.09406235883159
-0.0822597196711476,-1.51823690353717,17.3832163198019,0.00355526035746672,-16.8484350877569,-0.0871263700714972,0.0265240316881298
-0.0758075902611057,-1.52463757876762,17.3459201774307,0.000656899288775591,-16.8488373958367,-0.123609639978035,-0.0427237358919849
-0.0691030371703548,-1.53116126548065,17.3087722560143,-0.00252781176699493,-16.8493443456707,-0.159194986020818,-0.111644054432797
-0.0621528106745429,-1.53779981104288,17.2717876203099,-0.00597841373516823,-16.8498847476919,-0.193759050897441,-0.178222023626301
-0.0549650125752167,-1.54454509451746,17.2349834235636,-0.00967760581059728,-16.8503854646409,-0.227213992217379,-0.24054642546913
-0.0475494600517951,-1.55138883452205,17.1983783002475,-0.0136124778858473,-16.8507760837843,-0.259504057948629,-0.296878964875525
-0.0399178109987791,-1.55832246255886,17.1619921589948,-0.0177749699463982,-16.8509924694207,-0.290598347028648,-0.345706262178681
-0.0320834751365841,-1.56533709346799,17.1258463849308,-0.0221615836863603,-16.8509790167052,-0.320481138469515,-0.385773709925162
-0.0240613804125368,-1.57242360026097,17.0899643423334,-0.0267725357621277,-16.8506898094239,-0.349141342908914,-0.416103431980234
-0.0158676814876262,-1.57957277976103,17.0543720056003,-0.031610623026342,-16.8500891066718,-0.376562402061556,-0.436000230570241
-0.0075194914719952,-1.58677558066738,17.019098542188,-0.0366800710316466,-16.8491516378373,-0.402713608596076,-0.445049668382369
0.000965302714761286,-1.5940233562499,16.9841767121233,-0.0419855832011215,-16.8478631040197,-0.427543493857793,-0.443111737335907
0.00956810857727995,-1.60130809792447,16.9496430101585,-0.0475317284500205,-16.8462211205208,-0.450975721985044,-0.430312417810861
0.0182695764670523,-1.60862260264128,16.9155375361072,-0.0533227217393827,-16.8442366354771,-0.472907824952946,-0.407034188391559
0.0270494528833901,-1.61596052759341,16.8819036210428,-0.0593625765117361,-16.8419356589217,-0.493213043485363,-0.373905434715192
0.0358863878701919,-1.62331629317885,16.8487872557716,-0.0656555449483422,-16.8393609623581,-0.511745409777213,-0.331787847234336
0.0447577632736488,-1.63068481251058,16.8162363657908,-0.072206713708745,-16.8365732899056,-0.528347945240968,-0.28176037738263
0.0536396145501972,-1.63806105403166,16.7842999632714,-0.0790225924875133,-16.833651589115,-0.542863430454747,-0.225098206296474
0.0625067087981724,-1.64543947962964,16.7530271946526,-0.0861115258126087,-16.830691847747,-0.555146692116625,-0.163245492239799
0.0713328142146085,-1.6528134358299,16.7224663038244,-0.093483780480854,-16.8278043179235,-0.565076879679444,-0.0977813655048955
0.0800911551132101,-1.6601745988427,16.6926635500355,-0.101151213817683,-16.8251091935631,-0.57256794961779,-0.0303796082642534
0.0887550016812715,-1.66751257528325,16.6636621506194,-0.109126506005774,-16.8227311178858,-0.577575685250551,0.0372365060677197
0.0972983078832699,-1.67481473533543,16.6355013467698,-0.117422028396773,-16.820793151424,-0.580100095071829,0.103341864642696
0.10569629592391,-1.68206630918338,16.6082156994845,-0.126048497901645,-16.8194109522305,-0.580182845264076,0.166256803342984
0.113925896676369,-1.68925072397745,16.5818347026882,-0.135013613864214,-16.8186878721101,-0.577900270440588,0.22439116974084
0.121965988799893,-1.69635011338139,16.5563827534211,-0.144320875235003,-16.818711472299,-0.573353218675937,0.276282803089733
0.12979742421082,-1.70334590728535,16.5318794579596,-0.153968732431908,-16.8195516709913,-0.566655351354497,0.320628978524792
0.137402870696552,-1.71021940945559,16.5083401953508,-0.163950154202434,-16.8212604344347,-0.557921495017841,0.356310452514579
0.144766533177095,-1.71695229122467,16.4857768204355,-0.174252606588433,-16.8238726826689,-0.547257323519095,0.38240877306101
0.151873828693863,-1.72352696002117,16.4641983727176,-0.184858369785454,-16.8274079389154,-0.534751193834821,0.398218271851212
0.158711087764594,-1.7299267922414,16.4436116623755,-0.195745073189684,-16.8318722131114,-0.520468523794313,0.403254515439355
0.165265341128146,-1.73613624355325,16.4240216227068,-0.20688631352323,-16.8372596571928,-0.504448789873815,0.39726094638894
0.171524231489773,-1.7421408634277,16.405431342662,-0.218252232490566,-16.8435536378544,-0.486705073649034,0.38021505270515
0.177476068419922,-1.74792724539271,16.3878417222583,-0.229809962074672,-16.8507270227366,-0.46722607170731,0.352334752503113
0.183110022459888,-1.75348294294892,16.3712507321033,-0.24152388991404,-16.8587416590992,-0.44598053858645,0.314084850473299
0.188416431948147,-1.7587963766024,16.3556523139054,-0.253355747375276,-16.8675472348436,-0.422924167285431,0.266182493208522
0.193387172919019,-1.7638567521521,16.3410350376842,-0.265264572655612,-16.877079938375,-0.398008831103697,0.209599586968437
0.198016020811569,-1.76865400542696,16.3273807296958,-0.277206642901612,-16.8872615423202,-0.371193841797912,0.145559273681435
0.202298917598457,-1.77317878373451,16.3146633826997,-0.28913549368643,-16.8979996633866,-0.342458405092405,0.0755229925762282
0.206234057212832,-1.77742246834234,16.3028487179943,-0.301002141286102,-16.9091899111729,-0.311813859240111,0.0011646953149763
0.209821723562078,-1.78137723422515,16.2918947373289,-0.312755586133041,-16.9207203579934,-0.279313770634973,-0.0756702356322735
0.213063862060766,-1.78503613353389,16.2817534456226,-0.324343606464656,-16.9324782311553,-0.245059822737558,-0.153021707996694
0.215963429963786,-1.78839318016928,16.2723736511835,-0.335713764946287,-16.9443580586172,-0.209201914859072,-0.228884622385781
0.218523634138501,-1.79144340902738,16.2637044331745,-0.34681447650041,-16.9562699170982,-0.171932008679765,-0.301285793181681
0.220747201707771,-1.7941828874256,16.2556986310501,-0.35759595326783,-16.968146199664,-0.133472710649445,-0.368360266796801
0.222635822856112,-1.79660866836545,16.2483156674409,-0.368010870804863,-16.979945584018,-0.0940628209296312,-0.42841914737733
0.224189856423737,-1.79871869001339,16.2415231934068,-0.378014680016105,-16.9916535700245,-0.0539426232684753,-0.480003097038666
0.225408318484361,-1.80051163690666,16.2352973649341,-0.38756559177868,-17.0032797978193,-0.0133413827086153,-0.521919050003222
0.226289108681357,-1.80198678087636,16.2296218871004,-0.396624347594169,-17.0148530436881,0.0275314040827074,-0.553261055331971
0.226829389144862,-1.8031438142746,16.2244861828125,-0.405153934441118,-17.0264151225046,0.0684905515005687,-0.573418467207974
0.227026022182329,-1.80398267977815,16.2198831152705,-0.41311940042979,-17.0380148845061,0.109375936115332,-0.582075541597118
0.226875987993748,-1.80450339494909,16.2158066485258,-0.420487889078371,-17.0497031934176,0.150050342072282,-0.579206065543341
0.226376730170168,-1.80470586974479,16.2122497322452,-0.427228949135698,-17.0615293644276,0.190395383238784,-0.565065428189321
0.225526403252256,-1.80458972156107,16.2092026021354,-0.433315105589827,-17.0735391453532,0.230306346345344,-0.540181001788202
0.224324019547754,-1.80415410556593,16.2066516208237,-0.438722610133926,-17.0857740094607,0.269686588193187,-0.505340277367578
0.222769506186402,-1.80339759033244,16.2045787470943,-0.443432227653115,-17.0982713208221,0.308441952483573,-0.461575027028624
0.220863693346695,-1.80231811864616,16.2029616870159,-0.447429880507484,-17.1110648403998,0.346475610577128,-0.410139179984094
0.218608257259608,-1.80091309006588,16.2017747311625,-0.45070696314563,-17.1241850728946,0.383683748044885,-0.352478192182829
0.21600564213453,-1.79917958569663,16.2009901973544,-0.453260184577957,-17.1376591031729,0.419952563548323,-0.290188636900395
0.213058983076428,-1.79711472650002,16.2005802931206,-0.455090885389736,-17.1515098180792,0.455157011789344,-0.224968497953426
0.209772046381934,-1.7947161208529,16.2005191162751,-0.456203895853699,-17.1657546890121,0.489161541456592,-0.158560758122426
0.206149198823175,-1.79198233090063,16.2007844633107,-0.456606123412869,-17.1804045099632,0.521822764291367,-0.0926947351187581
0.202195409753396,-1.7889132773086,16.2013591463998,-0.456305129600965,-17.1954625639672,0.552993615581402,-0.0290304662778209
0.197916284180016,-1.7855105163572,16.2022316236757,-0.45530795795331,-17.2109245939184,0.582528275793109,0.0308890286182464
0.193318120241531,-1.78177735457595,16.2033958924547,-0.453620401450363,-17.2267797267893,0.610287019954404,0.0856744054117609
0.188407982083119,-1.77771880300392,16.2048507328024,-0.451246780939554,-17.2430122385829,0.636140275757885,0.134114530087251
0.18319377931929,-1.77334140396434,16.2065984811663,-0.44819018720372,-17.2596038466003,0.659971446992969,0.175189838025143
0.177684345342245,-1.76865297974532,16.2086435481866,-0.44445305046748,-17.2765361296553,0.681678384437382,0.208076807358656
0.171889509022073,-1.76366235560869,16.2109908798072,-0.44003786010986,-17.2937927017042,0.701173670897344,0.232146422891343
0.165820155448208,-1.75837910174807,16.2136445203487,-0.434947857913344,-17.3113608624994,0.718384063576715,0.246959445906585
0.159488272031316,-1.75281332717015,16.2166063918961,-0.429187560553475,-17.3292325717912,0.733249501464085,0.252260866213889
0.152906975065975,-1.74697554615786,16.2198753735904,-0.422763014629083,-17.3474047085954,0.745722048066175,0.247975277773305
0.146090509338752,-1.74087662771657,16.2234467502105,-0.415681739568136,-17.3658786667329,0.755765034707819,0.234204221686668
0.139054210244293,-1.73452783007295,16.2273121063964,-0.407952369453573,-17.3846594071965,0.763352529793397,0.211225860301904
0.131814415085181,-1.72794091490741,16.2314597483478,-0.399584054991533,-17.4037541361362,0.768469113970308,0.17949665936858
0.124388309494478,-1.72112832779914,16.2358757355163,-0.390585736624747,-17.4231708180052,0.77110981547745,0.139654102223149
0.11679369802048,-1.71410342172429,16.2405455766232,-0.380965441320364,-17.4429167623751,0.771279977788001,0.0925188498584097
0.109048696262949,-1.70688068990247,16.2454565754042,-0.370729781441489,-17.4629975330413,0.768994811078157,0.0390942630054097
0.101171355753733,-1.69947596522491,16.2506006973409,-0.359883831798317,-17.4834164040194,0.764278429155536,-0.019439078692502
0.0931792503952657,-1.69190654003941,16.2559776826486,-0.348431518814565,-17.5041745131095,0.757162290185711,-0.0817361514073903
0.0850890705761765,-1.68419116645687,16.2615979885353,-0.336376568900373,-17.5252717340614,0.747683117441297,-0.146309301021326
0.0769162823238593,-1.67634991602152,16.2674850582562,-0.32372394191829,-17.54670811752,0.735880533850072,-0.211559789370169
0.0686749082333231,-1.66840390646534,16.2736764387972,-0.310481547554318,-17.5684855784043,0.721794750585032,-0.275818337822823
0.060377471464057,-1.66037493507235,16.2802234287105,-0.296661946820715,-17.5906093886892,0.705464667073493,-0.337392436741251
0.052035115894798,-1.65228508245409,16.2871892076034,-0.282283714288511,-17.6130890187419,0.686926662639526,-0.394617039410862
0.0436578817036387,-1.64415635802516,16.2946457016547,-0.267372194380487,-17.6359379745493,0.6662142216993,-0.445904819866007
0.035255085954664,-1.63601044591111,16.3026696734892,-0.251959512525514,-17.6591724750841,0.643358395347792,-0.489792589395659
0.0268357404661028,-1.62786858182344,16.3113386086239,-0.236083859869004,-17.6828090431023,0.618389019471165,-0.524981587142584
0.0184089377814741,-1.6197515572917,16.320726880233,-0.219788212552677,-17.7068612788051,0.591336608366837,-0.550370811565325
0.00998414851434047,-1.61167981768752,16.3309024482556,-0.203118740049661,-17.7313362080968,0.56223490493349,-0.565083910665603
0.00157139427513861,-1.60367360109772,16.3419240677472,-0.186123190663765,-17.7562306408182,0.53112414120443,-0.568491074527794
-0.00681871596441745,-1.59575305765013,16.3538387325951,-0.16884952390207,-17.7815279625885,0.49805508161316,-0.560227720836509
-0.0151750756594956,-1.58793829119922,16.3666789369335,-0.151345004920983,-17.8071957484338,0.463093834937604,-0.540211532375172
-0.0234862660393925,-1.58024927445657,16.3804593496468,-0.133655898236012,-17.8331845487261,0.426327207808451,-0.508658659033763
-0.0317407886266014,-1.57270560349212,16.3951727002912,-0.115827800946486,-17.8594281586083,0.387868052374689,-0.466098700084265
-0.0399272820607314,-1.56532607946807,16.4107850740253,-0.0979065391189594,-17.885845618769,0.347859698645073,-0.413386482087669
-0.0480346529848895,-1.55812813732076,16.4272313583421,-0.0799394187177974,-17.9123450690059,0.30647827595525,-0.351706778249051
-0.0560520570824676,-1.55112718353284,16.4444121268216,-0.0619764952536881,-17.9388293461314,0.263931679630709,-0.282566365267439
-0.0639686925057614,-1.54433595162244,16.4621935285646,-0.0440714484023956,-17.9652028736294,0.220454294718285,-0.207766969574765
-0.0717734142611288,-1.53776401724201,16.4804114954858,-0.0262816775756734,-17.9913789933856,0.176297431843553,-0.129353805708212
-0.0794542339259934,-1.53141761137694,16.4988806627865,-0.00866741048327422,-18.0172865936319,0.131716631043069,-0.0495383046144408
-0.0869978142320904,-1.52529981449827,16.5174070430388,0.00871008668427265,-18.0428748863022,0.0869581426131859,0.0294002092807401
-0.0943890816184489,-1.51941111657731,16.5358022571688,0.0257908001315407,-18.0681155810757,0.0422474434642813,0.105222880480542
-0.101611053345265,-1.51375022586043,16.5538966055032,0.0425181872268691,-18.0930023781201,-0.00221777844479217,0.175835326710825
-0.108644919798768,-1.5083149495867,16.571548707242,0.0588407950495952,-18.1175483588107,-0.0462690215749255,0.239374181201857
-0.115470361230338,-1.50310297657701,16.5886505785089,0.0747129839609566,-18.1417822029935,-0.0897631570383777,0.294268342617466
-0.122066034261472,-1.49811245287693,16.6051282811222,0.090094756525998,-18.1657441081048,-0.132574976997887,0.339273689985272
-0.128410147253125,-1.49334232197522,16.6209391565779,0.10495091864668,-18.1894819557716,-0.174588111719885,0.373485187071196
-0.13448105095463,-1.48879246641202,16.6360669800537,0.119249895485805,-18.2130478859662,-0.215686106089112,0.396332735917306
-0.140257790186697,-1.48446372085102,16.6505162406067,0.132962503469701,-18.2364951703118,-0.255744908248246,0.407567088963539
-0.145720582582763,-1.48035782872671,16.664306413064,0.14606089414055,-18.2598751892659,-0.294627478564017,0.407240615242583
-0.150851205485962,-1.47647739577411,16.6774667383445,0.15851778827117,-18.2832343867365,-0.332180844580967,0.39568575502734
-0.155633280441115,-1.47282586632206,16.6900317764457,0.17030604020728,-18.3066112316953,-0.368235720191304,0.373492229541519
-0.160052448219436,-1.46940752177245,16.7020378540108,0.181398521472743,-18.3300333858342,-0.402608696926776,0.341482794097459
-0.164096429631038,-1.46622748115584,16.7135204596548,0.191768284094028,-18.3535153988862,-0.435106903727832,0.30068663763248
-0.167754971863974,-1.46329167417854,16.7245125966273,0.201388947359251,-18.3770572891425,-0.465534848976157,0.252309440438732
-0.171019688722994,-1.46060675847519,16.7350440490081,0.210235238571899,-18.4006443000205,-0.493702892426413,0.197699538073136
-0.173883815112385,-1.45817996360633,16.74514144421,0.218283605570951,-18.4242479655374,-0.519436492836881,0.138310441043077
-0.176341909189112,-1.45601886075137,16.7548289145404,0.2255128111391,-18.4478284052419,-0.542585138245853,0.0756608885117769
-0.178389544917434,-1.45413107435094,16.7641291003279,0.231904422190464,-18.4713375588853,-0.563029790056895,0.0112943605619042
-0.180023039312056,-1.45252396525287,16.7730642204754,0.237443123936722,-18.494722919523,-0.5806878207299,-0.0532597014017071
-0.181239251125017,-1.45120432081924,16.7816569716105,0.242116820160719,-18.517931268513,-0.595514787436554,-0.116520896229841
-0.182035473310292,-1.45017808492357,16.7899310935675,0.245916519254179,-18.5409119639504,-0.607502878965326,-0.17708760937443
-0.182409423482776,-1.4494501521031,16.7979115330625,0.248836039981847,-18.5636194625656,-0.616676369949095,-0.233660819157435
-0.182359321225553,-1.44902423722083,16.8056242245233,0.250871595956158,-18.5860149238954,-0.623084809549942,-0.285062051845764
-0.181884028810329,-1.44890281978891,16.8130955737084,0.252021324653216,-18.6080669148752,-0.626794872055983,-0.330246156953109
-0.180983227950145,-1.44908715088993,16.8203517599829,0.252284820290642,-18.6297513660115,-0.627881822462724,-0.368309949671878
-0.179657601026124,-1.44957730589708,16.8274179894811,0.251662708030634,-18.6510510205703,-0.626421394141947,-0.398497847289859
-0.177908992684998,-1.45037225988911,16.8343178240902,0.250156285375436,-18.6719546594725,-0.622482693011719,-0.420205669647134
-0.175740529474954,-1.45146996438235,16.841072695969,0.247767236041525,-18.6924563827605,-0.616122506737721,-0.432983614433794
-0.17315668632569,-1.45286740164392,16.8477017011317,0.244497428554376,-18.7125552042054,-0.607381259293333,-0.436539369656904
-0.170163288055106,-1.45456060047157,16.8542217412178,0.240348804839179,-18.7322551584523,-0.596280716894581,-0.4307420092273
-0.166767438049342,-1.45654460273792,16.8606480567646,0.235323373516029,-18.7515660500197,-0.582823519082942,-0.415627027544272
-0.162977368240223,-1.45881337868867,16.866995155728,0.22942333453651,-18.7705048779409,-0.566994604330637,-0.391402481740973
-0.158802210359869,-1.46135969672608,16.8732780942891,0.222651370546369,-18.7890978592695,-0.548764622043054,-0.358455819512962
-0.154251694875408,-1.46417496389384,16.8795139995272,0.215011138504558,-18.807382834592,-0.528095388920041,-0.317360497628497
-0.149335795437444,-1.46724906247216,16.8857236471421,0.206507979514737,-18.8254116862853,-0.504947339570289,-0.268881038400412
-0.144064350331257,-1.47057021622646,16.891932831397,0.197149828897883,-18.8432522537066,-0.479288693730692,-0.213974719598854
-0.138446707253589,-1.4741249236611,16.8981732118118,0.186948256952115,-18.8609891304014,-0.451105725723336,-0.153787747385117
-0.132491449223171,-1.47789799260212,16.9044823197223,0.175919513245927,-18.8787227295318,-0.420413128585945,-0.0896436308590891
-0.126206260841312,-1.48187269917851,16.9109024819192,0.164085399651017,-18.8965661555422,-0.387263120331189,-0.0230217025667185
-0.119597981194359,-1.48603107383833,16.9174785764884,0.151473784640312,-18.9146397471819,-0.351751799220632,0.0444755155986163
-0.112672859509803,-1.49035429121927,16.9242547537738,0.138118609619546,-18.9330636248547,-0.314021448137347,0.111166075318268
-0.105436987467863,-1.49482311572048,16.9312704749073,0.124059331580369,-18.95194907737,-0.274258067678378,0.175341715359398
-0.0978968392126757,-1.49941833966179,16.9385563635208,0.10933987424224,-18.9713899973686,-0.232684283748175,0.235326789963481
-0.0900598217921572,-1.5041211538057,16.9461303726814,0.0940072818267296,-18.9914556658026,-0.18954868869978,0.289538285326907
-0.0819347366383401,-1.50891341327537,16.9539946379386,0.078110341642851,-19.0121859277574,-0.145113343313548,0.336542037680992
-0.073532078227318,-1.51377780015283,16.9621331954217,0.0616984373111004,-19.0335892711906,-0.0996413798383623,0.375101220305422
-0.0648641393606475,-1.5186979247074,16.9705106168845,0.0448208184790357,-19.0556437148316,-0.0533863761740937,0.404214859855937
-0.0559449375612986,-1.52365843473636,16.9790716547773,0.0275263566977081,-19.078299955595,-0.00658457232356497,0.423145950828002
-0.0467900091966755,-1.52864520433927,16.9877422007313,0.00986373936417967,-19.1014860542192,0.0405496852019947,0.43144009357879
-0.0374161307722583,-1.53364564469656,16.9964320995363,-0.00811803657323891,-19.1251130282034,0.0878254398195811,0.428936224459943
-0.0278410226183717,-1.53864912587377,17.0050403870172,-0.0263690623578334,-19.1490809192315,0.135074044979615,0.415770942916951
-0.018083078020789,-1.54364743840092,17.0134631348325,-0.0448380118087047,-19.1732850220778,0.18214606451725,0.392377420686715
-0.00816114756951919,-1.54863517696256,17.0216032795014,-0.0634719226601203,-19.1976219184821,0.228906649977769,0.359478981083323
0.00190560098877166,-1.55360991836771,17.0293808775719,-0.0822164030976601,-19.2219948188281,0.275229819151846,0.318076437553038
0.0120977368490442,-1.55857209427811,17.0367416089436,-0.101016320131184,-19.2463176508863,0.320992093538481,0.269427276922626
0.0223955372484449,-1.56352452067509,17.0436614347907,-0.119816910142949,-19.2705174798657,0.366066107470863,0.215014269683958
0.032778897979677,-1.568471619114,17.0501461734406,-0.138565130199944,-19.2945351921077,0.410315020584008,0.156501472959958
0.0432272245555004,-1.57341843160809,17.0562261082112,-0.157210974136892,-19.3183247702263,0.453588685473084,0.0956772616773736
0.0537193539339243,-1.57836957571846,17.0619470808181,-0.175708452324354,-19.3418517421601,0.495722390337982,0.0343867559031124
0.0642335484380748,-1.58332829899366,17.0673603580403,-0.194016001039994,-19.3650913968087,0.536538553612313,-0.0255410708123103
0.0747475800757575,-1.58829576859596,17.0725136161957,-0.212096232521338,-19.388027159895,0.575851100106493,-0.0823644317058441
0.0852388950297369,-1.59327067850132,17.077444727365,-0.229915109575424,-19.4106492500415,0.613471632409411,-0.134490767460306
0.0956848269060676,-1.59824918873532,17.0821789925768,-0.247440765096609,-19.4329535282948,0.649216167076179,-0.180524565673722
0.106062820536051,-1.60322514894584,17.0867294801148,-0.264642242303216,-19.4549403850671,0.682911243678248,-0.219298721377363
0.116350634932077,-1.60819051826788,17.0910995016438,-0.281488400245125,-19.4766135588267,0.714398573100192,-0.24989011047549
0.126526508106514,-1.61313588070141,17.0952860805414,-0.297947139823093,-19.4979788824374,0.743537892302103,-0.271622071624742
0.136569280717705,-1.61805096570779,17.0992834330894,-0.313985000312023,-19.5190430392785,0.770208150349418,-0.284057386719174
0.146458485358948,-1.62292510758895,17.1030858148187,-0.329567090336182,-19.5398124485222,0.794307449515094,-0.286985322120305
0.156174412347564,-1.62774760446005,17.1066894254253,-0.344657267666944,-19.5602923872038,0.815752274573886,-0.280405707472624
0.165698162055665,-1.63250796144268,17.1100933283585,-0.359218469919932,-19.5804864146543,0.834476496422284,-0.264512217555833
0.175011690021256,-1.63719602016128,17.1132995022236,-0.373213113601448,-19.6003961137612,0.850430492736781,-0.23967619799743
0.184097846209296,-1.64180198779549,17.1163122169035,-0.386603508960793,-19.6200211186977,0.863580549151029,-0.206431648238811
0.192940405289284,-1.64631638540875,17.119136948226,-0.399352270516273,-19.6393593675788,0.873908535838867,-0.165461387143576
0.201524081778577,-1.65072993893577,17.1217790389367,-0.411422729212977,-19.658407502527,0.881411728571931,-0.117583995644483
0.209834522955061,-1.65503343836087,17.1242422984999,-0.422779366464371,-19.6771613370645,0.886102576265504,-0.0637408567076445
0.217858273853484,-1.65921759169315,17.1265277167239,-0.433388290890375,-19.6956163187706,0.888008213188556,-0.0049824940007929
0.225582712336294,-1.66327290000638,17.1286324455536,-0.443217766453307,-19.7137679312245,0.887169566878345,0.0575465585009927
0.232995957392738,-1.66718957712338,17.1305491699889,-0.452238779842257,-19.7316119996969,0.883640002402506,0.122624958819967
0.240086759722961,-1.67095753217538,17.1322659512451,-0.460425609862786,-19.7491448922382,0.877483549812988,0.188974147976131
0.246844388656136,-1.67456642474207,17.1337665601009,-0.467756342259479,-19.7663636319253,0.868772850011209,0.255280283889413
0.253258532426808,-1.67800579195479,17.1350312556744,-0.474213263070699,-19.7832659621435,0.857587006747744,0.320218080780848
0.259319228657924,-1.68126523639699,17.1360379019548,-0.479783068735549,-19.799850425642,0.844009535872997,0.382475770879539
0.265016838257868,-1.68433465511771,17.1367632704571,-0.484456851129844,-19.8161165271663,0.828126563087037,0.440780180669584
0.270342069440245,-1.68720448549722,17.1371843627916,-0.488229846844219,-19.8320650451217,0.810025358775928,0.493920870613212
0.275286050387184,-1.68986594388881,17.1372796052451,-0.491100975072377,-19.8476985389422,0.789793238795165,0.540772446083331
0.279840440701605,-1.69231123737274,17.137029812844,-0.493072219595582,-19.8630220676247,0.767516825078193,0.580314476598772
0.283997564769911,-1.69453373599985,17.1364188796988,-0.494147932159617,-19.8780440956551,0.743281659944092,0.611648888580011
0.287750545679701,-1.69652810050795,17.1354342099019,-0.494334145647417,-19.8927775202711,0.717172198019953,0.634015138122135
0.291093415566183,-1.6982903659301,17.134066943707,-0.493637984733145,-19.9072407113145,0.689272235529726,0.646803815228126
0.294021178894724,-1.69981798436603,17.1323120499928,-0.492067256507241,-19.9214584148666,0.659665863667286,0.649569549208039
0.29652980663397,-1.7011098286373,17.130168343586,-0.489630291126722,-19.9354623339063,0.628439017383513,0.64204408857758
0.298616146236811,-1.70216615567047,17.1276384527748,-0.486336092515492,-19.9492911702574,0.595681639136864,0.624150298988871
0.300277738825589,-1.7029885219019,17.1247287104009,-0.482194835629283,-19.9629898950526,0.56149035194669,0.596017395088357
0.301512549504313,-1.7035796393132,17.1214488918246,-0.477218715408093,-19.9766080382405,0.525971391598605,0.557997137310397
0.302318634080579,-1.70394315933339,17.1178116850795,-0.471423103056897,-19.9901968615263,0.489243360680166,0.510679858906197
0.302693787903412,-1.70408337754893,17.1138317753199,-0.464827895096643,-20.0038054384716,0.451439212087669,0.454908107311823
0.302635242885501,-1.70400486516324,17.1095244706283,-0.457458855984679,-20.0174759090365,0.412706783675883,0.391784456322663
0.302139493622591,-1.70371205535486,17.104903899517,-0.449348684338258,-20.0312384745695,0.373207279587492,0.322669057939094
0.301202327182238,-1.70320883660845,17.0999809529659,-0.440537501295016,-20.0451069633261,0.333111375573483,0.249162168236026
0.299819100388641,-1.70249822432798,17.0947612879123,-0.431072515050979,-20.0590758956998,0.292593140750372,0.173067919477609
0.297985251281165,-1.70158218361939,17.0892437899681,-0.421006771783352,-20.0731197903258,0.251822612653315,0.0963383250522447
0.295696963750436,-1.7004616525523,17.083419854291,-0.410397135084047,-20.0871949563177,0.210958422152422,0.021000545187401
0.292951852618733,-1.6991367690844,17.0772736749462,-0.399301865872545,-20.1012433602706,0.170142078642576,-0.0509254554239176
0.289749525485509,-1.69760725046839,17.0707834707906,-0.387778299647446,-20.1151975954787,0.129495232223456,-0.117509349069119
0.286091913760705,-1.69587283370436,17.0639233430846,-0.375881079127738,-20.1289857900268,0.0891205196073366,-0.176983820023867
0.281983334474857,-1.69393367418069,17.0566653115385,-0.363661208892661,-20.1425355097105,0.0491057508685423,-0.227802727891429
0.27743031694659,-1.69179061962383,17.0489810729377,-0.351165944184327,-20.1557762290027,0.00953054155224662,-0.268682078971535
0.272441278992266,-1.68944531538629,17.0408431283873,-0.338439306387366,-20.1686404996294,-0.0295257945540264,-0.298625517809825
0.267026156393316,-1.6869001393725,17.0322250777195,-0.325522897883272,-20.1810643404303,-0.067976240662385,-0.316938207333769
0.261196080708917,-1.68415799879667,17.0231010329497,-0.312456678727615,-20.1929875176819,-0.105718917993989,-0.323233421816409
0.254963174306654,-1.68122204227147,17.0134442365496,-0.299279439604197,-20.2043543037041,-0.142631554080606,-0.31743533840372
0.248340497753871,-1.67809535121218,17.003225089655,-0.286028822348923,-20.2151150681823,-0.178568280540092,-0.299779961487751
0.241342148671113,-1.67478067695704,16.9924089123192,-0.272740869698455,-20.2252287506061,-0.213359450492349,-0.270814303085995
0.233983476121695,-1.67128028564303,16.980953873302,-0.25944920923136,-20.2346659505433,-0.246815107797459,-0.231392214818677
0.226281343792616,-1.66759596007744,16.9688096170951,-0.246184077082861,-20.2434121126901,-0.278732491459278,-0.182663915400534
0.218254354499975,-1.66372918386845,16.9559171333935,-0.232971448441267,-20.2514701321194,-0.308907414776519,-0.126055611851549
0.209922945877151,-1.65968149749314,16.9422103046636,-0.219832545826985,-20.2588617136378,-0.337148535282907,-0.0632359993693042
0.201309289103527,-1.65545497438417,16.9276193023746,-0.206783929784485,-20.2656270148406,-0.363292617337097,0.00393198827426849
0.192436968468518,-1.65105272969574,16.9120756132885,-0.193838244246681,-20.2718224593457,-0.387218220901619,0.073453230701539
0.183330478362861,-1.64647936002614,16.8955180656855,-0.181005520642045,-20.2775170317735,-0.408855179097629,0.143272426007511
0.174014625988672,-1.64174122802309,16.8778989313188,-0.168294792223173,-20.282787720767,-0.428187915722588,0.211349915035489
0.164513953415401,-1.63684654809711,16.8591891143521,-0.155715685894669,-20.2877149348987,-0.445251943357212,0.275734320434013
0.154852282464721,-1.63180528244649,16.8393816285649,-0.143279672110463,-20.2923786277308,-0.460124335880802,0.334625808357193
0.145052446330086,-1.62662889992152,16.8184929346785,-0.131000755403007,-20.296855581305,-0.47291009171006,0.386425905777409
0.135136219649979,-1.62133006966888,16.7965621303699,-0.118895538271541,-20.3012179308792,-0.483726784926261,0.429772468364609
0.125124412786336,-1.61592235504238,16.7736483348305,-0.106982738187191,-20.305532694717,-0.492689730128465,0.463560803994083
0.115037068286325,-1.61041994954203,16.7498268208507,-0.0952823417139396,-20.3098618838046,-0.499899285333557,0.486953598716503
0.104893690566735,-1.60483746850472,16.7251845153322,-0.0838146243753773,-20.3142627261822,-0.505431189904334,0.499383016435355
0.0947134487245983,-1.59918978863219,16.6998154476551,-0.0725992546251374,-20.3187876187345,-0.509330223471568,0.500548266821561
0.0845153091641107,-1.5934919174592,16.6738166169106,-0.0616546518058981,-20.3234835640481,-0.511607096080145,0.490411295431784
0.0743180727443013,-1.58775887627222,16.6472846053143,-0.0509976997675403,-20.3283910127734,-0.512238341837793,0.469192290066491
0.0641403068894088,-1.58200558886408,16.6203131036585,-0.0406438440434095,-20.3335421813289,-0.511169013113022,0.437365603664682
0.0540001764155452,-1.57624677955424,16.5929913468346,-0.0306075299157804,-20.3389590378796,-0.50831805078705,0.395655592141435
0.0439151896755031,-1.57049689214541,16.5654032990916,-0.0209028766824873,-20.3446512450833,-0.503586230467509,0.345030867038952
0.0339018909614563,-1.56477004345924,16.5376273057008,-0.0115444356048537,-20.3506144172728,-0.496866470272738,0.286694689207512
0.0239755458822469,-1.55908001967332,16.5097358730199,-0.00254785362560839,-20.3568290857309,-0.48805599580497,0.222068833917016
0.0141498810386888,-1.55344031256274,16.4817952767264,0.00606972796158481,-20.3632607579793,-0.477069401603885,0.152768399936254
0.00443694475729714,-1.54786417915882,16.4538648408059,0.0142896662742045,-20.3698613559072,-0.463851217549352,0.0805659089069951
-0.00515285227781128,-1.5423646992885,16.4259959305252,0.0220922443520487,-20.3765721524166,-0.448386230128586,0.00734448280687871
-0.0146104856863634,-1.53695480368951,16.3982309071087,0.0294574745161404,-20.3833280571983,-0.430705869468592,-0.0649582036478654
-0.023927867692175,-1.53164725378769,16.3706024098402,0.0363661229986608,-20.3900628147772,-0.41088946496318,-0.134411688762468
-0.0330972587020894,-1.52645456932656,16.3431333079154,0.0428007441793455,-20.3967144438226,-0.389060067564443,-0.199155494049134
-0.0421106351751462,-1.52138891610042,16.3158375001099,0.048746514413711,-20.4032301525461,-0.365375576491837,-0.257457986556764
-0.05095911926581,-1.51646197753655,16.2887214996676,0.0541917183417619,-20.4095700640815,-0.340016792446475,-0.307767340783852
-0.059632558218249,-1.51168483767014,16.2617865170743,0.0591278369702207,-20.4157093344288,-0.313174386233425,-0.348752242449884
-0.068119304306542,-1.50706790114006,16.2350306254484,0.0635492946678588,-20.4216385962931,-0.285036710850957,-0.37933195406438
-0.0764062040442904,-1.5026208706619,16.2084505840597,0.0674530015234649,-20.4273629796101,-0.255779875074629,-0.398696975472554
-0.084478772469556,-1.49835279680805,16.1820429835386,0.0708378669438552,-20.4329001761744,-0.225560864398745,-0.406322508245285
-0.0923215114541937,-1.49427220916644,16.1558045147219,0.0737044551982069,-20.4382780867554,-0.194513933140638,-0.401977117378401
-0.0999183292604342,-1.49038733017496,16.1297313140364,0.0760549120249461,-20.4435325217805,-0.162750124701614,-0.385728468262796
-0.107253025064275,-1.48670636097414,16.1038174866806,0.0778932236174878,-20.4487052568648,-0.130359605448771,-0.357946967888071
-0.114309808695375,-1.48323781116965,16.0780530557902,0.0792257858642842,-20.4538425204055,-0.0974164370431304,-0.319306769520679
-0.121073825894583,-1.47999082328254,16.0524217301227,0.0800621720664721,-20.4589937621146,-0.0639853419632608,-0.270782124044217
-0.127531650788212,-1.47697542362054,16.0268990022295,0.0804159045079169,-20.4642103708474,-0.0301298403110658,-0.213635766034523
-0.133671694351432,-1.47420262287093,16.0014511335899,0.0803049812566452,-20.4695439333891,0.00407916755408583,-0.149395354011392
-0.139484468430256,-1.47168430259743,15.9760354908272,0.0797519093210698,-20.4750437019209,0.0385556427343879,-0.0798144215842468
-0.144962651674221,-1.46943286243179,15.9506024318485,0.0787830733103931,-20.4807531861346,0.0731929368654461,-0.00681626017640385
-0.150100932034693,-1.46746066311144,15.9250985379779,0.0774274216380926,-20.4867061586061,0.107861900796334,0.067577502822276
-0.154895649346511,-1.46577936210804,15.8994705718874,0.0757146458644938,-20.4929227331442,0.142413226219024,0.141327974802889
-0.159344313574688,-1.46439927698708,15.8736692824359,0.0736731899362999,-20.499406375287,0.176683697292258,0.212461121950554
-0.163445110056573,-1.46332890589279,15.8476522015289,0.07132848767818,-20.5061426095509,0.210505059648449,0.279141686031863
-0.167196505074661,-1.46257468652322,15.821384881925,0.0687017574135006,-20.5130998089448,0.243713639069704,0.339731619827118
-0.170597033944117,-1.46214100464525,15.7948404754986,0.0658095146039512,-20.5202319393939,0.276158865464076,0.392829519622415
-0.173645304145901,-1.46203039878687,15.7679979677557,0.062663768589206,-20.5274826912129,0.307709400880511,0.437291520616882
-0.176340195566419,-1.46224387107551,15.7408396366768,0.0592727161955628,-20.5347902090423,0.338256348998543,0.472236999307389
-0.178681205375921,-1.4627812077244,15.7133483628599,0.0556416720257044,-20.542091657372,0.367713738677865,0.49704373444434
-0.180668868007637,-1.46364123076157,15.6855053320426,0.0517739780191002,-20.5493270588668,0.396016931631501,0.511337082846024
-0.182305179578925,-1.46482193115233,15.6572885176349,0.0476716903887969,-20.556442108679,0.423119765411381,0.514976833855249
-0.183593963797394,-1.46632046292272,15.6286721715171,0.0433359211660814,-20.5633899124099,0.448991167609351,0.508044232054063
-0.184541125574931,-1.46813300468559,15.5996274149397,0.0387667923524831,-20.5701317734295,0.47361175939082,0.490830463794512
-0.185154750077547,-1.47025451551388,15.5701239099527,0.0339630353060663,-20.5766372597954,0.496970712364575,0.463826905643789
-0.185445014786799,-1.47267843109702,15.540132489508,0.0289213297104368,-20.5828838237809,0.519062889428933,0.427716513524097
-0.18542389849882,-1.47539635948087,15.5096285184031,0.0236355281100894,-20.5888562454158,0.539886153904385,0.383365042924218
-0.185104691970788,-1.47839784566017,15.4785956422956,0.0180959464249411,-20.5945461358144,0.559438679174845,0.331810240222007
-0.184501345320771,-1.4816702733767,15.4470294758812,0.0122889140593338,-20.5999516729234,0.577716152988624,0.27424695648602
-0.183627720868248,-1.48519895848435,15.4149407170344,0.00619675739494801,-20.6050776537981,0.594708912541626,0.212006361371185
-0.182496849163613,-1.48896745836312,15.3823571933056,-0.000201668734141325,-20.6099358412057,0.610399219937364,0.1465281878045
-0.181120300039189,-1.49295807859071,15.3493244806794,-0.00692988183755215,-20.6145454762667,0.624759026928189,0.0793261766640389
-0.179507768992807,-1.49715251222534,15.3159049742757,-0.0140121990263796,-20.6189337489407,0.6377486105368,0.0119483331383925
-0.177666940563728,-1.50153251263855,15.2821755832445,-0.0214718878831128,-20.6231359909615,0.649316356020544,-0.0540651553055226
-0.175603633847193,-1.50608049033305,15.2482244812886,-0.0293292979910422,-20.6271953937722,0.659399748127994,-0.117222878153813
-0.173322177412043,-1.51077994274822,15.2141474854116,-0.0376002283654527,-20.6311621448348,0.667927379345842,-0.176118820517924
-0.170825919676151,-1.51561566733291,15.1800446172255,-0.0462947252283668,-20.6350919868174,0.674821588888186,-0.229462414504545
-0.168117767701785,-1.52057375740165,15.1460172446463,-0.0554164069010536,-20.6390442988458,0.680001278881317,-0.276101172671324
-0.165200661879349,-1.52564142226408,15.1121659749069,-0.0649623095719904,-20.6430798532737,0.68338452385825,-0.315036374060306
-0.16207792697726,-1.53080669760417,15.0785892543517,-0.0749231652939941,-20.6472584137901,0.684890757044398,-0.345433215088819
-0.158753478993926,-1.53605811686356,15.0453824874223,-0.0852839745344269,-20.6516363271819,0.684442518423716,-0.366627290571625
-0.155231900304101,-1.541384404442,15.0126374361386,-0.0960247206200919,-20.6562642415381,0.681966916689471,-0.378129272402908
-0.151518417446131,-1.54677423374419,14.980441689447,-0.107121083242451,-20.6611850730486,0.67739705541778,-0.379629362661878
-0.14761882430318,-1.55221607487576,14.9488780616208,-0.118545033478096,-20.6664323435755,0.670673679238181,-0.371002623510243
-0.143539391502692,-1.55769814182712,14.9180238555298,-0.130265224868857,-20.6720290154884,0.66174721882108,-0.352315738217468
-0.139286793776861,-1.56320843865908,14.8879499838049,-0.142247131000571,-20.6779869460299,0.650580267474237,-0.323835155980411
-0.13486807464525,-1.56873489699464,14.8587199721659,-0.154452919726414,-20.6843070584553,0.637150336312939,-0.286035925802546
-0.130290654962051,-1.57426559035545,14.8303888839271,-0.166841099296701,-20.6909802728917,0.621452548781656,-0.239609839340738
-0.125562380032026,-1.57978900230843,14.8030022198504,-0.179366022197188,-20.697989154606,0.603501794827817,-0.185470802678237
-0.120691590093581,-1.58529431431848,14.7765948783383,-0.19197738304116,-20.705310130361,0.583333822883174,-0.12475473334092
-0.115687191923731,-1.59077166759077,14.7511903103753,-0.204619884799577,-20.712916017699,0.561004847823066,-0.0588109062071021
-0.110558706690656,-1.5962123456456,14.7268000566964,-0.217233254887709,-20.7207785432483,0.536589509841155,0.0108181952680744
-0.105316272252513,-1.60160882688205,14.7034238797711,-0.229752752129104,-20.7288705325802,0.510177386801562,0.0824305911049456
-0.0999705880715134,-1.60695467315183,14.6810506673848,-0.242110212698173,-20.7371675573205,0.481868642503202,0.154212416619654
-0.094532805992515,-1.61224425080619,14.6596601709667,-0.254235555352627,-20.7456490061608,0.451769646361151,0.224297412295192
-0.0890143857840654,-1.61747231757136,14.6392254688967,-0.266058543522505,-20.7542987404701,0.419989417918304,0.290833887906119
-0.0834269444032356,-1.62263354021082,14.619715866648,-0.277510532035703,-20.7631056158986,0.386637517458922,0.352053162233543
-0.0777821273822212,-1.62772202323426,14.6010998282459,-0.288525939026678,-20.772064136685,0.351823613039655,0.40633329409807
-0.0720915195391806,-1.63273092356815,14.5833475214043,-0.29904327489695,-20.7811753608313,0.315658568407662,0.452253225068619
-0.0663665946914068,-1.63765220424783,14.5664326495002,-0.309005691155245,-20.7904479553917,0.278256646370459,0.488634723645773
-0.0606186873261008,-1.64247655162617,14.5503333936101,-0.318361132302052,-20.7998991008651,0.239738352989839,0.514571913845387
-0.05485895939371,-1.64719345537542,14.5350324398719,-0.327062247741208,-20.8095548314434,0.200233509894443,0.529449979039496
-0.0490983353247248,-1.65179143379239,14.5205161829813,-0.335066233596484,-20.8194494025277,0.159884232106446,0.532955463696829
-0.0433473879269569,-1.65625837861581,14.5067732676693,-0.34233473854543,-20.8296233926109,0.118847527434108,0.525080491951291
-0.0376161744429595,-1.66058198943128,14.4937926742967,-0.348833903039563,-20.8401204515057,0.0772971878032656,0.506122404371905
-0.03191404204244,-1.66475026291459,14.4815615955918,-0.354534529870214,-20.8509828736594,0.0354245435123988,0.47667910049662
-0.0262494408386803,-1.66875199338047,14.4700634008975,-0.35941232110495,-20.8622464693019,-0.00656242843355714,0.437639049953676
-0.0206297946463512,-1.67257722984865,14.4592760284298,-0.363448077209793,-20.8739354719151,-0.0484421170726272,0.390163858946468
-0.0150614797052781,-1.6762176260291,14.4491711521254,-0.366627743978408,-20.8860583808538,-0.0899846642866561,0.335660773977297
-0.00954994576220996,-1.6796666216749,14.4397143967834,-0.368942216966979,-20.8986056066662,-0.130959544934117,0.275742946666999
-0.00409998303045932,-1.68291941392181,14.4308667024487,-0.370386869221868,-20.9115495103803,-0.171144585928043,0.212176862265965
0.00128389979969422,-1.68597271595428,14.422586691206,-0.370960841521706,-20.9248469366194,-0.210335128536945,0.146818821795095
0.00659705426861915,-1.68882434871815,14.4148336400149,-0.370666203757618,-20.9384437665106,-0.248351753755535,0.0815450536899162
0.0118343097411231,-1.69147275244837,14.4075705028921,-0.369507135242483,-20.9522805545256,-0.285045125088484,0.0181819039548664
0.0169897013208513,-1.69391652213703,14.4007664334257,-0.36748926762072,-20.9662981420932,-0.320297073096228,-0.0415572002154401
0.0220563483450345,-1.69615405790237,14.3943984070447,-0.364619285943376,-20.9804422912592,-0.354017838170723,-0.0961228185699525
0.0270264840897642,-1.69818338392718,14.3884517898112,-0.360904810637578,-20.9946667824736,-0.386140146814417,-0.144166037927158
0.0318916036001689,-1.70000214344896,14.3829199470133,-0.356354513515797,-21.0089348947501,-0.416611269911735,-0.184560695381633
0.0366426773396397,-1.70160773859893,14.3778031466439,-0.350978372301642,-21.0232195648706,-0.445384338238543,-0.216413599171743
0.0412703753459383,-1.70299756069448,14.3731070861275,-0.34478795172929,-21.0375027356579,-0.472410033972215,-0.239066108820318
0.0457652555935269,-1.70416924968806,14.3688413612741,-0.337796610447663,-21.051774440969,-0.497629486341764,-0.252090501738973
0.0501178861178038,-1.70512092695647,14.3650181405052,-0.330019566565921,-21.0660320872687,-0.520968913899092,-0.255283966191182
0.0543188879088728,-1.70585135687197,14.3616512381124,-0.32147379768848,-21.0802802384355,-0.542336345128922,-0.248662120970039
0.0583589022814319,-1.70636000622107,14.3587557135357,-0.312177798581057,-21.0945310387985,-0.561620630109225,-0.232452958060027
0.062228500485614,-1.7066469838354,14.3563480648117,-0.302151261373725,-21.1088052474088,-0.578692884361621,-0.207091161054783
0.0659180642418838,-1.70671285629287,14.3544470252235,-0.291414775115859,-21.1231337164912,-0.593410425821616,-0.173211988150672
0.0694176725171753,-1.70655834978031,14.3530749025943,-0.279989656521568,-21.1375590347487,-0.6056231187115,-0.131643384873142
0.0727170307999681,-1.70618396344614,14.3522593128216,-0.267898016244037,-21.1521369778184,-0.615181794047005,-0.0833947657032943
0.0758054733692023,-1.70558953501821,14.3520350531802,-0.255163132815494,-21.1669373727408,-0.621948094083549,-0.0296410183535323
0.0786720558097734,-1.70477381174712,14.3524457516668,-0.241810149596972,-21.1820440018791,-0.625804747660001,0.028299296701763
0.0813057361738307,-1.70373408544815,14.3535448407708,-0.227867038793045,-21.1975532510499,-0.626665032786619,0.0889919135074242
0.083695621946594,-1.70246594631922,14.355395367588,-0.213365704401701,-21.2135713396811,-0.624480122400219,0.150920578308637
0.0858312427047774,-1.70096319530153,14.3580682051238,-0.198343045986786,-21.2302101500138,-0.619243222067601,0.212525302810218
0.0877027994266351,-1.69921793300018,14.3616383508754,-0.182841786645544,-21.2475818529428,-0.610989870807389,0.272243284322888
0.0893013449376988,-1.69722081938702,14.3661792398188,-0.16691089670976,-21.2657926842371,-0.599794396013914,0.328550212160873
0.0906188657809542,-1.69496147966603,14.3717552686876,-0.150605508303532,-21.2849363382131,-0.585763146654285,0.379999565085649
0.0916482601416141,-1.6924290235424,14.3784130462428,-0.133986303604574,-21.3050874938158,-0.569025601665144,0.425257790598113
0.092383232741979,-1.68961264707107,14.3861722028481,-0.11711844893717,-21.3262959973334,-0.549724662407176,0.463133896601547
0.0928181488943238,-1.68650229361815,14.3950168928001,-0.100070219609001,-21.3485822185551,-0.528007366210039,0.492602887770983
0.0929479010609196,-1.68308935512365,14.4048893548275,-0.0829115050967198,-21.3719340854568,-0.504016968517304,0.51282347867124
0.0927678391720764,-1.67936738879413,14.4156869657488,-0.0657123963442729,-21.3963062638469,-0.477886944377247,0.523151390830188
0.0922738022309124,-1.67533280691553,14.4272639936667,-0.0485420388176431,-21.4216218178244,-0.449737086795457,0.523150112619801
0.0914622664418385,-1.67098547545761,14.4394386317898,-0.031467890464801,-21.4477764036234,-0.419671622491611,0.512601087464595
0.0903306007315761,-1.66632914519211,14.4520049156471,-0.0145554595014726,-21.4746446154979,-0.387779177146836,0.491514826494241
0.0888774012867231,-1.66137165075752,14.4647480487281,0.00213147949745946,-21.5020876327317,-0.354134492121664,0.460143477961422
0.0871028654867876,-1.65612484958255,14.4774608719461,0.018530272300898,-21.5299610167383,-0.318801939657013,0.418994045697552
0.0850091621225709,-1.65060432184439,14.489959022253,0.0345785287724201,-21.5581215388595,-0.281840974628535,0.368839933302289
0.0826007535402845,-1.6448288930296,14.5020927595035,0.0502132395578072,-21.5864323365553,-0.243313581912278,0.31072717546426
0.0798846215147065,-1.63882005775079,14.5137542842431,0.0653701165577064,-21.6147663115787,-0.203293416035679,0.245970655052399
0.0768703432392342,-1.63260137253469,14.5248802254323,0.0799834067221589,-21.6430082293667,-0.161875731586876,0.176135346265661
0.0735699660693708,-1.62619786189703,14.5354496584166,0.0939863674685694,-21.6710562744303,-0.119186556195474,0.102998635191862
0.069997650426762,-1.61963545940581,14.5454784558245,0.10731246025458,-21.6988236981592,-0.075389144469956,0.0284922946507562
0.0661690946819436,-1.61294049592908,14.5550110774629,0.119897133288652,-21.7262407866191,-0.0306859059687472,-0.0453733330316111
0.0621008138758872,-1.60613925025647,14.5641111263296,0.131679880615336,-21.753256879399,0.0146851501485908,-0.116596010837895
0.0578093922821543,-1.59925758362785,14.5728520894253,0.142606160041308,-21.7798418378758,0.0604590742161626,-0.183269088331032
0.0533108435561259,-1.59232067872048,14.581309539216,0.152628780770546,-21.8059863462363,0.106356046112385,-0.243659357654413
0.0486201827858239,-1.58535289100592,14.5895556546914,0.161708526348228,-21.8317007112735,0.152094416477059,-0.296267494626834
0.043751254850077,-1.57837770030594,14.5976563288958,0.169813989412327,-21.8570122420038,0.197402352697414,-0.339867789648575
0.038716799304558,-1.57141773188324,14.6056705565622,0.176920774238177,-21.8819616401456,0.242026462668781,-0.373528332530451
0.0335286867640342,-1.56449480679475,14.6136514142181,0.183010316209616,-21.9065989970294,0.285736768754289,-0.396615763552684
0.0281982445838371,-1.55762998260388,14.6216478244983,0.188068570136405,-21.9309799640002,0.328328266013688,-0.408789676611371
0.0227365965245406,-1.55084355598898,14.6297063849002,0.19208476502852,-21.9551624911513,0.369619846953161,-0.4099911417352
0.0171549605705628,-1.54415501311633,14.6378727809115,0.195050354178373,-21.979204353219,0.409451483591695,-0.40042844441914
0.0114648722552154,-1.5375829308272,14.6461925286753,0.19695823289092,-22.0031614522465,0.447680564810991,-0.380561491493353
0.00567831987160239,-1.5311448463245,14.6547110367408,0.197802262760674,-22.0270867803313,0.484178033530004,-0.351085022514229
-0.000192207533684983,-1.5248571254972,14.663473137611,0.197577124670807,-22.0510298412532,0.518824791299092,-0.312909814126455
-0.00613374838323931,-1.51873486704012,14.6725223460478,0.196278510197861,-22.0750363225071,0.551508676658171,-0.267140631810012
-0.0121329545231842,-1.51279187935144,14.6819001383632,0.193903639921993,-22.0991478535128,0.582122221128471,-0.215049758999807
-0.0181762104751896,-1.50704075802969,14.691645513611,0.190452063340221,-22.1234017658464,0.610561321335444,-0.158045495081632
-0.0242497575194016,-1.50149307429853,14.70179499617,0.185926650713668,-22.1478308608727,0.636724901343045,-0.0976359202120001
-0.0303397931795701,-1.49615966183905,14.7123830835482,0.180334646058166,-22.1724632578407,0.660515552637587,-0.0353892581988452
-0.0364325202264616,-1.49105096695158,14.7234429637067,0.173688627917677,-22.1973224145294,0.681841026689806,0.0271069723494667
-0.0425141278483447,-1.48617741136372,14.7350071648688,0.166007229846172,-22.2224273724583,0.700616333670311,0.0882854157142029
-0.0485706999920386,-1.48154971222629,14.7471076971917,0.157315509414006,-22.2477931914713,0.716766112256785,0.146634503578661
-0.0545880597092605,-1.47717911090119,14.7597752251385,0.14764491048772,-22.2734314352025,0.730226905079625,0.200728491839045
-0.0605515708914396,-1.47307747717074,14.7730368757833,0.137032824870128,-22.2993504866368,0.740949020154989,0.249251160811752
-0.0664459280800703,-1.46925727326597,14.7869124323119,0.125521809982734,-22.3255554419146,0.748897766191458,0.291013494626134
-0.0722549703860691,-1.46573137771936,14.8014088738496,0.113158551573553,-22.352047367016,0.754053990663204,0.324966561309321
-0.0779615572101578,-1.46251278041608,14.8165135021933,0.0999926750559724,-22.3788218095029,0.756413988386655,0.350211435500212
-0.0835475417873263,-1.45961416853438,14.8321862477157,0.0860755133946571,-22.4058666300461,0.755988954609981,0.366008293979332
-0.0889938730216766,-1.45704743215312,14.8483521570808,0.0714589420184313,-22.4331594386266,0.752804208124435,0.371786748665011
-0.094280845126919,-1.4548231316372,14.8648954662402,0.0561943990549759,-22.4606651495006,0.746898402643227,0.367159050009006
-0.0993884966715668,-1.45294998737979,14.8816569036981,0.0403322204472404,-22.4883343368008,0.738322882489131,0.351936972612214
-0.104297136625488,-1.45143447086762,14.8984357400739,0.023921424029706,-22.5161030828055,0.727141237395248,0.326152016910096
-0.108987950694897,-1.45028058238936,14.9149974309434,0.00701005770947459,-22.5438947836069,0.713428995105296,0.290077188299473
-0.113443626444698,-1.44948988155037,14.9310865263145,-0.0103538332933488,-22.5716239212066,0.69727327975201,0.244247333779028
-0.117648938888966,-1.4490617859989,14.9464431899949,-0.0281206732415114,-22.5992012774755,0.678772179359194,0.18947415831889
-0.121591258152568,-1.44899408170487,14.9608207423205,-0.0462374523162555,-22.6265397026998,0.658033532384565,0.126851812439571
-0.12526096268817,-1.44928352217798,14.9740015418797,-0.0646457911198059,-22.653559550073,0.635172888329395,0.057749298213624
-0.128651746277925,-1.4499263645086,14.9858092403172,-0.0832804050634111,-22.6801932180738,0.610310554568402,-0.0162132327100787
-0.131760787445532,-1.45091871359373,14.9961165136435,-0.102068395547692,-22.7063886479423,0.583567908508519,-0.0932058891971303
-0.134588721396945,-1.45225661457971,15.0048482386229,-0.120929662046458,-22.7321118089161,0.555063461531616,-0.17124770782565
-0.137139347514894,-1.45393591926473,15.0119804994042,-0.139778480474724,-22.7573480754943,0.524909375681655,-0.248279304551975
-0.139419041192386,-1.45595202168656,15.017535929366,-0.158525995652168,-22.78210213873,0.49320912032331,-0.322243245852234
-0.14143591176567,-1.45829958626466,15.0215760201823,-0.177083135530479,-22.8063959974701,0.460056693130126,-0.391163902758275
-0.143198825047781,-1.46097237399338,15.0241913047391,-0.195363368586819,-22.8302648162136,0.425537435885043,-0.453218677921906
-0.14471645176862,-1.46396322171152,15.0254906320865,-0.213284823845706,-22.853750931996,0.389730152306302,-0.506794857080153
-0.14599649340284,-1.46726417075106,15.0255908815549,-0.230771522302911,-22.8768967941147,0.352710119368392,-0.55052996213739
-0.147045184488448,-1.47086669493498,15.0246082910502,-0.247753728944651,-22.8997379076522,0.3145526773475,-0.583336954683785
-0.147867102009766,-1.4747619543368,15.0226521565833,-0.264167636036203,-22.9222968594849,0.275337269396052,-0.60441789729241
-0.148465253568433,-1.47894099951496,15.0198211634242,-0.279954688051167,-22.9445793066176,0.235151942735576,-0.613270421613853
-0.148841379091952,-1.48339486388402,15.0162021750167,-0.295060864665473,-22.9665725273705,0.194098302201102,-0.609690900407501
-0.148996386887963,-1.48811450472992,15.0118710272589,-0.309436175751085,-22.9882468325286,0.152296732035099,-0.593776986994432
-0.148930845123515,-1.49309058038924,15.0068947181845,-0.323034530975537,-23.0095598346869,0.109891359576061,-0.565930651672529
-0.148645456991232,-1.4983130835989,15.0013343201858,-0.33581404096179,-23.0304632249759,0.067053848204262,-0.526861105926944
-0.148141456841371,-1.50377088670709,14.9952479250361,-0.347737701022838,-23.0509112895063,0.0239847957940751,-0.477585213481909
-0.147420875021978,-1.50945128962551,14.9886929581841,-0.358774306767041,-23.070869943307,-0.0190885386981512,-0.419421292483938
-0.146486634686559,-1.51533968574761,14.9817273006184,-0.368899366154898,-23.0903246918609,-0.0619190754573509,-0.353971063364284
-0.145342468331084,-1.52141946016252,14.9744088773524,-0.37809572725608,-23.1092858453576,-0.104251312249976,-0.283084590289989
-0.14399267586648,-1.52767219594022,14.9667937222904,-0.386353663957497,-23.1277896896585,-0.14583598040111,-0.208805087221375
-0.142441783216956,-1.53407818853467,14.9589329463547,-0.393670271527079,-23.1458951903009,-0.186445394167147,-0.133294493155456
-0.140694187206254,-1.54061717708907,14.9508693781332,-0.400048203279294,-23.1636769471203,-0.22588627723873,-0.0587457244005477
-0.138753875537976,-1.54726913140902,14.942634761848,-0.405493972034044,-23.1812160981697,-0.264007237133544,0.0127084736888156
-0.136624285476178,-1.55401491748321,14.9342482193091,-0.410016167819703,-23.1985912784611,-0.300699430180862,0.0790789896539007
-0.134308321073334,-1.56083670978382,14.9257162867294,-0.4136239530145,-23.2158714276676,-0.335890747460306,0.138587262702606
-0.131808504987813,-1.56771810204583,14.9170343994699,-0.416326089594409,-23.2331114175382,-0.369535309982661,0.189711279541888
-0.129127213471022,-1.57464395229074,14.9081893860321,-0.418130583202515,-23.2503505361376,-0.40160071298301,0.231211048304893
-0.126266938058216,-1.58160005309481,14.899162422191,-0.419044865077239,-23.2676131718691,-0.432055298523275,0.262137389474484
-0.123230529744872,-1.58857273530109,14.8899319587759,-0.419076323843479,-23.2849107332406,-0.460857092419311,0.281829384270299
-0.120021401381291,-1.59554850035874,14.8804762906531,-0.418232962814862,-23.3022438754835,-0.48794531695448,0.289905681736013
-0.116643681663652,-1.60251374825677,14.8707755967453,-0.416523980379744,-23.3196043446135,-0.513234843928092,0.286253702541
-0.113102324830889,-1.60945463734122,14.8608134019204,-0.413960131768438,-23.3369760568948,-0.536613670679409,0.271019234436946
-0.109403182820532,-1.61635708639725,14.8505774755406,-0.410553807692716,-23.3543353184378,-0.557943431024274,0.244597393502399
-0.105553042939085,-1.62320690996948,14.8400601979966,-0.406318841883306,-23.3716503175489,-0.577062973753989,0.207624627429746
-0.101559627743149,-1.62999006357055,14.829258418977,-0.401270125306241,-23.3888801842145,-0.593795028623098,0.160970477449798
-0.0974315487403409,-1.63669296409993,14.8181728255488,-0.395423151922678,-23.4059740102648,-0.607955835188993,0.105727252742801
-0.0931782048766017,-1.64330284128444,14.8068068553976,-0.388793641748239,-23.4228702614885,-0.619367284474637,0.0431956237644528
-0.0888096227400621,-1.6498080691758,14.7951652408891,-0.381397379476199,-23.4394969842083,-0.627870650272038,-0.0251355784843753
-0.0843362465507005,-1.6561984245946,14.7832523465526,-0.373250365817947,-23.4557731078951,-0.633340458286443,-0.0976164803891346
-0.0797687001211028,-1.66246522539036,14.7710705443878,-0.364369315841021,-23.4716109745684,-0.635696648410289,-0.17247048904184
-0.0751175541541818,-1.66860131651589,14.7586189256379,-0.354772458825852,-23.4869200052592,-0.634913092677337,-0.24783522939644
-0.0703931369650082,-1.67460089609581,14.745892644094,-0.344480520650459,-23.501611184941,-0.631020888180977,-0.321808644135851
-0.0656054220882256,-1.68045920197839,14.7328831108951,-0.333517715353594,-23.5156018653603,-0.624105628034583,-0.392498083375547
-0.0607640136418216,-1.68617210492769,14.7195791257092,-0.321912554781494,-23.5288203042038,-0.614298904665308,-0.458069705371768
-0.0558782331071424,-1.69173566954605,14.7059688704055,-0.309698309316244,-23.5412094097739,-0.601765321540589,-0.516795352535056
-0.0509572939176455,-1.69714574335286,14.6920425539166,-0.296913016616991,-23.5527293360345,-0.586686990049757,-0.567094391056658
-0.046010536308065,-1.70239761776601,14.6777954157102,-0.283599022237394,-23.5633588248764,-0.56924768071683,-0.607568817401035
-0.0410476860705273,-1.70748577862966,14.6632307734721,-0.269802127678579,-23.5730954510132,-0.549618508907869,-0.637031117747045
-0.0360790967527976,-1.71240373722223,14.6483628133675,-0.255570494967381,-23.5819551193389,-0.527946438511958,-0.654525610036893
-0.0311159340110067,-1.71714391508821,14.6332188255183,-0.240953501208702,-23.5899712507935,-0.504346243363001,-0.659345014844591
-0.0261702617130719,-1.72169755313157,14.6178405511958,-0.226000747307403,-23.5971940569239,-0.478896081837529,-0.651044559184318
-0.0212549914972831,-1.72605462874465,14.6022842312528,-0.210761406170016,-23.6036901600789,-0.451636618700532,-0.629455942331069
-0.0163836622672938,-1.73020379121523,14.5866188753033,-0.195284051081829,-23.6095425970565,-0.422573647088298,-0.594702975918328
-0.0115700271607532,-1.73413235884641,14.5709223010185,-0.17961703622381,-23.6148509927757,-0.391684306549641,-0.547219674226629
-0.00682744824788867,-1.73782645022457,14.5552747415887,-0.163809405646406,-23.619731460344,-0.358927079173243,-0.48776995708689
-0.00216813845210791,-1.74127133236069,14.5397503750324,-0.147912184292305,-23.624315637135,-0.324255581395867,-0.417465899584839
0.0023976537107345,-1.74445204288107,14.5244079666162,-0.131979765286979,-23.628748262917,-0.287635601570123,-0.337778722119466
0.00686235835477931,-1.74735427057905,14.509282704364,-0.1160709852088,-23.6331828820602,-0.249063849511396,-0.250534061323198
0.0112214958917738,-1.749965366259,14.4943817914075,-0.100249433966247,-23.6377755953694,-0.208585713544763,-0.157881845682719
0.0154735977242041,-1.75227524257938,14.4796859146738,-0.0845826488599076,-23.6426772283549,-0.166308468594737,-0.0622331454033073
0.0196195459175173,-1.75427687362428,14.4651571018709,-0.0691401265918779,-23.6480247109001,-0.122406485197953,0.0338371474860149
0.0236614145252419,-1.75596617895347,14.4507511412271,-0.0539904884991331,-23.6539327630689,-0.0771164362563393,0.127713222822169
0.0276010762740085,-1.75734127105682,14.436430767643,-0.0391984817020973,-23.6604870683146,-0.0307230034878073,0.216869354812151
0.031438934608828,-1.75840127771069,14.4221753704208,-0.0248225999787063,-23.6677399557994,0.0164618411502195,0.298988328090005
0.0351730958255069,-1.75914510329225,14.4079844149474,-0.0109138913397604,-23.6757092386504,0.0641214133973628,0.372051106889454
0.0387991332072302,-1.75957049321696,14.3938743323752,0.00248390413738824,-23.684380350519,0.111954334674592,0.43439110279461
0.0423104000752901,-1.75967363122577,14.3798709769579,0.0153331612304053,-23.6937114024025,0.15968902518708,0.484715904242293
0.045698706229849,-1.7594493117211,14.3660008670518,0.0276006437355356,-23.7036403523523,0.207091625714417,0.522105046615413
0.0489551200178389,-1.7588915719767,14.352284128902,0.0392558021965626,-23.7140932184604,0.253967909812605,0.545993642283437
0.0520706848444606,-1.75799458607434,14.3387308508269,0.0502695315050305,-23.7249922033523,0.30016066918158,0.556150004251568
0.0550369082964024,-1.75675361117868,14.3253411370326,0.0606136384378691,-23.7362627268192,0.345544289200466,0.552652626567409
0.0578459610835465,-1.75516581181457,14.3121080438724,0.0702610855989511,-23.7478386320567,0.390017986878336,0.535869229700026
0.0604905921116377,-1.75323083911861,14.2990219885886,0.0791869259998502,-23.7596651735629,0.433498716435877,0.506438392338733
0.0629638195190272,-1.75095109169056,14.2860751037271,0.0873697248770757,-23.7716997507823,0.475914281226385,0.46525257091638
0.0652584958760514,-1.74833162733128,14.2732642396965,0.094793175427631,-23.783910681519,0.517196874122504,0.413439987985142
0.0673668693848089,-1.74537973569859,14.2605917731273,0.101447556123913,-23.796274585475,0.557277170897461,0.352342083990465
0.0692802676920752,-1.74210422611667,14.2480639694954,0.107330665186334,-23.8087731373813,0.596079201018719,0.283483226725583
0.0709890103511781,-1.7385145324031,14.235687280914,0.112447927820385,-23.8213900030846,0.633516415226628,0.208530434439715
0.0724826072033961,-1.7346197782878,14.2234635033876,0.116811519576601,-23.8341086475522,0.669489506260544,0.129243018456779
0.0737502299599443,-1.73042796551921,14.21138501737,0.120438566267792,-23.8469114027176,0.703886470883123,0.0474148159966773
0.0747813729228199,-1.72594542822054,14.1994312815042,0.123348710879232,-23.8597797827016,0.736585075103591,-0.0351858325156806
0.0755665708044474,-1.72117663963679,14.1875673528403,0.125561500703173,-23.8726956708645,0.767457380475303,-0.116872002269505
0.076098034134777,-1.71612437687834,14.1757446180341,0.127094081770749,-23.8856428075923,0.796375496374827,-0.196084225526737
0.0763700960405815,-1.71079017305485,14.1639033609368,0.127959585596584,-23.8986080311274,0.823217444481063,-0.271422983601489
0.0763794210946281,-1.70517493767775,14.1519764423931,0.128166402104042,-23.9115819155792,0.847872054647801,-0.341666718694021
0.0761249840881381,-1.69927961496292,14.1398932903809,0.127718326038483,-23.9245587004222,0.870242112678076,-0.405776834446402
0.0756078681627765,-1.69310577217866,14.1275835429771,0.126615409575689,-23.9375356124228,0.890245430501868,-0.462892651070238
0.0748309490383649,-1.68665604869841,14.1149799399338,0.124855272564134,-23.9505117931006,0.907813931955366,-0.512319760203942
0.0737985312701266,-1.67993443931837,14.1020203210582,0.122434617053232,-23.9634870657416,0.92289117024764,-0.553515007172204
0.0725159884322075,-1.67294641867893,14.088648792529,0.119350732142619,-23.9764607378417,0.935428852332226,-0.586070711750291
0.0709894418564829,-1.66569893571813,14.0748162473237,0.115602837715907,-23.9894305737484,0.945382982476469,-0.609700059723499
0.0692254963216657,-1.65820031695462,14.0604804784818,0.111193176925464,-24.0023920135989,0.952710183232264,-0.624224987693262
0.0672310383743555,-1.65046011766259,14.0456061229251,0.106127814628099,-24.0153376707881,0.957364647267303,-0.629567379672358
0.0650130956099197,-1.64248895530353,14.0301646410253,0.100417131623892,-24.0282571130489,0.95929606231216,-0.62574402945672
0.0625787512560606,-1.63429835124504,14.0141344862511,0.0940760197704528,-24.0411369192759,0.958448734844948,-0.612865511448214
0.0599351078743519,-1.62590059804799,13.9975015611458,0.0871237885264277,-24.0539610003459,0.954762032802009,-0.591138850325127
0.0570892950588097,-1.61730866093331,13.980259994252,0.0795837930780442,-24.0667111729826,0.94817216296339,-0.560873633102228
0.0540485177681038,-1.60853611438985,13.9624132099658,0.0714827946999584,-24.0793679771475,0.938615191755739,-0.522490957029028
0.0508201431112071,-1.59959710858058,13.9439752014381,0.0628500704503241,-24.0919117263431,0.926031103616326,-0.476534337893814
0.0474118229937881,-1.5905063557905,13.9249718592013,0.0537163059578998,-24.1043237735876,0.910368571996774,-0.423681415299051
0.0438316471029041,-1.58127912522724,13.9054421609681,0.0441123336226528,-24.1165879606879,0.891590006954719,-0.36475498852935
0.04008831455266,-1.57193123547993,13.8854389982224,0.0340678164633314,-24.1286921921856,0.869676360014414,-0.300731604927439
0.0361913036474943,-1.56247903816824,13.865029409558,0.0236100186215013,-24.1406300369507,0.844631143753456,-0.232745643680116
0.0321510093259958,-1.55293939307195,13.8442940120726,0.0127628348489687,-24.1524022135299,0.816483189027414,-0.162086660814627
0.0279788101698416,-1.54332964252409,13.823325467634,0.00154625707767628,-24.1640177715232,0.785287829061446,-0.0901878036670137
0.0236870262304315,-1.53366759837081,13.8022258840056,-0.010023577664596,-24.1754947607581,0.751126455323609,-0.0186035306323512
0.0192887395644512,-1.52397155511345,13.7811031280341,-0.0219336935954378,-24.186860207828,0.714104682919924,0.0510241930094318
0.0147974725961539,-1.51426033577906,13.7600661272006,-0.0341729891028081,-24.1981493132289,0.674349612759744,0.117010628522315
0.0102267517469401,-1.504553363,13.7392193754796,-0.0467305339377442,-24.2094039360976,0.632006812934506,0.177681671777027
0.00558961585092394,-1.49487073068734,13.7186570494348,-0.0595937242797682,-24.2206706074491,0.587237624428176,0.231432256784381
0.000898149541547667,-1.48523323809454,13.6984573531116,-0.0727466017572997,-24.2319984393788,0.540217254418301,0.276785374554722
-0.00383687698352854,-1.47566234406993,13.6786778705059,-0.086168599747368,-24.2434373106262,0.491133921493605,0.312447600186974
-0.00860619891722323,-1.46618000714236,13.6593527225343,-0.0998338785278582,-24.2550365808719,0.440189127277096,0.33735813180566
-0.0134020465843194,-1.45680839439525,13.6404921528396,-0.113711286293022,-24.2668443503914,0.387598970891277,0.350729837407475
-0.018217935041509,-1.44756946401947,13.6220848274775,-0.127764873723508,-24.2789070208853,0.333596273044816,0.352082130749591
-0.0230482818079535,-1.43848444891898,13.6041027054143,-0.141954820000124,-24.2912687233341,0.278433094752348,0.341266229349285
-0.0278879004263022,-1.42957329031961,13.5865079039612,-0.156238602817934,-24.3039701319936,0.222383002361044,0.318483259933854
-0.032731432063621,-1.42085409059952,13.569260606994,-0.170572253348956,-24.3170463103542,0.165742178862601,0.284294753845689
-0.0375727906337942,-1.41234267148451,13.552326789155,-0.184911562169924,-24.3305235199085,0.10882830477445,0.239623503468088
-0.042404708505674,-1.4040523309338,13.5356844147666,-0.199213129188363,-24.344415306275,0.0519761722617835,0.185741010619931
-0.0472184724202832,-1.39599387919461,13.5193269011574,-0.21343517309703,-24.3587185553851,-0.00447060150341575,0.124236697468235
-0.0520039207019113,-1.38817599276256,13.5032630895875,-0.227538037087481,-24.3734104474435,-0.0601715706469645,0.0569647397987187
-0.0567497246786316,-1.3806058556656,13.4875137306965,-0.241484356670518,-24.3884471994995,-0.114803857756795,-0.0140324251454765
-0.0614439055000154,-1.37328997865101,13.4721053879941,-0.255238899970337,-24.4037651319347,-0.168076604037563,-0.0866195277239988
-0.066074467279827,-1.36623503071917,13.4570633654368,-0.268768147611058,-24.4192840158945,-0.219742657995869,-0.158672840804991
-0.0706299918857606,-1.35944851256094,13.4424054573542,-0.282039731773959,-24.4349120804852,-0.269605124268242,-0.228180268215438
-0.0751000592805851,-1.35293915313488,13.4281379042345,-0.295021880197919,-24.4505517160713,-0.317517634837775,-0.293324765038237
-0.079475420987098,-1.34671699540519,13.4142541219119,-0.307682997776691,-24.4661049138045,-0.363378734789053,-0.35254323442449
-0.0837479315816526,-1.34079321779144,13.400735931035,-0.31999147161314,-24.4814777664032,-0.407121980394488,-0.404559033412788
-0.0879103018000454,-1.33517978630117,13.3875564607383,-0.331915724875873,-24.4965837482569,-0.448703871652521,-0.4483912231797
-0.0919557614190533,-1.32988904177763,13.3746837399786,-0.343424492209772,-24.5113458297569,-0.48809160879829,-0.483346396967551
-0.0958777141588081,-1.32493330783296,13.3620841379426,-0.354487256650873,-24.5256976770267,-0.525252141581016,-0.50899935596228
-0.0996694441850019,-1.32032457362629,13.3497251103994,-0.365074775905315,-24.5395842433783,-0.560143374304442,-0.525167907145304
-0.10332390780732,-1.31607427458394,13.3375770121266,-0.375159627946489,-24.5529620170576,-0.592707893662088,-0.531885521253558
-0.106833622663576,-1.31219317007797,13.3256139694639,-0.384716714612444,-24.5657991033768,-0.622869265191592,-0.529374115706841
-0.11019065249044,-1.30869130132647,13.3138139514127,-0.393723672719231,-24.5780752285456,-0.650530775178437,-0.518018098686527
-0.11338667723154,-1.30557800485148,13.3021582445484,-0.402161152874627,-24.5897816790688,-0.675576415038077,-0.498340073982247
-0.116413133692057,-1.30286195431136,13.2906305505065,-0.41001293835461,-24.6009211446905,-0.697873860380568,-0.470978231308664
-0.119261409062005,-1.30055120558441,13.2792159062899,-0.417265890168971,-24.6115074128422,-0.71727914490519,-0.436665333651363
-0.121923067677933,-1.29865322479247,13.2678995931409,-0.423909720957548,-24.6215648646161,-0.733642660698897,-0.396209280209267
-0.124390090298787,-1.29717488562396,13.2566661585525,-0.4299366181093,-24.6311277387561,-0.746816038633125,-0.350475369249628
-0.126655105479857,-1.29612242954539,13.2454986338956,-0.435340753273196,-24.6402391535558,-0.756659397580298,-0.300370520772039
-0.128711594608438,-1.29550138949829,13.234377990747,-0.440117727799793,-24.6489498992711,-0.76304841970843,-0.246829765890546
-0.130554055900278,-1.29531648323818,13.2232828456204,-0.444264009919503,-24.6573170310209,-0.765880728298075,-0.190805231115124
-0.132178117921714,-1.29557148536261,13.2121893980519,-0.447776420169276,-24.6654023021257,-0.765081121765626,-0.133257640830426
-0.133580597603352,-1.2962690906638,13.2010715699604,-0.450651712275079,-24.6732704774358,-0.760605316586892,-0.075150052964777
-0.134759503128232,-1.29741078018636,13.1899013070032,-0.452886289170672,-24.6809875646252,-0.752441997425386,-0.0174432330527057
-0.135713984006479,-1.29899670472631,13.1786489980992,-0.454476075541737,-24.6886189950078,-0.740613079428519,0.0389081934970815
-0.136444236264145,-1.30102559365447,13.1672839715168,-0.455416565813113,-24.6962277878541,-0.725172257003792,0.0929598193940422
-0.136951369153798,-1.30349470357173,13.1557750210309,-0.45570304063136,-24.7038727318094,-0.706201960269458,0.143782757489455
-0.137237246237834,-1.30639981018634,13.1440909171459,-0.455330947160815,-24.7116066272784,-0.683809000064097,0.190471042747983
-0.137304310956186,-1.30973525323601,13.1322008513152,-0.454296407886803,-24.7194746398462,-0.658119186549641,0.232151698148778
-0.137155412766223,-1.3134940304883,13.1200747651825,-0.452596823445619,-24.7275128195118,-0.629271338251384,0.267997778526864
-0.136793646223974,-1.317667939171,13.1076835199192,-0.450231505874075,-24.7357468370531,-0.597411083907061,0.297244335993496
-0.136222216638011,-1.32224775130764,13.0949988785196,-0.447202275314523,-24.7441909728623,-0.562684923529171,0.319207073069863
-0.135444341354923,-1.32722340551356,13.08199329793,-0.443513940720909,-24.7528473682886,-0.525234997667104,0.333303296797575
-0.134463190814045,-1.33258419241797,13.0686395599938,-0.439174583961765,-24.7617055183637,-0.485194993711346,0.339074742495657
-0.133281867990212,-1.33831890709898,13.0549103046251,-0.434195575394151,-24.7707419568449,-0.442687584012005,0.336211836293051
-0.131903418859993,-1.34441594230173,13.0407775579666,-0.428591266450557,-24.7799200743434,-0.39782373690506,0.324578889377465
-0.130330862127993,-1.35086329969986,13.0262123654977,-0.422378337334756,-24.7891900306292,-0.350704179440609,0.304239500340001
-0.128567223530986,-1.35764850585991,13.011184636233,-0.415574824821985,-24.7984887853716,-0.301423191210066,0.275480960972392
-0.126615560146891,-1.3647584343049,12.9956632720227,-0.408198920171053,-24.807740376975,-0.250074747867168,0.238835705713149
-0.124478962722137,-1.37217905724151,12.9796165899334,-0.40026770143337,-24.8168567105218,-0.196760756018897,0.195096817398789
-0.122160530446052,-1.37989517615578,12.9630129488435,-0.391796036482031,-24.8257392258992,-0.141600713680786,0.145323554586436
-0.119663322246882,-1.38789020400938,12.9458213803412,-0.382795934470327,-24.8342818343821,-0.084741622708059,0.0908322147257933
-0.11699030026486,-1.39614608219976,12.9280119344036,-0.373276600616626,-24.8423753575461,-0.0263665084449488,0.0331680200404383
-0.114144291406548,-1.40464340092358,12.9095554308756,-0.363245336444928,-24.84991333918,0.0333002993575946,-0.0259443212182514
-0.111127997026372,-1.41336174679851,12.8904223983536,-0.352709229786655,-24.8567985914288,0.093992659740529,-0.0846700982392625
-0.107944075146786,-1.42228023530854,12.8705811810618,-0.341677348716774,-24.8629493650843,0.155407515060163,-0.141148383596086
-0.104595304059133,-1.43137812260385,12.8499954399811,-0.33016297846879,-24.8683038431579,0.217214523623154,-0.193580717781608
-0.101084816425893,-1.44063535985929,12.8286214654858,-0.318185401879977,-24.8728219040325,0.279068571235903,-0.240314051818822
-0.0974163773917578,-1.45003296946695,12.8064057731326,-0.305770844406399,-24.8764837351562,0.340622696271512,-0.279909066027724
-0.0935946751596323,-1.45955317730817,12.7832833618413,-0.292952433161295,-24.8792856503907,0.401539160010426,-0.311188826636039
-0.0896255983321784,-1.4691793031755,12.7591768401886,-0.279769262090272,-24.881234072366,0.46149722203408,-0.33326690716907
-0.0855164862231853,-1.4788954649354,12.7339964662234,-0.266264831378443,-24.8823389020529,0.520197232715271,-0.34555709641914
-0.0812763494055345,-1.48868617710739,12.707641068138,-0.252485203194508,-24.8826074127177,0.577361545987142,-0.34776810735892
-0.0769160629150822,-1.49853592218459,12.6799998336829,-0.238477197815219,-24.8820395067835,0.632733283456147,-0.339886651313125
-0.0724485322068334,-1.50842875314258,12.6509550437636,-0.224286876803971,-24.8806248214877,0.686074135898051,-0.322151598069571
-0.0678888233436057,-1.51834795955511,12.6203859211568,-0.209958456295092,-24.8783418719887,0.737162266968436,-0.295021357555344
-0.06325423719643,-1.52827580588797,12.5881738007599,-0.195533688183923,-24.8751592133286,0.785791104745399,-0.259136448631575
-0.0585642966055972,-1.53819333367537,12.5542087445965,-0.181051656496391,-24.8710384609385,0.831769462295487,-0.215279504283518
-0.0538406092241063,-1.54808021170522,12.5183974940381,-0.166548872386877,-24.8659388838952,0.87492307629544,-0.164335485375728
-0.0491065704520818,-1.5579146207033,12.4806722943828,-0.152059524035623,-24.8598231370146,0.915097333095851,-0.107255286681716
-0.0443868822262778,-1.5676731701548,12.4409997279534,-0.137615751247524,-24.8526635256967,0.952160695898715,-0.0450258428631078
-0.0397068843936801,-1.57733086113816,12.3993883866904,-0.123247862890933,-24.8444480446564,0.986008187953819,0.0213509530303618
-0.0350917232913392,-1.58686112419614,12.3558941451054,-0.108984480369575,-24.8351853695317,1.01656425185174,0.0908696888641709
-0.0305654116406033,-1.59623596833912,12.3106220405448,-0.0948526467798964,-24.8249080703753,1.04378440252127,0.162524246468703
-0.0261498580831352,-1.60542627138846,12.263724297919,-0.0808779674955056,-24.8136735706524,1.06765530158521,0.235304697457691
-0.0218639574375554,-1.61440222278198,12.2153947030847,-0.0670848360851577,-24.8015627417822,1.08819315346899,0.30819202664254
-0.01772283091664,-1.62313390262283,12.1658601296643,-0.0534967601873072,-24.7886764029838,1.10544059395824,0.380154513720361
-0.0137372899526722,-1.63159195318279,12.1153703900877,-0.0401367575827476,-24.7751302898057,1.11946244731568,0.450148760574384
-0.0099135717269167,-1.63974827891872,12.0641876480884,-0.0270277653710023,-24.7610492033099,1.13034082585409,0.517126870947278
-0.00625336396516167,-1.6475767034363,12.0125764435941,-0.0141930053571651,-24.7465610519378,1.13817003392193,0.580049620048544
-0.00275410539692929,-1.65505351756111,11.9607950548166,-0.00165627184139539,-24.7317913870292,1.14305164005104,0.637904029045288
0.000590479707738208,-1.66215786944775,11.9090885735811,0.0105578615178265,-24.7168588625637,1.14508994749607,0.68972290823463
0.00378967601259638,-1.66887197073348,11.8576837788514,0.0224238978347424,-24.701871865386,1.1443879743511,0.734603787011031
0.0068549760798384,-1.67518111646082,11.8067856941901,0.0339153151000024,-24.686926395227,1.14104398226002,0.771725136864359
0.0097992613519473,-1.68107353665908,11.7565756071871,0.045004499679458,-24.6721051426437,1.13514858146318,0.800358708750193
0.0126360355160507,-1.68654011112645,11.7072102926279,0.055662730938574,-24.6574776238396,1.12678246874197,0.819877843761848
0.0153787671187278,-1.69157398641621,11.6588221885848,0.0658602522453432,-24.6431011808777,1.11601489942409,0.829762526658636
0.0180403820762769,-1.69617013720382,11.611520297477,0.0755664722897943,-24.6290226324415,1.10290302602451,0.82960257082111
0.0206329306393683,-1.70032491547962,11.5653916001044,0.084750334965318,-24.6152803486255,1.08749223309037,0.819100589266319
0.0231674386064845,-1.70403563277933,11.5205027677546,0.0933808776273663,-24.6019065102803,1.06981755543402,0.798076357844226
0.0256539387212343,-1.70730022331152,11.4769019359733,0.101427968712425,-24.5889292922877,1.04990618375753,0.766473868303764
0.0281016636628384,-1.71011703899436,11.4346202745906,0.108863181252487,-24.57637468379,1.02778095060269,0.724371889522375
0.0305193652753312,-1.71248482726821,11.3936730719034,0.115660720025279,-24.5642676384877,1.00346455606281,0.671998229874277
0.0329157049861003,-1.71440293621735,11.3540600699652,0.121798284853505,-24.5526322566654,0.976984165652456,0.609747209074828
0.0352996394102136,-1.71587177273254,11.31576486723,0.127257725306339,-24.5414907637073,0.94837590571971,0.538199098804906
0.0376807075879435,-1.71689350417065,11.2787533616217,0.132025333047303,-24.530861193798,0.917688720068198,0.458139513521111
0.0400691199542186,-1.717472942302,11.2429714408928,0.136091640699583,-24.5207539257177,0.884987059648157,0.370575977078703
0.0424755634998902,-1.71761848482436,11.2083424092302,0.139450655478231,-24.5111675332746,0.850351955083663,0.276748184588576
0.044910680070244,-1.71734293215222,11.1747648981216,0.14209855947879,-24.5020847426111,0.813880189747722,0.178128030807044
0.047384245705152,-1.71666396649088,11.142112143983,0.144032036074469,-24.4934695148395,0.775681525440663,0.0764055140317396
0.0499041659627526,-1.71560410492585,11.1102334131154,0.14524651099307,-24.4852662490205,0.735874240120857,-0.0265423976108201
0.052475479091074,-1.71419003127946,11.0789579616763,0.14573468002372,-24.4774017190375,0.694579565114563,-0.128700669037214
0.0550995922974529,-1.71245136125095,11.0481012948939,0.14548569149156,-24.4697896425115,0.651915875783493,-0.227980347184558
0.0577739415335078,-1.71041905730395,11.0174728339518,0.144485240995707,-24.4623369429657,0.60799358239168,-0.322291938992047
0.0604921639342509,-1.70812382040723,10.986883678657,0.142716639109758,-24.4549501505761,0.562911509989281,-0.409619606298012
0.0632447381582059,-1.70559479551283,10.9561531646822,0.140162690098818,-24.4475402864624,0.516755184088676,-0.488087608570716
0.0660199321329198,-1.70285883223032,10.925113357325,0.13680804739701,-24.4400250532962,0.469597018396053,-0.556012730179346
0.0688048402969708,-1.69994038402955,10.8936113060747,0.132641637095808,-24.4323280037126,0.421498126111447,-0.611940301723337
0.0715863027084292,-1.69686197202635,10.8615095360081,0.127658763872427,-24.4243752389767,0.372511456429425,-0.654665391354102
0.0743515559121693,-1.6936450320483,10.8286856717407,0.121862596646231,-24.4160908313718,0.322686157996015,-0.683243599251081
0.0770885376303393,-1.69031092117473,10.7950322131228,0.115264824659216,-24.4073924669871,0.272073342893697,-0.696997159841324
0.0797858284229739,-1.68688186799418,10.7604573548833,0.107885345950008,-24.3981888205936,0.22073358733732,-0.695521902210878
0.0824322541812293,-1.68338168456059,10.7248874506383,0.0997509005177807,-24.388379998178,0.168746411368604,-0.678699531061022
0.0850161998339406,-1.67983609719009,10.6882713372859,0.0908926155457645,-24.3778620678929,0.116221533134121,-0.646718013043295
0.0875247117366134,-1.67627259180615,10.6505863071613,0.0813425328148018,-24.3665362182186,0.0633108677352461,-0.60010065332433
0.0899425084767558,-1.67271971562362,10.6118450936108,0.0711293785986016,-24.354322351372,0.010219119605883,-0.539741507878773
0.0922510819682827,-1.66920584595352,10.5721029083106,0.0602741204210493,-24.3411758880594,-0.0427903175611107,-0.466940790259337
0.0944281379848321,-1.66575753998176,10.5314634539676,0.0487861788575487,-24.3271053237529,-0.0953980141023852,-0.383429169716346
0.0964476579729547,-1.66239770571061,10.4900829991986,0.0366613822473534,-24.3121869813034,-0.147242779690389,-0.291365816259659
0.0982808075998678,-1.65914394020952,10.4481719200344,0.0238826675649711,-24.2965730178232,-0.197947856181994,-0.193294805334164
0.0998977368733844,-1.65600740021648,10.4059932488352,0.0104239926146063,-24.2804895957465,-0.247154935085608,-0.0920511759554454
0.101270043221057,-1.65299245740145,10.3638574556244,-0.00374298943892282,-24.2642242767511,-0.29455778624962,0.00937834131988801
0.102373414238433,-1.65009717426443,10.3221121722163,-0.0186408657561774,-24.2481044517798,-0.339926091597848,0.10801945853449
0.103189864610569,-1.64731441758203,10.2811256910116,-0.0342788450851678,-24.2324708285581,-0.38311317558897,0.201070088223595
0.103709090870373,-1.64463330681098,10.2412645101859,-0.0506471921541479,-24.2176507965238,-0.424047231787627,0.286029455773277
0.103928729375847,-1.64204070228344,10.2028675830576,-0.0677145818755481,-24.2039358291074,-0.462710986821524,0.360782461663828
0.103853592245234,-1.63952252345277,10.166221884137,-0.0854283933879413,-24.1915655537312,-0.499116937032064,0.423639049146362
0.103494166769128,-1.63706478632525,10.1315441432188,-0.10371734248104,-24.180719397334,-0.533284204722089,0.473337640905513
0.102864751734732,-1.63465432805994,10.0989719453505,-0.122495565900018,-24.1715152371687,-0.565220348082501,0.509024814502287
0.101981580580662,-1.63227924208086,10.0685647781287,-0.141667266210359,-24.1640134632357,-0.594908912901944,0.530222149372655
0.100861187506836,-1.62992908320854,10.0403132645335,-0.161131189983887,-24.158224370378,-0.62230203171924,0.536788219972622
0.0995191562352813,-1.6275949202946,10.0141535254457,-0.180784444053561,-24.1541168204018,-0.64731696411876,0.528880753447781
0.0979692898685059,-1.62526931377288,9.98998345955733,-0.200525383662233,-24.1516265188305,-0.669835720426969,0.506921672277134
0.0962231733947179,-1.62294628066448,9.96767834146599,-0.220255493532634,-24.1506628486958,-0.689707385289018,0.471566131070753
0.0942900690616796,-1.62062128633037,9.94710404945587,-0.239880315719619,-24.1511138167516,-0.706753168964171,0.423675610349673
0.092177078719705,-1.61829127743736,9.92812709767752,-0.259309562618742,-24.1528491781202,-0.720774419542062,0.364294539646385
0.0898895125702224,-1.61595474922676,9.91062130404062,-0.278456603219579,-24.1557221649118,-0.731563781416563,0.294629694437216
0.0874314097575699,-1.61361182512758,9.89447135509955,-0.297237538401293,-24.1595704508688,-0.738919397442191,0.216031641051632
0.0848061572517558,-1.61126431902135,9.87957377843986,-0.315570093829763,-24.1642170574462,-0.74266156768128,0.129977600487894
0.0820171493041041,-1.60891574979146,9.86583595875852,-0.333372558861946,-24.1694718679271,-0.742650676322313,0.0380550755277009
0.0790684237154536,-1.60657128293568,9.85317387932827,-0.350562985906227,-24.1751342810849,-0.738804595399569,-0.0580546904689068
0.0759652077141022,-1.60423758324528,9.8415092613191,-0.367058832998242,-24.1809973164015,-0.731113315956133,-0.156594843472659
0.072714309896219,-1.60192257433938,9.83076672020267,-0.382777177841428,-24.1868531927258,-0.71964842325407,-0.255754478487941
0.0693243086782378,-1.59963511431424,9.82087146178596,-0.397635548743873,-24.1925000692243,-0.704565388302374,-0.353695398085101
0.0658055133667839,-1.59738461128398,9.81174789576403,-0.411553309310144,-24.1977493147075,-0.686097576856944,-0.44858492464001
0.0621697085971682,-1.59518061656192,9.80331935372945,-0.424453414653619,-24.2024324379756,-0.664542267113542,-0.538633894395014
0.0584297293846336,-1.59303244301926,9.79550888069492,-0.436264261909304,-24.2064067523307,-0.640240484206623,-0.622136963101043
0.0545989416468858,-1.59094885686976,9.78824086696854,-0.446921326832219,-24.2095590110611,-0.613553621461291,-0.697510972410877
0.0506907119727307,-1.58893787982379,9.78144315367177,-0.45636832888549,-24.2118066092481,-0.584840209860553,-0.763327073386373
0.04671793812424,-1.58700671655746,9.77504921344017,-0.464557789385994,-24.2130963995616,-0.554435720197121,-0.818333702265452
0.0426926839406338,-1.58516179634625,9.76900007362184,-0.471450990578891,-24.2134015771601,-0.522637175064089,-0.861469743324197
0.0386259309517264,-1.58340889500553,9.76324576838681,-0.477017464372271,-24.2127173522691,-0.489693075757573,-0.89186945788828
0.034527434862291,-1.58175328999384,9.75774622357441,-0.481234198554913,-24.2110562106899,-0.455798118765586,-0.908862260229658
0.0304056644781649,-1.58019989830003,9.7524715492342,-0.484084755762538,-24.2084435028053,-0.421091618926632,-0.911971027102916
0.0262678037297428,-1.5787533517406,9.74740172324771,-0.485558461809371,-24.2049139565667,-0.385658482529971,-0.900912470178676
0.0221198101369026,-1.57741797459131,9.74252560681227,-0.485649772130522,-24.2005095394414,-0.349531861379181,-0.875602460350793
0.017966540444867,-1.57619764135003,9.73783916241352,-0.484357878678871,-24.1952789205722,-0.312697138027352,-0.836168424488692
0.0138119700627721,-1.5750955082763,9.73334268878088,-0.481686585245252,-24.1892785975278,-0.275097493937648,-0.782970039440144
0.00965954126605106,-1.57411363190333,9.72903688993618,-0.47764446000559,-24.1825755207498,-0.23664187246591,-0.716628388142821
0.00551266899453421,-1.57325251334598,9.72491771067521,-0.472245254878329,-24.1752507259054,-0.197216503468799,-0.638062148604533
0.00137540447317027,-1.57251063904645,9.72097014325587,-0.465508553957183,-24.1674030625578,-0.156701084674452,-0.548526822972565
-0.00274679799651975,-1.57188412266263,9.71716165853551,-0.457460561097119,-24.159151632238,-0.114989959466815,-0.449649316004169
-0.00684634203970979,-1.57136657743098,9.71343646092277,-0.448134855763004,-24.150635200798,-0.0720170218285506,-0.343445777148493
-0.0109129809740073,-1.57094934150314,9.70971219168079,-0.437572866354603,-24.142006938466,-0.0277808203902978,-0.232307618714181
-0.0149337632212737,-1.5706221175053,9.70588065048467,-0.42582378670984,-24.1334236986407,0.0176357376558565,-0.118942315464971
-0.0188935724164353,-1.57037396701596,9.70181325821454,-0.41294376830788,-24.1250307442193,0.0640571691712786,-0.00626481069791736
-0.022776214753428,-1.57019445830335,9.69737042029802,-0.398994473819693,-24.1169448473665,0.111222540127933,0.102749179430129
-0.0265657868303754,-1.57007467721527,9.69241233554276,-0.384041376153164,-24.1092399526797,0.158807188226323,0.205222132315332
-0.0302479319387161,-1.57000784098118,9.6868080624505,-0.368152344510899,-24.1019391563647,0.206453507925719,0.298515636058375
-0.0338106385093812,-1.56998939645272,9.68044026784292,-0.351396953419783,-24.0950146470391,0.253802889518788,0.380331765348542
-0.0372444135953135,-1.57001665971679,9.67320463082364,-0.333846633570574,-24.0883945913427,0.300521942655617,0.448769649931225
-0.0405418633350155,-1.5700881759871,9.66500446386281,-0.31557543949848,-24.0819740662486,0.346319414755835,0.502345933916019
-0.0436968370313527,-1.57020301241626,9.65574208757714,-0.296660998140009,-24.075626668279,0.39095370034282,0.539993910523448
-0.0467033194675574,-1.57036016327021,9.64530877531259,-0.277185166825475,-24.0692141258668,0.434233138717916,0.561054981592712
-0.0495542210742335,-1.57055818807036,9.63357498384126,-0.257234022472713,-24.0625924741501,0.476012117720987,0.565271517395122
-0.0522401651008096,-1.57079514871356,9.62038249281597,-0.236896955897583,-24.0556146105915,0.516185705179811,0.552785298224912
-0.054748340593561,-1.57106886978578,9.60554024243883,-0.21626481540284,-24.0481301267455,0.554684624625861,0.524141773877707
-0.0570614964573888,-1.57137751099905,9.58882613217474,-0.195427219937557,-24.0399842106889,0.591471277604131,0.48029729170865
-0.0591571960994793,-1.57172040098456,9.56999761506552,-0.174469342192465,-24.0310181551871,0.626536464646286,0.422623747298415
-0.0610075222501285,-1.57209903073407,9.54881406629444,-0.153468632490219,-24.0210744353087,0.659895673226093,0.35290260865736
-0.06257949165985,-1.57251804556753,9.52507276148293,-0.132492078936742,-24.0100090106151,0.691583451126194,0.273298343151498
-0.0638364651137241,-1.57298602016384,9.49865691502518,-0.111594626943489,-23.9977118612894,0.721644609004768,0.186301086552019
-0.0647407550379869,-1.57351577374284,9.46958831289786,-0.0908192677195272,-23.9841334464619,0.750121887916145,0.0946316467996297
-0.0652573760452708,-1.57412400836124,9.4380702385143,-0.0701990369989207,-23.9693104494644,0.777041234693676,0.00110993870000213
-0.0653584522713378,-1.5748301585967,9.40450281983219,-0.0497607710891244,-23.9533810450529,0.802397575968488,-0.0915001051325501
-0.0650273378658953,-1.57565453586768,9.36945757215514,-0.0295300213187696,-23.9365809162095,0.826145123921763,-0.180644585204876
-0.0642613173043661,-1.57661609500873,9.33361178413314,-0.00953615625712658,-23.9192175518328,0.848195748259258,-0.264103801168605
-0.0630720712173363,-1.57773033279893,9.29766005586374,0.0101834510549974,-23.9016292332595,0.868426471112657,-0.340065051793242
-0.0614838421221367,-1.57900782041905,9.2622293019918,0.0295810285771213,-23.884141149184,0.886693780147864,-0.407138825001684
-0.0595299999706878,-1.58045364842914,9.22781934183894,0.0485981507897709,-23.8670306512459,0.902850160943866,-0.464329400760281
-0.057249072621521,-1.58206774588485,9.19477793370085,0.0671673696081051,-23.8505079763444,0.916758240451135,-0.510979300885612
-0.0546811737922683,-1.58384579672339,9.16330588656554,0.0852150651439643,-23.8347121147517,0.928299799208547,-0.546706169236478
-0.0518653450551531,-1.58578040491125,9.13348094112911,0.102664747439469,-23.8197173683781,0.937379255217169,-0.571344549034328
-0.0488379105738557,-1.58786222593154,9.10528885808376,0.119440181994145,-23.8055452484779,0.943922886487485,-0.584898410893154
-0.0456316813286005,-1.59008090252869,9.07865356216395,0.135467955632609,-23.7921775255168,0.947875692953264,-0.587505729857402
-0.0422757523788976,-1.5924257498033,9.05346218597607,0.150679322720584,-23.7795679961893,0.949197641415625,-0.579414142963765
-0.0387956535523587,-1.59488620091027,9.02958382602485,0.165011323792272,-23.7676519885878,0.947860515512139,-0.560965998311696
-0.0352136766172788,-1.597452052215,9.00688246029554,0.178407247717271,-23.7563535265533,0.943846014671037,-0.532591094000264
-0.0315492693364116,-1.60011354953689,8.98522510334301,0.190816539967036,-23.7455904986558,0.93714526787633,-0.494805598581702
-0.0278194405279933,-1.60286134893533,8.96448632544814,0.202194267871219,-23.7352782996848,0.927759581548899,-0.448215790712083
-0.0240391562947032,-1.60568637581289,8.94455006928576,0.212500259900535,-23.7253323797854,0.91570201599821,-0.393525298752294
-0.0202217277982655,-1.60857960043969,8.92530945738758,0.221698047216714,-23.7156700406178,0.900999251469687,-0.331544436661283
-0.016379198833338,-1.61153174850261,8.90666509308665,0.229753756415425,-23.7062117065203,0.883693158105462,-0.263200068149349
-0.0125227402318496,-1.61453297209053,8.88852225177589,0.236635122974258,-23.6968817937934,0.863841517058472,-0.189544197916139
-0.00866305067829489,-1.61757251744418,8.87078733894199,0.242310806344032,-23.6876092149852,0.841517467215433,-0.111759272004369
-0.00481075260874861,-1.62063843675305,8.85336403388387,0.246750174306665,-23.6783274993007,0.816807471880068,-0.0311580652825661
-0.000976760580167767,-1.62371739660198,8.83614960230526,0.249923672274941,-23.6689744983182,0.789807888215308,0.0508238154250019
0.00282740897029327,-1.62679462967478,8.81903189411933,0.251803802429048,-23.6594916881734,0.760620533206138,0.132644224282403
0.00658942010957175,-1.62985405589065,8.80188749290201,0.252366616099947,-23.6498231717303,0.729347885275621,0.212679969518137
0.0102960201071562,-1.63287856697858,8.78458131869713,0.251593503310412,-23.6399145987169,0.696088676353467,0.28926055441119
0.0139330768229312,-1.63585043093154,8.76696773085266,0.249472980828804,-23.6297123221766,0.660934533350772,0.360707917742079
0.0174857461729575,-1.63875174518212,8.74889287642746,0.246002163481311,-23.6191631281779,0.623968101587183,0.425378975060966
0.0209387443860425,-1.64156485532842,8.73019780002824,0.2411876685804,-23.6082148110285,0.585262748384486,0.481707671842832
0.0242766826084584,-1.6442726665118,8.71072173142231,0.235045820687229,-23.5968177088024,0.544883668869678,0.528243929983947
0.027484410998538,-1.64685880062419,8.69030503745465,0.227602166175836,-23.5849271168349,0.50289007682031,0.563688157242737
0.0305473164385993,-1.64930758450739,8.6687915299932,0.21889043265129,-23.5725063071168,0.459338188213916,0.586921485105274
0.0334515207773254,-1.65160388138358,8.64603009118658,0.208951153639546,-23.5595297336489,0.414284840666782,0.597033232128408
0.0361839328209919,-1.6537327928986,8.62187583874747,0.197830217790705,-23.5459859079773,0.367791734871243,0.59334799871223
0.0387321165458405,-1.65567926099112,8.59619126618441,0.185577601788913,-23.5318793855907,0.319930325528606,0.575455165566178
0.041083953417535,-1.65742759155202,8.56884795892513,0.172246519049054,-23.5172313290327,0.270787251255037,0.543243359254291
0.0432271051610095,-1.65896091369656,8.53972963930855,0.157893160921048,-23.5020782603696,0.220469846656939,0.49694154231415
0.0451483340548551,-1.66026059121714,8.50873745680755,0.142577112026783,-23.4864689698023,0.169110774194671,0.437166545455421
0.0468328153820156,-1.66130562878562,8.47579857049067,0.126362360174279,-23.470460174261,0.116870295909749,0.364973645647394
0.0482636713913639,-1.6620721739682,8.44087899486783,0.109318586298615,-23.4541123557817,0.0639344617584233,0.281901981473807
0.0494220309169161,-1.66253330233792,8.40400108290617,0.0915221532580003,-23.437487928958,0.0105079156946559,0.190000789512612
0.0502879062596456,-1.66265935463805,8.36526458725561,0.0730560414036009,-23.4206538846212,-0.0431985653677358,0.0918178893181167
0.0508420089426161,-1.66241910837909,8.3248680011281,0.0540080986872837,-23.4036897318586,-0.0969834103871623,-0.00966756013596221
0.0510682905781175,-1.66178194097432,8.28312454850744,0.0344675163906615,-23.3866989185143,-0.150667879476838,-0.111176792967185
0.0509566130010642,-1.66072085982464,8.24046607242333,0.014520291902165,-23.3698190409687,-0.204102768847346,-0.209319217937076
0.0505047420147137,-1.65921592019171,8.19742929268756,-0.00575484097061636,-23.3532248781513,-0.257164975630585,-0.300809461737438
0.0497189939639625,-1.65725728593231,8.1546225899406,-0.0262884608044804,-23.3371199036855,-0.309744630665118,-0.382676974388025
0.0486133141491983,-1.65484715366936,8.11267662734301,-0.0470196727840292,-23.321716101033,-0.361727159674113,-0.452435092634909
0.0472071044038599,-1.65199999773913,8.07218716560411,-0.0678928442699818,-23.307206714261,-0.412975921304553,-0.50819036448935
0.0455224831281403,-1.64874102574757,8.03366158784638,-0.0888531615429539,-23.2937396669619,-0.463319647371269,-0.548689295811394
0.0435817220218432,-1.64510320913008,7.9974803288145,-0.109842572379019,-23.2813992941479,-0.512546179748561,-0.573312107674385
0.0414053974359185,-1.64112359387513,7.96388014885384,-0.130797268804112,-23.2702009044206,-0.560401773955226,-0.582029219438048
0.0390114665993782,-1.6368396841893,7.9329596032578,-0.151647129011232,-23.2600981797671,-0.606594474599902,-0.575336496897558
0.036415184997974,-1.63228653028525,7.9047011214558,-0.172316876570135,-23.2509996639369,-0.650800548664492,-0.554181623280112
0.0336296092978191,-1.62749485604098,7.87900121768388,-0.192728348336417,-23.2427889298291,-0.692673829315429,-0.519888592588482
0.0306663859111119,-1.6224902722772,7.85570089391331,-0.212803191272181,-23.235343468743,-0.7318582733143,-0.474082584265594
0.0275365657129927,-1.61729341904184,7.83461097820291,-0.232465418657711,-23.2285490443802,-0.768003726882133,-0.418614902933534
0.0242512630510435,-1.61192077633446,7.8155302748664,-0.251643433901027,-23.2223082261434,-0.800783976428346,-0.355487581587061
0.0208220619005881,-1.6063858521525,7.7982568373034,-0.270271312836214,-23.216543427271,-0.82991510354989,-0.286778864590441
0.0172611487758962,-1.60070047434425,7.78259400519105,-0.288289301243472,-23.2111957721897,-0.855171509357894,-0.214572721408804
0.0135812121116638,-1.59487596383706,7.76835318594645,-0.305643623344821,-23.2062214983018,-0.876397076526174,-0.140896532292179
0.0097951851588637,-1.58892404041857,7.75535504822688,-0.322285796535471,-23.2015874851189,-0.893509802682964,-0.0676705822309909
0.00591592179910025,-1.5828573938295,7.74343020691791,-0.338171695009116,-23.1972670880473,-0.906499533954702,0.00332870364290269
0.00195588562206523,-1.57668992558455,7.73241990404259,-0.353260597487776,-23.1932369368986,-0.915419681977234,0.0704919406492411
-0.00207308983223546,-1.5704367178509,7.72217678399587,-0.367514403866388,-23.1894749007666,-0.920374655914397,0.132388239791829
-0.00615993880963619,-1.56411381043794,7.71256565663026,-0.38089713226943,-23.1859591066738,-0.921505046349194,0.187767728566926
-0.010294393093428,-1.55773786904163,7.70346409332303,-0.393374731695315,-23.1826677410809,-0.918972436051862,0.235558126249249
-0.0144669167291778,-1.55132581526895,7.69476273987748,-0.404915181777308,-23.1795793256146,-0.912945274728062,0.274858097965783
-0.0186685706150096,-1.5448944699276,7.68636529646279,-0.41548880664505,-23.1766731899303,-0.9035867300987,0.304929662901149
-0.0228908373588036,-1.53846024213679,7.67818817148309,-0.42506870620904,-23.1739299207933,-0.891044958811428,0.32519148791574
-0.0271254374134706,-1.53203888196327,7.67015984663391,-0.433631202274256,-23.1713316183028,-0.875445901041754,0.335214526136988
-0.0313641649398161,-1.52564530518389,7.6622199917509,-0.441156204710189,-23.1688618251566,-0.856888515482009,0.334721153284534
-0.0355987676357992,-1.51929349526554,7.65431834562822,-0.447627420853474,-23.1665050135179,-0.835442326424288,0.323588669227758
-0.0398208898827495,-1.51299648824804,7.6464133422154,-0.453032356661748,-23.1642455265458,-0.811147220836002,0.30185770968137
-0.0440220931879948,-1.50676644846218,7.63847042272575,-0.457362089606054,-23.1620658950472,-0.78401556687892,0.269745692394084
-0.0481939614897007,-1.50061484360601,7.63045994852639,-0.460610831980012,-23.1599445055018,-0.754036872728309,0.227664857310908
-0.0523282903184779,-1.49455272307242,7.62235463482927,-0.462775346804343,-23.1578527059842,-0.721185287397271,0.176243675030762
-0.0564173469115096,-1.48859109013017,7.61412648017104,-0.463854324835595,-23.1557516158605,-0.685430176079035,0.116349359015057
-0.0604541726775955,-1.48274133494906,7.60574328571613,-0.463847872152753,-23.1535891447433,-0.64674967912901,0.0491079214432206
-0.064432881325083,-1.47701566416689,7.59716503832508,-0.462757273942797,-23.1512979846239,-0.605146526432185,-0.024083225652489
-0.0683488898905839,-1.4714274319954,7.5883406399914,-0.460585185927599,-23.1487955069477,-0.560664468508917,-0.101556260905919
-0.0721990136646269,-1.46599126280588,7.57920562815666,-0.45733633152853,-23.1459864347994,-0.513402730665649,-0.181393843055121
-0.0759813690957487,-1.46072287451631,7.56968153450614,-0.453018662815153,-23.142768734931,-0.46352534159153,-0.26147453724769
-0.0796950668704672,-1.45563857411247,7.55967728547585,-0.447644799031578,-23.1390423643347,-0.411262537559676,-0.339543400705322
-0.0833397351025997,-1.45075449107487,7.54909255520555,-0.441233439594239,-23.1347195149498,-0.35690294897616,-0.413302640586145
-0.0869149701563399,-1.44608570558123,7.5378223937882,-0.433810418475488,-23.1297342316967,-0.300777606063242,-0.480511852762172
-0.0904198428776001,-1.4416454727662,7.5257620258852,-0.425409150810519,-23.1240491483588,-0.24323903571295,-0.539084821479921
-0.0938525730151813,-1.43744471872984,7.51281065719519,-0.4160703946614,-23.1176577401048,-0.18463985796615,-0.587171624499556
-0.0972104292178822,-1.43349190241803,7.49887345922439,-0.405841444866403,-23.1105816814173,-0.125314893929902,-0.623220001814369
-0.100489841032984,-1.42979324184612,7.48386144670868,-0.394775020504855,-23.1028641263724,-0.0655692436934179,-0.646016028209921
-0.103686652116822,-1.42635323177655,7.46768947617563,-0.38292817294022,-23.094560557655,-0.00567293160581591,-0.654708608943745
-0.106796417346325,-1.42317534961987,7.45027292165032,-0.370361525588093,-23.0857291019378,0.0541387183765001,-0.648823998004761
-0.109814652357558,-1.42026284686976,7.43152371566612,-0.357139083559356,-23.0764219669362,0.113660511866571,-0.62827572220683
-0.11273697347951,-1.41761953455621,7.41134646645547,-0.343328733754208,-23.0666791242954,0.172710211465719,-0.593372864186116
-0.115559108054266,-1.41525047594464,7.38963537013401,-0.329003395452645,-23.056524738082,0.231120076125843,-0.544826427489849
-0.118276800401644,-1.41316249249136,7.36627266190243,-0.314242580954685,-23.045966249241,0.288728121316833,-0.483750086563542
-0.120885678409064,-1.41136437910988,7.34112933151498,-0.299133909966124,-23.0349955446229,0.345369991593723,-0.411648642681204
-0.123381169219821,-1.40986673250348,7.31406863847456,-0.283773958085953,-23.0235913283934,0.400872447283365,-0.330385976786202
-0.125758547800385,-1.40868134262433,7.28495249868776,-0.268267814926722,-23.0117217541966,0.45504964509897,-0.242125574546435
-0.12801316138404,-1.40782018938392,7.25365011598294,-0.252726967854626,-22.99934663031,0.507703325688063,-0.149241649940317
-0.130140803806743,-1.407294200056,7.22004754915547,-0.237265600523599,-22.9864190330093,0.55862744123624,-0.0542067543449607
-0.132138143032424,-1.40711200738398,7.18405659125346,-0.221995931269282,-22.9728867385063,0.607616677382437,0.0405304852341022
-0.134003067743547,-1.40727895473089,7.14562160294336,-0.207023558361055,-22.9586941988298,0.654477157224313,0.132660052781801
-0.135734833796759,-1.40779651334019,7.10472365634051,-0.192443748694092,-22.9437856456992,0.699036935115557,0.220102443302836
-0.13733394874177,-1.40866214743105,7.06138211600362,-0.178339237202783,-22.9281093942728,0.741154038434759,0.301069499843044
-0.138801801066042,-1.40986954846599,7.01565423831201,-0.164779607031,-22.9116228408537,0.780720662124015,0.374093884872973
-0.140140093049643,-1.41140910283185,6.96763339724029,-0.151821925785202,-22.8942972989583,0.817663223712561,0.438032617607105
-0.141350161472357,-1.41326846280651,6.91744629109063,-0.139512136932667,-22.8761218047571,0.851938899108738,0.492052410964283
-0.142432274848576,-1.41543313443601,6.86524919680271,-0.127886730036688,-22.8571052713749,0.883529768986963,0.535604135365893
-0.143384989642176,-1.41788704630599,6.81122319796507,-0.116974350433277,-22.837276735326,0.912435822874525,0.568392035817828
-0.144204636853814,-1.42061309813899,6.75556837225506,-0.106797168702385,-22.8166837925023,0.938667912413837,0.590341450322426
-0.144884995655932,-1.42359369954112,6.69849712461299,-0.0973719566834337,-22.795389592649,0.962241457727834,0.601567291255501
-0.145417190801336,-1.42681130132867,6.64022708247365,-0.0887108912513504,-22.7734689203158,0.983171392423096,0.602344564619817
-0.145789825427725,-1.43024890475177,6.58097412416002,-0.0808221354777498,-22.7510039345381,1.00146854903535,0.593081624912292
-0.145989333056165,-1.43389051830428,6.52094613384274,-0.0737102460662888,-22.7280800853035,1.0171374675639,0.574296543149511
-0.146000506600256,-1.43772152477928,6.46033796658007,-0.0673764430329937,-22.7047826017663,1.03017546508833,0.546596783485233
-0.145807143181707,-1.44172892490477,6.3993279079875,-0.0618187638627942,-22.6811937911456,1.04057273384596,0.510662275162981
-0.145392734055396,-1.44590143675156,6.33807568771682,-0.0570321163648419,-22.6573912327169,1.04831321963754,0.467231872934924
-0.144741129673145,-1.45022944800302,6.27672190903483,-0.053008243266509,-22.6334468237825,1.05337605402444,0.417093102586246
-0.143837119775523,-1.45470483651756,6.21538862129417,-0.0497356152424723,-22.6094265470173,1.05573735674996,0.361074984783954
-0.142666884158017,-1.45932069011943,6.15418069907489,-0.0471992759519199,-22.5853907830566,1.05537226672285,0.300043600935441
-0.141218288831938,-1.46407096695904,6.09318769236319,-0.0453806701677986,-22.561394982179,1.05225709160649,0.234899917387677
-0.139481022096783,-1.46895014228521,6.03248585852324,-0.04425749276196,-22.537490524149,1.04637147992274,0.166579225032522
-0.137446583786863,-1.47395288600659,5.9721401584382,-0.0438036008467128,-22.5137256246733,1.03770051612652,0.0960514003039018
-0.135108157428019,-1.47907380833629,5.91220607759596,-0.0439890324952183,-22.4901461806476,1.02623662552319,0.0243210792150345
-0.132460407463192,-1.48430729895575,5.85273120517654,-0.0447801725230691,-22.4667964772784,1.01198115674889,-0.0475732120229081
-0.129499251643465,-1.48964746929243,5.79375655964074,-0.0461400967778033,-22.4437197026438,0.994945505711728,-0.118561872831584
-0.126221659641048,-1.49508818977639,5.73531768534378,-0.0480291118368888,-22.4209582278087,0.975151655935243,-0.187549730042605
-0.122625522667605,-1.50062319665985,5.67744555967401,-0.0504054868806459,-22.39855361335,0.952632050267853,-0.253424695576411
-0.118709625122205,-1.50624622945181,5.62016734817077,-0.0532263515036001,-22.3765462998394,0.927428775542296,-0.315069716415074
-0.114473729614574,-1.51195115341577,5.56350703251039,-0.0564487113572212,-22.3549749365654,0.899592128640457,-0.371377819675579
-0.109918764520266,-1.51773202403476,5.50748592072564,-0.0600305173055782,-22.3338753067266,0.869178730595568,-0.421269798394098
-0.105047082731228,-1.52358306218443,5.45212303779222,-0.0639317169978921,-22.3132788253512,0.836249452170962,-0.463713966299614
-0.0998627452853,-1.52949852814275,5.39743539276724,-0.0681152216561222,-22.293210623399,0.800867496338549,-0.49774745428978
-0.0943717768916768,-1.5354725059248,5.34343812708886,-0.0725477330919306,-22.2736872898821,0.763097042645725,-0.522498708406745
-0.0885823421210192,-1.54149863266924,5.29014456628948,-0.0772003913845346,-22.254714423772,0.723002882599323,-0.537211105597511
-0.0825047996667908,-1.54756982720913,5.23756622065376,-0.0820492156632655,-22.2362842471637,0.680651450465173,-0.541267831877708
-0.0761516055083949,-1.55367808478227,5.18571280425427,-0.0870753137574071,-22.2183736452109,0.636113563783049,-0.534218281967709
-0.0695370521755522,-1.5598144090269,5.13459236037033,-0.0922648298687114,-22.200943113717,0.589469009171592,-0.515806175735663
-0.0626768497451169,-1.56596894569823,5.08421158661433,-0.0976085874867553,-22.1839371840543,0.540812816367353,-0.485999293304907
-0.0555875759661364,-1.57213136190592,5.03457643426893,-0.103101378897689,-22.1672869060904,0.490262653841872,-0.445020208159828
-0.0482860478262551,-1.57829147660069,4.98569300261948,-0.108740868770504,-22.150914831467,0.437966272595084,-0.393376574275646
-0.040788694162545,-1.58444009107256,4.93756865412116,-0.114526133462579,-22.1347425757404,0.384107416574876,-0.331888363486414
-0.0331110321724612,-1.59056989694781,4.89021314894979,-0.120455956164833,-22.118700416489,0.328908277972374,-0.261707891465034
-0.0252673596690458,-1.59667626964354,4.84363947193473,-0.126527126755686,-22.102737585411,0.272626659761328,-0.184326722686497
-0.0172707562247858,-1.60275771666043,4.79786396361848,-0.132733110553722,-22.0868311877949,0.215546763566487,-0.10156224810909
-0.00913343162431524,-1.60881577791142,4.75290544384792,-0.139063483718141,-22.0709914309851,0.157964022573825,-0.0155170819066255
-0.000867375072815583,-1.61485429067858,4.70878327007995,-0.145504420058296,-22.0552614300382,0.100166334160594,0.0714923403285984
0.00751483043657493,-1.62087811570511,4.66551465290355,-0.152040243450334,-22.039711316646,0.0424156664654165,0.157035261722963
0.015999218762834,-1.62689160450706,4.62311190171525,-0.158655713518384,-22.0244282045603,-0.0150655687698793,0.238683921663154
0.0245698575529051,-1.63289718198686,4.58158040256257,-0.165338443860461,-22.0095048933658,-0.0721001944709176,0.314132966394267
0.0332085829340476,-1.63889437114237,4.54091794135218,-0.172080798229311,-21.9950303315879,-0.128553194083786,0.381304800293814
0.0418950674638422,-1.64487942317761,4.50111555773626,-0.178880793888429,-21.981083791158,-0.184321505993451,0.438429523880972
0.0506071587511535,-1.65084552048246,4.46215965007573,-0.18574185923242,-21.9677330705924,-0.239319741425579,0.484095542279483
0.0593213916245949,-1.65678337621413,4.42403473858189,-0.192671594126617,-21.9550356571451,-0.293465000568655,0.517273590592335
0.0680135835554447,-1.66268200125811,4.38672620799374,-0.199679864419247,-21.9430411234666,-0.34666316797597,0.537320667774363
0.0766594510803058,-1.66852943588912,4.35022245729111,-0.206776611073151,-21.9317931278481,-0.39879803432887,0.543970961404333
0.085235212175409,-1.67431331334479,4.3145160976865,-0.213969713902744,-21.9213299551225,-0.449723817702576,0.537319269186781
0.0937181524423558,-1.68002120078552,4.27960408548367,-0.221263176692611,-21.9116832593302,-0.499261301725385,0.517799921104084
0.102087129232889,-1.68564072813684,4.24548690588523,-0.228655830147889,-21.9028753224617,-0.547197756550216,0.486161765836086
0.110322974260872,-1.69115955855993,4.21216710974388,-0.236140687547063,-21.8949156054833,-0.593290829227574,0.443438062965598
0.118408743695329,-1.69656527487968,4.17964762342916,-0.243705020781367,-21.8877975860938,-0.637276464708533,0.39090949733641
0.126329767297063,-1.70184525680095,4.14793027687634,-0.251331135880327,-21.8814968358636,-0.678880535227086,0.330059148086993
0.13407347148464,-1.70698660837963,4.11701491014911,-0.258997717277888,-21.875971006868,-0.717833252748801,0.262519906070571
0.141628992083265,-1.71197616992542,4.08689923692278,-0.266681502528875,-21.871161945561,-0.753884799014503,0.190016954001504
0.148986637727175,-1.71680062065576,4.05757941553836,-0.274358981993102,-21.866999654287,-0.786820181384909,0.114309656871086
0.156137297272345,-1.72144665531736,4.02905108087901,-0.282007822291435,-21.8634074237669,-0.816471309883218,0.0371378132709631
0.163071891881717,-1.72590120441855,4.00131048889239,-0.289607791864806,-21.8603072713665,-0.842724733412404,-0.0398235688491289
0.169780953717557,-1.73015166458103,3.97435544234367,-0.297141094271487,-21.8576248660109,-0.865524237489757,-0.1149986240827
0.176254377803222,-1.73418611020162,3.94818577356234,-0.304592145998528,-21.8552933442358,-0.884868355579727,-0.18693385835148
0.182481355488174,-1.73799346654954,3.92280330213075,-0.311946932915516,-21.8532557226838,-0.900803563179538,-0.254311671282573
0.18845046757242,-1.74156363405313,3.89821131121782,-0.319192124955502,-21.8514658966212,-0.913414372617351,-0.315956468039187
0.194149897644437,-1.74488756244784,3.87441366780613,-0.326314125708536,-21.8498884244941,-0.922811706977182,-0.370835790175381
0.199567720412073,-1.74795728052469,3.85141374638002,-0.333298197340248,-21.8484974181462,-0.92912084730647,-0.418058558252353
0.204692222231078,-1.75076589225789,3.82921331431188,-0.340127749967846,-21.8472748975995,-0.932470004169673,-0.456872018939201
0.20951221799868,-1.75330755328756,3.80781151512781,-0.346783833878587,-21.8462089515938,-0.93298025548207,-0.486658548303858
0.214017336375316,-1.75557744244449,3.78720405590527,-0.353244832173921,-21.8452919949077,-0.930757287102107,-0.506933150310238
0.218198252098681,-1.75757174139407,3.76738267557766,-0.359486325803155,-21.844519351323,-0.925885127033281,-0.51734229314167
0.222046849620135,-1.75928763221673,3.74833494575743,-0.365481094320367,-21.8438883306293,-0.918421911287364,-0.517664606684952
0.225556305109266,-1.76072331699401,3.73004443707521,-0.371199221092456,-21.8433979146989,-0.908397653127441,-0.507813824595292
0.228721076454522,-1.76187805721307,3.71249126877076,-0.376608289432417,-21.8430491205031,-0.895814007470551,-0.487844203851958
0.23153679300068,-1.76275222325651,3.69565304474417,-0.381673679626301,-21.8428460591435,-0.880646085681359,-0.457958428212659
0.234000040799451,-1.7633473369131,3.67950615944833,-0.386359000585344,-21.8427976489696,-0.862846447556218,-0.418517716193565
0.236108047585362,-1.76366608458934,3.66402742557903,-0.390626707487416,-21.8429198569862,-0.842351431926031,-0.370053526869161
0.237858283072274,-1.76371227527139,3.64919593234219,-0.394438956752202,-21.8432382300912,-0.819089911289232,-0.313279804929825
0.239248008170942,-1.76349072034689,3.63499498499167,-0.397758728538653,-21.8437903422059,-0.792994347789272,-0.249104218236461
0.240273827039702,-1.76300702196149,3.62141391376568,-0.400551197058386,-21.8446276470174,-0.764013646790031,-0.178636242867739
0.240931314792334,-1.76226727395818,3.60844948822292,-0.402785253493324,-21.8458161315089,-0.732126783561522,-0.103189319019567
0.241214805443012,-1.76127770380906,3.59610665320715,-0.404435000913676,-21.8474351711189,-0.697355630845306,-0.0242738204915567
0.241117418323376,-1.76004430835279,3.58439834609169,-0.405480969170254,-21.8495741540676,-0.65977500686597,0.0564224843360005
0.24063137080395,-1.75857255313962,3.57334428137456,-0.405910777512132,-21.8523268034144,-0.619517929585854,0.137069017067253
0.239748567804293,-1.75686720410907,3.5629687991127,-0.405719031057022,-21.8557836516789,-0.576774569023443,0.215742636049187
0.238461387266604,-1.75493233739993,3.55329812200441,-0.404906383129577,-21.8600236919979,-0.531784463131484,0.290491205821504
0.236763519377727,-1.75277153202945,3.54435756576268,-0.403477896511729,-21.8651066413228,-0.484822966789063,0.359404974632486
0.234650690910184,-1.75038820300369,3.5361693093835,-0.40144102171633,-21.8710673124091,-0.436184178585806,0.420688111642817
0.232121133484251,-1.74778599744042,3.52875119412935,-0.398803612869902,-21.8779131995677,-0.386163271186683,0.472722788793267
0.229175722372344,-1.74496916328272,3.52211673973096,-0.395572375122018,-21.8856256664955,-0.335040996758717,0.514120441089714
0.225817797482328,-1.74194281110342,3.51627622998406,-0.391752008488219,-21.8941643011954,-0.283072287955744,0.543758386975077
0.222052749518,-1.73871301629222,3.5112384509816,-0.387345140776103,-21.9034733517026,-0.230479736766753,0.560803398533337
0.21788749297652,-1.73528673961821,3.50701252986716,-0.382352988714773,-21.913488835244,-0.177451734394381,0.564725947715934
0.213329952688157,-1.731671571678,3.50360932411187,-0.376776585795521,-21.9241449426226,-0.124144459755781,0.55530934694604
0.20838867084721,-1.72787532952827,3.5010419184685,-0.370618364661684,-21.9353786637822,-0.0706867475350586,0.532657057512795
0.203072609161721,-1.72390555541358,3.49932496027299,-0.363883860080271,-21.9471320372977,-0.017187018014294,0.497199567789809
0.197391180590972,-1.71976899003613,3.49847278897989,-0.356583280513347,-21.9593519985777,0.036258300635724,0.44969983962531
0.191354499996849,-1.71547111577348,3.49849658468324,-0.34873267852504,-21.9719884007861,0.0895552881194938,0.391253842600553
0.184973793122433,-1.71101588055863,3.49940105176148,-0.340354447921614,-21.9849913234363,0.142602535588061,0.32328067851423
0.178261854963634,-1.70640570759746,3.50118141886352,-0.331476929855097,-21.9983091058209,0.195281570860414,0.247495977015828
0.171233416208718,-1.70164185583624,3.50382164740181,-0.322133047021411,-22.0118884688399,0.247449132279207,0.165863564486543
0.163905280223206,-1.69672511895196,3.50729459662787,-0.312358110832021,-22.0256774815901,0.298932972983918,0.080524245659945
0.15629614547051,-1.69165675436579,3.51156444047764,-0.302187199193442,-22.0396310916369,0.34953255362813,-0.00629377432161587
0.14842611966572,-1.68643945553575,3.51659098434701,-0.291652677142667,-22.0537178524303,0.399024972841948,-0.0923728288898725
0.140316027513862,-1.68107815839814,3.52233494117087,-0.280782430940295,-22.0679258651204,0.447175098006306,-0.175599349581977
0.131986672154983,-1.67558052038213,3.52876295280315,-0.269599189317948,-22.0822661270717,0.493747698402258,-0.254041638011111
0.123458208222041,-1.66995700635193,3.53585128703892,-0.258120993106704,-22.0967723403469,0.538518969702139,-0.326005059130578
0.114749731448637,-1.66422061762838,3.54358759345911,-0.24636257884712,-22.1114973258496,0.581285291052881,-0.390063443451475
0.105879116646093,-1.65838637020065,3.55197063851588,-0.234337267205529,-22.1265070285249,0.621868065350807,-0.44506979977077
0.0968630734629203,-1.65247065173439,3.56100836422497,-0.222058923960092,-22.1418734427148,0.660114589194562,-0.490151536522272
0.0877173535115868,-1.64649057164051,3.57071483746284,-0.209543654247059,-22.1576676774973,0.695895721072019,-0.524695586326734
0.0784570334856156,-1.64046338273519,3.58110669258057,-0.196811035808574,-22.1739540186239,0.729101530218644,-0.548327989783552
0.0690968083536638,-1.6344060145628,3.5921995847485,-0.18388483689995,-22.1907854298159,0.759636160396698,-0.560891369848335
0.0596512466720689,-1.62833472835067,3.60400503484564,-0.170793265443796,-22.2082005987385,0.787412958416572,-0.562422706159834
0.0501349789630077,-1.62226488574532,3.61652790757106,-0.157568847857291,-22.2262224159662,0.812350619464532,-0.553132985631106
0.0405628061210958,-1.61621081693131,3.62976464510656,-0.144248045640412,-22.2448576667103,0.834370782170682,-0.53338963541381
0.0309497268876906,-1.6101857748098,3.6437022815766,-0.130870699649669,-22.2640976796421,0.853397216209575,-0.50370208377258
0.0213108923837529,-1.60420196633044,3.65831818139665,-0.117479361427098,-22.2839196781228,0.869356505989928,-0.464710318393274
0.0116615029947409,-1.59827065599121,3.67358037086668,-0.10411854073369,-22.3042885905448,0.882179953220973,-0.417175927715309
0.00201666965349793,-1.59240233713393,3.68944826935195,-0.0908338770990132,-22.3251590878206,0.891806298812309,-0.361974833799877
-0.00760873213156854,-1.5866069625788,3.70587358778634,-0.0776712353596626,-22.3464776310597,0.898184800234504,-0.300090771480759
-0.0172001825503356,-1.58089421761199,3.7228011688364,-0.0646757318362799,-22.3681843433501,0.901278196845646,-0.232608549016981
-0.0267435784690568,-1.57527380738891,3.74016961144083,-0.0518907167062737,-22.3902145784969,0.901065151119041,-0.160706221880848
-0.0362252071875734,-1.56975572091085,3.75791165066737,-0.0393567641663395,-22.4125001487093,0.897541860804331,-0.0856454833199572
-0.045631618315908,-1.56435042884558,3.77595442201557,-0.0271107478118631,-22.4349702786763,0.890722681238025,-0.00875976991142418
-0.0549493988613915,-1.55906897581937,3.79421987246708,-0.0151850963529972,-22.4575524471399,0.88063975157665,0.0685602503837917
-0.0641648791316013,-1.55392294047089,3.81262562784653,-0.00360732745663445,-22.4801733268444,0.867341756041844,0.14488400221878
-0.0732638166618744,-1.5489242567352,3.83108654922909,0.00760005879477473,-22.5027600187298,0.850892047144635,0.21876119152438
-0.0822311161323017,-1.54408491315054,3.84951701916073,0.0184192802599448,-22.5252416984848,0.83136639954265,0.28874471187474
-0.0910506411284179,-1.53941656769361,3.8678337523424,0.0288365690107108,-22.5475516793188,0.80885065553773,0.353415840822601
-0.0997051581893165,-1.53493012841764,3.88595871698516,0.0388411194308826,-22.5696297834787,0.78343848715426,0.411410984022273
-0.108176428363466,-1.53063535194742,3.90382166564241,0.0484237926108514,-22.5914248413795,0.755229462931435,0.461448988586843
-0.116445432803911,-1.52654050303086,3.92136184565044,0.0575757158420544,-22.6128971159919,0.724327593612105,0.502358011907843
-0.124492693662478,-1.52265210259448,3.93852866597589,0.0662869316440622,-22.6340204712392,0.690840546968308,0.533101160987207
-0.132298635041547,-1.51897477470275,3.95528136880001,0.0745452497464771,-22.6547841388375,0.654879756269404,0.552800583759205
-0.13984392283995,-1.51551119026501,3.97158800523964,0.0823354440271489,-22.6751939562114,0.616561664458276,0.560760268617924
-0.147109726256758,-1.51226210074723,3.98742417736429,0.0896389222215375,-22.6952729267368,0.576010307471422,0.556488335346861
