0,0,0,0,0,0,0
-0.0576423666571484,-0.000728341150632389,2.21004455298926e-05,-0.00771743306652233,1.05547978942395e-05,4.44641491593522e-05,-2.55064750001768e-05
-0.172772340172511,-0.0021740272340656,6.51496522241787e-05,-0.0231086456752072,3.12522959599238e-05,0.000133188574538367,-7.56654954975174e-05
-0.287438276194731,-0.00358692057518463,0.000104756966127609,-0.0383690203670307,5.07214825616687e-05,0.000221300028493893,-0.00012327893773758
-0.401331662305929,-0.00494581049123558,0.000138672142480649,-0.0534117503704833,6.81702770319824e-05,0.000308385289991377,-0.000166704037578188
-0.514145233526699,-0.006230454010282,0.00016471304931169,-0.0681506689655211,8.28473688348131e-05,0.000394023951186807,-0.000204380237074922
-0.625573520809017,-0.00742194442067429,0.00018079588593877,-0.0825005409161253,9.4059513027511e-05,0.000477785039521006,-0.000234863461260016
-0.735313511905476,-0.00850305858579023,0.000184967885672218,-0.0963773941578372,0.000101189404135544,0.000559223361564488,-0.000256861370881211
-0.843065348897146,-0.0094585717673576,0.000175442463272422,-0.109698884155774,0.000103713736304902,0.000637875644063241,-0.000269269227263835
-0.948533130360042,-0.0102755293126179,0.000150636376027413,-0.122384699498694,0.000101220779817071,0.000713256807858312,-0.000271205681086751
-1.05142578936828,-0.0109434634789441,0.000109207975472427,-0.134357001617871,9.34265288467044e-05,0.000784856789699084,-0.00026204736801547
-1.1514580452714,-0.011454545599814,5.00952280322913e-05,-0.145540892510831,8.01883069276784e-05,0.000852138484076196,-0.00024146084137941
-1.24835142463218,-0.0118036667617463,-2.74481459199657e-05,-0.155864901682129,6.15146646696069e-05,0.000914537472947355,-0.000209430067330011
-1.34183534517744,-0.011988444253365,-0.000123820258002514,-0.165261481526026,3.75704959474443e-05,0.000971464246676249,-0.000166277507019534
-1.43164823975232,-0.012009155555059,-0.000239044243863005,-0.173667497290849,8.67653290539531e-06,0.00102230956329811,-0.000112676749114655
-1.5175387020153,-0.0118686060608907,-0.000372748844143284,-0.181024697887812,-2.46972740874864e-05,0.00106645345478069,-4.96547544094181e-05
-1.59926663257541,-0.0115719401429803,-0.000524157950865181,-0.187280153589576,-6.19445735313749e-05,0.00110327813974657,2.14179561046552e-05
-1.67660436521237,-0.0111264071399951,-0.000692090443008614,-0.192386647273684,-0.000102341287417669,0.00113218475386928,9.88504023861736e-05
-1.74933775043497,-0.0105410942557876,-0.0008749713679842,-0.19630300678709,-0.000145069419107586,0.00115261337867093,0.000180668173073938
-1.81726717343697,-0.0098266373482798,-0.00107085528748273,-0.198994367693203,-0.000189244959050378,0.00116406537716945,0.00026466429434291
-1.88020848781396,-0.0089949186590338,-0.00127746239104861,-0.200432358446324,-0.000233948630320412,0.00116612658663083,0.000348463043182043
-1.93799384653768,-0.00805875832004612,-0.00149222773192554,-0.200595203232944,-0.000278258073035881,0.00115848953784089,0.000429594950139618
-1.99047241669692,-0.00703160459566421,-0.00171236359344912,-0.199467742072262,-0.000321279991665742,0.00114097264349498,0.000505580394713278
-2.03751096753664,-0.00592722679087942,-0.00193493445139038,-0.197041372662665,-0.000362180763830686,0.00111353428848163,0.000574018428790792
-2.07899432592643,-0.00475941478543696,-0.00215694320576507,-0.193313923819299,-0.000400214032095845,0.00107628000821379,0.00063267684297648
-2.11482570043616,-0.00354169007731994,-0.00237542632703201,-0.188289475216543,-0.000434743885949264,0.00102946146413745,0.000679579089278036
-2.14492687979292,-0.00228703475429514,-0.00258755436224627,-0.181978141826495,-0.000465262411192123,0.000973466683996483,0.00071308354622133
-2.16923831525435,-0.00100764637095377,-0.00279073305201645,-0.174395843161516,-0.000491400666241915,0.000908801946248354,0.000731950805396608
-2.18771910037203,0.000285272335523473,-0.00298269935303202,-0.16556407654407,-0.00051293255360467,0.000836066631740296,0.000735395189278724
-2.20034686265808,0.0015816800377045,-0.00316160616604632,-0.155509709974892,-0.000529771572975423,0.000755923201734902,0.000723117552989977
-2.20711758110585,0.00287281222668499,-0.0033260897201908,-0.14426480428816,-0.000541961023006521,0.000669065056781352,0.000695317519056972
-2.2080453412394,0.00415124053952456,-0.00347531443618247,-0.131866466967679,-0.000549658784660362,0.000576185285157351,0.000652684547693933
-2.20316203640519,0.00541087457250029,-0.0036089916239741,-0.118356732862821,-0.000553118280394086,0.000477949180831449,0.000596368539835855
-2.19251702077498,0.00664690862305369,-0.00372737038615916,-0.103782460775006,-0.000552667478652904,0.000374972915600941,0.00052793187980527
-2.17617671686993,0.0078557194560232,-0.00383120132247911,-0.0881952311118404,-0.000548687850388445,0.000267809974222157,0.000449285841669369
-2.1542241787244,0.00903472412589536,-0.00392167576735519,-0.0716512290556667,-0.000541594976014263,0.000156946029196108,0.000362615027184681
-2.12675861134508,0.0101822088554475,-0.00400034509262985,-0.0542110991868481,-0.000531822087001411,4.28019788605006e-05,0.000270293929479667
-2.09389484780942,0.0112971407634456,-0.00406902588225937,-0.0359397616155528,-0.000519807282125844,-7.42559635504121e-05,0.000174799827078894
-2.05576278700111,0.0123789739997762,-0.00412969746328407,-0.0169061848547706,-0.000505984579966123,-0.000193900867160233,7.86260378594867e-05
-2.01250679605842,0.0134274608013925,-0.00418439836811348,0.00281688445197126,-0.000490778448775245,-0.000315826464883086,-1.58008440302307e-05
-1.96428508343374,0.0144424763328839,-0.00423512787847706,0.0231532301864107,-0.000474601064551153,-0.000439727497276002,-0.000106196670948747
-1.91126904907483,0.0154238642285759,-0.00428375797330488,0.0440235061188483,-0.00045785132623941,-0.000565281032276613,-0.000190486028820407
-1.85364261784189,0.0163713076809601,-0.00433195988561772,0.0653455971079243,-0.000440914606982813,-0.000692130418844007,-0.000266857389732106
-1.79160156239584,0.0172842288123848,-0.00438114817372641,0.0870349929192839,-0.000424162315892565,-0.000819873052193511,-0.000333806110638417
-1.72535282017342,0.018161717048508,-0.00443244383191409,0.10900516669932,-0.000407950538668986,-0.000948052602481918,-0.000390164889379668
-1.65511380830064,0.019002485268458,-0.00448665659415677,0.131167951463695,-0.000392617264987504,-0.00107615584688252,-0.000435121841155806
-1.58111173826871,0.0198048506997051,-0.0045442853134471,0.153433909763181,-0.000378477946398462,-0.00120361380504727,-0.000468226817503387
-1.50358293127719,0.0205667358470507,-0.00460553421174932,0.175712692927116,-0.000365819325359332,-0.00132980654290645,-0.000489386944207997
-1.42277213404754,0.0212856832320347,-0.00467034196920231,0.197913387236275,-0.000354891614656226,-0.00145407080220276,-0.000498852600662524
-1.3389318335262,0.0219588763627651,-0.00473842010875242,0.219944845168641,-0.000345899185478272,-0.00157570953802477,-0.000497195203177529
-1.25232156690748,0.0225831581050868,-0.00480929695903675,0.241716000551971,-0.000338989955069375,-0.00169400249370762,-0.000485278193113603
-1.16320722253982,0.0231550363609651,-0.00488236362634711,0.26313616687665,-0.000334243675771519,-0.00180821708995232,-0.000464222581399376
-1.07186032623479,0.0236706655409621,-0.00495691883181909,0.284115318624324,-0.000331659347908257,-0.00191761912755013,-0.000435368281055387
-0.978557304860597,0.0241257905699767,-0.00503221010137522,0.30456435675291,-0.000331142047961661,-0.00202148307267606,-0.000400232291651517
-0.883578719038395,0.0245156379617237,-0.00510746956225796,0.324395360349706,-0.000332489627325417,-0.0021191019730315,-0.000360464609321094
-0.787208456285626,0.0248347359990821,-0.00518194345755167,0.343521827733798,-0.000335380053092595,-0.00220979731568507,-0.000317802550336422
-0.689732874649666,0.0250766439267096,-0.00525491544423373,0.36185891179487,-0.000339360704132698,-0.00229292934862201,-0.000274024020255722
-0.591439890487355,0.0252335699411631,-0.00532572485016746,0.379323654878934,-0.000343841788582285,-0.0023679085005649,-0.0002309001620888
-0.492618006290545,0.0252958630005802,-0.00539378245416152,0.395835229254919,-0.000348097288040871,-0.00243420849468061,-0.000190147797450418
-0.393555278528092,0.0252513797261028,-0.00545858810704639,0.411315189425098,-0.000351278461886007,-0.00249138147216997,-0.00015338216185104
-0.294538234672652,0.025084763297971,-0.00551975655794287,0.425687741536831,-0.000352446752988641,-0.0025390748021047,-0.000122070661006413
-0.195850755818965,0.0247767359786058,-0.00557705967191027,0.438880034055968,-0.000350634275095215,-0.00257704813618527,-9.7488769275691e-05
-0.097772953514353,0.0243036065951811,-0.00563049350994652,0.450822470910647,-0.000344939559037018,-0.00260518761425218,-8.06797756922422e-05
-0.000580077526792022,0.0236373193641355,-0.00568037518021829,0.461449044073762,-0.000334661677350654,-0.00262351213999928,-7.24208139860166e-05
0.0954585066794409,0.0227464776589892,-0.00572746410120496,0.470697676117202,-0.000319464766093973,-0.00263216503029961,-7.31983093336431e-05
0.190080240702642,0.0215987746737654,-0.00577308390337069,0.478510554865372,-0.000299546487201453,-0.00263138449363939,-8.31962274266242e-05
0.283030197108901,0.0201650296185041,-0.00581919827929652,0.484834435112391,-0.000275762329870799,-0.00262145010806777,-0.00010229970699367
0.374061846959166,0.0184244888764375,-0.00586837871057589,0.48962088061419,-0.000249644760820451,-0.00260261068407972,-0.000130114285716581
0.462937855006411,0.0163703159611529,-0.00592361219731232,0.492826429641799,-0.000223268722810519,-0.00257500970682673,-0.000165997217188416
0.549430988258795,0.0140136328690342,-0.00598794411903571,0.49441269003475,-0.00019896171110702,-0.00253863224603331,-0.000209093811124351
0.633325169683279,0.0113845629588488,-0.00606402232580531,0.49434639684812,-0.000178923258756806,-0.00249329490579517,-0.000258370642538594
0.714416622461235,0.00852964258257493,-0.00615366428792107,0.492599481414158,-0.000164867441869941,-0.00243868597240655,-0.000312640328298473
0.79251496520269,0.00550631256587141,-0.00625757015912552,0.489149191923676,-0.000157797876131567,-0.00237444308205762,-0.000370578238308061
0.867444099851532,0.00237620173280267,-0.00637524655172061,0.483978276771591,-0.000157967052369675,-0.00230024205032094,-0.000430736683733389
0.939042789775436,-0.000800955531693606,-0.00650512546882181,0.47707520965391,-0.000164997442095569,-0.00221587024709753,-0.000491563857035673
1.00716491336585,-0.00397156071279936,-0.00664480570699618,0.468434422090948,-0.000178093355524846,-0.00212126893920183,-0.000551432601130703
1.07167939479433,-0.00709030681814471,-0.00679133567814108,0.458056482650005,-0.000196264449660819,-0.00201654215476745,-0.000608680642637719
1.13246995817475,-0.0101205248542479,-0.00694147025250743,0.445948241644899,-0.000218509658202984,-0.00190194109474678,-0.000661659029370356
1.18943469806592,-0.0130334551066821,-0.00709187678528997,0.432122894961903,-0.000243936971410884,-0.0017778342013694,-0.000708785254932161
1.24248555074265,-0.0158070035805985,-0.00723928437948816,0.416599990235982,-0.000271822274907441,-0.00164467343346017,-0.00074859601270055
1.29154769111824,-0.0184244116813667,-0.00738058656120987,0.399405384146687,-0.000301621207389915,-0.0015029634150716,-0.00077979560355689
1.33655887466116,-0.0208730674842839,-0.00751291063630188,0.380571165959864,-0.000332950903357018,-0.00135323700054298,-0.000801296962441548
1.37746874384152,-0.023143544949838,-0.00763366499080197,0.360135560759091,-0.0003655561339356,-0.00119603837554949,-0.000812253309425783
1.4142381191426,-0.0252288737020335,-0.00774057179969452,0.338142823548745,-0.000399270363462667,-0.00103191331816078,-0.000812079354940467
1.44683829608359,-0.0271240033122436,-0.00783168910537617,0.314643132353106,-0.000433978428163325,-0.000861405461884655,-0.000800461773143055
1.4752503740445,-0.0288254152662769,-0.00790542382260923,0.289692483686441,-0.00046958457613615,-0.000685057076770397,-0.000777359316632094
1.49946464074559,-0.0303308388615917,-0.00796053594588678,0.263352591277065,-0.000505987526893999,-0.000503412857007876,-0.000742993485796527
1.51948003663345,-0.0316390360451843,-0.00799613385031247,0.2356907842528,-0.000543062848239515,-0.000317025319601536,-0.000697831087271186
1.53530371985643,-0.0327496296278863,-0.0080116607511333,0.206779898360857,-0.000580652101166067,-0.000126460636577616,-0.000642560311661125
1.54695074731352,-0.0336629574262321,-0.00800687282858446,0.176698151931935,-0.000618557713347543,6.76960132940492e-05,-0.000578062123245454
1.55444388231769,-0.0343799410338037,-0.00798181002649667,0.145528997105326,-0.000656542298767331,0.000264836214308376,-0.000505378786227107
1.55781353295184,-0.034901961977732,-0.00793676093938177,0.113360938926276,-0.000694331069198498,0.000464325572952244,-0.000425681265209277
1.55709782076209,-0.0352307532315616,-0.00787222544595148,0.0802873150150093,-0.000731615629158433,0.000665502576674911,-0.000340237122737584
1.55234277382124,-0.0353682332833283,-0.00778886592793823,0.0464060339752539,-0.00076806013230971,0.000867679193342279,-0.000250379767981516
1.54360263715645,-0.03531642621032,-0.00768747193166748,0.011819269354841,-0.000803304340299265,0.00107014273501849,-0.000157480833832237
1.53094028585367,-0.0350773068258313,-0.00756891485174926,-0.0233668860019826,-0.000836967482065525,0.00127215907756836,-6.29254186741049e-05
1.51442772670044,-0.0346526465591628,-0.0074341065962357,-0.0590428012125669,-0.000868649926719151,0.00147297689766668,3.19091490432557e-05
1.49414667511225,-0.0340438521276425,-0.0072839633270833,-0.0950957160176814,-0.000897932619446902,0.00167183290983006,0.000125671279341253
1.47018916616519,-0.033251703704543,-0.00711935971717189,-0.131410168078086,-0.000924374841170713,0.00186795746433645,0.000217049810087146
1.44265821684257,-0.0322761256147856,-0.00694110089261387,-0.167868429638107,-0.000947509033921628,0.0020605816524714,0.000304786773954131
1.41166847885699,-0.0311158353210655,-0.00674988733624779,-0.204350942972534,-0.00096683375272441,0.00224894501853948,0.000387688187508942
1.37734687323617,-0.029767904245068,-0.00654628396738973,-0.240736746311763,-0.000981804763186055,0.00243230471374408,0.000464634015197755
1.33983317618682,-0.0282271858179715,-0.00633069189481216,-0.276903883050693,-0.000991825056716513,0.00260994646793854,0.000534587957565047
1.29928052789771,-0.026485568188243,-0.0061033242014394,-0.312729789517468,-0.000996235196243745,0.00278119802696841,0.00059660766421889
1.25585583529162,-0.0245310006528298,-0.00586418865601939,-0.348091659521143,-0.000994306644661037,0.00294544587552593,0.000649855773525714
1.20974003949841,-0.0223462384165834,-0.00561308283035332,-0.382866787370277,-0.000985242925863479,0.00310215619829241,0.000693611937991744
1.16112821983598,-0.0199072582826434,-0.0053496112963091,-0.416932893937934,-0.000968197223576346,0.00325090101249746,0.000727285758389925
1.11022950591417,-0.0171813363043923,-0.00507324110926316,-0.450168443943785,-0.000942321139855593,0.00339138999075227,0.000750430419785173
1.05726676806248,-0.0141248827579174,-0.00478342134672218,-0.482452965032011,-0.00090686863879646,0.00352350716185496,0.000762756961446807
1.00247605018017,-0.0106813635645241,-0.00447980488980843,-0.513667379831198,-0.000861391820826702,0.00364734847027516,0.000764149785459047
0.946105693033978,-0.00678009981469375,-0.00416262272960483,-0.543694359471764,-0.000806078553700215,0.00376324953240999,0.00075468558316733
0.888415060807643,-0.00233754408481257,-0.00383326206675874,-0.572418699275697,-0.000742286496541196,0.0038717809013993,0.000734660672656429
0.829672722629449,0.00273619278381849,-0.00349506369440544,-0.599727702335457,-0.000673299692066797,0.00397366992680066,0.000704635595486993
0.770153863041711,0.00852162671155477,-0.00315423646856339,-0.625511535769292,-0.000605228580638002,0.00406958880763221,0.00066550870948722
0.710136658448743,0.0150612493528169,-0.00282054165111288,-0.64966351170144,-0.000547743261984931,0.00415974721855393,0.000618626611967896
0.64989751137126,0.0223183888919216,-0.00250706599715534,-0.672080273967995,-0.00051399683056239,0.00424328567182929,0.000565918435863482
0.589705578156046,0.0301346175863456,-0.00222825546108995,-0.69266198626732,-0.000518908041618465,0.00431762308798302,0.000509996983733156
0.529817916277697,0.0382104191872551,-0.00199595280727774,-0.711312801259937,-0.000575444689890814,0.00437812676056977,0.000454121615365603
0.470477146175941,0.0461363440574458,-0.00181470101008047,-0.72794196546792,-0.000689965560573572,0.00441853686703527,0.000401926922305404
0.41191242131495,0.0534782548927565,-0.0016790030718283,-0.742465700066618,-0.000859140651222694,0.004432230517215,0.000356936772554662
0.354342266126198,0.0598799012580044,-0.00157464984054577,-0.754809439971102,-0.00107063722656046,0.00441380756337634,0.000322046690987005
0.297976113739527,0.0651300810097794,-0.00148348174266422,-0.764909761077724,-0.00130726042741984,0.00436018220023867,0.000299200279281502
0.243012592946145,0.0691684166615639,-0.00138867157876163,-0.772715499554717,-0.00155195886284456,0.00427074957152268,0.000289347034044106
0.189635215018674,0.0720455195420345,-0.00127797958077172,-0.778188067402388,-0.00179121385048458,0.00414683144846844,0.000292597854978581
0.138007523362389,0.073870608539373,-0.00114442684236992,-0.78130126723512,-0.00201610034436343,0.00399089450633947,0.000308436206185346
0.0882693567601546,0.0747699615972451,-0.000985299080036683,-0.782040903909675,-0.00222172853732155,0.00380590680485069,0.000335893725426393
0.0405347985473865,0.0748628922131228,-0.000800616678087643,-0.780404341127769,-0.00240607589150745,0.00359494792431376,0.000373669051306701
-0.0051083519582714,0.0742519160158923,-0.000591770566682137,-0.776400026193388,-0.00256886925422757,0.00336103090688603,0.000420206051175685
-0.0485979797635225,0.0730213154979065,-0.000360565413365574,-0.770046955282782,-0.00271076658034608,0.00310705152516319,0.00047375373417624
-0.0898962771284113,0.0712395218956011,-0.000108656378580032,-0.761374052017868,-0.00283284736097757,0.00283579584228074,0.000532422766442475
-0.128987834657031,0.0689626223474279,0.000162720254239855,-0.750419451220854,-0.00293633427581857,0.00254996467658841,0.000594244778150781
-0.165877363159665,0.0662377167301364,0.000452824350066768,-0.737229698864739,-0.00302246188185433,0.00225219499183765,0.000657234712862741
-0.200587160634842,0.0631056744627206,0.000761372878252831,-0.721858893118117,-0.00309242799817928,0.00194507038334097,0.000719453491385582
-0.233154422647945,0.0596031537988687,0.00108844510821767,-0.704367793021153,-0.00314738800133924,0.00163112162325198,0.000779067067843346
-0.263628466368931,0.0557641010734317,0.00143434726411766,-0.684822933249724,-0.00318846444081644,0.0013128147039406,0.000834398602507422
-0.2920679607509,0.0516207157609046,0.00179947558227929,-0.663295769622129,-0.0032167623265049,0.000992532885579326,0.000883970480662589
-0.318538222894144,0.0472040729897155,0.00218418089770557,-0.639861882766097,-0.00323338215155883,0.000672553570386891,0.000926534457021307
-0.343108647017801,0.0425444882297448,0.00258864507724487,-0.614600260282692,-0.00323942851190183,0.000355023056997741,0.000961088988239934
-0.365850321113542,0.0376717016458728,0.00301277490506668,-0.587592671952116,-0.00323601383068168,4.19316442846777e-05,0.00098688383617231
-0.386833876766259,0.0326149404875002,0.0034561172643359,-0.558923146602793,-0.00322425766355031,-0.000264908751929556,0.00100341287052426
-0.406127607371296,0.0274029029359598,0.00391779805853005,-0.528677554366326,-0.00320528246887272,-0.000563882692146097,0.00101039667471388
-0.423795879842692,0.0220636955580814,0.00439648600553662,-0.496943293712419,-0.00318020683894591,-0.000853583702191351,0.00100775704150857
-0.439897855282712,0.0166247482904056,0.00489038108887423,-0.463809079926297,-0.00315013714843854,-0.00113282035298165,0.000995585732883924
-0.454486525168189,0.0111127248521086,0.00539722610698394,-0.429364830500525,-0.00311615846202934,-0.00140061564557836,0.000974109982270056
-0.467608061808904,0.00555344225025697,0.00591433849207576,-0.393701645030711,-0.00307932539770833,-0.00165619989706258,0.000943657164287461
-0.479301476423017,-2.81904308163461e-05,0.00643865856417398,-0.356911879621541,-0.00304065348610778,-0.00189899775045925,0.000904620876270981
-0.489598574404711,-0.0056082061790883,0.00696680968439612,-0.319089322521661,-0.00300111141629075,-0.00212861025170569,0.000857430408524286
-0.49852419645939,-0.011163581692493,0.00749516553189729,-0.280329484167973,-0.00296161442069178,-0.00234479316215588,0.00080252525600776
-0.506096739382421,-0.0166722057350217,0.00801992017535665,-0.24073000358223,-0.00292301891520336,-0.00254743288563993,0.00074033594694026
-0.512328959829873,-0.0221128255972906,0.00853715818054837,-0.20039109990057,-0.00288611835496574,-0.00273652170652565,0.000671271951870876
-0.51722907447146,-0.0274650208611299,0.00904292618345838,-0.159415700009635,-0.00285164002956779,-0.00291213491723726,0.000595716422688133
-0.520802120936741,-0.0327093212224592,0.00953331388421241,-0.117908240334121,-0.00282024235177587,-0.00307441358701229,0.000514025542692071
-0.523051316244279,-0.0378275552059281,0.0100045485295722,-0.0759711181316796,-0.00279251302393734,-0.00322355424991341,0.000426529093256682
-0.523978925307368,-0.0428031328795095,0.0104530708809694,-0.0337008031265285,-0.00276897096944238,-0.00335979558639922,0.000333534691709157
-0.523586665471167,-0.0476207418451082,0.0108755449086182,0.00881177050949644,-0.00275007471737499,-0.00348339009275396,0.000235345627672604
-0.521876442987336,-0.0522656179420088,0.0112688223699664,0.0514768460821421,-0.00273623454798886,-0.0035945705964906,0.000132293469660063
-0.518851820977587,-0.056723013197536,0.0116299247431305,0.0942023681896063,-0.00272782417481076,-0.00369352937696005,2.47747447695334e-05
-0.514519839775091,-0.0609780110776095,0.0119560570711387,0.136893094245376,-0.0027251921168646,-0.00378041016844537,-8.67148149644053e-05
-0.508892817876048,-0.0650154925956729,0.0122446355108411,0.179450975593435,-0.00272867483629158,-0.003855304957961,-0.000201548299476394
-0.501990033496423,-0.0688201245112118,0.0124933176410718,0.221775757557295,-0.00273861266759925,-0.00391825122974069,-0.000318937652546004
-0.493839290068049,-0.0723763394930236,0.012700033974061,0.263765484879121,-0.00275536861678208,-0.00396922851278414,-0.000437907002905493
-0.484478380380806,-0.0756683235412907,0.0128630260191835,0.305316886785295,-0.00277934979929904,-0.00400815370267639,-0.000557271545165907
-0.473956409812646,-0.0786799614076348,0.0129808715940769,0.346325674156796,-0.00281103028280177,-0.00403487639478452,-0.000675624082891035
-0.462335024228132,-0.0813948479156258,0.0130525341608217,0.386686764641182,-0.00285097556777221,-0.00404917182988259,-0.000791332583296176
-0.449689459218291,-0.0837962658647504,0.0130773989442706,0.426294452917243,-0.00289986652869863,-0.00405073389161627,-0.00090255059033091
-0.436109407942122,-0.0858671703872629,0.0130553088811268,0.465042525119767,-0.00295852206020764,-0.00403916772674151,-0.00100724308719351
-0.421699667264235,-0.0875901594620414,0.0129865924179607,0.502824316632344,-0.00302791912566365,-0.00401398315223518,-0.00110322950088528
-0.40658052344737,-0.0889474121992604,0.0128720771937477,0.539532711592392,-0.00310920931855731,-0.00397459020213141,-0.00118824479882291
-0.390887835310274,-0.0899205679278411,0.0127130828735613,0.575060088384262,-0.00320373172418383,-0.00392029841195954,-0.00126001853067532
-0.374772771012261,-0.0904905074338605,0.0125113860607918,0.60929822401912,-0.00331302295233926,-0.00385032142237166,-0.00131637029103304
-0.358401155392826,-0.0906369813900597,0.0122691503647462,0.642138181077155,-0.00343882668669863,-0.00376378807142401,-0.00135531849304839
-0.341952389154593,-0.0903380076686272,0.0119888153321309,0.673470212306765,-0.0035831068572062,-0.00365976021486192,-0.00137519767519075
-0.325617910422294,-0.089568925185912,0.0116729390176159,0.703183727627248,-0.00374807035544449,-0.00353725598329787,-0.00137477798782476
-0.309599184270249,-0.0883009417950039,0.0113239904474998,0.731167373878693,-0.00393620667959074,-0.00339527502832187,-0.00135337923165007
-0.294105227365969,-0.0864989399453054,0.0109440902891701,0.75730927725496,-0.0041503523596041,-0.00323281956451306,-0.00131097106139645
-0.279349703217496,-0.0841181965367289,0.0105347013404198,0.781497491226425,-0.00439378637762061,-0.00304890176943908,-0.00124825091129117
-0.265547658998671,-0.0810995221326475,0.0100962767067968,0.803620680185591,-0.0046703571151877,-0.00284252448928635,-0.0011666919678495
-0.252912019089716,-0.0773621246841276,0.00962788646510414,0.823569054278586,-0.00498462803010499,-0.00261261843348733,-0.00106855514111649
-0.241650007479608,-0.0727932743401716,0.00912687056531039,0.841235559391566,-0.00534200163429469,-0.00235791569960956,-0.000956861388093536
-0.231959747779936,-0.0672336833703533,0.0085886200273837,0.856517327150437,-0.00574872770442171,-0.00207673822790272,-0.000835323689127946
-0.224027393096856,-0.0604577038908872,0.0080066917158936,0.869317415334716,-0.00621160366789114,-0.00176668530270777,-0.000708240999497004
-0.218025262369874,-0.0521487004417699,0.00737364158393274,0.87954693278047,-0.00673701129672092,-0.00142422798373069,-0.00058035868808656
-0.214111537394202,-0.0418738042486891,0.00668322812439128,0.887127753218135,-0.00732870282136617,-0.00104428471967232,-0.000456699635773841
-0.212431861754322,-0.0290713140553209,0.00593490596124731,0.891996149508036,-0.00798354660689028,-0.000620002188456611,-0.000342364579961107
-0.213122066113025,-0.0130807763888399,0.00514142422054111,0.894107676852027,-0.00868463238614767,-0.000143234800029287,-0.000242286915883524
-0.216308226326108,0.00673359037470491,0.00433895240245133,0.893443137605293,-0.0093925504232133,0.000393466101448682,-0.000160909544695103
-0.222095179819869,0.0307158147738887,0.00359531937870884,0.890014010165212,-0.0100392405221656,0.000992588086759179,-0.000101752403953078
-0.230532077679061,0.0585324322402143,0.00300657454046036,0.883863614634175,-0.0105334111413368,0.00164561979109154,-6.69075679414041e-05
-0.241555657410424,0.0888683011511201,0.0026721237291808,0.875059878773378,-0.0107855345453477,0.00232854957140784,-5.66552966690449e-05
-0.25494351611157,0.119529574061036,0.0026536226586,0.863680040618135,-0.0107458394469185,0.00300404448135924,-6.95053458827906e-05
-0.27032750694518,0.148069204573433,0.00294461346952944,0.849795242431164,-0.0104295516460002,0.0036318154888108,-0.00010277798029388
-0.287276011223118,0.172574010042379,0.00347611019378472,0.833465212309613,-0.00990780164399179,0.00418106723503359,-0.000153400874847052
-0.30538867236086,0.192091400716535,0.00415160643512902,0.814745341847223,-0.00927293959609916,0.00463678652558878,-0.000218431852820742
-0.324344281892028,0.206547846051485,0.00488267382727332,0.793698655159023,-0.00860578011776554,0.00499792942570114,-0.000295145226434687
-0.343895741068654,0.21640346186336,0.0056063952750186,0.770404057616622,-0.00796096771692366,0.00527169358447886,-0.000380882682158459
-0.363841648846414,0.222320872086262,0.00628589839495028,0.744958185544185,-0.00736793866565047,0.0054682897414721,-0.000472909906912361
-0.384000166342456,0.224961722729814,0.00690330983549867,0.717472928119921,-0.00683831430965472,0.00559786208965247,-0.000568375814196687
-0.404194026690622,0.224898902916556,0.00745207692425781,0.688071441228359,-0.00637336467121001,0.00566924594359193,-0.000664360455019935
-0.424245271713996,0.222596897685613,0.00793132423495445,0.65688431761711,-0.0059693020279981,0.00568975755618853,-0.000757966714981136
-0.443975701907336,0.21842209015756,0.00834243546275986,0.624046483191737,-0.00562040380086254,0.00566540574036352,-0.000846419707369462
-0.463209813479747,0.212661876735223,0.00868725313486264,0.589694845252332,-0.0053206195367559,0.00560120179938131,-0.000927153531200936
-0.481778339736283,0.205543396092514,0.00896726587364101,0.553966551109406,-0.00506428313187695,0.00550143520204975,-0.000997876690422734
-0.499521494355823,0.197248882781623,0.00918333840881424,0.516997707459428,-0.00484635300685661,0.00536987804236045,-0.00105661425974004
-0.516291568246229,0.187927314821658,0.00933571660308653,0.478922444900339,-0.00466242831584051,0.005209920430686,-0.00110172847759071
-0.531954802298265,0.177702933032776,0.00942416029982996,0.439872245651124,-0.00450867402556766,0.00502465121361552,-0.00113192122963781
-0.546392575277357,0.166681380837933,0.00944812787323287,0.399975475418057,-0.00438172071219684,0.00481689977861032,-0.00114622265734601
-0.559501988019826,0.15495412472543,0.0094069747810274,0.359357075020477,-0.00427856878247222,0.00458925242373599,-0.00114397029729058
-0.571195934271904,0.142601665765061,0.00930014784006161,0.318138375710975,-0.00419650837971067,0.00434405374824876,-0.00112478294713601
-0.581402744991471,0.129695912323739,0.00912736615315227,0.276437005130528,-0.00413305733813853,0.00408340072652047,-0.0010885329903299
-0.590065483951283,0.116301973537047,0.00888878370833779,0.234366853997694,-0.00408591560113089,0.00380913483853225,-0.00103532028200738
-0.597140962625593,0.102479550925816,0.00858513038280812,0.192038073809235,-0.00405293302685125,0.00352283582600454,-0.000965449972415184
-0.602598540382913,0.0882840547442697,0.00821783113298188,0.149557072571461,-0.00403208732689119,0.00322581924676555,-0.000879415934705503
-0.606418709750892,0.0737674780911536,0.00778908856774784,0.107026490301831,-0.00402146815467482,0.00291913913101304,-0.00077789033725592
-0.608591602221956,0.0589791706661746,0.007301954010787,0.0645450933106361,-0.00401926618211152,0.00260359595759841,-0.000661720182366888
-0.609115322143034,0.0439664416029158,0.00676035612730037,0.0222075983387917,-0.00402376293243852,0.0022797503204681,-0.000531929589151664
-0.607994182870724,0.0287750829435644,0.00616910263182342,-0.0198955605886322,-0.00403332026915005,0.00194794236222827,-0.000389727473061369
-0.605236861264116,0.0134498953365278,0.00553385495670324,-0.0616783146167937,-0.00404636746474164,0.00160831860862584,-0.000236520141397223
-0.600854609007067,-0.00196454176570153,0.00486108794455723,-0.10305830139125,-0.00406138407723886,0.00126087153485884,-7.39301256262206e-05
-0.594859906835691,-0.017422451089252,0.00415805694507257,-0.143954502433546,-0.00407687718089545,0.000905502070087072,9.61752774504465e-05
-0.587266041045655,-0.0328747529601833,0.00343277867946214,-0.184283247159693,-0.0040913532055675,0.000542108882888234,0.000271646765303945
-0.578087363042028,-0.048267391289493,0.00269397153648061,-0.223955564504272,-0.0041032876293548,0.000170681691843149,0.000450023996763961
-0.567339083981361,-0.0635413451928157,0.00195088421560749,-0.262878900449631,-0.00411109567204778,-0.000208632523837374,0.000628536742152724
-0.555036014605139,-0.0786337699810274,0.00121303271085659,-0.300961430451494,-0.00411310310898843,-0.000595484163119727,0.000804136298505758
-0.541190852966027,-0.0934787914816335,0.000489928848833558,-0.338115150281964,-0.00410751533829572,-0.000989267312889944,0.000973542194630982
-0.525812705147678,-0.108007465974089,-0.000209155036260811,-0.374256729823675,-0.00409238585019018,-0.00138904917260544,0.00113329884429911
-0.508906020081736,-0.122147194330319,-0.000875382954173722,-0.409307092884765,-0.00406558723585319,-0.00179349322397585,0.00127984675330609
-0.490469889759646,-0.135820851791198,-0.00150051584352767,-0.443190564382957,-0.00402478790304514,-0.00220078838235382,0.00140961301350435
-0.470497675019478,-0.148945685873251,-0.00207703215887243,-0.475833914293374,-0.00396743723998355,-0.00260859283770566,0.00151912257484071
-0.448976963151889,-0.161431922888859,-0.00259820573455673,-0.507165381790805,-0.00389076164723475,-0.00301399802337452,0.00160512892205348
-0.425889933992704,-0.173180891096299,-0.00305813423253221,-0.537113706985735,-0.00379177683596927,-0.0034135189139904,0.00166475990703209
-0.401214162871817,-0.184082624539012,-0.00345174616190775,-0.565607214394014,-0.00366732046020836,-0.00380310588188335,0.00169567340979197
-0.374923969712465,-0.194012672917632,-0.00377480038232565,-0.592573005662136,-0.00351412276647935,-0.00417818023717437,0.00169621435511955
-0.346992342596869,-0.202828080063002,-0.00402393653757869,-0.617936352598649,-0.00332894279783639,-0.00453368405466599,0.00166556426567759
-0.317393405895275,-0.210362633744123,-0.00419685575574465,-0.641620383942011,-0.003108823999044,-0.00486413642427154,0.00160387347369633
-0.286105236901567,-0.216422025120722,-0.00429274862712134,-0.663546151616738,-0.00285155935929332,-0.00516369161173845,0.00151236596100374
-0.253112522415697,-0.220780692258016,-0.00431312278280418,-0.683633139338878,-0.00255649968753271,-0.00542620958888577,0.00139340645264802
-0.218408017368662,-0.223184255357666,-0.0042631863315145,-0.701800236619214,-0.00222586265315972,-0.00564538279994325,0.00125051758675928
-0.181991030640928,-0.223364743728897,-0.00415383675313485,-0.717967140223538,-0.00186663173839219,-0.00581501934190407,0.00108832986207546
-0.143860562313194,-0.221079173512063,-0.00400394077940521,-0.732056051418313,-0.00149283096473845,-0.00592964742774566,0.000912437865919948
-0.104001337062912,-0.216181150224175,-0.00384182840046674,-0.743993416627027,-0.00112726805507079,-0.00598561292380435,0.000729128281036575
-0.0623646749136513,-0.208721522684922,-0.00370395611762361,-0.753711381029411,-0.000800881338784572,-0.00598265099938475,0.000544957286137989
-0.0188536007731882,-0.199041809211575,-0.00362858399811952,-0.761148746519687,-0.000547540451327018,-0.00592540928067964,0.000366216973032896
0.0266721366790921,-0.187789968993256,-0.00364474312407311,-0.766251628688219,-0.000394173267643907,-0.00582381751913883,0.000198442153737471
0.0743613137957737,-0.175801191004116,-0.00376149649478818,-0.76897445290585,-0.000350478548650236,-0.00569132047814254,4.61756901505875e-05
0.124318323501505,-0.163874701634755,-0.00396486385460034,-0.769281668222151,-0.000405123961186997,-0.00554134666799939,-8.69059187767583e-05
0.176560719672837,-0.152569417929468,-0.00422504804488455,-0.767150096578914,-0.000531494475441744,-0.00538391512154285,-0.000197669867914458
0.231008006052377,-0.142127233807633,-0.00450875266477682,-0.762571112083497,-0.00069874448137995,-0.00522418907208809,-0.000283304224238948
0.287497927656732,-0.132527545053105,-0.00478894240065531,-0.755552074990709,-0.0008810878764747,-0.00506315548025797,-0.000341354809558564
0.345812589358275,-0.123599435288328,-0.00504862699323507,-0.746116868935213,-0.00106175183560038,-0.00489931950324668,-0.000369956624133916
0.405700462319987,-0.115122209406278,-0.00528000177820496,-0.73430574325508,-0.00123246563928713,-0.00473029625344132,-0.000368102758659124
0.466890056709272,-0.106887097896519,-0.00548174351074212,-0.720174714744184,-0.00139097143955921,-0.00455382553859791,-0.000335837440055297
0.52909702492138,-0.0987240488216873,-0.00565638300155835,-0.703794678297063,-0.00153841249035305,-0.00436823854138376,-0.000274335243482654
0.592027766103818,-0.0905071683290114,-0.00580845607135267,-0.685250284779828,-0.00167736997416733,-0.0041725747434261,-0.000185875588087071
0.65538176010902,-0.0821502904292243,-0.00594342643047907,-0.664638619898935,-0.00181063651355992,-0.00396652510721083,-7.37379961598594e-05
0.718853741943153,-0.0735994592955794,-0.00606714415058401,-0.642067732420332,-0.00194055861706494,-0.00375030831303727,5.79556791285704e-05
0.782136074341549,-0.0648254898954177,-0.00618560813134997,-0.617655077869394,-0.00206875037396314,-0.00352453216678369,0.000204429965096766
0.844921304428372,-0.0558177307834308,-0.00630487314830109,-0.591525947421647,-0.00219602617322237,-0.00329006166201742,0.000360457958048544
0.906904762828487,-0.0465792079909635,-0.00643101040932224,-0.56381194007316,-0.00232245301318982,-0.0030479014683382,0.000520563662923365
0.967787059802028,-0.0371229758976662,-0.00657007656260376,-0.534649515506753,-0.00244746284299245,-0.00279909576701011,0.000679214774544567
1.02727637550139,-0.0274694186911877,-0.00672807156740204,-0.504178644156046,-0.00256999099681442,-0.00254464717256807,0.000830999336613632
1.08509049109472,-0.0176442674575774,-0.00691087761562184,-0.472541555618363,-0.00268862182053502,-0.00228545630776134,0.000970782357541826
1.14095854619399,-0.00767714735580738,-0.0071241758276103,-0.439881579816548,-0.00280173082997714,-0.00202228332810308,0.00109384053843372
1.1946225313345,0.00239948332194885,-0.00737333935772945,-0.406342076104492,-0.00290761696418673,-0.00175573199000223,0.00119597475656179
1.24583853243134,0.0125511038273186,-0.00766330348944649,-0.372065451784346,-0.00300462054470286,-0.0014862557527177,0.00127360088975194
1.29437774127282,0.0227416874578355,-0.00799841630850877,-0.337192279627266,-0.00309122359940574,-0.00121418406332464,0.0013238200686073
1.34002723958294,0.0329341031475006,-0.00838227744477369,-0.301860529182138,-0.00316612998910126,-0.000939765589236133,0.00134446964806142
1.38259055678435,0.0430904097951592,-0.00881757627128806,-0.266204927359673,-0.00322832368691709,-0.00066322394331691,0.00133415622900183
1.42188799872955,0.0531720822829155,-0.00930594372012362,-0.230356457694712,-0.00327710476147427,-0.000384820551648494,0.00129227204271601
1.45775674611932,0.0631402001120792,-0.00984783255011916,-0.194441997008299,-0.00331210405792139,-0.000104918872332753,0.00121899599263298
1.4900507320704,0.0729556322010304,-0.0104424422356547,-0.158584074439499,-0.00333327927866181,0.000175955445632193,0.00111528079142245
1.51864029487006,0.0825791756242567,-0.0110876802035758,-0.122900724479543,-0.00334089528460321,0.000457065296627194,0.000982826698071214
1.54341167521409,0.0919717759526622,-0.0117801981531034,-0.0875053940459555,-0.0033354952132012,0.000737424873931695,0.000824044513700831
1.56426635280446,0.101094700643351,-0.0125154622476916,-0.0525068631209557,-0.00331786546217561,0.00101578079712415,0.000642007317643161
1.58112028568498,0.109909726837088,-0.0132878680220141,-0.018009141230449,-0.00328899983942682,0.00129061203245648,0.000440392298010265
1.5939030896812,0.118379319986056,-0.0140908832885887,0.0158886843155649,-0.00325006595792992,0.00156014969170817,0.000223412723853494
1.60255719334193,0.126466793218356,-0.014917205373992,0.0490926534899874,-0.00320237545179819,0.00182241636558176,-4.2602349164027e-06
1.60703699344232,0.134136439256825,-0.0157589205256517,0.0815141746230397,-0.00314735767542122,0.00207528358274725,-0.00023758656404493
1.60730802156255,0.141353646759588,-0.0166076611011568,0.113070261644758,-0.00308653434113007,0.00231654530737978,-0.000471258483704421
1.60334613586286,0.148084925727163,-0.0174547371421248,0.14368371468663,-0.00302149335653055,0.00254400185694793,-0.000699813640578053
1.59513671314351,0.154297998129324,-0.018291281927719,0.173283175579421,-0.00295385399854884,0.00275555330060332,-0.000917762576040518
1.58267386126003,0.159961825750133,-0.0191083805949977,0.201803006280377,-0.00288522307443202,0.00294929217329825,-0.00111972831452472
1.56595964945067,0.165046660999759,-0.0198972068166352,0.22918294833827,-0.00281713779810654,0.00312359008236719,-0.00130059702833854
1.54500338233228,0.16952412719229,-0.0206491714005371,0.255367557313753,-0.00275099561865012,0.00327716970451259,-0.00145567593599922
1.5198209600068,0.173367345139015,-0.0213560869503555,0.280305444781291,-0.00268797396819453,0.00340915415167379,-0.00158085279251032
1.49043438212905,0.17655111650731,-0.022010347726996,0.303948401485192,-0.00262894610190407,0.00351908691732666,-0.00167274950489491
1.45687146124334,0.179052164760162,-0.0226051179646881,0.326250508543133,-0.00257440183962369,0.00360691814454552,-0.00172886108736086
1.41916580370837,0.180849422894,-0.023134516455298,0.347167360340065,-0.00252438339263724,0.00367295664172322,-0.00174767069427531
1.37735709612727,0.181924345949169,-0.0235937815580423,0.366655516781891,-0.00247844606203656,0.00371779144974382,-0.00172873208069988
1.33149169839866,0.182261217580683,-0.023979399838257,0.384672274237205,-0.002435651298094,0.00374219109062893,-0.001672712570762
1.28162350507898,0.181847415810477,-0.0242891835547949,0.40117579616643,-0.00239459575362882,0.00374699204945226,-0.00158139228584082
1.22781499935026,0.180673604384289,-0.0245222867636192,0.416125587634901,-0.00235347532252567,0.00373298982284799,-0.00145761859732049
1.17013839472541,0.178733823057272,-0.0246791560496117,0.42948324746781,-0.00231017872051501,0.0037008456096342,-0.00130521802012883
1.1086767525639,0.176025460953381,-0.0247614185236064,0.44121339478649,-0.00226240191979593,0.00365101944185304,-0.00112887055327349
1.04352497460178,0.172549110670787,-0.0247717158494287,0.451284654262059,-0.0022077733267049,0.00358373673384243,-0.000933953455801112
0.974790598808534,0.168308315320553,-0.0247134980032579,0.459670595754907,-0.00214398016392859,0.00349899059908144,-0.000726362473923627
0.902594360902088,0.163309235200384,-0.0245907940433093,0.466350555112815,-0.00206888874241705,0.00339657766766622,-0.000512318669692818
0.827070523839912,0.157560276015455,-0.0244079794686233,0.471310302534727,-0.0019806544812345,0.00327616125253807,-0.000298168512276273
0.748367009142136,0.151071737209615,-0.0241695608993033,0.474542563843492,-0.00187782078054088,0.00313735304420476,-9.01840720853868e-05
0.666645375254826,0.143855557449961,-0.0238799987175577,0.476047429090208,-0.00175940832635255,0.00297980327919705,0.000105630726861312
0.582080689767902,0.13592525510264,-0.0235435865464363,0.475832695027494,-0.00162499747132197,0.0028032895434413,0.000283722558500377
0.494861331244333,0.127296181639342,-0.0231644023154569,0.473914182988176,-0.00147480561086034,0.00260779585913596,0.00043915510882786
0.405188732435155,0.117986218167286,-0.0227463384497289,0.470316054289469,-0.00130975884658466,0.00239357613255367,0.00056775503975745
0.313277061868165,0.108017040005529,-0.0222932081714974,0.465071117252288,-0.00113155291664337,0.00216119899703289,0.000666233333080837
0.219352829267583,0.0974160354048595,-0.0218089114888383,0.458221090746673,-0.000942692913379997,0.00191157399008629,0.000732278167249114
0.123654404060608,0.0862188773700786,-0.0212976299260739,0.449816766351974,-0.00074649574466692,0.00164596125074155,0.000764615985121652
0.0264314534105569,0.0744726020305508,-0.0207640064120986,0.439918000211418,-0.000547035301549462,0.00136596794583749,0.000763038168984518
-0.072055676351496,0.0622388486281146,-0.0202132600375466,0.428593469918811,-0.000349010143919717,0.00107353410590508,0.000728391799622545
-0.1715365982153,0.0495966989418099,-0.0196511889023235,0.415920152141574,-0.000157519719928241,0.000770908668240804,0.000662534350821523
-0.271731515567874,0.0366443838943547,-0.0190840309029947,0.401982511098324,2.22506851296831e-05,0.000460614082574553,0.000568253895979764
-0.372351859106281,0.0234990917676603,-0.018518181579104,0.386871430246314,0.000185414711626671,0.000145396149410951,0.000449158445918903
-0.473100999898284,0.0102942980988251,-0.0179598046000968,0.370682961919937,0.000327793815962053,-0.000171843777801473,0.000309540246900271
-0.573675156291118,-0.00282553491322365,-0.0174144037516063,0.353517001847269,0.000446286100810758,-0.0004881338085951,0.000154222879847394
-0.673764630544742,-0.0157124509620274,-0.0168864430260888,0.335476005850847,0.000539126722197255,-0.00080052794114924,-1.15997538102424e-05
-0.773055465566137,-0.0282236667083471,-0.0163790950247977,0.316663851133022,0.000605987045479686,-0.00110620262706241,-0.000182523541950608
-0.871231520186969,-0.0402300412710048,-0.0158941673328766,0.297184905389869,0.000647892669911479,-0.00140253932434156,-0.000353085987703745
-0.967976853806709,-0.0516229886503036,-0.0154322118654616,0.277143315121285,0.000666980570457753,-0.00168718036888633,-0.000517905282213929
-1.06297822717288,-0.0623188510825832,-0.0149927791434876,0.256642476636118,0.000666149190718314,-0.00195805121275352,-0.000671805517244102
-1.15592750403931,-0.072260348467501,-0.0145747519224668,0.235784622131172,0.00064867174695569,-0.00221335005836839,-0.000809929751329533
-1.2465237757524,-0.0814153231412965,-0.0141766867473283,0.214670446557502,0.000617839368044286,-0.00245151330667274,-0.00092784414112853
-1.33447510172982,-0.0897734278976122,-0.0137971049859503,0.193398718067318,0.000576681973026941,-0.00267116994305627,-0.00102163626872338
-1.41949985954707,-0.0973416408839397,-0.0134346989344536,0.172065835878386,0.000527789011992789,-0.00287109726865128,-0.00108800942228564
-1.50132771675215,-0.10413933698202,-0.0130884423550116,0.150765349835856,0.000473230969489728,-0.00305019150583516,-0.00112437251652711
-1.57970033237083,-0.110193655490994,-0.0127576163841115,0.129587454372012,0.000414563867265127,-0.00320745668268014,-0.00112892316245789
-1.65437185057712,-0.115535532113201,-0.0124417728599845,0.108618503922194,0.00035289363009584,-0.00334201431046573,-0.00110071977035195
-1.72510926294501,-0.120196617797288,-0.0121406620657388,0.0879405873648326,0.000288975462279226,-0.00345312986970061,-0.00103973763802371
-1.79169269517925,-0.124207129657488,-0.0118541504504543,0.0676311896935622,0.000223327348511641,-0.00354024914976428,-0.000946903890759066
-1.85391565915548,-0.127594565910908,-0.0115821486494497,0.0477629517165225,0.000156342570675708,-0.00360303583433593,-0.000824106767192883
-1.91158529639099,-0.130383149506828,-0.0113245630726483,0.0284035215858213,8.83920109506462e-05,-0.00364140169057458,-0.000674175876669683
-1.9645226294905,-0.132593833961132,-0.0110812771271082,0.00961547933649242,1.99117635323868e-05,-0.00365552207223119,-0.000500831430467974
-2.0125628277553,-0.134244700134241,-0.0108521620614355,-0.0085436876567279,-4.85253937445548e-05,-0.00364583180815425,-0.000308601850250258
-2.05555548008656,-0.135351587138138,-0.0106371132391189,-0.0260215728407556,-0.000116154887681385,-0.00361299949803774,-0.000102710445648634
-2.09336485825384,-0.135928828768444,-0.0104361055672975,-0.0427708022990622,-0.00018198206696754,-0.00355788136937509,0.000111067021690313
-2.12587014368504,-0.135990003269907,-0.0102492615608564,-0.0587489319885635,-0.000244762309631938,-0.00348145880311736,0.000326571031563222
-2.15296558648792,-0.135548643354474,-0.0100769264161817,-0.0739182573297209,-0.000303002227732935,-0.00338476612009442,0.000537449327430588
-2.17456057119767,-0.134618889127871,-0.00991974563816159,-0.0882454978330278,-0.000354985097176283,-0.00326881699345921,0.000737365113282091
-2.1905795779387,-0.133216092997672,-0.00977874146215833,-0.101701329070142,-0.000398822746760672,-0.00313453870169563,0.000920215820032827
-2.20096205029541,-0.13135739824734,-0.00965538411268502,-0.114259759056484,-0.00043253372175773,-0.00298272317521511,0.00108035422506901
-2.205662206723,-0.129062309795873,-0.00955165291194976,-0.125897381683763,-0.000454143862447217,-0.00281400229235036,0.00121280214064206
-2.20464885419419,-0.12635325829397,-0.00947008092599923,-0.136592578376396,-0.000461801258057453,-0.00262885215082479,0.00131344570378706
-2.19790527335665,-0.12325613256331,-0.00941377603665462,-0.146324769901228,-0.000453893925041981,-0.00242762730301648,0.00137920089542702
-2.18542923771657,-0.119800717836817,-0.00938641192459256,-0.155073834216685,-0.000429156592824896,-0.0022106217493672,0.00140813859327303
-2.16723320928284,-0.116021022974804,-0.00939218423820208,-0.162819789512795,-0.000386753612686946,-0.00197814907121611,0.00139956068523838
-2.14334471106914,-0.111955328140671,-0.00943573219130982,-0.169542821749711,-0.000326327939504291,-0.00173063160022106,0.00135402145880144
-2.11380683949273,-0.107645993386486,-0.00952202890539268,-0.175223664577769,-0.000248011304525877,-0.00146868649900862,0.00127329311760459
-2.07867884549769,-0.103138967419645,-0.00965624922171943,-0.179844298430589,-0.000152396620566958,-0.00119319724682195,0.00116027810536083
-2.03803669180697,-0.0984830291708834,-0.00984362602659905,-0.183388881963236,-4.04788565527989e-05,-0.000905361336604806,0.00101887491412203
-1.99197349392372,-0.0937288254355358,-0.0100893068847487,-0.185844801763939,8.64259325679517e-05,-0.000606708542556787,0.000853806939777684
-1.94059977140552,-0.0889277933425175,-0.0103982213112773,-0.187203722308158,0.000226772688858957,-0.000299088229053957,0.000670425611291125
-1.88404346617379,-0.0841310628804358,-0.0107749660098019,-0.187462536832627,0.000378881026477401,1.53719613782782e-05,0.000474499400848832
-1.82244971897128,-0.0793884227899344,-0.0112237117796492,-0.186624153574283,0.000541023718698918,0.000334330646353308,0.000271999629493446
-1.75598042726198,-0.0747474085389769,-0.0117481324313082,-0.184698090765577,0.000711506484517296,0.000655313106002865,6.88925727313173e-05
-1.68481362826227,-0.0702525418427099,-0.0123513535764729,-0.181700888259123,0.000888738434017575,0.000975799343390273,-0.000129054393667131
-1.60914275835451,-0.0659447255285656,-0.0130359177785713,-0.177656366585749,0.00107129437553678,0.00129331169607394,-0.000316446666384303
-1.52917583803682,-0.0618607809784176,-0.0138037621162327,-0.172595772824604,0.00125797078280675,0.00160549468403372,-0.000488411993141873
-1.44513461577592,-0.0580331089780498,-0.0146562044890905,-0.166557847690604,0.00144783673757254,0.00191018107669262,-0.000640722846797956
-1.35725368899034,-0.0544894572747559,-0.0155939355809963,-0.159588834312017,0.00164027997338783,0.00220543975816578,-0.000769889857939394
-1.26577960277294,-0.0512527848891155,-0.0166170141573963,-0.151742431631835,0.00183504677138342,0.00248960277897265,-0.000873225610163336
-1.17096991139519,-0.0483412198621026,-0.0177248641918965,-0.143079679914065,0.0020322733414963,0.00276127089889374,-0.00094887909306207
-1.07309217982838,-0.0457681103030775,-0.0189162731601824,-0.133668756910076,0.00223250578356625,0.00301929880761082,-0.000995842088440405
-0.972422898475674,-0.0435421665255504,-0.0201893917235638,-0.123584662689132,0.00243670589947477,0.00326276292673511,-0.00101392974569207
-0.869246290115223,-0.0416676853527557,-0.0215417358317346,-0.112908779175618,0.00264624095643787,0.00349091605875932,-0.00100373851741539
-0.763852987137303,-0.0401448379499394,-0.0229701930851072,-0.101728303289119,0.00286285680906266,0.00370313404668125,-0.000966585388552387
-0.656538562710496,-0.0389699931270303,-0.0244710356840611,-0.0901355680835007,0.00308863524867099,0.0038988599098726,-0.0009044328282234
-0.547601911124994,-0.0381360412702223,-0.0260399423294672,-0.0782272810936873,0.0033259377767403,0.00407755062125706,-0.000819804058161683
-0.437343491113325,-0.037632681535866,-0.0276720308839868,-0.0661037205749519,0.00357733894121207,0.00423863087797127,-0.000715693055333447
-0.326063545943348,-0.0374466372000698,-0.0293619012987104,-0.0538679447482819,0.00384555258838361,0.00438145695966895,-0.000595473303499483
-0.214060643480113,-0.0375617681587232,-0.0311036833993152,-0.0416250904245807,0.0041333535801558,0.00450529233334099,-0.000462808865958723
-0.101631373955624,-0.0379590515739629,-0.0328910741877306,-0.0294818755890812,0.00444349497353576,0.00460929538878545,-0.000321571092305937
0.0109274126439017,-0.0386163954422861,-0.0347173378477398,-0.0175464430953582,0.00477861639143576,0.00469251939163473,-0.000175763766769706
0.123313000398037,-0.0395082459167444,-0.0365752486691911,-0.00592856059086045,0.00514113669065633,0.00475392603150981,-2.94567767202694e-05
0.235210068955248,-0.0406049766892599,-0.0384570081532399,0.00526018425907639,0.0055331314793055,0.00479241801634058,0.00011327876639109
0.346288360305424,-0.0418721749789134,-0.040354234095931,0.015906875954598,0.00595621032052023,0.0048068871436748,0.000248446089498003
0.456207828187837,-0.0432699710012615,-0.042258079092585,0.0258987408207315,0.00641141339953503,0.0047962762850887,0.0003722162000621
0.564627992767356,-0.0447525221207636,-0.0441594354645809,0.0351251616750336,0.00689912890300563,0.00475963894171899,0.000481031813721698
0.671216370775548,-0.0462676266601522,-0.0460491405871028,0.0434796515829602,0.00741902136864944,0.0046961910607976,0.000571710577031231
0.775654148061013,-0.0477564475264179,-0.0479181481660639,0.0508616167492201,0.00796996553639155,0.00460535393627969,0.000641541518015163
0.877639937648756,-0.0491533888131939,-0.0497576762770951,0.0571780253158404,0.00854998901087699,0.00448678920539107,0.000688373028810292
0.976892834636509,-0.050386221016272,-0.0515593506863959,0.0623451043946494,0.00915623086685203,0.00434042650218776,0.000710690749810239
1.07315544976873,-0.0513765821622202,-0.0533153526852027,0.0662900978773502,0.0097849234415437,0.00416648407794703,0.000707682238945107
1.16619710732606,-0.0520410023971506,-0.055018570465679,0.068953043241552,0.0104314032990166,0.00396548303652385,0.000679284257869426
1.25581710345978,-0.0522926084789291,-0.0566627461781958,0.0702884854170584,0.0110901555810086,0.00373825631250197,0.00062620837996408
1.34184775703003,-0.0520436530061066,-0.0582426069441557,0.0702670303518337,0.0117548936937911,0.00348595376270188,0.0005499413257823
1.42415689013773,-0.0512089701151445,-0.0597539669661757,0.0688766421036738,0.0124186736097368,0.00321004455200457,0.000452717748480223
1.50264931948806,-0.0497103775863197,-0.0611937891236803,0.0661236003214739,0.013074039142141,0.00291231740266277,0.000337464891980499
1.57726693335171,-0.0474819242386209,-0.0625601978920435,0.0620330556446425,0.0137131918136782,0.0025948783177524,0.000207720359745818
1.6479869756327,-0.0444757317753515,-0.063852440321784,0.0566491460440789,0.0143281767606299,0.0022601442988504,6.75259239363462e-05
1.71481825863146,-0.0406680215566837,-0.0650707970703504,0.0500346638454908,0.0149110748165336,0.00191083060953241,-7.86983156142442e-05
1.77779519638249,-0.0360647767890678,-0.06621645039921,0.0422702880296438,0.0154541909017438,0.00154992844992975,-0.000226294187252688
1.83696976227088,-0.0307063993462848,-0.0672913194849088,0.033453417647554,0.0159502300294448,0.00118066973777653,-0.000370514416249067
1.89240170908614,-0.0246707030306901,-0.0682978749344093,0.0236966586137941,0.0163924544611696,0.000806476144758767,-0.000506674541470282
1.94414762180352,-0.0180736564463966,-0.0692389441518425,0.0131260273285876,0.0167748184629492,0.000430890628915591,-0.000630302258767283
1.99224956618542,-0.0110674492783151,-0.0701175175023262,0.00187894079695552,0.0170920801530325,5.74914107808171e-05,-0.000737279096058438
2.03672422218348,-0.00383569150403661,-0.0709365627604664,-0.00989793529584687,0.0173398925480684,-0.000310209465497801,-0.00082396984458987
2.0775534304441,0.00341416090621,-0.0716988528584508,-0.0220509118268862,0.0175148776390599,-0.000668878392766647,-0.000887335744227589
2.11467702398456,0.0104607623229938,-0.0724068100831576,-0.0344215135088163,0.0176146878671484,-0.00101547629920867,-0.000925028052184632
2.14798866607256,0.0170805493245771,-0.0730623689511437,-0.0468486789448642,0.017638058632522,-0.00134736965027065,-0.000935459338132919
2.17733518263801,0.0230602441140227,-0.0736668601019529,-0.0591708903124699,0.0175848536146571,-0.00166242632001602,-0.000917850664896168
2.20251958442932,0.0282091742660088,-0.0742209184903743,-0.0712282179926752,0.0174561020569301,-0.0019590863926155,-0.000872253715355727
2.22330764900643,0.0323703684571886,-0.0747244205116872,-0.0828642833795636,0.0172540242686656,-0.00223639943703915,-0.000799547845580352
2.23943760717489,0.0354294770170918,-0.0751764558743929,-0.0939281556687943,0.0169820390183853,-0.00249402260692225,-0.000701412883060223
2.25063218979745,0.0373207650950349,-0.0755753404650884,-0.104276201876576,0.0166447448393233,-0.00273217775816046,-0.000580279150168636
2.25661207544609,0.0380297153760215,-0.0759186756930387,-0.113773901683888,0.0162478670371585,-0.00295157013756461,-0.000439256610174425
2.25710966472213,0.0375921219239046,-0.0762034576041715,-0.122297619121243,0.0157981636925348,-0.00315327540204491,-0.000282045222027802
2.25188211220125,0.0360899116730517,-0.0764262355754874,-0.129736295870091,0.0153032871409119,-0.00333860516223878,-0.000112828633062117
2.24072267247381,0.0336442455041063,-0.0765833161924431,-0.135993002417497,0.0147716019126532,-0.00350896341271954,6.38466172134566e-05
2.22346964288874,0.0304066821598669,-0.076671003711648,-0.140986261074895,0.0142119651889577,-0.00366570685701235,0.000243204013090329
2.20001247666984,0.026549306021593,-0.0766858651706424,-0.144651046469443,0.0136334805762959,-0.00381002127765032,0.000420379275027055
2.17029495051313,0.0222547162341559,-0.0766250062437924,-0.146939378120178,0.0130452396056697,-0.00394282395595462,0.000590568296878967
2.13431555417369,0.0177066643714202,-0.0764863434866888,-0.147820446854341,0.0124560671799533,-0.00406469910345999,0.000749176293178255
2.0921254905386,0.0130819431038011,-0.0762688593144609,-0.147280257562951,0.0118742870497808,-0.00417586973560415,0.000891962670154193
2.04382481476907,0.00854390954953446,-0.0759728272747586,-0.145320817602528,0.0113075214795689,-0.00427620579517963,0.00101517536569868
1.98955729510978,0.00423781183927346,-0.0755999963208784,-0.141958944395519,0.0107625359709352,-0.00436526497322025,0.00111566809185177
1.92950456182209,0.000287904534561317,-0.0751537236385769,-0.137224799303236,0.0102451358734197,-0.00444235984827702,0.00119099422801108
1.86388004128516,-0.00320379779631917,-0.0746390463266614,-0.131160271924382,0.0097601174109237,-0.00450664291523059,0.00123947215255853
1.79292307337159,-0.00615736662061746,-0.0740626835191719,-0.123817338104059,0.00931127153738383,-0.00455719997901502,0.00126021852326432
1.7168935010834,-0.00851368671125282,-0.0734329630037248,-0.115256497597025,0.00890143542142809,-0.00459314234695114,0.00125314824625921
1.63606691465353,-0.0102323565782278,-0.0727596704154133,-0.105545368557452,0.00853258346369125,-0.00461368925857755,0.00121894233851719
1.55073064197811,-0.0112890404469813,-0.0720538245190859,-0.0947574826082748,0.0082059477832246,-0.00461823388766659,0.00115898725322343
1.46118050067795,-0.0116725211247156,-0.0713273881449095,-0.0829712919912232,0.00792215714383104,-0.00460638875627235,0.00107529118408435
1.36771827372211,-0.0113816641378252,-0.0705929299704733,-0.0702693752505855,0.00768138340406761,-0.00457800913137165,0.000970384148648088
1.27064983563773,-0.0104224594729936,-0.0698632564254807,-0.0567378122732596,0.00748348565563466,-0.00453319553714118,0.00084720914720003
1.17028383677039,-0.00880526156914066,-0.0691510347385829,-0.0424656936441419,0.00732814405057163,-0.00447227857584398,0.000709011412724084
1.06693084611078,-0.00654230422949551,-0.0684684273486557,-0.0275447312322706,0.00721497761617952,-0.00439579059591145,0.000559231832690647
0.960902862624451,-0.00364552778821913,-0.0678267549049209,-0.0120689450050033,0.00714364276437421,-0.00430442932646107,0.000401409256293547
0.852513117286665,-0.000124723789050191,-0.0672362005946198,0.00386558956738886,0.00711391138207753,-0.00419901848724493,0.000239094822237943
0.742076100428131,0.0040140214352332,-0.0667055634210703,0.0201609410819355,0.00712572908920038,-0.00408046974950946,7.57798708910876e-05
0.629907770582096,0.0087696173079891,-0.0662420633114482,0.0367174699501361,0.00717925534092797,-0.00394974948428936,-8.51623708291641e-05
0.51632592262265,0.0141470319789186,-0.0658511971112253,0.0534339227582083,0.00727488745134071,-0.00380785268497718,-0.000240522223785046
0.401650712598486,0.0201581626576736,-0.0655366420382381,0.0702074729259307,0.00741327037180307,-0.00365578543596216,-0.000387287744150677
0.286205359635296,0.0268225367714922,-0.0653002021068426,0.086933711367527,0.00759529323920134,-0.00349455641238123,-0.000522669701737868
0.170317070788,0.0341678476248571,-0.0651417933280202,0.10350659722816,0.00782207242822441,-0.00332517716395664,-0.000644119500045533
0.0543182553239968,0.0422303002259942,-0.0650594648300996,0.119818387953275,0.00809491921269074,-0.00314867032592506,-0.000749342096290843
-0.0614519141101346,0.0510547072874697,-0.0650494552206489,0.13575958266645,0.00841528839487395,-0.00296608431577138,-0.000836305776152461
-0.176645559984824,0.0606942314537982,-0.0651062861608371,0.151218929669922,0.00878470257738732,-0.00277851246360248,-0.000903250369231605
-0.290903806331471,0.0712096186765568,-0.0652228980631702,0.166083568912551,0.0092046455348232,-0.00258711379114048,-0.000948695215613795
-0.403854272454151,0.0826677147007615,-0.0653908353989367,0.18023940163572,0.00967641786159533,-0.00239313174875801,-0.000971447943856726
-0.515108565534151,0.0951390001896528,-0.0656004905561506,0.193571786448487,0.0102009489937448,-0.00219790632108567,-0.000970614888680093
-0.624260064788699,0.108693831896514,-0.0658414145477503,0.205966656747528,0.0107785624759559,-0.00200287407747545,-0.000945613893219998
-0.730882370682084,0.123397053464914,-0.0661026989528096,0.217312134489971,0.0114086964197069,-0.00180955020739241,-0.00089619039227538
-0.834528858015431,0.139300659904489,-0.0663734257185814,0.227500675763355,0.0120895887784515,-0.00161948668694646,-0.000822438094803039
-0.934733873717748,0.156434301796982,-0.0666431697926217,0.236431730526059,0.0128179475658954,-0.00143420174957748,-0.000724826213203137
-1.03101624532855,0.174793636922701,-0.0669025249707556,0.244014831606306,0.0135886389320211,-0.00125507814531314,-0.000604235729171778
-1.12288582887311,0.194326900064235,-0.06714360782015,0.25017294517588,0.0143944390388614,-0.00108323160993837,-0.0004620072592557
-1.20985377683127,0.214920567046155,-0.0673604817103504,0.254845826491795,0.015225905827837,-0.00091935646591524,-0.000300002176947594
-1.29144698043357,0.236385588729579,-0.0675494375369486,0.25799304838072,0.0160714296924692,-0.000763561766056143,-0.000120676290568652
-1.36722664431678,0.258446239661893,-0.0677090745202883,0.259596326574435,0.0169175128277975,-0.000615217725793218,7.28386241377641e-05
-1.43681022050652,0.280733988795947,-0.0678401467503952,0.259660785402073,0.0177493027207204,-0.00047283652691563,0.000276655542567634
-1.4998950523945,0.302788751617091,-0.0679451780614254,0.258214907562117,0.0185513665132738,-0.000334012006875429,0.000486071138417527
-1.55628125759467,0.324069274108074,-0.0680278927922322,0.255309091036107,0.0193086458593412,-0.000195437963002344,0.000695543678755183
-1.60589086861561,0.343973220259137,-0.0680925513067996,0.251012965197361,0.020007487459406,-5.30149043194013e-05,0.000898732243735652
-1.64878028454749,0.361865976749501,-0.0681433032313079,0.245411840790131,0.0206366159182139,9.79580266139388e-05,0.0010886165815384
-1.68514376486751,0.377115617038293,-0.0681836683711631,0.238602819535455,0.0211879135166039,0.000262522277265159,0.00125770853157179
-1.71530690722333,0.38913030421064,-0.0682162239520911,0.230691118412275,0.0216568990696784,0.00044575603060042,0.00139835319747057
-1.73971050394916,0.397393975345359,-0.0682425262499842,0.221787059939302,0.0220428491520379,0.000652456680208581,0.00150310335968167
-1.75888649873806,0.40149652593929,-0.0682632408593403,0.212003976854661,0.022348566123052,0.000886836747636482,0.00156513726167059
-1.77342866741515,0.401155736311048,-0.0682784152426027,0.201457043380598,0.0225798528051421,0.00115225406382246,0.00157868102358429
-1.7839609952604,0.396229526603733,-0.0682878099586021,0.190262846528029,0.0227447907423577,0.00145098959241626,0.00153939457661847
-1.79110657319816,0.386718451506756,-0.0682912116935958,0.178539397295678,0.0228529319290021,0.00178408006703705,0.00144468459072335
-1.7954593551235,0.372759409946406,-0.0682886742724093,0.166406263669792,0.0229145043519499,0.00215120868859249,0.00129391815439734
-1.79756049296699,0.354612252108546,-0.0682806619077388,0.153984561826132,0.0229397066113946,0.00255065514950367,0.00108852451557504
-1.79788032400031,0.33264133175396,-0.0682680923281392,0.141396627902821,0.0229381354471424,0.00297930520391847,0.000831986052260435
-1.7968064823946,0.307294142196623,-0.0682522913496214,0.128765273087026,0.0229183605734754,0.00343271896949766,0.000529731105197985
-1.7946380538521,0.279079055565347,-0.0682348755317887,0.116212579288112,0.022887639474619,0.00390525580242749,0.000188948511168497
-1.79158519029678,0.248543900550248,-0.0682175798790263,0.103858221347388,0.0228517530380624,0.00439025217106092,-0.000181654101763566
-1.78777317109466,0.216256695852661,-0.0682020477332623,0.0918173214557252,0.0228149404475056,0.00488024774939454,-0.000572128501433502
-1.78324957935923,0.182789338906192,-0.0681896028336275,0.0801978727535903,0.0227799159993668,0.00536725392023734,-0.000971586262498269
-1.77799310693307,0.148704482646394,-0.0681810289253629,0.0690978272992224,0.0227479579187183,0.00584305742770075,-0.00136851395985965
-1.77192255031982,0.114545285344403,-0.0681763877479613,0.0586020303315076,0.0227190662782246,0.00629954915599417,-0.00175110187203319
-1.76490482978217,0.0808272703339023,-0.0681749080599667,0.0487792832295412,0.0226921907560767,0.00672906326795988,-0.00210758870609128
-1.7567613373899,0.0480312671859338,-0.0681749734255312,0.0396799028577123,0.0226655271738617,0.00712470536232702,-0.00242662503836826
-1.74727253672127,0.0165963911592601,-0.0681742236126323,0.0313341776629327,0.0226368738611071,0.00748064132817288,-0.00269765431610803
-1.73618138985573,-0.0130877131309057,-0.0681697652679541,0.0237520674651804,0.0226040260221322,0.00779231379887108,-0.00291130291917124
-1.72319673024249,-0.0406896124036961,-0.0681584664190423,0.0169243382185428,0.0225651715712855,0.00805655369937516,-0.00305976154846231
-1.70799797621254,-0.0659453800000524,-0.068137292319502,0.0108250802078536,0.0225192401979604,0.00827156281171967,-0.00313713160603438
-1.69024247123479,-0.088667360567824,-0.0681036327566287,0.0054152789507008,0.0224661540707381,0.00843675996640259,-0.00313970517722942
-1.66957622080491,-0.108750891928512,-0.0680555759560206,0.000646870271995506,0.0224069374654766,0.00855250582498611,-0.00306614812822012
-1.64564798058982,-0.126177437894044,-0.0679921001050001,-0.00353340541467683,0.0223436640444278,0.0086197439462287,-0.00291756362874386
-1.61812575907918,-0.141012996542069,-0.0679131746938153,-0.0071809796710939,0.0222792503003912,0.0086396125336065,-0.00269742694449169
-1.5867140985421,-0.153401403947304,-0.0678197829338282,-0.0103516714349206,0.0222171339499953,0.00861308691400556,-0.00241139854080058
-1.55117019839281,-0.163553031466254,-0.067713887402239,-0.0131012208229238,0.0221608980666549,0.00854070583703706,-0.00206703740536733
-1.51131711371404,-0.171730114783222,-0.0675983615487378,-0.0154858821096549,0.0221139092569758,0.00842241763212499,-0.0016734465566006
-1.46705280805604,-0.178230355692075,-0.0674769018729422,-0.0175635613795543,0.0220790297939612,0.00825756048396615,-0.00124088615790946
-1.41835456189598,-0.18337043413625,-0.0673539243257932,-0.0193948737849431,0.0220584428681988,0.00804497046181609,-0.000780386743182519
-1.36527891578039,-0.187470723615464,-0.0672344390201849,-0.0210435428590224,0.0220536036299962,0.0077831956361227,-0.000303387621782204
-1.30795779780025,-0.190841972663927,-0.0671238931307164,-0.0225757421313087,0.0220653034736539,0.00747078604603047,0.000178583927154724
-1.24659168460227,-0.193774174591426,-0.0670279738336295,-0.0240582363149556,0.0220938162715792,0.00710662638366986,0.000654186281858012
-1.18144060671965,-0.196527436918766,-0.0669523700156217,-0.0255554594540431,0.0221390854944173,0.00669027872345997,0.00111249098525396
-1.11281362059713,-0.199324456783834,-0.0669025007875064,-0.0271259212912721,0.0222009103756865,0.00622230418814361,0.00154317022217744
-1.0410571439592,-0.202344218173785,-0.0668832279448539,-0.0288185220567599,0.0222790959199154,0.00570453389654701,0.00193665292474118
-0.966542380960914,-0.205716708350195,-0.0668985762664653,-0.0306694507769538,0.0223735433054623,0.00514026095797701,0.00228425862672061
-0.889652002922153,-0.209518729007968,-0.0669514886046678,-0.0327003240202457,0.0224842716571231,0.00453432775595932,0.00257831702105739
-0.81076632018594,-0.213771163041387,-0.0670436416047272,-0.0349180830660009,0.0226113768735857,0.00389308786949318,0.00281227876889255
-0.730249349256083,-0.218438264333184,-0.0671753428363918,-0.0373169176701506,0.0227549459285822,0.00322423087323055,0.00298081989546428
-0.648435389337417,-0.223429598388043,-0.0673455219710648,-0.0398821558280346,0.0229149537512612,0.00253647113405111,0.00307993851761094
-0.565616898919692,-0.228605141901468,-0.0675518186546872,-0.0425957061250083,0.023091172782105,0.00183911739159041,0.00310703924412709
-0.482034532978249,-0.233783759663125,-0.0677907594177186,-0.0454423337119814,0.0232831217716287,0.00114155582905012,0.00306099809178164
-0.397870111086961,-0.238754874194375,-0.0680580069232905,-0.0484158653217296,0.0234900707270165,0.000452692118296379,0.00294219987768369
-0.313243046070793,-0.243292718569678,-0.0683486584576843,-0.0515244049007469,0.0237111048154366,-0.00021959549275331,0.00275254128461134
-0.228210402142849,-0.247172220092071,-0.0686575679133112,-0.0547938146653423,0.0239452343381323,-0.000868941604526662,0.00249539617248838
-0.142770359145796,-0.25018538700575,-0.0689796670631087,-0.0582690423227824,0.0241915238380771,-0.00149087676828669,0.00217554463101668
-0.0568685316577394,-0.252157098835285,-0.0693102674959198,-0.0620132812300014,0.024449203783769,-0.00208308260795733,0.00179907258367182
0.0295935895723615,-0.252959413169967,-0.0696453332194041,-0.066105341497918,0.0247177247026281,-0.00264551006132118,0.00137325318131494
0.116748806951903,-0.252523823642267,-0.0699817241968939,-0.0706359031922514,0.0249967163143916,-0.00318036590470071,0.000906423593353401
0.204753558442088,-0.250851238797066,-0.0703174210968675,-0.0757034605460709,0.0252858221613394,-0.00369198083770562,0.000407870518674886
0.293776684993778,-0.248019702332441,-0.0706517493016606,-0.0814107336162671,0.0255843919149567,-0.00418657313987537,-0.000112265171558756
0.383987515164842,-0.244189974216572,-0.070985623875168,-0.0878621384177101,0.0258910277563645,-0.00467191636943844,-0.000643059470797722
0.47554281505785,-0.239609001867541,-0.0713218348191964,-0.0951626067880989,0.0262029973810879,-0.00515691055328446,-0.0011728537400482
0.568571903431805,-0.234611026210375,-0.0716653817560048,-0.103417677789952,0.0265155444218517,-0.00565104803767317,-0.00168929068001541
0.663159147995733,-0.229615610931397,-0.0720238475991453,-0.112734387988346,0.0268211478027758,-0.00616376230792759,-0.00217935662581328
0.759323236859761,-0.225121307372423,-0.0724077712439172,-0.123222116629281,0.0271088046559517,-0.00670365509262792,-0.00262945771837448
0.856993136299382,-0.221693076137532,-0.0728309412210415,-0.134992248507296,0.0273634352826888,-0.0072776167529549,-0.00302556452111315
0.955981590343046,-0.219941152470905,-0.0733104907346827,-0.148155377888368,0.027565529482316,-0.00788988721492925,-0.00335346281362698
1.05595839783806,-0.220489031204204,-0.073866639382213,-0.162814875710591,0.0276911654423783,-0.00854114466018564,-0.003599144918234
1.15642738510492,-0.223928988764873,-0.0745219126533053,-0.179056058755667,0.0277125283862257,-0.00922774648993352,-0.00374936373433197
1.25671261768726,-0.230765374945156,-0.0752996936429029,-0.196930960910634,0.0275990304988423,-0.00994126729821353,-0.00379235023464053
1.35596031497001,-0.241348937182416,-0.0762220359673981,-0.216439744595862,0.0273190834937878,-0.0106684676830023,-0.0037186669918013
1.45316237268973,-0.255809433128393,-0.0773067979050818,-0.237510922892988,0.0268425009250732,-0.0113917793597805,-0.00352214098270167
1.54720466223962,-0.273997902507459,-0.0785643375269627,-0.259983510218609,0.0261434104370819,-0.0120903127990043,-0.0032007950538021
1.63693819875842,-0.2954527307089,-0.0799942139466343,-0.283594677920854,0.0252034383001446,-0.0127413027568232,-0.00275768353193015
1.72126464524654,-0.319403200996608,-0.0815825292553635,-0.307976216579193,0.024014797636088,-0.0133218282783021,-0.0022015336608668
1.79922136598372,-0.344819076869956,-0.0833006537445613,-0.332661982043943,0.0225827956554166,-0.0138105936335638,-0.00154709778198945
1.87004809257,-0.370504747229412,-0.0851060162648545,-0.357106612985378,0.0209272317067568,-0.0141895396036247,-0.000815129508729247
1.93321968224366,-0.395223839044021,-0.0869453315078331,-0.380713528661302,0.0190822568078184,-0.0144450679684438,-3.19130927294839e-05
1.98843802145427,-0.417829528548701,-0.0887600664977807,-0.402868237958777,0.0170945356491905,-0.014568706110048,0.000771695690615257
2.03558842892985,-0.437372196717781,-0.0904932451174397,-0.422972133454288,0.0150199274347874,-0.0145571187055816,0.00156171370086533
2.07467699473157,-0.453162262089055,-0.0920961123878039,-0.440472682347831,0.0129192277053331,-0.0144114902675675,0.00230289905702897
2.10577012317932,-0.464780044288532,-0.093533019948715,-0.454887911224261,0.0108536408088921,-0.0141364383918134,0.00296092241893322
2.1289539415741,-0.472040472545775,-0.0947833117561839,-0.465825153995248,0.0088805533326505,-0.0137387342143053,0.00350466005923738
2.14432113221842,-0.474931794869944,-0.0958399032520342,-0.472994925641959,0.00704996780639618,-0.0132261559964953,0.0039083758912058
2.15198101360305,-0.473550409448056,-0.0967053379740622,-0.47622008377859,0.00540179072199059,-0.0126067502512453,0.00415352692814323
2.15208047888987,-0.468048949942205,-0.097386932267303,-0.475438976741201,0.00396411479504154,-0.0118886260568838,0.00422993738365303
2.14482165782837,-0.458605383806387,-0.0978928160261619,-0.470700532382659,0.00275262659136543,-0.0110802134541707,0.00413616408372321
2.1304665801911,-0.445411647712486,-0.0982301536061701,-0.462150194267088,0.00177119504275995,-0.0101907579450329,0.00387901778581198
2.10932664101268,-0.42867462052579,-0.0984058446200179,-0.450007970194099,0.00101351454307092,-0.0092307694358753,0.00347237100654102
2.08174140301044,-0.408621089295606,-0.0984290364362868,-0.43454231114536,0.000465459715888579,-0.00821220997318683,0.00293551229066093
2.04805455718562,-0.38550067171134,-0.0983142414599256,-0.416044748500076,0.000107674105107883,-0.00714834266003479,0.00229135478124106
2.00859430801221,-0.35958423263476,-0.0980838701852629,-0.394809678546143,-8.20702186781835e-05,-0.00605329875919475,0.00156476904688056
1.96366247557172,-0.331158270420376,-0.0977694021081567,-0.371121850198607,-0.000127060249599765,-0.00494149457873545,0.000781217320147188
1.91353314996031,-0.300517188645023,-0.0974109356134121,-0.345251899240576,-5.04953846776714e-05,-0.00382703119225317,-3.42393021829066e-05
1.85845915657966,-0.267955439494151,-0.0970552624154173,-0.317458463620509,0.000125053406496175,-0.00272316193909494,-0.000857576161832097
1.79868333195845,-0.233760842540976,-0.0967528247009715,-0.287994368049501,0.000377754402351625,-0.00164185190434301,-0.00166615379186847
1.7344514246964,-0.198209558271306,-0.096553976501694,-0.257114058239403,0.000686419842757821,-0.000593409913178354,-0.00243887640951773
1.6660238455581,-0.16156259828648,-0.096504974647078,-0.22507969432722,0.00103042307513467,0.000413839197995164,-0.00315625918945489
1.59368410961186,-0.124063496579835,-0.0966441398383328,-0.192163883359362,0.00138980482685753,0.00137385741247607,-0.00380049104599908
1.51774246780912,-0.0859367899227989,-0.0969986722814063,-0.158647826288757,0.00174567823787448,0.00228315191737377,-0.00435555731673633
1.43853392825253,-0.0473871300483391,-0.0975826393357349,-0.124814624765421,0.00208095640302942,0.0031409330384806,-0.00480745704921108
1.35641070581742,-0.00859904055443408,-0.0983966004789468,-0.09093857820131,0.00238132908233509,0.00394909478845846,-0.00514451468804913
1.27173013823941,0.0302625674183624,-0.0994291303889352,-0.0572723593101307,0.00263632218729747,0.00471194873271935,-0.00535774976492136
1.18484013925782,0.0690510415727675,-0.100660133734719,-0.0240347388997999,0.00284020905521803,0.00543568213251116,-0.00544123768931798
1.09606503095103,0.10763586830044,-0.102065395303747,0.00859825372567035,0.0029925333379468,0.00612757546166802,-0.0053923791084401
1.00569477093682,0.14590004234982,-0.103621434285409,0.0404963917518521,0.0030980653093422,0.00679508128641902,-0.00521200237617654
0.913979955009106,0.183737311328527,-0.105309599323306,0.071571447019877,0.00316613762959989,0.00744490987180981,-0.00490425506141655
0.821133626736703,0.221049700295429,-0.107118533009381,0.101767067160458,0.00320945658351864,0.00808226714651302,-0.00447628832172962
0.727339281230349,0.257745646498962,-0.109044588214356,0.131044366014215,0.00324260987850536,0.00871034556028956,-0.00393778682346057
0.632763061553417,0.293738971704434,-0.111090313521426,0.159366135849707,0.00328055135520411,0.00933009530944617,-0.0033004301368488
0.537567455774402,0.328948850870179,-0.113261540424872,0.186682650528409,0.00333732451884441,0.0099402308156317,-0.00257737950500098
0.441923927859537,0.363300925477839,-0.115563782934262,0.212921399420132,0.00342520993067342,0.0105373810873072,-0.0017828675694278
0.346022664022038,0.39672972996418,-0.117998606226498,0.237982108183935,0.00355438207763882,0.0111162853267854,-0.000931937332825418
0.250078642196393,0.429182588699764,-0.120560431657805,0.261737412408051,0.00373307187878365,0.0116699642644073,-4.03418057575444e-05
0.154334210087665,0.460625033308471,-0.123234041293583,0.284038763614113,0.00396816752491109,0.0121898505288963,0.000875414584331256
0.0590590930772836,0.491047529191857,-0.125992914088692,0.304726588019501,0.00426614671891371,0.0126659220385933,0.0017979352684291
-0.0354508045416431,0.520472845983406,-0.128798498815511,0.323643273703665,0.00463420395681466,0.0130869360278789,0.00270875254901096
-0.128874275473244,0.548962754708634,-0.131600582187437,0.34064708466458,0.00508140215097389,0.0134408942400697,0.00358818839203191
-0.220863933930891,0.576621950945851,-0.134338980286047,0.355624523442084,0.00561963184091188,0.0137158677131559,0.00441534962226334
-0.311042552933974,0.603596369543569,-0.136946779713755,0.368498098466737,0.00626411285042393,0.0139012571202234,0.00516836404251912
-0.398996364432897,0.630062724193641,-0.139355196395814,0.379226259643461,0.00703315228673306,0.013989450948598,0.00582495986133919
-0.484266321196295,0.656206650945869,-0.141499760455399,0.387793003651606,0.00794692410854325,0.0139776752664231,0.00636345342279847
-0.566339952562537,0.68218867020017,-0.143327027986526,0.394186824296064,0.00902519797386674,0.0138696456357082,0.00676412508360924
-0.644648132374556,0.708100296691227,-0.144800555418187,0.398372274984696,0.0102842155364149,0.01367651377842,0.0070108347282284
-0.718572197839892,0.733916234294638,-0.145904738744432,0.400261404696089,0.0117332145248255,0.0134166431567053,0.00709259545465411
-0.787466780326314,0.759451235855908,-0.146645545718909,0.399694769283402,0.0133712988901024,0.0131139960695608,0.00700475528163196
-0.85070213235674,0.784330577716583,-0.147048099202695,0.396440671337627,0.0151853293563573,0.0127953087977029,0.00674949427376027
-0.907726833453492,0.807981146326292,-0.147152086298165,0.39021630932175,0.0171492610965008,0.0124866038847818,0.00633553045334193
-0.958147879443946,0.829647357480123,-0.147006511416322,0.380727430409386,0.019225018964943,0.0122097633650618,0.00577716431981643
-1.00182039533269,0.848434303757047,-0.14666508899887,0.367717009423177,0.0213647454186732,0.0119797987990957,0.00509296430391281
-1.03893357616484,0.863379797513864,-0.146182793182414,0.351010908050954,0.0235141465713152,0.0118031868898464,0.00430443024025594
-1.0700738572481,0.873555244860359,-0.145613294622955,0.330549946822271,0.0256166191652791,0.0116773470863261,0.00343487853064906
-1.09624335527723,0.87818990581383,-0.145006690974297,0.306402169109667,0.0276177453405966,0.0115911334683424,0.00250864220410762
-1.11881492808255,0.876803756566732,-0.144407169261058,0.278754481333621,0.029469569026334,0.0115261223713597,0.0015505487846481
-1.13941689278324,0.869324460020995,-0.143850746489227,0.247887731775605,0.031133931703185,0.0114584647164816,0.000585570907041772
-1.15975845939443,0.856159821094975,-0.14336361933765,0.21414256231071,0.0325842065863751,0.0113610948192917,-0.000361461778344159
-1.18142480369599,0.838202882480419,-0.142961669809374,0.177884491545444,0.0338050944470139,0.0112061204278934,-0.00126617310671325
-1.20568073577342,0.816761760500298,-0.14265134942099,0.139475700209242,0.0347906342814761,0.0109672491386255,-0.00210502576371174
-1.23331981173137,0.793424610356716,-0.142431720883458,0.0992584718319316,0.0355410379113566,0.0106221207837145,-0.00285581562087992
-1.26458298596251,0.769884372144415,-0.142297109175199,0.0575520912475378,0.0360592043062652,0.0101544003661301,-0.00349830058739661
-1.29915346376966,0.747753458726768,-0.142239719235286,0.0146620555413222,0.0363477488431004,0.00955544185344486,-0.00401497603737204
-1.33621903017125,0.728395201877779,-0.142251689373321,-0.029101778702947,0.0364071546760978,0.00882528560094027,-0.00439197705663032
-1.37458409643332,0.712790289077497,-0.142326262991577,-0.073402842050392,0.0362353334877771,0.00797274854253262,-0.00462003591379198
-1.41281162077834,0.70144746804354,-0.142457973898206,-0.117856558255501,0.0358285751213566,0.00701445131118664,-0.00469536445489242
-1.44937743017978,0.694362093955396,-0.142641905466376,-0.162015195501767,0.0351836245471776,0.00597281091754647,-0.00462028862188824
-1.48282248682975,0.691024347521862,-0.142872218664132,-0.205363112877058,0.0343004533394991,0.00487326886115614,-0.00440345920590363
-1.51188948122014,0.690478658981436,-0.143140294121878,-0.247325153271892,0.0331851690886608,0.00374123638149249,-0.00405951181316608
-1.53562889445433,0.691432944733808,-0.143433007994164,-0.287288759457892,0.0318524250597973,0.00259933073224848,-0.00360814490172315
-1.55345957733464,0.692408213166875,-0.143731785809577,-0.324637673547765,0.0303266975700261,0.00146540220520431,-0.00307270473885808
-1.56517390770908,0.691907832466498,-0.144013020892718,-0.358792298037102,0.0286419646486476,0.000351634108531326,-0.00247847525440298
-1.5708887202504,0.688577300104269,-0.14425012205705,-0.38924981013098,0.0268396786457242,-0.000735281640397034,-0.00185093305971494
-1.57095663478311,0.681325825151959,-0.144416942624087,-0.415616845628581,0.0249653935665103,-0.00179313284539655,-0.00121422071580208
-1.5658616402145,0.669391787151391,-0.14449186168815,-0.437629370043445,0.0230647960263691,-0.00282271159800819,-0.000590017361068848
-1.55612331795459,0.652350400427656,-0.144461570112952,-0.455157653648261,0.0211800159146992,-0.00382625269471985,3.12587620845259e-06
-1.54222649571125,0.630076183515788,-0.144323740984655,-0.468197773049896,0.0193469120619797,-0.00480607408364451,0.000550025904087389
-1.52458207857249,0.602679849752094,-0.14408813363199,-0.476853511933938,0.0175936523123204,-0.00576358033831489,0.00103879343827611
-1.50351544825382,0.57043844571669,-0.143776098865951,-0.481313348792688,0.0159405213720265,-0.00669867526715884,0.00146057581545218
-1.47927387457822,0.533731956650368,-0.143418767335307,-0.481826626253903,0.0144006348852451,-0.00760955230218118,0.00180922965006753
-1.45204371557211,0.492992915244059,-0.143054360005795,-0.478681678044847,0.0129811556571304,-0.00849279224782502,0.00208099797383881
-1.42197011086864,0.448670286049494,-0.142725086710341,-0.472187321148226,0.0116846580842377,-0.00934368537628222,0.00227422701234232
-1.38917462031047,0.401205856870934,-0.142474048956189,-0.462658101267729,0.0105104000704553,-0.0101566955886247,0.00238912788622083
-1.35376869885451,0.351020226092289,-0.142342478398395,-0.450403106543682,0.00945537942914526,-0.0109259901868809,0.00242757165337059
-1.3158626008342,0.298505506241575,-0.142367542997786,-0.435717943101904,0.00851514193020205,-0.0116459669247726,0.00239290068953046
-1.27557028060755,0.244022415447233,-0.14258084664126,-0.418879441303224,0.00768436219609171,-0.0123117207189361,0.0022897418131124
-1.23301128387657,0.187900081423724,-0.143007641425208,-0.400142702236051,0.00695724183032282,-0.0129194064565388,0.00212381295032988
-1.18831069956549,0.130437437366024,-0.14366667551208,-0.379740125421564,0.00632777177431948,-0.0134664713658135,0.00190172235145753
-1.14159811926353,0.0719054921149451,-0.144570526647757,-0.357882059669849,0.00578989803852535,-0.0139517485813989,0.00163076524057351
-1.09300633376349,0.0125500244089067,-0.145726232682135,-0.334758701024732,0.00533761910620357,-0.0143754202441547,0.00131872617314259
-1.04267025180516,-0.0474055781122112,-0.147136029364549,-0.31054284709586,0.00496503387085707,-0.0147388713445507,0.000973696046732036
-0.990726296589081,-0.107757505008958,-0.148798037588801,-0.285393122998431,0.00466635275559657,-0.015044463184498,0.000603911077774611
-0.937312345256005,-0.168318831715645,-0.150706796104015,-0.259457326658394,0.00443588174632957,-0.0152952577246937,0.000217617918069308
-0.882568135272758,-0.228917000571001,-0.152853597931804,-0.23287559569105,0.00426798859516209,-0.0154947222337756,-0.00017703466839652
-0.826635971200696,-0.289391494324015,-0.15522664681957,-0.205783164954224,0.00415706127444177,-0.0156464391788457,-0.000572080714629974
-0.769661518259057,-0.349591710216989,-0.157811095039564,-0.17831255215553,0.00409746982551007,-0.015753840856392,-0.000959804506199183
-0.711794458264259,-0.409375045608554,-0.160589050663238,-0.15059507212365,0.00408354324442034,-0.0158199831185997,-0.00133279824814084
-0.653188804985887,-0.468605216323952,-0.163539649446001,-0.122761638186145,0.00410957243507771,-0.0158473683644679,-0.00168401801966469
-0.594002721132305,-0.527150844104507,-0.166639274804849,-0.0949428617448447,0.00416984820353195,-0.0158378248194992,-0.00200684522415652
-0.534397745263248,-0.58488436074972,-0.169861981893485,-0.0672685123270541,0.00425873967081197,-0.0157924466222597,-0.00229515869727329
-0.474537420617295,-0.641681274801108,-0.17318014287941,-0.0398664525537966,0.00437081349932882,-0.0157115967502921,-0.0025434196533989
-0.414585408731873,-0.697419829499836,-0.176565286383986,-0.0128612123780815,0.00450098842998343,-0.0155949717666998,-0.00274676814419723
-0.354703258304278,-0.751981045934977,-0.179989062042229,0.0136275910926863,0.00464471362599184,-0.0154417234384911,-0.0029011262051426
-0.295048068299554,-0.805249097534806,-0.183424229369755,0.039486757540807,0.0047981542887964,-0.0152506276006536,-0.00300330000575611
-0.235770317957656,-0.857111911397029,-0.186845555731078,0.0646107036975588,0.00495836507387335,-0.0150202858296167,-0.00305107168923517
-0.177012123705223,-0.90746185103354,-0.190230515436311,0.0889021691310173,0.00512343184704994,-0.0147493415045078,-0.00304327157373971
-0.118906121608149,-0.956196316235016,-0.193559710499972,0.112272305725351,0.00529256555501585,-0.0144366897016412,-0.00297982303609194
-0.0615750748413937,-1.00321810482141,-0.196816977813163,0.134640119727299,0.00546613793447371,-0.014081660843056,-0.0028617553587022
-0.0051321863465652,-1.04843541975468,-0.199989198025904,0.155931332064094,0.00564565625265964,-0.0136841612876865,-0.00269118343023288
0.0503180174014905,-1.09176146562159,-0.203065867298915,0.176076806780166,0.00583368165713537,-0.0132447596410673,-0.00247125665421251
0.104678453500304,-1.13311364961139,-0.20603852492539,0.19501075411406,0.0060337014814076,-0.0127647144331966,-0.0022060820326544
0.15785816695635,-1.17241246889381,-0.20890014207785,0.212668935355849,0.00624996894651973,-0.0122459457234532,-0.00190062774345241
0.209771195286347,-1.20958021797603,-0.211644569137991,0.228987082126895,0.00648732379096321,-0.0116909589761205,-0.00156061355433443
0.260335832938273,-1.24453968175484,-0.214266115235066,0.243899701967671,0.00675100485603046,-0.0111027334199943,-0.00119239334410853
0.309474440789335,-1.27721298890757,-0.216759300220657,0.257339385770424,0.00704646145709715,-0.0104845888160053,-0.000802833267681101
0.357113857020398,-1.3075207893705,-0.219118783799976,0.269236672975216,0.00737916562596078,-0.00984004430619964,-0.000399187178252744
0.403186376581788,-1.33538189324197,-0.221339445444379,0.279520476777858,0.00775442310700873,-0.00917268132279711,1.103077587077e-05
0.447631188316078,-1.36071347037294,-0.223416566641458,0.288119028955131,0.00817717818416662,-0.00848602004362112,0.000420177621613142
0.490396100354613,-1.38343186403493,-0.225346056451848,0.294961274012646,0.00865180654575457,-0.00778341616921024,0.00082061878464778
0.531439350931406,-1.40345402145333,-0.227124662547099,0.29997862427355,0.00918189166851395,-0.00706798227509076,0.00120487241674824
0.570731295835489,-1.4206994919578,-0.228750121379916,0.303106979128457,0.00976998352181462,-0.00634253584090394,0.00156576110122145
0.608255784425609,-1.43509289419075,-0.230221219891336,0.30428891079468,0.0104173433700235,-0.00560957426321702,0.00189656952083778
0.644011078507173,-1.44656671261506,-0.231537763151621,0.303475924074833,0.0111236844207479,-0.00487127558939404,0.00219120458494452
0.678010226327456,-1.45506425751013,-0.23270046317105,0.300630707899185,0.0118869241882195,-0.00412952215175336,0.00244435235224947
0.710280863590376,-1.46054261554829,-0.233710779548338,0.295729310672317,0.0127029696804493,-0.00338594267626448,0.00265162419841966
0.740864460662445,-1.46297543038486,-0.234570749513442,0.288763187812406,0.0135655598336206,-0.00264196686253345,0.00280968343231791
0.769815059221534,-1.46235537983046,-0.235282842121449,0.279741085646627,0.0144661901599473,-0.00189888510760893,0.00291634328790851
0.797197535298068,-1.45869624610374,-0.235849859848397,0.268690737040238,0.0153941417903542,-0.00115790537498888,0.00297062808356872
0.823085394258548,-1.45203449420837,-0.236274893855539,0.255660347075145,0.0163366309453298,-0.000420199553522776,0.00297279135891575
0.847558062665832,-1.4424302684649,-0.236561321274856,0.240719839604571,0.0172790858381665,0.000313066760006086,0.00292428777856679
0.870697617300257,-1.42996768533954,-0.236712818744628,0.22396181820258,0.018205547089213,0.00104072435013797,0.00282769917256971
0.892584908255381,-1.41475425260762,-0.236733359688432,0.205502172658941,0.0190991761949573,0.00176161005022468,0.00268661879970755
0.913295108306591,-1.39691920427768,-0.236627164993861,0.185480241539204,0.0199428459005092,0.0024745919581749,0.00250550128339348
0.932892853045003,-1.37661053949175,-0.236398587011677,0.164058430722329,0.020719777805655,0.00317860305450458,0.00228948825126156
0.951427301301964,-1.35399061995247,-0.236051922322992,0.141421193537252,0.0214141872269727,0.00387267427294521,0.00204422120120531
0.968927600689593,-1.32923032689087,-0.235591165701849,0.117773302494974,0.0220118938862114,0.00455595802593562,0.00177565337272838
0.985399337609924,-1.30250199297388,-0.235019732281889,0.0933373836109607,0.0225008594975142,0.00522773493375152,0.00148987144731011
1.00082254291115,-1.27397156848946,-0.234340184268203,0.0683507356378715,0.0228716194184639,0.00588739970897213,0.00119293591132922
1.01515169453895,-1.24379069824637,-0.233554001195721,0.0430615101173389,0.0231175843996629,0.00653442614794103,0.000890746185559971
1.02831792047091,-1.21208951717216,-0.232661428856648,0.0177243763384584,0.0232351990378651,0.0071683151728839,0.000588933525686554
1.04023330302046,-1.17897097480972,-0.231661432891657,-0.00740416775236339,0.0232239546239838,0.00778853308775721,0.000292781617455856
1.05079688245577,-1.14450735807289,-0.23055177067538,-0.0320706545005011,0.02308626457174,0.00839444908071417,7.17209654966081e-06
1.05990171822856,-1.1087394191657,-0.229329181675946,-0.0560294815214045,0.0228272196050773,0.00898528123722964,-0.000263449776860984
1.06744223881478,-1.07167818041801,-0.227989683792713,-0.0790475323592384,0.0224542467278494,0.00956005899479302,-0.000515095178228496
1.07332111564119,-1.03330914801352,-0.226528952807449,-0.100908405663751,0.0219767003313854,0.0101176073672943,-0.000744243549027098
1.07745502174457,-0.993598383402833,-0.224942754805796,-0.121416098255297,0.0214054154547019,0.0106565549637754,-0.000947851483665727
1.07977884509229,-0.95249970257272,-0.223227397789953,-0.140398016949184,0.0207522523096311,0.0111753644061984,-0.00112336249030566
1.08024816983318,-0.909962218919223,-0.221380168648331,-0.15770722842692,0.0200296579993626,0.0116723807800041,-0.00126871953613381
1.07884006843457,-0.865937506023752,-0.219399724851541,-0.173223895261401,0.0192502663910635,0.012145891693175,-0.00138238029467195
1.07555242662146,-0.820385805454068,-0.217286416137046,-0.186855885693804,0.0184265510324366,0.0125941915775622,-0.00146333325217274
1.07040213327716,-0.773280900732282,-0.215042519174848,-0.198538583680362,0.017570539582328,0.0130156430875006,-0.00151111158717908
1.06342250806929,-0.724613482888851,-0.212672376835296,-0.208233961334561,0.0166935922145353,0.0134087296514281,-0.00152580117317678
1.05466032326342,-0.674393014330979,-0.210182442237003,-0.215929006353023,0.0158062414780332,0.0137720951005637,-0.00150803920684795
1.04417272208431,-0.622648235833894,-0.207581235268336,-0.221633620975,0.0149180875229807,0.0141045684653024,-0.00145900074276776
1.03202426414617,-0.569426550142929,-0.204879225060035,-0.225378125328147,0.0140377405549568,0.0144051741223626,-0.00138037162989345
1.0182842546913,-0.514792556845784,-0.20208865541778,-0.227210505953982,0.0131728016959339,0.0146731292048279,-0.00127430775167068
1.00302444957248,-0.458826016662025,-0.199223331424088,-0.227193549827724,0.0123298738011865,0.0149078313671151,-0.00114338182964697
0.986317176135246,-0.401619497993127,-0.196298384334344,-0.225401995377936,0.0115145947656508,0.0151088405726898,-0.000990520152355787
0.968233873053894,-0.343275917970808,-0.193330029121837,-0.221919815987046,0.0107316871148815,0.0152758585767418,-0.000818932315598126
0.948844027243619,-0.283906142236432,-0.190335325120955,-0.216837729443875,0.00998501890534758,0.0154087093267711,-0.000632037357242639
0.928214470510777,-0.223626758027374,-0.187331945842735,-0.210251001240152,0.0092776719771114,0.0155073227610354,-0.000433389569185912
0.906408990740219,-0.162558092377642,-0.184337960042723,-0.202257582680257,0.00861201441192976,0.0155717235847675,-0.000226606864735825
0.883488208558471,-0.100822508972584,-0.181371622792138,-0.192956598801336,0.00798977461099728,0.015602025697402,-1.53039719975281e-05
0.859509670161708,-0.0385429885677919,-0.178451173182301,-0.182447178254028,0.00741211484466497,0.0155984321153113,0.000196967960678547
0.834528108769048,0.0241580223452022,-0.175594634459484,-0.170827598901284,0.00687970249882078,0.0155612395491997,0.000406774426640337
0.808595830012499,0.0871595233809695,-0.172819612747721,-0.158194709669933,0.00639277759744297,0.0154908462859508,0.000610842948018348
0.781763180933729,0.150342666483506,-0.170143091995837,-0.144643581600838,0.00595121557367047,0.0153877616985451,0.00080610088823833
0.754079065907242,0.213591293263819,-0.167581224864531,-0.130267337836797,0.00555458465422624,0.0152526155572942,0.000989706100480198
0.725591477793897,0.276792336907555,-0.165149121808099,-0.115157113757445,0.00520219763762871,0.0150861653323697,0.00115907099334485
0.696348017687106,0.339836116357912,-0.162860643124593,-0.0994021031628364,0.0048931582343778,0.01488929984347,0.00131188065879794
0.666396380415897,0.402616546801406,-0.160728200740125,-0.0830896526489096,0.00462640244262202,0.0146630378998256,0.00144610570512875
0.635784788426955,0.465031282802247,-0.158762577954278,-0.0663053746441249,0.00440073567532958,0.0144085209703822,0.00156001037999081
0.604562361451445,0.526981804857583,-0.156972775873097,-0.0491332579892462,0.00421486647988328,0.0141269993923434,0.00165215650054932
0.572779413441419,0.588373457121056,-0.155365894709986,-0.0316557626654232,0.00406743769911717,0.0138198121270322,0.00172140364793602
0.54048767329549,0.649115440040368,-0.153947056706411,-0.013953892700985,0.00395705583883377,0.0134883605804259,0.00176690603638074
0.507740430285156,0.709120759924524,-0.15271937514295,0.00389275277581682,0.00388231923325591,0.0131340774736146,0.00178810644699639
0.474592608802651,0.768306137624542,-0.151683971037124,0.0218059461274558,0.00384184536608879,0.0127583921385846,0.00178472761836869
0.441100780705159,0.826591878682588,-0.150840036020877,0.0397088083218768,0.00383429744614296,0.0123626939061041,0.00175676150196457
0.407323126269677,0.883901708562348,-0.150184936853188,0.0575257882078855,0.00385841007826446,0.0119482954207273,0.00170445681271245
0.373319356501909,0.940162578440992,-0.149714354381287,0.0751826358157575,0.00391301364048333,0.01151639775647,0.00162830532238059
0.339150610557347,0.99530444848302,-0.149422447791875,0.0926063627765081,0.0039970567975167,0.0110680591265882,0.00152902734639132
0.304879342407272,1.04926005616234,-0.149302033853992,0.109725184831166,0.00410962645852739,0.01060416880206,0.00140755685870839
0.270569209873563,1.10196467805663,-0.149344770614286,0.126468443995476,0.00424996442873526,0.0101254275913162,0.00126502662917325
0.236284977628794,1.15335589320461,-0.149541335642312,0.142766510549482,0.00441748000362436,0.00963233592661839,0.0011027537144378
0.202092444025568,1.20337335412786,-0.14988159032832,0.158550667273927,0.00461175780013908,0.00912519028264332,0.000922225552607092
0.168058398862656,1.25195856948005,-0.150354723725962,0.173752980557175,0.00483256019830084,0.00860408833166602,0.000725086815456708
0.134250615944169,1.29905469920761,-0.150949371817557,0.188306164799947,0.00507982386414351,0.00806894293898817,0.000513127067481779
0.100737880559886,1.34460635914348,-0.151653710654886,0.202143447931711,0.00535364992570724,0.00751950483020278,0.000288269175745879
0.0675900480007712,1.38855942700909,-0.152455524387511,0.215198446817315,0.00565428746272357,0.00695539352267613,5.25583182054255e-05
0.0348781236629469,1.43086083760274,-0.153342251598125,0.22740506246972,0.00598211004835433,0.00637613588211981,-0.000191848649507322
0.0026743488442755,1.47145835079393,-0.154301015465936,0.238697406109125,0.00633758513907933,0.00578121144148084,-0.000442693776973833
-0.0289477309558054,1.51030027196683,-0.155318644970108,0.249009768295748,0.00672123614699389,0.00517010339604324,-0.000697628899889836
-0.0599132478418667,1.54733510313599,-0.15638169555968,0.258276645248069,0.0071335970656483,0.00454235393548972,-0.000954227182595344
-0.0901460864819439,1.58251110355414,-0.157476478362607,0.266432838665721,0.007575159564417,0.00389762230393998,-0.00120999566500562
-0.119569106409574,1.61577574244134,-0.158589107015564,0.273413647913071,0.00804631253855347,0.00323574369975544,-0.00146238909670888
-0.148104577435048,1.64707503533977,-0.15970557052698,0.279155176221025,0.00854727424028288,0.00255678684475527,-0.00170882524685446
-0.175674903698757,1.67635276969662,-0.160811839165962,0.283594774936678,0.00907801734711953,0.00186110781455373,-0.00194670174766119
-0.202203717898752,1.70354964568424,-0.161894008187395,0.286671651158403,0.0096381876873256,0.00114939756589242,-0.00217341437400465
-0.22761742681269,1.72860238563187,-0.16293848129572,0.288327663498175,0.010227017880509,0.000422720563646106,-0.00238637650104632
-0.251847278296296,1.75144289845744,-0.163932192195189,0.28850832698221,0.0108432378788122,-0.000317457944832139,-0.00258303933680748
-0.274831995038752,1.77199762262028,-0.16486285857617,0.28716404024606,0.0114849853165881,-0.00106925811840085,-0.00276091243232563
-0.296520977652204,1.79018720827858,-0.165719258724632,0.28425153531161,0.012149719646498,-0.00183038673543899,-0.00291758396079071
-0.316878016905064,1.8059267307315,-0.166491517003414,0.279735532039922,0.0128341451593777,-0.00259815427202267,-0.00305074036104459
-0.335885372615838,1.81912664526686,-0.16717138121158,0.273590556248932,0.013534149006995,-0.00336950787891744,-0.00315818518066852
-0.353547977814678,1.82969468796606,-0.167752472720723,0.2658028542418,0.014244761023537,-0.00414107946736045,-0.0032378573154871
-0.369897420931522,1.83753888872202,-0.168230489765826,0.256372309788257,0.0149601422388314,-0.00490924741337607,-0.00328784929288764
-0.384995260095961,1.84257178363041,-0.168603345619595,0.245314246587767,0.0156736082525203,-0.00567020989264499,-0.00330642670454588
-0.398935151158439,1.84471579019612,-0.168871226659108,0.232660984503647,0.0163776919192228,-0.00642006758798124,-0.00329205025053782
-0.41184324795402,1.84390954527715,-0.169036560384837,0.218463015569616,0.0170642471253566,-0.00715491346787122,-0.00324340199360965
-0.423876380131367,1.84011481596476,-0.169103889772162,0.202789679300339,0.0177245920180234,-0.00787092737443928,-0.00315941723250678
-0.435217645896712,1.83332340286104,-0.169079657213558,0.185729246727734,0.0183496863578139,-0.00856447314683883,-0.00303932283845037
-0.446069277120318,1.82356329683828,-0.168971907872781,0.167388366068279,0.0189303343662803,-0.0092321958064515,-0.00288268198437361
-0.456642927828915,1.81090326158925,-0.168789927644575,0.147890875080186,0.0194574021805801,-0.00987111583378257,-0.00268944405380891
-0.467147872324782,1.79545502812295,-0.168543834381899,0.127376037662141,0.0199220383717525,-0.0104787168348733,-0.00245999733671892
-0.47777792884453,1.77737242406552,-0.168244142248816,0.105996306427203,0.0203158871603833,-0.011053022096722,-0.00219522112449829
-0.488698193668825,1.75684702045382,-0.167901318000951,0.0839147418267534,0.0206312867446533,-0.0115926549044142,-0.00189653320414997
-0.500032827597074,1.734100238363,-0.167525345151187,0.0613022272401221,0.0208614489190174,-0.0120968773208116,-0.00156592863537572
-0.511855143974983,1.70937227304545,-0.167125308136911,0.0383346088126445,0.0210006199610887,-0.0125656025860379,-0.00120600608781594
-0.524181090649768,1.68290860485359,-0.166709004690275,0.0151898623992197,0.0210442256096817,-0.0129993774432966,-0.000819978812941943
-0.536966909410038,1.65494521147697,-0.166282591527362,-0.00795464452197595,0.0209890040455846,-0.01339933243059,-0.00041166835690992
-0.550111332724783,1.62569381973329,-0.165850266848203,-0.03092476159933,0.0208331297253323,-0.0137671002722662,1.45198068607203e-05
-0.563462195166148,1.59532859890633,-0.165413993262265,-0.0535520252629617,0.0205763278512641,-0.0141047047129374,0.000453638611017705
-0.576826860632102,1.56397558797719,-0.164973266518657,-0.0756759886458439,0.0202199748333836,-0.0144144242255475,0.000900258883364877
-0.589985460829349,1.5317058769912,-0.164524938347632,-0.0971464032135929,0.0197671753262788,-0.0146986368756198,0.00134854478404935
-0.602705658643227,1.49853316453482,-0.164063105136675,-0.117825220270806,0.0192228024756077,-0.0149596541922775,0.00179234386284561
-0.614757526842675,1.46441584287033,-0.163579077247927,-0.137588347991588,0.0185934859404268,-0.0151995532036064,0.00222529049959037
-0.625927179699495,1.42926328405987,-0.163061445743706,-0.156327066911575,0.0178875328209742,-0.0154200168537367,0.00264092167692748
-0.636027999487367,1.39294557889289,-0.162496263358105,-0.173948984082112,0.0171147701104963,-0.0156221937644639,0.0030328041473339
-0.644908627504126,1.35530566858181,-0.16186735404904,-0.190378403757762,0.0162863034924719,-0.0158065885619211,0.00339467191083517
-0.652457291008085,1.31617264009423,-0.161156759762784,-0.205556018137939,0.0154141955247193,-0.0159729934641713,0.00372057233253401
-0.658602456964395,1.27537494147997,-0.160345323784994,-0.219437876694432,0.0145110755113559,-0.0161204701554826,0.00400501805452087
-0.663310187137594,1.23275240126334,-0.15941339727335,-0.231993672010059,0.0135897024467473,-0.0162473878561633,0.00424314010646406
-0.666578873574951,1.18816617247307,-0.158341640066221,-0.243204472557321,0.0126625099480232,-0.0163515188586248,0.00443083554594906
-0.668432228717735,1.14150602756584,-0.15711187056925,-0.253060119116036,0.0117411668344258,-0.0164301869054818,0.00456490100042049
-0.668911476987521,1.09269476089214,-0.155707905399248,-0.261556561188123,0.0108361878802666,-0.0164804573548753,0.00464314225834602
-0.668067647715079,1.04168976676905,-0.154116321014771,-0.268693426290167,0.00995662557693807,-0.0164993522221641,0.00466445018093012
-0.665954720108421,0.988482121810029,-0.152327069999716,-0.274472079578412,0.00910986561772273,-0.0164840691569994,0.00462883502662276
-0.662624149790907,0.933093686861662,-0.150333895621166,-0.278894348395373,0.00830153724848125,-0.0164321822679748,0.00453741474609559
-0.658121051734628,0.875572842543159,-0.148134508883774,-0.281961973408755,0.0075355363870349,-0.0163418049366468,0.00439235739144255
-0.652482066697313,0.81598948571397,-0.145730519252403,-0.283676729553246,0.00681414685496829,-0.0162117000709152,0.00419678260709076
-0.645734732979168,0.754429854659797,-0.143127138430112,-0.284041061519004,0.0061382353898743,-0.016041330596366,0.00395463126675379
-0.637898046322397,0.690991639755388,-0.140332700736153,-0.283059018960088,0.00550749083117119,-0.0158308508868275,0.00367051492792611
-0.628983826434089,0.625779699883572,-0.137358059648537,-0.280737263157704,0.00492067745632035,-0.0155810467864352,0.00334955753006381
-0.61899851287125,0.558902569491814,-0.134215926224357,-0.277085945358886,0.00437587628344988,-0.0152932367634137,0.00299724076830784
-0.607945068670309,0.490469825373774,-0.130920211927851,-0.272119314574567,0.00387069485084397,-0.0149691490546886,0.00261926227481789
-0.595824755238316,0.420590296207282,-0.127485428226666,-0.265855983097191,0.00340243386957568,-0.0146107895177818,0.00222141273960192
-0.582638635669266,0.349371045218758,-0.123926181380664,-0.258318846387123,0.00296820674371955,-0.0142203128660383,0.0018094749933583
-0.568388748785724,0.276917028938396,-0.120256785991623,-0.24953470934535,0.00256501421128118,-0.0137999067748494,0.00138914527688536
-0.553078963012573,0.2033313272021,-0.116491007460158,-0.239533707987114,0.00218978082384046,-0.0133516947759155,0.000965974702068918
-0.536715562320516,0.128715837449708,-0.112641932454704,-0.228348632539628,0.00183936260513924,-0.01287766048013,0.000545327335591897
-0.519307636806122,0.0531723250470216,-0.108721958227449,-0.216014257506814,0.00151053631542704,-0.0123795928896576,0.000132350413801453
-0.500867350637406,-0.0231962855972982,-0.104742885573717,-0.202566769545766,0.0011999806748285,-0.0118590505564271,-0.000268048134727649
-0.4814101459692,-0.100284504978232,-0.100716095847761,-0.188043360091753,0.000904259050455933,-0.0113173411681994,-0.000651219468199571
-0.460954921505399,-0.177982884245534,-0.0966527895319567,-0.172482022823845,0.000619811773440269,-0.0107555128062516,-0.00101279476697336
-0.439524203172983,-0.256176754459234,-0.0925642614770706,-0.155921569367314,0.000342964514036938,-0.0101743534421802,-0.00134871002636278
-0.417144309204567,-0.334745198216984,-0.0884621863289151,-0.138401854826852,6.99570991395267e-05,-0.00957439610752516,-0.00165523596023274
-0.393845504553653,-0.413560317351808,-0.0843588866576339,-0.119964188604046,-0.000203005171684083,-0.00895592833205588,-0.00192901275869075
-0.369662139420761,-0.492486821838526,-0.0802675560687364,-0.100651894895664,-0.000479678164443182,-0.00831900563097634,-0.00216708813105147
-0.344632769994699,-0.571381934384747,-0.0762024104606021,-0.0805109788746277,-0.000763686461289255,-0.00766346975535512,-0.00236695616048677
-0.318800262690159,-0.650095600412259,-0.0721787409009207,-0.0595908450880572,-0.00105841729321065,-0.00698897320190948,-0.00252659404439159
-0.292211895407094,-0.728470888949023,-0.0682128640241151,-0.0379450321364468,-0.00136690602670382,-0.00629500981615195,-0.00264449439955686
-0.264919437006272,-0.806344746761741,-0.0643219264964829,-0.0156318617604082,-0.00169172467329934,-0.00558095529321643,-0.00271969005213581
-0.236979241040857,-0.883548852273669,-0.060523603553215,0.00728499554320607,-0.00203487660666381,-0.00484611436428063,-0.00275177116170015
-0.208452332032623,-0.959910672288199,-0.0568356825454211,0.0307361158535668,-0.00239770670886403,-0.00408977556247528,-0.00274089369897699
-0.179404489398182,-1.0352546517111,-0.0532755635728181,0.0546460983594,-0.00278083125442409,-0.00331127150680894,-0.00268778009648605
-0.149906331866996,-1.10940346449556,-0.0498597181126203,0.0789335253063774,-0.00318408981011025,-0.00251004231941951,-0.00259371362077338
-0.120033375394771,-1.18217936417084,-0.0466031341628589,0.103511129000003,-0.003606522020737,-0.00168570015263886,-0.00246052778757689
-0.0898661043035718,-1.2534053869028,-0.0435188226202366,0.128286077972284,-0.0040463636611435,-0.000838091278175531,-0.00229059394415203
-0.0594900113072328,-1.32290649412746,-0.0406174035285499,0.153160396583954,-0.00450106285818325,3.2645479256623e-05,-0.0020868078832461
-0.0289956163142484,-1.39051051928956,-0.037906819265425,0.178031449461113,-0.0049673111697492,0.000926026214462107,-0.00185257719899584
0.00152154926803506,-1.4560488770648,-0.0353921977066267,0.202792452313634,-0.00544108627992445,0.00184117649066319,-0.00159180974862111
0.031961007901744,-1.51935700052959,-0.0330758769534197,0.227332976729052,-0.00591770357410546,0.00277679386052835,-0.00130890261821948
0.062217471630958,-1.58027449591742,-0.0309575887161345,0.251539432861046,-0.00639187527412756,0.00373111905313635,-0.00100872983050923
0.0921810739585623,-1.63864503199918,-0.0290347829068018,0.275295534232172,-0.0068577775968415,0.0047019165001648,-0.000696625847871432
0.121737728554358,-1.69431601443706,-0.0273030620487344,0.298482771735424,-0.00730912828115691,0.00568646502383125,-0.000378360805147569
0.150769647065595,-1.74713813117544,-0.0257566816513,0.320980945273885,-0.00773927844512241,0.00668155967630686,-6.01024738664935e-05
0.179156045092792,-1.79696489308346,-0.0243890626306102,0.342668818216763,-0.00814132371994475,0.00768352575772203,0.000251640652821691
0.2067740543176,-1.84365232983156,-0.0231932556603586,0.363424967357507,-0.00850823957174695,0.00868824573949067,0.000550100881285843
0.233499838371697,-1.88705902942269,-0.0221622968972549,0.383128895717374,-0.00883304435428656,0.00969119903862395,0.000828362602283619
0.259209880565363,-1.92704672342181,-0.0212894019954099,0.401662454852176,-0.00910899078774273,0.0106875132895029,0.00107950706013259
0.283782374437885,-1.96348160723945,-0.0205679625159963,0.418911585989793,-0.00932978235344415,0.011672024005976,0.00129679187413251
0.307098608774413,-1.99623653609926,-0.0199913361648813,0.434768338185516,-0.00948980608565335,0.0126393375940773,0.00147386309507433
0.329044206419924,-2.02519414681884,-0.0195524577389657,0.449133064123093,-0.00958436848215021,0.0135838910222041,0.00160499325315756
0.349510062999096,-2.05025082467685,-0.0192433361880493,0.461916641928126,-0.00960991820673768,0.0145000006715354,0.00168533414502971
0.368392849662418,-2.07132127406493,-0.019054536986354,0.47304253821736,-0.00956423950014702,0.0153818935435867,0.00171116874841906
0.385595002149358,-2.0883432805808,-0.01897476904669,0.482448525798112,-0.00944660490690342,0.0162237164802247,0.00168014355479533
0.401024221418071,-2.10128209779765,-0.0189906940783174,0.490087906427845,-0.00925788510939881,0.0170195235183028,0.0015914616712586
0.414592652518865,-2.11013377664122,-0.0190870502991351,0.495930160640008,-0.00900062558718532,0.0177632476432699,0.00144601882407979
0.426216072427548,-2.11492669525024,-0.0192471344105985,0.499961037142626,-0.00867911065700187,0.0184486703241885,0.00124646886404052
0.435813577656619,-2.11572055218826,-0.01945362374919,0.502182178544603,-0.00829943964682164,0.0190694092055395,0.000997211764244605
0.44330838021302,-2.11260217002888,-0.0196896551533688,0.502610430164893,-0.00786963152793055,0.019618949671305,0.000704304032781458
0.448630344238726,-2.10567765704604,-0.0199400181251355,0.501276973707981,-0.00739974921022339,0.0200907477112196,0.000375297325564323
0.451720759354575,-2.09506086171335,-0.0201922747823327,0.498226363050917,-0.00690199407598463,0.0204784271822923,1.90145524082276e-05
0.452539481560451,-2.08085870861242,-0.0204375950098962,0.493515433022769,-0.00639067510808174,0.0207760817983788,-0.000354726500344168
0.451073942968106,-2.06315494232654,-0.0206711030264536,0.487211942868135,-0.00588192541006266,0.0209786699731488,-0.000735433303626937
0.447348700911957,-2.04199487060867,-0.0208915870855015,0.479392754941269,-0.00539304870552724,0.0210824614200174,-0.0011122952379652
0.441433392902813,-2.01737448205156,-0.0211005397875077,0.470141379096177,-0.00494145013007969,0.0210854658758821,-0.00147456899378426
0.433446572513575,-1.9892372458156,-0.0213006639443634,0.459544845460291,-0.00454323513590722,0.020987758592929,-0.00181198092643018
0.423553316144537,-1.95748056427448,-0.0214941527687123,0.447690067106228,-0.0042117060144376,0.0207916257162126,-0.00211512746820913
0.411955841048746,-1.92197138311956,-0.0216811568050711,0.434660046610722,-0.00395607747098334,0.0205014869924599,-0.00237584688441971
0.398878271298915,-1.88256776822925,-0.0218588297220827,0.420530371271482,-0.0037807197827299,0.0201236111439709,-0.00258753343364156
0.384548520578428,-1.83914138692506,-0.0220211509724086,0.405366465841447,-0.00368508743885992,0.0196656667034707,-0.00274536199162817
0.369180825855926,-1.79159603501717,-0.0221595047385442,0.389221877969969,-0.00366431305026233,0.0191362027047522,-0.00284640666761812
0.352962285125312,-1.73987880819182,-0.0222637726807579,0.372137773124346,-0.00371027268744983,0.0185441255074173,-0.00288964518625089
0.336045099992212,-1.68398316563115,-0.0223235897589311,0.354143597800332,-0.00381284651989604,0.0178982246733473,-0.00287585460001707
0.318544701763006,-1.62394517983158,-0.0223294590434057,0.33525874098974,-0.00396113011998815,0.0172067748303789,-0.00280741663833779
0.300542609566134,-1.55983542185303,-0.0222735312358613,0.315494908292905,-0.00414443092867069,0.0164772204774691,-0.00268805751334533
0.282092244142534,-1.491748996307,-0.0221499921649645,0.294858849007456,-0.00435298065260411,0.0157159419690156,-0.00252255029008529
0.263225903385245,-1.41979560283307,-0.0219551077250177,0.27335504680183,-0.00457836829872307,0.0149280978405206,-0.00231640713764417
0.243961473800369,-1.34409061464485,-0.0216870315449845,0.250988004480004,-0.00481373992219574,0.0141175370243248,-0.00207558493602302
0.224307955791147,-1.26474735127467,-0.021345490303447,0.227763813540846,-0.00505382503274758,0.0132867717287626,-0.00180622194357343
0.204269342805267,-1.18187012162236,-0.020931441155102,0.203690779503138,-0.00529484674852473,0.0124369975878996,-0.00151441674922123
0.183846724123209,-1.09554720731277,-0.0204467623464546,0.178778944031926,-0.00553436286140343,0.0115681429607737,-0.00120605460348824
0.163038647062204,-1.00584263913883,-0.0198940045224285,0.153038368333244,-0.00577107402104069,0.0106789244670878,-0.00088668131816828
0.141839845942405,-0.91278529284546,-0.0192762023816779,0.126476040130016,-0.00600462559582361,0.00976688191607166,-0.000561420780512034
0.120238213593876,-0.816353175504186,-0.0185967294100181,0.0990910290928431,-0.00623542374069785,0.0088283567742839,-0.000234932239428675
0.0982098768762514,-0.716450057950264,-0.0178591657476262,0.0708674348598622,-0.0064644805014325,0.00785837156453907,8.85983738242573e-05
0.0757118536580721,-0.612870528765976,-0.0170671526085646,0.0417642959305301,-0.00669330008115184,0.00685035132590311,0.000405432073987628
0.0526719333095046,-0.505250045620435,-0.0162242336033393,0.0117018545287778,-0.00692381179527459,0.00579562466706187,0.000712200977549241
0.028977226612969,-0.393005245110335,-0.0153337999596038,-0.0194539508515985,-0.00715833155994496,0.00468271417762279,0.00100572953125052
0.00447058550638059,-0.275308119461926,-0.0143996253793959,-0.051896360675576,-0.00739945113065076,0.00349680995547549,0.00128261074393703
-0.0210166658894267,-0.151236555241967,-0.0134282283136752,-0.0858333423292046,-0.00764956210604429,0.00222092686683911,0.00153829673475711
-0.0475605608791104,-0.0202913949282957,-0.0124342077272021,-0.12134506642454,-0.00790964938195556,0.000841131432332375,0.00176576771991717
-0.0750224108993869,0.11695733703316,-0.0114455619130225,-0.158213749670095,-0.00817776711453238,-0.000645784136731643,0.00195499950848356
-0.103057817534607,0.258850233161211,-0.0105022824791882,-0.195929938688843,-0.0084484795074987,-0.00223003170591791,0.00209451703200041
-0.131253442574784,0.403301532824275,-0.00964827266766605,-0.233879180398047,-0.00871342314937192,-0.00389396069174666,0.00217384202117743
-0.159228718469354,0.548368409148476,-0.00892377299549794,-0.271492471408583,-0.00896169529407542,-0.0056173277597282,0.00218484113479485
-0.186643804454082,0.692410701021682,-0.00836141088859754,-0.308279201815409,-0.00917948583385732,-0.00737896291589917,0.00212202441307892
-0.213160294388556,0.834059040460238,-0.00798442736226362,-0.343805715012089,-0.00934950939938908,-0.00915657724445241,0.00198273011052718
-0.23839074066597,0.972167110629163,-0.00780626103169806,-0.377668639428593,-0.00945106943564126,-0.0109263517347714,0.00176760065361165
-0.261852351360599,1.10579075701635,-0.00783206074018245,-0.409476825815698,-0.00946171265702592,-0.0126627808451971,0.00148132454710198
-0.282941844455002,1.23417888588924,-0.00806285222034708,-0.438843198095865,-0.00936134539783646,-0.0143388793086654,0.00113341750773632
-0.300956643244872,1.3567412770321,-0.00850169866382238,-0.465385075513126,-0.00913865032463172,-0.0159269213844499,0.000738693098568043
-0.315181211275403,1.47296418591779,-0.0091585744156693,-0.488730549628397,-0.00879741431662244,-0.01739985386889,0.000317037369357344
-0.325021813974934,1.58228314248772,-0.0100490855954107,-0.508527664855717,-0.00835861203621115,-0.018733110697992,-0.000107704770098245
-0.330127810668873,1.68397376551555,-0.01118488078922,-0.524453618032121,-0.00785573393044739,-0.0199059955547102,-0.000509530463936681
-0.3304334685152,1.77713000617623,-0.0125599233529623,-0.536223274341661,-0.00732582201620553,-0.0209018450218473,-0.000862307765578416
-0.326107797610245,1.86074297840844,-0.0141405897447925,-0.543597899386804,-0.00680190684705233,-0.0217070827436018,-0.00114172669643842
-0.317457562924573,1.93382907878481,-0.015864849610738,-0.546394250255226,-0.00631036739859268,-0.0223101444679021,-0.00132719691047093
-0.304837878115035,1.99554390023404,-0.0176501112231044,-0.544492319744781,-0.00587220843703571,-0.0227012219451605,-0.00140377828843614
-0.288596649668857,2.04524951109663,-0.019405775104725,-0.537839655404562,-0.00550514622641865,-0.0228730472748099,-0.00136397985986978
-0.269052202236615,2.08253481392938,-0.0210459682235234,-0.526451783681932,-0.00522435686589647,-0.0228222536484142,-0.00120901361892117
-0.246493336281626,2.10720298092042,-0.022498857251118,-0.510410187359561,-0.00504158965572442,-0.0225505963573885,-0.000949084522262091
-0.221191333045511,2.1192415571975,-0.0237105896484945,-0.489859789245095,-0.00496347569237552,-0.0220654664255578,-0.0006025299793235
-0.1934156950208,2.11878780341842,-0.0246440228180461,-0.46500670145438,-0.00499005137896134,-0.0213794841716811,-0.000193938011875018
-0.163447283299925,2.10609741245488,-0.0252742647270363,-0.436115196666797,-0.00511417812697254,-0.0205093198758322,0.000248385420965232
-0.131584714601534,2.08151987825205,-0.0255837743138849,-0.403501865182938,-0.00532208333410165,-0.0194741087477622,0.00069514100575395
-0.0981428006800476,2.04547978601836,-0.02555910171503,-0.367525449335879,-0.00559488992328665,-0.0182938605922689,0.00111854346094474
-0.0634447166748673,1.99846136669239,-0.0251898832827896,-0.328572561385523,-0.00591079398829352,-0.016988157235947,0.00149432593018285
-0.0278114272590544,1.94099402460185,-0.0244693809525303,-0.287041398919261,-0.00624746918285864,-0.0155752707972583,0.00180309164441688
0.00844784680160242,1.87363827338604,-0.0233953059595731,-0.24332667361253,-0.00658429204661046,-0.0140716971240601,0.00203098144513845
0.0450414608369984,1.79697323195407,-0.0219699508247601,-0.197808762946616,-0.00690407489968298,-0.0124920160302025,0.00216971988310633
0.081696599786568,1.71158755801507,-0.0201993843239434,-0.150848756031641,-0.00719413907469361,-0.0108489642809242,0.00221617203300249
0.118156719192297,1.61807522576332,-0.0180921404325969,-0.102789265110107,-0.00744672265190113,-0.00915362152961387,0.00217158382675975
0.154176897255183,1.51703634477058,-0.0156581250288321,-0.0539593830272877,-0.00765884866521437,-0.00741564240318968,0.00204068596819895
0.189518959984731,1.40908196222811,-0.0129083279681523,-0.00468146454310045,-0.00783185123529045,-0.00564350231141637,0.0018308173178051
0.223947784364093,1.29484099802386,-0.00985553436773604,0.0447224717524216,-0.00797076439239357,-0.00384474987105975,0.00155117876879825
0.257229497017217,1.17496731067821,-0.00651581540289388,0.0939262672539306,-0.00808374015830773,-0.0020262720490713,0.00121227793355137
0.289131689435169,1.05014526287319,-0.00291032090609883,0.142597804389937,-0.00818160540281357,-0.000194580548645393,0.000825580692022947
0.31942543379652,0.921092813050594,0.000933144758463242,0.19039988358421,-0.00827761220690042,0.00164387747912443,0.00040335361375368
0.347888819179649,0.788561918468434,0.00497913981461473,0.236993367269699,-0.00838739391363616,0.00348239169487946,-4.13389052092673e-05
0.374311870924193,0.653336761298855,0.00918433094807781,0.282041898502156,-0.0085291089230918,0.00531366477946247,-0.000494531253950562
0.39850297113217,0.516230946909527,0.0134978568291413,0.325217344409171,-0.00872373145836164,0.0071295288706045,-0.000941204550536231
0.420297173122863,0.378085402053773,0.0178620170451136,0.366204940623543,-0.00899542701034969,0.00892075206011305,-0.0013651524898419
0.439567033844848,0.239769261321588,0.022212922854411,0.404706847819451,-0.00937192631411393,0.0106769913522068,-0.00174894063183436
0.456236733564951,0.102186639910532,0.0264807999641952,0.440442495003911,-0.00988478527042313,0.0123869404785874,-0.00207403965462934
0.470300283700314,-0.0337071516727924,0.0305898064550443,0.473143869801893,-0.0105693897524188,0.0140386908437738,-0.00232120595188328
0.481844459629829,-0.166875799874756,0.0344575037009969,0.502544220404037,-0.0114645254426915,0.0156202672430422,-0.00247115294915526
0.491076422089767,-0.296154223178465,0.037994482779268,0.528360002702456,-0.0126112474260291,0.0171202192801169,-0.00250549629731875
0.498353902662702,-0.420179343894929,0.0411051172315078,0.550268833471726,-0.0140505655938591,0.0185280537351801,-0.00240787411317827
0.504210346629094,-0.537299466495645,0.0436910290977262,0.567890856504641,-0.0158189809437082,0.0198341931137529,-0.00216508166503776
0.509355396700986,-0.645472561328227,0.0456596173738408,0.580786862312599,-0.0179401132609184,0.0210290498345158,-0.00176810684206228
0.514610333238503,-0.742188155817136,0.0469405738080741,0.588492283647106,-0.0204099330537839,0.0221007455729356,-0.00121322471584759
0.520715075137144,-0.824494409966273,0.0475124844544463,0.590608078456427,-0.0231738645324844,0.0230311371858715,-0.000503850329145788
0.527948849448689,-0.889273123601388,0.0474369744111835,0.586958911228784,-0.0260989282439306,0.0237905664214045,0.000345616019206771
0.535601493209066,-0.9339188759877,0.0468876079294973,0.577793097563105,-0.0289548451254734,0.024333702770359,0.00130308941530282
0.541546182452835,-0.957416061478864,0.0461495919782417,0.563936095916941,-0.0314288792326256,0.0246015799930321,0.00231090106470515
0.542344814182011,-0.961414621730541,0.0455694732287886,0.546761406593622,-0.0331930132009035,0.0245352673686326,0.00328258605405966
0.534129308324232,-0.950574109268654,0.0454628749834338,0.527890855042322,-0.0340073311663345,0.0241001629596685,0.0041118046402497
0.513898107363128,-0.931700654732609,0.0460234195997829,0.508705563963305,-0.0338051678762498,0.0233087060161284,0.00469469041525877
0.480449063195206,-0.912016176354808,0.0472793354046777,0.489914879516863,-0.0327094288850436,0.0222251920778822,0.00495622003952613
0.434465135759644,-0.897467048959677,0.0491125123370212,0.471420472967476,-0.0309767559629756,0.0209472331668134,0.00486686909354891
0.377917603656408,-0.891783028743884,0.0513213104539972,0.452520361668331,-0.0289084208897442,0.0195748721167303,0.00444265562341794
0.313282601030509,-0.896410757249076,0.0536943955159307,0.432296559913343,-0.0267724283446282,0.0181845526590839,0.00373234499906664
0.242952777163984,-0.911024883964974,0.0560668393516637,0.409974025595697,-0.0247606868810321,0.016817789612246,0.00280082725283265
0.168956055019483,-0.934226384887601,0.0583445691844387,0.385123626630516,-0.0229814297565979,0.0154833512664045,0.00171578173045455
0.092909848105512,-0.964155844688105,0.0604993896242598,0.357700031110806,-0.0214739618897508,0.0141662629155018,0.00054007522182188
0.0160912647992753,-0.998915928417188,0.0625457415184783,0.327971803196243,-0.0202315213277746,0.0128377495280664,-0.00067099678654215
-0.0604660757379533,-1.03681151647698,0.0645111117712137,0.296406610565235,-0.0192229202380905,0.0114634079942347,-0.00186956908570544
-0.135893202459694,-1.07645906889974,0.0664089644494242,0.263551874314047,-0.0184089900888085,0.0100093717736144,-0.00301383307699483
-0.20943858144507,-1.11681460735121,0.0682200596632739,0.22992920628202,-0.0177532116972756,0.00844724151585589,-0.00406650323619621
-0.280450787388585,-1.15715197734189,0.0698860291787465,0.195950245632629,-0.0172272988161443,0.00675850186173745,-0.00499372815053699
-0.348382513126896,-1.19700713520418,0.0713171736678368,0.16186030759626,-0.0168128099419278,0.00493856231148392,-0.00576475615639724
-0.41280393939493,-1.23609664758397,0.0724134677208664,0.127718333102324,-0.0164998518162956,0.00299984529437228,-0.00635245711525305
-0.473412048350963,-1.27421992927021,0.0730935079357774,0.0934206395893691,-0.0162839901693495,0.000972832179937674,-0.0067345942605109
-0.530024096759419,-1.31116164930886,0.0733220301607933,0.0587681404162451,-0.0161626288356074,-0.00109600921304754,-0.00689551303190448
-0.582549192514492,-1.34661676135541,0.0731252845241561,0.0235630610220764,-0.016132161719277,-0.00314977423837716,-0.00682773236789933
-0.63094060646825,-1.38015872597868,0.0725870686134586,-0.0122918070586227,-0.0161869098902642,-0.00512927872893932,-0.00653290000412218
-0.675139495448526,-1.41125896232566,0.0718259007654717,-0.0487220559910942,-0.0163201759040192,-0.00698183285360563,-0.00602176913305937
-0.715024089206059,-1.43934730399569,0.0709618119850657,-0.0854598970399597,-0.0165269151895314,-0.00866831259285296,-0.00531320195641587
-0.750375621371745,-1.46388903929085,0.0700850319533892,-0.122073927515904,-0.0168069295897379,-0.0101669023816597,-0.00443253641344481
-0.780865533943066,-1.48445121354393,0.0692367137961609,-0.158034739403017,-0.0171673833844588,-0.0114731663779174,-0.00340981238811058
-0.806061862290437,-1.50073878474197,0.068405878456079,-0.192792116169726,-0.0176237675878205,-0.0125972525454578,-0.00227830236369804
-0.825449390298855,-1.51259351821626,0.0675407416044496,-0.225841994245814,-0.0181989175767293,-0.0135595492531661,-0.00107359689067636
-0.838458784171096,-1.51995862007719,0.0665690945512711,-0.256770362155723,-0.0189200710490785,-0.0143859733995035,0.000166738473020973
-0.844502893016922,-1.52281756629271,0.0654216942957503,-0.285270924691292,-0.0198141748866963,-0.0151035713278274,0.0014031168329895
-0.843021228590065,-1.5211180340146,0.0640534348703822,-0.311140068380783,-0.0209018269726854,-0.0157366115785435,0.00259381634472128
-0.833534004356902,-1.51469436619346,0.0624581624205176,-0.334256056316909,-0.0221905442282278,-0.0163030829286183,0.0036952109410423
-0.815703764655862,-1.50320601151393,0.0606740077414192,-0.354551033786982,-0.0236685525710446,-0.0168115808818212,0.00466279830176703
-0.789396236831105,-1.48611260033654,0.0587776137222932,-0.371985823262483,-0.0253008326545925,-0.0172589358641877,0.00545342690109906
-0.754726067153372,-1.4627031008389,0.0568683674646342,-0.386538248402487,-0.0270292824073443,-0.0176294110499329,0.00602887927776463
-0.712073232270848,-1.4321819265132,0.0550474669985211,-0.398213205612478,-0.0287780500376342,-0.0178964970307673,0.00636044632961304
-0.662065982890301,-1.39379168731522,0.0533994718123798,-0.407074274448103,-0.0304632655738458,-0.0180278336983306,0.00643343218917802
-0.605542115148592,-1.34693408166986,0.0519833258492213,-0.413284093353443,-0.0320043905786441,-0.0179925340463393,0.00625006404897689
-0.5435096721338,-1.29125269317812,0.0508350042279544,-0.41713188303239,-0.0333336428064982,-0.0177688073363276,0.00582953113666048
-0.477120670558084,-1.22666482376673,0.049977762049831,-0.419029582364458,-0.0344011699157066,-0.0173493111670182,0.00520490857783255
-0.407652199658082,-1.15335549039392,0.049432824256205,-0.419472729855326,-0.0351759562084285,-0.0167425942234085,0.00441795789377377
-0.336475805937425,-1.07175568312677,0.0492250307989258,-0.418978663477784,-0.03564412660136,-0.015970721808282,0.0035134680322474
-0.265000385945408,-0.98251755354462,0.0493822433341935,-0.418022627196959,-0.035806481317983,-0.0150645660870432,0.00253461525174254
-0.194590736828537,-0.886485671010579,0.0499307542799874,-0.416989564644222,-0.0356762562838204,-0.0140586170826052,0.0015200918194942
-0.126478946746509,-0.784658237705661,0.0508898732642228,-0.416150420078343,-0.0352772380847269,-0.0129866737291788,0.00050299853212077
-0.0616895843759692,-0.678136000380018,0.0522679149265951,-0.415662614455055,-0.0346419744014477,-0.0118789728679674,-0.000488966469443527
-0.000993202416807946,-0.568063164359856,0.0540603699148416,-0.415588382415345,-0.0338098376728018,-0.0107606769876736,-0.00143262144155469
0.0551074701755844,-0.455568431159759,0.0562500259217848,-0.415922357825841,-0.0328248560852285,-0.00965133787726104,-0.00230823216332775
0.106362535437071,-0.341714009710612,0.0588084191022142,-0.416620234633296,-0.0317333514462247,-0.00856492791869184,-0.00309860902337468
0.152739296068499,-0.227457569908362,0.0616980426245126,-0.417622309298589,-0.0305814818410945,-0.0075101517409692,-0.00378855469471244
0.194374925442878,-0.113628688022772,0.0648749490307563,-0.418868320358528,-0.0294128077006588,-0.00649090519686416,-0.00436471675242479
0.231525105835212,-0.000918787396754578,0.0682915592664833,-0.420302664445613,-0.0282660189025217,-0.00550686855249071,-0.00481580355264827
0.264514359178892,0.110117633597154,0.0718995409003053,-0.421871407889747,-0.027172992703431,-0.00455427680741114,-0.00513305290948778
0.293692046253786,0.219052882649523,0.0756525476847502,-0.423514212955646,-0.0261573835357033,-0.00362689860414422,-0.00531080028097265
0.319396729065301,0.325569257332472,0.0795085041192412,-0.425155080247767,-0.0252339417687036,-0.00271719361426736,-0.00534698167131293
0.341930602512056,0.429437663021311,0.0834310801805598,-0.426695526040943,-0.0244086883372509,-0.00181754061297494,-0.00524343145858154
0.361544676932694,0.530494004469781,0.0873901017792376,-0.428012579097657,-0.0236799348957437,-0.000921374672958417,-0.00500589299854157
0.378434170079931,0.628615913714116,0.0913608674890866,-0.428962214088972,-0.0230399742978824,-2.40706343728241e-05,-0.00464373403061531
0.392742301602199,0.723702281380542,0.095322606089412,-0.429387136329538,-0.0224771350907457,0.000876536078889353,-0.00416942654633076
0.40456972887511,0.815657493233269,0.0992565101230484,-0.429126726263229,-0.0219778453544355,0.00178001449434166,-0.00359789222773894
0.41398652226621,0.904381353951718,0.103143856542024,-0.428026691096395,-0.0215283967448861,0.0026835297922826,-0.00294582204257518
0.421043916985226,0.989764699907212,0.106964677029641,-0.425946464360321,-0.02111621139178,0.00358225194582798,-0.00223105742274156
0.425783912376128,1.07168992395802,0.110697308895158,-0.422763321756855,-0.0207305468095704,0.00446986311318477,-0.00147208375272603
0.428245811393465,1.15003516943608,0.114318988782451,-0.418373176636214,-0.0203626877759232,0.00533907146790306,-0.000687648391674278
0.428469727531516,1.22468077788433,0.117807474947203,-0.412688810534105,-0.0200057491384131,0.00618208193642272,0.000103515589682141
0.426497767330024,1.2955165945344,0.121143508202949,-0.405636758736887,-0.0196542484776264,0.00699101584757438,0.000882898565514424
0.42237396906187,1.36244884906635,0.124313748224706,-0.397154200723267,-0.0193036114881034,0.00775829880643541,0.00163240373641175
0.416144154763682,1.42540548968561,0.127313660821965,-0.38718705115087,-0.0189497558453612,0.00847704322716581,0.00233456349543964
0.407856670527329,1.48433905599173,0.130149712942211,-0.375690071677686,-0.0185888670762092,0.00914143932641884,0.00297282113018782
0.397564594483823,1.53922647125687,0.132840206294295,-0.362629288209134,-0.0182174339079494,0.00974714172577731,0.00353190062105565
0.385329446213284,1.59006555971688,0.135414205333342,-0.347986375414707,-0.0178325511849511,0.010291607919614,0.00399826497558406
0.371225836897935,1.63686865174559,0.137908326596603,-0.3317640696122,-0.0174324303089714,0.0107743218458492,0.00436063620208466
0.355346003757984,1.67965425683971,0.140361631556749,-0.313991241945146,-0.0170169926596043,0.0111968320826204,0.00461052209634051
0.337802942749954,1.71843830725218,0.142809399463386,-0.294726163408651,-0.0165883798173057,0.0115625561808122,0.00474267395797833
0.318731012627308,1.75322671198179,0.145276976288848,-0.274056814604765,-0.0161512147375713,0.0118763475779071,0.00475539379636285
0.298283434388587,1.78401076633406,0.147775020586413,-0.252097792611802,-0.0157124985601753,0.0121438763836126,0.00465062533788505
0.276626900228966,1.8107663298831,0.150297201728373,-0.228984243770017,-0.0152811176956746,0.0123709208846484,0.00443379899573589
0.253934268991947,1.83345678913183,0.152820808157172,-0.204864009881329,-0.0148670365160665,0.0125626860312457,0.00411344737388585
0.230376796327555,1.85203894972832,0.155309993439537,-0.179889559715702,-0.0144803277992263,0.0127232521757961,0.00370065020981836
0.20611738647102,1.86647043418801,0.157720778416496,-0.154211187144687,-0.0141302218301671,0.0128552191190119,0.00320839279200067
0.181305995645404,1.87671703460437,0.160006624084575,-0.127972479577698,-0.0138243322923752,0.012959563222789,0.0026509240137003
0.156077735742035,1.88275874682159,0.162123438092557,-0.101308404039337,-0.0135681586144336,0.0130356855147857,0.00204318242113333
0.130553630590289,1.88459372362802,0.164033192663205,-0.0743457442873679,-0.0133648948090285,0.0130816061271081,0.00140032990256263
0.104843518283167,1.88223993293201,0.165705764770258,-0.0472051938878863,-0.0132155152961651,0.0130942559736208,0.0007374030075426
0.0790503302532166,1.87573474784331,0.16711902327524,-0.0200042089445959,-0.0131190700034643,0.0130698246665672,6.90683676540037e-05
0.0532749001682755,1.86513297225034,0.168257499538398,0.00714027307296079,-0.0130731050467953,0.0130041357842504,-0.000590545564046911
0.0276204325695467,1.8505038736334,0.169110161227686,0.0341100718685595,-0.0130741297492128,0.0128930357466945,-0.00122797473427103
0.00219605047700433,1.83192790350206,0.169667880305511,0.0607853848586352,-0.0131180564704281,0.0127327741384971,-0.00183053326522591
-0.0228813050922048,1.80949350165899,0.169921158394825,0.0870462522987868,-0.013200570429117,0.0125203738803625,-0.00238644285650219
-0.0474868513987987,1.78329446033603,0.1698585828149,0.112775720624672,-0.0133173954122348,0.012253961116594,-0.00288499073069787
-0.0714899739462362,1.75342806789778,0.169466330969731,0.137864422379755,-0.01346444940781,0.0119330304734949,-0.00331672014005089
-0.0947580697525096,1.71999414968319,0.168728842612301,0.162215930533336,-0.0136379014322708,0.0115586124050757,-0.00367364390963502
-0.117161716100448,1.6830949780877,0.167630554729585,0.185752028513846,-0.0138341574666825,0.0111333122869096,-0.00394946044058236
-0.138580383980024,1.64283589758336,0.166158378598214,0.208416950414105,-0.0140498139134214,0.0106612020476589,-0.00413974393798107
-0.158907761360303,1.59932641372832,0.164304438741788,0.230179745452118,-0.0142816193518635,0.0101475642409484,-0.00424207860272435
-0.178055778852702,1.55268144433067,0.162068532287377,0.251034212869893,-0.0145264786482631,0.00959851160111397,-0.0042561112774183
-0.195956655963924,1.50302243576747,0.159459826801534,0.27099628514845,-0.0147815190236477,0.00902052623327235,-0.00418350798900708
-0.21256266435749,1.45047810563408,0.156497483032532,0.290099205694211,-0.0150442192429576,0.00841997561785971,-0.00402781451367901
-0.227843738098288,1.39518466815365,0.153210120242166,0.308387232270612,-0.0153125856804443,0.00780266390423891,-0.00379423581002409
-0.24178343530969,1.33728550621104,0.149634272018304,0.325908805783283,-0.0155853471385299,0.00717346669424914,-0.00348936026762397
-0.254373982128357,1.27693034833573,0.145812151135964,0.342710120734227,-0.015862136338131,0.0065360794180784,-0.00312085987211248
-0.265611173338713,1.21427407446251,0.141789119843335,0.358829848346393,-0.0161436296377029,0.00589288908828333,-0.00269719624591742
-0.275489787818606,1.14947530400435,0.13761124543983,0.374295471346818,-0.0164316253504739,0.00524496188417622,-0.00222735648922621
-0.283999962115718,1.08269491378859,0.13332323404986,0.389121378342356,-0.0167290517659595,0.00459212782828433,-0.00172063410768132
-0.291124721065987,1.01409460477572,0.128966913990612,0.403308604010935,-0.0170399057855154,0.00393313950320158,-0.00118646138312769
-0.296838646480699,0.943835594604766,0.124580317653297,0.4168459265054,-0.0173691302706901,0.00326588300954744,-0.000634291928312519
-0.301107503986614,0.872077466756199,0.120197310552019,0.429711950512978,-0.0177224423321238,0.00258762387747102,-7.35266219521391e-05
-0.303888549869064,0.798977166989684,0.115847649218277,0.441877795151675,-0.0181061262818675,0.00189527605643298,0.000486527285698803
-0.305131194618056,0.724688107438338,0.111557316690223,0.453310043819918,-0.0185268046692564,0.00118568650573214,0.00103667573756111
-0.304777691441265,0.649359325593193,0.10734898068482,0.463973671784735,-0.0189911994854098,0.000455930140321493,0.00156784824968613
-0.302763532177042,0.57313465227005,0.103242438051503,0.47383472846535,-0.0195058937143049,-0.000296390516314956,0.00207111063421686
-0.299017262212809,0.496151873912095,0.0992549431136056,0.482862606063584,-0.0200771009520505,-0.00107284947449149,0.00253769029430772
-0.293459471349035,0.418541933435509,0.0954013615006921,0.491031774375108,-0.0207104474581288,-0.00187391829525509,0.00295902243834663
-0.28600078835968,0.340428300988736,0.0916941403721628,0.498322909422739,-0.0214107661913711,-0.00269872216453101,0.0033268231185754
-0.276538818435463,0.261926758508135,0.0881431358360582,0.504723399251411,-0.0221818956752188,-0.00354485328078093,0.00363319203601744
-0.264954131813808,0.183145970027923,0.0847553832134318,0.510227279923841,-0.023026468002148,-0.00440826517546963,0.00387074474318153
-0.251105652395663,0.104189334323161,0.0815349287004326,0.514834738163896,-0.0239456609751814,-0.00528326881447366,0.00403277061025598
-0.234826110521788,0.0251587059395441,0.0784828543797119,0.518551404677635,-0.0249388817124231,-0.00616264377737046,0.00411341032643058
-0.215918600529628,-0.0538394165971928,0.0755976160146641,0.521387734455128,-0.0260033468643278,-0.00703786604976737,0.00410784552350929
-0.194155681269344,-0.132684755132556,0.0728757713679703,0.523358801349297,-0.0271335328441457,-0.00789944002909489,0.00401249394871874
-0.169282799392485,-0.211231003727519,0.070313107793297,0.524484797937921,-0.0283204931051022,-0.00873730946910166,0.00382520658025365
-0.141027981081802,-0.289290865241136,0.0679060900876408,0.524792410766719,-0.0295510813947721,-0.00954131363108124,0.00354546741118103
-0.109119562555483,-0.366619603032143,0.0656534575728453,0.524317037579691,-0.0308071785042738,-0.0103016531858589,0.003174600582891
-0.0733130235986286,-0.442899388212799,0.063557722251218,0.523105555756749,-0.0320650864672256,-0.0110093353743325,0.00271599064609597
-0.0334265996558068,-0.517727805945898,0.0616262792281237,0.521219097878071,-0.0332953108494609,-0.0116565767225578,0.00217531744054414
0.0106167260833344,-0.59061465176513,0.059871856245099,0.51873512132047,-0.0344629737123568,-0.0122371493401089,0.00156079595568068
0.058745727542845,-0.660991127557448,0.0583121130252422,0.515748054337276,-0.0355290611556413,-0.012746658731003,0.000883394211308649
0.110703052206278,-0.728234291194587,0.0569683482310278,0.512368003743673,-0.0364525946159947,-0.0131827350949083,0.000156982091892112
0.166021140211792,-0.791706966863725,0.0558634531412014,0.508717382422967,-0.0371936322262694,-0.0135451090355192,-0.000601652917543215
0.224019195713073,-0.850809684430703,0.0550194142480307,0.504925724828749,-0.0377167937122419,-0.0138355340355062,-0.0013729940858104
0.283825192826818,-0.905037582263251,0.0544547528364839,0.501123216467282,-0.037994821003885,-0.0140575217015234,-0.00213524995063203
0.344421914772912,-0.9540328692957,0.054182261525649,0.49743343188446,-0.0380116003073791,-0.0142158787146653,-0.00286510963939059
0.404710798126761,-0.997623407645003,0.0542072676513086,0.49396549161303,-0.0377641182976028,-0.0143160763628036,-0.00353878952242992
0.463583650459599,-1.03584043940472,0.0545264849600445,0.49080556036943,-0.0372630012015479,-0.0143635344234968,-0.00413330729121726
0.519991359116205,-1.06891267916069,0.0551273944121872,0.488007656048085,-0.0365315451469082,-0.0143629429268039,-0.0046278649736201
0.573000621106396,-1.0972385900756,0.0559880804648069,0.485584306230118,-0.0356034200469693,-0.0143177582283702,-0.00500518049771707
0.621833485255434,-1.12134236642163,0.057077532498205,0.483498498683983,-0.0345194493664186,-0.0142299817254623,-0.00525259146976719
0.665888554215633,-1.14182120798745,0.0583565261056376,0.48165910360376,-0.0333239877484073,-0.0141002639750443,-0.00536277483146837
0.70474575473306,-1.15929179243518,0.0597792280755955,0.47992192367844,-0.0320614222675324,-0.0139282945586318,-0.0053339836854095
0.738158136661796,-1.17434276790625,0.0612955680240986,0.478097518313079,-0.0307732256598039,-0.0137133684708653,-0.00516978704048645
0.766034451630621,-1.18749809347057,0.0628542177665545,0.475965259642008,-0.0294958275419202,-0.0134549876128128,-0.00487838712810225
0.788415887276006,-1.19919364524734,0.0644058120242285,0.473291410443897,-0.0282593881427601,-0.0131533686986771,-0.00447165621682527
0.805449795814673,-1.20976714613029,0.0659059323892068,0.469848050264409,-0.0270874006544019,-0.0128097751243179,-0.00396406229084524
0.817362763191788,-1.21945957306525,0.0673174090097847,0.465429716191188,-0.0259969413932301,-0.0124266480177751,-0.00337163806656015
0.824434902458631,-1.22842502285834,0.0686116481868032,0.459865497577045,-0.0249993410423588,-0.012007559983448,-0.00271110305461829
0.826976761575284,-1.23674564755438,0.0697689008990922,0.453025574441429,-0.02410105762997,-0.0115570425000508,-0.00199919303126714
0.825309710800796,-1.24444856807509,0.0707775766446365,0.444822356835718,-0.02330457475236,-0.0110803437072701,-0.0012522022424731
0.819750184019479,-1.25152237867077,0.0716328362525229,0.435207188446317,-0.0226092069551301,-0.0105831635433015,-0.000485710051981622
0.810597767747493,-1.25793168763217,0.072334757634523,0.424163960319769,-0.0220117522597172,-0.0100713962065132,0.000285553136506898
0.798126901206614,-1.26362889385821,0.0728863736109077,0.411701025317449,-0.0215069800548899,-0.00955089285118348,0.00104774955667197
0.782581859927551,-1.26856296791626,0.0732918517642015,0.397842647948793,-0.0210879772481514,-0.0090272448316562,0.0017879318206099
0.764174696573746,-1.27268537179126,0.0735550391300551,0.382620988835688,-0.0207463968070592,-0.00850558170330059,0.00249403089552593
0.743085844226637,-1.27595345081611,0.0736785372128791,0.366069381621613,-0.0204726622644195,-0.00799037856554103,0.003154860993327
0.719467093683152,-1.27833172243101,0.0736634059400143,0.348217438893997,-0.020256181227505,-0.00748527281655627,0.00376015852480008
0.693446602956096,-1.27979152298416,0.0735095167026193,0.329088317078268,-0.0200856118193689,-0.00699289871307447,0.00430066290127299
0.665135476258236,-1.28030949185722,0.0732164853623098,0.308698258381292,-0.019949209494955,-0.00651475642061998,0.0047682377270222
0.634635284893694,-1.27986538485809,0.0727850236093618,0.287058296942622,-0.0198352596223802,-0.00605113756301483,0.00515602197609779
0.60204574118392,-1.27843970933796,0.0722184668032725,0.26417776910796,-0.0197325766412522,-0.00560112916946267,0.0054585928405788
0.567471643877349,-1.27601164387813,0.0715241888162355,0.240069033042695,-0.0196310280001323,-0.00516271122135099,0.00567211631347354
0.531028246505322,-1.27255762810029,0.0707146178004744,0.214752626616503,-0.0195220256336367,-0.00473295038768698,0.0057944596876413
0.492844387229238,-1.26805087821693,0.0698076292037399,0.188262024178725,-0.0193989239211018,-0.00430827666412801,0.00582524306111813
0.453063046638787,-1.26246191522898,0.0688262052873334,0.160647227580918,-0.0192572728067949,-0.00388481458860227,0.0057658146110871
0.411839405298237,-1.25576001648111,0.0677973888864578,0.131976642490301,-0.0190948963183762,-0.00345873065024044,0.0056191455579289
0.369336864359712,-1.24791535555235,0.0667506889690242,0.102337006228736,-0.0189117948892553,-0.00302655627824413,0.00538965299377509
0.325721781789814,-1.23890151133747,0.0657161850043076,0.071831477999197,-0.0187098976241173,-0.00258545188797585,0.00508296935686259
0.28115779930385,-1.22869801414258,0.0647226080111375,0.0405762956618389,-0.0184927114637447,-0.00213338996913984,0.00470568402214628
0.235800619820385,-1.21729267242921,0.0637956463211182,0.0086966049896767,-0.0182649238519257,-0.00166924986801671,0.00426508454976217
0.189793827078646,-1.20468345471756,0.062956658726853,-0.0236779206697891,-0.0180320146574659,-0.00119283230529845,0.00376892151890587
0.143266260855106,-1.19087992451442,0.0622218789233583,-0.0564170244979179,-0.0177999224215959,-0.000704809918004301,0.00322521615974459
0.0963309594939235,-1.17590420364892,0.0616021122115762,-0.0893929961829338,-0.017574794306629,-0.000206636860397389,0.00264212071919736
0.0490857457740128,-1.15979157361617,0.0611028687629797,-0.122482653843511,-0.0173628349877535,0.00029956188250327,0.00202783535658229
0.00161515849440335,-1.14259085054715,0.060724820824085,-0.155568120458427,-0.0171702541096668,0.000811102854800174,0.00139057791758939
-0.0460065088422346,-1.12436467189354,0.0604644688353367,-0.188536425930533,-0.0170033026106949,0.00132484719574088,0.00073859860299104
-0.0937113661356297,-1.10518983120106,0.0603149005587501,-0.221278091693671,-0.0168683810091803,0.00183728954379173,8.0228042937786e-05
-0.14143357130447,-1.08515778144918,0.060266543303164,-0.253684927892758,-0.0167721985125241,0.00234463383782183,-0.000576054840546118
-0.189104737505288,-1.06437541282083,0.0603078296930001,-0.285647326855747,-0.0167219590063917,0.00284286118117616,-0.00122155020126767
-0.236649376139018,-1.04296620223075,0.0604257188639011,-0.317051379561126,-0.0167255476530061,0.00332779674929271,-0.00184727587451363
-0.283980659495181,-1.02107183395639,0.060606036078686,-0.347776178771365,-0.0167916894355691,0.003795181880245,-0.00244393389024099
-0.330996804519021,-0.998854402728961,0.0608336152976289,-0.377691703019114,-0.0169300485901592,0.00424075388702636,-0.00300192175846324
-0.37757838228831,-0.976499328202388,0.0610922532391549,-0.406657689840384,-0.0171512361039227,0.00466032996951251,-0.00351140468564084
-0.423586812430883,-0.954219121306133,0.0613645120761955,-0.434523887357922,-0.0174666923265878,0.00504988360626685,-0.00396246262894639
-0.468864173272082,-0.932258124936247,0.0616314420501781,-0.461132004538156,-0.0178884141491673,0.00540559350510316,-0.0043453216838938
-0.51323421534734,-0.910898268424019,0.0618723333372482,-0.48631955012914,-0.0184285013449152,0.00572383897771869,-0.00465067232689625
-0.556504106481091,-0.890465675254691,0.0620646434598658,-0.509925566026761,-0.0190985034548637,0.00600111464336513,-0.00487006775583484
-0.598466004046126,-0.871337584421905,0.0621842739560824,-0.531798053040628,-0.0199085545609506,0.00623384492557011,-0.00499638507753254
-0.638897146727021,-0.853948427185807,0.0622063771835492,-0.551802706306782,-0.0208662854909918,0.00641809721357973,-0.00502432224068328
-0.677556954010472,-0.838793004629968,0.0621068501932287,-0.569832480453065,-0.0219755005756845,0.00654922204795251,-0.00495089650242773
-0.714179829539459,-0.826423564723399,0.0618646085435429,-0.58581751668121,-0.0232346038729268,0.00662148641589408,-0.00477590706670188
-0.748463204975518,-0.817436334726937,0.0614646222099888,-0.599735044212202,-0.0246347719251196,0.00662780601861981,-0.00450232455727797
-0.780051995095693,-0.812442096791151,0.0609015336783063,-0.611618886635573,-0.026157920397266,0.00655971487074537,-0.00413656994554935
-0.808523060158689,-0.812015379320004,0.0601834631585058,-0.621567962384223,-0.027774627160037,0.00640772359358601,-0.00368864084297597
-0.83337616606553,-0.816618765217417,0.0593353477354418,-0.629752498226816,-0.0294423677534038,0.00616219633758754,-0.00317203083426173
-0.854040441422129,-0.826503757858358,0.0584009027198887,-0.636415592448876,-0.0311046642991215,0.00581480422151192,-0.00260337110167468
-0.86990594163881,-0.841598072305463,0.0574421343697454,-0.641866655872833,-0.0326919552515059,0.00536047917229659,-0.00200171607266236
-0.880386733378214,-0.861399960211767,0.0565354336071245,-0.646462944388545,-0.0341250062420084,0.00479960294358401,-0.00138741787787866
-0.885013577499804,-0.884909531268919,0.0557638055950587,-0.650576893015216,-0.0353213354431304,0.00413996403430708,-0.000780608710551603
-0.883541690598369,-0.910629202497275,0.0552057859648587,-0.654550835792723,-0.036204353466302,0.0033978842936061,-0.000199437533847355
-0.876046538047466,-0.936655135440212,0.0549228520168117,-0.658646238241196,-0.0367138692088935,0.00259796005342558,0.000341646151526291
-0.862975148274028,-0.960858235966435,0.0549481670291508,-0.662999454093314,-0.0368156864034208,0.00177114316235329,0.000833173276816322
-0.845128004116834,-0.981123892590565,0.0552797097860156,-0.667597167190949,-0.0365077134007455,0.000951362947976852,0.001271143181991
-0.82356720479294,-0.995596794964541,0.0558798978757536,-0.672280240474067,-0.0358206612123452,0.000171391441423868,0.00165654661891866
-0.799472246656902,-1.00287280287538,0.0566819194307229,-0.676775821444882,-0.0348129098475346,-0.000541050875828401,0.00199403808673215
-0.773982877759093,-1.00209738306511,0.0576009090085017,-0.680748285220722,-0.0335608989769129,-0.00116602473539165,0.00229013360974466
-0.748069878411734,-0.992961541947832,0.0585467795706075,-0.683854447150916,-0.0321476552097312,-0.00169243094923796,0.00255142305931362
-0.722459805248,-0.975616511647552,0.0594355020255085,-0.685789490106,-0.0306522694298282,-0.00211744796307504,0.00278320732750739
-0.697618029021659,-0.950545164441051,0.0601967368429688,-0.686315726913533,-0.0291423276281166,-0.002444833051933,0.00298876239709716
-0.673776861195086,-0.918427910175502,0.0607772653922006,-0.685273131909009,-0.0276700160214825,-0.00268273676455632,0.00316921032118752
-0.650988110503057,-0.880029108884133,0.0611409142026139,-0.682575492807773,-0.0262714963439972,-0.00284159107868835,0.00332383217620449
-0.629181195816442,-0.836115326842948,0.0612662571631279,-0.678197955692667,-0.0249685382520235,-0.00293241238649537,0.00345061523955452
-0.608214456953343,-0.787405290603222,0.0611433753117669,-0.672161268701237,-0.0237713070410148,-0.00296563874263936,0.00354685806015601
-0.587914201911879,-0.73454524657139,0.0607706158761367,-0.66451642771484,-0.022681435308509,-0.00295046752226283,0.00360971863283395
-0.568100987344623,-0.678101754920816,0.0601518787039327,-0.655331723274119,-0.0216948365334682,-0.00289458586809381,0.00363664957925133
-0.548605231939955,-0.618564852442524,0.0592946192898304,-0.644682897088803,-0.02080400666784,-0.00280417082299837,0.00362570570278447
-0.52927507997337,-0.556356380102415,0.0582085400373778,-0.632646336914562,-0.0199997554619825,-0.00268405144895491,0.00357573264473908
-0.509979238690093,-0.491840120876662,0.0569048325423841,-0.619294863707075,-0.0192724166507061,-0.00253795112790258,0.0034864555645283
-0.490606909852308,-0.425331836040401,0.0553958008935592,-0.604695543839909,-0.0186126307764364,-0.00236875357842773,0.00335848934468324
-0.471066275588598,-0.357108264034629,0.0536947079242266,-0.588908970755174,-0.0180118023877425,-0.0021787567104177,0.00319329080505274
-0.451282441100437,-0.287414737614286,0.0518157199257803,-0.571989529293959,-0.0174623235693945,-0.00196989372615848,0.00299307106170221
-0.431195327921533,-0.216471399481488,0.0497738656546043,-0.553986243672661,-0.0169576395673224,-0.00174391169828878,0.00276068349696996
-0.410757741284011,-0.144478150884182,0.0475849635087312,-0.534943898720924,-0.0164922153682968,-0.00150250525461991,0.00249950014156883
-0.389933675922906,-0.0716185275871624,0.0452655017623705,-0.514904207758167,-0.0160614469287751,-0.00124740784150695,0.00221328668754192
-0.368696843829002,0.00193729353111215,0.0428324785430791,-0.493906875663998,-0.0156615480201555,-0.00098044592373711,0.0019060838615058
-0.347029376736892,0.0760301715512608,0.0403032206094283,-0.471990469724068,-0.0152894333849465,-0.000703562851111269,0.00158210052778105
-0.324920655731406,0.150510200064753,0.0376952042845469,-0.449193063708184,-0.0149426108853252,-0.000418819372607741,0.00124562175307236
-0.302366233710564,0.225235291832134,0.0350258999549741,-0.425552660470042,-0.0146190892529844,-0.000128377236046282,0.000900933211471527
-0.279366834247128,0.300070038958559,0.0323126556334626,-0.401107425915631,-0.014317303642903,0.000165528701255441,0.00055226180299309
-0.255927426566929,0.374884760690451,0.0295726272394493,-0.375895783285485,-0.0140360581648156,0.000460625631679801,0.000203731215804368
-0.232056388316965,0.449554670891992,0.0268227551628147,-0.349956423353063,-0.0137744826489838,0.000754642180958423,-0.000140669628982295
-0.207764775122752,0.523959113559846,0.0240797795537969,-0.323328285920844,-0.0135319998509704,0.00104534994805067,-0.000477107784777751
-0.183065718004546,0.597980830870809,0.021360281204223,-0.296050562004097,-0.0133082988854854,0.0013306058332632,-0.000801919896321196
-0.157973955387742,0.671505245310607,0.0186807337738613,-0.268162752279472,-0.0131033108169063,0.00160839395849299,-0.00111162089860696
-0.132505581961132,0.74441972768803,0.0160575360373553,-0.239704836236643,-0.0129171822585236,0.00187686739185018,-0.00140291094343409
-0.106677878500885,0.816612899933824,0.0135070324287115,-0.210717512077227,-0.0127502446440085,0.00213438620319553,-0.00167268176907158
-0.0805093758501036,0.88797392634676,0.0110454792624412,-0.181242575074317,-0.0126029761795742,0.00237955303511253,-0.00191802573073097
-0.0540200610265087,0.958391849774513,0.0086889576550776,-0.151323389767346,-0.0124759555520565,0.00261124298659144,-0.00213624834552093
-0.02723172441202,1.02775498779602,0.00645322342847442,-0.121005444419392,-0.0123698071977972,0.00282862595495889,-0.00232488551975688
-0.000168419727651359,1.09595041705218,0.00435349305641669,-0.0903369568695471,-0.012285139180406,0.00303117907847475,-0.00248172593169138
0.0271429994574439,1.16286357350613,0.00240417151078007,-0.0593694922858502,-0.0122224759042369,0.00321868697105329,-0.00260483848307467
0.0546723087739034,1.22837799258826,0.000618534631765444,-0.028158547540284,-0.0121821889586565,0.00339122780951552,-0.00269260419857799
0.0823853632419397,1.29237519322406,-0.000991610523250875,0.00323594344368988,-0.0121644304201425,0.00354914413364303,-0.0027437515178844
0.110243563692484,1.35473478205299,-0.00241628786021546,0.0347492397548106,-0.0121690722718695,0.00369299784527986,-0.0027573933937589
0.13820347353543,1.41533464772334,-0.00364766734350908,0.0663115785872221,-0.0121956583226456,0.00382351116401433,-0.00273306482125655
0.166216525183594,1.47405135528191,-0.00468035148816711,0.0978481623224079,-0.0122433710797533,0.00394149548432741,-0.00267075880077931
0.194228877025746,1.53076066138693,-0.00551159263825222,0.129279353644127,-0.0123110174726935,0.00404777228517931,-0.00257095922545537
0.222181413747273,1.58533813034818,-0.00614143068263896,0.16052107722895,-0.0123970350091435,0.00414309103088692,-0.0024346692135926
0.25000987582689,1.63765981730594,-0.00657274493292281,0.19148540908674,-0.012499518475435,0.00422804979062564,-0.0022634336731747
0.277645089039488,1.68760298329769,-0.00681122218462487,0.222081319155967,-0.0126162656716899,0.00430302455444081,-0.00205935511320418
0.305013254014204,1.73504681019692,-0.00686525033366865,0.252215521639963,-0.0127448392798161,0.0043681129611548,-0.0018251018626554
0.332036250956806,1.77987309064859,-0.00674575203390118,0.281793381996255,-0.0128826409985173,0.00442309741254579,-0.00156390787109694
0.358631915431491,1.82196687541565,-0.0064659747818891,0.310719828634045,-0.0130269936765496,0.00446743140744468,-0.00127956313029045
0.38471425040975,1.86121707116866,-0.00604125216152908,0.33890022374214,-0.0131752273829697,0.00450025150570761,-0.000976393467907312
0.41019355493521,1.89751699022576,-0.00548874604932202,0.366241157904302,-0.0133247661044914,0.00452041572263303,-0.000659228083784496
0.434976469863968,1.93076486041378,-0.00482717242188188,0.392651146475987,-0.0134732129021451,0.00452656744012752,-0.000333352807252371
0.458965964142235,1.96086430817113,-0.00407650565499133,0.418041220692536,-0.0136184326641169,0.00451722214849342,-4.44675674545267e-06
0.482061307383067,1.9877248308001,-0.00325764988055684,0.442325421021381,-0.0137586327812133,0.00449087252667623,0.000321499990641978
0.504158091321261,2.0112622742728,-0.00239206318597721,0.46542121196951,-0.0138924428541054,0.00444610556566743,0.000638289819543766
0.525148369703854,2.03139933268768,-0.00150132289914555,0.487249845266,-0.0140189946628131,0.00438172372645751,0.000939643413161009
0.544920979678159,2.0480660862177,-0.000606628670336079,0.50773670183014,-0.0141380029157183,0.00429686067007558,0.00121934801615049
0.563362083815307,2.06120059572854,0.000271746011988126,0.526811640840912,-0.0142498456890562,0.00419108116963767,0.00147142626221409
0.580355930639505,2.07074957479618,0.00111502610400809,0.544409377348343,-0.0143556410740965,0.00406445474907584,0.00169032139344014
0.595785776588379,2.07666916271671,0.00190648680535905,0.560469899343559,-0.0144573136311796,0.00391759372226259,0.00187109217830174
0.609534852284598,2.0789258229038,0.0026319294953623,0.574938923018861,-0.0145576411847013,0.00375164883709869,0.00200960845158559
0.62148720381844,2.07749738622859,0.0032800253849145,0.587768373375688,-0.0146602696756692,0.00356825962644898,0.00210273635689487
0.631528211877495,2.0723742435979,0.00384248252792281,0.598916869165088,-0.0147696815017772,0.00336946145434519,0.00214850144760861
0.63954460517345,2.06356066105536,0.00431401716329028,0.608350188761396,-0.0148911010870366,0.00315755640839089,0.00214621802452745
0.64542385433206,2.05107613806851,0.00469214550541191,0.61604169791611,-0.0150303201784709,0.00293495969830989,0.00209657442308961
0.649052969477844,2.03495664976113,0.00497685045101917,0.621972731715363,-0.0151934244068867,0.00270403613923423,0.00200166606627105
0.650316933408272,2.01525550335424,0.00517021061314284,0.626132938101215,-0.0153864022503723,0.00246694200010807,0.00186497034800124
0.649097280735891,1.9920434000949,0.00527609790375475,0.628520604525291,-0.0156146191410965,0.00222548586280158,0.00169125909310579
0.645271667182153,1.9654071402541,0.00530004716184037,0.629142995653715,-0.0158821464331505,0.00198101867673237,0.00148644493155878
0.638715620960247,1.93544627979898,0.00524937168154443,0.628016718860267,-0.0161909529636754,0.00173435901752602,0.0012573575169258
0.629307937913181,1.90226702025381,0.00513353908233928,0.62516809636826,-0.016540003099142,0.00148575608547071,0.00101144524410546
0.616941201239017,1.86597281321418,0.00496473394639201,0.620633452594387,-0.0169243646221395,0.00123489153937119,0.000756400459517145
0.60153841566895,1.82665173938286,0.00475842661048409,0.61445912840799,-0.0173345089050941,0.000980922444516138,0.000499714678472351
0.583075465852425,1.78436177673231,0.004533666773552,0.606700938537709,-0.0177560627326082,0.000722570512150612,0.00024818827927764
0.561606936909417,1.7391164986254,0.00431277240118851,0.597422749710432,-0.0181703002205237,0.00045826451180546,7.44646774180766e-06
0.537290152163197,1.69087507257084,0.00412014775888421,0.586693946468168,-0.0185555848248726,0.000186338856889492,-0.000218457186213342
0.510400171478835,1.63954083494381,0.00398017838746717,0.574585813386833,-0.018889747257296,-9.47215338252488e-05,-0.000427252449947923
0.481328505904366,1.58497137731925,0.00391448473422892,0.561167255061878,-0.0191530505992532,-0.000386020418252264,-0.000618398932523693
0.450561547955522,1.5269998764716,0.00393914142941792,0.54650064139471,-0.0193310839266432,-0.000688022826822387,-0.000792745171055341
0.418640684518804,1.4654634319305,0.00406260494377693,0.530638693335459,-0.019416822950286,-0.00100041495234445,-0.000951962850199332
0.386112287345224,1.40023139922026,0.00428492408207261,0.513623085089245,-0.0194113062644192,-0.00132208702804965,-0.00109789252732568
0.353479125240198,1.3312266899444,0.0045983914216017,0.49548490888113,-0.0193228257820208,-0.00165123920883023,-0.00123196163469981
0.321163540189387,1.25843574101034,0.00498933672588582,0.476246579627541,-0.0191649975902384,-0.00198557440958608,-0.00135479839124245
0.289487921897628,1.18190676267967,0.00544048304838141,0.455924410275091,-0.0189543450779256,-0.00232252294681766,-0.00146608919796717
0.25867230350384,1.10173902466757,0.00593327040882823,0.434531070937094,-0.0187080127620606,-0.00265944760501729,-0.00156465145327275
0.228844792520617,1.01806725729078,0.00644973467714528,0.412077375564344,-0.0184420176418593,-0.00299379735325258,-0.00164864808801354
0.200059047071106,0.931044851277758,0.00697377391545771,0.38857314915771,-0.0181701816468572,-0.00332320082767724,-0.00171586115374898
0.172313638605757,0.840828228383399,0.00749183008877602,0.364027172977988,-0.0179036863928195,-0.00364550738278305,-0.001763958389093
0.145569813476592,0.747563343759167,0.00799311750436215,0.338446329806944,-0.0176510897868263,-0.00395879084351195,-0.00179071271158694
0.119765920574326,0.651374246624402,0.00846955201113419,0.311834093889979,-0.0174186271221768,-0.00426133078098854,-0.00179415824237291
0.0948281111223724,0.552353119256126,0.0089155104719996,0.284188487733805,-0.0172106505906751,-0.00455158159938545,-0.00177268284826847
0.0706777580692911,0.450551290888836,0.00932750915708183,0.255499646677864,-0.0170301083339118,-0.00482813367806485,-0.00172506651094488
0.0472365336800208,0.345971519680775,0.00970385132881031,0.22574730640668,-0.0168790078000633,-0.00508966468867113,-0.00165048000670937
0.0244304635830003,0.238563783852288,0.0100442658190888,0.194899043766326,-0.0167588398488256,-0.00533487338860966,-0.00154846346270108
0.0021947432249236,0.12823055102027,0.010349540926471,0.162911191395202,-0.0166709565699467,-0.00556238352163265,-0.00141891382998287
-0.0195184248476487,0.0148527319976725,0.0106211524269516,0.12973598005849,-0.0166168938883809,-0.0057706062909368,-0.00126212670067302
-0.0407271473852941,-0.101650433861938,0.010860896798323,0.095339262099071,-0.016598606786272,-0.00595756776140316,-0.001078952030259
-0.0614036691693341,-0.22122766985341,0.0110705749218174,0.0597293644730753,-0.0166185532832868,-0.00612075325452488,-0.000871099959852139
-0.0814619086062533,-0.343603308021325,0.0112517969949114,0.0229869022068727,-0.0166795714863074,-0.00625706638811144,-0.000641533849675335
-0.100757890285525,-0.468246275611266,0.0114059361487048,-0.0147229718244246,-0.0167845825466846,-0.00636296249439893,-0.000394771113495097
-0.119103572598848,-0.594425777402599,0.0115341236470604,-0.0531649025095646,-0.0169362363734961,-0.0064346802103771,-0.000136935781289506
-0.136284280013574,-0.721311644768201,0.0116372074825454,-0.0920627871354171,-0.017136603607772,-0.00646841111290898,0.000124418409878438
-0.152069268684977,-0.848058303815354,0.0117156155941529,-0.131125958204486,-0.0173868908755427,-0.00646031844969038,0.000380579750447733
-0.166213475225256,-0.973846868139222,0.0117692215927542,-0.170063731135573,-0.0176871080717414,-0.00640643289750311,0.000621947109619013
-0.178453669280142,-1.09789360989208,0.0117972861792074,-0.208590264562122,-0.0180356171843204,-0.00630249740613379,0.000838288481918333
-0.188503150559911,-1.21944132873741,0.0117985575596235,-0.24642464750805,-0.018428517132205,-0.00614382090557642,0.00101903158086565
-0.196048573834188,-1.3377452222868,0.011771642907877,-0.283289962538234,-0.0188588239651025,-0.00592518364176891,0.00115363542860478
-0.200752772900364,-1.45205918616391,0.0117158071417545,-0.318913412770211,-0.0193154065826053,-0.00564083666857316,0.00123208230190843
-0.202268850667013,-1.561625527207,0.0116323514674703,-0.353028464585915,-0.0197816728619968,-0.00528465349212132,0.00124551742952692
-0.200272574024054,-1.66567054625308,0.0115265875833634,-0.385379185517201,-0.0202341261844028,-0.00485051592791357,0.00118705179276319
-0.194520576832421,-1.76340945827137,0.0114100733702256,-0.415726247873761,-0.0206411902542392,-0.00433303548937366,0.00105272524743926
-0.184938023030532,-1.85406561652983,0.0113022060034149,-0.443853316230416,-0.0209631443737082,-0.00372869685926843,0.00084258790414845
-0.171727417956765,-1.93690904650387,0.0112296806636352,-0.469571913400031,-0.0211544635096788,-0.00303741000583015,0.000561775810989933
-0.155468999055871,-2.01131475986895,0.0112222566471522,-0.4927228306124,-0.0211698515304381,-0.00226422204429816,0.000221324472754246
-0.137160765854668,-2.07682991961447,0.0113044615248923,-0.51317323591012,-0.0209741186176775,-0.00142060014378494,-0.00016167190138435
-0.118144064248802,-2.13322427872538,0.0114854843455996,-0.53081079196174,-0.0205535839248947,-0.000524468287077505,-0.000564954707026827
-0.0999002793450166,-2.18049309322833,0.0117521422981889,-0.54553808483884,-0.0199241553504908,0.000401584557471331,-0.000963181879435759
-0.0837763274270924,-2.21879897216074,0.0120697437442583,-0.557270644643645,-0.0191312067292185,0.00133368154542825,-0.00133082357417492
-0.0707487532613037,-2.24837337113402,0.0123916781683426,-0.565939291747132,-0.0182401308014877,0.00225043365142084,-0.00164507702633114
-0.0613178997308864,-2.26942243513511,0.0126733147156178,-0.571494419634172,-0.0173215975271082,0.0031356607435263,-0.00188802028851813
-0.0555473507281782,-2.28207443085125,0.0128836926471059,-0.57390878559373,-0.0164378759420252,0.00397926633269825,-0.00204767024023931
-0.053193992055378,-2.28637661237818,0.0130108416802626,-0.573176983388308,-0.0156346493453506,0.00477646381748383,-0.00211810619851543
-0.0538555732207247,-2.2823245671195,0.0130606512931446,-0.569312205762118,-0.0149390048934066,0.00552612850333772,-0.00209903708440816
-0.0570869007939746,-2.26990093227103,0.0130518636957816,-0.562342229387341,-0.0143617041015004,0.00622903392469743,-0.00199512245832003
-0.0624695830746255,-2.2491077511949,0.0130101463785392,-0.552306351766805,-0.0139013170718245,0.00688641735426862,-0.00181519431722046
-0.0696421072278057,-2.21998676113378,0.012963238374984,-0.539254029516984,-0.0135484975353829,0.00749902104477631,-0.00157141418619798
-0.0783043152851091,-2.18262848141582,0.0129379723173707,-0.523245051667191,-0.0132895679818659,0.008066587976345,-0.00127836885630659
-0.0882090158769759,-2.13717349713998,0.0129591102418429,-0.504350621312831,-0.0131091939236353,0.00858772859939765,-0.000952123424631968
-0.0991493225602956,-2.0838094027627,0.0130494892715199,-0.482654704919196,-0.0129922183953301,0.00906006283794781,-0.000609273202291516
-0.110946400190155,-2.02276599726818,0.0132308562404408,-0.458255248885539,-0.0129248223403234,0.00948054471038014,-0.000266047174071248
-0.123439584965632,-1.9543103321052,0.013524847911155,-0.431265146891281,-0.0128951825464235,0.00984588324464252,6.24871994921821e-05
-0.136479296274037,-1.87874240556726,0.0139537372934982,-0.401813023550921,-0.0128937749219059,0.010152981610372,0.000363079449705986
-0.149922452643192,-1.79639172231661,0.0145407425060207,-0.370043926659132,-0.0129134398890387,0.010399327834332,0.000624787406993599
-0.163629896722784,-1.70761457102463,0.0153098423458594,-0.336119923350915,-0.012949295745391,0.0105832858946451,0.000839293063085614
-0.177465357866211,-1.61279168948727,0.01628514853325,-0.300220456879103,-0.0129985582621374,0.0107042552105988,0.00100104330731803
-0.19129556363525,-1.5123259654037,0.0174899499137704,-0.262542229943178,-0.0130603032811564,0.010762688241309,0.00110722648911471
-0.204991170891934,-1.40663993011515,0.0189455750045343,-0.223298393799676,-0.0131351953895361,0.0107599775836127,0.00115760588243376
-0.218428207284863,-1.29617299673872,0.0206702217507777,-0.182716946334756,-0.0132251996298217,0.0106982423054184,0.00115424028152067
-0.231489719028896,-1.18137859822284,0.0226778822327127,-0.141038429775988,-0.0133332923289868,0.0105800551209259,0.00110112878378827
-0.244067342806976,-1.06272153061046,0.0249774515517367,-0.0985132009677829,-0.0134631881402403,0.0104081555739639,0.00100381969469006
-0.256062578298994,-0.940675843443286,0.0275720642281893,-0.0553986540096606,-0.0136191004493487,0.0101851899151551,0.000869021287795112
-0.267387632656691,-0.815723627840334,0.0304586495325882,-0.0119568178001335,-0.013805549423294,0.00991350736454483,0.000704245630730459
-0.27796582082106,-0.688354654446241,0.033627687375181,0.0315474535081581,-0.0140272289647048,0.00959503023208253,0.000517504467991123
-0.287731629556385,-0.559067049014322,0.0370630836093561,0.0748474432561628,-0.0142889355680993,0.00923120041618255,0.000317066777455149
-0.296630586009151,-0.428368496247011,0.0407421516279934,0.117674819818391,-0.0145955624427191,0.00882299400265509,0.000111273002998691
-0.304619198387703,-0.29677781094217,0.0446356372786612,0.15975926889415,-0.0149521549465233,0.00837098896490976,-9.16055132233434e-05
-0.311665157475445,-0.164826483440113,0.0487077992915647,0.200827755693665,-0.0153640270054231,0.00787546353160212,-0.000283480062178985
-0.317748011394386,-0.0330601037709245,0.0529165573213538,0.240603606717699,-0.0158369366958871,0.00733650180720424,-0.000456550293511685
-0.322860465695948,0.0979602529286795,0.0572137485174472,0.278805545265906,-0.016377320193089,0.0067540822194551,-0.000603420073600984
-0.32701040974518,0.22765642191345,0.0615455448212187,0.315146740422746,-0.0169925817491025,0.00612812550321233,-0.000717237838890649
-0.330223703581146,0.355430996061196,0.065853084231199,0.349333876117583,-0.0176914326431734,0.00545848136846365,-0.000791871020871455
-0.332547667112097,0.480664287303431,0.0700733559173353,0.38106622105651,-0.0184842620967598,0.00474483716042905,-0.000822118710937687
-0.334055070530931,0.602710008361055,0.0741403504512297,0.410034678449085,-0.0193835052572593,0.00398653869225441,-0.000803961290132437
-0.334848195044445,0.720889182223449,0.0779864524562786,0.435920860872252,-0.020403944482125,0.00318232387483131,-0.000734841185813162
-0.335062147953757,0.834481726226127,0.0815440333171626,0.458396432950372,-0.0215628373958178,0.00232998470587272,-0.000613966190945582
-0.33486597040886,0.942715327694873,0.0847472215099388,0.477123363805401,-0.0228797073461582,0.0014259938329847,-0.000442626423745677
-0.334459045151687,1.04475193104593,0.0875339065040429,0.491756372687736,-0.0243755630792309,0.000465160253414414,-0.000224517314480606
-0.334058839820191,1.13967375669846,0.0898481636166526,0.501949692135941,-0.0260712503895834,-0.00055958209345378,3.39386727463988e-05
-0.333874324662178,1.226473691307,0.0916434246831324,0.507371126100835,-0.0279846172891072,-0.0016570972488779,0.0003232848743368
-0.334058323927375,1.3040593955935,0.0928867610944103,0.507726818783616,-0.0301262677895048,-0.00283746809388472,0.000630771594475821
-0.334633466385835,1.37128600141432,0.0935644371368808,0.502799400958199,-0.0324939897352523,-0.00411066425475595,0.000940223159422109
-0.335393168315375,1.42703641534732,0.093688283517495,0.492499226050118,-0.0350665562240839,-0.00548425069748515,0.00123217779799348
-0.335793660629828,1.47036576984823,0.0933014312073405,0.476922536895175,-0.0377984692058722,-0.00696014658026249,0.00148452373512253
-0.33487375650318,1.50071049372653,0.0924808885139592,0.456402444250984,-0.0406179907066727,-0.00853089244073821,0.0016738841505561
-0.331255466574976,1.51812966021186,0.0913341341037648,0.431532219612009,-0.04343081432829,-0.010176476155362,0.00177790248710294
-0.323272484029051,1.52350653688434,0.0899881970861849,0.40314161928699,-0.0461303285030724,-0.0118631662223737,0.0017782923437905
-0.30923202469311,1.51861781324037,0.0885726441607464,0.372220041404861,-0.0486127674249935,-0.0135455356932103,0.00166410809297073
-0.287750543913303,1.50600429781608,0.0872010669539271,0.339801990098218,-0.0507930063342927,-0.0151717508026607,0.00143438317136992
-0.258055119315862,1.48864985479079,0.0859568779159313,0.306848703947311,-0.0526161316937322,-0.0166907316519833,0.00109931837251559
-0.220147454082693,1.46955584201304,0.0848874285864495,0.274162450735028,-0.0540617991555843,-0.0180589015928394,0.00067963043553039
-0.174786019636272,1.45133650045448,0.0840068252012119,0.242354662378348,-0.0551414992825259,-0.019244525568637,0.000204263320701192
-0.123314894067254,1.43593831452348,0.0833046526012907,0.211865733749549,-0.0558912012243934,-0.0202288360610317,-0.000292903024451259
-0.0674137433182674,1.42452656919027,0.0827566334980715,0.183016278729729,-0.0563624288088455,-0.0210044457129775,-0.000776606502107565
-0.00884790462320086,1.41752315776659,0.0823339479703713,0.156063985067763,-0.0566140253632845,-0.0215722890933657,-0.00121344043275739
0.0507270246314994,1.4147450063153,0.0820095051330525,0.131245616425457,-0.0567056568790487,-0.0219383824028083,-0.00157445120712749
0.109884788589395,1.41558517785134,0.0817609499990249,0.108794568715634,-0.0566931943365959,-0.0221112811772954,-0.00183698305638367
0.167477743643454,1.41918985271428,0.0815711436206989,0.0889352286841186,-0.0566256951574588,-0.0221005760685108,-0.00198577508425851
0.222635741086428,1.42460313114929,0.0814272149841242,0.0718627559713939,-0.0565436346789432,-0.021916322346883,-0.0020133625528793
0.274737193156149,1.43086982559857,0.0813191861073397,0.0577194533176339,-0.0564781127220677,-0.0215690506940329,-0.00191985426536678
0.323369666362234,1.43709939643297,0.0812388196298096,0.0465769689368029,-0.0564508356163277,-0.0210699620593532,-0.00171218231351626
0.368289357631562,1.44250036876886,0.0811789334240145,0.0384288931270021,-0.0564747015725897,-0.0204310144306164,-0.00140295440415219
0.409382300199191,1.44639498058461,0.0811331234000726,0.0331932207084413,-0.0565548118374922,-0.0196647801234527,-0.00100906736051665
0.446627176257303,1.44822107108524,0.0810957018306571,0.0307206775433057,-0.0566897267400674,-0.0187841063603222,-0.000550245687554275
0.480059851416799,1.44752510123675,0.0810616742219406,0.0308039792975035,-0.0568728075649116,-0.0178016982820542,-4.76459390157763e-05
0.509741407502942,1.44394843326483,0.0810266714574638,0.0331843965384783,-0.0570935316317292,-0.0167297534447528,0.000477374607956185
0.535732659325049,1.43720885329969,0.0809868515249838,0.0375544684083923,-0.0573387219551938,-0.0155797339604443,0.00100427183248458
0.558077891836108,1.4270800235841,0.080938841632611,0.0435581508917323,-0.0575936753169313,-0.0143623016634697,0.00151409411214342
0.576798937817474,1.41337204966169,0.0808797961773999,0.0507912610956343,-0.0578431933476732,-0.0130873910576024,0.00199003276205453
0.591898554077249,1.39591597775343,0.0808076107890866,0.0588054333491126,-0.0580725215787854,-0.0117643677690518,0.0024177615712514
0.603370320180025,1.37455377557828,0.0807212781309816,0.0671180179623426,-0.0582681900601864,-0.0104022168183879,0.00278559076965046
0.611211617741142,1.34913369951103,0.0806213174211625,0.0752288023699642,-0.0584187360415442,-0.0090097174314169,0.00308446672098429
0.615436734078212,1.31950959450277,0.0805101723647596,0.0826426277118821,-0.0585152812903077,-0.00759557952724961,0.00330785373219928
0.616088366234545,1.28554211334804,0.0803924610940148,0.0888954125406719,-0.0585519364612343,-0.00616853354320421,0.00345153699750256
0.613247146985437,1.24710019286233,0.0802749799819551,0.0935801518637771,-0.058526011855946,-0.0047373757695969,0.00351338414487045
0.607039719957773,1.20406211586293,0.0801664072386147,0.0963693093944098,-0.0584380258736099,-0.00331097542417334,0.00349309694974121
0.597646090533959,1.15631663408252,0.0800767122516879,0.0970306317387155,-0.0582915173425728,-0.00189824946666997,0.00339197612669255
0.585306540986682,1.10376544667276,0.0800163386123519,0.0954345861821979,-0.0580926838440561,-0.000508109674133829,0.00321271316936321
0.570327632964509,1.04632852920189,0.0799952774848087,0.0915530608712814,-0.0578498831103255,0.000850613546587805,0.00295921598646832
0.553086115226271,0.983953352940639,0.0800221710500268,0.0854503476739537,-0.0575730463027667,0.00216926381045611,0.00263647027300763
0.534029219942629,0.916628126260558,0.0801035772573556,0.0772684863252308,-0.0572730582831384,0.00343945719421179,0.00225043563222487
0.513669998257283,0.84439816257256,0.0802434893716272,0.067209618731083,-0.0569611596024498,0.00465317252135256,0.00180797336091212
0.49257695302112,0.767383661090386,0.0804431466321296,0.055518047207834,-0.0566484180573668,0.0058028193873252,0.00131680072508795
0.471358071195395,0.685796802919506,0.0807011099885264,0.0424642829171493,-0.056345305893526,0.00688127418496965,0.000785464315183921
0.450640184585282,0.599956162803514,0.0810135240771697,0.028332651101473,-0.0560614041564367,0.00788188341737505,0.000223322870873871
0.431045179921019,0.510296920585815,0.0813744551502075,0.0134131476223813,-0.0558052400016899,0.0087984456715169,-0.000359471949998546
0.413164813460399,0.417376031712419,0.0817761915121277,-0.00200264412577705,-0.0555842467511774,0.00962519619462475,-0.00095201004110484
0.397535745387693,0.321872162526026,0.0822094195910489,-0.0176225603753259,-0.0554048202003625,0.010356828113639,-0.00154268737668539
0.384615972507573,0.224580629319282,0.0826632411204059,-0.0331533976013254,-0.0552724284781918,0.0109885890362547,-0.00211931710174187
0.37476324717266,0.126403686415179,0.0831250657834273,-0.0483009844178127,-0.0551917183443105,0.011516488542298,-0.00266930483626148
0.36821550817626,0.0283362725156271,0.083580484588215,-0.0627728575620555,-0.0551665521562816,0.0119376389612896,-0.00317990486604747
0.365073010956523,-0.068553175546716,0.0840132830977049,-0.0762852908218166,-0.0551999129607416,0.0122507280726042,-0.00363856834939614
0.365281912809668,-0.163147799857625,0.084405769130984,-0.0885756338439704,-0.0552936367950336,0.0124565891368576,-0.00403338202391773
0.368619660400926,-0.254314583226602,0.0847395491658967,-0.0994196680731715,-0.0554479746039178,0.0125587954177718,-0.00435357527646635
0.37468361307244,-0.340944848994089,0.0849967870273113,-0.10865214616767,-0.05566104637799,0.0125641717029214,-0.00459004781375086
0.382885660440206,-0.422002958553189,0.0851618356774175,-0.116187215274195,-0.0559283111992281,0.0124830962893135,-0.00473584753807247
0.392456650483347,-0.496581185291374,0.0852229908820799,-0.12203454464645,-0.0562422140238465,0.0123294754320421,-0.0047865199660029
0.402464591812862,-0.563956228691302,0.0851740298887252,-0.126307153078673,-0.0565921598163762,0.0121203144813272,-0.00474026598492824
0.411849325371,-0.62364054656548,0.0850152122349485,-0.129218329276537,-0.0569649004894083,0.0118748807188049,-0.00459788430515075
0.4194736349633,-0.675420555494012,0.0847535384583759,-0.131067348767139,-0.0573453172299076,0.0116135349233426,-0.00436252652519735
0.424187181233865,-0.719374489475745,0.0844022451630252,-0.132216190745612,-0.0577174769075345,0.0113563781051499,-0.00403933611052492
0.424896295674977,-0.755865443035053,0.0839796941642845,-0.133061318912014,-0.0580657739742283,0.0111218960402208,-0.00363506033990093
0.42063070521947,-0.785509257670611,0.0835079287594838,-0.134005249424896,-0.058375957602133,0.0109257783236596,-0.00315771158958257
0.410598367087677,-0.809121336883948,0.08301119408948,-0.135432002855231,-0.0586358816384636,0.0107800459518527,-0.00261632082019134
0.394221741378011,-0.827650016719414,0.0825146611911463,-0.137688978744279,-0.0588358798303292,0.0106925576917582,-0.0020207886796451
0.371152326725549,-0.842105932613493,0.0820434900283338,-0.141075877631686,-0.0589687369166289,0.0106669000256977,-0.00138181257622809
0.341264131824307,-0.853496648295152,0.0816222550218617,-0.145839589239293,-0.0590292830994524,0.0107026144102131,-0.000710856975402747
0.304630032186784,-0.862773941516567,0.0812746687500238,-0.152172865043835,-0.059013681527945,0.0107956877010625,-2.01360973018599e-05
0.261487088779664,-0.870798216797271,0.0810234924594,-0.160214272953632,-0.0589185089615365,0.0109392269890305,0.000677414100703534
0.212197712909786,-0.878321269933302,0.080890518077541,-0.170047362348135,-0.0587397536414818,0.0111242515837483,0.00136819125388208
0.1572132054719,-0.88598566474465,0.080896536034225,-0.181697966061927,-0.0584718745945246,0.0113405510809216,0.0020380241379333
0.097044996544008,-0.894336671589248,0.0810612492846235,-0.195129851917472,-0.0581070824422444,0.0115775674772982,0.00267233014721408
0.0322471851906099,-0.903841208317567,0.0814031364587513,-0.21024017915484,-0.0576350079741306,0.0118252527304438,0.00325635407963221
-0.0365880538761025,-0.914907531143252,0.0819392875248509,-0.22685707015652,-0.0570429112763894,0.0120748297968437,0.00377550863235747
-0.108822877093223,-0.927899539393173,0.0826852213970481,-0.244741764800131,-0.0563165384375464,0.0123193541134059,0.00421582605469426
-0.183757098363664,-0.943140544877302,0.0836546461410673,-0.263597096638216,-0.0554416447618555,0.0125539536810756,0.00456450716968207
-0.260608015621095,-0.960903346259282,0.0848590564448606,-0.283082481135333,-0.0544060738260751,0.0127756451292423,0.00481052240245021
-0.338494404651419,-0.981386518534856,0.0863070172659812,-0.302833648716134,-0.0532021303465678,0.0129826986717747,0.00494519102184022
-0.416433219177242,-1.00468075138168,0.088003004959302,-0.32248370829913,-0.0518288516780682,0.0131736495571568,0.00496265528742506
-0.493356177444795,-1.03073305631708,0.0899458012664154,-0.341681538873804,-0.0502937180274652,0.01334618430389,0.00486018631222453
-0.568149229598661,-1.05931931974085,0.0921266495763305,-0.360104343364196,-0.0486133855285872,0.0134962001110963,0.00463830354880423
-0.63971148610498,-1.09003546609092,0.0945276147618953,-0.377463168661133,-0.0468131890211757,0.0136172938497944,0.00430073827075688
-0.707023634901751,-1.12231362254603,0.0971207269698694,-0.393502465653898,-0.0449254117269515,0.013700787893679,0.00385429724750893
-0.769212007469465,-1.15546294236748,0.0998684403684437,-0.407996418785875,-0.0429865909214389,0.0137362129152797,0.00330867466613975
-0.825595230742509,-1.18872754242517,0.102725674216818,-0.420745286023594,-0.0410343414300647,0.013712035979451,0.00267623018545358
-0.875705598587937,-1.22134923185266,0.1056432898886,-0.431574375552671,-0.0391042659457146,0.0136164035646971,0.0019717234036835
-0.919284539134045,-1.25262215084735,0.108572420835624,-0.440336951062703,-0.0372274586835921,0.0134377536753827,0.00121198741379224
-0.956257767090261,-1.28192988888348,0.111468748532335,-0.446920824235865,-0.0354289258952165,0.0131652784479365,0.000415535697151419
-0.986698829265796,-1.3087612552659,0.114295699434876,-0.451257085564291,-0.033727010914129,0.0127893218164706,-0.000397886625806279
-1.01078951608429,-1.33270636216173,0.117025656007651,-0.453328582290315,-0.032133696554959,0.0123018374697479,-0.0012077881502893
-1.02878317230028,-1.35343849516516,0.119638608084034,-0.453175448085419,-0.0306555143080865,0.011697006956902,-0.00199343934033702
-1.04097388522243,-1.3706889341909,0.12211817313605,-0.45089521183375,-0.0292947340926693,0.0109720444118402,-0.00273440266393059
-1.04767208246978,-1.38422179165406,0.124445524972363,-0.446635747246238,-0.0280505300135206,0.0101281175618994,-0.00341109453443562
-1.04918577694363,-1.39381465002862,0.126592398899,-0.440580562008575,-0.0269198948330655,0.00917121935122725,-0.00400538850411943
-1.04580649977687,-1.39924877905579,0.128514840606844,-0.432927583990857,-0.0258981861821969,0.0081127566547557,-0.00450125442525978
-1.03779944933635,-1.40031028907629,0.13014953905009,-0.423864414972496,-0.0249793095766747,0.00696960926026231,-0.00488540256812984
-1.02539801793459,-1.39680101109372,0.131414250933554,-0.413544490109324,-0.024155653932842,0.00576347442315661,-0.00514787404986811
-1.00880316547171,-1.38855561553462,0.132212940965887,-0.402069096684063,-0.0234179686268306,0.00451945091912597,-0.00528250109792757
-0.988187837469841,-1.37546005668293,0.132445014006128,-0.389479339156329,-0.0227553846153414,0.00326400151710539,-0.00528716243726139
-0.96370582828605,-1.35746633109407,0.132016807272199,-0.375759939736445,-0.0221557280741184,0.00202260564835749,-0.00516378367288199
-0.935503505115972,-1.33459984490116,0.130852806754341,-0.360853865796391,-0.021606169823265,0.000817509968453838,-0.00491807426470965
-0.903732094268724,-1.30695795240411,0.128904142623602,-0.344684163518297,-0.021094135333213,-0.000334035574156801,-0.00455903889744602
-0.868558126932012,-1.27470064666115,0.126152761613997,-0.327177930984362,-0.0206083114240867,-0.0014207968185136,-0.00409833741481994
-0.830170204996317,-1.23803615847941,0.122610918968389,-0.30828745458822,-0.0201395553591766,-0.00243775540991137,-0.00354958419672012
-0.788781243390944,-1.19720491693835,0.11831680716605,-0.288004904414532,-0.019681541842545,-0.00338559011870011,-0.00292767299790331
-0.744626394730866,-1.15246497628209,0.11332787778239,-0.266368967103773,-0.0192310524153168,-0.00426965236593149,-0.00224819216528025
-0.697957645979737,-1.10408099972352,0.107713586885174,-0.24346367433646,-0.0187878899796794,-0.00509868138976155,-0.00152696668578878
-0.649036450006657,-1.05231768103529,0.101548998012762,-0.219410988457097,-0.0183544642889787,-0.00588347079958607,-0.000779735904650946
-0.598125759557153,-0.99743744628157,0.094910124238282,-0.194359303855664,-0.0179351310987886,-0.00663562866391179,-2.19540601328132e-05
-0.545482611785164,-0.939701582630013,0.0878712984550474,-0.168470048112274,-0.0175353797066469,-0.00736649869085084,0.00073131356372865
-0.491352128503125,-0.879373598708182,0.0805043763123222,-0.141904275412771,-0.0171609595747332,-0.00808625219588529,0.00146543405064931
-0.435963546359053,-0.816723537764658,0.0728792599530355,-0.114810769760463,-0.0168170266171547,-0.00880312980984862,0.0021662287211794
-0.379528674863258,-0.752032010558618,0.0650650782098421,-0.0873168473051288,-0.0165073806273314,-0.00952280949639944,0.00282001355864523
-0.322242918147269,-0.685592779244339,0.0571313363975871,-0.0595227680341152,-0.016233859547117,-0.0102478984374626,0.00341369723147842
-0.264288563428458,-0.617712633464506,0.0491484064449106,-0.0315003450758194,-0.0159959511548391,-0.0109775822972863,0.00393497110747273
-0.205839247631477,-0.548707276083333,0.0411868906431871,-0.00329573631398417,-0.0157906719869196,-0.0117075009930902,0.00437261032890144
-0.147063833187097,-0.478891802663934,0.0333156046057006,0.0250642809733642,-0.0156127388351582,-0.0124299383546511,0.00471687631014765
-0.0881278139330024,-0.408565633835132,0.0255983671222546,0.0535639852128459,-0.015455014675058,-0.0131343825148042,0.00495996230381859
-0.0291921980909597,-0.337994840374917,0.0180903660342012,0.0821896406987482,-0.0153091507804194,-0.0138084224681481,0.00509638031346537
0.0295870337024002,-0.267398656792802,0.0108353853988938,0.110920070080666,-0.0151662948840584,-0.0144388315486759,0.00512319365994221
0.0880556470822313,-0.196946639696818,0.0038649159310575,0.139717112821206,-0.015017715000067,-0.0150126420574785,0.00504007108803372
0.146054407446499,-0.126766953426264,-0.00280074005699961,0.168517398440548,-0.0148552246670494,-0.0155180765882305,0.00484921502008494
0.203412984557352,-0.056960266280088,-0.00915009716242272,0.197227911972324,-0.0146713587464482,-0.0159452829060652,0.00455522375732779
0.259947993684652,0.0123866390370109,-0.0151776925780973,0.225726893219886,-0.0144593133265151,-0.0162868429670977,0.00416490861180571
0.315465499710479,0.0811902613288567,-0.0208814413265447,0.253869579572433,-0.0142127137450396,-0.0165380238780171,0.00368706777094938
0.369766171099734,0.149363052964073,-0.0262605102993347,0.281496898276701,-0.0139253073372476,-0.0166967608921476,0.00313223132599791
0.422650978379228,0.216808932037112,-0.0313139884682293,0.30844492942246,-0.0135906886330038,-0.0167634064949865,0.00251240831410021
0.473925974991302,0.283421273491098,-0.0360405245588008,0.334553392648655,-0.0132021534440259,-0.0167403162056857,0.00184086805080878
0.523405464880682,0.349083121423898,-0.0404389371377466,0.359672092130106,-0.0127527488392791,-0.0166313540226991,0.00113197479475223
0.570913402203628,0.413669282847935,-0.044509604053426,0.383664887919462,-0.012235546278764,-0.0164413888611527,0.000401074833162937
0.616283156658618,0.477049771872228,-0.0482562573812612,0.406411222976666,-0.0116441221453984,-0.0161758276161479,-0.000335584886253022
0.659355865129683,0.539093841194169,-0.0516876809974327,0.427805493457543,-0.0109731880731933,-0.0158402020281744,-0.00106094347441177
0.699977562694825,0.599673618194109,-0.0548187569996684,0.447754648870508,-0.0102192756457619,-0.0154398048202163,-0.00175726505497276
0.737995231181623,0.658666216738148,-0.057670360390512,0.466174433294744,-0.00938135024190025,-0.0149793616791126,-0.00240637905232605
0.773251890385244,0.715953211191776,-0.0602677831791373,0.482984718586055,-0.00846121484183191,-0.0144627316372249,-0.00299006310406505
0.805580919938758,0.771416642901537,-0.0626376856871118,0.498104493714662,-0.00746357838865281,-0.0138926467561864,-0.00349058980258414
0.834799934424118,0.824931369819962,-0.0648039879564298,0.51144726100841,-0.00639571669312198,-0.0132705252585966,-0.00389142594081534
0.860704694522332,0.876354559228408,-0.066783529645461,0.522917775935345,-0.00526675045791582,-0.0125964090675329,-0.00417803242304211
0.883063666388412,0.925514311205618,-0.068582595243541,0.532411129785319,-0.00408669044002338,-0.0118690755557741,-0.00433867507695083
0.901613909740143,0.972200485584459,-0.0701953795863831,0.539815002203085,-0.00286551822020446,-0.0110863484671452,-0.00436513568632358
0.916059029820814,1.01616143739865,-0.0716050976950572,0.545015481860732,-0.00161263329707744,-0.010245589694329,-0.00425322085625019
0.926070099307036,1.05711028352862,-0.0727878042420289,0.547906274720567,-0.000336960526898287,-0.00934430807815883,-0.00400300631306878
0.931290883731897,1.09474343389304,-0.0737182845069464,0.548400573936529,0.000952138646416812,-0.00838079363384164,-0.00361881500872011
0.931349389572495,1.12877244595534,-0.0743768400275604,0.546444495377972,0.00224324965607695,-0.00735468833630423,-0.00310898814310791
0.925878388891236,1.15896779504363,-0.0747555632282956,0.542030786155759,0.00352096070993707,-0.00626743537681088,-0.00248554733841581
0.914547457611354,1.18520983475276,-0.0748627892509087,0.535211355264705,0.00476421212048788,-0.00512259066622374,-0.00176385024293498
0.897107258924879,1.20753823156312,-0.0747247559361182,0.526106927151456,0.00594568205458843,-0.00392601051131431,-0.000962309542730208
0.873442661177177,1.22618747730317,-0.074384019006141,0.514911836539839,0.00703286218919961,-0.00268593096760764,-0.000102186605803125
0.843625307402942,1.24159483510202,-0.0738948222104504,0.501891972764248,0.00799111013117075,-0.00141292570307917,0.000792596264138358
0.807950831289118,1.25437086008471,-0.0733163598206445,0.487374544946112,0.00878834593733472,-0.000119686880355283,0.00169573424586724
0.766944903442457,1.26523253528073,-0.0727055264317254,0.471729834710557,0.00940036668097828,0.00117945237176981,0.00257903585963988
0.721328833579776,1.2749124268454,-0.0721110319032127,0.455347067913356,0.00981529991183468,0.00246931500442761,0.00341323223902748
0.671948874332472,1.28406770170645,-0.0715703976245783,0.438608160591065,0.0100357964525485,0.00373498011695762,0.00416912211328802
0.619687929877796,1.29321381104765,-0.0711103444710482,0.421863599067888,0.0100782308918452,0.00496305572566464,0.0048189826914985
0.565386040569006,1.30269743679188,-0.0707498144449428,0.405413891067553,0.00996916491145185,0.00614289250109713,0.00533809864715722
0.509791892666742,1.31270707781509,-0.0705039265737664,0.389498353595907,0.00974018518267149,0.00726747008056723,0.00570622133702031
0.45355355361761,1.32330612364609,-0.0703869994960211,0.374291266338538,0.00942259825956189,0.00833374218867424,0.00590877344167711
0.397240095668117,1.33446885804907,-0.0704134208562698,0.359904200584929,0.00904327080470769,0.00934235723890066,0.00593765052380463
0.34137493428931,1.34610509625933,-0.0705962466827832,0.346392799905818,0.00862232702698315,0.0102968275645169,0.00579152749525611
0.286460879950063,1.35806949087333,-0.0709444309329511,0.333766286225724,0.00817275007002561,0.01120234425511,0.00547564638833455
0.232984853226176,1.370160809501,-0.0714600782695788,0.321998214962811,0.0077014292345505,0.0120644857921184,0.00500113658626045
0.18140177402761,1.38212059140843,-0.0721369432800413,0.311037251894767,0.00721096951343637,0.0128880412703623,0.00438398959715116
0.132106500954185,1.39363902676528,-0.0729607520634108,0.300816862270565,0.00670161796724655,0.0136760881841465,0.00364386039119372
0.0854063913029661,1.40437102380975,-0.0739111634580677,0.291262826498778,0.00617286067005056,0.0144293708986518,0.00280287963710822
0.0415050419532176,1.41396041119772,-0.0749646496807755,0.282297582841771,0.00562448346688266,0.0151459552041536,0.00188463093212743
0.000502503647685179,1.42206721544488,-0.0760974069445519,0.273840701078253,0.00505708322664615,0.0158211057699621,0.000913385365972166
-0.0375883072198755,1.42839240629219,-0.0772875540780595,0.265805366170108,0.00447213112900405,0.0164473461669747,-8.63869580596218e-05
-0.0728132304906321,1.4326956392238,-0.0785161853150306,0.258091541153781,0.00387173597540113,0.0170147003517207,-0.00109027345866232
-0.10524264233086,1.43480326120529,-0.0797671650218932,0.250577368692973,0.00325826209237077,0.0175111584958605,-0.0020740347799999
-0.134937871888529,1.43460547856675,-0.0810258109698382,0.243111221041146,0.00263394858788189,0.0179234365090429,-0.00301369620533482
-0.161924271867035,1.43204297855869,-0.0822768027641564,0.235507430945452,0.00200066563049149,0.0182380879426512,-0.00388573731590551
-0.186176059071665,1.42708468567785,-0.0835017979996921,0.227548850336654,0.00135992390573017,0.0184429658189262,-0.00466748827306305
-0.207616572387248,1.41969996621586,-0.0846773504584838,0.218998632268362,0.000713209722002678,0.018528919984385,-0.00533780223241936
-0.22613516289868,1.40983037448177,-0.0857737686934945,0.209621738074379,6.26360604508817e-05,0.0184914754187435,-0.00587800512465516
-0.241618357002922,1.39736734722987,-0.0867554585068573,0.199213741832927,-0.000588217182079284,0.0183321199471441,-0.00627303024657527
-0.253988788055473,1.3821421272465,-0.0875829980965839,0.187631308105242,-0.00123351811511589,0.0180588061069954,-0.00651254769045497
-0.263242150220143,1.36393187596714,-0.0882167209892951,0.174816643180586,-0.00186475541539104,0.0176853959115395,-0.00659183770486614
-0.269471895795771,1.34248161687859,-0.088621075346763,0.160808650654467,-0.00247091515586904,0.0172300413010451,-0.00651217368194706
-0.272874523030459,1.31753680479927,-0.0887687146833247,0.145736869732874,-0.00303933402726824,0.0167128059125748,-0.00628058712513853
-0.273734207110801,1.28887807121659,-0.0886433275466136,0.129799388749454,-0.00355707348526454,0.0161530572810747,-0.00590904868872836
-0.272391731795016,1.25634955410044,-0.0882406265233037,0.113230574897544,-0.00401248364772073,0.0155671902868369,-0.00541324761037541
-0.269206557059704,1.21987507684529,-0.0875674980935664,0.0962666744408447,-0.00439658075351391,0.0149670816995314,-0.00481122586629614
-0.264521194968882,1.1794607333349,-0.0866398096864537,0.0791165580266529,-0.00470395311273711,0.0143594163520571,-0.00412210598631367
-0.258634503341712,1.1351862373514,-0.0854796106947687,0.0619420523368154,-0.00493307698920612,0.0137457889534228,-0.00336507110642637
-0.251786752834936,1.08718948289072,-0.0841124320876841,0.0448489913398851,-0.00508608624873161,0.0131233498995693,-0.00255865941452287
-0.244155997690855,1.03564898372738,-0.0825651770859681,0.0278875952612954,-0.00516814426908176,0.0124857399078896,-0.00172035888289106
-0.235863234164612,0.980767803266941,-0.0808648246129478,0.0110595371015245,-0.00518660083664014,0.0118241117620658,-0.000866445531465359
-0.22698312413185,0.922761029578465,-0.0790379285560527,-0.00567107157495232,-0.00515009750902598,0.0111281205883453,-1.19949148843628e-05
-0.217557304405467,0.861847397630931,-0.0771107312185145,-0.0223650056686296,-0.00506773921152481,0.0103868407584133,0.000828999456440026
-0.207608007077763,0.798244621854569,-0.0751096231348258,-0.0390950411666688,-0.00494840059113874,0.00958961944353705,0.00164345586289367
-0.197150500379252,0.732167441522962,-0.0730616594874763,-0.0559336852113531,-0.00480019624402228,0.00872689979919831,0.00241902545756837
-0.186203501925141,0.663827198994375,-0.0709948674962815,-0.0729419482768771,-0.00463011864794032,0.0077910438033134,0.00314393822530264
-0.174797139607609,0.593431830130145,-0.0689381362350236,-0.0901594659072328,-0.00444383473948219,0.00677716169760882,0.00380690047254761
-0.162978251831261,0.521185294267271,-0.0669205629362817,-0.107596392465309,-0.00424562694727771,0.00568391751693707,0.00439706557644601
-0.150812900340311,0.447285639502043,-0.0649702362593613,-0.125227731629883,-0.00403846205091936,0.00451423526526602,0.0049040944220569
-0.138386026499151,0.371921157997279,-0.0631125661682243,-0.14299097478359,-0.00382416759246335,0.00327578897163773,0.0053183129698989
-0.125798333075403,0.295264571778244,-0.0613684107184295,-0.160787897992241,-0.00360368880348528,0.00198113855689548,0.00563095992176447
-0.113160783846132,0.217465937700404,-0.0597523703668152,-0.178490976827799,-0.00337738961865168,0.000647389473264951,0.00583449952638017
-0.10058753113051,0.138645713305967,-0.0582716699540813,-0.195954128837208,-0.00314535222146886,-0.000704685359061941,0.00592295902206149
-0.0881884595771779,0.0588898226893263,-0.0569259843466427,-0.213026569626369,-0.00290762564969517,-0.00205202704077261,0.00589224244104734
-0.0760627032122601,-0.0217516189795615,-0.0557083794990555,-0.229567765891339,-0.00266438017534942,-0.00337103524832163,0.00574037477702285
-0.0642943409888567,-0.103260992065646,-0.0546072788722367,-0.245461082050784,-0.00241594231906449,-0.00463945119737741,0.00546764206838659
-0.0529510098828532,-0.185645331399127,-0.0536091051525549,-0.260623911197013,-0.00216271263506207,-0.00583811874730364,0.00507661132964076
-0.0420855013224088,-0.268924986485016,-0.0527010727752545,-0.275012839882479,-0.0019049977204546,-0.00695238973139158,0.00457203601048488
-0.0317397189091768,-0.353120475033051,-0.0518735728626684,-0.288623492964396,-0.00164281132783325,-0.00797302003858178,0.00396067373732761
-0.0219498703052111,-0.438239455833599,-0.0511217034346225,-0.301485806550185,-0.00137571145216266,-0.0088965121077782,0.00325105942405327
-0.0127515837403169,-0.524265617019116,-0.0504457095558074,-0.313656276285745,-0.0011027398794134,-0.00972496419549514,0.0024532855492999
-0.00418383653009063,-0.61115088250392,-0.04985034309617,-0.325209043212647,-0.000822521728538143,-0.0104655571309499,0.00157884206762857
0.00370888328928686,-0.698811896158761,-0.0493433693427624,-0.336227523248739,-0.000533570917001773,-0.0111298297723914,0.000640562135894601
0.010875984546925,-0.787131352024177,-0.0489336075692573,-0.346797800629181,-0.000234838587900706,-0.0117328639534896,-0.000347291544172775
0.0172606639014899,-0.875964346486673,-0.0486289971420034,-0.357004381705321,7.3463407500288e-05,-0.0122924286991686,-0.00136878040454991
0.0227983815726717,-0.965149323853364,-0.0484352467160851,-0.36692830242089,0.000388739146892925,-0.0128280389958501,-0.00240588512550262
0.0274115860325955,-1.05452201382864,-0.0483556539017347,-0.376647076388072,0.000704587024936516,-0.0133597882299836,-0.00343797357999471
0.0309987683061964,-1.14392872680246,-0.0483926328354995,-0.386235557486976,0.00100915564486304,-0.0139067457084304,-0.00444121831032198
0.0334178070359894,-1.23323259387211,-0.0485512518323299,-0.395766428039834,0.00128350788445416,-0.0144847155280941,-0.00538810644058176
0.0344673392082855,-1.32230382552345,-0.048844521354525,-0.405308703292104,0.00150047320615153,-0.0151032884448942,-0.00624727039984695
0.0338751007824682,-1.41098506323221,-0.0492992102941678,-0.414922488368734,0.0016247589096436,-0.0157624355361137,-0.00698395176873691
0.0313065842291977,-1.49902845808362,-0.0499597919464268,-0.424648567207505,0.00161524864811086,-0.0164493798948078,-0.00756143958602113
0.0264067191430329,-1.58601396363795,-0.0508873604492286,-0.434492720478987,0.00143014915679369,-0.0171369817818933,-0.00794371233749665
0.0188773308120017,-1.6712754029524,-0.0521510008101078,-0.444407222555863,0.00103470578190533,-0.0177850352254488,-0.00809918371258855
0.00857421713416143,-1.75387220554629,-0.0538118206836264,-0.454275140510417,0.000409727401173994,-0.0183452964827565,-0.0080049400183518
-0.00441109186060931,-1.83263763662705,-0.0559039704998714,-0.463904940393815,-0.000442088563452162,-0.0187696636029147,-0.00765039395553259
-0.0197236472139805,-1.90630502085255,-0.0584200631924141,-0.473041141862314,-0.00149496348167389,-0.0190192959322263,-0.00703922110779425
-0.0367909366078759,-1.97367593429029,-0.0613077852890495,-0.481390785496348,-0.00270504554104583,-0.0190716808592052,-0.00618897792964902
-0.0549287572412712,-2.03377320091233,-0.0644798271645647,-0.48865807727817,-0.00401994811531113,-0.0189234155392011,-0.00512868245135285
-0.0734683408388022,-2.08593082478795,-0.0678333422863672,-0.49457531732048,-0.00538926557112496,-0.0185883537178754,-0.0038953389275354
-0.0918632309624266,-2.12980375948405,-0.0712715663331134,-0.498919670505686,-0.00677255373941505,-0.0180925572403981,-0.00253053188281097
-0.109750822280479,-2.16531098473216,-0.0747204125455144,-0.501511131187161,-0.00814283293319487,-0.0174682318201699,-0.00107786015303858
-0.126964417143984,-2.19254078102495,-0.0781355753836014,-0.502193699892827,-0.00948555328311796,-0.0167484503714894,0.000418544647364108
-0.143505299391701,-2.21164711731849,-0.0814988446136451,-0.500806807317124,-0.0107942235710709,-0.0159635391757463,0.00191458877944118
-0.159488203188848,-2.22275899818069,-0.0848047911778917,-0.497156963959933,-0.0120643755647327,-0.0151391213839773,0.00336627399648248
-0.175071933724018,-2.22591800601201,-0.088040808388486,-0.491001013705643,-0.0132875413841589,-0.0142952904869376,0.00472971937507982
-0.190385268582942,-2.22105533730983,-0.0911652495272283,-0.482051997552746,-0.0144468051930615,-0.0134462751320282,0.00596162258246308
-0.205459589079241,-2.20801570552681,-0.0940902020446424,-0.470014852665283,-0.015515319996593,-0.0126001838317013,0.00702055669159144
-0.220182958451672,-2.18662717915449,-0.0966763224512123,-0.454650156305159,-0.016458728335164,-0.0117588470349895,0.00786928675650678
-0.234291114723133,-2.15680160193361,-0.0987453640311331,-0.435850711910899,-0.0172414105661826,-0.0109181817081227,0.0084779024668694
-0.247403985261283,-2.11863440377504,-0.100110436514227,-0.413703887515511,-0.0178349794644195,-0.0100696035831607,0.0088270822746704
-0.259101023154081,-2.07246591824149,-0.100616095118737,-0.388511472281769,-0.0182261347946387,-0.00920263205973451,0.00891048368697775
-0.269011665956165,-2.01887757111252,-0.100174428267505,-0.360753481804415,-0.0184208627308604,-0.00830814212383188,0.00873536999670404
-0.27688953970987,-1.95862280745958,-0.0987838134218792,-0.331006614442283,-0.0184433993878464,-0.00738120332604348,0.00832116569123077
-0.28264679626417,-1.89251946467951,-0.0965243507699993,-0.299847103570851,-0.0183306209683507,-0.00642252236089147,0.00769636990706658
-0.286343431563923,-1.8213418898953,-0.093533742343024,-0.267770194153894,-0.0181242166818593,-0.00543813277996909,0.00689473471023466
-0.288144065638687,-1.74574352898885,-0.0899739408966318,-0.235145601050361,-0.0178633089846047,-0.0044377148110573,0.00595164235973566
-0.288262709484732,-1.6662224739093,-0.0859996730370069,-0.202210651756043,-0.0175793144346204,-0.00343235053535162,0.00490130850178452
-0.286913667073574,-1.58312535415533,-0.0817363044831605,-0.169090400660135,-0.0172935900329084,-0.00243250343926877,0.00377504276645166
-0.284278779395625,-1.49667583286166,-0.0772695805421887,-0.135830237778199,-0.0170174660134152,-0.00144671264125591,0.00260049716771109
-0.280493172715348,-1.40701305170658,-0.072645984955847,-0.102429145106943,-0.0167538608863725,-0.000481138860924078,0.00140168160326785
-0.275646493256574,-1.31422932675912,-0.0678806587297139,-0.0688668099772778,-0.016499696451303,0.000460161315524537,0.000199494307665015
-0.269794615219124,-1.21840162882735,-0.0629696384539967,-0.0351223930286234,-0.0162485552605487,0.001374487304474,-0.000987452544244714
-0.262976925662765,-1.11961563958196,-0.0579038010404636,-0.00118571041832397,-0.015993268119511,0.00225955874354782,-0.00214188159872886
-0.255235244534611,-1.01798369423995,-0.0526826334425061,0.0329370291739291,-0.0157282871189079,0.00311265688103337,-0.00324690087303399
-0.246631345433645,-0.913658748969054,-0.0473263794661738,0.0672205218711904,-0.0154517606321114,0.00393006635752852,-0.00428516123647425
-0.237260532643384,-0.80684606927007,-0.041885155945147,0.101618664606802,-0.0151671914152445,0.00470698846640821,-0.00523822444933695
-0.227258863373217,-0.697813052328014,-0.0364434237572358,0.136062574486904,-0.0148844630517509,0.00543802497856274,-0.00608625785841665
-0.21680175347281,-0.586895912505073,-0.0311180782693697,0.170458092744343,-0.0146199225415549,0.00611822195300262,-0.00680818254697462
-0.20609241164828,-0.474500418381779,-0.0260488337135007,0.204683736067087,-0.0143951913644594,0.00674450706363279,-0.00738238545240455
-0.195340295257858,-0.361093244932708,-0.0213809119848391,0.238591108959363,-0.014234535940909,0.00731717420409122,-0.00778803405553214
-0.184732637150509,-0.247181661164408,-0.0172423577114975,0.272010097328834,-0.0141610103223687,0.0078409338028957,-0.00800688993036958
-0.174405330777679,-0.133282555463252,-0.0137209590206498,0.304760128905825,-0.0141921174501116,0.00832505651252389,-0.00802532989023822
-0.164421553932936,-0.0198864336000069,-0.0108474217374029,0.336666360236898,-0.0143361848609951,0.00878236257610509,-0.00783612854529295
-0.154765808879784,0.0925742600157946,-0.00859068300539748,0.367576876581875,-0.0145906998111947,0.00922720941408932,-0.00743953901660285
-0.145357021430388,0.203742964802129,-0.00686764325747123,0.397375647954969,-0.014943324000987,0.00967302626581549,-0.00684338899548969
-0.136078377092919,0.313337718290381,-0.00556450534160578,0.425987267785994,-0.0153753808984526,0.0101301098157442,-0.00606223317181533
-0.126816426714379,0.421132270620406,-0.00456287636890071,0.453372815782845,-0.0158667427124756,0.0106042223307078,-0.0051159146285837
-0.117499942213279,0.526926631553128,-0.00376279385517008,0.479519442989372,-0.0164006704169616,0.0110961321933021,-0.0040280343903074
-0.108130354128106,0.630515646216194,-0.00309696072652907,0.504427550815006,-0.0169673707272007,0.0116018472156509,-0.00282476695404386
-0.0987988188501064,0.731661793908982,-0.00253412900142567,0.52809835199616,-0.017565575618548,0.0121131113333916,-0.00153426686429652
-0.0896880392950332,0.830074205811994,-0.00207288904181461,0.550522269591006,-0.0182019773004817,0.012617811992061,-0.000186701964609043
-0.0810587311852651,0.925392450837197,-0.00172909013188623,0.57166659338031,-0.0188886688654854,0.0131002003634082,0.00118520783639492
-0.073221156177957,1.01717263817245,-0.00152076370705099,0.591460197071285,-0.0196388681857251,0.013541141413469,0.00254537144817047
-0.0664923823928911,1.10487546031636,-0.00145428735908751,0.609774444580383,-0.0204613008965339,0.0139188787060201,0.00385354484111352
-0.0611410689725903,1.18786071035765,-0.00151507280857334,0.626402716487624,-0.0213538751567486,0.0142109128985924,0.00506502496069404
-0.0573242921975097,1.26539922904046,-0.00166530972737367,0.641045678135497,-0.0222977982074515,0.0143974149588142,0.00613140043290366
-0.0550246637782211,1.33671803085769,-0.00184987617079824,0.653313650506697,-0.0232539579247771,0.0144659799497081,0.00700300892086288
-0.0539987072138604,1.40109212250651,-0.00200912978641298,0.662757618247346,-0.0241638150323619,0.0144164837296078,0.00763353653782851
-0.0537473252466222,1.45798143004467,-0.00209445921040109,0.668932346183674,-0.0249565889241164,0.0142637761229502,0.00798646528958022
-0.0535179097804535,1.50718269124581,-0.00208092813026919,0.671478500182395,-0.0255626981461715,0.0140358980503501,0.0080418660289331
-0.0523498125504982,1.54893612692266,-0.00197277600712928,0.670194205279743,-0.0259304892970111,0.0137672968457802,0.00780098761012621
-0.0491772957432159,1.58392032399639,-0.00180126309048201,0.66506471229468,-0.0260405407614712,0.0134895447949449,0.0072862910326586
-0.0429889217067404,1.61310785256271,-0.00161722657432434,0.656237928121108,-0.0259112735393554,0.0132239253019344,0.00653651421072346
-0.0330023769626949,1.63752737527647,-0.00148094508159649,0.643960677740756,-0.0255927677434452,0.0129788938874972,0.00559891350857226
-0.0187838265697148,1.65803241192338,-0.0014511966779014,0.628505380916847,-0.0251515175030255,0.0127519577072654,0.00452197148750982
-0.000264157095231532,1.67516452029172,-0.0015754565504052,0.610112571875396,-0.024653257172751,0.0125332373200241,0.00335078721800787
0.0223343553044138,1.68913365523754,-0.00188303349276748,0.588960914836836,-0.0241505715071198,0.0123084012776876,0.00212535915383704
0.0486060178836638,1.699880106514,-0.00238161273226649,0.565164492126666,-0.0236779073744972,0.0120603656749064,0.000880716389177098
0.078054086039379,1.7071667350933,-0.00305623800746163,0.538791080591999,-0.0232526791167779,0.0117702816523195,-0.000352236925945276
0.110146536996063,1.71066664855881,-0.00386952047784919,0.509893417053599,-0.0228796156547147,0.0114184942733696,-0.00154583768413217
0.144339228144096,1.71003367388772,-0.00476270395485202,0.478545740707272,-0.0225558943136013,0.0109858667003782,-0.0026749945203323
0.180080910097348,1.70495646498739,-0.00565824277723817,0.444878658925596,-0.0222756276582652,0.0104555631208674,-0.00371678649544431
0.216814457478112,1.69520078353177,-0.00646504321523828,0.409105967402736,-0.0220331038072057,0.00981517668915144,-0.004650333040861
0.253984149126101,1.6806425081508,-0.00708721109945992,0.371537613529424,-0.0218246546090267,0.00905893061719765,-0.00545693794438885
0.291053366266515,1.66129021130111,-0.0074360956344749,0.332574266425389,-0.0216492564926684,0.00818954368764537,-0.00612049935513618
0.327531870342258,1.63729337157217,-0.00744393950425725,0.292681774411951,-0.0215080990527172,0.0072192688300628,-0.00662813581568762
0.363007391300734,1.60893208970268,-0.00707610932065418,0.252348344572845,-0.0214034608082022,0.00616965409208426,-0.00697091131485094
0.397173415047696,1.57658710145306,-0.00633839363586042,0.212032553967849,-0.0213373116006882,0.00506979137317341,-0.00714447779857843
0.429844839931386,1.54069405762037,-0.00527672572918826,0.172114154679223,-0.0213100777552867,0.00395318784206544,-0.00714943101318379
0.460956034939297,1.50169121399196,-0.00396882012057643,0.132859849876163,-0.0213199240064051,0.00285379860231238,-0.00699122456813712
0.490540920412975,1.45997218329423,-0.00250977827872358,0.0944120427736071,-0.0213627304763508,0.00180202319368575,-0.00667960264936211
0.518699938906666,1.41585377266856,-0.000995551030671947,0.0568015383388956,-0.0214327283667736,0.000821464604952054,-0.00622764873711767
0.545561993924936,1.36956389056588,0.000491558838409659,0.0199783941730573,-0.0215235818007264,-7.30195207072667e-05,-0.00565064613549819
0.571249572953315,1.32124846989223,0.00189236951642151,-0.0161487154017646,-0.0216296218702209,-0.000875845984504159,-0.00496496949538609
0.595852889350096,1.27099184190767,0.00317422442319026,-0.0516742789528546,-0.0217469602306534,-0.0015900491118593,-0.00418718029612422
0.619415485643767,1.21884326891416,0.00432905353190137,-0.0866657702050682,-0.0218742982184954,-0.00222587383599293,-0.00333341875365861
0.641930795866524,1.16484313291086,0.00536784874616804,-0.12114472552424,-0.0220133533686873,-0.00279907830345485,-0.00241910820512889
0.663347469031517,1.10904450045362,0.00631353465506828,-0.155079191666373,-0.0221689041723687,-0.00332929712731513,-0.00145893362235832
0.683580687244524,1.05152812641522,0.00719382724495658,-0.188385815998505,-0.022348510494226,-0.00383866924544177,-0.000467041067715825
0.70252722410747,0.992411081996455,0.00803512729003884,-0.220939236259707,-0.022561956875676,-0.00435076151180879,0.000542613184181567
0.720082547666427,0.931850312513451,0.00885787198844726,-0.252586574476071,-0.0228204754624696,-0.00488971868154963,0.0015558156899435
0.736158980371805,0.87004319726445,0.00967339531972203,-0.283165288140931,-0.0231357784888681,-0.00547948379485763,0.00255760621080657
0.750704154266321,0.807227418415781,0.0104821414616124,-0.312522949931049,-0.0235189288671252,-0.00614290505898964,0.00353179773382245
0.763718737814578,0.743682456851116,0.0112730647997246,-0.340537456512887,-0.0239790887132649,-0.00690055808036543,0.00446056677997868
0.775271604087199,0.679734791848294,0.0120241594400738,-0.367135612373878,-0.024522214961663,-0.00776917740627124,0.00532419079734145
0.785509408765897,0.615768247057137,0.0127042086451092,-0.392307126862938,-0.0251498074220571,-0.00875971741485368,0.00610103039740519
0.794656330072113,0.552239617877948,0.0132759352942598,-0.416110236044141,-0.0258578336888611,-0.00987524855816451,0.00676786977143984
0.802999133789318,0.489697404151824,0.0137006808302363,-0.438665181615183,-0.0266359222544825,-0.0111091093202493,0.00730071956580116
0.810853535558756,0.428797976370836,0.0139444955957134,-0.460133534128274,-0.0274667998770015,-0.0124438964025497,0.00767612771770681
0.818510555717608,0.370309077392391,0.0139851176874872,-0.480685251373756,-0.0283257627532017,-0.0138518616515274,0.00787292033551723
0.826165969407571,0.31508617253947,0.0138188570382481,-0.500460512241484,-0.0291798146145738,-0.0152969854029599,0.00787412934400326
0.833840988383131,0.264004690540678,0.01346600238829,-0.519537152628893,-0.0299861905283946,-0.0167384289874035,0.00766873428123636
0.841306929762603,0.21783363573424,0.0129730588393145,-0.537913707636037,-0.0306905561646369,-0.0181344658453948,0.00725285804408134
0.848031004484383,0.177047775450328,0.0124098665725794,-0.555511366680237,-0.031226272371769,-0.0194457415423661,0.0066302609688751
0.853165220955243,0.141601553750039,0.0118596371440813,-0.572188609516516,-0.0315172699830165,-0.0206371139935419,0.00581228749572676
0.855602972113898,0.110728178692082,0.0114009500927193,-0.587756516429337,-0.031487159738729,-0.0216782680521489,0.00481762402213924
0.854118391994873,0.0828657244642,0.0110838395928358,-0.601986227322183,-0.0310749400087613,-0.0225441791967195,0.00367213480569759
0.847572058792771,0.0558097652287033,0.0109070296274159,-0.614611266048145,-0.0302531233946375,-0.0232165504339127,0.00240867591598391
0.835121868983606,0.0271124280957994,0.0108069408197346,-0.625336693821941,-0.0290400965883881,-0.0236863093114098,0.00106644355676183
0.816355508011822,-0.00538745289844231,0.0106666413286834,-0.633864170462473,-0.0274993768776216,-0.0239558709492089,-0.000310544047332582
0.791292520632088,-0.0431111747436999,0.0103437868426983,-0.639928287368088,-0.0257252606253744,-0.0240394114051728,-0.00167576605327843
0.760273063202513,-0.0865343853386501,0.00970698582008483,-0.643328469664812,-0.0238221960100124,-0.0239603418212379,-0.00298278017390015
0.723801761692186,-0.135259190560481,0.00866722804501382,-0.643943125008165,-0.0218874829267019,-0.0237466648988314,-0.0041874900879784
0.682414934370328,-0.188269512158308,0.00719556220418897,-0.641724778110183,-0.0200026025553848,-0.0234257375751806,-0.00524991308099608
0.63660417110051,-0.244241173238495,0.00532472322158207,-0.636684797780024,-0.018232363921302,-0.0230198548377859,-0.0061356679222802
0.586793985514872,-0.301815993835842,0.00313668226432616,-0.628877596709727,-0.0166277263160028,-0.0225435184597851,-0.00681747976790062
0.533353854204966,-0.359800236355925,0.000740215830521072,-0.618389438095307,-0.0152284364531672,-0.0220027382385939,-0.00727673446898767
0.476623288253842,-0.417279228020889,-0.0017557774761439,-0.605331815017546,-0.014063761608542,-0.0213962976377358,-0.00750475188505148
0.416934463810606,-0.473653417130954,-0.00426623381086887,-0.589836962060733,-0.0131516926466144,-0.0207185031701417,-0.00750327095189062
0.354624664523517,-0.528609078835369,-0.0067447013168066,-0.57205334372024,-0.0124980226279195,-0.0199625738666648,-0.00728378895767931
0.290037587026116,-0.582044947409782,-0.00918556681261838,-0.552140361837472,-0.0120965701056648,-0.0191237015702948,-0.00686578496957817
0.223517016291907,-0.63398116949373,-0.0116148228984686,-0.530262698433586,-0.0119309928828237,-0.018201035878889,-0.00627423866546566
0.155397964107662,-0.684475004779241,-0.0140740092168846,-0.506585220169959,-0.0119777870470615,-0.017198314225447,-0.00553702204610408
0.0859995643769706,-0.733559143240389,-0.0166030526034308,-0.481269373305465,-0.0122096321378934,-0.0161233268084664,-0.00468265636495419
0.0156220277891289,-0.781207842124542,-0.019226529625625,-0.454471741512987,-0.0125982909142556,-0.0149866837674026,-0.00373870226122824
-0.0554520455966875,-0.827327811658013,-0.0219456395776774,-0.426345047093446,-0.013116600112999,-0.0138003914246434,-0.00273082720772033
-0.126953051238314,-0.871766773387094,-0.0247361466256798,-0.39704140759252,-0.0137394520383658,-0.0125766172170853,-0.00168244926570247
-0.198618108389805,-0.914332244533007,-0.0275513270005847,-0.366717187475435,-0.0144439202435957,-0.0113268356003162,-0.000614797380000547
-0.270184827443968,-0.954814686830183,-0.0303285303964144,-0.335538382357025,-0.0152087970891087,-0.0100613797903214,0.000452772684266577
-0.341386600003614,-0.993011173431165,-0.0329980230764113,-0.303685195615808,-0.0160138244949962,-0.00878931359121505,0.0015023430385782
-0.411950615597876,-1.02874728293304,-0.0354929859809447,-0.27135434631835,-0.01683886372796,-0.00751848760308827,0.00251698559290583
-0.48159950770362,-1.06189572840651,-0.0377596660046622,-0.238757728411773,-0.0176632026569368,-0.00625564293623294,0.00348038165895409
-0.550057149619456,-1.09239038449411,-0.0397666456098396,-0.20611639168415,-0.0184651548394422,-0.00500646050392347,0.00437656777713375
-0.617058463526957,-1.12023410127936,-0.041511995598419,-0.173649538968747,-0.0192220640542532,-0.00377548830265947,0.0051898493086837
-0.682362450790317,-1.14549877697156,-0.0430270614654532,-0.141559215802491,-0.0199107769201605,-0.00256598050165867,0.00590489913389136
-0.745766320454112,-1.16831624119614,-0.0443755721785805,-0.110012765544851,-0.0205085841891716,-0.00137967442658756,0.00650704582632825
-0.807117822863553,-1.18885963821052,-0.0456473293849963,-0.0791262429893265,-0.0209945496085026,-0.00021662398785494,0.00698272768820222
-0.866322520361254,-1.20731683432326,-0.0469466551193968,-0.0489526575740565,-0.0213510578078877,0.000924837135648995,0.00732007572475253
-0.923342976647755,-1.22385927211071,-0.0483769595003989,-0.0194786789549571,-0.0215653408832915,0.00204790600450608,0.00750956181202009
-0.978188561178268,-1.23861157316342,-0.0500240379765001,0.00936804070788602,-0.0216307095991024,0.00315688588171339,0.0075446359596019
-1.03089685039023,-1.25162792936131,-0.0519414737194076,0.037701131806569,-0.0215472386714124,0.00425656944830623,0.00742226146627729
-1.08151003287487,-1.26288052511751,-0.0541414410227559,0.065650218908379,-0.0213217421716781,0.0053515330988703,0.00714325584180996
-1.13005129780959,-1.2722628175391,-0.0565931160680286,0.0933329815880327,-0.0209670105512942,0.00644547570666071,0.00671236499672332
-1.17650625211445,-1.27960706479342,-0.0592290400662597,0.120830145987883,-0.0205004322635538,0.00754072410064837,0.00613804300467904
-1.2208129223576,-1.28471212489149,-0.0619577502619726,0.1481680475521,-0.0199422470259965,0.00863797596047812,0.0054319715396936
-1.2628614743367,-1.28737537723562,-0.0646795155754438,0.175311243798587,-0.0193137373053074,0.00973627609991093,0.00460841171074831
-1.30250238405381,-1.28742227463402,-0.0673015671534595,0.202165133974166,-0.0186356459038066,0.0108331518455241,0.00368351452825962
-1.33956021614503,-1.28472836517546,-0.0697498183396677,0.228586548805962,-0.0179270264381188,0.0119247933200287,0.00267471372676089
-1.37384970315966,-1.27923087557365,-0.0719753299920182,0.254399321987763,-0.0172046254087822,0.0130061675264605,0.00160029123638425
-1.40519125459617,-1.27092922283211,-0.0739551544341653,0.279411941874279,-0.0164827951646213,0.0140709971272618,0.000479156894676897
-1.43342388514046,-1.2598755101451,-0.0756882731614979,0.303435126823186,-0.0157738665041332,0.0151116005006525,-0.000669164111121627
-1.45841439247125,-1.24615701835211,-0.0771879778359046,0.326298068156489,-0.0150888682205696,0.0161186610372617,-0.00182438096487614
-1.48006219489992,-1.22987315240804,-0.0784723026764451,0.347862729540478,-0.0144384548220547,0.0170810555144735,-0.00296519658345268
-1.49829954690412,-1.2111096275616,-0.07955416963937,0.368035759471203,-0.0138338756734383,0.0179859115616275,-0.00406906980023651
-1.51308703144504,-1.18991320557231,-0.0804328988489383,0.386777240831335,-0.0132877790543294,0.0188190701307583,-0.00511209152324972
-1.5244044982554,-1.1662711035916,-0.0810887004741757,0.404104840176574,-0.012814599597808,0.0195660856047899,-0.00606910148107213
-1.53223816684818,-1.14010002187244,-0.0814816024538744,0.420091295267732,-0.0124302560742941,0.0202137893676107,-0.00691417749039169
-1.53656551126682,-1.1112498911933,-0.0815557867225803,0.434853131818188,-0.0121509376832179,0.0207522696835785,-0.00762160709343888
-1.53734064381817,-1.0795259857965,-0.0812493235141317,0.448529610873382,-0.0119909322412531,0.0211769085773065,-0.0081673791134917
-1.53448379556625,-1.04472925559353,-0.0805078188862308,0.461253467942555,-0.0119597623242041,0.0214899366075913,-0.00853109659971935
-1.5278785257154,-1.006708877031,-0.0792989013049608,0.473118539464527,-0.0120592717521503,0.021700926597834,-0.00869803244665827
-1.51737894459838,-0.965415037518619,-0.077623512860345,0.48415237527891,-0.0122815687088459,0.0218258397607777,-0.008660893794398
-1.50282653195972,-0.920937078257447,-0.0755204083281373,0.494302365504333,-0.0126086766318093,0.0218846564788508,-0.00842083024295212
-1.484072974766,-0.873514982771086,-0.0730622954872585,0.503440563460772,-0.0130142856086031,0.0218981150479913,-0.00798737797011081
-1.46100332476532,-0.823520561920944,-0.0703449113354502,0.511386234000688,-0.013467293269973,0.0218844007135789,-0.0073773376779752
-1.433553849257,-0.771414805344699,-0.0674726349321099,0.517939182579958,-0.0139362178243671,0.0218565996292255,-0.00661289792606801
-1.40172120359984,-0.717694803211957,-0.0645448971778333,0.522914156401124,-0.0143933556094095,0.0218213852883804,-0.00571948566580551
-1.36556279194832,-0.662844613743468,-0.0616465827595425,0.526168014300884,-0.0148177915312926,0.021778944680379,-0.00472379579174621
-1.32519087678187,-0.607300287141536,-0.0588436624990123,0.52761545629573,-0.0151968564953057,0.0217238066631963,-0.00365228117130792
-1.28076420995664,-0.551433008100218,-0.0561834804264712,0.527233416709732,-0.0155260939814377,0.0216461158515216,-0.00253018493425827
-1.23248063912199,-0.495548884154336,-0.0536980666006469,0.525056986645522,-0.0158080807281358,0.0215329704998504,-0.00138105115116838
-1.18057281455934,-0.439900646286718,-0.0514086179526313,0.521170524215732,-0.0160505246530847,0.0213696105398188,-0.000226583032456376
-1.12530741524082,-0.384705371116461,-0.0493296206127658,0.515696991381575,-0.0162640122217462,0.0211404077960096,0.000913288175565237
-1.06698671841222,-0.330162593347704,-0.0474716610858971,0.508787364291033,-0.016459692008889,0.0208297232284476,0.00202023534386694
-1.0059501818619,-0.276468236969244,-0.0458425682085576,0.500610849122939,-0.0166471251626503,0.020422743974834,0.00307734802928751
-0.942573235931968,-0.223821358892467,-0.0444470317098372,0.491345906076766,-0.016832522629193,0.0199064049962769,0.00406897802182217
-0.877260856223061,-0.172422645847221,-0.0432852089310292,0.48117176580034,-0.0170175956799489,0.0192704508208422,0.00498065372448466
-0.810434699426736,-0.122465706993104,-0.0423510326460589,0.470260099278491,-0.0171992205952746,0.0185086160148854,0.00579909117605178
-0.742514343279559,-0.0741239859109263,-0.0416309543612418,0.458766656433125,-0.0173700205781299,0.0176198127909706,0.00651232404900691
-0.673894949695108,-0.0275370281875523,-0.0411037070150622,0.446822976604394,-0.0175197979927177,0.016609129861047,0.00710996309143222
-0.604924921192573,0.0172003819345732,-0.0407413897703453,0.434528694493802,-0.0176375541449316,0.0154883953680405,0.00758357027483011
-0.53588749664581,0.0600438517746225,-0.0405118313843967,0.421945449382329,-0.0177136823884668,0.0142760684695341,0.00792709584792277
-0.466989673823239,0.100998940956628,-0.0403818529699928,0.409093748794879,-0.0177418718388915,0.0129963177575848,0.00813728998248399
-0.398360507303243,0.140115189339336,-0.0403208024718976,0.39595406797683,-0.0177203339742778,0.0116773103377488,0.00821398324561247
-0.330059001831671,0.17747608870639,-0.0403036409197626,0.382472831636143,-0.0176521399172059,0.0103489268909136,0.00816014555950162
-0.262089924842898,0.213186937470899,-0.0403129624944436,0.368572854137757,-0.0175446762563813,0.00904026696266655,0.0079816808458749
-0.194424400350858,0.247362557136378,-0.0403396034246001,0.354166702781772,-0.0174084235560686,0.00777735697865856,0.00768697752766466
-0.127021524019992,0.28011654264693,-0.0403818487874262,0.339170746331812,-0.0172553787419924,0.00658140442009122,0.00728628951040847
-0.0598475681161558,0.311553171349355,-0.0404435611585969,0.32351761544887,-0.0170974583327489,0.00546778797852813,0.0067910497465515
0.00710959708705269,0.341762449904487,-0.0405317376071138,0.307165383619234,-0.0169451502429881,0.00444579726034039,0.00621321455040202
0.073831897646084,0.370818197504105,-0.0406540237955206,0.290102687286044,-0.0168065684986879,0.00351899432737708,0.00556471022627727
0.140268098310752,0.398778659334337,-0.0408166102431145,0.272349897904501,-0.016686951182222,0.00268599343471085,0.00485701884224832
0.206335504879496,0.425688943325983,-0.0410227708255202,0.253957096454088,-0.016588556515309,0.00194144458941303,0.00410090963790166
0.27192495747324,0.451584545015224,-0.0412721378572027,0.234999896062655,-0.0165108652351304,0.00127704110495736,0.00330630273165554
0.336907712012303,0.47649530011377,-0.0415606789854048,0.215574156065747,-0.016450984968544,0.000682426835124647,0.00248224291064149
0.401143007739263,0.500449226147551,-0.0418812614033102,0.195790429521081,-0.0164041631441721,0.000145935801652648,0.00163696014064356
0.46448546988858,0.523475851429162,-0.0422246541003494,0.175768680499501,-0.0163643377445809,-0.000344855559742813,0.000777995815031885
0.526791905005218,0.545608752184803,-0.042580815941913,0.155633477694869,-0.0163246810559831,-0.00080274870518725,-8.76233376126724e-05
0.587927427253584,0.56688710775976,-0.042940330567333,0.135509576114092,-0.016278114547281,-0.00124067848283675,-0.000953179805186309
0.647771100345285,0.587356120677972,-0.0432958636884109,0.115517592502415,-0.0162177894633302,-0.00167155337031664,-0.00181204320658842
0.706221339964422,0.607066138440078,-0.043643525371943,0.095769392306647,-0.0161375352236781,-0.00210812429576088,-0.00265744528866298
0.763201060748481,0.626070296136633,-0.0439840042333344,0.076362903594316,-0.0160322809404135,-0.00256282246248836,-0.00348226597703271
0.818662491875194,0.644420419544557,-0.0443233390339679,0.0573761275592054,-0.0158984397313706,-0.00304751501057554,-0.0042788414193902
0.872590871832652,0.66216128911689,-0.0446731684063992,0.0388606114034577,-0.0157342396679591,-0.00357313565874165,-0.00503880928175392
0.925006118201664,0.679323122051687,-0.045050273762002,0.0208347778683824,-0.0155399728625733,-0.00414915507442026,-0.00575300962179638
0.975961317682716,0.69591294006919,-0.0454752999953118,0.0032780343189359,-0.0153181091702551,-0.00478289817825717,-0.0064114616370061
1.02553679146911,0.711905663175789,-0.0459705806339391,-0.0138731065701827,-0.0150732236140234,-0.00547874242080658,-0.00700344311664919
1.07382884626246,0.727236350774086,-0.0465571423875426,-0.0307254232973328,-0.0148116868984039,-0.00623728494550421,-0.00751769861231762
1.12093304852741,0.741795378306449,-0.047251153608288,-0.0474244701347654,-0.0145410915878683,-0.00705461805135685,-0.00794279555604548
1.16692303497779,0.755428422307268,-0.0480602998934847,-0.0641441839953289,-0.014269430292113,-0.00792189232307425,-0.008267630243558
1.21182732023901,0.76794272107263,-0.0489807542051706,-0.0810706113233708,-0.0140041037283285,-0.00882535328531459,-0.00848205747230899
1.25560788867315,0.779120082033338,-0.0499954732153734,-0.0983811283726217,-0.013750902328039,-0.00974699069633541,-0.00857758307013003
1.29814500928201,0.788735630965088,-0.0510744186422765,-0.116221994729511,-0.0135131522172277,-0.0106658335332013,-0.0085480276619477
1.33923219175728,0.796579717184315,-0.0521769500288395,-0.134688122902536,-0.0132912200039964,-0.0115597769301126,-0.00839005601130558
1.37858337262862,0.802479258229144,-0.0532561349495935,-0.153809053374699,-0.0130825167498902,-0.0124076838785568,-0.00810347954943035
1.41585170829946,0.806314624985766,-0.0542642321185269,-0.173544061389861,-0.0128820379593902,-0.0131914182577619,-0.00769128110350711
1.45065664988423,0.808029099790343,-0.0551583033108748,-0.193787328845362,-0.0126833547728949,-0.0138974738561306,-0.00715936890859626
1.48261423963697,0.807629692740608,-0.0559049138795551,-0.214381847688511,-0.0124798732259224,-0.0145179655123134,-0.00651612234346416
1.51136534280716,0.805180053795556,-0.056483173570849,-0.235138944946259,-0.0122661346752172,-0.015050903817335,-0.00577182657993619
1.53659770354625,0.80078773120278,-0.0568858198608325,-0.255859543014297,-0.012038948047411,-0.0154998270694666,-0.00493809944156653
1.55805966466991,0.794588730486496,-0.0571184856594716,-0.276353552036211,-0.0117982059847778,-0.0158729670674596,-0.00402739515585207
1.57556535017965,0.786732221867254,-0.0571975941275596,-0.296454810651697,-0.0115473130636799,-0.0161821604159181,-0.00305263793760454
1.5889925166815,0.777367597397906,-0.0571474413750662,-0.316030272970798,-0.0112932191209204,-0.0164416933464487,-0.00202700581044014
1.59827493507448,0.766635245295474,-0.0569969942094359,-0.334983284902237,-0.0110460907696536,-0.0166672098046043,-0.000963859898065177
1.60339117947269,0.754661669031859,-0.0567768144024453,-0.353251592821691,-0.0108186692191535,-0.0168747451712512,0.000123200826047398
1.60435136249144,0.741559071033972,-0.0565163927381372,-0.370801160662591,-0.0106253614916113,-0.0170798898581611,0.0012201864679703
1.60118298887581,0.72742924210133,-0.0562420812877338,-0.387617036255893,-0.010481107793202,-0.0172970475356015,0.00231249513055903
1.59391697742887,0.712371439903625,-0.0559757651674258,-0.403692543751059,-0.0104000724468392,-0.017538734469991,0.0033846580701635
1.58257519783465,0.696493733338711,-0.0557344000069688,-0.419018109145234,-0.0103942283358516,-0.0178148684313057,0.00442009412764043
1.56716160181279,0.679926849216499,-0.0555305200746429,-0.43357111830995,-0.0104719479792592,-0.0181320161711167,0.005400932144623
1.54765997637067,0.662838752117187,-0.0553737441626883,-0.447308346060308,-0.0106367711011489,-0.0184926064654324,0.00630798062917953
1.52404196334389,0.645447043344439,-0.0552731289014226,-0.460162563970348,-0.0108865682353486,-0.0188941701051368,0.00712094121001846
1.49628841281893,0.628025096691538,-0.0552399372159897,-0.472044718616914,-0.0112133285688488,-0.0193287346937789,0.00781896152405844
1.46442449175078,0.610897339805611,-0.0552900721274976,-0.482852323515546,-0.0116037313604972,-0.0197825670003922,0.00838158641939618
1.42856404506852,0.594420143475404,-0.0554452297848366,-0.492483313739855,-0.0120404990577904,-0.0202364902870264,0.00879008356795139
1.38895277595665,0.57894801856543,-0.055731946786029,-0.500852810258646,-0.0125043107795327,-0.0206669681438931,0.00902900145975447
1.3459957885769,0.56478984487699,-0.0561782659348548,-0.507908718568476,-0.012975864583147,-0.021048008524781,0.0090877024769503
1.30025620409382,0.552164838819725,-0.0568086060133094,-0.513641737253432,-0.0134376172982339,-0.0213537133074865,0.00896155592868186
1.25241916073559,0.541170242353891,-0.0576382303439705,-0.518086697727097,-0.0138748488716633,-0.0215610551127056,0.00865251739105257
1.20322700534671,0.531770407363985,-0.058669031684434,-0.521314832105472,-0.0142759442567406,-0.0216523202059277,0.00816896044740691
1.15340148033169,0.523810522011576,-0.059887973106085,-0.52341939566905,-0.0146320399508888,-0.0216167028160087,0.00752481445946911
1.10357232702323,0.517050525762734,-0.061268617900503,-0.524498786532406,-0.0149363333716772,-0.0214507688751117,0.00673822310427408
1.05422776215874,0.511209279164817,-0.0627751947383028,-0.524641345869226,-0.0151833639682965,-0.0211578257691977,0.00583001631581968
1.00569358049619,0.506007787997042,-0.064368008994745,-0.523914749860783,-0.0153684844910816,-0.0207465039488986,0.00482227060045982
0.958138712850037,0.50120285113083,-0.0660089055260071,-0.522361177295103,-0.0154876196885367,-0.0202289841322246,0.00373714832937046
0.91159929583512,0.496606932460286,-0.0676658084523749,-0.519998002585411,-0.0155373125002423,-0.0196192785729862,0.00259610104314787
0.866011640148828,0.49209424231324,-0.0693158612948876,-0.51682294157032,-0.0155150044041605,-0.0189318474872963,0.0014194319872756
0.821245944223218,0.487595723851944,-0.0709471352398738,-0.512822301281448,-0.0154194794588224,-0.0181806723021672,0.000226155840122501
0.77713552013228,0.483086686065952,-0.0725591382478442,-0.50798101739198,-0.0152514024734036,-0.0173787697727593,-0.000965931982298157
0.733499281771393,0.478570668469141,-0.0741624249747453,-0.502293276268735,-0.0150138842833197,-0.0165380406503662,-0.00214006764699251
0.690157525417158,0.474062396853108,-0.0757775275393139,-0.495772577409811,-0.014713002490153,-0.0156693061066693,-0.00328029612634783
0.646942389071572,0.469571893185061,-0.077433278271261,-0.488460066430858,-0.0143581936997393,-0.0147823858855004,-0.00437128416254695
0.603704895801942,0.465091196094092,-0.0791644578969828,-0.480429916891397,-0.0139624196888854,-0.0138861032059459,-0.00539822541749376
0.560320360018824,0.460584774495033,-0.0810086453635501,-0.471790581609357,-0.0135420062914739,-0.0129881530242329,-0.00634687701463759
0.51669336097995,0.455984473091692,-0.0830022165273036,-0.462681012667134,-0.0131160727689733,-0.01209483281534,-0.00720374447709381
0.47276265790572,0.451189550551882,-0.085175649429611,-0.453261564913605,-0.0127055198458739,-0.0112106967357401,-0.00795640407513783
0.42850555573596,0.446071919423589,-0.0875486009867699,-0.443700233922248,-0.0123316250915324,-0.0103382399997721,-0.0085939206787351
0.383940580591726,0.440486033435258,-0.0901255215645851,-0.434155948019352,-0.0120143888643009,-0.00947773557253127,-0.00910729288876256
0.33912712652963,0.434282098919122,-0.0928927325171279,-0.424761500925128,-0.0117708538541606,-0.00862732147698968,-0.00948984534942729
0.294161110091169,0.427320635149781,-0.0958177911695102,-0.415609025807856,-0.0116136555583885,-0.00778337865942003,-0.0097374976366767
0.249166527915208,0.419486110187713,-0.0988515791478259,-0.406740491089396,-0.0115500323230294,-0.00694116469390738,-0.00984886845648184
0.204283856400994,0.410697560237839,-0.101932965131048,-0.398144652235778,-0.0115814382076736,-0.00609560249671874,-0.00982521194335789
0.159657070296251,0.40091471098812,-0.104995295237093,-0.389760579790115,-0.0117037874589974,-0.00524208591407401,-0.00967021436149321
0.115421382842486,0.390138969595436,-0.107973549751781,-0.381486718907757,-0.0119082503586611,-0.00437716315124743,-0.00938969395765408
0.0716935352991405,0.378409523254577,-0.110810900999922,-0.37319369526326,-0.0121824425225407,-0.00349898938901072,-0.00899124404143521
0.0285657296741421,0.365795496514662,-0.113463628685372,-0.364738822432608,-0.0125118135192587,-0.00260748941708848,-0.00848384819413048
-0.0138966107331543,0.352385595860395,-0.115903805504325,-0.355980386414727,-0.0128810431363454,-0.0017042266298903,-0.00787748698942392
-0.0556538598683655,0.338276874309403,-0.118119705417808,-0.346790140607283,-0.0132752855160806,-0.000792025192384395,-0.00718275280390311
-0.0966890722093068,0.32356418417666,-0.120114354181615,-0.337062923149173,-0.0136811515358575,0.000125570980527074,-0.00641049163602393
-0.137003923609805,0.308331593847993,-0.12190292766301,-0.326722825593457,-0.0140873765901916,0.00104490094910096,-0.00557149342387918
-0.176614707997621,0.292646604440773,-0.123509773144952,-0.315725825178636,-0.0144851732635775,0.00196275210067016,-0.00467625114498129
-0.215549021994083,0.27655752259602,-0.124965715842124,-0.304059175858312,-0.0148683074278509,0.00287680808308549,-0.00373480329208365
-0.253843365075011,0.260093927479148,-0.12630609075778,-0.291738086908118,-0.0152329574333993,0.00378592785365764,-0.00275666614481714
-0.291541533595268,0.243269876254042,-0.127569686170458,-0.278800288021482,-0.0155774194959614,0.00469023460138966,-0.00175085441193598
-0.328693426369609,0.226089337627417,-0.128798554446543,-0.265299012247035,-0.0159017119626493,0.00559101884180613,-0.000725983510940288
-0.365353701729553,0.208553298754602,-0.130038462586003,-0.251294775822307,-0.0162071124490108,0.00649047768499429,0.000309555172889252
-0.401579597037076,0.190668007491433,-0.131339616365365,-0.236846163366802,-0.0164956402772726,0.00739132185886078,0.00134735332622451
-0.437427103447485,0.172453835895115,-0.132757179758574,-0.221999704884855,-0.0167694766162216,0.00829628527168235,0.00237868237027426
-0.472944560433262,0.153954229257802,-0.134351001955615,-0.206778920455019,-0.017030299862675,0.00920757156750177,0.0033941260723341
-0.508162613075007,0.135244079921797,-0.136183838929282,-0.191172776429885,-0.0172785082400675,0.0101262717465892,0.00438314441979927
-0.543079504695405,0.116436531331261,-0.138317220016141,-0.175124209000165,-0.0175123126274999,0.0110517923613138,0.00533357024583812
-0.577641213737578,0.0976865117518184,-0.140804033966874,-0.1585200860326,-0.0177267236218123,0.0119813545868955,0.00623106776918916
-0.611717605658858,0.0791880899593013,-0.143677110299129,-0.141184980171285,-0.0179125469101314,0.0129096720704577,0.00705864491393324
-0.645079017788346,0.0611613871703359,-0.146933955114353,-0.12288222585034,-0.0180556505313713,0.0138289855251042,0.00779640387908705
-0.677381804922464,0.0438247150970392,-0.150519755167841,-0.103326429565343,-0.0181369419741061,0.0147296736614198,0.00842178729709304
-0.708173684020707,0.0273511041924665,-0.154313558134331,-0.0822110447073182,-0.0181335794788224,0.0156015743305816,0.00891054760493607
-0.736927118389903,0.0118161708336835,-0.158124771231964,-0.0592517811012834,-0.0180217836972743,0.0164358802202058,0.0092384992105339
-0.76310094695288,-0.00284696204167847,-0.161706683533189,-0.0342410224393397,-0.017781133452118,0.0172271223444533,0.00938387610834657
-0.786219754176835,-0.0168662791113661,-0.164789288765573,-0.00710138217258302,-0.0173995334667012,0.017974549969384,0.00932991433798125
-0.805951150781279,-0.0306091656684074,-0.167126096324639,0.0220783679915333,-0.0168774391792416,0.0186823294299812,0.0090671519786151
-0.822157353429533,-0.0445203916380488,-0.168542121633039,0.053040250846037,-0.0162297986799832,0.0193583994937587,0.00859490952150919
-0.834902789057199,-0.0590359971832282,-0.168967291921829,0.0853926602843869,-0.0154847583335165,0.0200123408756462,0.0079215444946074
-0.844413832852756,-0.0744994871969278,-0.168443863236851,0.118676258417258,-0.0146793147677145,0.0206529656007727,0.00706340409299729
-0.851004047540406,-0.0911052106022883,-0.167106460941095,0.152440546342612,-0.0138532146878585,0.0212863159003763,0.00604282237505736
-0.854989309356224,-0.108881803337782,-0.165143458878829,0.186308881007781,-0.0130429003578953,0.0219144201294703,0.0048858035710293
-0.856616893336247,-0.127713578495397,-0.162753269851769,0.220016223383424,-0.0122769879737526,0.0225347287558105,0.00362004510586549
-0.85602343192688,-0.147387595729666,-0.160107473960988,0.253414465543969,-0.0115739748766585,0.0231399010309838,0.0022737198448397
-0.853225539599106,-0.167651831878473,-0.157327321525839,0.286448914526375,-0.0109421032483014,0.0237176250141333,0.000875125923967487
-0.84813939024781,-0.188273184590383,-0.154474787172304,0.319113664333021,-0.0103808680830169,0.0242503595064595,-0.000546926094476205
-0.840623021813957,-0.20908868771146,-0.151556217074064,0.35139412388013,-0.00988354763113334,0.024715163567873,-0.00196224150371556
-0.830535555221664,-0.23004595444265,-0.148535799129668,0.383204661318156,-0.00944018233405858,0.0250840349623391,-0.00333818717919943
-0.817807501673373,-0.251228295083565,-0.145356425663361,0.414330683671509,-0.00904045559976163,0.0253253479911477,-0.00463879982729476
-0.802513118350523,-0.272857178534467,-0.141965560924434,0.44438834182923,-0.00867585973840468,0.0254069768041247,-0.00582447779669871
-0.784928701371372,-0.295262721904581,-0.138342462847994,0.472819599905949,-0.0083404352409244,0.0253013748778438,-0.0068527603270187
-0.765552919098293,-0.318816157530576,-0.13452059312418,0.498940558565166,-0.00802947152765794,0.0249921273082988,-0.00768067175974986
-0.745064561252473,-0.343830459047204,-0.130596931891707,0.522049805372113,-0.00773611446206465,0.0244803766155644,-0.00826879081985129
-0.724208546053111,-0.370454854971149,-0.126721153391882,0.541578244278608,-0.00744687155472015,0.0237885665494501,-0.00858649675636315
-0.703633601198839,-0.398604810768311,-0.123064312056596,0.557231669840435,-0.00713804044498103,0.0229590598847447,-0.00861697633460465
-0.683738202930552,-0.427965177598066,-0.11977675114479,0.569064654547701,-0.00677520392633307,0.022046947599555,-0.00836017160649189
-0.664588058296289,-0.458074841176831,-0.11695166832295,0.577447421171395,-0.00631663703608982,0.0211090862755135,-0.00783245608729937
-0.645936795021827,-0.48846261673133,-0.11460823560724,0.582937441590075,-0.00571945165343661,0.0201932387995469,-0.00706322786402751
-0.627331889425873,-0.518783429347007,-0.112697723211807,0.586110365691338,-0.0049460197510726,0.0193307953660148,-0.00608983958687691
-0.608255020480986,-0.548913237412371,-0.11112542348014,0.587412791835901,-0.00396849544480407,0.0185344025871898,-0.00495256500492967
-0.58824665977613,-0.578988608784604,-0.109776819498191,0.58707523618747,-0.00277061710166856,0.0177996196210323,-0.00369072274554342
-0.566988340280291,-0.609401354878156,-0.108538816292109,0.585091134632514,-0.00134734094417304,0.0171086789484667,-0.00234028936578922
-0.544342360833174,-0.640768335396293,-0.107312216223732,0.581246651310488,0.000296436699738522,0.0164345979742147,-0.000932831970988003
-0.520364790002728,-0.673892243292875,-0.106016331301391,0.575181259354596,0.00214680188047379,0.0157446352148593,0.000504541950486034
-0.495311252293878,-0.709717641778274,-0.104589132252383,0.566465000223731,0.00418054413376512,0.0150028307979093,0.00194843393495285
-0.469649097041333,-0.749274524882096,-0.102986771283932,0.554687394982813,0.00636345638751368,0.0141718735638871,0.0033776812261139
-0.444077631929747,-0.793594228664418,-0.101185432890053,0.539559444467037,0.00864771961506829,0.0132148231396893,0.00477116387599017
-0.419543252520592,-0.843583233254041,-0.0991869297009323,0.521030330556373,0.0109695871249062,0.0120974016589933,0.00610497426313266
-0.397223201279188,-0.899850878092102,-0.0970275994883545,0.499411848724786,0.0132489950691635,0.0107916863884401,0.00734933027920257
-0.378447892856057,-0.962504880971252,-0.0947878898815888,0.475485601973769,0.0153924467248708,0.00928188309325453,0.0084661080414001
-0.364544559724368,-1.03094745161289,-0.0925975260716666,0.450544902565496,0.0172994384451816,0.00757202686894431,0.00940835078251237
-0.35661459422725,-1.10371988208548,-0.0906290767884775,0.426309029730166,0.0188714018912685,0.00569369366125475,0.0101231815382894
-0.355292917040976,-1.1784557309936,-0.0890734485268017,0.404665370146671,0.0200215652867896,0.00370974097351721,0.0105587897249234
-0.360563243398731,-1.25200773758721,-0.0880975193101149,0.387263255789669,0.0206844127525518,0.00170955802988696,0.0106744479836119
-0.371701276523852,-1.32078568764472,-0.087796309478704,0.375083823964966,0.0208235392647314,-0.000205849632280377,0.0104504229998314
-0.387377561346155,-1.38125810350962,-0.088161413570241,0.368171318667284,0.0204361687305169,-0.00194498585232241,0.00989362673684201
-0.405884245418104,-1.43046833335744,-0.0890827796209979,0.365657455328025,0.0195526635487923,-0.00344483663474927,0.00903630836016269
-0.425398447166951,-1.46638889166562,-0.090382496983682,0.366057881826195,0.0182310434139977,-0.00468021119389669,0.00792851207345068
-0.444199288203188,-1.48802490742151,-0.0918621108860086,0.367686065995205,0.0165485548818228,-0.00566158874198893,0.00662787585946659
-0.460804978394328,-1.49530282137889,-0.0933427197520541,0.369012005123567,0.0145927942701414,-0.00642523298320306,0.00519064521567379
-0.474042660997532,-1.48884706359292,-0.0946876033383132,0.368872359830439,0.0124539077407476,-0.00702128572921362,0.00366604667023782
-0.483077862471892,-1.46973692054083,-0.0958088186674559,0.366530380935524,0.0102183876445505,-0.00750406221373123,0.00209421399449695
-0.487420885614072,-1.43929218276483,-0.0966646278633038,0.361632823501725,0.00796460545217321,-0.00792617127701642,0.000506772709663803
-0.48691487762765,-1.39889994700619,-0.0972540291084245,0.354115726659436,0.00576013397348102,-0.0083361272894793,-0.00107104364017104
-0.481704159200165,-1.34987750904994,-0.0976114856280548,0.344094511093233,0.00366072825140194,-0.00877823261920417,-0.00261767071727621
-0.472180047732749,-1.29336256896285,-0.0978018015617455,0.331755801148617,0.00171055192179222,-0.0092933568488115,-0.0041125036345869
-0.458901179368983,-1.23022567591702,-0.0979129849212151,0.317257455366548,-5.69658973643178e-05,-0.00991938238143496,-0.00553356028810641
-0.442485883613598,-1.16100769544746,-0.0980440946504378,0.300640949629852,-0.00161826528151376,-0.01069028190284,-0.00685571176451378
-0.423478145458786,-1.08589486322875,-0.0982857221469323,0.281764799764949,-0.0029592128179045,-0.0116330405187732,-0.00804961200896492
-0.402199095068141,-1.00475196194689,-0.0986933214076062,0.260275764169963,-0.00407516483938473,-0.0127621150828733,-0.00908150505164654
-0.378613142178291,-0.917234026776936,-0.0992582366628781,0.235640464038739,-0.00497117254259486,-0.0140720703260464,-0.00991421847899163
-0.352256290097914,-0.822981131738391,-0.0998869297452134,0.207255188198607,-0.00566154907038011,-0.0155304941093953,-0.0105097457564501
-0.322279868887498,-0.721865606916133,-0.100402287074136,0.174627479320032,-0.00616791385765158,-0.0170747683756747,-0.0108336149124473
-0.287637263852646,-0.614216843110706,-0.100576929158686,0.137581168454704,-0.006515374498331,-0.0186165043590791,-0.0108604926267204
-0.247378364916698,-0.500926282905375,-0.100194503498056,0.0963999782062354,-0.00672770455718019,-0.0200551027900363,-0.0105793814057312
-0.20094612675482,-0.383368571955442,-0.0991170112439847,0.0518311613803832,-0.00682349748739349,-0.0212972837692042,-0.009996209637746
-0.1483489827939,-0.263161307935765,-0.097328345429962,0.00493417087328478,-0.00681521916015375,-0.0222755076920824,-0.00913246121696294
-0.0901413377010435,-0.141868011699959,-0.0949355142998591,-0.0431593882277345,-0.00671156687485783,-0.0229583959518574,-0.00802042754981732
-0.027241574207474,-0.0207641739085653,-0.0921317587916279,-0.0914719294175234,-0.00652170523744634,-0.0233506438370972,-0.00669721717157609
0.0393195023706494,0.0992682304172468,-0.0891424906641753,-0.139318653942058,-0.00625921662614761,-0.0234849623098827,-0.0051997578526094
0.108628820486099,0.217723627707338,-0.0861763141913957,-0.186343665290333,-0.00594423988092051,-0.0234109482308812,-0.00356201833081265
0.180051497103726,0.334378318387717,-0.0833937909879569,-0.232479577471785,-0.00560339784308705,-0.0231850883052275,-0.00181460364011188
0.253316461975151,0.449161928755704,-0.0808954963444428,-0.277864897474881,-0.00526779058816163,-0.0228640117170036,1.3647283008345e-05
0.328544047146229,0.562013468280008,-0.0787240737602157,-0.322738906817452,-0.0049692429308193,-0.0225011633904275,0.00189246395736987
0.4062309559211,0.672714128553038,-0.0768732921445432,-0.367314154573178,-0.00473443131461496,-0.0221458130391605,0.00378560716912312
0.487189787009226,0.780676633047444,-0.0752990262659219,-0.411616695534689,-0.00457614899998583,-0.0218425904741218,0.00564523344583355
0.57241550935153,0.884688029975766,-0.0739307556358938,-0.455296993408175,-0.00448180267238183,-0.0216292885602322,0.00740581713816956
0.662838038602594,0.982665426790589,-0.072685965686564,-0.497461601172919,-0.00440252583396968,-0.0215306914839657,0.00897956279759484
0.758947084991713,1.07158862034491,-0.0714917028342942,-0.536650431330311,-0.00425241057500204,-0.0215477292669627,0.0102574809758112
0.860362315096209,1.14784760914262,-0.0703144077900772,-0.571121953622366,-0.00393215653863391,-0.0216456132645101,0.0111218145166314
0.96552289597249,1.20813216506017,-0.0691890801703288,-0.599481166957628,-0.00338328318807253,-0.0217500207974777,0.0114719435753081
1.07166143203224,1.25062441660279,-0.0682272706184892,-0.621359571053636,-0.00264976335687613,-0.0217595239584424,0.0112550516773455
1.17507535299853,1.27590253433685,-0.0675843615964,-0.637629381342782,-0.00189536589853835,-0.0215709114924601,0.010483605387297
1.27161020733376,1.28702935522803,-0.067388063301797,-0.649904131621531,-0.00134241029252233,-0.0211034512009367,0.00922818109016191
1.35731365395065,1.28873760692248,-0.0676603416840129,-0.659669517055272,-0.0011622923954327,-0.0203122905161431,0.00759258360663254
1.42915322217656,1.28605176680769,-0.0682797651689378,-0.667643557613543,-0.00139331859409967,-0.019191483529876,0.00568811642867047
1.48548992764322,1.28293430832195,-0.0690114775891019,-0.673666133170599,-0.00193665395770545,-0.0177693675736075,0.00361781541145697
1.52605252639288,1.28151960622164,-0.0695877492808222,-0.67698686609785,-0.00261725260657095,-0.0160977058528546,0.00147098570863411
1.55150987292316,1.28212756861506,-0.0697938383647412,-0.676656484883294,-0.00325915495869448,-0.0142384268250912,-0.000676302036082284
1.56297054135311,1.28380306672726,-0.0695249414141217,-0.67182855975278,-0.00373602778634181,-0.0122535171654845,-0.00275842277266838
1.56165329934533,1.28497739870062,-0.0688081862479752,-0.661935287678183,-0.00398893181411026,-0.0102005820468872,-0.00471705282414801
1.54876632296335,1.28399704239013,-0.067797839649289,-0.64677635121728,-0.00402206133029733,-0.00813214778410766,-0.00649874758085188
1.5255099564746,1.27946606451327,-0.066747902176515,-0.626554667068511,-0.00388846158217124,-0.00609508408011494,-0.00805397462215412
1.49310308598875,1.27044463958712,-0.0659595322961016,-0.601861440151545,-0.00367196543525202,-0.00412797051651116,-0.00933789859461587
1.4527715989407,1.25654224886278,-0.0657049174137578,-0.573595728006351,-0.00346740885034552,-0.00225696723864191,-0.0103125842818301
1.40568548512213,1.23790898720134,-0.0661447164321996,-0.542813413560526,-0.00336061789889791,-0.000492743633383535,-0.0109497799874528
1.35286777975037,1.21511661666232,-0.0672705299296691,-0.510528157879158,-0.00341091794416818,0.0011689459602997,-0.0112334582092664
1.29511351451165,1.18894676306811,-0.0689017668719059,-0.477513231019208,-0.0036397329139386,0.00274225003907711,-0.0111617577673342
1.23295091323697,1.16014510246643,-0.0707439297524619,-0.444163311251777,-0.00402821655151006,0.0042433637293436,-0.0107482014684125
1.16666070340103,1.12922309362922,-0.0724852075652196,-0.410464172981478,-0.00452481239557712,0.00568301137918186,-0.0100216190946507
1.0963508827509,1.09637107340039,-0.0738899969130527,-0.376083983967317,-0.00506052183538888,0.00706244936015018,-0.00902381898611537
1.0220655741933,1.06149392741329,-0.074853758703975,-0.34055048556041,-0.00556667477876821,0.00837446303916113,-0.00780477304579488
0.943893434985311,1.02432547739838,-0.075408324583418,-0.303441770096504,-0.00598927564601407,0.00960826735699361,-0.0064165541231576
0.862043201358899,0.984555540998301,-0.0756916336932541,-0.264522551775365,-0.00629638895061231,0.0107554456602345,-0.00490801282350024
0.776871129225168,0.94192099049168,-0.0759054449045469,-0.223796764256993,-0.00647868671860865,0.0118141461725935,-0.00332157299223326
0.688864621959631,0.896245945817623,-0.0762786866061512,-0.181488128894585,-0.00654564098118419,0.0127902036100116,-0.00169234401067149
0.598596746874,0.847441580524654,-0.0770426415515154,-0.137979172409384,-0.00652007564798058,0.0136953784162097,-4.89508541968883e-05
0.50666644446291,0.795485134084257,-0.0784153990543975,-0.0937364253580835,-0.00643274495663668,0.0145437177126127,0.00158468759725594
0.413634568828069,0.740395987402403,-0.0805892804429804,-0.0492378016273532,-0.00631740765618883,0.0153471636877253,0.00318720675959235
0.319962052705334,0.682221554889237,-0.0837150554758098,-0.00490796386734539,-0.00620611439577158,0.0161113514245341,0.00473757655686188
0.225956075316183,0.621041314896737,-0.0878790592450996,0.0389370140610207,-0.00612423297053419,0.0168323660934936,0.00621292428145265
0.131732856865241,0.556993840534882,-0.0930729413635675,0.0821334362267406,-0.00608502482132649,0.0174951895956169,0.00758645238810284
0.0372095753264565,0.49032704796524,-0.0991607242917736,0.124695670520116,-0.00608427283783915,0.0180746156176149,0.00882562732090834
-0.0578598566152445,0.421463059069277,-0.105854340677215,0.166812073839436,-0.00609645508989158,0.01853936316797,0.00989114075608193
-0.153793359166626,0.351054841727544,-0.112715723723967,0.208797093413084,-0.00607496080369078,0.018859631981118,0.0107375746364395
-0.250835082609377,0.279996775791866,-0.119205866902817,0.250991398646092,-0.00595903192414241,0.0190170581743137,0.011316905019698
-0.348984462840738,0.209349627928056,-0.124789930586659,0.293621868041119,-0.00568823984670857,0.0190140557631941,0.0115853915818635
-0.447861892202346,0.140170387024368,-0.129076991265084,0.336664107168984,-0.00522095008328913,0.0188780810782723,0.0115126467820916
-0.546683725017613,0.0732984129190907,-0.131936997830439,0.379770511982066,-0.00454871728972366,0.0186574333550284,0.0110894915754338
-0.644379095230014,0.00919950137376988,-0.13353051352438,0.422308054930916,-0.00369851023766629,0.0184094189033729,0.0103306574346557
-0.739803794407087,-0.052047201882607,-0.134230141412737,0.463492010495649,-0.00272100466963638,0.0181862503933582,0.00927090772109736
-0.831953684602162,-0.110616741640239,-0.134476480253851,0.502548917694133,-0.00167113534518176,0.0180248471111039,0.00795702113127414
-0.920095266543831,-0.166734354054633,-0.134640762795603,0.538837856134944,-0.000589893929727704,0.017943269721826,0.00643988225195243
-1.00378982202652,-0.220486427938715,-0.134944193275029,0.571897160444017,0.000506947091197035,0.0179424290669836,0.00476960022410376
-1.08283547327441,-0.271693193953343,-0.13544207211453,0.60142400323838,0.00163239824606926,0.0180100009656957,0.00299412218964094
-1.15716346659707,-0.319845178980171,-0.136053245346824,0.627211605712652,0.00282604520196148,0.0181241341470182,0.00116029529650655
-1.22671228132232,-0.364084343061386,-0.136610056801165,0.649066738732641,0.00414823656684492,0.0182560527093989,-0.000683906135884665
-1.2912868600294,-0.403213964914979,-0.136911079397314,0.666723407113643,0.00567188876255035,0.0183719912181315,-0.00248694192638894
-1.35040416400192,-0.435738071241436,-0.136767744027414,0.679767691978631,0.0074721466197254,0.0184357562297138,-0.00419175343090392
-1.40313554079592,-0.459950899804053,-0.136041299896079,0.687596340525517,0.00961371017845427,0.018413479981048,-0.00573504062089429
-1.4479796285413,-0.474110123924539,-0.134667826333925,0.689443102277586,0.0121360640046107,0.0182815488508527,-0.00704878724352065
-1.4828272747517,-0.476723916470957,-0.132668535279621,0.684509367247149,0.0150382144458003,0.0180368694481097,-0.00806524850963998
-1.50509218972475,-0.466950681965803,-0.130143497063952,0.672211015645298,0.0182665197066118,0.017705688372216,-0.00872614639668269
-1.51205272883052,-0.445047826894163,-0.127250828663183,0.652491323476142,0.0217107438871463,0.0173447079127369,-0.0089950424159571
-1.50137197526485,-0.412729164806403,-0.124178291106707,0.626073956880981,0.0252129444378389,0.0170294178952433,-0.00886899614002728
-1.47166432559263,-0.373246660518441,-0.121115726105062,0.594506134731865,0.0285900194977854,0.0168312756228291,-0.00838370331050223
-1.42291763564703,-0.331063847433169,-0.118233442454636,0.559925051549504,0.0316645837074328,0.0167938206826027,-0.00760809287139022
-1.35661070672713,-0.291155522758227,-0.1156677460878,0.524633308340124,0.0342939079742562,0.0169199145013067,-0.00662983191436851
-1.27548532966863,-0.258164524182688,-0.113513965148439,0.490670747347452,0.0363870673928955,0.0171749670285441,-0.00553816583482167
-1.18307680613105,-0.235718325309861,-0.111827468988277,0.459542189126883,0.0379066223322198,0.017501093714703,-0.00441085126291722
-1.08318658933705,-0.226095030924838,-0.110631350488171,0.432147214398985,0.038858549885733,0.0178331538450637,-0.00330812881400712
-0.979454112451932,-0.230235522401378,-0.109926996206514,0.408859123395728,0.0392776410981692,0.018110464408838,-0.00227258987589287
-0.875094478740394,-0.247971928124414,-0.109703396954948,0.389667489160717,0.0392143166629157,0.018282779007142,-0.001332067634528
-0.772786863001601,-0.278328400333954,-0.109942819326351,0.374317890637279,0.0387255093052316,0.0183120164300089,-0.000503132100606652
-0.674661698339515,-0.319801239852821,-0.110622662128142,0.362417157438535,0.0378695843454997,0.0181717694246922,0.000206028682482206
-0.582336146796514,-0.370582531059861,-0.111714740936235,0.35349959448667,0.0367040688752782,0.0178460088603553,0.000793596914149912
-0.496965157006554,-0.428726988928209,-0.113183687632054,0.347063517951096,0.0352848435518877,0.0173276457687028,0.00126276781092264
-0.419293552326946,-0.492274897886939,-0.114985908485258,0.342590989939883,0.0336658057821752,0.0166171302260224,0.00162072702935021
-0.349706480453059,-0.559343790306872,-0.117069943060253,0.339561388461645,0.0318984523237524,0.0157210704193563,0.00187772016347734
-0.288280538747506,-0.628196430829022,-0.119378373402874,0.337464926620016,0.0300311943710555,0.0146508385986357,0.00204610247859988
-0.234837870549017,-0.697288010699758,-0.121850863402756,0.335817796967621,0.0281084646816247,0.0134211832462902,0.00213937090452898
-0.189003112230965,-0.765293340550584,-0.124427605023277,0.334177610633505,0.0261698007091913,0.0120489166429805,0.00217124670214344
-0.150260550432974,-0.831115165253896,-0.127052444342152,0.3321566510366,0.0242491058204452,0.0105517628184886,0.00215489227258075
-0.118007586127961,-0.893876302810268,-0.129675178664361,0.329430834994337,0.0223742344843629,0.00894743233130951,0.0021023229659689
-0.0916008840978363,-0.952899817639516,-0.132252821291962,0.325743434406258,0.0205669582265715,0.00725295312493301,0.00202403553943339
-0.0703929314275206,-1.00768209118492,-0.134749899710486,0.320903833093708,0.0188432847209732,0.00548424862218809,0.00192883786926876
-0.0537583988065432,-1.05786331332738,-0.137138018677767,0.314782427968828,0.017214045947591,0.00365592690136096,0.0018238403459778
-0.0411111003999864,-1.10319889659275,-0.139394974710328,0.307303109975027,0.015685648889833,0.00178123169970177,0.00171456025950195
-0.0319132049054167,-1.14353404664782,-0.141503682460356,0.298434679153758,0.0142608875071164,-0.000127895055376754,0.00160509307583433
-0.0256786579190106,-1.17878255627461,-0.143451106569259,0.288182242135417,0.0129397362520943,-0.00206068299150987,0.00149831361541257
-0.0219726798236182,-1.20891001176057,-0.145227317546038,0.276579272162007,0.0117200723082597,-0.00400736948523619,0.00139608121549019
-0.0204088857347919,-1.23392104814686,-0.146824726292111,0.263680684271454,0.0105982986433553,-0.00595902671371339,0.00129943309652289
-0.0206451832888747,-1.25385001481541,-0.14823750640803,0.249557035633493,0.0095698592864497,-0.007907395644638,0.00120875804735983
-0.0223792345710894,-1.26875433566246,-0.149461186163602,0.234289807098424,0.00862965110004055,-0.00984473670822678,0.00112394796652714
-0.0253439662972857,-1.27870989052441,-0.15049237926,0.217967639872539,0.0077723434617425,-0.0117637025727455,0.00104452807376753
-0.0293033895479117,-1.28380784250595,-0.151328620492732,0.200683370695443,0.00699262022073009,-0.013657235550465,0.000969768265967451
-0.0340488398636143,-1.28415245064301,-0.151968275189763,0.18253170915632,0.00628535838027752,-0.0155184904251423,0.00089877862610091
-0.0393956564196817,-1.27985951407014,-0.152410496799454,0.163607416038507,0.00564575636586403,-0.0173407825839307,0.000830591906386008
-0.0451802687502252,-1.27105517967204,-0.152655213024141,0.144003864437558,0.00506942247889775,-0.019117560636493,0.000764235208681341
-0.0512576374482298,-1.25787490828415,-0.152703126319281,0.123811887476854,0.00455243168075223,-0.0208424022596981,0.000698792278834743
-0.057498989531343,-1.24046243684753,-0.152555718772889,0.103118837697714,0.00409135670894048,-0.0225090313807897,0.000633456990205438
-0.0637897911270842,-1.21896860314313,-0.152215254205147,0.0820078036271547,0.00368327791931611,-0.0241113538766126,0.000567577843216372
-0.0700279040405973,-1.19354992724963,-0.151684772261513,0.060556949996094,0.00332577527475826,-0.0256435077385263,0.000500692765625368
-0.0761218753048022,-1.16436688213482,-0.150968070859895,0.0388389720435276,0.00301690557475176,-0.0270999221650262,0.000432553255209293
-0.081989309771484,-1.13158184468621,-0.150069675418258,0.0169206804792895,0.00275516817379318,-0.028475378746522,0.000363137012755508
-0.0875552766104431,-1.09535680245606,-0.148994796339953,-0.00513723910376964,0.00253946284740002,-0.0297650672081147,0.000292648660928741
-0.0927507059635819,-1.05585098246948,-0.147749279989453,-0.0272802316946346,0.0023690437671029,-0.0309646289918805,0.000221508821363428
-0.0975107442960521,-1.01321863736084,-0.14633956179706,-0.0494595840736462,0.00224347356364647,-0.0320701845207135,0.000150332558782459
-0.101773055592753,-0.967607237669781,-0.144772631528227,-0.0716318075430931,0.00216258116990215,-0.0330783438742559,7.98988093653466e-05
-0.105476075571984,-0.919156260089755,-0.143056018942805,-0.0937577022203782,0.00212642668922089,-0.0339862047184524,1.11127737694388e-05
-0.108557239977853,-0.86799664567223,-0.141197803069058,-0.115801161795669,0.00213527612365692,-0.0347913441537002,-5.5036615866931e-05
-0.110951210077515,-0.814250868640943,-0.139206641539293,-0.137727815558372,0.00218958844123971,-0.0354918117771179,-0.000117522038403623
-0.112588107171744,-0.758033453114823,-0.137091810115815,-0.159503620178093,0.0022900169714381,-0.0360861296593811,-0.000175323789574722
-0.113391746592132,-0.699451727297515,-0.134863238499976,-0.181093508439497,0.00243742615997501,-0.036573302049697,-0.000227474173577928
-0.113277835393946,-0.638606608811328,-0.132531527506252,-0.202460185798247,0.00263292302057265,-0.0369528346353993,-0.00027309778089824
-0.112152070558191,-0.575593255604965,-0.130107934764721,-0.223563147122465,0.00287790008243317,-0.0372247608923975,-0.000311444909617233
-0.109908048567611,-0.510501477798809,-0.127604320967942,-0.244357971038583,0.00317408328269334,-0.037389671770776,-0.000341915209399173
-0.106424874538024,-0.443415868902513,-0.12503305560754,-0.264795942551197,0.00352357423974579,-0.0374487446031168,-0.000364068587051536
-0.10156434187383,-0.374415681004592,-0.122406889878952,-0.284824054341883,0.00392887178657428,-0.0374037673418712,-0.000377620536926767
-0.0951675466693916,-0.303574542966455,-0.119738814624415,-0.30438544252629,0.00439285260990568,-0.0372571546672195,-0.000382419346987863
-0.0870508123249595,-0.230960203402825,-0.117041932063588,-0.323420325619553,0.00491868538782449,-0.0370119528449172,-0.000378403067601952
-0.0770008417070289,-0.156634587589831,-0.114329381241719,-0.341867533534595,0.00550964693995839,-0.0366718301700213,-0.000365534706645253
-0.0647691047807457,-0.0806545896293244,-0.111614367415677,-0.359666738107933,0.0061688028777715,-0.0362410491928979,-0.000343714880249978
-0.0500656343226224,-0.0030741829962498,-0.108910353571342,-0.376761523910112,0.00689850975757902,-0.0357244155746703,-0.000312672249372747
-0.0325526752565476,0.0760513807319795,-0.10623147572936,-0.393103459441536,0.00769969246466049,-0.0351271963601874,-0.00027183380599187
-0.0118390532181727,0.156658330598381,-0.103593238830859,-0.408657328653276,0.0085708526732974,-0.0344549979534466,-0.000220179925112836
0.0125232688516368,0.23866300973263,-0.101013531371223,-0.423407633376733,0.00950677705690067,-0.0337135917657748,-0.000156093732666934
0.0410381810028713,0.32194533327733,-0.098513956968056,-0.437366338901675,0.0104969451715393,-0.032908674615307,-7.72214761590272e-05
0.0742567634482671,0.406326375855842,-0.0961214113888712,-0.450581557399594,0.0115236960935022,-0.0320455534296875,1.96293076304125e-05
0.112756877505107,0.491540290783853,-0.0938697279766226,-0.46314639996097,0.0125603086924294,-0.0311287521903086,0.000138514347495802
0.157106434332,0.577202409677324,-0.0918010754153554,-0.475206559069985,0.013569285409458,-0.0301615559861072,0.000284247308545397
0.207806287732152,0.662777846398551,-0.0899666386024831,-0.486964368546729,0.0145012916826134,-0.0291455337264331,0.000462103277118131
0.265210981284377,0.747557966068088,-0.0884259900528147,-0.498676320402277,0.0152953568658751,-0.0280801151017089,0.000677273548853352
0.329430303632828,0.830654835840234,-0.0872445352784039,-0.510640665560803,0.0158810221138244,-0.0269623304808741,0.000934040654189635
0.400221920460343,0.911024755199771,-0.0864885730310958,-0.523172303344576,0.0161830361369583,-0.0257868396367541,0.00123470038267267
0.476894284973151,0.987529299613101,-0.0862179161553403,-0.536564176764269,0.0161288574836603,-0.0245463581985447,0.00157834775704749
0.55824695751391,1.05903457805192,-0.0864766807481232,-0.551038015521269,0.0156585662501875,-0.0232325261030944,0.00195975195258362
0.642578070620218,1.12453693010142,-0.0872836779376085,-0.566691957860368,0.0147358631612158,-0.0218371522738618,0.00236863524105764
0.727780989725858,1.18328941518361,-0.0886245960405846,-0.583456786664374,0.0133578617753224,-0.0203536405155984,0.00278968806375713
0.81153145630597,1.23489469393281,-0.0904484498221035,-0.601073913721429,0.0115608046434164,-0.0187783020020182,0.00320354077752215
0.891536266560595,1.27933355392973,-0.0926701722914188,-0.619104807058778,0.00941921287992302,-0.0171112445219067,0.00358865743752524
0.965787138624537,1.31691715042968,-0.0951795913282101,-0.636973199507959,0.00703760792437033,-0.0153566271886518,0.00392378904748009
1.03275517543726,1.34817840570293,-0.0978548641427398,-0.654031075331671,0.00453640134089401,-0.0135222549804965,0.00419037912493486
1.09148070608491,1.37373962070178,-0.100576814225542,-0.669632001176056,0.00203565798514104,-0.0116186782415771,0.00437430734038701
1.14155166240794,1.39419701387388,-0.103240494499834,-0.683194594780657,-0.000359003557510625,-0.00965806852988113,0.00446661374319279
1.1830000271075,1.41004833484757,-0.105761742253966,-0.694244690202695,-0.00256537350823985,-0.00765312896186204,0.00446322591808548
1.21616280870503,1.42166798988475,-0.10807857896957,-0.70243334629714,-0.00452769232300543,-0.00561620213229313,0.00436401083285723
1.2415489177627,1.42931777234203,-0.110148914795992,-0.707534884594794,-0.00621489956763298,-0.00355863130710684,0.00417157398081097
1.25973606408718,1.43317565528151,-0.111946589114222,-0.709432362020809,-0.00761609709114202,-0.00149035946066309,0.00389015106276668
1.27130420390625,1.43336789162008,-0.113457471287927,-0.708097619080023,-0.00873512601812934,0.000580275408554153,0.00352478088755037
1.27680069813867,1.42999575178306,-0.114676644117908,-0.70357096160411,-0.00958553915481251,0.00264658766185581,0.00308080375348849
1.27672786777747,1.42315374606887,-0.115607009614779,-0.695943201230196,-0.0101865792783357,0.00470346082078676,0.00256363981534595
1.27154375146645,1.4129396516009,-0.116259182679365,-0.68534103072168,-0.0105602875350436,0.00674714985020237,0.00197876707898835
1.26166900450613,1.39945822262788,-0.116652287385938,-0.671915716291026,-0.0107296062217951,0.00877497973294261,0.00133182012303237
1.24749532373577,1.38282079321988,-0.116815179257828,-0.655834676845609,-0.0107172508412429,0.0107849511159097,0.000628748826177514
1.22939276225121,1.36314271566595,-0.116787612100158,-0.637275435417956,-0.0105451334793228,0.0127752680070632,-0.000124002196268214
1.20771462505381,1.34054011907831,-0.116620894433408,-0.616421467226438,-0.0102341664388696,0.0147438100802063,-0.000919314986982297
1.1827993982655,1.31512702278409,-0.116377606358812,-0.593459510783932,-0.00980432838863446,0.01668758255486,-0.00174923026799637
1.15496953778648,1.28701347830882,-0.11612996303682,-0.56857790653168,-0.00927491958639996,0.0186021888997873,-0.00260479377832256
1.1245271132672,1.25630515772453,-0.115956427566747,-0.541965485229043,-0.00866496272903942,0.0204813841861158,-0.00347591854553581
1.09174643555034,1.2231046379654,-0.115936226432193,-0.513810479958792,-0.00799372060091368,0.0223167774293549,-0.00435126482579771
1.05686402756235,1.18751451542137,-0.116141554833063,-0.48429893156606,-0.00728130045740356,0.0240977565569557,-0.00521814047336186
1.02006672914735,1.14964237309527,-0.116627536904635,-0.453612150013285,-0.00654929653039438,0.0258117063957178,-0.00606242659361965
0.981479404363188,1.10960745449967,-0.117420482383395,-0.421923025516146,-0.00582138420048937,0.0274445751105519,-0.00686853856755867
0.941154613503352,1.06754860445408,-0.118505684922436,-0.389391361617413,-0.0051237223727888,0.028981815395948,-0.00761944481677082
0.899067567932719,1.02363255202997,-0.119816901712246,-0.356158880450242,-0.00448495213321658,0.0304096813396191,-0.00829678880272376
0.855120370874938,0.978060917928736,-0.121230578199961,-0.322345010166142,-0.00393552305072818,0.0317167980814958,-0.0088811929735432
0.809159395384191,0.931073534334582,-0.122568472173163,-0.288044814873668,-0.00350607884386045,0.0328958385246666,-0.00935285499039493
0.761007933548162,0.882945117269408,-0.123611985380602,-0.253330257604473,-0.0032247552029737,0.0339450458413707,-0.00969254876118065
0.710512423868682,0.833972654409475,-0.124129531943237,-0.21825527242875,-0.00311353671675063,0.0348692570678693,-0.00988307673484784
0.657594976270632,0.784452733622269,-0.123914366803211,-0.18286396664119,-0.00318426569044707,0.0356800635306582,-0.00991106110545293
0.602299547061997,0.734651543417697,-0.122825328004218,-0.147200101541148,-0.00343533344073904,0.0363948539456665,-0.00976874215573109
0.544817336623942,0.684774266725539,-0.120819286902391,-0.111315422025071,-0.00385023274208372,0.0370347556333115,-0.00945528459013799
0.485481531707875,0.634942754068637,-0.117964618351093,-0.075274848191794,-0.00439877366804685,0.0376218483809976,-0.00897712203049144
0.424731648379742,0.585188711169632,-0.114430731873059,-0.03915784795877,-0.00504091764519561,0.0381763002683668,-0.00834715077742921
0.363058506200263,0.535464400410137,-0.110457210967175,-0.00305673519578762,-0.00573227237994389,0.038714093110814,-0.00758299410316592
0.300946365798573,0.48566683499559,-0.106312755134287,0.0329265882732331,-0.00642981204451882,0.0392457489427168,-0.00670486190657101
0.238826659047666,0.435667675350424,-0.102255704219029,0.0686841206341409,-0.00709653481449785,0.0397760627692803,-0.00573358347973863
0.17705052473403,0.385341229958935,-0.0985044993613693,0.104104838416943,-0.00770437218387143,0.0403045639459603,-0.00468918875335775
0.115879776786772,0.334585454965055,-0.09522120073757,0.139077536095992,-0.00823529276291482,0.0408262846661563,-0.0035901593817264
0.0554911669077403,0.283334246676079,-0.0925067071608388,0.173493999131213,-0.00868097116251248,0.0413324879080137,-0.00245325796272293
-0.00401258609208269,0.23156186770068,-0.090404036860149,0.207253127358524,-0.00904152414256087,0.0418111485836614,-0.00129375160808828
-0.0625901244539025,0.17928139858524,-0.0889059863979872,0.240266458253351,-0.00932377889421831,0.0422471273128732,-0.000125855811107605
-0.120250665998382,0.126539777390024,-0.0879640506186204,0.272465065498067,-0.0095393780217783,0.0426221082825378,0.00103675330664504
-0.177045988924988,0.0734113351545967,-0.0874971236515584,0.303807408377438,-0.00970292403403751,0.0429144462573582,0.00218044936654597
-0.233064622594095,0.0199914822829372,-0.0873994873099513,0.334287062994428,-0.00983026089196218,0.0430991313155925,0.0032912640136154
-0.288426357503016,-0.0336083981906355,-0.0875485242967208,0.363938652330907,-0.00993695248708791,0.0431481094835776,0.00435465583917112
-0.343274586052835,-0.0872642826151685,-0.087813002167436,0.392839757799603,-0.0100370079246413,0.0430311950126516,0.00535550348728662
-0.397764100235521,-0.140840966761604,-0.0880626883029333,0.421106435685034,-0.0101419086351297,0.0427177505894573,0.00627838165017283
-0.452042983144013,-0.19419200458366,-0.088179460732173,0.448880536164975,-0.0102599907881877,0.042179171999995,0.0071081531586998
-0.50622916875952,-0.247158867503923,-0.0880690945564012,0.476308605182899,-0.0103962119691219,0.0413919903760698,0.00783085399872289
-0.560384762062718,-0.29957029658993,-0.0876718464052597,0.503514638550853,-0.0105522796479095,0.0403411407499872,0.00843476549703263
-0.614493453950451,-0.351242735138387,-0.0869693197472558,0.530571628869897,-0.0107270536551,0.0390227374358089,0.00891148543316668
-0.668447191149868,-0.40198221721306,-0.0859853380085777,0.557478451619776,-0.0109170815300514,0.0374456642853231,0.0092567691591141
-0.72204687138385,-0.451587221748625,-0.0847798147056149,0.584148036659956,-0.01111710900634,0.035631500748523,0.00947094628664571
-0.775018452278487,-0.499851121816515,-0.0834364998478391,0.610409804593689,-0.0113204372650355,0.0336127164041649,0.00955882508527303
-0.827041824631112,-0.546562435506636,-0.0820472258886144,0.636025195075303,-0.0115190644735161,0.0314295187098956,0.00952912946239628
-0.877786829602378,-0.591501413778583,-0.0806961491643519,0.660711668681787,-0.0117036327820523,0.0291260481121507,0.00939361092862858
-0.926949963900894,-0.634432445423773,-0.0794472096685425,0.684169217467266,-0.0118632855582663,0.0267466801465063,0.00916600442469724
-0.9742865112476,-0.67509281769211,-0.078336871266592,0.706104293629034,-0.011985609456212,0.0243330381540575,0.00886096102714262
-1.01963507241861,-0.713179037535967,-0.077372714187789,0.726248235303556,-0.0120568826964272,0.0219220471373484,0.00849303028627544
-1.06293352762224,-0.748332052104169,-0.0765371751010159,0.744369571585287,-0.0120628734041087,0.0195450815373508,0.0080757172176276
-1.10422641873102,-0.780122687780385,-0.0757949934729326,0.760281282412001,-0.011990437809002,0.0172280469947626,0.00762062123186394
-1.14366305561919,-0.80803925204995,-0.0751027834210011,0.773844968284288,-0.0118301611855683,0.0149921053860056,0.00713667636098928
-1.18148319378438,-0.831481481720543,-0.0744194340126432,0.784974025695367,-0.0115802319753346,0.0128546834707483,0.00662954885590999
-1.21798337555028,-0.849769606508402,-0.0737164099452496,0.793637369676836,-0.0112515323122927,0.0108303649553546,0.00610130823719665
-1.25345380454472,-0.86218380576016,-0.0729870601247532,0.799863854492954,-0.0108733671770098,0.00893123571472566,0.00555056761096671
-1.28807723273527,-0.868054350942902,-0.0722534014119822,0.803745154925796,-0.0104981490355664,0.007166266584436,0.00497335688883498
-1.32179448588806,-0.866917725450799,-0.0715676091509176,0.805431915246388,-0.010201857103818,0.00553949558872145,0.00436495351055712
-1.35417011659396,-0.858726991184217,-0.0710046353915728,0.805116378458874,-0.010076235633018,0.0040472754026474,0.00372259809915949
-1.3843258985722,-0.84405268675407,-0.0706440111063523,0.802997861013936,-0.0102104890416691,0.00267568307547656,0.00304840315626529
-1.41101615179861,-0.824161556965847,-0.0705443385573714,0.799237153370253,-0.0106659735128597,0.00139987036621428,0.00235111959360755
-1.43286286765115,-0.800873816042599,-0.0707207875007383,0.793917363594807,-0.0114544341389667,0.000186779482170955,0.00164546381670953
-1.448668472867,-0.776207694206843,-0.0711375063107506,0.787030856868604,-0.0125318710310296,-0.00099909156040784,0.000948874623134813
-1.45766364716434,-0.751956248067687,-0.0717192638952126,0.778498967095267,-0.0138121063536624,-0.00218917824159245,0.000277174146989715
-1.4595904771189,-0.729382571985515,-0.0723752487387758,0.768212396458996,-0.015192321681712,-0.00340633507541303,-0.000358774286246622
-1.45462682146741,-0.70912921488876,-0.0730226613194219,0.756071483890164,-0.0165775627892909,-0.00466359436872527,-0.000954202819645332
-1.44323143069992,-0.691308584626091,-0.0736015141660683,0.742011512217026,-0.0178954229512403,-0.00596558438545836,-0.00150958184711879
-1.42599089708631,-0.675675792584464,-0.0740792785679814,0.726010152634892,-0.0190998037805766,-0.00731111679293412,-0.00202877226132861
-1.40351010876859,-0.661798016015041,-0.0744486338055549,0.708082205482706,-0.0201674712020398,-0.00869569847012969,-0.00251712736441062
-1.37635087425661,-0.649179000575375,-0.0747222878023035,0.688268496114002,-0.0210917956672801,-0.0101133850568798,-0.00298003467385122
-1.34500583089033,-0.637333684498917,-0.0749274845634424,0.666623854638354,-0.0218765847208062,-0.0115579099540552,-0.00342199410952561
-1.30989249157566,-0.625824775899988,-0.0751012555717198,0.643206618018026,-0.0225312535715851,-0.013023252726026,-0.00384613369487233
-1.27135640652312,-0.614275981399888,-0.0752864788237104,0.618070428525602,-0.0230675266156141,-0.014503844927006,-0.00425401988160893
-1.22967725574382,-0.602373463376672,-0.0755283952264619,0.591258362912314,-0.023497410201277,-0.0159945649907853,-0.00464564431700599
-1.18507521584229,-0.58986289722084,-0.0758711838905665,0.562799264264222,-0.0238320793022408,-0.0174906155658486,-0.00501950862097204
-1.13771700823742,-0.576546098579839,-0.0763543305277307,0.532706228059529,-0.0240813722505193,-0.0189873325242709,-0.00537276148592856
-1.08772204145946,-0.562278899454144,-0.0770087297980306,0.500977307993776,-0.0242536746032796,-0.0204799490431272,-0.00570136381219913
-1.0351694073598,-0.546970534698898,-0.0778526886712519,0.467598550345383,-0.0243560486070067,-0.021963327675774,-0.00600027003510897
-0.980106445283595,-0.530583961416206,-0.0788882101393154,0.432549395177974,-0.0243945160166866,-0.0234316740277345,-0.00626362084657061
-0.922559299316425,-0.513136066767714,-0.0800981035735397,0.395810288902599,-0.0243744308804895,-0.0248782538541835,-0.00648494687543077
-0.862545448511119,-0.494696519998599,-0.081444554403906,0.357372049592579,-0.0243008915870548,-0.0262951475855566,-0.00665738589975647
-0.800087658198573,-0.475384059476411,-0.0828697551647961,0.317246153750834,-0.0241791451816739,-0.0276730883510443,-0.00677391784804686
-0.735228259070845,-0.455359278316109,-0.084299023581776,0.275474738869205,-0.0240149384798597,-0.0290014365920193,-0.00682762138700732
-0.668042200089308,-0.434813483352851,-0.0856465038096032,0.232138831875047,-0.0238147754108443,-0.03026834123303,-0.0068119523350374
-0.598647059068532,-0.413953920962459,-0.0868230926416542,0.187363233993145,-0.0235860517485658,-0.0314611198543119,-0.00672103720042089
-0.527208252832611,-0.392986497745918,-0.0877457288019183,0.141316724523824,-0.0233370572869969,-0.0325668572763871,-0.00654996597889392
-0.453938140638624,-0.372097907252548,-0.0883467504058799,0.0942068353751574,-0.023076858380616,-0.0335731777326236,-0.00629505979356867
-0.379088565558031,-0.351439595700534,-0.088581802820778,0.0462693523094509,-0.0228150945632155,-0.0344691001214757,-0.00595408489264381
-0.302937505434573,-0.331116062526628,-0.0884348785163812,-0.00224625001358836,-0.0225617348163448,-0.035245852420662,-0.0055263884354346
-0.225771647038243,-0.311179494201371,-0.087919521331302,-0.0510933062910259,-0.0223268369820262,-0.0358975131681169,-0.00501294460237811
-0.147867557944708,-0.291631746066377,-0.0870759420712985,-0.100043725362407,-0.0221203370337395,-0.0364213706901234,-0.00441631961248889
-0.0694744699854148,-0.272433460168435,-0.0859645823377217,-0.148900375743542,-0.0219518673218398,-0.0368179396570427,-0.0037405858463468
0.0091985559152428,-0.253518969256459,-0.0846573094542904,-0.19750399319496,-0.0218305713460219,-0.0370906351247554,-0.00299123200043546
0.087988996694374,-0.23481487018366,-0.0832277666340687,-0.245733379377007,-0.0217648541393653,-0.0372451585168125,-0.00217512314586452
0.166779534746042,-0.216259868079738,-0.0817423976637215,-0.293498578758566,-0.0217619871183519,-0.0372886842739529,-0.00130055998370885
0.245488579299561,-0.197823611704112,-0.0802533904935373,-0.340727495335335,-0.0218274777847734,-0.0372289454268018,-0.000377471456765563
0.32405280775056,-0.179522548109562,-0.0787943763641596,-0.387347014862543,-0.0219641223178997,-0.0370733055183944,0.000582248916571321
0.402402467456081,-0.161431099091307,-0.0773793029934774,-0.433260297771336,-0.0221706913403183,-0.0368278830011076,0.00156428469679938
0.480431033125453,-0.143686604607473,-0.0760045252694463,-0.478322766003116,-0.0224402697232196,-0.0364967735986148,0.00255137987012032
0.557962312165273,-0.126486612354542,-0.0746537964890395,-0.522320611788027,-0.0227583949010805,-0.036081406197658,0.00352288078942451
0.634720385940771,-0.110077596656109,-0.073305420194022,-0.564957287162996,-0.0231013166659052,-0.0355800768866149,0.00445451307162821
0.710310420796924,-0.0947356212965241,-0.0719402864052512,-0.605854692395506,-0.023434900796831,-0.0349877380868357,0.00531861575424798
0.784219968737375,-0.0807422625246741,-0.0705489453403566,-0.644575308561144,-0.0237148279936466,-0.0342961685652604,0.00608504783063574
0.855848692097486,-0.0683630350201652,-0.0691355540425445,-0.680667770735077,-0.0238886620488498,-0.0334946863162165,0.0067228742512635
0.924567640168674,-0.0578390836824338,-0.067716914067422,-0.713730890868207,-0.0238999769437608,-0.0325715365080016,0.00720271147862475
0.989797885252076,-0.049403230094479,-0.0663162315044061,-0.743482056812734,-0.0236941170445664,-0.0315159411989198,0.00749932817683049
1.05108700244138,-0.0433258301294515,-0.0649534682445735,-0.769810147362085,-0.0232246481535323,-0.0303205464324974,0.00759390617406794
1.10815730168268,-0.0399835863068855,-0.0636362928645488,-0.792795479424638,-0.0224595779239355,-0.0289837494562484,0.00747543136650046
1.16090611440425,-0.0399276068844952,-0.0623564594802911,-0.812690342929497,-0.0213871507810468,-0.0275112795993426,0.00714103932546171
1.20935379399036,-0.0439092345025471,-0.0610952072558374,-0.829867803449471,-0.0200220152365534,-0.0259165096922521,0.00659563576327598
1.25355310116521,-0.0528078816911698,-0.0598380790352192,-0.844755521900722,-0.0184127646777178,-0.0242192217246231,0.00585149475851659
1.29348944987597,-0.0674046764981539,-0.0585949187500759,-0.857770546884921,-0.016649993774444,-0.0224428211016608,0.0049285715849205
1.3290133859084,-0.0879847790740423,-0.0574154809514148,-0.869262331688009,-0.0148695965780025,-0.0206102881538098,0.00385576592452199
1.35984850247124,-0.113862206743176,-0.0563875653042754,-0.879462746166736,-0.013241384447965,-0.0187396440693969,0.00267227847382979
1.38569184956713,-0.143082041830493,-0.0556088349837595,-0.888443342284706,-0.0119349991150047,-0.0168404450955394,0.00142699712599644
1.40636023097211,-0.172611038483398,-0.0551402522362083,-0.896092892357572,-0.0110698084419684,-0.0149132091439254,0.000173895637509888
1.42187959731259,-0.199086313263446,-0.0549689398294161,-0.902136559075245,-0.0106750554018841,-0.012952639388903,-0.00103613958316518
1.43244653351739,-0.219758061689412,-0.0550076812267468,-0.906202920088546,-0.0106873922841252,-0.0109531116933513,-0.00216337058440503
1.43830121104479,-0.233089924055443,-0.0551306546559371,-0.907914410644154,-0.0109865483765826,-0.0089133307236916,-0.00318301678768039
1.43961618335437,-0.238782812313537,-0.0552188219357613,-0.906962628833781,-0.0114431670949376,-0.0068380966440431,-0.0040838263786343
1.43646284889586,-0.237404102361183,-0.0551895683877143,-0.903145877081975,-0.0119526201018516,-0.00473745666523377,-0.00486368477312818
1.42884235696639,-0.229939163402398,-0.0550040981112935,-0.896371991420436,-0.0124469132710557,-0.00262476062201284,-0.00552509087143658
1.41673774612941,-0.217459982790884,-0.0546601158056521,-0.886642373605392,-0.0128912465301743,-0.000514842112405321,-0.00607196584828378
1.40015675932214,-0.200948119634512,-0.0541794997599094,-0.874031232638769,-0.0132746207310285,0.00157724761577609,-0.00650791339247369
1.37915588532162,-0.181230720518773,-0.0535968682262519,-0.858666912086046,-0.0136004667851323,0.00363702772389494,-0.00683549738215139
1.35384819105248,-0.158977690530087,-0.0529510711335419,-0.840716679940878,-0.0138795066975445,0.00565109689912144,-0.00705610651323688
1.32440057171611,-0.134723669723454,-0.0522795689535859,-0.820373871310172,-0.0141249605344253,0.00760750321897864,-0.00717014494984644
1.29102501557578,-0.108895448689475,-0.0516150205644237,-0.797845818170803,-0.0143495142511899,0.00949602587307057,-0.00717742432136288
1.253966695967,-0.0818366545587781,-0.0509834516039401,-0.773341530275304,-0.0145634541003013,0.0113083638873142,-0.00707769283458262
1.21349047464664,-0.0538274015895072,-0.0504036260711343,-0.747059013697976,-0.0147735799384478,0.0130382118313602,-0.00687124174495672
1.16986692257632,-0.0250991645216028,-0.0498874620039051,-0.719173080880339,-0.0149827122685352,0.0146812161581889,-0.00655950958373873
1.12335898010985,0.00415401226276781,-0.0494414261488231,-0.689825210046291,-0.0151897290152127,0.016234831029017,-0.00614558769943019
1.07421050351063,0.0337668068512185,-0.0490688002085624,-0.659117171316274,-0.0153900968365802,0.0176981128383498,-0.00563453533782116
1.02263785022193,0.0635955522243735,-0.0487725726791509,-0.627109625201335,-0.0155768209014445,0.0190714971269272,-0.00503344510358926
0.968825204398739,0.0935123623149626,-0.0485585498862441,-0.593825865971439,-0.0157416678930072,0.0203565878636602,-0.0043512529960143
0.912923638865429,0.123400377761128,-0.0484381768754807,-0.559259728194055,-0.0158764640616157,0.0215559640358437,-0.00359834369550361
0.855053214693381,0.153150288040591,-0.0484305624475931,-0.52338585993326,-0.0159742632802012,0.0226729840744593,-0.00278604211982289
0.795307006221764,0.18265833678462,-0.0485633108712321,-0.48617037689628,-0.0160302232301492,0.0237115552995991,-0.00192609512073723
0.733755935208947,0.211825918439261,-0.0488719297012631,-0.4475803343586,-0.0160421019596547,0.024675837439197,-0.00103023347861603
0.670453651912974,0.240560700853882,-0.0493977483637513,-0.407591236112279,-0.0160103639055064,0.0255698634557572,-0.000109874509740487
0.605441242676934,0.268779035952982,-0.0501844029788293,-0.366192616892479,-0.0159379419329417,0.0263970808841417,0.000824007427637037
0.538752086272212,0.296409293831195,-0.0512730111150675,-0.323392341215185,-0.0158297317980096,0.0271598367915166,0.00176084207483027
0.470417587665208,0.323395678577474,-0.0526962014823457,-0.279220548239004,-0.0156919023150929,0.0278588468721847,0.00269027297858515
0.400474712363517,0.349702030798743,-0.0544712266077716,-0.233734138850305,-0.0155311000255495,0.0284927051724622,0.00360184266043672
0.328976178206915,0.37531505524266,-0.056592530507079,-0.187022388931776,-0.0153536237741488,0.0290575083082846,0.00448458802805837
0.25600377454018,0.400246302562877,-0.0590244248985133,-0.139213713838766,-0.0151646514559453,0.0295466884149085,0.00532659279843332
0.181684464381391,0.424532085809809,-0.0616949796205868,-0.0904828037359064,-0.0149676214385334,0.0299511696068331,0.00611456505327407
0.10620758750331,0.448230380439875,-0.0644928202738617,-0.0410563241103568,-0.0147638991185516,0.0302599722815359,0.00683353986146491
0.0298396731748336,0.471413777264956,-0.0672690709805124,0.00878570547554063,-0.0145528768691135,0.0304613666098045,0.00746684173186698
-0.0470684722734489,0.494157952630018,-0.0698467890076148,0.0587164355266376,-0.0143326319113891,0.0305445928761387,0.00799645877936563
-0.124088581085124,0.516526117720116,-0.0720393352705235,0.108379736368557,-0.0141011654914545,0.0305020037122099,0.00840394657773604
-0.20074025838057,0.538551551338185,-0.0736767555897553,0.157419530389139,-0.0138580547298251,0.0303312634342155,0.00867186474476158
-0.276534604764078,0.560222173884117,-0.0746356709303438,0.205517386324473,-0.0136061132831433,0.0300370485016483,0.0087855591058122
-0.351028645740539,0.581472146911289,-0.0748648464516596,0.252430083664457,-0.0133525006063268,0.0296316614442689,0.00873490736911652
-0.423876627964141,0.602184507681143,-0.0743977970423677,0.29801623715441,-0.0131087800849416,0.0291341913462075,0.00851556727986514
-0.494862663462389,0.622205579274496,-0.0733469991420354,0.342242887677477,-0.0128897385774543,0.028568282019783,0.00812939274293273
-0.563904428952063,0.641367634942959,-0.0718805924589161,0.385169099445761,-0.0127112060137182,0.0279590092028847,0.00758397967414684
-0.631027409705678,0.659513323658133,-0.070188643434103,0.426911122333631,-0.0125874251812169,0.0273295989831641,0.00689160734429128
-0.696318425350174,0.676515243248498,-0.0684488716616199,0.46759880401997,-0.0125285778867609,0.0266986525249071,0.00606798499674946
-0.759871707944841,0.692286475572258,-0.0668003239033508,0.507333716668426,-0.0125389123091784,0.026078264082359,0.00513115259534715
-0.82173985087575,0.706781189092492,-0.0653294569609491,0.546156640533927,-0.0126156799723339,0.0254730987756664,0.00410070619604292
-0.881897612174622,0.71998692436564,-0.0640688955843106,0.584027846942275,-0.0127488958719434,0.0248802661219598,0.00299734670456959
-0.940221618635659,0.731911264901749,-0.0630063204508998,0.620820054608624,-0.012921817602198,0.0242897340894882,0.00184265635869695
-0.996485318870317,0.742565588108245,-0.0620997687192259,0.656321962979391,-0.0131119824373865,0.0236850603191855,0.000658989792116951
-1.05036664661764,0.751948221843305,-0.0612955724347477,0.690249898958801,-0.0132926205038591,0.023044325158558,-0.000530611057054023
-1.10146546023023,0.760029218094435,-0.0605455753252042,0.722265784981884,-0.0134342612155202,0.0223412813306046,-0.00170254178558977
-1.14932819263149,0.766739349101883,-0.0598207625046333,0.752000569086671,-0.0135063578997142,0.0215468377019924,-0.00283284739598795
-1.19347747504928,0.771966676969577,-0.0591189460914408,0.77908270217984,-0.0134787625495871,0.0206310295424035,-0.00389756004346786
-1.233444159724,0.775564649704812,-0.0584648533682805,0.803170699828036,-0.0133228853849793,0.0195655688060701,-0.00487318904171119
-1.26879792981527,0.777375464619664,-0.0579021129945917,0.823987238964712,-0.0130123816100493,0.0183269110764348,-0.0057373622420658
-1.29917086639915,0.777270857412661,-0.0574783209553527,0.841350164562261,-0.0125232440367103,0.0168995491895871,-0.00646957335074888
-1.32426677938074,0.775209441742673,-0.0572263273855621,0.855194289597945,-0.0118332770574473,0.0152790147450959,-0.00705193724027281
-1.34384885648629,0.771305853790859,-0.0571464748071937,0.865578153668343,-0.0109211149206208,0.0134739338011946,-0.00746981529567357
-1.35770002087669,0.765903289539656,-0.057194982812561,0.872672611745788,-0.00976524573243503,0.0115065297776371,-0.00771217113892962
-1.36555446439764,0.759638083395989,-0.0572826308387478,0.87673279441255,-0.00834391842233327,0.00941122311771812,-0.00777157437358179
-1.36700501598185,0.753481499981628,-0.0572856951137939,0.878060031532296,-0.00663731942892072,0.00723137935330568,-0.00764389199639005
-1.36140018351774,0.748736313985754,-0.0570686955017091,0.876963709416999,-0.00463388503564308,0.00501466835121216,-0.00732788041895046
-1.34776014740833,0.746950208842483,-0.0565166694329986,0.873733064040505,-0.0023426538794941,0.00280777983676684,-0.0068250818674335
-1.32476710160836,0.749687715296925,-0.0555729967356171,0.86862469129055,0.000187815968636972,0.000651330234101109,-0.00614056695780046
-1.29091828244148,0.758101086469923,-0.0542753471168244,0.86186300244326,0.00284775820190206,-0.00142427448361966,-0.00528499687655283
-1.24493682372302,0.772311128100245,-0.0527755939805537,0.853640019167016,0.00545333129843573,-0.00340141205453537,-0.00427794331191402
-1.18644260200621,0.790796291002393,-0.0513233885365098,0.844095252005601,0.00776105511168261,-0.00527585674657465,-0.00315123350736792
-1.11664451508214,0.810207385900344,-0.0502002203214002,0.833268154109834,0.00952221534697512,-0.00705532666506506,-0.00194979335068167
-1.03857471369727,0.825985722083158,-0.0496213005995863,0.821046461574035,0.0105629053886004,-0.00875622688307017,-0.000727594944821924
-0.956502120720331,0.833660456832679,-0.0496577186460894,0.807156751553789,0.0108448871223625,-0.0103992186909495,0.00046094089409255
-0.874737348808346,0.830115279857162,-0.0502276469438466,0.791224496364945,0.0104667520112582,-0.0120045525306385,0.00157014883011239
-0.796529434006685,0.814128735583624,-0.0511550184981214,0.772879870365333,0.00960918681011386,-0.0135882059654637,0.00256835235656884
-0.723604329663012,0.786104013340521,-0.0522493623386391,0.751854697942463,0.00846559964603385,-0.0151595274469214,0.00343764800004265
-0.656346262922086,0.747410611912985,-0.053362887552807,0.728032289736994,0.00719506506607378,-0.0167204140531928,0.00417019214889368
-0.594279060649698,0.699772846663737,-0.0544118190208082,0.701448705542287,0.005906669789685,-0.0182655728297076,0.00476386647992803
-0.53653403336971,0.644888343019369,-0.0553719063203107,0.672265274881734,0.00466486000534555,-0.0197834004753917,0.00521908986827897
-0.48217037770508,0.584258843746443,-0.0562624895167518,0.640731653545824,0.00350248785013974,-0.0212572458928394,0.00553717072292411
-0.430346429706309,0.519149485447803,-0.0571286044862125,0.607149557851458,0.0024333695492624,-0.0226669975388258,0.0057198515480714
-0.380387715369427,0.450604756678654,-0.0580252908499627,0.571840319416778,0.00146139001149552,-0.0239909626409632,0.00576953156046684
-0.331796771052505,0.37947995908999,-0.0590053801267927,0.535116858978042,0.000586070382770235,-0.0252079261997633,0.00568974559446578
-0.284234803753025,0.306470764914912,-0.060111034039512,0.497260762870618,-0.000194476306072192,-0.0262991773206909,0.00548562019464138
-0.237492070866597,0.232136609757716,-0.061369032211063,0.458505748640147,-0.000882196952977776,-0.027250234360761,0.00516414966042504
-0.191455754697648,0.156919185503721,-0.0627895860448162,0.419028793606756,-0.00147859414467396,-0.0280520222259943,0.0047342298339813
-0.146079940679813,0.0811585844494119,-0.0643681013397014,0.378949383364762,-0.00198458862688862,-0.0287013526006104,0.00420646186139301
-0.101360251235551,0.00510900887102179,-0.0660889386860356,0.338336097835605,-0.00240050626439696,-0.0292006973072252,0.00359279197858575
-0.0573144866749158,-0.0710451955888797,-0.067930007921159,0.297218658227549,-0.00272610718884884,-0.0295573773702223,0.00290608200019341
-0.0139697116449928,-0.147173349348294,-0.069867078985298,0.255603022857113,-0.0029606635078357,-0.0297823743283015,0.00215970675471995
0.0286445160654479,-0.223182665561893,-0.0718769670742168,0.213487242993968,-0.00310312503064753,-0.0298889888328771,0.00136725409677579
0.0704976034836839,-0.299003407469673,-0.0739391415763869,0.170876376528071,-0.0031524098642326,-0.0298915339893304,0.000542370125986115
0.11155517697817,-0.374575174070288,-0.0760356939877364,0.127795480780524,-0.00310783637746018,-0.0298041827513154,-0.000301242999569062
0.15177333744999,-0.449834198321022,-0.0781499056402932,0.0843002644421846,-0.00296968637922776,-0.0296400175198575,-0.00114970033322355
0.19109114248981,-0.52470143347836,-0.0802638665328873,0.040485199003054,-0.0027398604642792,-0.0294102760026639,-0.00198872719460066
0.229422594205537,-0.599071408998541,-0.082355730890497,-0.00351124347887982,-0.00242255467341288,-0.0291237606240313,-0.00280344038723777
0.266649602339239,-0.672802343711137,-0.0843972979553538,-0.0475049722431584,-0.00202484982404063,-0.0287863767749971,-0.00357820317357831
0.302617427055901,-0.745708781974071,-0.0863525852060264,-0.091269324886411,-0.00155707375651216,-0.0284008001841723,-0.00429664271815257
0.33713434960203,-0.817558557698286,-0.0881780746714696,-0.134544039764795,-0.00103276684970494,-0.0279662981515188,-0.00494192080995242
0.369976714996952,-0.888076148326052,-0.0898249907653039,-0.177050678597409,-0.000468103908882439,-0.027478785566697,-0.00549730878569368
0.400899639401362,-0.956953659308748,-0.091243575941935,-0.21851368897374,0.000119305042393688,-0.0269312057441456,-0.00594706025565581
0.429652091649891,-1.02386889258518,-0.0923887218975413,-0.258684250286132,0.000712173011113435,-0.0263143047732778,-0.006277487889765
0.455993398195251,-1.08850750073764,-0.0932257609830796,-0.297362190659913,0.00129562115812766,-0.0256177906328565,-0.00647806901518725
0.479707145332094,-1.15058412940659,-0.0937349646968673,-0.33441059511296,0.00185922298815549,-0.0248317557006815,-0.00654236568116793
0.500608611674704,-1.20985685082822,-0.0939135264647197,-0.369758976956059,0.00239861124047594,-0.023948136893756,-0.00646857669427577
0.51854336177551,-1.26613064443706,-0.0937744934313918,-0.403393860093365,0.00291635955375889,-0.0229619423542896,-0.00625963667827648
0.533376886297754,-1.31924868220978,-0.0933429864331468,-0.435339159270663,0.00342205619464608,-0.0218720141752593,-0.00592289943479486
0.544977238153715,-1.36907338564889,-0.0926507515380115,-0.465631364341462,0.00393169824753781,-0.0206812085023838,-0.00546953715041495
0.553193756908086,-1.415461301678,-0.0917303837868742,-0.494295319852637,0.00446666408617454,-0.0193960114385269,-0.00491382124892785
0.557835042866993,-1.45823618854583,-0.0906104396465168,-0.521325415769784,0.0050525301446156,-0.0180257226821845,-0.00427242753141323
0.558648717705797,-1.49716358945236,-0.0893122651732185,-0.546675077486569,0.00571789963022401,-0.0165814002169406,-0.00356385368307099
0.555304805051415,-1.53192839492509,-0.0878489143784704,-0.570255515800567,0.00649324936173734,-0.0150747657628244,-0.00280797896280489
0.547384363336799,-1.56211527878249,-0.0862261697657243,-0.591943398092231,0.00740961915208466,-0.0135172365557833,-0.00202574869361997
0.534375750889281,-1.58719105597095,-0.0844454764338954,-0.611596595438664,0.00849679574514021,-0.0119191947475246,-0.00123893031246687
0.515682891601404,-1.60648839673987,-0.0825085604418629,-0.629077223150121,0.00978050550671201,-0.0102895502406358,-0.000469855636814988
0.490653165410205,-1.61919238265471,-0.0804235547746547,-0.644281343751712,0.0112780728259379,-0.00863560944252707,0.000258971465762206
0.45863644136395,-1.62433560997137,-0.0782124686021616,-0.65717428178277,0.0129921222094138,-0.00696323663436787,0.000925560366551227
0.419089248068466,-1.62081418776998,-0.0759196041260362,-0.667828759399299,0.014902367934906,-0.00527727992016041,0.00150959239147338
0.371734823439758,-1.60744497084315,-0.0736198237393555,-0.676459421729239,0.0169565374323004,-0.00358220961649333,0.00199419871537167
0.316774545445568,-1.58308944032128,-0.0714243153996308,-0.683442062774262,0.0190630544784488,-0.00188285508275939,0.00236834893017144
0.255114577567188,-1.54686287910837,-0.0694800726017299,-0.689301248559558,0.0210898249233913,-0.000185015989982573,0.00262951707048355
0.188529432948761,-1.49841790682163,-0.0679588175491722,-0.694650970998435,0.0228741038163934,0.0015043806489815,0.00278583718666892
0.11965645874129,-1.43823692073067,-0.0670331534879908,-0.700085160793925,0.0242462712294243,0.00317786825906187,0.00285659922605983
0.051739917951037,-1.36781138247412,-0.0668431122909926,-0.706038996320423,0.0250645874277809,0.00482874940445015,0.00287005214304799
-0.0118604069316653,-1.2895771440776,-0.0674630976807158,-0.712667116880282,0.0252506165291944,0.00645258510801418,0.00285835306929316
-0.0682519017586378,-1.20655619356425,-0.0688827635518115,-0.719791086232422,0.0248110050212832,0.0080479904995719,0.00285089199909989
-0.115467228236415,-1.12180277178733,-0.0710112358691539,-0.726943001950612,0.0238352976201207,0.00961612175946147,0.00286827722995825
-0.152635831485365,-1.03786564332427,-0.0737032273244417,-0.73348673789034,0.0224705872645271,0.0111590217104174,0.00291910854920041
-0.179854951660571,-0.956464507938976,-0.0767951628923248,-0.73876400578005,0.0208847173575715,0.0126776784082304,0.00300027846678989
-0.197879273294335,-0.878449213882435,-0.080136765012239,-0.742211635348663,0.0192329053430891,0.0141706952301358,0.00309992181769649
-0.207784430710394,-0.803971734166321,-0.0836092350768014,-0.743423159639015,0.0176372612927529,0.0156339554626548,0.00320135234601618
-0.210708703905139,-0.732741981655388,-0.0871295013872976,-0.742158010748888,0.016180397278543,0.0170611018750597,0.0032865938161832
-0.207703092642805,-0.664262611262189,-0.0906453330332081,-0.738317728454165,0.0149088692017929,0.0184444035904241,0.00333887109484812
-0.199670751189729,-0.597994312168354,-0.0941270334320047,-0.731909265145706,0.0138410629017578,0.0197756375919444,0.00334406157412926
-0.187361277214756,-0.533448433172569,-0.0975597001552284,-0.723008615537901,0.0129756255035881,0.0210467827981499,0.00329139133422871
-0.171390295192701,-0.470225088873533,-0.100937809904719,-0.71173081560341,0.012298546493674,0.0222504692595855,0.00317367522257295
-0.152265813521674,-0.408018355726743,-0.104262267424072,-0.698207791498396,0.0117884252043115,0.023380203314182,0.00298730430538275
-0.130412390508524,-0.346605600240848,-0.107539233385848,-0.682573506023146,0.0114201602307449,0.0244304174058768,0.00273208474883185
-0.106190214389345,-0.28583181595943,-0.110779821871604,-0.664955275205719,0.0111674888061428,0.0253963963653882,0.00241096950086791
-0.0799092856976013,-0.22559476276473,-0.113999888963925,-0.645470098486772,0.0110047503580307,0.0262741268668611,0.00202969927215532
-0.0518400382954102,-0.165833261436333,-0.11721943171634,-0.624224891755812,0.0109081221928048,0.027060110516208,0.00159636866874424
-0.0222218240401433,-0.106518966375049,-0.120461446493524,-0.601319503630501,0.0108564633763648,0.0277511754191621,0.00112094186401057
0.00872970312524896,-0.0476509331276859,-0.123750363293928,-0.576851367554348,0.0108318347903236,0.0283443161114106,0.000614748933099878
0.0408157872464364,0.0107480313418754,-0.127110324523481,-0.550920662771902,0.0108197372777583,0.028836587024725,8.99936318885012e-05
0.0738482979982085,0.0686341709963774,-0.130563602135281,-0.52363496229788,0.0108091108155001,0.029225069544403,-0.000440704126054695
0.107644247662567,0.125945400820861,-0.134129372708527,-0.495112530459017,0.0107921488148992,0.0295069262718504,-0.000964719399426168
0.142021518729343,0.182604094119342,-0.137822943455419,-0.465483672668588,0.0107639900808212,0.0296795472779464,-0.00146978661532012
0.176796238090702,0.238520113688168,-0.141655393088628,-0.434889815808765,0.0107223499322113,0.029740781247705,-0.00194432451094127
0.211782126332707,0.293593972800808,-0.145633498012561,-0.403480300383611,0.0106671404418671,0.0296892298400252,-0.00237773091113616
0.246791942158821,0.347719907495691,-0.149759776439721,-0.371407190342773,0.0106001106215924,0.0295245681805965,-0.00276065301383275
0.281640858041698,0.400788611902263,-0.154032502693852,-0.338818733246373,0.0105245158064812,0.0292478415737672,-0.0030852312524736
0.316151284791886,0.452689416752493,-0.158445607753576,-0.305852385257395,0.0104448072390707,0.028861682533465,-0.00334530606737541
0.350158373726839,0.503311762117157,-0.162988465871383,-0.272628481273449,0.0103663227815925,0.0283703968269259,-0.00353657040172791
0.383515242160518,0.552545910185804,-0.167645642017177,-0.239245611120003,0.0102949602832635,0.0277798838429698,-0.00365664929264023
0.416096959020516,0.600282944858447,-0.172396716305521,-0.205778523414892,0.0102368254946742,0.0270973830225162,-0.00370509284325794
0.447802519171932,0.646414193206859,-0.177216297410429,-0.172278949681721,0.0101978623060824,0.0263310684632082,-0.0036832791563252
0.478554389359803,0.690830258444079,-0.18207429197376,-0.138779223921604,0.0101834884065702,0.0254895404652077,-0.00359423644082005
0.508295640177567,0.733419872647613,-0.186936431637343,-0.105298097740677,0.0101982686693086,0.0245812788850674,-0.0034424045793381
0.536985075095129,0.774068761104691,-0.191764998811013,-0.0718478389240256,0.010245658811558,0.0236141254484916,-0.00323336278631193
0.564591038991033,0.812658672266044,-0.196519656683446,-0.0384416117727251,0.0103278438062929,0.0225948517484685,-0.00297355032152894
0.591084698373204,0.849066690947377,-0.201158286447851,-0.00510025071785641,0.0104456824537895,0.02152885094687,-0.0026700023524082
0.616433547363039,0.883164931905105,-0.205637760341409,0.0281422195337389,0.0105987557358429,0.0204199699153879,-0.00233011509816199
0.640595760164743,0.9148207139631,-0.209914620669677,0.0612346923231302,0.0107855056051794,0.0192704794106704,-0.00196144572161793
0.663515834545161,0.943897323705034,-0.213945677137333,0.0941068604653384,0.0110034444899426,0.0180811657746996,-0.00157154504115424
0.685121790829952,0.970255466659584,-0.217688564970276,0.126668858745007,0.0112494139450422,0.0168515191937439,-0.00116781625463721
0.705324009664581,0.993755432008681,-0.221102314570912,0.158812541363543,0.0115198720090648,0.0155799906551316,-0.000757391335034212
0.724015609391455,1.01425986383056,-0.224147968771885,0.190414156215395,0.0118111909599675,0.014264291358877,-0.000347018600549674
0.741074097104733,1.03163688608282,-0.226789254716714,0.221338054597326,0.0121199489976275,0.0129017129806632,5.70407783925978e-05
0.756363910153294,1.0457632407475,-0.228993287713419,0.251440972233677,0.0124432008743307,0.0114894527975981,0.000449104808059607
0.769739429497684,1.05652711389388,-0.230731265711421,0.280576387739465,0.0127787144829546,0.0100249323400372,0.000824145424157151
0.78104809074331,1.06383042388509,-0.231979107590347,0.308598527742255,0.01312516355273,0.00850610099644794,0.00117783933883673
0.790133314291278,1.0675904746312,-0.232717992414685,0.335365723892502,0.0134822708162613,0.00693171699288994,0.00150658978908709
0.796837079633973,1.06774097885453,-0.23293476444209,0.360742981396281,0.0138509004624178,0.00530159863162053,0.00180751663653624
0.801002056004133,1.06423251401753,-0.232622178342387,0.384603755188257,0.014233102593655,0.00361683928372324,0.002078415262844
0.802473261364259,1.0570324935352,-0.231778971135924,0.406831025614897,0.0146321152351755,0.00187998091020177,0.00231768750333292
0.801099255696866,1.04612473701325,-0.230409762159403,0.427317819774902,0.0150523310764767,9.51426057508302e-05,0.00252425030240911
0.796732887181513,1.03150872114189,-0.22852479841889,0.445967343343271,0.0154992366307517,-0.0017318975682552,0.00269742980183359
0.789231605301748,1.01319859674721,-0.226139576711588,0.462692877466404,0.0159793309265376,-0.00359366766365742,0.00283685008700552
0.778457337904984,0.991222069253934,-0.22327438223661,0.477417568332989,0.0165000292992747,-0.00548101327200786,0.00294232671444217
0.764275904726058,0.965619259172398,-0.219953783908055,0.490074201235304,0.01706955530947,-0.00738315466993995,0.00301377523144515
0.74655591634896,0.93644168682116,-0.216206119758243,0.500605017281349,0.0176968202641158,-0.00928778949260161,0.00305114401491236
0.725167096606674,0.903751563112463,-0.21206299495301,0.508961611768673,0.0183912853224245,-0.0111812413707695,0.00305437880220566
0.699977980846388,0.867621618269779,-0.207558804954535,0.515104958148571,0.0191627959165235,-0.0130486553882585,0.00302342322860643
0.670852998543791,0.828135768302071,-0.202730292630503,0.519005634923765,0.0200213725953405,-0.0148742409807105,0.00295825560782948
0.637649065452707,0.785391009788069,-0.197616154127877,0.520644391813548,0.0209769371115569,-0.0166415617830537,0.00285895735162489
0.600212005616653,0.739501040685379,-0.192256723216668,0.520013263750056,0.0220389489370713,-0.0183338703454882,0.00272580330418966
0.558373413729516,0.690602207119524,-0.186693781752041,0.517117500757614,0.0232159274191651,-0.019934484257917,0.00255935960274011
0.511948962183921,0.638862424898671,-0.180970554382706,0.511978591806508,0.0245148412742579,-0.0214272000001329,0.0023605714782124
0.460739635889037,0.584493628583398,-0.17513193516615,0.504638578501728,0.0259403635100678,-0.022796742675773,0.00213082285857871
0.404537871028776,0.527767929411022,-0.169224950771874,0.495165640928457,0.0274940192897408,-0.0240292535631185,0.00187195285348618
0.343140928548504,0.46903687328954,-0.163299386237208,0.483660575633297,0.0291732974540886,-0.0251128210548953,0.00158622189624477
0.276373781770466,0.408751884518857,-0.157408395084448,0.47026329913352,0.0309708490387301,-0.0260380598805412,0.00127623228196218
0.204122984891957,0.347482234133027,-0.151608814306266,0.455157985939355,0.0328739454183826,-0.0267987326737952,0.000944822464067797
0.126381084237461,0.285925063285586,-0.145960849709859,0.438575042119037,0.0348643927808799,-0.0273923822279492,0.000594968506726264
0.0432980646670846,0.224900875960246,-0.140526834583925,0.420788022256273,0.0369190720644277,-0.0278209028052367,0.000229734934825262
-0.0447674247748681,0.165328483855498,-0.135368922193529,0.402103998181494,0.0390111754918307,-0.0280909346496719,-0.000147683939505376
-0.137207553998239,0.108176418213205,-0.130545833977628,0.382846847072218,0.0411120483039934,-0.0282139372049953,-0.000533805471739016
-0.233147048147129,0.0543932423064068,-0.126109079493297,0.363334318672444,0.0431933591035579,-0.0282058063579887,-0.000924583170512542
-0.331456256628399,0.00482562239274086,-0.122099282565578,0.343851248173486,0.0452291852598772,-0.0280859626320298,-0.00131504899754162
-0.430798584604393,-0.0398619715819976,-0.118543293667767,0.32462249972866,0.0471975804186483,-0.0278759425518514,-0.00169894169918393
-0.529707358134419,-0.0792508028571522,-0.115452611066346,0.305789833843527,0.0490813169743322,-0.0275976438690287,-0.00206841235622526
-0.626680161200766,-0.113202915963362,-0.112823331622414,0.287396757536098,0.0508677309721542,-0.0272714674216761,-0.00241390376114509
-0.720275132346908,-0.141862899704904,-0.110637524223239,0.269384574298189,0.0525478528698754,-0.026914635192368,-0.00272428466552146
-0.809194614253455,-0.165629433550113,-0.108865676890065,0.251601391313596,0.0541151883286209,-0.0265399391503658,-0.00298728328777746
-0.892346040801962,-0.18510584802792,-0.107469765352078,0.233823841502794,0.0555645568753673,-0.0261551009452492,-0.00319020983196119
-0.968876103219108,-0.201041843520291,-0.106406509874914,0.215788889935088,0.0568912977821987,-0.0257628166851503,-0.00332089295563803
-1.03818021119075,-0.214277983946427,-0.10563047371387,0.197230720425446,0.058090959836246,-0.025361439723036,-0.00336869496139991
-1.09989386487128,-0.225701310999548,-0.10509675992652,0.177916053808338,0.0591593839906506,-0.0249461339505607,-0.00332543573351652
-1.15387514432342,-0.236215476663417,-0.10476316052693,0.157671126253582,0.0600929447336437,-0.0245102347655827,-0.00318606495363252
-1.2001877363275,-0.246723392225698,-0.104591703363677,0.136395335875115,0.0608886857719507,-0.0240465150755705,-0.00294898066095066
-1.23909163967808,-0.258115881118932,-0.104549631196016,0.114059835597624,0.0615441648806611,-0.0235480908594443,-0.00261598271055802
-1.2710443487772,-0.271257433587405,-0.10460992578112,0.0906929824348149,0.0620569607551845,-0.0230088095872573,-0.00219193870393277
-1.29671003069652,-0.286960576586152,-0.104751538755841,0.0663572817082672,0.0624239233115129,-0.0224231101339763,-0.00168429488872917
-1.3169694765674,-0.305943403146678,-0.104959495460669,0.0411235494060518,0.0626403196641715,-0.021785477020003,-0.00110257034775207
-1.33292068051357,-0.328769499203072,-0.105224996702646,0.0150475320262275,0.0626990317853311,-0.0210896988189092,-0.000457936864115482
-1.34585934720555,-0.355774628926672,-0.105545569711855,-0.011847158451057,0.0625899224719192,-0.0203281697010045,0.000237069610726181
-1.35723032433749,-0.386989089544849,-0.1059252310728,-0.0395774290466317,0.0622994397992214,-0.0194914553999727,0.000968714832101037
-1.36854441341147,-0.422068091030141,-0.106374535628236,-0.0681991396917723,0.0618105066999762,-0.01856829938763,0.00172215695870453
-1.38125980409878,-0.460244696811957,-0.106910305711518,-0.0977949516412982,0.0611027580960182,-0.0175461853524881,0.00248152538408613
-1.39663337862985,-0.500320659202403,-0.107554774646443,-0.128451451689188,0.0601532457454041,-0.0164125004005161,0.00323004322563809
-1.41555444549904,-0.540709406194356,-0.108333856734238,-0.160226288194057,0.0589378174164276,-0.0151562520221535,0.00395022027093484
-1.43838195605502,-0.579541328601286,-0.109274307910024,-0.193107740623127,0.0574334532854008,-0.0137701707802697,0.00462410168842293
-1.46481472975505,-0.614832716664426,-0.110399713870496,-0.226971675511465,0.0556218314320382,-0.0122528801919929,0.00523352086749473
-1.49382951252564,-0.644705096284142,-0.11172557344731,-0.261543627748256,0.0534941859734845,-0.0106106617588625,0.00576029847746891
-1.52371870642599,-0.667622828742059,-0.113254216203893,-0.296375592692385,0.0510570280259963,-0.00885825140492553,0.00618637719079674
-1.55224339386824,-0.682599857296149,-0.114970767690785,-0.330846620074786,0.0483375710501357,-0.00701816974185954,0.00649397926122148
-1.57688765234165,-0.689321779833119,-0.116841571986922,-0.364192575778358,0.0453870362243519,-0.00511839182386217,0.00666597407758539
-1.5951660714282,-0.688145978414058,-0.118816083236416,-0.395563856678637,0.0422799148323529,-0.00318867899011907,0.00668666279566416
-1.60491454958796,-0.679979050628811,-0.120832176968217,-0.424102350151379,0.039108137766594,-0.00125643604095122,0.00654306435183857
-1.60449921260834,-0.666071575583069,-0.122823538620187,-0.449023436603415,0.0359708203923576,0.000656779201958024,0.00622654480216248
-1.59290928858629,-0.64779353421525,-0.124727040336326,-0.469687720339826,0.0329620214260397,0.00253718798785883,0.00573439560084333
-1.56974002424135,-0.626448025820187,-0.12648832307007,-0.485650790744351,0.0301597745428488,0.00437887798868813,0.00507089106649952
-1.535100301068,-0.603153862165881,-0.128064868130093,-0.496685758268235,0.0276190536685371,0.00618241806675815,0.00424750801161958
-1.48948674426585,-0.578797780789156,-0.129426814104316,-0.502779713688276,0.0253697263711026,0.00795270704918905,0.0032822927702561
-1.43365660390926,-0.554038620074915,-0.130556033576751,-0.504109461238025,0.0234188492615923,0.00969667584076452,0.00219864600316029
-1.36851657210796,-0.529341240440222,-0.131443653452255,-0.501003195991276,0.0217556119564897,0.011421142261229,0.0010239282282634
-1.29503223023512,-0.505021747115099,-0.132085893542322,-0.493893788945983,0.0203570434164543,0.0131308395089935,-0.000211758047164266
-1.2141557714431,-0.48129150068115,-0.132478310390579,-0.48326719497874,0.0191930058626734,0.0148265607677397,-0.00147641283704094
-1.12676744128136,-0.458292318997219,-0.132609327630923,-0.469607549491557,0.0182296358162954,0.0165034765340679,-0.00273658978499862
-1.03362740358995,-0.436118708142114,-0.132454990422413,-0.453339958435464,0.0174309884869686,0.0181498829929369,-0.00395756511729648
-0.935338293977846,-0.414825613403668,-0.131977687659432,-0.434773596851213,0.0167591284983299,0.0197468105592442,-0.00510340833189171
-0.832323382379193,-0.394422870351708,-0.131131562585612,-0.414051599021027,0.0161733314492387,0.0212689686610223,-0.00613717631348324
-0.724829375407064,-0.374860748486754,-0.12987594392025,-0.391119408262236,0.0156294549392154,0.0226873613480811,-0.00702148775963152
-0.612964023072052,-0.356014570280281,-0.128195138312513,-0.36572741497449,0.0150808195183812,0.0239735422688535,-0.0077197723938076
-0.496773933814557,-0.337679203004636,-0.126118867088512,-0.337482956758325,0.0144818461533585,0.0251049024350633,-0.00819847129859146
-0.376355369371078,-0.319583947498421,-0.12373428919315,-0.30595658413701,0.0137948740995094,0.0260697247056485,-0.00843026502938754
-0.251972287496797,-0.301432467719681,-0.121180752038355,-0.270826234366228,0.0129989207013323,0.0268702960111543,-0.00839792050193083
-0.124140692410964,-0.282960912092561,-0.11862427448846,-0.232017378818327,0.0120972565270368,0.0275225753282262,-0.00809769001870021
0.00635935346185378,-0.263995558423062,-0.116218811278237,-0.189784458185714,0.0111199642872051,0.0280520263615647,-0.0075408283292383
0.138555609730543,-0.244487993696605,-0.114069500467876,-0.144695743030564,0.0101193143411907,0.0284868515029944,-0.00675225301087697
0.271411736258155,-0.224515432147857,-0.112212887510826,-0.0975268427369396,0.00915923280189341,0.0288509758888557,-0.00576662981847596
0.403959416144038,-0.204250046878998,-0.110620310306506,-0.0491095500148003,0.00830296018249332,0.0291589009367822,-0.00462338904423846
0.535388839565398,-0.183912310910327,-0.109220032678691,-0.000194459340752774,0.00760320888291302,0.0294132408093987,-0.00336247926085371
0.665079450301901,-0.163723407730991,-0.107928321997098,0.0486338461124453,0.00709705919652702,0.0296044579605533,-0.00202197533259177
0.792579024744618,-0.143864735832765,-0.106680583121565,0.0969800887191433,0.00680540055813951,0.0297118337275634,-0.000637654082206545
0.917550504104141,-0.124445954998713,-0.105457176759452,0.144611164574215,0.00673537477460983,0.0297050304152802,0.000756033462381692
1.03970422022093,-0.10548132577117,-0.104300849725432,0.191395100363074,0.00688413696723993,0.0295462389573291,0.00212438667899819
1.15872690092317,-0.086877259907633,-0.103322570909536,0.237219898443826,0.00724270756885706,0.0291934190414759,0.00343102117885282
1.27421522570141,-0.0684393081048795,-0.102691290301059,0.281903696642335,0.00779918950312713,0.0286052694548196,0.00463720335850402
1.38562303052168,-0.0499101110634253,-0.102603432193552,0.325110428219693,0.00854097177712926,0.0277481630787054,0.00570245409373123
1.49223513463954,-0.0310463045175714,-0.10323253653075,0.366292082189294,0.00945581317091592,0.0266043031912477,0.00658671037177342
1.59318135262702,-0.0117288354923446,-0.104668945109612,0.404682769583532,0.0105320364828536,0.0251790676320142,0.00725393706983999
1.68749555910112,0.00791938235017802,-0.106869777760785,0.439361381272118,0.0117584467535069,0.0235046343439154,0.0076765178364596
1.77420631917293,0.0274502851824537,-0.109642454149484,0.469374787746738,0.0131247565259408,0.0216374568394094,0.00783925929408328
1.85242690074804,0.0460800891823645,-0.112674298377186,0.493882883199386,0.0146229567014809,0.0196492906997195,0.00774177282790106
1.92140763564342,0.0627628891824575,-0.115599745719423,0.512271966901037,0.0162492549380762,0.0176142717069899,0.00739851829389511
1.98052905717547,0.0763259143633777,-0.118078776187872,0.524198185610688,0.0180054178352352,0.0155962294762809,0.00683664270991929
2.02924140258348,0.085625666340278,-0.119857726613869,0.529559330970975,0.0198981563618188,0.0136399338127465,0.00609241152120389
2.06697889671395,0.0896921929836566,-0.120796639328151,0.528426581789308,0.0219357076097069,0.0117678927239486,0.00520718954828701
2.09308633224405,0.0878529085360582,-0.120864935373617,0.520979003168134,0.0241216849429682,0.00998215184586541,0.00422366570324787
2.10679282337692,0.0798474006983262,-0.120118366113212,0.50747193204584,0.0264472587265321,0.00826936004201576,0.00318262877537626
2.10725950723432,0.0659450194461954,-0.118671296267123,0.488247296246218,0.0288836396669123,0.0066072410443868,0.00212033244757235
2.09371576873755,0.0470545998132985,-0.116672755724127,0.463771865357711,0.0313775054362114,0.00497100919071063,0.00106642405065038
2.0656769724071,0.0247816951896762,-0.114287958356838,0.434676211226395,0.033852003432046,0.00333867731211433,4.25206953947632e-05
2.02320212104281,0.00136736314127626,-0.111683142361417,0.401766339203184,0.0362147141949997,0.00169448240815844,-0.000938321555225865
1.96711291235081,-0.0205396697311357,-0.109011661997206,0.365991691237766,0.0383714440249955,2.99713798695545e-05,-0.00187095510464453
1.89908277174478,-0.0382626976688861,-0.10640162985617,0.328372955708096,0.0402420179649332,-0.00165716942782221,-0.00275620567345285
1.82153777447719,-0.0495371377507606,-0.103947355358317,0.289911435027272,0.0417731019881153,-0.00336577466019611,-0.00359792829546459
1.73738163626721,-0.0528813367884062,-0.101706630819601,0.251509056868898,0.0429444061824326,-0.00509410162796508,-0.00439966361958355
1.64962313103345,-0.0477964096872464,-0.0997039883503969,0.213921541711018,0.0437675336051942,-0.00684172660306238,-0.00516159618109531
1.56100779344039,-0.0347657878664751,-0.0979380886527224,0.177752218818421,0.0442793598353218,-0.00860964395070358,-0.0058783464651809
1.47373206502075,-0.015093148468752,-0.0963906560335963,0.143479095218268,0.0445328984669024,-0.0103984148999332,-0.00653784980755498
1.38927313806291,0.00935194758762116,-0.0950348394453953,0.111498408571623,0.0445882093607516,-0.0122048036382024,-0.00712135920639386
1.3083310124416,0.0364178208968963,-0.0938418230461428,0.0821647338879355,0.0445048849163235,-0.0140178246351697,-0.00760452254056944
1.23086372018057,0.0639439163161105,-0.0927853050187616,0.0558096164735045,0.0443367383768164,-0.0158155194419777,-0.00795947456605359
1.15619786227034,0.0900023413003186,-0.0918439333343344,0.032727404936917,0.0441287609854546,-0.017563978306357,-0.00815783468681315
1.08320159295134,0.113091489117445,-0.0910020596469491,0.0131287158235707,0.0439160899047554,-0.0192198422207301,-0.00817431751660514
1.01050428345472,0.132260465313463,-0.0902493949976466,-0.00292339677534159,0.043724449415239,-0.0207365169562357,-0.00799036234053804
0.936733598087635,0.147140915207278,-0.0895803120318102,-0.0155685955705642,0.0435712751833202,-0.0220727784274833,-0.00759694974556951
0.860726023131635,0.157875990767622,-0.088993493582632,-0.0251706850980357,0.0434666794873834,-0.0232011312746324,-0.00699584805114664
0.781666110663767,0.164964269088033,-0.0884922902783037,-0.0322950210265685,0.0434137214714451,-0.0241131406283675,-0.00619900573448589
0.699129712703348,0.169063948683064,-0.0880856516757978,-0.0376519649249223,0.0434080071818019,-0.0248202324525008,-0.00522645685847332
0.61303788151505,0.17081182221032,-0.0877891127959458,-0.0420294316344494,0.0434371220506569,-0.0253503548434161,-0.00410355747289345
0.523553134900215,0.170698256262794,-0.0876252296581902,-0.0462362782763595,0.0434805256962724,-0.0257422452870562,-0.00285841135143325
0.430957574453845,0.16901499594822,-0.0876230099457205,-0.0510660907977454,0.0435103442041861,-0.026039270673758,-0.00152006482538731
0.33554520779446,0.165871611577647,-0.0878160926252253,-0.0572764395942791,0.0434932193712412,-0.0262841478997894,-0.00011769600440251
0.237548119795203,0.161265515944673,-0.0882395605469515,-0.0655687118581609,0.0433932277436412,-0.026514940173063,0.00131922677048883
0.137105314264518,0.15518733514906,-0.0889253340295975,-0.0765509161803976,0.0431758988190286,-0.0267620442798284,0.00275995377137058
0.0342758490739339,0.147741850564239,-0.0898962248008696,-0.0906709459301941,0.0428134083826512,-0.0270456163320702,0.00417081229444023
-0.0709081998625982,0.139260025404617,-0.0911591224998777,-0.108121197301071,0.0422908604335115,-0.0273730026316458,0.00551320451282368
-0.178361678800103,0.130369362867626,-0.0926986144013337,-0.128737124245198,0.041612913826847,-0.0277361636470624,0.00674183829172852
-0.287863190205143,0.121983583776784,-0.0944735702121947,-0.151937602799245,0.0408086964692507,-0.0281097234200934,0.00780431597540421
-0.399002723688549,0.115180979800648,-0.096420220287573,-0.176768789126177,0.03993142917652,-0.0284510054823467,0.00864366623708136
-0.51119210495333,0.110978757327866,-0.0984644657373727,-0.202090670937494,0.0390490891405411,-0.0287038149123021,0.00920501530206562
-0.623745374991111,0.110076237667861,-0.100542022272556,-0.226872952571711,0.038225932417726,-0.0288069851731688,0.00944563021768269
-0.735992031732047,0.112690216393982,-0.102618712974026,-0.250477995477515,0.0375013256034268,-0.0287063170796443,0.00934473489623634
-0.847353670144368,0.118577372371157,-0.104700159880938,-0.272783894590933,0.0368767074115923,-0.0283657180859631,0.00890839122545804
-0.957330385700261,0.127226868907949,-0.106824931814018,-0.294086082023631,0.0363178805110294,-0.027772838866353,0.00816720815401593
-1.06540300183666,0.138102087297484,-0.109044875423111,-0.314846937945227,0.0357703661189935,-0.0269373783835048,0.00716882084783018
-1.17091206098368,0.150804038564036,-0.111402699758025,-0.335429272060826,0.0351788034765361,-0.0258840671525087,0.00596923349593023
-1.27298429234891,0.165107681684836,-0.11391607576384,-0.355919169226622,0.034501951202613,-0.0246440987131812,0.00462609993327177
-1.37054503272865,0.180905197462352,-0.116572614508369,-0.376072032963556,0.0337197012673066,-0.0232480238476061,0.00319474399659412
-1.46240995904028,0.198122833622612,-0.119335417678177,-0.395361280126257,0.0328328133379344,-0.0217214031044637,0.00172619973913829
-1.54741720768199,0.216662010874818,-0.122156051183818,-0.413087861908311,0.0318579908547703,-0.0200831694196781,0.000266229317295228
-1.62455243917997,0.236380069085279,-0.124990430570846,-0.428509541590561,0.0308210964371059,-0.0183460202327457,-0.00114537328412995
-1.69303204263096,0.257097774060833,-0.12781276813959,-0.440958534558524,0.0297507385259231,-0.0165180265514457,-0.0024754305088959
-1.75233239145827,0.278611359339616,-0.130623417365858,-0.449927729808993,0.028673633440386,-0.0146047595044796,-0.00369792435718009
-1.80217335075518,0.300694081425848,-0.133448242283371,-0.455116623557431,0.0276122245887237,-0.0126114408831708,-0.00479425854516982
-1.84247462164782,0.323085814036235,-0.136329731339018,-0.456437419555389,0.0265842009480639,-0.0105448325653303,-0.00575305080788509
-1.87330368553355,0.345479016064294,-0.139312626745164,-0.453989086418859,0.0256030334022853,-0.00841472155744248,-0.00656931142401634
-1.89482832388266,0.367510886807799,-0.142428268311867,-0.448011900077851,0.0246785909369241,-0.00623489903232195,-0.00724296542237312
-1.90727968973762,0.388766379677836,-0.145681474810572,-0.4388361953869,0.0238172605931826,-0.00402350383168993,-0.00777683667046431
-1.9109265887474,0.408790207772891,-0.149041926935372,-0.426836218552607,0.0230215418918008,-0.00180258802289863,-0.00817439584315798
-1.9060588277774,0.427102798889096,-0.152439962386655,-0.412394150715615,0.0222895322904333,0.000403156819183141,-0.00843770971544201
-1.89297678855275,0.443216812231121,-0.155765864643797,-0.395873198639959,0.0216148802939239,0.00256838782097352,-0.00856605354406017
-1.87198493797963,0.456655192709374,-0.158872612171723,-0.377595090108274,0.0209876383430518,0.00466946859407439,-0.00855554259199241
-1.84338802132799,0.466974939449737,-0.161583755546641,-0.357818046040574,0.0203960996478921,0.00668670767394061,-0.00839992380417118
-1.8074897006265,0.473799721501357,-0.16370882195637,-0.336715794063248,0.0198292906609245,0.00860600586477044,-0.00809238289736101
-1.76459413047892,0.476858883804757,-0.165066958112952,-0.314363741648951,0.0192794542859018,0.0104196309237901,-0.0076279231796753
-1.71501116740194,0.476023373326472,-0.165515591090779,-0.290741185795221,0.0187437397393178,0.0121261244539943,-0.00700565805725204
-1.65906532458046,0.471325750992164,-0.164976933749876,-0.26575550970002,0.0182245142344983,0.0137295902317873,-0.00623035307712816
-1.59710721325893,0.462955194450843,-0.163454166256899,-0.23928625373112,0.0177281897467212,0.0152386912495943,-0.00531281612935789
-1.5295246381305,0.451227814778883,-0.161032371210223,-0.211238235823551,0.0172629930579559,0.0166655715209315,-0.00426916957562204
-1.45674968021674,0.436541974794473,-0.157864998377425,-0.181588928500663,0.0168364226501129,0.0180247177387364,-0.00311942264215071
-1.37925853385716,0.419332117757435,-0.154151295626866,-0.150418080468479,0.0164531092836016,0.0193316299241415,-0.00188590951591122
-1.29756225953515,0.40003173892559,-0.150111399213265,-0.117914491435898,0.0161135342158322,0.0206011603157099,-0.000592051284924976
-1.21218818320979,0.379049588951648,-0.145963838013978,-0.0843614389422213,0.0158137697440072,0.0218454872026626,0.000738333984878906
-1.12365287600283,0.356756985378985,-0.14190699355065,-0.0501056775792012,0.0155462330290549,0.023071845583911,0.00208116218710259
-1.03242855322158,0.333480569881775,-0.138103507689607,-0.015515166827037,0.0153013920491151,0.0242802837113072,0.00341176297083514
-0.938905793562954,0.309494310053324,-0.134665752150668,0.0190705172369005,0.0150703425498769,0.0254618367922859,0.00470424707866188
-0.843357208541429,0.285006342845331,-0.13164139403868,0.0533937388680802,0.0148480732865436,0.0265976106841378,0.00593069561620105
-0.74590933706837,0.260139725370389,-0.129000459027098,0.0873315480422048,0.0146369692400387,0.0276593433150929,0.00706033293652087
-0.646533345861226,0.234910942558086,-0.126628491730889,0.120938780782161,0.0144496577233735,0.0286120096257776,0.00805895997510649
-0.545067746446639,0.209215615185377,-0.124333338292355,0.154466750392377,0.0143098083043927,0.0294188342923748,0.00888913632852029
-0.44128505523734,0.182835485550468,-0.121873637729925,0.188338139569337,0.0142493074819001,0.0300484912217997,0.00951180090020439
-0.335004094393419,0.155480326118564,-0.119012265390543,0.223062002354659,0.0143009100412069,0.0304831932208748,0.00988993650829082
-0.226227509073483,0.126867675179198,-0.11558591740202,0.259091609498396,0.0144874280509237,0.0307251019290092,0.00999417385598445
-0.115257608279822,0.0968218342980792,-0.111566859139524,0.296661342271419,0.01481118589353,0.030797960313909,0.00980891250049152
-0.00273451590639251,0.0653530305280619,-0.10708664272658,0.335667232448518,0.0152488652674512,0.0307421765349501,0.00933644728171113
0.110431581791152,0.0326776987276539,-0.102405426382156,0.375649073759348,0.0157549996475716,0.030604642357882,0.00859698313915011
0.223208464170408,-0.000831557899858427,-0.0978389825642643,0.415883346021187,0.016272900011651,0.0304272865871015,0.00762449298948804
0.334605392893605,-0.0347420802097493,-0.0936766994770127,0.455539894942995,0.016748153307878,0.0302385245820402,0.00646054715022216
0.443791625094913,-0.068663089055139,-0.0901220401326501,0.493834186278932,0.0171396864837464,0.0300494941674463,0.00514877318235629
0.550144863591058,-0.102323967279047,-0.0872682011158432,0.530127572151368,0.0174259349679077,0.0298544247179313,0.00373146902078721
0.653238676903855,-0.135621603038115,-0.085103437662442,0.563963424556127,0.0176063176786617,0.0296333550441179,0.00224840432921021
0.752792327638678,-0.16864598833747,-0.0835327920294347,0.595051628452036,0.0176995022113588,0.0293557058223817,0.000737018022623995
0.848603879696215,-0.201698159515598,-0.0824046360962352,0.623221751662689,0.0177399774341263,0.0289840746711059,-0.000766876633908941
0.940478555622644,-0.235310744855462,-0.0815358965364585,0.648362957732706,0.0177739337316137,0.0284783654841292,-0.00222852890418737
1.02815683008055,-0.270273643991598,-0.0807346823723466,0.670364441412897,0.0178548421776499,0.0278006947305679,-0.00361421887662354
1.11124328105245,-0.307658859453078,-0.0798214411803193,0.689068268087893,0.0180385439687961,0.0269213586585237,-0.00489195119842506
1.18913709109492,-0.348829857965466,-0.0786497575712914,0.704247594895226,0.0183770873773626,0.0258255068609207,-0.00603288588774512
1.26096700632661,-0.395409940779706,-0.0771265709138355,0.715624923309824,0.0189100421067829,0.0245191841645077,-0.00701328398296275
1.32553865221575,-0.449167351679176,-0.075230319535271,0.722942456975813,0.0196519822217027,0.0230324396056027,-0.00781646525599418
1.38131614285379,-0.511754270419362,-0.073024860134819,0.726083608436645,0.0205762140896567,0.0214168929357938,-0.0084340545994206
1.42648908010506,-0.584236165293396,-0.0706656863967033,0.725216554977709,0.0215988192564383,0.0197362623790009,-0.00886582234006593
1.45920788453041,-0.666423095146173,-0.0683911547563172,0.720892139759198,0.0225733202830243,0.0180513522125338,-0.00911788449445788
1.47804963605103,-0.756209517991729,-0.0664875635849265,0.714005827234654,0.0233098421368644,0.01640509838778,-0.00919989878283037
1.48263305939375,-0.849350228675281,-0.0652226627329249,0.705573253013493,0.0236245804004216,0.0148155178604749,-0.00912268557931727
1.47407992781458,-0.940063642415926,-0.064763976974595,0.696387316712006,0.0234035139666206,0.0132810704276905,-0.00889758178839786
1.4549606419036,-1.02238229146113,-0.0651211543647437,0.686740379646702,0.0226456339583448,0.0117946027542864,-0.00853752335834529
1.42864930143047,-1.09160165916243,-0.0661464746213265,0.676376904395677,0.0214590746961023,0.0103559744020433,-0.00805842666541284
1.39843023793131,-1.14510503386126,-0.0675915382763506,0.664680928422172,0.02001549058128,0.00897594172303316,-0.00747933355114707
1.36682260079293,-1.18233301970296,-0.0691849280645751,0.650953978336816,0.018492905948698,0.00767168617588521,-0.00682098070590111
1.33534700414839,-1.20419245890826,-0.0706936696865925,0.634629693650137,0.0170349823966323,0.00645942406943346,-0.00610361741465271
1.30465180386688,-1.2123478437454,-0.0719527701432651,0.615364476591225,0.015735721714686,0.00534889542422434,-0.00534511073656338
1.2747922469195,-1.20867585331213,-0.0728677134311801,0.593029409444265,0.0146431828812947,0.0043413116694112,-0.00455988125820816
1.24550127485499,-1.19495181946474,-0.0734025174336513,0.567656541364518,0.0137715618489282,0.00342999006119396,-0.00375866410779365
1.21638387240384,-1.17271906333249,-0.0735639023694214,0.539379791063208,0.0131139233435727,0.00260226357066579,-0.00294882476645643
1.18703115219326,-1.1432661909199,-0.07338724644032,0.508388876827852,0.0126521388436395,0.00184159298059449,-0.00213494346181291
1.1570754504969,-1.10765429903897,-0.0729262151018856,0.474899771125387,0.0123634247268562,0.00112933730141875,-0.00131947047632593
1.12620968692169,-1.06676009035436,-0.0722459747135743,0.439138757762282,0.0122240972734914,0.000446017568204869,-0.000503349034521836
1.09418818340882,-1.0213186840079,-0.0714191785291982,0.401335877497568,0.0122114176858204,-0.000227898247680883,0.000313431952557429
1.0608195890112,-0.971960067341824,-0.0705237926276494,0.361724296052185,0.0123042656472307,-0.000911590902871119,0.00113135693108107
1.02595782720286,-0.919237962387813,-0.0696419113588823,0.320543252979682,0.012483162535571,-0.00162375581964748,0.00195096072537404
0.989494123999512,-0.863651718433646,-0.0688588164645957,0.278043112345199,0.0127299828052506,-0.00238263669219039,0.00277244648381486
0.951351636603081,-0.80566222847312,-0.0682616086837041,0.234491496851593,0.0130275690407863,-0.00320613282691696,0.00359533077119252
0.911483436019862,-0.745702640276202,-0.0679367953980382,0.190179578037887,0.0133593936264061,-0.00411188918118344,0.00441810847698064
0.869874209111048,-0.684184222164402,-0.0679662940502117,0.14542740514446,0.0137093705088339,-0.00511727470627796,0.0052379375089104
0.826545772771621,-0.621497377498481,-0.0684214653457258,0.100586798518766,0.0140618970822705,-0.00623914827580703,0.00605034932056189
0.781566155676886,-0.558007612337926,-0.0693550809348549,0.0560399524990612,0.0144021840397082,-0.00749330856947589,0.00684899431182163
0.735061501448267,-0.49404636322041,-0.0707915980467786,0.0121916937048202,0.0147168983478506,-0.00889353325976173,0.00762542959283893
0.687229341243678,-0.429897060855029,-0.0727167559203018,-0.0305464412108632,0.0149950943940989,-0.0104501436243978,0.0083689515674596
0.638350909597817,-0.365777664261497,-0.0750682568769189,-0.0717812865203004,0.0152293410338574,-0.0121680928893106,0.00906647270802911
0.588799251269754,-0.301822090997808,-0.0777300004855463,-0.111171639755905,0.0154168762507547,-0.0140446780989922,0.00970245128213274
0.539039101791844,-0.238064331458296,-0.0805327739674299,-0.148467366911278,0.015560551538686,-0.0160671209931587,0.010258916452928
0.489614293401775,-0.174430287661681,-0.083264154939011,-0.183548198244038,0.0156692834852405,-0.0182104500621106,0.0107156913531895
0.441119372883407,-0.110743064347632,-0.0856892675597422,-0.216453616297566,0.0157577332867624,-0.0204363158567539,0.0110509809660514
0.394155041906887,-0.046746826877702,-0.0875815982199512,-0.247393458901854,0.0158450201871306,-0.0226935033717925,0.0112425055346457
0.349272407591772,0.0178485264306229,-0.0887593694959775,-0.276729594532542,0.015952485540699,-0.0249208186040898,0.0112692575754857
0.306917873644453,0.0833052912967942,-0.0891190143465334,-0.304923943248518,0.0161008737858182,-0.0270525600459288,0.0111137201746603
0.267395601095984,0.149789282375385,-0.0886552866886025,-0.33245757278524,0.0163076929339876,-0.0290259335816971,0.010764092095904
0.230863589778275,0.217311040798595,-0.0874598193520064,-0.359736829805709,0.0165857313248252,-0.0307888432195336,0.0102159054155283
0.197370754362868,0.285693092831042,-0.0856967956372144,-0.387009755015797,0.0169434947952237,-0.0323060438786117,0.00947254978669329
0.166929272477742,0.354571444712722,-0.0835628451577784,-0.41431433555475,0.0173876620999963,-0.0335620683072249,0.00854460665533567
0.139605908419737,0.423427151875995,-0.0812436979726169,-0.441469601530744,0.0179268305526406,-0.034560479442776,0.00744832765129435
0.115613042904762,0.49163342754518,-0.078879846849974,-0.468107020213929,0.0185752572274979,-0.0353202199948318,0.00620382925754863
0.0953841547561856,0.558500011987114,-0.0765485872736995,-0.493730215513645,0.0193552115408079,-0.0358705259338063,0.00483354967545768
0.0796244153679458,0.623299604551023,-0.0742637726053229,-0.517789254173704,0.0202968322753911,-0.0362458608491658,0.00336132391994022
0.0693293652506305,0.685268093743027,-0.0719903803530633,-0.539760250695224,0.0214347478507156,-0.0364818369418325,0.00181222493900357
0.0657603898988774,0.743578263120013,-0.0696694138717017,-0.559227660670623,0.0228009871366135,-0.0366124537363455,0.000213170770099681
0.0703555259800994,0.797295196262667,-0.0672488233479765,-0.575970620873314,0.0244139565651991,-0.0366684342162172,-0.00140580365476636
0.0845432236726899,0.845332765751812,-0.0647162822390964,-0.59005182814771,0.0262638583150489,-0.0366760511548858,-0.0030098460298326
0.109427067067394,0.886446120931999,-0.0621282402549405,-0.601894837163075,0.0282964139967949,-0.0366556494033751,-0.00455766220241606
0.145340325993695,0.919310710580097,-0.0596263239102973,-0.612314622510834,0.0303994515414208,-0.0366191981286596,-0.00600091609532903
0.191346971402221,0.942737057479613,-0.0574290087400695,-0.622448124178737,0.0324000984784787,-0.0365668670308391,-0.00728604281481723
0.244875825052652,0.956024924896877,-0.0557888148439046,-0.633540764175191,0.0340814275802752,-0.0364838789618459,-0.00835974616970258
0.301741111632585,0.959360401966854,-0.0549184751610009,-0.646605451857673,0.0352225562307857,-0.0363401447876645,-0.00917804970400732
0.356714343960223,0.954055773212672,-0.0549110319927286,-0.662068521314915,0.0356539696340388,-0.0360950161545502,-0.00971612424559885
0.404542288781841,0.942434283236486,-0.0556927183190996,-0.67957711394149,0.0353062875719917,-0.035706905896001,-0.00997404289895278
0.441019150635757,0.927330722585889,-0.0570358953644972,-0.698082963780733,0.0342281543553408,-0.0351439434085433,-0.00997475630351455
0.46366786477015,0.911411681507941,-0.058625623422424,-0.716158643791886,0.0325639033959053,-0.0343906372055175,-0.0097551066210037
0.471825366712562,0.896620795209222,-0.0601448185837346,-0.732375642473528,0.0305042242739904,-0.0334482084201545,-0.00935491170375224
0.466250573702628,0.883947479011021,-0.061341172419192,-0.745579923028116,0.0282350939577383,-0.0323302533713451,-0.00880931958526215
0.448541031569937,0.873516917615126,-0.0620585064529227,-0.755004033285767,0.0259044593297587,-0.0310571723136527,-0.00814629801576877
0.420606241536738,0.864863346411426,-0.0622358225794691,-0.760250517774563,0.0236114273523035,-0.0296518043818229,-0.00738781737540618
0.384312802055606,0.857233336682571,-0.0618869682149098,-0.761213674375092,0.0214115480058107,-0.0281368570728872,-0.00655225353426982
0.341303540563739,0.84982433965841,-0.0610735867292307,-0.757991016378272,0.019328885214326,-0.0265336293945325,-0.00565632784033442
0.292940948943476,0.841930131630905,-0.0598797068354133,-0.750808554992156,0.0173681713643992,-0.0248613868939368,-0.00471606971500923
0.240320279666532,0.833005615413195,-0.0583920216466773,-0.739965421326606,0.0155240834546418,-0.023137021882961,-0.00374699515544189
0.184312488189082,0.822677397670375,-0.0566869634242699,-0.725795538359944,0.0137872433975434,-0.0213748905076375,-0.00276388527216059
0.125613966355629,0.810724856008126,-0.0548240325048496,-0.708642386874879,0.01214764827492,-0.0195868296561966,-0.00178047020833657
0.064792083378777,0.797049205485777,-0.0528440930477349,-0.688843348486308,0.0105964217736621,-0.0177823598429932,-0.000809183808657955
0.0023225277921491,0.781640877460771,-0.0507711592784645,-0.666720820295476,0.00912659151888012,-0.0159690441159958,0.000138954492739915
-0.0613821297634586,0.764550242363576,-0.0486163176169258,-0.642577841669959,0.00773334756238496,-0.0141529412527311,0.00105433532352365
-0.125951817862771,0.745863458549227,-0.0463826908068861,-0.616696403514147,0.00641404093887014,-0.012339079290691,0.00192866247804561
-0.191045027430291,0.725683522691641,-0.0440706358743354,-0.589337017772078,0.00516805572684141,-0.0105318816379419,0.00275479775351049
-0.256340287705572,0.704115883924529,-0.0416826137773056,-0.560738538607118,0.00399661732180076,-0.00873549566481924,0.00352657666164015
-0.321531913370921,0.681257834985925,-0.0392273506762144,-0.531117630765948,0.0029025633252149,-0.00695399594969497,0.00423861626896173
-0.38632901915216,0.65719101853197,-0.0367230318857923,-0.500667644426755,0.00189008608789909,-0.00519145622746728,0.00488612942686382
-0.450456901010229,0.631976608204443,-0.0341993471005588,-0.469556957614452,0.000964447988100187,-0.00345190278486318,0.00546475516992042
-0.513659947356945,0.605652940549416,-0.0316982603650834,-0.437927077293206,0.000131666852207673,-0.0017391762690144,0.00597041343948575
-0.575705288020278,0.578235530280862,-0.029273428985261,-0.405890947434841,-0.000601832663212868,-5.67381431317545e-05,0.00639919301828605
-0.636386435048004,0.54971946922567,-0.0269882567753128,-0.373532000123605,-0.00122960569029411,0.00159253767337296,0.00674728341998101
-0.695526240768962,0.520084173028184,-0.024912649837939,-0.34090450302873,-0.00174561294950551,0.00320654805205621,0.00701096280473641
-0.752978610909273,0.48930029339953,-0.0231186552392427,-0.308035694442588,-0.00214468046632264,0.00478408426987542,0.00718665293047895
-0.808628568617346,0.457338367334556,-0.0216753057089611,-0.274930041912888,-0.00242297723165673,0.00632487133475242,0.00727104711163938
-0.862390464655387,0.424178463332105,-0.020643154844869,-0.241575702448229,-0.00257848067258843,0.00782951194676297,0.00726130748860017
-0.914204361001508,0.389819774908635,-0.0200691350600019,-0.20795290967805,-0.00261138509758435,0.00929933998235992,0.00715531457428919
-0.964030853167543,0.354288906068976,-0.0199824528969141,-0.174043617158992,-0.00252439791130844,0.0107362042047387,0.00695193795961404
-1.0118448095112,0.317645599441719,-0.0203921950825195,-0.139841377988734,-0.00232286807387847,0.0121422152931049,0.00665128674207223
-1.05762865924904,0.27998494414877,-0.0212871162033949,-0.105360250373214,-0.00201470519777753,0.0135194948339305,0.00625489636358868
-1.10136592030659,0.241435652869297,-0.0226377276991635,-0.0706415778571559,-0.00161007579417092,0.0148699611699002,0.00576581775441447
-1.14303560944487,0.202154696456586,-0.0244003823839769,-0.0357578189972922,-0.00112089999142612,0.0161951739989383,0.00518859388301939
-1.18260803438003,0.162319237733192,-0.0265226656292567,-0.000813114989186107,-0.000560207802543083,0.0174962404775091,0.00452913293801663
-1.22004227370283,0.122117223847586,-0.0289491760348071,0.0340591692346019,5.85614897910805e-05,0.018773765827112,0.00379450924882854
-1.25528545945276,0.0817380746225604,-0.0316267638866723,0.0687012791745237,0.000722226307180783,0.020027816935763,0.00299273648802159
-1.28827383774537,0.0413646595233928,-0.0345084783566635,0.102937454622262,0.00141841609221016,0.0212578623424052,0.00213255989638912
-1.31893551525855,0.00116730996239296,-0.0375557772678826,0.136581119102271,0.00213595319666366,0.0224626573174732,0.00122330651491156
-1.34719479639295,-0.0386998776189376,-0.0407388800445573,0.169442401475334,0.0028650316081704,0.0236400568955297,0.000274818551669709
-1.37297804067002,-0.078100595310947,-0.0440354191887425,0.201335859704804,0.00359718403278454,0.0247867595012474,-0.00070252051610497
-1.39622096972914,-0.116916123087736,-0.0474277338229934,0.232088570773206,0.00432504660581653,0.0258980060579799,-0.0016976715376947
-1.4168772776073,-0.155043841647936,-0.0508992563215831,0.26154890029994,0.00504194451757684,0.0269672820416864,-0.00269875299216732
-1.43492819589766,-0.192394875376767,-0.054430498474299,0.289596197204208,0.0057413369856622,0.027986091115874,-0.00369280790790223
-1.45039230603088,-0.228891158972335,-0.0579951793276829,0.31615133031227,0.00641618241726169,0.0289438868503583,-0.00466556062815517
-1.46333437440198,-0.264462084539567,-0.0615570718649714,0.341187382370266,0.0070583188446367,0.0298282599427756,-0.00560121271208933
-1.47387136840378,-0.299040782258708,-0.0650681742174775,0.364738978353186,0.00765800016851283,0.0306254755398612,-0.00648234407654649
-1.48217324854322,-0.332560060158735,-0.0684687978835993,0.386907787743706,0.00820377553810566,0.0313214286964933,-0.00729000406206033
-1.48845590930308,-0.364948103411657,-0.0716900467553634,0.407860997126631,0.00868292429421238,0.0319030241495375,-0.00800408981969931
-1.49296416679305,-0.396124212730873,-0.0746588609392079,0.427819478276097,0.00908262668136576,0.0323598824138093,-0.00860410173188868
-1.49594436836609,-0.42599510473503,-0.0773052718665819,0.447033556392733,0.00939192384095422,0.032686136284754,-0.00907031890968149
-1.49760912843352,-0.454452494833176,-0.0795708081210047,0.465747088178376,0.00960428674382277,0.0328819463136313,-0.00938533966743464
-1.49810028197539,-0.481372675130141,-0.0814163100497943,0.484154678528352,0.00972031923033181,0.0329542969044429,-0.00953579346202273
-1.49745893093137,-0.506618448879521,-0.08282710330284,0.502360920566991,0.00974988666250291,0.0329167093740714,-0.00951390037339159
-1.49561159106655,-0.530043099311138,-0.0838138769631901,0.520352365959414,0.00971294464055101,0.0327877531757504,-0.0093185067866357
-1.49237789620095,-0.55149529862494,-0.0844087591597644,0.537990771211852,0.0096386296932577,0.0325885867900153,-0.00895531903439408
-1.48749900648996,-0.570823392543615,-0.0846575855278078,0.5550301994999,0.00956268884292624,0.0323400649890427,-0.00843627678161656
-1.480679552623,-0.587877613139149,-0.08461053106753,0.57115329775563,0.00952383666124642,0.0320600583806801,-0.00777825958942908
-1.47163254219785,-0.602509446359881,-0.0843135857851518,0.586016916611551,0.00955989419601029,0.0317614980490644,-0.0070014835346738
-1.46011732037998,-0.61456828166436,-0.0838027543736186,0.599296247850316,0.00970448994635924,0.0314513711095182,-0.00612795671644557
-1.44596432420907,-0.623896212281885,-0.0831017667613627,0.610719420532626,0.00998478353906931,0.0311306038870105,-0.00518024938583982
-1.42908478267939,-0.630322228400346,-0.0822230393835946,0.620088941819572,0.0104202947537242,0.0307945916605923,-0.00418067626830623
-1.4094668747897,-0.633657081177289,-0.0811709688180401,0.627290342107716,0.0110226359397097,0.0304340941288645,-0.00315085792826571
-1.38716149251517,-0.633689956640362,-0.0799464247049681,0.632290740269872,0.0117958119329583,0.0300362740177615,-0.00211155561101792
-1.36226096319757,-0.63018794903684,-0.0785514070634774,0.635130724498427,0.0127367484536133,0.0295857531040372,-0.00108265326680758
-1.33487357326187,-0.622899250859321,-0.0769930740447763,0.635912498797423,0.0138357877459181,0.0290656492598742,-8.31693339818283e-05
-1.3050961631041,-0.611560980954957,-0.0752866103346187,0.634786342829846,0.0150770040293803,0.0284586158278874,0.000868799537639352
-1.27298683879589,-0.595912583619359,-0.0734566456899649,0.631936588988095,0.0164383130612489,0.0277479232196024,0.00175627845960069
-1.23854009086629,-0.575715636468406,-0.071537149164674,0.627567819651013,0.0178914646901927,0.0269186040648027,0.00256380738607431
-1.20166719334714,-0.550780560611285,-0.0695699329779526,0.621891889264344,0.0194021040026558,0.0259586356639737,0.00327804044846145
-1.16218535218905,-0.52099997554649,-0.0676020978993652,0.615116543247396,0.0209301522200764,0.0248600714431483,0.00388851395471732
-1.11981924261871,-0.486387138432482,-0.0656829031099804,0.607436558506999,0.022430774430141,0.0236199777782691,0.00438848295403572
-1.07421788386412,-0.447115996122466,-0.0638605903595284,0.599028158507055,0.0238561469682629,0.022241008248936,0.00477566516820304
-1.02498796091905,-0.403557045929887,-0.062179596629148,0.590046799013349,0.0251580989691277,0.0207314728722066,0.00505269394154799
-0.971741728530827,-0.356301070873865,-0.0606783769039543,0.580627433036797,0.0262914872674978,0.0191048376393117,0.0052270933642199
-0.914153971166955,-0.306162004888743,-0.0593878280098728,0.570885522461426,0.0272179131752838,0.0173787004742361,0.00531066321729504
-0.852019093838873,-0.254151957031409,-0.0583301772578259,0.560916926787835,0.0279091827505972,0.0155733979820904,0.00531829026917925
-0.785297590624797,-0.201426373543111,-0.0575182347221341,0.550795611600975,0.028349843068557,0.0137104665251264,0.00526634980876325
-0.714142058122817,-0.149204522166311,-0.0569550517455398,0.54056955914374,0.0285382571365019,0.011811190424044,0.0051709745717101
-0.638896904601563,-0.0986774520634338,-0.0566341513810939,0.530256576344563,0.0284859914650642,0.00989542230461657,0.00504650232704348
-0.560071931422106,-0.0509193917695867,-0.0565404916823272,0.519842169119201,0.028215678662227,0.00798077829015413,0.00490435510324952
-0.478295956527314,-0.00681752650884603,-0.0566521799834217,0.509281071244082,0.0277578413507416,0.00608222329703417,0.00475247859895255
-0.394260512703651,0.0329701893873128,-0.0569427570871769,0.498502758790159,0.0271473183978494,0.00421199307690632,0.00459533027258552
-0.308664324488323,0.0680267413084445,-0.0573837191858572,0.487420011307737,0.0264198982341712,0.00237976139699595,0.00443429669174174
-0.222167082459013,0.0981612958541456,-0.0579469036719507,0.475938828090725,0.0256095911154323,0.000592951913389706,0.0042683694546114
-0.13535729566078,0.123375931428436,-0.0586064302995031,0.463967933919927,0.0247467488142501,-0.00114289348418297,0.00409491207967072
-0.0487351906799042,0.143822873453177,-0.0593400166374471,0.451426547599565,0.0238570406600094,-0.00282375500508628,0.00391038856556466
0.0372912350474512,0.159760093666867,-0.0601296236331304,0.438249734457908,0.0229611592064817,-0.00444682379145527,0.00371097524766902
0.122400428637804,0.171510836095033,-0.0609614960678781,0.424391259362876,0.0220750639770142,-0.0060102568960238,0.00349302416257842
0.206345521455652,0.179430153660787,-0.0618257285378458,0.409824263687903,0.0212105638060015,-0.00751299939425612,0.00325337990509435
0.288939886412416,0.183879484022324,-0.0627155126445873,0.394540286831553,0.0203760656770224,-0.00895466408534944,0.00298957144657701
0.37004246942512,0.1852088957365,-0.0636262163801433,0.378547188098811,0.0195773607226593,-0.0103354539979897,0.00269990815793838
0.449544460592297,0.183745875425825,-0.0645544250166419,0.361866465054217,0.0188183619868444,-0.0116561116451047,0.00238350927862735
0.52735811880387,0.179789255265634,-0.0654970446059572,0.344530364794694,0.0181017456152142,-0.0129178804037942,0.00204029191007849
0.603408015045233,0.173606919671412,-0.06645054109804,0.326579081852995,0.0174294744326105,-0.0141224661775876,0.00167093694640306
0.677624613032469,0.165436129799665,-0.0674103635396437,0.308058247595778,0.0168032005839181,-0.0152719907092187,0.00127684676057163
0.74993992189885,0.155485558044416,-0.0683705798758881,0.289016845645392,0.016224553828336,-0.0163689309161689,0.000860103687401743
0.820284885598844,0.143938368885171,-0.0693237382662932,0.26950563412128,0.0156953264418211,-0.0174160410632554,0.000423434578780129
0.888588172286979,0.130955886553143,-0.0702609544791266,0.249576114265667,0.0152175665952979,-0.0184162563439986,-2.98161386570722e-05
0.954776059621486,0.116681544076323,-0.0711722154899245,0.229280051776607,0.0147935912374285,-0.0193725775890931,-0.000495704623840508
1.01877315696835,0.101244912767598,-0.0720468793857534,0.208669527053469,0.0144259281557864,-0.020287937605853,-0.000969698444592082
1.08050374298256,0.0847656726303732,-0.0728743405619698,0.18779746119042,0.0141171959419141,-0.0211650503165286,-0.00144668301681553
1.13989352103224,0.0673574094296162,-0.0736448158731818,0.166718532268617,0.0138699306228511,-0.0220062448032188,-0.00192096810660945
1.19687159864221,0.0491311217558352,-0.0743501913288368,0.145490360310622,0.0136863691354527,-0.0228132878909636,-0.00238630041636776
1.25137248292072,0.030198299772421,-0.074984850807307,0.124174798632378,0.0135682027629453,-0.0235872013138071,-0.00283588994796923
1.30333785556001,0.0106734076274026,-0.0755463903986681,0.102839127667404,0.0135163180094685,-0.0243280829167184,-0.00326245944158928
1.35271785990069,-0.00932442240175459,-0.0760361087799359,0.0815569115428454,0.0135305476564711,-0.0250349456091852,-0.00365832736698165
1.39947161537891,-0.0296706770898747,-0.0764591617880977,0.0604082594656194,0.0136094598822573,-0.0257055923559598,-0.00401553509132841
1.44356669109484,-0.0502358831565572,-0.0768242854324357,0.0394792495758865,0.0137502167078125,-0.0263365492778168,-0.00432602715703482
1.48497734472109,-0.0708872182099764,-0.0771430322602157,0.0188603369636012,0.0139485325447979,-0.0269230804068754,-0.00458188930427345
1.52368147579028,-0.0914912114555237,-0.0774285331657365,-0.00135630857095338,0.0141987571594901,-0.027459304884386,-0.0047756415005701
1.55965645539389,-0.111917234614441,-0.0776938845057414,-0.0210804127833914,0.0144940937087821,-0.0279384289043784,-0.0049005732207784
1.59287424780553,-0.132041281840853,-0.0779503527411499,-0.0402278301778208,0.0148269423930636,-0.0283530900591234,-0.00495109713664208
1.62329647631203,-0.151749392611486,-0.0782056612104659,-0.0587248937429961,0.0151893371690335,-0.0286957924983639,-0.00492308798383964
1.65087023710309,-0.170940048029808,-0.0784626495802905,-0.0765122762244371,0.0155734228376114,-0.0289593914431322,-0.00481416895393841
1.67552546232667,-0.189525004412199,-0.0787185580551529,-0.0935477871537438,0.015971909335302,-0.029137570560531,-0.00462391098852404
1.69717444967455,-0.207428308837283,-0.0789650861785599,-0.109807699491529,0.0163784439023695,-0.0292252508266077,-0.00435392127011155
1.71571383988415,-0.224583605986046,-0.0791892326867366,-0.125286474439543,0.0167878601568855,-0.0292188775798197,-0.00400781374957445
1.73102891575685,-0.240930195808975,-0.07937477655504,-0.139995058332834,0.0171962909658901,-0.0291165522397051,-0.00359107234957159
1.74299972051787,-0.256408541465555,-0.0795041494255225,-0.153958175959738,0.0176011609452295,-0.0289180015402156,-0.00311083174612309
1.75150823607007,-0.270955998010245,-0.0795604014105395,-0.167211175437737,0.018001096006486,-0.0286244031299896,-0.0025756080098984
1.75644576598729,-0.284503433735673,-0.0795289794206395,-0.17979697185709,0.0183957964656182,-0.0282381058106106,-0.00199501098239471
1.75771971962778,-0.29697318969544,-0.0793991036071488,-0.191763511520048,0.018785916244203,-0.0277622920877726,-0.00137946362710687
1.75525914454205,-0.308278534022517,-0.0791646173168316,-0.203161986164308,0.0191729769624979,-0.0272006300537167,-0.000739943654894329
1.74901854783284,-0.318324479407067,-0.0788242745299754,-0.214045824568898,0.0195593274529787,-0.0265569533669483,-8.77524769524147e-05
1.73897973998532,-0.327009587863137,-0.0783815002746853,-0.224470322459407,0.0199481413393428,-0.0258349958484171,0.000565691683758187
1.72515161057341,-0.334228211935861,-0.0778437089094553,-0.234492668654546,0.0203434313064001,-0.0250381943562111,0.00120904463164678
1.7075679111983,-0.339872527985761,-0.0772212954908448,-0.244172095402518,0.0207500502590616,-0.0241695625597606,0.00183122039111789
1.68628329569773,-0.343833712818436,-0.0765264330828386,-0.253569918749135,0.0211736471076426,-0.0232316302700396,0.0024215760931082
1.66136806532374,-0.346001707052833,-0.075771818964943,-0.262749325061464,0.021620548000351,-0.0222264383398168,0.00297010024543339
1.63290228284027,-0.346263201162887,-0.074969516348273,-0.271774879010145,0.0220975415751515,-0.0211555773957038,0.00346760097491077
1.60097012298647,-0.34449776653339,-0.0741300321714219,-0.280711848607361,0.0226115580043877,-0.0200202589534228,0.00390588475347491
1.56565546462134,-0.340572408547263,-0.0732617505255234,-0.289625535497574,0.0231692445909583,-0.018821408892263,0.00427791164402427
1.52703974305261,-0.334335195365788,-0.0723708016309398,-0.298580840235642,0.0237764533707159,-0.0175597750354926,0.00457791158246254
1.48520292540968,-0.325608954337752,-0.0714613895709173,-0.307642270999316,0.0244376664189497,-0.0162360421290397,0.00480144836377725
1.44022814297352,-0.314186269717694,-0.0705365362998341,-0.316874521877797,0.0251553905953806,-0.0148509486966975,0.00494542352462489
1.39221005030874,-0.299827123433949,-0.0695991375638198,-0.326343618682133,0.0259295546625508,-0.0134054012034158,0.00500802000030556
1.34126645268563,-0.282260489907058,-0.0686531813132646,-0.336118477716797,0.0267569389352034,-0.0119005820109575,0.0049885935343682
1.28755222933188,-0.261191051484925,-0.0677049592510331,-0.346272566540188,0.0276306631402741,-0.0103380491725678,0.00488752668539427
1.23127413779757,-0.236311980536151,-0.0667641077873077,-0.356885210198654,0.0285397551789577,-0.00871982843019508,0.00470606494523827
1.17270473306594,-0.207324460450586,-0.065844338656225,-0.368041962004722,0.0294688253501309,-0.00704850074894847,0.00444615686312072
1.11219336384988,-0.173964272919311,-0.0649637501823494,-0.379833365827597,0.0303978799420793,-0.00532729188945634,0.00411032075773781
1.05017199960605,-0.136035285159832,-0.0641446363863904,-0.392351399883763,0.0313023260918099,-0.00356017285338473,0.00370156035859326
0.98715351414358,-0.0934488898583219,-0.0634127266114463,-0.405682951582561,0.0321532449448846,-0.00175198003332618,0.00322335090164966
0.923720107550749,-0.046267214725535,-0.062795796061773,-0.419899891881245,0.0329180366715397,9.14402472979662e-05,0.00267971523706634
0.860500004744767,0.00525389048694947,-0.0623216020671596,-0.435045769312594,0.0335615566560057,0.00196306808482979,0.00207540465719794
0.798131746793818,0.0606283790114783,-0.0620151481568956,-0.4511198817351,0.0340478473313596,0.00385454875507394,0.00141618874463452
0.737217592062029,0.119118630329455,-0.0618953899783584,-0.468060486129849,0.0343424997586589,0.00575607583574277,0.000709239882969027
0.678270796094131,0.179739000129692,-0.0619716951952581,-0.485730004162221,0.0344155338527637,0.00765637905796604,-3.64295450012066e-05
0.621665231372329,0.241292816713675,-0.0622406369957655,-0.503905912170828,0.0342444734393246,0.00954288345179316,-0.0008095519229465
0.567598478444193,0.302446191218502,-0.0626839541412329,-0.522281065867671,0.0338170693044992,0.0114020893926842,-0.0015963130994421
0.51607919142342,0.36183307091197,-0.0632685978182471,-0.54047606701276,0.0331330011777618,0.0132201783526912,-0.00238029366296992
0.466944840637076,0.418175638774034,-0.0639495447244958,-0.558063887921564,0.0322039915620124,0.0149837856832529,-0.00314272467292927
0.419907523950823,0.470396858659287,-0.0646754275424346,-0.574603909523484,0.0310521397189531,0.0166808235631895,-0.00386307997870737
0.374616598971399,0.517701871052419,-0.0653961598142846,-0.589679876486365,0.0297068315800728,0.0183012119494942,-0.00451995407819646
0.330721674739899,0.55961307379519,-0.0660709365993581,-0.602935072296626,0.028201064080432,0.0198373961193025,-0.00509211886554735
0.28792062950998,0.595956739275426,-0.0666746236138616,-0.614098678018407,0.0265681972903782,0.0212845843465804,-0.00555963747591352
0.245983995741707,0.626811199024405,-0.0672007874962433,-0.622999384301144,0.0248399215204024,0.022640699447303,-0.00590493660024816
0.204755757317646,0.652433464679094,-0.0676604071693093,-0.629565005728991,0.0230457122280026,0.0239060785879735,-0.00611377458997384
0.16413751773208,0.673181619611392,-0.0680764049994211,-0.633809343148005,0.0212134820477496,0.0250829717986906,-0.00617606231427677
0.124066019180886,0.689446355509352,-0.0684752483346351,-0.635809497470569,0.019370754046045,0.0261748936221326,-0.00608648651877256
0.084493133637646,0.701599478072254,-0.0688777012600796,-0.635678167405908,0.0175455935426886,0.0271858891616289,-0.00584486662914235
0.0453740454601495,0.709962086703989,-0.0692910955562231,-0.633536058129594,0.0157667384557636,0.0281197883988436,-0.0054561744530291
0.00666510326618919,0.714791261702248,-0.0697050952214361,-0.629489197197394,0.0140627487434708,0.0289795303579824,-0.00493018251645222
-0.0316707951850723,0.716281569144281,-0.0700919275930012,-0.623614625936132,0.0124603912756102,0.0297666279358417,-0.00428077625607072
-0.0696554734734754,0.714576436656384,-0.0704107758689297,-0.615955891986351,0.0109827378817003,0.0304808119464152,-0.0035250394946096
-0.107287831508039,0.709784358264367,-0.0706149285933066,-0.606527629902061,0.00964750563925197,0.0311198514402698,-0.00268226735225174
-0.14454054556757,0.701995727457571,-0.0706597163754324,-0.595326930427448,0.00846603205209791,0.0316795167629659,-0.00177305745602371
-0.181362566988991,0.691297464471889,-0.0705093244558994,-0.582348499316385,0.00744304635443032,0.0321536467064054,-0.000818584923288431
-0.217687169390272,0.677784012232583,-0.0701410859239946,-0.567600693687511,0.00657717567896246,0.0325343022982635,0.000159898470115427
-0.253444110054399,0.661564350394006,-0.0695465605380157,-0.551120018056261,0.00586197742522528,0.0328120255366227,0.00114136168865199
-0.288573849367374,0.642765264660771,-0.0687293656556397,-0.532982169325272,0.00528723152646264,0.0329762546623725,0.00210515247603188
-0.323041529882736,0.621531266531435,-0.0677002534585007,-0.513308032827992,0.00484023825909233,0.0330159626103496,0.00303110258972834
-0.35684834796367,0.598021474458728,-0.0664703343954859,-0.492263195749883,0.00450691941663566,0.0329205706534376,0.00389967109596995
-0.390037989732453,0.572403664447594,-0.0650436753880529,-0.470049805935235,0.00427259179427863,0.0326811390287666,0.00469220528521952
-0.422696069365548,0.544845764961704,-0.0634107525847161,-0.446890287866986,0.00412236269873892,0.0322917524989163,0.00539137140659056
-0.454941243699718,0.515505403643614,-0.0615443242706299,-0.423003759167356,0.0040411835783604,0.0317509161462102,0.00598176238450049
-0.486908073040074,0.484518665913958,-0.0593990564940139,-0.398577893683512,0.00401368097173088,0.0310626868266284,0.00645062968074677
-0.518723657078257,0.45198979374754,-0.0569155611054459,-0.373740936436358,0.00402394427195865,0.030237232892079,0.00678862414983261
-0.550482069275678,0.417983825605164,-0.054028441844116,-0.348539716630164,0.00405546198519424,0.029290577915393,0.00699038928557545
-0.582221793585038,0.3825238915133,-0.0506767866060799,-0.322928993883758,0.00409134689002627,0.028243449392214,0.00705485417634907
-0.613910995045176,0.345594000136701,-0.0468147558870653,-0.296775088254394,0.00411488694667873,0.0271193761072997,0.00698513263943
-0.645443427955524,0.307146972278482,-0.0424198780869076,-0.269873209332493,0.00411034262717076,0.0259423743464638,0.0067880330655801
-0.676644819369218,0.267116187352161,-0.037497418701118,-0.241974628941574,0.00406383149082643,0.0247346538376694,0.00647328275425836
-0.70728685965811,0.225429447507803,-0.0320804076041263,-0.212818159227903,0.00396412731452149,0.0235147290522284,0.00605263263163427
-0.737104515797048,0.182023625440712,-0.0262260698611229,-0.182160782343043,0.00380324932501738,0.0222961730027862,0.00553901498252703
-0.765812638396005,0.136859520752717,-0.0200101004967522,-0.149804153393491,0.00357679493466617,0.0210870681618251,0.00494588489036311
-0.793119521764676,0.0899367183701431,-0.0135202501881377,-0.115615756056689,0.00328403303261134,0.0198900580214381,0.00428680380000562
-0.818737187262556,0.0413079448552425,-0.00685034962762347,-0.0795445782290902,0.0029278064214926,0.0187028124674641,0.00357524563523906
-0.842390017864491,-0.00890928100963359,-9.5137208588272e-05,-0.0416306658383411,0.00251426440064707,0.0175187048381594,0.00282453427991067
-0.863823345704182,-0.0605267873074213,0.00665403328854838,-0.00200701735017903,0.00205241834754083,0.0163275355832991,0.0020477951395024
-0.88281214617058,-0.113287995656422,0.0133125383577033,0.0391074592763678,0.00155350679035124,0.0151162135859366,0.00125783551741158
-0.899168199479877,-0.166877689324734,0.0198045407941909,0.0814231024271635,0.00103020249703777,0.0138693825264312,0.000466945782193816
-0.912743700422136,-0.220935802638915,0.0260633498351266,0.124599477195691,0.000495757294418247,0.0125700251214279,-0.00031332012576139
-0.923430452063861,-0.275071284314799,0.0320300989212136,0.168266138723553,-3.6804627512707e-05,0.0112000941442357,-0.00107231485175355
-0.931155397214245,-0.328873319507426,0.0376512459843242,0.212041153285356,-0.000555356492678538,0.00974121053455586,-0.00180037721178609
-0.935874047154152,-0.38191943743693,0.0428757963114804,0.255546232910262,-0.00104917442793167,0.00817546422238082,-0.00248881867619172
-0.937563359742218,-0.433781304686806,0.0476531546794972,0.298418656678793,-0.00150929265345841,0.00648634215260386,-0.00312983205323071
-0.936215176860061,-0.484029416120732,0.0519322886204748,0.34032069345809,-0.00192874229016335,0.00465979120426744,-0.0037163374618683
-0.931830879348351,-0.532237677413108,0.0556625494929708,0.380947202992902,-0.00230270729477532,0.00268539910190167,-0.00424177298935198
-0.924417617571912,-0.57798841063387,0.0587961591811542,0.420031811586156,-0.00262862128863913,0.000557647869818214,-0.00469983331494577
-0.913986327712711,-0.620877843828147,0.0612920809597605,0.457351751740588,-0.00290621934897172,-0.00172283488819721,-0.00508416526665389
-0.900551690574172,-0.660521738085324,0.0631207655252999,0.492731172901234,-0.00313755512991448,-0.00414813089051544,-0.00538804588754849
-0.884134161033294,-0.696560441081812,0.0642690826088478,0.526042437951537,-0.00332699908101401,-0.00670212758642963,-0.00560409334397639
-0.864764101576243,-0.728662279887003,0.0647445907041563,0.557204586159858,-0.00348124904618835,-0.00936002539316235,-0.00572408805947447
-0.842487769869398,-0.756523784788842,0.0645781609801158,0.586177827633155,-0.00360940894121817,-0.0120884546684819,-0.00573900261968627
-0.817374312169549,-0.779864819596401,0.0638239190456347,0.612952849331685,-0.00372321980763267,-0.0148464065848425,-0.00563934496104486
-0.789521959864102,-0.798416423977592,0.0625556409878499,0.637534189707921,-0.00383754886673153,-0.0175871305683695,-0.0054159013495436
-0.759060480553389,-0.811899234161289,0.0608593091964694,0.659918284130443,-0.00397123353054789,-0.0202610097216082,-0.00506091838436069
-0.726146057828468,-0.819990842832509,0.058822577112006,0.680069028966739,-0.00414830019410187,-0.0228191850860101,-0.00456968910772847
-0.690944891839852,-0.822281317709761,0.0565232544319777,0.697896405083887,-0.00439937577381001,-0.0252174006519456,-0.00394242123145041
-0.653603780113648,-0.818217238751405,0.0540201763193495,0.713245933188864,-0.00476271145365487,-0.027419283776849,-0.00318618966916493
-0.614210669376734,-0.807036695597209,0.0513504243677828,0.725907534510608,-0.00528356742728728,-0.029398190743317,-0.00231673205848326
-0.572756930137802,-0.787703745735277,0.0485364859759827,0.735651156611203,-0.0060097398726073,-0.0311369385572343,-0.00135982566057107
-0.529127820950298,-0.758868468797752,0.0456055531336982,0.742292779539644,-0.00697998316533705,-0.0326252563963365,-0.000351917879412013
-0.483168580194302,-0.718919727838587,0.0426205122562866,0.745785905892504,-0.00820207860720165,-0.0338556454836805,0.000660555459867535
-0.434888376546508,-0.666263690307841,0.0397165031250007,0.746314613329001,-0.00962122257626371,-0.0348195482027447,0.00162419743926546
-0.384826313950747,-0.599995447942914,0.0371251174788998,0.744331029024677,-0.0110914460780359,-0.0355069496785233,0.00248534391486623
-0.33444145036716,-0.520960707288021,0.0351533318564469,0.740454895430789,-0.0123808332555773,-0.0359121486442929,0.00320048764308423
-0.286151221069657,-0.432676352680005,0.0340897369014524,0.735204302623524,-0.0132419027464204,-0.0360437886528944,0.00374639792710859
-0.24268839555998,-0.34109547622125,0.0340673501989459,0.72869024134981,-0.0135283206474199,-0.035929865915281,0.00412196267946649
-0.20605525373604,-0.252787998927141,0.0349830808860057,0.720522404201544,-0.0132693676795905,-0.0356089587777716,0.00433801716196538
-0.176882854711651,-0.172667260269019,0.036547669543532,0.710017114652418,-0.0126325036504185,-0.0351128607542835,0.00440336599655807
-0.154600758821106,-0.102894344660097,0.0384196844770957,0.696517384226708,-0.011815432214596,-0.0344559070238196,0.004319117134542
-0.138044066987008,-0.0432948451364341,0.0403200185265805,0.679591400091818,-0.0109620915883831,-0.0336378224302911,0.00408336240676984
-0.125974806158819,0.00757363357041006,0.0420783104762724,0.659058657338866,-0.0101419057783621,-0.0326537580989153,0.00369900882985971
-0.117334888122644,0.0515116833128079,0.0436263828892876,0.634927751471766,-0.00936979872727096,-0.0315028857228197,0.00317839818135935
-0.111300992923554,0.0901687860260006,0.0449684678304914,0.607327203658792,-0.00863430554250315,-0.0301920067449111,0.00254339734430787
-0.107250571239378,0.124846670171956,0.046147379086975,0.576459178547319,-0.00791775540292049,-0.0287349476990517,0.00182263554218946
-0.104704915851743,0.156474731080895,0.0472157912570005,0.542573560468449,-0.00720651247148867,-0.027149875401466,0.00104791222912128
-0.103277090479715,0.18566168752717,0.0482166366952659,0.505952212747556,-0.00649442304150815,-0.0254563085424861,0.000251041743156193
-0.102633621259239,0.212772250753049,0.0491735480381283,0.466896155700821,-0.00578278286928316,-0.0236727857889776,-0.000538390064314671
-0.102471238812035,0.238003773062995,0.0500899980944794,0.425712441877618,-0.00507892189538734,-0.0218154625834575,-0.00129436000825278
-0.102506887458942,0.261451426954931,0.0509544256331952,0.382699947460622,-0.0043944386683105,-0.0198975048313515,-0.00199502031762442
-0.10247782178291,0.283157644434413,0.0517482694986951,0.338134327107297,-0.0037435125247315,-0.0179289899239847,-0.00262279056385719
-0.102147951227986,0.303145484952064,0.0524542185977407,0.29225259108376,-0.00314146205979046,-0.0159170167939496,-0.0031640758659966
-0.101316405326023,0.321437725955478,0.0530627681630437,0.245237343967827,-0.0026036332145093,-0.0138657738241311,-0.00360869934209138
-0.0998244908175835,0.338064474720593,0.053576070350834,0.197199471606754,-0.00214467822530037,-0.0117763476816058,-0.00394909152383041
-0.0975576652614329,0.353062265454725,0.0540088980398926,0.148155609361237,-0.00177828884629135,-0.0096460303922262,-0.00417923538800417
-0.0944395872066519,0.366466706993321,0.0543871990494268,0.0979931596857017,-0.00151749455115453,-0.00746678040276508,-0.00429328398898212
-0.0904157935976022,0.378297146283764,0.0547451296554296,0.0464161894830159,-0.00137578210281065,-0.00522252230704941,-0.00428361095020788
-0.0854292038978917,0.388519885452391,0.0551213023855055,-0.00709259931454471,-0.00136938751458177,-0.00288672637668507,-0.00413807509072052
-0.0794151168062017,0.396958408408428,0.0555527639523573,-0.0630731611249808,-0.00151952062490751,-0.0004297478520657,-0.00383828934704314
-0.0723558626244225,0.403193511354294,0.0560617861966129,-0.121452357277476,-0.00184862113089453,0.0021550716351627,-0.00336484465543058
-0.064299942285326,0.406634394215268,0.0566382452664528,-0.18125659282281,-0.00237027454979898,0.00483998082757732,-0.00270764206022839
-0.055250174816424,0.406693837482265,0.0572318839144634,-0.241161709115822,-0.00308490713642946,0.00758701003663379,-0.00187001701596977
-0.0450419909759887,0.402838109215001,0.0577575969759169,-0.299950663463176,-0.0039845359871723,0.0103672760255609,-0.00086669313669007
-0.0333040776163455,0.39453759787704,0.0581054653392384,-0.356513819520025,-0.00505856961591558,0.0131581383658988,0.000276896901796265
-0.0194772130589686,0.381199327252441,0.058151606867218,-0.409787941572363,-0.00629741547925237,0.0159338144616071,0.00152284603252759
-0.00287219304254741,0.362075972941172,0.0577701328308734,-0.458794283325372,-0.00769369179143731,0.0186556046389367,0.0028177021293039
0.0172478989850009,0.336136319782075,0.0568510717702791,-0.502786504283633,-0.00924071864760143,0.0212630114865952,0.00408889132886533
0.0416056201055205,0.301907068240718,0.0553303974049782,-0.541479497399848,-0.0109285920001141,0.0236684535337675,0.00524199518233781
0.0709712611669296,0.257329064095383,0.0532305393122722,-0.575268767873858,-0.0127397894119848,0.025759920667806,0.00616191993388776
0.106505959489871,0.199707494782715,0.0506958387921834,-0.605267474992197,-0.0146459174496445,0.0274147107609664,0.00672318679891398
0.150462755368399,0.125903789420466,0.0480075635663679,-0.633005266669749,-0.0165964358650507,0.0285216366442936,0.00681393329408161
0.2068850345864,0.0331547544724919,0.0455978568377579,-0.659904501685516,-0.0184661740508527,0.0290038729394301,0.00636863026253919
0.281032733143473,-0.0786167416420273,0.0440975980277077,-0.686954257365884,-0.0199403340730192,0.0288440566081337,0.00538915553033889
0.375706542039769,-0.2026942433572,0.0443019200165138,-0.714626959845563,-0.0204712002902583,0.028127175281249,0.00393699506891208
0.485550128645075,-0.323690017052901,0.0467615798247586,-0.742384373612896,-0.0196036424996757,0.0270671612255656,0.00211243309535495
0.596965355232602,-0.424471885147348,0.0512095511693043,-0.76804517738738,-0.0175122049922038,0.0259092691328742,5.31400184509414e-05
0.697120930827655,-0.496465612706491,0.0566651727520932,-0.788431772921365,-0.0149451458454194,0.0247473087148501,-0.00205380927178912
0.780870081500183,-0.54048674466389,0.0620786399871634,-0.800788200113862,-0.0125924627951359,0.0234774339240539,-0.00398143467982874
0.84906277253872,-0.560578904686161,0.0666165136667188,-0.80319794515614,-0.0107426418002212,0.0219214255627131,-0.00549983974891639
0.904505768285851,-0.560107782938637,0.0696348699518321,-0.794190199269688,-0.00937718161026946,0.0199701766281533,-0.00642368096036125
0.949943780197879,-0.541636755248906,0.070796506585041,-0.772740791765919,-0.00834498089632987,0.0176556702710845,-0.0066557129092983
0.987486369869857,-0.507930107930491,0.070263014051449,-0.738787324916936,-0.00746613645685055,0.0151301162905654,-0.00620805151120268
1.01839702034506,-0.462216110533364,0.0686198023703428,-0.693484277260508,-0.0065895713354769,0.0125788304433551,-0.00518616325346045
1.04303327171862,-0.407613682391984,0.0665017726187161,-0.638785457745289,-0.00562701910212678,0.0101338899589676,-0.00374551880219742
1.06100821081738,-0.346530317012734,0.0642274431355738,-0.576738499359095,-0.00455955792490837,0.00783882267056595,-0.00204824341171281
1.07149950519461,-0.280538602153929,0.0616796827776438,-0.509037111064326,-0.0034195913082183,0.00566206733068633,-0.00023777861695361
1.07355479194997,-0.210640113154744,0.0584141649944024,-0.436988740773802,-0.00226348661593398,0.00353093749997823,0.00156772079516652
1.06631765086651,-0.137636177627463,0.0538668184354446,-0.361737092860455,-0.00114834353858049,0.00136582758093657,0.00327056613468311
1.04919075794926,-0.0624383946882722,0.0475750352874217,-0.284521969519258,-0.000117902976098818,-0.000890665863940113,0.00478477611998439
1.02197572193521,0.0137352797593996,0.0393801132425768,-0.206818383731868,0.00080264875749545,-0.00324909323288574,0.00602894011345018
0.984986786086314,0.0893162659239191,0.0295686532091818,-0.130262900637909,0.00160405406391569,-0.00565579159166884,0.00692455624553462
0.939076742702184,0.162541752965192,0.0188711168018853,-0.0563602974862057,0.00228393798625412,-0.00799220836163585,0.00740189221375856
0.885502408577677,0.231798970676927,0.00825284563969563,0.0138973862677923,0.00283569633017293,-0.0101006941044441,0.00741218311161991
0.825636273821439,0.295996535975362,-0.00144368448314584,0.0802442433332532,0.00324340578075083,-0.0118335987321865,0.00694040066215915
0.760652951720919,0.354716336430233,-0.00980442646918624,0.142990283364565,0.00348929725115278,-0.0131031061367582,0.00601069805034584
0.691349822290191,0.408036830317746,-0.0169089241239693,0.202581684722183,0.00357136064494634,-0.013904595416459,0.00468078717577417
0.618146141720679,0.45617629102616,-0.0231549866906951,0.25917079796337,0.0035199849149685,-0.0143054756992605,0.00302886864144771
0.541183698084081,0.499201663723993,-0.0290080091492618,0.312432700340217,0.00340334910314035,-0.0144151180813968,0.00114071133934938
0.460458144847135,0.536931134328688,-0.034830931385252,0.36163494437832,0.00331969152215851,-0.014357722795529,-0.000896655662972121
0.375967520013186,0.569029549379947,-0.040832832614323,0.405865115999302,0.00338022686702872,-0.0142586742892218,-0.00299260921385528
0.28788413257809,0.595249520046782,-0.0470859807452943,0.44437624361861,0.0036850920451132,-0.0142398964167465,-0.00504451215233873
0.196758766288072,0.615726759159839,-0.0535488083611174,0.477028059498395,0.00429289553343229,-0.014411127284778,-0.00692774723358631
0.103726131331066,0.631153256349222,-0.0600661290206197,0.504685296552437,0.00518964974021487,-0.0148444778492489,-0.00849021723236673
0.0105682912272683,0.642582243916522,-0.0663646487328177,0.529233152423477,0.00627563480280044,-0.0155319379766122,-0.00956123271386694
-0.080571807837557,0.650739446624163,-0.0720908017347838,0.552836323433995,0.00739695889184154,-0.0163518905372186,-0.00998542074152089
-0.167822843486637,0.655176335774238,-0.0769113976141689,0.576601103424103,0.00842593566048385,-0.0170904421552026,-0.00967575969877527
-0.250116254584928,0.65400634082317,-0.0806206118827001,0.599651581929048,0.00933940298136049,-0.0175314115953386,-0.00865104477226852
-0.327101383761358,0.644535899392633,-0.083168574346192,0.619524195918153,0.0102259771064504,-0.0175562371360756,-0.00702538690193538
-0.398526244626016,0.624175692190814,-0.0846067605390563,0.633478618652263,0.0112188009772594,-0.0171802811616469,-0.00496210408566385
-0.463660256678597,0.590867340048992,-0.0850217097476624,0.639592653705936,0.0124140767866386,-0.016519620461313,-0.00263033348985515
-0.521201954986762,0.542914799813983,-0.0845102397027704,0.637108805628714,0.0138210367558551,-0.0157343799607966,-0.000183737718504332
-0.569776053196747,0.478630102102547,-0.0831960679660915,0.62626277743531,0.0153456146442777,-0.0149834627314371,0.00224300282311479
-0.608912150182805,0.396290138368266,-0.081261332033642,0.607984964471227,0.0167995250500277,-0.0143937532191155,0.00452890141393443
-0.640146139912266,0.294713038110524,-0.0789625830489025,0.583649886618296,0.0179433547745314,-0.0140339789826572,0.00655690218646526
-0.667546710039353,0.174326704899116,-0.0766116519528534,0.554837145356055,0.0185738509761731,-0.0138927524435392,0.00820354886808724
-0.697019855370621,0.0381276651878244,-0.074530098521992,0.523058799058201,0.0186220237187875,-0.0138739749474913,0.00933921249831246
-0.73450099742628,-0.108062829577071,-0.0730001003363741,0.489550559025297,0.0181845861475426,-0.0138217260906499,0.00985148371987047
-0.783922241252537,-0.256253701362126,-0.0722109522467328,0.455237963906082,0.017455446471736,-0.0135711327868014,0.00968469375521347
-0.845961178634832,-0.397844570984818,-0.0722020387210001,0.420796744645787,0.0166230440381969,-0.0130043876953778,0.00886579058461812
-0.918182124540015,-0.525667383710664,-0.0728477782303335,0.386651050064374,0.0158162428404718,-0.0120828228766769,0.00749506657754377
-0.99638823731368,-0.635472963461018,-0.073919224111284,0.352918259236384,0.0151094780136032,-0.010838815253197,0.00571115319415526
-1.0762585137135,-0.726111932919922,-0.0751870717921043,0.31942477310837,0.0145480639738629,-0.00933987361008726,0.003655540549991
-1.15440522473515,-0.798669403624014,-0.0765031532229869,0.285843734631183,0.0141640075599605,-0.00765282664767306,0.00145271422526429
-1.22864240771902,-0.855323019524828,-0.0778306522199866,0.251903964392734,0.0139774950425923,-0.00582676996124834,-0.000793246227526938
-1.29772686308647,-0.898448708155981,-0.0792287846578141,0.21759803792223,0.0139897512482585,-0.00389564972200785,-0.00299220174876082
-1.36088726453449,-0.930077912389718,-0.0808057373427038,0.183331444939437,0.0141727523162608,-0.00189071514162311,-0.00505861972199565
-1.41734164208005,-0.951603266181857,-0.0826486916046852,0.149949870867478,0.0144603498522952,0.000148810339291898,-0.00690461026210574
-1.46593598501625,-0.963639862312996,-0.0847437846718097,0.118573349889757,0.0147468073100317,0.00217525740881931,-0.00843878100879806
-1.50503288657453,-0.966043754908073,-0.0869166912329544,0.0902170756547091,0.0148996062647584,0.00414398474352826,-0.00957220128172936
-1.53273464030774,-0.958148508143963,-0.0888374548134299,0.0653199692408982,0.0147891112611644,0.00603001887000845,-0.0102298142507694
-1.54737281338248,-0.939233899011607,-0.0901133631035947,0.0434443295931478,0.0143276709744783,0.00783784163852507,-0.0103631527564837
-1.54802154430471,-0.909095828959318,-0.0904382810161382,0.0233795846111434,0.0135012487048069,0.00959585872542352,-0.0099600643260332
-1.53475501290909,-0.868449855974109,-0.0897162623892165,0.00363387486402744,0.0123763268159382,0.0113379270849189,-0.009048600231636
-1.50851498955126,-0.818930000730225,-0.0880826462989898,-0.0169710252908809,0.0110766375790742,0.0130837343912777,-0.0076932581504494
-1.47067776246327,-0.762688879195549,-0.0858145190765415,-0.0389276909977784,0.00974163704117169,0.0148297752477589,-0.00598363063423547
-1.42256278597688,-0.701869256191157,-0.0831975431224391,-0.0620219997896352,0.00848819515269598,0.0165532443392334,-0.00401942524654765
-1.36511196729818,-0.638241754489361,-0.0804301172859097,-0.0855647938754659,0.00739106022511892,0.0182213616171122,-0.00189808301423968
-1.29882695158959,-0.573103443837044,-0.0775990761150076,-0.108703279375195,0.00648378600234987,0.0197971683776028,0.000291042888480917
-1.22391586769056,-0.507342616083496,-0.0747108768716031,-0.130702052940405,0.00577263315214328,0.0212387481957759,0.00246605270068455
-1.1405495019661,-0.441532072477576,-0.071745016046874,-0.151167328665601,0.00525496329901621,0.022495251570421,0.00454791507369424
-1.04913316635757,-0.375974232709745,-0.0687038225331557,-0.170216272624087,0.00493606462805856,0.023505982108952,0.00645491321966587
-0.950506097291678,-0.310702758494995,-0.0656436180497237,-0.188562148628965,0.00483956661188145,0.0242082296450159,0.00809912189159923
-0.84596552973589,-0.245505453244353,-0.0626777993440414,-0.207434312130336,0.0050062572471548,0.0245560972113643,0.00938829006883689
-0.737020436711101,-0.180052496817394,-0.0599476584716793,-0.228248296291448,0.0054776294024888,0.0245458216074155,0.0102361831511016
-0.624889343528847,-0.114164197710052,-0.0575705082113954,-0.252059262652273,0.00626768941103822,0.0242345555449173,0.0105808224449387
-0.509972465524612,-0.0481305012197571,-0.0555945299545345,-0.279047943224584,0.00733710078214804,0.0237367914090564,0.0104028239182059
-0.391662850774458,0.0171036820555821,-0.0539939990174287,-0.308384337745446,0.00858628382043851,0.0231940583624074,0.00973189775008373
-0.268690569646878,0.0800159023476057,-0.0527103894772809,-0.33858657869792,0.00987154421695749,0.0227330991815214,0.00863640022623529
-0.1398301752002,0.138801286757909,-0.0517076930140704,-0.368122189271912,0.0110325713683253,0.0224351110322073,0.00720337537443175
-0.00461008788695595,0.191742057301827,-0.0510034594865572,-0.395880970401767,0.0119173575796123,0.0223266270933192,0.00552091600466619
0.136247311526928,0.237549997522844,-0.0506608991725276,-0.421339482611676,0.012399884248511,0.0223867734197672,0.00366874596256842
0.280756672013059,0.275645481857489,-0.0507522536621966,-0.444469339551842,0.012393456412364,0.022560069419185,0.00171610068264942
0.425968686365635,0.306333490299229,-0.051313981032832,-0.465538078855683,0.0118621437964979,0.022767483249735,-0.000276205862078727
0.56856051594814,0.330798652621396,-0.0523143961308551,-0.48493026542792,0.01082770078575,0.0229140916931281,-0.00225191834888325
0.705547120491231,0.350852712068954,-0.0536498923845165,-0.503047911335192,0.00936595009668342,0.0228954847130149,-0.00415525271283836
0.834867726471761,0.368463196296862,-0.0551765885771443,-0.520277620196524,0.00758940666552226,0.022606387310908,-0.0059279577572365
0.955627474707512,0.385213791885043,-0.0567696481582646,-0.536965382452158,0.00562095704782054,0.0219542569476351,-0.0075087915609088
1.06791829767655,0.401899923584903,-0.0583868468873458,-0.553340479935438,0.00357016654253686,0.0208780295230177,-0.0088362438083637
1.17232716075196,0.418410077112635,-0.0601042579692881,-0.569379340861276,0.00152278266221416,0.0193679289906502,-0.00985453967343846
1.26936535770901,0.433924169765673,-0.0620980872908771,-0.58466918860083,-0.000454712312625254,0.0174779410265153,-0.0105217768657107
1.35906710970235,0.447332912903304,-0.0645708282176093,-0.598369295422409,-0.00230336496517175,0.0153219210969732,-0.01081761814279
1.44090506041653,0.457693796926503,-0.0676528995395562,-0.609334213520946,-0.00396392516641431,0.0130505090195699,-0.0107472446916446
1.5140001706875,0.464536184669004,-0.0713297469011636,-0.616370005754486,-0.00537881586402809,0.010816532968977,-0.0103395126387062
1.57746367936978,0.467923583864864,-0.0754306199828025,-0.618511616554684,-0.0065013356796179,0.00874317056177632,-0.00964009829022384
1.6306862453732,0.468313698932965,-0.0796783510647556,-0.615204233857169,-0.00730501558283727,0.00690618942685476,-0.008702657665754
1.67347370762299,0.466334950142361,-0.0837691525303464,-0.606338864547525,-0.00778769670511273,0.00533252886732904,-0.00758106184342466
1.70603383519361,0.462589645981609,-0.0874463192881042,-0.592169979657163,-0.00796935403515565,0.00401003082331091,-0.00632424992421093
1.72887609597736,0.457537399036709,-0.0905461985060073,-0.573180757957952,-0.00788593935510104,0.00290111428165962,-0.00497374600377958
1.7426898177474,0.451459111354887,-0.0930129893056926,-0.549955027202689,-0.00758225738642884,0.00195516127736486,-0.00356318060036053
1.74824193928037,0.444475303643406,-0.0948903358564707,-0.523087728197643,-0.00710599449608829,0.00111734330201773,-0.00211907739605177
1.74630903556193,0.436589719964622,-0.0963005542626179,-0.493139760709296,-0.00650373993996654,0.000333776570404564,-0.000662325519994117
1.73764076376822,0.427737859663914,-0.0974197779628529,-0.460627886828116,-0.00581888695856716,-0.000446081615764947,0.000790065537267322
1.72294418536265,0.417830506001389,-0.0984530407123799,-0.426035362667754,-0.00509083376601835,-0.00126864715059281,0.0022231985292371
1.70287735885537,0.406789736874512,-0.0996097884793198,-0.389829790976796,-0.00435480977628263,-0.00217601573968602,0.00362268954848433
1.67804287645877,0.3945784135714,-0.101078561180735,-0.352477539163892,-0.0036417706813323,-0.00320557554386548,0.00497335971878705
1.64897567861342,0.3812245748888,-0.102999772645057,-0.314447123732034,-0.00297802539270392,-0.00438887828512941,0.00625829704105586
1.61612374846773,0.366840747636657,-0.105437365443636,-0.276197059768146,-0.002384517732587,-0.00574947618180127,0.00745833072611415
1.57982481964291,0.351636037992231,-0.108353043143511,-0.238147356197375,-0.00187594266912839,-0.00729974879362681,0.00855192861000413
1.54028639181591,0.335916931624141,-0.111589835611233,-0.200638421081766,-0.00146007565789462,-0.00903714774291714,0.00951551709108589
1.49757891362865,0.320071871646547,-0.114873575443252,-0.16388612814895,-0.0011377671395622,-0.0109407432570059,0.0103242497991924
1.45165140857941,0.30453583294088,-0.117839837228475,-0.127945799813108,-0.000903951929758339,-0.0129693461058503,0.0109533030301749
1.40237400435161,0.28973521543509,-0.120088632824012,-0.0926990405871206,-0.000749745153982066,-0.0150625947664022,0.011379780376297
1.34960316554662,0.276020648513269,-0.12125961587257,-0.0578740223582925,-0.00066530572440902,-0.0171459861175919,0.0115851619794159
1.29325557432579,0.263603673953662,-0.121109563145247,-0.0231012890538061,-0.000642767021170228,-0.0191397407599607,0.0115579109973659
1.23337027820474,0.252517707852245,-0.119567579338351,0.0120049591881304,-0.0006783334237988,-0.0209698600847392,0.011295517670178
1.17014052842923,0.242618851013258,-0.116747995333894,0.0477609253268778,-0.000772788179682562,-0.0225784945825817,0.0108052179103667
1.10390736226994,0.233627962388129,-0.1129165370818,0.0843465195416772,-0.00093018182652422,-0.0239306810901386,0.0101030268143815
1.0351212829927,0.225199452241824,-0.108423791656763,0.121774253084448,-0.00115514916685522,-0.025015856766156,0.00921137923671729
0.964288494208113,0.216994135902532,-0.103630358485383,0.159895855225719,-0.00144976703912747,-0.0258445569253936,0.0081561539543483
0.891919465932751,0.208736770308943,-0.0988457643532763,0.198436039235689,-0.00181088223442304,-0.026442195419793,0.00696391570277249
0.818491647944238,0.200249122186489,-0.0942925543322759,0.237037516711523,-0.00222848287984654,-0.0268421892551182,0.00565991859623572
0.744429873881176,0.191459420169171,-0.0900957437399846,0.275303602173675,-0.00268522724448327,-0.0270801270670378,0.00426703451236859
0.670101595167138,0.182394543305191,-0.0862910811899972,0.312830927063301,-0.00315691882917498,-0.0271897918669154,0.00280550038416023
0.595821016901239,0.173162113597062,-0.0828439526075453,0.349231074422064,-0.00361361063274444,-0.027201108071649,0.00129326953163197
0.521855892921945,0.163927747766003,-0.0796723413744135,0.384144318973518,-0.0040210925141375,-0.0271396612157425,-0.000253241384607387
0.448431956781561,0.154890103966138,-0.0766698753853621,0.417250763099285,-0.00434267394920196,-0.0270272872951564,-0.00181816049148303
0.375731785360658,0.146254268599977,-0.0737272503734155,0.448284407503642,-0.0045413389591161,-0.026883225558674,-0.00338501029092084
0.30388691760015,0.138203009112627,-0.0707516494105744,0.477054481958027,-0.00458246290812842,-0.0267253686197937,-0.0049354388163755
0.232964298014353,0.13086569359414,-0.0676840894987347,0.503475732565824,-0.00443729743948092,-0.0265711688198065,-0.00644786354313769
0.162950757651795,0.124286417337461,-0.0645140211511827,0.527605054069969,-0.00408729866351038,-0.0264377621693763,-0.00789611367114907
0.0937422871140739,0.118396181449435,-0.0612891960497589,0.549675697364883,-0.0035290270974921,-0.0263408970946441,-0.00924830382481853
0.0251476332250605,0.112998439193634,-0.0581172487832845,0.570113091130616,-0.00277873385285004,-0.0262924114106015,-0.0104664143929704
-0.0430836203800558,0.107781189169554,-0.0551545787908475,0.589511234367726,-0.00187494868845816,-0.0262964331487548,-0.0115072986036677
-0.11120291803927,0.102368193205372,-0.0525795546303699,0.608551829018121,-0.000876813011150112,-0.0263452556715122,-0.0123258388999713
-0.179381030733201,0.0964121477927695,-0.0505521997869379,0.627866362037343,0.000143650940909295,-0.0264167069857173,-0.0128804120945469
-0.247625849585922,0.0897132455496504,-0.0491704859941381,0.647872857214191,0.00111500264235501,-0.0264750979269514,-0.0131396319541665
-0.315732965555497,0.0823270852239179,-0.0484393299491535,0.668646714864447,0.00198195026960785,-0.0264767525036438,-0.0130881271501923
-0.38329393279155,0.0746229599232986,-0.0482660757203833,0.689883061298713,0.0027171503398526,-0.0263788706897478,-0.0127289690552782
-0.449760557232026,0.0672748322140859,-0.0484846997359865,0.710968173368074,0.00332438704125125,-0.0261485233060645,-0.0120817749971255
-0.514536492040087,0.0611990011511456,-0.0488977546213603,0.731125626104428,0.00383220215419444,-0.0257684846402702,-0.0111775608327224
-0.577058685588049,0.0574704494701359,-0.0493195232960539,0.749576273734242,0.00428094317054207,-0.0252383683287804,-0.0100525896175773
-0.636842814824896,0.0572428616578447,-0.0496080593993178,0.765662337229501,0.00470756121373445,-0.0245716805753533,-0.0087431929597392
-0.693486252865287,0.0616734973547845,-0.0496822502902531,0.778916560152671,0.00513142562652495,-0.0237905973975655,-0.00728249703298283
-0.746638002051822,0.0718291169688798,-0.0495263768179871,0.789083551935504,0.00554282056482561,-0.0229202790672406,-0.00569908711803145
-0.795955486136549,0.088536557241928,-0.0491861961202781,0.796111355345506,0.00589535732506391,-0.0219839164879717,-0.00401727462693227
-0.841076255049459,0.11215442048475,-0.048758233006639,0.800129201716159,0.00610468068381818,-0.0209990922614203,-0.00225863851452073
-0.881636951630552,0.142293436807478,-0.0483706139568117,0.801419295520473,0.00605735267239394,-0.0199757594802464,-0.000444558013502411
-0.91736050924974,0.177596945001859,-0.0481533451714406,0.800382844280747,0.00563297253889329,-0.0189161487554618,0.00140073135572016
-0.948192645462355,0.215755583913064,-0.048201495484568,0.797497857315626,0.00473699008697789,-0.0178168466571614,0.00324744873218317
-0.974413501572988,0.25387871227639,-0.0485442330664765,0.793269073882798,0.00333298330003997,-0.0166727361385889,0.00505912683017694
-0.996631752620484,0.289148775838548,-0.0491368995492264,0.788174636573836,0.00145899965911986,-0.0154815275437365,0.00679383448575959
-1.01562839508357,0.319477040124826,-0.0498839858501895,0.782614755643047,-0.000780389617922916,-0.0142470132288707,0.00840751535744822
-1.03211741834439,0.343858766439506,-0.0506827657343965,0.776864775483056,-0.00324061762703853,-0.0129796760927538,0.00985818689703495
-1.04654037009574,0.362319152353595,-0.0514656810179815,0.771034149200748,-0.00576782459258957,-0.0116946124065428,0.0111095980666726
-1.05897665072373,0.375567032021293,-0.0522229036800328,0.765037066397879,-0.0082219951638817,-0.0104079078958125,0.012133599235964
-1.06918004824818,0.384565744723219,-0.0529991348053832,0.758585989458957,-0.0104891959996328,-0.00913298738603376,0.0129112153782492
-1.07670243275703,0.39018594026993,-0.0538703443348974,0.751219297476601,-0.0124856228806947,-0.0078781323039195,0.0134327593207269
-1.08105176428147,0.393011456110432,-0.0549117532626698,0.74236599429815,-0.0141573699785284,-0.00664573227430078,0.013697337871134
-1.08183877087694,0.393294287454256,-0.0561684126029677,0.731437680558056,-0.0154783477067466,-0.00543321866751218,0.0137120147926824
-1.07888047859222,0.391016074692961,-0.0576365651833391,0.71792731002428,-0.0164471427341903,-0.00423516606827889,0.0134907905317665
-1.07224411779184,0.386003421057612,-0.0592595372010047,0.70149079077127,-0.0170828585793785,-0.00304579897330794,0.0130534431602088
-1.06223085820699,0.378050658405777,-0.0609374522448517,0.681992666675493,-0.0174199794202692,-0.00186112846861079,0.0124241902763235
-1.04931333221353,0.367017804449717,-0.0625465012046569,0.659508571857395,-0.0175026230764199,-0.000680158442102688,0.0116301413505857
-1.03405020391713,0.352888004714771,-0.0639616182848776,0.634290059745169,-0.0173788371200897,0.000495028636369747,0.0106996111453403
-1.01700219768541,0.335783734971683,-0.0650766198086132,0.606706656769689,-0.0170956570610344,0.00166011137822468,0.00966047506968084
-0.998667553604344,0.315951360496137,-0.0658178220329947,0.577182655995276,-0.0166954610304525,0.00280985015961301,0.00853878206462753
-0.979444719935142,0.293727903531271,-0.0661498433937694,0.546142745708141,-0.0162138236131165,0.00393940318751925,0.00735778174771984
-0.959620863412242,0.269502860067365,-0.0660745868899363,0.513974036448823,-0.0156787446824605,0.00504528300401145,0.00613741486518871
-0.9393792969763,0.243683920914618,-0.0656256401056281,0.481005697438392,-0.0151109192814181,0.00612579991294028,0.00489421782956459
-0.918817483301582,0.216670892068312,-0.0648605060387942,0.447503204558859,-0.0145246512539346,0.00718101595379575,0.00364153578258461
-0.897968556869287,0.188838513990377,-0.0638525641608342,0.41367247700944,-0.0139290607070759,0.0082123385578268,0.00238992541026444
-0.876821685624074,0.160526756953212,-0.0626839033829848,0.379669278662876,-0.0133293351289346,0.0092219163891643,0.00114764337130918
-0.855338896659247,0.132036346886762,-0.0614394835368635,0.345610280458538,-0.0127278780409938,0.0102119848833223,-7.88577594793337e-05
-0.833467681061239,0.103627326666167,-0.0602026153400954,0.311583429191671,-0.0121252913898065,0.011184272064474,-0.00128447706939374
-0.811149697758141,0.0755189732408448,-0.0590515179840786,0.277656380213387,-0.0115211814676202,0.0121395343438727,-0.00246508341602098
-0.788326375799543,0.0478900773252495,-0.0580566659319082,0.243882618096098,-0.0109148071003887,0.0130772552448242,-0.0036172104355103
-0.764942380582783,0.0208792470189818,-0.057278692756617,0.210305517382974,-0.0103056010915974,0.0139955095580726,-0.00473781761019355
-0.740947920603878,-0.00541463060232591,-0.0567667015463569,0.1769609972702,-0.00969359857521884,0.0148909724166791,-0.005824094389298
-0.716300792252446,-0.0309314454531921,-0.0565568840109662,0.143879573130862,-0.00907980303369927,0.0157590398155674,-0.00687328019424435
-0.6909688800097,-0.0556482148151885,-0.0566713607877118,0.111088474208466,-0.00846651310204744,0.0165940271596528,-0.00788247898945685
-0.664933527345413,-0.0795767790476405,-0.0571171524698836,0.0786141278360112,-0.0078576204039763,0.0173894248980077,-0.00884846115252745
-0.63819381159478,-0.102761127162883,-0.0578852201463483,0.046484873286064,-0.00725887132855992,0.0181382084421087,-0.00976746149899782
-0.610771384988274,-0.125274661676281,-0.0589496010930047,0.014733454970474,-0.00667806649136799,0.0188332136712486,-0.0106349942043681
-0.58271526262488,-0.147217506446864,-0.0602667976926214,-0.0166012458007218,-0.00612515411751418,0.0194675922857744,-0.0114457105843555
-0.554105772921898,-0.168713631016629,-0.0617757176257281,-0.047473673340387,-0.00561216110420716,0.0200353513962151,-0.0121933258228226
-0.525056818753605,-0.189907259040022,-0.0633985680478758,-0.0778324757448574,-0.00515290124125125,0.0205319618237036,-0.012870638708254
-0.495715612879446,-0.210957861410361,-0.0650431391979842,-0.107622787271847,-0.00476240777861021,0.0209549940456192,-0.0134696654139179
-0.466259162591332,-0.232033075838249,-0.0666068428813303,-0.136789692222609,-0.00445606150139741,0.0213047143533727,-0.0139819030263033
-0.436887035610305,-0.253299173388773,-0.067982673180839,-0.165282463124937,-0.00424842894770403,0.0215845519848915,-0.0143987279244988
-0.407810382750962,-0.274909211583695,-0.0690669226782042,-0.193059020489466,-0.00415188708320021,0.0218013377453825,-0.0147119160053266
-0.379237821678991,-0.296989716502367,-0.069768048044679,-0.220089977910998,-0.00417518142082505,0.0219652236909145,-0.0149142464455965
-0.351359520021831,-0.319627474039058,-0.0700156229274573,-0.246361644141942,-0.00432212561303247,0.0220892276719939,-0.0150001226207409
-0.324331473017013,-0.342858548927029,-0.0697679891016078,-0.271877480600475,-0.00459067706915341,0.0221884057670178,-0.0149661217816109
-0.298262318571132,-0.366661722973739,-0.0690171792021017,-0.296657748720027,-0.00497259353650615,0.0222787298975346,-0.014811379700391
-0.27320486760133,-0.390957987555408,-0.0677900353751645,-0.320737382055821,-0.00545378402046393,0.0223758175754105,-0.0145377353587934
-0.249153794477939,-0.415616601358491,-0.0661451505651332,-0.344162409029338,-0.0060153326129127,0.0224937022891694,-0.0141496031441999
-0.226049792344188,-0.440466849294004,-0.0641661202313885,-0.366985457024955,-0.00663503578968099,0.0226438294669695,-0.0136535948042792
-0.203789285027187,-0.465313470048746,-0.0619523337693943,-0.389260942893131,-0.00728919745709779,0.0228344129832201,-0.0130579628587552
-0.182237870022547,-0.489953137122708,-0.0596089214119372,-0.411040497956275,-0.00795440018558469,0.0230702070945529,-0.0123719652325617
-0.161245278797797,-0.514189511404038,-0.0572374190909848,-0.43236902947795,-0.00860901577332677,0.023352664864802,-0.0116052507782713
-0.140659798452149,-0.537845079492821,-0.0549283072532889,-0.45328164264597,-0.00923430843006592,0.0236803907572025,-0.0107673417355465
-0.120340637334287,-0.560768933029103,-0.0527560098982326,-0.473801485800439,-0.00981508441161931,0.0240497647221063,-0.00986725408852646
-0.100167397000544,-0.582840518334501,-0.050776399147247,-0.493938465435268,-0.0103399241648075,0.0244556167965221,-0.00891326291560316
-0.0800464315683168,-0.603969999795065,-0.0490264611138255,-0.51368871229826,-0.0108010829857128,0.0248918548336698,-0.00791279549928969
-0.0599143228971534,-0.624096184422865,-0.0475255768336184,-0.533034656768525,-0.0111941639497727,0.0253519808478669,-0.00687242275240367
-0.039738953131258,-0.643183002568574,-0.0462778301356811,-0.551945578468584,-0.011517660900787,0.0258294634425464,-0.00579791757835904
-0.0195187474997975,-0.661215425369358,-0.0452748179092901,-0.570378520699612,-0.0117724501678299,0.0263179591695396,-0.00469435333804378
0.000719356783301484,-0.678195511672179,-0.0444985533716955,-0.588279495905977,-0.0119612861854164,0.0268113927131999,-0.00356622295860525
0.020922736955119,-0.694139079285688,-0.0439241800308303,-0.605584949355465,-0.0120883339772407,0.0273039153679003,-0.00241756668651972
0.041016330465523,-0.709073321518148,-0.043522330038937,-0.622223491427396,-0.0121587533085486,0.0277897653932567,-0.00125210259105097
0.0609060304048472,-0.723035551185529,-0.0432610555643803,-0.638117951364674,-0.0121783360752131,0.0282630546768322,-7.3358201704024e-05
0.0804820604611884,-0.736073148038648,-0.0431073337693561,-0.653187844328301,-0.0121531900648171,0.0287175056208178,0.00111519576726891
0.0996222480363163,-0.748244701476853,-0.0430281971636236,-0.667352375653459,-0.0120894581646449,0.0291461617765188,0.00231000741616326
0.118195191075685,-0.759622263546303,-0.0429915751003929,-0.680534126022238,-0.0119930620290928,0.0295410965075075,0.00350729884080146
0.136063380931885,-0.770294540919817,-0.0429669524,-0.69266356238591,-0.011869462971708,0.0298931465202705,0.00470291219973578
0.153086402619813,-0.780370740695507,-0.0429259598895327,-0.703684492790067,-0.0117234403481664,0.0301917016992556,0.00589214512998818
0.169124387475277,-0.789984625071109,-0.0428430097940455,-0.713560516299967,-0.011558898764062,0.0304245890502801,0.00706957539600317
0.18404194292645,-0.799298109589517,-0.0426960751566989,-0.722282396254191,-0.0113787293489758,0.0305780957316892,0.00822887719579212
0.197712827105191,-0.80850345458185,-0.0424676833567984,-0.729876087278073,-0.0111847651981051,0.0306371821884992,0.0093626359011455
0.210025661520474,-0.817822770009213,-0.042146143946805,-0.736410855855033,-0.0109778831012872,0.0305859380861994,0.0104621750413276
0.220890956786362,-0.827503244717382,-0.0417269544803273,-0.742006541958095,-0.0107583065764039,0.0304083264536688,0.011517419709838
0.230249618357147,-0.83780635558189,-0.041214221640162,-0.746838534632816,-0.0105261503847929,0.0300892395924145,0.0125168342014965
0.238082834888727,-0.84898952557424,-0.0406218049913625,-0.751138553687945,-0.0102822051126638,0.029615848683374,0.0134474866484162
0.244422762466224,-0.861279556329393,-0.0399737617592278,-0.755189011216162,-0.0100288874071369,0.0289791656202006,0.014295304700148
0.249362679534943,-0.874838892687062,-0.0393035945701333,-0.759308849532442,-0.00977118454872898,0.0281756558024328,0.0150455849778094
0.253064397662311,-0.889728373983534,-0.0386518562265688,-0.76382966075547,-0.00951732895999897,0.0272086614186705,0.0156837935570504
0.255759967716006,-0.905873083812505,-0.0380619218181861,-0.769062835033965,-0.00927889832822472,0.0260893456168816,0.016196636198905
0.257744607876284,-0.923040088773088,-0.0375742189834296,-0.775261325643334,-0.00907010617995814,0.0248368839360495,0.016573288603421
0.259358806351807,-0.940836742216302,-0.0372198125960128,-0.782582581635861,-0.00890625315354851,0.0234777338261339,0.0168065830025009
0.260959895420248,-0.958734720067584,-0.0370147332306291,-0.791060912937972,-0.00880160830988583,0.022043996046741,0.0168938922806751
0.262886563127062,-0.976118391411324,-0.0369565300345546,-0.800596670291614,-0.00876725946057895,0.0205710899358245,0.0168374807870136
0.265422592543859,-0.992348736498062,-0.0370240568872826,-0.810965792941453,-0.00880955949627315,0.0190951193707608,0.0166442137708019
0.268767243360351,-1.00682907262427,-0.0371805878752247,-0.821847746707834,-0.0089296205111528,0.0176503468513019,0.0163246938709086
0.273018375020104,-1.01905872925166,-0.0373793876284047,-0.83286499690294,-0.00912393281814924,0.0162671142549624,0.0158920459306617
0.278171051578303,-1.02866547846314,-0.0375702589545922,-0.843624987470507,-0.00938579585688579,0.0149704006436652,0.0153606341218416
0.284130334754001,-1.03541454497227,-0.037705564394954,-0.853756652870747,-0.00970702935401441,0.0137790577766902,0.0147449533073106
