0,0,0,0,0,0,0
-0.0888003114226677,-0.00112167759952352,3.38793698764443e-05,-0.011889889299,1.62566011967968e-05,6.85179479575992e-05,-3.93355849261222e-05
-0.266184485168697,-0.00334626135875127,9.95368183001009e-05,-0.035608658200702,4.80236856995687e-05,0.000205332032831614,-0.000116847332614321
-0.442919079452316,-0.00551483679104645,0.00015889916947236,-0.0591441970835543,7.75578824687705e-05,0.000341473423176055,-0.000190884953558956
-0.618569816119412,-0.00759108700553901,0.000207800917464702,-0.0823736445039473,0.000103390443251463,0.000476469023338835,-0.000259148027710558
-0.792700550751947,-0.00954025063911895,0.000242130606045186,-0.105173148593326,0.000124088105609247,0.00060980852636285,-0.000319366685367769
-0.964873051325348,-0.0113297834368227,0.000257866548249218,-0.127417687318631,0.000138277964497826,0.000740929575788083,-0.00036932763351032
-1.13464684317276,-0.0129300264586681,0.00025112511614273,-0.14898103319073,0.000144680965225485,0.000869202901162224,-0.000406912503483786
-1.30157943466423,-0.0143148556662758,0.000218223337825599,-0.169735928807057,0.000142153853474965,0.000993918026167273,-0.000430150325333925
-1.46522689850678,-0.0154622719508404,0.000155755909555035,-0.189554484655573,0.00012973765907276,0.00111427014072579,-0.000437284412985707
-1.62514485980086,-0.016354887220284,6.06850456421627e-05,-0.208308809831729,0.000106709154407286,0.00122934907152162,-0.000426852337862965
-1.78088990387442,-0.0169802664451787,-6.95601205553417e-05,-0.225871870082475,7.26304342012507e-05,0.00133813156532815,-0.000397775854468347
-1.93202138510672,-0.0173310986394284,-0.000236979304716687,-0.242118552819098,2.73911207522541e-05,0.00143947839791071,-0.00034945581291188
-2.0781036103677,-0.0174051888381271,-0.000442897666035579,-0.25692690806301,-2.87621125829926e-05,0.00153213811987251,-0.000281865422735065
-2.21870834740849,-0.0172052834502376,-0.000687869189677886,-0.270179523252768,-9.52129751586027e-05,0.00161475945675238,-0.00019563391318114
-2.3534175879593,-0.0167387582769178,-0.000971592528905318,-0.281764981041646,-0.000170982537550208,0.0016859144038366,-9.21118627021898e-05
-2.48182649434396,-0.016017225318967,-0.00129284208977706,-0.291579345998675,-0.000254756771544209,0.00174413389993859,2.65905839884626e-05
-2.60354642519362,-0.0150560180265312,-0.0016494291210753,-0.299527608918031,-0.000344931316263714,0.00178795644412389,0.000157600828868
-2.71820798827913,-0.0138737369042838,-0.00203817760487361,-0.305525046675676,-0.00043967450867271,0.00181599046182069,0.000297322545759096
-2.82546399134947,-0.012491734480928,-0.00245493727100037,-0.309498415118253,-0.000537001287553514,0.00182698716243214,0.000441520459974853
-2.92499221636249,-0.0109336094304919,-0.00289463072001597,-0.311386926855689,-0.00063485558827346,0.00181991987553,0.000585452160043128
-3.01649792691625,-0.00922468893048738,-0.00335134269046714,-0.311142964561434,-0.000731196691879024,0.00179406296034335,0.000724044421376034
-3.0997160321105,-0.00739148377536262,-0.00381845843165544,-0.308732500040411,-0.000824085290212559,0.00174906158205325,0.000852107494164257
-3.17441284597712,-0.00546110169847656,-0.0042888569556853,-0.304135214767561,-0.000911764841046334,0.00168498276227232,0.000964576767860988
-3.24038740820906,-0.0034606133390025,-0.0047551611788936,-0.297344348763391,-0.000992733437899636,0.00160233872813937,0.00105676756833001
-3.29747236024102,-0.00141638060490149,-0.00521004024921295,-0.288366336479074,-0.00106580111587152,0.00150207597831773,0.00112462605711733
-3.3455344028518,0.000646624944543145,-0.00564655032929474,-0.277220313646231,-0.00113012764629029,0.00138552755000062,0.00116495780753537
-3.38447438853047,0.00270547034847139,-0.00605849041379817,-0.263937590209283,-0.00118523683349755,0.00125433115658787,0.00117561604915266
-3.41422711745963,0.00473982377215114,-0.00644074179731355,-0.248561176504207,-0.0012310053295058,0.00111032122898199,0.00115563400743361
-3.43476090934179,0.00673237983035002,-0.00678955604457618,-0.231145422140347,-0.00126762690186105,0.000955407296863449,0.0011052901069159
-3.44607701282178,0.00866910744980758,-0.00710275837921435,-0.211755785130703,-0.00129555641616426,0.000791453570156215,0.00102610057671492
-3.44820889439569,0.0105392993355843,-0.0073798414898877,-0.190468702831765,-0.00131544075948165,0.000620174423035745,0.000920740427059064
-3.44122142616351,0.0123354251739403,-0.00762193743601548,-0.167371498079343,-0.00132804575212457,0.000443057753338121,0.000792899949566708
-3.42520997300228,0.0140528125154216,-0.00783167003739966,-0.142562233076262,-0.00133418825083958,0.000261323509161463,0.000647088993104965
-3.40029936970182,0.0156891956792865,-0.00801290394693835,-0.116149424808388,-0.00133468106243974,7.5919082227538e-05,0.000488404695464689
-3.36664277815031,0.0172441818479336,-0.0081704171784493,-0.0882515564164557,-0.00133029536236226,-0.00011245209221496,0.000322279866044558
-3.32442042208156,0.0187186847088704,-0.00830952992449677,-0.0589963522644152,-0.0013217417781318,-0.000303276557402198,0.000154228923402357
-3.27383821683151,0.0201143703262834,-0.00843572166096383,-0.0285198287361359,-0.00130966717143296,-0.000496164089544902,-1.03930837994224e-05
-3.21512626422749,0.0214331456041346,-0.00855427773411846,0.0030348859725746,-0.00129466674960397,-0.000690766839066277,-0.000166607771840932
-3.14853734058624,0.0226767732942058,-0.00866998400998291,0.0355188317980996,-0.00127729724360894,-0.000886716908925128,-0.000309994510030954
-3.07434530595362,0.0238464728990973,-0.0087868697484335,0.068778591128481,-0.00125809268254664,-0.0010835741610909,-0.000436831142881351
-2.99284348869822,0.0249427330082029,-0.00890806292962327,0.102657721667154,-0.00123757776476456,-0.00128078184157855,-0.000544193682038641
-2.90434309368562,0.0259651643878438,-0.00903571067069135,0.136998144377492,-0.00121627196719581,-0.00147764931543199,-0.00063001155567524
-2.80917163064851,0.0269124510190352,-0.00917098411583412,0.171641485098577,-0.00119468569092841,-0.0016733504825679,-0.000693082826044384
-2.70767138514266,0.0277823686292019,-0.00931415240780186,0.206430336404239,-0.00117330795990898,-0.00186693701703065,-0.000733053362980616
-2.6001979472522,0.0285718448006982,-0.00946470927898486,0.241209418786325,-0.00115258665646793,-0.00205736226178043,-0.000750365682946675
-2.48711881231066,0.0292770288941982,-0.0096215325792579,0.275826622063663,-0.00113290263359327,-0.00224351123702245,-0.000746183939050302
-2.3688120662462,0.0298933352326055,-0.00978305629569464,0.310133908001636,-0.00111453894200263,-0.00242423256910273,-0.000722301762414596
-2.24566516257301,0.0304154186510354,-0.00994743625210929,0.343988056183498,-0.00109764602179471,-0.00259836906185393,-0.000681039345866878
-2.11807379158095,0.0308370362744762,-0.0101126942339282,0.377251237800416,-0.00108220324062342,-0.00276478490931937,-0.000625135403362218
-1.98644083342605,0.0311507411844726,-0.0102768300233266,0.409791407724654,-0.00106797682635835,-0.00292238899666182,-0.000557638546988327
-1.85117537637625,0.0313473398095023,-0.0104378959377594,0.441482513964282,-0.00105447427676224,-0.00307015519448059,-0.000481801334885104
-1.71269177197693,0.0314150226539858,-0.0105940333482249,0.472204534100476,-0.00104089605002167,-0.00320714190802938,-0.000400978899346629
-1.57140869256105,0.0313380457306121,-0.0107434752301151,0.501843359378064,-0.00102608727404616,-0.00333251432669274,-0.00031853279483872
-1.42774815485117,0.0310948002379861,-0.0108845238089474,0.530290557796714,-0.00100849628296025,-0.00344557375032432,-0.000237739616931927
-1.28213447814793,0.0306550739384666,-0.0110155196342585,0.557443057531004,-0.000986154542912285,-0.00354579884008244,-0.000161703131253171
-1.13499316369075,0.0299763178201336,-0.0111348309983241,0.583202800842049,-0.000956706230634522,-0.00363290308077064,-9.32682530092003e-05
-0.986749713550397,0.0289988759721236,-0.0112409142507383,0.607476427946653,-0.000917537771884105,-0.00370690982034604,-3.49355158077336e-05
-0.837828461372318,0.0276405942886425,-0.0113325279706326,0.630175058738937,-0.000866087878160548,-0.00376823832801912,1.12237012676989e-05
-0.688651560802302,0.0257922825092578,-0.0114092190372254,0.651214241968843,-0.000800446837129005,-0.00381777725013969,4.36467607792161e-05
-0.539638342159104,0.0233174494255454,-0.0114722019734341,0.67051411790423,-0.000720344882849929,-0.00385689192753869,6.13414474632967e-05
-0.391205223602247,0.0200623467908028,-0.0115256439804129,0.687999753414694,-0.00062850752803827,-0.00388727380825415,6.39042066246381e-05
-0.243766087351735,0.0158838085127502,-0.011578035685295,0.703601419878912,-0.000532025479973832,-0.00391052314362169,5.14576331485001e-05
-0.097732381082062,0.0106982339392138,-0.0116427709991732,0.717254334502544,-0.000442872478603708,-0.00392742729208958,2.44770768554874e-05
0.046488547663795,0.0045408335121414,-0.0117366785184127,0.728897318561608,-0.00037641029253201,-0.00393711844866541,-1.64721524753745e-05
0.18849825481564,-0.00239546378212144,-0.0118758795812977,0.738470315947612,-0.000347415596715961,-0.00393658029551931,-7.09735737145108e-05
0.327914663992699,-0.00977602089025472,-0.0120703078331461,0.745911764163048,-0.000365034074734069,-0.00392100620214476,-0.000138806037538247
0.464379212470123,-0.0172008214581279,-0.0123199547311351,0.751157446420884,-0.000429564443610233,-0.00388502883186963,-0.00021971873778672
0.59756041059036,-0.0243024214877364,-0.0126151333164295,0.75414170423392,-0.000533051717758172,-0.00382419523895318,-0.000313048677208612
0.727153232042906,-0.0308144067637795,-0.0129401516852169,0.754800327062885,-0.000662908745136281,-0.00373591956689203,-0.00041740450622535
0.852876418273467,-0.0365883220404413,-0.0132777953815472,0.75307356504759,-0.000806062766572545,-0.00361962672012253,-0.000530562509447895
0.974470053948078,-0.0415722577103635,-0.0136124886784028,0.748908177987907,-0.000951717316941282,-0.00347632877626638,-0.000649567081021359
1.09169438601642,-0.0457762158815274,-0.0139316102452836,0.742258355160963,-0.00109235397329103,-0.0033080286582404,-0.000770944325052455
1.20432965032049,-0.049241652786009,-0.0142255060445611,0.733085883274568,-0.00122354371134255,-0.00311720838107876,-0.000890943517540036
1.31217628154293,-0.0520211442068059,-0.0144869313707911,0.721359997579401,-0.00134325847768839,-0.00290648155191026,-0.00100576096256883
1.41505501486197,-0.0541672957655653,-0.0147104130147443,0.707057195981604,-0.00145112380310734,-0.00267839070742674,-0.0011117319320772
1.51280663144966,-0.0557279205932811,-0.0148917491562537,0.690161141964294,-0.00154779793902704,-0.00243530335879756,-0.00120549013725468
1.60529127524293,-0.0567447649543422,-0.0150276949943448,0.670662694387155,-0.00163451435039636,-0.00217936740369407,-0.00128409694926457
1.69238736316851,-0.0572539436168515,-0.0151158072402053,0.648560068588109,-0.0017127647291472,-0.00191250055483743,-0.0013451413666309
1.7739901535517,-0.0572870249269096,-0.01515439910654,0.623859126296806,-0.00178408709340931,-0.00163639946540973,-0.00138681024095146
1.85001005768134,-0.0568722220778099,-0.0151425586761979,0.596573791703207,-0.00184992881762753,-0.00135256067660496,-0.00140792777804443
1.92037078308738,-0.0560354453890698,-0.0150801919844933,0.566726590668581,-0.00191156332771065,-0.00106230860343815,-0.0014079639098558
1.98500740093517,-0.0548011283548147,-0.0149680617687555,0.534349304157146,-0.00197004646731666,-0.000766827004175091,-0.00138701247309677
2.04386443337253,-0.0531928182545275,-0.0148078019249925,0.499483715807703,-0.00202620312439748,-0.000467190865053772,-0.00134574182657994
2.09689405259037,-0.0512335577562751,-0.0146018959658254,0.462182421340495,-0.00208063707265499,-0.000164396042324554,-0.00128532221698854
2.14405447835249,-0.0489460978740678,-0.0143536151203653,0.422509654737823,-0.00213375797577356,0.000140615406994364,-0.00120733557874993
2.18530865150584,-0.0463529854710965,-0.0140669179213367,0.380542075764478,-0.00218581987114166,0.000446935460949215,-0.00111367434003024
2.22062324651059,-0.0434765656886386,-0.0137463178841124,0.336369458805021,-0.00223696571234707,0.000753676240351357,-0.0010064361306946
2.24996807040852,-0.0403389339332553,-0.013396728942762,0.290095223303342,-0.00228727298882214,0.00105996137425776,-0.000887821064335771
2.27331587868459,-0.0369618651603224,-0.0130232996479455,0.241836753787893,-0.00233679613853112,0.00136492124922352,-0.000760037586420903
2.29064262349133,-0.0333667410429934,-0.0126312469014402,0.191725469404737,-0.00238560238704418,0.00166769028780724,-0.000625221857856977
2.30192813795862,-0.0295744888899914,-0.0122256985737338,0.139906617412594,-0.00243379867693592,0.00196740424920508,-0.000485374405283699
2.30715724993308,-0.0256055402374728,-0.011811552161794,0.0865387804093419,-0.00248154837897448,0.00226319570986909,-0.000342316428942585
2.30632130989801,-0.0214798121338827,-0.0113933541617038,0.0317931024786815,-0.00252907740413154,0.00255418631245777,-0.000197666812411175
2.2994201096704,-0.0172167102781643,-0.0109752024238492,-0.0241477455609923,-0.00257667010398878,0.00283947498961314,-5.2839593183807e-05
2.28646416113374,-0.0128351500176195,-0.0105606716720551,-0.0810908302579402,-0.00262465593438137,0.00311812210756215,9.09395346811156e-05
2.2674772959662,-0.00835358873603411,-0.0101527607603295,-0.138834406905489,-0.00267338826333847,0.00338913023427498,0.000232600173406786
2.24249953855733,-0.00379006094050684,-0.00975385913354106,-0.197169508187145,-0.00272321694802983,0.00365142295712716,0.000371181041108674
2.21159019528166,0.000837794876813739,-0.00936572931623432,-0.255881613460974,-0.00277445640454797,0.00390382378938488,0.000505774850695359
2.17483109390746,0.00551273130237259,-0.0089895019742694,-0.314752338067578,-0.00282735086184406,0.00414503767039798,0.000635469077050421
2.13232989729767,0.0102179265842095,-0.00862568005828868,-0.373561080571905,-0.00288203832455886,0.00437363783995445,0.000759287919041712
2.08422340561882,0.0149370821780624,-0.00827414861696848,-0.432086566990419,-0.00293851444948932,0.00458806092249079,0.000876141052920573
2.03068075117193,0.019654615839492,-0.00793418693246031,-0.490108235389914,-0.00299659703046486,0.00478661287955077,0.000984784830009432
1.97190638071017,0.0243559972753098,-0.00760447958371539,-0.547407411141035,-0.00305589103801384,0.00496748808932378,0.00108380132434946
1.90814271065396,0.0290282966278216,-0.00728312282634104,-0.603768235027201,-0.00311575313660182,0.005128803259835,0.0011716000038874
1.83967233244352,0.0336610535453226,-0.00696762236767057,-0.658978322400435,-0.0031752533216628,0.0052686473093319,0.00124644568468119
1.76681964015284,0.0382476350982825,-0.00665487852333495,-0.712829151464077,-0.00323312997384788,0.0053851480025726,0.00130651474443067
1.68995175212038,0.0427873481203722,-0.00634115567148064,-0.765116202925175,-0.00328773385348909,0.00547655641677239,0.00134997926778272
1.60947860590703,0.0472887250151662,-0.00602203679694668,-0.81563890018387,-0.00333695804798372,0.00554135179009553,0.00137511588546838
1.52585212489594,0.0517746317850148,-0.00569237519676728,-0.864200426715524,-0.00337815881285006,0.00557837263817831,0.00138043269443006
1.43956438569325,0.0562901464611675,-0.00534628427657879,-0.910607522452869,-0.00340809640579413,0.00558698554771263,0.00136480420027374
1.35114474740608,0.0609143889018567,-0.00497727495958427,-0.954670379737007,-0.00342298704147343,0.00556730922085997,0.00132760168297853
1.26115588905373,0.0657770583748303,-0.0045788010908007,-0.996202765494976,-0.0034188994511516,0.00552050968088136,0.00126880719178586
1.17018849127977,0.0710774547398042,-0.00414576221690355,-1.03502247696516,-0.00339301213966719,0.00544914393852264,0.00118910941589488
1.07885354212357,0.0770934629860013,-0.0036779008314705,-1.07095216053505,-0.00334665297418245,0.00535737721136997,0.00109001074053674
0.987769463818925,0.0841431255470171,-0.00318592596104488,-1.10382032843888,-0.00329105111474529,0.00525050560360316,0.000974037648365934
0.89753916718312,0.0924289344064956,-0.00269855049303354,-1.13346212602207,-0.00325441075749093,0.00513265076684019,0.000845196324802682
0.80871567241009,0.10173085645141,-0.00226119517180602,-1.15971961127851,-0.00328184061317264,0.00500191875346377,0.00070962375586101
0.721773688034535,0.111154568925779,-0.00191316091803022,-1.1824430970076,-0.00341491805256623,0.0048460536425379,0.000575701031168064
0.637120718508517,0.119378834053896,-0.00165318179622861,-1.20149659735551,-0.00365811240481524,0.00464580044003274,0.000452580817869772
0.555142184532466,0.125378051672308,-0.00143493414024032,-1.21676632225076,-0.00397103612033696,0.00438630546622499,0.000347777137462676
0.476220735950495,0.128863814662455,-0.00120193793276048,-1.22816645931904,-0.00429909492308417,0.00406468542497073,0.000266046343941912
0.400707885453287,0.130099852304832,-0.000918515041936453,-1.23564032631773,-0.00460383593735185,0.00368756381283754,0.000209993561467483
0.328886199447384,0.129520159860536,-0.000573172693769688,-1.23915972273637,-0.00486868756657827,0.00326503953094329,0.000180956414510368
0.260949717155652,0.127508463115246,-0.000168132531732587,-1.23872450961334,-0.00509093885941775,0.00280698885302479,0.00017936031362948
0.197000950849365,0.124344701722794,0.000290177078233145,-1.2343623658832,-0.00527364770032561,0.00232200577649273,0.000204709558405321
0.13705587465157,0.120222070976007,0.000796079045355817,-1.2261280857908,-0.00542124878688579,0.00181750196666437,0.00025552046629838
0.0810521472449532,0.115276603469435,0.00134640210241626,-1.21410205473079,-0.00553786953387827,0.00130003555447603,0.000329334668804894
0.0288589646908302,0.109610651053701,0.00194065802502318,-1.1983878664633,-0.00562693652298637,0.000775562682081472,0.000422833412441784
-0.0197119787372838,0.103308078840497,0.00258057348943749,-1.17910922890243,-0.00569125121949375,0.000249574988485681,0.000532030934925478
-0.0648947920714639,0.0964431824445747,0.00326941057619574,-1.15640638413994,-0.00573317722375479,-0.000272844071326905,0.000652515477998447
-0.106957379125717,0.0890855397537051,0.00401126693198332,-1.13043228775808,-0.00575481208898759,-0.000787008875598756,0.00077970760674355
-0.146189577412138,0.081302390814559,0.00481043938786862,-1.1013487780263,-0.00575811186923103,-0.00128864380367459,0.000909109802059182
-0.18289186924353,0.0731595694899849,0.00567088513548205,-1.06932293126374,-0.00574497023895768,-0.00177390484093555,0.00103652679444548
-0.217365012602496,0.0647216214020831,0.00659578893659758,-1.0345237561013,-0.00571726303815484,-0.00223940381719707,0.00115824212796367
-0.24990084431792,0.0560514975155259,0.00758723165116635,-0.997119333954364,-0.00567686919047857,-0.00268223139417223,0.00127114249325472
-0.280774413803315,0.0472100603768236,0.00864595031973933,-0.957274470360232,-0.00562567640983455,-0.00309997580197498,0.00137278699574788
-0.310237521742725,0.0382555448896414,0.00977118019934523,-0.915148885047272,-0.00556557734848696,-0.00349073433107996,0.00146142335740741
-0.338513668868293,0.0292430559223952,0.0109605716221088,-0.870895938320504,-0.00549845966777227,-0.00385311453887139,0.00153595684174174
-0.365794365728963,0.0202241481066046,0.0122101767712459,-0.824661867453371,-0.00542619209697029,-0.00418622248170253,0.0015958803281829
-0.392236713111363,0.0112465109352167,0.0135145018762143,-0.776585490023335,-0.00535060777955998,-0.00448963615326451,0.00164117544736396
-0.417962133314502,0.00235376912583805,0.0148666186108879,-0.726798321271554,-0.00527348588040139,-0.0047633635956518,0.00167219513088663
-0.443056113566179,-0.00641459966151013,0.0162583253399588,-0.675425049395954,-0.0051965323284305,-0.0050077866158283,0.00168953750880308
-0.467568812762974,-0.0150232324867685,0.0176803454515184,-0.622584317667273,-0.00512136053287958,-0.00522359241888252,0.00169392003368453
-0.491516380309205,-0.023440740028003,0.0191225474651056,-0.568389776304185,-0.00504947283805322,-0.00541169655617223,0.00168606127371643
-0.514882841065673,-0.031639464912701,0.0205741706915081,-0.512951389117492,-0.00498224333183178,-0.00557316128258002,0.00166657624562641
-0.537622412142276,-0.0395951492264353,0.0220240411326321,-0.456377011961692,-0.00492090240339161,-0.00570911371379355,0.00163588967091137
-0.559662139326162,-0.0472865186845218,0.0234607626727922,-0.398774308101076,-0.00486652243961041,-0.00582066915067074,0.00159417033944989
-0.58090477013782,-0.0546948209856783,0.024872888398717,-0.340253015918201,-0.00482000842078146,-0.00590885852883955,0.00154128874218785
-0.601231931661816,-0.0618033188142228,0.0262490466094285,-0.28092752519607,-0.00478208455014941,-0.00597457551542475,0.00147679977164858
-0.620507935476833,-0.0685969290508107,0.0275780784518744,-0.220918602192781,-0.00475328519465098,-0.00601853466082203,0.001399950062533
-0.638585081683011,-0.0750623107429405,0.0288492373710338,-0.160350874355657,-0.00473394577312955,-0.00604124809992265,0.00130970411034958
-0.655310895944877,-0.0811886641564261,0.0300525047102462,-0.0993417133645939,-0.00472419909863982,-0.006043011085718,0.00120477477157771
-0.670534268414249,-0.0869683573740888,0.0311788390363322,-0.0379876142321276,-0.00472398489898049,-0.00602388221088618,0.00108365508763454
-0.68410600434776,-0.092395871229696,0.0322200519849466,0.0236349374272308,-0.00473307043050115,-0.00598366609217021,0.000944679826181711
-0.695876055064954,-0.0974656821646546,0.0331684458081429,0.0854542569059848,-0.00475106824992674,-0.00592192702076706,0.000786135008831008
-0.705693232507898,-0.102170940426602,0.0340166170923196,0.147391244442554,-0.00477744625423965,-0.0058380391641926,0.000606396534079544
-0.713408145786024,-0.10650322955617,0.034757509767776,0.209356175968291,-0.0048115395115593,-0.0057312554618144,0.000404080418397922
-0.718877225773873,-0.110452718179893,0.0353845782297131,0.271249720563732,-0.00485257277038301,-0.00560078484555808,0.000178205880290871
-0.721966830650169,-0.114008396594571,0.0358920169633694,0.332964671315854,-0.00489970029756894,-0.00544587178276207,-7.16274921207173e-05
-0.722557167365642,-0.117158294477058,0.0362750251329464,0.394387450525956,-0.00495206689942686,-0.00526587703172616,-0.000345048219295247
-0.720546127795128,-0.119889725021632,0.036530118773394,0.455399401509988,-0.0050088955120694,-0.00506035361506143,-0.000640712420591257
-0.715853110724472,-0.122189580588633,0.0366554849826485,0.515878026153575,-0.0050696055639488,-0.00482911069880243,-0.000956102148664766
-0.708422886695732,-0.124044694462461,0.0366513609015159,0.575698285390019,-0.0051339639552437,-0.00457225582965473,-0.00128733423082198
-0.698229550975361,-0.125442264762495,0.0365204036486358,0.634733990532244,-0.00520226567448754,-0.00429020449663082,-0.00162899573892538
-0.685280610620066,-0.126370314380599,0.0362679991652295,0.692859208104514,-0.00527553352436858,-0.00398364575252541,-0.00197402732912583
-0.669621255586917,-0.126818134403452,0.0359024410670162,0.749949481884505,-0.0053557164405446,-0.00365345469940059,-0.00231368094236042
-0.651338854759145,-0.126776629640435,0.0354349004862358,0.80588255830462,-0.00544585485538631,-0.00330054826432663,-0.00263758266913171
-0.630567674229288,-0.12623845855922,0.0348791120337423,0.860538212397046,-0.00555017242482091,-0.00292569091270642,-0.00293393322675109
-0.60749371496024,-0.125197843952368,0.0342507270119071,0.913796759430144,-0.00567405076336106,-0.00252927177358645,-0.00318987524593638
-0.582359398997136,-0.123649932339074,0.0335663362033957,0.965535951882463,-0.00582385305188223,-0.00211109209093854,-0.0033920461269545
-0.555467612831779,-0.121589600012998,0.0328422344451326,1.01562623359682,-0.00600658791535386,-0.00167021723056428,-0.0035273161973937
-0.527184396991509,-0.11900962676296,0.0320930676580416,1.06392473291432,-0.00622944740034871,-0.00120495349347233,-0.00358368495804232
-0.497939441408101,-0.115898146050766,0.0313305389889873,1.11026883166154,-0.00649930638426182,-0.000712999092979462,-0.00355127703862395
-0.468223606029361,-0.112235168290601,0.0305623243865601,1.15447048617847,-0.00682232273439537,-0.000191786357300385,-0.00342335068834639
-0.438582996163106,-0.10798767498863,0.0297912489395287,1.19631252740142,-0.00720381241380464,0.0003610192778204,-0.00319721288379227
-0.409609659364874,-0.103102188317895,0.0290146265758044,1.23554782934854,-0.00764858033891314,0.000946958700923808,-0.00287493206902405
-0.381929613672403,-0.097492682178211,0.0282235200042863,1.27190156442372,-0.0081618667339273,0.00156630833266502,-0.00246375258994382
-0.356189492328873,-0.0910199468689598,0.0274015948046954,1.30507598461613,-0.00875103270706113,0.00221789193643784,-0.00197613818393664
-0.333043484116742,-0.0834555112623362,0.0265232625009576,1.33475659558437,-0.00942806783342702,0.00289939714172006,-0.00142939515411216
-0.313142556739813,-0.0744179585200678,0.0255509610555384,1.36061851187473,-0.0102129228821299,0.00360845528171194,-0.000844838504637865
-0.297128666077219,-0.0632604862793246,0.0244318141167612,1.38233237323508,-0.0111373793521857,0.00434481719841887,-0.000246460212848467
-0.285638862674689,-0.0488754319390478,0.0230949898295659,1.39957064433414,-0.0122481305178306,0.00511407624780778,0.00034095690214729
-0.279329509600293,-0.0293727525364643,0.0214541999977973,1.41201798996936,-0.0136046209832266,0.00593339973149365,0.000894324694248046
-0.278939007373279,-0.00163247483461802,0.0194278327330106,1.41939503679787,-0.015259439145137,0.00683885377680368,0.00139518448641431
-0.285403501796667,0.0390126587094311,0.0170040383067369,1.4215127929743,-0.0171959237841934,0.00788967235124242,0.00183207697699558
-0.299955102302405,0.0979475640490173,0.0143807547024962,1.41836926422877,-0.0191991946395723,0.00915331413805965,0.00219898230715234
-0.323848619930147,0.177438566955465,0.0121169622965619,1.4102328001676,-0.020731751102291,0.0106448502969756,0.00248419713729901
-0.357209287719725,0.270468982761789,0.0109966635246545,1.39755267577676,-0.0210965938842474,0.0122384814763013,0.0026529265286271
-0.397799029371863,0.360558478289478,0.0114315843382149,1.3806649822369,-0.0200097857972616,0.0136806238494585,0.00265063862960038
-0.441962186695621,0.4325615583231,0.0130876130554882,1.35959903159143,-0.0178990272726473,0.0147607877548915,0.00243982066523666
-0.486988360596462,0.481486890633924,0.0152944639660176,1.33422438245199,-0.0154604626927189,0.0154296078937776,0.00202619590688019
-0.531842987589131,0.510267316628332,0.0175615192655857,1.30452063384436,-0.0131690664034406,0.0157481788868512,0.00144823510849454
-0.576380950863204,0.524038082868709,0.0196758522908213,1.27066500003761,-0.0112087146044494,0.0157989139703227,0.000755847106698634
-0.620607886938275,0.52716925627004,0.021586982214395,1.23296871803792,-0.00959791811909172,0.0156454182892277,-1.93917354330347e-06
-0.664405686370421,0.522715530930012,0.0233049177985012,1.1918005121701,-0.00829461575116015,0.01532876575687,-0.000781236572897314
-0.707508485017026,0.512694885327144,0.0248519192822594,1.14754309414495,-0.0072454652915098,0.0148746845697416,-0.00154435848413091
-0.749547572475301,0.498447061993965,0.0262451443181227,1.10057394041035,-0.00640271824435903,0.0143008536880841,-0.0022600211714109
-0.790098678508262,0.480891177262055,0.0274908368064572,1.05125600267585,-0.00572777743612696,0.0136219892850115,-0.0029033361107423
-0.828718714355684,0.460684637420519,0.0285820186540301,0.999930518196238,-0.00519032150482915,0.0128528536485814,-0.00345568632490465
-0.864973661756546,0.438316839820848,0.0294978198631331,0.946909578566683,-0.00476634111242105,0.0120096749923406,-0.00390446730104184
-0.898460469203954,0.414164781942412,0.0302046365808929,0.892469114084036,-0.00443621725319319,0.0111103962196263,-0.00424266832643166
-0.928824170042281,0.388527402982121,0.0306593733312723,0.836844045893118,-0.00418320104289209,0.0101741029749771,-0.00446828612217849
-0.955770162468466,0.361648021671595,0.0308144249227316,0.780227159133051,-0.00399238962681442,0.00921996034406082,-0.00458358471966337
-0.979071255700422,0.333729749622723,0.0306234834832453,0.722772307296313,-0.00385017840923859,0.00826597456333231,-0.0045942400702461
-0.998569458263279,0.304946332282727,0.0300470308330635,0.664601414244114,-0.00374410042380096,0.00732785582008154,-0.00450842911535136
-1.01417313922569,0.275449695037567,0.0290565434598022,0.605813855560379,-0.00366292283539543,0.00641818067724987,-0.00433593421870807
-1.02585075494414,0.245374986949805,0.027636868383182,0.546496436051628,-0.00359686155529065,0.00554595176215268,-0.0040873311631831
-1.03362258712244,0.214843751856035,0.0257867246038085,0.48673234986024,-0.00353779571904009,0.00471655368001361,-0.00377331349119687
-1.03755185189222,0.183965798186049,0.0235176769090116,0.42660803748986,-0.00347940328018589,0.00393203050108044,-0.00340418306532983
-1.03773621544909,0.152840279251109,0.0208521323667397,0.366217493688417,-0.00341718254129219,0.00319157265250386,-0.00298951297308344
-1.03430033909139,0.121556404465825,0.0178209289256166,0.305664127193138,-0.00334836017035779,0.00249209764031231,-0.00253796964251809
-1.02738970156536,0.0901940877783293,0.014460978689982,0.245060620537155,-0.00327170829788618,0.00182882933133453,-0.00205726892885974
-1.01716567796427,0.0588247230102199,0.0108132673658981,0.184527372693307,-0.0031873016253599,0.00119581191928593,-0.00155423600936424
-1.00380170512195,0.0275121768464916,0.0069213527963611,0.124190082319304,-0.00309624360236595,0.000586326958067105,-0.00103493958221955
-0.987480310806279,-0.00368598324280729,0.00283038021517354,0.064176912119414,-0.00300038319253024,-6.79117592110507e-06,-0.000504874852338838
-0.968390794156774,-0.0347170484134259,-0.00141344869514046,0.00461552761990022,-0.00290203488794207,-0.000590926737191317,3.08247143036557e-05
-0.94672735623478,-0.0655316073151157,-0.00576308373611697,-0.0543698276800872,-0.00280370401231463,-0.00117351337517025,0.000567163514785857
-0.922687598548906,-0.0960818242847714,-0.0101706109016442,-0.112661107621357,-0.00270781969954192,-0.00176189192080651,0.00109905621254022
-0.896471233240987,-0.126319692143439,-0.0145871986077069,-0.170149034232911,-0.00261646651958554,-0.00236315806379925,0.00162110903870401
-0.868278906280104,-0.156195168723239,-0.0189631137687179,-0.226735340977742,-0.00253111559168994,-0.00298396814986136,0.00212741696593674
-0.838311019971771,-0.185654398366008,-0.0232479982833539,-0.282334714891932,-0.00245235079231764,-0.00363027299817743,0.00261139180389774
-0.806766090983461,-0.21463808552493,-0.0273915286040843,-0.336876493770372,-0.00237960121175984,-0.00430696802393546,0.00306563806904646
-0.773838188699025,-0.243080218155692,-0.0313445853059891,-0.390306070535663,-0.00231089437050138,-0.00501746204475245,0.00348189945033339
-0.739713144580274,-0.270907058057044,-0.0350609350901043,-0.442585450210717,-0.00224265634826029,-0.00576318826877267,0.00385109680943978
-0.704563512058129,-0.298036162325752,-0.0384993002058096,-0.493692118165597,-0.002169589755841,-0.00654310447222344,0.00416347712160167
-0.668542440334777,-0.324375222495624,-0.0416255649475475,-0.543615571397191,-0.00208465766058906,-0.00735325653828022,0.00440889055529822
-0.631776825570591,-0.349820561832293,-0.0444147490594803,-0.592351284596181,-0.00197918795656879,-0.00818650107740668,0.00457720535792118
-0.594360413075676,-0.374255120443585,-0.0468522923811118,-0.639892360632756,-0.00184308703339957,-0.00903248697805058,0.00465885496673167
-0.556347859982682,-0.397545708054913,-0.0489342044094264,-0.686219642828069,-0.0016651166239058,-0.00987797319406049,0.00464549116221841
-0.517750954430044,-0.419539253184089,-0.0506657863470925,-0.731291578196957,-0.00143315177087859,-0.0107075079289137,0.00453069634083021
-0.478538073686959,-0.440057725679127,-0.0520589331511936,-0.775035443049782,-0.00113431357840717,-0.0115044196440717,0.00431069358529839
-0.438637509631789,-0.458891306937352,-0.0531284008228415,-0.81734146640644,-0.000754870100428638,-0.0122519904219081,0.00398499074515259
-0.397944571782201,-0.475789156419164,-0.0538877552189837,-0.858060841979022,-0.000279827816879885,-0.0129346208793182,0.0035569065254164
-0.356331605844673,-0.490446655407679,-0.0543458647401844,-0.89700770886081,0.000307810818135832,-0.0135387723068109,0.00303394974270558
-0.313659494818983,-0.502487136857293,-0.05450467315767,-0.93396418300975,0.00102808558235911,-0.0140534908279742,0.00242805018066465
-0.269789026831639,-0.511434622030281,-0.0543586053783635,-0.968686788438611,0.00190531468321026,-0.0144703664815516,0.00175566231816467
-0.224590733881685,-0.516671732817853,-0.0538954497756016,-1.00091246661645,0.00296936763102514,-0.0147828300396069,0.00103777560656344
-0.177952167794785,-0.517373572354347,-0.0530981618699157,-1.03036292640938,0.00425669195672462,-0.0149847133524394,0.000299865327319002
-0.129781390305609,-0.512404384274559,-0.0519470797059503,-1.05674757596674,0.00581048733676175,-0.0150679796241628,-0.000428192988327308
-0.0800032359941146,-0.500161826917244,-0.0504229894719514,-1.07976791317548,0.00767859354285192,-0.0150194878542217,-0.00111225133978118
-0.0285379126591778,-0.478363017291989,-0.0485139165651708,-1.09913057075791,0.00990581724113805,-0.0148166972014423,-0.00171414754960309
0.0247637383880456,-0.443813013860566,-0.046232811891071,-1.11458258451101,0.0125140860385136,-0.014422669488605,-0.00219242948333529
0.080275085044771,-0.392335061646941,-0.0436578677886446,-1.12598833358435,0.0154600745960765,-0.0137823754955283,-0.00250451521051999
0.138879317568048,-0.319330536386809,-0.0410034441574586,-1.13345942201062,0.0185633136992166,-0.0128263047653732,-0.00261241942587645
0.202289811929067,-0.221726491237446,-0.0386962181664718,-1.13749435130106,0.0214284776481145,-0.0114928063217939,-0.00249485177785956
0.272951733113481,-0.101531856887036,-0.037356174557385,-1.13897339282268,0.0234573887050345,-0.00977713371336207,-0.00216474021666893
0.352910569216953,0.0312362640327469,-0.0375558770655245,-1.13882780013342,0.0240768976428356,-0.00778365858929035,-0.00167964937803204
0.442105425220852,0.160689131167862,-0.0394463700400492,-1.13749760118406,0.0231086856384288,-0.00571722414485883,-0.00112602775985296
0.538024865319423,0.272589617625944,-0.0426321230599354,-1.13466444320342,0.0209127405887658,-0.00378926966921072,-0.000581133408560722
0.63735688222142,0.360367026744901,-0.04646119598424,-1.12953573988476,0.0181227459543708,-0.00212255205284411,-8.65108605741226e-05
0.737688007589978,0.424788297685801,-0.0503942318849076,-1.1213505929465,0.0152836504059728,-0.000736881014745547,0.000348397954416627
0.837866210095794,0.470125073263237,-0.05414346287351,-1.10966125229855,0.0127010392397153,0.000406495575209933,0.000728593350263918
0.937527590166631,0.501031176885389,-0.0576192898317136,-1.09432973641638,0.0104811972605664,0.00136062288640671,0.00106056040919063
1.03659101803565,0.521241354565343,-0.060833362265532,-1.07541288867295,0.00862112628957163,0.00217110625533413,0.00134762820586237
1.13498390842552,0.53339950621587,-0.06383059667056,-1.05306028088686,0.00707501375206892,0.00287101138184992,0.00158996137748085
1.23254701838515,0.539283155168902,-0.0666556400951377,-1.02745419347614,0.00578857337040437,0.00348263954470236,0.00178595253465903
1.32902472559953,0.540073150113338,-0.0693403958075168,-0.998781156863838,0.00471275942150771,0.00402074930877777,0.0019336045981084
1.42408466038327,0.53656397614099,-0.0719013684299055,-0.967220697371549,0.00380743627797556,0.00449528779349457,0.002031522594978
1.51734261500696,0.529306307870128,-0.0743407531217863,-0.932942195741168,0.0030410350478557,0.0049132636326382,0.00207950432987531
1.60838469521855,0.518698239322127,-0.0766486258733061,-0.896105332625999,0.00238900637485357,0.00527989536092531,0.00207880840822145
1.6967850043945,0.505042422661737,-0.0788052902587094,-0.856862110842201,0.00183219722706624,0.00559925849722124,0.00203218231869046
1.78211917979067,0.488581749606873,-0.0807835358334742,-0.81535957643497,0.0013555181280819,0.00587462252817682,0.00194372108173195
1.86397454107311,0.469521794064858,-0.0825507891727972,-0.771742797082096,0.000946956139628231,0.00610861548623465,0.00181861544608904
1.94195756399384,0.448045091365935,-0.0840711700114766,-0.726157805035202,0.000596878500966755,0.00630330639889589,0.00166283930472094
2.01569924460585,0.424320319085246,-0.0853074363798982,-0.67875427133885,0.000297545874849701,0.00646025947960802,0.00148281742768553
2.08485878601122,0.398508223937647,-0.0862227729664898,-0.62968772831457,4.27613662183515e-05,0.00658058785697033,0.00128510577852262
2.14912593925543,0.37076542048368,-0.0867823664660948,-0.579121219213815,-0.000172400435777016,0.00666501727687224,0.0010761075713192
2.20822225889204,0.341246770449802,-0.0869547211967213,-0.527226321327705,-0.000351820976892248,0.0067139598810721,0.000861839415334616
2.26190148340048,0.310106808279212,-0.0867126901186221,-0.4741835492462,-0.00049854231301447,0.0067275931667833,0.000647754091401931
2.30994921318664,0.277500532127967,-0.0860342213279488,-0.420182190338589,-0.000614957615177264,0.00670593790854692,0.00043862023764303
2.35218203162809,0.243583784756588,-0.0849028410684657,-0.365419650561633,-0.000702989264088269,0.00664892969694785,0.000238454700026921
2.38844619411599,0.208513382065388,-0.0833079076909536,-0.31010039795417,-0.000764252584094132,0.00655648063592394,5.05004560673354e-05
2.41861599310205,0.172447097611146,-0.0812446763675108,-0.254434590087552,-0.000800202192431287,0.00642852981554044,-0.000122758404401824
2.44259189437729,0.135543572750349,-0.0787142133113373,-0.198636463594097,-0.000812258384655062,0.00626508294652134,-0.000279553502364928
2.46029852821099,0.0979621932473067,-0.0757231932757902,-0.142922555507509,-0.000801912121854376,0.00606624278051307,-0.000418769244431158
2.47168260893384,0.0598629523622199,-0.0722836076087716,-0.0875098191014993,-0.000770808476933255,0.00583223259933243,-0.000539867708731365
2.47671084817654,0.0214063057865031,-0.0684124039078448,-0.0326136910892337,-0.000720809523206254,0.00556341519727804,-0.00064280775511364
2.47536791900174,-0.0172469847491773,-0.0641310734811574,0.0215538361213959,-0.000654038477558022,0.00526030952294182,-0.000727963516454856
2.46765452135141,-0.0559360266739628,-0.0594651997216893,0.0747860859444917,-0.000572907434875583,0.00492360662608812,-0.00079604617214801
2.45358559335727,-0.0944999990319614,-0.0544439790136534,0.126883464335952,-0.000480131303222586,0.004554185905233,-0.000848031722079386
2.43318870761482,-0.132778389972196,-0.0490997253485589,0.177655077683822,-0.000378730642174564,0.00415313198109386,-0.000885096420457938
2.40650268621969,-0.170611274430283,-0.0434673699807862,0.226920163257421,-0.000272026092026604,0.00372175192933244,-0.000908560624605649
2.3735764629746,-0.207839633345457,-0.0375839676473959,0.274509300309452,-0.000163627013035962,0.00326159215382195,-0.000919841084378205
2.33446821582971,-0.244305711191229,-0.0314882207409476,0.320265377766044,-5.74168683791193e-05,0.0027744539043887,-0.0009204111517297
2.28924478639947,-0.27985340371111,-0.0252200320771181,0.364044303118352,4.24621997387302e-05,0.00226240634255626,-0.000911768021615181
2.23798139715867,-0.314328662003056,-0.0188200956165121,0.405715445204237,0.000131623222135591,0.00172779613204352,-0.000895405911835684
2.18076167075956,-0.347579892512343,-0.0123295327672955,0.445161810489834,0.000205444361657725,0.00117325275073845,-0.000872794028168028
2.11767794826853,-0.379458326431692,-0.00578957963005555,0.482279959445203,0.000259072709143896,0.000601689033759547,-0.000845358214748311
2.04883189738294,-0.409818323867477,0.000758671639724844,0.51697967326174,0.00028741969390251,1.62968638145112e-05,-0.000814465327886928
1.97433539473287,-0.438517569998813,0.00727447652787044,0.549183384202409,0.00028514595542628,-0.000579461639761717,-0.000781409561555363
1.89431165965866,-0.465417111090595,0.0137175883522188,0.57882538415084,0.000246633638056603,-0.00118186662822627,-0.000747400165046504
1.80889661088772,-0.490381166550769,0.0200483583811834,0.605850825025013,0.000165944283105814,-0.00178695545656568,-0.000713550198658387
1.71824041337748,-0.513276639192242,0.0262277911303317,0.630214522744311,3.67608904156229e-05,-0.00239053830392173,-0.000680866146758845
1.62250917881136,-0.533972229034077,0.032217561860819,0.651879574339366,-0.0001476865535554,-0.0029882122834252,-0.000650238323409613
1.52188677836727,-0.552337036529643,0.0379800053902474,0.670815797264117,-0.000394711517238402,-0.00357537141427511,-0.000622432041255999
1.41657672429014,-0.568238517877721,0.0434780876908506,0.686998001321091,-0.000712274614649889,-0.00414720942138554,-0.000598079448107702
1.30680406948494,-0.581539631641295,0.0486753753958261,0.700404111604946,-0.0011090942740218,-0.00469871204725499,-0.000577671742140943
1.19281725795302,-0.592094996322181,0.0535360239912301,0.711013178819315,-0.00159475244555436,-0.00522463552543313,-0.000561551134165781
1.07488981889548,-0.599745872879711,0.0580248144264611,0.718803347093587,-0.00217977466705596,-0.00571946833102727,-0.000549901415803352
0.953321724598147,-0.604313813167179,0.0621072813482803,0.723749905915874,-0.00287565078868881,-0.00617737466892741,-0.000542735317068521
0.828440099866402,-0.605592910088114,0.0657499957020507,0.725823642017788,-0.00369474416575941,-0.00659212105680728,-0.000539876036459011
0.700598751963682,-0.603340807820193,0.0689210910566642,0.72498983951958,-0.00465001256606205,-0.00695699279240969,-0.000540929538241923
0.570175663518772,-0.597269071749115,0.0715911550659552,0.721208458522289,-0.00575443466393398,-0.00726471633844102,-0.000545243755433137
0.437567159073938,-0.58703430484802,0.0737346389719349,0.714436248403184,-0.00702000743623634,-0.00750741811424112,-0.000551851350966284
0.303176985420875,-0.572232663615134,0.0753319532892951,0.704631784575711,-0.00845616585242,-0.00767667053785207,-0.000559395281615362
0.167398244450373,-0.552402229140515,0.0763723869263674,0.691764559371336,-0.0100675034878365,-0.00776370063062997,-0.000566042700324233
0.0305864396830062,-0.527039813458008,0.0768578629734008,0.675829122292141,-0.0118507815867132,-0.00775985766428673,-0.000569404485039269
-0.106976451756094,-0.495640430801451,0.076807274627617,0.656864575057478,-0.0137914498019267,-0.00765743758898432,-0.000566495508216176
-0.245123218167823,-0.457767147342728,0.0762607068149521,0.634978202736246,-0.0158602811463188,-0.00745091654931501,-0.000553791491692052
-0.383838322976635,-0.413153877072442,0.0752823204873678,0.610369623369724,-0.0180111746764577,-0.00713852572189499,-0.000527451678422258
-0.523274338148838,-0.361831944188942,0.0739603051515196,0.583349136377388,-0.0201814814151129,-0.00672390183624663,-0.000483764570550816
-0.663729063335285,-0.304254154666463,0.0724024857365035,0.554342357174376,-0.0222960175355666,-0.00621733092991237,-0.000419818509472691
-0.80557122472279,-0.241374974301097,0.0707272149770456,0.523874576670566,-0.024274981997173,-0.0056360016889104,-0.000334300309793349
-0.949120920525249,-0.174644244791061,0.0690509335135265,0.492533505530305,-0.0260444550921528,-0.00500284786780686,-0.000228220785017923
-1.09451416633365,-0.105893356344942,0.06747541504146,0.460916694357405,-0.0275467618529597,-0.00434401308063089,-0.000105322511686903
-1.24159472364178,-0.0371316595407667,0.0660781660572513,0.429576181022355,-0.0287476764932303,-0.00368552325867255,2.80072723132189e-05
-1.38986943743704,0.0296931839251095,0.0649082778745479,0.398974084811014,-0.0296385776075407,-0.00305008200189719,0.000163334946963496
-1.53853803715668,0.0929055640757977,0.0639878924064451,0.369458223738352,-0.0302336121555039,-0.00245481183710166,0.000291136976455539
-1.68658015482934,0.151235403931172,0.0633175919337443,0.341259241925899,-0.0305635595038144,-0.0019103343213481,0.000401872213032976
-1.83286663419003,0.203860580363345,0.06288330694511,0.314504289709251,-0.0306686609798501,-0.0014210915959972,0.000486946408862702
-1.97626351583432,0.250373701807408,0.062662730986994,0.289239448253725,-0.0305922487630344,-0.000986501235945102,0.000539434211918848
-2.11570921273028,0.290703183343685,0.0626301503473411,0.265453710530979,-0.0303761232143342,-0.000602469843833502,0.000554522617437245
-2.25025920821166,0.325018332606625,0.0627594573125777,0.24309979306533,-0.0300578232137828,-0.000262891779667098,0.000529707723558588
-2.37910229307067,0.353639760529968,0.0630256417713198,0.222109708457248,-0.0296694556116073,3.90851093950916e-05,0.000464804577457172
-2.50155662875426,0.376966440200643,0.063405246550054,0.202404968850634,-0.0292375882965565,0.000310111196886531,0.000361828766464836
-2.6170541871576,0.395422867475802,0.0638762480644595,0.183902330390566,-0.0287837480174961,0.000556003385472285,0.00022479370870536
-2.72512038785618,0.409425014772907,0.0644177088666653,0.166516327229384,-0.0283251815658168,0.000781387576008078,5.94508135203705e-05
-2.82535353311053,0.419361606569815,0.06500942201576,0.150159771356735,-0.0278756630077824,0.000989559506799652,-0.000127013444926524
-2.917406716245,0.42558674484371,0.0656316653469636,0.134743146319145,-0.0274462277278924,0.0011825089506103,-0.000326317360069154
-3.00097349841077,0.428420255222698,0.0662651153210523,0.120173544800198,-0.0270457796213822,0.00136105807893459,-0.00052945758801719
-3.07577776518265,0.42815277124472,0.0668909302005879,0.106353566693113,-0.0266815565373768,0.00152507122759327,-0.000727112646082513
-3.14156764308736,0.425053243993479,0.0674909911221541,0.0931804311688111,-0.0263594600323405,0.00167369896218725,-0.000910069097223545
-3.19811302923697,0.419377152140862,0.068048277649296,0.0805454605243475,-0.0260842666735049,0.00180562450440496,-0.00106965824653766
-3.24520606311307,0.411374185259371,0.0685473446787346,0.0683340467842072,-0.0258597448850771,0.00191928613413203,-0.0011981857018919
-3.2826637092242,0.40129460997652,0.068974857048827,0.0564261877169834,-0.0256887060406157,0.00201305601153306,-0.00128933137210853
-3.3103315261523,0.38939392972512,0.0693201276028517,0.0446976522766735,-0.0255730212042792,0.00208536435898789,-0.00133849465284137
-3.32808770049563,0.375935817197653,0.0695755972936703,0.0330217892159613,-0.0255136343339987,0.00213476773649043,-0.0013430597701834
-3.33584654799649,0.361193611122517,0.0697371964415385,0.0212719221033827,-0.0255105975973213,0.00215997004728599,-0.00130256011249065
-3.3335609245157,0.345450889869769,0.0698045370991574,0.00932418887267623,-0.0255631445603862,0.00215981318962965,-0.00121872770084933
-3.32122330857638,0.329001734102119,0.0697809070398912,-0.0029393965655126,-0.0256698038734477,0.00213325919360912,-0.00109542371526341
-3.29886564961793,0.312151264033467,0.069673062073421,-0.0156279372686938,-0.0258285425080809,0.00207938614381732,-0.000938456554735757
-3.26655835510871,0.295216907322778,0.0694908391496628,-0.0288389904682902,-0.0260369167174442,0.00199741615240777,-0.000755303424565366
-3.22440896959661,0.27853066636458,0.069246632401697,-0.0426565079159339,-0.0262922028754279,0.00188678618434134,-0.000554758389183925
-3.17256117150562,0.2624424559271,0.0689547849002621,-0.0571495738245737,-0.0265914795954724,0.00174726347356212,-0.000346533369613628
-3.11119470521984,0.247324403285127,0.0686309509847725,-0.0723720553965693,-0.0269316355863221,0.00157909860559788,-0.000140838657216696
-3.04052682286301,0.233575843814697,0.0682914809309647,-0.0883632048949184,-0.0273092819884267,0.00138320271410201,5.20332590083303e-05
-2.96081577284545,0.221628574935545,0.0679528756189324,-0.105149192123834,-0.0277205509123348,0.00116133157397862,0.000222101542822724
-2.8723668549029,0.211951699134266,0.0676313567217756,-0.122745504159941,-0.0281607621983279,0.000916258792353625,0.000360055547286979
-2.77554153862427,0.20505503605432,0.0673425979577549,-0.141160117003301,-0.028623938590811,0.000651922158882956,0.000457571786721986
-2.67077004235783,0.201489569868056,0.0671016622317342,-0.160397305763213,-0.0291021483768528,0.000373530204618308,0.000507590348422638
-2.55856747669425,0.201842709525826,0.0669231825595477,-0.180461895289185,-0.0295846590978677,8.76182651046732e-05,0.000504559400742929
-2.43955302254201,0.20672532328583,0.0668218043880002,-0.201363638000808,-0.0300569032667633,-0.000197957366497987,0.000444664124733456
-2.31447047517759,0.216746712120036,0.0668128652311984,-0.223121215450253,-0.0304992959121432,-0.000474104398958963,0.000326062994477806
-2.1842067089938,0.232473217103918,0.0669132159774533,-0.245765075665037,-0.0308860139437975,-0.000730687858613151,0.000149157573022451
-2.04980220633842,0.254366556042785,0.0671419793059101,-0.269337940291636,-0.0311839568243811,-0.000956878032415596,-8.30819733527981e-05
-1.91244506429646,0.282700073020021,0.0675208928307638,-0.293891400180712,-0.0313522568480035,-0.00114171550252913,-0.000364730007997227
-1.77343776458974,0.317455857382352,0.0680737141282572,-0.319476726135028,-0.0313428744877076,-0.00127495829514334,-0.000686486608634809
-1.63412623116503,0.358213887693095,0.0688240272680295,-0.346128174153305,-0.0311029382508997,-0.00134824452702864,-0.0010353128913517
-1.49578584445572,0.404055505677821,0.0697908043372139,-0.373838131464533,-0.030579448740029,-0.00135651461794424,-0.00139427902366436
-1.35947141228397,0.453514511925618,0.0709814212845028,-0.40252586953586,-0.0297265932773234,-0.00129948027259641,-0.00174284815594705
-1.22585715976149,0.504613300377249,0.0723826696746409,-0.432005403837053,-0.0285150740095882,-0.00118273640561992,-0.00205783020933701
-1.09511224792046,0.555010007946948,0.0739515976600622,-0.46196188432955,-0.0269416191023081,-0.00101798966729552,-0.00231513916385707
-0.966864282450434,0.60225100367262,0.0756092613080913,-0.491947647510605,-0.0250357196291269,-0.00082197386419348,-0.00249224899632969
-0.840284783595019,0.644079116333138,0.0772407429191396,-0.521405880176623,-0.0228604774861435,-0.000614028136916266,-0.00257092602945392
-0.714286670466341,0.678714577158372,0.0787033005978435,-0.549721186433553,-0.0205059408152839,-0.000412908530517425,-0.00253958116953587
-0.58777543352555,0.705027452874441,0.0798415012971135,-0.576285591918909,-0.0180761225675822,-0.000233840748417047,-0.00239461294343371
-0.459873510566679,0.722562019912499,0.0805052376065893,-0.600561757269131,-0.0156735372788484,-8.67658264036568e-05,-0.00214044105169976
-0.330056135753722,0.731431303090387,0.0805654894170478,-0.622126720188746,-0.0133858865258142,2.38230027739157e-05,-0.00178838977280535
-0.198181695084555,0.732140011261446,0.0799241105289085,-0.640688178211617,-0.0112780765016573,9.77406321650731e-05,-0.0013549111815745
-0.064440459191708,0.725399558505902,0.0785166391287316,-0.656075613334309,-0.00939020734501186,0.000137363851439932,-0.000859695620837824
0.0707370199378357,0.711978151703829,0.076309449950193,-0.668215170826909,-0.00774010648236536,0.000145967354864485,-0.000324052329410498
0.206775649899045,0.692601675074753,0.0732935730054779,-0.677098512302029,-0.0063281886538997,0.000126560039167227,0.000230290523722611
0.343034745200289,0.667901523755683,0.0694773546799797,-0.682753523175495,-0.0051427285894845,8.13355702152015e-05,0.000781997518190931
0.478863559266293,0.638397134564285,0.0648794774188637,-0.685221313834315,-0.00416440654563697,1.16493130566277e-05,0.00131066783390191
0.613635433744889,0.604500506515626,0.0595232142825262,-0.684541083685549,-0.00336971959468848,-8.16494354751278e-05,0.0017972382091213
0.746765888521407,0.566532960395821,0.053432377969886,-0.68074260239844,-0.00273332278367586,-0.000197708384736713,0.00222434931466583
0.877720015775305,0.524747672044358,0.0466291905462061,-0.673845091505217,-0.00222957013607393,-0.000335141837639037,0.00257673388474754
1.00601326791557,0.479353848293254,0.0391341252035518,-0.663860798666418,-0.00183354843890439,-0.000491604920573431,0.00284163974588446
1.13120830562045,0.430539700232287,0.030967558177078,-0.650801314693761,-0.00152182465160715,-0.000663566463093406,0.00300926185265988
1.25290951182635,0.378492029048272,0.0221528006233376,-0.634684642508407,-0.00127302629289227,-0.000846335233389375,0.00307313009209594
1.37075617620536,0.323410786454463,0.0127198248961477,-0.615541247370949,-0.00106828557091273,-0.00103434453505965,0.00303038876674702
1.48441512266659,0.265517675277477,0.00270882984574565,-0.593417836532143,-0.000891529117758946,-0.00122164862169236,0.00288191295931556
1.59357350345727,0.205058988293771,-0.00782707618805853,-0.568378411152948,-0.000729579694902742,-0.00140253087902548,0.00263223058057407
1.69793248242598,0.14230370780418,-0.0188206573627622,-0.540502938107989,-0.000572074789400753,-0.00157211202058647,0.00228925779099673
1.79720242852349,0.0775388774569035,-0.0301908543639733,-0.509884686732621,-0.000411235461685833,-0.00172683899414719,0.00186388536685276
1.8911000471703,0.0110643824166217,-0.0418443554842372,-0.476627551699233,-0.000241559190802473,-0.00186477317410987,0.00136947732691253
1.97934761625717,-0.0568109883875091,-0.0536779024075371,-0.440844561878347,-5.95184589131282e-05,-0.00198563752937538,0.000821346716063937
2.06167424409993,-0.125771045994215,-0.0655807547084819,-0.402658307141506,0.00013666886818805,-0.0020906251064561,0.000236261462139337
2.13781888450129,-0.195490997072401,-0.0774368817738466,-0.362203378971906,0.000347167213773355,-0.00218200222080629,-0.000367989803080586
2.20753473346726,-0.265634062139373,-0.089126714589331,-0.31963029592602,0.000570562797595509,-0.00226255737145721,-0.000972968888721208
2.27059456879065,-0.33584704225066,-0.100528578673188,-0.275109900854226,0.000803868637007799,-0.00233495548205885,-0.00155991736890006
2.32679652870579,-0.405756290951343,-0.111520155632881,-0.228836952545716,0.00104257485832134,-0.00240106353647018,-0.00211008231333056
2.37596972870197,-0.474965605015407,-0.121980419423455,-0.181031634414166,0.00128082978596055,-0.0024613228859356,-0.00260508314125671
2.41797900780511,-0.543057327304158,-0.131792428114743,-0.131937990161142,0.00151181834509293,-0.00251425493752346,-0.00302735825018789
2.45272803943558,-0.609597440931368,-0.140847118632653,-0.0818188717221368,0.00172836046729624,-0.00255619370820303,-0.00336071092744584
2.48016013444658,-0.674144644950041,-0.149047892020977,-0.0309477831574304,0.00192368952043847,-0.00258132980052392,-0.00359094418476511
2.50025637867529,-0.736262446732836,-0.156315385960035,0.0204011388601315,0.00209230425328627,-0.00258211593848129,-0.00370653999850143
2.5130312788779,-0.795532420866101,-0.162591550278262,0.0719631125495526,0.0022307400731103,-0.00255002291347049,-0.00369931028971518
2.51852671676621,-0.851566286517444,-0.167842111351312,0.123490597457694,0.0023380998960481,-0.00247655868935401,-0.00356493597882346
2.51680551463488,-0.904014605942196,-0.172056803642314,0.174757474271527,0.00241623322492762,-0.0023543963629508,-0.00330332337659601
2.50794608044989,-0.952570754802729,-0.175247304053674,0.225558932276484,0.00246954533313867,-0.00217842442932385,-0.0029187418759913
2.49203932291884,-0.996970120277938,-0.177443442987066,0.275707730495796,0.00250452642246844,-0.00194654926227829,-0.00241975185699549
2.46918838638562,-1.03698579435912,-0.178688748209341,0.325028544272357,0.00252917484737897,-0.00166013810142186,-0.00181897076428566
2.43951098352047,-1.0724228886017,-0.17903652396777,0.373352595476904,0.00255251960295788,-0.00132406631836363,-0.00113274507837217
2.40314347378722,-1.10311373225078,-0.178547430126882,0.420514561896245,0.00258441680442109,-0.000946395358792064,-0.000380790949963878
2.36024553917937,-1.12891562215202,-0.17728898828606,0.466352970191198,0.00263571481002478,-0.000537737546822979,0.000414160375097498
2.31100438729233,-1.149711669221,-0.175336761910406,0.510714130085115,0.00271877574668283,-0.000110359882512862,0.00122671631875685
2.25563776256318,-1.16541392130638,-0.172776305110451,0.553458425521474,0.00284823128060793,0.00032294139970582,0.00202922366680143
2.19439548808416,-1.17596662412117,-0.169704504398185,0.594466676231458,0.00304175925296684,0.000750172248173463,0.00279230122372847
2.12755960612937,-1.18134648849309,-0.16622879600341,0.633643564041875,0.00332061876215016,0.0011616252139317,0.0034856088180531
2.05544330847712,-1.18155644646436,-0.162463064367826,0.670915074617396,0.00370970352693943,0.00155138603046416,0.00407894479870873
1.97838872535662,-1.17660984481489,-0.158519881696204,0.706217835026171,0.00423699527544704,0.00191862559700558,0.00454370697149474
1.89676336928692,-1.16650337130173,-0.154500010036913,0.739480245535465,0.00493252532800802,0.00226836170827771,0.00485464577716252
1.81095481592649,-1.15117877684507,-0.150481345680195,0.770598048632996,0.0058272332144902,0.0026113967031202,0.0049917011914299
1.72136334367389,-1.13047456390515,-0.146510122137725,0.79940946773795,0.00695232641969073,0.00296330934351138,0.00494159186915018
1.62839310476661,-1.10406787178946,-0.142596712730022,0.825676007060741,0.00833973823027765,0.00334267590190775,0.00469877559644394
1.5324444099447,-1.07140299053108,-0.138716863197579,0.849073722723825,0.0100239300660908,0.00376899813054712,0.00426546138065628
1.43391354689455,-1.03159714910035,-0.134817448107431,0.869197013167251,0.0120445579250194,0.00426096075852013,0.00365050800018294
1.33321336396634,-0.983310015796373,-0.130825074762623,0.885575122243066,0.0144484354190019,0.00483550439486161,0.00286722635708632
1.23083924042219,-0.924568323289706,-0.126656961050837,0.897703702836773,0.01728773423929,0.00550774137238687,0.0019302630083003
1.1275214145723,-0.852565617371567,-0.122236550015168,0.905102085624812,0.0206093915650032,0.00629096675841378,0.000851937785677695
1.02451825223111,-0.763532990527607,-0.117520083252309,0.907419887640985,0.0244287045089405,0.00719494148096789,-0.000361117590270144
0.924083694380922,-0.652920439283453,-0.112541492327975,0.904624046659181,0.0286806052416914,0.00821952243445085,-0.0017090345575582
0.830012433791318,-0.5162947821551,-0.107475019192592,0.897273185471003,0.0331514435598468,0.00934092259927104,-0.00319363676045739
0.747861514458128,-0.35131031598583,-0.102691878347813,0.886796226991695,0.0374192978471632,0.010492566082775,-0.0048022982816531
0.684128894239571,-0.160425459359181,-0.0987587557679458,0.87555274840489,0.0408632534899759,0.0115540183289971,-0.0064799566901135
0.643941948423326,0.047229193567946,-0.0963307855374017,0.866412887940081,0.0427993078067882,0.0123719444666894,-0.00810164377834226
0.628093561515682,0.256890433834099,-0.0959567059361247,0.861842498797625,0.0427222506423453,0.0128243679194726,-0.00947211610394739
0.631476114435891,0.45235692842936,-0.0978815382543886,0.86290579363806,0.040529120830119,0.012895935191491,-0.0103726178995733
0.644333597050722,0.620938376179399,-0.101927549482589,0.868770158516776,0.0365845123084381,0.0127006720153634,-0.0106389017490826
0.65567074386023,0.756321196467648,-0.107499514855397,0.877011237358684,0.0315837198535915,0.012423551847031,-0.0102206096143588
0.656735325064187,0.858400251405687,-0.113735613661579,0.884528027400621,0.0262953916869014,0.0122266386187468,-0.00918288730592288
0.642789941055976,0.931095741731246,-0.119754341637003,0.888541329979997,0.0213312616163475,0.0121905301007248,-0.00765987718019355
0.612867276003285,0.979846081984218,-0.124874988068087,0.887193951273201,0.0170447983719891,0.0123144075361131,-0.00580086398575719
0.568442863306421,1.00989625559313,-0.128722271240909,0.879635672812938,0.0135535853632931,0.0125478234949813,-0.0037374162971967
0.512075808603013,1.02556378944968,-0.131218472254144,0.865793594646302,0.0108183018637955,0.0128218679961443,-0.00157350033169252
0.446499368248324,1.03014241085526,-0.132514077090646,0.846077157826203,0.00872099020670875,0.0130666719660072,0.000611517791524754
0.374158969793555,1.02606977067007,-0.132898962367175,0.821152838190846,0.0071199433399482,0.0132170522472043,0.0027557293051942
0.297027881903621,1.01514006621846,-0.132711390824638,0.791811536725268,0.00588161021875466,0.0132124279632524,0.0048076561202888
0.216551347437484,0.998677017751723,-0.13224694308403,0.758897868770904,0.00489705544645714,0.0129962743191504,0.00672072180262716
0.133639223092683,0.977653006138943,-0.131668405692554,0.723259805962793,0.00408936678412578,0.0125184888334375,0.00844951671116163
0.0486872390518341,0.952767410543287,-0.13092734436035,0.685686582605554,0.003415098623967,0.0117422192116093,0.00994802303755732
-0.038354740745364,0.924504454991816,-0.129722560762245,0.646821360230055,0.00286020262983359,0.0106546086692854,0.0111701948512846
-0.127837024469549,0.893188706961573,-0.127529275332331,0.607059356835228,0.00243008777930058,0.00927822351551162,0.012073398660567
-0.220177858396579,0.859046892377915,-0.123720784110672,0.566466948934018,0.0021348706857643,0.00767734869406722,0.0126246452649302
-0.315588595241274,0.822270027661155,-0.11776283730723,0.52476936793262,0.00197381727611625,0.00595305794339239,0.0128080047800595
-0.41385401381126,0.78305830776386,-0.109407442521149,0.481436799048828,0.00192507045927098,0.00422518484177772,0.0126299254025172
-0.514266280319701,0.741633575333247,-0.0987929553241008,0.435850404255371,0.00194523226951869,0.00260680255660992,0.0121192320957531
-0.615737210073625,0.698220953211591,-0.086402752821368,0.387482972197189,0.00197827377800859,0.00118185626458906,0.0113212018985677
-0.717018402767391,0.653017736048452,-0.072915230961821,0.336023666026427,0.00196847162792104,-5.57392949930222e-06,0.0102883946236575
-0.816920290745816,0.606169692479824,-0.0590266000066965,0.281415413697807,0.00187133250764895,-0.00094916050884405,0.00907207510884376
-0.914455605050613,0.557764111809911,-0.0453161537527834,0.223820277406925,0.00165934146265318,-0.00167014230180138,0.00771665606302385
-1.00889293701285,0.507837123948352,-0.0321798657972922,0.163550466488182,0.00132271985533727,-0.00220515798785642,0.00625746071344735
-1.09974537590797,0.456387823911034,-0.0198220399200691,0.100998784468874,0.000867095477236794,-0.00259620456735996,0.00472086583866537
-1.18672761241796,0.403392962723834,-0.00828116776201107,0.0365876531326072,0.000310078125797289,-0.00288427844135361,0.00312573495561677
-1.26970580804487,0.348819277187394,0.00253107330153157,-0.029257361224929,-0.000321926310579129,-0.00310659822759468,0.0014854197957446
-1.34865192792306,0.292632980260537,0.0127899510897833,-0.0961118001660238,-0.000996093412389186,-0.00329662400658741,-0.000189996996296091
-1.42360418332317,0.234806966149656,0.0227205747418297,-0.163540782803926,-0.00167480721899429,-0.00348596524530576,-0.00189129812594607
-1.49462845516529,0.175326616024448,0.0325609242443266,-0.231080149424941,-0.00231705738599202,-0.0037073259081103,-0.00360753078232175
-1.56177156688086,0.114195499400762,0.0425190267505106,-0.298220257476152,-0.00288044165444242,-0.0039976254830329,-0.00532313086715364
-1.62499640654408,0.0514431100158113,0.0527184211589996,-0.364404276381183,-0.00332475367537293,-0.00440022571643838,-0.00701470358541449
-1.68409313318894,-0.0128621088607441,0.0631310179795674,-0.429054337197116,-0.00361799900244463,-0.00496476118608502,-0.00864748595171895
-1.73857365397301,-0.0785907601148711,0.0735081513869066,-0.491637072041486,-0.00374502285365998,-0.00574258444406088,-0.0101718148442682
-1.78758142388166,-0.145520059097795,0.0833392308391517,-0.551769579088575,-0.00371742629725651,-0.00677584216809795,-0.0115206129086765
-1.82988108399397,-0.21329666536545,0.0918859075359681,-0.609342400531628,-0.00358099685346071,-0.00807981351604639,-0.0126100219896407
-1.86400812745186,-0.2814116240973,0.0983370045111929,-0.664600940188538,-0.00341450025528393,-0.00962259625534404,-0.0133461825297566
-1.88861079505417,-0.349210340251276,0.102076368134692,-0.718105770487557,-0.00331446666881806,-0.0113126684389002,-0.0136399660541597
-1.90288073887648,-0.415946379726698,0.102955074754362,-0.770528779789512,-0.00336805778809033,-0.0130074146554324,-0.0134267212072036
-1.90683005410602,-0.4808521286688,0.101394087130063,-0.822346791294007,-0.00362767462849542,-0.01454655759531,-0.0126823481444416
-1.90119974027769,-0.543172775643922,0.0982210208896371,-0.873587758794685,-0.0041049724149751,-0.0157964099633551,-0.0114270161951876
-1.88700998597618,-0.602127027983203,0.0943314733177497,-0.923760521536304,-0.00479034398708345,-0.0166814799960069,-0.00971584392872733
-1.86497014260341,-0.65680231800373,0.0903777697312227,-0.971973015205067,-0.00568667754026528,-0.0171902753557269,-0.0076241548171253
-1.83496143746324,-0.706011910872901,0.0866289458265093,-1.01714347351952,-0.00683950431990985,-0.0173604526153783,-0.00523585383269241
-1.79565304835903,-0.748116133295578,0.0830133737428493,-1.05820950486899,-0.00835051476804451,-0.0172574778958176,-0.00263903069945071
-1.74420809037878,-0.780769288818484,0.079278830673562,-1.09430920518432,-0.0103653928738076,-0.0169578743348052,7.08739624112055e-05
-1.67613691730201,-0.800559696601631,0.0752100008031035,-1.12498701514508,-0.0130197047097352,-0.0165401813331379,0.00278125412697992
-1.58580527343228,-0.802701256976698,0.0708785931019037,-1.15050943658862,-0.016312105728628,-0.0160795185144937,0.00534871291377599
-1.4688889100215,-0.781565645158983,0.0668815228353454,-1.17223866778068,-0.0198944969010402,-0.0156375950262192,0.00759355083752367
-1.32785900450738,-0.73368045889708,0.0643563960149681,-1.19254375782296,-0.0229249540663333,-0.0152454184934155,0.00933193274623401
-1.17704567253392,-0.663257555565014,0.0644110532395478,-1.21344332470375,-0.0243694088285454,-0.0148970453818749,0.0104642213840291
-1.03814548883275,-0.584066814187569,0.0671611607119885,-1.23463759656267,-0.0238087890144136,-0.0145752346100834,0.011040905789755
-0.926601633141013,-0.511498126758108,0.0715209046639197,-1.25343685167165,-0.0218088888104561,-0.0142740341255575,0.0111870593250434
-0.8447917434573,-0.453094094206611,0.0760682307164986,-1.26685434377577,-0.0192947892179331,-0.0139777695831435,0.0109702905652109
-0.787020124892802,-0.40805010469146,0.0798272668620957,-1.27321020771117,-0.0168651318557497,-0.0136377052251467,0.0103817506994394
-0.746143332302386,-0.372013648894583,0.0824054608275175,-1.27215223607005,-0.0147054754209722,-0.0131862195582249,0.00940145438796549
-0.716388915266017,-0.340607580587534,0.0838368522724222,-1.26405155369226,-0.0127940193153793,-0.0125688780755787,0.00804582103818845
-0.693713288352868,-0.310627292835978,0.0843992681953651,-1.24953170755016,-0.0110614795051936,-0.0117653640603368,0.00637300990666261
-0.67548737284794,-0.280102158920279,0.084448848855448,-1.22923231359204,-0.00944985239106703,-0.0107913098731177,0.00446730094774959
-0.660121439107124,-0.248028899030486,0.0842889309749536,-1.20371907411637,-0.00791926386699257,-0.00968798170705528,0.00242196500649481
-0.64672026321978,-0.214063997595921,0.0841010823502309,-1.1734741203165,-0.00644285535934538,-0.00850950202448028,0.000328199047651424
-0.634779778384465,-0.178253907874216,0.083947475835573,-1.13892952974329,-0.00500486525564252,-0.00731321840707307,-0.00172974314885745
-0.623941955052337,-0.140823659429068,0.0838288832729001,-1.10051691109859,-0.00360332515283975,-0.00615392346272725,-0.00367560963384419
-0.613820566409981,-0.102029679047964,0.0837690309114141,-1.05870973471164,-0.00225431812669177,-0.00507995763581264,-0.00544081716769579
-0.603902178844006,-0.0620784592474688,0.0838923467720227,-1.0140393209158,-0.000994247333584634,-0.00412906653843487,-0.0069644780619939
-0.593522706823774,-0.0211093691938391,0.084463782915995,-0.967073116223808,0.000122715942174599,-0.0033233405258179,-0.008194816840547
-0.581915562119766,0.020767629594839,0.0858679746604213,-0.918357332607687,0.00103336831222434,-0.00266452490496464,-0.00909222957901759
-0.568315400151929,0.0634013250976273,0.0885249142204823,-0.868343420502531,0.00167931939331616,-0.00213229198969362,-0.00963330792185116
-0.552083247881395,0.106529981569122,0.0927683693368461,-0.81733029142219,0.00202197717510532,-0.00168770079263734,-0.00981426677997709
-0.532807467464852,0.149749137424048,0.0987368037993023,-0.765450400294444,0.00205306813418279,-0.00128187746240833,-0.00965193748822539
-0.510344254469456,0.192535436082474,0.106325478629787,-0.712706142620859,0.00179641338806234,-0.000867188740621448,-0.00918125606507039
-0.484789827554778,0.234317076503236,0.115218419347896,-0.659037480857988,0.00130067193106932,-0.00040684247196485,-0.00844968909512006
-0.456406179972904,0.274559473072396,0.124979342785171,-0.604390305497346,0.00062679979263732,0.000120089341655639,-0.00751032305692288
-0.425535254706339,0.312832913149168,0.13515818352167,-0.548762648685393,-0.000164567548430606,0.00071871881902671,-0.00641560488150407
-0.392529858474501,0.348844659849214,0.145374660466648,-0.492222277018825,-0.00102204166745424,0.0013818361433639,-0.00521302040531387
-0.357713834735445,0.382436972677929,0.155361322122171,-0.434901876807031,-0.00190756304308225,0.0020945528158368,-0.00394300104846476
-0.321370272619138,0.413563539778334,0.164968615400788,-0.376982278981169,-0.00279647842062128,0.00283835052139436,-0.00263864783310424
-0.283749652594757,0.442257948523071,0.174144651955246,-0.318672317165034,-0.00367519627986553,0.00359376091030636,-0.00132661869361781
-0.2450888403026,0.468603350018511,0.182903090522827,-0.260190087917532,-0.0045378267948156,0.00434167828960671,-2.85956876386902e-05
-0.205633740301664,0.492707129057059,0.191288654325533,-0.201747199894176,-0.00538269590625025,0.00506370891296096,0.00123706889184607
-0.165660740431311,0.514680677222545,0.199345399642532,-0.143535856011737,-0.00620915817358681,0.0057420704516451,0.00245376337325426
-0.125493494090881,0.534622796947245,0.207090000313996,-0.0857180627472448,-0.00701487060470859,0.00635951612929779,0.00360522216554094
-0.0855115278733676,0.552605500374303,0.214491452025619,-0.0284160654271776,-0.00779363708376553,0.00689966539359978,0.0046744401997352
-0.0461454737203408,0.568662479212047,0.221459290742409,0.0282980121474029,-0.00853403611078161,0.00734799713158754,0.0056430471525388
-0.00785266346991557,0.582781946246249,0.227843323852027,0.0844164970641104,-0.00921917208044338,0.00769354329423826,0.00649129830468963
0.0289252707120549,0.594904006015116,0.233446462006562,0.140009716962576,-0.00982778491841937,0.00793095478236203,0.00719862830739432
0.0638061296320079,0.604920265117508,0.238048573532182,0.195218008601518,-0.0103366019617314,0.00806234041198645,0.00774446974867556
0.0965002874889474,0.612677943735578,0.241438346572306,0.250211324964209,-0.0107237111073891,0.00809839627438387,0.00810931741041232
0.126838098957128,0.617994986527772,0.243450270401568,0.305135111571693,-0.0109727182125389,0.0080584467383635,0.00827631651829115
0.154790887073915,0.620686032480766,0.243999251288802,0.360063694372591,-0.0110769079780248,0.00796894272767285,0.00823323172048461
0.180472904790823,0.620591105801625,0.243101430381631,0.414969560496767,-0.0110420980792733,0.00786026645611679,0.00797418254458086
0.204115975406543,0.617597539662646,0.240872769436279,0.469713488796191,-0.0108870908215229,0.00776236887137777,0.00750058478942124
0.226020702912231,0.611648596325299,0.237504960290951,0.524058313233514,-0.0106414496476571,0.00770028743512468,0.00682108724304963
0.24649763068375,0.602737250772064,0.233226554964431,0.577702833933312,-0.0103412826775062,0.00769062932345195,0.00595068481766543
0.265814376319646,0.590888812980657,0.228261859160546,0.630326084182537,-0.0100243327483224,0.0077396745370949,0.00490945632246685
0.284160838304188,0.57613941794663,0.222799468117299,0.681629820920679,-0.00972572048823938,0.00784313462615251,0.00372142535448614
0.301637567972943,0.558517942215503,0.216977759673728,0.731369203328753,-0.00947527628115841,0.00798713175365238,0.00241390629947583
0.318266480709301,0.538037127747261,0.210889016677976,0.779365891390158,-0.00929683201560072,0.0081498242693189,0.00101748442663005
0.334020481755673,0.514696795312071,0.204599228158812,0.825501639363449,-0.00920937421941925,0.00830328025251645,-0.000433413780338588
0.348868856250596,0.488498869426776,0.198177495899542,0.869692724015936,-0.00922965885122399,0.00841554954135994,-0.0018995463726589
0.3628360474909,0.45947064219332,0.191726730749737,0.911846877137659,-0.00937568204888575,0.00845323716892784,-0.00333578166372781
0.376069710320264,0.427688957137296,0.185405401791014,0.951806581949559,-0.00967018465199395,0.00838506507512816,-0.00469035994560722
0.38890754589684,0.393293820649573,0.17942909455012,0.989287411281644,-0.0101431255914651,0.00818674376403146,-0.00590508232950536
0.401922244003781,0.356476739212401,0.174042773322732,1.023827548346,-0.0108319643103018,0.00784681066170935,-0.00691712875981087
0.415915989877513,0.317430167954367,0.169462868650135,1.05477101929441,-0.0117790129367891,0.00737197043409159,-0.00766309974654446
0.431841508414393,0.276253749386808,0.165803132746747,1.08130464768433,-0.0130263833401235,0.00678938265031812,-0.00808532158768775
0.450654253999134,0.232830454424685,0.16301351569144,1.10255005725686,-0.0146109323932897,0.0061432564234215,-0.00813940100962027
0.473143106522529,0.186702112091868,0.160864456650089,1.11768064730784,-0.016562911731243,0.00548485740355149,-0.0078009068495094
0.499817097045081,0.13697329829793,0.158990632617721,1.12600933049792,-0.0189111603904844,0.00485812524960635,-0.00706878380420247
0.530915449299008,0.0822476852312996,0.156976120641562,1.12700003013728,-0.0216942227695387,0.00428540610575033,-0.00596423526445967
0.566562642612367,0.020567558024587,0.154440845676769,1.12019796769985,-0.0249723452219076,0.00375724897252123,-0.0045257970536868
0.607049201670399,-0.0506803079106769,0.151094199980236,1.10512738465251,-0.0288320208350632,0.00322707189533617,-0.00280287862495803
0.6532151726839,-0.134877098521591,0.146750433818503,1.08124507576931,-0.0333730679295211,0.00260840089317808,-0.000850499752015644
0.706927632046159,-0.236155115462868,0.14133022467028,1.04805814111643,-0.0386677727237463,0.00177215524733183,0.0012721873599507
0.771594654470165,-0.358909075991268,0.134884222726474,1.00551237895513,-0.0446856032548318,0.000545702048511809,0.0034969864978925
0.852445234283485,-0.506391766133607,0.127656189664543,0.954691979614519,-0.0511950526430205,-0.00127597044411577,0.00573328786790046
0.955982551978123,-0.678341161924717,0.120154888055211,0.898657457853792,-0.0576918184399114,-0.00388854168807992,0.00784831573997027
1.08806825507879,-0.868721728570645,0.113155547978128,0.842895237931144,-0.0634312531786289,-0.00739466281261587,0.00965323962846307
1.25108186286016,-1.06555664637573,0.107568784687914,0.794668606383686,-0.0676003597437838,-0.0117024781993079,0.0109167008006318
1.44177202913655,-1.25365858597557,0.104207741554026,0.76100655159223,-0.0695550302499366,-0.0164744701725217,0.0114185267480587
1.65102199197742,-1.41862756194581,0.103551234549717,0.746085579953177,-0.0689970805866878,-0.0211905200102693,0.0110253876315405
1.86530783696752,-1.5500502089971,0.105589931110272,0.749499521554258,-0.0660288600263763,-0.0253141965083004,0.00974414090279173
2.06927073587131,-1.64327386207314,0.10981602561323,0.766527717698226,-0.0610951170902118,-0.0284668634082107,0.00771889481486494
2.24903803795799,-1.69965205532266,0.115374864091396,0.79017394205031,-0.0548441652034367,-0.0305088323755011,0.0051784211068581
2.3952785319165,-1.7250429820951,0.121317581271475,0.813645423953752,-0.0479539538057197,-0.0315064514427845,0.00237119689742158
2.50453897019242,-1.72711523035297,0.126844081824729,0.831989883829889,-0.0409856333227117,-0.0316404254309994,-0.000479162694666099
2.57842705560414,-1.71282690229194,0.13145506650425,0.842483438626471,-0.0343167115823402,-0.031120507518506,-0.00318986120752854
2.62158341650281,-1.6870777090719,0.134998559514943,0.844147286504863,-0.0281589713241124,-0.0301359768074295,-0.00561673570604071
2.63965894721231,-1.65257441271597,0.137632883304247,0.83699595379654,-0.0226213355033295,-0.0288375911556623,-0.0076482447865812
2.63790391705879,-1.61042443066142,0.139722718883082,0.821431675965248,-0.0177694055054899,-0.0273356354923951,-0.0092042514979973
2.62041931148855,-1.56096886388984,0.141682222048826,0.797927140355047,-0.0136544762119158,-0.0257036811289169,-0.0102402728185136
2.58994352061989,-1.50451085217998,0.143807347051825,0.766955748081599,-0.0103116709050172,-0.0239852387763399,-0.0107520360217893
2.54803670825541,-1.44173181943464,0.146166931382664,0.729050775527301,-0.00774415902067874,-0.0222031834852394,-0.0107741957938401
2.4954925946751,-1.37374832497926,0.148600583759721,0.684875283009874,-0.00591258233891533,-0.0203702800520175,-0.0103711822293082
2.43277664361298,-1.3019199013982,0.150808677246479,0.63523425617029,-0.00473882717598501,-0.018497654227095,-0.00962343511103478
2.36033746650261,-1.22758499707566,0.152473317471903,0.581021802912467,-0.00412123595223961,-0.0165989947794257,-0.00861416788829832
2.27874485271747,-1.15185929039294,0.153352553811454,0.523135575835191,-0.00395278073733836,-0.0146905666914512,-0.00741996632967495
2.18869526734449,-1.07554440547255,0.153324033420842,0.462397389784898,-0.00413526377041008,-0.0127887990459289,-0.00610580854065612
2.09095433824101,-0.99913059025192,0.152384840508377,0.399504246775571,-0.00458692579428634,-0.0109075039724291,-0.00472353678282328
1.98629087260333,-0.922852765332741,0.150626801499766,0.335014675381941,-0.00524421920641443,-0.00905608832843871,-0.00331250042722928
1.87542928731764,-0.846763216521614,0.148204882788655,0.269362457262094,-0.0060598547817022,-0.00723918356941073,-0.00190134829667158
1.75902604470373,-0.770798643002826,0.145309132729974,0.202885794864773,-0.00699912823099963,-0.00545744663076462,-0.000510296187706268
1.63766511734284,-0.694833081479703,0.142143774919709,0.13586182512316,-0.00803586166100435,-0.00370900726061817,0.000846533019564742
1.51186473018453,-0.618717150098555,0.138912681357346,0.0685401633398864,-0.00914863177256222,-0.00199104844831195,0.00215891653962369
1.38208855705984,-0.542308047028503,0.135808510707734,0.00117227460551736,-0.0103175201940631,-0.000301142054304352,0.00341859044383382
1.24875643611339,-0.465495304362879,0.133002552005953,-0.0659650095100512,-0.0115214224646848,0.0013618944863736,0.00461759642780391
1.11225131000798,-0.388225946095034,0.130633092353084,-0.132553426396038,-0.0127359285852036,0.00299774679435532,0.00574691921478672
0.972920321617309,-0.310530431019864,0.128791529594231,-0.198226952483629,-0.0139318708873784,0.0046050043021508,0.00679540687075679
0.83106915749297,-0.232548153533638,0.127507272598626,-0.262578085306616,-0.0150747641035802,0.00618217744604793,0.00774897118331688
0.686950318214161,-0.154548738648919,0.126734503763599,-0.32517922918124,-0.0161254796179873,0.00772918268655294,0.00859008203462267
0.54074833080231,-0.0769433800688653,0.126345712153135,-0.385619566326469,-0.0170425358266624,0.00924899971586881,0.00929760195113131
0.392567778271334,-0.000279650010324872,0.12613781837055,-0.443553691376248,-0.0177862791195994,0.010749056927996,0.00984706146220881
0.242432325827498,0.0747856438941136,0.125855707216638,-0.498752752547835,-0.0183249152554619,0.0122418186162219,0.0102115445991431
0.0903027659357525,0.147536835824716,0.125234089307747,-0.551143519001211,-0.0186418124806638,0.0137441111211381,0.0103633861930069
-0.0638824929194154,0.217266167690726,0.12405162260973,-0.600818367882776,-0.0187428236787288,0.0152749959947892,0.0102767795159839
-0.220150474990095,0.283338376154096,0.122182920984316,-0.648002743984462,-0.0186618321675296,0.016852472431438,0.00993107559395621
-0.378437248995562,0.345223111916839,0.119629007740433,-0.692977821617895,-0.0184627488107093,0.0184898454311953,0.00931410783338557
-0.53855525704847,0.402461520639665,0.11651045791721,-0.735972311682393,-0.0182371169804958,0.020192961231805,0.0084246111456509
-0.700202876987687,0.454542816506815,0.113021335495006,-0.777051022620683,-0.0180980950302274,0.0219593749717647,0.00727306484065265
-0.863019757419261,0.500685151732545,0.109359571493134,-0.816031051038889,-0.0181728999724702,0.0237797868004016,0.00588106236615982
-1.02667270740247,0.53952971928638,0.105660076189762,-0.852449119203236,-0.0185955593533738,0.0256410945483966,0.00428013880915267
-1.1909382266683,0.568761069150381,0.101955573524829,-0.885595417229127,-0.0194992595074882,0.0275297379703073,0.00251136118390632
-1.35572083131892,0.584679019229187,0.0981819300948564,-0.914633145354334,-0.021002555957065,0.029433966498718,0.000626763762472564
-1.52089401681253,0.581828979662697,0.0942386844171795,-0.938842405980474,-0.0231767376727657,0.0313439310740912,-0.0013070334559601
-1.68578143452263,0.553051588297245,0.0901125515829404,-0.958039367927038,-0.0259765115561756,0.033248214791241,-0.00320425267302058
-1.84813847854943,0.490786388544088,0.0860525247594647,-0.973148993789442,-0.029127967261892,0.0351240876021287,-0.00495901690158396
-2.00298949420252,0.390730753945343,0.0827116148925045,-0.986630159120759,-0.032026281187505,0.0369189878108255,-0.00645763710234799
-2.14276079831021,0.257575342441071,0.0810534518053509,-1.00205100915205,-0.0337979691236283,0.038530180641527,-0.00761327212073441
-2.2603707584983,0.108580736645658,0.0818612278631204,-1.02233323648204,-0.0336768381774692,0.0398082362049988,-0.00841079769051763
-2.35384396807998,-0.0311987938429685,0.0851106736771561,-1.04770001979971,-0.0315204059100605,0.0406055948675878,-0.00891585881085109
-2.42751986906861,-0.140810800155823,0.0898431606610751,-1.07544989735723,-0.0279507206010863,0.040840391679675,-0.00921846070867526
-2.48828215869687,-0.211748297916843,0.0947039067235553,-1.10185968838301,-0.0239269782170947,0.0405187223578439,-0.00936076745960701
-2.54128354175143,-0.246574414494052,0.0985596709850316,-1.12409712344973,-0.0202076363035928,0.0397108052694254,-0.00932035653879266
-2.58863170737608,-0.252726933230635,0.100733157896431,-1.1406638579891,-0.0171390883617274,0.0385187988775676,-0.00904735155042962
-2.630221857969,-0.237820568193589,0.100945892030588,-1.15087000839732,-0.0147397702686135,0.0370543743093572,-0.00850705347931289
-2.66492531085926,-0.207872230796962,0.0992013384903346,-1.15430865308683,-0.0128651430261831,0.035421631892882,-0.00769967062663865
-2.6914136298314,-0.167198241361732,0.0956917598633527,-1.15067788829911,-0.0113332691889904,0.0337028091316667,-0.00665845965680646
-2.7086020255106,-0.118817207646123,0.0907194731934955,-1.13982880382634,-0.00999103828488719,0.0319500581525542,-0.00543782725219438
-2.71583425449993,-0.0648625298055728,0.0846240179590869,-1.12184613692421,-0.00873677879307795,0.0301853827703264,-0.00410059520631711
-2.71290643895721,-0.00689075122065577,0.0777247429245568,-1.0970664410152,-0.00751826174532905,0.02840693616357,-0.00270857492482849
-2.70000022067962,0.0539061396642666,0.070289451268934,-1.06603047881936,-0.00632025705808884,0.026598063093101,-0.00131704927558542
-2.67757717107599,0.116558931194831,0.06252998085552,-1.02940351268569,-0.00515029418829757,0.0247360944606504,2.77163027583642e-05
-2.64626890734984,0.180230784612646,0.0546168306083248,-0.987895042243482,-0.00402685377438266,0.0227993738899519,0.0012890251571055
-2.60678163960967,0.244165234127565,0.0467017471567236,-0.942194582001741,-0.00297128310424528,0.0207721451514255,0.00243921988452984
-2.5598225518604,0.307662592936628,0.0389385424472182,-0.892927593863013,-0.00200315045016064,0.0186474714760476,0.00345864490925155
-2.50604899344194,0.370075979327492,0.0314958817230843,-0.840629630541774,-0.00113814120091017,0.0164284805800004,0.00433445034371367
-2.44603857380599,0.430818946844077,0.024559561934923,-0.785735382678988,-0.000387540138526416,0.0141281946085474,0.0050594271928084
-2.38027714321363,0.489377692343809,0.0183250001166463,-0.728579840506698,0.00024146980588347,0.0117681787041211,0.00563095862226746
-2.30916106627787,0.545322259783259,0.0129829095164955,-0.669409307901065,0.000745213834558423,0.00937627687994091,0.00605011038543882
-2.23300969659683,0.598313010756334,0.00870231394113991,-0.608399921806945,0.00112293348074343,0.0069837750653775,0.00632085419351843
-2.15208363727648,0.648100650597673,0.00561512089393085,-0.545680830196732,0.00137632243430608,0.00462238712882819,0.00644940805555961
-2.06660450324838,0.694519929058044,0.00380559142461151,-0.481358747329261,0.00150920263990398,0.00232145934921422,0.0064436762213637
-1.97677263734731,0.737478459965279,0.0033065409566635,-0.415540619649588,0.00152729318693827,0.000105719954535503,0.00631277158296029
-1.882780463639,0.77694276869492,0.00410242251305159,-0.348351719884067,0.00143800771897941,-0.00200622116310308,0.00606660350847795
-1.78482059232364,0.812923710981952,0.0061380070757747,-0.279947524895883,0.00125022975593833,-0.00400255963029838,0.00571551558598363
-1.68308907162037,0.845462989954802,0.00933047803908187,-0.210518962611816,0.000974044706046835,-0.00587823789723702,0.00526996256428666
-1.57778506335671,0.874621860163951,0.0135824993824071,-0.140291751935027,0.000620438601302863,-0.00763430257211896,0.00474022422207889
-1.46910860300208,0.900472457073825,0.0187941188199715,-0.0695213818241289,0.000200996480910346,-0.00927688856125214,0.00413616414404682
-1.35725804270419,0.9230916757463,0.0248720202345189,0.00151433595258137,-0.000272357038686651,-0.0108160451232755,0.00346705058954971
-1.2424284066677,0.942557218884798,0.0317353939037893,0.0725232559049459,-0.000787536326234302,-0.0122645879028887,0.00274146229177423
-1.12481138075486,0.958945355738886,0.0393183329167938,0.14320594583663,-0.00133236818537636,-0.0136371075152004,0.00196730311547398
-1.00459715502332,0.972330046388184,0.047569062787146,0.213260925425886,-0.00189455732829537,-0.0149492022674409,0.00115194647111949
-0.881977934683662,0.982783330377896,0.0564464450280407,0.282387929714215,-0.00246156636341511,-0.0162169403901959,0.000302524587687967
-0.757152683083153,0.990377178552045,0.0659141296796624,0.350289703726439,-0.00302046041306219,-0.0174565017051289,-0.000573629547623941
-0.63033256198847,0.995187279920124,0.0759325917333859,0.41667341356383,-0.00355779543107262,-0.0186839022300812,-0.00146838826681946
-0.501746584591373,0.997299381040313,0.0864492273832099,0.481253181038625,-0.00405965800590596,-0.0199146678653344,-0.00237209477960298
-0.371647165296892,0.996818685434462,0.0973868720882712,0.543755428505725,-0.0045119889577279,-0.0211632965477853,-0.00327271572992952
-0.240315506755813,0.99388228993354,0.108631676675438,0.603928494568518,-0.00490133486968696,-0.0224423391152748,-0.00415493452020237
-0.108067043353848,0.988673512884283,0.120022306615951,0.661557104118253,-0.00521615626773604,-0.0237609545273751,-0.00499928226611083
0.0247426450187999,0.981435188354603,0.131343787972339,0.716480477266409,-0.00544875826679588,-0.0251228834974037,-0.00578146903867756
0.157711057608521,0.972476823637305,0.142330521426782,0.768610046922392,-0.00559777927877507,-0.026523969406319,-0.00647216424179953
0.290381086394168,0.962168854232071,0.152683030249141,0.817939395120464,-0.00567097366389384,-0.0279496514557349,-0.00703755704897983
0.422232947289575,0.950917806020113,0.162100560009433,0.864536580390112,-0.00568780162735449,-0.0293732120669852,-0.00744104367182706
0.55267668465956,0.93912101561903,0.170325862182388,0.908509995836458,-0.00568121889915701,-0.0307558117322041,-0.0076462442950417
0.681045862966863,0.927109288850369,0.177190561672179,0.949945579432166,-0.00569821865019653,-0.0320492170408626,-0.00762118448214595
0.806591548729726,0.915097412879433,0.182643722232751,0.98882513562828,-0.00579921681357958,-0.0332014064488915,-0.00734296097864116
0.928473313206318,0.903168745994583,0.186748278903988,1.02494735485731,-0.00605710842496794,-0.0341640573215976,-0.00680182865327531
1.0457416032805,0.891314663934406,0.189641960495358,1.05787651535969,-0.00655726435722925,-0.0348998927289487,-0.00600372867923438
1.15730371411187,0.87953324548215,0.191475573431344,1.08693435397483,-0.00739940544975977,-0.035387737591874,-0.00497090580890419
1.26186252581422,0.867973625355261,0.192351827958891,1.11123318386554,-0.00870114786671679,-0.035624094234288,-0.00374110556184674
1.35781104095369,0.857102618652957,0.192286154873693,1.12973462599,-0.0106014437304181,-0.0356214772949909,-0.00236641934257365
1.44305590195922,0.84786777454869,0.191200355856877,1.14131758011367,-0.013260382334416,-0.0354047066610671,-0.000912918494714013
1.51473407579363,0.841820943935813,0.188949146205154,1.14485304870792,-0.0168494961188589,-0.0350062760951671,0.000538146128787105
1.56879630354303,0.84112325252723,0.18537535539562,1.1393088660014,-0.0215232543551446,-0.0344608216912101,0.00188757141174911
1.59950338626311,0.848252161335935,0.180391784112927,1.12393849396579,-0.0273589239222978,-0.0337971187090831,0.00301542755483801
1.59909571131688,0.865095794214416,0.174088450852892,1.0986277344372,-0.034255033234725,-0.0330251872919233,0.00378304491522234
1.55829462721753,0.891130296285965,0.166848127638173,1.06443272886502,-0.0418033299934009,-0.0321186964686512,0.00404900273296409
1.46860910470058,0.920958537722627,0.159411829674173,1.02416931194758,-0.0492061057375322,-0.0310017756807337,0.00370875521882571
1.32678699041853,0.942853044563921,0.152801848924177,0.982628091908106,-0.0553612893480878,-0.0295596933618077,0.00275260864339189
1.13952375631963,0.940813564446439,0.148063210690507,0.94587419589434,-0.059174839325463,-0.0276856578218086,0.00130708877921733
0.92459324349585,0.900597541629602,0.1459350287581,0.919523257884902,-0.0599587843639668,-0.0253425269216409,-0.00038388469285417
0.706424531961913,0.816114640927078,0.146645584396717,0.906729440844085,-0.057655962743877,-0.0225948352976073,-0.00203758341352434
0.50869997453009,0.691715006410519,0.149916629394658,0.907070418666555,-0.0527839937297515,-0.019589409678095,-0.00341850455351485
0.348278388254099,0.539492547381529,0.155115796769526,0.916986593475897,-0.0462055121450706,-0.0165021544696918,-0.0043843716495984
0.232722681614143,0.374074840698446,0.161468798322138,0.931382007014516,-0.0388665220958307,-0.0134829303775464,-0.00488691138757254
0.161329247776185,0.207947732088635,0.168265662097258,0.945376445184773,-0.0315817613971046,-0.0106229691291024,-0.00494757308198167
0.128200977682791,0.0491447963021023,0.174998764343922,0.955398353337893,-0.0249112540782108,-0.00795287383520707,-0.00462771804329748
0.125512215008416,-0.0986525510090061,0.181398189929194,0.959440476591497,-0.0191422633532704,-0.00546164240186725,-0.00400407538072699
0.145739525314952,-0.234749011162597,0.18738579138353,0.956774097589984,-0.0143468061021937,-0.00311999724120536,-0.00315308229709478
0.18265524990424,-0.359967913490484,0.192999131100134,0.947499066011248,-0.0104639846300115,-0.000897072436540113,-0.00214329288286382
0.23148658734916,-0.475633074547091,0.198324689322109,0.932154788780751,-0.00737023765038757,0.0012314983320809,-0.00103319097945688
0.288703834687254,-0.583036740538182,0.20345426214629,0.911456595666867,-0.00492490069053996,0.00328135497104631,0.000128187916844028
0.351726757946076,-0.683234428786064,0.208462020662757,0.886140046588163,-0.00299387641275274,0.00525993393383668,0.00129956875718333
0.41867036338283,-0.777008843448546,0.213394956476807,0.856876399479194,-0.00145890114435041,0.00716787923861961,0.00244561074590927
0.488157331167595,-0.864902700392974,0.218270751379574,0.824229391516313,-0.000219052092543501,0.00900062907034174,0.00353535356182648
0.559186988564114,-0.947270174263002,0.223079740242684,0.788635346716654,0.000811075684054395,0.0107500718540951,0.00454108564992718
0.631041801862141,-1.02432626007736,0.227789540138238,0.750398063832836,0.00170396678040753,0.0124063393379466,0.00543767288886155
0.70321444161413,-1.09618761609427,0.232351702808442,0.70969584688229,0.00252122807976866,0.0139597427656113,0.00620234432466333
0.775343811562334,-1.1629042113012,0.236709675172971,0.666600872340928,0.00331450276110373,0.0154027103806866,0.00681491226377539
0.847154404280773,-1.22448292768596,0.240806881772612,0.621111304143164,0.00412519193873554,0.0167314480117395,0.00725837803983117
0.918399098172693,-1.28090462039344,0.244593356423387,0.573194558121377,0.00498331916580336,0.0179469850299345,0.00751982484260005
0.988810259490361,-1.3321361010697,0.248029435153905,0.522836615967923,0.00590618046238575,0.0190553247240782,0.00759142356820339
1.05806652949853,-1.37813839310836,0.251085728151694,0.47008874671764,0.00689756929982976,0.0200665947018136,0.00747130080227891
1.12578171428277,-1.41887238730823,0.253739725884353,0.415101422224642,0.00794826164150741,0.0209933446431552,0.00716398908821534
1.19151756529632,-1.45430267018118,0.255970493481942,0.358137238140427,0.00903807185014213,0.0218483745481662,0.00668024732452236
1.25481565954181,-1.48439993295122,0.257753467231791,0.299560219480689,0.0101392635443565,0.0226425926728791,0.00603620837826313
1.31523819789313,-1.50914221096164,0.259057165434856,0.239805795282092,0.0112206438996063,0.0233833410372099,0.00525201987164648
1.37240602858971,-1.52851534458855,0.25984285229175,0.179340778169134,0.0122514871785821,0.0240734201800688,0.00435029471831928
1.42602500762547,-1.54251335875877,0.260067291067566,0.118623794242525,0.0132045744540005,0.0247108007188235,0.00335471320678716
1.47589701435088,-1.55113967618615,0.259688077469825,0.0580740164406426,0.0140579840627539,0.0252888400989916,0.00228902440816551
1.52191684538741,-1.55441003092609,0.258670774775698,-0.00194824337500711,0.0147956352418489,0.0257967825484707,0.00117654423431407
1.56405902557278,-1.55235761286732,0.256997044174059,-0.0611493528252919,0.0154068410130805,0.0262203902523807,4.01089475184409e-05
1.6023590349099,-1.5450404287295,0.25467294610239,-0.119301013324313,0.0158852325274954,0.0265426757674746,-0.00109764737917594
1.63689234479289,-1.53255019034846,0.25173640935128,-0.176232620749108,0.0162274171244035,0.0267448202157001,-0.00221386445777297
1.66775306041831,-1.5150212821445,0.248262496913292,-0.231819575224469,0.0164316867765422,0.0268074264870293,-0.00328505933332682
1.69503272757266,-1.49263758052926,0.244364684852573,-0.285968865462823,0.0164970405968734,0.0267122449733342,-0.00428693826493831
1.71879944477361,-1.46563428037409,0.240190219578512,-0.338602669762699,0.0164227266652533,0.0264444058248448,-0.00519457290811079
1.73907790443333,-1.43429179452695,0.235908133259144,-0.389640802202064,0.0162084190149471,0.0259949978122839,-0.00598305151027777
1.7558320745598,-1.39891971647887,0.231689995853519,-0.43898357531607,0.0158549969530942,0.0253635861465219,-0.00662863005929478
1.76895327909037,-1.35983109021189,0.227685893638545,-0.486497644562894,0.0153656887927789,0.0245600484376277,-0.00711027837467459
1.77825661160577,-1.31731051632225,0.224000704847594,-0.532007928599955,0.0147471401705699,0.0236050572296239,-0.00741136848975957
1.78348733134511,-1.27158273993155,0.220677155570179,-0.575298065221021,0.0140098750325769,0.0225287537986067,-0.00752114753025265
1.78433628708023,-1.2227895692361,0.217691137492059,-0.616119884843933,0.0131677280203933,0.0213676304962932,-0.00743564153445519
1.78046052698355,-1.17098105683653,0.214961207634942,-0.654209717309058,0.0122361385777116,0.0201601967931074,-0.00715777438959585
1.77150347143106,-1.11612225438031,0.212369489691741,-0.689307226363052,0.0112295839605272,0.0189423887824146,-0.00669670660409738
1.75710916643703,-1.05811158182043,0.209787612081905,-0.721171923101545,0.010158709209642,0.017743710149737,-0.00606660047314298
1.73692688636504,-0.996803353627969,0.207100458590728,-0.749593710671971,0.00902776950999732,0.0165847776244651,-0.0052851162790399
1.71060457040856,-0.932026547658701,0.204222370243338,-0.774396043239325,0.00783284945078298,0.0154764695001527,-0.00437192143769813
1.67777109220904,-0.863594133637407,0.201103694353533,-0.795432523304081,0.00656108160269058,0.0144204596531464,-0.00334739620296182
1.63800763378559,-0.791300934722835,0.197728648042221,-0.812579307984851,0.00519088673902801,0.0134106898349911,-0.0022316079693459
1.59080768834453,-0.714911973855267,0.194107394509144,-0.825726418728305,0.00369318357320373,0.0124352969662338,-0.0010435419224518
1.53552427702229,-0.634147228440054,0.19026588985529,-0.834771300364527,0.00203358661830086,0.0114785990952713,0.000199470379676729
1.47130311946901,-0.548673083144648,0.186236828641278,-0.839618331747352,0.000175798505971687,0.0105228652983983,0.00148219568749179
1.39700351992372,-0.458116097279369,0.182054368936645,-0.840188990917352,-0.00191335642923176,0.00954968470776829,0.00279187108236664
1.31111684405118,-0.362120706130348,0.177754517458354,-0.836449213174254,-0.00425663247406033,0.00854078128303685,0.00411850473058353
1.21170756709895,-0.260476434316272,0.173382050279209,-0.828462509957718,-0.00685625978101805,0.00747811775665718,0.00545500854045322
1.09642292779962,-0.153335194583694,0.169003342820562,-0.81647748304358,-0.00968115515650801,0.00634318391615414,0.00679692838228266
0.962635300113072,-0.0415144825728412,0.164722277278154,-0.801052418858158,-0.01265303614276,0.00511562855917583,0.00814141909890777
0.807775894022137,0.0731695394527494,0.160693958680948,-0.783203155939384,-0.0156351074244108,0.00377202648626582,0.00948514838182804
0.629865318268281,0.187660624273282,0.157129925018707,-0.764533355128538,-0.0184284852163491,0.00228651564627183,0.0108211585088679
0.428149032205422,0.297666878621294,0.154290893253569,-0.747279861948597,-0.0207805852481554,0.000635762441602973,0.0121353206799437
0.203664811899642,0.39801232279735,0.152468579422615,-0.734201645758434,-0.0224058586478746,-0.00118973757906856,0.0134034310623015
-0.0404113023166872,0.483311505487117,0.151962210303334,-0.728273548900635,-0.0230156387487786,-0.0031683305713294,0.0145896580019903
-0.298682998800458,0.548845199192373,0.153052620764428,-0.732203214115727,-0.0223549899890969,-0.00522801043535236,0.015646179043584
-0.563697585495535,0.591509271797243,0.15596874951441,-0.747841802848878,-0.0202492538129246,-0.00723372772635507,0.0165137795839225
-0.826431479879088,0.610701429252295,0.16083789125206,-0.775601793685385,-0.0166619315844446,-0.0089923057295132,0.017124839704442
-1.07728071213523,0.608875734951106,0.167621729810937,-0.814054494346794,-0.0117501341824627,-0.0102837801687666,0.0174118250294393
-1.30757655728045,0.591350920260416,0.176062221192812,-0.859938272734908,-0.00588243851430816,-0.0109161146662146,0.0173224501942892
-1.51118272721108,0.565149147107019,0.18567550766488,-0.908743868714983,0.000415641188178271,-0.0107815921737833,0.0168364062166246
-1.68541796175396,0.537238742377408,0.195815917664877,-0.955761066368206,0.00658330640142271,-0.00988461875596372,0.0159740307907907
-1.83085726300349,0.513018295287655,0.205790745678752,-0.997144085883471,0.0121571986861866,-0.00832677524465368,0.0147912193635887
-1.95027107648164,0.495666127515543,0.214977286401706,-1.03052234091142,0.0168510993491015,-0.00626305636248493,0.0133640730506362
-2.04736474937409,0.486337007723155,0.222901484895889,-1.0550047825075,0.0205606288414362,-0.00385608785669309,0.0117717964029938
-2.12582646086231,0.484778261842757,0.229266291850693,-1.07077670597426,0.023316767482632,-0.00124615882624137,0.0100841813380149
-2.18882344493383,0.489966675255746,0.233939950887828,-1.07859546042202,0.0252256624131334,0.00146033972892076,0.00835532745618557
-2.23884828565916,0.500581072090809,0.236921899267118,-1.0793893081604,0.0264196291718294,0.00419001291158376,0.0066223178322164
-2.2777620164675,0.515288050842621,0.238302355252858,-1.07401959875984,0.0270270388405407,0.00689597375344705,0.00490688264059745
-2.30691636387293,0.532883667412427,0.238226739576307,-1.06317913068875,0.027158484451313,0.00955029061479084,0.00321846872943818
-2.32728774994445,0.552342358808925,0.236870685412542,-1.04737469808296,0.0269035342725802,0.0121374198395471,0.00155770517262431
-2.33959262852007,0.572813666438976,0.234426952916262,-1.02695019850087,0.0263330536815379,0.014649107336461,-8.0297226940273e-05
-2.34437515005887,0.593594302918525,0.231102692719007,-1.00212385927916,0.0255037734093625,0.0170805036101819,-0.00170308228088783
-2.34206883872573,0.614092785469877,0.227124089717858,-0.973027746410667,0.0244632463868618,0.0194269928214127,-0.00331851641463704
-2.33303859456837,0.633796843352255,0.222744945831085,-0.939747010456566,0.023254262347308,0.0216812298312167,-0.00493298688040204
-2.3176109071372,0.652249481310878,0.218255675241876,-0.902360974666672,0.0219182658501405,0.0238299767572812,-0.00655007298830244
-2.29610011765405,0.669037097817383,0.213989083464327,-0.860989383822085,0.0204975295567852,0.0258504927958421,-0.00816959382163649
-2.26883714285131,0.683791661423641,0.210318919573936,-0.815845640987959,0.0190359284307533,0.0277064758508481,-0.00978690582387229
-2.23620381797776,0.696208041896826,0.207646403449817,-0.76729491375522,0.0175782519227198,0.0293439308297725,-0.0113923203501865
-2.19867044585549,0.706076562766224,0.206368987390904,-0.71590878538133,0.0161681501206403,0.0306878969905471,-0.0129705725239913
-2.1568267054639,0.713328748854676,0.206825710931681,-0.662500508923645,0.0148450783149429,0.0316416904947316,-0.0145004301414788
-2.11138918697541,0.718089788990258,0.209217230241856,-0.608118361554502,0.0136409793470815,0.0320910023993299,-0.0159547626771373
-2.06316713018041,0.720723763267213,0.21350896275702,-0.553973918791772,0.0125778090797669,0.0319153002999761,-0.0173015784405617
-2.01297656515466,0.721849388231656,0.219342726712872,-0.501293502544901,0.0116670827947728,0.0310077017306311,-0.0185064909511857
-1.96151313767854,0.722301511833005,0.225998114674052,-0.451107737675995,0.0109120634253849,0.0293012826468287,-0.0195366518835534
-1.90921799055624,0.723024989620448,0.232444726676068,-0.404029123165965,0.0103120095461015,0.0267953925721122,-0.0203654735338426
-1.85618410306516,0.724914201796013,0.237498940889029,-0.360091286036837,0.00986666783391601,0.0235724938040634,-0.020976834521027
-1.80214001996138,0.728640980540191,0.240051676541681,-0.318714678944248,0.00957888904293787,0.019797335751764,-0.0213673826291353
-1.74651681128652,0.734525808579788,0.239294954847717,-0.278818477666729,0.00945428092298786,0.0156965582721836,-0.0215462014147967
-1.6885715543436,0.742491027099542,0.234872833129282,-0.23904118087346,0.00949849459991832,0.0115248023558141,-0.0215321801571154
-1.62752647796445,0.752100644147373,0.226917911797719,-0.197997194610406,0.00971383970000199,0.00752812666182337,-0.0213502899274913
-1.562690582845,0.762661429205325,0.215981987658822,-0.15449946130081,0.0100968068058232,0.00391459065243113,-0.0210281306986973
-1.49354713833522,0.773348868524114,0.202900113342053,-0.107706764574636,0.0106371611256919,0.000837094356532484,-0.0205935776646793
-1.41980236068554,0.783327183381458,0.188632870380203,-0.0571854956209951,0.011318408527529,-0.00161140921576948,-0.0200735680232466
-1.34139538396395,0.791844375039365,0.174121817288306,-0.00289616878568569,0.0121190898080584,-0.00339315986107608,-0.0194935453784294
-1.25847293066533,0.798293649587143,0.160179813166278,0.0548748339610279,0.0130144270027506,-0.00451501005657944,-0.0188770308175208
-1.17133748973724,0.802240281025632,0.147426074498563,0.115613566438362,0.0139780173352581,-0.00501547198814457,-0.0182450675384126
-1.0803830767405,0.803418928827979,0.136265499095869,0.178682403636223,0.0149833767345795,-0.00495211774911037,-0.0176155907076444
-0.986033787270896,0.801710503620723,0.126903482645971,0.243410075484606,0.0160051857325566,-0.00439113887722866,-0.0170029100677195
-0.888696448796977,0.79710900367368,0.119382844014617,0.309156851225458,0.0170201445611258,-0.00339991400789114,-0.01641745306332
-0.788732278772794,0.789687304237024,0.113629342924362,0.375352542124646,0.0180074187765369,-0.00204262033921351,-0.0158658022097476
-0.686446816069524,0.779567813664098,0.10949547993802,0.441511124993275,0.0189487311416895,-0.000378393092012613,-0.0153509652003712
-0.582094212598058,0.766900659825488,0.106796701718589,0.507228522251418,0.0198282066033406,0.00153869278003757,-0.0148727743710278
-0.475891173324423,0.751849580238719,0.105338049722481,0.572170141468917,0.0206320969028298,0.00365854828207861,-0.0144283138749928
-0.368036449482464,0.734584233067711,0.104931876894743,0.636053468063287,0.0213485033904218,0.00593351549198756,-0.0140122961965115
-0.258732838305339,0.715277081851642,0.105408468063586,0.698629376252383,0.0219671878217359,0.00831678991232282,-0.0136173390630659
-0.148209499234891,0.694103070991426,0.10662156043858,0.759664459910037,0.022479516956622,0.0107611381227512,-0.0132341238814934
-0.0367428291596667,0.671240774159556,0.108450286062863,0.818925773516697,0.0228785326283697,0.0132181250691377,-0.012851447410006
0.0753258142975624,0.646874393191606,0.110798339869368,0.876168871639929,0.0231590812803734,0.0156379980574121,-0.0124562092892508
0.187577399398285,0.621196753607915,0.113590560370298,0.931129798231012,0.0233178853824728,0.0179703284751285,-0.0120334053225322
0.299509434016583,0.594414106566155,0.116766872353321,0.983521517900042,0.0233534046895811,0.0201654606083396,-0.011566211461354
0.410538696249666,0.566753925068875,0.120273826693376,1.03303501439405,0.0232653270628484,0.0221767295388774,-0.0110362354733674
0.52001312972968,0.538476884907862,0.12405470006058,1.07934476452608,0.0230535498188283,0.0239632686948308,-0.0104239746082457
0.627231970113373,0.509893987775967,0.128039932583712,1.1221175007305,0.0227165589415837,0.0254930441596633,-0.00970945081738007
0.731471245902208,0.481389783400506,0.132140051317211,1.16102226618971,0.0222491744378558,0.026745579009995,-0.00887291770373652
0.83201012187614,0.453453634741692,0.136242707810234,1.19573911778743,0.0216396941239388,0.0277137431151375,-0.00789547513104268
0.928152702752175,0.426723770027672,0.140214025287138,1.22596392332421,0.0208665328286963,0.0284040400464292,-0.00675941843914117
1.01923988764659,0.402054062425491,0.143902664978025,1.25140791481297,0.0198945456046757,0.0288350133263218,-0.00544820384761035
1.10464550113291,0.38062110165672,0.147143860934432,1.27179318086157,0.0186714345338428,0.0290336246678335,-0.00394601857047246
1.18374757561941,0.364098035966295,0.149761145583732,1.28684933319204,0.017125194312966,0.029029589813738,-0.00223707038062816
1.2558553327176,0.354927405150164,0.15156633939982,1.29632317604905,0.0151649038881579,0.0288476123288978,-0.000304817149632105
1.32005124796003,0.356713388731472,0.152364069525867,1.30002514329012,0.0126900397387543,0.0284973697363527,0.00186858614540437
1.37487856046627,0.374685612417689,0.151975495769505,1.29795793897971,0.00961844635803225,0.0279616453372381,0.00430232371565554
1.41780040421313,0.415981282450226,0.150303994890274,1.29060313169241,0.00594844943319764,0.0271859316709267,0.0070159942623922
1.44448861314023,0.489065979023111,0.147460553660326,1.2794452949838,0.00186646474880702,0.0260812611871464,0.010026421378615
1.44846323259294,0.60115000064707,0.14392070648216,1.26766477583172,-0.00212623730830872,0.0245664743562085,0.0133379681328656
1.4223123672794,0.752971647040412,0.140586750937928,1.26043774553192,-0.00518021659557699,0.0226790579178917,0.0169164057152313
1.36139871572216,0.933202520200829,0.138589548370173,1.26362302849472,-0.00632022809865223,0.0207251475221436,0.0206349650896096
1.26794576365387,1.11798202022874,0.138897436395201,1.27999416800746,-0.0049015607917673,0.0193030772111395,0.0242056830381824
1.15100739823442,1.2781767201993,0.142111944513843,1.30481764198963,-0.000946587033367578,0.0189999557470389,0.0271662580854394
1.02270777378743,1.38940186303006,0.148502849754632,1.32557671531041,0.0049122840283373,0.019885330731628,0.0290150103658221
0.896160788306265,1.43940003075987,0.157752875845918,1.32873876911162,0.0116986392338409,0.0213460627473896,0.0294710064906808
0.784456998621153,1.43092585078875,0.168528258211368,1.30841326557003,0.0183686367116836,0.0225461114949084,0.0286374549616228
0.697063636617971,1.37800870834288,0.178784573622765,1.26827207392253,0.0241095020733756,0.0229954321119309,0.0268892341813747
0.63684203891432,1.29769987408527,0.186717216221691,1.21659087079514,0.0285254890103849,0.0226688799317393,0.0246338180283756
0.600965621971658,1.20374053862773,0.191408027522297,1.1609767565872,0.0315965760828141,0.0217928631197327,0.0221767865760535
0.583859869454681,1.10470429456594,0.192842727185803,1.10617273716736,0.033522116325337,0.0206351799506442,0.0197138309206325
0.579654341123627,1.00485946112943,0.191589759658293,1.05415773851843,0.0345817355510418,0.0194074598127963,0.017366213485745
0.583452721897585,0.90572856795037,0.188442618624532,1.00506013026944,0.0350503135194221,0.0182443346458381,0.0152101268393506
0.591702367543258,0.807421382289045,0.184163436103525,0.958077119046997,0.0351566817460453,0.0172145238728037,0.01329212566138
0.602078821557546,0.709520065838785,0.179353366981974,0.912128228791762,0.0350708060736496,0.016340428912217,0.0116366864944864
0.613187987857778,0.611562615582444,0.174421834013643,0.866220474398053,0.0349076085162482,0.015616429971276,0.01025132126645
0.624258389539783,0.513245597051949,0.169611383896137,0.819596628190066,0.0347383579307556,0.0150224769968258,0.00913133359864926
0.634897067414835,0.414465870805877,0.165042066233256,0.771755040516324,0.0346034154624378,0.0145326785137495,0.00826429037323722
0.644922856592369,0.315289735847424,0.160754210085316,0.722411146663744,0.0345230629205496,0.0141199456807487,0.00763376327204925
0.654263822264587,0.215902025924821,0.156741329305263,0.671443582546391,0.0345053847392661,0.0137580335282216,0.00722207724559037
0.662899116900829,0.116560106577769,0.152972410792599,0.618845633537158,0.0345514001196856,0.0134220895035815,0.00701208647118128
0.670828169621291,0.0175611839220214,0.149405926807142,0.564689148945614,0.0346580738083819,0.0130884589910902,0.0069881627069184
0.678055097793511,-0.0807766496016549,0.145998511948592,0.509101446154905,0.0348198385288776,0.012734195028723,0.00713662060793941
0.684580602418781,-0.178122179519577,0.142710849512573,0.452253308378798,0.0350291111151959,0.0123365235488281,0.0074457747954949
0.690396639576921,-0.274130840190237,0.139512706564001,0.394355748825298,0.035276118468006,0.0118724139566832,0.00790577160935078
0.695481015188232,-0.368439595461871,0.136388532593721,0.335663452320174,0.0355482220184582,0.0113183716114549,0.00850829053754383
0.699790128156187,-0.460659981332336,0.133344621398787,0.276483027349248,0.0358288533732012,0.0106505814806293,0.00924617679142893
0.703248778254239,-0.550372663684482,0.130418438844319,0.217184082690641,0.0360961496876508,0.00984557448739401,0.0101130494730665
0.705736593487674,-0.637127551027394,0.127690200019726,0.158210547462028,0.036321405541235,0.0088816450031146,0.0111029264290653
0.70707149536823,-0.720454392208548,0.125295991357638,0.100088585965958,0.0364675425514272,0.00774130035723837,0.012209908728341
0.70699192295285,-0.799889509157224,0.123440570230295,0.0434260718031341,0.0364879455441924,0.00641504230052145,0.0134279576003605
0.705141407059727,-0.875024393630179,0.1224064178555,-0.0111028373320394,0.0363262340868991,0.00490672406393495,0.0147507465801733
0.701061596887109,-0.945580991095266,0.122553743435587,-0.0627956813833712,0.0359178433007685,0.00324053576577593,0.0161714466767343
0.694203148150199,-1.01151657585944,0.124304014680678,-0.110990896536972,0.0351946913275777,0.00146925696886442,0.0176820753951751
0.683968358906167,-1.07315814306383,0.128097230985693,-0.155178083334491,0.0340946955229254,-0.000317369295853548,0.0192717169261272
0.669805169696114,-1.13136058289125,0.134310932400047,-0.195160357704668,0.032578303849157,-0.00198668214096975,0.0209225769221388
0.65137639433005,-1.18766850455305,0.143129397456992,-0.231277038471564,0.0306539354909415,-0.00336439047213034,0.0226027007896105
0.628819412808865,-1.24442612427578,0.154362916144175,-0.264675288293301,0.0284117114804047,-0.00425096251352155,0.0242548444528843
0.603063947142362,-1.30471180441645,0.167255313575782,-0.297557343652605,0.0260572181767459,-0.00446286765046778,0.0257836221405199
0.576061536630145,-1.37189709710158,0.180392703599381,-0.333205796473531,0.023922228007548,-0.00390318716978957,0.0270488373667175
0.550642844205987,-1.44866654998786,0.191892560807455,-0.375466762317119,0.0224152758708121,-0.0026445991831391,0.0278794741206913
0.529767704406037,-1.53568612599752,0.199969203117729,-0.427499680390505,0.0218907805842291,-0.000972700216068984,0.0281191027273395
0.515384362371479,-1.63070825844521,0.203652356184945,-0.490227765108008,0.0224856546749348,0.000671775472490341,0.0276876524434303
0.507643870914029,-1.72901396640699,0.203163653229908,-0.56159069747292,0.0240405831232862,0.00184893446537625,0.0266153867996626
0.505043778514024,-1.82511526009731,0.199679050049554,-0.637320861335291,0.0261753987097757,0.00227696034754259,0.0250192551908449
0.505264630549359,-1.91454452600142,0.194731094742237,-0.712649123485691,0.0284527947469298,0.00189085657351894,0.0230444204419012
0.506036104494475,-1.99471790578667,0.189684063913895,-0.783733799455545,0.0305120682781413,0.00079692286997839,0.0208165823165922
0.50565041643778,-2.06482732012008,0.185476243108205,-0.848226758625204,0.0321209376497711,-0.000813938835233785,0.0184247805895952
0.503133240392676,-2.12526048509804,0.182582896202743,-0.90515311311135,0.0331651524797013,-0.00273956731571853,0.0159254845818082
0.498217742423787,-2.17697657374479,0.181092624474689,-0.954496617717675,0.0336127995365459,-0.00480893402016857,0.0133527449402168
0.491238484907163,-2.22102549563965,0.180821121001806,-0.996758017291147,0.0334770048044607,-0.00689842070528883,0.0107259752297702
0.483015609120822,-2.25824497481735,0.181421463175231,-1.03260152526321,0.0327865285620432,-0.00893199091768985,0.00805374976993146
0.474776709006449,-2.28910571650868,0.18247045396056,-1.062618360454,0.0315663519076404,-0.0108733196993084,0.00533521040326992
0.468152829238542,-2.31365205843791,0.183523754902047,-1.08719848747134,0.0298276672411458,-0.0127149033767304,0.00256122763344986
0.465273871685023,-2.33147818994345,0.18414377601598,-1.1064897190418,0.0275662944459776,-0.0144665325486598,-0.000283070447214867
0.468971439451638,-2.3416794682141,0.183913731796097,-1.12042891309623,0.0247694704591053,-0.01614327966103,-0.00321337216749089
0.483061475397366,-2.34272042770567,0.182458672275448,-1.12885064158594,0.0214328258024474,-0.0177512913545526,-0.00623808168826773
0.512593911811686,-2.33217094244595,0.179499531389437,-1.13170950752902,0.017591444129995,-0.0192685668209253,-0.0093463687833172
0.563776330439105,-2.30631272302317,0.174964889538788,-1.12947435976831,0.013368893870473,-0.0206189348085419,-0.0124924406779318
0.643006217847896,-2.25979107497049,0.16916177675297,-1.12370896853857,0.00904036776476579,-0.021643760830888,-0.0155791155115395
0.75432513203654,-2.18586780460519,0.162937300430096,-1.11763889812905,0.005082623258036,-0.0220908886941067,-0.0184507721520269
0.895325479607403,-2.07824348859425,0.15765607842241,-1.11609369000464,0.00214782076352294,-0.0216577554833729,-0.0209138920618188
1.05364751129037,-1.9349870847634,0.154800361952907,-1.12403124760218,0.000891943752786041,-0.0201143265362782,-0.0227974986131558
1.20807847941652,-1.76284591550799,0.15526047805957,-1.14376948155688,0.00167509443966043,-0.0174571754601068,-0.0240280528459119
1.33595364308465,-1.57770992170259,0.15878930536017,-1.17286255659344,0.00430554608001588,-0.0139656638245425,-0.0246504723323622
1.42228206095461,-1.39883379331968,0.164081640169955,-1.20482645287246,0.00805195281700981,-0.0100907498494725,-0.0247580940504799
1.46373318056711,-1.24061568759867,0.169397965687024,-1.2323776606798,0.0119725773798081,-0.00627983372456173,-0.0244000476672327
1.46608551203058,-1.10832908241379,0.17327836078479,-1.25055415378294,0.0153397497115306,-0.00287734095959113,-0.0235669798771593
1.43915354261141,-0.999567132486353,0.175003967910673,-1.25778266888716,0.0178662500642775,-0.000105929804650535,-0.022251776401288
1.39276227788515,-0.908249985535683,0.17468455512931,-1.25506384755592,0.019646142056326,0.00193348114611821,-0.0204992291145177
1.33464728076257,-0.827965163380098,0.173015828095112,-1.24451936634276,0.020949724237941,0.00325392273032164,-0.018401407705083
1.26988587415017,-0.753627833667575,0.170896236586267,-1.22827490429109,0.0220450501036921,0.00395223173759664,-0.0160650852170089
1.20125309108919,-0.681858330154361,0.169110937602009,-1.20794725339192,0.0231147008644074,0.00416514848919923,-0.0135858224025489
1.12994072951633,-0.610737584138452,0.168173226149687,-1.184568129498,0.0242475167053815,0.00403147776090066,-0.011038070355067
1.05625629046132,-0.539391513128161,0.168300476491466,-1.15870624025848,0.0254629900847666,0.00366987355649978,-0.00847542160905665
0.980136208313835,-0.467614570921247,0.169462259926145,-1.13063494167306,0.0267399943392658,0.00317084002221335,-0.00593442759846413
0.901456358009061,-0.395594802158738,0.171448746938329,-1.10047927352203,0.0280384658418145,0.00259778747708587,-0.00343887867286698
0.820185765796926,-0.323735288273773,0.173931343375983,-1.06832452395033,0.0293123537343655,0.00199257487410245,-0.00100373255093021
0.736439523052378,-0.252544184184611,0.17650763475652,-1.03428857597538,0.0305159375372734,0.0013826040708436,0.00136139023550952
0.650475174206957,-0.182563160084345,0.178735293984803,-0.998565584036839,0.0316064059520977,0.00078787951529978,0.00364916797199515
0.562660572195728,-0.114309560667304,0.180165499234054,-0.961446926649645,0.0325451909315473,0.000227249036863754,0.00585205490243899
0.473427750200562,-0.0482156656853856,0.180387242176724,-0.923321216027319,0.0332997917279445,-0.00027664005865448,0.00796027694237425
0.38321909848461,0.015442647226824,0.179090805849254,-0.884651207407917,0.0338470186954189,-0.000694160765731006,0.00996022183978626
0.292429255037166,0.0766259204996793,0.17615205215627,-0.845923789120368,0.034177803157628,-0.000987999426195958,0.011832993762504
0.201348012382115,0.135607236787413,0.17172885701016,-0.807571414770805,0.0343029093705532,-0.00111581730198352,0.0135529503593396
0.110115064148089,0.193020116674877,0.166346933022362,-0.769870541587341,0.0342579592689198,-0.0010371020280026,0.015086385590043
0.0187040718370196,0.249842977788556,0.160935881615543,-0.73283532817556,0.034105151583829,-0.000724282037048005,0.0163912145876138
-0.0730441244345956,0.307282214230902,0.156764814690838,-0.696140929090486,0.0339283623730537,-0.000176307090771547,0.0174192950800118
-0.165329823912204,0.366536122576227,0.155237573577241,-0.659121697796383,0.0338191481300314,0.000569995901683029,0.018123085878543
-0.258263424589304,0.428477520257846,0.157561132459007,-0.620879106843199,0.0338549298491424,0.00143771225525844,0.0184666360895416
-0.351748479930867,0.493366862771615,0.164390570356142,-0.580489752084416,0.0340766468597136,0.00232198086157261,0.0184374503785621
-0.445440526041745,0.560737092711911,0.175615432228009,-0.537242130801378,0.0344767657969613,0.00311443121320438,0.0180531653902783
-0.538804377449858,0.629519205481087,0.190403946206335,-0.490802143479524,0.0350044457882537,0.00372946051569246,0.017358693563102
-0.63123327091148,0.698341392387618,0.207475448345145,-0.441246014637935,0.0355845861411346,0.00412030249047312,0.0164151683252978
-0.722166038609707,0.765850872983632,0.225451200093723,-0.38897505855498,0.0361402032404383,0.00427996104405689,0.0152865679284323
-0.811159016873902,0.830936175087189,0.243133411429135,-0.334576031065445,0.0366086982084618,0.00423094786314773,0.0140295769876514
-0.897906662005862,0.892815244688714,0.25964736094201,-0.278688644844414,0.0369487945159159,0.00401137411929347,0.0126887227490859
-0.982227479354188,0.951021343986175,0.274462514286548,-0.221911731924296,0.0371400711122798,0.00366309746131449,0.011295785174441
-1.06403498507702,1.0053374601617,0.287341792275546,-0.164751952526436,0.0371786613888294,0.00322410228746281,0.00987147734190323
-1.14330716209621,1.05571866664212,0.298264039956845,-0.107605312430119,0.0370719841992067,0.00272483721647338,0.00842779005370235
-1.22006100959832,1.10222374447125,0.307347757019903,-0.0507590210835134,0.0368340802457764,0.00218731605962285,0.00697015034767326
-1.29433441474413,1.14496369261835,0.314788946695869,0.0055966423494572,0.0364821420459039,0.00162580547086522,0.00549911728570468
-1.36617553914117,1.18406725351514,0.32081646012553,0.0613536262054489,0.0360342936581231,0.00104826368551326,0.00401163826916197
-1.43563927799396,1.2196604386581,0.325663499316359,0.116473030509186,0.0355084586127331,0.00045804397523293,0.00250199797918593
-1.5027903698008,1.25185623300177,0.329552117095227,0.170976118740344,0.0349220960442807,-0.000144363285669674,0.000962605543900826
-1.56771294421023,1.2807508485759,0.332687185523356,0.22494039510791,0.034292585790153,-0.000759605192057677,-0.000615254802130207
-1.63052637795728,1.30642337391444,0.335256532353524,0.278500476437921,0.0336380486958791,-0.00138770834853051,-0.00224060933473802
-1.6914069591417,1.32893609795577,0.337434286973587,0.331852151421845,0.0329783680483096,-0.0020261839194407,-0.00392183628258471
-1.75061362745343,1.34833308546978,0.33938467788466,0.385256258752446,0.032336112768966,-0.00266788202515651,-0.00566549525155328
-1.80851343942153,1.36463484290176,0.341263487463098,0.439036512162339,0.0317369434794981,-0.00329853165061944,-0.00747487987929555
-1.86559787011569,1.37782744605296,0.343214168633463,0.493561993675516,0.0312089171734697,-0.00389403970827,-0.00934821435847542
-1.92247438630887,1.38784586758633,0.345355560045767,0.549201029691038,0.0307799361504225,-0.00441788994861645,-0.011276368249166
-1.97980972830402,1.39455423693758,0.34775879956053,0.60622993379421,0.0304725089708888,-0.00481942848775192,-0.0132398818846524
-2.03819530214803,1.39773113181846,0.350413370965883,0.664681212014132,0.030295196339217,-0.00503448821464778,-0.0152050304321729
-2.09790918762836,1.39707553706026,0.353187426334493,0.72412867755509,0.0302309554708565,-0.00499065218584153,-0.0171188142664303
-2.15857924349874,1.39225565678371,0.355796534301042,0.783443433195538,0.0302246355739585,-0.00462012811868292,-0.0189035957547674
-2.21882787294993,1.38301916102681,0.357806452292631,0.840624574693111,0.0301755714124247,-0.00388246677291212,-0.0204541377525765
-2.27610006817568,1.36935420522558,0.358700970792199,0.892891929231633,0.0299454152224837,-0.00279471713391172,-0.0216426892783722
-2.32695850997676,1.35162873271467,0.358026371363018,0.93723063382444,0.0293906516174927,-0.0014564763493673,-0.0223384701229139
-2.36798267719358,1.3305808458323,0.35556628719418,0.971353070196232,0.0284155736515578,-4.78135332255959e-05,-0.0224410581637309
-2.39694806350244,1.30708045678351,0.351441192476164,0.994624960753392,0.0270179618256845,0.00121425508325494,-0.0219130940971155
-2.41356209233683,1.28176090498303,0.346050697155376,1.00831704560596,0.0252923837438888,0.00214418843900449,-0.02079095548549
-2.4192668207573,1.25475806979337,0.339895870107122,1.01497532099925,0.0233850347649875,0.00263994044202961,-0.0191663774870926
-2.41633743433494,1.22570975971522,0.333405037115499,1.01736551826763,0.0214318289604612,0.00269124173161772,-0.0171539945992899
-2.40691397594111,1.19395857515298,0.326849178502077,1.01762165078142,0.0195158632532059,0.00235250473513332,-0.0148646603877315
-2.39240784714591,1.15879694743424,0.32034432484051,1.01688379405182,0.0176557671400679,0.00170629392356401,-0.0123924440816409
-2.37333817774712,1.11963813365933,0.313895216664205,1.01534204400369,0.0158154489155789,0.000835850782694499,-0.0098120143650553
-2.3494426178473,1.07608539895512,0.307442940801256,1.01247705453287,0.0139215674911642,-0.000188582379085928,-0.00718056840396745
-2.31989003784016,1.02792680698266,0.300901246415892,1.00733173600039,0.0118801262276609,-0.00131258095692009,-0.00454075851205588
-2.28348441700234,0.975098092088885,0.294180141459011,0.998732920526372,0.00958925705277966,-0.00249398304084595,-0.00192348399007416
-2.23881406931118,0.917650106573499,0.287200131831479,0.985445551881849,0.00694870901429045,-0.00369638354862522,0.000649535815033796
-2.18434548541053,0.855746231816604,0.279900916829745,0.9662764955416,0.00386805507829288,-0.00488169876127776,0.00316337887609047
-2.11848762481564,0.789705870922618,0.272247709845283,0.940157666545935,0.000275863374740094,-0.00600286537003745,0.00560782143394853
-2.03966737522039,0.720102011951888,0.264237598735575,0.906236839074539,-0.00386863638379983,-0.00699735760182239,0.00797558175745767
-1.94646454484572,0.647907194157746,0.255907363063,0.863994639478394,-0.00856143911271799,-0.00778234961915946,0.0102606894081204
-1.83785174361331,0.574653455447102,0.247342501820889,0.813391248796321,-0.0137394885524933,-0.00825291877787462,0.0124563503726145
-1.71355672801494,0.502524380677103,0.238684803666908,0.755029331603564,-0.0192707040767306,-0.00828552534537768,0.0145513992174236
-1.57449423669394,0.434250370070783,0.230133460845465,0.690303909669341,-0.0249535905308762,-0.00774980610347906,0.0165246979297797
-1.42310392014537,0.372686297377051,0.221934232026318,0.621495817721621,-0.0305301023505194,-0.00653179373524752,0.0183380740789556
-1.26333833807393,0.320080792390552,0.214353695605409,0.551747099661512,-0.0357121294863449,-0.00456962424595857,0.0199306514394384
-1.10008384391906,0.277298317772889,0.207640256809338,0.484831009973788,-0.0402195684612838,-0.00189654161620916,0.0212198729710912
-0.938057550827233,0.243474091556686,0.201978416519807,0.424629039688556,-0.0438271705357576,0.00132513170351406,0.0221148338567176
-0.780625807947694,0.216492892323691,0.197448062805591,0.374336966492131,-0.0464134392462261,0.00480511037987778,0.0225424744840737
-0.629209796115021,0.19416121139801,0.194005694527656,0.335669033273496,-0.0479942645212421,0.008179999079887,0.022476655958159
-0.483644497968434,0.175349464996103,0.191501499210026,0.308505297317672,-0.0487182854646609,0.0111077216524399,0.0219528127221626
-0.343181436006239,0.160367565275049,0.189728067704325,0.291228825633704,-0.0488177798744257,0.013353859119803,0.0210580767479743
-0.207427116705276,0.150489930301802,0.188476458485449,0.281527389598618,-0.0485387453963983,0.0148267607393906,0.0199043040310451
-0.0767512354109916,0.147149510724922,0.18757482827659,0.277179705392118,-0.048084535407358,0.0155574668542591,0.0186008952442538
0.0478007690492223,0.151331597713741,0.186901974468476,0.276509186861185,-0.0475905037721408,0.0156519068831894,0.0172385832609138
0.164802734323699,0.163341046022727,0.186383175945259,0.278487677436148,-0.0471252592976995,0.0152443070246731,0.0158849152298176
0.272716348636629,0.182835584215417,0.185979098164282,0.282629763299394,-0.0467051819457378,0.0144657231634621,0.0145867766430896
0.370052635186756,0.208953485371763,0.185674813789325,0.288817318531774,-0.0463112780347952,0.013428487941089,0.013375341915649
0.455450207199641,0.240422857956103,0.185471641766782,0.297133462309178,-0.0459030450468935,0.0122218188251684,0.0122707980378584
0.527726824870522,0.275616343595815,0.185381965639698,0.307733104064726,-0.0454281452434727,0.0109134476124808,0.0112858590242378
0.585951027774197,0.312565730164982,0.185426204726968,0.320750138062489,-0.0448286736704558,0.00955360315248055,0.0104279884244594
0.629555918669092,0.348973784780311,0.185630890110755,0.336232696462117,-0.0440454049203402,0.00817924050032433,0.00970059519691748
0.658490624771528,0.382264394015696,0.186026849969519,0.354098501930151,-0.0430213408261816,0.00681752082029324,0.00910354818153772
0.673380925580164,0.409703058918226,0.186646679773977,0.374106261012924,-0.0417055283650132,0.00548821058915285,0.00863334200922498
0.675652172472595,0.42859996536091,0.187520983329651,0.395843056626233,-0.0400575934916238,0.00420503311428337,0.00828321699194439
0.667560675948919,0.43657909920627,0.188673369598277,0.418730175578984,-0.0380527874130633,0.00297620332380945,0.00804349648145016
0.652091209541203,0.431865598650136,0.190114838814223,0.442049821499699,-0.0356866739937573,0.00180448466303785,0.00790233412943114
0.632710754777281,0.413522075240289,0.191838798513086,0.464992503683251,-0.0329781251824585,0.000687145879012638,0.00784693731190494
0.613014064191456,0.381566453528805,0.193818212498727,0.486720357414259,-0.0299693091418425,-0.000383846211421792,0.00786515952037917
0.596336208693295,0.3369339475827,0.196006061187405,0.506437072919891,-0.0267219916595287,-0.00142119295979585,0.00794718640438568
0.585420728484876,0.281293647529279,0.198339415486007,0.523452691090143,-0.0233105525578963,-0.00244117737662979,0.00808695423700991
0.582211372835458,0.216773709900626,0.200746378369109,0.537232672066288,-0.0198131751122108,-0.00346230004866372,0.00828298712245819
0.587791520489204,0.14566832053248,0.20315445233633,0.547425062552635,-0.0163031930481903,-0.00450391630823083,0.00853850373939949
0.602450447142805,0.0701892339421908,0.205498875569518,0.553865397987495,-0.0128423630493634,-0.00558513601690499,0.00886084616525602
0.625828431985039,-0.00770451883293999,0.207730075626921,0.556563829323268,-0.009477064811631,-0.00672413111927308,0.00926043077350954
0.657088855649226,-0.0863964183985069,0.209820265215586,0.555681314254414,-0.00623754113250497,-0.00793784122282543,0.00974946580171477
0.695078529570368,-0.164640630715625,0.211769958003286,0.551501345952938,-0.00313964567371549,-0.00924192870382337,0.0103406338626902
0.738456869350568,-0.241555422572018,0.213615560318787,0.544401379595458,-0.00018830461920649,-0.0106507341485469,0.0110458499194537
0.785792048471673,-0.316606459001624,0.215439089754377,0.534824901343088,0.00261805563680999,-0.0121769109600872,0.0118751277168058
0.835634478986496,-0.389596980256516,0.21738042642677,0.523251786183274,0.0052826848492411,-0.0138303546670983,0.0128355511302418
0.886584715361939,-0.460672176611461,0.219651226831541,0.510161739623645,0.00780571829293951,-0.0156159804849147,0.0139303551369256
0.937375031010353,-0.530334722379474,0.222547606602583,0.495983686714006,0.0101798530967224,-0.0175298651542548,0.0151581526022971
0.986981809770477,-0.599457556580765,0.226455878510225,0.48102367577293,0.0123871140269273,-0.0195533217811556,0.0165123530776622
1.03477903649486,-0.669268745639429,0.23184216506015,0.465366350863132,0.0143976647920221,-0.0216447348966649,0.0179807463295068
1.08073078805385,-0.741272482768074,0.239213031820289,0.448751969156064,0.0161719746555538,-0.023729615724168,0.0195450106525564
1.12560189821192,-0.817061697537097,0.249031288608287,0.430444605040603,0.0176677948130382,-0.0256905662623232,0.0211795596683802
1.17113865698096,-0.897974971829554,0.261570882316913,0.40913077853883,0.0188529703331861,-0.0273609218491352,0.022848815922539
1.22012977412505,-0.984564080814029,0.276703162199037,0.382924049952103,0.019723552688697,-0.0285289086259643,0.024502101935263
1.27619773621953,-1.07589699934471,0.293637178008816,0.349594314640565,0.0203232413080639,-0.0289625134473159,0.0260665917206845
1.34311851100159,-1.16887405191779,0.310707989906667,0.307153236051244,0.0207545826035105,-0.0284655549036102,0.0274419701688804
1.4235369913231,-1.25799648562754,0.325413122790387,0.254813285646634,0.0211671439380076,-0.0269645423693228,0.0285051207554498
1.51732990344213,-1.33620703779248,0.334934708039016,0.193994593133969,0.0217117475138329,-0.0245957116145521,0.0291344577500179
1.62053244831628,-1.39703350978887,0.337146630577532,0.128634547110018,0.0224728927011011,-0.021726532300491,0.0292523047602505
1.7259534097458,-1.43711922390429,0.331592787233643,0.0641778156436705,0.0234225481084947,-0.0188597936033015,0.0288613136009684
1.82552325011116,-1.45742359892892,0.319704158123994,0.00564232221611549,0.0244358108962994,-0.0164593476217593,0.0280447231340358
1.91290402112282,-1.462299370483,0.304092055796357,-0.0439462965075127,0.0253580802247659,-0.0148127268734671,0.026929787838978
1.98483343254825,-1.45739242523259,0.287502704146437,-0.0838915265901148,0.0260722726138595,-0.0140033701751929,0.0256448836779114
2.04096849458201,-1.44780183874972,0.27207199092436,-0.115186546161814,0.0265292693015135,-0.0139668902777889,0.0242958116105472
2.08292931633225,-1.4371447717812,0.259065322138161,-0.139615567178985,0.0267427259889336,-0.0145679975223933,0.0229626880734543
2.11323815135805,-1.42740180400423,0.248957831739742,-0.159053936740854,0.0267672852495473,-0.0156590737756938,0.0217061675412302
2.13449235222178,-1.41919944015283,0.241661754299947,-0.175068106080156,0.0266757671410611,-0.0171123314996251,0.0205736513853211
2.14885844241867,-1.41226084151215,0.236775165407157,-0.188754717830778,0.0265421814939083,-0.0188314117336736,0.0196022225716824
2.1578640530557,-1.4058608313885,0.233789695452737,-0.200735637214646,0.0264316599429825,-0.0207504256485293,0.0188190374650014
2.16241723361573,-1.39919407827471,0.232233811224944,-0.211242846665345,0.0263959804386427,-0.0228267982486204,0.0182409345466926
2.16296578385345,-1.39161878217742,0.231751953980587,-0.220245677322896,0.026472715034317,-0.0250320624723594,0.0178743763554738
2.15971783450545,-1.38277661352242,0.23213259092391,-0.227589808260809,0.0266861884885691,-0.027342755477539,0.0177159245922859
2.15286798026521,-1.37260856340925,0.233301230686483,-0.23313271598126,0.0270489192940462,-0.0297320954416233,0.0177529485138756
2.14279443944597,-1.36128779408402,0.235290828181412,-0.236870300802277,0.027562737519482,-0.0321623569660773,0.0179642137788124
2.13020174189124,-1.34908403566337,0.238196243037002,-0.239051217099216,0.0282191684605771,-0.0345778341865273,0.0183201859641461
2.11617994134478,-1.33617041094013,0.24211522394683,-0.24026836005903,0.0289989185742731,-0.0368988924768193,0.0187831647040938
2.10214294186943,-1.32239146354537,0.247078287266614,-0.241502891821146,0.0298705137304156,-0.0390187011024953,0.0193077010305749
2.08960979377057,-1.30703533313082,0.2529754523935,-0.24408116658253,0.0307885006693177,-0.0408054269710302,0.0198420999445112
2.07982343359993,-1.28868882144013,0.259498605190402,-0.249502451921603,0.0316922371884269,-0.0421130749632078,0.0203319819559589
2.07327428865223,-1.2652780986695,0.266128503778624,-0.259125251393929,0.0325069478018879,-0.0428024325925114,0.0207264786054373
2.06929075194721,-1.23436820855218,0.272192644117059,-0.273771969096647,0.0331487133495093,-0.0427689175299651,0.0209863389874149
2.06590227544656,-1.19368511446789,0.276993538110858,-0.293395240586478,0.0335336599824424,-0.0419682807035479,0.0210914209758176
2.06009415032895,-1.14168149471295,0.279965160200933,-0.316970169712629,0.0335891434000416,-0.040428896801909,0.0210441855632868
2.04837446155688,-1.07790960827341,0.280791137882687,-0.342683315650716,0.0332630014218682,-0.0382446145788561,0.0208672626847765
2.02740959944944,-1.00306400681554,0.279437958705365,-0.368334479192602,0.0325276500871299,-0.0355521038871098,0.0205962338244245
1.99448737636365,-0.918739235806614,0.276105535669078,-0.391774081478533,0.0313784485672823,-0.0325034810989258,0.0202709872663866
1.94770881624218,-0.827066757989832,0.271135060017498,-0.411226982192704,0.0298282405401213,-0.0292442137654156,0.0199287814441315
1.88595682406593,-0.730389484953629,0.26491808632411,-0.425449677162415,0.0279008306277956,-0.0259006720115394,0.0196003379758006
1.80875365454046,-0.631053222771671,0.257832021995654,-0.43374829166258,0.0256255371745474,-0.0225764938276757,0.0193086239032262
1.71610623161002,-0.531317442232227,0.25020655563925,-0.435915182481346,0.0230338211539971,-0.0193546661190738,0.0190693153783965
1.60839552464346,-0.433346785198338,0.242313881234273,-0.432135394185858,0.0201580430848597,-0.0163023074537707,0.0188920481604297
1.48632650399458,-0.33923565804777,0.234372624253985,-0.422894600414163,0.0170318573080088,-0.0134761110839867,0.0187819176216851
1.35092915965565,-0.251026696763567,0.226557097983743,-0.408901814353218,0.0136915352696751,-0.0109273329059057,0.0187409385264939
1.20358845382193,-0.170699149898774,0.219006715470102,-0.391027773604509,0.0101775152154103,-0.00870580015600211,0.0187692288681739
1.04607978768056,-0.100118546481727,0.211833467947992,-0.370254212226477,0.00653568198987949,-0.00686268325767163,0.0188656350514523
0.880593017899542,-0.0409487389607315,0.205127633634734,-0.347629667794129,0.00281825642346966,-0.00545176193613562,0.0190275086267612
0.7097350383058,0.00547174155019947,0.198962915980129,-0.324231905330744,-0.000915442428440811,-0.00452865280277671,0.0192494604314982
0.536499262907236,0.0382917403544215,0.193401936229626,-0.30114158290568,-0.0045979905393832,-0.00414702849185062,0.0195211476890701
0.364175421882415,0.0573488814250635,0.188501675209643,-0.279432281297305,-0.00815265571521403,-0.00435049560728839,0.0198244497431445
0.196152557546093,0.0633867639256168,0.184316600445393,-0.260176106594694,-0.0114930371933861,-0.00515902375101083,0.0201307528164206
0.0355660920995139,0.0582083632117026,0.180895655251234,-0.244452386758106,-0.0145258243342413,-0.00655039913833698,0.0203995003161038
-0.115208167727618,0.0446165558969119,0.178269445487135,-0.233334182006968,-0.0171595438961009,-0.00844072138152435,0.0205795297506398
-0.255083972027278,0.0259737078818906,0.176427745897866,-0.227823536606965,-0.0193206554896804,-0.010672734132279,0.0206145471553201
-0.384536984825415,0.0053362222428916,0.175295387444546,-0.228724875424288,-0.0209736978508895,-0.0130233031990875,0.0204527680908377
-0.50530608254925,-0.0155913311238349,0.174722409566633,-0.236489718728208,-0.0221360698357041,-0.015236445098248,0.0200583109768893
-0.619443914497168,-0.0371580525284597,0.17450311601299,-0.251109499107474,-0.022875950556474,-0.0170748920852243,0.0194198772796677
-0.728061594771177,-0.061630263063211,0.174423810279676,-0.272130850379896,-0.0232886786649853,-0.0183698613833482,0.0185527799884743
-0.830388949504455,-0.0921529384358527,0.174320158891916,-0.298802445512062,-0.0234594469326945,-0.0190479742999335,0.0174937407079645
-0.923634180255322,-0.131258324513466,0.174118925891692,-0.330280415343663,-0.0234282848228945,-0.0191278677678828,0.0162914251179325
-1.00370111353858,-0.179563072475641,0.173849466521042,-0.365786668968084,-0.0231710786728237,-0.0186948726333521,0.0149967133481168
-1.06645674994667,-0.235108639015873,0.17362597699162,-0.404648468158802,-0.0226020056101117,-0.0178685070029243,0.0136552456859241
-1.10911582409765,-0.293484644451914,0.173609927575282,-0.446213672109025,-0.0215956332744366,-0.0167740010991718,0.0123027945262822
-1.13134537393579,-0.348644152166264,0.17396248677685,-0.489694461871386,-0.0200234711097031,-0.0155223188731807,0.0109629402481365
-1.13576546724334,-0.394184462782358,0.174795654179897,-0.534024387527251,-0.0177973173733614,-0.0141985254380327,0.0096464943718267
-1.12763167951808,-0.424748255423565,0.176132890726536,-0.577812276507108,-0.0149079078926881,-0.012857000120435,0.00835251628227902
-1.11371868302114,-0.437107009428568,0.177892714697977,-0.619437480944954,-0.0114443385017028,-0.0115223901233169,0.00707094304324418
-1.10076981144849,-0.430552035411207,0.179904684865899,-0.65726355144221,-0.00758343990814399,-0.0101954013895662,0.00578645554450907
-1.09411443643481,-0.406513216786674,0.181953566328832,-0.689886519479432,-0.00355106471083699,-0.00886174561629352,0.00448251463913953
-1.09694829996956,-0.367692098198454,0.183832665728008,-0.716320544555989,0.000428398451782037,-0.00750159775388471,0.00314425963673084
-1.11037789130475,-0.317158331507036,0.185383805364465,-0.736065661730901,0.004173630056211,-0.00609703104554552,0.00175958129382308
-1.13396606186495,-0.257730751154121,0.186511416465422,-0.749064792145332,0.00756691432827033,-0.00463627502185157,0.000318702723691115
-1.16641260556697,-0.191715940033141,0.187171979536273,-0.755597304539281,0.0105542045973864,-0.00311527620019771,-0.00118677348368102
-1.20611981130205,-0.120906054941709,0.187347699572739,-0.756159801066358,0.0131330768128403,-0.00153795002392679,-0.00276444984116962
-1.25155974739702,-0.0466978399801206,0.187013423971632,-0.751365338797673,0.0153374659030517,8.34380057040326e-05,-0.004420881926331
-1.30146673470001,0.0297692210629858,0.18610275612651,-0.741869753729702,0.0172246749626052,0.00172670698030016,-0.0061604402308203
-1.35491164964958,0.107509689862541,0.184477469244646,-0.728318607637016,0.0188663835607545,0.00335639737418947,-0.0079834759296847
-1.41130480705718,0.185646398628975,0.181905661168512,-0.711301664142821,0.0203428084363636,0.0049184385969767,-0.00988406114878406
-1.47035014710721,0.263429945099017,0.178058617807186,-0.691301410750188,0.0217378047689334,0.00633331593795762,-0.0118475456531608
-1.53195056235145,0.340324091234635,0.172542722940959,-0.668626356822263,0.0231321693980199,0.00748933853011008,-0.0138480313519721
-1.59604908677659,0.416148377843158,0.164987876462003,-0.64332883890088,0.0245926245426338,0.0082394509970158,-0.015845592941596
-1.66238892855123,0.491250001878403,0.155211537817274,-0.615122729436203,0.0261552273882954,0.0084074571259975,-0.0177827960939879
-1.73019726535408,0.566640508717594,0.143456288914555,-0.583341816706669,0.0278048176222941,0.00781162818883993,-0.0195803515772627
-1.79786052531163,0.643976410276565,0.130642206633042,-0.547013616215119,0.029457109460952,0.00631291358328002,-0.0211337256593148
-1.86277108384902,0.72521568016029,0.118477924918095,-0.505140531530331,0.0309566892610511,0.00388608177482582,-0.022316833087029
-1.92162191847935,0.811854020895562,0.109198403494903,-0.457206899062718,0.0321076334808582,0.000689401671051762,-0.0230022316868711
-1.97129829068532,0.903971483820622,0.104822274897263,-0.403707260410186,0.0327413889177356,-0.00291933276630314,-0.0231000436556621
-2.01001718760022,0.999733752796841,0.106248780720084,-0.346284708216313,0.0327930063894228,-0.00646533732679152,-0.0225966829522559
-2.0379272440533,1.09587719964538,0.112849495122105,-0.287254231702422,0.032332531401487,-0.00951079696409081,-0.0215625856740524
-2.05672748369237,1.18889761688946,0.122872373063604,-0.228817744005397,0.0315273979046544,-0.011782864477206,-0.0201214170688919
-2.06870560046422,1.2760991756512,0.134272613309893,-0.172505247819583,0.0305691656619949,-0.0132054512297841,-0.0184064883129638
-2.07589655354786,1.35598725555288,0.145381744211162,-0.119063331101704,0.0296146728944463,-0.0138505149659065,-0.0165314551870376
-2.07968650918921,1.42810271630958,0.155173865749083,-0.0686466543408309,0.028762631878855,-0.0138653038726167,-0.0145808468567124
-2.08078539238856,1.49263543047894,0.163223519899734,-0.021086803171189,0.0280577394430282,-0.0134144236149858,-0.0126121843634862
-2.079375463123,1.55006229388462,0.169532583929049,0.023892039202515,0.0275066067517807,-0.0126466486331234,-0.0106613796579738
-2.07529654920062,1.60090177496392,0.174347084186278,0.0665435353401715,0.0270945018978183,-0.0116814197801437,-0.00874756365714779
-2.06820291318721,1.64558548793811,0.178015774927239,0.107041772463392,0.0267980942491162,-0.0106070476335855,-0.0068766032603052
-2.05767337384327,1.68441532992923,0.180900581657216,0.145471319908068,0.0265932665342143,-0.00948441553145288,-0.00504368523956986
-2.043278124162,1.71757335748323,0.183330853892304,0.181844600407953,0.0264587441831462,-0.00835241199871879,-0.00323544019439883
-2.02461392525037,1.74516085026213,0.185588237287762,0.216134497721104,0.0263766883482952,-0.007233197270853,-0.001431912758786
-2.00132157812384,1.76725352391584,0.187909571668727,0.24831735147017,0.0263311997769487,-0.00613662404562177,0.000391434545203008
-1.97309982842768,1.78396785660769,0.19049753108755,0.278426517691211,0.0263052969625385,-0.00506387737656884,0.00226151929911584
-1.93973006092744,1.79553734194207,0.193530698725064,0.306618861190997,0.0262766093466921,-0.0040108829854822,0.00420505417881243
-1.90112641682203,1.80239567433691,0.197165623898292,0.333254608974184,0.0262119510701655,-0.00297240766058301,0.00624540895282765
-1.85742406591516,1.80525429613232,0.20152345249252,0.358982339635007,0.026061316713615,-0.00194807390381451,0.00839887315552465
-1.80910884892921,1.80514265080105,0.206654563751027,0.384802139107438,0.0257528940609341,-0.000951571973400802,0.0106705234722348
-1.75716640813789,1.80335312270598,0.212479212648213,0.412049865321529,0.0251925256180906,-2.37342393170775e-05,0.0130501167052471
-1.70318267778574,1.80121038392433,0.218713444100238,0.442210562611551,0.0242733283938414,0.000751894804750458,0.0155081372492202
-1.6492671646227,1.79958908939451,0.224807276642418,0.476449610996354,0.0229026928705962,0.00123670310557406,0.0179907186063724
-1.5976261511471,1.79816425354321,0.229940177938961,0.51478513334688,0.0210519584452798,0.00124093078579754,0.0204099712833688
-1.54964937561346,1.79453995587858,0.233128043090094,0.554988315047066,0.018823067961678,0.000565925239899966,0.0226266907332461
-1.504614772558,1.78374390735779,0.233487650050715,0.59171552254184,0.0164976359478474,-0.000893392802463516,0.0244330807244615
-1.458709606798,1.75904951444853,0.230649256284035,0.617028177351561,0.0144930237577619,-0.00300408457704809,0.0255676904679712
-1.40571748654257,1.71488859574672,0.225133768900448,0.623439932981582,0.0131660484783675,-0.00532436932849751,0.025803997291683
-1.3399989238697,1.650458045483,0.218295267051485,0.6083098614631,0.0125684403632336,-0.00725763769472914,0.0250836866810588
-1.25969070391749,1.57043741756034,0.211655634758606,0.57552328449786,0.0124058428769186,-0.00836906493171207,0.0235647514177239
-1.16712179501033,1.48181753493141,0.206162368586045,0.532604288368083,0.0122563322543526,-0.00857064620009123,0.0215248501190193
-1.06661731192614,1.39024928619999,0.201989285235058,0.486528788056964,0.0118097247718379,-0.00804632713419196,0.019230714009237
-0.962179094111647,1.29866354802439,0.198816255427174,0.441610615178981,0.0109502349478261,-0.00707221431868273,0.0168770731751894
-0.856412139801398,1.20778384845029,0.196182365224708,0.399566942241206,0.00971537945391539,-0.00588905553219478,0.0145876588792721
-0.750497848953982,1.11718351427417,0.193697136670816,0.360455691733492,0.00822229208719744,-0.0046564261144841,0.0124349913584085
-0.644620176986616,1.02613772993139,0.191109020878091,0.32359428387422,0.00660975988128149,-0.00345677096670122,0.0104569755656855
-0.538451244506379,0.9341015829546,0.188294659276507,0.288171968911637,0.00500520621267752,-0.00231751319846673,0.00866735519557967
-0.431531141802666,0.840881208303323,0.185220454751981,0.253562374276092,0.00351076095950528,-0.0012338893794009,0.00706253982442721
-0.323506263063694,0.746614000099048,0.181903790819287,0.219428482092022,0.00220039291196691,-0.000186097870904514,0.00562676812755426
-0.214245492030335,0.651657108257883,0.178384017076332,0.185711894852075,0.00112210921964315,0.000849976416151465,0.00433628637021466
-0.103868121172841,0.556451731137984,0.174704365492762,0.152571859570159,0.000301787484322275,0.0018970401968734,0.00316261537823365
0.00728533891000946,0.461402883041105,0.170902583847502,0.120311940718664,-0.000252886832844027,0.00297391461892408,0.00207490327652918
0.118715200293189,0.366794972504928,0.167007550964706,0.0893119687348757,-0.00054881486367,0.00409490574608555,0.00104146270043382
0.22983896411477,0.272751033556285,0.163039673457755,0.0599707188165365,-0.000604159751111392,0.00527010265834254,3.06825302799154e-05
0.340067514120791,0.179235007408144,0.15901356570906,0.0326586154370642,-0.000445093703185316,0.00650604911805025,-0.00098845941318676
0.448870204194254,0.0860904444771845,0.154942063834525,0.00767724937292557,-0.000102384547594644,0.00780644345041734,-0.00204606097987672
0.555822135926561,-0.00689499484952806,0.150840943096106,-0.0147780823278859,0.000392390469467061,0.009172591218295,-0.00317093889305929
0.660632003912675,-0.0999117574480992,0.146733770944656,-0.0346561456303028,0.0010111682647194,0.0106032948288253,-0.00439007864633813
0.763154051172077,-0.193049965470436,0.142656085878541,-0.0520897814665122,0.00173430848451898,0.0120937354801483,-0.00572774629695994
0.863391566853048,-0.286232369490529,0.138657478534517,-0.06743708157218,0.00255585792876629,0.0136327093793379,-0.00720414800018977
0.961500407321104,-0.379171064821177,0.134799160053091,-0.081316709813049,0.00348838098034666,0.0151973759268251,-0.00883355509521462
1.0577974856541,-0.471363346492058,0.131143469018543,-0.0946198314315757,0.0045656244365313,0.0167445967223282,-0.0106218145291159
1.15276892400911,-0.562148972817121,0.127731228130032,-0.10846460376818,0.00584003770039586,0.0181982837690121,-0.0125630472964859
1.24705386335455,-0.650862213455493,0.124544323757522,-0.124036763899114,0.00737107941435346,0.019433484607284,-0.014634953021412
1.34135530521686,-0.737124089508738,0.12145625360505,-0.142236947415571,0.00920033435761218,0.0202611668884739,-0.0167913929870642
1.43621342828674,-0.821313683623979,0.118184721137025,-0.163055873958447,0.0113123612332425,0.0204242900781812,-0.0189502294512525
1.53160451656029,-0.905166090522652,0.114279824724128,-0.184697912441712,0.0135883210200355,0.0196268132122483,-0.0209759052784199
1.62645475087903,-0.992145914599055,0.109207017395834,-0.202826126744315,0.0157763155607045,0.0176271737443838,-0.0226653688629467
1.7184104975956,-1.0867750651967,0.102583241787371,-0.210944737760741,0.0175257417580605,0.0144074548921892,-0.0237659813475981
1.80437882725829,-1.19225216411738,0.0945069848564236,-0.203030904085345,0.0185269284303068,0.0103322231032443,-0.0240597831119532
1.88185026543509,-1.3076298662573,0.0856985230014857,-0.177422541152931,0.0186985312699972,0.00610277624002205,-0.023482845192879
1.94994272855858,-1.42757278523011,0.0772091059599693,-0.138245826559864,0.0182507531478212,0.00244875577357942,-0.0221618334719521
2.0092242341501,-1.54525898265306,0.0699241047103735,-0.0927245516049598,0.0175520454563826,-0.000181753448016997,-0.0203239843622593
2.06082755584636,-1.65541130389273,0.0642829093648373,-0.0474110289707311,0.0169403752404774,-0.00169083740667303,-0.0181856340627164
2.10578802611281,-1.75531563609612,0.0603091975376515,-0.00633491229149375,0.0166229768046215,-0.00221479542025776,-0.0159045810626786
2.14480734245179,-1.84428807516135,0.057784763702952,0.0289125949211554,0.0166736080727837,-0.00198325577654921,-0.0135831683617531
2.17823787541868,-1.92273959488259,0.0564178536178504,0.0583381827917738,0.017074721112256,-0.00122689288461283,-0.0112840311245454
2.20613779267295,-1.99144664278797,0.0559492798801407,0.0827253807869174,0.0177644963135822,-0.000135003143770945,-0.00904165814371381
2.2283474261202,-2.05114841589629,0.0561960533217661,0.103082018580675,0.0186718166704416,0.00115503178201525,-0.00686892432482048
2.24456816373295,-2.10239911999767,0.0570528170928371,0.1203548528209,0.019735833426068,0.00255225473919461,-0.00476150358479843
2.25443171482918,-2.14557296559438,0.0584723643193633,0.135335991489837,0.0209127533662194,0.00400088407068206,-0.00270197871044484
2.25755752664709,-2.18094399980575,0.0604392318534125,0.148683198355054,0.0221741045157112,0.00546872182601472,-0.000664121440306
2.2536092059033,-2.2087947636771,0.0629420149302002,0.160995602102265,0.0235000751599838,0.00693718666735271,0.00138270817522411
2.24237207786355,-2.22952966075215,0.0659442622648042,0.172905246024673,0.0248701602232047,0.00839285891110356,0.00346908421209324
2.22388080970743,-2.24377555285676,0.0693516193594251,0.185152885678283,0.0262523812410966,0.00981937887650752,0.00562087183212602
2.19862382168327,-2.25244250215964,0.0729745460524385,0.198610256083166,0.0275923243175415,0.0111881827487099,0.0078542876573638
2.16782847870625,-2.25669285880405,0.076492059388123,0.214193820414766,0.0288042875655317,0.0124468090395957,0.0101705632747463
2.13376845589407,-2.25773362396113,0.0794331084314256,0.23259968429999,0.0297686584989228,0.0135046818243403,0.0125500646545114
2.09991471988409,-2.25632730041009,0.081206702268416,0.253805280791904,0.0303414886311641,0.0142191625431691,0.0149454857594891
2.07058992379407,-2.25196593433416,0.0812218456213612,0.276380461737489,0.030382805980127,0.014390496668915,0.0172737440645414
2.04970055209052,-2.24187671423801,0.0791237885673948,0.296882604108022,0.0298070811988054,0.0137836284490818,0.0194081340468703
2.0384195198117,-2.22051560481956,0.075101166164658,0.309947177644821,0.0286471905328945,0.0122018554405877,0.02117855178155
2.03274171936505,-2.18070023281951,0.0700784507100027,0.309796233186224,0.0270972711810984,0.00961865246334948,0.0223961402602536
2.02319048117937,-2.11698307590248,0.0655186055911126,0.293072730730145,0.025477379787154,0.00630207038921513,0.0229136875130162
1.99841675230863,-2.02946502473826,0.0627850342366317,0.261156266209252,0.02409960716285,0.00279475440582757,0.0226964634807505
1.95072739416563,-1.92447226329817,0.0625021939808157,0.219655072537281,0.0231201694135419,-0.000300643755698582,0.021843459836902
1.87901494098915,-1.81115564219021,0.0644369650524662,0.175365585080257,0.0224987949501248,-0.0025682608505015,0.0205362233163731
1.78742641168099,-1.69722477033098,0.067869012745408,0.133404572314503,0.0220767439223993,-0.00386904530717236,0.0189648893512019
1.6821169731759,-1.5868886791973,0.072028389582777,0.0962125693244241,0.0216852219990195,-0.00427432062835285,0.0172846851091995
1.56866385639539,-1.48114618668311,0.0763381245847228,0.0640252227289946,0.0212142692752297,-0.00395434166644083,0.0156081345200699
1.45090308157267,-1.3790878845668,0.0804662134935617,0.0358110703680766,0.0206301522747944,-0.00309486244027057,0.0140127126946228
1.33083830805096,-1.27915813085232,0.0842795917189168,0.0100901484383632,0.0199589867503834,-0.00185419722777096,0.0125492340936891
1.20908483678228,-1.17997204079583,0.0877712429713101,-0.0145400351816867,0.0192584069647715,-0.000349333567343246,0.0112474490953944
1.08545242235552,-1.08067601338871,0.0909961546902857,-0.0391541328248141,0.0185926374530061,0.00134200323639459,0.010120191178614
0.959446888859047,-0.980990454242279,0.0940280388415237,-0.0644412387789718,0.0180173328646414,0.00317275141009528,0.00916737706454234
0.830611614374478,-0.881087888378418,0.0969358043529986,-0.0907493794596502,0.0175737101467404,0.00511696080395572,0.00838000713882791
0.698715731269798,-0.781417027479646,0.0997737040697039,-0.11816390226097,0.0172885539721854,0.00716184107110994,0.00774376637640393
0.563829434497288,-0.682532990297896,0.102578890304245,-0.146581472897081,0.0171766688912118,0.00930203468178911,0.00724188897266073
0.426327692207993,-0.584958447430904,0.105371940970329,-0.175765258814239,0.0172435231403271,0.0115358214973865,0.00685718980799878
0.286852385397957,-0.489082709539817,0.108157915519062,-0.205380753634913,0.0174870288987248,0.0138627003049105,0.00657333172975766
0.146251720714743,-0.395099603629794,0.110926950781846,-0.235017752671365,0.0178982468406502,0.0162818341094445,0.00637544985063127
0.00550887251203822,-0.302983360769228,0.113654247810095,-0.264205579093122,0.0184612991313393,0.0187909705744458,0.00625023987048378
-0.134331207537556,-0.212499944534056,0.116299671052632,-0.292428130325867,0.0191530174135296,0.0213855640715142,0.00618558931256229
-0.272229231342258,-0.123247539426111,0.118807225957164,-0.319143811992121,0.0199428957237253,0.0240579130520774,0.00616982032067801
-0.407207540937356,-0.0347152726668632,0.12110454135911,-0.343813398553257,0.0207937866430262,0.0267961985284528,0.0061906299654399
-0.538392109923791,0.0536536062121977,0.123102344986268,-0.365936488571603,0.02166351666027,0.0295833845197544,0.00623385248601669
-0.665041947074582,0.142406326177495,0.12469402308048,-0.385094624802047,0.0225072993093574,0.0323960358767453,0.00628221398137141
-0.786569934469043,0.232038852670664,0.125755893838402,-0.400996346849058,0.0232806155210558,0.0352032385937684,0.00631429352141427
-0.902558882220321,0.322965064129174,0.126149761658819,-0.413516339925016,0.02394219448151,0.037965982593923,0.00630394386404801
-1.01277279786889,0.415487762319669,0.125730196580208,-0.422717537820079,0.0244568549290994,0.0406375654662536,0.0062204578688451
-1.1171570888489,0.509762478504563,0.124358893944767,-0.428842642994842,0.0247981558503652,0.0431657012928991,0.00602976680614336
-1.21581573599511,0.605752947986488,0.121926397686984,-0.432262893824029,0.024950930479157,0.0454968869866399,0.00569685635185038
-1.3089532205031,0.703190184127417,0.118377142932223,-0.433380732374386,0.0249137567332967,0.0475830025042441,0.00518930699966308
-1.3967782468192,0.801558021541692,0.11372872632809,-0.432500224556312,0.0247012481172373,0.0493891216966893,0.00448141699893561
-1.47938388907942,0.90012763758288,0.108074025174362,-0.429698502097094,0.0243458065563732,0.050900517224505,0.00355794375266636
-1.5566356115906,0.998047641415811,0.101558564684901,-0.424740733000576,0.02389828543671,0.0521265720540499,0.00241643362364244
-1.62810269427173,1.09447171180497,0.0943350782571221,-0.417071130700018,0.0234269727656674,0.0531001710250193,0.00106759065272211
-1.6930564014669,1.1886872448071,0.0865078170079161,-0.405888414896589,0.0230144330610456,0.0538726814486559,-0.0004660373264088
-1.75054027112329,1.28020583750762,0.0780858419970267,-0.39029312033495,0.0227519423862139,0.0545057718827594,-0.00215205653683282
-1.79950948835536,1.36878561788501,0.0689667419736624,-0.369489127302496,0.0227313534953117,0.0550613665194056,-0.00394957023333373
-1.83904190230918,1.45436495960054,0.0589728477765341,-0.343027913722005,0.0230340630124711,0.0555903266761786,-0.00580846710094349
-1.86862884653546,1.5368937163106,0.0479601698506237,-0.311080678914072,0.0237162315301578,0.0561200213656273,-0.00766542143361102
-1.88852924660106,1.61606718959413,0.0360039962355412,-0.274685410707068,0.0247891460657059,0.0566416251140044,-0.00943652636489302
-1.90007869369943,1.69102864497946,0.0236130982410952,-0.235828537457493,0.0261962755595241,0.0570999425198431,-0.0110103433933118
-1.90568910247313,1.76021427596143,0.0118338792199045,-0.197125378417205,0.0277979936331397,0.0573918325070561,-0.0122518390728411
-1.90821746370643,1.82157460106264,0.00205560417142796,-0.160939318403354,0.0293864446979622,0.057382729237292,-0.013029612082616
-1.90974725515915,1.87321877643803,-0.00451770161941936,-0.128237044606171,0.0307436023995728,0.0569465647783698,-0.0132623113863404
-1.91053031445158,1.9141104912973,-0.00741817726392979,-0.0980072919359672,0.0317143815703177,0.0560141621369117,-0.0129526936807554
-1.90895172973883,1.94430419930163,-0.00706483131543918,-0.0678059792984924,0.0322425664730261,0.0545980934843871,-0.0121802643419523
-1.90247694113493,1.96463765841321,-0.00445542262426269,-0.0349857796758361,0.0323538772042746,0.0527792028820343,-0.0110631360085715
-1.88876318397192,1.97622843977803,-0.000708327462941645,0.0022950622509638,0.0321165530698067,0.0506720459810041,-0.00972203917089127
-1.86630636318523,1.98009335941021,0.00326682486480242,0.044717147254395,0.0316103447641785,0.0483931807081473,-0.00826287634829943
-1.83455908162225,1.9769743827199,0.00690219756241153,0.0919587705127406,0.0309116341427264,0.0460421558920997,-0.00677341430610244
-1.79374053510445,1.96732039128403,0.00996170836343341,0.143062483496814,0.0300889718337247,0.0436937931838065,-0.0053251155538172
-1.7445552502264,1.95135342780066,0.0124582243129227,0.196792080479322,0.0292023937007067,0.0413976908455603,-0.00397528443918606
-1.68794385351685,1.92916446240909,0.0145504454470881,0.251888417234386,0.0283030368671449,0.0391817570991607,-0.00276851230729424
-1.62490908396208,1.90080354245214,0.0164512975530406,0.307214619360091,0.0274321955736479,0.0370576065329611,-0.00173777624327939
-1.55641482812232,1.86634671121532,0.0183623522067378,0.361817425246347,0.0266201789583429,0.0350263208985777,-0.000905569148860423
-1.483338767425,1.82593559873749,0.0204364178016939,0.414937381950984,0.0258855883925722,0.0330836377882998,-0.000285200366374277
-1.40645880734677,1.77979371419608,0.0227636877872347,0.465992553428727,0.0252354518091878,0.0312241459276433,0.000117707229596012
-1.32645926470671,1.72822665367275,0.02537455188655,0.514550106181546,0.0246663481050606,0.029444445282243,0.000303516134607028
-1.24394802489394,1.67161344327363,0.0282523319883096,0.560293317768165,0.024166363666114,0.0277454263441528,0.000276690372484895
-1.15947820543257,1.61039482754803,0.0313502633980289,0.602988823430122,0.0237175230574169,0.0261338720900235,4.38198543295896e-05
-1.07356803037763,1.54506266033974,0.0346083584570158,0.642458415290719,0.0232982864713386,0.0246235574030307,-0.000388281912115825
-0.986712301571165,1.47615333270224,0.0379671863455639,0.678559548267711,0.0228858271211205,0.0232359632529303,-0.00101420480994327
-0.899379072490865,1.40424779805152,0.0413769299448479,0.711178130149115,0.022458057977587,0.0220006442334942,-0.00183110082283025
-0.811985979229248,1.32998154138322,0.0448011187537129,0.740236406491049,0.0219957070604698,0.0209551601144631,-0.00283921409757318
-0.72485204420743,1.25407001707431,0.048215052438153,0.765718215112728,0.0214850932423913,0.0201442605311154,-0.0040416510075451
-0.638123408704743,1.1773585860785,0.0515992535985664,0.787713472598378,0.0209225989123785,0.0196176642926729,-0.00544327282339627
-0.551677964287257,1.10090962511327,0.0549288021890242,0.806482495903278,0.0203221128481232,0.0194253285081852,-0.00704859834917463
-0.465029016417376,1.02613871101423,0.0581608860719116,0.822536873261838,0.0197267156469062,0.0196087355238273,-0.00885859763123245
-0.377277617794822,0.95499470559839,0.0612260482803853,0.836724685308776,0.0192249516330117,0.0201868960062485,-0.0108661652004046
-0.287208468962501,0.89012385829935,0.0640328905148013,0.850290051941795,0.0189684379165189,0.0211372729325273,-0.0130496359225955
-0.193671049641802,0.834851579212955,0.066497756566233,0.864839319999534,0.0191777492151912,0.0223754984729306,-0.0153626226706465
-0.0963900406961106,0.792709393393601,0.0686036395525,0.882062927065536,0.0201050988499643,0.0237434654960241,-0.017717338939607
0.00278887442244091,0.766289154041805,0.0704736661664002,0.902934754734914,0.0219105099266709,0.0250209657616443,-0.0199612675351249
0.098657117906802,0.755509483478222,0.0724175202777109,0.926174335699617,0.0244559875431726,0.0259771855133363,-0.0218591681183093
0.182693069980564,0.755758011433985,0.0748683553419563,0.946613178191812,0.0271644089574561,0.0264671794172345,-0.0231090119188262
0.246173837182416,0.756980776084805,0.0781129962345481,0.955694676923015,0.0291868127366025,0.0265396021776171,-0.0234215773216843
0.285988681051934,0.745767492935777,0.0819016003917921,0.946007683691791,0.0299055718625926,0.0264576954567635,-0.0226593806836905
0.308025217108933,0.711156377400495,0.0853489215721648,0.91685595814872,0.0293446755878332,0.0265493390284049,-0.0209418408750925
0.323377459429295,0.649779922910427,0.0873816421912697,0.874511321735424,0.0280427794803646,0.0269990276001281,-0.0185838618853435
0.341356932414386,0.565408224345237,0.0873109975877591,0.827144193469148,0.0265990663353366,0.0277977664548411,-0.0159179941809296
0.366207248627451,0.46475734464433,0.0850244145606419,0.780500122291199,0.0253885703261131,0.0288448107261642,-0.0131810479523203
0.398036319053525,0.354095844820211,0.0808289024620219,0.737013079029641,0.0245476531633435,0.0300468766895095,-0.0105079613442266
0.434955427292215,0.2380133829897,0.0752136546568133,0.696825766554846,0.0240665123802291,0.0313522962049573,-0.00796526645444791
0.474648355862927,0.119503608638554,0.0686830359987974,0.659015435412048,0.0238744341927739,0.0327443500579253,-0.0055790502132408
0.515116095286511,0.00045523451844498,0.061684149663857,0.622404784137809,0.0238906500293356,0.0342241310181305,-0.00335113924680077
0.554866081182563,-0.117884423323049,0.0546006286628397,0.585941657264925,0.0240472009299851,0.0357963595938234,-0.00126885100475361
0.592832773159473,-0.234599847944098,0.047775499523404,0.548796569491005,0.0242949469371407,0.0374606887449907,0.000687901675383653
0.628213951867909,-0.348948317906476,0.0415343073599966,0.510319240554739,0.0246012697089509,0.0392070457021902,0.00254103317379993
0.660314896547989,-0.460312979672192,0.0361909207884278,0.469945940384222,0.0249448292954477,0.0410128820202151,0.00431015296308421
0.688437858316126,-0.56823074018687,0.032026955273482,0.427107220161145,0.0253103741541653,0.042840699772131,0.00600982800276937
0.711830631061689,-0.67246559690723,0.029241900089555,0.381162504386528,0.0256851460106924,0.0446350149496047,0.00764797584171989
0.72970153836219,-0.773100840193263,0.0278774383365674,0.331380826710874,0.0260575402776358,0.0463188162765881,0.00922499116111486
0.741306851980304,-0.870619324113935,0.0277285157031156,0.276987796990443,0.0264179903254612,0.0477906893085678,0.0107332623995581
0.746111538953413,-0.96593197715358,0.0282665852823601,0.217298003469407,0.0267613057778062,0.0489251713998633,0.012157033476121
0.744006984982533,-1.06030659185915,0.0286154136653094,0.151937526191206,0.0270889528677326,0.049580191070624,0.0134730820496322
0.735534151572299,-1.15515436411856,0.0276282322849873,0.0811217806058743,0.0274093958545754,0.049615373822333,0.0146531776749752
0.722015848924226,-1.25167074052434,0.0240985603722097,0.00589256939166898,0.0277352353246832,0.0489216951674811,0.0156692341983955
0.705483886167408,-1.35040901281344,0.0170789282088723,-0.0718274833342974,0.0280777826716784,0.0474557958875874,0.0165009683929506
0.688346381448295,-1.45095239193233,0.00619781451730007,-0.149469311944047,0.0284419830986188,0.0452648229968869,0.0171439621007476
0.672879909009206,-1.55185742650499,-0.00817847985226006,-0.224303842209852,0.028825134356455,0.0424874896165474,0.0176147970805645
0.660756476123042,-1.65091861200154,-0.0250312823883431,-0.293980607672495,0.0292204493067765,0.0393282042913385,0.0179509891539447
0.652809243701365,-1.74562667355023,-0.0429765440021432,-0.35687897228732,0.0296229006029419,0.0360164737685069,0.0182062546962096
0.649101914078399,-1.83360335066743,-0.0606035340936305,-0.412152488526097,0.0300330927748637,0.0327706870282584,0.0184436344499648
0.649211618825071,-1.91284448572426,-0.0767175979925031,-0.459516312016143,0.0304563575993289,0.0297797561901922,0.0187286230590346
0.652559310231367,-1.98171848125895,-0.090417477604772,-0.49892924527881,0.0308975455678076,0.0272050894892645,0.0191227377975398
0.658624037157424,-2.03876373100414,-0.101023093979147,-0.53033826273406,0.0313550759154573,0.0251971867191766,0.0196767806859918
0.666915750671623,-2.08238556897647,-0.107928026895689,-0.553629452942469,0.0318194607177142,0.0239175589073394,0.020423130209985
0.676641411083508,-2.11059312992814,-0.110482804430301,-0.568897140188453,0.0322813305969017,0.0235545289549593,0.0213670049261809
0.686103805421799,-2.12095921480186,-0.108023424622506,-0.577093948761034,0.0327515653730946,0.0243173357466876,0.0224762392160622
0.692050589208846,-2.1110319907454,-0.10013508436669,-0.581011319837932,0.0332901649900031,0.0263868604027901,0.0236669849582872
0.689458902611576,-2.07943684193014,-0.0871636622462011,-0.586244213929765,0.0340290424510383,0.0298011416565919,0.0247826623716543
0.672547683316764,-2.02766961187933,-0.0707998797964284,-0.601136329507035,0.0351590663496989,0.0342842518956309,0.025576886441725
0.637664733092507,-1.96160247120189,-0.0541948370869583,-0.634056099581159,0.036852707888228,0.0391239359255643,0.025743160905249
0.586915509150703,-1.89027793147736,-0.0408817334572177,-0.687870884634262,0.0391465126313342,0.0433093947642855,0.0250338763404116
0.528836290123198,-1.82076034004666,-0.0328100733705464,-0.756220642314815,0.0418862469593504,0.0459833849423451,0.0233988271584
0.474415953161364,-1.75290140166523,-0.0293808720145957,-0.826758055084282,0.0448042374892448,0.0468385499973312,0.0209892413917723
0.432572843202858,-1.67895927829173,-0.0284717560092615,-0.888358015403628,0.0476454345746237,0.0461008775286739,0.0180339433391914
0.409042574258939,-1.58745180466695,-0.0281231319247979,-0.935462439750329,0.0502012152678721,0.0442434812054897,0.0147374438234333
0.407677965367802,-1.46807291144058,-0.0274918022446277,-0.968094822580321,0.0522133136314084,0.0417376188678035,0.0112571674642447
0.431169266661935,-1.31657078789289,-0.0269130396159516,-0.989933179761544,0.0532515856148567,0.0389441824190645,0.00771474631604172
0.479395418225554,-1.13886878256818,-0.0273919796368898,-1.0061221140317,0.0527611620809587,0.0361026901110359,0.00419542082794492
0.546443674265528,-0.951097800680555,-0.0298060924969754,-1.02124968406697,0.0503951895700911,0.0333560482228076,0.000728270966551625
0.620333493000667,-0.772602111140465,-0.0342430932380341,-1.03801727214637,0.0464046026135312,0.0307749686462928,-0.00272231569820348
0.687617751580246,-0.616339539022962,-0.0399378925788355,-1.05733711545866,0.0416440623456528,0.0283771188582928,-0.00622446577852408
0.738738240903762,-0.485130580497088,-0.0457022995974657,-1.07952013664662,0.0371619491136598,0.026154114351102,-0.0098242488859621
0.769512133521934,-0.375108208494531,-0.0502802334172314,-1.1051111210435,0.0337967666079702,0.0241139304202278,-0.013509649524058
0.779755514310778,-0.281215708908729,-0.0524040689451361,-1.13432136357406,0.0320188377854691,0.0223288031144877,-0.0171998067315621
0.772306212412074,-0.201061810336973,-0.050853677037121,-1.16513285855538,0.0318965030688973,0.0209607513478244,-0.0207337375516084
0.753525108067657,-0.136310439956615,-0.0449593517399679,-1.19116172654197,0.0330334846665873,0.0202196542385894,-0.0238412894921347
0.733649408634621,-0.0909872536621776,-0.0356709793500741,-1.20172172605664,0.0345269278548816,0.0202129688361833,-0.0261365401102311
0.723977498071593,-0.0664727189985676,-0.0263179870539413,-1.18696329547366,0.0352116153608848,0.0207472112509609,-0.0272394106797159
0.730684344521834,-0.0570772180021479,-0.0213948585427002,-1.14579348294203,0.0342977331911492,0.0213211565486651,-0.0270170722739913
0.751252441070686,-0.0521860707911765,-0.0236858995418305,-1.08743079125965,0.0318543509175986,0.0214342256226506,-0.025679123776703
0.777610581500186,-0.0428835323962376,-0.0327048756155474,-1.02429688836818,0.0285932877282512,0.0209022891197857,-0.0236091871539778
0.801659177622812,-0.0255911633499584,-0.0456742665422875,-0.965027393820208,0.0253005602428558,0.0198822907887837,-0.0211680471362685
0.818349311296562,-0.0011451534313445,-0.0594117429184315,-0.912835628095544,0.02248254616004,0.0186917541975899,-0.0186199703678241
0.825920891750251,0.0276611711786011,-0.0715791793521303,-0.867216301458756,0.0203261680139453,0.0176307513845761,-0.0161385014332993
0.824804439962391,0.0579310514593051,-0.0810069235009144,-0.826080781465918,0.018807657031988,0.0168966828152508,-0.013830307412985
0.816398722075577,0.0875175804109463,-0.0874599280075962,-0.787162993387497,0.0178104070160984,0.0165777351244148,-0.0117547929823474
0.802238440922169,0.115182662964178,-0.0912457564191561,-0.748657545311836,0.0172012140304397,0.0166824538392534,-0.00993766982311581
0.783598192902347,0.140426486319103,-0.0928859281711878,-0.709369357485477,0.0168656553623846,0.017174536525448,-0.00838110748401822
0.761393467334848,0.163230945108701,-0.0929142314089495,-0.668633790669436,0.0167179028889308,0.0179994211873329,-0.00707204049700457
0.736226686559696,0.183835886471916,-0.0917840017896334,-0.626169295057658,0.0166984928725973,0.0191003463257703,-0.00598885984909469
0.708476990758123,0.202583903213004,-0.0898435575144614,-0.581940093061167,0.0167682093843541,0.0204261558635825,-0.0051063505015775
0.678384603565658,0.219828367953162,-0.0873448160403187,-0.536053999645817,0.0169019068869453,0.0219339614864248,-0.00439893965431309
0.646113887602553,0.235886542071714,-0.0844632920998809,-0.488695473177042,0.0170835798672532,0.0235891230821298,-0.00384256226296571
0.611794923093413,0.25102031250778,-0.0813186388224039,-0.440085648525613,0.0173028261547096,0.0253640905941492,-0.00341553912343106
0.575548649012723,0.265431983653958,-0.0779915848836703,-0.390460519085717,0.0175524463257807,0.0272369290394782,-0.003098825277254
0.537501039438111,0.279267305119781,-0.0745364451734198,-0.340060394745336,0.0178268580173702,0.0291898965821063,-0.00287589684085875
0.497790624688195,0.2926213319261,-0.070989715673693,-0.289125920479612,0.0181210594421189,0.0312082030678571,-0.00273245332092151
0.456572188396112,0.305544871675364,-0.0673756109357291,-0.237897442301635,0.0184299550774335,0.0332789695806864,-0.00265604114406701
0.414017870720014,0.31805061530819,-0.0637093245986991,-0.186615032029942,0.0187479268831357,0.0353903913266558,-0.00263565693328088
0.370314853974482,0.330118988002509,-0.059998541494965,-0.135515845323296,0.0190685913979767,0.0375311573256959,-0.00266136471352593
0.325656498295631,0.341704368880725,-0.0562434379948466,-0.0848243638051179,0.019384722413005,0.0396902643678393,-0.00272395510920219
0.280224509360518,0.352741857234423,-0.0524353555222684,-0.0347333048302056,0.0196883147124842,0.0418573079701837,-0.0028146691887223
0.23416856393433,0.363152441710767,-0.0485548934636437,0.0146168499984567,0.019970694806648,0.0440229098609882,-0.00292497224471261
0.187598757112188,0.372843109164598,-0.044570737306149,0.063143952356758,0.0202225458023504,0.0461785555047086,-0.00304630702762025
0.140596594126366,0.381702170936783,-0.040439812796461,0.110812821958676,0.020433845556549,0.0483156121360109,-0.00316977433904546
0.0932324561654633,0.389594554370473,-0.0361081996450233,0.157621154547742,0.0205938947140881,0.0504241299418906,-0.00328579152382751
0.045577338315797,0.396360981669229,-0.0315124442513756,0.203594259049878,0.0206916181957498,0.0524920095749502,-0.00338384183437855
-0.00229248038370577,0.401822082677506,-0.0265818280803864,0.248787070389484,0.020716235285712,0.0545046121161695,-0.00345241263661234
-0.0502942384085107,0.405787542301446,-0.0212424732788135,0.29328681303616,0.02065834324575,0.056444681848912,-0.00347919799260816
-0.0983381657251478,0.408070338941637,-0.0154238606445208,0.337211010217551,0.0205114140985856,0.0582925067576321,-0.00345163047224228
-0.146326444359287,0.408505409088611,-0.00906768431739187,0.380697983337434,0.0202735980717054,0.0600263068511401,-0.00335777851734189
-0.194151432759848,0.406970471638,-0.00213809644264364,0.423889537978362,0.0199495505006002,0.0616228408742628,-0.003187576811241
-0.241693421414514,0.403404922166518,0.00536848433916185,0.466908460001729,0.0195518036971814,0.0630581718812675,-0.00293425061616821
-0.288818419404856,0.397821793355194,0.0134162922347393,0.509836248535366,0.0191010981062876,0.0643084673447223,-0.00259568399691463
-0.335376500195997,0.390308890539047,0.0219277692090633,0.552697825598999,0.0186251877387114,0.0653506750192085,-0.00217542258557919
-0.38120109229223,0.381018622294829,0.0307863684859189,0.59545844071652,0.0181559893128004,0.066162949192076,-0.00168304284034169
-0.426109428868805,0.370150564511611,0.0398435805650672,0.638033560014119,0.0177254515350026,0.0667248081460717,-0.00113376191002889
-0.469904400282231,0.357934145287642,0.0489281269039059,0.680306973923329,0.0173609587657513,0.06701714322525,-0.000547343982064702
-0.51237838848448,0.344619030349333,0.0578554982942291,0.722148480134085,0.0170812464836924,0.0670223062357146,5.35042587584993e-05
-0.553320065516678,0.330477467311593,0.0664372753363696,0.763422410475106,0.0168936413099886,0.0667245168798896,0.000645011409267059
-0.59252505849535,0.315817509907659,0.0744909384037818,0.803982153366111,0.0167930573350756,0.0661107345657664,0.00120428240158743
-0.629810301000253,0.301001141474722,0.0818510809154152,0.843651958478128,0.016762752056403,0.0651719549037467,0.00171113729415027
-0.665029801017134,0.286459033442245,0.0883817575920581,0.882203034699046,0.0167764857024186,0.0639046870477524,0.00214970345958682
-0.698087201760219,0.272695034685795,0.0939878394569825,0.919333807633966,0.0168014775921661,0.062312231475442,0.00250961918687989
-0.728939067613675,0.260277975583478,0.0986220187710115,0.954662925177926,0.0168014230057075,0.0604053809345373,0.00278672450475111
-0.75758310217645,0.249824151930425,0.102284516831182,0.9877387461451,0.0167388435178198,0.0582023239484299,0.00298317579958464
-0.784027223445055,0.2419786968786,0.105014570958924,1.01806285209462,0.016576214026438,0.0557277783839992,0.00310702134423378
-0.808237226747107,0.237406593768898,0.1068753888976,1.04512040892783,0.0162756381453432,0.0530116144561115,0.00317138724674821
-0.830061089088684,0.236804616733756,0.107936217622657,1.0684089631499,0.0157973161365687,0.0500873509161783,0.00319351932282359
-0.849126299550672,0.240945585869316,0.108255908899296,1.08745993609206,0.0150977116933426,0.0469908972868711,0.00319399509434256
-0.864704952585465,0.250767321132621,0.107872324036954,1.10185308620167,0.0141293831035229,0.0437598009568305,0.00319646326874118
-0.875546845270847,0.267518772039255,0.10680228466525,1.11123313295368,0.0128463230979317,0.0404330796823282,0.00322826775177994
-0.879711149924336,0.292964219886733,0.105058699496764,1.11534983560155,0.0112217255537492,0.037051451031011,0.00332215693648974
-0.874516207328557,0.329592650945809,0.10269439412659,1.11415591318219,0.00928826566267701,0.0336572749826341,0.00351862047942231
-0.856903767244278,0.38062795834458,0.0998794783588084,1.10799505185619,0.00720752268483175,0.0302926847296818,0.00386658095775458
-0.824675624025154,0.449373895707268,0.0969930601444919,1.09784789257499,0.00534786620453877,0.0269937468416875,0.00441703230372955
-0.778721019365942,0.537356874833625,0.0946465874742221,1.08543261307409,0.00428693245475042,0.0237804318191114,0.00520327730425043
-0.724923255062247,0.641672979567619,0.09351539222623,1.07281739487566,0.00461985163645327,0.0206491523853289,0.00621208289200434
-0.673127597367248,0.753933416923574,0.093997342551904,1.06150284872026,0.00660687507698456,0.0175800843264335,0.00737201870416786
-0.632694049551306,0.863160048323004,0.0959938416772484,1.0516372973198,0.00996912823252199,0.014560319336092,0.00858363947531772
-0.608427867646238,0.96080068452997,0.0990605010172285,1.04209570576563,0.014068646260273,0.0116044436694443,0.00977053908307665
-0.600216643449239,1.04342728494484,0.102755984279975,1.03123005789864,0.0182720656685234,0.00875746026595108,0.010904729249192
-0.605281526214073,1.11187836573044,0.106867322878872,1.01751581638665,0.0221673832374366,0.00608555164245399,0.0119953153988565
-0.620407438698457,1.16901039721712,0.111426766288638,0.999726786273678,0.0255698179867395,0.00366722501798586,0.0130642402746762
-0.643088501046093,1.21795129596375,0.116613855384878,0.976804377440258,0.0284365468232696,0.00158967149092192,0.0141287864325032
-0.671830733438966,1.26122514408011,0.122626484947552,0.947689124839147,0.030787882613143,-5.19516707021966e-05,0.015194310158109
-0.706058119292037,1.3004212677041,0.129549440559713,0.911263417564459,0.0326630153097821,-0.00115647063660908,0.0162534743445051
-0.745864138025511,1.33609512739257,0.137228944779263,0.866452421598636,0.0341041773552505,-0.00162334993210039,0.0172883333640739
-0.791684268956234,1.36777147054903,0.145171804779661,0.812475822461552,0.0351568047160384,-0.00136612431116236,0.0182732499966911
-0.843906824485217,1.39404706627378,0.152504384390767,0.74920001922433,0.0358756215432733,-0.000332615521611216,0.0191776234297178
-0.902449579562063,1.41283424912161,0.158032229128025,0.67749388525285,0.0363295268331932,0.00147089419744802,0.0199678980573424
-0.966367828849972,1.42177035312594,0.160426438651598,0.599453271085541,0.0366008302743309,0.00395748720174464,0.0206089257577208
-1.03360185457158,1.41876686084597,0.158526204683695,0.51835169969805,0.0367774636417523,0.00694792454876887,0.0210656531860118
-1.10099761972217,1.40260073051775,0.15169210401405,0.438220417482632,0.0369400948904114,0.0101786313145781,0.0213066475880301
-1.16470293103493,1.37337434235915,0.140086469972323,0.363083471512531,0.0371484829874662,0.0133351393385004,0.0213100746557823
-1.22090466069532,1.33264071436337,0.1247370535665,0.296060564957862,0.0374319316643887,0.0161071049447705,0.0210702989643119
-1.26666489992413,1.28308578726043,0.107311524037417,0.238692121508077,0.0377871987378006,0.0182479237012,0.0206013526374016
-1.30050187077706,1.22787505301889,0.089681300866951,0.190777732627765,0.0381844108679309,0.0196157920174752,0.0199347095842767
-1.3224868324853,1.16994919556223,0.0734698496087551,0.150745847853791,0.0385786285339209,0.0201819048812359,0.0191125342499015
-1.33390083731452,1.1115372204753,0.0597616989009545,0.116308247403985,0.038922991714447,0.0200090608252671,0.0181801181814168
-1.33668413774431,1.0539854594676,0.0490290118997994,0.0850960114474439,0.0391795484981743,0.0192158446444864,0.0171804888752053
-1.33291349440062,0.997839824577293,0.0412247920779968,0.0550955423627299,0.0393255155969278,0.0179416413664366,0.016151849083497
-1.32443614037082,0.943058154649502,0.0359542474670774,0.0248523920727424,0.0393547328576583,0.0163209955648254,0.0151269776732114
-1.31268313050218,0.889248061934832,0.032651482214304,-0.00650411228618386,0.0392755237644645,0.0144691077812606,0.0141335437150589
-1.29862532662252,0.835869671682634,0.03072086929959,-0.0393416419363182,0.0391067222643996,0.0124764322364866,0.0131947150675993
-1.28281793428813,0.782380528293398,0.0296299339231111,-0.0736494269359527,0.0388734193718881,0.0104091520180126,0.0123298201684277
-1.26548595356947,0.728323503836501,0.02895753228535,-0.109166206476286,0.0386033966476825,0.00831263026419133,0.0115549859639283
-1.24661793748182,0.673369598359547,0.0284086237142001,-0.145490312133363,0.0383246140436193,0.00621582321738299,0.0108837189770014
-1.22605018096203,0.61733026796977,0.0278080840226967,-0.1821642490154,0.0380637103632057,0.00413552926141173,0.0103274118745627
-1.20353429402762,0.560152293379745,0.0270838811878427,-0.218734318925427,0.0378452817501293,0.00207999884641897,0.00989577013672186
-1.17878774674711,0.501904989142596,0.0262467609028485,-0.254789946930308,0.0376916575175268,5.18178780549206e-05,0.00959715699021379
-1.15153046825665,0.442766235837269,0.0253705701377214,-0.289988942645081,0.0376229131907451,-0.00194982875063717,0.00943884593082548
-1.12151211843472,0.383010908450061,0.0245749139243149,-0.32407509327824,0.0376568965894855,-0.00392732276230123,0.00942715356888786
-1.08853506051032,0.323002741081381,0.0240100138476807,-0.356893925518953,0.0378090733441377,-0.00588298021339412,0.00956740860470228
-1.0524777708912,0.263188222179568,0.0238422887785237,-0.388411455001632,0.0380920228489374,-0.0078173701670885,0.00986370117556179
-1.01332251050274,0.204088419066903,0.0242382018642319,-0.418739130219562,0.0385144473094098,-0.00972730720866485,0.0103183549312481
-0.971189291201743,0.146281433543867,0.0253433507951556,-0.448165438469992,0.0390796211580163,-0.0116032212143955,0.0109310777446438
-0.92637492333222,0.0903646411029849,0.0272539288461327,-0.47718985929774,0.0397833446636126,-0.0134256322025937,0.0116977858061852
-0.879390506422413,0.036883093215378,0.0299792230383362,-0.506546996889503,0.040611715851106,-0.0151606035977684,0.0126091724141002
-0.830982831602369,-0.013788732561022,0.0333976785154851,-0.537197568290693,0.0415394055852893,-0.0167544302176456,0.0136492097402193
-0.782116086045756,-0.0616156001980166,0.0372158533046453,-0.570250853644362,0.0425295083658699,-0.0181285464035617,0.0147938948384509
-0.733884061560126,-0.107102345023906,0.0409483067031324,-0.606777417476357,0.0435361609233716,-0.0191766936992503,0.0160105817593425
-0.687326356259312,-0.151473555942966,0.0439430721793787,-0.647483606160421,0.0445105745386325,-0.0197674532899695,0.0172580481259005
-0.643140689609563,-0.196740602354173,0.0454751048155386,-0.692262968327993,0.045409768216242,-0.019755688836983,0.0184870220713799
-0.601318648177941,-0.24554270351711,0.044913070237316,-0.739717882522763,0.0462057320287828,-0.0190055551505309,0.0196406061205939
-0.560782230895482,-0.300665187535525,0.0419327342873134,-0.786843821463938,0.0468923378342232,-0.0174250036728272,0.0206546077484606
-0.519163002941582,-0.364214671752036,0.0367096803130632,-0.829148334792889,0.0474889203706116,-0.0150065837743751,0.021459658435116
-0.472925082448409,-0.436595210979642,0.0299903322633251,-0.861445215278032,0.048041713989168,-0.0118612591948709,0.021989063202251
-0.417998232988873,-0.515677001909105,0.0229467683062856,-0.879285562868857,0.0486235070434955,-0.00822394977892998,0.0221953207393481
-0.350831383700835,-0.596725819252636,0.016812259617027,-0.880466859445184,0.0493258703426031,-0.00441314844911836,0.022071456108915
-0.269384192224209,-0.673463817898538,0.0124530251173697,-0.865729988627105,0.0502335073863701,-0.000753476313201292,0.0216644317518525
-0.173482482686846,-0.739986377493927,0.0101142310605587,-0.838190064432932,0.0513796392453795,0.00249642660397079,0.021067199482518
-0.0644400199412741,-0.792629655691077,0.00946038714553861,-0.802016624941521,0.0527051337492993,0.00516842272259334,0.020388159557846
0.0555804174068451,-0.830844567088692,0.0098173961646302,-0.761322328820855,0.0540564712071724,0.00716219547097024,0.0197133842372894
0.183976016210811,-0.856768602568877,0.0104338706323979,-0.719703417791617,0.0552338899328604,0.00841359428331526,0.0190838463433934
0.317830745385564,-0.874005461419324,0.0106570836386896,-0.68016370889346,0.0560611440946135,0.00888511559600708,0.0184993618757905
0.454016234791037,-0.886422567116798,0.0100263849786802,-0.64501476464202,0.0564379111639509,0.00857639364634655,0.0179417880432914
0.589461213366724,-0.897399371202412,0.00831516653734866,-0.615667213214825,0.0563584926790098,0.00753423033696432,0.0174000936113307
0.721552832411043,-0.90947482385017,0.00552438904572641,-0.592502332230087,0.0559008755676166,0.00584796664157679,0.0168841476516893
0.8484682654094,-0.924216782008404,0.00182044296272645,-0.5750055692108,0.0551953556507875,0.0036308915528346,0.0164238153028862
0.969247821383105,-0.942250226487996,-0.00256174485528681,-0.56214872764803,0.0543844391906488,0.000998075647846429,0.0160579833277574
1.08358740711334,-0.963441515434626,-0.00740334586454216,-0.55283653868385,0.0535886873778575,-0.00194880138623127,0.0158215844593908
1.19149267356224,-0.987189177624059,-0.0125371666358966,-0.546225503113595,0.0528889606435253,-0.00512547114293217,0.0157367737487565
1.2929685467162,-1.01273275775057,-0.0178299344584418,-0.541837979453612,0.0523254117856152,-0.00846014064875571,0.0158097475161068
1.38784180167566,-1.0394148129618,-0.0231308142393639,-0.539501759834445,0.0519063806256106,-0.0118839943467553,0.0160313371955232
1.47573126705415,-1.06687684567503,-0.0282108723681626,-0.539180401377364,0.0516197004404162,-0.0153205312496888,0.0163789290781021
1.55614031540426,-1.0951918556996,-0.0327155186118044,-0.540747050553903,0.0514419084461453,-0.0186757485484049,0.016818328694078
1.62863745209235,-1.1249261230605,-0.0361510132911998,-0.543740296036348,0.0513439278966613,-0.0218310159168128,0.017305492394269
1.69308451840161,-1.15709754710503,-0.0379264373906009,-0.547148927363749,0.0512936530785229,-0.0246415057963938,0.0177889240554616
1.7498533870777,-1.1929843803902,-0.0374653067739941,-0.549300402900108,0.0512567083012598,-0.0269440211090614,0.0182137864205445
1.79994860727269,-1.23376637858966,-0.0343764302512014,-0.547947501505755,0.0511969858157664,-0.0285770001277573,0.0185283318584641
1.84495245356401,-1.28006348448467,-0.0286329482446026,-0.540615269829484,0.0510786632875804,-0.0294108461185417,0.018692172110193
1.88675908013878,-1.33153999901138,-0.0206750417626981,-0.525159919344182,0.0508709872870903,-0.0293796725272571,0.0186845131986449
1.9271635433053,-1.38677765182279,-0.0113628399775311,-0.500344637410829,0.0505555790665541,-0.0285009615566886,0.0185094847466836
1.9674638166413,-1.44351796505271,-0.0017764846301936,-0.466169679162416,0.0501336118940638,-0.026872970110029,0.0181960497417561
2.00824149527332,-1.4991757954106,0.0070509704755266,-0.423798100429745,0.049628886855072,-0.0246507168964961,0.0177921303771011
2.04938902162745,-1.55138383571209,0.0143470531224874,-0.375139221700166,0.0490844819016772,-0.0220121322141037,0.0173553721943894
2.09032297858508,-1.59835189404142,0.0196842912001016,-0.322315020361974,0.0485541978984154,-0.019128308409924,0.0169442040266999
2.1302601448292,-1.63896674908127,0.0229383795608413,-0.267231011406264,0.0480922991740148,-0.0161458520449971,0.0166116911121357
2.16845534683632,-1.67268762998073,0.0241722880453824,-0.211356347246397,0.0477445637014512,-0.0131817336703407,0.016402501460712
2.20435673143053,-1.69933811711416,0.0235026943652602,-0.155705044055572,0.0475417532583506,-0.0103268994601435,0.0163518612458517
2.23767477973707,-1.71887629311682,0.020986365458494,-0.100959890624493,0.047495174395262,-0.00765455271955534,0.0164851349711442
2.26837277821297,-1.73118892053955,0.0165465774621869,-0.0476804049390056,0.0475937235326918,-0.00523033750313337,0.0168171080467928
2.29657932265041,-1.73593248873878,0.00995277512206792,0.0034490462022808,0.047802433586223,-0.00312291188799351,0.017350626649142
2.32241387614491,-1.73244211711806,0.000868045722695943,0.051371666564603,0.0480636094763976,-0.00141381158838965,0.0180747889730169
2.34572037959128,-1.71974288704679,-0.0110203544974889,0.0944711216881933,0.0483026527236219,-0.000204892004199696,0.0189633941698563
2.36573574301918,-1.69671116859756,-0.0257849900234457,0.130538140522778,0.0484407471003121,0.000379760055959988,0.0199746634724747
2.38078115380424,-1.66242172816759,-0.0429900084573926,0.156998452512003,0.0484144933541839,0.000201879902722205,0.021052827002037
2.3881256963278,-1.61666241757048,-0.0614545037997505,0.1714611278417,0.0481981057136291,-0.000868523568102195,0.0221307065369097
2.38418349965443,-1.56051216612795,-0.0791680019287879,0.172526742778689,0.04781939818947,-0.00291389233368052,0.0231310856194804
2.36514418421653,-1.49678489298196,-0.0934782168679751,0.160656166970045,0.0473604754631697,-0.0059150133335187,0.0239661977390302
2.32801351067829,-1.43004708749159,-0.101630436009708,0.138786363980862,0.0469385855766199,-0.00969423959192351,0.0245400116029579
2.27182480729833,-1.36587660100234,-0.101618681001177,0.112285744411108,0.0466689798754756,-0.0138874184980397,0.0247616343593771
2.19846165425466,-1.30928559828309,-0.0930495970331139,0.0878977151763443,0.0466194866286816,-0.0179881790028427,0.0245709926074679
2.11242863803809,-1.26291530026525,-0.0774823496348016,0.0718153298634271,0.0467768478873957,-0.0214761990449365,0.023962427644263
2.01946381709502,-1.22611600532886,-0.0579039407415201,0.0677810294882765,0.0470475222009289,-0.0239697833230568,0.0229882290351072
1.92474524945675,-1.19552336811675,-0.0376213131212893,0.076253960684564,0.0472972070746105,-0.0253133356420403,0.0217410786345856
1.83165422130669,-1.16663560220519,-0.0192385475557801,0.0949345006151066,0.0474057999927529,-0.0255640271794361,0.0203295472141893
1.74149803413243,-1.13537469171156,-0.00417807711291911,0.120092060596022,0.0473064119830887,-0.0249124436775582,0.0188583524908877
1.65397023330868,-1.09896422366154,0.00724311455140569,0.147908166847811,0.0469938508846874,-0.0235936195671873,0.0174164728729562
1.56788628935224,-1.0560654665215,0.0154392389305954,0.175338631531311,0.0465093289347236,-0.0218243610470732,0.0160722406097869
1.48182913788447,-1.00646645127347,0.0211496184870198,0.200412696066493,0.0459168742064936,-0.0197743649019265,0.0148736888923216
1.39455328176732,-0.950645192681727,0.0251448299897489,0.222142749566805,0.0452831750666835,-0.0175620077608633,0.0138519865108182
1.30516150362687,-0.889396056357365,0.0280700156688739,0.24026531155205,0.044665127512056,-0.0152623644638859,0.0130258461126584
1.21313415625807,-0.823577043803642,0.0303903706397891,0.254965477258635,0.0441042872193955,-0.0129185541116344,0.0124054993850617
1.11828784462415,-0.753964191387595,0.0323936734137972,0.266652824619279,0.0436256793483564,-0.0105520401860365,0.0119956694463606
1.02071294334223,-0.681177557954139,0.0342164517289447,0.275801091391261,0.0432385814904808,-0.00817057964426227,0.011797510083323
0.920713445274837,-0.605645872044508,0.0358751364986246,0.282838523807909,0.042937653159335,-0.00577402114111112,0.011809683185677
0.818755068294767,-0.527586713569278,0.0372945696280758,0.288069118176591,0.0427035403077505,-0.00335871151646389,0.0120287559705694
0.715416919182406,-0.446989259717175,0.038333068485388,0.291607378989518,0.0425027268676078,-0.000921415516784333,0.0124490571389511
0.611335358357369,-0.3635960195775,0.0388072445548798,0.293316110177907,0.042287023020522,0.00153633656438529,0.0130621106900343
0.507124207052164,-0.276889516044415,0.0385219775645358,0.292747242840248,0.0419937752405439,0.00400262447917497,0.0138557927445422
0.403253270692042,-0.186100029192829,0.0373114456911872,0.289100151650596,0.0415486428439136,0.00644763458837271,0.0148134230045563
0.299871090618267,-0.0902603583968271,0.0350949561591234,0.281228582981801,0.0408733172094677,0.00881428862726081,0.0159130462018177
0.196576453989937,0.0116577666564908,0.0319454892911273,0.267739058436553,0.0399002251493102,0.0110080777685596,0.0171269889528614
0.0921824874172248,0.120482782131864,0.0281605358200763,0.247220412509563,0.0385944655974721,0.0128886168213738,0.0184211234734009
-0.0154334008390038,0.236412039245487,0.0243173986096013,0.218624415862741,0.0369801141315525,0.0142675795643478,0.0197522706728671
-0.129257430950952,0.358392629863439,0.0212881724876583,0.181790303771934,0.0351641036958825,0.01492160742439,0.0210619661843576
-0.252671222089603,0.483418744139811,0.020174692198309,0.138060727296085,0.0333455932571177,0.0146341015856041,0.0222672353457347
-0.388414887047219,0.606140296648864,0.022101437940023,0.0908067519169263,0.0317921065613436,0.0132785291553244,0.0232551283644997
-0.537031856950428,0.719531431489926,0.0278235451265682,0.0454166210926878,0.0307649377454802,0.0109294551013678,0.0238944446473291
-0.695485470120685,0.8171803392139,0.0372571681732281,0.00815936876208609,0.0304064278385629,0.00793116255165819,0.0240740606934521
-0.857231145031624,0.896369313314781,0.0492694233693291,-0.0160660054101144,0.0306574900043676,0.0048296732031408,0.0237527249973179
-1.01434452878305,0.959596882531822,0.0620261493105446,-0.0258089117947481,0.0312827707196316,0.00217123498347922,0.0229814998838631
-1.16043114607983,1.01309475789732,0.0737228277127639,-0.0233788717226846,0.0319909810467504,0.000311325917144554,0.0218784641131252
-1.2923282942784,1.06368700669317,0.0831724995054783,-0.0133151814289986,0.0325528624284811,-0.000638195494463437,0.020580146058189
-1.40996991773698,1.11637178770845,0.0899521557018741,-0.00037677686008121,0.0328491794308836,-0.000741710541189145,0.0192056763288351
-1.51521589346511,1.17357871539712,0.0942183028782706,0.0117793732606722,0.0328589321914195,-0.000143512149052177,0.0178450028470193
-1.61061036922403,1.23560120356706,0.0964314689903311,0.0210116042547555,0.0326263241013588,0.00100058691639668,0.0165622552224994
-1.69852325122111,1.30141281984704,0.0971344691463077,0.0265223520988412,0.0322301057263457,0.00255627427724044,0.0154033138558662
-1.78071684265422,1.36940205557113,0.0968193902720506,0.0284618286624937,0.0317612165164542,0.00442052080894239,0.0144020501916878
-1.85822466852226,1.43788203420286,0.0958668687823283,0.0275222830348638,0.0313075678477061,0.00651995982051987,0.0135839576891548
-1.93141703514429,1.50538937879976,0.0945309900047097,0.0246111846037116,0.0309439822909255,0.0088048088293379,0.0129676114574792
-2.00016020620687,1.57083037889536,0.0929484338487667,0.0206194283833437,0.0307258821435987,0.0112415450719755,0.0125646977152257
-2.06401319085632,1.63352734203843,0.0911588354516307,0.0162692891029602,0.0306857657791386,0.0138054648485295,0.0123791924464943
-2.12243548952067,1.69319787873015,0.0891307208196116,0.0120194043164726,0.0308318867384008,0.0164732170281861,0.0124060756841415
-2.17499581085889,1.74987868529411,0.0867927540866698,0.00801020687318978,0.0311490716466314,0.0192149760541496,0.0126298851864897
-2.22157254126578,1.8037897802592,0.0840727278720169,0.00404666100790521,0.0316021706351836,0.0219859869836998,0.0130234445878783
-2.26252070661888,1.85513128858723,0.0809457532796739,-0.000369906818175544,0.0321428077102331,0.0247178256717782,0.0135471826010162
-2.29875263906856,1.90381933137145,0.0774875813077056,-0.00594018679021337,0.0327193878199424,0.0273109244767941,0.0141495240229449
-2.33165725401179,1.94920355434656,0.0739195457141888,-0.0133809497030019,0.0332885705759816,0.0296315370636277,0.0147688721773372
-2.36279503902325,1.98985887050153,0.0706222237423335,-0.0231681855678599,0.0338243311228646,0.0315176235722939,0.0153377433532564
-2.39338221996433,2.02358161980631,0.068093575009583,-0.0352692891492717,0.0343199482852932,0.0327976120657607,0.0157895275908317
-2.42371444227614,2.04769866231865,0.066843098353324,-0.0489686044293397,0.0347805549159073,0.0333218108327519,0.0160676877594363
-2.45280065593216,2.05967630374542,0.0672474247447129,-0.0628938882677745,0.0352092619147626,0.0329984201491195,0.0161356251815722
-2.47844999349382,2.05782616934869,0.0694267561626461,-0.0752811017526283,0.0355950348834009,0.0318192860215052,0.0159837534004902
-2.49782564704638,2.0417875440046,0.0732041401079022,-0.0843931684178022,0.0359105019895596,0.029862344588934,0.0156305432998458
-2.50820244531494,2.01255725305335,0.0781680697999138,-0.088921410334982,0.0361213830011349,0.0272697283120609,0.0151172064791866
-2.50757646848292,1.97209086720754,0.083803118397627,-0.0882181077108215,0.0362014387824085,0.0242133440026845,0.0144989316523096
-2.49492506537333,1.92270629126972,0.0896267584869903,-0.0823102129942599,0.0361442713515508,0.0208629145050632,0.0138362988041876
-2.47013338281478,1.86654824865032,0.0952841057659347,-0.0717426138374405,0.0359668313619974,0.0173652668392236,0.0131887919131078
-2.43372607590397,1.80526389814397,0.100583810791424,-0.0573423427729173,0.0357048615735345,0.0138358151554543,0.0126104775028032
-2.38654939058165,1.73991049648975,0.105484070382688,-0.0399874680967262,0.0354038146451155,0.0103589428813433,0.0121472577011521
-2.32949859292212,1.6710356996059,0.110049224210457,-0.0204323222870706,0.035109168799041,0.00699332468041122,0.0118352991231793
-2.26333054241715,1.59884962521343,0.114396896158916,0.000794004413519719,0.0348586531659297,0.00377920670360089,0.0117004848242716
-2.18856328549253,1.52342519762538,0.118648780155797,0.023423331729261,0.034677125208974,0.000745919762594249,0.0117587182410947
-2.10544790874574,1.44489422194757,0.122890346925,0.0474346421791134,0.0345736331844142,-0.00208109075974417,0.0120167546235653
-2.01399854876277,1.36363207838015,0.127139480463594,0.0730031678445403,0.0345397883527593,-0.00467380055036752,0.0124731327485761
-1.91407733810534,1.28043432985616,0.131322549917209,0.100413425065123,0.0345487405398397,-0.00699553527701788,0.0131187655428947
-1.80554493628017,1.19668102805999,0.135258304799077,0.129925831874447,0.0345544466330597,-0.0089952298036625,0.0139367551446026
-1.6884972834202,1.1144580998511,0.138654379965688,0.161580842686701,0.0344913369057494,-0.010602468350421,0.0149009865692519
-1.56360562353582,1.03655893056979,0.141127167370324,0.194932845704459,0.0342749785335375,-0.0117248411366155,0.0159731362014406
-1.43254094246468,0.966229700341554,0.142261214789987,0.228742511533429,0.0338051952498121,-0.0122510505375709,0.0170982508403749
-1.29836737365308,0.906488420773275,0.141722740045295,0.260737319262494,0.0329744627369803,-0.0120656737276146,0.0182005039641103
-1.16562565927886,0.858946192606182,0.139420339057721,0.287663934480115,0.0316852892826977,-0.0110822913195592,0.0191831551243306
-1.03970559886345,0.822425906545166,0.135654842967978,0.30589763000736,0.0298777004332511,-0.00929515100623442,0.0199383781010337
-0.925309706012595,0.792223079278753,0.131146206392784,0.312638837724142,0.0275589471522355,-0.0068309140385064,0.0203695535775806
-0.824523311101204,0.760980199678102,0.126849219056228,0.307176705137677,0.0248168752391623,-0.0039619613307771,0.0204191310424607
-0.735717118609364,0.721195848560193,0.123616914269069,0.291333791418909,0.0218010846041783,-0.00105143953776912,0.0200867439238565
-0.65420950013678,0.667951079956422,0.121916615079974,0.26866685398851,0.018678235189165,0.00155132780976624,0.0194264518380028
-0.574296865263102,0.600155007614412,0.121765813604435,0.242975273667174,0.0155883531416199,0.00360396731902602,0.0185266607372352
-0.491304242844135,0.519875324351468,0.1228709761686,0.217080995151165,0.0126246925503655,0.00500482303009045,0.0174859451409036
-0.40261162563583,0.430647177419565,0.124830475268536,0.192379804591301,0.00983897200497152,0.00576886655165805,0.0163954083732091
-0.307543884413076,0.335890092398702,0.127286333126198,0.169029115095195,0.00725935170907789,0.00597860246072771,0.0153303092271987
-0.206614071302931,0.238015171681779,0.129992002200298,0.14639732826209,0.00490777498891716,0.00573939359954274,0.0143483923105106
-0.100658763850139,0.138242484029616,0.13281721287675,0.123495991117506,0.00280975242461013,0.00515090728094381,0.0134913244343006
0.0098122345777899,0.0368929900601417,0.135722319989697,0.0992837265031318,0.000996109555814606,0.00429359846897717,0.012786842475959
0.124944549154144,-0.0661030077314869,0.138725603918697,0.0728372108938995,-0.000500351331366623,0.00322498743150695,0.012250620352243
0.24556478655208,-0.17067291386832,0.14187534701125,0.0434251494573173,-0.00164980292944032,0.00198105531852447,0.0118876461222027
0.372970370538089,-0.276163966445582,0.145230339249557,0.010526873347072,-0.0024295497537873,0.000579829686036169,0.0116931481526954
0.508557165954928,-0.381069310019544,0.148848052171003,-0.0261705226332956,-0.00282634930446877,-0.000974273954279426,0.0116531606960977
0.653351500932341,-0.482961611038244,0.152777877085748,-0.0667739364999817,-0.00283683004758921,-0.0026858059488444,0.0117449026436718
0.807514709959056,-0.57866892713494,0.157056384558428,-0.111173488522876,-0.00246642241036659,-0.00456324587450615,0.0119373087498737
0.96990914329739,-0.66471507349943,0.161701720536284,-0.159017226327508,-0.00172748900366311,-0.00661333226260434,0.0121922202644612
1.13784847957323,-0.738003902478392,0.166704730115445,-0.209676804847656,-0.000637727116340912,-0.00883470874839026,0.0124667600842764
1.30717204986025,-0.796635777793734,0.172015537350829,-0.262216331247757,0.000779579868537638,-0.0112113183412786,0.0127171348707807
1.47273578669291,-0.840624090536463,0.177526826001485,-0.315384269702977,0.00249190742873355,-0.0137065729895949,0.0129034813642579
1.62927248804718,-0.872206054957719,0.183059056462385,-0.367655993464094,0.00445043286851571,-0.0162597497388589,0.0129945963318716
1.77238275734373,-0.895518452567962,0.188356443502553,-0.4173534647479,0.00658275938293929,-0.0187860581925425,0.0129709255704872
1.89929963518289,-0.9156664537333,0.193102121083168,-0.462845178108508,0.00879126184646366,-0.021181336594009,0.0128245949635401
2.00914473278481,-0.937521103254837,0.196954630760835,-0.502783478200489,0.0109617135138004,-0.0233315169937451,0.012556671704534
2.10264068138331,-0.964712295809742,0.199598865652312,-0.536295358309176,0.0129812183429756,-0.0251259428053222,0.0121734395699829
2.18148816412123,-0.999136796651515,0.20079877541252,-0.563045922330905,0.0147585261782803,-0.0264722927071761,0.0116839276076737
2.24769468881538,-1.04101108082031,0.20043880997543,-0.583150034418995,0.0162385591673225,-0.0273095981420166,0.0110997469891701
2.30305927619089,-1.0892850113436,0.198544038805162,-0.596980835911348,0.0174068478158383,-0.0276155983946412,0.0104364764506485
2.34888690180356,-1.14218281087898,0.195273546480804,-0.604964184046199,0.0182846913040445,-0.0274062289962462,0.00971488110468898
2.38591448446295,-1.19769578250782,0.190888708028543,-0.607435356907589,0.0189187997205528,-0.0267278826090456,0.00896067939690383
2.41438778917315,-1.25393505148136,0.185705976441041,-0.604587372847848,0.0193694695843492,-0.0256455739225765,0.00820272576098968
2.43421750125653,-1.30932291620481,0.180048381707369,-0.596494260372214,0.0197001946918163,-0.0242308806729741,0.00747037294621966
2.4451508130179,-1.36264858636688,0.174208002543241,-0.583171090724854,0.0199701503693768,-0.0225524811751898,0.00679096395965013
2.44691537763346,-1.41303621629225,0.168425027149752,-0.564636258806933,0.0202297814012032,-0.0206703299208032,0.00618806411783826
2.43931665604317,-1.45987321827769,0.162882148155482,-0.540957115601638,0.0205189750793598,-0.0186330963361843,0.00568058917560224
2.42228894645987,-1.50273369171276,0.157709107532049,-0.512274796310903,0.0208670050538281,-0.0164778610304536,0.00528267765182279
2.3959108977943,-1.54131553181877,0.152991621895488,-0.478812473930045,0.0212934568216465,-0.0142310596207155,0.00500403772600615
2.36039909430907,-1.57539689240031,0.148780398219111,-0.440873790071107,0.0218095252057177,-0.0119099461596832,0.0048505060840838
2.31609148613433,-1.60481009650005,0.145098044394769,-0.398837447942524,0.0224192822333341,-0.00952416391390721,0.00482461601259761
2.26342886962966,-1.62942791014332,0.141943508090251,-0.3531520654771,0.0231206884110447,-0.00707725175730201,0.00492604230797258
2.20293895807355,-1.64915657155764,0.139294954481743,-0.304333482267023,0.0239062481764783,-0.00456806562796454,0.00515185411313505
2.13522444377262,-1.66393065329474,0.137112761993498,-0.252965065050273,0.0247633027276723,-0.0019921795697079,0.00549656018925909
2.0609538665157,-1.67370591418931,0.135344686379105,-0.19970001894621,0.0256740290722285,0.000656623524922084,0.00595197616913521
1.98085195794287,-1.67844752143878,0.133935234043014,-0.145263069723212,0.0266152876421523,0.00338463796853584,0.00650698156711879
1.89568448022674,-1.67811250170253,0.13284076353988,-0.0904471008205727,0.0275585346973087,0.00619615787024726,0.00714726281373376
1.80623179555144,-1.67262725284196,0.132050574543564,-0.0360987425383583,0.0284700739358377,0.00909091001567801,0.00785514773302886
1.71324614301718,-1.66186353786995,0.13161209136662,0.0169137114579004,0.0293119298763184,0.0120609172555344,0.00860961407356193
1.6173905196086,-1.64561939238292,0.131655344532986,0.0677553220617989,0.0300435450793493,0.0150868124221523,0.0093864972632597
1.51916246790299,-1.62361419736551,0.132408904651753,0.115703515345938,0.030624318207535,0.0181338130735571,0.0101588558025005
1.4188137490547,-1.59550881353425,0.134197296975671,0.160244824871149,0.0310167382694145,0.0211479053250016,0.0108974354060671
1.31628607516478,-1.56096073180516,0.137410143513361,0.201173123988136,0.0311895962375322,0.0240533154872346,0.0115712678725599
1.21119193710898,-1.5197186053563,0.142437540339502,0.238661866291547,0.0311205412781465,0.0267529891800022,0.0121486488064352
1.10287331354106,-1.47174790308202,0.149576097762722,0.273273942161993,0.0307971796702257,0.0291341621915298,0.012598938124531
0.990560665264493,-1.41735962173952,0.158925471271093,0.305873912522782,0.0302161296542476,0.0310804618145688,0.0128955874003202
0.873621433003089,-1.35729415201186,0.17031077090104,0.337429088463331,0.0293800963080714,0.0324896862563617,0.0130203208642804
0.751836362362174,-1.29270898073389,0.183270080075205,0.368731417031932,0.02829401915541,0.0332929264504597,0.0129675664993011
0.625603105863565,-1.22504750892727,0.197127034814002,0.400123061219079,0.0269620685806118,0.0334681780051621,0.0127475643809867
0.495979008264892,-1.15582078708906,0.211129677721106,0.431326826663092,0.0253869443648816,0.0330426535968964,0.0123867389173122
0.364546149943987,-1.08637967139933,0.224602763107526,0.461442391198345,0.0235715322463779,0.032082899806342,0.0119250518497553
0.233165872977835,-1.01775599012991,0.237057174880191,0.489091320940339,0.0215215923633721,0.0306773476699133,0.0114114162321086
0.103726902862576,-0.950607996754683,0.248228313919342,0.512632996251409,0.0192479532714671,0.0289182545392948,0.0108988449789829
-0.02203595251704,-0.885252778301008,0.25805142370203,0.530366807809525,0.0167676665579984,0.0268882942345898,0.0104405338372905
-0.142633450926926,-0.821739328173163,0.266602460221408,0.540673462917855,0.0141047424380088,0.0246535611652256,0.0100870925905329
-0.256852325889631,-0.759916881492049,0.274033404129145,0.542094923554741,0.0112915389470916,0.0222620054166425,0.0098843416687982
-0.363772657236459,-0.699472011025905,0.280519845726768,0.533382424382475,0.00837136850568487,0.0197452459374059,0.00987077119115455
-0.46281538251479,-0.639933548883558,0.286226296669835,0.513548702597848,0.0054016246791841,0.0171219201191496,0.0100738656487098
-0.553839052021206,-0.580670960883456,0.291286193335253,0.481947910502077,0.00245522856887755,0.0144015221618459,0.0105049891784881
-0.63726441403286,-0.520931230241075,0.295790437078432,0.438380578434208,-0.000382558420543419,0.0115886278108429,0.0111534979696843
-0.714159381336942,-0.459953915129433,0.299780549878091,0.383190375705329,-0.00302350692752638,0.00868828894971784,0.011982168506958
-0.786198612805905,-0.397159120025559,0.303248445154659,0.317301095768221,-0.00538939681341222,0.00571388651795117,0.0129272859620324
-0.855458814979807,-0.332341175194052,0.306149468560682,0.242156553977338,-0.00742146418236429,0.00269822012802017,0.0139065141948505
-0.924101262327248,-0.265786467916532,0.308431909801718,0.159575769898774,-0.00907918822564661,-0.000293460549685224,0.0148348815365872
-0.994025584578152,-0.198289155066182,0.310073211468292,0.0715877698978152,-0.0103283980553697,-0.00315288801937133,0.0156446077130515
-1.06650768305787,-0.131067273514847,0.31110056257022,-0.0196843714998439,-0.0111278726018064,-0.00572712907700791,0.0163010083816515
-1.14180587405668,-0.065509109089827,0.311575683750969,-0.112073649524289,-0.0114260695293167,-0.00783086839939023,0.0168073233835011
-1.21887924651538,-0.00265811669850913,0.311543611402353,-0.203403476830497,-0.0111725222142158,-0.00927240956943344,0.0171961793467652
-1.29552856242026,0.0574314480292963,0.31097110388552,-0.291580768266155,-0.0103376478879463,-0.0098873369765912,0.0175114591742044
-1.36910595802611,0.116040480778879,0.309715091405939,-0.374783238485509,-0.00892853876651229,-0.00957171724313529,0.0177879834567592
-1.43749400091652,0.175451271318501,0.307554865471783,-0.451691934607143,-0.00699137494054451,-0.00830941275806164,0.0180362865111496
-1.49977949131691,0.238004718575727,0.304293349723757,-0.52164165905921,-0.00460139272483058,-0.00619117725828253,0.0182370168838912
-1.55622864165938,0.305066569909591,0.299893076030809,-0.58455823084743,-0.00185062728442481,-0.00342161834199954,0.018345810569179
-1.60762880247076,0.376479744271667,0.29458017581872,-0.640653504376775,0.00115639997777577,-0.000305316703959384,0.0183060762577833
-1.65442933074212,0.450756453596462,0.288847413109061,-0.690002743680941,0.00429840170654293,0.00279595000290521,0.0180648628969288
-1.69617562882506,0.525831015919795,0.283329145607865,-0.732223672105226,0.00743373328456341,0.00553061287373412,0.017586428418662
-1.73150053936255,0.599924813311118,0.278592822335143,-0.766432125267939,0.0104074965555304,0.00762767786412185,0.0168594058872893
-1.75859015601111,0.672098325034029,0.274945883281335,-0.791486845170402,0.0130705060207808,0.00894189946077155,0.0158962346882154
-1.77580405678204,0.742320825638976,0.272348815542131,-0.806372205183626,0.0153018224954315,0.00945834772831289,0.0147267345015462
-1.78213256888318,0.811172230891577,0.270460514269823,-0.810519173055639,0.0170246544636444,0.00926274972759175,0.013389575898567
-1.7773520628803,0.879422094572985,0.268774034040619,-0.803943224847791,0.0182106440620582,0.00849737414777457,0.0119249340568324
-1.76192401077715,0.947686636345287,0.266773577664208,-0.787196787506177,0.018873885916577,0.00732081941270515,0.0103697298026688
-1.73676660721391,1.01624675907438,0.264058112495187,-0.761209041253943,0.0190592515838815,0.00588070501625268,0.00875525526204543
-1.70301509335838,1.08501431796306,0.260408339276815,-0.727097767424622,0.0188295903958984,0.00429981646149642,0.00710639186560099
-1.66183518681105,1.15359195132867,0.255800281232474,-0.686011814898913,0.0182548426800748,0.00267219755319952,0.00544174283124087
-1.61430696958792,1.22137075107076,0.25038243679989,-0.639028922905426,0.0174044042267265,0.00106511254326867,0.00377428582935347
-1.56136960310885,1.28762730720207,0.244435585872287,-0.587108669890987,0.0163428216456164,-0.000476224030573577,0.00211233935916188
-1.50380814729483,1.35160119937794,0.238329730272531,-0.531087934755929,0.0151281935588748,-0.00192301963975733,0.000460711325756108
-1.44226505579735,1.41254855368985,0.232485878357635,-0.47170352665444,0.0138124033963708,-0.00325728003996968,-0.00117807517724992
-1.37726405872661,1.46977547611801,0.227344390758073,-0.409628948579934,0.012442344913626,-0.00446648405796561,-0.00280255776991158
-1.30923922844013,1.52265844743121,0.22333757807898,-0.345515831411984,0.0110614597351385,-0.00553855025809721,-0.00441115330674974
-1.23856537137331,1.57065918065734,0.220862237054908,-0.280033170702451,0.00971107651847268,-0.00645702075961719,-0.00600102003512629
-1.1655871398107,1.61334057536242,0.220247510188503,-0.213898225904515,0.00843117342099504,-0.00719650485725498,-0.00756693841783515
-1.09064372701887,1.65038896698005,0.221714708792257,-0.147891885106018,0.00726028039023405,-0.00771870691502517,-0.00910018595636572
-1.01408446592214,1.681645733368,0.225328779518925,-0.0828493691472242,0.00623433279944223,-0.00796979019861527,-0.0105874122222702
-0.936269353913059,1.70714773493018,0.230946337485025,-0.0196161716604983,0.00538443748543194,-0.00788033700930352,-0.0120095767291597
-0.857549169188354,1.72717015244042,0.238172624443821,0.0410381555882089,0.00473375698836979,-0.00736958459377761,-0.0133410850680448
-0.778224016114148,1.74225695409464,0.246347960781797,0.0985463508254345,0.0042940463084344,-0.00635561624211561,-0.0145493478097374
-0.698487253828327,1.7532154649527,0.25458943279721,0.152690223029879,0.00406270731471931,-0.0047722954321793,-0.0155951071561795
-0.618371928016121,1.76104766361931,0.261909253897888,0.203724896283514,0.00402143742995566,-0.00259150424537186,-0.0164340203206072
-0.537724451021236,1.76680038494868,0.26741034661452,0.252418700847923,0.00413752409976489,0.000154284664906064,-0.0170200298834444
-0.456229140753421,1.77134675016191,0.270520680951534,0.299950283817105,0.00436844013703665,0.00335767931165722,-0.0173107046485817
-0.373492675244112,1.77515694560017,0.271185042287488,0.347647221893738,0.00466944221705562,0.00683969999544023,-0.0172737954882168
-0.289171922365643,1.77815100554503,0.269919488535907,0.396627462934231,0.00500236792180479,0.0103752417767717,-0.0168930848496884
-0.203104875639393,1.77971224677527,0.267679691090785,0.44747276014486,0.00534245849178142,0.0137349313712637,-0.0161712202837878
-0.115399353795053,1.77886908403004,0.265585656763855,0.500064048094518,0.00568009975471053,0.0167284006102681,-0.0151283111120885
-0.0264531361158859,1.77456978874475,0.264618734856446,0.553630150759226,0.00601646296344671,0.0192331151217382,-0.0137970056102615
0.0630900399058046,1.76594036866824,0.265407261571964,0.606958877250632,0.00635490035855666,0.0212011721229295,-0.0122161120051367
0.152420420270599,1.75244706930405,0.268153208910026,0.658662848596472,0.00669150836646947,0.0226472369536012,-0.0104248469186687
0.240643244334451,1.733946563941,0.272679144903016,0.707402160524298,0.00700765437109162,0.0236269824812284,-0.00845894256987942
0.326834165418504,1.71065435378575,0.278537036764459,0.752013600160613,0.00726541361136953,0.0242153232025334,-0.0063489315097317
0.410056853388905,1.68307691974606,0.285123329847494,0.791543417765439,0.00740525466256842,0.0244901226241805,-0.00412038409049067
0.48934335506602,1.65194261613293,0.291769077434035,0.825208032956237,0.00734473673662973,0.0245232213236701,-0.00179570081904864
0.563645946719846,1.61814471548934,0.297799744038043,0.852314948870433,0.00697744612870799,0.0243782560888152,0.000602912710290085
0.631774479485479,1.58268756158766,0.302576771450064,0.872173983552173,0.00617261441805069,0.0241138422983718,0.00304959277620803
0.692339738009849,1.54660778352753,0.305540392672515,0.884025457164103,0.0047775732335676,0.0237905053871805,0.00551034097520631
0.743734774671954,1.51083005812768,0.306271452814401,0.88701039269487,0.00262712583402059,0.0234793728367044,0.00793811062203927
0.784202813054658,1.47591864448137,0.304579330571935,0.880204041840413,-0.000434623867270268,0.0232693518193976,0.0102675464531926
0.812054564542171,1.44171810552596,0.300602876106633,0.862718138138766,-0.00451509409728741,0.0232671128571049,0.0124096637787287
0.826086327317105,1.40696126562997,0.294882939176442,0.833841391060468,-0.00961764944316314,0.0235819417070854,0.0142481681793439
0.826169376050446,1.36906110756239,0.288338209782334,0.7931444687038,-0.0155847598208407,0.0242897649488066,0.0156426392956676
0.813804569416337,1.32440733679064,0.282080325098584,0.740473716984489,-0.0220738371538003,0.0253840841672675,0.0164474921377993
0.792277532340207,1.26933698235472,0.277085039206718,0.675849207732636,-0.0286023541502079,0.0267447723486611,0.0165517591369783
0.766205386284758,1.20143567356609,0.273882002140393,0.599415496883209,-0.0346594064059184,0.0281636568606135,0.0159264714178515
0.740780379340205,1.12043319885109,0.272479921642967,0.511583003598559,-0.0398202211302776,0.0294284256096571,0.0146472374871233
0.721224141865809,1.02834952717556,0.272565576638441,0.413283098860845,-0.0437944241886414,0.0304097530800337,0.0128695180132002
0.712408486398303,0.929253970633393,0.273780249902632,0.306097262049655,-0.0464057450728032,0.0310921020405157,0.0107711591766014
0.718124452147621,0.828921946323865,0.275873519586716,0.192129524168865,-0.0475524740085833,0.0315423068752786,0.00849871046922486
0.739934611446052,0.734088650792862,0.278707696617185,0.0737231440166367,-0.0471839246994334,0.031853299994072,0.00614199736749459
0.776292478363119,0.651014012041838,0.282195339687368,-0.0467778704796798,-0.0452953658824427,0.0320984249618113,0.00373819367314189
0.822668043798429,0.583725433849204,0.286239570840619,-0.167102112753824,-0.0419337470307569,0.0323089344288856,0.00129378394991906
0.872781730292629,0.532779932361608,0.290701034077446,-0.284980631791418,-0.0372099903536928,0.0324713724604876,-0.00118826982613279
0.920359212136401,0.495230756647923,0.295393682764943,-0.398041186190735,-0.0313133493606833,0.0325378973711198,-0.00368512103255102
0.960552695957213,0.465844290996307,0.30010807438735,-0.503770160720146,-0.0245189444323398,0.0324442490086548,-0.00613988819207901
0.990446868926214,0.438909502507909,0.30465288195718,-0.599586924231943,-0.0171789170546055,0.0321305783703987,-0.00846002753071862
1.00869737027715,0.409685275564158,0.308888269257555,-0.683027445190491,-0.00969373259486546,0.0315587768328056,-0.0105291795913
1.01488751383234,0.374896553216537,0.312718149406893,-0.752025074841611,-0.00246797624945399,0.0307198950470662,-0.0122299180501044
1.00919542082548,0.332436824687651,0.316033697522129,-0.805259632366425,0.00414079934355045,0.0296299254547399,-0.0134704607613046
0.992472522569766,0.280904396581272,0.318646429792009,-0.842471215438572,0.00986930881715289,0.0283192150262684,-0.0142053651730701
0.966378448741507,0.21943779178747,0.320269503025911,-0.864569762340992,0.0145784608529344,0.0268235796413372,-0.0144418934256252
0.933229747653256,0.147832829724531,0.320572088920398,-0.873438348349051,0.0182552470884464,0.0251812436651822,-0.0142309711566387
0.895562337508802,0.066655884140108,0.319275393027812,-0.871502604363238,0.0209871917853824,0.0234337707870144,-0.0136494464755661
0.855650972503438,-0.0228388454066374,0.316234510518403,-0.861254950830356,0.0229219195420348,0.0216268270380859,-0.0127824482075252
0.81519978833557,-0.118967739680379,0.311470333763564,-0.844895745007519,0.0242274133748028,0.0198083649720481,-0.0117110300065196
0.775260157719831,-0.219924252075035,0.305150551794569,-0.824151313015035,0.0250629708339945,0.0180245649080002,-0.0105057268246204
0.736315803467686,-0.324024238884415,0.297540484349567,-0.800244960761375,0.0255633210522742,0.0163153055668567,-0.00922434280470397
0.698444094504369,-0.42984603887387,0.288947581332173,-0.773963284059681,0.0258334761802375,0.0147108116350294,-0.00791209943248136
0.661482714496743,-0.536273670124987,0.279675781705773,-0.745762494866185,0.0259503052277541,0.0132302390228643,-0.00660288661907684
0.625163920279656,-0.642475066684898,0.269996231065628,-0.715876557328093,0.025967271485251,0.0118820915306068,-0.00532094050284898
0.589205088816958,-0.747848822779658,0.260133755914123,-0.684407115789644,0.0259199434019546,0.0106658801170351,-0.00408261235734162
0.553359603823745,-0.851964035552086,0.250265026124659,-0.651388810701669,0.0258310040934893,0.00957434367125728,-0.00289805624334126
0.517438299972822,-0.954507067111832,0.24052367360641,-0.616831565900284,0.0257142683653524,0.0085956924997717,-0.00177274148802461
0.481312210988687,-1.05524056795155,0.231008474912647,-0.580744870317794,0.0255776617161008,0.00771555186389521,-0.000708742431677644
0.444905299923135,-1.1539749477995,0.221792007600987,-0.543149642902511,0.025425316115266,0.00691847317276294,0.000294208862084015
0.408183139370082,-1.25055009102861,0.212928367973961,-0.504082427779906,0.0252589929216587,0.00618900790676061,0.00123789719045776
0.371141127701014,-1.34482449096888,0.204459376349329,-0.46359539401286,0.0250790285704433,0.00551240593211954,0.00212500117197245
0.333794091739779,-1.43666925159503,0.196419194290162,-0.421754421956701,0.0248849585161502,0.00487502288538975,0.00295864042395135
0.296168014608342,-1.52596500378344,0.188837521135869,-0.378636637496264,0.0246759321252756,0.00426451925562258,0.00374205951431437
0.258293992652897,-1.61260039907393,0.181741621144288,-0.334328124694955,0.0244509950439177,0.00366992057425177,0.00447841758545242
0.220204206023689,-1.69647135170349,0.175157433940363,-0.288922151288899,0.024209288331265,0.00308159217377615,0.00517065651294168
0.181929556173236,-1.77748056887008,0.169109990365191,-0.242518011057217,0.0239501946805395,0.00249116750757743,0.00582142460157175
0.14349859496292,-1.85553715052581,0.16362332178655,-0.195220464297318,0.0236734497632503,0.00189145752384221,0.00643303628359423
0.104937393070148,-1.93055618057058,0.158720025730788,-0.147139700131565,0.0233792294865445,0.00127636000822748,0.00700745077377888
0.066270045176463,-2.00245829516824,0.15442063618626,-0.0983917272526304,0.023068220300462,0.000640781408577597,0.00754625424518317
0.0275195760722996,-2.07116922272053,0.150742938126571,-0.0490991089166019,0.0227416783369395,-1.94215508586212e-05,0.00805063122951343
-0.0112909072523205,-2.13661926240834,0.147701354166312,0.000608014429457625,0.022401482869371,-0.000707478052330485,0.00852131222496904
-0.0501368792326086,-2.19874262231836,0.14530650749601,0.0505906331143109,0.0220501891114589,-0.00142571988950806,0.00895848661090633
-0.0889908373960698,-2.2574764934131,0.14356502219722,0.100699287273687,0.0216910835249231,-0.00217558683093042,0.00936167359737915
-0.127820392127734,-2.31275971288246,0.142479557367833,0.15077215799384,0.0213282405332857,-0.00295763385240115,0.00972954962922552
-0.16658581175199,-2.36453089280226,0.142048989669373,0.20063281534666,0.0209665721609119,-0.00377155695671397,0.0100597387688237
-0.205236825581136,-2.4127259780148,0.142268572474203,0.250087701144763,0.0206118516085264,-0.00461625458923876,0.0103485831317698
-0.243708573030893,-2.45727536490493,0.143129829400911,0.298923605984975,0.0202706791619386,-0.00548993713204613,0.0105909229897861
-0.281916787786792,-2.49810095828685,0.144619913421468,0.346905668065942,0.0199503466944306,-0.00639028680009377,0.010779929398786
-0.319752625229566,-2.5351138336577,0.146720211341016,0.393776730576433,0.0196585500083164,-0.00731465532586153,0.0109070435516689
-0.357077940550676,-2.56821342945633,0.149404124513049,0.439259143821345,0.0194029030607413,-0.00826027050314405,0.0109620821796923
-0.393722204540511,-2.59728929179567,0.152634218257926,0.483060129367839,0.0191902321978746,-0.00922441109107003,0.0109335614072375
-0.429482440727815,-2.62222617928067,0.156359272382638,0.524881459227436,0.0190256766614084,-0.0102045103755557,0.0108092667482349
-0.464127394451667,-2.64291269876509,0.160512092810921,0.564433339838916,0.0189116904222328,-0.0111981677485646,0.010577052164517
-0.497406479683298,-2.65925262176777,0.165009114790674,0.601451118680292,0.0188471131528275,-0.0122030843542184,0.0102257919868374
-0.529062957309597,-2.67117689803401,0.169752690112385,0.635712119874796,0.0188265252349623,-0.013216982204502,0.00974635231890246
-0.558849596862532,-2.67865361736483,0.174636435073659,0.667049145327667,0.0188400910432381,-0.0142375959512874,0.00913241701493496
-0.586544255441826,-2.68169326134974,0.179553219804856,0.695357478624685,0.018874011010299,-0.0152628216633273,0.00838101794872258
-0.611962799276367,-2.6803477258127,0.184404571579418,0.720593725178828,0.0189115639586962,-0.0162910586596422,0.00749268392885323
-0.634967674094498,-2.67470347844111,0.189109769694015,0.742767047014368,0.0189345761916342,-0.0173217008678367,0.00647121807329509
-0.655471831687404,-2.66487114041255,0.19361292924769,0.761925428195316,0.0189250595416129,-0.0183556530021209,0.0053232052507398
-0.673439003868414,-2.65097500921985,0.197886866430456,0.778140718543099,0.0188667488601679,-0.0193956958865329,0.00405740762687081
-0.688881912727222,-2.63314618173453,0.201933260945106,0.791496009499912,0.0187463303740684,-0.0204465217111648,0.00268421403457048
-0.701859673503515,-2.61152207187054,0.205779278434847,0.802077624736566,0.0185542433786096,-0.0215143003855283,0.00121527544087725
-0.712474494866713,-2.58625362192895,0.209471187039307,0.809972209817993,0.0182850095391654,-0.0226057053346637,-0.000336596443031592
-0.720866143679358,-2.55751975689635,0.213065572551777,0.815267614543849,0.0179370645283181,-0.0237264037326914,-0.00195724835529967
-0.72720093375207,-2.5255468020792,0.216618650590614,0.818054800036105,0.0175120323257919,-0.0248790944995251,-0.00363075226814996
-0.73165069206738,-2.49062864421349,0.220174089192178,0.818426993894003,0.0170133183296185,-0.0260612604325098,-0.00533878472629091
-0.734356846450058,-2.45314129072636,0.223749881840733,0.816471835141988,0.0164438524337102,-0.027262895976728,-0.00705990552731819
-0.735376248997505,-2.41354331801677,0.227325269175954,0.812252489778043,0.0158028542080354,-0.0284645811688315,-0.00876883517186579
-0.734609496296845,-2.37235214418629,0.230829497251443,0.805775097868326,0.0150816934700988,-0.0296363825939825,-0.0104358441617065
-0.731720002597902,-2.33008646261926,0.234135160850795,0.796943080994978,0.0142593405005439,-0.0307381413293575,-0.0120264008823184
-0.726062693769965,-2.28716954416429,0.237059662854222,0.785504484076261,0.0132985434487912,-0.031721700896936,-0.0135013021192135
-0.716652760637998,-2.24379856153365,0.239378376754442,0.771006823705045,0.0121446090708002,-0.0325354565205076,-0.0148176379504568
-0.702212238003017,-2.19980224617135,0.240851720611526,0.752783326611862,0.010729141993579,-0.0331311769830759,-0.0159310659445321
-0.681326767534721,-2.15452948166307,0.24126487990122,0.73000000910055,0.00898068198624294,-0.0334723069292404,-0.0167998247770481
-0.652717905863431,-2.1068244743654,0.240473377222086,0.701785927194184,0.00684216360018784,-0.0335420201079148,-0.0173904597320803
-0.615587099356723,-2.05513454264663,0.238441855475392,0.667440985921704,0.00429147398053155,-0.0333486175036478,-0.0176842507323281
-0.569934522189147,-1.9977552923456,0.235261328191027,0.626671030323018,0.001357733233644,-0.0329261490172182,-0.0176822175958968
-0.516735877937301,-1.93315858976768,0.231135791656946,0.579763907219442,-0.00187461332686499,-0.0323297186072251,-0.0174062936968223
-0.45790021723105,-1.86030785217194,0.226341685495021,0.527626652527244,-0.00527725002826601,-0.0316270674526822,-0.0168955778774965
-0.396015935090262,-1.77887244089348,0.221175589277574,0.471660708364015,-0.0087009430812218,-0.0308892262544508,-0.0161989353722477
-0.333967624190366,-1.68929969848927,0.21590835328263,0.413523784286313,-0.0120009782790327,-0.0301825481100679,-0.0153668760559036
-0.274532746100036,-1.59275285974143,0.21075685501997,0.354865952759655,-0.0150567420981542,-0.029563082041206,-0.0144454006794867
-0.22004680512559,-1.4909506240804,0.205874563705253,0.297117509872294,-0.0177816740864173,-0.0290732693437186,-0.0134729033376994
-0.172186070180639,-1.38595140453185,0.201355682090843,0.241367223100659,-0.0201243730805473,-0.028740682408386,-0.0124796617265036
-0.131879145756674,-1.27992332289663,0.197246263827116,0.188330659528212,-0.0220639133963029,-0.0285785314532974,-0.0114887784746958
-0.0993309602700121,-1.17493469153765,0.193557245177714,0.138385034867816,-0.0236025606240611,-0.0285875699617599,-0.0105175641034015
-0.0741269753671534,-1.07278911877283,0.190276466911426,0.0916405147925246,-0.0247581902114634,-0.0287588658427372,-0.00957878993990915
-0.0553813082314192,-0.974916190602547,0.187378406365208,0.048022258272369,-0.0255576951504072,-0.0290768439095347,-0.00868162404404167
-0.04189730357938,-0.882316730422728,0.184831331602909,0.00734618985745424,-0.0260319012919915,-0.0295221058010676,-0.00783227643614961
-0.0323184681160368,-0.795553926079932,0.182602097957337,-0.0306199730244784,-0.02621204225446,-0.0300737299261926,-0.00703445086397831
-0.0252573973164165,-0.714778686836341,0.180659017907642,-0.0661126457850454,-0.0261276104940808,-0.0307109510081379,-0.00628969552088034
-0.0193978686996962,-0.639778127532678,0.178973279028027,-0.0993438373868689,-0.0258053107926257,-0.0314142583662757,-0.00559771533979731
-0.0135699478164694,-0.570038219938136,0.177519345065519,-0.130485204776019,-0.0252688304782364,-0.0321660226054354,-0.00495667942086185
-0.00680021803119518,-0.504813961188735,0.176274703301978,-0.159661547761804,-0.0245391643226425,-0.0329507773980682,-0.0043635369158158
0.00166000560227728,-0.443202141202207,0.175219245436803,-0.186951005599058,-0.0236352676108785,-0.0337552691802277,-0.00381434282757525
0.0123255491083361,-0.384212796123457,0.174334501383042,-0.212389799653859,-0.0225748479132033,-0.0345683615417443,-0.00330458867878913
0.025484453874397,-0.326835917761769,0.173602887587639,-0.235979881043413,-0.0213751420913841,-0.035380854583791,-0.00282952914935649
0.0412182595222609,-0.270100289332817,0.173007081278137,-0.257698211994319,-0.0200535612760338,-0.0361852581420004,-0.00238449311762709
0.0594322270858203,-0.213121749575572,0.172529586633731,-0.277506651574098,-0.018628124706201,-0.0369755430277664,-0.00196516584379468
0.0798919340211514,-0.155138929328419,0.172152517415841,-0.295361588047852,-0.0171176434569841,-0.0377468856443798,-0.00156782874941463
0.102262542000404,-0.0955355688549307,0.171857584685678,-0.311222616545547,-0.0155416548528979,-0.0384954167952058,-0.00118954495070579
0.126147230661237,-0.033849763435192,0.171626250835845,-0.325059736911163,-0.0139201433843633,-0.0392179834647611,-0.000828282509503577
0.151121853939311,0.0302283336068702,0.17143999503779,-0.336858748801029,-0.0122731094189057,-0.0399119313848058,-0.000482972748519138
0.176763739101634,0.0968679236957436,0.171280631462794,-0.346624731250558,-0.0106200596077405,-0.0405749153327248,-0.000153506898606982
0.202673555078925,0.166115199495458,0.171130628991421,-0.354383684571329,-0.00897949194972694,-0.0412047429302341,0.00015932043455798
0.228490141396989,0.237914307130739,0.170973396218196,-0.36018255768079,-0.00736843626956126,-0.0417992561415293,0.000453908959630419
0.25389895973532,0.312129110011248,0.170793513879829,-0.364087969974056,-0.00580209169761231,-0.0423562528570466,0.000727978126288638
0.278635323354573,0.388563838876874,0.170576913943822,-0.3661839640777,-0.004293581536372,-0.0428734490819316,0.000978707491325492
0.302483766249694,0.466981398476521,0.170311017077888,-0.366569106344612,-0.00285382688866428,-0.0433484804575779,0.00120288128254713
0.325274881751068,0.547118734300626,0.169984846218724,-0.365353203966669,-0.00149152628955708,-0.0437789401758934,0.00139702914484118
0.34688076719654,0.628699164468643,0.169589133207535,-0.362653849556786,-0.000213220236724038,-0.0441624488042738,0.00155755774812675
0.36720993721765,0.711441920213007,0.169116429027507,-0.358592950339053,0.00097658347352915,-0.0444967501046545,0.00168087011273136
0.386202280279277,0.795069322459809,0.168561218057462,-0.353293357802615,0.00207524664348789,-0.0447798256463579,0.00176347096293977
0.403824376560095,0.879312080304126,0.167920025378247,-0.346875687018245,0.00308181928848414,-0.0450100199825919,0.00180205719270646
0.420065294991241,0.963913168269624,0.167191496036381,-0.339455399878745,0.00399685483487558,-0.0451861675587914,0.00179359282947903
0.434932851690489,1.0486306626526,0.166376418361419,-0.331140217621743,0.0048222321943451,-0.0453077125538121,0.00173536799427848
0.448450236674142,1.13323982028422,0.165477661401775,-0.322027918988923,0.00556099110025595,-0.0453748136694039,0.00162504153917808
0.460652890787169,1.21753459194354,0.164499999752823,-0.312204566029152,0.00621718420137211,-0.0453884275509288,0.00146066748543574
0.471585525945309,1.30132869158466,0.163449806947833,-0.301743177334401,0.00679574753817557,-0.0453503669456555,0.00124070614942567
0.481299213698127,1.38445629499302,0.162334609783713,-0.290702839476911,0.00730238997293034,-0.0452633326312982,0.000964021880200163
0.489848506718158,1.46677241973603,0.161162508484553,-0.279128215167814,0.0077435016421163,-0.0451309212075812,0.000629870493967273
0.497288594143567,1.54815303654548,0.159941479430057,-0.267049377143997,0.00812608119848555,-0.0449576136044083,0.000237880576262371
0.503672517693489,1.62849497026649,0.158678586757581,-0.254481876992115,0.0084576811569325,-0.0447487512151265,-0.000211966363982319
0.509048488750012,1.70771565753616,0.157379135755334,-0.241426954231717,0.00874636975791322,-0.0445105075936933,-0.000719351521083942
0.513457348594225,1.78575282753754,0.156045804984329,-0.227871808044618,0.00900070616543103,-0.0442498634553424,-0.00128362495901614
0.516930209727067,1.86256415330923,0.154677796935121,-0.213789894982553,0.00922972337449139,-0.0439745911833871,-0.00190379770932276
0.519486313099893,1.93812687726094,0.153270051052145,-0.199141281786951,0.00944290988777371,-0.0436932521151803,-0.00257851622915739
0.521131143079695,2.01243734211756,0.151812570987744,-0.183873171805517,0.00965017716937941,-0.043415205497376,-0.00330601689685779
0.521854868526537,2.08551025602009,0.150289932933573,-0.167920832806775,0.0098617954380138,-0.0431506220795578,-0.00408405936958818
0.52163123364135,2.15737739053464,0.148681066345368,-0.151209276430772,0.0100882761008764,-0.042910487772692,-0.00490983823674051
0.520417113904112,2.22808526215199,0.146959433631356,-0.133656163404483,0.0103401758631299,-0.0427065736615269,-0.00577987192612424
0.518153084223916,2.29769119686277,0.14509378034084,-0.115176516300265,0.0106277962183926,-0.0425513382701646,-0.00668986565425038
0.514765514233689,2.36625705096817,0.143049676630553,-0.0956898867584587,0.0109607535390484,-0.0424577172399014,-0.00763454093502449
0.510170890087742,2.43383980194286,0.140792111512638,-0.0751306093186907,0.0113473999957066,-0.0424387462123761,-0.0086074179737133
0.50428321727961,2.50047829316342,0.138289409377186,-0.0534616265590543,0.0117940844008276,-0.0425069574580651,-0.00960053071404061
0.497025397337957,2.56617570582384,0.135518673400311,-0.0306920143729064,0.012304255335908,-0.0426734934938005,-0.0106040512464073
0.488345248370037,2.63087796609622,0.132472764674027,-0.00689766389728705,0.0128774287177686,-0.0429468966516359,-0.0116058078813667
0.478236151398051,2.69444943274768,0.129168430585326,0.0177565512808461,0.0135080742283122,-0.0433315690018189,-0.012590709996986
0.466760926441909,2.7566489933522,0.125654550601908,0.0429965023077023,0.0141845309569598,-0.0438259614327539,-0.0135401542594709
0.454075357060075,2.81711210529941,0.122018605251817,0.0684260523428531,0.0148881548543927,-0.044420655818166,-0.0144315855241613
0.44044504396126,2.87534686374745,0.11838861567903,0.0935297124201158,0.0155930278890322,-0.0450966585765545,-0.0152385039772035
0.426246962222956,2.93075351936156,0.114927450700658,0.117699494116767,0.0162666767818489,-0.04582441294137,-0.0159312895431788
0.411947102154925,2.98267474703013,0.111817284934744,0.140292041513196,0.016872245818055,-0.0465641877669831,-0.0164791542603239
0.39805003468838,3.03047625456396,0.1092346579932,0.160713857881496,0.0173722931208518,-0.0472684593567381,-0.0168532379103904
0.385025715296179,3.07364449886513,0.107320626757267,0.17851949633651,0.0177337741208087,-0.0478864968387084,-0.0170303523892229
0.373230146003551,3.11187574858279,0.1061540574408,0.193495814592528,0.0179330455702657,-0.0483705799290148,-0.0169963877569325
0.362843012664209,3.14512729241484,0.105736600612801,0.205703632470188,0.0179593398061429,-0.0486824422514868,-0.0167482803355405
0.35384151670165,3.17361262302393,0.105994157129471,0.215461020169834,0.0178155252814605,-0.0487981876245616,-0.0162939059899383
0.346016322356512,3.19774343747246,0.10679345631494,0.223274351367539,0.017515991005849,-0.0487103952529741,-0.0156500772457922
0.339020564179828,3.21804007509931,0.107967345583483,0.229741379211768,0.0170825657746564,-0.0484271707881996,-0.0148394868947026
0.33243431784187,3.23503859921074,0.109341016871335,0.23545547397802,0.0165398985308384,-0.0479688910675904,-0.0138875985260054
0.325827278346791,3.24921661110778,0.110753365673186,0.240932378450865,0.0159115414493076,-0.0473638531979863,-0.0128201841969236
0.318808387656599,3.26094786964505,0.112070925084455,0.246567962959066,0.0152173954815881,-0.0466439355470605,-0.0116617550130786
0.311058101332347,3.27048507962006,0.1131944881772,0.252624761625178,0.0144725943371144,-0.0458409751861216,-0.0104347864757182
0.302344011095781,3.27796415639711,0.114059941431849,0.259239514145607,0.0136875377977026,-0.0449841462952583,-0.00915949349384884
0.292523084400573,3.28342160707046,0.114635191458561,0.266442854397415,0.0128686590435569,-0.0440983322152612,-0.00785391310473847
0.281534497226174,3.28681764182952,0.114914860900061,0.274183708641576,0.0120195432021429,-0.0432033367284865,-0.00653412314598227
0.269386759349325,3.28805962061834,0.114914033611154,0.282353221503974,0.0111421158841687,-0.0423137351372652,-0.00521450119741779
0.256142145801243,3.28702248559358,0.114661934470486,0.290805191200391,0.0102377300737135,-0.0414391743704979,-0.0039079822942613
0.241900663424548,3.28356452674931,0.114196100461466,0.299371718403964,0.0093080674760651,-0.0405849604745248,-0.00262630177764449
0.226785042642337,3.2775380881525,0.113557347814417,0.30787400703473,0.0083558274776144,-0.0397528043565483,-0.00138021761238775
0.21092762245104,3.2687956867729,0.112785661338376,0.316129061549924,0.00738520573997715,-0.0389416259429316,-0.000179703501130819
0.194459527434188,3.25719256026737,0.111917020231715,0.323953485729838,0.00640217262818548,-0.0381483415632726,0.000965902288253358
0.177502229864921,3.24258695345339,0.110981120041057,0.331165771280746,0.00541455821432133,-0.03736857999849,0.00204781219047271
0.160161431822348,3.22483954246876,0.109999937840311,0.337588418391471,0.00443194428951989,-0.0365972904529384,0.00305778868259511
0.142523152914211,3.20381330162433,0.108987096674916,0.343050983440765,0.00346536214199787,-0.0358292219746871,0.00398824192118055
0.124651915727659,3.17937484408329,0.107947993498479,0.34739472426508,0.00252680300906192,-0.0350592694122887,0.00483242797661392
0.106590927848422,3.15139781996495,0.106880643233459,0.350478950226467,0.00162856775601872,-0.0342826958429931,0.00558473288206826
0.08836412259318,3.1197683728321,0.105777150659621,0.35218856162104,0.000782510557600036,-0.0334952543849812,0.0062410081511735
0.0699798217085865,3.08439203151416,0.104625656057233,0.352441708061128,-7.3955541311007e-07,-0.0326932412909396,0.0067989059144835
0.0514356359590046,3.04520089546914,0.103412529031318,0.351196163498004,-0.00071247632462411,-0.031873514926676,0.00725815208849456
0.0327240678307719,3.00215971896562,0.102124535790554,0.348453035597064,-0.00134643110708627,-0.0310335104984716,0.00762069896219081
0.0138381817703156,2.95526961652527,0.10075070380995,0.344256835750972,-0.00189902862729945,-0.0301712691620023,0.00789071597424301
-0.00522329192306996,2.90456858689014,0.09928366458885,0.33869163684024,-0.00236935330934519,-0.0292854856897717,0.00807440601591173
-0.0244519400263946,2.85012874138404,0.097720358607543,0.331873830566608,-0.00275884965267269,-0.0283755656558348,0.00817966668240544
-0.0438270574033133,2.79205080292101,0.0960621073018491,0.323942625402752,-0.0030708260062482,-0.0274416749821087,0.00821564236972569
-0.0633145359286629,2.73045690980018,0.0943141608491689,0.315049729028801,-0.00330985680179041,-0.0264847634413353,0.00819222712693051
-0.0828671346722612,2.66548290707107,0.0924848932308284,0.305349595091591,-0.00348117965159474,-0.0255065485159441,0.00811957773510315
-0.102425871414474,2.59727115699364,0.0905848303403822,0.294991268251737,-0.00359016494462961,-0.0245094542845179,0.00800768445959937
-0.121922207002476,2.52596455904337,0.088625671868728,0.284112385863565,-0.00364190600086403,-0.0234965087011337,0.007866028943791
-0.141280689932462,2.45170207510841,0.0866194207577038,0.272835437314651,-0.00364094728755743,-0.0224712093764027,0.00770334048691091
-0.160421767192228,2.37461571709941,0.0845776826595786,0.261266040038545,-0.00359114364317537,-0.0214373716384868,0.00752744738822951
-0.17926452698219,2.29482872874415,0.0825111541866001,0.249492798281922,-0.00349562793048212,-0.020398973252369,0.00734521073047721
-0.197729202971156,2.2124545878793,0.0804292882413508,0.237588251966796,-0.00335685780758035,-0.0193600084349123,0.00716252365999091
-0.215739328612984,2.12759644477271,0.078340107567351,0.22561045882193,-0.00317671226559539,-0.0183243607029788,0.00698435866231378
-0.233223479297247,2.04034665956229,0.0762501311472263,0.213604839937197,-0.00295661262169664,-0.0172957005488882,0.00681484707813247
-0.250116578532665,1.95078617420131,0.0741643786180563,0.201606021883642,-0.00269764849541867,-0.0162774106348265,0.0066573779355939
-0.266360773123098,1.85898352314783,0.0720864221456144,0.189639504213227,-0.00240069532467128,-0.0152725385018152,0.00651470625459604
-0.281905901667473,1.764993341325,0.0700184608946694,0.177723058463348,-0.00206651528572744,-0.0142837749168488,0.0063890638496337
-0.296709592952918,1.66885425528559,0.0679613986906199,0.165867819676321,-0.00169583767009092,-0.013313454886272,0.00628226811825481
-0.310737036348845,1.5705860449347,0.0659149099295848,0.154079065692878,-0.00128941780711638,-0.0123635779942064,0.00619582632846233
-0.323960465903251,1.47018594027077,0.063877481888197,0.142356696961526,-0.000848075664935069,-0.0114358449913229,0.00613103457664415
-0.336358394426953,1.36762387038057,0.0618464231459452,0.130695434202909,-0.000372716555689883,-0.0105317083493782,0.00608907197124385
-0.347914622884149,1.26283641899441,0.0598178279528492,0.119084747609301,0.0001356627671326,-0.00965243585112077,0.00607109182566806
-0.358617033133741,1.15571917806093,0.0577864852332426,0.107508523644274,0.000675978505016129,-0.00879918835083194,0.00607831281097527
-0.368456147191076,1.04611716454243,0.0557457189124723,0.0959444694172521,0.00124706923054254,-0.00797311598714515,0.00611211417180433
-0.377423401822748,0.93381306835356,0.0536871445389154,0.0843632597990273,0.00184770199516565,-0.00717548208646866,0.00617414012947304
-0.385509044218765,0.818513530009888,0.05160032844389,0.0727274678748251,0.00247656078301102,-0.00640783190740608,0.00626641895898218
-0.392699511862393,0.699834834787723,0.0494723465083433,0.0609904246801149,0.0031321908866423,-0.00567223579487514,0.00639150036801164
-0.398974158498462,0.577292097843966,0.0472872726865901,0.0490953987182618,0.00381285069109362,-0.00497165378085258,0.00655260701529785
-0.4043013451129,0.450301099052272,0.0450257018771539,0.0369759586456072,0.00451618825137608,-0.00431048614695478,0.00675377502462637
-0.408634470722735,0.318209131967619,0.0426645375901607,0.0245590849791523,0.00523862503522255,-0.00369537031803997,0.00699991479617909
-0.411909889428276,0.18037510567037,0.0401773824250866,0.011773128403269,0.00597435140640471,-0.00313620190255682,0.00729665967730888
-0.414050340636322,0.0363054824100082,0.0375357773047057,-0.00143815105907399,0.00671400055129347,-0.00264714576668548,0.00764983240993885
-0.414978422359875,-0.114190902183321,0.034710948131567,-0.0150974518709174,0.00744346218158482,-0.00224710193722892,0.00806445028970876
-0.414641085107945,-0.270910632597362,0.0316750702578319,-0.0291772284601895,0.00814360488466587,-0.00195905289254905,0.00854343260099143
-0.413039802139127,-0.433286674489443,0.0284013287045931,-0.0435883863993608,0.00879148750054904,-0.00180817390654429,0.00908635994838288
-0.410257497432793,-0.600513100113383,0.0248634606351883,-0.0581720021775712,0.00936296062894022,-0.00181920699526542,0.00968854179928974
-0.406475623931718,-0.771672177992032,0.0210365578082175,-0.0726889871112842,0.00983610412671725,-0.00201374617087603,0.0103404488473396
-0.401977653574775,-0.945797446191188,0.0169005559700939,-0.0868084661510557,0.0101949971944592,-0.00240784586142104,0.0110275630499059
-0.397134868125139,-1.12186686627822,0.0124466112458942,-0.100104297578429,0.0104334400411603,-0.00301023109903854,0.0117308651161418
-0.392369753032164,-1.29875746357361,0.00768530191122018,-0.112073006140547,0.0105581072071033,-0.00382144185794718,0.0124282300089567
-0.388096446052643,-1.47520030926378,0.00265465124575516,-0.122181639104211,0.0105904507387646,-0.00483415903523311,0.0130966919062669
-0.384646657197503,-1.64976443953915,-0.00257418406813715,-0.12994133434244,0.0105669268964416,-0.00603453906543426,0.0137148460836756
-0.382195962501154,-1.82087754289617,-0.00789447712714155,-0.134989384891755,0.0105378733900123,-0.00740389398013954,0.0142639159467825
-0.380699917249989,-1.98686991026197,-0.0131634255064172,-0.137162309670939,0.0105660171149746,-0.00892006261263985,0.0147258873189645
-0.379833671773684,-2.14602402315289,-0.0182012094328288,-0.136559349618988,0.0107251999006041,-0.0105585090213471,0.0150780993880977
-0.378923760226007,-2.29663686144271,-0.0227902797280024,-0.133611380164645,0.0110980640871285,-0.0122937901708285,0.0152856309889709
-0.376893097175653,-2.43714121043922,-0.0266834160646607,-0.129151957712231,0.0117688697471548,-0.0141013879320089,0.0152950804851128
-0.372307058654084,-2.56634055194537,-0.0296370382052115,-0.124424834130614,0.0128063681508559,-0.0159579760650652,0.0150350623262195
-0.363643325108367,-2.68373346100444,-0.031481685078126,-0.120907109442166,0.0142353368557678,-0.0178372296926609,0.0144282288683585
-0.349800791843532,-2.78974073266839,-0.0322114717443834,-0.119887194636533,0.0160067983881495,-0.019701560918217,0.0134140968840739
-0.330608645719196,-2.88555977636866,-0.0320324905404584,-0.121954273489095,0.0179894895013375,-0.021497162172532,0.0119719757885524
-0.306954565776921,-2.97257292052115,-0.031310959821091,-0.126735030823597,0.0200001136046851,-0.0231622910099627,0.0101284315030781
-0.280396326552822,-3.05162417064924,-0.030433755803109,-0.133069421987926,0.0218614867624247,-0.0246493946486977,0.00794361310982156
-0.252545364637826,-3.12260035690702,-0.0296659195082314,-0.139448698802407,0.0234548809475962,-0.0259483178818609,0.00548692139904341
-0.224632415100742,-3.18445984473776,-0.0290792243959941,-0.144370743274878,0.0247425769813339,-0.0270959500175521,0.0028171940162748
-0.197433458489614,-3.23552217684945,-0.0285605788876612,-0.14642516693899,0.0257631028996839,-0.0281675409877036,-2.52358686031846e-05
-0.171482994976187,-3.27377006244001,-0.0278672398175229,-0.144147857451769,0.026615252957911,-0.0292536319123025,-0.00301552840659319
-0.147415398568585,-3.29705522282941,-0.0267005781653134,-0.13579954536369,0.0274419487659327,-0.0304274107153693,-0.00613411997844388
-0.126281642184343,-3.30326895335903,-0.0247954079801798,-0.119267017346709,0.0284116435271694,-0.0317044587351688,-0.00935245392394639
-0.109668327157266,-3.29065784742827,-0.0220386685135042,-0.0923472831413095,0.0296816166047555,-0.0329974544522764,-0.0126157789502772
-0.0993606526741095,-3.25851248693574,-0.0186201328625042,-0.0537476199778057,0.0313196388326366,-0.0340778459004758,-0.015819882844721
-0.0962227832337771,-3.20835655171731,-0.015161788193764,-0.00504633668352683,0.0331714736200101,-0.0345789303111503,-0.0187737713860032
-0.0982438787838263,-3.14524628379574,-0.0126607572573091,0.0468926287770492,0.0347285945215235,-0.0341081165084882,-0.0211521627274986
-0.099044040893689,-3.07747334785527,-0.01199591578562,0.0897173601108209,0.0352081485755151,-0.0325262020850518,-0.0225068954322697
-0.0901386807319119,-3.01222222518822,-0.0130856619759966,0.111857213413223,0.0340881384569823,-0.0302414151600248,-0.0224737730627245
-0.0675143496041281,-2.94942010336251,-0.0146737892630833,0.112507726069443,0.0317083309143992,-0.0280757805732966,-0.0210876185727844
-0.0348829093891848,-2.88191794630606,-0.0153548340773066,0.102371355859339,0.0290434386779319,-0.0266884106616387,-0.0187694019393181
0.000609392163635359,-2.8020127424153,-0.014535767707537,0.0938861488625035,0.0269272017771542,-0.026256730272014,-0.0159855944405864
0.0334648781061411,-2.70577532606409,-0.0123734296489933,0.0941107625836214,0.02570206115755,-0.0266302829958359,-0.0130442283241311
0.0612018417568036,-2.5929281002143,-0.00930860397484682,0.104531842034619,0.0253380197541286,-0.0275700176098727,-0.0101114117041832
0.0834790173003486,-2.46519930408448,-0.00577503647029125,0.123513764074029,0.0256362381395478,-0.028871270601668,-0.00727660856826023
0.100926434853205,-2.32501159344188,-0.00211484595552852,0.14837121416364,0.0263598955246341,-0.0303935061031871,-0.00459067042989227
0.11439088249981,-2.17480102449457,0.00141946991529333,0.176461158311331,0.0272930606194747,-0.032047922511225,-0.00208258182909996
0.124639094323435,-2.01676109825548,0.00465383425422111,0.205559309522505,0.0282569665692068,-0.0337728610645437,0.000230178925939647
0.132361214525051,-1.85277407968311,0.00749707462114603,0.233893886419016,0.0291080991398609,-0.0355107049154912,0.00233264182678888
0.138300633437271,-1.68436866087042,0.00995643946190345,0.260105806416151,0.0297336240619972,-0.037190931476058,0.00420535191548361
0.143369552628644,-1.51263245401485,0.0121454043884378,0.28326946388933,0.0300507808132594,-0.0387207452980222,0.00582085711836666
0.148643570789286,-1.33809261273077,0.0142612290304059,0.302990789872108,0.0300093703063779,-0.0399850738772087,0.00714448740279356
0.15517280072597,-1.16065386065802,0.0165192954658507,0.319508136550813,0.029591990316542,-0.0408583643695394,0.00813958769999577
0.163630011975011,-0.979723804260897,0.0190569295428731,0.333674415879116,0.0288071465251444,-0.041228241424361,0.00877649870849304
0.173932209092116,-0.794605113925037,0.0218507163400692,0.346731124373255,0.0276764358707686,-0.0410245322307187,0.00904294405785221
0.185049714861801,-0.605069169789532,0.0247013228375318,0.359903393714114,0.0262248415995859,-0.0402405915200599,0.00895186311828877
0.195167889538266,-0.411844203070097,0.0273073398335127,0.373976577432716,0.0244847096837249,-0.0389350922522557,0.00854321586061183
0.2021962831512,-0.216729154184593,0.0293920635433984,0.389046081032227,0.0225145990056772,-0.0372133985681063,0.00787934567544602
0.20444687509062,-0.0222332196191402,0.0308126041169194,0.404533406119758,0.0204202056320196,-0.0351991508903376,0.00703631256813052
0.201230616398206,0.169108157292345,0.0315961617052018,0.419419100861547,0.0183581857386291,-0.0330090413721368,0.0060938056955079
0.193153440422763,0.355442597864775,0.0318950412823594,0.43255577117088,0.0165113583651013,-0.0307377603227135,0.00512514511837887
0.181995331600373,0.53603496704871,0.0318946245412325,0.44292347167661,0.0150414726421421,-0.0284530379678356,0.00418878048604455
0.170212946178747,0.711246508366498,0.0317256288388249,0.449754030071737,0.0140420971889002,-0.0261972078796084,0.00332323981043054
0.160273586745879,0.882090553490802,0.0314203365576212,0.452532961944247,0.0135166375467679,-0.023991707430033,0.002546860904744
0.154100584929394,1.04960578026402,0.0309223728517321,0.450938006867625,0.0133912153124578,-0.0218423267246158,0.00186163465942952
0.152815768756271,1.21434953139625,0.0301307158077897,0.44477230367915,0.0135508776899973,-0.0197441570056787,0.001258794737281
0.156777288331378,1.37618325166242,0.0289483745641634,0.433919378552519,0.0138776930163146,-0.0176856987313818,0.000723753524709953
0.165781127574854,1.5343276519548,0.0273155951465817,0.418320419698133,0.0142754598033149,-0.0156518491330271,0.000239200280259949
0.179286505819411,1.68755786479083,0.0252231683056369,0.397965602203906,0.0146780971723342,-0.0136257610937306,-0.000213607827799662
0.196588122720206,1.83441688566004,0.0227113028984266,0.372893511033803,0.0150467699454148,-0.0115897971161842,-0.000654791685889487
0.216919804740646,1.97338483721745,0.0198613451794049,0.34319611567976,0.0153621791770615,-0.00952589820843279,-0.00110647695573095
0.23950522722361,2.10299261509532,0.0167851269312264,0.309027855414355,0.0156163543281586,-0.00741566161365164,-0.00159374804937482
0.263577983077906,2.22189340912906,0.0136135526353231,0.270616981828328,0.0158058551776911,-0.00524035019957225,-0.0021457384396976
0.288389801445108,2.32891165484609,0.0104836283326791,0.228276459749624,0.0159268007252292,-0.00298101318757708,-0.00279671995146507
0.313222056855895,2.42308713443569,0.0075214792742938,0.182410519659796,0.0159716243172656,-0.000618947241555693,-0.00358699412758511
0.337416459129557,2.50372837347988,0.00481769553361065,0.133510522608207,0.0159276227585517,0.00186303455892333,-0.00456321042292661
0.360447767197699,2.57048456257801,0.00239086841113397,0.0821284050577973,0.015778035872644,0.00447743322746454,-0.00577741501213879
0.382073714110904,2.62343342650829,0.000137279311096787,0.0288049914715883,0.0155074637940015,0.00722451038493567,-0.00728365293415364
0.402606351082061,2.66315055667911,-0.00222585580184284,-0.0260880014484537,0.0151144811882409,0.0100751604484175,-0.00913036526248343
0.423323366383466,2.69065390008303,-0.00519113493323851,-0.0826518006261525,0.0146335600498965,0.0129348671277386,-0.0113464057571046
0.446900712833117,2.70699992503873,-0.00938638232144693,-0.141943438380245,0.0141612805489826,0.0155767823667072,-0.0139188595161243
0.477383201751134,2.71222767827271,-0.0152657889404741,-0.206471791987713,0.0138626518662261,0.0175441062052787,-0.016762880305749
0.518642436464504,2.70359391372665,-0.022478833579667,-0.279994718692068,0.0139107427569635,0.0180794953153516,-0.0196876461532215
0.570231763898033,2.67407444714392,-0.0291547874376571,-0.365230000763397,0.0143372090836081,0.0162610211055898,-0.0223668049314436
0.621988354858915,2.61384125232334,-0.0320354460182921,-0.458867483225213,0.0149039029709177,0.0115859181841881,-0.0243362013115025
0.654462605879146,2.51737674685432,-0.0286109497885749,-0.548012978281392,0.0152343242206462,0.00484677970828028,-0.0250975781311121
0.652178368472155,2.39187010095313,-0.0200424143207281,-0.61665856384696,0.0152018884300871,-0.0017780046147049,-0.0243973979916746
0.617977077531112,2.25467003263261,-0.0106113940821015,-0.659148907840513,0.0150740309491452,-0.00616417546409228,-0.0224376565489164
0.568454143740189,2.12043451189255,-0.00374337873957413,-0.682645604413536,0.0151989886601531,-0.00761676030516329,-0.0197178305669184
0.518638718318468,1.99388113098599,-3.74773541584206e-05,-0.697473380515719,0.0157318828671542,-0.00667902287909406,-0.0167475760538946
0.474410405982832,1.87222637004046,0.00153958324775006,-0.709894031234844,0.0166634588235129,-0.0042396522615976,-0.0139011458180289
0.434072042604536,1.7499866835625,0.00205318034769067,-0.721650411728822,0.0179282091567899,-0.000999299500214801,-0.0113869883726287
0.392828048633374,1.62209802961994,0.00195934784338938,-0.732176529794716,0.0194158319990446,0.00261976900917046,-0.0092769511512451
0.346393307346337,1.4855819320477,0.00117420046034795,-0.740337771475962,0.0209522552153027,0.00639252336180276,-0.00756437236412428
0.292551497457488,1.34000694050957,-0.000622970259965654,-0.745151582270328,0.0223516654596415,0.0102072283717958,-0.00621366041205229
0.23093101045702,1.18671532009382,-0.00374104333642534,-0.745948559537775,0.0234946610005592,0.014014236781947,-0.00518204941051708
0.162141684789431,1.02766069480443,-0.00837839227423093,-0.742348015512084,0.0243496910355671,0.0177963465932467,-0.00442379137449672
0.0871362690340331,0.864689612420536,-0.0146261341174662,-0.734182348738691,0.0249448487713226,0.0215508823150504,-0.003891090428186
0.00693247457454529,0.699336087158078,-0.0224999657217286,-0.721416264632245,0.0253343434513609,0.025279174157209,-0.00353546200151797
-0.0774667769481094,0.532861500621118,-0.0319660906466792,-0.704085168443015,0.0255790871708659,0.0289804197447601,-0.00330838895001305
-0.165082107116395,0.36634814882888,-0.0429550297321896,-0.682262197630975,0.0257393775187958,0.0326476546135331,-0.00316078864345004
-0.25494451310084,0.200776207041132,-0.0553648370898318,-0.656052217922486,0.0258730715597944,0.0362646238083875,-0.00304191772151515
-0.346073183486216,0.0370719346864959,-0.0690557277300918,-0.625602898562771,0.0260344282181788,0.039803327805786,-0.00289873356976547
-0.437452361965967,-0.12386787769904,-0.0838398219014797,-0.591114997997309,0.0262709054146163,0.04322281472208,-0.0026767505599672
-0.52802373219994,-0.281166514330933,-0.0994750320487574,-0.552828854354109,0.0266167342297885,0.0464703747044356,-0.00232328548420439
-0.616717719248075,-0.433963017259271,-0.115678360784246,-0.510971206138606,0.0270836741772868,0.0494863165459033,-0.00179357358715761
-0.702536410825278,-0.581403231857735,-0.13217227437031,-0.465675393613787,0.0276515423354981,0.0522123527549305,-0.00105933960116931
-0.784661837138419,-0.722622334531476,-0.148757702781693,-0.41693304814454,0.0282636822275682,0.0546010843891108,-0.000118109494392784
-0.862510022342619,-0.85673055967348,-0.165370214365194,-0.36466338714555,0.0288340065839549,0.0566214036971841,0.000999398034715953
-0.935630583121708,-0.982835177796664,-0.182048901144692,-0.308950075651959,0.0292703112016589,0.0582544416525335,0.00222610872545149
-1.00341682960028,-1.10013798729164,-0.198771842509583,-0.250376005739359,0.0295117133812295,0.0594789122139693,0.00346075143965644
-1.06475168149843,-1.2081049936386,-0.215208431979686,-0.190228355154219,0.0295669522415884,0.0602526001174933,0.00457671229841513
-1.11788932637684,-1.30660289229423,-0.230569183717002,-0.130277231405578,0.0295291442350525,0.060504658496137,0.00544151892943383
-1.16085634352308,-1.39581907538714,-0.243768551259108,-0.0720425125203492,0.0295438408029904,0.0601536317366642,0.00594963937305717
-1.19225674225164,-1.47589963189875,-0.253899601272999,-0.0159742147741925,0.0297369230072123,0.0591493386675491,0.00605864153379667
-1.21185963474884,-1.54654058837167,-0.260665850124017,0.0387448754546297,0.0301509555376523,0.0575112586841138,0.00580591662469064
-1.22044994304904,-1.60687447688707,-0.264392689971458,0.093579957319538,0.0307362747480031,0.0553346070904149,0.00529413900997136
-1.21913411023759,-1.65571470834107,-0.265663992504871,0.149783579300418,0.0313896800667112,0.0527651765175313,0.0046591926623982
-1.20870236750708,-1.6919324864283,-0.26494756014804,0.207916690486909,0.0320005733119626,0.049966449168835,0.0040408759759376
-1.18939808989123,-1.71474487086947,-0.262459355197156,0.267854371976977,0.032480445196035,0.0470969611212703,0.0035641694434632
-1.16103583021856,-1.72384463347982,-0.25824609435406,0.329023974743344,0.032775860556798,0.044301499970974,0.0033294740028842
-1.12323717096146,-1.71941053111789,-0.252334031997474,0.390626563640728,0.032871461373348,0.041712546914687,0.00340954179542082
-1.07560082433244,-1.70206955384962,-0.244821608146458,0.451737332823561,0.032786272718904,0.0394573403867383,0.00385186479921937
-1.01774488253683,-1.67287500645596,-0.235884323125991,0.511287575768012,0.03256481552026,0.0376661859508045,0.00468443667420258
-0.949256132554903,-1.633342125547,-0.225728840185795,0.567958662324646,0.0322653453021313,0.0364770153255139,0.00592110955523726
-0.869627273800611,-1.58555323810133,-0.214553220761708,0.62000517996976,0.0319482478692903,0.0360291038989664,0.0075617927619474
-0.778280519349802,-1.53229046726384,-0.202555548899407,0.66503665261369,0.0316679427439363,0.0364360240469037,0.00958318323585607
-0.67478784279791,-1.47703577912286,-0.19000155377034,0.699897963214568,0.0314749194350586,0.0377292582454264,0.0119183890908531
-0.55935399668011,-1.42347753109483,-0.17730647077774,0.721033553963209,0.0314448641492895,0.0397808006754981,0.0144293287577263
-0.433361726422533,-1.37401544022793,-0.165002271203007,0.725966310562164,0.0317638539722327,0.0422525920850602,0.0168799082316916
-0.299184020002516,-1.3271229602079,-0.153456527733834,0.716304587367914,0.0328770634769563,0.0446549901755183,0.0189088704218225
-0.158108370660269,-1.27519101392233,-0.142525761577728,0.701031310106175,0.0355810449615883,0.0465665629394804,0.0199931478816444
-0.0066544177186221,-1.20814127750511,-0.131737594932681,0.694428121799691,0.0407050150636343,0.0479492038842483,0.0195026784313525
0.164936061271702,-1.12694909724355,-0.120943147128051,0.702472756088278,0.0482349211456658,0.0492503129609241,0.0171019675173041
0.368307142765943,-1.05340557595748,-0.110369059062833,0.712597735853882,0.0569759921639313,0.0509403710448798,0.0131545822143042
0.608984322629397,-1.02059171396272,-0.100332340888533,0.707591418269326,0.0653953907405135,0.0530340806367924,0.00839641926348873
0.87645387779675,-1.05751371535601,-0.0915803859168314,0.683374248554044,0.0721431168727131,0.0552342985258827,0.0034498398037788
1.13698654937171,-1.17519225002603,-0.085462123859425,0.650006193093355,0.0760482995019094,0.0571606129307964,-0.00126707311574435
1.34466868852608,-1.35401432283166,-0.0832322704432457,0.622388110335488,0.0764718402062761,0.0583127435992632,-0.00547657083074974
1.46860813507862,-1.5462346708173,-0.0852201633206734,0.610626139786855,0.0736858652073913,0.0580475679182466,-0.00897700742654345
1.51051747116391,-1.69729756223175,-0.0904364632874438,0.615421031474928,0.0687401038496771,0.0558136579865411,-0.0116195941202305
1.49793326833242,-1.77124746301251,-0.0967199980481716,0.629332641149011,0.0629716493178537,0.051516218827011,-0.0133610307290473
1.46211415059532,-1.76170361798858,-0.101678448845915,0.641611966744474,0.0574642179180468,0.0456436398445515,-0.0143265639385784
1.42189842088875,-1.68267958300803,-0.103844399761701,0.643286178839042,0.0527568528941333,0.0390299988137571,-0.0147801015851922
1.38315892989587,-1.55322458002567,-0.103000505668007,0.629827467978922,0.0489283105830764,0.0325147224831974,-0.0150204965552052
1.34551640782327,-1.38910822851604,-0.0996967041235171,0.601034174707253,0.0458500846672046,0.0267508267232356,-0.0152948515884929
1.30725592323686,-1.2017873793057,-0.094722294169414,0.559525016905517,0.0433775533299441,0.0221870428991649,-0.0157598739587321
1.2667497882838,-0.99988657098059,-0.0889641285910245,0.50918218962314,0.0414275704228071,0.0191389533415349,-0.0164696348571347
1.22209990137105,-0.790122166680541,-0.0835134237724101,0.453920029314827,0.0399812315645931,0.0178657883437462,-0.0173757226775449
1.17069221829048,-0.576850427251672,-0.0796109294664235,0.396527013325834,0.0390482369069481,0.0185854107777833,-0.0183446139095888
1.10957801733867,-0.360926330390061,-0.0781611830432,0.337437762158363,0.0386184827602625,0.0213775185274017,-0.0191896698521653
1.03669718537644,-0.139387092065082,-0.079038731115494,0.273862723259597,0.0386272106994935,0.0259837683881246,-0.0196953044435029
0.95226503619417,0.0927026707528996,-0.0808071070590415,0.20036046917231,0.0389562916483188,0.031634231948309,-0.0196327400615418
0.859382486979048,0.338134399830422,-0.0813511161330814,0.111983077560213,0.0394816918636418,0.0371541027537718,-0.0188176992609188
0.762873654779607,0.593790617357792,-0.0792291193503073,0.00863580052669813,0.0401447775336583,0.041477065664408,-0.0172131668099591
0.666701075174722,0.851435101924054,-0.0745876556547684,-0.103956404912271,0.0409786474014329,0.0441719765059987,-0.0149538248283544
0.572446168712976,1.10243309619108,-0.0687229273621144,-0.217928632403334,0.0420515400966519,0.0454530362042621,-0.0122379823441208
0.480060628681114,1.34119376708076,-0.0629914295637822,-0.327070932379317,0.0433909039154542,0.0458004628279911,-0.00921415120465154
0.389362326362491,1.56528081188519,-0.0582014176104146,-0.427824664255447,0.0449535135311937,0.0456412922163696,-0.00594931906636151
0.300869381619068,1.77387329276364,-0.0546699902625709,-0.518408825809722,0.0466307607236522,0.0452345913919728,-0.00244836448500065
0.215873937435416,1.96624032685611,-0.0525504331207805,-0.597499594006377,0.0482508712514597,0.0446779342602906,0.00131781311745655
0.136161560039022,2.14092069489421,-0.0520673854043061,-0.663105928192769,0.0495594584935382,0.0439594449523352,0.00538591789696041
0.0638205621143943,2.29600273676606,-0.0534566652843381,-0.712138596745145,0.0501960710249992,0.0430401126495411,0.00976795679039145
0.00185056543933776,2.43099322519013,-0.0565441942111748,-0.741775523344282,0.0497524713158565,0.041971162657332,0.0143911069196706
-0.0429919450966549,2.55001964323656,-0.0601483351613258,-0.75407033624334,0.0481104770310697,0.0409878094701561,0.0189653296181127
-0.0544573525892849,2.66168825957313,-0.0620925903787218,-0.76120606878134,0.0460880976968326,0.0403590626809512,0.0228390409813702
-0.00727431318832866,2.76639410099545,-0.0611046695557983,-0.779400679542357,0.0451633023861821,0.0399350201362984,0.0253089406104904
0.111579827966727,2.84257281105488,-0.0590255709380705,-0.812916190358413,0.0453323710881959,0.0392162679815573,0.0263326839910485
0.278620772070789,2.86189470748988,-0.059382358497304,-0.855221766966519,0.0446353850516238,0.0380617079801714,0.0263053010593834
0.436884369159014,2.81892026747957,-0.0641365324076003,-0.897881475338718,0.0417202155330954,0.0367859627542595,0.0254423428589659
0.532827041648281,2.73673353039751,-0.0720924576037902,-0.930187350934407,0.0373961043945293,0.0358035115706564,0.023965704406104
0.551886916771842,2.64136573041425,-0.0804860566689021,-0.942750243650863,0.0333324201896412,0.0354827763089469,0.0223635121296223
0.510913820171119,2.54189494883019,-0.0878298954471717,-0.932848984891553,0.030442809489909,0.0359765987283935,0.0211292063198145
0.431554051099343,2.43504817679721,-0.0944952753055606,-0.902460967065075,0.0288215401668978,0.0370818213517953,0.0204627797023879
0.327219699685939,2.31613963231563,-0.10111107622463,-0.854395925586714,0.0283334489632756,0.038401101074778,0.020218714856083
0.203072459138603,2.18526572854437,-0.106604188106059,-0.791832929617366,0.0289659906877446,0.0396234108043627,0.0199898541913742
0.0615665884161438,2.04814332172208,-0.107823320904978,-0.719740299021821,0.0307812628187053,0.0406409917017308,0.0192854260778778
-0.0912122736204811,1.9112310490227,-0.102358090358101,-0.644425850821654,0.0335577995112465,0.0414387096942548,0.0178394254867625
-0.245156117936473,1.77537132779553,-0.0918510798863904,-0.570222441766613,0.0366373512876745,0.0419528188169491,0.0158205312173823
-0.392078067484166,1.63606144455594,-0.0807809085050994,-0.497663770868986,0.0393451536613619,0.0421112812490179,0.0136463275989891
-0.529016557455863,1.48854779871264,-0.0728281650962629,-0.425313687559563,0.0413934304740913,0.0419497451494839,0.0116714287416802
-0.65643563944776,1.33056979570682,-0.0695070618714397,-0.351925655798666,0.0428432893443263,0.0416191451320066,0.0100852787810288
-0.77562270980391,1.16202303240953,-0.0708677778427303,-0.277085108920827,0.0438964691833614,0.0413142398220526,0.00895680423993346
-0.887419162844849,0.983892952323825,-0.0764476743820239,-0.201055214697356,0.0447586109712239,0.0412135719132366,0.00829445453867378
-0.991950256917227,0.797561976127922,-0.0858000248149892,-0.124565537747387,0.0455907553899987,0.0414567468117038,0.00808389306025222
-1.08870593114984,0.604543985980264,-0.0986666168663182,-0.0487531468296938,0.0465027366284371,0.0421462544134096,0.00830668092965833
-1.17665327850783,0.406478336560705,-0.114961310551176,0.0247433282367514,0.0475559273142422,0.0433574071587719,0.0089467667700667
-1.25432504693048,0.20526922470627,-0.134640612007722,0.0935878592533233,0.048761559921845,0.0451454723296564,0.00998893468572648
-1.31997625427796,0.00331646712610564,-0.157451215876483,0.154565517128257,0.0500736530455156,0.0475425303791749,0.0114124614244232
-1.37198173347654,-0.196208406993303,-0.182519321880735,0.203655096538425,0.051386176191056,0.0505362577612337,0.0131835110056653
-1.40966398244512,-0.389135363163076,-0.20781262141803,0.23673447865953,0.0525514350183909,0.0540195545211796,0.0152478108352287
-1.4346652346257,-0.570333346934748,-0.229689046544264,0.251359475784001,0.0534333588853973,0.057697965939594,0.0175180589186708
-1.45267317505825,-0.734463510873103,-0.243080492084687,0.249882070031903,0.0539901793845804,0.0609620554184344,0.019844194577682
-1.47423985465477,-0.878115612819233,-0.243274625896901,0.243082160981607,0.0543425736470953,0.0628259717581619,0.0219700098025655
-1.51144152120957,-1.00321981751588,-0.229811131884139,0.250210269912933,0.0547350735801763,0.0622005315338269,0.0235420124171078
-1.56849266738982,-1.11858364415063,-0.209677866137739,0.289041817584227,0.055356737924507,0.0586501548446153,0.0242876616894679
-1.63493005377858,-1.23530677716394,-0.194056116806053,0.360501248354461,0.0562211446146602,0.052952413935528,0.0242753569454796
-1.69274221621589,-1.35997973618472,-0.190556152786672,0.4470062926982,0.0572396911765782,0.0465969769005128,0.0238867756893474
-1.72870826398946,-1.49362473851595,-0.200381776458314,0.525774237444781,0.0582703854137736,0.0408978087298425,0.0235229894854234
-1.73812553603118,-1.63462600646517,-0.221023501430509,0.578479071634148,0.059073949468864,0.0367078861207963,0.0234257312272037
-1.72182397076294,-1.78021442878316,-0.248837543873141,0.591934326720587,0.0593258981722043,0.0345751759536593,0.0236753987055512
-1.68282732315084,-1.92534288774903,-0.279576185567947,0.55681082886728,0.0587652346669266,0.034883462923342,0.0242542876580543
-1.62447377989623,-2.06072287784855,-0.308113545333034,0.469364323006838,0.0574230276856833,0.0378145757553182,0.0251068286042106
-1.54927685578184,-2.17203941443089,-0.328593749967089,0.335795497318371,0.0557547773030935,0.0431633883375889,0.0261061315566617
-1.45879698738509,-2.24169109242393,-0.335421216039187,0.176656365146106,0.0545503360265258,0.0500492667417992,0.026896002828763
-1.35562369526026,-2.25725931778838,-0.326209392811419,0.0257600303250961,0.0545032129533291,0.0567220317640211,0.0268499533364667
-1.2455677262062,-2.22711996932569,-0.305727444380358,-0.0861620941351189,0.0554582298126837,0.0612095778524833,0.0254901144732709
-1.13634793675588,-2.18095807941961,-0.28389914954316,-0.153528499369082,0.0562799771483082,0.0627139419339011,0.0229312565038307
-1.03400824639747,-2.14563224639705,-0.268099622531597,-0.193889988378446,0.0558283580722333,0.0618770644004903,0.0196524329783455
-0.940719418172009,-2.12912349010411,-0.259883073730465,-0.227427423164355,0.0537251119665539,0.0598319786028684,0.0160747716549799
-0.854808903331446,-2.1253454636642,-0.257230395857231,-0.264655085997197,0.0502842407006355,0.0575089685438059,0.0124601504132072
-0.772161341406088,-2.12423431954205,-0.257299637382296,-0.306526100957577,0.0461214459555525,0.0554853918019885,0.008976424489865
-0.688021344370522,-2.11777102229998,-0.257784928869398,-0.349133647284597,0.0418334507173123,0.054040808211134,0.00573648595486949
-0.598414737395941,-2.10169679487741,-0.257220429077882,-0.387824368950382,0.0378433629822188,0.0532448836743708,0.00279783095614836
-0.500781571002081,-2.07483148608213,-0.254799885214376,-0.419194502964997,0.0343842696891367,0.0530394140334416,0.000166372907600112
-0.393934377908751,-2.03766183386914,-0.25010000335177,-0.441377897050977,0.0315464348493915,0.0533011022857686,-0.00218270332999243
-0.277727499884686,-1.9911233865747,-0.24290464690356,-0.453559365090287,0.0293271532467363,0.053882030859813,-0.00427934417637102
-0.152765280942753,-1.93583015028036,-0.233187692987052,-0.455379798980887,0.0276596172674722,0.054634446322442,-0.00613867360998318
-0.0202937638166627,-1.87170728869134,-0.221236347036508,-0.446538125143725,0.0264222698024635,0.055427914676688,-0.00774884917709815
0.117750310496255,-1.79797942665595,-0.207837313160491,-0.426711096310291,0.0254416696835802,0.0561624422406014,-0.00906666550210602
0.258701331796973,-1.71354166329178,-0.194370310967655,-0.395831033511078,0.0245086525975196,0.0567758181334916,-0.0100240582495007
0.399388313086972,-1.61768525691803,-0.182607624063066,-0.354615611019766,0.023426119182391,0.0572411888772023,-0.0105506440500481
0.536757636391404,-1.51086671449101,-0.174152476960934,-0.304981958074222,0.0220823493404992,0.0575547599098439,-0.0106091051402304
0.668655165321603,-1.39495584732471,-0.169797820959399,-0.249882106431461,0.0205033634768272,0.057721629550574,-0.010223217451925
0.79423856886693,-1.27268292622777,-0.169285843383265,-0.192518394470471,0.0188350100024005,0.057750306579085,-0.00947560607628471
0.913754242477409,-1.1467021106948,-0.17162759166429,-0.135484299126948,0.0172656137144876,0.0576574951264498,-0.00847682099654089
1.02795491919126,-1.01894139345283,-0.175657930263939,-0.0803751554544909,0.0159504345317935,0.0574747062574852,-0.00733001044236017
1.1375916363822,-0.890492190506345,-0.180435998089397,-0.0279102279768643,0.0149800585608309,0.0572490504033091,-0.00611027351765284
1.24316789539645,-0.761849438254001,-0.185372068562836,0.0217215782607529,0.0143886768157213,0.0570379353016377,-0.00486018038055964
1.34490556217357,-0.633230630006702,-0.190170361965016,0.0685425651382212,0.014178523689331,0.0569017053803661,-0.00359421036145166
1.44281080558037,-0.504825973124138,-0.194707855325796,0.112586206271558,0.0143428375970079,0.0568977033343485,-0.00230573023213485
1.53676562927486,-0.37694991678431,-0.198918918255583,0.153809881068319,0.0148808222371517,0.0570769520397213,-0.000973520547068769
1.62661740946015,-0.250116178403718,-0.202708396634392,0.192088171340119,0.015804399643565,0.0574829042082164,0.000432770291243839
1.71226606551233,-0.125064339352451,-0.205893626212609,0.227263834944176,0.017138182187883,0.058150871725294,0.00194774510314077
1.79375670080416,-0.00275232422557177,-0.208173635758535,0.259250276819204,0.0189135871953083,0.0591064015079716,0.00360506377357438
1.87137795795595,0.115691855101768,-0.209133573883837,0.288189560108607,0.0211573414582458,0.0603605551720028,0.00543110348018175
1.94574127736515,0.229090132721944,-0.208308055274569,0.314662740932364,0.0238750962477219,0.061899626287756,0.00743710715894725
2.01777317978958,0.336459502892189,-0.205339185202479,0.339909092074094,0.0270333955391661,0.0636667095272432,0.00961032787883975
2.08850845062563,0.437434641375149,-0.20025352452593,0.365921734447224,0.0305475682370589,0.0655340852717734,0.0119057061290995
2.1585787167544,0.532849598140195,-0.193817923714045,0.395159833956625,0.0342862174360127,0.0672711310106149,0.0142403163537747
2.22742665613334,0.625262944546028,-0.18780287104371,0.42954843718308,0.0380986605213366,0.0685248957218647,0.0164931398891458
2.29257392193215,0.718911726931008,-0.184840568604731,0.468667458235396,0.0418558918711612,0.0688468426743123,0.018513746990739
2.34958487739117,0.81845830819489,-0.187596965638854,0.507821521487794,0.045478213308314,0.067802109103884,0.020145898038758
2.39328365088221,0.926506472137986,-0.197415471801957,0.537709012300065,0.0489292653340997,0.0651545674623032,0.0212713660519083
2.41989607500426,1.04131268794778,-0.21330592458018,0.547159686669687,0.0521923803292506,0.0610286421120066,0.0218648920709096
2.42861295319487,1.15687198700989,-0.232266006057314,0.527761518286261,0.0552581798546563,0.0559050719546822,0.0220266980351741
2.42122418346684,1.26574636564881,-0.250786544476407,0.476799645370944,0.0581110148599578,0.0504301102557103,0.0219613415564545
2.40025261067103,1.36229463481635,-0.266235337605973,0.396640215025463,0.0606891516843374,0.0451925750316023,0.0219156177313194
2.36714205569559,1.44391792170813,-0.27718716704997,0.292317819121227,0.0628463336601125,0.0406185985412282,0.0221168993156784
2.3213621253038,1.51009633879297,-0.28290774560289,0.169876200627021,0.064361170067009,0.0369960953254506,0.0227339644079635
2.2603650982406,1.56050005439584,-0.282676156720834,0.0363957941017999,0.0649954536581041,0.0345632578843076,0.0238542019686838
2.18044617630135,1.59365408820945,-0.275479817629599,-0.0986832627627066,0.0645657465211999,0.0335998625721734,0.0254634353673781
2.07926664756361,1.60734117745056,-0.26046305680438,-0.221983294966206,0.0630052031361154,0.0344647894636742,0.0274225822575845
1.96061287051492,1.60125307997255,-0.238372803228142,-0.316402117856251,0.0604364552392284,0.0374922579110173,0.0294464483178998
1.8391704099393,1.5806620738506,-0.213479894808686,-0.366332098851792,0.0572743261470068,0.0426542484247846,0.0311035024765799
1.73832671710598,1.55735603551599,-0.193771762596854,-0.368823371601669,0.0542216996854839,0.0491015767158013,0.0318968016318984
1.67577119696033,1.54426599304301,-0.186926906544901,-0.341739431724869,0.0519009166138126,0.0551569134073067,0.0314855246213019
1.64835949156974,1.54715167673154,-0.194507455674611,-0.314507562693583,0.0503307580938049,0.0592071601801908,0.0298947861647542
1.63525344389204,1.56230253707394,-0.211137967742337,-0.30737426950053,0.0489598634415448,0.0606859620253118,0.0274627971722565
1.61446809575105,1.58151406393236,-0.229240993126281,-0.322344707110538,0.0472354521468654,0.0600902073183609,0.0246153046041754
1.57374173846144,1.59747877224384,-0.243430018521926,-0.350150846854064,0.0449857471491392,0.0583264800338487,0.0217098809264816
1.51069322839474,1.60585242954317,-0.251603127760955,-0.380095081622902,0.0423733402455194,0.0561755101503503,0.0189958802076342
1.42843055940468,1.60495898021041,-0.253981712430186,-0.404888014099911,0.0396777237623967,0.0541164725142559,0.0166274404197241
1.33167998537874,1.59479613479882,-0.251828325318123,-0.421098315691535,0.0371335027066651,0.0523686887570594,0.0146865963887452
1.22475389666981,1.5761553875875,-0.246577804227652,-0.427909532506011,0.0348726029615702,0.0509890627109118,0.0132035560896919
1.1109008006055,1.55005320959359,-0.23943114156862,-0.42581113022551,0.0329325080100193,0.0499514943841368,0.0121731832269084
0.992333144460729,1.51742899612454,-0.23124800344766,-0.415725346300429,0.0312871473528389,0.0491946332104803,0.0115684143980409
0.870466700430516,1.47901340209661,-0.222578268625168,-0.398550091419046,0.0298763845281283,0.0486458255529171,0.0113504885536305
0.746155565877529,1.43528854091075,-0.213733201551379,-0.374972460086831,0.0286264194696684,0.0482316676478864,0.0114757627528395
0.619858881333755,1.38649566298792,-0.204850386838855,-0.345433991870562,0.0274616676772072,0.047882682831277,0.0118994526091237
0.491743752706198,1.33267573377888,-0.195938569544219,-0.310183295067555,0.0263113468981344,0.0475364578654511,0.0125770140815658
0.361751106342653,1.27374831834763,-0.186903023530633,-0.269392116365188,0.0251141898992695,0.0471412654194362,0.0134637682345437
0.22965555808686,1.2096440181415,-0.1775574822245,-0.223330583360012,0.0238241631610992,0.046660664376142,0.0145129540132216
0.0951513743816597,1.14050373047232,-0.167632274659041,-0.172596795784253,0.0224191999217324,0.0460784716000543,0.0156721089442107
-0.0420033056143431,1.06693642617758,-0.15679436591788,-0.11837061038697,0.0209130915878956,0.0454025149420471,0.0168781574023514
-0.181764487572662,0.990271274191362,-0.144702108723571,-0.0626011660565702,0.0193666234173763,0.0446645282052843,0.0180535468320394
-0.323535197118309,0.912647452910528,-0.131113534559071,-0.00795260539101522,0.0178879253245078,0.0439130032476666,0.0191090409422602
-0.465988089555332,0.836724914053035,-0.116031260042012,0.0426851754468993,0.0166093528346857,0.0431978458515242,0.0199599595389157
-0.607179910795918,0.764942488602867,-0.0998035818780197,0.0870906621325347,0.0156400608041798,0.0425520631250178,0.0205550336633386
-0.745017394204125,0.698652839915354,-0.0830838193528964,0.124537624833389,0.0150192351807308,0.0419820473040647,0.0209012195214211
-0.877810588929152,0.637727592364227,-0.0666512822864001,0.155929927821693,0.0147045974708353,0.0414742867057144,0.0210630883576939
-1.00453876721733,0.580884351078067,-0.0512228797158507,0.183147896745138,0.014601443142152,0.0410129378187,0.0211358161123877
-1.12473874923186,0.526386742309011,-0.0373691787758529,0.208146152043108,0.0146032145413802,0.0405951283481821,0.0212128717747905
-1.23822269164726,0.472620510356522,-0.0255328946953942,0.232351499776419,0.014616156813355,0.0402362456908926,0.0213667811128508
-1.34484142238747,0.418339667696378,-0.0160850298750722,0.256495956098567,0.0145635928617007,0.0399659701486147,0.0216450010747087
-1.4443681861473,0.362646340323742,-0.00937056221630994,0.280738418450148,0.0143792045012071,0.0398190397862311,0.0220738442080305
-1.53648383310246,0.304837533142375,-0.00572831119979783,0.304902989300468,0.0139989640314322,0.0398237433478777,0.0226638582472601
-1.62082978563682,0.244215030788785,-0.00548320205328992,0.328738774924607,0.0133574631600709,0.0399895769653055,0.0234133761266186
-1.6971143674418,0.179912947403738,-0.00890671507553503,0.352168674032973,0.0123920658499913,0.0402951188396913,0.0243093023458997
-1.76527719066603,0.110785820998076,-0.016134454330022,0.37551353410765,0.0110578678937747,0.0406782351942624,0.0253252653300993
-1.82572234160909,0.0354163454813629,-0.0270271324736469,0.399658368741642,0.00935577740427238,0.0410328758877285,0.0264176781413234
-1.87961888467743,-0.0476722542783503,-0.0409711074017653,0.426085139404986,0.00737229408330922,0.0412188187321152,0.0275203215125684
-1.92922911760321,-0.139515079570483,-0.0566486845815729,0.45666576778206,0.00532060992513524,0.0410905782841072,0.0285376955103092
-1.97813607773526,-0.239916451569075,-0.0718826797683873,0.493139663157143,0.00355911611236395,0.0405470990183163,0.0293377132077147
-2.03105174865146,-0.346604432424954,-0.0837814960462026,0.536321515670354,0.00254965655537411,0.0395936219394775,0.0297503692437734
-2.09268138143756,-0.454937238716008,-0.0894873747879581,0.58530133253838,0.00271848071140835,0.0383884514198241,0.0295931366240369
-2.16550456018141,-0.558953890141985,-0.0875141003898487,0.637193650046542,0.00424078871334464,0.037224748581167,0.0287411930998947
-2.24781593746156,-0.653716409592916,-0.0787890358615144,0.687995748485863,0.00689587393191524,0.0364164714858391,0.0272048117574941
-2.33412349750724,-0.73725193162789,-0.0662464629345014,0.734210193694686,0.0101553165420443,0.0361535743563067,0.0251303298416463
-2.41781024234252,-0.810476070481214,-0.0532239891712997,0.773945976807669,0.0134389415552042,0.0364456030512241,0.0227164185110808
-2.49369722485793,-0.875641938898267,-0.0420985712534915,0.806845339668127,0.0163170536380253,0.0371763811329714,0.0201316860590273
-2.55902502116805,-0.934878676282915,-0.0339104153862607,0.833394619879228,0.0185650688040195,0.0381922618322102,0.0174878408680251
-2.6131849819841,-0.989510301212776,-0.0286670194610636,0.854323996970738,0.0201262271007194,0.0393622207655902,0.0148512074666998
-2.65700956841305,-1.03998072046516,-0.0258202984805843,0.870309565411676,0.0210501797609407,0.0406011732885087,0.0122604763902709
-2.69209048807629,-1.08604887367438,-0.0246540035852949,0.881890042084484,0.0214358626835803,0.0418698219989999,0.00973678041034864
-2.720265885561,-1.12705020601617,-0.0245188327197877,0.889478722629518,0.0213850441066816,0.0431637051983399,0.00728679233887039
-2.74326072412235,-1.1621507404061,-0.0249371158918564,0.893405590062035,0.0209681381155001,0.0444995004803946,0.00490366167751564
-2.76240824005087,-1.19059650379061,-0.0256206120889058,0.893967284792324,0.0202041971205815,0.0459029522550719,0.00256926913296719
-2.77839551169384,-1.21198574602436,-0.0264383162769405,0.891479309948036,0.0190585728832369,0.0473998295580619,0.000258993295986108
-2.79106141149033,-1.22655392260577,-0.0273555119815495,0.886326488380174,0.0174626071933863,0.0490091618320332,-0.00205138078601642
-2.79938470674527,-1.23536871645066,-0.0283572635651585,0.87900465843937,0.0153547389929154,0.0507370520650311,-0.004378000871863
-2.801811677961,-1.24026038456459,-0.0293773841065055,0.870142892035653,0.012728813951365,0.0525696836234546,-0.00672264914533045
-2.79689030583889,-1.24338304246653,-0.0302664408559186,0.860491414360864,0.00966307813505781,0.0544651948305602,-0.00906971632301604
-2.78391884339063,-1.24652391072804,-0.0308259408688977,0.850857633096601,0.00630993917184873,0.0563450797617686,-0.0113866489912679
-2.76325351940138,-1.25045759763696,-0.0309044680882758,0.841975453826403,0.00285233050080722,0.0580866155403576,-0.0136260378596209
-2.73612912311446,-1.25460849565354,-0.0305174535684107,0.834304224472772,-0.000546511781555707,0.0595196889796722,-0.0157274986690995
-2.70410899317277,-1.25711822747773,-0.0299351543313992,0.827778442903672,-0.003774649917951,0.0604349350271847,-0.0176201582466503
-2.66841191102495,-1.2553007788562,-0.0296827537917997,0.8215803202754,-0.00677548072505728,0.060612373142227,-0.019229527235106
-2.62938634466728,-1.24641602670078,-0.0304159945576259,0.814075838233523,-0.00953027503058419,0.0598738059762439,-0.0204920202389838
-2.58636520732125,-1.22857475555235,-0.032693034616778,0.80306331509674,-0.0120332525470456,0.0581444191510153,-0.0213746261589409
-2.53798032079757,-1.201413255372,-0.0367443016441589,0.786333656850405,-0.0142743060294261,0.0554911938045385,-0.0218902147188849
-2.48275239115562,-1.16618185229313,-0.0423713450508973,0.762295670257256,-0.0162375194747056,0.0521112589363334,-0.0220986783654281
-2.41960768275863,-1.12521549827054,-0.0490273009332721,0.730328683924652,-0.0179112711563224,0.0482753929941735,-0.0220927967805767
-2.34807819933507,-1.08113198633503,-0.0560092851669212,0.690715056955576,-0.0192979756350197,0.044260129069943,-0.021977067111036
-2.26819307760286,-1.03618123894106,-0.0626415489583643,0.644281632698307,-0.0204146914837178,0.0403003892470704,-0.0218492589421719
-2.18022167435828,-0.991954092996473,-0.0683704965578831,0.591992687484699,-0.0212844762523492,0.036572949375158,-0.0217893341744276
-2.08441838083071,-0.949413221044653,-0.072762949467046,0.534668273222665,-0.0219239850106777,0.0332032566334436,-0.021855085674816
-1.98084394101619,-0.909096796839678,-0.0754430587714939,0.47288368048436,-0.0223333138612684,0.0302832972932406,-0.0220818626796808
-1.86928728169745,-0.871351103448789,-0.076015899068119,0.407030075069849,-0.0224922272752454,0.0278910570341425,-0.022484338656996
-1.74929930128936,-0.836498262842155,-0.074022004614598,0.337488361369419,-0.0223648378261813,0.0261058837892699,-0.0230594252165105
-1.62035039013676,-0.804897164173924,-0.0689556576927225,0.264861669686197,-0.0219126694015289,0.02501625097468,-0.0237897939869248
-1.48211621522706,-0.776899254298571,-0.0603623160761753,0.190212942872279,-0.0211136513059142,0.0247174510339898,-0.02464677585707
-1.33487974635135,-0.75273110386167,-0.048011016801908,0.115262469433999,-0.0199828493868008,0.0252973498129121,-0.025590388508263
-1.18001249084848,-0.732342789255956,-0.03212152608125,0.0425042139460624,-0.0185907936713882,0.0268084448228451,-0.0265642845420017
-1.02043591553943,-0.715246246426682,-0.0136052506046061,-0.0248360862615117,-0.0170760926199148,0.0292247427557922,-0.0274861132942631
-0.860808625332839,-0.700362574583891,0.00577753216783055,-0.0831722478257111,-0.0156463659594622,0.0323873724313558,-0.0282403414989202
-0.706978846905112,-0.685951437522842,0.0235410818443285,-0.129469301775571,-0.0145529033677303,0.0359626464100858,-0.0286887000173819
-0.564358074968496,-0.66979132335707,0.0370829307680523,-0.162594496079878,-0.0140225689631809,0.0394651804263446,-0.0287107884089479
-0.435770606388141,-0.64972841337797,0.0446528345833469,-0.184296731443915,-0.0141622496788816,0.0423866137644565,-0.0282592884023002
-0.320335933772166,-0.624369324078208,0.0460505743387097,-0.198801629135318,-0.0149017470424343,0.0443756847276209,-0.0273837792772484
-0.214329554435543,-0.593433188208275,0.0425004357757891,-0.211135121424809,-0.0160285501251785,0.0453386651263621,-0.0261990917150976
-0.113131170943236,-0.557565641045439,0.0359065486419666,-0.225451269471555,-0.0172837613031774,0.0454015540527822,-0.024830035115949
-0.0127726189927674,-0.517879480565047,0.0281161262614477,-0.244290362580584,-0.0184462807224494,0.0447998996336658,-0.0233754996039513
0.0894583100088532,-0.475552467716918,0.0205322734560165,-0.268669470207695,-0.0193704383076901,0.0437827111401105,-0.0219019867050154
0.195056378208104,-0.431600708349631,0.0140328739235094,-0.298505246059099,-0.0199873588797215,0.042562138853479,-0.0204534258795293
0.304558819759318,-0.386792188795435,0.00903795995118218,-0.333037118140157,-0.0202908879918147,0.041298971745171,-0.0190638103300122
0.417806422844953,-0.341638108113197,0.00562028563193142,-0.371151479457586,-0.0203200630790214,0.0401054221582591,-0.0177661801424196
0.534153845111119,-0.296423701784067,0.00361852802193278,-0.411614121204855,-0.0201415572805643,0.0390529645669125,-0.0165964848117518
0.652642681512992,-0.251261013926402,0.00274217676821904,-0.453233774728236,-0.0198326743276459,0.038180181380373,-0.0155932603586438
0.772153525910543,-0.206152887812162,0.00266216356696154,-0.494967954571355,-0.0194659394408782,0.0374995246662572,-0.0147950279324104
0.891539306260742,-0.161058139032682,0.00308040770975204,-0.535976122714384,-0.0190968271682845,0.037003067620465,-0.0142373485871276
1.00973683835537,-0.115950099345879,0.00377405111712123,-0.575629338641805,-0.0187553813858773,0.0366672227361641,-0.0139507908752916
1.12586049467866,-0.0708656388437022,0.00461549015184653,-0.613492227150998,-0.0184410618281194,0.036456236284253,-0.0139601496581382
1.23929262870436,-0.0259460779126218,0.00557299732718666,-0.64929554814716,-0.0181192786103004,0.0363244654728112,-0.0142845820079624
1.34979043591737,0.0185288856361417,0.00669642222389348,-0.682915740334835,-0.0177183706926074,0.0362179050345664,-0.0149380519280446
1.45762140546249,0.0621217449073456,0.00808902761956015,-0.714375776578855,-0.0171272833145624,0.036075953447985,-0.0159293784930053
1.56371032431332,0.104262099937838,0.009862505153198,-0.743883257628525,-0.0161968556301928,0.0358349704134365,-0.0172608651658117
1.66971199636571,0.144388163633678,0.0120712149911798,-0.771924279214316,-0.014751391555133,0.0354359438125353,-0.0189236768458457
1.77779712388065,0.182331107530356,0.0146302695998836,-0.799416986997721,-0.0126207509239006,0.0348394754149597,-0.0208872492844695
1.88980177010658,0.219058383282501,0.017251556035223,-0.82785693382399,-0.00970077728506989,0.0340504703694224,-0.0230811926313622
2.00551115654682,0.257610861327505,0.0194842515955557,-0.859236027686089,-0.00603003288469318,0.0331469680561821,-0.025375197757698
2.12069452435742,0.303355565827721,0.0209630067644135,-0.895421839759503,-0.00183380367349144,0.032288943245229,-0.0275751697933613
2.22683303035829,0.36217480241555,0.0218112781470026,-0.936970194998739,0.00251981928586931,0.0316724645859483,-0.0294573181390392
2.31420446496978,0.436568183389408,0.0228458928877262,-0.982006777603333,0.00662853024040945,0.0314318750100319,-0.0308360888138758
2.37673637440025,0.522595960100086,0.0252334061902205,-1.0260702749905,0.0101358420351163,0.0315583181138766,-0.0316229661447977
2.41458732916421,0.610874367319139,0.0297968828566444,-1.06319827406581,0.0127642425553021,0.031899124530023,-0.0318327536031349
2.43288380979304,0.690823133650193,0.0365501224895303,-1.08777301412336,0.0143632985307241,0.0322274771760853,-0.0315428581030212
2.43881633488282,0.75459797491046,0.0447131336279418,-1.09633540354498,0.0149658401393481,0.0323361151186941,-0.0308524579046462
2.43932832779444,0.798730906991672,0.0530425539533614,-1.08858951545824,0.0147850554677306,0.0321215483865776,-0.0298720573594269
2.43973122440816,0.823754133014983,0.0602612904319956,-1.06709373116156,0.0141379632552966,0.0316259354484262,-0.0287288321499619
2.44303252133231,0.83268676017652,0.0654218856639464,-1.03583433723967,0.013344546988534,0.0310103201147243,-0.0275616352656762
2.45001945985153,0.829258754698036,0.0680611991945577,-0.998584097624203,0.0126563259936249,0.0304741363673634,-0.0265031947377582
2.45996138882145,0.816593218821351,0.0681135680129593,-0.957899609391696,0.0122328651305294,0.0301704566283491,-0.0256624424367702
2.4715064796218,0.796626744511898,0.0656801644038498,-0.91496811235597,0.0121522156224639,0.0301569030960202,-0.0251143676718688
2.4833977164737,0.770144426928896,0.0607912951336138,-0.870032755008255,0.0124322651389054,0.0303906494514908,-0.0248962009928105
2.49485764804212,0.737195604276462,0.0532666063865026,-0.823061942974484,0.0130470445922424,0.030755361491382,-0.0250062316558559
2.50566005333447,0.697738694058219,0.0427386112683416,-0.77446118637815,0.0139315458342638,0.0311041810693455,-0.025401941332195
2.51596638727772,0.652449195411061,0.028878530314317,-0.725712781095017,0.0149759916976705,0.0313065535251778,-0.0259951766397171
2.52598343814303,0.603561218591629,0.0118235557552381,-0.679740003192691,0.0160193303378405,0.0312887907113935,-0.026646708622661
2.53547007578196,0.555301741336113,-0.00732098683954651,-0.640546679205825,0.0168639607872585,0.03105484305646,-0.0271741457180956
2.54323375107758,0.513139346032664,-0.0262794314445907,-0.61168178236477,0.0173336761221361,0.0306710642835053,-0.0273960706455375
2.547019396712,0.481570372257167,-0.0421649047223363,-0.59402398585729,0.017355631208645,0.0302153883792508,-0.0272107464263183
2.54411527280888,0.461846288523838,-0.0526644360716562,-0.584732014621933,0.0169935887737627,0.0297276523049413,-0.0266510395146484
2.53229714520613,0.451701277602172,-0.0568969244411495,-0.578572968324831,0.0163944527332854,0.0292036568216872,-0.0258582008047273
2.51035672518956,0.447095482735552,-0.0552968964279541,-0.570357669653452,0.0157074686951495,0.0286277741772298,-0.025003738501489
2.47800549104646,0.444161038471441,-0.0489138177870869,-0.556501252022506,0.0150445105522199,0.0280047454934988,-0.0242296164048329
2.43548307240622,0.440160481265697,-0.0387872282817247,-0.535225886690062,0.0144838355415637,0.0273685723519732,-0.0236305793388647
2.38318056537805,0.433535348054939,-0.0256404742434906,-0.506028591057962,0.0140881681696642,0.0267729135593098,-0.0232608492074334
2.32138843349013,0.423530987804479,-0.00982742971831634,-0.469024026744459,0.0139185873121283,0.026274257835529,-0.023145858111087
2.25017902376077,0.409734291160651,0.00857523660734973,-0.424431516938085,0.0140397425074746,0.0259149378472042,-0.0232913013448027
2.16941728349099,0.391671924580694,0.0295912604185366,-0.37226567003553,0.0145170237284387,0.0257090036945694,-0.0236887938000478
2.07889447069066,0.368523440407695,0.0531125085221166,-0.312221009284058,0.0154066560473234,0.0256323271161058,-0.0243189697311581
1.97857504429438,0.338977211156361,0.0786358089968265,-0.243738304341483,0.0167390828512482,0.0256179366783575,-0.0251522559127067
1.86893283919959,0.301265685855713,0.105009834429861,-0.166262898676179,0.0184954841526008,0.0255580389549291,-0.0261469915632913
1.75132216787801,0.253443190182324,0.130269570899241,-0.0797267929105242,0.0205776241665061,0.0253156689827864,-0.0272448164541339
1.62827606715904,0.193987489237085,0.151686239059246,0.0147328433391551,0.0227746025964017,0.0247506191544889,-0.0283640097978684
1.50356690240434,0.122763357918749,0.166186029597328,0.113920361359882,0.0247397360261678,0.0237632790038924,-0.0293920747197797
1.38185410978428,0.0422099914812278,0.171218127680026,0.211955692119851,0.0260083711755068,0.02235236063867,-0.0301803193644146
1.26778554722968,-0.0417859854196434,0.165927002072352,0.300642889288182,0.0261045719684625,0.0206656083881457,-0.0305511194264295
1.16449562631775,-0.120466614704271,0.152113262369094,0.371804486609644,0.0247597020987197,0.0189982624850917,-0.0303432251404784
1.07191424419839,-0.185250330652622,0.134107274015192,0.421340894086556,0.0221327483294237,0.0176903497262696,-0.0295022702187993
0.986299907840275,-0.23187101269012,0.117071634017017,0.451896494498473,0.0187887549706981,0.0169560966015924,-0.0281396063748973
0.901976314945223,-0.261888295052975,0.104832024169133,0.471049181318019,0.015390212476095,0.0167918840511459,-0.0264722966067379
0.813854690909673,-0.280520341486612,0.0989488460337904,0.486930467133702,0.0124016879182306,0.0170383453623842,-0.0247072829652475
0.718824034200974,-0.293590555861467,0.0991617422024314,0.505268202617641,0.0100180189911142,0.0174996429728987,-0.0229865654577628
0.615848215665914,-0.305726260663655,0.10422884263477,0.528803811661136,0.00823556006650199,0.0180193765560586,-0.0214029509433303
0.505492269675909,-0.319801709659186,0.112573414428413,0.557919197833397,0.00693885022557239,0.0185062250840309,-0.0200345114675514
0.389322508187465,-0.33703120628075,0.122688696625268,0.591542631252336,0.00596308980623738,0.0189359322047342,-0.0189643272841616
0.269310077411798,-0.357372568842342,0.133382051917536,0.628004420810221,0.00513966314533548,0.019342514335077,-0.0182807306299565
0.147294994858464,-0.38007873717932,0.143905216442416,0.665737911300116,0.00433276563462765,0.0198008581968411,-0.0180666613189586
0.0245508949335221,-0.40427628279386,0.15400208320255,0.703780546588601,0.00346880020356696,0.0204026507935868,-0.0183872974332598
-0.098553233771748,-0.429495296003413,0.163910573948172,0.742077426922861,0.0025590765002498,0.0212271925864178,-0.0192801091085375
-0.22280171471796,-0.456123669567081,0.174334743617484,0.781589360378683,0.00171369891830068,0.022305126746118,-0.020747973567419
-0.350196582343976,-0.485733948237874,0.186347674605686,0.824120896978869,0.00113465357118914,0.023571946214992,-0.022755996898892
-0.483556411477882,-0.521103326720918,0.201125915684922,0.87165606327551,0.00106335525060882,0.0248140868909066,-0.025231378775682
-0.625190431324124,-0.565534946121432,0.219396760681508,0.924884425877426,0.00165221064339268,0.0256225385063731,-0.0280551453081311
-0.774163100886013,-0.620817942227042,0.240536964412344,0.980557297575717,0.00273422021804533,0.0253895031530422,-0.0310144601743468
-0.922302485114611,-0.683250361502342,0.261524338079052,1.02782257722172,0.00350206714532778,0.0234431128894677,-0.0336863084263544
-1.05207649697647,-0.739710536623448,0.276861488275804,1.04679651093568,0.00234470179558872,0.0195002221808823,-0.0353555007478592
-1.14370662488252,-0.772053567919341,0.281551849831374,1.0177649858298,-0.00245416242159268,0.0143003369329346,-0.0353429730174561
-1.18926138585822,-0.772607538899399,0.275509718769108,0.939069053250449,-0.0112409093057661,0.00937741946472289,-0.033724255260137
-1.19346107929704,-0.748787686570935,0.262785380169452,0.828506641574423,-0.0228034360705076,0.00583484103703501,-0.0313358438493895
-1.16329105891304,-0.70844744743214,0.247185186774695,0.706593848881428,-0.0356159374181169,0.00396276569239273,-0.0290081915453341
-1.10671233425179,-0.65042580342689,0.23087823418123,0.587588056139067,-0.0484462216158442,0.00379499358481143,-0.027155319901677
-1.03740640518567,-0.569306514206802,0.215314647982233,0.481130850848583,-0.0602469821766368,0.00538196905757221,-0.0258226866205888
-0.974631318940875,-0.46438897823662,0.201821527633436,0.394257481835258,-0.070134039146363,0.00864753648924222,-0.0248521078729519
-0.936919113657534,-0.343857604601332,0.191430414938979,0.330494936860196,-0.0775735816612818,0.0132357763250639,-0.0240606824555551
-0.934911419434376,-0.222074144655847,0.184517315884071,0.288623889261271,-0.0825357041509875,0.0185647485189067,-0.0233780928883065
-0.96850393634871,-0.113949254204009,0.180792047158801,0.26365619127374,-0.0854136415097025,0.0240288866887498,-0.0228706375217308
-1.02876487675659,-0.0312300919743076,0.179647603524594,0.249142210336255,-0.0867539431127915,0.0291597087542369,-0.0226652329122817
-1.10142756867937,0.0184180343175716,0.180518161033465,0.238305969542736,-0.0870040986886145,0.0336364424838431,-0.0228544888182133
-1.16974346100444,0.0316564121458291,0.183023331013716,0.223212541616111,-0.0864022948484538,0.0371804056981336,-0.0234308710756869
-1.21722404667816,0.0107385967494488,0.186911156592224,0.193359068456381,-0.0850078467228921,0.0394290082719378,-0.0242561822309867
-1.23165583258909,-0.0346887544402489,0.191886936479582,0.136254147450934,-0.0828285556830356,0.0399036851114347,-0.025079800008462
-1.20961513068086,-0.0880870046655955,0.197435640307951,0.0419600368070877,-0.0799670461458754,0.0381711931791673,-0.0256287496781868
-1.15749749637781,-0.131221344358605,0.202786817834568,-0.0902941173826636,-0.0766549464877262,0.0341446797725574,-0.0257400480986063
-1.08685217854237,-0.151129950227343,0.207110328475762,-0.24944213698259,-0.0731152611105886,0.0282535865325956,-0.0254338070743009
-1.00870245669472,-0.142942467721821,0.209820022367812,-0.416959961162361,-0.0694071820310115,0.0212970754893075,-0.0248688000586458
-0.93233241954132,-0.10805090978174,0.210744068122492,-0.574154430172122,-0.065443753408056,0.0141455850268378,-0.024234115382644
-0.86680845015994,-0.0517280849750297,0.210069246773254,-0.706970121677969,-0.0611475749718159,0.00754995964882023,-0.023650359822514
-0.820234548176658,0.0185460665111835,0.208219313612722,-0.807394609157242,-0.0565607796409699,0.00210431695484827,-0.0231216219941204
-0.796689363730354,0.0954135350918058,0.205861724137266,-0.873397160547659,-0.0518191346101138,-0.00175621422313579,-0.0225658004376016
-0.795020362661458,0.173780873010308,0.203935615443652,-0.908307376758501,-0.0470697345110712,-0.00379996349652677,-0.0219014357936869
-0.810858984139359,0.250952005745694,0.203443232979853,-0.919044792086161,-0.0424350959628562,-0.00403675869425893,-0.0211150951281209
-0.839363688630321,0.325416789556183,0.205075490334185,-0.913388479566933,-0.0380263035330858,-0.0026822695170386,-0.0202669735338505
-0.876687340986713,0.396009853626404,0.208998529753351,-0.897675531320115,-0.0339573139078129,-6.26609803315113e-05,-0.0194575749493292
-0.920194358218582,0.461873950376004,0.21495209317014,-0.875880248914294,-0.0303379314876306,0.0034806962742533,-0.018790912004094
-0.968150007218913,0.522702114076334,0.222538485885799,-0.849906411670541,-0.0272534440131249,0.00764746298976142,-0.0183495335235563
-1.01934643307781,0.578806425552877,0.23150135331699,-0.820423120191837,-0.0247465419893949,0.0121912337807902,-0.018182385488702
-1.0728108252201,0.630923709777662,0.241865713025613,-0.787708363233446,-0.0228106301284721,0.016902641604832,-0.01830236219759
-1.12759020532065,0.679857551263419,0.253905080417827,-0.752269433174041,-0.0213947434015414,0.0215784889463942,-0.0186895536152071
-1.18256990705482,0.726072705398791,0.267955232055554,-0.71520811372589,-0.0204154320168469,0.0259890482552882,-0.0192960835918595
-1.23631699211726,0.769326878775716,0.284112415969758,-0.678337677800106,-0.0197711729055496,0.0298532120610212,-0.0200496667102643
-1.28702724832593,0.808422314085809,0.301874099475841,-0.64399491528419,-0.01935715286248,0.0328333587769772,-0.0208563632527022
-1.33272624488326,0.841197635096584,0.319844414641555,-0.614450140505067,-0.0190782685189454,0.0345664465055443,-0.0216073271688409
-1.37179251364715,0.864900231950893,0.335722719878563,-0.590969819453473,-0.0188553914062918,0.0347432116736395,-0.0221953549832244
-1.40358141898943,0.87695585586986,0.346780316975228,-0.572950563859312,-0.0186214144308268,0.0332187539676524,-0.0225404642317301
-1.42869203633068,0.875852644104628,0.350743426179621,-0.557758518345087,-0.0183133422237848,0.030096645571869,-0.0226128491690118
-1.44861940864396,0.861647273018575,0.346603832250356,-0.541530635691255,-0.0178724548055053,0.0257248089962261,-0.0224384709921877
-1.46505212138782,0.835807878206411,0.334850917845142,-0.520458161525124,-0.0172550491687812,0.0206004563827395,-0.0220838907017213
-1.47930676461063,0.800580375674597,0.31706978881684,-0.491782134402353,-0.0164440446327357,0.0152458524881386,-0.0216318691591272
-1.4921293877466,0.7583059499947,0.295273397165571,-0.454127716685096,-0.0154527674887816,0.0101186550507738,-0.0211623404658965
-1.50376361567978,0.710976539736206,0.271347950820067,-0.407310420395503,-0.0143207834015306,0.00557601902277234,-0.0207444096283835
-1.51411775505182,0.660070563615932,0.246762295405833,-0.351904872373732,-0.0131055949871117,0.00187750050933536,-0.020435462022831
-1.52295827360552,0.606593798791822,0.222525299448822,-0.288780300059702,-0.0118731563594783,-0.000793555094562855,-0.0202808529492217
-1.53011200554285,0.551247770497104,0.199330724009344,-0.218725947338487,-0.0106896803075965,-0.00230419240673223,-0.0203109103750311
-1.53563368088428,0.494665752832061,0.177819872306124,-0.142271745917047,-0.00961759211601651,-0.00255233179925236,-0.0205361716409181
-1.53985513341469,0.437656066244026,0.158869325667804,-0.0597904126020696,-0.00871708806366461,-0.00146419024718419,-0.0209432839421124
-1.54322276030785,0.381383676004012,0.143785333344122,0.0280892309244126,-0.00805110613818855,0.000982507607414191,-0.0214927525589844
-1.54585404727441,0.327413055311367,0.134273752733738,0.119819270736929,-0.00768759876101154,0.00470690770267915,-0.0221178670355516
-1.54682412642816,0.277525280023551,0.13206285193365,0.212225981347546,-0.00769143053898357,0.00945438995768448,-0.0227240031856585
-1.5434025027243,0.233223219960738,0.138124151313354,0.300193358951744,-0.00810173902800719,0.0147361636840992,-0.023190834192707
-1.53081730491372,0.194930317428944,0.151668742423639,0.377374413999105,-0.00890019701033977,0.0198341984872986,-0.0233857971307735
-1.50328427889385,0.161198731365422,0.169537974913585,0.438281083829875,-0.00998688212472889,0.0239328887576136,-0.0231968806333481
-1.45628969030656,0.128621175745167,0.186825964062419,0.480896261909924,-0.0111846000240068,0.026370511246588,-0.0225757354299847
-1.38867269582759,0.0929090301429744,0.198792678512265,0.50781250234825,-0.0122821583172117,0.0268714135264726,-0.021562104154301
-1.302828561053,0.0505751536536241,0.202800081179616,0.524797664031868,-0.0131019688920579,0.0255896166870418,-0.0202717115133423
-1.2030563286469,6.69635036527061e-05,0.198905640585836,0.53797787032866,-0.0135559241171348,0.0229536223512482,-0.0188625746309256
-1.09350247598283,-0.0581906991609618,0.189042263158808,0.551632436989561,-0.013661142006088,0.0194547616976742,-0.017504378399654
-0.976877786014611,-0.122503888593514,0.175693553440257,0.567479580779854,-0.0135159960654902,0.0155049460960404,-0.0163603645630262
-0.854159576494538,-0.190793276277163,0.160872728275231,0.585129900083245,-0.0132563414017167,0.0113903876081277,-0.0155784616571558
-0.72494740687842,-0.261341775763015,0.145649323780672,0.603042966804463,-0.0130109074915875,0.00728899994900915,-0.0152859595399986
-0.588116219888014,-0.333395617162569,0.130087870683918,0.619554005881213,-0.0128636574972887,0.003318306390232,-0.0155835066855592
-0.442618816212945,-0.407724009337045,0.11341267421366,0.633890420315772,-0.0128214400303367,-0.000396923710861054,-0.0165344380848871
-0.288519282875317,-0.487099118264183,0.0943754758405502,0.647317225735113,-0.012786416064793,-0.00362822850834476,-0.0181441055849969
-0.128350169127442,-0.57610754279004,0.0720220829504875,0.664348443474432,-0.0125565987409244,-0.00591106778466948,-0.0203268430546009
0.0317514498428167,-0.678782338356458,0.0470531333164581,0.692904274326766,-0.01192366016148,-0.00643411629115826,-0.0228713702939653
0.182993459477802,-0.792532587275782,0.0232820341657401,0.740654054585992,-0.0109275224769477,-0.00416630118161211,-0.0254193638799814
0.319173326187869,-0.900614252210613,0.00732148574042912,0.805336801717171,-0.0101172870674552,0.00145660083864308,-0.0274370909465713
0.444951354751019,-0.974116776783097,0.00421740626547221,0.865042607129428,-0.0103670371335819,0.00937442993258441,-0.0282234972905874
0.577573074304534,-0.995986588914682,0.0112122750627115,0.888299164155594,-0.0120596259744069,0.0166966982579891,-0.0272537710847041
0.733317640558705,-0.984591606682939,0.0193586412920306,0.865083705950061,-0.0146068351199458,0.0209176032770236,-0.0247136406401666
0.915098950795776,-0.975606681109475,0.022890431612187,0.813133856795856,-0.0170951772227788,0.021861547854797,-0.0213410178266758
1.11636013331482,-0.989284899728766,0.0223090500357468,0.753904404392372,-0.0189091732395196,0.0207607025420595,-0.0178572770468359
1.32832958703624,-1.02344469191519,0.0205221587673197,0.698428286699949,-0.019712709672146,0.0187580527021223,-0.0147094942592945
1.54210601838645,-1.0641733893324,0.0196820566389601,0.649188457232836,-0.0193830160122573,0.0164844430078098,-0.0120743894018903
1.74909614178026,-1.09700451389939,0.0205207563272889,0.60485597095714,-0.018069325979731,0.0142256884365511,-0.00997096876169749
1.94232318941269,-1.11243661105597,0.0227954494731273,0.562809556788033,-0.0161562972931052,0.0121079684311427,-0.00837985608602605
2.11751682751553,-1.10650204936823,0.0258656473444868,0.520253845843444,-0.014091869002983,0.0101790291070512,-0.00729979780405947
2.27288207550205,-1.07899200917305,0.0290818337247145,0.474863550869867,-0.0122273113909975,0.00843766008454221,-0.00675078472884882
2.408046601917,-1.03152414232419,0.0319466672817759,0.42507220879107,-0.0107644601460896,0.00684997714381353,-0.00676542138046872
2.52314441459884,-0.966423607541534,0.0341427776473188,0.370083672294148,-0.00977837812646099,0.00535786611071928,-0.00738722044279036
2.6184419643491,-0.886467118749532,0.0355532861242761,0.309859531938028,-0.00924318303438976,0.00387930459729892,-0.00867015474428106
2.69445570427797,-0.795258602043926,0.0363678773936564,0.245381088131296,-0.00901214526155772,0.00230928091263945,-0.0106663758952162
2.75238063926247,-0.697962476983534,0.037301938024303,0.179433787636681,-0.00873732200686498,0.000546925261660731,-0.0133912805065616
2.79450932496741,-0.601729767377084,0.0397937329579226,0.117764284185199,-0.00777967517285518,-0.00140508748356877,-0.0167715249364886
2.82400150138866,-0.514221912309325,0.0457465914648873,0.0691051486779704,-0.00529123486598468,-0.00323903873081042,-0.0206171669630336
2.84314857568244,-0.438231577987693,0.0562428843422771,0.0407884939602375,-0.000711896694227379,-0.00411694991539502,-0.0246349275494611
2.8488129465525,-0.362192684017023,0.0689188141274669,0.027758072668665,0.00525676702087333,-0.00270034747000765,-0.0282884539021782
2.82532500206322,-0.254945562469957,0.075447201726756,0.00230154350853606,0.00968103452287078,0.00175621657543493,-0.0303639187006755
2.75227885952758,-0.0939585151229161,0.0677091144990989,-0.0658664649507767,0.00924998609591198,0.00718307600244389,-0.0295469537768666
2.63450543600217,0.0939219525668617,0.0507002788893128,-0.166565792741499,0.00500533732156807,0.0102608283694184,-0.0263727506160945
2.49593156907962,0.267673665285381,0.0352188556996291,-0.267895155935495,0.000545172027376704,0.0104062142518666,-0.0223887650993043
2.35092456270645,0.412528304029891,0.0255091077263259,-0.352969917359153,-0.00232316207117245,0.0088673904949085,-0.0185126015322603
2.2007807456528,0.532164182210919,0.0204570846476915,-0.41976020580845,-0.00363747961214779,0.00675975045060557,-0.0151360770936008
2.04147333328708,0.634109117367852,0.0178452872252225,-0.471947004431077,-0.00406544711405417,0.00463056088251082,-0.0124538838264107
1.86875050248988,0.723710584390785,0.0162268274772044,-0.513815983921868,-0.00423094452855891,0.00262853906095446,-0.010552526902246
1.67953409246628,0.803504440117617,0.0150841782415474,-0.54850862125136,-0.00451994512978926,0.000713943410978259,-0.00944355916178164
1.47176013171221,0.87418414653995,0.0144875589850134,-0.577974137064265,-0.00508868505160665,-0.00121505150375518,-0.00910555134965355
1.24458849905019,0.93538699623913,0.0148033481401607,-0.603371193706873,-0.00590098902357817,-0.00327260026325488,-0.00952113338545354
0.999726035378975,0.986019191283551,0.0164739266941075,-0.625230545146019,-0.0067642088006259,-0.00557299001610271,-0.0106983158117837
0.743039403615424,1.02437714357155,0.0197192591936013,-0.643063911324262,-0.00738309099475157,-0.00821303338848069,-0.0126653151742675
0.484951552657013,1.04805025227678,0.0240941110019791,-0.654264073227774,-0.00738248643307533,-0.0111896666068355,-0.0154246458012659
0.238635455719364,1.05337112713635,0.0280728001690348,-0.652589263012944,-0.00627388361584035,-0.0141775122263026,-0.0188827481051446
0.0142878406349368,1.0351195868668,0.0294153209929705,-0.628146566026475,-0.00358089208861068,-0.0161777467176422,-0.0228093287402918
-0.193144362412173,0.988942071784603,0.0279288818739195,-0.573601755063015,0.000523589846165709,-0.015378237762157,-0.0267734709946636
-0.419221254327171,0.91963158270009,0.0312292608930594,-0.50169204746971,0.00418202839877177,-0.0102007142257685,-0.0297432488545355
-0.712188342112858,0.849497207956447,0.0536835007657377,-0.455657272337669,0.00440118431937379,-0.00244554165739893,-0.0299449890599848
-1.05567543181042,0.798110217886543,0.094296354254025,-0.458470453195526,0.00111942287496964,0.00263479766440871,-0.0271643370923522
-1.38411599427211,0.756964841203535,0.13472806699147,-0.480026153336315,-0.00263106840501368,0.00287301755561515,-0.0232496444589856
-1.66721876354682,0.708237048291782,0.164887534755414,-0.490132117680239,-0.0049396818082115,-0.000185949184139019,-0.0195253178553031
-1.90793157111157,0.642279478461074,0.185989463388636,-0.480481858016948,-0.00567446107866016,-0.00471947877588672,-0.0165482627016895
-2.11595401669276,0.55818438806581,0.202345153846449,-0.454227409754653,-0.00539112662897783,-0.0097695316402677,-0.0145909628239967
-2.2968430678786,0.459834482559223,0.216662316821853,-0.416871026826567,-0.00464033761968647,-0.0150317191994282,-0.0137714023081414
-2.45074768713431,0.352874455633368,0.22890008283839,-0.37273103938584,-0.00374647570248018,-0.0204496892257164,-0.0140910010918368
-2.57359640773942,0.243075980863001,0.236502160647817,-0.323850617614298,-0.00279527714834919,-0.025890230497896,-0.0154666271588954
-2.65820882670027,0.134486652911363,0.23531257080254,-0.268536462953493,-0.00166946764147554,-0.0308286396993023,-0.0177358232045107
-2.69624372493984,0.0258518049648412,0.222233564532826,-0.198704729451937,-0.000175736626060864,-0.0339596673637362,-0.0206165085984453
-2.68415759943495,-0.0935663108170263,0.201119564981485,-0.0997963880961601,0.0015711033051447,-0.0330438234446127,-0.0236143710709389
-2.63434558933326,-0.240936371829907,0.188583128194461,0.0367682308504218,0.00271610937112217,-0.0261666335904707,-0.0259711602983917
-2.57701866283235,-0.420064114833731,0.204947863403077,0.190382073243637,0.00218378076452354,-0.0148918233137454,-0.02693963359131
-2.53320333411965,-0.605073720432085,0.248954787482328,0.317111428452571,7.50664904998061e-05,-0.00494833080235161,-0.0264013084376329
-2.49219293004465,-0.762281224345569,0.296990137349472,0.392976660565513,-0.00243912828614916,-0.00124034652117978,-0.0250116814163037
-2.43062033873486,-0.87754236187676,0.330356040514109,0.426216508066109,-0.00454189558514571,-0.00444417673638121,-0.0236189737369978
-2.3351759937298,-0.951508139163407,0.344957585068818,0.432692990084821,-0.00618017045272457,-0.0126613703358123,-0.0227262383941353
-2.20221043110191,-0.986445461355534,0.342803560563903,0.423074870244367,-0.00768323828929353,-0.0234100812295608,-0.0224000147440502
-2.03010106529131,-0.98331908604948,0.326619935533869,0.407771356086253,-0.00944811046180788,-0.0339877933659612,-0.0224146291149376
-1.81798834806029,-0.94432737069741,0.300501505950493,0.401940657867877,-0.0117737127743605,-0.0414540487438544,-0.0223811687894143
-1.57225511529526,-0.875358556113491,0.271394440756064,0.418758600065511,-0.0148419962644527,-0.0435093383334286,-0.0219484395767549
-1.31120223139581,-0.784973720988936,0.246723831030549,0.455555308823359,-0.0187717192653114,-0.0399311612312214,-0.0211333537763739
-1.05676479678244,-0.680370332925265,0.230007133975731,0.494514031943809,-0.0235616023388944,-0.0324838156045775,-0.0203111889767325
-0.823125030569543,-0.568148545552577,0.22136955762521,0.51644672504932,-0.02885591163095,-0.0234527574120319,-0.019812071471776
-0.612854302082713,-0.458481766203277,0.220401158333073,0.50547501934568,-0.0337969855386457,-0.0149064785750363,-0.0197298754751444
-0.415112722756897,-0.364448348667,0.226654489644278,0.444944687208823,-0.0372238935188616,-0.00876988589656602,-0.0200510344043958
-0.204008122327541,-0.294663422405005,0.238980634665157,0.315841647192582,-0.0380508345108876,-0.0068638564730187,-0.0207699245980622
0.0523106529467868,-0.240428271045354,0.254970585238449,0.104167952350308,-0.0356980428957248,-0.0105952844353138,-0.0217854507326557
0.360350587020024,-0.170592491941998,0.270533191063099,-0.176186975638475,-0.0305965024058745,-0.0198930803645144,-0.0226611127892967
0.677651586735167,-0.0571330060641059,0.281077628803839,-0.460471359221334,-0.0241215361717688,-0.0315426827633924,-0.0223798448697437
0.956286438957306,0.0957518910978903,0.286308754448568,-0.672025546700549,-0.0171335365469381,-0.0401243800210971,-0.0198256849111854
1.1924135103073,0.263147967422837,0.292390576780381,-0.800976814140858,-0.00911318442046186,-0.0429956294959515,-0.0149947134911169
1.39734198087659,0.419152647241005,0.303625081952357,-0.883806284542875,-5.84907967957458e-05,-0.0416351399497479,-0.00859084568916285
1.57270551607636,0.545330200372065,0.317223554518361,-0.942529712346827,0.0084566903409137,-0.0383932626884306,-0.00131623893770208
1.71589531687356,0.631287208687761,0.325758101869959,-0.979370133761051,0.0144093285334813,-0.0346107358646395,0.00616072426346682
1.82482345080905,0.672558132001039,0.320587114081074,-0.991135001844699,0.0165329902133344,-0.0308836890910658,0.0131858400149049
1.89112975986253,0.676782594457043,0.299905230989609,-0.970249100469661,0.0153199775686205,-0.0280009744626876,0.0188990567684508
1.90139382460668,0.669431893995674,0.280690198698774,-0.90555690387922,0.0138832131121413,-0.0265957247818158,0.0221486515331289
1.86515601677868,0.671851600402632,0.284457587482957,-0.804269397674714,0.0153566332757958,-0.0257627397122201,0.0224628606468688
1.81307949617066,0.679035728434874,0.30776467695322,-0.692528232923623,0.0190878114527888,-0.0242347010632501,0.0207198527241375
1.76086753872895,0.675660553356558,0.332803344981626,-0.583878832060177,0.0226987606590091,-0.0222651122282586,0.0181405531556969
1.70552479945048,0.65306712517314,0.34865568795935,-0.475176037293601,0.024946220410471,-0.0209990773386602,0.0156673207480471
1.64005682402636,0.610880780642667,0.354716046525801,-0.360739719009089,0.0258162002810016,-0.0211721931125097,0.0138665498712457
1.56095668779938,0.552802175687445,0.355170882559128,-0.239032470414421,0.025722018137505,-0.0227548976966134,0.0129761391973452
1.46806809369284,0.483307987784852,0.354538874062879,-0.11239477843231,0.0250308902202416,-0.0252298716480633,0.0130023332459848
1.3622457723952,0.406105441288816,0.356047229158943,0.0145878421948722,0.0239793535794851,-0.0279228367752706,0.013789655057421
1.24318011108935,0.322671047056536,0.360796144781268,0.137122809474812,0.0227938983492771,-0.0302782179240964,0.0150346578531388
1.10847508382314,0.229966808215943,0.366160070046802,0.253713897126431,0.0219334244027218,-0.0321293819658392,0.0162330903862796
0.955815947678548,0.120115251266869,0.365212155478213,0.369814471644148,0.0222510590231294,-0.0337835589781338,0.0166171744977462
0.787576502409637,-0.0114511430589516,0.352960317815453,0.494381737841614,0.0244695430249248,-0.0355691201151143,0.015415958609127
0.610136574817065,-0.155796519366434,0.335139602321474,0.627658514607209,0.0281283873801207,-0.037177143547921,0.0125338558949977
0.427438787439453,-0.298782201477611,0.321898437413323,0.759607776996087,0.031847037050243,-0.0378791251795463,0.00855809184110414
0.241462907732902,-0.434430474752597,0.316286267235423,0.880531522317334,0.0345117755913351,-0.0373347497125464,0.00405218251483778
0.0577418300844345,-0.563322210194419,0.314962781749555,0.984070175086052,0.0355288706622305,-0.0358329038400812,-0.000764579412499613
-0.112118689543811,-0.685475264955338,0.313725622249188,1.06269889771007,0.034515540411786,-0.0340404292127442,-0.00596561229705147
-0.250312530506542,-0.795635667343975,0.310547863168874,1.10206664011335,0.0312313605249689,-0.0326906900397648,-0.0117609986643605
-0.334607377334634,-0.881085225008839,0.306221635646364,1.07691820898238,0.0259218197848386,-0.0320829789634974,-0.0182848756600084
-0.347689737201071,-0.926662163149485,0.302845173286372,0.959119573692806,0.0195954469452073,-0.0312530061811879,-0.0253407486353018
-0.29897494076023,-0.942362353853613,0.300098946191012,0.762672393428771,0.0123328831682708,-0.027844974323795,-0.0315058022268765
-0.196661673296638,-0.991315019371029,0.291511508498216,0.591515048062381,-0.000625169055815309,-0.0212439236313636,-0.0327299095357723
0.0024254310691604,-1.02306078897507,0.276611993801396,0.483354362422129,-0.0184962090002937,-0.0159024193378513,-0.028637730340902
0.18814701577717,-0.91129778786141,0.26605250540883,0.369301519477713,-0.0322794202057378,-0.0137899232453376,-0.0243170055079822
0.230710753980861,-0.743556540692828,0.261532046622462,0.244086891780652,-0.0406991581024159,-0.0151510371081938,-0.0219810937060695
0.173128289276103,-0.648421624334961,0.260402494700124,0.114774302265636,-0.0453429501997517,-0.0204149058295165,-0.0211018965712453
0.122768273668382,-0.64846509418405,0.261543828347599,-0.0347611640536283,-0.0460011518516644,-0.0278383122747172,-0.0201638240814289
0.166055079449862,-0.688845796716041,0.264818796312768,-0.214410349249009,-0.0423124180954286,-0.0341846916985106,-0.0187118350536654
0.336737134056435,-0.673026383835647,0.270780690936547,-0.422606814165305,-0.0342806571164037,-0.0373885966069552,-0.0177246513800626
0.572047524359472,-0.521411455341813,0.280608356722848,-0.655413528923936,-0.021279223776729,-0.0370500536703196,-0.018627810794551
0.73378739301976,-0.272367434928906,0.292182266576704,-0.887435786426785,-0.00415508202390427,-0.0328600903372295,-0.0221279642609377
0.741648007033128,-0.0554450524319618,0.297064915317156,-1.05885358872921,0.0124460298995203,-0.0232404790766039,-0.0265765465413027
0.61619057672602,0.0952369559646898,0.293341219205215,-1.11119754724814,0.0240757423870765,-0.00871061298142288,-0.0287746866330204
0.414041362370366,0.223547916005032,0.293853063485197,-1.06219545486153,0.0305262340164202,0.00373199534490139,-0.0277694775728881
0.191999230099467,0.338863750349127,0.305131967948231,-0.981460258593679,0.0341292000175726,0.00825331675176739,-0.0251850625008055
-0.024583781085121,0.431155389620387,0.321331737464606,-0.90401503242068,0.0365932374670084,0.00539553070614252,-0.0227361366306546
-0.233745758164356,0.499196181304782,0.336948597101977,-0.829500225089469,0.0382462033590776,-0.00186166108465619,-0.021374034177235
-0.437546226105991,0.550192174100476,0.352752138297861,-0.752051396574003,0.0390833404831296,-0.0110820278425138,-0.021320440337308
-0.637282121558122,0.592099253841728,0.37321191110525,-0.670761244868729,0.0393709748796006,-0.0204342383961816,-0.0223664970015076
-0.833446089234701,0.627884420426282,0.401188296388051,-0.588993373003497,0.0395675857850835,-0.0279187792245699,-0.0241499651121051
-1.02240837940448,0.65317605284214,0.432608024600318,-0.513138644827178,0.0400801010538411,-0.0309706116694773,-0.0261640520234574
-1.19623873411573,0.657306216627714,0.454156536073801,-0.446879196576225,0.0409653595274455,-0.0272997387669884,-0.0277194757096841
-1.34928328700703,0.63019565062471,0.451169949836269,-0.382031658259786,0.0419443077482719,-0.0173682363870793,-0.0282600877065073
-1.4816247216721,0.572885395153504,0.422696382229607,-0.303144604805306,0.042831119654081,-0.00541753273305956,-0.0277475217691227
-1.59719936574212,0.496947739398287,0.382606109646115,-0.201870200473336,0.0436953426796277,0.00355998054208369,-0.0265314521384168
-1.70055319649711,0.413846460068928,0.345840053521334,-0.0809870143156219,0.0446657206705893,0.00697819236719864,-0.0250284094732517
-1.79298547514753,0.329463734707698,0.31897270421947,0.0506826467151588,0.0456794018793861,0.0049343658131757,-0.0236207699713927
-1.87307950492233,0.245056551883353,0.301160283028173,0.184900998524049,0.0464649582254106,-0.00109145419285858,-0.0225625083814993
-1.94011694404654,0.159677641746671,0.289318872726956,0.317009319130288,0.0467181365015962,-0.00929926341372549,-0.0219191134022736
-1.9948239336769,0.0720134752998343,0.281245713847746,0.444581388464392,0.0462184020101322,-0.0179051008788666,-0.0216399963101308
-2.03766524931105,-0.0180631674419121,0.276340592141299,0.565207462155361,0.0448825498016177,-0.0251958063785113,-0.0216419809609264
-2.06731312333947,-0.108238149733804,0.275374013969661,0.675449349185636,0.0427963070316453,-0.0296473401074085,-0.0218242168006727
-2.08035986861458,-0.194259358156196,0.279148568522118,0.77110321157958,0.0401740069158745,-0.0302040201223226,-0.0220821171705001
-2.0721854422632,-0.272385541982001,0.286788698139856,0.848311371128452,0.0372677432509455,-0.0266421762653058,-0.0223784510201565
-2.03846644462411,-0.341061768677211,0.295778943135945,0.904310418051617,0.0343036881316594,-0.0196987270484494,-0.0227937445597991
-1.97616388713253,-0.400140238002725,0.303535030237336,0.936801124399931,0.0314661488776397,-0.0108299108448296,-0.0234863522890453
-1.883099723547,-0.449516975035454,0.308235730158322,0.942807771618999,0.0289064565943744,-0.00190867422661819,-0.0246170321226389
-1.75610182368334,-0.489485221416309,0.308036350236955,0.918592458638518,0.0267240038763337,0.00487647899394207,-0.0262835645294578
-1.58879616472536,-0.523516433104956,0.299819381760191,0.862204624939662,0.0248233126302487,0.0070352342492251,-0.0284240847065352
-1.37254362431307,-0.562495564198831,0.279890939532508,0.78133295536338,0.0226247286607214,0.00231582171706785,-0.0306646792236416
-1.10488202986661,-0.62411149213887,0.248536747458051,0.704034242411384,0.0190481046612033,-0.00925970141106934,-0.032176360063491
-0.800932788879432,-0.715403861421796,0.214617271220568,0.6695036115646,0.0133710309293715,-0.0229542445169518,-0.0319224349448235
-0.48313720095842,-0.812135170211624,0.188981379928127,0.683848059135471,0.00609313801485497,-0.0319339285602715,-0.0297110809187981
-0.152405114826149,-0.877452052876308,0.173171661581229,0.712215667967949,-0.00144128050055976,-0.0337218091095348,-0.0264501920814855
0.207276232391801,-0.88735532545444,0.162962865601749,0.726788943218847,-0.00773711059841257,-0.0303819781641047,-0.0231172849929827
0.599395771437018,-0.828242603567664,0.155845609661731,0.727422922564539,-0.0115773748306345,-0.0247770113406664,-0.0203914812056882
1.00079057010659,-0.696672165644826,0.151856252069558,0.728932513567635,-0.0123057434088889,-0.018713103946122,-0.0187729547578261
1.37202662565777,-0.507656697059685,0.151564844541112,0.742739686687089,-0.00990794617305342,-0.0128828847564251,-0.0185706899500221
1.67801413821287,-0.29529684257843,0.15463563178621,0.765736522586466,-0.00485492573698322,-0.00744751005489004,-0.0198335894859124
1.90145759617149,-0.0990189916964452,0.159517595281077,0.780684556260483,0.00218698190962061,-0.00274696931803372,-0.0223615650849495
2.04129365722579,0.0551202487854378,0.164158645783698,0.764993685416995,0.0106819960612526,6.61175959539989e-05,-0.0257881541270798
2.10406244909434,0.161809655417175,0.167372904819169,0.703803209752265,0.0200850883750977,-0.0011567315671295,-0.0296413392552846
2.10720504563779,0.233932718223008,0.170567467163674,0.609054318814854,0.0290110995440152,-0.00847112862871459,-0.0330996018630745
2.09617335588631,0.299680365025802,0.178767621069707,0.53549964448014,0.0348468832388056,-0.0206583283817205,-0.0343773237872912
2.12121431976951,0.377521245731663,0.194009927308732,0.530980737537905,0.0360377589181192,-0.031430553658287,-0.0320800880051772
2.17271517131878,0.450710167578634,0.209469181377026,0.561597563847603,0.0346779627193143,-0.0363997906320745,-0.0276680085995963
2.21294464496138,0.500319413023081,0.219883186776759,0.575330509930277,0.0334887604835261,-0.0368096907339717,-0.0230266443858713
2.22426992713482,0.523857378945504,0.225406921417836,0.555886252926995,0.033354785557933,-0.0351591808537051,-0.0189284444101984
2.20615420098413,0.526430513122554,0.227980379544951,0.508047677463823,0.0340231339899735,-0.0330069380940735,-0.0156092141103208
2.16381342094284,0.513958816577131,0.229339438104786,0.440917847280773,0.0350205991303246,-0.031023129839956,-0.0131363001366735
2.10259678290459,0.49102688207325,0.23066101234927,0.361656234623774,0.0360325363453484,-0.0293889956130156,-0.0115021929673546
2.02631643286802,0.460530660026973,0.232620409839228,0.274490307115497,0.036950107175969,-0.0280834556240396,-0.0106629396042202
1.9373237822624,0.423814010796294,0.235423961138413,0.181389898099753,0.0378059994792343,-0.0270268335069144,-0.010567607096991
1.83713694117602,0.380765346460067,0.238709178939762,0.0829115793691668,0.038710408054222,-0.0261312519688339,-0.011173364318973
1.72720118160995,0.329725721246535,0.241310467052127,-0.0210524969940119,0.0398124868046952,-0.0253084202272975,-0.0124438372028177
1.6097557591189,0.267427085786033,0.241024008427477,-0.130316375781875,0.0412723632989202,-0.0244700440839968,-0.0143338481223305
1.4887780465859,0.189709437723756,0.234782527081658,-0.242785546009596,0.0432142597970431,-0.0235451295592037,-0.0167620229140717
1.37053709900014,0.094374108306329,0.219990794947442,-0.35215010484744,0.0456274544139741,-0.0225250089141164,-0.0195631596328148
1.26229147093939,-0.0129370063539057,0.197578055588024,-0.446426883310824,0.0482094835195797,-0.0215026198567183,-0.0224084788405267
1.16692072915476,-0.113704194295825,0.175118058838217,-0.511743544739807,0.0502755697417238,-0.0205943225684091,-0.0247604706899778
1.07542613110313,-0.184424642625305,0.16435208924821,-0.544270185992363,0.0510295791563638,-0.0197230968053801,-0.0260871373372517
0.968616252888867,-0.218685450500108,0.171525757112422,-0.558432612237071,0.0501201148808616,-0.0186191560500901,-0.0262585549293363
0.831636435114175,-0.234906467269237,0.192458226619353,-0.576613855535977,0.0477533921979976,-0.0171615903154827,-0.0254999244144119
0.666114298736571,-0.259743624382722,0.217618559904682,-0.612952172511206,0.0443400443949987,-0.0155720119391048,-0.0240506351517932
0.490025277730013,-0.310595736998086,0.238560279567442,-0.666709139685061,0.0402416410854438,-0.0143404641717622,-0.0221374952997304
0.327403243467631,-0.390212288265065,0.2513076699392,-0.725586323028374,0.0356563866187124,-0.0140503266286145,-0.0200823644661513
0.198294915689004,-0.491585644589204,0.256164789996928,-0.774520847691617,0.0305586589226709,-0.0151550088886253,-0.0182460940527798
0.117756109064442,-0.604681416268809,0.255213460056473,-0.802503549815893,0.0247596831958902,-0.0178301740579942,-0.016906470303169
0.100018672359829,-0.717762695080898,0.250335770140441,-0.804579278711265,0.0181185855684383,-0.0219737835702275,-0.0161978678161312
0.158502819019259,-0.81293499861066,0.242907365232288,-0.782251217966774,0.0108346887979758,-0.0272652548473153,-0.01609667218251
0.296397195040245,-0.861811696378417,0.234383782535577,-0.74430252551594,0.00363045187211604,-0.0332024615904944,-0.0164256596884642
0.49300674034956,-0.830761912798737,0.22661831044827,-0.705481469385811,-0.00243923374906351,-0.0391258694558617,-0.0168971727387326
0.701671774365269,-0.697519913745936,0.221439413932807,-0.680189099594908,-0.00648388716415131,-0.0442774202761725,-0.0171897838524055
0.865930091389633,-0.465687422304069,0.220022450086095,-0.675011005714659,-0.00807950975730932,-0.0479467710805327,-0.0169999929335795
0.941350672615716,-0.166513918238339,0.222675238490322,-0.688031162031623,-0.00715872966627804,-0.0497243556970836,-0.0161028685532117
0.911230095105826,0.150624807850324,0.228950385553754,-0.714608121753604,-0.0038454551133178,-0.0497204812160141,-0.0144699480698811
0.789682416331216,0.43601377598996,0.237761575529167,-0.750270063009179,0.00142831616248285,-0.0485213726539809,-0.0122725871790025
0.609879843522824,0.657434080815717,0.247561614741778,-0.789090736939686,0.0078062037730849,-0.0468761064646325,-0.00972879716024618
0.406054453380699,0.807355614148239,0.256835201221435,-0.824209615880665,0.0142974428547426,-0.0453816631388505,-0.00700135963418473
0.20109099342227,0.896580429769167,0.264682608039104,-0.850694393557231,0.0202057986799047,-0.0443846701766417,-0.00419193762335059
0.00485996611920777,0.942140047547863,0.271022962200829,-0.866764903772925,0.0252669198712684,-0.0440507032128295,-0.00135250350468096
-0.181033948307025,0.95911177912174,0.276430806492843,-0.872896535330539,0.0295130897598828,-0.0444495162932005,0.00150717196466585
-0.3585747827979,0.958361071431354,0.281955162485226,-0.870431758656041,0.0330925730064208,-0.0455932644622945,0.00440409571558073
-0.531131820079934,0.947129739792428,0.289096077941703,-0.860484162882256,0.0361517447966383,-0.0474361500184882,0.00735767342467044
-0.703016657163465,0.929698858303656,0.299809306745031,-0.843025855386548,0.038775208072994,-0.049849757578479,0.0103653263455046
-0.879341345372405,0.907055764519232,0.316190554863445,-0.816010693686069,0.0409661056624803,-0.0525799522051021,0.013387432326102
-1.06486839543215,0.875805109328551,0.339424434527315,-0.774870769978501,0.0426747517661411,-0.0551963614865576,0.0163438620045288
-1.26105876596125,0.827645255083558,0.367861636666919,-0.713408221639483,0.0438914381033342,-0.0570715172724124,0.0191120929290021
-1.46180448262079,0.751645710547079,0.395017320137233,-0.627442605211052,0.0447753609170753,-0.0574752326927347,0.0215147364689359
-1.65097484904422,0.641312202250117,0.409940031170785,-0.521079487665708,0.045698559960721,-0.0558929659131582,0.0233171167774185
-1.80748168461461,0.503998452215296,0.402889650135274,-0.410485403721259,0.0470529409484885,-0.0525006053309096,0.0243069945372828
-1.9186278294772,0.362114300406236,0.373817658802514,-0.317017169964306,0.0489219706610363,-0.0483072877494063,0.0244668041237804
-1.98901452492889,0.239830035574334,0.333807760388871,-0.253185176315097,0.0510315337794252,-0.0445817375382906,0.0240404871925411
-2.03479288696452,0.148961697592448,0.297130648178687,-0.21733542264714,0.0530360651266036,-0.0421541396264457,0.0233688440205673
-2.07279520156111,0.0874306386068763,0.27396995158559,-0.199695928550287,0.0547220464948051,-0.0412874513079564,0.0227031858795124
-2.11525663134428,0.0450855977871419,0.268963439162541,-0.188998369198733,0.0559900894241712,-0.0419172985391395,0.0221624685758913
-2.16919432187075,0.00874351625833225,0.2824114362281,-0.174913052707697,0.0567859160401041,-0.0438518165255496,0.021772629446635
-2.23665324074037,-0.0349381598580804,0.311287152663328,-0.148276947796863,0.0570878305708461,-0.0468267398292294,0.021496870842811
-2.31447327900208,-0.0974595186960314,0.349586860068316,-0.101441143657661,0.0569415933945502,-0.0504674276697914,0.0212376725612844
-2.39398645367591,-0.186157118227134,0.388696470529222,-0.0299716608522716,0.0564914663951817,-0.054242181627133,0.0208437929895703
-2.46231438173445,-0.30141314012428,0.419062595662031,0.0645599221855055,0.0559484823496723,-0.05750794928927,0.0201528076682393
-2.5066787054123,-0.435422477162858,0.433610679630175,0.173346662294735,0.0554782829140294,-0.0596939857922624,0.019054939941479
-2.5198382517167,-0.574945327323277,0.430808057084071,0.283361532223872,0.0550948131546861,-0.0605144795600955,0.0175284725138947
-2.50240910017532,-0.706923859583259,0.41463024598352,0.383061798609554,0.0546754790116475,-0.0600355586562719,0.0156236016883778
-2.4606599731708,-0.822954070893126,0.391647151219668,0.466317710055888,0.0540805127107746,-0.0585670971679946,0.013422747726542
-2.40240636412996,-0.92032478151318,0.367830766430957,0.532546814050981,0.0532537750095308,-0.0564975404858177,0.0110094979380141
-2.33395108038315,-1.0004696973375,0.346917048211007,0.584537161904551,0.0522375937719452,-0.0541775064892841,0.00845292233091935
-2.25898788054473,-1.06673933567415,0.330352291839557,0.626144592117665,0.0511303753002814,-0.0518743850819294,0.00580119961458506
-2.17887757421267,-1.12274754658417,0.31801015821563,0.660928330440163,0.0500411009799926,-0.0497715059618778,0.00307996253653463
-2.09337596785621,-1.17162679146088,0.30895906085283,0.691738406625757,0.049067010165748,-0.0479821341218265,0.000294754733852991
-2.00117067433591,-1.21596073249509,0.301945819759598,0.72084267422641,0.0482905390578367,-0.0465626425327711,-0.00256177462569109
-1.89997376027743,-1.25794188841272,0.295574409338157,0.750144539894626,0.0477785658980659,-0.0455214866355633,-0.00549859591558109
-1.78626022755456,-1.29925845456825,0.288327049482474,0.781112889143687,0.0475668533602939,-0.0448265040820799,-0.0085125810541044
-1.65507995353832,-1.34025980992477,0.278639819668823,0.814131254717007,0.0476179445704491,-0.0444137582802757,-0.0115716215983403
-1.50075075671244,-1.37819889040093,0.265234141903077,0.847181782227413,0.0477514940884251,-0.0441969196722708,-0.0145883204343612
-1.31943688577844,-1.40519297546486,0.24777791128171,0.874408217992953,0.0475739282543006,-0.0440659186050803,-0.0173809086292926
-1.11361055073099,-1.40836114002677,0.227587393880833,0.886420223945507,0.046498011212133,-0.0438567878049602,-0.0196564895798942
-0.894783745931161,-1.37554763725171,0.207519688384571,0.874840521807165,0.0439838912653196,-0.043315218518276,-0.0211090286808237
-0.678525569322719,-1.30439012261668,0.190433958261493,0.839281766321485,0.0399216246391827,-0.0421609712383195,-0.021632758707986
-0.474250834387384,-1.20416082209502,0.177482931611174,0.78869530289123,0.0347343140437923,-0.0402777690021942,-0.0214078995309966
-0.281293076193758,-1.08744770780376,0.168077778766253,0.735019170389865,0.0290820170890095,-0.0378292911837315,-0.0207402890281152
-0.0936437267657541,-0.962063519223645,0.161034630315556,0.68711908037427,0.0235741677637137,-0.0351837965953504,-0.0198878977728454
0.0939242598665812,-0.829466835304891,0.15544348951489,0.649494337318791,0.0186891739216335,-0.0327584841469474,-0.0190179165501726
0.282749187967906,-0.687429845020281,0.150889352040432,0.62367940839025,0.0147888974206287,-0.0309017623348664,-0.0182307634726316
0.470130712123255,-0.533493365786771,0.147327171204456,0.609776776669774,0.0121445819055422,-0.0298441813597217,-0.0175885348764026
0.65085042726241,-0.367562392000845,0.144881835310538,0.607228820900612,0.0109587076685888,-0.0297004306547988,-0.0171364115949946
0.819395997415061,-0.193221230815239,0.143671629014992,0.615012103926773,0.0113648714845476,-0.0304888129456128,-0.016914051055655
0.972290176098046,-0.0174241476302895,0.14366477584218,0.631737415979692,0.0133885933397826,-0.0321406098687447,-0.0169496285543875
1.10952806866027,0.151769589814968,0.144608843317079,0.65589507890472,0.0168906723191094,-0.0344943706049108,-0.0172373858918862
1.2337920587469,0.308510311305335,0.146124499660081,0.686023021306683,0.0215457128795188,-0.0372922013352438,-0.0177126540116133
1.34733856256754,0.451169231844385,0.147995875367997,0.72032307967331,0.0268787554011785,-0.0402008256694015,-0.0182387802914252
1.44863853545638,0.58123075003438,0.150515222235065,0.755565831992775,0.0323283959038291,-0.0428698137460596,-0.0186090993715885
1.53190185753976,0.699670833206491,0.154554676572005,0.786050287453683,0.0373106339016053,-0.045022000761244,-0.018567935612047
1.59125817069278,0.803746905083395,0.161013694493554,0.804315818578227,0.0413218681272284,-0.0465454413771381,-0.0178767178145096
1.6270464745174,0.887584265109985,0.169795799348483,0.804494487060037,0.0441057488460753,-0.047524535945542,-0.0164301442740572
1.64752228578711,0.946622334792501,0.179361728103441,0.785768709149968,0.0457552216197793,-0.0481714494296846,-0.0143229613340666
1.66359188129806,0.981174908729983,0.187574243655213,0.752194537252955,0.0466102737683437,-0.0487203637486307,-0.0117760514088369
1.68275056406939,0.995793960583628,0.192948025530528,0.709549796733122,0.0470511665063571,-0.0493687347174691,-0.0090094931693297
1.7073255501676,0.996468095708134,0.195188487785998,0.662637915643588,0.0473640090358915,-0.0502626285090357,-0.00618054647108535
1.73592386623462,0.988503382725417,0.194994272210405,0.614390082853138,0.0477129248470528,-0.0514918956963237,-0.00338587013333889
1.76538843836181,0.975714532486063,0.193616616506428,0.566085677113879,0.0481664586177984,-0.0530867808313748,-0.000682480360980395
1.79206549130922,0.960361393137367,0.192490684620541,0.517835180282526,0.0487340341229705,-0.0550184858729429,0.00189454358680721
1.81238990907682,0.943267986157929,0.192986963904366,0.468908427183999,0.0493942288059526,-0.0572027020855874,0.00431998361242952
1.82317432218009,0.923880601536091,0.196199606209291,0.417845268959862,0.0501119834053181,-0.0595033402328877,0.00656994942721274
1.82195008842027,0.900297469103481,0.202684317953516,0.362489289165544,0.0508476823192748,-0.0617358915676994,0.00861541809394202
1.80752020793736,0.869474071018815,0.212138833090723,0.300187227737357,0.0515613262088035,-0.063674752830259,0.010417733027569
1.7806219273082,0.82786195800164,0.223153919808311,0.228396230505251,0.0522129233252293,-0.0650747433791562,0.0119283895618319
1.74429111220581,0.772600671908948,0.233296995261241,0.145745516549518,0.0527590515899063,-0.0657175346933505,0.0130980036321049
1.70336215399357,0.702951230475873,0.239764936895787,0.0531402068135472,0.0531484069290131,-0.0654780973839634,0.0138971638648636
1.66291582179558,0.621130104260878,0.240475289096934,-0.0459249189836404,0.0533247072386436,-0.0643766845127226,0.0143413942934005
1.62640306883186,0.531771810799146,0.234955059269465,-0.146366205321054,0.0532440418509709,-0.062572049914993,0.0145028250289612
1.59466655824823,0.440250572192145,0.224391647195584,-0.243273895862908,0.052899721589908,-0.0602914735738472,0.0144986612556608
1.56636819401417,0.351021364063792,0.210895034825873,-0.333235522077194,0.0523349427446357,-0.0577451059751845,0.0144661895705941
1.5392263498654,0.266922924928002,0.196590943216364,-0.414559064760462,0.0516290438579893,-0.0550744963057936,0.0145413980388597
1.51115723954998,0.189498869875766,0.183070853413522,-0.486634173257166,0.0508598049021781,-0.0523473734835978,0.0148480963914399
1.48081325364284,0.11985129870388,0.171319094217308,-0.549004493586334,0.0500549273517637,-0.0495836384981024,0.0154933646296974
1.44742017764354,0.0594967815903391,0.161975707997023,-0.600581860938253,0.049146777857493,-0.0467982219532537,0.0165630838426346
1.40999138666424,0.0107549143780387,0.155719530461583,-0.63927305593072,0.0479432638917116,-0.0440604226449006,0.01811515207734
1.36613485577748,-0.0238581238910119,0.153532888092321,-0.662311627330425,0.0461333188361394,-0.041578490607597,0.0201707966858213
1.31104180408956,-0.0438234626161428,0.156583328644619,-0.667754271174784,0.0433652221961278,-0.0398013799717974,0.0226971707807923
1.23810796545694,-0.0547086741236334,0.165470508905002,-0.657773882270215,0.0394648425132025,-0.0394497338998431,0.0255487471700783
1.14403897811545,-0.0727739528853909,0.178758562633653,-0.643639747296985,0.0348198499445369,-0.0412245178111243,0.0283155813005695
1.04012958398234,-0.122929380830647,0.19169061010733,-0.647019883691815,0.0306073571568909,-0.0449446142095495,0.0301735455999696
0.958042383178622,-0.218705667019752,0.198113187508011,-0.684735937220174,0.0280203002401212,-0.0488636617533264,0.0302575578635131
0.929849770926032,-0.340785762765829,0.195943343365825,-0.746754699526913,0.0268270918341232,-0.0508876604338358,0.0285415730800462
0.964978967624277,-0.451591023290323,0.188322685089603,-0.806475672198846,0.025660190786872,-0.0504040447870413,0.0257398959671051
1.05540111765368,-0.521432879889884,0.179405396606219,-0.847090608455085,0.0237001759724701,-0.0480906548840001,0.0224697827670756
1.1866532620588,-0.533424350469667,0.171929437128159,-0.867810222028689,0.0214192256851292,-0.0448670161742474,0.0190209921679492
1.33730064347273,-0.481015026563839,0.167390689779353,-0.877001411002753,0.0202141803583641,-0.0414259999836833,0.0155523931064619
1.4762340572019,-0.371232169658857,0.166434067466667,-0.884231339717532,0.0215044132803877,-0.0382313199265481,0.0122461895188471
1.57021195521086,-0.228025741837798,0.168702275915213,-0.894320307346376,0.025764912562482,-0.0356023062478671,0.00929609005477102
1.59935157915588,-0.0841863613321733,0.172789161727806,-0.905675749840697,0.0322075773663292,-0.0337399452919834,0.00681151201058954
1.56432745397884,0.0351338173911613,0.176877180782458,-0.913453853935831,0.0394135765074403,-0.032725289130046,0.00478094329412819
1.47888667751943,0.120945824852997,0.179577250322407,-0.913788298625162,0.046219414188293,-0.0325434400401678,0.00312305455309612
1.35872905495076,0.176194165006289,0.180239360936674,-0.905445052062911,0.0520771282086089,-0.0331275470623269,0.00175057344470044
1.21599362000728,0.208026418347559,0.178771353918592,-0.889149181007096,0.0569095949183388,-0.034393404572894,0.000600541382866618
1.05877765726943,0.223276452946934,0.175378938396027,-0.866428031034513,0.0608512110577086,-0.036254622609959,-0.000361244832073203
0.892304028318748,0.227214118026197,0.170426498671198,-0.838855713824288,0.0640771959881779,-0.0386249024942567,-0.00114438642551034
0.719979748771937,0.223718234971373,0.164399634848971,-0.807687517993368,0.0667289278942164,-0.0414156430849416,-0.00173922079849972
0.544009287105569,0.215709652225827,0.157894004542636,-0.773693469843118,0.0688930007419863,-0.0445335699954759,-0.00212219118616911
0.365713151766733,0.20543179518625,0.151573805501931,-0.737099140796111,0.0706047415454076,-0.0478801550868709,-0.00226175472740214
0.185756508700702,0.194529179246307,0.146081473120249,-0.69763502407066,0.0718640883108815,-0.0513529951405439,-0.00212545333056235
0.00441610921644805,0.184019231514029,0.141924362314407,-0.654716097102557,0.0726597450051753,-0.0548485255328204,-0.00168846861938279
-0.178105508816544,0.174299754152404,0.139398828252101,-0.607722519163074,0.0729977565969731,-0.0582650735367705,-0.000943115195923677
-0.361427523803663,0.165301220022998,0.138608374776445,-0.556265828065987,0.0729270447421139,-0.0615051611558402,9.27094500931431e-05
-0.544955948609129,0.156777433885572,0.139571203422955,-0.500276404206953,0.0725522467028213,-0.0644761946501873,0.00137098913887367
-0.728136545231863,0.1485822554646,0.142320409452893,-0.439814983014747,0.0720279269944901,-0.0670894517638478,0.00281456643285529
-0.910871633539972,0.140714073418312,0.146852934368587,-0.374694479213479,0.0715369406598747,-0.0692588692919302,0.004322037983071
-1.09379405573719,0.133006510591961,0.152850126237051,-0.304193545205956,0.0712620893669317,-0.0709034929256265,0.00577300873710984
-1.27804777155079,0.124587735318388,0.159277277173104,-0.227213050241548,0.071357995842958,-0.071959399615677,0.00703277648882941
-1.4644089423336,0.113518383882006,0.164194997993919,-0.143060201138778,0.071922542111431,-0.0724046763189541,0.00796209974077562
-1.6520537496936,0.097139433158753,0.165189785490195,-0.0525726525515699,0.0729663885137485,-0.072288968315137,0.0084411980826484
-1.83785882103826,0.0732851494468551,0.160469696187679,0.0412842546794301,0.0743939155228596,-0.0717403046421222,0.00840735023362699
-2.01709324998223,0.0416404652390977,0.149934756587481,0.134163014690484,0.0760243183728006,-0.0709223407979873,0.00788469471465507
-2.18523323075361,0.00408272243441306,0.135276144811217,0.222099540606633,0.0776621496050013,-0.0699568629418327,0.00697949778976653
-2.33950059679164,-0.0362969137163713,0.119002780007667,0.302911815741361,0.0791774051196414,-0.0688686330501078,0.00584098132372799
-2.47910093489336,-0.076596791490835,0.103264175588208,0.376302460138978,0.0805403982758837,-0.0675905380878374,0.00461639708036691
-2.60442062210044,-0.114953590377666,0.0892601815055421,0.443008182092751,0.0817989352715123,-0.0660116283811299,0.00342556875324147
-2.71603960961697,-0.150622436510511,0.0773121808838305,0.503856007696066,0.08302838009752,-0.064028224523982,0.00235715733766399
-2.81411612684997,-0.183611880750363,0.0672495433360528,0.559234292141136,0.0842886614722147,-0.0615757644985705,0.00147501788033231
-2.89823449958403,-0.21423485874119,0.0587878318242166,0.60902044230596,0.0856028343982112,-0.0586406887734034,0.00082447568883756
-2.96756613329542,-0.242780433464205,0.0517447703249979,0.652784060316173,0.0869558688470772,-0.055259608084677,0.000435437389422705
-3.02113762956175,-0.269368945688545,0.0460810858938487,0.690049595137849,0.0883066328518397,-0.0515117689043717,0.000324036853383317
-3.05803840169395,-0.293954349449303,0.0418359096207524,0.720463417597619,0.089606055509026,-0.0475080667819482,0.000495426919822622
-3.07749204358344,-0.316380700425731,0.0390479649250258,0.743816287397873,0.0908158884401052,-0.0433784242932218,0.000948990017576166
-3.07881768559195,-0.336392475287134,0.0377226912121603,0.759971330223962,0.0919238301022885,-0.0392588748283526,0.00168550175624986
-3.06137116278272,-0.353527358041584,0.0378534260816285,0.768797766583562,0.092951824422165,-0.0352794028602798,0.00271452378449648
-3.02456798176168,-0.366853788101037,0.0394653560354532,0.770216266405429,0.0939544883356091,-0.0315534912125195,0.0040594065772747
-2.96808215594353,-0.374549604047381,0.0426320436494991,0.764466297840457,0.0950021181025262,-0.0281711127120631,0.00575606282856252
-2.8923200567641,-0.373437704588191,0.0474011403373159,0.752733436285604,0.0961360315864074,-0.0251996687298665,0.00783973566600102
-2.79924016000083,-0.359018365874188,0.0535604426706906,0.73821702897201,0.0972800313326057,-0.0227021042414518,0.0103142335001442
-2.69331131887634,-0.327365773582889,0.0602690842160805,0.727180125141044,0.0981246496774714,-0.0207799263277183,0.0131125598447836
-2.58169237503637,-0.280281773937768,0.0659257709776937,0.728213144160379,0.0981117084765324,-0.0196187986028647,0.0160947462820613
-2.4722884152097,-0.231471266510915,0.0689356058962633,0.747580168685418,0.0967126754969597,-0.0194701022461184,0.0191197988851359
-2.36893178900837,-0.206106015558608,0.0692583445790704,0.781861179866758,0.0939453183879917,-0.0205584459428418,0.0220674780338469
-2.26326381852285,-0.227553375784815,0.0692143407698459,0.812413875076975,0.0907463945257959,-0.0229707420224574,0.0246146234594662
-2.12977201648495,-0.294719689007733,0.0718591356088398,0.808392324504352,0.0886956635122053,-0.0263369079781278,0.0260363244265443
-1.94405972720677,-0.373178737516696,0.0772995523487951,0.749411835442128,0.088714411898529,-0.0294853439867483,0.0257416341099955
-1.71132301968291,-0.424615780803923,0.0819724743491985,0.649155104512072,0.0901000978965543,-0.0311756806823166,0.0240147569916697
-1.45811714556104,-0.438420543556537,0.0827856391255776,0.539637825125609,0.0915312932833871,-0.0311068213159223,0.0216178789499569
-1.2064932989052,-0.426316556102719,0.079605923972671,0.442817960645126,0.0922906862577352,-0.0297223439604905,0.0191097726955866
-0.965612260217794,-0.404213456950968,0.0741678723990517,0.364453549185633,0.0923545645339019,-0.0276008941075489,0.016769425718133
-0.735488176108213,-0.383029660514606,0.0683452983604343,0.300956257111643,0.0920148379903602,-0.0251605264908889,0.0147356166471876
-0.512309667181324,-0.367547961934895,0.0632808034626717,0.246245519790943,0.0915752668922414,-0.0226171912608123,0.0130814566877166
-0.292022523788535,-0.358426173919311,0.0593372238424524,0.195267619314663,0.0912218546897874,-0.0200457475865296,0.0118369867170508
-0.0718811276207943,-0.35444939618213,0.0564068819522479,0.144894919900944,0.091019202720569,-0.0174554399227935,0.0110050162283292
0.14932527333089,-0.353976031608534,0.0542181960667262,0.0936073951904361,0.0909555057028056,-0.014839385420379,0.0105801818637771
0.371574170658004,-0.355617627681231,0.0525187540169487,0.0408915829540625,0.0909849101129896,-0.012192907059159,0.0105663535800889
0.594006713923801,-0.358511004347243,0.051153697212815,-0.0133087171050021,0.0910492997446092,-0.00951054812984623,0.0109885506038283
0.815350446599113,-0.362469854317971,0.0500808665140792,-0.0691108125114513,0.0910767706663765,-0.00677337984746553,0.0118975613526074
1.03451051815194,-0.368145758254644,0.0493325117734696,-0.127327475878717,0.0909547390038925,-0.00394088339463666,0.013364335296132
1.25153169665452,-0.37713980016844,0.0488916788516733,-0.190288677159437,0.090475488910422,-0.00097457351902675,0.0154586467501798
1.46886405415809,-0.391732800482037,0.0484540410019037,-0.262457151693386,0.0892738470603647,0.00205879006828473,0.0182064034665099
1.6917398894201,-0.413712543929526,0.0472240873997883,-0.349324431522368,0.086861001224214,0.0047686883961682,0.0215221492309931
1.9244016438609,-0.44228446158205,0.044297657419335,-0.452010317702227,0.0830199383310454,0.00622910367611981,0.0250981605200963
2.159516195954,-0.472040071650322,0.0400406287846485,-0.557569586277947,0.0787927797836567,0.00528453387564162,0.0282186518777327
2.37043811044397,-0.492362310287442,0.0368331920237353,-0.636402443216311,0.0770581979740668,0.00192467950796156,0.0297227660632923
2.52831190260292,-0.494713738279636,0.0368637174084722,-0.665258625971903,0.0801558023839098,-0.00171311190395276,0.0287287109076363
2.6293021749214,-0.488637833928367,0.0399319708887699,-0.655761580257354,0.0867097826877186,-0.00336622592321,0.0255749555055791
2.69022414083512,-0.493596747020411,0.0440283606314184,-0.640193996524735,0.093277509916142,-0.00295533200332906,0.0213266605545936
2.72930900732739,-0.511927600920276,0.0470046642657786,-0.638518067425002,0.0975326423304972,-0.00168578622686379,0.0167534391762349
2.75912733825167,-0.527639648624404,0.0481557313616362,-0.650468871914036,0.0990028585031118,-0.000525356212907826,0.0122411656509555
2.78512441167897,-0.524005331559463,0.0483218824087599,-0.665356473964162,0.098464821703035,0.000157945173216718,0.00802090585988038
2.805893684554,-0.493825363192922,0.0486447032473505,-0.672774882707779,0.0970473490810473,0.000418377169343596,0.00417380431809288
2.81592865529423,-0.438269817985555,0.0495907445874101,-0.667020423450563,0.0956031305701968,0.00047309591722576,0.000595723318191351
2.80866040905325,-0.362703802198046,0.0507264072383657,-0.646620567708273,0.0945732098435224,0.000537151921920661,-0.00293918414723335
2.77831393172011,-0.274822471503218,0.0507101758328463,-0.613417007016874,0.0941367458497954,0.000778890140849937,-0.00667462142121208
2.72145837651677,-0.185134119788944,0.0473323688295823,-0.573429588967164,0.094411323266054,0.0013192435451267,-0.0107752341554046
2.64005243285095,-0.106927488238269,0.0383546208033373,-0.538684969261541,0.0956206086946406,0.00219124632009609,-0.0152431069113785
2.54579893987382,-0.0507013776021748,0.0244731527395451,-0.525570083479126,0.0981557872946553,0.00322665057939207,-0.0198635380293757
2.45985685971615,-0.00922518966221719,0.0138894241663508,-0.54260783070292,0.102258475885832,0.00395996476490602,-0.0241427307444056
2.39735302178385,0.0560312248342063,0.021466341938853,-0.567911800014221,0.107041990039393,0.00380704572232713,-0.0271754906781031
2.34021748162896,0.189285495470557,0.0519052805457202,-0.547004902148463,0.109944185272535,0.00272761757510094,-0.0279179947318629
2.24341815264243,0.37905710986534,0.0846470116424053,-0.448575731163602,0.109004185812113,0.00160356778929809,-0.0262203545118266
2.08659176780669,0.566773237912717,0.0961277204151235,-0.304573394225868,0.105352419202894,0.00121818412690963,-0.0230407981118079
1.88799056591951,0.713871808383827,0.0840681872490449,-0.16488623151265,0.101435279725442,0.00136018499653081,-0.0194559653840853
1.67323751372586,0.818502760935138,0.0593067798368655,-0.0533290394194228,0.098616856513538,0.00143063390785371,-0.0160790504854767
1.45656066956147,0.894094630344259,0.031815186377542,0.0302196822410882,0.0970998604275332,0.00110625470758253,-0.0131470370436321
1.24183015582865,0.953373652670809,0.00657683003035094,0.0942513507690443,0.0966202545401736,0.000353686049711351,-0.0107024889187778
1.02842864727651,1.00398312653745,-0.0150426319937764,0.146560182708569,0.0968600822591681,-0.000742049195315672,-0.00868805455374516
0.815049464186661,1.04943241759283,-0.0332632836832633,0.191939408559539,0.0975835726956871,-0.00207488941664664,-0.00700112632735771
0.601021064777204,1.09093864826293,-0.0487383576895226,0.232715198632776,0.0986510928953812,-0.00354628759516009,-0.00553245437663777
0.386430963298239,1.1286484858479,-0.0621483104222751,0.269661771561293,0.0999959028535217,-0.00506784188765582,-0.00418811893793696
0.171957193813274,1.16220459131947,-0.0741076846084988,0.302561833027529,0.101598039991421,-0.00655941883433538,-0.00289685795505054
-0.0412599135667893,1.19095909684741,-0.0851308777041172,0.330440558228252,0.103464772157504,-0.00794936695587992,-0.00160785592934253
-0.251669662393024,1.21405361436715,-0.0955840274194105,0.351654621894679,0.105616771123658,-0.0091774109976962,-0.000283246445951488
-0.457344974905628,1.23045671597728,-0.105635280480919,0.363976535800456,0.108075794576294,-0.0101982771197127,0.00111213282213505
-0.656067060991906,1.23897315183076,-0.115231919355382,0.364757174416972,0.110848990149734,-0.0109824437797859,0.00262211774014479
-0.845504800322846,1.23822129953466,-0.124115197139558,0.351223486756736,0.113905577536077,-0.0115091314761303,0.00430970736759603
-1.02346651395755,1.22661047254714,-0.131855843712281,0.320984531785221,0.117144246840758,-0.0117470972048337,0.00626255863570145
-1.18807414676149,1.20241661586886,-0.137877175091046,0.272878170920271,0.12035545961467,-0.0116255733463228,0.00858595469549571
-1.33761519738846,1.16408762661911,-0.141465378455501,0.208322443173525,0.123191523300109,-0.0110189327993875,0.011373378824514
-1.47014724403027,1.11082785547993,-0.14188514061463,0.132982301496778,0.125167332484913,-0.00980579005117625,0.0146483979098329
-1.58401185942455,1.04330759920095,-0.138837253010086,0.0571052498209268,0.125738016248143,-0.00807058536538729,0.0182839507897784
-1.68105530328388,0.963969944351275,-0.133210700209243,-0.00912165258507056,0.124562233757822,-0.00635474878359348,0.0219179560848138
-1.77107975252198,0.876406248963094,-0.127155091843378,-0.0654497496941906,0.122029190361515,-0.00550155536386608,0.0249131519943653
-1.86892547859799,0.785694951635516,-0.122651371123498,-0.123416974326391,0.11949722228104,-0.00577708738826348,0.0265546551368334
-1.98055106909979,0.700230849455167,-0.12056475610683,-0.190854435850312,0.118230905072875,-0.00629413946830508,0.0265046847715382
-2.09645407619161,0.626417262424627,-0.121208247945637,-0.263650377083114,0.118213166210251,-0.00582468563797073,0.0248533490847557
-2.20019516518212,0.559102734541954,-0.12352906223974,-0.332664404264177,0.118546476856231,-0.00397199052047121,0.0219445545287134
-2.27873165857991,0.485223074677996,-0.124946901676211,-0.3881092186962,0.118443308192952,-0.00143650489404257,0.0183489598254556
-2.3270243941249,0.396338670152266,-0.123766912190553,-0.423022044951024,0.117679829599675,0.00069779620483278,0.014635408997637
-2.34616470048197,0.292070621654563,-0.120221549141058,-0.436132830372542,0.116437889358375,0.00170252408760592,0.0111774407196854
-2.33968266110473,0.175700074122364,-0.115319860267286,-0.430586378378218,0.114998949131067,0.00135740490254023,0.00816289475954311
-2.31126613166677,0.0506261294891052,-0.109745641071008,-0.410825107969535,0.113575676220722,-0.000235182304522933,0.00566412164528231
-2.26390945184999,-0.0805686165437461,-0.103611572032635,-0.380525637723729,0.112274876470011,-0.00284415781010637,0.00369132349228442
-2.19977128576001,-0.21591253892343,-0.0967011590286099,-0.341978761685696,0.111117992540506,-0.00621666679455958,0.00222519973905133
-2.12028736634527,-0.353677782586382,-0.088815900623671,-0.296265760002642,0.110073712231091,-0.0101195274387042,0.00123473915991202
-2.02636416623977,-0.492124373954974,-0.080048111043254,-0.243726260372386,0.10908635152481,-0.014350415735586,0.000684926177360874
-1.91860928206736,-0.629388208231129,-0.0708966976059334,-0.184478572804439,0.108097160746672,-0.0187391413989209,0.000539246219981943
-1.79756931187818,-0.763508374625076,-0.0621969209725168,-0.118853567120679,0.107059077404749,-0.0231468882500636,0.000761123582776608
-1.66391930763685,-0.892570717114001,-0.0549052153412571,-0.047630282812154,0.105945160198769,-0.0274652389617429,0.00131616586273501
-1.51854111177867,-1.01491185024657,-0.0498442988858788,0.0279818208400461,0.104750870275233,-0.0316141446349592,0.00217410206239983
-1.36245913367761,-1.12930805340638,-0.0475256463806142,0.106573516366682,0.103492012852542,-0.0355367182558865,0.00330685458525731
-1.19665563068946,-1.23507622220165,-0.0481201282375933,0.186843183706329,0.102202919808224,-0.0391891586203933,0.00467833413025599
-1.02186940593692,-1.33201145236102,-0.0515737436025575,0.267753192561907,0.100941937256823,-0.0425277742644272,0.00622273633871369
-0.838639565271198,-1.42007024233983,-0.0577736840791336,0.348206535445753,0.0998124074247753,-0.0455022139214905,0.00781144603714908
-0.648040181427485,-1.49878885603691,-0.0665502471239354,0.425962448476763,0.0990029390612026,-0.0480690897275307,0.00921493694801763
-0.453300832672191,-1.56681225149829,-0.0772765272208443,0.496221744660484,0.0988237260711512,-0.0502300588276404,0.0100811106562472
-0.261053217748563,-1.6224645058313,-0.0882807909272444,0.551916090518945,0.0996504338167552,-0.0520669253365801,0.00998504533598234
-0.0793899412616675,-1.6657619165012,-0.0971316587032424,0.587821039970903,0.101687368787129,-0.0537241868725567,0.00861031535861779
0.087023343460775,-1.69975473866841,-0.10230560052103,0.605345659853459,0.104733276330763,-0.0553345784818903,0.00596454252972486
0.238941911828491,-1.72858426464053,-0.104419456555602,0.611164664989483,0.108304054288924,-0.0569620568634446,0.00238312184309912
0.379741659332488,-1.75399105266232,-0.105554470502663,0.610865994784079,0.111980925960694,-0.0585924583049664,-0.00166260903228779
0.512506812653233,-1.77364562533259,-0.10783420345897,0.603953219136048,0.115581620345744,-0.0600942379883173,-0.00570861777853659
0.638087487612826,-1.78180415241875,-0.11228040378693,0.581362498328533,0.119107832302652,-0.0611470511815075,-0.00932509313536388
0.752072009090995,-1.77112562656505,-0.117973622355865,0.526374948563674,0.122596721700434,-0.0613002442764447,-0.0121086984512801
0.844443235061046,-1.73402323196191,-0.122249019175525,0.423913317280736,0.125987566925325,-0.0602961574249014,-0.0137503234125264
0.909922915909485,-1.66403521148491,-0.122657099927222,0.276348137902368,0.129105235738823,-0.0583823560471181,-0.0142161632961564
0.961842016488798,-1.56121044310032,-0.119038590473247,0.107630324040093,0.131688158143391,-0.0561014841113519,-0.0138009689149398
1.02717458456761,-1.43922355879672,-0.113348906368336,-0.0543024933415379,0.133392563848107,-0.0538568480075373,-0.0128917916942097
1.1239552482363,-1.32244662930587,-0.1079149893039,-0.196112588907757,0.133841683842645,-0.0518445799102562,-0.0117560249326063
1.24750116819134,-1.23097454836637,-0.104142996894498,-0.318975994646347,0.132684193516633,-0.0501569206646728,-0.0105555030890949
1.37719589247259,-1.16776183913946,-0.102238647062075,-0.42701368745157,0.129679817589959,-0.048834744685303,-0.0094654497858601
1.49224230844984,-1.11893437642557,-0.101514995594886,-0.519758794536858,0.124870858833357,-0.0479167169735603,-0.00873909227212058
1.58191395360658,-1.06421124989227,-0.100814352320983,-0.593047824688422,0.118727796249699,-0.047480077773409,-0.00862702125186901
1.6456735316968,-0.987308080027198,-0.0987601431303134,-0.642747089853738,0.112091169973193,-0.0476610624153478,-0.00922442542357206
1.68724156600064,-0.88012137954268,-0.093970786404943,-0.665996940659805,0.105909743724349,-0.0486693303483977,-0.0104086560774141
1.70876692172419,-0.742061063536608,-0.0857244681693676,-0.6605111949992,0.100930305258235,-0.0507633262425728,-0.0119161538289993
1.70873413836187,-0.578380928596391,-0.0751528296945493,-0.625387290834264,0.0974884786028125,-0.0541203036125307,-0.0134693518942699
1.6846316512714,-0.398847127582476,-0.0658949862509274,-0.564992600233319,0.0954847304040799,-0.0585951915348858,-0.0148264969423333
1.63907242070144,-0.215557251458321,-0.0625070418250564,-0.493090203407613,0.0944831416464866,-0.0635030765776452,-0.0157032608770271
1.58388679861355,-0.038257769448635,-0.0664445462352649,-0.429743468469736,0.0938223548511318,-0.0677019861352104,-0.0157243266878247
1.53396335001604,0.131513882675619,-0.0734127809187333,-0.38710527525925,0.0928858443435043,-0.0701768575011227,-0.0146573389410095
1.49463209739748,0.300446042969393,-0.0767053602499874,-0.359094040946636,0.0914509747405852,-0.0706876960758463,-0.0126678899922053
1.45935717427631,0.475845256236088,-0.072975863736827,-0.329968110107475,0.0896053846792907,-0.0696972821605142,-0.0101553311900535
1.41801837175409,0.659775654681408,-0.063602873957441,-0.287957701970569,0.0874547680172299,-0.067833342222509,-0.00748818992340983
1.36361905145932,0.849254857160091,-0.0522425048874284,-0.229713710742515,0.0850579500206454,-0.065569048074138,-0.00494200347575396
1.29385335976325,1.03903842151883,-0.0422150432297873,-0.158051031912526,0.0824964099392595,-0.0631838792458048,-0.00272846294525446
1.20993390378893,1.22395850503366,-0.0352576978670715,-0.0783370916271046,0.0799066145794496,-0.0608231315208063,-0.00101262172000239
1.11479986683336,1.40007122446594,-0.0315172205968133,0.00423202920012406,0.0774462213024894,-0.0585625058617134,9.00560005130832e-05
1.01161086444352,1.56490223372459,-0.030191563150817,0.0860655085821414,0.075235723997941,-0.0564546548190661,0.000520379731208959
0.902829185488832,1.71720271449301,-0.0302771834903425,0.165484272342759,0.0733217469462915,-0.0545578026486459,0.000271706268403955
0.789953892755999,1.856513358164,-0.0310606835649122,0.242267418580022,0.071681905485579,-0.0529520533691634,-0.000629258175225985
0.673704557190542,1.98278167380849,-0.032249152766808,0.316999334568209,0.0702585072572738,-0.0517471492517093,-0.00214895324354374
0.554198168146414,2.09620576600568,-0.0338971989962995,0.390758624370532,0.0689966381753112,-0.0510799083861033,-0.00426489935839106
0.430657360520293,2.19731052888201,-0.0363946151861505,0.465337067290129,0.0678761979581319,-0.0510918628738703,-0.00696230584713169
0.300526460797169,2.28706444293936,-0.0406555558299062,0.543632146159976,0.0669425032664791,-0.0518683164197184,-0.010205965982232
0.1586980765745,2.36668673988118,-0.0483202893503875,0.629193310572305,0.0663261021359188,-0.0533162794109803,-0.0138950395816048
-0.000989300067225748,2.43677823363712,-0.0613224792550296,0.723331872016924,0.0661837976756481,-0.054983220698738,-0.0178067766225794
-0.178668750333707,2.49561989234382,-0.0800189885058569,0.818719172735893,0.0664462797909208,-0.0559214121421317,-0.021496479011543
-0.35609425787606,2.53727397774077,-0.10035912131574,0.892832622854687,0.0665045481406594,-0.0549726850184982,-0.0241422715086557
-0.496403544884013,2.55381520280669,-0.114369457395194,0.916612684844364,0.0657415596725694,-0.0519503473170891,-0.0247407658381424
-0.577074006442321,2.54592893532892,-0.11768811337608,0.886036592960951,0.0650658634961642,-0.0485235135296114,-0.0231025111654425
-0.609522444614951,2.52467670876095,-0.113617536369176,0.827402126554412,0.0664861935995542,-0.0466551546318501,-0.0200804191401859
-0.610570738689905,2.49684607268204,-0.107053603600625,0.763480082846204,0.0710161693854156,-0.04697139300665,-0.0165044674098241
-0.583716761430424,2.45822438296271,-0.10021009627076,0.699706866941673,0.0781787165334859,-0.0490286541895315,-0.0128129112102657
-0.52629972105747,2.39688933447244,-0.0935008731094419,0.633120241540645,0.0865979104728342,-0.0520476877233062,-0.00925379362111153
-0.441405211802347,2.29822292525199,-0.0871453922757176,0.561547767415324,0.0946301189268758,-0.0553301686932852,-0.00600916869228549
-0.342470890312146,2.15105192069639,-0.0816383635823752,0.487112430394354,0.100902333012723,-0.0583688192253966,-0.00324971881365878
-0.248477109812372,1.95284428966663,-0.0775875983955302,0.415911082609173,0.104661962216608,-0.0608205973417977,-0.00115160228657776
-0.176136634317479,1.71021237407068,-0.0755597353254783,0.3559986298567,0.105795526617752,-0.062464385115298,0.000132885922892984
-0.135939757623645,1.43566592281538,-0.0759606016842424,0.314530811210407,0.104620031704619,-0.0631929164259313,0.000524035489617005
-0.132133428513718,1.14374723533807,-0.0788720409388927,0.294932506427408,0.101677311284266,-0.0630365584251556,5.06453301706551e-05
-0.163864420085976,0.847579836219999,-0.0840211867036817,0.295897867610084,0.0976065613412216,-0.0621704772297471,-0.00115414283060236
-0.226648695924241,0.556525786805025,-0.090986569193979,0.313154295257178,0.0930532751659861,-0.060867800357018,-0.0029021446402995
-0.314045776027816,0.276138941979734,-0.0994199310921648,0.342336792710366,0.0886067626764932,-0.0594249016708049,-0.00500680782481454
-0.418778089012323,0.0101225810488844,-0.109018471965095,0.380534392698874,0.0847764092907732,-0.058101640555006,-0.00730381975599587
-0.533027941980078,-0.237377347863011,-0.119222700549724,0.425651614592681,0.0819672402115755,-0.0570773194370137,-0.00962701583743156
-0.648728579486209,-0.460575989329155,-0.128849191085862,0.474317440044025,0.0803899270177961,-0.0563994919595275,-0.0117608034620142
-0.758745119478158,-0.652900327822986,-0.136081273879577,0.519932006082763,0.0799075395895175,-0.0559322323068011,-0.01341585253845
-0.858753540742889,-0.810601387625827,-0.139321002520919,0.553085800150168,0.0799763967279396,-0.0553673090099311,-0.0142962394155645
-0.94844937972495,-0.937167711099573,-0.138629306179472,0.565654363831952,0.0798807529952824,-0.0543628125825321,-0.0142539490761608
-1.03066007506521,-1.04294884747208,-0.136162926577896,0.555615783023121,0.0791380987989327,-0.0527417231346313,-0.013374159318845
-1.10870630060204,-1.13902422616524,-0.134800854441728,0.52759512018365,0.0776773986608571,-0.0505772717237619,-0.011894612671306
-1.18416435935908,-1.23182994103858,-0.136430548603672,0.489154388184434,0.0757014257482547,-0.0481163580636236,-0.01007786704777
-1.2564091523054,-1.32246155914212,-0.141344187382886,0.446846332953983,0.0734808649920302,-0.0456454879056127,-0.00814838995330238
-1.32346427103928,-1.40880371226367,-0.14865761125641,0.404418079363917,0.0712441910593054,-0.0433945347743236,-0.00628394576728944
-1.38308012648333,-1.48780050095858,-0.157033083894692,0.36295766048648,0.0691550970748115,-0.0415020609056151,-0.00462155516244849
-1.43341262677943,-1.55679963668171,-0.16522591392603,0.321891770834208,0.0673241386999495,-0.0400251397838948,-0.00326269562785427
-1.47324113728701,-1.61403476589422,-0.172340296907888,0.279985473745042,0.0658233564511368,-0.0389684176095489,-0.00227750011746345
-1.50192721451844,-1.65862711170051,-0.177879096525565,0.236002966498429,0.0646949715963391,-0.0383138775917102,-0.00170915761556509
-1.5193078627547,-1.69041298725865,-0.181704360755837,0.189039777865413,0.0639548166756822,-0.0380426963020667,-0.00157822590115876
-1.525615101332,-1.70975313111693,-0.183979896634509,0.138657096345654,0.0635935438660411,-0.0381477210667455,-0.00188632636761942
-1.52143399047527,-1.71738252757613,-0.185119341290913,0.0849402617311672,0.0635782494675828,-0.0386379585814781,-0.00261892014400594
-1.5076729550482,-1.7143222072919,-0.185734846270247,0.0285664817521044,0.0638558244327456,-0.039536231938211,-0.0037466510532645
-1.48549582243362,-1.70185728409231,-0.186561413138588,-0.0290723727262828,0.0643583060120762,-0.040869715889262,-0.0052244984506627
-1.45613422956461,-1.68155360173965,-0.188312163807188,-0.0857153342526802,0.0650102116981443,-0.0426521511685738,-0.00698858375201332
-1.42048135823446,-1.65522960019431,-0.191419425676963,-0.13819659591505,0.0657371046182985,-0.04485780724426,-0.00895201326321766
-1.3784252296745,-1.62474121237585,-0.195676530429169,-0.182826182187549,0.0664712575857307,-0.0473916639307546,-0.0110020641241342
-1.32806115858531,-1.59143353189784,-0.1999294682179,-0.216508239549645,0.0671444900236699,-0.0500665009902466,-0.0129987308715559
-1.26517851160471,-1.55526048891862,-0.202097159020491,-0.238633821010519,0.0676586527557839,-0.0526025075906775,-0.0147699218804696
-1.18364691610127,-1.51398995990052,-0.199784809628701,-0.253105165031089,0.0678493447199801,-0.0546682551922055,-0.0161017017410359
-1.07745928555026,-1.46355956108143,-0.191506191066761,-0.268800155516988,0.0675152605351055,-0.0559816754547787,-0.0167474162595438
-0.944540605136899,-1.40064079369972,-0.177955650488084,-0.296159795093458,0.0666003899417836,-0.0564565805660527,-0.0165085088230745
-0.789690600465618,-1.3261013482788,-0.162060262068788,-0.340341771346297,0.0654269581904385,-0.0562839045635007,-0.01537550850475
-0.622300891173177,-1.24545216047167,-0.147157949855632,-0.397317335223378,0.06464964649024,-0.055823322074808,-0.013564637012371
-0.450134906357278,-1.16571543613725,-0.134972879983397,-0.457543222474319,0.0649088540779418,-0.0553984068103612,-0.0113723191385647
-0.275703357571196,-1.09286786069476,-0.125315711666871,-0.512281330752116,0.0665796612669667,-0.055181062089813,-0.00903468952322139
-0.0972855173335357,-1.03184980331423,-0.117104025801168,-0.556737528496435,0.06975944858042,-0.0551807696808576,-0.00671851104006118
0.0880536935586467,-0.98777464992282,-0.109395607624664,-0.589941870677898,0.0743255510001211,-0.0552777327791889,-0.00457895839985393
0.281478403888298,-0.966892912455309,-0.101872730148102,-0.613362714513107,0.0799538595347255,-0.0552690800436981,-0.00280518388037849
0.47990077420976,-0.976604939700306,-0.0948261970682222,-0.62939834854525,0.0861094437644633,-0.0549208250190361,-0.00162504511523553
0.674344350991636,-1.02409222872743,-0.0888381490967234,-0.640234063148675,0.0920569464515832,-0.054030270532874,-0.00126241223872999
0.85004712602145,-1.11339825136406,-0.0844090254980034,-0.64762943101222,0.0969277430176575,-0.052492869084399,-0.00185787827530631
0.989207784984432,-1.24154369403251,-0.0817927070889862,-0.653984050534227,0.0998508313189134,-0.050340770185491,-0.00339730668411046
1.07633608091289,-1.39562193539001,-0.0810935445231867,-0.663661598025306,0.100119531089459,-0.0477312595273073,-0.00571098367640148
1.10469867800693,-1.55344667133103,-0.0823700900471268,-0.682543750349625,0.0973400640126554,-0.0449322612497849,-0.00856388512663932
1.08144740320234,-1.68846597100967,-0.0854681204321931,-0.7152783098949,0.0915551899478485,-0.0423893916597435,-0.0117672434125972
1.02875886944057,-1.77767595008472,-0.0895724371496827,-0.762244770647956,0.0834210290135053,-0.0408546805060083,-0.0151876925530469
0.976559492985886,-1.81001006733182,-0.0929646036932778,-0.818319204007616,0.0743068388000106,-0.0413402276184958,-0.0186054905267452
0.945271932627704,-1.78801388996171,-0.0939570051796101,-0.87279869354196,0.0658235302672145,-0.0445615973282393,-0.0215572136553109
0.93217240890917,-1.71804255694253,-0.0930661187315772,-0.910043745231423,0.0588397696070951,-0.0499784859624274,-0.0233684221996456
0.920654227707983,-1.60210040550882,-0.093641119067604,-0.915776982327732,0.0531795975471955,-0.055553747300633,-0.0234697143277504
0.903612937344859,-1.44497194132378,-0.0982979935020532,-0.88866153705611,0.0484913898199615,-0.0592342625726213,-0.0218469525705429
0.888282999912594,-1.26077832182755,-0.105731912844993,-0.840953381247952,0.0448676451275774,-0.0605657768243125,-0.0190433499060077
0.882720224031304,-1.0650018337517,-0.112665219277705,-0.78619031350243,0.0424805129837669,-0.0603931126469818,-0.0156813759981779
0.888683025884979,-0.866508567804846,-0.116855082667505,-0.731465642226731,0.0412133480817889,-0.0597337747003493,-0.0121854880635498
0.903572795539396,-0.667911514122071,-0.117808850958258,-0.678307197457053,0.0407276657053321,-0.0592424509978813,-0.00879637973126379
0.923636045484241,-0.469100651400667,-0.116122185759043,-0.625888951680013,0.0406576742270616,-0.0591965826748716,-0.00563822625464423
0.945635339385431,-0.269702876107487,-0.112691864207834,-0.573153313541967,0.0407251510159766,-0.059626838970567,-0.00276404989738022
0.967276614887652,-0.0698350563369922,-0.108261604078918,-0.519517179424376,0.0407658853886964,-0.0604378893476649,-0.00019210495353005
0.987038202729563,0.130143307301784,-0.103329637183431,-0.464717757144436,0.0407185575156976,-0.0614911485785189,0.00206008050664025
1.00379838127678,0.330147732582203,-0.0983081081583093,-0.408338054914729,0.0406133545418355,-0.0626549992318598,0.00394873769904839
1.01646218575529,0.530665433941689,-0.0937924587120629,-0.349408313953389,0.0405667386517144,-0.0638311627593687,0.00538988342467954
1.02374784549497,0.732499293557041,-0.0907473948366611,-0.286432795095172,0.0407632910969033,-0.0649622387531097,0.00626522898117131
1.02430532778501,0.935887653339059,-0.0903757537070264,-0.218068973640972,0.0413974241540359,-0.0660248314011506,0.00645489129106988
1.01717843144156,1.13949049139128,-0.0936086357687185,-0.14420358391341,0.0425766394824851,-0.0670167211410153,0.00588917468280395
1.00226521031753,1.340139982146,-0.100562370062835,-0.0665882313287345,0.0442460358808569,-0.0679490160934476,0.00458464982508174
0.980350680237625,1.53365897920268,-0.110437443004401,0.0115592077352471,0.0462026593036967,-0.0688484992945576,0.00263242839095002
0.952751475288421,1.7159527389548,-0.121854545061268,0.0865329254361325,0.0481907498161682,-0.0697638408370577,0.000152806544913298
0.921012658726787,1.88351912916671,-0.133182940985,0.154837692049132,0.0500094684426916,-0.0707613676862894,-0.00274254311446716
0.886950084988289,2.03342867119514,-0.142586074853146,0.213409793298848,0.0515882901089414,-0.0718963861585257,-0.00596096317234534
0.852943143695481,2.16343384806194,-0.147956485671685,0.259846792461074,0.0530200053649082,-0.0731506850390831,-0.00941712069158469
0.822068992432775,2.27279235327596,-0.147204108110464,0.293249039654734,0.0545311626644329,-0.0743327966850481,-0.0130053975490117
0.797437733522651,2.36393862196764,-0.139386176995109,0.315955616837017,0.0563424564484999,-0.074956290705081,-0.0165477988751446
0.780061693022124,2.44427589953458,-0.126729481897608,0.335567630812283,0.0584071830559882,-0.0741886216340672,-0.0197070735351896
0.765686174775782,2.52526757508582,-0.115990130501445,0.364245821685489,0.0602334952103209,-0.0711428621931167,-0.021941972840337
0.744537335719883,2.61445174436487,-0.115266042232946,0.410270646404601,0.0612608429589051,-0.0657180015992657,-0.0227588197857244
0.708509435580746,2.70563623383568,-0.126419310175163,0.467244850585907,0.0616237252643239,-0.0591454311444423,-0.0222027719869183
0.658810734672716,2.78336543489949,-0.143289623629518,0.519110885707996,0.0621289695093685,-0.0531539749124254,-0.0208119336825681
0.603624216410276,2.83586009128156,-0.15825779198366,0.5548580570028,0.0635278108193632,-0.0488698733647946,-0.0191146224009473
0.550581310186506,2.85909089149624,-0.16738755433289,0.57240952180658,0.0660883778819941,-0.0466139601095555,-0.0174631861488992
0.502722877547736,2.85385360733414,-0.170592418361779,0.574133555666419,0.0695938487235023,-0.0462047445232537,-0.0161123862359765
0.459184163977451,2.8229239647556,-0.169632964714965,0.563235046693867,0.0735690049831173,-0.047290203535857,-0.0152326564344321
0.417624137495543,2.76994391653439,-0.166450990292038,0.542644583849121,0.0775506153858938,-0.0495402337183122,-0.0148626288320032
0.375788799385164,2.6991468896519,-0.16254920616214,0.514512148044754,0.081247425918831,-0.0526877201068047,-0.0148959841041352
0.331690134118497,2.61479792133414,-0.158932410659045,0.479097592720872,0.0845717608055565,-0.05648008875217,-0.0151270614676403
0.283266269211115,2.51972364339714,-0.155975980316023,0.433672549612241,0.0876043651597306,-0.0606050343427749,-0.015316963154681
0.228323010830716,2.41350584039663,-0.153156527066617,0.373407817289104,0.0905221281791518,-0.0646443101261357,-0.0152395426761823
0.164820826996842,2.29248762480285,-0.149155588127369,0.295345089118918,0.0934778409555262,-0.0681195269747374,-0.014707669186885
0.0914847457311006,2.1533502358955,-0.142678960661972,0.202943838541003,0.0964676183097624,-0.0706464701353289,-0.0136025510210299
0.00895513210500274,1.99781148710352,-0.133438985809175,0.106387811544704,0.0992918300074971,-0.0720828199500221,-0.0119009693357207
-0.0791988745968307,1.83322897840778,-0.122394653001105,0.0176259715212603,0.101650738440569,-0.072535067122773,-0.00967376345085099
-0.167021364268547,1.66830102757017,-0.111160461573702,-0.0552987933961821,0.103277607102763,-0.0722472569337302,-0.00705612366517897
-0.248360933982616,1.50833020500622,-0.101222519619544,-0.110373435535545,0.104011628295935,-0.0714813657018189,-0.00421537202730974
-0.319220573641361,1.35361096979945,-0.0934479508949684,-0.150135979639012,0.103812717299757,-0.0704442230916038,-0.0013315137505179
-0.378935507295638,1.20072736499864,-0.0879363256258137,-0.17884716140611,0.102763416936836,-0.0692610401299738,0.00140985321328935
-0.429947324050588,1.04476473074079,-0.0840709265379334,-0.200094449721293,0.101078479956117,-0.0679837901605346,0.00381916635125235
-0.476549980859821,0.881090446951448,-0.0807090072012232,-0.215453336603862,0.0991003235626354,-0.0666173340177118,0.00571145912257938
-0.523001472426595,0.706586109682867,-0.0765867147860211,-0.224331462688613,0.0972319262074355,-0.0651443804703608,0.0069362844428476
-0.571635616074602,0.520489751086965,-0.070908515694278,-0.224989778041396,0.0957954495321148,-0.063543838754552,0.00742662196092932
-0.622083938434171,0.324459603982047,-0.0637522551046104,-0.216165847434679,0.0949079290190324,-0.0618098212617978,0.00723008703346613
-0.672177935031854,0.121560567653546,-0.0559151608757417,-0.198118103667392,0.0944884283461362,-0.0599698289861165,0.0064845509816314
-0.719587437941181,-0.0851317424274904,-0.0483719126879822,-0.172447755172524,0.0943734292561174,-0.0580895186010128,0.0053544000147209
-0.762832545506629,-0.293332289804606,-0.0418447732687389,-0.141235502128546,0.0944202205226313,-0.0562610908417438,0.00397626493161305
-0.801339239987854,-0.501559530345683,-0.0367079275134985,-0.106345454238744,0.0945395616551472,-0.0545857124247031,0.00243625945060543
-0.83502748396715,-0.708764474186545,-0.0331049296972485,-0.0692276183662593,0.0946804873715724,-0.0531603052494245,0.000769820931868358
-0.863909756635446,-0.913938728245184,-0.0310966824932363,-0.0310995134567633,0.0948040665001578,-0.0520723148006352,-0.00102920491360051
-0.887886498660581,-1.11580611339825,-0.0307413855507833,0.00669604996118855,0.0948654636256844,-0.0514009774992324,-0.00299668844567461
-0.906762306989425,-1.31254233949038,-0.032072628041372,0.0422799683025063,0.0948121792103752,-0.0512204703457447,-0.00518516334036013
-0.920493485104833,-1.50145417534974,-0.0349595455449961,0.0728661122347281,0.0946054578934446,-0.0515969568485228,-0.00764996552963523
-0.929686910142862,-1.6786659529605,-0.0388512014538415,0.0946256468388671,0.0942725243136717,-0.0525664439222162,-0.0104359214601201
-0.936261113003176,-1.83908216301903,-0.0424873018394674,0.103148683438396,0.0939850680924265,-0.0540737878867234,-0.0135674927760152
-0.943884804251502,-1.97709923723508,-0.0438135696885984,0.0948890982256469,0.0941183681024313,-0.0558488021508162,-0.0170421206787694
-0.957463782152318,-2.08853815991133,-0.040481565947301,0.069714026814405,0.0951793111949445,-0.0572056886435429,-0.0208093549233864
-0.980784077457323,-2.17422672937515,-0.0313277136344389,0.0343279619767696,0.0974540183182764,-0.0568277662444594,-0.0246857000803483
-1.01166633196372,-2.24543288803295,-0.0189162082228363,0.00510561952052294,0.100365049579275,-0.0529024963100203,-0.0281560769571221
-1.03733484212101,-2.32557751452586,-0.0109898516537223,0.00282042307707372,0.102201799774929,-0.0444778226226048,-0.0302861006086078
-1.04103583126922,-2.43164677426504,-0.0148232259694945,0.0306112998953891,0.101546494967764,-0.0336051126449986,-0.030453449087066
-1.01940241055447,-2.55084697285659,-0.0284066385761166,0.0646789343591222,0.0990068481910061,-0.0243302672509055,-0.0291924626950334
-0.983964886444603,-2.65701511043398,-0.0437581530006062,0.083603707629147,0.0962598695331136,-0.0192433517518693,-0.0274312699331555
-0.947151685310783,-2.73528586414483,-0.0553031022936313,0.0851816966734337,0.094432911400044,-0.0187034259136384,-0.0257127661554445
-0.91440389865739,-2.78396782423027,-0.061798767571968,0.0767065362971784,0.0937320693478631,-0.0218425469184055,-0.0242806157242515
-0.885492505346395,-2.80806242029443,-0.0644683831102468,0.0654743740037383,0.0937717874270807,-0.027428761682755,-0.0232374894205364
-0.858109954202339,-2.81416824600793,-0.0651606339729832,0.0556955160263409,0.094028607125987,-0.0342718491374411,-0.0225820659870027
-0.829812753495428,-2.80710308917954,-0.065324514057418,0.0478158895687254,0.0941448720866797,-0.041284626654866,-0.0222320943336243
-0.798525249433753,-2.78744768655043,-0.065447952901971,0.0391221871866384,0.0940377032687787,-0.0474252133445338,-0.022050331621471
-0.762674995041133,-2.75104172709103,-0.0649103192824803,0.0262524064996396,0.0938441425010716,-0.0517237516044454,-0.0218664772895272
-0.721245924494678,-2.69229726642948,-0.0625793878033397,0.00845303206621134,0.0937445725815161,-0.0534907202714664,-0.0215297988602047
-0.673834762337994,-2.60976306192208,-0.0579164793454799,-0.0113476403902529,0.0937912828325687,-0.0525857236953332,-0.0209976615664434
-0.620779330048346,-2.5084635854319,-0.0515698878064834,-0.0287814367263146,0.0938663012055173,-0.0494540858804043,-0.0203834980377863
-0.562974822136464,-2.39668577559438,-0.0449210313014693,-0.0413187381733424,0.0937599310824622,-0.0448482596073299,-0.0199077560823214
-0.501092057598741,-2.28102241451156,-0.0391480193272144,-0.049871126882668,0.0933018290545856,-0.0395004752292979,-0.0197996139477239
-0.434483954909651,-2.16365271989846,-0.0345133279072358,-0.0583191648187298,0.0925055490226239,-0.0339961116267704,-0.0202162497311282
-0.360326379605789,-2.04209083789281,-0.0300191271138052,-0.072031826074829,0.0916929442329233,-0.0288741381007371,-0.0211975413331674
-0.273954639398201,-1.90974326892814,-0.0233151949340692,-0.0955798004916623,0.0915078775115517,-0.0248589124911195,-0.0226676182225182
-0.171673739243886,-1.75664379232717,-0.0110473080537423,-0.128752617350864,0.0926823146829322,-0.023024997816423,-0.0245009752276055
-0.0561205561998108,-1.57209929254616,0.00969081793394426,-0.161514764274802,0.0955581974594815,-0.024575779347263,-0.0265802903118421
0.0577032932783762,-1.35306100829368,0.0378219429540163,-0.172334978057236,0.0995781326383492,-0.0300507587385165,-0.0286537084129618
0.141961561158626,-1.11912873656439,0.0634095267127594,-0.140147682160933,0.102922496753544,-0.038292264079828,-0.0299582858246867
0.177855343967543,-0.910648485027943,0.0715405117998711,-0.0741463324121763,0.103142073031077,-0.0463113992616291,-0.0294331423434997
0.18617568382516,-0.7457336897429,0.0606201315888626,-0.0157445482373022,0.0998224774312629,-0.0514646973893932,-0.0270224360890439
0.206006631222452,-0.60306097423905,0.0443372825300659,0.00911174390009377,0.0951889155625122,-0.0535770958257545,-0.02361012456308
0.256259279063727,-0.453833959972831,0.0347963608467612,0.00708644618972835,0.0913749822953601,-0.0539622319060234,-0.019897601272166
0.333193497570112,-0.281617658956689,0.0357113865760382,-0.00352130823414319,0.0890631256034996,-0.0538991942954738,-0.0162100742717762
0.423830035203275,-0.0828592882449838,0.0451126637004551,-0.00859416567795722,0.0878796612183498,-0.0541777508735823,-0.0127063611685935
0.516024458514954,0.13778648587195,0.0591449592652466,-0.00175801256206325,0.0871154511270676,-0.0551455449068805,-0.00948621539505497
0.602235023104223,0.372537945771267,0.0744376783063836,0.0175365396952118,0.0862092441859959,-0.0568529235862872,-0.00659805607147261
0.679039760531665,0.614110007848596,0.0889205650477419,0.0470489940107238,0.0848878802133009,-0.0592005724126221,-0.00403503575498043
0.745230233952982,0.85708874484271,0.101647389970743,0.0840347294344618,0.0830910356653224,-0.0620422424482109,-0.00175481262908077
0.800230384240764,1.09764660575239,0.112299635867227,0.126304061472119,0.0808596424896099,-0.0652283182803021,0.000283102065307627
0.843365761333231,1.33252269910892,0.120769758295901,0.172209303650461,0.0782791715828948,-0.0686110305303076,0.00207349098227285
0.874050379124258,1.55788201390598,0.12696156039324,0.219830675018714,0.0754836929024894,-0.0720390796687158,0.00352387266607783
0.892844634615392,1.76872947943688,0.130843481431223,0.265850749970885,0.0726761890202617,-0.0753600628893989,0.00443077189994551
0.902603639495438,1.9599916741665,0.132692103682112,0.305428306969127,0.0700776278887613,-0.0784357071028415,0.00450823815560166
0.907620007923973,2.12941389614158,0.133201159584371,0.334669699940127,0.0677353622817908,-0.081157996447921,0.00350926175208157
0.90987018022475,2.2789722848374,0.133077295105777,0.35425682772633,0.0653353655675265,-0.083430989294639,0.00139897145184867
0.906601961030693,2.41117453141098,0.132455469962052,0.368968416972843,0.0623339665791907,-0.0850864212899203,-0.00157701554171887
0.894034959031059,2.52383769125118,0.130958623033507,0.381789998609954,0.0583572255089926,-0.0857717232189593,-0.00498513459713313
0.874032192758303,2.6106724792662,0.128380771877711,0.388820391291003,0.0534353319917863,-0.0849328283955263,-0.00833423149828407
0.855336598969605,2.66835784747365,0.12515698288734,0.381162627308895,0.0479220261305489,-0.0820583857140651,-0.0112001149354036
0.845529675099719,2.70199286971125,0.122080081016676,0.353352558898066,0.0423202491537147,-0.0771748635775913,-0.0134000010271622
0.842585072328722,2.72008476438787,0.119601513761825,0.309229781236894,0.0371680468071709,-0.0710916925072526,-0.0150964997107056
0.837788390991336,2.72346809381636,0.117563130525778,0.258379517278603,0.0329824323555771,-0.0650538910874308,-0.0166505584811426
0.825609208324963,2.7004145243756,0.115561449694587,0.209959683105413,0.0303069703515961,-0.0603539129587037,-0.0183442353397509
0.810444670260144,2.63154050626155,0.11346743457096,0.171195908392032,0.0297599254868358,-0.0583234103772057,-0.0201866544917729
0.806971720390976,2.50607346226223,0.111749277627611,0.147485204750677,0.0316567354145931,-0.060162627525071,-0.0219019964858916
0.826741746751668,2.34672399652884,0.11130337246696,0.139736734044988,0.0353333044053996,-0.0658409555530092,-0.0230370674056202
0.848793603044694,2.21199510417141,0.112577705654362,0.143903148640615,0.0392782655863048,-0.0729103023103215,-0.022948414310016
0.823342660386625,2.13862556575784,0.114472523452546,0.15615596195988,0.0420262848341663,-0.0778375768357091,-0.0210396417643503
0.738762959162002,2.090194671802,0.11532305105639,0.173206801960882,0.0431663928910944,-0.0791559056112973,-0.0175722891890043
0.634191412516953,2.0109661767568,0.115175010818199,0.190542923486211,0.043496840321448,-0.0779434034131725,-0.0134587299218633
0.54512941380151,1.88461182830483,0.115199195602243,0.204946025591572,0.0438054267270965,-0.075825867074094,-0.00946960682114696
0.480451596377928,1.72477660785397,0.116157187960599,0.215748006126943,0.0443943387202809,-0.0738549236758181,-0.00613417769458532
0.431643560588837,1.54928893447778,0.118068254219951,0.22382148030006,0.0454052595570202,-0.0725025527147725,-0.00384084737422734
0.386174716509963,1.36811848350247,0.120514625974173,0.230476409252091,0.0470068841701564,-0.0719234084191883,-0.00284456888069136
0.336069321698093,1.18256823293496,0.123048050444574,0.237310655419231,0.0492992420656523,-0.072146677220859,-0.00323254967925051
0.281874677424756,0.989422856255533,0.125667081344613,0.246289404289392,0.0522136499891184,-0.0731418397856381,-0.00489862516613475
0.232281623620448,0.787211065377924,0.129253070691449,0.258826408727194,0.0555735235323598,-0.0747756680121358,-0.00754348426158093
0.198319367109031,0.582258014164856,0.135470648974814,0.273220529229105,0.0591783394439437,-0.0766956828665429,-0.0107051959973614
0.18166010677026,0.389678518248085,0.145310941992128,0.281629919916199,0.0626198429688352,-0.0782218967522359,-0.0138138756988325
0.162702293839068,0.223211780980646,0.156159869755325,0.27168752349842,0.064896371572352,-0.0783891880712344,-0.0162218009188361
0.105892262309176,0.0769944080616911,0.160702329395745,0.238612486133188,0.0647721125144021,-0.0764109829056574,-0.0173131021340429
-0.00489548954995403,-0.0771788846548347,0.153368114880024,0.197027435118402,0.0623456857926989,-0.0725699784640414,-0.0170501956381634
-0.145141700896229,-0.260866168933127,0.137502753975575,0.166248282778677,0.0591601624018495,-0.0682683855957346,-0.0161725497493843
-0.282001480265531,-0.468233081235929,0.120620910233423,0.147143638144739,0.056520185603928,-0.0650016860297949,-0.0153171527790287
-0.40214530217801,-0.678279549306007,0.10737782714265,0.125820518665771,0.0551326463700006,-0.063694052027538,-0.0146331522130088
-0.509300415953504,-0.872587526381804,0.0983797512195449,0.0889565112223392,0.0552310714508084,-0.06462382281486,-0.014077890175272
-0.614246154259207,-1.04328156634014,0.0914587737101973,0.0317858243737549,0.0564697283553451,-0.0676256669654535,-0.0136089985812645
-0.726718094590932,-1.1933351824172,0.0834424521904596,-0.0405622862284605,0.058180257166554,-0.0722367319706541,-0.0131379385544382
-0.847441817596505,-1.33255572557888,0.0727209813085788,-0.114410477682287,0.0598735957994622,-0.077565420581574,-0.0124508875825591
-0.962915758231633,-1.4689459902545,0.0617521317866125,-0.174594736810442,0.0615369023440391,-0.0821729025486766,-0.0112659761784241
-1.05467320401627,-1.59972788832174,0.0554345991689699,-0.217165523920848,0.0633881084116636,-0.0846633736373514,-0.0094144866706756
-1.11817886489916,-1.71456508013419,0.0554149902876994,-0.252018054023617,0.0652750600809613,-0.0845749525319043,-0.00700097345156367
-1.16405311492183,-1.80682250032492,0.0589016678300738,-0.29048563490454,0.066648721596075,-0.0823483204971312,-0.00438522148394223
-1.20269783412707,-1.87683457540708,0.0628848361698781,-0.335372271991601,0.0671863495334238,-0.078673614674959,-0.00205506492917809
-1.23553007861978,-1.92733408317708,0.0666962178172937,-0.382528584870355,0.0671837128098693,-0.0741477241444715,-0.000518298328448861
-1.25846100161078,-1.95952351755841,0.0709647735436985,-0.427531103401716,0.0672442170866122,-0.0692719310582934,-0.000159752975467841
-1.26853812313677,-1.97295839185836,0.0758597732614244,-0.469212006168052,0.0677052782793524,-0.0645131055002394,-0.00114265223964178
-1.26614681213141,-1.96683923644799,0.0808301736351577,-0.508924728551878,0.0684820648310019,-0.0603736523598848,-0.00348412762831348
-1.25549860196298,-1.94102182465632,0.0851417054389547,-0.549987108543504,0.069319413402811,-0.0574643161912332,-0.00718994733247797
-1.25000626019329,-1.90061445983795,0.0884331242242893,-0.598500846546872,0.0702218219148581,-0.0564275022305755,-0.012219725765076
-1.27441873103722,-1.8670433651169,0.0925953342429205,-0.658553728922761,0.0721367668850352,-0.0573382405961639,-0.0181370756775382
-1.32973097778406,-1.87393482455118,0.103284970455593,-0.711024276568991,0.0762318342840843,-0.058682306340069,-0.0237167698020695
-1.34172016458684,-1.91315365283195,0.119709323213545,-0.703149985159455,0.0796494134537467,-0.0579060264977494,-0.0272167228261563
-1.22280552418596,-1.8979352255137,0.120249665477645,-0.627404061009498,0.076427578449641,-0.0542485333395594,-0.0269867244925867
-1.01982745645358,-1.77769694074201,0.0931484293402475,-0.564634688040288,0.068502411310808,-0.0503698597231052,-0.0236516103385622
-0.834224098655679,-1.61173328876424,0.0603084506753458,-0.542634531021607,0.0625835989500523,-0.0489335224050289,-0.0197530727485042
-0.677072060127988,-1.45303276762955,0.0370963948810125,-0.525824149713735,0.0603378944364653,-0.0505672313966323,-0.0163899408489934
-0.52150936671975,-1.30889879093796,0.0215115152358723,-0.491724800730341,0.0604422827674722,-0.0544921920498312,-0.0137761889508726
-0.351521405606728,-1.16900277920397,0.00646515607170391,-0.438773125641917,0.0613838408879347,-0.0596216515772661,-0.0118700850865686
-0.164204213300226,-1.0237003385742,-0.0131110687328189,-0.373820840338494,0.0624347808533379,-0.0651279085968438,-0.0103700490313531
0.0351833220555825,-0.867827628105459,-0.0383547664152591,-0.306692822851011,0.0635528363476524,-0.0703071067705883,-0.00882046299761639
0.236498739488143,-0.700563793969747,-0.0664377884125193,-0.246055442734481,0.0649189780012876,-0.0744693893671348,-0.0067860937290913
0.43104501349416,-0.524114918587027,-0.0935016873755916,-0.193909501972624,0.0664602122389899,-0.0771590195802209,-0.00404462973932977
0.617619948243119,-0.340727913422464,-0.119298019365353,-0.145959059604718,0.0676122360394876,-0.0784078554455973,-0.000712011014019701
0.799127416728974,-0.151985700107835,-0.146559219786947,-0.099088357942921,0.0676241732778964,-0.0785565458412114,0.00280541901234223
0.972888945235925,0.0380140223820386,-0.174407100487447,-0.0551324731137955,0.0662538207470123,-0.0778236181599268,0.00592717526509166
1.128239930754,0.222317965315709,-0.195805024407249,-0.0160206911032773,0.064176698102585,-0.0761300806330639,0.00807284618743308
1.25739646415696,0.397500404199754,-0.205840623510512,0.0211297010117005,0.0623385247610518,-0.0733870397720435,0.00904599561463462
1.36378306616031,0.56676315729722,-0.208662843602433,0.0602226581581576,0.0609561420463721,-0.0698937875239611,0.0092479427118617
1.45439881611937,0.733933645498734,-0.211398579416893,0.100767989743939,0.0596844323325669,-0.0663525912273491,0.00936825028875163
1.53080231055771,0.899164616059584,-0.216970087858331,0.138788318372919,0.0582393198882484,-0.0636598350867445,0.0100593401826385
1.58759471756198,1.06116217448218,-0.223454245262621,0.168775606215795,0.0565367033002976,-0.0626557003100465,0.0117987143749063
1.61247485696078,1.22000233546108,-0.224850801310942,0.18371716865827,0.0545498393863503,-0.0637003221456568,0.0147694810541325
1.58734643288082,1.37395571481611,-0.211507049324136,0.179503173374369,0.0522590663956267,-0.0660170548398943,0.0187526548604414
1.50438642288677,1.50762327657857,-0.178073278367846,0.171915148134463,0.0502861353572653,-0.067261195245432,0.0229882987300027
1.41054062727168,1.58773844817542,-0.147372711674063,0.205350823996455,0.0512764079243839,-0.0649213167691732,0.0253538377095904
1.38373845224424,1.61804796260695,-0.159774713639751,0.273937387050915,0.0566913893913802,-0.0612808990473944,0.0230283276815702
1.37568486069347,1.65578326921591,-0.191849943902411,0.298430519140345,0.0616470780679487,-0.0610928487517517,0.0177331031307824
1.30693971315934,1.71144002828736,-0.20516449441494,0.272241482540667,0.0633802895475492,-0.0636801477605441,0.0124680583279572
1.17351995029257,1.76348055562799,-0.199497060291921,0.232495024314666,0.063141891746002,-0.0671910588801544,0.00858868165035386
0.999278383138516,1.80103403614344,-0.185769332289623,0.197601745396631,0.0625780042258632,-0.0708933750166729,0.00658386645383165
0.800953848756633,1.82512551085874,-0.16957210864767,0.17007075240172,0.0625085861960676,-0.074531801858941,0.0064384021820748
0.583563027050314,1.84184495565324,-0.151338030926958,0.151371464550677,0.0629387316305878,-0.0779962041058326,0.00776301394998578
0.346878810057862,1.85427314879905,-0.131352527111634,0.151708424191008,0.0634034642649969,-0.081202224359591,0.00974824397233622
0.099665837519696,1.84905841882217,-0.115935350779156,0.183091079208306,0.0637573937339906,-0.0837218661155965,0.0111587139120223
-0.135865383052207,1.80068027941269,-0.114185599355741,0.229871114559738,0.0646917430370904,-0.0845392391913136,0.0108914931159557
-0.347666504263171,1.70716512466937,-0.124732875345054,0.253002344670446,0.0667914464563921,-0.0829793407478456,0.00891176037166425
-0.542330330162278,1.59153099731974,-0.138598984347842,0.235498033113187,0.0698669658175403,-0.0795575050663158,0.00612698347378456
-0.725801986938023,1.46627706244363,-0.151409723214915,0.182838839061573,0.0731397511987542,-0.0753189320150199,0.00364380021556343
-0.897318726273328,1.32658102590472,-0.163550539369716,0.0996399601855563,0.0753604589465005,-0.0711165131612237,0.00239972239720896
-1.05592249371197,1.16583095769377,-0.175549738261323,-0.0101627255851186,0.0754610980002007,-0.0675739134935946,0.00295797960784732
-1.20454564882131,0.983586220945728,-0.187364080970664,-0.134511375709249,0.0732235994197487,-0.065304650992244,0.00541884728747429
-1.35084794654586,0.783194513708609,-0.20066172248015,-0.257658628501598,0.0690794619629505,-0.0648996025933415,0.00951322091190358
-1.50684661830282,0.569708212484866,-0.220672329219976,-0.374069147336092,0.0634113061647857,-0.0663363049722898,0.0146028708947723
-1.67435904942128,0.35351215059494,-0.251717466350734,-0.492855732815328,0.0566786984475692,-0.0680841319492765,0.0196234153486537
-1.8062327294551,0.153809632599472,-0.279355042357608,-0.610508210022735,0.0515538413981792,-0.0673558768362,0.0229914191218973
-1.81922951617708,-0.010841254327349,-0.268702903976159,-0.67322012729901,0.0521460234866322,-0.0635314535597727,0.0224399777760033
-1.73926561389289,-0.157147117196697,-0.228728207725822,-0.650040953607108,0.0558450103086073,-0.0605048900525459,0.0186482251674612
-1.65772309290561,-0.306895472344253,-0.201025604300368,-0.586530397430816,0.0580229727866809,-0.0600614987890075,0.0144465925318761
-1.59102749936036,-0.455761484750234,-0.194197036089135,-0.520139060633835,0.0583717177378674,-0.0614039832380625,0.0113807322586265
-1.51891788879465,-0.594511826763942,-0.19784180211061,-0.454596471967478,0.0584836127640279,-0.0638142810167185,0.0102984248235206
-1.4348076248253,-0.71863839049798,-0.209092694370112,-0.387210912832878,0.0589642233811992,-0.0669884399099401,0.0112245324048587
-1.34159928821783,-0.829560321220899,-0.230241144651203,-0.327149441729265,0.0589966058423852,-0.070825223487398,0.0134184338159934
-1.22358403913513,-0.934936078604707,-0.247331514317394,-0.282877860513178,0.0578619570347507,-0.0749734486615191,0.0157362531611273
-1.04315848031834,-1.04274991137877,-0.226584906575872,-0.234365443086618,0.0561620208999589,-0.0779736047104022,0.0165357660670798
-0.799762011434852,-1.14632821383337,-0.164745311681024,-0.145674840952604,0.0548338144407308,-0.078282052159861,0.0150033067329009
-0.543908414194547,-1.23161255869389,-0.101108942437251,-0.0204319779682517,0.0533811079261983,-0.0768759127021912,0.012222102377592
-0.306087702543335,-1.29504476040314,-0.0575929348585592,0.112485680381578,0.0514483665713529,-0.075664235561256,0.0094242628877804
-0.0838728170124144,-1.33892168007509,-0.0302300009737458,0.237219279425565,0.049407840468184,-0.0757436252329707,0.00739549561643025
0.133547411942131,-1.36579561809166,-0.0095590564599093,0.352721584352218,0.0475151757434156,-0.0774037061077971,0.00665462695265211
0.352676146086104,-1.37890729938787,0.0107947856460389,0.461574066625144,0.0457983377272443,-0.0804218324826717,0.00745242441767678
0.577486855681983,-1.38296908602817,0.0355589072372796,0.564499464581614,0.0445535224705937,-0.0841880128378929,0.00964142313948196
0.813456240641398,-1.37726186841118,0.0667556987791071,0.664842009401857,0.0446474083988819,-0.0876621921820411,0.012490766508748
1.05235027399216,-1.34256155812125,0.0934823950989521,0.772045335508025,0.0471179541295202,-0.0895556327525846,0.0144742915249232
1.25017939232855,-1.25969162918569,0.0964016275908572,0.878570258868363,0.0517318342754132,-0.0894362895138834,0.0135990066238451
1.38295949380842,-1.15866421855002,0.0827879579942822,0.952568380033209,0.0557807749890168,-0.0884609464291548,0.00966146423997556
1.48482853855708,-1.07847595039526,0.0728900529118347,0.99038979012933,0.0574232225934726,-0.0870790295500585,0.0046434608233387
1.57391355262151,-1.01531802323446,0.0675010801675832,1.01050729126101,0.0577439152934938,-0.0846177071913168,0.000516229095898358
1.62936693900064,-0.948115233354727,0.061673646001881,1.01620204781756,0.0583437304981477,-0.0807483368977731,-0.00156171287233662
1.6333956070795,-0.869818530863616,0.0567636101293935,0.999075067066398,0.0604410844519953,-0.075779240639686,-0.00124135121504593
1.59867530000282,-0.794159827420025,0.0556089354373721,0.954676916843392,0.0641032486409063,-0.0703993979113803,0.00139507482175334
1.54486397766091,-0.731014954379371,0.0570821460536586,0.886262772302955,0.0675795368115864,-0.0653679241006768,0.00598517168320246
1.49063376524929,-0.679816961002375,0.0552346157046445,0.806727339378093,0.0684374572982056,-0.0609653439017927,0.0119840866362084
1.45640707626337,-0.633790292640394,0.0402134173688027,0.743921155585005,0.0640606781178256,-0.0575741782186458,0.0185177621114415
1.41985420387189,-0.582073685253898,0.0146318059523723,0.708451455649992,0.0546673660935098,-0.0573065653272054,0.0243522381216473
1.29405522884191,-0.526055432332246,0.0100801626177748,0.634187432210752,0.047808189874323,-0.0608524995936303,0.0269505975957605
1.08499812988382,-0.462153468771227,0.0371474445140113,0.484184363452216,0.0482613041283047,-0.0634090253007992,0.0257017339766961
0.883015589616742,-0.376478963268821,0.0678592611887885,0.321007870277535,0.0502270565517637,-0.0632311558353585,0.0236805445099936
0.707088883604995,-0.264608983231505,0.0934859859160173,0.181388060764752,0.0503685321951883,-0.0619695070501247,0.0226781061697623
0.532349269203704,-0.12935056211168,0.123553738405213,0.0656390684929702,0.0489069085698665,-0.0603408023964471,0.0233250886394762
0.334497905392704,0.0148999996932256,0.16561562087233,-0.03297655084875,0.0471195522751678,-0.0578144162271718,0.0252267025864886
0.133245201768752,0.129995596529421,0.19904891273794,-0.117131116622484,0.0477123563045586,-0.0553039741400171,0.0261360614796606
-0.0131241802876862,0.201389396122248,0.192791334640712,-0.189515899969592,0.0524123941512732,-0.0555634095844611,0.0233018114094319
-0.124657644148923,0.277975448819912,0.174058409467329,-0.259585769555566,0.0571369018852428,-0.0583302644527034,0.0184141388959455
-0.251649589156867,0.375444394956098,0.17185141506921,-0.334559902817913,0.0590606161161391,-0.0608430090730924,0.0141056224550398
-0.400329108651284,0.474627636461239,0.18303246589445,-0.41376902388252,0.0590937021940995,-0.0625770645069479,0.0114562385389006
-0.559021687371175,0.562756975185715,0.199676245145876,-0.493494138426326,0.0588465418447516,-0.0645915985643718,0.01081910208566
-0.721303186415004,0.630890324129094,0.218285670874778,-0.576381358088921,0.0592657471190362,-0.0678128054085318,0.0120889765632193
-0.880549411250951,0.660695682290182,0.23502508164656,-0.672620306484396,0.0600321049317749,-0.072427872711346,0.0146958674262623
-1.0015298325901,0.631369394804873,0.241335032502926,-0.781927795321203,0.0592463910966795,-0.0774397881814293,0.0176158120321728
-1.00509056393696,0.565610981942321,0.229946154609016,-0.861442039776078,0.054029360161742,-0.0802192189723412,0.0193191217981915
-0.840363380782043,0.558919611754572,0.207617708868077,-0.852742107790595,0.0421304705990953,-0.0785272571921355,0.0180911144424591
-0.569417735710169,0.680359710692088,0.188183008108521,-0.786488582439761,0.0258658704203588,-0.0741071164515937,0.0139050459950875
-0.28413112567424,0.908264721514014,0.177269668552484,-0.744498118229729,0.0130732476054689,-0.0691720090501691,0.00886105739371768
-0.0438889966786512,1.2041364957912,0.176064569875729,-0.753497367760081,0.00998223380606058,-0.0636797301161858,0.00500214140491951
0.0982697426421907,1.51078530100925,0.183499600838219,-0.793802188273923,0.0165415552576743,-0.0578942381764928,0.00317864528820006
0.129815233184234,1.75437386358459,0.194814302404083,-0.834054429732823,0.0276540986143959,-0.0530086082823459,0.00331086297701117
0.0851003598011912,1.90597556942709,0.205214140560928,-0.852911360909632,0.0382692114638794,-0.0498307834367161,0.00501213607414228
0.00190165726058873,1.97871931613866,0.212684973250874,-0.846701273002617,0.0462934465583895,-0.0481594520235342,0.00807110998193109
-0.0934468662487088,1.9897377680908,0.215970221041762,-0.824926067525985,0.0512958100843118,-0.0470293014643792,0.0123337796602488
-0.18460309229046,1.94811429257307,0.212433376583923,-0.801420780054213,0.0531201899292567,-0.0454482629327186,0.0172246549751009
-0.280150315852185,1.86134839909098,0.200202104292057,-0.771260861331712,0.0526025161563539,-0.0437276236838876,0.0213215408990549
-0.411173863534511,1.73927665059847,0.182449535267221,-0.696322347520612,0.0529456677844587,-0.0432579496027472,0.0226535127932762
-0.563507659976786,1.59250270759653,0.164536829757121,-0.571463131818498,0.0559225600484746,-0.0439080874436762,0.0213681910173688
-0.69372179229799,1.42894470143161,0.147066161999098,-0.438629957590301,0.0592796783941772,-0.0446468050969857,0.0197448378818998
-0.7924180896987,1.25263697970849,0.128951892997783,-0.31708323149746,0.0612413803471305,-0.0456104020064357,0.0191804676263041
-0.870753220871606,1.06635372102268,0.110866382440621,-0.200723744036671,0.0614316152785259,-0.0473205977591815,0.0200674053969205
-0.945517863214534,0.873197396226853,0.0955631199603868,-0.0750442170481862,0.0599110253933502,-0.0492806597395705,0.0222556783365956
-1.0363812385652,0.672934033197703,0.0844467989601518,0.0720557684115422,0.0572520778752869,-0.0496879993000908,0.0252066363438027
-1.14658281458433,0.456918843782805,0.0702556703477266,0.226597311540547,0.0558128481678617,-0.0471714257737002,0.027769439297421
-1.22238205183085,0.220605041825375,0.04078259125634,0.324937753545352,0.0595853781480238,-0.0439885217588688,0.0275062992941054
-1.20909242484176,-0.0110595124004405,0.00681816426637558,0.34179576974786,0.0672913219515754,-0.0443820822158102,0.0235513566765085
-1.15232353843813,-0.217786790964187,-0.0121118996809296,0.348665403569377,0.0732833747130767,-0.0476297794804534,0.0186052330742706
-1.10189645765475,-0.40793010337486,-0.0199392355182941,0.387109710593286,0.0763558400707506,-0.050923241280352,0.0143792731596492
-1.06361972353756,-0.590693063408145,-0.0257041953100573,0.450175671102878,0.0780360920884917,-0.053640022626848,0.0113972239222724
-1.02740726441295,-0.766350371441001,-0.0315890843780979,0.522831948176108,0.0798705505878332,-0.0563758717736165,0.00987808674759657
-0.987067736627401,-0.933540533961062,-0.0375695660838224,0.598985955708378,0.0826840779676882,-0.0596924762731917,0.00978032605218291
-0.942571896888466,-1.09585821866121,-0.0463384817447242,0.677872844303176,0.0865130878837864,-0.0637404110754274,0.0107876848493553
-0.89298707226958,-1.26186409483802,-0.0627876145900873,0.751170382546482,0.0907992164505203,-0.0681716697282598,0.0123164593306862
-0.826033599580825,-1.43422738549493,-0.0874205850548701,0.791277077336875,0.0948258811595601,-0.0719947528181579,0.0134784204322789
-0.718431708959486,-1.59171559175816,-0.109761370626832,0.764728158342638,0.0984191735048176,-0.0738271204949598,0.0133044365584452
-0.559926188220308,-1.69633606194218,-0.117049575330433,0.672863653691864,0.102185759043826,-0.0732062820736274,0.0115494395905172
-0.363201198751899,-1.73198569796251,-0.109055555664443,0.552332264658207,0.106449134959043,-0.0710995207594145,0.00886768971226905
-0.143718941084901,-1.71761542026566,-0.0942089113332774,0.435127962120829,0.110603139618077,-0.0685765795586715,0.00587843848299121
0.0853066997762658,-1.68727044305407,-0.0798208612838199,0.332783561842167,0.113913512457644,-0.0661749364911093,0.00269012407766454
0.30750954782852,-1.66878570906573,-0.069130768721162,0.239195803778301,0.116321097091862,-0.0642525559310112,-0.000857026121318659
0.509595604922016,-1.67422910120025,-0.0616358793704179,0.136936295006062,0.118485366136715,-0.0631305841934491,-0.00490772928939398
0.695961669263371,-1.70278122657185,-0.0540701419281596,0.0116743927570796,0.1214669586376,-0.0627677049559555,-0.00949348928507286
0.894622695771194,-1.74699068797136,-0.0421378343734231,-0.121096682034677,0.126107456869236,-0.0624560173506296,-0.0143031221580946
1.12368462585968,-1.78329534900961,-0.0252692248966993,-0.193850969072347,0.1312925212317,-0.0611328333502255,-0.018123129187624
1.33358309964243,-1.76406486197775,-0.0115017669561745,-0.148327773027078,0.134084587975142,-0.0581823917669266,-0.0197734908219048
1.4620942924641,-1.65950648756596,-0.00893973978319713,-0.0373896146886997,0.134354417376949,-0.0540109815815059,-0.0203472322851466
1.50825229345716,-1.47493085886287,-0.01803531250916,0.0353805240646449,0.133665853786034,-0.0499308721901326,-0.021356060117692
1.49891053141883,-1.24498517360491,-0.0338601520241849,-0.00666119571956572,0.132810381450119,-0.0473923924618578,-0.0231119854736971
1.46277519964234,-1.0406543189499,-0.0458373474580035,-0.177284148528935,0.13317657818585,-0.0470862459137999,-0.0257877806654322
1.42068929260485,-0.943404437377932,-0.0400422311571767,-0.404118972924096,0.136649837748895,-0.0477278847707884,-0.0295767044674622
1.41437348075639,-0.968256913042086,-0.0121961460259066,-0.527719526844202,0.140079007120954,-0.0459739149151826,-0.032558556330932
1.50134044480352,-0.940795373415247,0.00371344501155958,-0.444301360121895,0.133667486923774,-0.0422692494721986,-0.0315373077467797
1.63494076408528,-0.728730843459907,-0.0232883269552856,-0.327833602723175,0.119136927687848,-0.0403432870002816,-0.0270793266397855
1.71440724950871,-0.453983483938906,-0.0654146009100985,-0.326479502555157,0.106714459210748,-0.0403872498750459,-0.022127978548778
1.71861875647536,-0.224974787503641,-0.0931721896871609,-0.393801571069945,0.0994867061764726,-0.0418752915224455,-0.0183404266237151
1.67813232477029,-0.051906256055644,-0.103733839189191,-0.460194192168413,0.095624186027224,-0.0447656514515495,-0.0161153622926126
1.61908330737395,0.0839150100323714,-0.104845025726654,-0.497679833162952,0.0930140679729034,-0.0488021712804248,-0.0153788608553107
1.55627937724557,0.197307396141978,-0.104446196690046,-0.501908865396637,0.0904900317510087,-0.0536131722313025,-0.0158809889409124
1.49882790462592,0.296344539692318,-0.108811610102045,-0.477859448340954,0.0877228521937535,-0.0586016543904687,-0.0173169469018868
1.44786779643751,0.383661422240821,-0.120304912592484,-0.436157007069971,0.0849701943729568,-0.0626123334584618,-0.0193559008948385
1.39109080264867,0.455743982251042,-0.13324758652813,-0.387874283937529,0.0827289273019482,-0.0637083915726209,-0.0215679330484792
1.30827861796397,0.506916022330608,-0.135851423893275,-0.336795959417088,0.0811105735485322,-0.0599141066082925,-0.0235103388554338
1.18912676403217,0.540989534008769,-0.121995288979752,-0.28039402991251,0.0796264569642732,-0.0511686452490855,-0.0251722574625034
1.03721046684162,0.575650383865218,-0.0960832238598129,-0.222543963947246,0.0780755395046472,-0.0400413426597475,-0.0269897962084978
0.855256685154531,0.633574143199088,-0.063348681055721,-0.184167961865289,0.0776220010206574,-0.0308510024644146,-0.0289869811853616
0.645592230687152,0.717785291744648,-0.0234479197769721,-0.184830473898621,0.079778253749093,-0.0290049712672153,-0.0305788104613904
0.426005914813992,0.78699702278578,0.0249267267783491,-0.199262738202722,0.0836199488155804,-0.0375864795548354,-0.0315155698625045
0.241661575340686,0.795272910018415,0.0620537563132877,-0.165153615683785,0.0864632702570372,-0.0519191973944656,-0.0309399432446763
0.124352037686602,0.765684469812336,0.0558346688473448,-0.0663582773625536,0.0868200470396347,-0.0622911181090168,-0.0278590117142175
0.0309675421135472,0.758798693511269,0.0214809290064261,0.0372545494222695,0.0860017633910835,-0.0658207360819278,-0.0234021075312926
-0.0890538062371166,0.787135816673343,-0.00506396446088584,0.106741378307401,0.08590899853883,-0.0657971361334867,-0.0186788363064952
-0.248308178915356,0.826566683332559,-0.00780497382120329,0.149816328240879,0.0869230679809844,-0.0651461582515619,-0.0139832800465493
-0.434288524533322,0.852546563025388,0.00978382201267777,0.18800851846026,0.0882109783802663,-0.0653306309745975,-0.00943773684459514
-0.628454006206272,0.855475401724734,0.0365857652871064,0.235016505685073,0.0887552764958568,-0.0667790919386626,-0.00514349951129821
-0.818009709670521,0.837094692396149,0.0638545204250331,0.293872776252969,0.0880464965628441,-0.0693015447945701,-0.00110812832633049
-0.997210796694932,0.800990967205298,0.0880383746886559,0.363111552379595,0.0860913889544446,-0.0724441979769901,0.00269837538621332
-1.16297257528163,0.747995037291979,0.108430185097939,0.441306414327448,0.0832174847168539,-0.0757044674360009,0.00616435680942544
-1.31057586753866,0.680145091002152,0.123790779735696,0.524681987410877,0.080070959805463,-0.078707826760589,0.00883080347770894
-1.43534472316324,0.610299325752852,0.131875157853177,0.599839012831232,0.0776276184544534,-0.0813811652744217,0.0097842915436058
-1.54117292831355,0.557935977565899,0.133716173137883,0.649099133390644,0.0763959110148009,-0.0839272588859992,0.00807193163120291
-1.63832590424605,0.521749548995591,0.134742391382105,0.675652176922767,0.0751914384229967,-0.0865321095298144,0.00372973657851899
-1.72611492289371,0.477484721403655,0.137806486420334,0.703908537899872,0.0721925286905708,-0.0891034110733623,-0.00220872119729112
-1.79016081132785,0.408847499308922,0.141012425715016,0.750421528184815,0.0668857633934055,-0.091102915425838,-0.00868242826403539
-1.81696503405932,0.327022181404021,0.1418680760669,0.805033569689901,0.0599204977471662,-0.0909985844316039,-0.0148289152645802
-1.81010973580984,0.271397168747782,0.139941071506866,0.827384602833667,0.0517384274950108,-0.0861650972463132,-0.0197132715850362
-1.78575973377204,0.275412054003144,0.136762810092581,0.781285123485708,0.0423017541969865,-0.075764475514025,-0.0230269281986132
-1.74349022709108,0.33430953296667,0.133447373973886,0.680155764629638,0.0328222088628884,-0.0635307473367653,-0.0258637665876996
-1.65483111261605,0.450668905664314,0.130549653410732,0.571927214472817,0.0269180472221372,-0.0557389410991935,-0.0287145573601322
-1.50188717254125,0.649384741068876,0.13284106556226,0.518479883049756,0.0290161345426641,-0.058207643880693,-0.029989272943038
-1.36149843837766,0.865611631169779,0.1433440932558,0.536093938733812,0.0373935522470136,-0.0696658366664071,-0.028561742096829
-1.30469490817659,0.957922784517034,0.152640135694042,0.566554169605262,0.0450861618826035,-0.0807637518616648,-0.0249787578263003
-1.28498849053931,0.905599188811685,0.1520349403146,0.5756532832581,0.0499163944534884,-0.0857250571602796,-0.0197720986849017
-1.24539640816069,0.804220509060152,0.146069109887122,0.566663122712908,0.0538344639407793,-0.0861286131010867,-0.0138155640872973
-1.18282156307722,0.714674855841874,0.142611075678222,0.544505949746458,0.0577510347678237,-0.0851569005560021,-0.00788728279836233
-1.11468875725118,0.640773333508729,0.144170503626338,0.510145845357853,0.0608604586913954,-0.0843446157170521,-0.00251128005238762
-1.05172289515734,0.567297352236543,0.148920724050094,0.463487016706068,0.0625650440352835,-0.0839920312945567,0.00175947154730759
-0.993016787399343,0.478151155685317,0.152456254098701,0.406415507018274,0.0633353595432338,-0.083986333929769,0.00429959628864629
-0.927769608080415,0.364153354555688,0.149704341581729,0.344797651136064,0.0641682688547996,-0.0842040749861318,0.00460765020304779
-0.843795511891613,0.231513934742962,0.139490235245853,0.285435938613759,0.0654690358928791,-0.0845982996413956,0.00267283685120859
-0.739163911934925,0.0980870831312879,0.126553391026554,0.229894619642205,0.0666512227418103,-0.0852120862315409,-0.000957914381091608
-0.624319046647971,-0.0206354882879096,0.117891525823893,0.172798324247296,0.0669549548445625,-0.0861410905008478,-0.00555243240966107
-0.517374337516477,-0.119535379207947,0.118766965564928,0.103794440811875,0.066312072984963,-0.0873080969869863,-0.0104993997075461
-0.436462703101894,-0.206318035509159,0.129373380010049,0.0127648918004602,0.0653070865057951,-0.0880472654163886,-0.0153623731521947
-0.383354296134687,-0.299443013732905,0.14128188081048,-0.0965600580637446,0.0643250285378907,-0.0866775114091473,-0.0196574123038336
-0.325299368286956,-0.414040882909125,0.139809119611761,-0.193137477227894,0.0628709443512956,-0.0810632942135995,-0.0225723927595511
-0.216328764044316,-0.539514501631616,0.121063114403566,-0.242648365840507,0.0605134502002588,-0.0716470457042236,-0.0237704365235556
-0.0546292783531312,-0.653146149186377,0.0978066383045778,-0.255996600928261,0.0579583801042462,-0.0624702039670697,-0.0241530499516365
0.122148861763364,-0.760913477899271,0.0761788644228282,-0.275989803960981,0.0565342183025691,-0.0576029763615833,-0.0242611515835364
0.277814329550071,-0.886115288091324,0.0528842285245154,-0.330631822522353,0.0571277983626377,-0.0590827929069688,-0.0238420201296989
0.403043828824647,-1.03080761985898,0.0282180699210546,-0.408771245575546,0.0589343550741642,-0.0662809943531542,-0.0229383198365124
0.509369000710963,-1.16576039369718,0.0101841838086399,-0.480469692283082,0.0608108205540364,-0.0759047784910151,-0.0214720559458774
0.602783668401236,-1.25000411707829,0.00887945308942417,-0.533834957846838,0.0629044913925791,-0.0834959991022521,-0.0188372842260758
0.683399933027948,-1.27536890840388,0.0218024033846356,-0.579549027788755,0.0655020825378539,-0.0868931918204987,-0.0148083295521872
0.759089653343468,-1.27403870313397,0.0361397300890227,-0.626896484172176,0.0679393741491215,-0.0871632842996394,-0.00980950725357093
0.840332166485395,-1.27510108589583,0.0445138164236882,-0.672402212127607,0.0691452452803624,-0.0860392249872127,-0.00440803427968548
0.930432083567656,-1.28314934529937,0.0478998594707397,-0.707181089381532,0.0684727252457888,-0.0845102355724547,0.000739802472645923
1.02393704005457,-1.28317398519929,0.0501891825914821,-0.726586473097735,0.0662913709585458,-0.0829028933678369,0.00482041011979357
1.11071294328124,-1.2514425248097,0.0532064788303656,-0.734028744343107,0.0638269954567396,-0.081244999981145,0.00701708876120068
1.18571882975189,-1.17947978570407,0.0550597367317371,-0.736976237606279,0.0619272170242884,-0.079431327307961,0.0069014701955807
1.2546699022512,-1.08765342037189,0.0537340904991716,-0.737964718152719,0.0605805018606319,-0.0774021501588184,0.00468172991697308
1.32470816560092,-0.997816670762793,0.0498473469315404,-0.733119910800272,0.0593517242650079,-0.0754171477438223,0.000957305908067212
1.39744683577115,-0.915405775126598,0.0450176657489995,-0.71829412514034,0.0575981806791161,-0.0740432243137666,-0.00375518768541412
1.4732126797899,-0.840416731838411,0.0414918095031244,-0.689695173290735,0.0549481382067645,-0.0738954263026355,-0.00919711105331903
1.55803550195586,-0.775935378491909,0.0437633663392937,-0.639109236939524,0.0518470299434582,-0.0751340736003144,-0.0151644616459253
1.66357485493571,-0.723144606514705,0.0571690291075464,-0.55573628992827,0.0495389654057701,-0.0766248369083365,-0.021268937071867
1.78776073813933,-0.670100506193585,0.0789210336515013,-0.447244045191184,0.0485960299374235,-0.075093919177608,-0.0267272543169362
1.88440051858536,-0.588113450416086,0.0873747254733329,-0.36445036474326,0.047116988115329,-0.0667234984503852,-0.0299334029220312
1.89753195084803,-0.463937160207129,0.0638873325399791,-0.350119424172375,0.043539973813395,-0.0542795936201959,-0.0301277745813339
1.84752592182016,-0.318932369592134,0.0222583046596204,-0.362495859779638,0.0396591529614256,-0.046023400866808,-0.0291305152286107
1.79463415865797,-0.160409711248212,-0.0258387502125491,-0.339096952767917,0.0376267764705563,-0.0460823798106509,-0.0278779385841984
1.77345643853293,0.0085816060152798,-0.0758720498466967,-0.262375567305918,0.0378878039736557,-0.0534757868737813,-0.0262865202250881
1.77709572443281,0.169851819206965,-0.118350464655314,-0.158357283472649,0.0390822910065734,-0.0641840566965461,-0.0244759098794418
1.77878019660055,0.298822430007909,-0.139855160884951,-0.0591777889828769,0.040280303373399,-0.073248288321205,-0.0221288549734859
1.75282047575002,0.385133568726761,-0.135014484733837,0.0203205740438173,0.0415492458830592,-0.0775418100386496,-0.018864670404937
1.68809983424122,0.446852450436041,-0.117015606168323,0.0827813042549019,0.0429969211726565,-0.0777149763189076,-0.0149303159385536
1.58853372320402,0.507859119789651,-0.102486745127721,0.135237279229362,0.0444492958926318,-0.0761404732388615,-0.0107917157663842
1.46247147448224,0.577509189645254,-0.0979760745740082,0.180461803141781,0.0455840791891138,-0.074546265832825,-0.00673875289442184
1.31647472233702,0.653610334581592,-0.102260438165572,0.218063513115695,0.046121259386422,-0.0736906668591335,-0.00290709799842592
1.15481700041095,0.731330188729065,-0.11227464069505,0.247212206446533,0.0458960196041954,-0.0737020380361872,0.000639017619402455
0.981186399705999,0.807127148257697,-0.125538183526472,0.267821504905093,0.0448779786187196,-0.0743663891209344,0.0037974788998321
0.800166302953008,0.876915440788566,-0.139044562479882,0.281594321061234,0.0433248597952204,-0.0753568163292911,0.00628719029749464
0.616098311501356,0.932571363517108,-0.147683422796765,0.292904061839217,0.0419952424829141,-0.07642227691778,0.00758721247151015
0.42886800739744,0.964680733726235,-0.146594111644839,0.306390403362368,0.0418101622766671,-0.0774679097921936,0.00716661327458721
0.232752967533201,0.972855376706098,-0.136648988364128,0.321527850201485,0.0428197208354278,-0.0785200568853441,0.00495876662394007
0.0227236721793507,0.967932271772058,-0.124084742185528,0.332416614444103,0.0440117711817569,-0.0796961410558465,0.00140242449867438
-0.200442825273027,0.963180136332744,-0.114869303382461,0.332644402208117,0.0442931242906271,-0.0811853803544609,-0.0029918238271818
-0.430535247949356,0.969149268947582,-0.112247955465247,0.317267012833011,0.043170508025795,-0.0830648886007574,-0.00784242847863686
-0.657369165627829,0.990180104105223,-0.116456928257339,0.284376733722559,0.0409011234213058,-0.0848722920076883,-0.0127871501712461
-0.869610451570806,1.01342529928049,-0.123194921254584,0.242813386877896,0.0383177724192704,-0.085076530523972,-0.0172576435047018
-1.06324849766059,1.0023300370519,-0.123688131734889,0.217289413875764,0.0361834046688652,-0.081425961010125,-0.0203760584019398
-1.24794753914342,0.929831972377848,-0.112699110383816,0.22626158224326,0.0347831682873373,-0.0736665609665532,-0.0217265997282151
-1.43566085379957,0.816931312997118,-0.0949724055670349,0.255783519476308,0.034233276841546,-0.0648908533784999,-0.0221714372397097
-1.63537409342017,0.699095238812372,-0.0758849486002154,0.275525150251533,0.03481924155994,-0.0584596078796026,-0.02275128637596
-1.8578096430129,0.591976368130304,-0.055449234299957,0.263503205839571,0.0371584468629251,-0.0564377163863812,-0.0237122799256556
-2.10359211780718,0.495919609426117,-0.0328957349060948,0.222560322630647,0.0414449834831776,-0.0598094168388925,-0.0248449024977813
-2.34157279496813,0.408450761593307,-0.0120935314813951,0.186560521516779,0.0467442483706192,-0.0674779580483826,-0.0255857972070231
-2.50325626461956,0.335899168241232,-0.00251256629452652,0.187425687090535,0.0511055417846133,-0.0750141224769158,-0.024601692763677
-2.55866008515381,0.275070818285273,-0.00614730203264193,0.209646454073565,0.0532258089859562,-0.0780925344920682,-0.0213111372175896
-2.56645756110765,0.209325651892511,-0.0128696045990004,0.219079909675036,0.0544543020230195,-0.0772158120268115,-0.0166621827559538
-2.58410742532356,0.13315722026068,-0.0159271751277095,0.207782771128207,0.0561692033773137,-0.0751588743995578,-0.0116406159078663
-2.62178228461334,0.0520788529763144,-0.0155790213713039,0.185418442809705,0.0582358873352138,-0.0738802547664491,-0.00698751311252897
-2.66400006071521,-0.0254250817567407,-0.0139879317275618,0.161153457812664,0.0601611476445086,-0.0740648422976235,-0.0032357016398269
-2.69271549314175,-0.0930990067740402,-0.0124195444894813,0.13898383269944,0.0619184609481145,-0.0755867810523398,-0.000692004766138543
-2.69348574674054,-0.148916762981029,-0.0112035889845489,0.119056063569052,0.0638251616594591,-0.0780414911881046,0.000443906673899175
-2.65695090579551,-0.194050935658294,-0.0102107588864092,0.0986800204842055,0.0661394783426571,-0.0810297643806403,5.72685817068949e-05
-2.58316883143529,-0.228746226884772,-0.00917593935178476,0.0744728648651755,0.0687096524706249,-0.0841981204784644,-0.0017432944604956
-2.48153743088245,-0.249038276942215,-0.00800579561691439,0.0474161339490897,0.0709243796745506,-0.0871531508639185,-0.00450648510673682
-2.35971929339257,-0.25177975550136,-0.00693761396293385,0.0260969086574016,0.0720779715058679,-0.0893878519223192,-0.00751609208769023
-2.21104313239454,-0.246723128944502,-0.00640441336118614,0.0203787909891001,0.0718247170180326,-0.0903333760083278,-0.0100452214268428
-2.01777545441294,-0.258869412148287,-0.00675330344741493,0.0270286938195758,0.0704401533797903,-0.0895690572059943,-0.0116328667561016
-1.77138682586711,-0.307896903006731,-0.00801775674357848,0.0247480238288012,0.0687386072286675,-0.087123514411764,-0.0122701720412115
-1.48425424842606,-0.38742267647805,-0.00990156855954106,-0.00750254423839361,0.0674419247231599,-0.0836184595322857,-0.0123614014792648
-1.17803760120938,-0.477016751086871,-0.0119928541717403,-0.0692923260387706,0.0666086986817488,-0.079955906615708,-0.0124599402587078
-0.870282733475463,-0.567016873247,-0.0140952316518066,-0.14282507814994,0.0658167818521302,-0.0768222331994566,-0.0130474548756024
-0.575053781830852,-0.664540223301329,-0.0165622960944369,-0.209677331642152,0.064809621824119,-0.0746650336634492,-0.014357379965521
-0.307430078751241,-0.784915318455802,-0.0206397268825578,-0.261358365774788,0.0639616640718459,-0.0740742927235276,-0.0162448993880743
-0.0739901104291877,-0.933196399653354,-0.0280824553692302,-0.307676269310738,0.0639392359348662,-0.0757433437080152,-0.0183295769643295
0.149276317059874,-1.07806990442131,-0.0374903710282496,-0.37132463032423,0.0652118111530161,-0.0793390386192024,-0.0201249314362144
0.409430046619774,-1.15243445485762,-0.0395303367950073,-0.455470732872311,0.0677373740983729,-0.0826375033387853,-0.0206989637770402
0.716240416518417,-1.12446144482571,-0.0251429216047393,-0.530056442635828,0.0702142597250815,-0.0833022443982388,-0.0193144241745896
1.02475826995012,-1.04134927604676,-8.79423591871285e-05,-0.56533101540506,0.0715108023314159,-0.0815259719734088,-0.0167974491731722
1.29709008206793,-0.952544745661882,0.0237805599010495,-0.558713402318769,0.071869215220569,-0.0791305320601533,-0.0143475994832857
1.52544271569482,-0.870766036474985,0.0406698526396011,-0.523810075996515,0.0721335102543884,-0.0776841102896012,-0.0127528489186219
1.71320487172818,-0.792548473920016,0.0497049929750276,-0.471834155170204,0.0729994763502713,-0.0779276076301221,-0.0124563637212302
1.8609170529191,-0.717741388923859,0.0491375649367479,-0.408779148819741,0.0746610007992527,-0.0796879362552854,-0.0134665026301487
1.96996708935143,-0.651432875178691,0.0356752016152932,-0.343871679034269,0.0766428929855492,-0.081981433862018,-0.0152916872492973
2.05707021233917,-0.589030039109353,0.0139809356377296,-0.292796479824941,0.0777899245322486,-0.0832613226527864,-0.01698747079222
2.15454187211751,-0.503392663808824,0.00576329799567844,-0.264284070512834,0.0768689586347688,-0.082033971157227,-0.0172878118416525
2.26903781229228,-0.372266993792448,0.0284799949814466,-0.240641122373692,0.0744572764910757,-0.0785127471610092,-0.0158314332901073
2.36538779904367,-0.212341273906824,0.0682461037609848,-0.194718909267473,0.0724116401262986,-0.0748932677658173,-0.0138710623504204
2.41977323244305,-0.0528066539842742,0.103735120260042,-0.123968949091427,0.0713925052999763,-0.0730564627034327,-0.012254854074713
2.43416286456316,0.0906596791469151,0.127003239540429,-0.0438032749841409,0.0712895379214137,-0.0734826592907425,-0.0110930190208075
2.41854953180124,0.216406645671513,0.140605606761885,0.0313771615530212,0.0717769184866917,-0.0757755591898699,-0.0103661538751043
2.3804226571279,0.330529926257736,0.151114840852938,0.095552850530926,0.0725461574903652,-0.0793803822465309,-0.00997149402243425
2.32046115932908,0.443032090789134,0.165079591346589,0.152923351652182,0.0734808668842589,-0.0837720790587149,-0.00967929207331874
2.23049594616162,0.563289169961714,0.185125139126724,0.217898730937471,0.0746449921503058,-0.0882718719331426,-0.00929106033782326
2.09804560445042,0.689398886850802,0.205965572974312,0.3054942313183,0.0762859631737661,-0.0918967007481722,-0.00878413653514943
1.91869783583544,0.802639171298893,0.217246349395348,0.414981924448128,0.0785724147241003,-0.0935970280842314,-0.00819667331691855
1.70428672224129,0.880930296049804,0.213557571464504,0.527689835978435,0.0810642025003041,-0.0927858610882566,-0.00749752766418349
1.47572623513783,0.916114165262324,0.198766221036113,0.622935595503678,0.0829427202897247,-0.0896454739906437,-0.00679152182950701
1.24930282706494,0.912263583198326,0.180052876813494,0.690941526074506,0.0836736438726627,-0.0849429348675697,-0.00644088735824914
1.03289220474917,0.87275631336519,0.161976578202729,0.731227109152144,0.0829985700240326,-0.0796791635928868,-0.00687391294021281
0.831468381040958,0.795221273629969,0.146366517265269,0.746312981461575,0.0807255067860467,-0.0748965916249844,-0.0083539019047354
0.650980842056544,0.679327596473641,0.134343215058751,0.740548270270109,0.0772366588929805,-0.0715640536252738,-0.0109056665608778
0.494602204267289,0.546967714598236,0.126988324548292,0.72073662746077,0.0744627455198324,-0.0703144505287208,-0.014466642804564
0.347684421465842,0.457077355947827,0.123422536343994,0.695513733853854,0.074916715580232,-0.0707036440430305,-0.0189067695212319
0.168156197426408,0.439844743105348,0.118027932943846,0.685301833860803,0.0778773950427391,-0.0703730795114362,-0.0232819273966227
-0.0488398632203016,0.391311384098018,0.110702453942519,0.709143246855389,0.079902008563024,-0.0664479803807062,-0.0256355911331782
-0.222541800770448,0.23009687979598,0.11653151441802,0.73590465637602,0.0799916028472449,-0.0590298509492046,-0.024687775458049
-0.332705430788412,0.0707918544572606,0.134852532161166,0.720534790402856,0.079138700463292,-0.0529034504142522,-0.022113907566293
-0.440212420366251,-0.00800379358483182,0.148119304881618,0.669870866098708,0.0782051640641187,-0.0520112039298214,-0.0197005593316829
-0.576023548290328,-0.0315368457232206,0.150171182481837,0.616205350839245,0.0780340379452656,-0.0562577363558316,-0.0176237471536389
-0.729691002640647,-0.0369548836997981,0.146532560562258,0.573892652498971,0.078682701648926,-0.0635797813876074,-0.0157592515702527
-0.875306519391691,-0.0395324178686874,0.144984376363387,0.532928459814565,0.079587775593871,-0.0718810455926793,-0.014007314244439
-0.993282786090008,-0.0341057425382004,0.147642748732079,0.473182676325741,0.0804549181535679,-0.0794636880908928,-0.0120772987582902
-1.08470074452001,-0.0105462839088226,0.148466541523433,0.384864661469911,0.0815046761278688,-0.0850708588565398,-0.0095125786249866
-1.16661135531768,0.0264641234069123,0.141726135496328,0.279816873619338,0.0828486071686786,-0.0882193182017445,-0.00599375131147754
-1.24602308845473,0.0571896654163869,0.132258098122288,0.174849370507461,0.0839516007806045,-0.0893022847747594,-0.00158385696146402
-1.3079226249609,0.0693117075981042,0.129979775939697,0.0706427480296803,0.0838245858776981,-0.0890744011015283,0.00324167780546285
-1.33503759275456,0.0731599231885741,0.135130484107946,-0.0427941350797856,0.0820098425904752,-0.088106619277453,0.00753333806337982
-1.33662089740768,0.089702135958609,0.134492979082068,-0.163589261616163,0.079818290219528,-0.0863318040134571,0.009963822711796
-1.33954001647181,0.119173370742838,0.120997721296125,-0.274752126091526,0.0792514572560808,-0.083092159891567,0.00988285502214847
-1.34526744070947,0.142197194828473,0.10574235589372,-0.370766255825952,0.0803687353355203,-0.0781642947565775,0.00818943074289109
-1.3348666751615,0.150748731939527,0.0988739584437872,-0.460575339541776,0.0819053786262588,-0.0722062592851679,0.00623873595614455
-1.29711943905397,0.149730971037888,0.100870438342873,-0.55089066508909,0.0830101258180364,-0.0664250081876302,0.00496352985648996
-1.23164478838166,0.14633381029069,0.10833544248326,-0.643825743104872,0.0835814337622438,-0.0621272121239401,0.00486133061745552
-1.14410312697694,0.148591832459007,0.117259210910022,-0.740255130018237,0.0838580238986514,-0.0603639499352629,0.00615384806513715
-1.04814527332561,0.168609956361367,0.123186701758786,-0.838385891920807,0.083826382172856,-0.0617433434342349,0.00889566607917175
-0.975059897906714,0.225226915593959,0.121991367385031,-0.9262748916712,0.0825850624747124,-0.0661936435686359,0.012897570293924
-0.980463938548019,0.332319367235014,0.114346853197769,-0.97452637130662,0.0786765509125703,-0.0722210469993873,0.0174600653507691
-1.08784121120823,0.44088249945045,0.110345355784148,-0.956609684556755,0.0741514225541786,-0.0759449670465352,0.0212947199036617
-1.15375250477802,0.423590581606391,0.11369882958875,-0.892773600128577,0.0747540432900141,-0.0740667423041188,0.0236354030967618
-1.02764108987506,0.302737428586156,0.105479750547212,-0.866982745424723,0.0775419485256236,-0.0681414992209094,0.0241744046070028
-0.817101983351864,0.245322938575087,0.0852906790238855,-0.930240289421464,0.0783808493046549,-0.0624676730799921,0.0234536650858365
-0.66004150047077,0.269613734414044,0.0792741467477223,-1.02599135435956,0.0788584284056726,-0.0598479310135758,0.0236184082900767
-0.610020468598201,0.300679778786989,0.109601487299448,-1.08069041476413,0.0781822904490221,-0.0609411367850586,0.0253353958581136
-0.658658443550984,0.241568163142567,0.17031722704286,-1.0094850795852,0.074287912008942,-0.0668423960197406,0.0278565180883094
-0.670806980021388,0.0300826544297365,0.186391950017681,-0.813013799095505,0.0697325473477279,-0.0751533558012449,0.0284818130044435
-0.529541765473043,-0.211335365822784,0.11449845241176,-0.658639089262455,0.0683726051259083,-0.0774108394076823,0.0253987828239306
-0.331401460166452,-0.357982826830184,0.0341870162261966,-0.597664349453073,0.0678584526329123,-0.0734230949724443,0.0210534894259234
-0.166812891218927,-0.444304581441847,-0.00895104176585807,-0.551748352654473,0.0669249627050536,-0.0680688851399816,0.0176653743115968
-0.038976719138878,-0.523363572304482,-0.0283101286105258,-0.479359134481097,0.0660055683137397,-0.0635533802699604,0.0161381426715934
0.073585188192192,-0.615751761175973,-0.0464214852581807,-0.376352441450655,0.0648334327574175,-0.0599668235671055,0.0166850709867159
0.181907006558962,-0.729998774861173,-0.0761824922631977,-0.244883656725602,0.0626838496259709,-0.0566526105561344,0.0187891088551441
0.277024624446208,-0.867749679352996,-0.111592639743695,-0.0918327087064381,0.0598937044068611,-0.0536343420404358,0.0211024396971155
0.343084819609092,-0.999897357801262,-0.124169556554984,0.0585199449067315,0.0587480512366459,-0.052225287244528,0.0217918873287437
0.394222609311134,-1.08702798637557,-0.105769814746269,0.187091848448025,0.0600872315215159,-0.0530288755449373,0.020534373254676
0.460344654409072,-1.13547526524819,-0.0875518840188991,0.304134069559724,0.0616650430007559,-0.0551646402523686,0.019206567920606
0.552105270004389,-1.16342856865807,-0.09026601694098,0.414055109448717,0.0621865353793936,-0.0584582805363994,0.0193951188005065
0.671462654042962,-1.16505099715573,-0.113294998345901,0.495190073960778,0.0614050445796705,-0.0635815091670761,0.021589811006809
0.810087233631216,-1.12014921239429,-0.139904056907893,0.511325169928832,0.0585941225851038,-0.069871619023714,0.0255654463450276
0.910221199117947,-1.02844728777967,-0.129864442755787,0.467827314840616,0.0544979855052741,-0.0729942365379723,0.0306448907774163
0.866111973442191,-0.976633204986915,-0.0625393921990971,0.522591420940318,0.0558137993950017,-0.0666480735804724,0.0329333884148133
0.771879566835112,-1.02698098947511,-0.0308082617812291,0.756164952386767,0.0634358479538196,-0.0588198660876702,0.0292802951612685
0.792667567901353,-1.06248778746755,-0.0645504552392084,0.932835577989008,0.068776289236846,-0.0590963208942338,0.0253459120985625
0.899358369263256,-1.01943124952107,-0.110696248090835,0.954094375815731,0.0704892075000303,-0.0655917804573042,0.0235042559526167
1.02088495509488,-0.884247529302163,-0.13534330147567,0.847485040203294,0.0711002199212406,-0.076146433538427,0.0239543778590674
1.06763800463718,-0.633456436020597,-0.120710102128738,0.691154249318726,0.0734487177958333,-0.0874327421245589,0.0247779861476322
0.963211080151805,-0.276414401079269,-0.0806602279579917,0.624338020032265,0.0785886994858716,-0.0919339430322399,0.022452234222966
0.808760745005412,0.11716454726184,-0.0552302876587742,0.660916603960866,0.0821766370502844,-0.088667001144479,0.0168295226019848
0.727095329318824,0.535089737315076,-0.0477257778273781,0.690098404729917,0.0818317422415325,-0.0838719658377414,0.0103968322593149
0.743877645430826,0.971897855527367,-0.0486526384145958,0.680183578088346,0.0778612010018199,-0.0812093700258006,0.00484467268932158
0.831873633531128,1.35400809244651,-0.0562507694610672,0.657253176916277,0.0719395959316265,-0.0814937272051089,0.00117375852063249
0.936644436132321,1.63307598043846,-0.0693089474304207,0.635865409455467,0.06642208736108,-0.0841080967273838,-0.000649818881780357
1.02171188988442,1.81758576936847,-0.0854344898296836,0.614164973046487,0.062212256317705,-0.0881514878858951,-0.000970580588275817
1.07392271002105,1.9292454921594,-0.101556161046509,0.588946458949633,0.0589462313060689,-0.0928176736267832,0.000131579971428248
1.09253156494149,1.9864369085119,-0.114869060476859,0.559694170461519,0.0563293287422042,-0.0972766775356156,0.00238583519236915
1.08103345283555,1.99915435735517,-0.122653969308693,0.527425130577606,0.0547102338448134,-0.100600368428963,0.00499140657084042
1.04168732640744,1.95891856711076,-0.119114096997067,0.483684578251695,0.0545136631585956,-0.101913104088043,0.00692045857243443
0.980078830803776,1.8522017013695,-0.100588220961039,0.40513579298824,0.0552729228057084,-0.100848791611301,0.00742969728991725
0.906120783581407,1.69265166788823,-0.0751661422049344,0.281292591732123,0.0555556481043002,-0.0980580028814181,0.00671350642054585
0.824277582075793,1.51111312425595,-0.0532983980742131,0.131159433483997,0.0547595625626396,-0.0946548966131015,0.0058099856609599
0.73244224105307,1.32452909214971,-0.0368369991054718,-0.0223637598033066,0.0537262672569742,-0.0914320678052557,0.0057291081874491
0.62730470430127,1.13762699973208,-0.0237907400831841,-0.166552439733953,0.0533275577744438,-0.0887432837288507,0.00710228263260904
0.505635208553371,0.957416759804772,-0.0139985052892518,-0.289150397256826,0.0532361363483592,-0.08644119599638,0.0101978820821331
0.362802349877517,0.796936508803613,-0.00857637056553009,-0.367117805546096,0.0515399318816627,-0.083997323148007,0.0149342437193412
0.199751285767345,0.651795707570856,-0.0065179137679511,-0.386004060604145,0.0457237172493693,-0.0817961921711418,0.0208019928592191
0.050383476927031,0.454930176962351,-0.00627212756771334,-0.419748677197771,0.0379682587009065,-0.0817083510371365,0.025223456580331
-0.0683313586536776,0.172861140729862,-0.00548904820528118,-0.556364191133998,0.0365834840016056,-0.0826760546196447,0.0250446144806046
-0.217067182390364,-0.103754838369205,-0.00199782108398897,-0.700096134117732,0.0394720839781634,-0.0833219471764564,0.0242233168708122
-0.455137968836196,-0.36733115192402,0.00468517572437085,-0.804215147119043,0.0428733812704385,-0.0841756291122536,0.0253724098294944
-0.814311718663155,-0.657442130114793,0.00765599141273656,-0.904500800509573,0.045632594137655,-0.0836595689650094,0.0281241898226356
-1.15428813080433,-0.916583775468787,0.00160354093870086,-0.997288301640973,0.0502601213300583,-0.0789226141553039,0.0290393398042663
-1.30030644173504,-1.03007025213142,0.00747614049680976,-0.985022881555868,0.0612346335623914,-0.0748308858423985,0.0239488023883066
-1.41789349094615,-1.08883671163217,0.0139181204011133,-0.909709739955329,0.068773145404313,-0.0754316598234155,0.0172862773963612
-1.57908845385345,-1.16119704784842,-0.000978945833326056,-0.853097072642972,0.0706345970208232,-0.0782357935864153,0.0123172267658071
-1.74219268035783,-1.22775942392406,-0.0308235161216582,-0.817293537932691,0.0708700805786269,-0.0822409154290863,0.0103998679708676
-1.88708595389785,-1.27702919676706,-0.0693559833598068,-0.791759332892521,0.0711361695620167,-0.0871822770565164,0.0115308294331767
-1.99176121399349,-1.31233390424237,-0.107200995894407,-0.783720457549985,0.0700987223886314,-0.0923724028988821,0.0140113942625545
-2.00661713042654,-1.30418499767769,-0.111529133814974,-0.761035226228964,0.0675109433835595,-0.0962344337635533,0.0155616142717118
-1.93204587456457,-1.22155141635517,-0.0739713791564249,-0.65968911945426,0.0643326944991093,-0.0968030444349712,0.0145580363345303
-1.83838406902806,-1.10379034388956,-0.0396780362594575,-0.497412131571604,0.0600335302914187,-0.0952876483659435,0.0120228038866203
-1.75015738902208,-0.993740067162775,-0.0272572243732777,-0.333483018777887,0.0546616963879852,-0.0944785147431969,0.00978701324556152
-1.64647815822089,-0.894177483684929,-0.0215970179127387,-0.186586163564902,0.0491486247983977,-0.0957513184303623,0.00916353686825941
-1.50359748589528,-0.796872356648262,-0.00370696967140298,-0.050340200476984,0.0441261657670972,-0.0987950020178341,0.0106878445734467
-1.30188335716996,-0.687057376091047,0.0425302424140837,0.0877736549747543,0.0405503969693777,-0.102161120201938,0.013979223758752
-1.05058471736818,-0.525625746718202,0.105770097457503,0.251367725799768,0.0400770642905088,-0.103813248199837,0.0176186463358682
-0.832970584238691,-0.310301114454409,0.118297885868792,0.429237366151156,0.0440455089427746,-0.102336055621033,0.0179456880009148
-0.667963481104003,-0.136685628009893,0.0802430906857113,0.554841713256215,0.0481137235298429,-0.100498396089705,0.0141227980706118
-0.468298131958551,-0.0200013219761477,0.0645738836171459,0.637453603747105,0.0492648705524787,-0.0997760431447829,0.0102918065534008
-0.219416598734528,0.0814680877777672,0.0772957118166025,0.711363655626676,0.0501661543079732,-0.0989255448215227,0.00868189439027359
0.0603332472201572,0.178347177076646,0.104336741307741,0.780205495971139,0.0517399297457903,-0.0978104776635991,0.0101725244087025
0.378275827491061,0.282895720013407,0.144590010966606,0.851322031787047,0.0509776929504989,-0.0974909742474293,0.0140706215424228
0.700385537158106,0.425739849081181,0.177262238076978,0.940558751776329,0.0451093491679213,-0.0987700217488218,0.0176384153076161
0.892543735092876,0.563089934897072,0.173033283513958,0.992368103947364,0.0365273345077019,-0.0990653908845859,0.0180067472783019
0.913439544900829,0.625190906012554,0.152716934051384,0.957417353151064,0.0264920776435099,-0.0970697797410959,0.0164791834222666
0.802508103677516,0.609808968950731,0.137965527587563,0.895752041877451,0.0177880921316987,-0.0952516765591498,0.0147995114003371
0.634571641052599,0.51899151672558,0.134365071197176,0.873730740302681,0.0176148329296019,-0.0953067470080684,0.0134621065071575
0.533715314682927,0.389286798365017,0.140746915467084,0.894185031839048,0.0266877888554925,-0.0978586382249275,0.0136685738263807
0.542383287759722,0.265456393510377,0.154710490731451,0.916306094941493,0.0388097733329043,-0.101366661321647,0.0154696543162332
0.677855080259273,0.141123595661379,0.172050954504412,0.864305067736491,0.0498134306803985,-0.102488797576804,0.0162743052637908
0.938657986610056,0.0532286872207454,0.171867528376498,0.71159403520098,0.0565485496048381,-0.100755240404462,0.0134786771503857
1.20324540684807,0.0290027409732788,0.15406630068579,0.547762638409557,0.0577100841888968,-0.0992125767946517,0.00964839202263138
1.41322735126385,0.0337416430216695,0.136756125346854,0.406108952996037,0.057413904990432,-0.0978675623486751,0.007961033113467
1.56978204046022,0.0522422454735432,0.124294865458151,0.281696467218275,0.0590216278409543,-0.0958242875115092,0.00958700071209631
1.65121228002826,0.0734452630259736,0.124027115845393,0.193508618806057,0.061000186008896,-0.0931332875899308,0.0143097359529414
1.66068748026967,0.0484631735674422,0.153187917070339,0.143392976443529,0.0581975863075705,-0.091890180352027,0.0209567569976689
1.72645633774008,-0.0278439688348672,0.181232497589678,0.0365665285025144,0.0521397678638739,-0.0937448007790065,0.0244663449509237
1.85912419531676,-0.0374117526660431,0.159298519236325,-0.144793398369223,0.0525547711524265,-0.0934814920438125,0.0217777085494704
1.9058519135634,-0.00475647735121423,0.13521510691032,-0.293991256374935,0.0556978692305367,-0.0911308356247161,0.0188841055687265
1.87645077234277,0.00592536724425136,0.130792172992379,-0.418781540353545,0.0582022024773007,-0.0895888129371282,0.017993762008961
1.83867623473802,-0.0050194506934837,0.132140045137815,-0.557856703184664,0.0592371282159699,-0.0895426161782891,0.0192777218005895
1.82002222243164,0.00449929586431774,0.124574115449106,-0.698295170146051,0.0592892349927802,-0.0888369690903608,0.0211197824546793
1.72336606923978,0.056659786025272,0.118045389925143,-0.741776652410434,0.0622563062895981,-0.0868720584420041,0.0195562589434049
1.50919048009823,0.101295183452051,0.12429773414321,-0.705015395078751,0.0652915539134541,-0.0875504259471191,0.0134016706289257
1.29326245390558,0.166251548079772,0.126344218621042,-0.696505078676427,0.0610918829198396,-0.090657061943278,0.00652385627994044
1.07740790740781,0.314815412473166,0.122094587179103,-0.704461911805493,0.0533730647239778,-0.0933425710968978,0.00219274011326674
0.802123790286665,0.518640092925243,0.121909524550429,-0.692454125022214,0.0501278592500376,-0.0938470716919312,0.00212062853394297
0.473163702309473,0.704976719636636,0.128684424103076,-0.674739429706894,0.0536591903377994,-0.0918824228558536,0.00608660817410587
0.132061093871683,0.873393793358392,0.139993843174775,-0.694240579133322,0.0587174537681192,-0.0886592038842415,0.0126719826184817
-0.236824973737338,1.03959707874524,0.158931221197864,-0.74441112684883,0.0584751386498379,-0.0870615806468906,0.0194268133099184
-0.634392091964427,1.07585361875371,0.178309291318121,-0.718038600401569,0.0552168328121004,-0.0885441589708005,0.0218418729166949
-0.966594276142985,0.961379388804861,0.180395160757173,-0.621159950417643,0.0551919040042797,-0.0887895973393095,0.0196706834897448
-1.24365109045628,0.84276440368151,0.179239390874435,-0.537956163050524,0.0561958186629457,-0.08727065583299,0.0170162869455373
-1.51442629419364,0.737827839588722,0.186981107249549,-0.459419258038188,0.0564817904205122,-0.0866573969025337,0.0159884111938555
-1.78192378254822,0.5963083256911,0.19708005232853,-0.348222961534934,0.0554716393681656,-0.0879347873041741,0.017315560367793
-2.02040462873027,0.383697529139326,0.195281521190838,-0.192659694732759,0.053747543544714,-0.0892787680775934,0.0201350234679859
-2.20309777438646,0.158066021510209,0.184161693985997,-0.0704698112860221,0.0553265389068129,-0.0889822248362482,0.0208612466911128
-2.35773278471713,0.0158625905577629,0.195768790904072,-0.0382991839768068,0.0592088510337329,-0.0895813978391764,0.015736192276517
-2.49050398132662,-0.127540256382013,0.2140887022144,0.0177408465990563,0.0565689077987144,-0.0923910026178022,0.00862442150578763
-2.5642486147786,-0.325528067141101,0.212611910790074,0.125800947984583,0.0488497199794118,-0.0952368760949927,0.00282284976658365
-2.57159005364745,-0.540145538324627,0.19790606470286,0.237105247274923,0.0416772254731737,-0.0968831562661737,3.04932709978177e-05
-2.52647872837269,-0.732982275968997,0.185131913367163,0.325184053910847,0.0377470040294042,-0.0966504628422627,0.00119379336648323
-2.42925066123062,-0.904727409133854,0.173365771293302,0.407466972238744,0.0350865808547506,-0.0949478217501598,0.00587044035823536
-2.26326372150881,-1.08280126148358,0.150520995923873,0.518004068198381,0.0285460425558476,-0.0928267634630544,0.0127395873477684
-2.04192263132711,-1.27129440370446,0.122126689908229,0.648882103597444,0.0150017076527488,-0.091577114917125,0.0197140343694856
-1.83904857577864,-1.38994638856447,0.117621860912056,0.697543294756414,0.00300237780014723,-0.0906153859243517,0.0224242130450997
-1.63404025211407,-1.41134284138032,0.124332313949576,0.652009304153034,-0.00288698711797186,-0.0888300424222168,0.0220092416755333
-1.344848817004,-1.3703125938481,0.116166107475389,0.579799774224056,-0.00891744498461838,-0.0881404295769536,0.0227677727744795
-0.932007147227103,-1.23919844525856,0.0894995337984967,0.496882550948716,-0.0183132122907781,-0.0883129616101363,0.0258452492753734
-0.422419732739119,-1.00965381194754,0.0605046640914765,0.45513012234213,-0.0257274743375104,-0.0847006728002123,0.0291886414927655
0.00123744562741435,-0.870272053037985,0.058573858153682,0.532163179672319,-0.0181204519323856,-0.078267401252369,0.0256087146714936
0.350026919029612,-0.80161065048702,0.0619711004545076,0.610525028155899,-0.00974807452113955,-0.0777961754020521,0.0185872439255936
0.711090692195674,-0.640324380463337,0.0631571458847447,0.635211476581715,-0.00662082414070526,-0.0810212029485615,0.0136521233958273
1.04827304467481,-0.421236629906791,0.0709346054638276,0.646377600477418,-0.00345674899397796,-0.0855328469068185,0.0116897847853424
1.3407770144263,-0.19472152094897,0.0861030155886926,0.664729013668818,0.000583637914450741,-0.0914488789815404,0.0120891623848966
1.57288312246075,0.0202125218860629,0.105504244180331,0.676069384075827,0.00266380966774435,-0.0982659625118267,0.0131422461540708
1.71784127468243,0.190728337521054,0.119052866746472,0.637172118054938,0.000892237984828034,-0.102958709442846,0.0126375383380595
1.79648640095953,0.299634502431868,0.118460149478161,0.540263702072417,-0.00317644363678176,-0.103028207373069,0.00973235194067703
1.85745171455422,0.384859102748905,0.113057720528194,0.427238441904017,-0.00709116533448564,-0.100210843175066,0.00580303078419568
1.90410672908807,0.473545406401234,0.112335657931837,0.317751966526214,-0.00969802021603903,-0.0969172269965278,0.00244326066739786
1.92055784249002,0.556507717907547,0.112986068220465,0.206157121901858,-0.01169603189667,-0.0943799611682915,0.000942474305283294
1.90556445269976,0.622510100390107,0.110206435549881,0.0869543609807715,-0.0139154439442385,-0.0931858282835749,0.00195200396746335
1.86439885114565,0.680399841176386,0.109080314052708,-0.0372741035373127,-0.0155997308854228,-0.0936513744483023,0.00516502323284632
1.7880539276259,0.749949944168338,0.120824619315161,-0.162191095576733,-0.0153758591412862,-0.0956601100747222,0.00985601092953675
1.64988965848405,0.834627510500755,0.149897171436701,-0.289502656496961,-0.012678709425874,-0.0977769989060879,0.0153074352796569
1.43856419650064,0.874209204511322,0.173998469695329,-0.432371188027888,-0.00872669283612441,-0.095795223939158,0.0201988757895704
1.22191218760759,0.781990401525941,0.157930310911046,-0.582711296767313,-0.00729120417385045,-0.0867022648830659,0.0223522897774184
1.07735295452318,0.620798797112789,0.122176187385788,-0.689392691293241,-0.0113653072706999,-0.0774216810645053,0.0226553259685364
1.00926316739327,0.49638805241418,0.0994887067368089,-0.708757534958117,-0.0205693369154607,-0.0745895299312068,0.0230818637343937
1.01376967707393,0.387125440790646,0.0856602359864244,-0.641318120664513,-0.0347790306475088,-0.0805699090626723,0.0248262546752551
1.10171813349531,0.187496796500711,0.0720511234316936,-0.612379581270562,-0.0499593369155063,-0.0932561742441761,0.0251223217262842
1.24715186255835,-0.0734560260585383,0.0684175645039077,-0.7495278542805,-0.0512942077871689,-0.098483989941681,0.0188447270475436
1.35481515910221,-0.206089138323423,0.0712716692999077,-0.878685499435319,-0.040614761274134,-0.0957614130653115,0.0110232100370832
1.29376282683221,-0.212104385037548,0.0710709141575647,-0.913715398682752,-0.0288781594174378,-0.0928038188476938,0.00532373002014603
1.10280560311336,-0.168518614925114,0.0641820707021298,-0.886287019859433,-0.0207169030741804,-0.0919094871075138,0.00281633507470007
0.844278709251351,-0.108220580312258,0.0495920448400511,-0.827994609683399,-0.0157832589167579,-0.0928377383631303,0.00372809519550054
0.541604142960848,-0.0327810463503024,0.0241161046568446,-0.737954910249295,-0.0120049113675831,-0.0949867048824927,0.00712886696723501
0.1998385167927,0.0684228836341737,-0.0166578185033965,-0.607039524477412,-0.00765022993178435,-0.0971587195633209,0.0114886705933111
-0.158525077519332,0.187977193872398,-0.065679489698516,-0.462725179392295,-0.00270241230096851,-0.0967185267985764,0.0150474562398179
-0.480866322136722,0.282209158090408,-0.0969875497371024,-0.361984069928744,0.00120199458743875,-0.0914244058972973,0.016075996407508
-0.752491633908472,0.329278245133087,-0.106936599148778,-0.296818894549796,0.00282543662299465,-0.0840213039213181,0.0154505766555141
-0.997187862625756,0.360649567413477,-0.11150804951326,-0.212532606588461,0.00307661153778784,-0.0781197070660503,0.0151067616509381
-1.2248277810326,0.412736559258618,-0.113155981746587,-0.0788826602233791,0.00202390293961399,-0.0750803684295498,0.0157784901847839
-1.4330252976882,0.511165422749147,-0.107579841179007,0.108653732462219,-0.00136816591285952,-0.0756130031055514,0.0175747333347505
-1.61993441267523,0.653551279417785,-0.0996612634753441,0.317615598386698,-0.00676904916431147,-0.0794918733168458,0.0199783425759836
-1.80046175655978,0.762913213199609,-0.116670711688437,0.464368541966181,-0.00961733365156975,-0.0831233138429918,0.0203747225411866
-1.97239931635221,0.779044009443811,-0.157999983371023,0.532305086634721,-0.00646883495213565,-0.0824686306857949,0.0174810383106424
-2.10378901389865,0.763963154836451,-0.190668781976246,0.597807694205948,-0.000661813677986569,-0.079284874488671,0.0133130682443157
-2.1786891730079,0.762208488676864,-0.204853894633579,0.684884353289309,0.005595853163654,-0.0770112470956947,0.00966960463826663
-2.19958360957608,0.762991419345301,-0.207976827972574,0.771877484945302,0.0115998427362841,-0.0777144182061654,0.00801403567222262
-2.17689915378769,0.749805061328153,-0.209231516390656,0.841957974211668,0.0170121292720872,-0.081363138656773,0.0087595375106955
-2.12065304479343,0.723210875846402,-0.213364704608758,0.888888003672573,0.0221232043070686,-0.0862130724956868,0.0110427956072447
-2.01981737061633,0.675904858270106,-0.214335658033829,0.89244678360935,0.0280595626514249,-0.0893960777581823,0.0132184472892794
-1.82372826525444,0.563737443636138,-0.197961096918605,0.820640542397598,0.0368373918332226,-0.0886293980408164,0.0138071332759571
-1.49522616000347,0.339305805951439,-0.165035040983188,0.688213538107645,0.0490759138666899,-0.085399548265221,0.0133385807651083
-1.08512194991495,-0.00707186879949462,-0.131193896074191,0.574740302535669,0.0606216639617156,-0.0833876586695255,0.0123908704496774
-0.712079372354657,-0.418709036642822,-0.110778246481542,0.535550898203679,0.0647538247895464,-0.0843837839541526,0.0103111745441746
-0.439287847878369,-0.849415036419021,-0.102736830945159,0.541010406741067,0.0615317571977218,-0.087731733488587,0.0084734978401733
-0.276442102919093,-1.26641545504562,-0.101034341875749,0.562204264141432,0.0534865888517373,-0.092336235260331,0.00955312741215216
-0.168932585817108,-1.56295400402417,-0.101296133767034,0.590966547638461,0.0401995220345745,-0.0968174296224487,0.0148800284232254
-0.0762043448681206,-1.74194350429232,-0.105692501928391,0.610861281899605,0.0216114799531838,-0.0990037001398395,0.020629426340771
-0.0676801114174136,-1.87522045464128,-0.129748142681509,0.616098263311087,0.00527709297489495,-0.097008439415359,0.0216466376470977
-0.0470708846543238,-1.89806491704886,-0.156605870221154,0.582526726882812,-0.00517072143048034,-0.094186305956813,0.0211667476098578
0.051772762736796,-1.78608459523028,-0.165025809443969,0.47041411870362,-0.0113627020708974,-0.0933408907800041,0.0217433002816941
0.215581782530677,-1.5516205768197,-0.150005433909844,0.279095960415721,-0.0145715071843019,-0.093831930730843,0.0237872537364978
0.407391432229672,-1.26510508807726,-0.12259548931369,0.0991316267746297,-0.0129677359468463,-0.0922356188272635,0.0250494445973555
0.593126282677614,-1.08185351196533,-0.106817690047966,0.0562849435800695,-0.00631558912394658,-0.0878077759239724,0.0211436549026514
0.770605394414645,-0.943463888211426,-0.100959462328917,0.0302343632172925,-0.00246818207320973,-0.0860329023554104,0.0165695453834057
0.957166878466358,-0.748386714818182,-0.0884371746916383,-0.065541517479168,-0.00239308046887695,-0.0877606116721339,0.0131081722610776
1.1518940372742,-0.485650875597436,-0.0681446661314171,-0.215067202119503,-0.00398011921754659,-0.0917475061403429,0.0108256618690583
1.34494118055432,-0.179342185677365,-0.0454194537056453,-0.383599860665874,-0.00521609804141128,-0.0969205279880317,0.00975733432973181
1.52033617331896,0.143976729535994,-0.0287392584155316,-0.547209520098669,-0.00553648633428603,-0.101472604171569,0.00899704305824221
1.65739945883611,0.45887799982976,-0.0263230780415842,-0.691630231578766,-0.00427336234877627,-0.102776278222286,0.00741857400107723
1.76311390910131,0.747001137138468,-0.0328597424497416,-0.811358248858276,8.83500988807517e-06,-0.0996805739328993,0.00485264441533502
1.87981607456634,0.991548333841157,-0.036960986039853,-0.905523585176692,0.00785431398211274,-0.0931137805413463,0.00227415637052886
2.05956665471435,1.15175392994142,-0.0355516067997248,-0.96981423971351,0.0170478989965912,-0.0846704155382722,0.00110790369572565
2.30791013005431,1.1742278715406,-0.0347931447938083,-1.00412176564027,0.0209272331744993,-0.0764453111827299,0.00239782887064504
2.48013621316957,1.11597313478424,-0.0417321209665773,-1.01472902077508,0.0147604749690849,-0.0710956024971313,0.00638507111593506
2.48154425207893,1.1050730052219,-0.0488590688494266,-1.01230244952867,0.00602564243466537,-0.0703323655775808,0.0128419937819429
2.37837286085167,1.17329020353437,-0.0456981392465483,-1.02885888202413,-0.000272206469140923,-0.0732784923471709,0.0202028680536689
2.2084394930146,1.28059843504051,-0.0250816035597527,-1.06518519640165,-0.00423751019056165,-0.0746612469152738,0.0262087139639572
1.90497461525954,1.30418806264554,0.00309772498077292,-0.984213428350706,-0.00297863996624166,-0.0681809975916193,0.0284788149723975
1.50794070312304,1.21290798234166,0.00959758074852488,-0.745599865331085,0.00422080948295022,-0.0596396466499984,0.0270773762384451
1.16392473416638,1.10522674580838,-0.0120474438917759,-0.520193061558957,0.0123070682986022,-0.0589784645140341,0.0259881052870963
0.902259474065626,1.01456805471129,-0.0583975130995791,-0.399345399271095,0.0163587966707429,-0.0670741986739765,0.0251347452263023
0.633557002217645,0.934513531075712,-0.0975488163127129,-0.341567903268641,0.0174309367322225,-0.0797132081601375,0.0251466330641097
0.26988461885626,0.873081710104091,-0.0739948173267876,-0.255057700855883,0.0172641922271934,-0.088665210753391,0.0237422957713818
-0.161218839929674,0.820540674038815,0.00208146415924333,-0.0928146503699758,0.0153626369705614,-0.0893096285772266,0.0195552347700864
-0.563719219208777,0.745489366818489,0.0610524814156693,0.0932855592270574,0.0111685748898528,-0.0876101709809714,0.0150743974875222
-0.911192738508463,0.639754146730389,0.0857208397711351,0.257316608609985,0.00647942603448592,-0.0876814454967492,0.0116527881766204
-1.21522120110431,0.507850577149335,0.0888842363207657,0.389832684157407,0.00323321767151317,-0.0903092792188488,0.00971749619520945
-1.48383292542931,0.356333480587714,0.0818893703794658,0.492275489572287,0.00164870259515244,-0.0951314599338345,0.00917501526782811
-1.7222705583014,0.185894455531364,0.0699466611533596,0.572694286652138,0.00103412643081999,-0.101282847124015,0.00917424650197372
-1.94330616057608,-0.00644125421296755,0.0584348556153768,0.655390805049588,0.00135649408844584,-0.107446465495587,0.00777729325876238
-2.14413609587645,-0.210256643482765,0.0505379981863264,0.752112380902957,0.00161384968899951,-0.112435040898806,0.0033369551045932
-2.2861301265203,-0.410842254528847,0.039714739511534,0.829893136604682,-0.00214509547645211,-0.115839252146804,-0.00308139991921747
-2.34847216110654,-0.616453481945792,0.0245336584444595,0.881636673869477,-0.0110428215237784,-0.11596891174421,-0.00905220962495483
-2.34751525658982,-0.83197606767052,0.0154744166403771,0.945057934799605,-0.0211972109307007,-0.10960425023547,-0.0117367479681151
-2.25688230403322,-1.05277879447784,0.013367988099566,1.01084110207816,-0.0277043213552198,-0.098506996417477,-0.0111976293582302
-2.06879035184405,-1.24182653855268,0.0164090190617437,1.03745460921003,-0.0273047280928163,-0.0878106402484277,-0.010827628155294
-1.8811209425709,-1.33570170298534,0.0237638531850801,1.01480369145878,-0.023568049436846,-0.0794107062410104,-0.0131866315350539
-1.71062033975743,-1.32508939572851,0.0334886483985367,0.924178506486071,-0.0189652220753509,-0.0730036840990831,-0.0186842156963944
-1.52611517054275,-1.18581404027471,0.0463450166539136,0.724954250148447,-0.00952001652743909,-0.069492919174496,-0.0265054993579439
-1.3618718964799,-0.950125203530127,0.048366857253952,0.502080332500686,0.00244773864741164,-0.0717946957945072,-0.0330176873696002
-1.24316277812308,-0.8508341997425,0.0345024453959007,0.463204643031874,0.00324159517280789,-0.0744120324687192,-0.0314776870325161
-1.07750336987671,-0.853257086030164,0.041144605142939,0.464188442821456,-0.000624519154645248,-0.0739193125662802,-0.0287246173586071
-0.8341104625456,-0.82192582499498,0.0835952471133219,0.394482829110455,-0.00259273742528438,-0.0713996183104801,-0.0269973608610803
-0.537081121615387,-0.701174732426327,0.149188398663741,0.253557735426176,-0.00316865329688088,-0.0683483007142773,-0.0263145765383248
-0.2510666225952,-0.480674550274366,0.195345054972831,0.0661669528771535,-0.00643061792949741,-0.0657739433279966,-0.0254695959444251
-0.0511937163576994,-0.227420943639405,0.179843313595059,-0.130239106564124,-0.0147992275733996,-0.0649254003708613,-0.0221852967964149
0.110621223477458,-0.0259050290043339,0.147393037086388,-0.300307489468287,-0.022592556822629,-0.066151955368655,-0.0185620076036348
0.296154176787189,0.131667170034717,0.138528512831834,-0.444402314807611,-0.0278911135427289,-0.0684234697997195,-0.0162345743336954
0.513476912870701,0.27562291102369,0.1536765386181,-0.566755418629098,-0.032060540119376,-0.0718804348523844,-0.0156534004671193
0.754374712904134,0.420963006968557,0.185290267554607,-0.659619639715595,-0.0360718121863208,-0.0771920137573399,-0.0170747302742758
0.995669444710656,0.567322838778111,0.222367545702116,-0.697855615557927,-0.0398916125851382,-0.0835893157614539,-0.0199799558054621
1.15959982251362,0.692574096777208,0.237523235173207,-0.660840660874838,-0.0446680275001456,-0.0867684323198791,-0.0228599931384755
1.14697477300315,0.742646262147482,0.210494897329629,-0.578456351406737,-0.0543052486015771,-0.0819328878686336,-0.0248798062479049
0.977881768339247,0.652900230252718,0.162682303740722,-0.531768667821594,-0.0674475665585991,-0.0706565263353861,-0.0273145096029888
0.838195008800765,0.474433412396261,0.138305014686914,-0.591820660939702,-0.0706065842873886,-0.0593803369482779,-0.0287082530823837
0.827660404074169,0.33614153125074,0.14462415748042,-0.642475892815235,-0.0620260985197746,-0.0585617276414325,-0.0303320578543467
0.856715316828011,0.167285574254595,0.153396198097296,-0.550721153759741,-0.0496159856124982,-0.0716114449612145,-0.0351804876929609
1.05849071571249,-0.319017126100711,0.159110345278194,-0.4506552669909,-0.0420834654593031,-0.0870087437136715,-0.03575054883627
1.55342561874873,-0.784375667492166,0.175915178634416,-0.519073157910368,-0.0378921937400184,-0.0919649045573302,-0.0302946298116601
1.98211762747326,-0.870525237192575,0.19222804963556,-0.623186586221785,-0.0301483296571114,-0.0936070078962114,-0.0243937468737619
2.22036289329109,-0.743984689265567,0.201189161839567,-0.641125187796397,-0.0233655457201413,-0.0982636981011993,-0.0219374518219029
2.30964302114832,-0.566159003888027,0.202625831138776,-0.619516568818416,-0.0221001539013023,-0.103028762920352,-0.0200828976518912
2.28977291792316,-0.451709669408747,0.190363056963168,-0.652677241846484,-0.0262378868758453,-0.105860739370662,-0.014137696238969
2.22047232636641,-0.350134325139311,0.178586055330087,-0.664004689609734,-0.0275402318425308,-0.107944844154729,-0.00695866896073067
2.11158882181633,-0.19817201029372,0.177103998532608,-0.599077946029312,-0.0248553531067706,-0.110118632747228,-0.000691510906764187
1.95879822459956,-0.00235448566076935,0.182513564268171,-0.483027497446429,-0.0214992415801101,-0.112090222498476,0.00365134313145324
1.76170952936662,0.195967837092251,0.182330327640598,-0.363107966264596,-0.0210766935631481,-0.112402174116108,0.00483604311016249
1.52873904552149,0.360080938188127,0.166220287559109,-0.261761993604437,-0.024592641996464,-0.110415196703113,0.00253923078323618
1.2758061720559,0.498650201082007,0.143157841038672,-0.156182452007927,-0.028898611517607,-0.107436415091623,-0.00199351184093179
1.01111870077198,0.646649396186213,0.130810828891989,-0.0185754146681736,-0.0298875964795917,-0.104556115265593,-0.00739460996568787
0.723463138249011,0.823930971780728,0.129908008067473,0.151500903862604,-0.0260482293647654,-0.102079334496034,-0.0126676708349391
0.389966013844858,0.992315431426693,0.108169710676086,0.312418472807114,-0.0204376866525276,-0.100148785056453,-0.0161339780095753
0.0281968110460196,1.08722275804479,0.0490176937632444,0.424917494586801,-0.01737989300857,-0.0988353660136927,-0.0169167805094493
-0.310353287586865,1.1266753525063,-0.00829128393186762,0.514013838331923,-0.0161783229199806,-0.0988277105858137,-0.0174802600269887
-0.586853824301886,1.15245650262944,-0.0278988695650644,0.592032881787106,-0.0153974709373094,-0.101038906726079,-0.0199757245790875
-0.772628348269206,1.17921470913697,0.00272834604770841,0.626751733423159,-0.012706023493267,-0.105415674596922,-0.0249909624432265
-0.922907813272115,1.19266248087761,0.0385251346351327,0.605259343483512,-0.00825151230357009,-0.105984833642582,-0.0314369284321078
-1.25592612615969,1.17777732910075,-0.0203930588474172,0.658712925051387,-0.00965724917264838,-0.0925523186318341,-0.0318538178803323
-1.6365211091171,1.16865451702712,-0.0882779376214473,0.801643938254082,-0.00798877865146775,-0.083191374039144,-0.0293603607622961
-1.79346323361341,1.22288731429763,-0.0862226741464801,0.940676906283777,0.00379899736995748,-0.0879144919710979,-0.0287405829682943
-1.73579662490948,1.28650702833249,-0.0601424950678322,1.03293916636837,0.0194659621632562,-0.100902255615407,-0.0307021617976619
-1.6146599403974,1.12916958320406,-0.0524092591319551,0.946609208469933,0.0351518792812787,-0.106180915301052,-0.0282651054496058
-1.52445846555151,0.833729686169527,-0.051197032656571,0.75921937729104,0.0442761289166633,-0.101857345124307,-0.0225635331579109
-1.40341466853291,0.556298100056816,-0.0525713743259838,0.637697408059383,0.0477206276902699,-0.0994804439624134,-0.0179397906103689
-1.27621934508991,0.300273076361812,-0.0625097441169634,0.599066520209688,0.0470103327795774,-0.101534232919572,-0.0150445951106787
-1.18791452459211,0.0591470529338916,-0.0779969932388481,0.598409504708342,0.0447253537880678,-0.106607839651176,-0.0140962637115722
-1.17301460507081,-0.173007070992547,-0.0872060733189425,0.580064526890238,0.040924694415235,-0.1117760437745,-0.0127226591569055
-1.22586992519221,-0.405059486147752,-0.0809412429574011,0.498973055533804,0.0365236649803071,-0.114994460254272,-0.00876148736780079
-1.2603939514951,-0.630633373741428,-0.0732126248831138,0.386771849486453,0.0356612838045124,-0.117029005097537,-0.00417054754076755
-1.2501569604407,-0.839537833448775,-0.0726989564199231,0.280723938020616,0.0377143687359242,-0.118649495886137,-0.000702346713221326
-1.22221912379869,-1.03460074920976,-0.0769634044066258,0.170486943806629,0.0383090786575903,-0.118990750316237,0.000126077396115262
-1.1806125712191,-1.20837753528764,-0.0845374727473655,0.0495901228210236,0.0348197783097953,-0.117573464967262,-0.00257935130543231
-1.09804397925007,-1.32749718901402,-0.0906088424416391,-0.0390143529996717,0.0306171448391504,-0.115793398217046,-0.0077350179596782
-0.983404540040899,-1.36356480035522,-0.0814319466278895,-0.0655987474982668,0.0321189597136393,-0.114883339027955,-0.0140830815518526
-0.907054243200733,-1.35956437622729,-0.058012186675911,-0.110684578328812,0.0402116427221834,-0.114043337143085,-0.0193098834604873
-0.863635600027902,-1.40994400935088,-0.0571240915031684,-0.26381447194844,0.0435370156289271,-0.111020821169381,-0.0190074556113191
-0.749626946840139,-1.44019806949306,-0.072011112434686,-0.390470061738047,0.0423618891586213,-0.108132365163414,-0.0181881636419912
-0.535374635187919,-1.39208473724524,-0.0846328358823232,-0.394914068591775,0.0402531856790702,-0.108361741707064,-0.0201688854556171
-0.222929028010771,-1.2901380893995,-0.091163775178024,-0.255852252452968,0.0380531149550014,-0.111582168329038,-0.0248146708920082
0.074877388307536,-1.17345179245627,-0.0937104363480699,-0.0880683784406068,0.0347105590643184,-0.109914227037932,-0.0295716707998496
0.193106503515114,-0.97115277662724,-0.0978959158500833,-0.142518010216076,0.0275670774122938,-0.0971342832192833,-0.029013599241552
0.348478802412101,-0.656326812324678,-0.0994593107911699,-0.268980294819418,0.0238318942090688,-0.0902609763639772,-0.029543777379075
0.799502876803322,-0.244551928274628,-0.0914688112719844,-0.319582116425756,0.0289831162007064,-0.0942307222295999,-0.0300597978773092
1.32677208209133,0.0219954054308355,-0.086499157790868,-0.380392917577736,0.0393958427906732,-0.102835311484484,-0.0282557143805252
1.59574848843607,0.134313678329537,-0.0872709127048341,-0.442813173657092,0.0453419940986223,-0.10332851408574,-0.0236450697920573
1.82367811204948,0.263918717765052,-0.0882128136992751,-0.468172077548792,0.0473687192711659,-0.0991609654774097,-0.0198394577074017
2.1377187318488,0.35972810566911,-0.0984239638319277,-0.498133664678423,0.0469580606367762,-0.0971581462734912,-0.0174017060474943
2.44768662137453,0.395983755773971,-0.124082552420131,-0.568792701927815,0.0437617379048848,-0.0988544086419499,-0.0157673556058023
2.64378229804397,0.431186173339656,-0.153713321637575,-0.650762905042489,0.0390138077706307,-0.102976137441713,-0.014524398484064
2.67822630833634,0.527504797306813,-0.15964129590846,-0.698521353499854,0.0339400421246286,-0.106836797355747,-0.0114325545419859
2.6016281519189,0.65285288344185,-0.139861100207797,-0.6920841941705,0.03184553483127,-0.109266180536812,-0.00628160547779231
2.48210016256271,0.745934625383966,-0.123510923363331,-0.646002815541612,0.0343201587323181,-0.110946019030355,-0.00128123626437909
2.31354015156545,0.807181961134352,-0.113586777177495,-0.571107020327155,0.038007284542905,-0.111781857641212,0.00155784174177469
2.07358021346398,0.856469197852439,-0.0953772840401525,-0.457333756102884,0.0387317763029526,-0.110968291056049,0.000546991372106347
1.79621401937663,0.893553765322673,-0.0743468513842744,-0.32257568508474,0.0364352366923969,-0.109232890916195,-0.00359476332105918
1.52529512653746,0.911123029231997,-0.0627540231931403,-0.212904469360366,0.0348523390173416,-0.10816915751879,-0.00838551774666423
1.23608061664868,0.915480126197301,-0.046558954243358,-0.130648831121127,0.0364078712486497,-0.108074095008415,-0.0125901198856833
0.85702817873881,0.903278000850042,-0.0081184519108416,0.00146677821136126,0.0392418235743715,-0.107432555433545,-0.0149121525763686
0.409892810796135,0.857862284706332,0.0317622091563397,0.217382790742889,0.0395866661914565,-0.105569461773944,-0.0146318425297518
-0.00516349374109121,0.785611999248601,0.0505249480504194,0.428242009288072,0.0382681583010525,-0.104330716016903,-0.0151325541492012
-0.338549296689514,0.692932654621234,0.0448990935394942,0.561618292718545,0.0348791652774838,-0.1059755058723,-0.0185904457933613
-0.566121147280032,0.568032574449763,0.0140777286108356,0.573059820293777,0.0297636274549314,-0.110422386288325,-0.0254652746533479
-0.794383066527481,0.377441914535687,-0.0281606920006943,0.576806471687689,0.0248110007458784,-0.106505924049248,-0.0338788560098684
-1.2407973835848,0.210529988162523,-0.0268234869079067,0.82864513662062,0.0187467388429282,-0.0836285460697033,-0.0351749688868767
-1.63469968270108,0.230761799335307,0.00696859360035166,0.980393039739467,0.0220451150780178,-0.0785348419660798,-0.0348681993325626
-1.85632982656783,0.402014523894722,0.0324142995602823,0.904264221476336,0.0340865249471935,-0.0985477181437665,-0.0338923187590843
-1.93567733177912,0.263974734784061,0.0332396431541839,0.883474319739235,0.0426918065593044,-0.109880990213581,-0.0277781769592129
-1.9614439993219,-0.00277769896424993,0.0484137515471453,0.870977844256614,0.0542623996070461,-0.107475830329987,-0.0189582498715983
-1.97451376613103,-0.101405810860633,0.0543042200716792,0.787998427332644,0.063091155644616,-0.106566915863672,-0.0113247893978189
-1.94923117378758,-0.116373119614556,0.0404017953691078,0.676710180820942,0.0673549897512341,-0.110226721564699,-0.00626456223004648
-1.88430879464214,-0.113057053972136,0.015282736327571,0.563232497531215,0.0704073334306339,-0.115890637397651,-0.00413233842397339
-1.78376062333288,-0.117331018266044,-0.00883055498513241,0.458489895554543,0.073405842311891,-0.119906729923067,-0.00409115630268705
-1.63854060708115,-0.155202767993057,-0.0117083409720406,0.361299935669468,0.0754180048208918,-0.119572937385962,-0.0054324755038689
-1.42915301950681,-0.225769720577937,0.017087389650688,0.238739086584654,0.0760018044066664,-0.115047777182085,-0.00803679022624259
-1.16750388222558,-0.290034885340007,0.0563643460134838,0.0582248306615882,0.0747684593161675,-0.108882006541123,-0.0116072565298286
-0.928819771373357,-0.332112888509135,0.0801878245624696,-0.128273883226723,0.0733276260134205,-0.103838731318838,-0.0151711744993418
-0.745346124849135,-0.391360028509747,0.103612785328921,-0.230302096290178,0.0763523537651374,-0.103459079056844,-0.0171293698245109
-0.490429787779804,-0.483085242332332,0.161059505792611,-0.315964967408347,0.0841375770504973,-0.108645259474126,-0.0197771164540635
-0.0847937319479938,-0.474338380483658,0.203038094243843,-0.547503881327715,0.0946678134522731,-0.111174881424303,-0.0227244247489277
0.25129094847935,-0.280158181990405,0.1664714669187,-0.819393727163954,0.0982850403801551,-0.107604777711979,-0.0235161730247136
0.360133711934503,-0.11046685421464,0.122607452635192,-0.888881696030721,0.0958895467330712,-0.104695155858759,-0.0257226715596929
0.397779969740739,-0.170987991680712,0.123068872928316,-0.7832639198967,0.0970094200825791,-0.103413698618583,-0.02893543827845
0.642934745512226,-0.285611216234104,0.127119224605286,-0.786263154984288,0.09344140606466,-0.0967269072837075,-0.0298453973370655
0.781310723760494,-0.0130782295653722,0.120871911755442,-0.973047398323429,0.0829546327884488,-0.087794906257988,-0.0250626971444377
0.794709682613591,0.161307831655846,0.128440055558888,-1.05276091384494,0.08602897109993,-0.0884788189295635,-0.0207558224086965
0.903292863896214,0.126611246915747,0.111920238536851,-1.05595578236346,0.0940208808271372,-0.097685165287864,-0.0154358573482718
1.0161616300222,0.0509238025695928,0.0921777155894901,-1.0473507613823,0.101114131701415,-0.106903260771313,-0.00959140699161866
1.06043692869461,-0.0292755811768467,0.0976045671702788,-0.998693309574292,0.10577560462223,-0.112413838879712,-0.00333222716754231
1.04649378411938,-0.124392103941159,0.118556836864927,-0.89453389970453,0.106837510060318,-0.114886382366059,0.00192922865763952
0.995272459594148,-0.25396499861927,0.134609597851722,-0.725889418165529,0.105876638825985,-0.114440614428128,0.00382596628857879
0.953288500658468,-0.410376950566661,0.119580389155039,-0.516509413758987,0.106527450262606,-0.110450739931864,0.00136211513902794
0.947222449946846,-0.542308360932372,0.0722722936679518,-0.327374110014001,0.10843325770198,-0.104015281267014,-0.00442583096125965
0.966538402050368,-0.600251560375079,0.0175712126014704,-0.197754885542201,0.10703883849479,-0.0985963583999288,-0.0122899072161258
0.93632207552024,-0.549474700410563,0.0323285381327152,-0.114253003552599,0.101784923867665,-0.0977777536815538,-0.0206735776631781
0.729377625319945,-0.495101231741292,0.160530565246467,0.0463858470377498,0.0991763687982743,-0.0964051693307102,-0.0288818838935123
0.456667959857336,-0.568701670510658,0.234957491751989,0.269502782069007,0.0968188538558049,-0.0793323995182015,-0.0350152415292842
0.393995157452508,-0.57753728581734,0.166728906070063,0.322899944336851,0.0890441501782433,-0.0557513218466058,-0.0368919618070672
0.378071747408244,-0.555455798869774,0.0886670550057223,0.415907855046204,0.0862867300528679,-0.0610215345184172,-0.0349676972480452
0.227503638408259,-0.634957830664782,0.0558942025193424,0.61052213331787,0.0890755456255438,-0.0841286622297211,-0.0292705683419584
-0.022939922986401,-0.643870760502867,0.116629102368829,0.756081365463019,0.0906924094329987,-0.0961401463299767,-0.0226607426091875
-0.260814654506757,-0.609325709605417,0.188316460672752,0.887153768701272,0.0921086028709036,-0.0971103893309789,-0.01473778274009
-0.393321126261663,-0.579218374124802,0.209913109786164,0.972007725739705,0.0920249037421128,-0.0977176804963845,-0.00607062325218687
-0.431507536137862,-0.519388468904605,0.209367750743433,0.97086145717153,0.0864991468511064,-0.101648534568476,0.00295905539979435
-0.372377511168178,-0.418666044900472,0.203555259599307,0.885482576548728,0.0728227441518278,-0.105869739065304,0.0106743127169083
-0.171089553396413,-0.341212848567446,0.195854719093035,0.814134102462425,0.0608657976263663,-0.108180642639858,0.0102937467648972
0.219038017930927,-0.222637952988837,0.192660683398564,0.797492757617169,0.0592907804304947,-0.111096554093549,0.000343501105999375
0.532816030919557,0.0994288112533388,0.197338879985984,0.726530384747709,0.061422889209919,-0.113983234973836,-0.0114468643495784
0.571775396044598,0.49066956860394,0.198866570583099,0.599924553511075,0.0622811088128432,-0.111041086186898,-0.0209245178941643
0.531450257982691,0.792745272173089,0.203877938017107,0.556984376202017,0.0635033574640709,-0.094465971049394,-0.0254545430619088
0.482540040465292,0.997775105268603,0.213695439989351,0.545193319058046,0.0679615497276281,-0.0776241058661281,-0.027835615761879
0.308547647734932,1.0695559368858,0.175525464982237,0.507697749324552,0.0779704963048144,-0.0789820864695557,-0.02878184951925
0.0912642883284598,1.15668552518746,0.148859441320974,0.463701196854135,0.089294547444354,-0.0955607362637463,-0.0282287066551498
-0.1455371205439,1.42906008549455,0.200030050946988,0.236986555435145,0.0969697983254331,-0.102726098088047,-0.0223021293760114
-0.41265239622483,1.60011136891267,0.218993144238433,-0.05109539814356,0.100093875104385,-0.10312253820794,-0.0162963751642173
-0.65391428361792,1.58549794057745,0.188406408001813,-0.241994674403056,0.100570364335709,-0.105585394068772,-0.0124049802347408
-0.82492217492315,1.47163296461218,0.152950955874418,-0.325033623795856,0.0998988327073805,-0.111327443518389,-0.0116757045292878
-0.924777954801795,1.34344739024461,0.140585283740259,-0.342275138921819,0.0989560404773856,-0.115936338562298,-0.0134159882981642
-1.0274529014607,1.28397058435658,0.159465494058118,-0.403109304167601,0.0973267592238136,-0.112449851978187,-0.0147285157626073
-1.19751644611812,1.20413771096828,0.169892498796472,-0.570319102552357,0.0943954673889731,-0.101642155620215,-0.0152893105007957
-1.33220702291333,0.979892553473368,0.158670931574037,-0.716547865964009,0.0916734516525154,-0.0938319510759163,-0.0161290881252115
-1.36089329909973,0.711645574396051,0.155183280715399,-0.784600513464592,0.0945732144483208,-0.0942616622396896,-0.0149552748564652
-1.36873206724768,0.392798259710204,0.155394853604557,-0.847918516794918,0.0997512327619675,-0.101360740129552,-0.0120140292848962
-1.32884829173559,-0.0706153124371383,0.163711907069583,-0.924733039262315,0.107345683772878,-0.108394269776746,-0.0100756085513113
-1.12928280983552,-0.525766376013422,0.192719891981948,-0.918377150616642,0.118848989499025,-0.106706355368222,-0.00993317052104472
-0.820423360744659,-0.819436326053643,0.224655204482156,-0.789902538110128,0.129044374738185,-0.0974392835941084,-0.0116213554260277
-0.54342756364985,-0.926369734108707,0.222446256202628,-0.62680548055229,0.135553353830637,-0.089116257265474,-0.0171332387832809
-0.453108353875411,-0.980687476720135,0.177347156756273,-0.619598504892043,0.138699345092453,-0.086364388228902,-0.0243213284036908
-0.351228678487666,-1.23271793893002,0.218873161591675,-0.749465422782781,0.141002279286776,-0.0830322474726282,-0.0279977029520196
0.070795320287059,-1.39750075679013,0.317376065175199,-0.581567543833687,0.134257408374708,-0.0738777636938445,-0.0257498420447945
0.379148730917301,-1.34217191733988,0.28872493958794,-0.321669377447359,0.122039502841312,-0.0669811790510483,-0.0247998476016935
0.54291771585834,-1.34059417145851,0.25142281076307,-0.185765406233883,0.110648737253436,-0.0729450966113558,-0.0246286009575321
0.794604056038157,-1.33396866062764,0.274193839287992,-0.0168664944728434,0.10714349317678,-0.0879278420043796,-0.0213514485137734
1.05017431600777,-1.22571124943294,0.269425455027103,0.148708078313124,0.105382310084291,-0.0994583698419347,-0.0183698367211537
1.26332877908901,-1.1341554181294,0.291834152282105,0.236201624620721,0.106385426972512,-0.100699109076511,-0.0129273492876185
1.44583836847352,-1.00501553907741,0.328067821738838,0.347215829479331,0.108276277975392,-0.0979267088396878,-0.0049297872726617
1.53697136477781,-0.784455931351261,0.318412951149942,0.473654825915111,0.106566330376204,-0.0963453797350685,0.0050733672288651
1.5241456333162,-0.508957183476659,0.276679443427143,0.558047860232237,0.098318340644138,-0.0957180972147896,0.0140458938446435
1.52298979974142,-0.215491280867769,0.280232788834437,0.650295555196741,0.0960231956516885,-0.0954905497364271,0.0120472513567326
1.46513779503529,0.0750892792091535,0.294101696328302,0.736325155628112,0.0964729617366317,-0.0953442874111231,0.00114645706523934
1.22429469543939,0.310970366299084,0.279349020781967,0.716369923168646,0.0852687882098479,-0.096480977958075,-0.0111788792064363
0.807313822784602,0.381200235246461,0.254481984134991,0.536798596875874,0.0672235610841078,-0.0971928770546685,-0.0230079084458461
0.299055452102948,0.300030163690361,0.233875558402318,0.39132124687038,0.054607017112101,-0.082652390241217,-0.0313098558350058
-0.271053224209815,0.0840992653091977,0.222962049563746,0.536804207501984,0.0506128780012191,-0.0576645833652725,-0.0327999501940882
-0.566470700232853,-0.139063468091904,0.222186266269216,0.696479014148929,0.0674699395654516,-0.062344189987653,-0.0291848499657831
-0.682418800007321,-0.251376437470615,0.223771873182951,0.762706932014808,0.0894926312773426,-0.0869000372693053,-0.0241912704540396
-0.613228455007254,-0.295077459267802,0.249198194021548,0.701368815068511,0.107666151479902,-0.0962121706182425,-0.0153754677105888
-0.562677349735531,-0.135069244892571,0.256241389010933,0.569632261432748,0.118843981701981,-0.0956919341743821,-0.00456581036356078
-0.610061372167944,0.0832219828511355,0.242749464446756,0.477442218579534,0.121308107139845,-0.0932339464360499,0.00418005759709591
-0.631064330708857,0.331266241641021,0.235371799073956,0.337330020364755,0.124710727718512,-0.0923314980193034,0.00422524213598212
-0.685365398154038,0.597706514574755,0.210805454295859,0.158552260654741,0.128656869268686,-0.0922667641359435,-0.00464710526152244
-0.775062300628125,0.736086182013805,0.199410116814471,0.069052148311108,0.128185067972816,-0.0924931590715543,-0.0159707867091269
-0.693655461013263,0.808349414327294,0.265544954868096,-0.0185055057681283,0.130919275121103,-0.0866275609892248,-0.0266167123184818
-0.592811296821462,1.07121158979821,0.263433611844959,-0.238976933569955,0.125482793545708,-0.059966418865486,-0.0312502817914301
-0.686819020308471,1.24535480626697,0.193651276151338,-0.365868547601755,0.111444568773333,-0.0476989259093294,-0.032812670740913
-0.677418900151603,1.39442771126917,0.179005315879702,-0.556442286902762,0.109977951426762,-0.0663401276982971,-0.0280710900803744
-0.637227553253429,1.51696603481124,0.182286755236322,-0.676580492822245,0.108710311619606,-0.0833725514074101,-0.022337633375825
-0.592350719499878,1.56789793557014,0.201088612201433,-0.73617376519104,0.106675035915236,-0.0870634731320899,-0.0154020372328947
-0.742636103291072,1.58485666755552,0.204723767439813,-0.781900613179579,0.103991255971259,-0.084417902002198,-0.00537368292229127
-1.07565348924296,1.40995482718816,0.207044930666645,-0.774542161966165,0.104085586672471,-0.0823268380023616,0.00787941703647638
-1.23556807503213,1.02240028408307,0.214938514985684,-0.689459909393662,0.100645175841793,-0.0788528395942989,0.0219113547899291
-1.18608217481326,0.667181525692662,0.220628341167089,-0.655063523770901,0.102622538109438,-0.0786307932123446,0.0234620881682296
-1.03792874645691,0.356686922416964,0.224420886809162,-0.641583281594587,0.112472134772549,-0.0792318549120771,0.0170712732872637
-0.746402815815716,0.0439703798821101,0.20260582353611,-0.525721764304098,0.119462812238181,-0.0823269458410024,0.0163489176923683
-0.436373164334812,-0.163712667168594,0.152720595518403,-0.482810163068954,0.125386836023126,-0.0889375661393312,0.0184437330937983
-0.200969693016563,-0.456829981848011,0.197079230626874,-0.474619403845107,0.132358818636807,-0.0929901627594685,0.0188856964512895
0.180934162650513,-0.910181543760863,0.281854616242977,-0.193951231054011,0.135712965510021,-0.0922034742195021,0.0136809239661055
0.643984112538213,-1.19040807303192,0.257482518262738,0.125114611455142,0.134629793034567,-0.0902523711798948,0.0104835658922111
1.01167702119751,-1.29650086928728,0.19566694621629,0.302425298978409,0.136808063744894,-0.0824049033261026,0.0136718103847884
1.15960772666846,-1.3688185128129,0.19944498223595,0.310083877399152,0.135560391070928,-0.0696878857156091,0.0258185455098293
1.35993007961513,-1.60456410920976,0.260008967678108,0.436606723195743,0.12389070524461,-0.068826405413541,0.0303217167812548
1.65636405526036,-1.60229599874456,0.215957117769209,0.596079426288091,0.127741719050394,-0.0734322207151911,0.023823680030721
1.7836099231322,-1.5349212580761,0.198556979682875,0.644767788370319,0.128010814576619,-0.0728472640030686,0.0206692514833665
1.87457341430305,-1.36960586246595,0.176433882549776,0.667692538946642,0.119876614642804,-0.0742626722471664,0.0225857073292811
1.8828192010054,-1.14351815746423,0.170854869804556,0.648936176176452,0.118986379126334,-0.0790555111154317,0.0212938271163454
1.85984647802393,-0.944602168331009,0.17687687681145,0.665040170692285,0.121955990514541,-0.0880599324700627,0.00568857291373372
1.68638924729696,-0.532089693508312,0.175943269603888,0.580943119308846,0.114721764364264,-0.0957147693015394,-0.00754649201408548
1.34862281359219,-0.213314136859999,0.176113349962286,0.436661560981499,0.109385871015799,-0.0952805672870236,-0.0158647297294697
1.00283174584341,0.0585310564128639,0.179729229795463,0.360589239786516,0.108906559292086,-0.0803187659087671,-0.0198988986905441
0.631860237313067,0.288770097762435,0.189483435859,0.258882873926038,0.114540661367856,-0.0642831505596899,-0.0232105458154829
0.364933552753132,0.405536277663535,0.175749837687638,0.239621163352101,0.126442478009978,-0.064983833585095,-0.0235705726999517
-0.06777982360624,0.658630566901328,0.235702543176186,0.211378315631916,0.141842930355493,-0.0780988679181826,-0.0257432376239904
-0.689382070249,0.647239490548365,0.267543038164644,-0.163233232028765,0.1454465602876,-0.0805205453305124,-0.0224714608573887
-0.892626870359243,0.524975259814669,0.219596117752043,-0.312453918066428,0.1398272555975,-0.0811420959240824,-0.0188319376126198
-1.02382853564892,0.704038060969396,0.225812173529326,-0.236870416911756,0.136355887621068,-0.0868428341115534,-0.0154551427708645
-1.38892457947184,0.827805981111803,0.259172047327304,-0.284959172896074,0.132080971157035,-0.0888091235538703,-0.0112011982852576
-1.57156356500517,0.690070625697933,0.25942604104408,-0.426381848871721,0.124858493800392,-0.0847678792364728,-0.00863233890598641
-1.37206424115971,0.599949449851391,0.243873526777558,-0.462352390749826,0.11529519331976,-0.0810643608108713,-0.0113620763103058
-1.09181220099113,0.705417973884793,0.235592963262773,-0.457911642383425,0.10765555562774,-0.0802238648561069,-0.013045793748641
-0.80146917968661,0.859132923455328,0.244810637979386,-0.564016452899941,0.115604149658432,-0.0862179416352477,-0.00847611143689123
-0.599707899302395,1.12845989540205,0.26737123050872,-0.634719821954892,0.126716288128235,-0.0900596170893191,-0.00282919964204574
-0.651499915076676,1.23231367607401,0.277327290852018,-0.558117320103089,0.133098082087519,-0.0923513614450832,-0.0037019330596026
-0.728212169137241,1.04661997827703,0.244291844170322,-0.479187338471858,0.139602999158422,-0.0898626355425908,-0.00892368493754852
-0.593680025080699,0.787959279731891,0.196174744947262,-0.560396919828779,0.146406593775394,-0.0776435284363954,-0.0155996869155178
-0.426803858142561,0.770613371774578,0.255310994266605,-0.620903509665542,0.150984463706378,-0.0677461272436684,-0.0230133313066709
-0.646859955208374,0.63035253464923,0.27072802144785,-0.251865588393701,0.155146369673357,-0.0627591317784446,-0.029379177131844
-0.716008736596721,0.18933008635207,0.107100668187958,-0.115529603050356,0.145934779514299,-0.0484304691400644,-0.0305428083463607
-0.536265961749358,0.0806094083467004,0.170772012918186,-0.162355901200567,0.129649353138769,-0.042885978357022,-0.0279649931439197
-0.429937816732472,-0.180051138607294,0.152566557598136,-0.0135369300258739,0.124616450628129,-0.0597271516982914,-0.026277444981547
-0.30059627516024,-0.506784271101733,0.100016263876145,0.0600665403702119,0.126977668426895,-0.0683364725078033,-0.0267654816960088
-0.212065170986914,-0.791525811317553,0.0657140879021916,0.198761112264287,0.129549512067367,-0.0477912505863113,-0.0290834118386478
-0.0639794251335839,-1.03773554302619,0.0268657074811119,0.352490794577748,0.135508919800267,-0.0303837873462545,-0.0297959842726405
0.0231527544803888,-1.23169455317063,0.00268513574056763,0.528270808161169,0.144615534775102,-0.049466837017859,-0.0259924776958199
0.212601289178302,-1.30206064187198,0.011343268907405,0.52135907811144,0.149001232424387,-0.0667870056865739,-0.0186784338501894
0.389578845838489,-1.22489957429625,0.0634798701441485,0.554379232390425,0.155672649171792,-0.0714747258078269,-0.00649178081093141
0.553665319720147,-1.22492273651244,0.0668324248689964,0.580888082653617,0.156391608091516,-0.0698655846386403,0.00953565582576086
0.7872555721033,-1.13064855725751,0.0708439493249932,0.507525669395233,0.153947010447404,-0.0674539597281182,0.0186614340156276
1.05711851216089,-0.858885913482984,0.0801477243733421,0.491290042749611,0.158931543937679,-0.063318506645039,0.0171857620514881
1.41667207164673,-0.597720271773191,0.0751733706037106,0.429898519085925,0.157198798661464,-0.0613711484422125,0.0193037092995332
1.58319294498778,-0.357627042250509,0.0701624480524822,0.502735653615509,0.145769191620548,-0.0636613963150765,0.0282431374861183
1.62212920305727,-0.400191062915951,0.0855351240966232,0.299278710293001,0.14839893423781,-0.0590590003377157,0.0335126495645916
1.94478116789837,-0.217441720218942,0.0272984222330905,0.287533142045563,0.14921720216496,-0.0692429278941545,0.0194033496281336
1.59267333776995,0.0451707542685873,0.09142594810703,0.379843547965788,0.157593527389492,-0.0806687373851606,0.0218778749174854
1.15476059658786,-0.104942356290692,0.133910181302045,-0.0612121473281007,0.160410983135148,-0.0852229305617783,0.0264294681131073
1.11842035629243,-0.0433186558684053,0.0459724053289738,-0.0833788273698819,0.145744463761351,-0.0672868176341596,0.0202710889723431
0.640313547785058,0.23460704172129,0.087098418648681,-0.0713654705418278,0.143013027787685,-0.0470482669637991,0.0251060050676193
0.0627670547289935,0.11633461111617,0.0832810388178292,-0.436969650688179,0.114984726178066,-0.0366674462844241,0.035745120905465
-0.49275321356799,0.218679282143687,0.10674200969179,-0.491440839104158,0.118082527733411,-0.0512984231553716,0.0318908364982085
-1.01301169965572,0.372962268208912,0.127090800251182,-0.564066173563254,0.122276625114085,-0.0364379687578203,0.0302305008652432
-1.34845227545985,0.52746456905075,0.123818099679499,-0.545945392486978,0.118580224319442,-0.0246046939368778,0.0340201571719498
-1.5762191920346,0.567651759862491,0.122935056137753,-0.592123722129764,0.119086988900962,-0.0449862012768247,0.034714239777738
-1.8026133439116,0.544314358425548,0.123668596291771,-0.698932155313658,0.109070449303191,-0.0275832501354398,0.0405855339686865
-2.03106649529222,0.873440972565398,0.052311938941968,-0.53249020054519,0.130283580558368,-0.0408062833801485,0.0254486572535311
-2.0096894502192,0.859635654266266,0.0741107469844922,-0.471393563468391,0.133777364068127,-0.0620103842525322,0.0155340851307136
-1.62745291885728,0.848794227062801,0.178332062384465,-0.163951450896847,0.144191523784736,-0.0822644321747766,0.020301339840595
-1.35829792157441,1.02207612062174,0.0649282926288425,0.12802852018205,0.138135631543378,-0.0810144272263893,0.0158076493864738
-1.05582738643308,0.793689344966838,0.0896052204572789,0.0926207324985018,0.136755949043117,-0.0721443431972034,0.0136519494283098
-0.480368019466167,0.538118646629381,0.225075612702456,0.263640995850795,0.135596498397476,-0.0597025432510971,0.0185985960615323
-0.0267039594174809,0.566925328859224,0.175324835520418,0.541061225497865,0.109637034922326,-0.0565462515924479,0.0271440857389552
0.465332938984424,0.367913481045481,0.228200214489199,0.589562765467599,0.101762991581836,-0.0665118813314181,0.0270630690421494
0.854714430602392,0.130574561399132,0.274850559455762,0.570251516846677,0.0938935905207399,-0.0580939927337472,0.0251199233654303
1.04783092054405,-0.152601419216905,0.285331741975835,0.34617478088083,0.0786624612966014,-0.0413032411755684,0.0287859528134479
1.02836331454018,-0.570842843938684,0.264973648499804,0.0740528108935496,0.0809836206167035,-0.0570266841452197,0.0212368240712447
1.29115382592011,-0.740583498625566,0.269188286561786,-0.127591850125084,0.0845435569017612,-0.0743249955104474,0.015728969845054
1.24529265723192,-0.777610153452796,0.279440632264846,-0.136558710561874,0.0986171445712691,-0.0967760004035692,0.0217173645593009
1.37161734727849,-0.943095338979504,0.242267571156282,-0.330363379243723,0.0955787086538451,-0.0934951262320423,0.0134061479475331
1.30543499871318,-0.827774240033821,0.274504241202833,-0.514790364703472,0.105855457079435,-0.0834549118170376,0.0136861267645997
0.967168123949559,-0.958508962582653,0.311102376200549,-0.353176313582282,0.108272907927238,-0.0644718820565902,0.0287078767949164
0.725430104837022,-1.19834520364407,0.272786864727532,-0.184335718386359,0.0889675481726502,-0.0733666296464632,0.0315535152564446
0.388182608332763,-1.12857864688833,0.355435206338254,-0.18269428586381,0.095486526760677,-0.0714565373748688,0.0304061443609031
0.203513974708918,-1.08122757125592,0.362311517829816,-0.183742686862946,0.0984591313912129,-0.0586152688566116,0.0326062997267924
0.113994061428887,-1.04378619964695,0.32236175989209,-0.0129238511845347,0.117041193455157,-0.0701772058748659,0.0181780076561666
-0.197634529522452,-0.788065480928299,0.395747053042357,0.0101751636116359,0.125345772325612,-0.0841754621221123,0.0141222001975637
-0.427486760498335,-0.728270155436985,0.45338466371799,0.219208242395168,0.128031155326919,-0.092657397717246,0.0133449305768449
-0.410004951543011,-0.467575336547365,0.36391965635518,0.295780285245754,0.124102319460042,-0.0963265181374575,0.0135503746604337
-0.611883677523602,-0.04441513264184,0.348815566778166,0.130297385516737,0.109743549632536,-0.0900007831495112,0.00986532679775574
-0.725416729462442,0.245901545889273,0.362368093677407,0.0962439629294221,0.103332468563544,-0.0795605814000429,0.0163257357863837
-0.561298377297043,0.626973576012647,0.285982201877995,0.194244771693192,0.084679456995375,-0.067920021270809,0.0302516921291592
-0.488745030768422,0.867677257595332,0.311147873482583,0.226646730391355,0.0879151948187103,-0.0821166485813377,0.0265473825277753
-0.544783047204769,1.09095063629558,0.329365835315253,0.0676375698750964,0.0859809693723632,-0.0837985469028797,0.029083540713568
-0.271593337909543,1.46408584860669,0.327331078844365,0.212169869079636,0.103058217767896,-0.0807110441121015,0.0296533346269516
-0.480971532879817,1.74779570717112,0.249536860128238,0.0510273007478991,0.102476555693097,-0.0888227445535764,0.0197116255518373
-0.119983695118984,1.55495138927421,0.381726413403456,-0.0113759946177969,0.130883836136624,-0.0973894718168127,0.0347484291733756
-0.26723309903932,1.86491387934216,0.27279436799888,0.126842037450415,0.110525736845438,-0.0729759067679003,0.0251885391429368
-0.000954188128501066,1.51909408881758,0.321921532819464,-0.0489615750418092,0.102294021424315,-0.0409350929791231,0.0414500912159288
0.220494199088064,1.38243437004593,0.327055030008905,-0.202695020537318,0.0873430342473475,-0.0641343141363355,0.0396004085072649
0.181424567026049,0.919249066322933,0.261343677424155,-0.407181500361479,0.0911695194299088,-0.0382136919388949,0.0426111237763762
0.114724224253205,0.750081433615012,0.259048015375293,-0.201273535710116,0.0972553353590732,-0.0391436404449622,0.0411316371500099
0.326859011126169,0.452021288082128,0.328084982345917,-0.284718481065048,0.0991513434128711,-0.0575834140967519,0.0415100899137061
0.151897522245241,-0.0638036689631862,0.253851053783902,-0.23675016059503,0.120324475272022,-0.0408358859175798,0.0398952514566893
0.251306540017773,-0.632866717040386,0.224256637684575,-0.260508787061386,0.13598575215229,-0.0738313621423499,0.0274457499621704
-0.0530876491085487,-0.844195634421198,0.24730016457116,0.234853702449398,0.144892292038974,-0.0966856477948668,0.0330432290119924
-0.0151109382172363,-1.43214007901226,0.0797821746909093,0.0807679660905916,0.13334550814384,-0.0860140552307065,0.0221815962914425
-0.0786193940116672,-1.38833386381069,0.235369428815437,0.386602584680478,0.136214627879097,-0.0807477707723825,0.0350556440249266
-0.28972599538049,-1.7182014758884,0.0874003536683043,0.495361956732845,0.122311435189789,-0.0828154361070023,0.0250144726275172
-0.216924319016074,-1.71400691860714,0.148173328260108,0.499222773841593,0.123934710810172,-0.076277782195036,0.0269965609073753
-0.238878035644772,-1.79000294112416,0.134552955659114,0.522603220396447,0.117592073331336,-0.066325341602343,0.0296678636186532
-0.289779740840124,-1.7541732142634,0.132087522792101,0.643012872348297,0.12983104406594,-0.0768573176200221,0.0152858854537982
-0.0754039533484812,-1.51575527662037,0.133072313398972,0.550399553642827,0.138052236410015,-0.0840691396891397,0.0111918417596261
0.025047140275031,-1.08849510633299,0.129222366877342,0.605506390863004,0.148407707210396,-0.0944894510817777,0.0144082567998341
0.120292718227422,-0.990822213593433,0.161143566803465,0.544339103185463,0.155530196138836,-0.094229254360842,0.0122537953383395
0.436537158244797,-0.611377794480442,0.145621184792781,0.21373382461873,0.150623826016133,-0.0868441485975896,0.00881965949245892
0.570399226571107,-0.038952538976241,0.0997262187880881,0.0830468674278921,0.14543495493609,-0.0767263950195886,0.0125635721589834
0.59664963738213,0.295818116320196,0.106310197654018,-0.0531298889648593,0.138419415590301,-0.0615808577622793,0.0262540585205634
0.643836354377405,0.614843432885855,0.0987270306006054,-0.163605070965982,0.134091332057901,-0.0638783792508176,0.0277084414092037
0.596340238428957,1.01762144019197,0.0800012481098377,-0.223099284277398,0.134311940200603,-0.0739843355586754,0.027707885171457
0.465289063772184,1.27733299343056,0.0943567140673941,-0.193454983687802,0.137608125486825,-0.0617986270313853,0.0336963341848487
0.590410569092788,1.43564071896644,0.0857489749458299,-0.483304124330335,0.159451300417927,-0.0745179632443575,0.0189498131157003
0.186405337292858,1.62501915453025,0.0792492225799322,-0.255381501846258,0.171002204019932,-0.0862864304020241,0.0166548153085501
-0.593314082805249,1.40216971054147,0.0783420974021521,-0.466479115048171,0.173604553725557,-0.0886102111335327,0.0197187584189037
-0.713907138106368,1.3777595956008,0.0854252781942593,-0.655034898445943,0.164526045094445,-0.077549960689647,0.0158402267130327
-1.0223385865566,1.46694959905366,0.0572008848048024,-0.530136585721948,0.147134205981281,-0.0670706285361838,0.0142320671605071
-1.16961087505543,1.32941483045756,0.0529763965060641,-0.540920458649767,0.129756774631996,-0.0583177188686791,0.0252302530309653
-1.11620284086278,1.1039977905546,0.0725296834260048,-0.50396501411444,0.116240613707751,-0.0574908860081878,0.0307960848489162
-1.07710613034793,0.853502132292348,0.0486421596099764,-0.423558392781288,0.11794753368133,-0.0707624454209679,0.0290666081984839
-0.94275051557982,0.664879713706483,0.00165286153259175,-0.318001617389368,0.116200346835153,-0.0571265223541633,0.0307638413530524
-0.457781445948947,0.415136950025757,0.158635063258491,-0.0170341580950293,0.140243283371819,-0.0630939077796921,0.0223865632540533
-0.343099758632038,0.171974459865642,0.0794190603438989,0.146410418397445,0.143468567971769,-0.0773331672079664,0.0170551006721768
-0.122398482455031,-0.342571917531681,0.160941525027845,0.0198361663566989,0.150491923468685,-0.086256320441347,0.0219080004583562
0.4001177728464,-0.552902804034381,0.301081263143403,0.379845686767442,0.14615978683261,-0.0748158856008779,0.018086232666142
0.495384583046355,-0.727551624523993,0.226828356942261,0.550574768467977,0.139239591351799,-0.0564090224353614,0.0214041036305515
0.74387113830808,-1.1701666409287,0.274247120476078,0.481921105270458,0.117476245071084,-0.0299925251418981,0.032008466978667
0.914146472966581,-1.30112349060468,0.29516968580598,0.471307129618849,0.097910651536679,-0.0518385654195741,0.0367304104786641
0.701031143654149,-1.53406649634487,0.254721363894038,0.269175962659452,0.0912405565950386,-0.0345575175998166,0.0334386600405849
0.454329205730806,-1.62391484702864,0.228962555583033,0.322207461250972,0.0730301565745897,-0.0158093207878004,0.0386132610681856
0.449622792687736,-1.54565860111718,0.245218865220548,0.222551825109338,0.067465308917927,-0.0429023961575009,0.0374737087399857
0.488949561008791,-1.38099350841677,0.248729988415309,-0.225423652752758,0.0616144833332587,-0.0216172296715552,0.0408130913075391
0.394965795244731,-1.2644620139255,0.248188822727856,-0.345432069505685,0.0885207926416208,-0.0303949373253931,0.0285706608033024
0.0722288400432639,-0.799753651878619,0.286342775001733,-0.476223600663136,0.100979721632391,-0.0586300078321175,0.0298753265780324
-0.221600546144115,-0.706948253556586,0.301994532958171,-0.361307945170659,0.100758496214752,-0.0546830742688734,0.0365917037901944
-0.339831398487293,-0.116421378844203,0.31113230574046,-0.716121273861194,0.125699771364307,-0.0655297045009691,0.0255138797704966
-0.51253623288796,-0.0595377591443588,0.399667022184566,-0.483283745511706,0.135238817213632,-0.081803202577973,0.023458758220187
-0.191945147629589,0.194562415432984,0.191733901663682,-0.31557487589944,0.138706933521528,-0.0854501525275209,0.0284352119776337
-0.383954855317176,0.554361201732333,0.284600978057529,-0.440591804752651,0.130102011577603,-0.0627538174957555,0.0251714204921756
-0.131586249687259,0.65721404523113,0.187682942374232,-0.0440150213322432,0.108002543194538,-0.0431378367741957,0.0377362385312615
0.0355447880197746,0.68315441473788,0.211510360044217,0.153287428259579,0.104457465518476,-0.0561377799355981,0.0348228223560794
0.0425230911306972,0.838114717895458,0.28047018156252,0.300065728435379,0.107726515199482,-0.0316813159936069,0.0360081871167188
0.214199542387265,1.02695221063429,0.215985691029976,0.379149071181839,0.100895685427347,-0.0321530666839221,0.0392283581068053
0.460815243510425,1.11965244537066,0.134668610872744,0.650867916563484,0.102221294771542,-0.0489075849510463,0.0365488912110239
0.643403385509444,0.999211158106991,0.148444394579232,0.91590861801252,0.101045730746269,-0.0277385420595186,0.0378500561455792
0.573136847496117,0.900361323407466,0.215078331609758,0.882500743106965,0.118844009332857,-0.052029450608635,0.0298899358281129
0.710739475655185,1.40917587663348,0.175733785824584,0.813280722414538,0.0926128780955403,-0.0752867723506442,0.0287175505019005
0.386630172646575,1.41478942303238,0.176406520340716,0.5713780768254,0.110924082127341,-0.0669291598460925,0.0456791248897951
0.306297075586499,1.80217444439581,0.23373747020754,0.718978423819397,0.113674972948399,-0.0844803452102068,0.0272938798577384
-0.253892240814466,1.1933066647334,0.189412679158228,0.220984616283631,0.120855584864347,-0.0962529742472465,0.0332939301372588
-0.197158797635004,0.792331193933298,0.12521706312764,0.264580770509767,0.100465763283346,-0.0690390481054894,0.035674047271538
-0.808065218108656,0.264166455964039,0.164499789571737,-0.236736671829445,0.06905697880361,-0.0679563165457017,0.0440585079135297
-0.786550448691809,-0.143235887238081,0.149449431369622,-0.149652067557115,0.0689669192153879,-0.0690856177884111,0.0450281646194353
-0.91084580357716,-1.06561467247725,0.0611109116646484,-0.535140328160443,0.0708682931981845,-0.056997629026282,0.0456554886738224
-1.01696582982907,-1.37218100584866,0.108314480942021,-0.671045303611599,0.0779019831498693,-0.0902395246216323,0.0410896564443516
-1.04403217607369,-1.8993214342677,0.125611530630723,-0.872758387602713,0.0858571256920252,-0.0818961633644621,0.0397568635061807
-0.669940026722988,-1.86898145587674,0.125463151441529,-0.51523408953978,0.162440210440602,-0.106088756861096,0.0600186881872371
-0.47798512425039,-2.40323763862913,0.174341164282485,-0.981728992995109,0.121974521493597,-0.0649802372354114,0.0344267790481088
-0.382631388079965,-1.84383410138305,0.00285123323551636,-0.642443007436937,0.164432213537697,-0.0802637417745879,0.0892375636322983
0.211311697072113,-2.10686046777552,0.335088471688999,-0.951361520841276,0.240020260849159,-0.0535870468156352,0.145648202638694
0.897047986513182,-1.93323503379815,0.667326356025956,-0.467934044534058,0.26870859450546,-0.00699009786456904,0.16338158225002
0.989854556585331,-1.65680463248198,0.613380156389751,-0.326592957092829,0.237618460543294,-0.0101963186542271,0.153095813977939
1.11369455800081,-0.745064261136652,0.288480651770961,0.584402399098337,0.194503637602,0.0328759176490519,0.135317970824025
0.904338475486966,-0.357935833338936,-0.0377503118232116,0.38133304446324,0.112105224864989,0.0150114903197874,0.0970781193459255
1.48964471186153,0.258252444916357,0.129390644617527,0.771935486430608,0.0955131130449626,-0.0183400450487201,0.065781263518708
1.73508289845762,0.784257193052067,0.119441425807925,0.80481292297849,0.086803326832005,-0.0334816556800529,0.0901967384533483
2.09475642026566,1.50948074936763,0.121237646588779,1.38149221179767,0.151963690819026,-0.0171750299508342,0.134756048041362
1.37839299317725,0.583787479994915,0.152820723190987,-0.0784347905509539,0.202432309148185,0.063633295844247,0.185632703010802
2.05022669206173,-0.1780786139699,0.0684984543577696,0.499166560092663,0.324877884000249,0.0772187298433951,0.207856324572613
2.59331327262441,0.690140153248875,0.211417496169005,1.84558501540386,0.404924475461344,0.122344176128554,0.205058879156315
2.05267431688926,1.05007539967025,0.508267756057584,1.66050227753883,0.493646058873342,0.199936995746264,0.171044591426208
1.57666149238579,0.70980476385607,0.472692378297523,1.14938119937932,0.426381187803935,0.0450369883246753,0.168176182689963
1.13425025634751,0.611184902525797,0.509355594724022,1.07552781579947,0.493219749435945,-0.0335959419824972,0.171570847356025
-0.18530796172525,0.821370566726351,0.434251838631053,-0.68990468894598,0.508893219202142,-0.174458150414249,0.172412256489238
-0.123551161771273,-0.30102256526831,0.113688529285548,0.0358348390664806,0.474402970161031,-0.164635336436068,0.134531256923713
-0.292942273509351,1.15494328072999,0.699579757889327,-0.371063543744658,0.514823520735579,-0.130605079081604,0.12471032455268
5.87792104504873,-26.1847076249088,76.01048958099,-16.2174884234447,-1.72832150848253,-3.15442146442005,0.392803189955555
16.4322999629463,106.003951558911,44.5897713546856,7.14998646673447,9.68920549446448,-3.54563605934703,-1.12632789727042
4.2652011743866,137.767111289478,-5.99584805017193,42.7429035035328,-10.0378573084712,-4.37777782732163,-2.78391344284096
6.11792565128932,175.748509693989,-10.4120556123355,205.886662019692,-4.39293026120709,-4.56931671726387,-3.29222315056785
38.3048870509851,1980.69490334513,-1274.01247228565,286.201948169572,14.5865421951718,-3.64775256030003,-11.5240700326835
-513.916052449611,4150.97629991955,-2104.56012719324,2556.93916091677,1104.45697100713,-1.26874528825101,-89.4052267347949
5858.85211501989,6221.43570759753,-2950.40411201607,6541.38799777384,215.518016273592,-120.903911945055,-58.7046842803716
3060.72494445258,1318.94287932837,-2863.39601164189,8059.70800410856,-82.9206495845718,-293.418221881589,-21.3943398499152
-315.718512029651,3184.97182475628,-1154.83441573896,7527.8240047633,-1695.71595389224,-1809.87405328674,580.305205315052
3995.28034464411,-14617.55163957,-2656.09730985395,20073.4586062956,-2645.08532990061,-3064.81742561526,1035.15063193391
1931.0124391302,3202.23438081816,1974.0191215569,1386.61118983196,-2262.83394768901,-3507.38327138364,1362.46980111798
-562.464052268468,4000.9868654285,-1209.9892955635,-2539.03476111637,-1260.80495452539,6076.46890097265,915.544095288815
583.946707766468,1926.6073932267,448.503393115958,476.334905771299,-1040.43688505338,13953.8793760594,1422.04904631046
-739.199674863748,-9974.28982963887,3576.00938339668,-29694.8880724665,-2464.32760295003,16187.8968946973,1545.48589368049
131.012801271768,10854.7292024764,-57738.7299767035,-79842.9671996318,-8082.72740539626,16995.0749457835,4560.22283777259
20013.4097765888,980.807091638548,-78831.8130183626,-40911.2577817775,-4326.62620098656,19512.8393983617,5744.24672870384
42713.3585994758,60700.6428456467,-90359.5667420085,85206.8278448068,-8761.83311316066,19868.0726058054,1491.4377651693
12386.4272804719,141465.825761727,-72209.5139283262,148409.019132939,-8194.02056061496,14108.7306581785,5400.6612790791
-31196.83480148,11916.0907357942,-86458.6905194829,151993.941989793,-9438.75666716308,8831.09855713782,-2359.95535756526
48806.8560822006,138041.447718419,-81614.3471781251,184506.42416774,3646.59533634848,14254.7331967677,-1202.55836954167
101602.068446639,44776.2306539122,2363.04440104177,258641.760809733,14633.8668951148,25815.9309502258,-2717.97668176573
-552.831055384884,50079.6791842853,141975.496307738,292398.307985637,2648.63544844122,27668.6954742353,11971.9589719277
