0
0
5.55111512312578e-08
1.11022302462516e-07
8.88178419700125e-08
-8.88178419700125e-08
-5.6621374255883e-07
-1.45439216225896e-06
-2.93098878501041e-06
-5.11812814352197e-06
-8.1379347705024e-06
-1.21014309684142e-05
-1.70752301187349e-05
-2.31148433726958e-05
-3.01980662698043e-05
-3.83026943495679e-05
-4.73288075397704e-05
-5.71653835379493e-05
-6.7612582199672e-05
-7.85149723014911e-05
-8.95949980872501e-05
-0.000100652819412517
-0.000111399778290888
-0.00012161383011744
-0.000131072930287246
-0.000139566136425628
-0.000146960221769632
-0.000153133061786548
-0.000158018043094899
-0.000161615165694684
-0.000163946634046397
-0.000165134572682746
-0.000165256697215455
-0.000164457336637724
-0.000162914126633495
-0.000160749191735476
-0.000158106860936869
-0.000155087054309888
-0.000151745283005766
-0.00014809264925475
-0.000144084744135853
-0.000139699363188583
-0.000134825484110479
-0.000129352084599077
-0.000123190346812407
-0.000116240350678254
-0.000108379971663908
-9.9564800848384e-05
-8.97504293106977e-05
-7.89368570508486e-05
-6.7168492989822e-05
-5.45119505090952e-05
-4.11004563716233e-05
-2.71116462613463e-05
-1.27786670134356e-05
1.66533453693773e-06
1.59094959428785e-05
2.96318525272454e-05
4.24882351524047e-05
5.41788836017076e-05
6.43485265072741e-05
7.26529947314702e-05
7.88036302878936e-05
8.23896506574329e-05
8.29780688604842e-05
8.02247157594138e-05
7.39630579005279e-05
6.43263220467816e-05
5.1725290717286e-05
3.66595642731227e-05
1.95732319241415e-05
8.43769498715119e-07
-1.9195756095769e-05
-4.01900734914307e-05
-6.17728090901437e-05
-8.35220781425505e-05
-0.000105004893669047
-0.000125777166459784
-0.000145405909535157
-0.000163491442606301
-0.000179711800996074
-0.000193789428948321
-0.000205568895239594
-0.000214972484258169
-0.000222055707155278
-0.000226951790693874
-0.000229916086169624
-0.000231248353799174
-0.000231359376101636
-0.000230693242286861
-0.000229694041564699
-0.000228794760914752
-0.00022841728508638
-0.000228894680986969
-0.000230471197681936
-0.000233280061934238
-0.000237354580434612
-0.000242561526420104
-0.000248701059746281
-0.000255440113505756
-0.000262356802949171
-0.000268929323254952
-0.000274646971831771
-0.000278987943858056
-0.000281419332281985
-0.000281497047893708
-0.000278832512634608
-0.000273159272978774
-0.000264299693242265
-0.000252253773425082
-0.00023706592244821
-0.000219002593837558
-0.000198285832198053
-0.000175304215588312
-0.000150346401994739
-0.000123845378396936
-9.66560165238661e-05
-7.04658553729587e-05
-4.69735361718904e-05
-2.57571741713036e-05
-5.20694598549198e-06
1.51323398256409e-05
3.43391981516561e-05
5.13478148889135e-05
6.55586696041155e-05
7.67275132318446e-05
8.49431636140707e-05
9.04498698162115e-05
9.35806987456544e-05
9.46909217702796e-05
9.41913214091983e-05
9.2459373490783e-05
8.98836560736527e-05
8.67861338349485e-05
8.34221580703343e-05
8.0102591226705e-05
7.69939667577546e-05
7.4273920347423e-05
7.20534742981727e-05
7.04436509124662e-05
6.94888591112885e-05
6.92224055853785e-05
6.96998014859673e-05
7.0921046813055e-05
7.29305504876265e-05
7.57505169701744e-05
7.95030707934075e-05
8.43325409505269e-05
9.04609720464578e-05
9.82769421398189e-05
0.000108013598065781
0.000119182441693511
0.000130118138486068
0.000138888900380607
0.000144750877950628
0.000147937218031302
0.000148869805371987
0.000147903911340563
0.000145261580541955
0.000141098244199611
0.000135547129076485
0.000128730359705287
0.000120836674000202
0.000112010400954432
0.000102495789633394
9.2548191332753e-05
8.24562640389104e-05
7.2553074659254e-05
6.31272811801864e-05
5.44342348973714e-05
4.67070826459803e-05
4.00346422679831e-05
3.44946293751036e-05
3.0098146197588e-05
2.68451927354363e-05
2.47357689886485e-05
2.37698749572246e-05
2.38808972596871e-05
2.49689158238198e-05
2.69007038866675e-05
3.0053737276603e-05
3.66540131579995e-05
5.44675415881102e-05
0.000105060404820279
0.000236050068380678
0.000514333020618096
0.000927669052686042
0.00122040155758896
0.00108996700554087
0.000663502586206732
0.000275496292445609
4.65738558830253e-05
-6.34658992026971e-05
-0.000111122222534732
-0.000129318777908338
-0.000133248967415511
-0.00012964074258548
-0.000121747056880395
-0.000111477493902612
-0.000100075503439712
-8.82516282274537e-05
-7.63611396337183e-05
-6.44262421189978e-05
-5.22248910783674e-05
-3.95683485976406e-05
-2.63788990650937e-05
-1.27231558622043e-05
1.11022302462516e-06
1.47104550762833e-05
2.75890421619351e-05
3.9324099532223e-05
4.9515946898282e-05
5.79536418854332e-05
6.44928555004753e-05
6.9200201124886e-05
7.22200077518664e-05
7.37299110653566e-05
7.40296712820054e-05
7.33968441579691e-05
7.20534742981727e-05
7.01105840050786e-05
6.7612582199672e-05
6.46593889541691e-05
6.12954131895549e-05
5.76094727477994e-05
5.35682609381638e-05
4.90385509976932e-05
4.37982983214624e-05
3.7470027081099e-05
2.96984659087229e-05
2.00506278247303e-05
8.10462807976364e-06
-6.50590692430342e-06
-2.41917597065822e-05
-4.53415083256914e-05
-7.03326286100037e-05
-9.9209529480504e-05
-0.000131106236977985
-0.000162825308791525
-0.000186017867775945
-0.000181610282368183
-0.000110977893541531
9.29922805426031e-05
0.000517141884870398
0.00120120580149319
0.002002942256496
0.00256190624270403
0.00258872923097897
0.00217700302229673
0.00164266378277489
0.00119669829601321
0.000882061090834441
0.000667221833339227
0.00051414428270391
0.000397282207131866
0.00030231372960543
0.00022181145808986
0.000151856305308229
9.04387675859653e-05
3.64375196681976e-05
-1.07913677993565e-05
-5.1636472875316e-05
-8.63642490855909e-05
-0.000115252252186338
-0.000138566935703466
-0.000156663571004856
-0.000169964042839865
-0.000178945747109083
-0.000184152693094575
-0.000186195503459885
-0.00018570700532905
-0.000183286719135367
-0.00017954526754238
-0.00017501555760191
-0.000170197189675036
-0.000165412128438902
-0.000160971236340401
-0.000157018842372736
-0.000153621559917383
-0.000150768286744096
-0.000148325796089921
-0.000146171963422148
-0.000144129153056838
-0.000142053036000789
-0.000139788181030553
-0.000137279076994901
-0.000134592337275308
-0.000131794575253252
-0.000129118937763906
-0.00012694290063564
-0.00012569945084806
-0.000125977006604217
-0.000128475008409623
-0.000133948407921025
-0.000143240974637138
-0.000157229784747415
-0.000176758607750571
-0.000202671213145322
-0.000235589325825458
-0.00027592372831009
-0.000323652216138726
-0.000378086451036097
-0.000437594405156005
-0.000499233987483194
-0.000558320056853745
-0.000608035843896459
-0.000639277519809411
-0.000640942854346349
-0.00060098592769009
-0.000508648678732015
-0.000357414098317577
-0.000148348000550413
0.00010786926907258
0.000391442434022338
0.000676947387034943
0.00093869356732057
0.00115603082662119
0.001316524667061
0.00141638922812604
0.00145892187219943
0.00145190526268379
0.00140516487334708
0.00132871491587139
0.00123169252574939
0.00112181375300224
0.00100534025548882
0.0008870681966755
0.000770716823694784
0.000659039489647739
0.000554134516050908
0.000457500703987535
0.000370381503245198
0.000293698398934339
0.000228250751632686
0.000174649184003783
0.000133415500869205
0.000104916075827077
8.93951579428176e-05
8.69304628281498e-05
9.74331726411037e-05
0.000120670140546508
0.000156241686255498
0.000203681516097731
0.000262312394028186
0.000331323857238885
0.000409783318389145
0.000496436225461139
0.000589805981832114
0.000688016310590456
0.000788691334463465
0.000888877860205639
0.000984845538454238
0.0010718981258151
0.00114426246256016
0.0011949441436343
0.0012158274387275
0.00119789733687981
0.00113205000928929
0.00101044728140209
0.000828459523205538
0.000587085935421783
0.000295319324550292
-2.88769008705003e-05
-0.000359501317603872
-0.000666544597294205
-0.000921884790727745
-0.00110549347454025
-0.00120907728273778
-0.00123635546245282
-0.00120007337400807
-0.00111751718989694
-0.00100639496736221
-0.000882238726518381
-0.000757016671570909
-0.000638999964053255
-0.000533273425418201
-0.000442346159701401
-0.000366962016329353
-0.000306610292710729
-0.000260058641288197
-0.000225797158748264
-0.000202160510553995
-0.000187549975549928
-0.000180555570494789
-0.000179889436680014
-0.000184341431008761
-0.000192867943837882
-0.000204458672214969
-0.000218247642180813
-0.000233457697618178
-0.000249478215863519
-0.000265920618858217
-0.000282573964227595
-0.000299360536359927
-0.000316269233024968
-0.000333333360913457
-0.000350441897722931
-0.000367383901078711
-0.000383770792922178
-0.000399114075122498
-0.000412803125016126
-0.000424260626630257
-0.000432853752840856
-0.000437994085444871
-0.000439004388397279
-0.000435096403350599
-0.000425293134043159
-0.00040840664183861
-0.000383060250186418
-0.000347855078075554
-0.000301347835574006
-0.000242272868433702
-0.000169642078162724
-8.27782287160517e-05
1.87960758069039e-05
0.000135746969220918
0.0002692290834716
0.000421529477989679
0.000596656057894052
0.000801148036799759
0.00104534159106606
0.00134545707908273
0.0017264634166736
0.00222338814026557
0.00287393442377493
0.00368799435435108
0.00458301174788289
0.00531665822478544
0.00551929613124003
0.00490062435076766
0.00349301698676641
0.00167472702372606
-5.82311976415895e-05
-0.00135166322579039
-0.00209997574884824
-0.00239026576309698
-0.00238356001602824
-0.00222598606214319
-0.00201576533243042
-0.00180657711013055
-0.00162246882595696
-0.00147108991654932
-0.00135166322579039
-0.00125850441179409
-0.00118260956583072
-0.00111360920485026
-0.00104264374911622
-0.000965405533293051
-0.000883282336161528
-0.000801836375075027
-0.000728161975160901
-0.000668620714350254
-0.000627409235676168
-0.000605826500077455
-0.000601996230642499
-0.00061158855757526
-0.000629030161292121
-0.000648903153432911
-0.000667310651181197
-0.000682776057914225
-0.000697153446083121
-0.000716282588797412
-0.000750066675436756
-0.000811284373014587
-0.000912236952643752
-0.00105867536959181
-0.00124248389354875
-0.00143742795444268
-0.00160379487468276
-0.0017039480937342
-0.00172103442608318
-0.00166833213910422
-0.00158151269857854
-0.0014992895813748
-0.00144431133719536
-0.00141437972445146
-0.00138393740911624
-0.00130629951300421
-0.00110526032770508
-0.000661470878071668
0.000146360701336334
0.00122537535673928
0.00202273753302507
0.00196417326847609
0.00126195720540068
0.000543509681705245
8.73745520379998e-05
-0.000149968926166366
-0.00026674218389644
-0.000323419069303554
-0.000349675843835939
-0.000360877994154407
-0.000365196761720199
-0.000366151553521377
-0.000364519525675178
-0.000360211860339632
-0.000353328477586956
-0.000344257955475769
-0.000333388872064688
-0.0003207656362747
-0.000306077385658909
-0.000289068768921652
-0.000270072852970316
-0.000250399700973958
-0.000232081021067643
-0.000217237339228404
-0.000207245332006778
-0.000202371452928674
-0.000201827443646607
-0.000204358752142753
-0.000208733030859776
-0.000214273043752655
-0.000220878870749175
-0.000228994601059185
-0.000239208652885736
-0.000251809684215232
-0.000266542343752008
-0.000282585066457841
-0.000298550073551951
-0.000312483372510997
-0.000322264437357944
-0.000326527693772505
-0.000325184323912708
-0.000319377857493919
-0.000311017878118491
-0.000301914049316565
-0.000293243207494243
-0.00028501645488177
-0.000276267897447724
-0.00026549873410886
-0.000251254572702919
-0.000232636132579955
-0.000209421369135043
-0.000181932247045324
-0.000150535139908925
-0.00011545209233077
-7.67386154620908e-05
-3.42281758491936e-05
1.32671651442706e-05
6.98996416303999e-05
0.000145250478311709
0.000257438514950081
0.000438038494365856
0.000741129380088523
0.00125511823156899
0.00210479411677511
0.00341229267064591
0.00517809128908198
0.0071134209633783
0.00860858051510149
0.00900478580589947
0.0079836137700795
0.00572782932195537
0.00281136225410705
-4.53304060954451e-05
-0.00225802709863387
-0.00357401885864306
-0.0040723757699368
-0.00401167987718054
-0.00366608965407522
-0.00323779891786558
-0.00283955081670229
-0.00250955922709295
-0.00223815410649308
-0.00199872340900242
-0.00177284853464243
-0.00155913060240209
-0.00136713973475366
-0.0012069456545305
-0.00108248965347002
-0.000990818538326721
-0.00092459373490783
-0.000875410854916936
-0.000836208879917422
-0.000802469202199063
-0.000772581998376154
-0.000747435446868394
-0.000729771798546608
-0.000723021642556887
-0.000729893923079317
-0.000750832729323747
-0.000782551801137288
-0.00081770146209692
-0.000845701286777967
-0.000855604476157623
-0.000839939229280162
-0.000798117127942533
-0.000737676586481939
-0.000672795152922845
-0.000620803408679649
-0.000598887606173548
-0.00062165828040861
-0.000698774371699074
-0.000829136759250559
-0.000988864545803381
-0.00112001519170235
-0.00115720766302729
-0.00114159792730106
-0.00132903688054853
-0.001973321506199
-0.0028797852991147
-0.00352077256238204
-0.00363543639636532
-0.00337219141499645
-0.0029887869956724
-0.00264287480788994
-0.0023786528302594
-0.00218289830655749
-0.00202995398268513
-0.00190093496499344
-0.00178616010870769
-0.00168199898453736
-0.00158781876535841
-0.00150436330059733
-0.00143278722219975
-0.00137401201527609
-0.00132797106644489
-0.0012931433701624
-0.00126638699526893
-0.00124348309427091
-0.00122004628622108
-0.00119253495967087
-0.00115907283770866
-0.00111969322702521
-0.00107610587107843
-0.00103108632742988
-0.000987665504936786
-0.000948507938858256
-0.000915389986033688
-0.000889166518192042
-0.000869815330872825
-0.000856736903642741
-0.000849109671463566
-0.000846023251455108
-0.000846767100881607
-0.000850741699309765
-0.000857514059759978
-0.000866606786331658
-0.000877597994275447
-0.000890532092512331
-0.000906796859823089
-0.00093031138348465
-0.000968780611287912
-0.00103385078276119
-0.00114021014852028
-0.00130397914688274
-0.00154198875890188
-0.00187323490052904
-0.0023216428779449
-0.00291784374439885
-0.00369545505307656
-0.00467457184072373
-0.00582142112293127
-0.00697526481019395
-0.00776482211861662
-0.00762261365139238
-0.00606745764741845
-0.00319904103207591
0.000124156240843831
0.00280594436574688
0.00422275547862228
0.0044394932174896
0.00393600707582209
0.00321752624543592
0.00258414400988727
0.00211956008300263
0.00179218861973141
0.00154550816588994
0.0013378631535943
0.00114750431379207
0.000966426938475706
0.000793554111311323
0.00063075100698029
0.000480826489734909
0.00034671154836019
0.000230859775740555
0.000134670052887031
5.79980508064182e-05
-1.11022302462516e-06
-4.6207482284899e-05
-8.15347789284715e-05
-0.000110977893541531
-0.000137312383685639
-0.00016180390360887
-0.000184496862232209
-0.000204558592287185
-0.000220734541755974
-0.000231659136318285
-0.000236033415035308
-0.000232658337040448
-0.000220679030604742
-0.000199673610978834
-0.000169930736149126
-0.000132627242521721
-8.9811491577052e-05
-4.40647518473725e-05
2.2815083156047e-06
4.80115946999149e-05
9.37028232783632e-05
0.000141786582474879
0.000195909954925355
0.000260108601324305
0.000338007399847129
0.000432542890393961
0.000546213074770208
0.000681682488234969
0.000842653724575371
0.00103492769909508
0.00126770816066823
0.00155511159505295
0.00191733295906715
0.00238040143152318
0.00297168400997805
0.00370840580465881
0.00457856530466927
0.00552010104293288
0.00641109387800043
0.00708165748264378
0.00734604044261289
0.00704560298991908
0.00609979289301066
0.0045650094815386
0.00267290078959093
0.000787242493416329
-0.000739669436811141
-0.00171865854881048
-0.00216462403557216
-0.00222138418770612
-0.00205878647463464
-0.00180992998366492
-0.00155547796865108
-0.00133364430610072
-0.00115621956453538
-0.0010216105739147
-0.000923000564867493
-0.000852351522695471
-0.000802014010758967
-0.00076493811285161
-0.000734567962012989
-0.000704691860420326
-0.000669858613022711
-0.000626287910421297
-0.000573435743334016
-0.000515726350514001
-0.000463606930622973
-0.000432509583703222
-0.000438299396776642
-0.000489802642889003
-0.000581418246881071
-0.000691008361641821
-0.000785987941398503
-0.000834804447791271
-0.000818045631234554
-0.000733407778952255
-0.000593675109072933
-0.000420308232662592
-0.000236155539568017
-6.03683769639929e-05
9.41635658335827e-05
0.000220823359597944
0.000318062243209738
0.000387689880199105
0.000433292290935583
0.000459066118452256
0.000468969307831912
0.000466338079263551
0.000453609372286223
0.000432315294673913
0.000403199695853118
0.000366418007047287
0.00032175928588174
0.000268923772139829
0.000207645012295643
0.000137723166204751
5.88085136143945e-05
-3.00259817009874e-05
-0.000130967459099907
-0.0002482014593852
-0.000388744592072499
-0.00056291082906057
-0.000784272646825457
-0.00106821218537334
-0.0014273027204581
-0.00186006210434186
-0.00232802666033649
-0.00272106781551429
-0.00283766343756042
-0.00246626608024769
-0.00166047176008988
-0.00103293484876588
-0.00150134349397035
-0.00338699623902983
-0.00591732773891351
-0.00783864084752395
-0.00832094393388161
-0.00730223104206118
-0.00533934008117853
-0.00318609583160878
-0.00138452582731929
-0.000135891298214119
0.000602234928592793
0.000971500657698243
0.00111554099291311
0.0011405265620823
0.00111155529225471
0.00106308295499957
0.00101069153046751
0.000959754498097709
0.000910710395984893
0.000861716253908185
0.000809885492003559
0.000751876338966895
0.000684019507701805
0.000602567995500181
0.00050407455987056
0.000386057852352906
0.000248129294888599
9.35196364793001e-05
-6.88560319872522e-05
-0.000222172280572863
-0.00033939517862791
-0.000382044396118886
-0.000302380342986908
-5.38180611187045e-05
0.000383787446267547
0.000965094670846156
0.0015521472995772
0.0019494850178603
0.00201418326462033
0.00175154335479988
0.0012949197270018
0.000802763411300589
0.00038139491564948
7.23643367450677e-05
-0.000126509913656037
-0.000238248309969435
-0.000292010859936909
-0.000315547588058962
-0.000331801253139474
-0.000358157947744075
-0.000407407441116447
-0.000489513984902601
-0.000613425976681015
-0.000787531151402732
-0.00101746389091772
-0.00129877775201237
-0.00160177981989307
-0.00185020887499832
-0.00191011650940709
-0.00163192792612676
-0.000984234915790694
-0.000200311989217994
0.000301358937804252
0.000285071966033001
-6.64079902179537e-05
-0.000380556697265888
-0.000448752146553488
-0.000292349477959419
-2.6878499426175e-05
0.000246325182473583
0.000470701255750328
0.000628269658520253
0.000724814652741657
0.000776201325436432
0.000799038613052971
0.000806016364762741
0.000804534217024866
0.000797228949522832
0.000783062503728615
0.00075877637506494
0.000720573600787588
0.000666222632617064
0.000597460969586905
0.000522015763948502
0.000453942439193611
0.000410921296989386
0.000408351130687379
0.000452299309117166
0.000535882449526071
0.000642264019745653
0.000752625739508517
0.000853017656510247
0.000936167809939548
0.00099941166453732
0.00104241060228105
0.00106611941497192
0.00107267528193233
0.00106527564547321
0.00104777297948999
0.00102405306456888
0.000997640858813043
0.000971372982050411
0.000947369960258015
0.000927091736713237
0.000911448694296269
0.000900851615526221
0.000895294949287972
0.000894156970687732
0.000895972185332994
0.000897892871165595
0.000895111762488909
0.000880162609462332
0.000842503844467046
0.000768884955704152
0.00064518945741554
0.000460453897233037
0.000212907469432366
-8.33999536098418e-05
-0.00039521164119094
-0.000674005296019686
-0.000868394245401305
-0.000940297839591153
-0.000877209416216829
-0.000696526170074208
-0.000441002789841605
-0.000165767399806782
7.88979992449867e-05
0.000261202171003561
0.000371980224400659
0.000420080636942544
0.000423983070874101
0.000404365430028975
0.000379912767911605
0.000366323638090194
0.000377270437112998
0.000425959267857934
0.00052599036237666
0.000690636436928571
0.000929811783123569
0.00124494858866342
0.00162304059081464
0.00203315142499605
0.0024295898626292
0.00276397793541605
0.00300295344146662
0.00314184789296235
0.00320453663604781
0.00322945004072039
0.00325193205696905
0.00329163918344477
0.00334713368133066
0.00339860362075228
0.00341868755526775
0.00338521988219043
0.00328860272347242
0.00313176151678363
0.00292578183902492
0.00268499111832909
0.00242326714250396
0.0021522228443871
0.00188075666152088
0.00161526347852714
0.00136022859642537
0.00111889386644748
0.000894145868457485
0.000689415191601483
0.000509919884095211
0.000363636898370601
0.000261851651472966
0.000218480789015985
0.000248140397118846
0.000363414853765676
0.000572630831641163
0.000878314088126331
0.00127453048115456
0.00173902003908211
0.00221827001212205
0.00261387023137161
0.00279598566521599
0.00266949795602045
0.00226221263943671
0.0017376267091862
0.00129341537480343
0.0010467904321132
0.00100691122106866
0.00111849973727374
0.00131291644223097
0.00153585477669083
0.00175384706757598
0.001950734018763
0.00212185269354848
0.00226879071085762
0.00239576691818399
0.00250722220762611
0.00260612642577485
0.00269291255960979
0.00276460521142496
0.00281423218062571
0.00283071344142627
0.00279974932126947
0.00270640176935899
0.00253952969764271
0.00229717911359728
0.00199061878092266
0.0016444179351538
0.00129162791573378
0.000965938440344871
0.000694372337406435
0.00049301118743017
0.000366706665033689
0.00031149527401908
0.000318201021087816
0.000375888209447339
0.000474609240797008
0.000607253136664099
0.000770716823694784
0.000966438040705953
0.00120042309426083
0.00148238088470976
0.0018237522603215
0.00223378537889118
0.00271351829894684
0.00324753557379154
0.00379528075633573
0.00428411195407818
0.00460718130312898
0.00463101224035256
0.00422708534841831
0.00334862693129878
0.00212787565345707
0.00087653773128693
-7.44626582616092e-05
-0.000551392265180084
-0.000570893332607625
-0.000258881804882094
0.000238564723531454
0.00080308537597773
0.00135647049148702
0.00185593207469026
0.00228400076629498
0.00263895016949789
0.00292704749327299
0.00315713011289631
0.00333720828749051
0.00347257222976793
0.00356501494991335
0.00361267127324538
0.00361033980489367
0.00355003804131115
0.00342182948642744
0.00321530579938667
0.00292187940509336
0.00253849163911468
0.00207286965370201
0.00154979362676499
0.00101585406753202
0.000537264677191729
0.000183092430106058
-8.54316617449058e-06
-6.62248034188906e-05
-8.7690965600018e-05
-0.000187461157707958
-0.000425720569907639
-0.000782729436821228
-0.0011888712236896
-0.00156638590986802
-0.00185307325040185
-0.00201091365781281
-0.00202856065278922
-0.00191913152036705
-0.00171291869577317
-0.00144720346817451
-0.0011574741165532
-0.000872030225806952
-0.000610272943291079
-0.00038352654385676
-0.00019702017794998
-5.19584375524573e-05
5.27466958999412e-05
0.000119454446334544
0.000151506585055472
0.000153471679809059
0.000131938904246454
9.63062962711092e-05
5.91915405578902e-05
3.56936702416988e-05
4.08562073062058e-05
8.53928039390439e-05
0.000170885527950304
0.000287436741075453
0.000416250367507587
0.000536820587981879
0.000634386987385938
0.000703032076998511
0.000743927142110579
0.000761640750468473
0.000761346541366947
0.000747790718236274
0.000725075555152443
0.000696753765794256
0.000665800747867706
0.00063458682753037
0.00060462745921086
0.000576499958881982
0.000549477130462606
0.000521188647795157
0.000487204721011381
0.000440403269408307
0.000370647956771109
0.0002648603558697
0.000108291153821938
-0.000112232445559357
-0.000402233801821694
-0.000750693951445669
-0.00112024833853752
-0.00144202982887975
-0.00162413971160902
-0.00158237312142262
-0.00128879129590587
-0.00080951356729031
-0.000291638935223659
0.000104571906689443
0.00027771673849486
0.000210653716692377
-5.0442983123844e-05
-0.000432159863450465
-0.000862077076391188
-0.00128271282484604
-0.00165416569331001
-0.00195098937005866
-0.0021582235998352
-0.00226960117366559
-0.00228838059612713
-0.00222935003790781
-0.00211958228746312
-0.00199587013582914
-0.00189843141207291
-0.00186176629668466
-0.00190513715914165
-0.00202553529504712
-0.0021959101204061
-0.00237072028674845
-0.00249886777936581
-0.0025406565740127
-0.00248168707805974
-0.00233598140830793
-0.00213613571276028
-0.00191706650554124
-0.00170338187999164
-0.00150589540837132
-0.00132516220219259
-0.00115752962770443
-0.000999761384790077
-0.000851346770858186
-0.000714550640878997
-0.000593075588639635
-0.000490030238609052
-0.000405958600069312
-0.000337424532759201
-0.000276706435542451
-0.000213246087454877
-0.000136862743360666
-4.19553281005847e-05
6.93056723122254e-05
0.000186717308281459
0.000295402591277139
0.000381145115468939
0.000435046443314491
0.0004553801780105
0.000446687131727685
0.000417155199272656
0.000375943720598571
0.000330768745726573
0.000286304313590335
0.000243227660234879
0.000197969418636035
0.00014317436125566
6.93278767727179e-05
-3.24296145493008e-05
-0.00016610046671417
-0.000326461080391027
-0.000495997687366412
-0.00064607763583524
-0.000743710648620777
-0.000763172858242456
-0.000697653046444202
-0.000564626123633616
-0.000400690591817465
-0.000248034925931506
-0.000139471767468535
-8.93618512520788e-05
-9.3386409716345e-05
-0.000134936506412942
-0.000193783877833198
-0.0002534583654068
-0.000305683256485167
-0.00035179081869785
-0.000401439992359087
-0.000468936001141174
-0.00056763482803035
-0.000703503921783977
-0.000869759819721594
-0.00104558584013148
-0.00120035648087935
-0.00130326305303186
-0.0013343104399155
-0.00129171673357575
-0.00119216303495762
-0.00106409325795198
-0.000937838695591608
-0.000837119262797614
-0.000774647013201957
-0.000752209405874282
-0.000763533680725459
-0.000798305865856719
-0.000845479242173042
-0.000895572505044129
-0.000941591249414842
-0.000978728209588553
-0.00100353059195868
-0.00101295638543775
-0.00100388586332656
-0.000973421343530845
-0.000919830878132188
-0.000843891623247828
-0.000749411643852227
-0.000642852437948704
-0.000532018873400375
-0.00042410519540681
-0.000324207327651038
-0.000234634534024281
-0.000155353507835798
-8.53428439029358e-05
-2.45026221534772e-05
2.42805775485522e-05
5.37792033128426e-05
5.21582776968899e-05
5.22915044598449e-06
-9.90429960268102e-05
-0.000263511434894781
-0.000475275374611783
-0.00070340400171176
-0.000904420982550391
-0.00103578257082404
-0.00107185371689411
-0.00101392227946917
-0.000888267237542095
-0.000733851868162105
-0.000586769521859765
-0.000469191352436837
-0.000386218834691476
-0.000329242189067713
-0.000282734946566165
-0.000231198393763066
-0.000164912528077821
-8.40494340792475e-05
-4.71844785465692e-07
6.35547170446671e-05
8.15625345040871e-05
3.4289238115548e-05
-7.73825448163734e-05
-0.000226263452418607
-0.000367594843453389
-0.000459732252267031
-0.000482913709021204
-0.000443645120640213
-0.000365141250568968
-0.000273292499741729
-0.000186639592669735
-0.000113153930669796
-5.18807219407336e-05
2.88657986402541e-06
5.73985303731206e-05
0.000114885878588211
0.000173461245367434
0.000225897078820481
0.000261501931220209
0.000270061750740069
0.00024678037391368
0.000195710114780923
0.000129429800210801
6.45816733424454e-05
1.51878509768721e-05
-1.18460796727504e-05
-1.76192394008012e-05
-8.63753513158372e-06
6.88338275267597e-06
2.20601314993019e-05
3.30624416733372e-05
3.97459842815806e-05
4.52637927139676e-05
5.53224133170716e-05
7.70605801392321e-05
0.000117172938018939
0.000179556369772627
0.000262012633811537
0.000352917695067845
0.000429489777076242
0.000460664839607716
0.00041732173272635
0.000287581070068654
8.80073791620362e-05
-0.000139765976570061
-0.000347177842030533
-0.00049951154323935
-0.000586564130600209
-0.00061970428788527
-0.000621513951415409
-0.000615218986865784
-0.000617883522124885
-0.000637245811674347
-0.000670408173419901
-0.000703037628113634
-0.000709987624247788
-0.000660349552816797
-0.000529631893897431
-0.000317201820365653
-5.6621374255883e-05
0.000196176408451265
0.000397126775908418
0.000545063993939721
0.000683542111801216
0.000874134098438617
0.00116259224469673
0.00155563339987452
0.00201340055738797
0.00245634623752267
0.00278399525655004
0.00290091284327332
0.00274316125370433
0.00229617436176
0.00160045310337864
0.000747146788881992
-0.000135980116056089
-0.000914424092002264
-0.00148937528976489
-0.00182677206694848
-0.00195277127801319
-0.00192469373772042
-0.00180165882213146
-0.00162865276820412
-0.00143373091177068
-0.0012319589792753
-0.00103178576793539
-0.000840305602878288
-0.000666511290603466
-0.000521682697041115
-0.00041661118999059
-0.000356881191265757
-0.000338906680497075
-0.000349487105921753
-0.000370470321087168
-0.000385824705517734
-0.000387101461996053
-0.000374511532896804
-0.00035402791809247
-0.000333277849762226
-0.000318201021087816
-0.000311439762867849
-0.000312261327906072
-0.000317235127056392
-0.00032147617901046
-0.000320266035913619
-0.000310740322362335
-0.00029357627440163
-0.000273991940247242
-0.000261346499996762
-0.000267197375336536
-0.000301503266797454
-0.000368705066478014
-0.000465172345087694
-0.000579869485761719
-0.000697608637523217
-0.000803646038605166
-0.000887501183655104
-0.000944710976114038
-0.000976418945697333
-0.000987387949180629
-0.00098344665744321
-0.000968880531360128
-0.000944400113667143
-0.000905853170252158
-0.00084391382770832
-0.000745525863266039
-0.000597566440774244
-0.000392952337335828
-0.00013594680936535
0.000157707180648003
0.000469346783660285
0.000789490695041195
0.00112225784221209
0.00147533096850339
0.00184239290490495
0.00219180229521498
0.00247080134130329
0.00262606603129711
0.0026320168267091
0.00251277887386436
0.00234273711541277
0.00221944684852815
0.00221939133737692
0.00235949038085437
0.00258755239457287
0.00280894196791337
0.00293435276077503
0.00291900947857471
0.00277197154119335
0.00253729259824809
0.00226558771743157
0.00199263938682748
0.00173212555409918
0.00148011602973952
0.00122649668199415
0.000966715596462109
0.000707134351074501
0.000461752858171849
0.000244149145345318
6.08957329006898e-05
-8.96616114687276e-05
-0.000214506190587826
-0.000321587201312923
-0.000416366940925172
-0.000500033348060924
-0.000569533309402459
-0.00061899374514951
-0.000642697006725257
-0.000638478159231681
-0.000610489436780881
-0.000569222446955564
-0.000528588284254283
-0.000501176877776288
-0.00049418247272115
-0.000507771602542562
-0.000536548583340846
-0.000572342173654761
-0.000607214278858237
-0.000635269614690515
-0.000653332943301166
-0.000660549392961229
-0.000657329746189816
-0.000643984865433822
-0.00061997074141118
-0.000583555426203475
-0.000532829336208351
-0.00046725956437399
-0.000388988841137916
-0.000303013170110944
-0.000215816253756884
-0.00013345990979019
-5.98854299482809e-05
3.71924713249427e-06
5.86863890816858e-05
0.000107369668711499
0.000150690571132372
0.000185540471875356
0.000202882155520001
0.000188049575911009
0.00012401191185063
-2.72004641033163e-06
-0.000193678406645859
-0.000428268531749154
-0.000650401954516155
-0.000760314033954046
-0.000653621601287568
-0.000372113451163614
-0.000284405832218226
-0.00095169427893893
-0.00260322874368057
-0.00483906248405219
-0.00692691459747152
-0.00827663493296882
-0.00866640093022397
-0.00818269896285528
-0.007070621865779
-0.00564345237208386
-0.00420797841016451
-0.00297777358326812
-0.00203769223716677
-0.00137462263793964
-0.000930344690175389
-0.000640931752116103
-0.000455102622254344
-0.000338018502077375
-0.000268440825124117
-0.000234279262656401
-0.000228428387316626
-0.000245736764270532
-0.000281308309979522
-0.00032985836284638
-0.000386191079115861
-0.000446054304603649
-0.000507083264267294
-0.000569289060337042
-0.000635080876776328
-0.000708699765539222
-0.000795319365920477
-0.000899935681530906
-0.00102606811935857
-0.00117473808458612
-0.00134331434864521
-0.00152450274626403
-0.00170569114388286
-0.00186882731512128
-0.00199268379574846
-0.00205991890211976
-0.00207355244086216
-0.00208550954283737
-0.00223061569215588
-0.00273387978921846
-0.00383022502603581
-0.00555829826609511
-0.00753017648236209
-0.00894669893725109
-0.00903271901719904
-0.0076250894487373
-0.00536072297663281
-0.00324004156837532
-0.00195833349536656
-0.00158657531557083
-0.00175761627474458
-0.00203617123162303
-0.00214570583523255
-0.0019991008848308
-0.00163442592793217
-0.00114204201651091
-0.000615851813989821
-0.000129585231434248
0.000269184674550615
0.000556932278072964
0.000731392724162561
0.0008084310998413
0.000812938605321278
0.000768896057934398
0.000704769576032049
0.000657174314966369
0.00064547256428682
0.000651212417324132
0.000635957952965782
0.000571842573293679
0.000454747350886464
0.000300170999167904
0.000133082433961818
-2.13273843030493e-05
-0.000145550238528358
-0.000239130937274012
-0.000332212035658586
-0.000500044450291171
-0.000864175397907729
-0.00155320201145059
-0.00260474974922431
-0.00384851039925138
-0.00489440710182976
-0.00532442978595782
-0.00496335195165898
-0.00398517885358274
-0.00279779532874613
-0.00179868342442546
-0.00117403864408061
-0.000885869155808905
-0.00079131146080158
-0.000754185602858115
-0.000689659440666901
-0.000561317659020233
-0.000364708263589364
-0.00011651790643441
0.000146571643711013
0.000364253072149268
0.000455235849017299
0.000340727446257461
-4.21884749357559e-06
-0.000490907314798505
-0.00090196738966597
-0.000979871739303917
-0.000602184968556685
0.000113287157432751
0.000901578811607351
0.00153176360484508
0.00190406579392288
0.00203538297327555
0.00199781302612223
0.00186611837094119
0.00169376734859839
0.0015109802298241
0.0013329670700557
0.00116812115535936
0.00102170494287179
0.000892552698417148
0.000762179208635416
0.000579902792452458
0.000255151455519353
-0.000321287441096274
-0.00121070931058398
-0.00233618679956749
-0.003446831708942
-0.00421084278556805
-0.00439498437643238
-0.00400834920810667
-0.00332068816888409
-0.00269624322868367
-0.00235561570249843
-0.00229487540082118
-0.00237984076889575
-0.00246772602352507
-0.00247339926318091
-0.00238820074827117
-0.00227536878227852
-0.00224604779219817
-0.00240435449327947
-0.00276715317326648
-0.00320821147425931
-0.00349388296072561
-0.00341343620036128
-0.00291151547315849
-0.00211766160163052
-0.0012544743022147
-0.000509525754921469
3.13749026759069e-05
0.000372990527353068
0.000566047209105136
0.000668964883487888
0.000728606064370751
0.000775712827305597
0.000827438118022883
0.000891720031148679
0.000970756808271744
0.00106327169291376
0.00116509024650213
0.00126905153052803
0.00136410327478131
0.00143454692569378
0.00146005429968454
0.00141751610449603
0.00128581589819987
0.00105377373493809
0.000729688531819761
0.000348077122680479
-3.30679927884603e-05
-0.000348798767646485
-0.000554195578317263
-0.00064787064602001
-0.000676220190953813
-0.00071322392436457
-0.000827382606871652
-0.00105491171353833
-0.0013901435558239
-0.00179167791714008
-0.00219624318731348
-0.00253386200910199
-0.00274154032808838
-0.00277436962292654
-0.00261299315518215
-0.00226630381128246
-0.00176861303380349
-0.00117225118501096
-0.000537303534997591
7.91644527708968e-05
0.000632910390763186
0.00109998121722299
0.00148028811430834
0.00179498083063834
0.00207535100216205
0.00234595676218419
0.0026104840511465
0.00284895440572086
0.00302660674300625
0.00310733661024187
0.00306466518829041
0.00288645218837758
0.00257375232237678
0.00213677964211456
0.00159124380338937
0.000957134371759594
0.000259525734236377
-0.000469518868229102
-0.00119026455358551
-0.00185755855142133
-0.00242786346582591
-0.00287097012829918
-0.00318454151937431
-0.00340484307415068
-0.00360396712473232
-0.00386263243612461
-0.00421767065716949
-0.00460684823622159
-0.00485828044460845
-0.0047626846910731
-0.00419976275978229
-0.00322051829648728
-0.00201693106660628
-0.000820216117247696
0.00018936519019519
0.000922656395729859
0.00137634903474293
0.00160199631338287
0.001671207616738
0.00165058522405559
0.00159006696698327
0.00152122203722627
0.00146073708684469
0.00141525680064092
0.00138556943696244
0.0013695489187171
0.00136393674132762
0.00136524125338155
0.00137016509249577
0.00137568845204328
0.00137911904118937
0.00137805322708573
0.00137041489267631
0.00135449429450318
0.00132918676065685
0.00129415922422993
0.00125023325026064
0.00119968479594945
0.00114661613537237
0.0010971501485102
0.00105928044114023
0.00104212749540977
0.00105429553975966
0.00110132458708279
0.00118265952586682
0.00128936861187867
0.00140457645514402
0.00150729984049747
0.00157890367447067
0.00160871316268185
0.00159603441574063
0.00154809498553732
0.00147596934674254
0.00139080413852355
0.00130156441180418
0.00121423426868716
0.00113190568029609
0.00105519482040961
0.000982730563592327
0.000911548614368485
0.000837430125244509
0.000755140394659293
0.000658878507309169
0.000542926814617317
0.000402816668909622
0.000237160291405303
4.99822405686245e-05
-0.00014665491043786
-0.000331257243857408
-0.000474009720363711
-0.000542377254220128
-0.000511235498379392
-0.000374672515235375
-0.00015317191959241
0.000109862119401782
0.000362487817540114
0.000561806157151068
0.000685085321805445
0.000730837612650248
0.000712724324003489
0.000651512177540781
0.000568528557565173
0.000481420459053084
0.000402489153117358
0.000338412631251117
0.000290778512379575
0.000256727972214321
0.000229677388219329
0.000200417460405333
0.0001590505505078
9.81881242978488e-05
1.70474745431193e-05
-7.48401340899818e-05
-0.00015619172621939
-0.000196775928884563
-0.000165056857071022
-3.84803300335079e-05
0.000187583282240666
0.000496563901108971
0.000854777360004277
0.00122099552690713
0.00155727652995097
0.00183694726096917
0.00204767869327327
0.00219011475621755
0.00227381447004404
0.00231267227590592
0.00232116548204431
0.00231195618205504
0.00229473107182798
0.0022760127116328
0.00225954810417761
0.00224686935723639
0.00223800422638476
0.00223192020420981
0.0022270685295922
0.00222165619234715
0.00221388463117478
0.00220218843161035
0.00218537965501753
0.0021628088209269
0.00213457029829556
0.0021016466345003
0.00206606398656106
0.00203091432560143
0.00200020000562517
0.00197848959437863
0.00197018512615443
0.00197865612783232
0.00200514049808476
0.00204799510683529
0.00210245709730827
0.00216123230423193
0.0022159551971157
0.00225888197036284
0.00228447261108045
0.0022901736063119
0.00227636243188556
0.00224564256079418
0.00220193863142981
0.00214959716693386
0.00209266493023108
0.00203452810154658
0.00197762362041942
0.00192346694127821
0.00187265203344111
0.00182501236345445
0.00177981518412196
0.00173597802799463
0.00169228520086051
0.00164761537746472
0.00160123025949588
0.00155300772242128
0.00150365275786157
0.00145494727377127
0.00140974454332365
0.00137191924487468
0.00134595667944382
0.00133621447240273
0.00134594002609845
0.00137618250128924
0.00142493239430053
0.00148700496360732
0.00155483403929679
0.00162007074422377
0.00167546532203744
0.00171628267153778
0.00174082415149712
0.00175011671821323
0.00174697478705355
0.00173507874734469
0.00171812009064354
0.00169927960591565
0.00168096647712446
0.00166469060758345
0.00165104041549569
0.001639738345105
0.00162967417338677
0.00161905489015624
0.00160554347594655
0.00158651425330447
0.00155940815815825
0.00152219348237281
0.00147399314975871
0.0014156842365054
0.00135049749161453
0.00128436150603761
0.00122578613925839
0.0011852463455142
0.00117372778163372
0.00120082277454969
0.00127252652859511
0.00138928868409494
0.00154512513894645
0.00172793446218122
0.00192148519317925
0.00210833017710854
0.00227302621169656
0.00240468200907173
0.00249810172547882
0.0025536905923218
0.00257616705745534
0.00257284193949658
0.00255195309328826
0.00252128318223299
0.00248732145990971
0.00245490294759065
0.00242714737197502
0.00240565345421828
0.00239078201680343
0.00238195574375766
0.00237799779867487
0.00237737052266596
0.00237830866112176
0.00237909136835412
0.00237803665648073
0.00237367347999395
0.00236483610471794
0.00235073072119008
0.0023311019781147
0.00230639951581679
0.00227787788631417
0.00224778529123171
0.00221939688849204
0.00219691487224338
0.00218504103699502
0.00218822182596057
0.00220949925022751
0.0022491286610915
0.0023034019136503
0.00236435870881735
0.00242080244738929
0.0024606261472826
0.00247386555685125
0.00245514719665607
0.00240473196910784
0.00232781016684669
0.00223265850252119
0.00212854178727184
0.00202388661385555
0.00192520444031175
0.00183659754071641
0.00175982561856358
0.00169463332255759
0.00163926650031954
0.0015910328610147
0.00154691259801609
0.00150408019372605
0.00146042622439779
0.00141497369376964
0.0013681555888212
0.0013220202710329
0.00128003163624157
0.00124659726985499
0.00122620802400775
0.00122219456777373
0.00123557830633558
0.00126418875368017
0.00130273014598004
0.0013437917445458
0.0013795353748236
0.00140349953881014
0.00141184841595532
0.00140381595237216
0.00138133948723862
0.00134834921006188
0.00130965238653857
0.0012700285267897
0.00123342447366781
0.00120248810908663
0.00117839071833714
0.00116081588785732
0.00114821485652783
0.00113808407142812
0.00112731490808926
0.00111277098646667
0.00109185438468273
0.00106323838622302
0.0010276113293628
0.000988331638751561
0.000951744238975039
0.000927041776677129
0.000925237664262113
0.000957400825285504
0.00103200226142519
0.00115192300143008
0.00131210042830787
0.00149856238529367
0.00169019243045909
0.00186333171114939
0.0019978296794676
0.00208236761167768
0.00211661799198737
0.00210950701351464
0.00207505679306053
0.00202788896785933
0.00198011607110971
0.00193990379315778
0.00191147098149713
0.00189578353015918
0.00189142590478752
0.00189545601436691
0.0019040935494985
0.0019131196626887
0.00191831550644395
0.00191559546003361
0.00190137350308817
0.00187282966912505
0.00182845405483079
0.00176864078937911
0.00169652625281458
0.00161874957882446
0.00154592449952418
0.00149241730085237
0.00147492018598427
0.00150924273079056
0.00160550461814069
0.00176255676720416
0.00196336835678323
0.0021742108113898
0.00234931518683368
0.00244069209287545
0.00241009989743191
0.00223836504886776
0.00192882376737202
0.00150472412308034
0.00100268127134484
0.000465627536527791
-6.3155036755802e-05
-0.000544181366635144
-0.000944883060682855
-0.00124240617793703
-0.00142629241750569
-0.00150032763990282
-0.00148241974251562
-0.00140146783067507
-0.00129120603098443
-0.00118251519687362
-0.00109657838365251
-0.00104123931699007
-0.00101160746446283
-0.000994099247364488
-0.000971944746908093
-0.000930228116757803
-0.000858874082965144
-0.000753413997856001
-0.000614147621647021
-0.000444533299059913
-0.000249877896152384
-3.67594843453389e-05
0.000186606285978996
0.000409111633459247
0.000615213435750661
0.00078410056225664
0.000890826301613856
0.00091052720918583
0.000825822743522053
0.000635869135123812
0.000363309382578336
5.44453371276177e-05
-0.000230088170738441
-0.000432459623667114
-0.000515587572635923
-0.000473165950864995
-0.000327776694675208
-0.000119415588528682
0.000108602016268833
0.000320565796130268
0.000493682872360068
0.000618377571370843
0.000695909996295541
0.000734856619999391
0.00074806827399243
0.000750266515581188
0.000756172902072194
0.000778788145083809
0.000826871904280324
0.000900857166641345
0.000986710713135608
0.00104802833078566
0.00101928465667811
0.0008075429214216
0.000313893355752271
-0.000516220399759959
-0.00162211355458908
-0.00278570500000797
-0.00369427821667045
-0.00412148093431597
-0.00409312583826704
-0.00387665455292563
-0.00380568909719159
-0.00409993150540799
-0.00479831729904845
-0.00579383208076933
-0.00689703849587886
-0.00788931142636784
-0.00857808268861504
-0.0088692164723625
-0.00882143247338263
-0.00862232507614635
-0.0084890428020401
-0.00856711368513174
-0.00886548612299976
-0.00924156307036128
-0.00949386125270735
-0.00949572642738872
-0.00921368537021294
-0.00865584270925979
-0.00785774778577775
-0.00688925583247624
-0.00584299275629974
-0.00481028550325391
-0.00386053411460807
-0.00303304048543396
-0.00233928432180619
-0.00177130532463821
-0.00131067379172123
-0.000935529431700388
-0.000624789109338053
-0.000360511620556281
-0.000129318777908338
7.6216810640517e-05
0.000255717669261912
0.000398447941307722
0.000481226170023774
0.000468280969556645
0.000316913162379251
-8.37108160567368e-06
-0.000512156983489831
-0.00114328546629849
-0.00178617121093794
-0.00228633778576182
-0.00250671705614991
-0.0023835267093375
-0.00194719795842957
-0.00130100374917674
-0.000578692649355617
9.34141652919607e-05
0.000616717787949028
0.000924671450519554
0.000979361036712589
0.000767697017067803
0.00029947155866239
-0.000394484445109811
-0.00126726407145838
-0.00226355600929651
-0.0033265945553751
-0.00439954739306359
-0.00542031974859469
-0.00631352747859637
-0.006989919754119
-0.00736394278888497
-0.0073933081878863
-0.0071226136100222
-0.00669243549467069
-0.0062849947468635
-0.00602842220587263
-0.00592877968941252
-0.00587964121834261
-0.00573592284780489
-0.00540114619695942
-0.00488449281021985
-0.00429967172976831
-0.00379394293759105
-0.00343783890244254
-0.00316977555314679
-0.00286582979569516
-0.00245721221148187
-0.00196860305834434
-0.00147102330316784
-0.00102536867885306
-0.000658972876266262
-0.000369926311805102
-0.000141120448660104
4.71955807768154e-05
0.000209887662805386
0.000354094531473947
0.000480238071531858
0.00058439919570219
0.000661004584401326
0.000704547531427124
0.000710176362161974
0.000673494593428359
0.000589983617516054
0.000454625226353755
0.000262712074317051
1.30229160788531e-05
-0.000284805512507091
-0.000596123150842232
-0.000841571257126361
-0.000884958772928712
-0.000576816372444
5.70987701564718e-05
0.00053831383795
0.000136068933898059
-0.00121516130491273
-0.00275153233531
-0.00381814579952788
-0.00430278035423726
-0.00438844516281733
-0.00429030144744047
-0.0041553094298763
-0.0040467407202982
-0.00395383725759757
-0.00380868669935808
-0.00351917384122657
-0.00304268832351795
-0.00248979725725462
-0.00212250217401788
-0.00211279882478266
-0.00233172370300849
-0.00251720866373262
-0.00253538301464573
-0.00239728237261261
-0.00215659712310412
-0.00185542692321405
-0.00152153845078828
-0.00117604814775518
-0.000836608560206287
-0.000516997555877197
-0.000226885177312397
2.81330514440015e-05
0.000245881093263733
0.000426825241817141
0.000573319169916431
0.000688726853326216
0.000776789743639483
0.000841171576837496
0.00088520302199413
0.000911837272354887
0.000923916498862809
0.000924438303684383
0.000916944298268163
0.000905442387733046
0.000894051499500392
0.000885613804513241
0.000879629702410512
0.000869460059504945
0.00084053874971346
0.000771449570891036
0.000640831832043887
0.000439248637462697
0.000180455650422573
-9.89208714941014e-05
-0.000353961304710992
-0.000551603207554763
-0.000682831569065456
-0.000762778729068714
-0.00082510664967117
-0.000916489106828067
-0.0010900946811887
-0.00139170897028862
-0.00183487669502824
-0.00237351249765538
-0.00289496204786133
-0.00325589555316697
-0.00335226291170443
-0.00317401660510086
-0.0028012925312737
-0.00235277353155539
-0.00193053351082995
-0.00159244839537109
-0.00135288447111748
-0.0011974643499002
-0.00109935394121408
-0.00103091979397618
-0.000969924141003276
-0.000901734242830798
-0.000819044831956717
-0.000720379311758279
-0.000608257888501385
-0.000487165863205519
-0.000361988217179032
-0.000236655139929098
-0.000113331566353736
7.83817455385361e-06
0.000128530519560854
0.000251376697235628
0.00037881919823235
0.000511668485358996
0.000647859543789764
0.000781552600415125
0.000903221941683796
0.00100071062547613
0.00106127329146943
0.00107467368337666
0.0010361822511129
0.000948963130298353
0.000824817991684768
0.000682565115539546
0.000544275735592237
0.000430167013121263
0.000353683748954836
0.000318672865873282
0.000319483328681258
0.000343619577236609
0.000375682818187784
0.000401079169876084
0.00040840664183861
0.000390315557652343
0.000343214345832621
0.000266126010117773
0.000159361412954695
2.33590924381133e-05
-0.000141908707007588
-0.000336836114556149
-0.000561273250099248
-0.000813049627623741
-0.00108629771844448
-0.0013700762746538
-0.00164803171109895
-0.00189970816855123
-0.00210374495601684
-0.00224261165193695
-0.00230778174348245
-0.00230351293595277
-0.00224721907748915
-0.00216565099186994
-0.00208746353536071
-0.00203452810154658
-0.00201546557221377
-0.00202406980065462
-0.0020436041747729
-0.00205533368102806
-0.00204776751111524
-0.00202289296424851
-0.00199646410514731
-0.00199169569725655
-0.00202797223458617
-0.00210835793268416
-0.00221113127807371
-0.00229066210444273
-0.00228994601059185
-0.00216086037951868
-0.00188292714753402
-0.00147079015633267
-0.000967131930096343
-0.000426436663758523
0.000101424424414631
0.000580852033138513
0.000992356197215827
0.00132909239169976
0.00159149915468504
0.00178238535042397
0.00190375493147599
0.00195543026215717
0.0019355628211315
0.00184282034076944
0.00167993952082668
0.00145746748003717
0.0011962153489975
0.000926064780415459
0.000680755452009407
0.000490263385444223
0.000374139608183555
0.00033861247139555
0.000377919917582403
0.000478261874548025
0.000622357720914124
0.000793076715410734
0.000975636238464972
0.00115844001058463
0.00133300592786156
0.00149329437704182
0.00163499769278985
0.00175475745045617
0.0018496038034499
0.00191656690518016
0.00195268246017122
0.00195514715528589
0.0019217849533959
0.0018515966537791
0.00174519287909902
0.0016050050177796
0.0014350798327456
0.00124054655437078
0.00102688968439679
0.000799255106542773
0.000562089264022347
0.000319122506198255
7.37798711014648e-05
-0.000170108371833066
-0.000407507361188664
-0.000631489305291666
-0.000832983682030886
-0.00100119912360697
-0.00112480025293848
-0.0011936951427316
-0.00120099485911851
-0.00114466769396415
-0.00102829966763807
-0.000860805871027992
-0.000655314691400122
-0.000427458068941178
-0.000193528526537534
3.12139203373363e-05
0.000233957297979259
0.000405253608448675
0.000539440714319994
0.00063467564537234
0.000692518264955311
0.000717281789519575
0.000715261183614757
0.000693856083699984
0.000660732579760293
0.000623034956959145
0.000586652948442179
0.0005557887483576
0.000532796029517613
0.000518557419226795
0.000513189490902732
0.000517030862567935
0.000531469313003186
0.000559152724122214
0.000603589400682836
0.000668254340752128
0.000755823181819437
0.000867450555830374
0.00100216501763839
0.00115621401342025
0.00132296951171895
0.00149374956848192
0.00165945035490722
0.00181222814532589
0.0019465817846509
0.00205975236866607
0.0021513124615069
0.00222256657522735
0.002275796218143
0.00231375474335493
0.00233918440173397
0.00235466646181237
0.00236245467633012
0.00236445307777444
0.00236218822280421
0.00235689245897674
0.00234942620913614
0.00234038899371569
0.00233013053296816
0.00231879515588673
0.00230640506693192
0.00229286589714661
0.00227808327757373
0.00226192398145031
0.00224430474204951
0.00222519225268059
0.00220463092226453
0.00218270401752818
0.00215955586746475
0.00213539186333378
0.00211039519193434
0.00208480455121673
0.00205880867909514
0.00203259631348374
0.00200628402780012
0.00197993288431064
0.00195353733190018
0.00192695304157553
0.00189990800869566
0.00187193593959023
0.00184237070044446
0.0018102852550328
0.00177453052252474
0.00173376868417563
0.00168665637012566
0.00163214997073169
0.00156997193023756
0.00150127132947375
0.0014292234062907
0.00135935707135104
0.00129896648992656
0.00125502386261189
0.00123061560941551
0.00122123977597255
0.00121452292667357
0.00119591003766573
0.00115841225500901
0.00110841336109502
0.00106197273197495
0.00103478337010188
0.00103447250765498
0.00105943587236368
0.00110234044115032
0.0011545209233077
0.0012087941758665
0.00126048615989305
0.00130728761149612
0.0013485934591273
0.00138480893419057
0.00141675005060904
0.00144534384460826
0.00147146739237769
0.00149583678776821
0.00151901269340726
0.0015414891585408
0.00156366031234256
0.00158595914179216
0.00160885749167505
0.00163297708688503
0.0016591339413452
0.00168841052250457
0.00172211134241707
0.00176172409993569
0.00180856440934463
0.00186323734219229
0.00192483806671362
0.00199009142498596
0.00205296335487049
0.00210544914835964
0.00213987161323814
0.00215177875517725
0.00214203654813616
0.00211659023641175
0.00208437156423713
0.00205457317825619
0.00203483896399348
0.00203034256074375
0.00204354311250654
0.00207414641018033
0.00211920481163475
0.00217385554002192
0.00223220331108109
0.00228840835170274
0.0023375579250029
0.00237619923737498
0.00240242825633175
0.00241593967054143
0.0024176827206901
0.00240970021714304
0.00239472330854085
0.00237590502827345
0.00235645947199714
0.00233938424187841
0.00232722174864364
0.0023219315359313
0.00232490138252217
0.0023371027335628
0.00235915176283186
0.00239134823054599
0.00243340347871879
0.00248375209288554
0.00253846388353907
0.00259002264080266
0.00262659338723381
0.00263253308041556
0.0025908719614165
0.00248757681120537
0.00231631935854182
0.00208152939329409
0.00179840031755418
0.00148974721447814
0.0011814771383456
0.000898375818181307
0.000661271037927236
0.000485494977553458
0.000380190323667762
0.000347982753723386
0.000385058651630743
0.000481709117039486
0.000623534557320227
0.000793359822282014
0.000973415792415722
0.00114755427382818
0.0013030576617723
0.00143161038579365
0.00152952095433534
0.0015970336164628
0.00163730140556595
0.00165502611615409
0.00165555347209079
0.00164399049928932
0.00162475588538769
0.00160142454852519
0.00157666657507605
0.00155239154864262
0.00152983736789736
0.00150973678003652
0.00149245615865823
0.00147812873052544
0.00146667678002643
0.001457955978168
0.00145177203592084
0.00144785849975904
0.00144601552953816
0.00144600442730791
0.00144763645515411
0.00145074507962306
0.00145519152283669
0.0014608370069169
0.00146755940733101
0.00147518663951018
0.00148352996554024
0.00149224521628355
0.00150081613803366
0.00150847667690357
0.00151409440540817
0.0015160928068525
0.00151241241752587
0.00150048862224139
0.00147747925005604
0.00144064205009897
0.00138820621664593
0.00132053812329502
0.00124175669746762
0.00116108234138323
0.00109318665231228
0.00105601083433271
0.00106564757018646
0.00112913567384965
0.00123920318451098
0.00137477806916309
0.00150785495200978
0.00161291535683006
0.00167446612131528
0.00168983160797609
0.00166673341794876
0.00161788360486526
0.00155579993332822
0.00149011913919139
0.00142717504481027
0.00137051481274852
0.00132161503962891
0.00128045352099093
0.00124590893157972
0.00121594401214509
0.00118736687149124
0.00115507603482001
0.00111107789635412
0.00104376507437109
0.000938987776422096
0.000783650921931667
0.000571109826097427
0.000303895797415521
-1.0991207943789e-05
-0.000369249075760081
-0.00076501027734821
-0.00117575948976878
-0.00155984669625298
-0.00187472259938204
-0.00209298689490822
-0.002202488191827
-0.00220276574758316
-0.00210583217530314
-0.00193466354048155
-0.00171582748009769
-0.00147157841468015
-0.00121663790153548
-0.000959599066874262
-0.000706373848302633
-0.0004632294547946
-0.000238781217021256
-4.43256542581594e-05
0.0001074418332081
0.000205213623871714
0.000242900144442615
0.000223310259173104
0.000160288449180257
7.76545494574066e-05
3.54161144855425e-06
-3.80528941690272e-05
-3.49831275059387e-05
1.06525899212784e-05
8.60256310630803e-05
0.000173977499073885
0.000258920662687956
0.000329997140724458
0.000381866760434946
0.000413785672392919
0.00042810199829546
0.000428851398837082
0.000420619095109487
0.000407729405793589
0.000393601817805234
0.000380245834818993
0.000367583741223143
0.00035267899711755
0.000328909122160326
0.000285366175134527
0.000207067696322838
7.65332242025352e-05
-0.000122540866343002
-0.000399641431059194
-0.000751471107562907
-0.0011589618154062
-0.00159151580803041
-0.00202057814924217
-0.00243721709480837
-0.00286105028557415
-0.00333049698930665
-0.00387672671742223
-0.00449413839476165
-0.00511953257564812
-0.00562917490398718
-0.00586118376055822
-0.00566593438833252
-0.00497083485484495
-0.00382817666455537
-0.00241752728946665
-0.000998490179426881
0.000167904579129186
0.000902711239092469
0.00116621712287213
0.00105762065771842
0.000750494111301236
0.000404637434670008
0.000115513154597124
-7.84705633805061e-05
-0.000161726187997147
-0.000116034959418698
8.41327008060944e-05
0.000461342075652738
0.00101933461671422
0.00172858949376575
0.00251805243323133
0.00327731730642711
0.00387171406046605
0.00416874867958938
0.00406974454136844
0.00354305473848626
0.00265619193307032
0.00158208446343622
0.000544919664946519
-0.000272415423552275
-0.000788979992449867
-0.00102156061387859
-0.00104278807810942
-0.000938749078471801
-0.000782884868044675
-0.000625588469915783
-0.000494260188332873
-0.00039842573684723
-0.000336275451928714
-0.000300548474996276
-0.000282640577609072
-0.000274913425357681
-0.000271727085277007
-0.000269473332537018
-0.000266286992456344
-0.000261557442371441
-0.000255540033577972
-0.000249023024423423
-0.000243105535702171
-0.000239008812741304
-0.000237987407558649
-0.000241184849869569
-0.000249478215863519
-0.000263067345684931
-0.000281075163144351
-0.000301081382048096
-0.000319289039651949
-0.000331512595153072
-0.00033459901516153
-0.000327171623126787
-0.000309530179265494
-0.000283006951207199
-0.000249211762337609
-0.000209454675825782
-0.000164435132177232
-0.000113986597938265
-5.71098723867181e-05
7.89368570508486e-06
8.33777491493493e-05
0.000172806213782906
0.000281763501419618
0.000420141699208898
0.000603106453667124
0.000839550651221543
0.00108456577052607
0.00116974208097531
0.000873068284334977
0.000217048601314218
-0.000453925785848242
-0.000817912404471599
-0.000794408983040285
-0.000500810504178162
-0.000185829129861759
-0.000180178094666417
-0.000743705097505654
-0.0017802093132957
-0.00280717671330422
-0.00340411032695442
-0.00353388429630286
-0.00340339978421866
-0.00322482041070771
-0.0031257552102204
-0.00316097148456151
-0.00333388872064688
-0.00359597907007014
-0.00384233755923447
-0.0039349523639487
-0.00376182418548865
-0.00330103722134822
-0.00264155364249063
-0.00194297911093599
-0.00136504141323712
-0.00101100239291441
-0.000908983999181601
-0.00102574615468143
-0.00129424249095678
-0.00163934421593126
-0.0019950929797119
-0.00231354935209538
-0.0025671575976105
-0.00274658074062017
-0.00285639289998585
-0.00291171531330292
-0.00294021473834505
-0.00299629210331886
-0.00319136939097575
-0.00372567532380685
-0.00485570472719132
-0.00671204203328557
-0.0090264684615704
-0.0110104814154965
-0.0115499498853922
-0.00985715953305544
-0.00649179598966043
-0.00334838823334849
-0.00172405423271016
-0.00110825792987157
-0.000446809256260394
0.000443856063014891
0.00106168407398854
0.00111471942787489
0.000763877849863093
0.000287070367477327
-0.000143929312912405
-0.000473188155325488
-0.00071045391791813
-0.000890432172440114
-0.00104971586978309
-0.0012139067528949
-0.0013907208717967
-0.00157023283264834
-0.00173183689611278
-0.00185311765932283
-0.00191401339222352
-0.00189378512871485
-0.00176474390656267
-0.00149031897933583
-0.00103675956708571
-0.000410660394578599
0.000272004641033163
0.000715472125989436
0.000479150052967725
-0.000757227613945588
-0.00280193646062799
-0.00486546358757778
-0.00600278715623404
-0.0057299720523929
-0.0043541836802774
-0.00264721577991622
-0.00119384502283992
-0.000147604151123915
0.00060240701316161
0.0012210121802525
0.00183784099050399
0.00255977461449675
0.00351725315539397
0.00484389195420931
0.00643579634029834
0.00756545937008468
0.00717450543419318
0.00508957320732861
0.00222266649529956
-0.000457867077585661
-0.00244854136965955
-0.00365618646469557
-0.00423165946727977
-0.00439758229831
-0.00433780789066418
-0.00416723322516077
-0.00394175803108965
-0.00367430530445745
-0.0033446467817555
-0.00290274471126395
-0.00227204921543489
-0.00136545219575623
-0.000140387701463851
0.00128178578862048
0.00246123121883102
0.00262735389000568
0.00107254205516938
-0.00210869099959154
-0.00564662760993428
-0.00785739251440987
-0.00799075250412784
-0.00658142429443842
-0.00465669725002726
-0.00297148972094874
-0.00181239467877958
-0.00115034648473511
-0.00083938411776785
-0.000736011251945001
-0.000740885131023106
-0.000800282062840552
-0.000895883367491024
-0.00103586028643576
-0.00125002230788596
-0.00158655311111033
-0.00210341744022458
-0.00284344769951872
-0.00378208575568806
-0.00475178785208641
-0.00538430411367585
-0.0051399551281861
-0.00343340911257428
0.000128730359705287
0.00476448880348812
0.00712018222159827
0.00492411666996873
0.00100550678894251
-0.00199412708568047
-0.00393441945689688
-0.00531390487168437
-0.0063214322665317
-0.00681443790284675
-0.00650857145956252
-0.00520553600225071
-0.00303119751521308
-0.000594391202923816
0.00117446052882997
0.00163445923462291
0.000925548526709008
-0.00029570790260891
-0.00143679512731865
-0.00221492824081793
-0.00259243737588122
-0.00264893662560439
-0.00249368303784081
-0.00222273310868104
-0.00190394366939017
-0.00157702739755905
-0.00126070265338285
-0.000962274704363608
-0.000689015511312618
-0.000462374583065639
-0.000337641026249003
-0.000425937063397441
-0.000898392471526677
-0.00192087457051571
-0.00346683792784575
-0.00511266584624082
-0.00624253981840184
-0.00665218991002803
-0.00633121333137865
-0.00523120435858004
-0.00388568066611583
-0.00294696489433477
-0.00251769716186345
-0.00227537988450877
-0.0019057977418413
-0.00159617874473383
-0.00177574621673671
-0.00214959161581874
-0.00236891617433344
-0.00252331489036806
-0.00282212031521567
-0.00336374261777905
-0.00398744370855297
-0.00445196102205614
-0.0048719250855811
-0.00513861175832631
-0.00466233718299236
-0.00353596041335891
-0.00236015651466914
-0.00148868695148963
-0.000953159773331436
-0.000659305943173649
-0.000509059461251127
-0.000434330349463607
-0.000394995147701138
-0.000369382302523036
-0.000346545014906496
-0.000321054294261103
-0.000290079071874061
-0.000251820786445478
-0.000204747330201371
-0.000147992729182533
-8.27893309462979e-05
-1.49658063719471e-05
4.40980585381112e-05
8.10462807976364e-05
8.58535464942634e-05
5.39401856514132e-05
-1.45272682772202e-05
-0.000114669385098409
-0.000234884334204821
-0.000353966855826116
-0.000439603908830577
-0.000453298509839328
-0.000367678110180236
-0.000195016225390532
-3.23630011678233e-06
0.000116279208484116
0.000117089671292092
2.64621657919406e-05
-9.48963130298353e-05
-0.000202149408323749
-0.000278754797022884
-0.000324934523732168
-0.000346195294653739
-0.000348915341064071
-0.000340089068018301
-0.00032817082384895
-0.00032380209624705
-0.000340799610754061
-0.000396965793569848
-0.000513505904464751
-0.000709821090794094
-0.000989125448214168
-0.00131104016531935
-0.0015560108757029
-0.00151370582734955
-0.000963862323288822
0.000123906440663291
0.00148143719513882
0.00278611578252708
0.00383733045339341
0.00428482249681394
0.00379142273132516
0.00264048782838699
0.00149414369765566
0.000723099358168611
0.0003206934717781
0.000150562895484541
9.78050973543532e-05
9.53848111606703e-05
0.000109562359185134
0.000124888988040084
0.000136096689473675
0.000143773881688958
0.000151001433579268
0.000160699231699368
0.000174943393105309
0.00019648727089816
0.000229583019262236
0.000277944334214908
0.000341410233417605
0.000414812628690697
0.000490341101055947
0.000560862467580137
0.000622157880769691
0.000673211486557079
0.000715433268183574
0.000751487760908276
0.000784305953516196
0.000816513523460571
0.000850031156574005
0.000886041240377722
0.000924882392894233
0.000966121627143934
0.00100856545337535
0.00105035979913737
0.00108913988938752
0.00112220788217599
0.00114687148666803
0.00116080478562708
0.00116239240455229
0.00115114584531284
0.00112796993967379
0.00109521280933222
0.0010566325592265
0.00101691988163566
0.000981098535746128
0.000953909173873058
0.000939143207645543
0.000939204269911897
0.00095481955675325
0.000984839987339114
0.00102629016396349
0.00107481801236986
0.00112554965348011
0.00117393872400839
0.00121664900376572
0.00125194854483368
0.00127967636487369
0.00130096489137088
0.00131767374789149
0.00133188460260669
0.00134545707908273
0.00135971789383404
0.00137527211840904
0.00139195321935404
0.00140887856936445
0.00142464928742925
0.00143762224347199
0.00144652068101436
0.00145114475991193
0.00145305434351428
0.00145596867895392
0.00146547218804471
0.00148800416432948
0.00152988177681834
0.00159658397613782
0.00169037561725816
0.0018032297877113
0.00190883975292877
0.00196748728420459
0.00195019000948093
0.00186154980319486
0.00173571712558385
0.00161118896002677
0.00151080814525528
0.00143937084473578
0.00139124267661828
0.00135818578606006
0.00133337785257481
0.00131240573963964
0.00129296573447846
0.00127412524975057
0.00125568444531154
0.00123775434346385
0.00122046261985531
0.0012038259278313
0.00118770548951375
0.00117186260695235
0.00115613074669341
0.00114059317546378
0.00112574949362454
0.00111249898182564
0.00110183528967411
0.00109433018202765
0.0010897338587057
0.00108711373236758
0.00108586473146488
0.00108693054556852
0.00109329212349962
0.00110885745030487
0.00113634102127946
0.00117565956969656
0.00122378773781406
0.00127594046439583
0.0013272050125579
0.00137375666398043
0.00141335276815369
0.00144527168011166
0.00146992973348858
0.00148838164015785
0.00150197632109439
0.00151205159504286
0.00151977874729425
0.00152611812076486
0.00153176360484508
0.00153722590212624
0.0015428325284006
0.00154875556823697
0.00155508939059246
0.00156185619992755
0.00156902824066663
0.00157653889942821
0.0015842882561401
0.00159216528849981
0.00160002011639904
0.00160767510415383
0.00161490265604414
0.00162140856296844
0.00162685975801935
0.00163080660087189
0.00163274949116499
0.00163212221515607
0.00162832525241186
0.00162078683807465
0.00160910729185559
0.00159313673364636
0.00157318047477872
0.00155019885816898
0.00152594048508092
0.00150303103296778
0.0014847678642127
0.00147471479472472
0.00147584722220984
0.00148946965872199
0.00151423873440137
0.00154581347722171
0.00157767687802846
0.00160308988306213
0.00161733404446807
0.00161906044127136
0.00161017310595923
0.00159439683677931
0.00157562851654802
0.0015568046851655
0.00153959622828381
0.00152455270630014
0.00151151868799104
0.00149994461295933
0.00148909218289361
0.00147811207718007
0.00146609946405363
0.0014520995517131
0.00143512979278171
0.00141420763988265
0.0013883671989845
0.0013567313938978
0.00131863964192291
0.00127375332503732
0.00122236665234254
0.00116570086916568
0.00110618736393064
0.00104764530384216
0.00099486530125148
0.000952482537286414
0.000923328080659758
0.000907462993637864
0.000903688235354139
0.000913757958187489
0.000945538092267384
0.00101075814384899
0.00111741726982473
0.00126264554367594
0.00143079992298567
0.00159777191477417
0.00173895897681575
0.00183728587899168
0.00188781767995749
0.00189699367325602
0.00187775350823927
0.00184391391044869
0.00180634396329538
0.00177174941384806
0.00174326109103617
0.00172162284428623
0.00170631841989177
0.00169634861713064
0.00169055880405722
0.00168790537102836
0.00168751124185462
0.00168867697603048
0.0016908419109285
0.00169361191737494
0.00169669278626827
0.00169989577969432
0.00170308767089011
0.00170621294870443
0.00170922720421629
0.00171213043742569
0.00171492819944774
0.00171764824585807
0.0017202961277718
0.00172289960076455
0.0017254808692968
0.00172806768894418
0.00173066005970668
0.00173327463492967
0.00173593361907365
0.00173863146102349
0.00174137926300943
0.00174417702503149
0.00174700809374428
0.00174986691803269
0.0017527257423211
0.00175555125991878
0.0017582935107896
0.00176086922820673
0.00176318404321307
0.00176510472904567
0.00176648695671133
0.00176712533495049
0.00176679781915823
0.00176523795580863
0.00176217374026066
0.00175731096341281
0.00175036651839378
0.00174110170725328
0.00172931668984688
0.00171491709721749
0.00169796399163147
0.0016786239065425
0.00165726321554871
0.0016344092745868
0.00161072821747155
0.00158700275143531
0.00156404333928606
0.00154266044383178
0.00152354795446286
0.00150726653380673
0.00149418810657664
0.00148449030845654
0.00147820089502204
0.00147529211069752
0.00147569179098639
0.00147940548700376
0.00148657752774284
0.00149750212230515
0.00151254564428882
0.00153198564945001
0.00155560009318378
0.00158199564559425
0.00160760293965723
0.001625671819383
0.00162592717067866
0.00159608992689186
0.00152576284939698
0.0014116041668899
0.00126098020913901
0.00109147135773924
0.000926153598257429
0.000787320209028053
0.000691663393226349
0.000648175957351782
0.000658434418099318
0.000717842452147011
0.000817196310620716
0.000944178069062218
0.00108514308649887
0.00122706289573671
0.00135910172005538
0.0014737266962328
0.00156683555019299
0.00163740687675329
0.00168666747235591
0.00171730962783556
0.00173271952341736
0.00173642766831961
0.00173174252715569
0.00172157843536525
0.00170836123025708
0.00169402269989405
0.00168005609424426
0.00166755498298699
0.00165724101108822
0.00164953606329732
0.00164460667306798
0.00164235292032799
0.00164248614709095
0.00164450120188064
0.00164777635980329
0.00165155111808701
0.00165498725834823
0.00165721880662772
0.0016573797889663
0.00165465974255596
0.00164832036908535
0.0016377454947758
0.00162244662149647
0.00160207402899459
0.00157641122378038
0.00154539714358748
0.0015090595439915
0.00146754275398564
0.00142106881817483
0.00136988198562449
0.00131428201655126
0.0012545464667113
0.00119094734074565
0.00112373443883484
0.00105311870335356
0.000979299974446235
0.000902505847832913
0.000823052737075614
0.000741523509262265
0.000658983978496508
0.000577371483956313
0.000500099961442402
0.000432887059531595
0.000384847709256064
0.000369776431696778
0.000407307521044231
0.000523198151469728
0.00074735773125667
0.00110744191594847
0.00161550217647743
0.00224678053939442
0.00291625057435851
0.00347040729486991
0.00371934150145137
0.00351494944261788
0.00283337797668537
0.00179688486312557
0.00061844418475232
-0.000481714668154609
-0.00133457689344141
-0.00184282034076944
-0.00197907801258168
-0.00177685088864621
-0.00131643584921903
-0.00070368710858304
-4.44810854816069e-05
0.00057745475068316
0.00111218811937874
0.00154240509253611
0.00187299620257875
0.00211893835810884
0.00229684604668989
0.00242122433213865
0.00250384712963125
0.00255415688599214
0.00257984189566685
0.00258711385647814
0.00258087440307975
0.00256475396476219
0.00254128940113674
0.00251192955325052
0.00247710740808316
0.00243621234297109
0.00238749020553541
0.00232779906461644
0.00225228724559656
0.00215416573468019
0.0020245694010157
0.00185306769928673
0.00162926894198279
0.00134610100843702
0.00100525698876197
0.000623867624227614
0.000239724906592187
-9.0250029671779e-05
-0.000302763369930403
-0.000349370532504167
-0.000212763140439165
9.2764684822555e-05
0.000529276622529551
0.0010358935931265
0.00152531320907201
0.00189523952087711
0.00206358818921615
0.00200782723780435
0.0017742807223442
0.00144844136684696
0.00111286535542376
0.000822142354195421
0.000599553739988323
0.000446076509064142
0.000351063622616721
0.00030035973708209
0.000281030754223366
0.000283262302502862
0.00030053737276603
0.000329269944643329
0.000368305386189149
0.000418531875823192
0.000482813788948988
0.000565614222125532
0.000671973587884622
0.000805022715155701
0.000962008250837698
0.00113024034575915
0.00128748123273681
0.00140973899220853
0.00148459022852876
0.00151958445826494
0.00153833612515086
0.00156717971933062
0.00162132529624159
0.00169647629277847
0.00176769709980817
0.00179388726095908
0.00172694081257418
0.00152364787453507
0.00116021636742403
0.000649524878326702
6.11288797358611e-05
-0.000462985205729183
-0.000731203986248374
-0.000636568575629326
-0.000376931819090487
-0.000378674869239148
-0.000746414041685739
-0.00109282582982928
-0.00105334629907361
-0.000628508356470547
-6.97775170976911e-05
0.000351008111465489
0.000464317473358733
0.000221500595642965
-0.000326294546937334
-0.00106153974499534
-0.00184157133986673
-0.00253878029710108
-0.00306692449214552
-0.00338999939231144
-0.00351707551971003
-0.00348790996085313
-0.00335497185588451
-0.00316691117774326
-0.0029579672045088
-0.00274484879270176
-0.0025305979534096
-0.00231210606216337
-0.00208788542011007
-0.00186177739891491
-0.00164213087572307
-0.00143813849717844
-0.0012573053709275
-0.00110516040763287
-0.000986455361839944
-0.000905675534568218
-0.000865973959207622
-0.000867717009356284
-0.000907751651624267
-0.000979816228152686
-0.0010758838264735
-0.00118766108059276
-0.00130826460775779
-0.0014336865028497
-0.00156393786809872
-0.00170401470711568
-0.00186390902712219
-0.00205659933527613
-0.00229181118527322
-0.00256140664234294
-0.00281948908664731
-0.00298233659989933
-0.00296906943475506
-0.00269224642579502
-0.00204140038206901
-0.00135156330571817
-0.00197714067340371
-0.00533346700137827
-0.0101185504419732
-0.0121419652110433
-0.00968986002547467
-0.00546152012503853
-0.00211296535823635
-0.000277633471768013
0.000421129797700814
0.000447708536910341
8.46878123184069e-05
-0.000545052891709474
-0.00139082079186892
-0.00238500330596025
-0.00337823102825041
-0.00414084322386543
-0.00446093162409511
-0.00429561941572842
-0.00384583476176203
-0.00343534090063713
-0.00326578764031638
-0.00328871374577488
-0.00329313243341289
-0.00307454062209445
-0.00254349874495574
-0.00173501213396321
-0.000757682805385684
0.000237176944750672
0.00099076302717549
0.000942546041216019
-0.000982069980892675
-0.00607210948189163
-0.0141232692207893
-0.0212648232356116
-0.0222759921619797
-0.0166858526995384
-0.0100881414333287
-0.00742653716301334
-0.00784866616143631
-0.00784472486969889
-0.00571149794126313
-0.00238946640251925
0.000242783571025029
0.0011448952896842
0.000616517947804596
-0.000334232641563403
-0.000901323460311687
-0.00100384145440557
-0.000839950331510408
-0.000380651066222981
0.000298572278012443
0.000970534763666819
0.0014427126160399
0.00155145896130193
0.0010868528299568
-0.000173927539037777
-0.00222839524610663
-0.00455390170017722
-0.00633179064735145
-0.00695256074934036
-0.00598039395782735
-0.00397077926095335
-0.00220713447518506
-0.00125711663301331
-0.000946509537413931
-0.00094814156526013
-0.00105080388834722
-0.00116361364987938
-0.00126062493777113
-0.00134202648993664
-0.00141556766308781
-0.00148797640875387
-0.00155726542772072
-0.00160141899741006
-0.00156499257997211
-0.00135979005833065
-0.00090596419255462
-0.000214561701739058
0.000568334268535864
0.00125468524458938
0.00177163839154559
0.0021892376800281
0.00259856580697715
0.00293622903768664
0.00277468048537344
0.0012487122447169
-0.00235087505018328
-0.00739193151133577
-0.0119113274799076
-0.0143545286768187
-0.0143623113402214
-0.0121866627900147
-0.0084273032996407
-0.00389809295953114
0.000513777909105784
0.00358912899400821
0.00360509400110232
-0.000542477174292344
-0.00743165529115686
-0.0132711841516198
-0.0148222101259421
-0.0120721432850246
-0.00754025730742569
-0.00371664921061665
-0.00158105750713844
-0.000871325234186315
-0.000968269908696584
-0.00138528077897604
-0.00184563475613686
-0.0022176593894585
-0.00244787523584478
-0.00252233789410639
-0.00244950726369098
-0.00225370833106808
-0.00197255545231201
-0.00165474300928281
-0.00135661482048022
-0.00113798970247103
-0.00105987441045841
-0.00118951515304389
-0.00161498592277098
-0.00245771181184296
-0.0038444580852115
-0.00579554182422726
-0.00805623345812023
-0.0100291996929514
-0.0109725784014358
-0.0103825170683081
-0.00826124724184751
-0.00517377252151618
-0.00215639728295969
-0.000156374913018453
0.000698807678389812
0.000881139605724002
0.000765210117492643
0.000457578419599258
-5.42454969831851e-05
-0.000796751553622244
-0.00176416659058987
-0.00284940959716096
-0.00376958464443078
-0.00414858147834707
-0.00379538622752307
-0.00284442469578039
-0.00165364388848843
-0.000635602681597902
-7.11652958784725e-06
0.000276623168815604
0.000357947005369397
0.000342059713887011
0.000274869016436696
0.000167710290099876
1.88959958791202e-05
-0.000177091674657959
-0.000426625401672709
-0.000735556060504905
-0.00110769171612901
-0.00154128931839637
-0.00201755279150007
-0.00248016052140088
-0.00282693868314254
-0.00294624324936876
-0.00278601586245486
-0.00239013253633402
-0.00186792803447133
-0.00133205668717551
-0.000854594173205214
-0.000458821869386838
-0.00013621326289126
0.000131405997194634
0.000357791574145949
0.000548194822869164
0.000701194657892756
0.000810396194594887
0.000862088178621434
0.000827637958167315
0.000657662813097204
0.000294131385913943
-0.000280286904796867
-0.000954047951751136
-0.00142853506801544
-0.00138365985336009
-0.000890543194742577
-0.000320576898360514
0.000319000381665546
0.00115820686374946
0.00202377004043797
0.00266909827573159
0.00299192892683209
0.00301153546544697
0.00278580492008018
0.00236597408331818
0.00179406489664302
0.00111867182184255
0.000403688193983953
-0.000281308309979522
-0.000876887451539687
-0.00133552058301234
-0.00161850532975905
-0.00171365144296942
-0.00166036073778741
-0.00154376511574128
-0.00145629064363106
-0.00145747858226741
-0.00155310209137838
-0.00169749769796113
-0.00181497039619671
-0.00183371096085239
-0.00171807013060743
-0.00148138168398759
-0.00117306164781894
-0.000851074766217153
-0.000558497692537685
-0.000314837045323202
-0.000120237153566904
3.51829676503712e-05
0.000163336011382853
0.000273425726504684
0.000370303787633475
0.000454414283979077
0.000522371035316382
0.00056763482803035
0.000581212855621516
0.000552402568132493
0.00046992409963309
0.000323674420599218
0.000107736042309625
-0.000175048864292648
-0.000506339414840795
-0.000843514147419455
-0.00110986775325728
-0.00118951515304389
-0.000948652267851458
-0.00032843727737486
0.000493416418834158
0.00110050857315969
0.00123698828957686
0.00110462750058105
0.0010437428699106
0.00118129950266166
0.00145250478311709
0.00174248948603406
0.00195751193032834
0.00203081440552921
0.00190810700573252
0.00153945189929061
0.00088662410746565
-5.56776846849516e-05
-0.00123415166974894
-0.00252062815064846
-0.00371565000989449
-0.00457781590412765
-0.00488114548780061
-0.00449548731573657
-0.00345768413900771
-0.00197774574495213
-0.00035901837058816
0.00111552433956774
0.00225753304938792
0.00298469582382666
0.00329818394817494
0.00326410565243407
0.00300342528625208
0.00265528710130525
0.00228506658039862
0.0018083423647397
0.00109476872012237
0.000209093853342779
-0.000570615776851469
-0.00100897623589447
-0.00106962216861461
-0.000852007353557838
-0.000478822537175461
-4.01956246065538e-05
0.000412125888971104
0.000851840820104144
0.00126331722860584
0.00162949098658771
0.00192362792361678
0.00210713668735707
0.00213814521643485
0.0019939883078024
0.00169603220356862
0.00129073973731408
0.000746747108593127
-7.78599407169622e-05
-0.00112998499446348
-0.00193796090286469
-0.00205866435010194
-0.00150928158859642
-0.000620420381736153
0.000275512945790979
0.000984506920431727
0.00144446121730368
0.00167086899871549
0.00170785052766576
0.00159907087571298
0.00137604927452628
0.00105721542631443
0.000652411458190727
0.000170674585575625
-0.000370287134288105
-0.000935157506987139
-0.00146719858484801
-0.00189453452925648
-0.00214552264843348
-0.0021680657269485
-0.00194890770188749
-0.00152567958267014
-0.000977423697534618
-0.00039316883082563
0.000160044200114839
0.000650768328114282
0.0010773715253265
0.00145293221898157
0.00178815295903689
0.0020744739259726
0.00226740848319196
0.00227439733713197
0.00195897742472084
0.00117597598325858
-0.00015779044737485
-0.00197608596153032
-0.00400404709388624
-0.00578944669982207
-0.00686646850489581
-0.00698010538258131
-0.00616703355049708
-0.00464811522604691
-0.00274031353164617
-0.000806588129620422
0.000851840820104144
0.00208077444163735
0.00286804469062929
0.00328584937037135
0.00343278183656537
0.00339717698416564
0.00324235083226654
0.00300586777690626
0.00270553579539978
0.00234725017200788
0.00193257077008013
0.00146528900124565
0.000956512646865804
0.000427946567072013
-8.74911254555855e-05
-0.000548255885135518
-0.000910493902495091
-0.00113647979915754
-0.00120135568160151
-0.00109416919968908
-0.000814870393384126
-0.00037373992789469
0.000204664063474524
0.000878902506329382
0.00159388058307286
0.00228773111565772
0.00289899215744072
0.00337414540751979
0.00367531560740986
0.00378575504278444
0.00370996566800841
0.00346862538691539
0.00309129388753604
0.00260994559297956
0.00205450101375959
0.00145165546250325
0.000830241431160061
0.000232469599126262
-0.000278987943858056
-0.000633476604505745
-0.000782773845742213
-0.000725908222420912
-0.000508870723336941
-0.000203670413867485
0.00011688983114766
0.000396194188567733
0.000600203220457729
0.000715738579515346
0.000744948547293234
0.000699151847527446
0.000593897153677858
0.000445987691222172
0.00027210456110538
8.835154829967e-05
-8.98503493829139e-05
-0.000248007170355891
-0.000373234776418485
-0.000455419035816362
-0.000488581397561916
-0.000472188954603325
-0.000412142542316474
-0.000321037640915733
-0.000217775797395348
-0.000126371135777958
-7.40796313181136e-05
-8.84015083357781e-05
-0.00019257928585148
-0.00039922509742496
-0.00070297656584728
-0.00107512887481676
-0.00146471168527285
-0.00180896408963349
-0.00205012673504257
-0.00214957496247337
-0.00209220418767586
-0.00188263848954762
-0.00153954071713258
-0.00109067199716151
-0.000568073366125077
-3.96349619791181e-06
0.000571048763831072
0.00112731490808926
0.00163442592793217
0.00206077377384872
0.00237566077920803
0.00255402921034431
0.00258206789283122
0.00246117015656466
0.00220889417867909
0.00185665927077139
0.00144598222284742
0.00102419739356208
0.00063993255139394
0.000337391226068462
0.000149313894581837
8.99447183400071e-05
0.000152100554373646
0.000311489722903957
0.000536726219024786
0.000798694443915338
0.00107412967409459
0.00134466326962013
0.00159552926426443
0.0018157364500837
0.00199882888018976
0.00214299133993734
0.00225005569731707
0.0023241408797503
0.00237033170868983
0.00239362973886159
0.00239838149340699
0.00238793984586039
0.00236464181568863
0.00232983077275151
0.00228397856183449
0.00222688534279314
0.00215784612400682
0.00207591166478949
0.00198019378672143
0.0018702484005928
0.00174656955564956
0.00161119451114189
0.00146836431902386
0.00132520661111357
0.0011924239373684
0.00108445474822361
0.00101910702099417
0.00101550989839438
0.00108996145442575
0.00124917853838724
0.00148280276945911
0.00175952030723181
0.00203294603373649
0.00225812146759097
0.00240996667066895
0.00249018028419812
0.00251892395830566
0.00252017295920837
0.00251142440177432
0.00250117704325703
0.00249126275164713
0.00248025489035797
0.00246589970664957
0.00244629871914981
0.00242005859796279
0.00238599695556729
0.00234277042210351
0.00228858598738668
0.00222109552971972
0.00213752349154106
0.00203490557737496
0.00191046067854472
0.00176214598468505
0.00158928981086603
0.0013933132425592
0.00117834630941616
0.000951616563327207
0.000723365811694521
0.000506178432502224
0.000313682413377592
0.000158806301442382
5.19639886675805e-05
-5.49560397189452e-07
2.48134846003722e-06
5.70765656959793e-05
0.000154914969741071
0.000284983148191031
0.000435679270438527
0.000596844795808238
0.000760946861078082
0.00092345575630759
0.00108225650663485
0.00123663301820898
0.00138629663304357
0.0015306644840507
0.00166862079709063
0.00179857795323812
0.00191882065792015
0.00202782235447785
0.00212451167769245
0.0022084167827785
0.0022796597942687
0.0023388069259056
0.00238677966279965
0.00242466047239986
0.0024535928844216
0.00247468712188947
0.00248900344779202
0.00249754106285138
0.00250120479883265
0.0025008106696589
0.0024971136269869
0.00249081866243728
0.00248251419421308
0.002472771987172
0.00246208053944486
0.00245086173578102
0.0024395263586996
0.00242840747510797
0.00241781039633793
0.00240800712703049
0.00239925301848132
0.00239178676864071
0.00238582487099848
0.00238158381904441
0.00237927455515319
0.00237910247058437
0.00238126185436727
0.00238596364887655
0.00239337438756593
0.00240363839942859
0.00241683340007626
0.00243294273616357
0.00245178322089146
0.0024729662762013
0.00249575915489686
0.00251897946945689
0.00254088972084787
0.00255898635614926
0.00256988874625108
0.00256918375463044
0.00255145349292718
0.00251032528097994
0.0024388546737697
0.00233019714634963
0.0021786517034883
0.00198107086291088
0.0017385148876059
0.0014578838136714
0.0011530332244547
0.000844929681775852
0.000560324009413193
0.000328681526440278
0.000177519110522439
0.000126892940599532
0.000184491311117085
0.000343108874645282
0.000581690251522105
0.000869843086448441
0.00117419962641918
0.00146459511185526
0.00171825886852162
0.00192156290879097
0.00206960004689449
0.00216438533762187
0.00221257456800572
0.00222325491350261
0.00220615192780826
0.00217041384864558
0.00212388440168354
0.00207282524478103
0.00202192151910197
0.00197446503591436
0.00193261517900112
0.00189768756264641
0.00187037607624063
0.00185098603111555
0.00183955628507704
0.00183597581582262
0.00184001702763226
0.00185137460917417
0.00186963222681413
0.00189424032015495
0.00192440507973402
0.00195909954925355
0.00199688598989667
0.00203586592029126
0.00207363570758901
0.00210721440296879
0.00213317696839965
0.00214789852570618
0.00214795958797254
0.00213093431788991
0.00209628425729136
0.00204635197675884
0.0019870050049775
0.00192740823301563
0.00187853621547163
0.0018505641463662
0.00185014781273196
0.00187911353144443
0.00193530746983583
0.00201483274508973
0.00211379802550482
0.0022283397349554
0.00235351182986676
0.00248235321187451
0.00260603760793288
0.00271519473571402
0.00280187539836163
0.00286131118798494
0.00289311907764045
0.00290124591018071
0.00289290258415065
0.00287655455011304
0.00285990120474366
0.00284835488528756
0.0028443802868594
0.00284780532489037
0.00285648171782782
0.00286725088116668
0.00287673218579698
0.00288196133624297
0.00288071788645539
0.00287168067103494
0.00285444445857763
0.00282935896933623
0.00279735679065141
0.00275968137231075
0.00271765387971357
0.00267244004703571
0.0026247892748188
0.00257505683443071
0.00252311505022362
0.00246864750863551
0.00241138775614047
0.00235146346838633
0.00228956853476348
0.00222704632513171
0.00216565654298506
0.00210728101635027
0.00205357952864915
0.00200574556963318
0.00196441751754151
0.00192975635471271
0.00190161775215358
0.00187968529630211
0.00186370918697776
0.00185354509518731
0.00184920967427615
0.00185084170212235
0.00185854664991325
0.00187223569980688
0.00189137039363629
0.00191477944611051
0.00194040894463399
0.00196520577588899
0.001985178688102
0.00199558147784273
0.00199123495470133
0.00196708205280061
0.00191869853338744
0.00184292026084165
0.00173869252328984
0.00160826352235688
0.00145902734338677
0.00130490063199318
0.00116566201135981
0.00106288866597026
0.00101346708802907
0.00102418629133183
0.00109010578341895
0.00119738663428848
0.00132810429320784
0.00146502254771974
0.00159450230796665
0.00170773950536329
0.00180043202568925
0.00187190263289949
0.00192388882602756
0.00195944371839119
0.00198216443259014
0.00199564809122421
0.00200318095444629
0.00200763849989016
0.00201147987155537
0.00201680894207357
0.00202542982385978
0.00203900230033582
0.00205902517258494
0.00208693062830889
0.00212407313959773
0.00217164064508779
0.00223061569215588
0.00230147012558746
0.00238394304297174
0.00247653564322547
0.00257605603515287
0.00267705857481815
0.00277139977633567
0.00284822720963973
0.00289462898095394
0.00289714918721984
0.0028441859978301
0.00272855071870026
0.00254955501155507
0.00231342722756267
0.00203197458858995
0.00171975211848974
0.00139083744521429
0.00105649378134842
0.000724886817238257
0.000402949895672577
9.95592497332609e-05
-0.000172711844825812
-0.000399924537930474
-0.000574551517473765
-0.000707917058306862
-0.000842731440187094
-0.00105636055458547
-0.0014404089032638
-0.00204493089128732
-0.00280138134911567
-0.00348321926857409
-0.00377823883290773
-0.00347094020192174
-0.0025950741555647
-0.00140374933899068
-0.000203487227068422
0.000781658071602465
0.00145470857582097
0.00182696080486267
0.00197074578878187
0.00197266092349935
0.00190451543424786
0.00181371029306376
0.00172572511836222
0.00165097935322933
0.00159144919464893
0.00154530832574551
0.00150967571777016
0.00148200895999651
0.00146079259799592
0.00144561584924929
0.00143686174070012
0.00143502432159437
0.00143958178711046
0.00144777523303219
0.00145388145966763
0.00144989575900922
0.00142810208103583
0.00138465350296713
0.00132207578218413
0.00124867338691104
0.00117519327602622
0.00111110010081461
0.00106250563902677
0.00103222430603012
0.00102090003117894
0.00102777231170137
0.0010504874747852
0.00108375530771809
0.00111723408302566
0.00113367093490524
0.00110876308134777
0.00101430530641267
0.000826227974926041
0.000536481969959368
0.000164546154479694
-0.00023820390104845
-0.000594618798643864
-0.000813310530034528
-0.000806421596166729
-0.000524702503668095
1.33226762955019e-06
0.000656830145828735
0.00129017907468665
0.00177624581709779
0.00205174766065852
0.00211095030344666
0.00198040472909611
0.00169632086155502
0.00129630750578258
0.000822908408082412
0.000331323857238885
-0.000108479891736124
-0.000421440660147709
-0.000547928369343254
-0.000465649740988283
-0.000198763228098642
0.000191435756136116
0.00062906346798286
0.00104725117466842
0.00140254474700896
0.00167769131920181
0.00187554416442026
0.00201129113364118
0.0021076473899484
0.0021919022152872
0.00228752572439817
0.00239896991161004
0.00250622855801907
0.00258623122917356
0.0026422419807659
0.00270444777683565
0.0028042679289797
0.00295387048154794
0.00314283044033914
0.00334374750110555
0.00351813023158343
0.00362221364014204
0.00361285446004445
0.00345311557126138
0.00311527470486794
0.00258764121241484
0.00190364390917352
0.00120121690372343
0.000731370519702068
0.000601363403518462
0.000354227758236902
-0.000543520783935492
-0.00160713664598688
-0.00206146211212399
-0.00188818960467074
-0.00146169742976099
-0.00104847241999551
-0.000736377625543128
-0.000523170395894113
-0.000386346510339308
-0.000311917158768438
-0.000298960856071062
-0.000352495810318487
-0.000471234162802148
-0.00063655747339908
-0.000809796674161589
-0.000942301792150602
-0.000994293536393798
-0.000950850509440215
-0.000825028934059446
-0.00064840355307183
-0.000460320670470082
-0.000307076586381072
-0.000255973020557576
-0.000414590584085772
-0.00092486018843374
-0.00187729831679917
-0.00312209147423914
-0.00414437373308374
-0.00436950475801723
-0.00371699337975429
-0.00253386200910199
-0.00123060450718526
-0.000208177919347463
0.000252897702779364
8.24895707296491e-05
-0.000617861317664392
-0.00162740931841654
-0.00258605359348962
-0.00301069169594825
-0.00274871236882746
-0.00278632672490176
-0.00416787715451505
-0.00587855319977848
-0.00663714638804436
-0.00639400754565145
-0.00551007017790539
-0.00434948743688324
-0.00340499850537412
-0.00318174375735225
-0.00382653908559405
-0.00487258011716563
-0.00535045341365503
-0.00448391324070485
-0.00241850983684344
-1.41442413337245e-05
0.00180360171242455
0.00230724328531551
0.00102987618433303
-0.00182880377508354
-0.00497608620975143
-0.00678075373627962
-0.00671194211321335
-0.00542810241199732
-0.00405293576477561
-0.00337725403198874
-0.00346379591675827
-0.00400629529551111
-0.00473823202895574
-0.00546862555239613
-0.00591170445929379
-0.0057369109462968
-0.00505019359664516
-0.0044141690302979
-0.00402107236396887
-0.0036264546920961
-0.0030460856059733
-0.00225450769164581
-0.00131169519690388
-0.000326538796002751
0.000540756328604175
0.00101934016782934
0.000602018435102991
-0.00141648914819825
-0.00497135665966653
-0.00722162329935827
-0.00486235496310883
-0.000858246806956231
0.00164078750586327
0.00161324287262232
-1.59539048638635e-05
-0.0017723600365116
-0.00314035464299423
-0.00417725853907314
-0.00501017005660742
-0.00573801006709118
-0.00646821485261739
-0.0072724715138861
-0.00800768340525337
-0.00821391843430774
-0.00761051222042397
-0.00672305544568985
-0.00604974959017568
-0.00551999557174554
-0.00505512298687449
-0.00465683047679022
-0.00432771596337034
-0.00406017441889617
-0.00382280873623131
-0.00356465967854547
-0.00322815107978158
-0.00276194622728099
-0.0022071677818758
-0.00196926919215912
-0.00309354764027603
-0.00673179290089365
-0.0124823040792421
-0.0163752345017087
-0.0137598599181388
-0.00764934782182536
-0.00338029604307621
-0.00188340454343461
-0.00189046556187122
-0.00263802313327233
-0.00420441459425547
-0.00698869850879191
-0.0106384900888656
-0.0133533628599025
-0.0134072308810573
-0.0113105080856712
-0.00916442477461032
-0.00825095547440924
-0.00832072188927668
-0.00850655101913844
-0.00821225309977081
-0.00746245287785996
-0.00661597443496476
-0.00586879433939202
-0.00511295450422722
-0.00413418188571768
-0.00317852411058084
-0.00334325900297472
-0.00446473968906957
-0.00582287551509353
-0.0084820817036757
-0.0135617739260852
-0.0168330904770642
-0.00980318048959816
-0.0073426820179634
-0.00791862131421794
-0.00630560048620055
-0.00543742828540417
-0.00520317122720826
-0.00521498400019027
-0.00532436317257634
-0.0054933169124638
-0.00572744074389675
-0.00598232574589019
-0.0060836002901965
-0.00580417935935884
-0.00506963360180634
-0.00403760358480554
-0.00311800585350852
-0.0030986546661893
-0.00504321029382027
-0.00904969432724556
-0.0120012555449023
-0.0111080145082099
-0.0102886255071155
-0.00992488313755757
-0.00933291222082744
-0.00897002472299846
-0.00879369910222749
-0.00871896999043997
-0.00887655504655527
-0.00989470727574826
-0.0126275101486328
-0.0153070778274866
-0.0161073709925574
-0.0134419031461164
-0.00837649949403385
-0.00440574243754099
-0.00254901655338813
-0.0020566881531181
-0.00217658113754737
-0.00260780286254203
-0.00334010596958478
-0.00440910641330561
-0.00556380497229725
-0.00617937923053091
-0.00589732707112489
-0.00486203299843169
-0.00334718919248189
-0.00185641502170597
-0.000778122011269033
-0.000162669877568078
8.02580224501526e-05
1.08468789505878e-05
-0.000377686770747232
-0.00113168363569116
-0.00227310392730828
-0.00368997055133491
-0.00501473307323863
-0.00569265745653524
-0.00545327116796557
-0.00465982807895671
-0.00380812048561552
-0.00313062908929851
-0.00268852717866253
-0.00234445796110094
-0.00187503346182893
-0.00133616451236662
-0.0011626588580782
-0.00145549128305333
-0.00199783523058272
-0.00279994916141391
-0.00379026809937955
-0.00452513582160918
-0.00483514339677527
-0.0050017878727715
-0.00447151204951979
-0.00303581604299552
-0.00153959067716869
-0.000582467407639342
-0.000183408843668076
-0.000147082346302341
-0.000299060776143278
-0.000529365440371521
-0.000771038788371925
-0.000977595782103435
-0.00111555209514336
-0.0011702194768759
-0.00115283338431027
-0.00109451336882671
-0.00102691188885728
-0.000967326219125653
-0.000920452603025979
-0.000888022988476678
-0.000871935856849859
-0.000869915250945041
-0.000867350635758157
-0.000831279489688086
-0.000713573644617327
-0.000475652850440156
-0.000136468614186924
0.000198430161191254
0.000398081567709596
0.000426814139586895
0.000369793085042147
0.000335320660127536
0.000374000830305476
0.000479338790881911
0.000621902529474028
0.000773803243703242
0.000916666742512007
0.00104098951680953
0.00114317444399603
0.00122279963932215
0.00128081989458906
0.00131847865958434
0.00133649757927401
0.00133465460905313
0.00131165633909802
0.00126524346555357
0.00119319554237052
0.0010952794227137
0.000975808323033789
0.000845717940123336
0.000722183424173295
0.000624461593545789
0.000567107472093653
0.000554822854326176
0.000582672798898898
0.000640354436143298
0.000716038339731995
0.000797817367725884
0.000874650352145068
0.000938288335916582
0.00098469010723079
0.00101363362148277
0.00102695629777827
0.00102678421320945
0.00101483266234936
0.000992600446281244
0.000962352419975332
0.000927857790600228
0.000894689877739552
0.000869632144073762
0.000859695648003367
0.000870881144976465
0.000907035557773384
0.000968769509057665
0.00105308539666282
0.00115386589172317
0.00126329502414535
0.00137358457941161
0.00147842849074209
0.00157369672848517
0.00165763514026196
0.0017308321442755
0.00179618542262006
0.0018591350681163
0.00192793558895232
0.00201389460663393
0.00213092876677479
0.00229365970660922
0.00251211829116471
0.00278111977891626
0.00306459857490893
0.00328553295680933
0.00334335337193181
0.00317048054476743
0.00279109513279252
0.00231808461315097
0.00188406512613426
0.00157411861323453
0.00140844003126972
0.00136343714096654
0.00139970812718104
0.00148028256319321
0.00157793778043924
0.00167577063336921
0.00176507142235494
0.00184258164281914
0.00190827353918621
0.00196367921923013
0.00201091365781281
0.00205201966529955
0.00208874029183903
0.0021223856006003
0.00215381601442743
0.00218353113368153
0.0022117530029675
0.0022385426845517
0.00226392238289463
0.00228798091583826
0.00231094587910263
0.00233320585074637
0.00235528818670616
0.00237778130518507
0.00240125697104077
0.00242619258017385
0.00245286568834047
0.00248142617564895
0.00251186293986905
0.0025440649586983
0.00257783239199227
0.00261292654180068
0.00264905597457243
0.00268586819451855
0.0027229662968864
0.00275990064135101
0.00279622158760162
0.00283149337309396
0.00286533852199966
0.00289744339632136
0.00292758595143994
0.0029556274094773
0.00298150670818131
0.00300522384755197
0.00302684544095655
0.00304647418403192
0.00306422942574613
0.00308024439287635
0.00309466618996623
0.00310763914600898
0.00311929371221709
0.0031297631153393
0.003139172255473
0.00314762937935598
0.00315523718263933
0.00316208170758614
0.00316824622092327
0.00317380288716151
0.00317882109523282
0.00318335358073796
0.00318745030369882
0.0031911598363763
0.00319451826102579
0.00319756027211326
0.00320032056410469
0.00320282550481465
0.00320509452311057
0.00320715398682125
0.00320901916150262
0.00321070670050005
0.00321223186938369
0.00321360715815899
0.00321484366905622
0.00321594834096572
0.00321693227611775
0.00321780380119208
0.00321856291618872
0.00321922211109893
0.0032197841615158
0.00322024767962148
0.00322062099210996
0.0032209068745459
0.00322110255135044
0.00322121218587768
0.00322122745144782
0.00322115389916178
0.00322099985572777
0.00322075976998804
0.00322043364198521
0.00322002147167666
0.00321952464688025
0.00321893622867719
0.0032182603804074
0.00321749571429564
0.00321663667924099
0.00321568466299027
0.00321463411445677
0.00321348780917674
0.0032122415838387
0.00321089266286378
0.00320944104625198
0.00320788534624228
0.00320622556282046
0.00320445614487141
0.00320258125574924
0.00320059811986084
0.00319850812502409
0.00319630988343533
0.00319400617065924
0.00319159976224626
0.0031890906582106
0.00318648718521786
0.00318378934326802
0.00318100268347621
0.00317813692029745
0.00317519621705742
0.00317219028822535
0.00316913162379251
0.00316602438709879
0.00316288800705422
0.00315973497366429
0.00315657361360877
0.00315342613133396
0.00315030501684532
0.00314723247463178
0.00314422238245982
0.00314129139367481
0.00313846310051247
0.00313575415633238
0.00313318676559504
0.00313077341829171
0.00312853770667232
0.00312649212075655
0.00312465331386136
0.00312303793936053
0.00312167791615536
0.00312055936646516
0.00311969478028118
0.00311908554539286
0.00311873860070477
0.0031186497828628
0.00311881909186695
0.00311924097661631
0.00311990711043109
0.00312079251330033
0.00312189718520983
0.00312320724837889
0.00312470327389747
0.00312636999622384
0.00312818243530444
0.00313011977448241
0.00313216397262295
0.00313428866193988
0.00313647163795849
0.00313869485957241
0.00314093195896703
0.00314316905836165
0.00314538672884623
0.00314756415376394
0.00314969161863132
0.003151751082342
0.00315373421821619
0.00315563131181307
0.00315743264866342
0.00315913545323099
0.00316073417438645
0.00316222464880411
0.00316361103979546
0.00316488918406321
0.00316606324490465
0.00316713738568808
0.00316811299416031
0.00316899700925433
0.00316979359426739
0.00317050968811827
0.0031711508419221
0.00317172399455501
0.00317223608492156
0.00317269405192633
0.00317310067110554
0.0031734684324789
0.00317379733604639
0.00317409709626304
0.00317437048869351
0.00317462306442451
0.00317485898682435
0.00317508380697973
0.00317529613712964
0.00317550014061396
0.00317569859298317
0.00317588871867258
0.00317607329324687
0.00317624815338036
0.00317641191126938
0.00317656317916715
0.0031766964059301
0.00317680742823256
0.00317689069495941
0.00317693649165562
0.00317693926720608
0.00317688653161952
0.00317677273375239
0.0031765839958382
0.00317630782787148
0.00317593173981834
0.00317544185391228
0.00317482290456894
0.00317406240179707
0.00317314230446186
0.00317204595923215
0.00317076087607404
0.00316927178944582
0.00316756482155256
0.00316562331903469
0.00316344173079131
0.00316100756680271
0.00315831388819277
0.00315535653160737
0.00315213827262539
0.00314865772344319
0.00314492737408045
0.00314096110231787
0.00313677417373981
0.00313239018056777
0.00312784104173147
0.0031231628394579
0.00311839581934237
0.00311358439030585
0.00310878267572434
0.00310404618674909
0.00309943182230654
0.00309500064466306
0.00309081232829556
0.00308693348659972
0.00308341963072678
0.00308031516959772
0.00307768810436926
0.00307557868062247
0.00307402853172789
0.00307306680102215
0.00307271708076939
0.00307299463652555
0.00307390224385529
0.00307544267829485
0.00307759928652729
0.00308035957851871
0.00308369718648294
0.00308758019151867
0.00309197251135629
0.00309683112486425
0.00310210745979589
0.00310775433165134
0.00311371067817845
0.003119920988226
0.00312632836285331
0.00313288422981373
0.00313951781238586
0.00314616527275291
0.00315275444640406
0.0031592534144238
0.00316560805346455
0.00317177395459112
0.00317771364777286
0.00318338827520392
0.00318877702021325
0.00319385073943579
0.00319859555509083
0.0032029948138188
0.00320704574008346
0.00321074000719079
0.00321408455405958
0.0032170793806614
0.0032197300381398
0.0032220476286966
0.00322404186681524
0.00322572801802323
0.00322711718459345
0.00322821908093829
0.00322905036043153
0.00322962628862911
0.00322995657997183
0.00323005511226881
0.00322993298773611
0.00322959992082872
0.0032290670137769
0.00322833842992054
0.00322742527147568
0.00322633170179643
0.00322505772088277
0.00322361304316132
0.00322199072977014
0.00322019771958537
0.00321822846149189
0.00321608156772868
0.00321375287492742
0.00321123960755187
0.00320853343893646
0.00320562465461194
0.00320251186680309
0.00319918119772922
0.00319562709627519
0.00319183846019655
0.0031878055750667
0.00318352011419165
0.00317897652645627
0.00317416093409406
0.00316907611264128
0.00316370540875255
0.00315805159800675
0.00315211190482501
0.00314589188032244
0.0031393887489628
0.00313261361294792
0.00312557757453646
0.0031182889603798
0.00311077275050309
0.00310304282268703
0.003095124156971
0.00308704173335173
0.00307882885851996
0.00307049941028481
0.00306209224642373
0.00305362679586096
0.00304512803860746
0.00303661540357325
0.00302809721740971
0.00301958180681083
0.00301105806954638
0.00300250935225677
0.00299390234825125
0.00298519542418774
0.00297631641554119
0.0029671959333939
0.00295772295544339
0.00294778368380832
0.00293723101395926
0.00292589841244251
0.00291359436576499
0.00290008850267043
0.00288512547186315
0.00286840828866275
0.0028496011106256
0.00282831535969308
0.00280410694664113
0.00277649014890358
0.00274488765050762
0.0027086832776746
0.0026672053454746
0.00261973220894163
0.00256552001864918
0.00250386378297662
0.00243414732814529
0.00235595987163606
0.00226925700452796
0.00217459938944842
0.00207354688974704
0.00196898053417272
0.00186545778824154
0.0017690238163226
0.00168610125861335
0.00162119762059376
0.00157412416434966
0.00153873025432461
0.00150554568811856
0.00146777590082081
0.00142642009315352
0.00138984379560725
0.00136834432673538
0.00136855526911006
0.00139130373888463
0.00143282608000561
0.00148733803051471
0.00154909418625948
0.00161343716165163
0.00167688640750896
0.00173677738857236
0.00179056214300033
0.00183477677495603
0.00186388127154657
0.00186862192386172
0.00183418835675297
0.001738609256563
0.00155285229119784
0.00124483201524583
0.000790623122526313
0.000193739468912213
-0.000492583751565689
-0.00115641385356469
-0.0016512125000645
-0.00185573778566095
-0.00174098513383569
-0.00139701583634633
-0.000986899451049794
-0.000655919762948542
-0.000469857486251612
-0.000419264623019444
-0.0004632294547946
-0.000570576919045607
-0.000738065164540558
-0.000984945458526454
-0.00132884814263434
-0.00175149894587889
-0.00217170725846927
-0.00245254927477845
-0.00245732323378434
-0.00212583284309176
-0.00151217927069069
-0.000756528173440074
-1.72528658026749e-05
0.000589528426075958
0.001013689132634
0.00125792709582129
0.00134842137455848
0.00130933042186143
0.00114832587883029
0.000853028758740493
0.000397137878138665
-0.00024044100044307
-0.00104038999637623
-0.00190423232737658
-0.00265747424066376
-0.00314772652387774
-0.00338229444452054
-0.00351473294912807
-0.00368591823729503
-0.00395997679092375
-0.00435409486243543
-0.00486521933851236
-0.0055158100309427
-0.00636877217630172
-0.00734583505135333
-0.00772546471239366
-0.00601469984928826
-0.00264809285610568
-0.00172395431263794
-0.00343797212920549
-0.00506362729524312
-0.00589629456371199
-0.00617211837194986
-0.00621207529860612
-0.00626769747213984
-0.00645095088458447
-0.00668872734976844
-0.00672419897540522
-0.00635764774159497
-0.00576856340472887
-0.00513713516170355
-0.00443733938482183
-0.00381885634226364
-0.00345430350989773
-0.00333986172051937
-0.00333890692871819
-0.00344564377030565
-0.00382822662459148
-0.00437057057212087
-0.00476776396141076
-0.00477582418056954
-0.00444586589765095
-0.00437141434161958
-0.00532860422453041
-0.00761359864043243
-0.0107165387674968
-0.0130656818697616
-0.0128843380409194
-0.0125267352046876
-0.0138978162311787
-0.0142873934905197
-0.0137505784536529
-0.012995138298777
-0.0120656373781003
-0.0111294085058944
-0.0105017772256133
-0.0101737951396785
-0.00997892879439632
-0.00982522951886722
-0.0096840091501349
-0.0095646379705272
-0.00952260492681489
-0.00968787272626059
-0.0103046016164399
-0.01171982511039
-0.014095435929562
-0.0169687819351338
-0.0240972131138051
-0.0482087481046278
-0.0679929446079086
-0.0615570039386171
-0.0516908293946017
-0.059032245758317
-0.073654904397813
-0.0732039096007497
-0.0640152819642026
-0.057314464285696
-0.0421776391590356
-0.0245499398587867
-0.0158449253717663
-0.0138848044173301
-0.0135622402197555
-0.0133764999077357
-0.0131136435044255
-0.0122028831484045
-0.00994100357587513
-0.00696862567650669
-0.00563968871603038
-0.00706570357777991
-0.00999895721776056
-0.012971423934971
-0.0152543977449682
-0.0161696434020087
-0.014997181274623
-0.0143623557491424
-0.0201569205771079
-0.0313697956499936
-0.0424936974496859
-0.0465044891484467
-0.0357046170407216
-0.016602652586073
-0.00646929176895128
-0.0114806608664253
-0.0169803282545899
-0.0125751076218705
-0.00469511096667929
0.00163573599110123
0.00587215831515664
0.00789445175897185
0.00804112332275508
0.00721928072877631
0.00587500048609968
0.00399655863958515
0.00179483095053001
-1.46216372343133e-05
-0.00104958264302013
-0.00170413683164838
-0.00245387044017775
-0.003336508846985
-0.00399209554302615
-0.00401942923389242
-0.00332482930076594
-0.00212977413482918
-0.000729738491855869
0.00064538374644485
0.00172972747236599
0.00196910265870542
0.000454503101821047
-0.00329449800773318
-0.00782984788116892
-0.0100378927392342
-0.00853572768022559
-0.00490942841935293
-0.00133526523171668
0.000940525435311201
0.00192559301837036
0.00220348184143404
0.0022647772546236
0.00233475461186572
0.00246414000315553
0.0026422641852264
0.00286080048539361
0.00313487014125258
0.00349617002015634
0.00396963573123799
0.00455465665183397
0.00523157073217817
0.00598139315854951
0.00677062850229504
0.00746639416959738
0.0077395645448064
0.00714081016539581
0.00546389600231123
0.00308777448054798
0.000801736455002811
-0.000776101405364216
-0.0015343837311832
-0.00171439529239592
-0.0016048828932469
-0.00137508893160998
-0.00105325748123164
-0.000566613422847695
0.000196886951187025
0.00127401422744811
0.00240495401371277
0.00289395174490892
0.00216553441845235
0.000686450896125734
-0.000469868588481859
-0.000784128317832256
-0.00041133763062362
0.000293143287422026
0.00105756514656719
0.00174147363196653
0.00229685714892014
0.0027225111054463
0.00303331249007499
0.00324392734896151
0.00336222716335044
0.00338883365813558
0.00332182614748433
0.00316579540360351
0.00294114732568573
0.00268652322610308
0.00244970155272028
0.00227139973496548
0.00217237894339917
0.00215088502564242
0.00218887130642997
0.00226167973238489
0.00234573471757926
0.00242280084883362
0.00248106535316595
0.00251441090171056
0.00252149967572279
0.00250532927736913
0.00247414866372253
0.00244337328147992
0.00243731146376547
0.00248668308167055
0.00261440313842343
0.00280356848847418
0.00295828916918595
0.00290057977636593
0.00245247711028185
0.00157276414114449
0.000420080636942544
-0.000730510096857984
-0.00163002389363953
-0.00213207784760527
-0.00217221240994547
-0.00172913905416294
-0.000851735348916804
0.000307620595663138
0.00153951851267209
0.00266179300822955
0.00356794593869836
0.00422739621086521
0.00466097160867207
0.00491376939137922
0.00503493913228681
0.00506652497733739
0.00503924679762235
0.00497265562060534
0.00487718754271782
0.00475668393562501
0.00461090055026148
0.0044377890251468
0.0042357228835499
0.00400587896187687
0.00375433018007243
0.00349345552486113
0.00324192894751718
0.00302259883788736
0.00285827472801259
0.00276665912402052
0.00275626188539491
0.00282504020177043
0.00296189739401598
0.00314986370320014
0.00336947136858612
0.00360171337199233
0.00383033049722314
0.0040431880066194
0.0042327474858439
0.00439563385690178
0.00453165838187886
0.00464278615552871
0.00473208139339931
0.00480303019578798
0.00485901319180471
0.00490308904588233
0.00493778906651698
0.00496515883962445
0.00498673879967271
0.00500361141408234
0.00501647057227217
0.00502563823889091
0.00503114494509305
0.00503271313512244
0.00502982377969374
0.00502173580495935
0.0050074999702332
0.00498602825693695
0.00495614660422916
0.00491666429790882
0.00486650997277138
0.00480482875708788
0.00473117378606958
0.00464566718427761
0.00454917492564277
0.00444349002037825
0.00433140745492722
0.00421675749872463
0.00410426415075449
0.00399923982818962
0.00390710519492643
0.00383278409010757
0.0037801040075891
0.00375134923125131
0.00374710817929724
0.00376649822442232
0.00380752651629734
0.00386749798852293
0.00394324295437798
0.0040311864957232
0.00412736789189694
0.00422757107098448
0.00432754665435198
0.00442340886141324
0.00451193249428172
0.00459081384018134
0.00465872063148254
0.00471527539235694
0.00476086392531272
0.0047964715532629
0.00482341666607056
0.00484318696258867
0.0048572729172065
0.00486705675761812
0.00487374307577682
0.00487833384798364
0.00488160900590628
0.00488417084554271
0.0048864384760634
0.00488870055548318
0.00489113194390711
0.00489383256140741
0.0048968301635739
0.0049001303015217
0.00490370244409633
0.00490750218240521
0.00491147678083337
0.00491557905490936
0.00491975904459707
0.00492397234097552
0.00492817731067419
0.00493235452481144
0.00493648455446305
0.00494055907296342
0.00494458085586302
0.00494856378097097
0.00495253560383446
0.00495652408005753
0.00496055974075205
0.00496467034149362
0.00496887253564182
0.00497315799651687
0.00497751007077341
0.00498187047170973
0.00498616981036548
0.00499033037115737
0.00499427166289479
0.00499793817442651
0.00500129104796088
0.00500433305904835
0.00500710306549479
0.00500963437399093
0.00501199082236781
0.00501423069731288
0.0050163956322109
0.0050185328115333
0.00502068941976574
0.0050229015391352
0.00502520802747597
0.0050276394158999
0.00503023733777752
0.00503301289533908
0.00503597719081483
0.00503913022420477
0.00504245256659885
0.00504590536020544
0.00504945252276912
0.00505304409425378
0.00505662456350819
0.00506014674606092
0.00506355513074652
0.00506681918643892
0.00506988062642222
0.00507273112404505
0.00507533737258825
0.00507768271873488
0.00507976716245651
0.00508157405043619
0.00508310893376063
0.00508437736357337
0.00508537656429553
0.00508610653592712
0.00508658115627725
0.00508680597643263
0.00508676989419143
0.00508648678732015
0.00508595388026833
0.00508516284635618
0.00508411646116258
0.00508279529576328
0.00508118824792803
0.00507928143989034
0.0050770526671613
0.00507447417419371
0.00507151542983308
0.00506813757627356
0.00506429898017302
0.00505994135480137
0.00505502029123761
0.00504948027834473
0.00504325747829171
0.00503627139991636
0.00502846375648858
0.00501975960797552
0.00501010066766128
0.00499941477104926
0.00498768248924364
0.00497489827111508
0.00496108154557362
0.00494632113046123
0.00493075857920644
0.00491461871199306
0.0048982096156891
0.00488195872615904
0.00486638784823867
0.00485213536016715
0.00483993400912652
0.00483057205346427
0.00482484607822187
0.00482347217722179
0.0048270026864401
0.00483569573272291
0.0048494236404224
0.00486758688910527
0.00488909468465692
0.00491244545041525
0.00493586838068438
0.00495755381190577
0.00497590857406749
0.00498976693296527
0.00499850993928419
0.00500208763298815
0.00500090802101738
0.00499567609502094
0.00498721342000863
0.00497630547879169
0.00496360452738998
0.00494957408392338
0.0049344806019036
0.0049184351036331
0.00490142648689584
0.00488337426051544
0.00486415907552384
0.00484365325625902
0.00482176798487899
0.00479843942358116
0.00477365091899173
0.00474744410449546
0.0047199077979343
0.00469118077717212
0.00466147953569873
0.00463107885373404
0.00460033955373262
0.00456971960271346
0.00453982407222497
0.00451139403611478
0.00448535653063686
0.00446285786104283
0.00444523029496224
0.00443398096017233
0.00443073078226064
0.00443702852237493
0.00445410930360879
0.00448257542196018
0.00452197723710412
0.00457039961432315
0.00462424820656793
0.00467828276117643
0.00472617778245876
0.00476156891693336
0.00477941020093908
0.0047772064082352
0.00475571526602891
0.00471881422825504
0.00467260674597014
0.00462419824653182
0.00458056370611359
0.00454787041358884
0.00453126425270511
0.00453514448217618
0.00456354121158142
0.00462058169503621
0.00471070404906015
0.00483861284372722
0.00500883223786275
0.00522478171838259
0.0054874604860089
0.00579390702081639
0.00613575579232872
0.00649830744769986
0.00686061207844091
0.00719667381243028
0.00747779060894516
0.00767574892535094
0.0077663764308511
0.00773301422896111
0.00756961993086236
0.00728287152806217
0.00689269197273745
0.00643049224979109
0.00593491644717403
0.00544578826477959
0.00499779662099797
0.00461577442933958
0.00431281954593032
0.00409121070354956
0.00394518584467107
0.00386430609732713
0.00383633957933682
0.00384927367757371
0.00389235865760895
0.00395651289508692
0.00403430067130728
0.00411972123082194
0.00420802837020062
0.00429548063785035
0.00437921365836758
0.00445711800800552
0.00452768933456582
0.0045899506417868
0.00464330240923516
0.0046874060188884
0.00472206163060207
0.00474710271092249
0.00476229611301449
0.00476726991216481
0.00476150230355188
0.00474428274443994
0.00471481187425127
0.00467226257683251
0.00461597982059914
0.00454567494756475
0.00446173653578796
0.00436543023951685
0.00425919299829047
0.00414668299697496
0.00403263533677034
0.00392259558168462
0.00382227582917949
0.00373684971854971
0.00367019192815121
0.00362426200162247
0.00359878793432244
0.00359118290660376
0.00359686169737472
0.00360964591550328
0.00362224139571765
0.00362657681662881
0.00361388141634222
0.00357430196551434
0.00349587581105482
0.00336254357691246
0.00315084069946181
0.00282532885975684
0.00233623120848847
0.0016322720952644
0.000709488023886706
-0.000339128725102
-0.00137676536837716
-0.00231392682792375
-0.00307607272986843
-0.0035059066760823
-0.0034315661423534
-0.00309731129632951
-0.00332236460565127
-0.00450476322910731
-0.0060655258593556
-0.00726750881696603
-0.00782848230684863
-0.00791754439788406
-0.00784918796625789
-0.00723061610585773
-0.00293159940767396
0.0104649955368075
0.0204821937188626
0.010434408892479
0.000145683465291313
-0.00329658522701948
-0.00420199430806178
-0.0051045723203913
-0.00720616899485549
-0.0102938879642522
-0.0118699494677799
-0.0105568220831742
-0.0069579231265493
-0.00317461612553416
-0.00121180843137836
-0.000915667541789844
-0.00143567380206377
-0.00239157582626603
-0.00399968946851459
-0.00689683865573443
-0.0112721609824007
-0.014964673944462
-0.0148402623523225
-0.0122531096380385
-0.0106147535205992
-0.0103903552428619
-0.00926991816641021
-0.00352418094706763
0.0103025366016141
0.0222684537476425
0.011211986894466
-0.00114723786026616
-0.00763369367717814
-0.0128819399591862
-0.0179302350744592
-0.0187060367196068
-0.0114810383422537
-0.00953350731691671
-0.0157587276561344
-0.0177540648849117
-0.0175238712429859
-0.0171184177943928
-0.0166796354506005
-0.0172557301780785
-0.0222767360114062
-0.0310629078015268
-0.0320399484721179
-0.0222498242052893
-0.0128476784766463
-0.0137368116881476
-0.028876390167909
-0.0449440928917966
-0.0305398373257049
-0.0140857769892477
-0.0131180621920635
-0.0136663569350048
-0.015724443969134
-0.0201593408633016
-0.0263209898321293
-0.0226586749363378
-0.0126884058815335
-0.0101535668761699
-0.0138237199465152
-0.0168928870891705
-0.0187257764849846
-0.0203504546547606
-0.0209088302227656
-0.0173567826777798
-0.00798403565482886
0.00266817679062115
0.00553557200078103
0.00116089360346905
-0.00450535164731036
-0.00807702793537146
-0.00886637430141946
-0.00868864979963746
-0.00900430840999888
-0.00982589565268199
-0.010871459288353
-0.0123973498133978
-0.0139464439996573
-0.021578405728917
-0.0238577158029329
-0.0205469641301192
-0.0190117255272071
-0.0190707893921171
-0.0215115480983741
-0.0224291252237663
-0.0153340007358338
-0.00474738026667865
0.00302087244108407
0.00494697616204576
0.00164230851140701
-0.00914797126938538
-0.0209501527237421
-0.0199239957865416
-0.0190438331770793
-0.0396760624354897
-0.0607260908225271
-0.0572012881505657
-0.0413024503487236
-0.0263977950609728
-0.0235267361148317
-0.0221135998401678
-0.0186068715990473
-0.0158186130860827
-0.0140790934466395
-0.0129297017537056
-0.0121418208820501
-0.0118773213486634
-0.012513856617602
-0.0139763312034802
-0.0152282630949685
-0.0155013113456448
-0.0155120805089837
-0.0164708469085895
-0.0193800531178567
-0.0258477461656526
-0.038962877368931
-0.0590007598333386
-0.0650109077682259
-0.0326623617041832
0.0041667114203392
0.0278732814606997
0.030441738019249
0.0135896849329242
0.000547917267113007
-0.0039036995858055
-0.00646027675799132
-0.0116634479851996
-0.0170743641447757
-0.0176747505520325
-0.0132872379765558
-0.00813844547309373
-0.00530187005409744
-0.00406643607675505
-0.00321616067111563
-0.00234777752794457
-0.00151085810529139
-0.000835576052793385
-0.000382249787378441
-0.000110023101740353
0.000102262642798223
0.000388000742646
0.000813760170359501
0.00137817535161844
0.00205556682786323
0.00278529421748885
0.00347551987189831
0.00405041555850971
0.00446417347532702
0.00469706495920263
0.00480308015582409
0.00503358466019677
0.00590925086640937
0.00779235564962732
0.00977190550699447
0.00937153687985415
0.00449333903418392
-0.00402767819096539
-0.0116416765116867
-0.0139902200935182
-0.0116320508780632
-0.00776843034344665
-0.00442885728091369
-0.0020809798328969
-0.000532529575991703
0.000500310903817081
0.00121501697591953
0.00171527236858537
0.00205139238929064
0.00226046958928805
0.00238685737841138
0.00247900588945527
0.00257506238554583
0.00269398947594368
0.00283776335763264
0.0029994451367088
0.00317026405127763
0.00334344774088891
0.00351502160711448
0.00368315378196371
0.00384718923385208
0.00400685040702342
0.00416165990557715
0.00431077396001456
0.00445307124508076
0.00458729165764282
0.00471235273025172
0.00482740514229363
0.00493198815121332
0.00502604624585956
0.00510979036860704
0.0051837145687017
0.00524839616211636
0.00530446797597506
0.00535258504186231
0.00539332467575093
0.00542720313134737
0.0054546478445161
0.00547594747324354
0.00549135181771021
0.0055009274912976
0.00550468004512084
0.0055024873546472
0.0054941329263869
0.00547929479566278
0.00545758993553136
0.00542854095009204
0.00539165934121399
0.00534645661076638
0.00529251087399984
0.0052295612285036
0.00515761877650789
0.0050771109538772
0.00498910357471516
0.00489549512039389
0.00479927209084963
0.00470469219138181
0.0046174120083009
0.00454442039554692
0.00449363324328544
0.00447314407736599
0.00449007497849152
0.00454917215009232
0.00465134042393345
0.00479264405939261
0.00496410690331572
0.00515253950617023
0.00534249311456847
0.0055188575931453
0.00566944269309033
0.00578684877794444
0.00586909409960867
0.00591890425560848
0.00594223559247098
0.0059465377066914
0.00593939897264306
0.00592782489761134
0.00591788840154095
0.00591469095923003
0.00592229598694871
0.00594367888240299
0.00598057159351129
0.00603345151617418
0.00610154149427444
0.00618295414867021
0.00627497498406626
0.00637435659811558
0.00647762954386621
0.00658142984555354
0.00668268773651448
0.00677877753929579
0.00686761203461117
0.0069476618902371
0.00701789459877489
0.00707773561980218
0.00712703229766021
0.00716596226801869
0.00719498072231772
0.00721476767218121
0.0072261918671046
0.00723023863002936
0.00722799597951962
0.00722058246526558
0.00720913329033124
0.00719475590216234
0.00717846615482642
0.00716119108456326
0.00714373560306569
0.00712673531299401
0.00711070369251843
0.00709599601300681
0.00708283154348521
0.00707130465293915
0.00706141256578974
0.0070530886686555
0.00704618863255746
0.00704055425070749
0.00703599123407628
0.00703232194697989
0.00702936597818393
0.00702695401865583
0.00702494729054592
0.00702323199597288
0.0070217137659796
0.00702030655830299
0.00701896596399365
0.00701765034970947
0.00701633473542529
0.00701502189670578
0.00701368962907623
0.00701236013699713
0.0070110334204827
0.00700973445954389
0.00700846880529582
0.00700725311108386
0.00700610680581804
0.0070050409917144
0.00700406399545273
0.00700319247037839
0.00700243751872165
0.00700180191603295
0.00700129121344162
0.00700091096206279
0.00700065838631758
0.00700053348623442
0.00700053348623442
0.00700066116188225
0.00700091096206279
0.00700128011121137
0.0070017547315615
0.00700232927196964
0.00700299540578442
0.00700375868412095
0.00700461078028525
0.00700553781651081
0.00700654534391276
0.00700761948468198
0.00700875746328222
0.00700995372859836
0.00701121105616664
0.00701251556822058
0.00701387004031062
0.00701526614577119
0.00701669833347296
0.00701817493009571
0.0070196848334092
0.00702123637007901
0.0070228184378891
0.00702443936350505
0.00702609914692687
0.00702779778815454
0.00702953806275275
0.00703131719514261
0.00703314351201811
0.00703501423781461
0.00703693769921188
0.00703891112063104
0.00704094005321565
0.00704302727250194
0.00704517000293947
0.00704737102007869
0.00704963309949846
0.00705195901673505
0.00705434322067333
0.00705678571132751
0.00705928093758246
0.00706182334830885
0.00706440739239156
0.00706702474317922
0.00706965874729804
0.00707229552698152
0.00707491565331964
0.00707750524853168
0.00708002267923291
0.00708245684322151
0.0070847605559976
0.00708690606198559
0.0070888545033938
0.0070905586957366
0.00709197978120812
0.00709307612645205
0.00709380609808363
0.00709413916499102
0.0070940392449188
0.00709350356231653
0.00709252101493973
0.00709112213392871
0.00708934855263976
0.00708727521114838
0.0070850131317286
0.00708271219451717
0.00708056391296452
0.00707878755612512
0.00707765790419046
0.00707748026850652
0.00707858216486557
0.00708130776239102
0.00708601233245076
0.00709303449308152
0.00710268510673018
0.00711523062690844
0.00713087366932541
0.00714974190962891
0.00717185755227945
0.00719714843278041
0.00722544246656298
0.00725644266896097
0.00728974103303415
0.00732482685616276
0.00736110339349239
0.00739787120451751
0.00743438921534789
0.00746983308540905
0.00750339235189301
0.00753422879640198
0.00756154860947333
0.00758461071725947
0.0076027323325718
0.00761534724169621
0.00762197527315323
0.00762228613560012
0.00761603002885636
0.00760309593061947
0.00758345608531386
0.00755718820855122
