0.264134943898704,0.306710618682928,0.646512287371626
0.264325379361561,0.306708088972853,0.646468725428079
0.264896248444911,0.30670051636937,0.646338567627467
0.265846237010172,0.306687950347405,0.646123392152258
0.267173148096497,0.306670473014525,0.645825809516417
0.268873890173597,0.306648198638708,0.64544943344307
0.270944463425665,0.306621273012759,0.644998839854468
0.2733799413441,0.306589872747675,0.644479514968263
0.276174451472369,0.306554204510051,0.643897792152578
0.279321153666175,0.306514504293923,0.643260778528738
0.282812218565913,0.306471036758588,0.642576271498031
0.286638806414683,0.306424094688078,0.641852666061461
0.290791048461351,0.306373998585905,0.641098853520263
0.295258031991777,0.306321096413064,0.640324112560371
0.300027789888601,0.306265763453001,0.639537993893845
0.305087296823158,0.306208402244521,0.638750199577203
0.310422473500045,0.306149442503727,0.637970458435409
0.316018199275593,0.306089340940789,0.637208399327572
0.321858335361142,0.306028580832308,0.636473423825696
0.327925758899551,0.30596767121414,0.63577458029346
0.334202408323282,0.305907145546861,0.635120441372684
0.340669340839221,0.30584755970046,0.634518986866158
0.347306801463495,0.305789489128614,0.633977494150721
0.354094303311753,0.30573352512017,0.633502438121635
0.361010718848627,0.305680270049407,0.633099402553313
0.368034380365239,0.305630331603965,0.632773004679354
0.375143188831506,0.305584316016671,0.632526834469698
0.382314729074113,0.305542820399605,0.632363409863475
0.389526389607751,0.305506424340678,0.632284148843687
0.396755485092292,0.30547568098854,0.632289358889405
0.403979379268665,0.305451107906503,0.632378243950143
0.411175606225079,0.305433178016179,0.632548928686482
0.418321987848345,0.305422310972698,0.632798499327054
0.425396746055274,0.305418865312621,0.633123060150233
0.432378607469062,0.305423131697002,0.633517804245572
0.439246899680213,0.305435327528189,0.633977096965422
0.445981637788619,0.305455593164195,0.634494570244679
0.452563600268526,0.305483989884721,0.635063225795576
0.458974394067446,0.305520499690422,0.635675545132225
0.46519650838197,0.305565026940011,0.63632360428781
0.471213357552909,0.305617401760268,0.636999191162212
0.477009313349031,0.305677385098015,0.637693923475058
0.482569727325127,0.305744675228379,0.638399365427922
0.487880944092426,0.305818915489052,0.639107141324856
0.492930306640933,0.305899702979778,0.639809044596131
0.497706154739628,0.305986597943158,0.640497140835215
0.502197817705789,0.306079133535943,0.641163863685134
0.506395602820687,0.30617682570126,0.641802102609494
0.510290780683244,0.306279182863392,0.642405281784152
0.513875568697097,0.306385715182744,0.642967429522412
0.517143113768214,0.306495943127446,0.643483237807278
0.520087475389169,0.306609405145346,0.64394811168517
0.522703609808559,0.306725664228048,0.644358208348919
0.52498735607239,0.306844313175707,0.644710465883241
0.526935424570798,0.30696497837717,0.645002621737926
0.52854538827869,0.307087321898617,0.645233221027066
0.529815677106077,0.307211041677382,0.645401614878969
0.530745575248451,0.307335869577976,0.645507949062872
0.531335221479708,0.307461567058166,0.645553143204365
0.531585612149095,0.307587918194785,0.645538860944095
0.531498606413775,0.307714719837511,0.645467471435853
0.531076933248559,0.30784176876395,0.645342002652121
0.53032419956336,0.307968845901733,0.64516608700272
0.529244898693319,0.308095697969522,0.64494389985106
0.527844418499169,0.30822201735288,0.64468009158321
0.526129048140726,0.308347421602689,0.644379713945261
0.524105982745248,0.308471434549438,0.644048141489003
0.521783324999519,0.308593471581808,0.64369098902169
0.519170082873553,0.308712831856243,0.643314026082921
0.516276162759933,0.308828699917808,0.642923089563879
0.513112357039151,0.30894015826908,0.642523995619458
0.509690325704399,0.309046210829102,0.642122452167199
0.506022571155968,0.309145815381645,0.641723973222578
0.502122405905523,0.309237921431448,0.641333796409386
0.498003912675048,0.309321508970446,0.640956804931296
0.493681896578725,0.309395623740116,0.640597455283892
0.48917182955473,0.309459405608915,0.64025971197598
0.484489787385429,0.309512108289616,0.639946990455981
0.479652379668004,0.309553110277857,0.639662109334668
0.474676673667545,0.30958191817579,0.639407252898701
0.469580113480837,0.309598164289728,0.639183944749532
0.464380435135375,0.309601600572264,0.6389930331475
0.459095579503129,0.309592090748569,0.63883468847484
0.453743604036107,0.309569602043277,0.638708412931153
0.448342595030474,0.309534197444946,0.638613062344674
0.442910581658763,0.309486029023037,0.638546879703959
0.437465452686441,0.309425332483672,0.638507539770949
0.43202487735511,0.309352422938593,0.638492203919886
0.426606230634864,0.309267691727595,0.638497584132285
0.421226524132056,0.309171604095267,0.638520014919011
0.415902342395115,0.309064697503133,0.638555531793985
0.410649785535263,0.308947580405977,0.638599954819311
0.405484417693297,0.308820931347132,0.63864897566893
0.400421221634646,0.308685498295422,0.638698246614005
0.395474559045853,0.308542098188891,0.638743469826246
0.390658136455639,0.308391616712316,0.638780485412558
0.385984975929055,0.308235008362549,0.638805356649573
0.38146739018789,0.308073296909986,0.638814450953223
0.377116961740473,0.307907576401163,0.638804515216152
0.372944525075429,0.307739012856348,0.638772744263157
0.368960151387817,0.307568846843958,0.63871684130028
0.365173135262597,0.307398397109672,0.63863506937751
0.361591982683353,0.307229065325732,0.63852629304155
0.358224399905204,0.307062342300066,0.638390009497218
0.355077282669676,0.306899815086181,0.63822636879448
0.352156705559696,0.306743174803636,0.638036182703536
0.349467911197767,0.306594224075236,0.63782092212363
0.347015299272829,0.306454882195171,0.637582703050217
0.344802415468977,0.30632718490032,0.637324261297714
0.342831940701656,0.306213274033631,0.637048916362001
0.341105681146844,0.306115370666134,0.636760524958113
0.339624559966442,0.306035724026313,0.636463424927229
0.33838861191715,0.305976529015714,0.636162370327509
0.337396982107932,0.305939808363939,0.635862458626723
0.336647930286882,0.305927263889855,0.635569050938022
0.336138841315432,0.305940112639341,0.635287686339998
0.335866241606027,0.305978936291295,0.635023991391705
0.335825820105905,0.306043578518022,0.634783586123722
0.336012451627912,0.306133119223869,0.6345719880265
0.336420220469651,0.306245936021857,0.634394515769927
0.337042443463335,0.306379839198834,0.634256194524339
0.337871693316027,0.306532248114176,0.634161664705968
0.33889982395761,0.306700372035219,0.634115095846906
0.340118000762686,0.306881366562193,0.634120106976892
0.341516737304686,0.307072450782375,0.634179694797979
0.343085939693522,0.307270983476937,0.634296170739181
0.344814958602761,0.307474504892007,0.634471107873666
0.346692648284261,0.307680753651323,0.634705298570547
0.348707431817784,0.307887667839942,0.63499872361788
0.350847370948665,0.308093377485945,0.635350533417096
0.353100239505329,0.308296193141905,0.635759041637666
0.355453598912992,0.308494593429923,0.636221731514133
0.357894874545639,0.30868721302763,0.63673527476319
0.360411431515026,0.308872831682637,0.637295562840518
0.362990648720568,0.309050364364138,0.637897750066261
0.365619989868781,0.309218852404184,0.638536307897481
0.368287070482911,0.309377455410348,0.639205089479213
0.370979719876898,0.309525443717207,0.639897403399803
0.373686037278251,0.309662191190864,0.640606095448702
0.376394441498994,0.309787168260698,0.641323637081428
0.37909371382354,0.30989993511433,0.642042219250422
0.381773033716141,0.310000135032112,0.642753850157902
0.384422007437001,0.310087487895305,0.643450455566451
0.387030689641867,0.310161783924558,0.644123980289544
0.389589598261961,0.310222877731134,0.644766489573092
0.392089723053801,0.310270682777385,0.645370269178914
0.394522528314757,0.310305166355519,0.645927923136681
0.39687995052039,0.310326345208675,0.646432468379103
0.39915439245399,0.310334281932231,0.646877425870691
0.401338719921002,0.310329082259024,0.647256908752567
0.403426275794876,0.310310892991639,0.647565708365995
0.40541093949267,0.310279899264655,0.647799376565906
0.407287215398568,0.310236318955915,0.647954289357211
0.409050227539368,0.31018039583991,0.648027672845392
0.410695590664817,0.310112397094297,0.648017611090518
0.41221931421826,0.310032615059851,0.647923068007558
0.413617791604378,0.30994136958094,0.64774391773187
0.414887825690204,0.309839009799113,0.647480968130266
0.416026659360859,0.309725915732448,0.64713597205946
0.417032004356593,0.30960249997734,0.646711625992439
0.417902068734056,0.30946920971681,0.646211556543313
0.418635584322687,0.309326529100275,0.645640295201938
0.419231834638588,0.309174982061573,0.64500324154055
0.419690683353575,0.309015135605107,0.644306614996009
0.420012602798274,0.30884760362178,0.643557395460522
0.420198701789108,0.308673051278137,0.642763252872135
0.420250751733212,0.308492200078918,0.641932466282886
0.420171209932324,0.308305833716363,0.641073832975322
0.419963238921136,0.308114804867922,0.640196568399456
0.419630720717503,0.307920043106078,0.63931019792947
0.419178264709112,0.307722564498159,0.638424441655876
0.418611208415439,0.307523482963232,0.637549093640405
0.417935610145743,0.307324024229793,0.636693897287424
0.417158232952168,0.307125543130935,0.635868418636142
0.416286519503442,0.306929545269431,0.635081919556707
0.41532855777891,0.306737714321377,0.634343232921307
0.414293037811855,0.306551946439497,0.633660641892733
0.413189200069677,0.306374393227161,0.633041765478781
0.41202677643731,0.306207514334116,0.632493452448121
0.410815925212608,0.30605413944241,0.632021685623378
0.409567161925106,0.305917536543909,0.63163149841886
0.408291288196195,0.305801477993693,0.631326905350888
0.406999321088567,0.305710286827226,0.631110848087979
0.405702425119945,0.305648833033291,0.63098515842327
0.404411848068138,0.305622435308803,0.630950539339611
0.403138859328367,0.305636615975695,0.631006564943028
0.401894686136739,0.305696669513148,0.631151699318156
0.40069043971031,0.305807054030425,0.631383333170803
0.399537023285988,0.305970699902099,0.631697835655106
0.398445019865756,0.306188415163464,0.632090617689789
0.397424568520309,0.30645858841283,0.632556203194094
0.396485247030732,0.306777303307639,0.633088306334818
0.39563597961604,0.307138822540962,0.633679915074526
0.394884979012049,0.307536269274242,0.634323382572029
0.394239720154479,0.307962305388314,0.635010527597306
0.393706935366245,0.308409667874037,0.635732743656162
0.393292620461727,0.308871515346083,0.636481114948378
0.393002044623596,0.309341604018839,0.637246536462936
0.392839760947357,0.309814341399857,0.63801983533305
0.392809617215156,0.310284766743797,0.638791890833276
0.392914767583965,0.310748495600684,0.63955375082896
0.393157685990484,0.311201652256214,0.640296742891366
0.393540181733457,0.311640803144571,0.641012578652662
0.394063417268103,0.312062897260946,0.641693450266338
0.394727927861232,0.312465215510336,0.642332118042458
0.395533642525162,0.312845328886918,0.642921988574572
0.396479905582339,0.313201064528253,0.64345718282434
0.397565497869756,0.313530478187215,0.643932593792885
0.398788657304293,0.313831832254355,0.644343933523591
0.400147097949497,0.314103578074883,0.644687769303387
0.401638027291293,0.314344341806463,0.644961549019744
0.403258161563521,0.314552913172459,0.645163615682235
0.405003739282656,0.314728236609175,0.645293211161378
0.406870533198166,0.314869404373525,0.645350469199693
0.408853860895379,0.314975651251891,0.645336397832568
0.410948591649252,0.31504635051253,0.645252851630926
0.413149141950838,0.315081011128284,0.6451024953175
0.415449445967894,0.315079277289761,0.644888762279243
0.417842905827178,0.315040932190638,0.644615810639693
0.420322363976543,0.314965905698276,0.644288472007204
0.422880120028956,0.314854282040631,0.643912185499586
0.425507959124889,0.314706305678342,0.643492919024567
0.428197169135951,0.314522386703299,0.643037083544302
0.430938549456507,0.31430310702546,0.642551443155301
0.433722418971711,0.314049227682921,0.64204302188121
0.436538627934013,0.313761697188127,0.641519007801992
0.439376575725152,0.313441660773799,0.640986655432761
0.442225235594997,0.313090470372136,0.640453187450083
0.445073186695123,0.31270969511363,0.639925697062021
0.447908653833173,0.312301131862559,0.639411052327156
0.450719554456449,0.311866814927646,0.638915803883617
0.453493552629349,0.311409023214406,0.63844609743457
0.456218119117684,0.310930281882556,0.638007592345238
0.458880596246049,0.310433353964402,0.63760538763373
0.461468265860674,0.309921215764059,0.637243956524987
0.463968418684433,0.309397009092496,0.636927090603011
0.466368423356613,0.308863965095583,0.636657854524201
0.468655794076455,0.308325300100842,0.636438552172803
0.470818256976242,0.307784093682832,0.636270705029898
0.472843816494653,0.307243170052154,0.636155043356371
0.474720823319005,0.306705009739543,0.636091510476925
0.476438044784872,0.306171713526391,0.636079279960512
0.477984736709505,0.305645024961854,0.63611678497984
0.479350713751611,0.30512639925179,0.636201758730195
0.480526414658393,0.304617094578078,0.636331284607779
0.481502959300127,0.304118261518994,0.636501854871041
0.48227219571649,0.303631014271917,0.636709436604656
0.482826736873618,0.303156477535209,0.636949543889719
0.483159987787187,0.302695810589974,0.637217315101619
0.48326616417773,0.302250213864864,0.637507594238673
0.483140303926376,0.301820923951451,0.637815015143851
0.482778272540974,0.301409202094129,0.638134087445786
0.482176763710613,0.301016319727508,0.6384592830419
0.48133329591556,0.30064354334754,0.638785121928857
0.480246205935219,0.300292119980742,0.639106256231921
0.478914640042905,0.299963263889599,0.639417551295898
0.477338543600795,0.299658144733244,0.639714162761588
0.475518649710499,0.299377877181588,0.639991608606421
0.473456467593825,0.299123511874312,0.640245835186419
0.471154271216555,0.298896027544545,0.640473276413468
0.468615088697567,0.298696324134253,0.640670905265133
0.465842692962794,0.298525216728817,0.640836276919245
0.4628415939608,0.29838343015393,0.640967562901388
0.459617032625088,0.298271594106119,0.641063575725715
0.456174976774051,0.298190238720983,0.641123783604558
0.452522118766035,0.298139790499283,0.641148314918706
0.448665874780635,0.298120568546903,0.641137952244465
0.444614385347294,0.298132781101062,0.641094115863866
0.440376516545946,0.298176522336638,0.641018836817695
0.435961861245458,0.298251769464659,0.640914719708106
0.431380739612979,0.298358380148112,0.640784895618481
0.42664419813868,0.298496090268969,0.640632965691492
0.421764005963269,0.298664512101374,0.640462936070447
0.416752648116289,0.29886313293214,0.640279145113767
0.411623314025492,0.2990913142136,0.640086183929077
0.406389881160188,0.299348291291944,0.63988881149048
0.401066892311897,0.299633173807385,0.639691865707733
0.395669526273211,0.299944946815558,0.639500171993598
0.390213561003847,0.300282472705951,0.639318450957939
0.384715329049375,0.300644493954745,0.639151226958309
0.379191664751068,0.30102963675171,0.639002739269934
0.373659843340563,0.301436415494872,0.638876857659146
0.368137511850157,0.301863238142895,0.63877700409951
0.36264261289032,0.302308412318183,0.638706082307929
0.357193301327463,0.302770152115024,0.638666416616701
0.351807855294397,0.30324658545815,0.638659701545597
0.346504582754303,0.303735761868639,0.638686963196061
0.341301724928254,0.304235660500653,0.638748533324272
0.336217358353255,0.304744198295307,0.638844036651529
0.331269297372116,0.305259238124291,0.638972391644357
0.326474998363088,0.305778596889372,0.639131824683578
0.321851467831277,0.306300053512042,0.639319897208872
0.317415175431724,0.306821356906858,0.639533545149403
0.313181974021487,0.307340233968376,0.639769129642143
0.30916702677082,0.307854397882297,0.64002249789475
0.305384743148206,0.308361556906068,0.640289052787437
0.301848723955613,0.308859423987975,0.640563829735994
0.298571715949153,0.309345727493048,0.640841579235889
0.295565575958985,0.309818223495546,0.641116853494051
0.292841244595537,0.310274709886938,0.641384095541677
0.290408728842264,0.310713042631329,0.641637729321329
0.288277093018338,0.311131154313778,0.641872249300399
0.28645445724945,0.311527074964613,0.642082308290558
0.284948002214797,0.311898954937454,0.642262802312767
0.283763979001092,0.312245089283116,0.64240895147301
0.282907722654914,0.312563942757356,0.642516375973774
0.282383668093413,0.312854174255939,0.642581166506631
0.282195366999106,0.313114659188389,0.64259994839767
0.282345504574349,0.313344508229049,0.642569938926742
0.282835914751746,0.313543080894279,0.642488997415926
0.283667593184244,0.313709992707981,0.642355667622429
0.284840707288975,0.313845115183477,0.64216921207127
0.28635460286454,0.31394856850853,0.641929637995233
0.288207806982036,0.314020707495877,0.641637714593931
0.290398027123813,0.314062101971862,0.641294981352229
0.292922146579505,0.314073513188549,0.640903747223359
0.295776216185614,0.314055868034748,0.640467080538323
0.298955442712576,0.314010232754411,0.639988789534942
0.302454174213505,0.313937787605859,0.639473393462947
0.306265882774667,0.313839803498637,0.638926084267248
0.310383145213777,0.313717621206841,0.638352678905111
0.314797622497353,0.31357263335197,0.637759562399555
0.319500038712753,0.313406269033318,0.637153621816796
0.32448016074628,0.313219980772274,0.636542171426417
0.329726779880988,0.313015233341963,0.635932869434419
0.335227696886773,0.312793494040358,0.635333626800289
0.340969711780359,0.312556224045602,0.634752508884125
0.346938619955149,0.312304870574208,0.634197630810537
0.353119216310668,0.312040859675255,0.633677047671676
0.359495308487139,0.311765589616713,0.633198640963189
0.366049740627977,0.31148042488351,0.632770002824382
0.37276442847436,0.311186690878132,0.632398319898258
0.379620406702928,0.310885669422009,0.632090258775566
0.38659788872212,0.310578595167867,0.631851855149505
0.393676339059137,0.310266652994119,0.631688408869416
0.400834557926093,0.309950976415908,0.631604387109079
0.408050777375811,0.30963264698581,0.631603337808372
0.415302768083718,0.309312694603105,0.631687815435109
0.422567955072585,0.308992098618311,0.631859320919072
0.429823540972016,0.308671789556407,0.632118257346302
0.437046634467847,0.308352651290177,0.63246390267095
0.444214381823969,0.308035523471874,0.632894400318982
0.451304099012003,0.307721204053675,0.63340676813237
0.458293401951879,0.307410451753218,0.633996925652078
0.465160332449728,0.307103988353821,0.634659739288712
0.471883477269207,0.306802500779253,0.635389084463845
0.478442078745532,0.306506642883322,0.636177923475296
0.484816134715966,0.306217036961235,0.637018397409856
0.490986486609546,0.30593427497162,0.637901930209217
0.496934894684525,0.305658919470606,0.638819342770865
0.502644099853656,0.305391504248565,0.639760974841409
0.508097871942345,0.30513253464416,0.640716812406476
0.513281044658625,0.304882487489242,0.641676618306771
0.518179537687861,0.304641810631229,0.642630063847783
0.522780366984044,0.304410921950996,0.643566859360535
0.527071644222856,0.304190207807382,0.64447688177566
0.531042566774584,0.303980020835042,0.645350297502776
0.534683399844976,0.303780677026375,0.646177679159493
0.537985451681482,0.303592452091006,0.64695011472862
0.540941044090318,0.303415577035696,0.647659308229825
0.543543479002894,0.303250232998785,0.648297670869806
0.545787001869131,0.303096545368666,0.648858401824164
0.547666762072263,0.302954577198816,0.64933555784786
0.549178768570975,0.302824321896076,0.649724110583422
0.550319833609158,0.302705695118179,0.650019989206788
0.55108748675193,0.302598525479359,0.650220103449785
0.55147980742426,0.302502543411625,0.65032233340006
0.551495048139043,0.302417369942272,0.650325453379862
0.551131061414665,0.302342532481162,0.650228997295224
0.550386131849564,0.30227754337357,0.650033491530394
0.549260862315335,0.302221827032459,0.649740947419275
0.547757729561654,0.302174620448774,0.649354714316919
0.545880426152803,0.30213499360288,0.648879261447139
0.543633667983297,0.302101872405726,0.64832006963065
0.54102315736615,0.302074051875782,0.647683551677156
0.538055589661467,0.302050207488317,0.64697697261911
0.534738673057073,0.302028908759352,0.646208362623053
0.531081153538449,0.302008637018146,0.64538642140764
0.52709284108185,0.301987808466208,0.644520414191406
0.522784632572261,0.301964803348301,0.643620059322117
0.518168530283714,0.301938001590453,0.642695408732525
0.513257653013001,0.30190582515883,0.641756722185854
0.508066237892688,0.301866786943041,0.640814336714547
0.502609630046109,0.301819545549529,0.639878532725208
0.496904259032828,0.301762964903821,0.63895939880336
0.490967600092089,0.30169617701755,0.638066697244866
0.484818118936714,0.301618645746621,0.637209732632194
0.478475199843071,0.301530228907498,0.636397226005547
0.471959057030367,0.301431235783929,0.635637197201354
0.46529063003343,0.301322476920428,0.634936857941171
0.458491464790571,0.301205303213127,0.634302518182718
0.451583582573346,0.30108163168022,0.633739507982196
0.444589339577234,0.300953955920884,0.633252116791397
0.437531279927377,0.300825340118947,0.632843551638978
0.430431985935444,0.300699396232673,0.632515915194977
0.423313928840132,0.30058024531563,0.632270204078857
0.416199323282511,0.300472464421885,0.632106327200272
0.409109988385463,0.300381021445055,0.632023143343687
0.40206721829546,0.300311200681506,0.632018516683348
0.39509166389475,0.300268522110853,0.632089388437726
0.388203227510837,0.300258657350932,0.632231862514986
0.381420971435959,0.300287344964751,0.632441302720802
0.374763041127858,0.300360307346269,0.632712438918733
0.368246602958929,0.300483170837923,0.633039479460731
0.361887796949872,0.300661390095214,0.633416227172119
0.355701703915796,0.300900177081145,0.633836196258265
0.349702327151274,0.301204434469363,0.634292727570271
0.343902588309359,0.301578692730423,0.634779099823535
0.338314337372548,0.302027049785491,0.635288634518659
0.332948376776137,0.302553111865111,0.635814792487055
0.327814499594543,0.303159934167753,0.636351260204011
0.322921541831613,0.303849960063823,0.63689202423192
0.318277448492714,0.30462495801773,0.637431432450966
0.313889352866161,0.305485956064658,0.637964241061262
0.309763667532415,0.306433174667733,0.638485646796299
0.305906184834778,0.307465959949012,0.638991304305455
0.302322183153076,0.30858272064935,0.639477329336251
0.299016534258489,0.309780873376334,0.639940289060758
0.295993805153184,0.311056801929267,0.640377181771226
0.293258347159877,0.31240583661733,0.640785408913181
0.290814364718782,0.313822259669975,0.641162743025755
0.288665956659444,0.315299341165716,0.641507295547167
0.286817124687992,0.316829407802877,0.641817488307956
0.285271746230756,0.318403944076397,0.642092032014507
0.284033512684984,0.320013721903067,0.642329913914667
0.283105837258787,0.321648952146516,0.6425303955463
0.282491740030255,0.323299449095198,0.642693019930996
0.282193719629081,0.324954798099631,0.642817626271685
0.282213621893485,0.326604517288083,0.642904369176398
0.282552514564321,0.32823820478399,0.642953738997867
0.283210575787292,0.329845666341562,0.642966579804558
0.284187001486251,0.331417019817279,0.642944101935043
0.285479934154324,0.332942775873148,0.642887886809623
0.287086413490392,0.334413896093236,0.642799882476441
0.289002347298847,0.335821830981188,0.642682389250028
0.29122250065028,0.337158541412719,0.642538035426414
0.293740500387979,0.338416507213627,0.642369743724561
0.296548852072117,0.339588726416877,0.64218068950316
0.299638967101868,0.340668708613109,0.641974252065974
0.303001197856671,0.341650465079515,0.641753960557249
0.306624879211768,0.342528497891872,0.641523436023727
0.310498375556875,0.343297789747455,0.641286331209604
0.314609132362586,0.343953795569453,0.641046269647099
0.318943731879096,0.344492436629853,0.64080678552085
0.32348795280535,0.344910097557476,0.640571265692257
0.328226833746369,0.345203626290468,0.640342895172127
0.333144740092449,0.345370336834116,0.640124607217743
0.338225434358684,0.34540801458993,0.639919039071298
0.343452149684344,0.345314923887267,0.639728494222218
0.348807666390405,0.34508981728213,0.639554911900339
0.354274390331205,0.344731946178844,0.639399844362744
0.359834433097756,0.344241072301956,0.639264442286299
0.365469693492492,0.343617479463856,0.639149448406307
0.371161939015917,0.34286198512764,0.639055199348006
0.376892886846982,0.341975951218389,0.638981635371741
0.38264428340903,0.340961293670133,0.638928317574819
0.388397982097161,0.339820490154432,0.638894451918988
0.394136018076601,0.338556585604402,0.638878919319974
0.399840679815629,0.337173195129495,0.638880310915096
0.40549457704774,0.335674504005073,0.638896967551855
0.411080704465572,0.334065264549341,0.638927022503051
0.416582501104781,0.332350789875054,0.638968446371727
0.421983905228403,0.330536944475884,0.639019093194066
0.427269404818394,0.328630131843062,0.639076746779972
0.432424083342254,0.326637278888068,0.6391391662985
0.437433661325477,0.324565817823571,0.639204130321963
0.442284533340515,0.322423665614339,0.639269478498397
0.446963801082005,0.32021920118731,0.639333150167
0.451459302249685,0.317961240987036,0.639393219306487
0.455759635706065,0.315659013292251,0.639447925316202
0.459854183109978,0.313322131974175,0.639495699229615
0.463733127363512,0.310960570522751,0.639535185062689
0.467387468096147,0.308584637496414,0.639565256093889
0.470809034757472,0.306204954657449,0.639585025962523
0.47399049774971,0.303832439463827,0.639593854543367
0.476925378159274,0.30147829389618,0.639591348618442
0.479608056829946,0.299154001880282,0.639577357420915
0.482033783681828,0.29687133786822,0.639551963178868
0.484198688357011,0.294642389455727,0.639515466854409
0.48609979378703,0.292479596898945,0.639468369373725
0.487735034657817,0.290395812369129,0.639411348805911
0.48910328355107,0.288404381081322,0.6393452342037
0.490204388392981,0.286519245055117,0.639270977209362
0.49103922586329,0.284755067568284,0.639189623092874
0.491609776301238,0.283127371902174,0.639102283663656
0.49191922615666,0.281652680832852,0.639010115472147
0.491972103352464,0.280348632998654,0.638914307813142
0.491774447986265,0.279234038839759,0.638816086046468
0.491334014333119,0.278328823073111,0.638716736197315
0.490660488651751,0.27765378642413,0.63861765599264
0.489765690508151,0.277230112845437,0.638520434495784
0.488663705023785,0.277078559390009,0.638426956507836
0.487370875604453,0.277218304414752,0.638339518862896
0.485905581369133,0.277665500445608,0.638260935161906
0.484287742610459,0.278431672350561,0.63819459698859
0.482538047483431,0.279522192520057,0.638144458182422
0.480676967145183,0.280935112554245,0.638114918309242
0.478723700594649,0.28266060107424,0.638110601886641
0.476695232315019,0.284681124117709,0.638136055348892
0.474605672019681,0.286972342338602,0.638195404659668
0.472465978394235,0.289504547063121,0.638292024764826
0.470284074335158,0.292244368918105,0.63842826548897
0.468065276829976,0.295156488755171,0.63860526143884
0.465812917240876,0.298205143833093,0.638822833719648
0.463529022370287,0.301355316542338,0.639079475581918
0.461214953098015,0.304573580698759,0.639372405517285
0.458871936457259,0.307828641453698,0.639697669367842
0.456501464270188,0.311091633541671,0.640050275214748
0.454105557994421,0.314336246450976,0.64042434864095
0.451686915043317,0.317538732918676,0.640813299443008
0.449248957387182,0.320677840788947,0.641209993427192
0.446795804754623,0.323734691207832,0.641606924198581
0.444332192604966,0.326692615654045,0.641996380664671
0.441863353246824,0.329536958461776,0.642370606499936
0.439394876694878,0.332254850895632,0.642721948577271
0.436932564957339,0.334834966601482,0.643042992632515
0.434482290635081,0.337267271927462,0.643326685737142
0.432049866149837,0.339542787763391,0.643566446356237
0.429640927546406,0.341653376905349,0.643756263037262
0.427260834889726,0.343591565473148,0.643890782533167
0.424914588988691,0.345350400792644,0.64396538779773
0.422606763039322,0.346923341847259,0.643976266045265
0.420341443747407,0.348304176819468,0.643920467312058
0.418122173513077,0.349486960566522,0.643795953978142
0.415951885176484,0.350465965964532,0.643601641675925
0.413832821060163,0.351235643133023,0.643337431710529
0.411766431893086,0.351790582873609,0.643004234977462
0.409753254934887,0.352125483195826,0.642603987386097
0.407792774121604,0.352235121027083,0.642139656942786
0.405883267598378,0.352114333883646,0.641615242812945
0.404021648801907,0.351758017820726,0.641035766754637
0.402203305775714,0.351161147877022,0.640407257163533
0.400421940325082,0.350318825521477,0.639736725708042
0.398669405119221,0.349226355290038,0.639032136318129
0.396935535255482,0.347879351377953,0.63830236622322
0.395207975301087,0.346273876563166,0.637557159062618
0.393472018143466,0.344406622562999,0.636807070809313
0.391710501722939,0.342275152633043,0.636063409645337
0.389903855649879,0.33987824169826,0.635338170404681
0.38803044369414,0.337216358299427,0.634643961086562
0.386067387784114,0.334292322900555,0.633993912075562
0.38399204239152,0.331112133310794,0.633401548178718
0.381784164538898,0.327685864616108,0.632880592847951
0.379428574665993,0.324028450657369,0.632444670884097
0.376917795226279,0.320160093734134,0.632106889750767
0.374253960429485,0.316106095380217,0.631879313352371
0.371449391524276,0.311896065079792,0.631772384086577
0.368525643700879,0.307562669276402,0.631794376943489
0.36551133840489,0.303140210558703,0.631950966512989
0.362439414732486,0.298663317137303,0.632244956913806
0.359344440202857,0.294165913450492,0.632676184389625
0.356260406308272,0.289680518321169,0.633241570812064
0.353219172415258,0.285237833088391,0.633935290872846
0.35024953072398,0.280866546923415,0.634749014152979
0.347376770618692,0.27659328271242,0.635672190010119
0.344622596311444,0.272442616291692,0.636692353558413
0.342005264501114,0.268437116564885,0.637795441250121
0.339539836202379,0.264597370464505,0.638966112400605
0.337238468101374,0.260941973927537,0.640188077108672
0.335110699179939,0.257487487583124,0.641444430894704
0.333163713926753,0.254248370433369,0.642717993208268
0.3314025827989,0.251236915747129,0.643991642013062
0.329830492085171,0.248463218811444,0.64524863184178
0.328448977934766,0.245935204016121,0.64647288031257
0.327258175808527,0.243658730619673,0.647649208644886
0.326257086297843,0.241637782506663,0.648763526274873
0.325443848892409,0.239874730091037,0.649802956999015
0.324816006014758,0.238370637072616,0.650755912626697
0.324370736087648,0.237125574398105,0.651612127411839
0.324105036176246,0.236138901110437,0.652362670856154
0.324015841143991,0.235409477767816,0.652999956578708
0.324100073734168,0.234935788404784,0.653517761990132
0.324354626085732,0.234715959484087,0.653911268585877
0.324776274263259,0.234747671294014,0.654177129027042
0.325361523927488,0.235027959203884,0.654313565759569
0.326106387618116,0.235552904889498,0.654320505417396
0.327006146048561,0.236317273399291,0.654199734115445
0.328055338145017,0.237314380232843,0.653954966394307
0.329248444265492,0.238536800766574,0.653591555201523
0.33058109559536,0.239977921754737,0.653115750588411
0.33205051254027,0.241632836855486,0.65253410537188
0.333654920084201,0.243497979856003,0.651853446824789
0.33539288196587,0.245570475304283,0.651081085384533
0.337262911453438,0.247847734976886,0.650224971869307
0.339263238842316,0.250327230812054,0.649293773024738
0.341391621340907,0.253006313530476,0.648296899133944
0.343645156004827,0.255882013549345,0.647244504175506
0.346020097115936,0.258950810682623,0.646147462120906
0.348511692143967,0.262208382205654,0.645017315426837
0.351114052169772,0.265649349900612,0.643866189818784
0.353820067276159,0.269267047909604,0.642706671679514
0.356621369585733,0.273053328798562,0.641551648230595
0.359508338428926,0.276998416828981,0.640414114876509
0.36247013579289,0.281090807706469,0.639306957286927
0.365494757169034,0.285317205512497,0.638242717307176
0.36856908312369,0.289662481226754,0.637233351696257
0.371678921469084,0.294109636245317,0.636289990875097
0.374809036235747,0.298639756491994,0.635422702744374
0.3779431681649,0.303231949767739,0.634640264501459
0.381064059558831,0.30786326782329,0.63394994451519
0.384153503702788,0.312508624749769,0.633357296920482
0.387192443551937,0.317140730977732,0.632865974033973
0.390161145843584,0.321730066305635,0.632477565291555
0.39303947506081,0.326244914844426,0.632191475284145
0.395807286902179,0.330651479821069,0.632004856510717
0.398444954529013,0.334914090778892,0.631912613588414
0.400934032602169,0.338995513406718,0.631907494513503
0.403258052319133,0.342857375550713,0.631980281273628
0.405403422880597,0.346460731628916,0.63212008698699
0.407360387871307,0.34976679433573,0.632314759817044
0.40912395091944,0.352737858758585,0.632551384656847
0.410694651257275,0.355338421276869,0.632816861620266
0.412079050471742,0.357536453140488,0.63309852651235
0.413289801648121,0.359304736131897,0.633384765486352
0.414345218682967,0.360622123146796,0.633665568384147
0.415268340132779,0.361474567901282,0.63393296674495
0.416085569074406,0.361855785082678,0.634181314538321
0.416825043367973,0.361767450849123,0.634407389977451
0.417514930880001,0.361218919022674,0.634610320252024
0.418181845490791,0.360226493198882,0.63479135220082
0.418849547539498,0.358812346736595,0.634953506994508
0.41953803806258,0.357003216255292,0.635101164367754
0.420263091937493,0.354829009347025,0.635239622304027
0.421036210984246,0.352321465007677,0.635374672544301
0.421864923646874,0.34951298606027,0.635512222511301
0.422753321148064,0.34643572812511,0.635657982008889
0.423702706627504,0.343120984341987,0.635817220531927
0.424712244655585,0.339598856984732,0.635994590467847
0.425779528408083,0.335898166603929,0.636194004611297
0.426901021287721,0.332046523852699,0.636418553960516
0.428072368604883,0.328070481071031,0.6366704532632
0.429288604762382,0.323995688799443,0.636951005861
0.430544298225235,0.319847001124782,0.637260584433536
0.431833680005842,0.315648497382977,0.637598628821756
0.433150793299477,0.311423412231247,0.637963665140759
0.434489685408742,0.307193988301439,0.638353351272553
0.435844641513827,0.30298128427155,0.638764552288792
0.437210437338441,0.29880498381318,0.639193445634811
0.438582568487821,0.294683256952489,0.63963565053895
0.439957404023597,0.29063272079813,0.640086370502174
0.441332214860427,0.286668531753104,0.640540533426233
0.442705046305624,0.282804616100933,0.640992912854519
0.44407443602715,0.279054014149166,0.641438217182201
0.445439014244365,0.27542928652349,0.641871140863587
0.446797051667763,0.271942914172164,0.642286381171334
0.448146031340062,0.268607624997365,0.64267863259191
0.449482309705046,0.265436597985538,0.643042575809619
0.450800903999523,0.262443524506417,0.643372877968343
0.45209540784314,0.259642535440036,0.643664216180034
0.453358004628204,0.257048025489734,0.643911328864005
0.454579527555142,0.254674415394438,0.644109092236013
0.455749507931581,0.252535890768545,0.644252613906199
0.456856159851056,0.250646144014531,0.644337333345176
0.457886266017332,0.249018129861294,0.644359119737221
0.45882495313387,0.24766382992984,0.644314360839496
0.459655372887965,0.246594010587714,0.644200040867315
0.460358331443086,0.24581795468428,0.644013809984979
0.460911932252195,0.245343150455519,0.643754051801091
0.461291307787657,0.245174928726169,0.643419957353827
0.461468509608668,0.245316049667757,0.643011614021268
0.461412602657281,0.245766247676885,0.642530115355706
0.461089974352422,0.246521745085677,0.641977693968394
0.460464837106509,0.247574741981791,0.64135787546458
0.459499891776073,0.248912886190719,0.640675648475242
0.458157140896828,0.25051873393065,0.639937644624066
0.456398890002147,0.252369238035306,0.639152321498097
0.454189029775585,0.254435350915561,0.63833013875849
0.451494714588063,0.256681896093967,0.637483709181928
0.448288508287214,0.25906792132805,0.636627891665597
0.444550938753485,0.261547760457715,0.635779775231052
0.440273207905087,0.264072960640086,0.634958490338557
0.435459609400195,0.266595057697465,0.634184788468504
0.430129107463195,0.269068935756025,0.63348036171097
0.424315606967012,0.271456274288965,0.63286692923291
0.418066702543195,0.273728473059921,0.63236518069895
0.411441042791228,0.275868513905659,0.631993713569867
0.404504747859322,0.277871438491515,0.631768112277274
0.397327476769172,0.279743401484208,0.631700287979075
0.389978740656492,0.281499516102563,0.631798138031033
0.382524940347779,0.283160906365378,0.632065512932235
0.375027416818317,0.284751499690064,0.632502416611674
0.367541576467582,0.286295105742869,0.633105332637039
0.360116936918172,0.287813209840352,0.633867573616571
0.352797785479569,0.289323688895928,0.634779587710405
0.345624091101843,0.29084041272887,0.63582920585948
0.338632356848891,0.292373508083622,0.637001855272554
0.331856203993076,0.29392998045874,0.638280786663369
0.32532659691255,0.295514402217615,0.639647363038731
0.319071717384567,0.297129449990212,0.641081442377345
0.313116571551413,0.298776173479091,0.642561861742778
0.307482461955709,0.300453978639011,0.644067002665592
0.302186488689913,0.302160396809248,0.645575390889334
0.297241253418783,0.303890778058267,0.647066263287389
0.292654920386412,0.305638078537293,0.648520026825109
0.288431728104716,0.307392895107431,0.64991854542125
0.284572943730672,0.309143832054159,0.651245223271492
0.281078128933133,0.310878180746183,0.652484902557666
0.27794648566002,0.312582789244548,0.653623643462504
0.275178013762203,0.314244938848434,0.654648486492343
0.272774264384564,0.315853050144265,0.655547295932868
0.270738586852031,0.317397106595341,0.656308751709395
0.269075896704451,0.318868774173357,0.656922508459248
0.267792088760666,0.320261276663439,0.657379494968021
0.266893267163014,0.321569132630384,0.657672294279936
0.266384974249066,0.322787867196564,0.657795526842922
0.266271580999891,0.323913780499083,0.657746158111926
0.26655593706319,0.324943812747108,0.657523679143199
0.267239268418687,0.325875528693787,0.657130160533185
0.268321234450707,0.326707249331397,0.65657021629126
0.26980006663585,0.327438342805311,0.655850909999457
0.271672756199719,0.32806963923227,0.654981615454513
0.273935277331798,0.328603881528987,0.653973835325185
0.276582823932482,0.329046089696096,0.6528409839636
0.279610022081963,0.329403707522077,0.65159814596618
0.283011071050232,0.329686428158544,0.650261825721003
0.286779767874494,0.329905663318581,0.64884970394974
0.29090938668373,0.330073719133967,0.64738041411217
0.295392410008954,0.330202838321925,0.645873344701774
0.30022013866795,0.330304322657912,0.644348463603351
0.305382228029463,0.330387934606322,0.64282615117959
0.310866209325036,0.330461696742283,0.641327021506026
0.316657049289716,0.330532095758982,0.639871710417961
0.322736789094412,0.330604597186431,0.638480613475492
0.329084288418412,0.330684316980403,0.637173565821537
0.33567509085,0.330776684461364,0.63596946602186
0.342481425501841,0.330887958263617,0.63488585556035
0.349472366802633,0.331025507189103,0.633938473997667
0.356614185104863,0.331197826100636,0.633140817394777
0.363870924737219,0.331414309422752,0.632503735069466
0.371205232302805,0.331684835457072,0.632035105891427
0.37857941812313,0.332019205545503,0.631739636692233
0.38595666978713,0.332426426306598,0.631618817109714
0.393302270298248,0.332913753197009,0.631671044098908
0.40058463375942,0.333485418529753,0.631891898598479
0.407775980789267,0.334141144210208,0.63227452643388
0.414852528905671,0.334874860852095,0.632810057082495
0.421794147580969,0.33567427449259,0.633487992293233
0.428583523627925,0.336521737785034,0.634296509371049
0.435205004527254,0.337396294766149,0.635222648347283
0.441643400915655,0.338276186091187,0.636252386541678
0.447883056439935,0.339140958331131,0.637370640248597
0.453907394097725,0.33997265330432,0.638561256318896
0.45969897723428,0.340756047423124,0.639807056069861
0.46523997065598,0.341478254939144,0.64108997253709
0.470512814349134,0.342128107996084,0.642391292668587
0.47550092346151,0.342695652878085,0.64369198988397
0.480189274137633,0.343171964216358,0.644973116027801
0.484564792583919,0.343549344518159,0.646216215218701
0.48861651624415,0.343821866328337,0.647403722688901
0.492335538866429,0.343986126969831,0.648519317386282
0.495714786045046,0.344042018667003,0.649548206153074
0.498748696394028,0.34399327942579,0.650477329341135
0.501432903784027,0.343847603038202,0.651295492326133
0.503764021494212,0.343616168602644,0.651993442368405
0.505739612668612,0.343312596101131,0.652563920982575
0.507358383770566,0.342951502938464,0.653001720020479
0.508620567060731,0.342546957618291,0.653303751058775
0.509528364964894,0.342111145557298,0.653469099880417
0.510086235201132,0.341653473064463,0.653498993518219
0.510300754680245,0.341180196730556,0.653396590357596
0.51017992826649,0.34069454581837,0.653166566385002
0.509732139876637,0.340197226153185,0.652814609525284
0.508965212027787,0.339687135269736,0.652347018690103
0.507885925177455,0.33916209757976,0.65177052193304
0.506499997198516,0.33861947761582,0.651092276460318
0.504812319708676,0.338056613235826,0.650319947452181
0.502827272079006,0.337471069242953,0.649461789460784
0.500549032125581,0.336860731653865,0.648526700016629
0.49798187222915,0.336223764882981,0.647524242822302
0.495130456528746,0.335558452749547,0.646464646697768
0.492000154807928,0.334862947336378,0.645358785315428
0.488597376677409,0.334134958098955,0.644218138521595
0.484929911578106,0.333371426071626,0.643054731419535
0.481007240594486,0.332568241570932,0.641881044326913
0.476840769821331,0.331720073048851,0.640709886527842
0.472443928825818,0.330820372611123,0.639554230420599
0.467832087710049,0.329861603611136,0.638427009961111
0.463022276137287,0.328835696201863,0.637340896664654
0.458032732213882,0.327734684851345,0.636308074290893
0.452882354537229,0.326551433564941,0.635340035901982
0.447590159349195,0.325280328604835,0.634447422224455
0.442174844206945,0.323917826275523,0.633639909426647
0.43665452889323,0.322462781439398,0.632926141512067
0.431046696641948,0.320916534764583,0.632313692562021
0.425368311382315,0.319282783610493,0.631809040080669
0.419636054067854,0.317567290726073,0.631417533069543
0.413866606785217,0.315777494947071,0.631143345070095
0.408076915566073,0.31392208517602,0.630989410696058
0.402284374096726,0.312010589391791,0.630957351735288
0.396506885882551,0.310053017955936,0.631047404548395
0.390762778198695,0.308059585871251,0.631258363827043
0.38507055700432,0.306040522681871,0.631587558925577
0.379448508933862,0.304005962973308,0.632030878027171
0.37391417525023,0.30196589684735,0.632582852228719
0.368483744152735,0.299930150501056,0.633236805896285
0.363171430037502,0.297908363668584,0.633985071191415
0.357988927371071,0.295909934610768,0.634819253912661
0.352945035756254,0.293943914870534,0.635730526251434
0.348045543648288,0.292018853675954,0.63670991250134
0.343293426149462,0.290142611901417,0.637748529604582
0.338689357593754,0.288322181329582,0.6388377488953
0.334232474401675,0.286563550810443,0.639969259141737
0.329921265666132,0.284871652990477,0.641135031628778
0.325754439064331,0.283250405941714,0.642327209614728
0.321731619323919,0.281702840210349,0.643537960212279
0.317853781976037,0.280231282151588,0.64475933182614
0.314123389627376,0.278837555025714,0.64598315410163
0.310544259914712,0.277523161315163,0.647201003264912
0.30712123658999,0.276289419578366,0.648404239289813
0.303859752689813,0.27513754220105,0.649584106969065
0.300765370318961,0.274068652194375,0.650731883532667
0.297843363267764,0.273083745482565,0.651839051530424
0.295098386159646,0.27218361009017,0.652897475884036
0.292534251326235,0.271368715817121,0.653899567403568
0.290153817582761,0.270639088830119,0.654838419451708
0.28795898162698,0.269994186407456,0.655707909471092
0.285950755198522,0.269432788033582,0.65650276124267
0.284129407196582,0.268952920134093,0.657218566970279
0.282494650837048,0.268551832213083,0.657851769824197
0.281045860013637,0.26822604007776,0.65839960816293
0.279782302758022,0.267971445127299,0.658860024176879
0.278703378561093,0.267783526763121,0.659231544275543
0.277808837466791,0.26765759022138,0.659513146688804
0.277098948832604,0.267589040348976,0.659704139201891
0.276574585918736,0.267573647834147,0.659804071178471
0.276237206930107,0.26760777899748,0.659812695838817
0.276088736296121,0.267688569229679,0.659729985566189
0.276131370946794,0.267814029540568,0.659556190871333
0.276367347552596,0.26798308360682,0.659291926570725
0.276798706936013,0.268195539137312,0.658938267222223
0.27742708488558,0.268452002621384,0.658496836127094
0.278253548764331,0.268753750455588,0.657969876220039
0.279278489532946,0.269102571615346,0.657360295645612
0.280501570591577,0.269500597207951,0.656671685014318
0.281921728306615,0.269950130854108,0.655908307015748
0.283537215540181,0.270453490580893,0.65507506155603
0.285345676994364,0.271012869844949,0.654177431440077
0.287344244423185,0.271630221342173,0.653221414589817
0.289529640729879,0.272307164209231,0.652213448635701
0.291898282814424,0.273044912544145,0.651160333416542
0.29444637489979,0.273844221564668,0.650069155875689
0.297169985435869,0.27470534684601,0.648947220837927
0.30006510205352,0.275628012094504,0.647801989979253
0.303127660205869,0.276611381668655,0.646641030133341
0.306353542047724,0.277654035378797,0.645471970995964
0.309738543120846,0.2787539448688,0.644302471225965
0.313278305597987,0.279908452844267,0.643140190974652
0.316968219101655,0.281114258512615,0.641992767814658
0.320803292449301,0.282367414121619,0.640867792387136
0.324778003708585,0.283663338544781,0.639772779421313
0.328886140196245,0.284996853642312,0.638715129737346
0.333120644459202,0.286362247447157,0.637702079417362
0.337473485996537,0.287753364991991,0.636740633653101
0.341935579747866,0.289163722871708,0.635837485006808
0.346496770231068,0.290586638252273,0.634998918652548
0.351145893762012,0.292015358174164,0.634230710161329
0.3558709207252,0.293443172195611,0.633538023854042
0.36065916693821,0.294863492078004,0.632925320943258
0.365497550709856,0.296269887167393,0.632396286076953
0.370372863385944,0.297656073079247,0.631953778462046
0.375272018454688,0.299015862776754,0.631599810019121
0.380182248628314,0.30034310080899,0.631335548944692
0.385091230558125,0.30163161053441,0.631161343699679
0.389987130696744,0.30287518799158,0.631076760566691
0.394858580021855,0.304067672465056,0.631080627816787
0.399694597421543,0.30520311156137,0.631171080924689
0.404484489339136,0.306276018089432,0.631345605560269
0.409217755999035,0.307281690344598,0.631601077535733
0.413884031252532,0.308216542733268,0.631933800895219
0.418473074873445,0.30907837898407,0.632339546557809
0.422974824491783,0.309866543466083,0.632813594336287
0.427379502540848,0.310581910104621,0.633350780969512
0.43167776468096,0.311226707130627,0.633945556307936
0.43586087204233,0.311804216380289,0.63459204915259
0.439920870193404,0.312318413931739,0.635284143491734
0.443850760406046,0.312773626009118,0.636015564816263
0.447644651215278,0.313174260791989,0.636779974719125
0.451297878863591,0.313524650414706,0.637571070120496
0.454807084025376,0.3138290076401,0.638382681425347
0.458170231156618,0.314091476308795,0.639208862231462
0.461386557734384,0.314316238070842,0.640043962383809
0.464456445037227,0.314507631473497,0.640882676688968
0.467381210694566,0.314670242631695,0.641720063810023
0.470162834272364,0.314808937574823,0.642551533465225
0.472803639384727,0.31492882224237,0.643372804770848
0.475305964586104,0.315035133353693,0.644179843016432
0.477671859146444,0.315133078299757,0.644968785600099
0.479902836688776,0.315227651620627,0.645735869261042
0.48199971004806,0.315323458011091,0.646477369750928
0.483962517544985,0.315424567646368,0.64718956219517
0.485790536913047,0.315534421065393,0.6478687062623
0.487482371826382,0.315655790777756,0.648511056039089
0.489036088893768,0.315790797723462,0.64911289095937
0.490449379901742,0.315940974245022,0.649670561513179
0.491719725417253,0.316107361864685,0.650180542323911
0.492844538747574,0.316290631396321,0.650639484792354
0.493821273447618,0.316491213937676,0.651044261986212
0.494647481917023,0.316709433031896,0.651391999485926
0.495320817683599,0.31694562987518,0.651680087742537
0.495838981035582,0.317200273792504,0.651906174686788
0.496199619122152,0.317474049889175,0.65206814281699
0.496400208910426,0.317767914410499,0.65216408325535
0.496437966146971,0.318083110071054,0.652192286547538
0.496309817661564,0.318421140310082,0.652151268005807
0.496012434260253,0.318783710296765,0.652039827586059
0.495542272038369,0.319172645048959,0.651857121171373
0.494895562722688,0.319589787454144,0.651602714700391
0.494068241387664,0.32003687161928,0.651276611470267
0.493055856329818,0.320515370645948,0.650879266408067
0.491853529400575,0.321026330006659,0.650411610616878
0.490456023721432,0.321570211045911,0.649875103936814
0.488857945914354,0.32214677618731,0.649271820436685
0.4870540774855,0.322755047125067,0.648604558902073
0.485039801336202,0.323393358799341,0.647876960681986
0.482811569477664,0.32405951690878,0.647093612431301
0.480367350669936,0.324751048113066,0.646260112099922
0.477707001261119,0.325465514968986,0.645383081837123
0.474832518520512,0.326200855972325,0.64447012024849
0.471748157296611,0.326955708078762,0.643529695875614
0.468460412626479,0.327729674668863,0.642570991790032
0.464977888615515,0.328523513411977,0.641603716434362
0.461311084220166,0.329339231833003,0.640637897645104
0.457472128851148,0.330180089365508,0.639683675556744
0.453474496340543,0.331050510276876,0.638751106846064
0.449332716694633,0.331955911241503,0.637849988588498
0.445062093610912,0.33290244199096,0.636989705850011
0.440678424758438,0.333896631090317,0.636179103786508
0.436197714307746,0.334944927006309,0.635426382895697
0.431635866211501,0.3360531334269,0.634739015252334
0.427008354840055,0.337225761586998,0.634123679851801
0.422329888084009,0.338465359607824,0.633586216200731
0.417614102765978,0.339771919213538,0.633131596154603
0.412873354166244,0.34114248460907,0.632763913935643
0.408118667041932,0.342571077098884,0.6324863926937
0.40335989442551,0.34404899413806,0.632301403216764
0.398606082851844,0.34556545584217,0.63221048766175
0.393865982779244,0.347108485847595,0.632214380131895
0.389148592953459,0.348665859109992,0.632313017748059
0.384463607956928,0.350225943874195,0.632505540506557
0.379821657394554,0.351778305291184,0.632790284188154
0.37523427787976,0.353314005908272,0.633164775574915
0.370713628833183,0.354825611333164,0.633625741047902
0.366272027857463,0.356306969041269,0.63416913729764
0.361921421072045,0.357752862273432,0.634790207191956
0.357672907410869,0.359158645031673,0.635483557124765
0.353536405758278,0.360519942711206,0.636243247187675
0.349520505545471,0.361832466326876,0.637062883808955
0.34563249300287,0.363091949753101,0.637935706118665
0.34187851153109,0.364294188829529,0.63885466071537
0.338263800455029,0.365435143403987,0.639812463006741
0.334792958970291,0.366511057933913,0.640801645650347
0.331470194430358,0.367518559834527,0.641814595518216
0.328299529266599,0.368454703513286,0.64284358046243
0.325284954010194,0.369316939078639,0.643880766709127
0.322430523204126,0.37010299648704,0.644918227583408
0.319740395899197,0.370810688136821,0.645947945095727
0.317218824632407,0.371437645517087,0.646961807667099
0.31487009755489,0.371981018383108,0.647951609808362
0.312698439644965,0.372437176864891,0.648909062138816
0.31070788138357,0.372801465686398,0.649825821930798
0.308902107560514,0.373068061758427,0.650693554119895
0.307284303729078,0.373229978435711,0.651504029713845
0.305857021713613,0.373279239849156,0.652249262451944
0.304622085979094,0.373207218857761,0.652921676486942
0.303580558335824,0.373005098628712,0.653514289721488
0.30273276939727,0.372664390187195,0.654020891881365
0.302078413566045,0.372177425472418,0.654436195510863
0.301616693381514,0.371537751758088,0.654755942397233
0.301346492028902,0.370740376401204,0.654976956079622
0.301266550706522,0.369781842861483,0.655097140819528
0.301375629968191,0.36866015046498,0.655115436047325
0.301672639012021,0.367374554304655,0.655031741273262
0.302156721878859,0.365925294455224,0.654846829215925
0.302827294685457,0.364313306151823,0.654562264410786
0.303684032232522,0.362539954764772,0.654180341327461
0.304726809351248,0.360606825199288,0.653704049809535
0.305955612385192,0.35851557622437,0.653137067126348
0.307370447049492,0.356267853835446,0.652483767411276
0.308971275215525,0.353865249757217,0.651749234192255
0.310758007927845,0.351309297344271,0.650939263464702
0.312730564400342,0.348601511822855,0.650060352657423
0.314888983614016,0.345743495197346,0.649119680029831
0.317233553767197,0.342737129194134,0.648125084905867
0.319764911223709,0.339584869106234,0.647085058837055
0.322484054195866,0.336290132187528,0.646008752733336
0.325392219270874,0.332857748322293,0.644905996442529
0.328490580125706,0.329294415720312,0.643787318357703
0.331779752127826,0.32560908254852,0.642663944404954
0.335259122213836,0.321813166424997,0.641547751380556
0.338926067586821,0.317920533239633,0.640451150788757
0.34277516846984,0.31394718997889,0.639386887793083
0.346797544853888,0.309910700261485,0.638367755047959
0.350980441473932,0.305829393981344,0.637406239697294
0.355307144244254,0.301721494772688,0.636514138162884
0.359757244045732,0.297604312106914,0.635702181685902
0.36430719024665,0.293493629933661,0.634979712791999
0.368931020285327,0.289403376194469,0.634354439914991
0.373601130128489,0.285345593605296,0.633832279029138
0.378288965320964,0.281330672944635,0.633417273795325
0.382965553978791,0.277367770392245,0.633111574411877
0.387601855234311,0.273465315592613,0.632915452265368
0.392168944465604,0.269631523535585,0.632827331825224
0.396638091164164,0.265874842757603,0.632843830389725
0.400980804164155,0.262204295853648,0.632959807154057
0.405168923540427,0.258629689506496,0.633168432983306
0.409174830550929,0.255161687392815,0.633461299230175
0.412971827558559,0.251811750018795,0.633828586393979
0.416534708159947,0.248591952838035,0.634259310107738
0.419840494763083,0.245514700641054,0.63474165209718
0.42286927097228,0.242592366330772,0.635263367654194
0.42560499276288,0.239836896800919,0.635812241372228
0.428036142707894,0.237259445631897,0.636376544551677
0.430156110045388,0.234870103238879,0.636945437681726
0.431963236746812,0.232677787808838,0.637509265614978
0.433460547157168,0.230690326734425,0.638059712802969
0.434655245158146,0.228914703290242,0.63858981602624
0.435558092290598,0.22735738704739,0.63909386224495
0.436182766939807,0.226024634987093,0.639567219026807
0.436545264313817,0.224922658966754,0.640006148940468
0.436663354127332,0.224057599678311,0.640407648781379
0.436556085863892,0.223435306869224,0.64076933607689
0.436243324748497,0.223060977143176,0.641089386474375
0.435745308982222,0.222938729802387,0.641366511559064
0.435082230718814,0.223071206410402,0.641599959138568
0.434273852719157,0.223459267982965,0.641789516262328
0.433339176713467,0.224101843958312,0.641935497555213
0.432296178842958,0.224995966312516,0.642038706073205
0.431161624111113,0.22613700296687,0.642100359859366
0.429950967545458,0.227519085913823,0.642121984242441
0.42867834573667,0.229135708123257,0.642105277552103
0.427356658638127,0.230980436155504,0.642051965980471
0.425997736785992,0.233047652600822,0.641963670780023
0.42461258218289,0.235333209335419,0.641841815805051
0.423211661009294,0.237834851478943,0.641687602730842
0.421805213765921,0.240552279878994,0.641502072449901
0.420403537220941,0.243486770019284,0.641286253569319
0.419017188389638,0.246640356645371,0.641041375912648
0.417657069449733,0.250014703036565,0.640769105840776
0.416334375188975,0.253609862059153,0.640471749794361
0.415060415077634,0.257423166550986,0.640152378082048
0.413846349330089,0.261448445971265,0.639814841177466
0.41270289134503,0.265675674939123,0.639463677729814
0.411640024700128,0.270091052883174,0.639103937501602
0.410666764958791,0.274677429465748,0.638740956380273
0.409790974314902,0.279414943043207,0.638380122772304
0.409019218241558,0.284281729577946,0.638026667325073
0.408356642687148,0.289254575805811,0.637685495250524
0.407806849423134,0.294309419571472,0.637361066595268
0.407371754843402,0.299421634542171,0.637057317337339
0.407051432116981,0.304566073387632,0.636777604878944
0.406843955709456,0.309716880610354,0.63652465669663
0.40674528598545,0.314847128438332,0.636300501447605
0.406749243083623,0.319928370448002,0.636106368935694
0.406847613829341,0.324930241489753,0.635942558903397
0.407030405449149,0.329820244280981,0.635808296442968
0.407286206245132,0.334563837823255,0.635701608542212
0.407602552338303,0.339124877484947,0.635619264361715
0.407966160714261,0.343466366464699,0.635556815319686
0.408362900541039,0.347551396312693,0.635508750102666
0.408777444485295,0.351344117862763,0.635468752411677
0.409192646448922,0.354810609147436,0.635430028017766
0.409588790334862,0.357919579757272,0.635385661777193
0.409942910455332,0.360642933234168,0.635328975176113
0.410228385505931,0.362956262426979,0.635253872956655
0.410414964627281,0.364839358455972,0.635155182805856
0.410469315921219,0.366276778491446,0.63502899745051
0.410356112572964,0.367258463845221,0.63487302217754
0.4100396002831,0.367780353226919,0.634686916317265
0.409485528428933,0.367844914046325,0.634472600434971
0.4086632817632,0.367461518701808,0.634234487238747
0.407548024184245,0.36664660838498,0.633979586637192
0.40612265905946,0.365423589997436,0.633717435014441
0.404379408248867,0.363822387159966,0.633459806953806
0.402320799012294,0.361878532029089,0.633220188542089
0.399959833487025,0.359631698175639,0.633013030549265
0.397319152959049,0.357123696812572,0.632852855640941
0.394429166379978,0.354396181607634,0.632753347688261
0.391325390929424,0.351488517739041,0.632726570862232
0.388045531006946,0.34843631151644,0.632782428642501
0.38462692362969,0.34527090267792,0.632928390004361
0.381104821030046,0.342019790235828,0.633169425696955
0.377511655780954,0.338707674945383,0.633508054537978
0.373877121719001,0.335357677829649,0.633944409990424
0.370228733842075,0.331992332372069,0.63447628218698
0.366592516240543,0.328634072261339,0.635099141985735
0.36299354724431,0.325305075709692,0.635806192137182
0.35945619644998,0.322026453059412,0.636588508697492
0.356003982620547,0.318816884844765,0.637435332086501
0.352659061105203,0.315690949109537,0.638334541408355
0.349441427502483,0.31265751743384,0.639273298311862
0.346368007919149,0.30971870775111,0.640238783883946
0.343451878208411,0.306869877508551,0.641218892212354
0.340701874423378,0.30410094214275,0.642202717354339
0.338122781987482,0.301398906247021,0.643180705056509
0.335716120341123,0.298751034355218,0.644144439410818
0.333481341283596,0.296147805558096,0.64508615846567
0.331417135196451,0.293584867487679,0.645998179304126
0.329522553983835,0.291063593115704,0.646872419321874
0.327797791089216,0.28859032384323,0.64770013240206
0.326244628330562,0.286174726232619,0.648471878806015
0.324866701058198,0.283827824484746,0.649177656315276
0.323669820202201,0.281560278268832,0.649807058410024
0.322662588951381,0.279381472089103,0.650349315651001
0.321857302269567,0.27729984318546,0.650793207502887
0.321270432580789,0.275323971723475,0.651127200113749
0.320921731383292,0.2734626970813,0.651340286879188
0.320832487668725,0.271724031488575,0.651423103411871
0.321024443917415,0.270115417800801,0.651368303524887
0.321519339717165,0.268646540538464,0.651170109856343
0.322338004775434,0.267333273089265,0.65082372654977
0.323498394309885,0.266200659183937,0.650325247152318
0.325012808571097,0.265283216071202,0.649672367139102
0.326885205948037,0.264621775348769,0.648865821670902
0.329109743471007,0.264257513433733,0.647911075645963
0.331671262610631,0.264225183070906,0.646819587788701
0.334547568356929,0.264547949463631,0.645609117154892
0.337712591618714,0.265235385214479,0.644302957940912
0.341139335844681,0.266284737495175,0.642928401850991
0.344801867524283,0.267684451335808,0.641514917229493
0.348676154583675,0.269418523363345,0.640092485071804
0.352739956271917,0.271470408206678,0.638690361519909
0.356972110010697,0.273825542834707,0.637336361300394
0.361351512708753,0.27647185483304,0.636056623165998
0.36585598638977,0.279397875652293,0.634875713745355
0.370461161676054,0.282588485298833,0.633816822160794
0.375139546869144,0.286019120352939,0.632901705272419
0.379860017208511,0.289650482252508,0.6321500469108
0.384587931895532,0.293426724962988,0.631578117397823
0.38928589593415,0.297279465032318,0.63119706901613
0.393914969968994,0.301137044755734,0.631011597309493
0.398436156086828,0.304934977784574,0.631019620705464
0.402812261231926,0.308622618287114,0.631213051087042
0.407010368651732,0.312163752173175,0.631579156650672
0.411004770171863,0.31553243214421,0.632101906858104
0.414779528259464,0.318707178886137,0.632762955408038
0.41832953709833,0.321666265190768,0.63354222358615
0.421659493573803,0.324385421773235,0.634418222639888
0.424781165571846,0.326838110734183,0.635368319783512
0.427709902020892,0.328997905351875,0.63636914804937
0.43046118228447,0.330842289332711,0.637397287661388
0.433047621097086,0.332356987930416,0.63843021278063
0.43547671524349,0.33353963343543,0.639447338741828
0.437749720455454,0.334401354950867,0.640430881880512
0.439862015225325,0.334965178581801,0.641366230120386
0.441804898659822,0.335261183093266,0.642241669632886
0.443568169162626,0.335319834442312,0.643047584081238
0.445142512824733,0.335165886836149,0.643775488041895
0.446520955339965,0.334814932843867,0.644417310753518
0.447699182094475,0.334273330501535,0.644965182686804
0.448675000190247,0.333540811777953,0.645411726468814
0.449447406491965,0.33261437374847,0.645750672492737
0.450015707414584,0.331492140228465,0.645977572061034
0.450379054595439,0.330176342557499,0.646090433737381
0.450536667828483,0.328674921570408,0.646090179706325
0.450488774682775,0.327001146691961,0.645980793237427
0.45023768483125,0.325170407820376,0.64576885397053
0.44978811981911,0.323195024928879,0.645462306746692
0.449147297666561,0.321080844905777,0.645069241201715
0.448325972444233,0.318827110316394,0.644597551349433
0.447339923653584,0.316427700632614,0.644055255429792
0.446210631531902,0.313872883027478,0.643450967483277
0.44496452371412,0.311151744796726,0.642794293837765
0.44363095268016,0.308255122126382,0.642096064498515
0.442239636484389,0.305178354241966,0.641368348192503
0.440818519257802,0.301923154401486,0.640624247717568
0.439392776530432,0.29849825458116,0.639877526255202
0.437985156281138,0.294918955357016,0.639142144969962
0.436617327230483,0.291206025485835,0.638431788282041
0.435311624168712,0.28738445570702,0.637759427961476
0.43409255543286,0.283482451017984,0.637136949081498
0.432987562896263,0.279530857850771,0.636574840519977
0.432026695163214,0.275563043546671,0.636081942473958
0.431241030238552,0.271615104434619,0.635665240983929
0.430659878794244,0.26772617555532,0.635329700776619
0.430307036465835,0.26393854065904,0.635078130877359
0.430196624923305,0.260297189347918,0.634911085450415
0.43032931720928,0.256848455604627,0.634826822451572
0.430689907176844,0.253637472701191,0.634821376469061
0.431247149990463,0.250704517570504,0.634888828910244
0.431956425125922,0.248080913158846,0.635021835260815
0.432764978763983,0.245785730933416,0.635212370307356
0.43361851891537,0.243824579557663,0.63545252198688
0.434467330726742,0.242191034392619,0.635735101996988
0.43527031161156,0.240870156159441,0.636053906629275
0.435996264469388,0.239842803055163,0.636403609894628
0.436622820380568,0.239089444911671,0.636779401491753
0.43713396070042,0.238592733519292,0.637176531225602
0.437517169436191,0.238338714526978,0.637589896822495
0.437760982910684,0.238316978416204,0.638013757036742
0.437853372635276,0.238520186573224,0.638441603337662
0.437781144459182,0.238943360913625,0.638866195810863
0.43753038489732,0.239583198037693,0.639279759218333
0.437087884263293,0.240437532059865,0.639674331709138
0.436443346989522,0.241504956704014,0.640042248242857
0.43559201520395,0.242784539241227,0.640376714092187
0.434537093863009,0.244275523710634,0.640672381423503
0.433291176144344,0.245976936719492,0.640925800287345
0.431875910507335,0.24788707643743,0.641135605703527
0.430319586388525,0.250002961675245,0.641302355224149
0.42865308621638,0.252319890465949,0.64142804467058
0.426905378195568,0.254831252884336,0.641515451791141
0.425099930505412,0.257528654388823,0.64156751437401
0.423252964959252,0.260402292056446,0.641586907388734
0.421373667931908,0.2634414594409,0.64157587900905
0.419465828035177,0.266635061023801,0.641536305593008
0.417530124070713,0.269972066039476,0.641469874009013
0.415566380981977,0.27344188049937,0.641378297225168
0.413575351174295,0.277034640265987,0.641263494486464
0.411559807991262,0.280741425372645,0.641127699696027
0.4095248949163,0.284554374784056,0.640973489224541
0.407477762460613,0.288466654504812,0.640803739707623
0.40542657814014,0.292472213789884,0.64062153777043
0.403379049566183,0.296565268073712,0.640430068398278
0.40134067998545,0.300739487089684,0.64023250804202
0.399313080292332,0.304986949956793,0.640031943524101
0.397292758984812,0.309297045762138,0.639831329563533
0.39527083255526,0.313655608268129,0.639633487675009
0.393233960499342,0.318044607313589,0.639441138713339
0.391166477991787,0.322442614350872,0.639256951682992
0.38905327030514,0.326826013045938,0.639083584843749
0.386882619114949,0.331170648065457,0.638923694584376
0.384648250740148,0.335453450290235,0.63877989562002
0.382350138991267,0.339653632425097,0.638654671234241
0.379994067293788,0.343753260559359,0.638550248393646
0.377590302094626,0.347737237744695,0.638468462573498
0.375151858896664,0.351592880364568,0.638410637785244
0.372692787272842,0.355309301933569,0.638377500476914
0.37022675901956,0.358876779352872,0.63836913605349
0.367766096188362,0.362286215186992,0.638384987751444
0.365321265171475,0.365528757967878,0.63842389179311
0.362900795479013,0.368595613722998,0.63848414057859
0.360511549580165,0.371478068320495,0.638563566305854
0.35815925929501,0.374167729388733,0.638659639183517
0.355849240390475,0.376656977886431,0.638769575581219
0.353587188567086,0.378939588046957,0.638890450964704
0.351379943423826,0.381011430292449,0.63901931021785
0.349236087005956,0.382871124152678,0.639153265098591
0.347166236981643,0.384520473389974,0.639289567017836
0.345182923213705,0.385964517311644,0.639425645049611
0.343300013514303,0.387211093077651,0.639559105134598
0.341531771548968,0.388269923287638,0.639687695631992
0.33989174528867,0.389151388231013,0.639809253460545
0.33839174410587,0.389865250005147,0.639921649905946
0.337041131728183,0.390419612221189,0.640022753504776
0.335846554297657,0.390820315544602,0.640110420309814
0.334812090583679,0.391070829842803,0.640182512904367
0.333939711064405,0.391172572743294,0.640236942426686
0.333229891328331,0.391125506906562,0.640271724399231
0.33268223703583,0.39092885264164,0.640285039057778
0.332296018701785,0.390581780516281,0.64027528882522
0.332070561175429,0.390083994864341,0.640241148242727
0.332005470475714,0.389436163861315,0.640181604166181
0.332100704942118,0.388640185071024,0.640095985905396
0.33235650994543,0.387699294776872,0.63998398606643
0.332773239891213,0.38661803733354,0.639845673161747
0.333351092496228,0.385402111271524,0.639681496675685
0.334089782050895,0.384058106643272,0.639492284425034
0.334988182856952,0.382593147271882,0.639279231033577
0.336043981747986,0.38101445551129,0.639043875542989
0.33725338810301,0.379328867506145,0.638788066032193
0.33861095718158,0.377542343317068,0.638513910031475
0.340109582515278,0.375659534345673,0.63822371162066
0.341740699378648,0.373683482849082,0.637919899162867
0.343494710679926,0.371615525256554,0.637604950815782
0.345361601556301,0.3694554453827,0.637281327076471
0.347331660113884,0.367201876537248,0.636951419539356
0.349396186286597,0.364852894516688,0.636617522267806
0.351548064093721,0.36240669669606,0.636281827414305
0.35378210034181,0.359862243954215,0.635946441548168
0.356095086483526,0.35721975816968,0.635613415292692
0.358485600614631,0.354481010347663,0.635284777444734
0.360953613899464,0.351649385584017,0.634962565733945
0.363499989130312,0.348729753775069,0.634648848875951
0.366125957482903,0.345728200836835,0.634345737581165
0.368832640971648,0.342651682660216,0.634055384709197
0.371620662241945,0.339507658268029,0.633779976411746
0.374489858269881,0.336303746310762,0.633521716838119
0.377439095603352,0.333047435077407,0.633282808904148
0.380466173489354,0.329745864145249,0.633065433025846
0.383567797005629,0.32640568701211,0.632871724846166
0.386739603411958,0.323033018393089,0.632703752051293
0.389976229370579,0.319633466112874,0.632563489556559
0.393271412268261,0.316212244350257,0.632452791813789
0.396618123778496,0.312774360923628,0.632373360889497
0.400008736884892,0.309324864902483,0.632326709389681
0.403435227452375,0.305869132144222,0.632314118338784
0.406889407751796,0.302413156132147,0.632336591692905
0.410363182770627,0.298963801816993,0.632394811065664
0.413848811191087,0.295528975690151,0.632489096043433
0.41733914479155,0.292117669000123,0.632619376549895
0.420827815767007,0.288739846920072,0.632785183426251
0.424309342616746,0.285406182924873,0.632985661337216
0.427779134976493,0.282127669611367,0.633219604392335
0.431233393422189,0.2789151653203,0.633485510346856
0.434668918924528,0.275778950222045,0.633781645295167
0.438082862414779,0.272728361416694,0.634106108697448
0.441472453256172,0.269771555511659,0.634456889074422
0.444834744698281,0.266915417211386,0.634831903464357
0.44816640540212,0.264165603445092,0.635229017689915
0.451463572646133,0.261526692056423,0.635646048330166
0.454721769145001,0.259002394725366,0.636080750093896
0.457935874692195,0.256595794292402,0.636530793668209
0.461100137863932,0.254309573224104,0.636993739264671
0.464208211636123,0.252146208934144,0.637467010444339
0.467253199260465,0.250108120070294,0.63794787191566
0.47022770204028,0.248197754170124,0.638433414303255
0.47312386659806,0.246417611685141,0.638920548451094
0.475933435836046,0.244770204121488,0.639406011817119
0.478647813242851,0.243257946626985,0.639886389639826
0.481258154259935,0.241882988500219,0.640358153614482
0.483755499755595,0.240646990086902,0.64081772036422
0.486130964854458,0.239550861624183,0.641261530740866
0.488375990193501,0.238594488882242,0.641686148588214
0.490482652344203,0.237776480416389,0.642088374114583
0.492444015352245,0.237093979801635,0.642465362651528
0.494254489303117,0.236542589193997,0.642814735415737
0.495910147040718,0.23611644449898,0.643134666059508
0.49740894309223,0.235808464029268,0.643423927071088
0.498750783815669,0.235610762774962,0.643681884434857
0.499937417600028,0.235515188791272,0.643908437363043
0.500972146026406,0.235513906914241,0.644103910619434
0.50185939291043,0.235599939251681,0.644268916847368
0.502604196796997,0.235767578484377,0.644404212124331
0.503211704904653,0.236012617520881,0.644510567897147
0.503686739477104,0.236332378172651,0.644588676840661
0.504033485452586,0.236725559527568,0.64463910138281
0.504255319976155,0.23719195344731,0.644662264628807
0.504354778089112,0.237732085833457,0.644658476496391
0.504333630576739,0.238346839735117,0.644627984081739
0.504193040882393,0.239037104974054,0.644571034413461
0.503933766865032,0.239803484245103,0.644487938979284
0.503556377305859,0.240646071640042,0.644379131747625
0.503061459557554,0.241564308893361,0.64424521500246
0.502449801458014,0.242556917591746,0.644086989671435
0.501722536082599,0.243621902299194,0.643905468652842
0.500881241297502,0.24475661903808,0.643701872871865
0.499927987580719,0.245957904370639,0.643477610580091
0.49886532788805,0.247222261056367,0.643234240997933
0.497696223602436,0.248546095506813,0.642973424075746
0.496423902509959,0.249925998551051,0.642696859234032
0.495051649413751,0.251359054133766,0.642406217504321
0.493582537915041,0.252843151218389,0.642103073370668
0.492019123323186,0.254377263584458,0.641788844547235
0.490363130078278,0.255961653568337,0.641464749293371
0.488615178924574,0.257597953663658,0.641131790786569
0.486774605556138,0.259289087706079,0.640790775933708
0.484839418332688,0.261039013869733,0.640442371328205
0.482806424935294,0.262852303142624,0.640087192268905
0.480671528327472,0.264733601934708,0.639725913377449
0.478430157770226,0.266687055467945,0.639359383561787
0.476077771457094,0.268715779427772,0.638988726019293
0.473610353759225,0.270821456149661,0.638615406722394
0.47102483504136,0.273004103193961,0.638241261430934
0.468319383598757,0.27526202547761,0.637868479765517
0.465493547625793,0.277591929778939,0.637499552466407
0.462548252590612,0.279989158897666,0.637137193037435
0.459485678576034,0.282447995227578,0.636784246745868
0.456309052514699,0.284961986422162,0.636443599084429
0.453022391975721,0.287524255729783,0.636118093156396
0.44963023394259,0.290127771447114,0.635810462177867
0.446137375941769,0.292765561411356,0.635523280086123
0.442548651076978,0.295430867188899,0.635258930627549
0.438868753268973,0.298117238964599,0.635019593295148
0.435102125141743,0.300818576015699,0.634807243088347
0.431252918759301,0.303529119379375,0.634623660142978
0.427325036553534,0.306243404746522,0.634470444576708
0.42332225737318,0.308956183873388,0.634349031465739
0.419248447323601,0.311662323984628,0.63426070059139
0.41510784729648,0.31435669602581,0.634206575708691
0.410905417894036,0.317034064498947,0.634187608814618
0.406647207622716,0.319688994048374,0.634204546548472
0.402340695129137,0.322315789329415,0.634257878720752
0.397995044074529,0.324908484458148,0.634347772983054
0.393621206674833,0.327460894646022,0.634474004281692
0.389231824728582,0.329966734627773,0.63463589176429
0.384840907252781,0.332419796781191,0.634832257590497
0.380463308455811,0.334814168156319,0.635061420151472
0.37611407606362,0.337144454581477,0.635321228188948
0.371807772699318,0.339405975712005,0.635609133583011
0.367557879895408,0.341594899743934,0.635922291910802
0.363376372171664,0.343708299922259,0.63625767427913
0.359273507191406,0.345744132073487,0.636612173041025
0.355257831813116,0.347701147908807,0.636982687552021
0.351336367096701,0.349578768287918,0.637366182230271
0.347514914747337,0.35137694281856,0.637759715617432
0.34379842332194,0.353096018168111,0.638160444175356
0.340191359816086,0.354736630016945,0.638565607510929
0.336698045283984,0.356299625187442,0.638972502706081
0.333322926610061,0.357786013166516,0.639378455068651
0.33007076819186,0.359196940578426,0.639780791500949
0.326946755210121,0.36053367869967,0.640176821418475
0.323956505174766,0.361797612374975,0.64056382897998
0.321105987456773,0.362990218503732,0.640939079406428
0.318401352785149,0.364113023576705,0.641299841308505
0.315848678104381,0.36516753247614,0.641643425964513
0.313453638190574,0.366155125128908,0.641967243137578
0.311221124615784,0.367076923982418,0.642268871129883
0.309154845758701,0.36793364328176,0.642546136182496
0.30725695630411,0.368725440297974,0.642797193351344
0.305527777730963,0.369451796993916,0.643020598173536
0.303965676336387,0.370111465294661,0.643215356843719
0.302567155429427,0.370702506660404,0.643380943458227
0.301327189345177,0.371222444266277,0.643517276967626
0.300239780052816,0.371668524590546,0.643624657758104
0.299298664395423,0.372038059201657,0.643703672523415
0.29849805844551,0.372328795977824,0.643755083611508
0.297833312518238,0.372539260068873,0.643779722477928
0.297301371792377,0.372669012507032,0.643778404999217
0.296900985354585,0.372718795043207,0.643751880044134
0.296632662394596,0.372690555353971,0.643700814411316
0.296498420358432,0.372587368484528,0.64362580977849
0.296501395482821,0.372413283192388,0.643527442473619
0.296645390912603,0.372173125031257,0.643406315079257
0.29693442742773,0.371872284103743,0.64326310950862
0.297372344622652,0.371516507963951,0.643098633241309
0.297962482674651,0.371111712242782,0.6429138529699
0.298707460376562,0.370663815220694,0.642709912411541
0.299609055150274,0.370178598720702,0.642488133221332
0.300668184721176,0.369661596539158,0.642249999809275
0.301884986517377,0.369118012779013,0.641997130510044
0.303258987782099,0.368552675134264,0.641731239114467
0.304789354695795,0.367970031412511,0.641454092366786
0.306475201343437,0.367374199769653,0.641167470517219
0.308315928295952,0.366769082666493,0.640873139184658
0.31031154682962,0.366158549607036,0.640572841115792
0.312462931343145,0.365546682962321,0.64026831525068
0.314771934196102,0.364938064792771,0.639961347209405
0.317241300521334,0.364338063044216,0.639653849590319
0.319874341218864,0.363753058299579,0.639347962807814
0.32267436190821,0.363190544985695,0.639046159153336
0.325643898123377,0.362659050490104,0.638751326864624
0.328783859137834,0.36216784417273,0.63846680986246
0.332092716206345,0.361726450543528,0.63819638411057
0.335565872974338,0.361344024546617,0.637944162563778
0.339195322617589,0.361028678136112,0.637714434621577
0.342969639477863,0.360786856565267,0.637511458732109
0.346874290407359,0.360622849292024,0.637339234869578
0.35089220054937,0.36053849089027,0.637201285432079
0.355004479675123,0.360533071986306,0.637100469240894
0.359191210243119,0.360603447906064,0.637038845705227
0.363432210884452,0.360744308743167,0.637017597246418
0.367707710698316,0.360948560367511,0.637037009659128
0.371998893979231,0.361207760405444,0.63709650334346
0.376288295867142,0.361512554261402,0.637194703687651
0.380560045030799,0.361853061666688,0.637329536199841
0.384799959652364,0.362219172590733,0.637498330998389
0.388995509030482,0.362600722101221,0.637697921744422
0.393135657710249,0.362987527242456,0.637924726034225
0.397210613641953,0.363369285824612,0.63817479781532
0.401211508498375,0.363735357517799,0.638443847777055
0.405130046868502,0.364074470740026,0.638727234857297
0.408958169218629,0.36437442100472,0.639019940281338
0.412687778862795,0.364621841507362,0.639316543371024
0.416310580052624,0.364802126648548,0.639611223155018
0.419818060437689,0.364899567395507,0.639897808934536
0.423201625946634,0.364897713360409,0.640169894776153
0.426452865871177,0.364779919698654,0.640421018510628
0.429563899182174,0.364529985527815,0.640644889260753
0.432527739574524,0.364132764047951,0.640835634670426
0.435338620888875,0.363574633544698,0.640988034543405
0.437992244648771,0.36284375765262,0.64109771297959
0.440485935690091,0.361930117837985,0.641161272850701
0.442818716480395,0.360825349872803,0.641176370592176
0.444991325101013,0.359522448358817,0.641141740612791
0.447006206775289,0.358015415464798,0.641057185162579
0.448867505002416,0.35629892690199,0.640923546995278
0.450581068972225,0.354368076914917,0.640742679821676
0.452154481657253,0.352218250690614,0.640517426882605
0.453597099913131,0.349845160013311,0.640251612180571
0.454920085844233,0.347245065741942,0.639950042687754
0.456136399217907,0.344415195921369,0.639618513539468
0.457260715833366,0.341354347050423,0.639263802161992
0.458309238739282,0.338063625025001,0.638893632205762
0.459299380202126,0.334547241163469,0.63851658544531
0.460249312613274,0.330813234768224,0.638141941730652
0.461177414173454,0.326873960852706,0.637779435797562
0.46210166352139,0.322746183252866,0.637438936349195
0.463039057084474,0.318450668882977,0.637130074794551
0.464005123406863,0.314011291998798,0.636861871436679
0.46501358458724,0.309453798502487,0.636642415721261
0.46607616953593,0.304804494680598,0.636478646918693
0.467202531602528,0.300089154376408,0.636376253058621
0.468400183871045,0.295332365558502,0.636339670029469
0.469674356200102,0.290557391813594,0.636372134644405
0.471027703937205,0.285786470810476,0.636475736047749
0.472459851162271,0.281041365633094,0.636651420300559
0.473966814060852,0.276343950635567,0.636898926539496
0.475540404488063,0.271716641062083,0.637216660271985
0.477167747096929,0.267182537032435,0.637601532866847
0.478831050204134,0.262765219968693,0.638048812659328
0.480507753170167,0.258488193910762,0.638552041899225
0.482171137470337,0.254374001561587,0.639103075433268
0.483791440571795,0.250443073956408,0.639692290670397
0.485337453406582,0.24671240819118,0.640309001135682
0.486778509164977,0.243194226629429,0.640942073050876
0.488086678865031,0.239894853500545,0.641580693457884
0.489238882792888,0.236814124301759,0.642215174975235
0.490218536939135,0.233945658134288,0.642837626462477
0.49101633904758,0.231278201194377,0.643442303948961
0.491629923510835,0.228797966837608,0.644025512656832
0.492062390693837,0.22649153682666,0.644585058869994
0.492320056372604,0.224348632334909,0.645119401625223
0.492410008641204,0.222364075225301,0.645626753604644
0.492338074863375,0.220538548226682,0.646104377996601
0.492107595541611,0.218878165009875,0.646548234992569
0.491719102182992,0.217393175570294,0.646953006213996
0.491170746665772,0.216096254017197,0.647312425826161
0.49045920363102,0.215000767285054,0.647619798899329
0.489580756121272,0.214119290349664,0.64786858451796
0.488532328295496,0.213462497381089,0.648052942841324
0.487312298421418,0.213038461603952,0.648168173558578
0.485920982040842,0.212852348726395,0.648210997603688
0.48436071206492,0.21290647826257,0.648179652364697
0.482635468266135,0.213200734900575,0.648073786073755
0.480750040489871,0.213733317407645,0.647894155634146
0.478708768208632,0.214501795980099,0.647642160105695
0.476513998437224,0.215504395160013,0.647319282903242
0.474164540241785,0.216741324743942,0.646926565550551
0.471654527667399,0.218215866114014,0.646464278062004
0.468973150874806,0.21993484411793,0.645931954828927
0.466105582172132,0.221908160660062,0.645328896664564
0.463035078014468,0.224147295858014,0.644655092217612
0.459745795784243,0.226663047029578,0.64391233527682
0.456225558521872,0.229463096150655,0.6431052047482
0.452467821787915,0.232550071918285,0.642241607534759
0.448472424764819,0.235920552720252,0.64133274797547
0.444245135983516,0.239565087035854,0.640392585739305
0.439796317920337,0.243468998015972,0.639436978074228
0.435139152233948,0.247613605877645,0.638482734577073
0.430287834530731,0.251977531239076,0.637546767365798
0.425256052177432,0.256537855936005,0.636645442771994
0.420055970554205,0.261271037943554,0.635794168508999
0.414697894976616,0.266153564686838,0.635007196927995
0.409190740305021,0.271162368922459,0.634297590312104
0.403543386395294,0.276275032950022,0.63367727013776
0.397766873207045,0.281469784856047,0.633157054146392
0.391877147312575,0.286725269661568,0.632746576655458
0.385897720278634,0.292020088272696,0.632454004526387
0.379861267999078,0.297332163806196,0.63228552427105
0.373809170913133,0.302638106325605,0.632244688510849
0.367788549386373,0.307912836241739,0.632331828500855
0.361847429449848,0.313129690757593,0.63254377602918
0.35602966724278,0.318261049744595,0.632874031470875
0.350371412283878,0.323279288603913,0.633313315083484
0.344900066599106,0.328157763913401,0.633850283319
0.339635546890238,0.332871613069673,0.634472175980214
0.334592915982864,0.337398311315099,0.635165258996109
0.329785341263975,0.341718058128649,0.635915051667947
0.325226627012422,0.345814110844624,0.63670641062587
0.320932936551741,0.349673163628691,0.637523572505326
0.316923590001712,0.353285819036932,0.638350250934007
0.313220957438059,0.356647141668146,0.639169861687311
0.309849505819639,0.35975722584078,0.639965924018443
0.306834064790858,0.362621649707056,0.640722656475183
0.304197408844506,0.365251631274151,0.641425746603066
0.301957359966914,0.367663660646828,0.642063219184969
0.300123812527645,0.36987839107053,0.642626258841584
0.298696324364059,0.371918679166644,0.643109780451624
0.297663075210833,0.373806903930873,0.643512526200817
0.297001876805765,0.37556202632208,0.643836547510712
0.296683404832816,0.377197125387386,0.644086113740993
0.29667602466008,0.378718152628211,0.644266312835505
0.296950896329059,0.380124281158524,0.644381747785357
0.297485907628682,0.38140964259796,0.644435691305985
0.298267501791764,0.382565771820874,0.644429860182296
0.299290299642996,0.383583962295854,0.644364735052665
0.300555086770797,0.384456954133261,0.644240203363567
0.302065998544774,0.385179735377068,0.644056279727284
0.303827649451666,0.38574953666781,0.643813717872016
0.305842714862018,0.386165257058409,0.643514411760875
0.308110227613767,0.386426588010589,0.643161554758028
0.310624645061359,0.386533070062641,0.642759579054492
0.31337560223082,0.386483280997807,0.642313932697215
0.31634823307517,0.386274328749485,0.641830763414331
0.319523997892377,0.385901790405758,0.64131657077025
0.32288202123619,0.385360191329234,0.640777875838451
0.326400958600967,0.384644047839115,0.640220948920214
0.330061340318833,0.383749383480772,0.639651628999141
0.333848168147445,0.382675460319713,0.639075258950809
0.337753281971396,0.381426271823148,0.63849674442235
0.341776772097513,0.380011219264086,0.637920721228654
0.345926688201617,0.378444485964216,0.637351789410545
0.35021668702034,0.376743026630986,0.636794749602794
0.354662034049301,0.374923688321634,0.636254770084194
0.3592751262734,0.373000431121369,0.635737430385286
0.364061916363864,0.370982593831339,0.635248627611083
0.369020143817422,0.368874663051807,0.634794377777361
0.374139476622146,0.36667739547805,0.634380574195924
0.379403040949198,0.36438975617236,0.634012766101662
0.384789593610519,0.362011065992079,0.633695998350699
0.390275694060693,0.35954288234486,0.633434721130136
0.395837463911649,0.35699031273693,0.63323275055158
0.401451740660446,0.354362586236346,0.633093243428888
0.407096583587019,0.351672768165221,0.633018644001367
0.412751179469522,0.348936534913229,0.633010566364356
0.418395258164399,0.34616999164056,0.633069594029777
0.424008195395849,0.343386684085535,0.633195008612071
0.429568066539804,0.340594263013661,0.633384502447617
0.435050996528817,0.337791650171241,0.633633976180512
0.440431155328581,0.334967818166483,0.633937548065982
0.445681592619944,0.332103105549552,0.63428787182424
0.450775779177138,0.329173155331221,0.634676755769409
0.45568937382395,0.326154391632533,0.635095935112744
0.460401602325407,0.323029189356275,0.635537762300208
0.464895827973074,0.319789110079666,0.635995615794082
0.469159272309223,0.316435568779394,0.636463961606759
0.473182156614188,0.312978331011523,0.636938141555802
0.476956642892829,0.309432775462922,0.637414034160212
0.480475890873303,0.305816853358761,0.637887729714494
0.483733419141932,0.302148391712528,0.638355314057247
0.486722845404771,0.298443072257539,0.638812802333958
0.48943800985437,0.294713197236415,0.639256223537594
0.491873447200082,0.29096724621137,0.63968183090893
0.494025146025359,0.287210197803029,0.640086396263265
0.495891497177202,0.283444584699092,0.640467530723953
0.497474275496532,0.279672218569751,0.640823957383962
0.498779429412409,0.275896425627299,0.641155647948632
0.499817401469363,0.272124466327392,0.64146373825214
0.500602721970145,0.268369618618064,0.641750173176504
0.501152759544675,0.264652287798085,0.642017108329173
0.501485777883806,0.260999607730514,0.642266196816514
0.501618745661171,0.257443389411048,0.642497966410876
0.501565510356401,0.254016849575664,0.642711488671141
0.501335849469717,0.250751027052568,0.642904440036673
0.500935586207469,0.247671889115629,0.643073504795895
0.500367583640701,0.244798795832161,0.64321495511212
0.499633199741379,0.242144447486667,0.643325217089565
0.498733759405699,0.239715984378617,0.643401284319653
0.497671715345351,0.237516699908656,0.643440923193295
0.496451324851097,0.235547853039168,0.643442683530997
0.495078797353186,0.233810221329527,0.643405765896905
0.493561955676096,0.232305219048925,0.643329807607506
0.491909521878885,0.23103555305952,0.643214646199929
0.490130195694358,0.23000546193564,0.643060113215417
0.488231715435292,0.22922057272943,0.642865904920749
0.486220051874457,0.228687359474064,0.6426315650333
0.484098811987791,0.228412174622577,0.642356594560698
0.48186888128753,0.228399888048945,0.642040679011172
0.479528337065011,0.22865228643626,0.641683998688951
0.477072685311959,0.22916651329365,0.641287565188681
0.474495466036398,0.229933926475452,0.640853509346907
0.471789212114334,0.230939766611545,0.640385241141524
0.468946645364053,0.232163909258765,0.639887421441051
0.465961891371086,0.23358269571698,0.639365733063149
0.462831450258236,0.235171477236066,0.638826501343327
0.459554717364185,0.23690723220886,0.638276264231593
0.456133992131639,0.238770586487081,0.637721402045423
0.452574078664848,0.240746806008743,0.637167903198861
0.448881687908949,0.242825701686565,0.63662128522623
0.44506486241386,0.245000700950041,0.636086639402032
0.441132578436578,0.247267487719016,0.635568740329911
0.437094581998139,0.249622597113072,0.635072160187746
0.432961427191772,0.252062241999712,0.634601342170102
0.428744626315506,0.254581518681537,0.634160608800601
0.424456795647502,0.257174032272114,0.633754101385515
0.420111680311146,0.259831913703821,0.633385663558234
0.415723961680728,0.262546164367494,0.633058693966715
0.411308786375498,0.265307249815829,0.632776000503272
0.406881008852709,0.268105856867511,0.632539690999925
0.40245420917921,0.270933719473119,0.63235113201631
0.398039628626684,0.273784403282355,0.632210997024
0.39364524190463,0.276653920306556,0.632119407420152
0.389275224132904,0.279541037787175,0.632076146115918
0.384930038579611,0.282447168694829,0.632080899502322
0.380607243634846,0.285375803513175,0.632133468147664
0.376302918395269,0.288331556488498,0.632233888553765
0.372013406577314,0.291319016853091,0.632382430748968
0.367736972092225,0.29434165961761,0.632579472709855
0.363474999085205,0.297401045236462,0.632825288110154
0.359232529697014,0.300496434879153,0.633119804684852
0.355018131164182,0.30362482025101,0.633462390921234
0.350843236853886,0.30678126872891,0.633851713081458
0.346721175420518,0.309959441663998,0.634285681996314
0.342666096629994,0.313152150512255,0.634761488154661
0.338691954009515,0.316351849793637,0.635275708911542
0.334811644651626,0.319551006871014,0.635824463981486
0.331036356041618,0.322742323017518,0.636403593237999
0.327375136135435,0.325918804558501,0.637008832104513
0.323834686338835,0.32907369790598,0.637635962583408
0.320419372844039,0.332200311575562,0.638280921141722
0.317131453612896,0.335291755485399,0.638939848055765
0.313971519856578,0.338340635473312,0.639609066915962
0.310939145745948,0.34133875053879,0.640284988927158
0.308033723729202,0.34427685074819,0.640963945533358
0.30525543221904,0.347144522251939,0.641641965578369
0.302606239419406,0.349930266580747,0.64231452914988
0.300090800178301,0.352621827012332,0.642976346745576
0.297717069577585,0.355206778571326,0.643621223777209
0.295496460982992,0.357673339745648,0.644242068994415
0.293443437191841,0.360011294581798,0.64483108465191
0.291574540962959,0.362212857898995,0.645380136208843
0.289907014160373,0.364273302884603,0.645881250591969
0.28845726799462,0.366191215271726,0.646327153268264
0.287239501038274,0.367968330127057,0.646711742649538
0.286264703650352,0.369609010441795,0.647030420608973
0.285540167933532,0.371119501647053,0.647280239842659
0.285069494348362,0.372507120742237,0.647459874083627
0.284852992570105,0.373779516911231,0.647569450426108
0.28488833191765,0.374944092278529,0.647610297906415
0.285171298515957,0.376007619161574,0.647584665274819
0.285696543998098,0.376976048827425,0.647495450041908
0.286458246172888,0.37785448183066,0.647345966884094
0.287450633842271,0.378647260196486,0.647139770726945
0.288668350485355,0.379358142215575,0.64688054024835
0.290106644196622,0.379990526287037,0.646572021311655
0.291761376862815,0.380547696961258,0.646218025931238
0.293628847528215,0.381033070790776,0.645822479537375
0.295705428695112,0.381450420789016,0.645389506055407
0.297987024073277,0.381804055768935,0.644923535863998
0.300468376899714,0.382098926422513,0.644429415717876
0.303142290808851,0.382340626685562,0.643912493279439
0.305998867464872,0.382535261431323,0.643378644394462
0.309024906130278,0.382689164738387,0.642834212373434
0.312203630219473,0.382808479368711,0.642285839259513
0.31551488154542,0.382898644277192,0.641740190935545
0.318935840283147,0.382963871443509,0.641203607303018
0.322442199500017,0.383006709410909,0.640681735688581
0.326009592151418,0.383027775932628,0.640179217260595
0.32961499336205,0.38302569750704,0.63969948488831
0.333237838743943,0.382997237101437,0.639244699969811
0.336860700703957,0.382937547074779,0.638815818818065
0.340469498417553,0.382840467944324,0.638412751593397
0.344053329179563,0.38269880523569,0.638034566460456
0.347604066169051,0.382504544560073,0.637679697445867
0.351115870891752,0.382248995348798,0.63734612910167
0.354584736365072,0.381922877068096,0.637031547013013
0.358008132058784,0.38151637521125,0.636733455615499
0.361384779800916,0.381019199224059,0.636449272120257
0.364714558989337,0.380420673686378,0.63617640809617
0.36799852015864,0.379709890255634,0.635912349805362
0.371238975911612,0.378875942580673,0.635654746007825
0.374439633959546,0.377908259720011,0.635401508510002
0.377605735329836,0.376797044549346,0.635150926658682
0.380744159695068,0.375533810745679,0.634901792434322
0.383863459695895,0.37411199376546,0.634653527873193
0.386973787808393,0.372527588201792,0.634406301739402
0.390086685766339,0.370779738912405,0.634161118588064
0.393214719581888,0.368871193490284,0.633919862124426
0.396370964445488,0.366808518681393,0.63368527756784
0.399568370674237,0.364602003033682,0.633460885403396
0.402819068463688,0.36226521588391,0.633250830523911
0.406133686917835,0.35981426058383,0.63305968330306
0.40952076428774,0.357266827393407,0.632892218311218
0.412986309702145,0.354641194105152,0.632753198667097
0.416533547418895,0.351955323959395,0.632647188676626
0.420162842675927,0.349226172305898,0.632578407003439
0.423871783378741,0.346469253101524,0.632550621456575
0.42765537847753,0.343698457106642,0.632567078333153
0.431506332024626,0.340926072059164,0.632630455713572
0.435415356944272,0.338162937345813,0.632742830643665
0.439371500793727,0.335418667277848,0.632905653027573
0.443362463671036,0.332701890017016,0.633119722539123
0.447374895350932,0.330020464897454,0.633385167801404
0.451394663679222,0.327381654774227,0.633701429025287
0.455407090762519,0.32479223931836,0.634067246363199
0.459397157034918,0.322258560979902,0.634480656697638
0.46334967759087,0.319786498443006,0.634939001875785
0.467249458943633,0.317381365787211,0.635438951645175
0.471081448001028,0.315047740560472,0.635976544794203
0.474830887440622,0.312789231890936,0.636547252037843
0.478483491575139,0.310608210720738,0.6371460636247
0.482025653074966,0.30850553687697,0.637767603041927
0.485444682537122,0.306480329346786,0.638406265188566
0.488729070910958,0.304529832370137,0.639056373119663
0.491868749965501,0.30264942729158,0.639712342305172
0.494855313892508,0.300832824518383,0.640368836835443
0.497682159420424,0.299072442324241,0.641020899609137
0.500344507321217,0.297359943746488,0.641664039928468
0.502839285792845,0.295686868199391,0.642294267705338
0.505164882088496,0.294045271078901,0.642908072691681
0.507320795363662,0.29242828048258,0.643502357378599
0.509307242664829,0.290830496956207,0.644074340481638
0.511124775480791,0.289248194712289,0.644621451851828
0.512773956279145,0.287679320603225,0.645141238616141
0.514255126850013,0.28612332003348,0.645631297258878
0.5155682798825,0.284580839791233,0.646089239336606
0.51671302756512,0.283053364859598,0.646512691626074
0.517688649450856,0.281542842063631,0.646899326210698
0.518494196777076,0.280051332584901,0.64724691284664
0.519128630558581,0.278580722465195,0.647553384758663
0.519590974067546,0.277132508360039,0.64781690928145
0.519880464761256,0.275707666596693,0.648035955846251
0.519996694821966,0.274306607514835,0.648209355154387
0.519939732603674,0.272929213179847,0.648336344716829
0.519710219067643,0.271574953985502,0.648416597082622
0.519309433950962,0.270243077182051,0.648450228068723
0.518739326391572,0.268932856836761,0.648437783287959
0.518002504637555,0.267643889509705,0.648380202440822
0.517102180017326,0.266376412801946,0.648278762397569
0.516042062219392,0.265131615563492,0.648135002166241
0.514826206650536,0.263911900656785,0.647950635369559
0.513458820338005,0.26272105650632,0.647727458535105
0.511944040063672,0.261564295639577,0.647467265752091
0.510285703790574,0.260448129834753,0.647171781242216
0.508487142119463,0.259380073250034,0.646842620366108
0.506551018142586,0.258368194052295,0.646481286117116
0.504479240289106,0.257420565083135,0.646089202611143
0.502272963209078,0.256544686077532,0.645667780572208
0.499932678474155,0.255746956780505,0.645218504057915
0.497458382875263,0.255032269417152,0.644743024183641
0.494849800951725,0.254403764072922,0.644243245223219
0.49210663254558,0.253862759558072,0.643721390990223
0.489228796187099,0.253408843882199,0.643180043800566
0.486216644262937,0.253040088728456,0.64262215331297
0.483071134056148,0.252753343381483,0.642051016963244
0.479793947603941,0.252544564191612,0.641470236839256
0.476387561509754,0.252409142794723,0.640883659542362
0.472855273889819,0.252342206470186,0.640295305914984
0.469201199615854,0.252338874484673,0.639709296902627
0.465430246409363,0.25239446323009,0.639129780533858
0.461548084079319,0.252504639634023,0.638560863486672
0.45756111716887,0.252665526561484,0.638006549136915
0.453476467963024,0.252873766087466,0.637470682564551
0.449301972886981,0.253126547125542,0.636956901903967
0.445046190267853,0.253421603587492,0.636468594640385
0.440718412443405,0.253757188568687,0.636008857173124
0.436328670552036,0.254132029450525,0.635580456185417
0.431887716403511,0.254545268614989,0.635185791048515
0.427406964591072,0.254996394692118,0.634826857684799
0.422898379694728,0.25548516982057,0.634505215736467
0.418374299145982,0.256011558937737,0.634221962269019
0.413847192112972,0.256575667167559,0.633977716174599
0.409329366328439,0.257177690671266,0.633772617469911
0.404832646582245,0.257817884620736,0.633606344664903
0.400368057051814,0.258496549452926,0.633478151343842
0.395945541820429,0.259214033780003,0.633386920473551
0.391573753729055,0.25997074973086,0.633331232429038
0.38725993117669,0.260767194749711,0.633309440916036
0.383009869591491,0.261603973100252,0.63331975031596
0.378827981086223,0.262481810785845,0.633360288483402
0.374717426214974,0.263401558974682,0.633429170412662
0.370680296550995,0.264364183150426,0.633524549960556
0.366717826214617,0.265370737723429,0.63364465850901
0.362830613056606,0.266422328447253,0.633787830771746
0.359018834913979,0.267520067180388,0.633952518777279
0.355282450522452,0.268665025257341,0.634137295497307
0.351621378690558,0.269858192336075,0.634340849756402
0.348035651401307,0.271100447216486,0.634561974167644
0.344525537334379,0.272392545567978,0.634799548001303
0.34109163224668,0.273735126850227,0.635052517152738
0.337734912048315,0.27512873927917,0.63531987371366
0.334456744138311,0.27657387777192,0.635600637955736
0.331258853178535,0.278071025875627,0.635893845660699
0.328143239428545,0.279620689330923,0.636198543514837
0.325112051273518,0.281223406833528,0.636513794586282
0.322167418847125,0.282879723366388,0.636838694611185
0.319311262031209,0.284590113997042,0.637172397965369
0.316545093121371,0.286354851588467,0.637514149916317
0.313869840848868,0.288173820374374,0.63786331935386
0.31128572591302,0.29004628843097,0.638219424273486
0.308792217592914,0.291970663600958,0.63858214137979
0.306388094160395,0.29394426716461,0.638951291969494
0.30407161637668,0.295963164391758,0.639326799085853
0.301840804616112,0.298022088470563,0.639708615666895
0.299693789990382,0.300114482800221,0.640096629166756
0.297629192705083,0.302232668203952,0.640490553629888
0.295646472489256,0.304368119787328,0.640889823797127
0.293746198885331,0.306511818875772,0.641293506455614
0.291930203335078,0.308654633517395,0.641700241616034
0.290201596210019,0.310787679341291,0.642108221016486
0.28856465465962,0.312902620283476,0.642515205303761
0.287024605709789,0.31499188287876,0.642918575615552
0.285587340428782,0.317048773820906,0.643315411219889
0.284259098276014,0.319067504950563,0.64370258286601
0.283046157861413,0.321043140060428,0.644076851302155
0.281954563558568,0.32297148367719,0.644434961554364
0.280989909423905,0.324848933695419,0.644773725379733
0.280157194306772,0.326672318889859,0.64509008636465
0.279460755949638,0.328438739812511,0.645381164082157
0.278904286920342,0.330145428881435,0.645644275587694
0.278490930843582,0.33178964307426,0.645876934399116
0.27822345275958,0.333368600315519,0.646076829097421
0.278104471406518,0.334879468509185,0.646241786023902
0.278136733464033,0.336319413401988,0.646369723193951
0.27832340068272,0.3376857069261,0.646458605196049
0.278668311781111,0.338975891283941,0.646506410978111
0.279176174822613,0.340187985008054,0.646511127084685
0.279852645951507,0.341320707193844,0.646470777216715
0.280704259984126,0.342373686838868,0.646383494272436
0.281738198406545,0.343347619239887,0.64624763352755
0.282961908907784,0.344244334842687,0.646061916609946
0.284382619686659,0.345066757117633,0.64582558795188
0.286006815426137,0.345818746898048,0.645538560729352
0.287839750000205,0.346504853118373,0.645201530056232
0.28988506275447,0.347130009324765,0.64481603704169
0.292144542392259,0.347699225090145,0.644384476649942
0.294618053214588,0.3482173195357,0.643910052159652
0.297303610451513,0.348688731883936,0.643396686898053
0.300197571560792,0.349117426093466,0.642848908191035
0.303294900778503,0.349506888241207,0.642271719047419
0.306589464213643,0.349860200552596,0.641670470812698
0.310074319484486,0.350180166775711,0.64105074618374
0.313741973500992,0.350469459927597,0.640418257860608
0.317584592109242,0.350730764192057,0.639778764488341
0.321594153458036,0.350966886319921,0.639138002944871
0.325762542930707,0.351180817088566,0.638501634415925
0.330081590677735,0.351375729484421,0.637875201013556
0.334543054568768,0.351554907224164,0.637264089543569
0.339138551836508,0.351721605190302,0.636673499268092
0.343859443835181,0.351878852529956,0.636108410771929
0.34869668045979,0.352029219144029,0.635573553315747
0.353640615483718,0.352174575849386,0.635073368229101
0.358680810845584,0.352315885343542,0.634611966196063
0.36380585654125,0.35245306242152,0.634193076895015
0.36900324006422,0.352584935231609,0.633819990769772
0.374259302298,0.352709324062059,0.633495494823855
0.379559310488271,0.352823232342192,0.633221807123494
0.384887662344814,0.352923121201138,0.633000517343317
0.390228209062637,0.353005220369532,0.632832542141065
0.395564657871376,0.353065819886219,0.632718103244932
0.400880994757137,0.35310149130365,0.632656732730222
0.40616186456314,0.353109202389599,0.632647304909611
0.411392859928124,0.353086311084303,0.632688089414455
0.416560697189744,0.353030446887287,0.63277681718033
0.421653286531888,0.352939305931774,0.632910751039097
0.426659725113631,0.352810396978559,0.633086755056263
0.43157025159555,0.352640779127884,0.633301360372517
0.436376197871094,0.352426829753515,0.633550828698794
0.441069962437659,0.352164075366366,0.633831216749757
0.445645015403607,0.351847110928066,0.634138445445717
0.450095930516057,0.351469625917001,0.634468376759719
0.454418428076191,0.351024548482398,0.634816899057187
0.458609404982872,0.350504311676731,0.635180019109268
0.462666924791254,0.349901236776599,0.635553956060849
0.466590142519435,0.349208016582856,0.635935229953631
0.470379145450626,0.348418265564342,0.636320735330644
0.474034703704839,0.347527084360044,0.636707789661737
0.477557941962627,0.346531566821642,0.637094147500827
0.480949965031057,0.345431164757613,0.637477975099769
0.484211489717724,0.344227827632884,0.637857786683694
0.48734254696339,0.342925859449422,0.638232351784372
0.490342312840161,0.341531485071532,0.638600590516513
0.493209102682431,0.340052183843395,0.638961477585799
0.495940522477097,0.338495909656013,0.639313973632538
0.498533729399181,0.336870349452344,0.639656994245651
0.500985724202453,0.335182361700661,0.639989415264313
0.503293592562368,0.333437685770607,0.640310102152797
0.505454629466628,0.331640942992878,0.64061794490107
0.507466311803647,0.3297958856502,0.640911879571068
0.509326116858705,0.327905809743053,0.641190882172441
0.511031210606046,0.325974035188772,0.641453927799255
0.512578047116928,0.324004365849021,0.641699915777565
0.513961931151514,0.322001459489238,0.641927568772877
0.515176604997424,0.319971052284469,0.642135320373215
0.516213928758468,0.317919989975621,0.642321211605035
0.517063729569363,0.315856021059787,0.642482821990614
0.517713893525432,0.313787319745444,0.64261726363821
0.51815075968328,0.311721742009822,0.642721265283317
0.518359846912324,0.309665880619783,0.642791364966555
0.518326900866961,0.307624062813241,0.642824213495073
0.518039187435672,0.305597502596822,0.642816965779579
0.517486880005634,0.303583852910736,0.642767706161247
0.516664305304223,0.30157737587075,0.642675824861609
0.515570762926339,0.299569845203763,0.642542249096443
0.514210664617799,0.297552117291371,0.642369448404243
0.512592877740312,0.295516099320682,0.642161184451293
0.510729375327566,0.29345668682269,0.641922048142036
0.50863350598934,0.291373219428209,0.641656891991256
0.506318302500337,0.289270139228029,0.641370293675664
0.503795201557094,0.287156771786659,0.641066166288393
0.50107338548143,0.28504638108887,0.640747576048928
0.498159763746402,0.282954789202872,0.640416766158197
0.495059464055655,0.280898874454777,0.640075339082637
0.491776629961977,0.27889519751254,0.639724527854312
0.488315316825705,0.276958905307849,0.639365487123811
0.484680310340798,0.275102969947747,0.638999547889741
0.480877736794268,0.273337757936756,0.638628397852042
0.476915374287929,0.271670897378781,0.638254166631557
0.472802605799155,0.270107409460614,0.637879409712895
0.468549983733384,0.268650080946374,0.637506997487404
0.464168413958787,0.267300060929106,0.637139928134431
0.459668027582755,0.266057653602298,0.636781096775925
0.455056897418526,0.264923242067438,0.636433067868465
0.450339860257965,0.263898220439498,0.636097908937244
0.445517785241527,0.26298575418704,0.63577714360706
0.44058761963865,0.26219116831255,0.63547186186281
0.435543390179188,0.261521814564792,0.635182982957553
0.430378049472864,0.260986397956633,0.634911612350403
0.425085742373267,0.260593905564813,0.634659392988542
0.419663891469771,0.260352399260404,0.634428747611303
0.414114569666722,0.260267948818493,0.634222947872803
0.408444899764686,0.260343894395154,0.634046007710853
0.402666544384448,0.260580494552281,0.633902451328902
0.396794578183817,0.260974903826882,0.63379702955673
0.390846112827368,0.261521368278451,0.633734450960498
0.384839005240218,0.262211528581588,0.633719167915112
0.378790885265611,0.263034758498196,0.633755227061908
0.372718640675803,0.263978519182533,0.633846167744992
0.366638415543327,0.26502875774209,0.633994935570193
0.360566107183339,0.266170406419385,0.63420377282391
0.354518269389449,0.26738803392037,0.634474054361519
0.348513234094499,0.268666654564923,0.634806057903703
0.342572159242516,0.269992618447503,0.635198690413612
0.336719640503797,0.271354413497402,0.635649230138536
0.330983557136142,0.272743158596278,0.63615317097524
0.325394008345968,0.274152608224672,0.636704251706428
0.319981509561704,0.275578633605289,0.637294706211031
0.314774923713648,0.277018332284983,0.637915695402539
0.309799729500115,0.278469045277656,0.638557814304406
0.30507709728167,0.279927562730299,0.639211544991201
0.300623933072559,0.281389695712706,0.639867557498697
0.296453732887146,0.282850258605929,0.640516824285878
0.292577899105661,0.28430340749732,0.641150576050268
0.289007140396964,0.28574323365436,0.641760164948796
0.28575265624524,0.287164503855525,0.64233691146186
0.282826923300891,0.288563448595395,0.642872001629298
0.280243996403284,0.289938509039409,0.643356484419077
0.278019293031839,0.291290953880171,0.64378140251895
0.276168851374623,0.292625267160334,0.644138076326551
0.274708072375708,0.293949194242547,0.644418544976574
0.27365002951028,0.295273329704514,0.644616137828154
0.273003597920726,0.296610160205347,0.644726095694342
0.272771876317692,0.297972561425971,0.644746095900723
0.272951491855435,0.299371911927501,0.644676503586167
0.273533236920487,0.300816201260858,0.644520217742419
0.27450408262847,0.302308669419602,0.644282105838964
0.27585010082641,0.303847477207183,0.643968176606606
0.277559439666258,0.305426605842718,0.643584751253977
0.279624440515746,0.307037725447626,0.643137897360618
0.28204230343487,0.308672397723836,0.642633279259755
0.284814238170149,0.310323884160123,0.64207641219647
0.287943509869094,0.31198804563482,0.641473168927221
0.291433021773291,0.313663187589857,0.640830329654513
0.295283053804596,0.315349038113715,0.640155990034159
0.299489591162621,0.317045234077349,0.639459714512788
0.304043448250744,0.318749732344665,0.638752405463718
0.308930197155342,0.320457515480676,0.638045927831587
0.314130789027069,0.322159887030115,0.63735257282218
0.319622707780694,0.323844576703382,0.636684464071296
0.3253814821307,0.325496785864285,0.636053012823549
0.331382365890635,0.327101159517782,0.635468518635505
0.33760195524061,0.328644438088338,0.634939986545046
0.34401944765094,0.330118235522676,0.634475185458258
0.350617205495311,0.331521120258768,0.634080905283067
0.357380333183898,0.332859138403155,0.633763297251329
0.364295187217433,0.334144294032667,0.633528133255183
0.37134710160972,0.335391254325014,0.633380831443514
0.37851797963816,0.33661332650223,0.633326179358838
0.38578452563345,0.337819075815115,0.633367811744733
0.393117640719823,0.339010606155077,0.633507602383266
0.400483026379115,0.34018375906998,0.633745154158434
0.407842626446489,0.341329778592843,0.634077516591546
0.415156394161099,0.342437649049237,0.634499168901815
0.42238397770764,0.343496342194774,0.635002229371466
0.429486136757576,0.344496435542276,0.635576814313202
0.436425893387751,0.345430818094799,0.636211469924997
0.443169521221328,0.346294408461318,0.636893621691964
0.449687471085609,0.347082979294342,0.637610011348946
0.455955244366545,0.347791351622461,0.638347109788288
0.461954088115035,0.34841141152814,0.639091500557936
0.467671258924621,0.348930565890837,0.639830223755373
0.473099564178018,0.349331276624691,0.640551059586436
0.478236023496731,0.349592068487061,0.641242725790307
0.483079802783527,0.349689886402249,0.641894973620156
0.487629923651871,0.349603106601608,0.642498595745799
0.491883418141831,0.349314222187444,0.643045392371198
0.495834448400116,0.348811418749483,0.643528157844709
0.499474536795226,0.348088783657201,0.643940738231794
0.502793683568156,0.347145414089426,0.644278178421849
0.505781961445734,0.345983959361194,0.644536943580678
0.508431185389451,0.344609132617851,0.644715177482203
0.510736371654872,0.343026575136138,0.64481295178758
0.512696824735321,0.341242276508084,0.644832460018632
0.514316766088709,0.339262608575601,0.644778110742033
0.515605439780392,0.337094923529374,0.644656473571947
0.516576622614776,0.334748573751655,0.644476032150209
0.517247474455462,0.332236109315205,0.644246709211173
0.517636734169558,0.329574298022434,0.643979161340092
0.517762426548443,0.326784529499909,0.643683901770593
0.517639478264093,0.323892182308297,0.643370390608603
0.517277857110803,0.32092473110596,0.643046302611657
0.516681900133805,0.317908765282095,0.64271719444223
0.515851257356667,0.314866565001744,0.642386707356157
0.51478337047226,0.311813196984659,0.642057268529605
0.513476847078271,0.308755032729914,0.641731069685658
0.51193477127209,0.305690142730143,0.641411002839677
0.510167062268704,0.302610406990493,0.641101268694028
0.50819136892898,0.299504704257195,0.640807511258044
0.506032447157641,0.296362370173323,0.64053649340198
0.503720319084384,0.293176226017863,0.640295444661714
0.501287686233007,0.289944739959286,0.640091259719617
0.49876709030212,0.286673157029545,0.639929715064542
0.496188248643451,0.283373646294745,0.639814828323465
0.493575890221953,0.280064643459672,0.639748432779361
0.490948310680394,0.276769624252895,0.639729993008277
0.488316763448827,0.273515547430522,0.639756652921918
0.485685711324877,0.270331177857451,0.63982348573031
0.483053875652289,0.267245459945671,0.63992390309765
0.480415931232464,0.264286079603771,0.640050172088089
0.477764593668527,0.261478331125621,0.640193978323175
0.475092739682452,0.258844383878117,0.640346962566529
0.472395129283042,0.256403004313192,0.640501153563878
0.469669327603501,0.254169722141313,0.640649234034365
0.46691560650142,0.252157346469176,0.640784615466668
0.464135915180629,0.250376665585963,0.64090135258683
0.461332321536755,0.248837138276797,0.640993976578779
0.458505478255071,0.247547419642226,0.64105734266975
0.455653582688298,0.246515645893404,0.641086564899284
0.452772043054422,0.245749490955922,0.641077064341922
0.449853787456216,0.245256065823643,0.641024712580448
0.446889976914291,0.245041743280009,0.640926027934077
0.443870841249076,0.245111964369522,0.640778380552312
0.440786408781801,0.245471038820454,0.640580176015519
0.437626992219972,0.246121909603252,0.640331005056954
0.434383383963937,0.247065826093217,0.640031761501968
0.43104678763372,0.248301869845108,0.639684737158383
0.427608567578734,0.249826306700124,0.639293699875714
0.424059935646544,0.251631799297296,0.638863950390092
0.420391713320777,0.253706596037763,0.638402338765771
0.416594299150619,0.256033892306104,0.637917208951039
0.412657928247732,0.258591596880888,0.637418238796222
0.408573232947519,0.261352688420517,0.636916159084552
0.404332021034991,0.26428619930262,0.636422366831476
0.399928117304442,0.26735865981646,0.635948482422961
0.395358100470049,0.270535669746405,0.635505918491664
0.390621817580879,0.273783228829125,0.635105519098867
0.385722646452028,0.277068572489017,0.63475729585037
0.380667558197462,0.280360460698535,0.634470250737744
0.375467074178511,0.283629055187701,0.634252251473263
0.37013520759695,0.286845622416307,0.634109920930446
0.364689442625528,0.289982303273459,0.634048513891888
0.359150753529265,0.293012124415056,0.634071772648618
0.353543621045963,0.295909331610923,0.634181770287915
0.347895973718306,0.298650036124438,0.634378762572714
0.342238969793694,0.301213099885424,0.634661075470642
0.336606539478035,0.303581147515882,0.635025056951708
0.331034625340753,0.305741576719672,0.635465120136439
0.325560090886415,0.307687432514548,0.635973900515535
0.320219317779486,0.309418007522884,0.636542541154504
0.315046583113019,0.310939032225276,0.637161103927014
0.310072393191695,0.312262338806747,0.637819080644513
0.305322025258425,0.313404938048696,0.638505948968511
0.300814554820115,0.314387548491697,0.63921169391814
0.296562591102214,0.315232744029898,0.639927209222456
0.292572799794421,0.315962998909735,0.640644512795062
0.28884710105983,0.316598957243236,0.641356754706548
0.285384263902397,0.31715820761323,0.642058048973625
0.282181541413119,0.317654713832786,0.642743201710621
0.279236029633977,0.318098890011874,0.643407422815465
0.276545556583062,0.318498172129859,0.644046094880938
0.274109056645638,0.318857868625011,0.64465464209166
0.271926505299677,0.319182072837323,0.645228507894808
0.269998553876975,0.319474467582656,0.645763224087712
0.268326016530313,0.319738916181939,0.646254539784046
0.266909340251502,0.319979792012225,0.646698575214923
0.265748153948899,0.320202040062042,0.647091968761775
0.264840958329459,0.320410989657941,0.647431992339335
0.264184990798904,0.320611953719525,0.647716617866032
0.263776279076535,0.320809663954322,0.647944525028786
0.263609880307603,0.321007608840446,0.648115047932405
0.263680284924373,0.32120736367585,0.648228066005695
0.263981943338919,0.321408025701585,0.648283853058575
0.26450984917346,0.321605882615012,0.648282907107815
0.265260090189188,0.321794435437521,0.648225790717754
0.266230266720062,0.321964853243887,0.648113014186123
0.267419687423594,0.322106854370453,0.647944988971657
0.268829288539812,0.322209902357368,0.647722065268816
0.270461280027639,0.322264510694134,0.647444648134399
0.272318583328403,0.322263409229998,0.647113367078359
0.274404169673591,0.322202359011047,0.646729261586088
0.276720420517368,0.322080499129865,0.646293943842998
0.279268611493674,0.321900228583939,0.645809709393801
0.282048579686809,0.321666723589526,0.645279581912337
0.285058587424557,0.321387239976802,0.644707293817487
0.288295357253493,0.32107035007471,0.644097215932027
0.29175422963188,0.320725229823302,0.643454254944538
0.295429385959111,0.320361065324804,0.642783737922838
0.299314082757845,0.319986604500701,0.64209129991363
0.303400852704534,0.319609847522439,0.641382785687085
0.307681640921957,0.319237851376407,0.640664171307675
0.312147858454548,0.318876617592418,0.639941506189984
0.316790347818318,0.318531034606026,0.639220872083735
0.321599268619824,0.31820485398718,0.638508352084689
0.326563923695067,0.317900689968231,0.637810000617189
0.331672559141223,0.317620041748132,0.637131804438945
0.336912182446918,0.317363345907199,0.63647962567698
0.342268449505626,0.317130070059372,0.635859120980281
0.347725669187643,0.316918857323871,0.635275636181426
0.353266959673567,0.316727724011404,0.634734082724199
0.358874564305819,0.316554301330405,0.634238808838765
0.364530299880721,0.316396099044851,0.63379348294107
0.37021607745639,0.316250759060447,0.633401006929104
0.375914415956407,0.316116263774333,0.633063472323039
0.381608869938151,0.315991069412498,0.632782163795555
0.387284314078242,0.315874147118773,0.632557605358431
0.392927061175127,0.315764930307975,0.632389637229333
0.39852482576358,0.315663181150866,0.632277508133921
0.40406657119574,0.315568798641709,0.632219968692861
0.409542291279665,0.315481594314601,0.632215355345996
0.414942777329116,0.315401060252571,0.632261659311698
0.420259412996526,0.315326149614576,0.632356579821431
0.425484026566916,0.315255084760736,0.632497564437558
0.430608817459361,0.315185203945489,0.632681841363381
0.435626362736316,0.315112855439294,0.632906449423042
0.440529700433615,0.315033347987966,0.633168271102365
0.445312480187976,0.314940968156801,0.633464073032411
0.449969165551438,0.314829077270702,0.633790556718309
0.454495267416718,0.314690301879822,0.634144420346227
0.458887582154477,0.31451683034565,0.634522430129056
0.463144402690057,0.314300822640379,0.634921497007651
0.46726566595257,0.314034929539049,0.635338751747705
0.4712529978289,0.31371290057189,0.635771608940267
0.475109619077278,0.313330238258116,0.636217808717362
0.478840085077393,0.312884832111523,0.636675424935255
0.482449850233552,0.312377485085339,0.637142830933658
0.485944675455042,0.311812235047767,0.637618619403744
0.489329929774566,0.311196383078258,0.638101480976126
0.492609869188386,0.310540174408391,0.6385900556308
0.495786995994216,0.309856135308805,0.639082779240456
0.498861600986388,0.309158138309501,0.639577751534317
0.501831563173924,0.308460328829068,0.640072649183714
0.504692434284317,0.307776077116027,0.640564698947238
0.507437779863869,0.307117109347318,0.641050713153825
0.510059703375086,0.306492924879579,0.641527177468043
0.512549456471247,0.305910540646215,0.641990372478715
0.514898039709878,0.305374540398906,0.642436507719746
0.517096718682619,0.304887361655398,0.642861848955729
0.519137409934691,0.304449732839326,0.643262824878372
0.521012920230228,0.304061173897824,0.643636105682403
0.522717045636785,0.303720487967889,0.643978651676614
0.524244551752596,0.30342619134564,0.64428773437435
0.525591063590522,0.303176848261566,0.644560935198489
0.526752895920664,0.302971292522034,0.644796128423678
0.527726853983482,0.302808729300016,0.644991455539743
0.528510032428494,0.302688718020596,0.645145298227637
0.529099638077117,0.302611043072765,0.645256256765754
0.529492859473306,0.30257548495266,0.645323139870983
0.529686803390889,0.302581511884154,0.645344970757079
0.529678514186993,0.302627921792497,0.645321012319178
0.529465085231885,0.302712476067398,0.645250811743323
0.529043861487392,0.302831577511692,0.645134261472649
0.528412718322046,0.30298005123566,0.644971669586686
0.527570385205924,0.303151084146145,0.644763828951345
0.52651676761064,0.303336362220844,0.644512072049585
0.525253211656883,0.303526414464567,0.644218298439067
0.523782659146016,0.303711133196212,0.643884965116079
0.522109657682706,0.303880402173596,0.643515036420256
0.52024021903401,0.304024738942377,0.643111898057946
0.518181550766229,0.304135854480489,0.642679246989151
0.515941711290709,0.304207053000784,0.642220972995909
0.51352925016331,0.304233430708165,0.641741047808147
0.510952890863274,0.304211872793645,0.641243433910056
0.508221296921683,0.304140881669965,0.640732019384778
0.505342940184549,0.304020289705983,0.64021057915143
0.502326069006464,0.303850915354511,0.639682758253813
0.499178758631527,0.303634215726392,0.639152070184569
0.495909016767799,0.303371976215187,0.63862190243866
0.492524914181299,0.303066063323733,0.638095522223999
0.489034710997448,0.302718253569415,0.637576076876421
0.485446952523914,0.302330140820474,0.637066585534973
0.48177051310231,0.301903116999856,0.636569920772251
0.478014571111119,0.301438416192082,0.636088780787692
0.474188504761752,0.300937209183434,0.63562565463892
0.470301705302881,0.300400733361207,0.635182784449395
0.46636331390651,0.299830441312652,0.634762129732601
0.462381900108281,0.299228150115277,0.634365339619715
0.458365113046429,0.298596172487522,0.63399373872123
0.454319349600275,0.297937411233001,0.63364833132973
0.450249492978126,0.297255400652381,0.633329826589964
0.446158776209538,0.296554283419992,0.633038684117884
0.442048814759399,0.295838719282975,0.632775175858677
0.437919829007783,0.295113732120614,0.632539456405509
0.433771043938342,0.294384512769855,0.632331631555629
0.429601217956303,0.293656204092612,0.632151814440119
0.425409224537106,0.292933699162141,0.632000160474008
0.42119459923142,0.292221481523393,0.63187687638087
0.416957972523742,0.291523527899525,0.631782203587644
0.412701333611178,0.290843280553355,0.631716381102408
0.408428103651276,0.290183682288915,0.631679596424645
0.404143029342395,0.28954725536984,0.631671934427093
0.399851932652145,0.288936199240111,0.631693333493437
0.395561366413976,0.288352481620181,0.631743555946411
0.391278229145707,0.287797902491505,0.631822176662934
0.387009388172306,0.287274118731159,0.63192859043704
0.382761351926606,0.286782626743237,0.632062035629742
0.378540022088513,0.28632470962841,0.632221629248258
0.37435054712287,0.285901363461006,0.632406406909559
0.370197290269273,0.285513223516607,0.632615360185007
0.366083917631491,0.285160515670498,0.632847463562564
0.36201360399673,0.28484306018062,0.63310168377403
0.35798934468387,0.284560353925351,0.633376965645081
0.354014349458235,0.284311751559128,0.633672191194395
0.350092479500051,0.284096754526974,0.633986112647406
0.346228671504622,0.283915398355806,0.634317265411949
0.342429277889927,0.283768703616967,0.634663873485854
0.338702245250487,0.28365912786537,0.635023766043253
0.335057061431662,0.283590932031876,0.635394328099628
0.331504432072277,0.283570365731088,0.635772507506438
0.328055699574814,0.283605592348252,0.636154892991911
0.324722080690926,0.283706319475791,0.636537863614848
0.32151385291571,0.283883165621664,0.636917792084843
0.318439642354527,0.284146858771107,0.637291269019652
0.315505944359975,0.284507402834116,0.637655308483935
0.312716950147362,0.28497334970714,0.638007499815256
0.310074680040171,0.285551280255843,0.638346084651412
0.307579362681869,0.286245543591682,0.638669955567762
0.305229965198559,0.287058250802659,0.638978587954026
0.303024774434691,0.287989480785446,0.639271926082054
0.300961945310595,0.289037636557736,0.639550247238032
0.29903995809403,0.290199887293268,0.639814025762675
0.297257952149527,0.291472638191648,0.640063814118594
0.295615924295198,0.292851981133713,0.640300152578217
0.294114793804312,0.294334089438223,0.64052351395702
0.292756343636944,0.295915528047723,0.640734285539913
0.291543051528472,0.29759345494617,0.640932786776993
0.290477826322802,0.299365692388062,0.641119318263118
0.289563667980767,0.301230648355714,0.64129423433262
0.2888032749846,0.303187072899425,0.641458028095184
0.288198631802246,0.305233643440207,0.641611413863011
0.287750621199174,0.307368390877539,0.641755388250266
0.287458719132563,0.309588006477486,0.641891249047813
0.28732083898982,0.311887106826569,0.642020552235209
0.287333389953238,0.314257574772781,0.642144994397364
0.287491593903056,0.31668812331167,0.64226622158453
0.287790061864756,0.319164228046464,0.642385585157954
0.28822356900913,0.321668524766402,0.64250388540967
0.288787903505644,0.324181670862521,0.64262115657181
0.289480625312088,0.326683548265855,0.642736544410841
0.29030157903554,0.329154588001703,0.642848307672564
0.291253063157524,0.331576963352705,0.642953943362653
0.292339644910719,0.333935444397362,0.64305040546465
0.293567690971087,0.336217805749109,0.643134368404092
0.294944730826819,0.338414788365041,0.64320248485641
0.296478774059116,0.340519698981691,0.643251599270983
0.298177674674602,0.342527771337112,0.64327889656317
0.30004859472848,0.344435418259661,0.643281982978839
0.30209758321187,0.346239486729481,0.643258908914299
0.304329264158636,0.347936602412723,0.643208150210172
0.306746621532464,0.349522664762198,0.643128565995675
0.309350869559098,0.350992530519022,0.64301934955178
0.312141398265228,0.352339905178454,0.642879986062929
0.315115781564081,0.353557449962433,0.642710228820241
0.318269831504137,0.354637105317707,0.64251010341988
0.321597684980044,0.355570627601295,0.642279946553306
0.325091917276926,0.356350324091996,0.642020480992204
0.328743690084592,0.356969946561974,0.641732920541201
0.332542951968138,0.357425661234652,0.641419088609871
0.336478712405896,0.35771695880844,0.641081523399924
0.340539400421247,0.357847318569781,0.640723535227928
0.344713295722494,0.35782442383798,0.640349182049744
0.348988988287241,0.357659772852469,0.63996314211265
0.353355792743259,0.357367653781986,0.639570487914102
0.357804033490468,0.356963629296774,0.639176396050268
0.362325134604317,0.356462837338423,0.638785850331228
0.366911493817227,0.355878481218508,0.638403398709523
0.37155617219492,0.355220819470005,0.638033006254772
0.376252470175213,0.354496804760152,0.637678015375238
0.380993471965584,0.353710339738657,0.63734119515298
0.385771626117085,0.352862986685343,0.63702484422628
0.390578403195338,0.35195491404923,0.636730908143834
0.395404045251591,0.350985875029784,0.636461078637849
0.400237404112499,0.349956059916699,0.636216853225124
0.405065860275218,0.348866716928108,0.63599954477946
0.409875318731936,0.347720480078114,0.635810240542104
0.414650290952109,0.34652137302316,0.635649718318982
0.419374087159687,0.345274479990875,0.635518335167667
0.424029156030981,0.343985297663623,0.63541591114553
0.428597611451875,0.342658815883059,0.635341637368972
0.433061969572296,0.341298427834166,0.635294041936131
0.437406075796541,0.339904841533934,0.635271045921373
0.441616128735919,0.338475238434684,0.635270130558468
0.445681620333623,0.337002965984015,0.635288613041565
0.449595944594471,0.335478009190469,0.63532399404666
0.453356434610792,0.3338883245191,0.635374305204763
0.456963706706271,0.332221857296394,0.635438366600544
0.460420401627594,0.330468801478536,0.63551587852979
0.463729624379513,0.328623538289243,0.635607319061194
0.466893484363255,0.326685788904164,0.63571368003633
0.469912074753576,0.324660787939214,0.635836120248791
0.472783051689568,0.322558585740362,0.635975626886633
0.47550177976736,0.32039278683847,0.636132756363944
0.478061880927881,0.318179083870629,0.636307489355312
0.480455982129803,0.315933886146507,0.636499199596735
0.482676482393808,0.313673234018595,0.636706712135828
0.484716215779307,0.311412086024047,0.636928416254269
0.486568944948039,0.309163989578341,0.637162398276844
0.488229665159838,0.30694109955646,0.637406565522104
0.489694726466959,0.304754482999954,0.637658741063714
0.490961795701728,0.302614628976693,0.637916717817139
0.492029683984677,0.300532061859195,0.638178269106199
0.492898066081412,0.29851793201876,0.638441121570202
0.49356712012699,0.296584439556046,0.6387029050537
0.494037124833714,0.294744951891225,0.638961101999267
0.494308068207049,0.29301372312891,0.639213023396996
0.494379342404034,0.291405216631468,0.639455836187452
0.494249610658576,0.289933149083283,0.639686655966791
0.493916916648324,0.28860946754559,0.639902700181761
0.493379054689305,0.28744349449253,0.640101476507224
0.492634141421624,0.286441417264876,0.640280966803583
0.491681257141239,0.285606188431861,0.640439765166998
0.490520992404889,0.284937795098005,0.640577139892031
0.489155759261366,0.284433787511668,0.640693009075807
0.487589795130105,0.284089940180614,0.640787840551455
0.485828870941022,0.283900937078066,0.640862502201014
0.483879783945151,0.283861004374108,0.64091809513657
0.481749754926537,0.283964442882009,0.640955800178514
0.479445860082731,0.284206030502658,0.640976760394721
0.476974619187394,0.284581272395622,0.640982012468601
0.474341842219812,0.285086477513821,0.640972469612573
0.471552806128384,0.285718641335816,0.640948949422198
0.468612788954909,0.286475123458791,0.640912231289162
0.465527928215997,0.28735313016252,0.640863119974522
0.462306296308138,0.288349047200861,0.640802486478808
0.458959007295294,0.28945771309277,0.64073125802918
0.455501096831982,0.290671772101241,0.640650339474171
0.451951881940495,0.291981283981226,0.640560469447575
0.448334565020549,0.293373763728331,0.640462041697203
0.444675028711358,0.294834746610128,0.64035494403965
0.441000037595629,0.296348817823794,0.64023847147325
0.437335293566809,0.297900868308207,0.640111349438817
0.433703854492483,0.299477233194802,0.639971865330256
0.430125282701266,0.301066405756179,0.639818069552601
0.426615625588974,0.302659181442526,0.639647989121336
0.423188082753381,0.304248283179812,0.639459802426114
0.419854071294445,0.305827656992581,0.639251945919094
0.416624376979646,0.30739166370113,0.639023150148817
0.413510125414095,0.30893434865929,0.63877242435911
0.410523372982684,0.31044889322765,0.638499022104886
0.407677171388351,0.311927279674489,0.638202425050242
0.404985001565994,0.313360155281646,0.637882379329741
0.402459525343925,0.314736862906299,0.637539008503526
0.400110700341997,0.316045605628904,0.637173007694828
0.397943473970304,0.317273720962864,0.636785893874807
0.395955513492454,0.318408043547034,0.636380251113889
0.394135667552103,0.319435324556707,0.635959879882295
0.392463925305142,0.320342648230036,0.635529758433519
0.390913347341769,0.321117753471478,0.635095772001733
0.38945374553471,0.321749164449563,0.634664256302567
0.388056080850114,0.32222609113284,0.634241490977201
0.386696151115391,0.322538174393071,0.633833306134021
0.38535646757408,0.322675262921129,0.633444909269121
0.384026051481694,0.322627451459128,0.633080939955883
0.382698679949348,0.32238555506219,0.632745677573806
0.381370490040393,0.321942063248538,0.632443295581567
0.380037790034151,0.321292448798883,0.63217806678828
0.378695624605536,0.320436535631037,0.631954454892777
0.377337303839255,0.319379504211866,0.631777062744159
0.375954859158871,0.318132092227325,0.631650443199863
0.374540274070909,0.31670968929442,0.631578813614735
0.373087325218449,0.315130337111549,0.631565744657714
0.3715938694739,0.31341205874498,0.631613907327256
0.370064308640831,0.311570300093973,0.631724948376156
0.368511702194098,0.309616388579593,0.631899523555645
0.366958702256055,0.307557667026614,0.632137463692131
0.365436461563214,0.305399362132147,0.632438002168742
0.363981196967992,0.303147523101401,0.632799972299679
0.362629081332414,0.300811891884008,0.633221896799695
0.361411001056586,0.298407636385281,0.633701934101707
0.360348823271986,0.295955452452738,0.634237701707993
0.359454095516076,0.293480249982848,0.634826042198346
0.358729087340542,0.291009088298277,0.635462813685283
0.358169376152346,0.288569077048838,0.63614276995435
0.3577669924145,0.286185733852757,0.636859559443896
0.35751332410016,0.283881991421038,0.63760583588217
0.357401287662062,0.281677815339523,0.638373449695012
0.357426533267185,0.279590273534738,0.639153680601992
0.357587612508524,0.277633868892354,0.639937474128719
0.357885125587969,0.275820966091829,0.640715652551015
0.358319946612,0.274162177518399,0.641479080771864
0.358890764406663,0.272666605250491,0.642218779555999
0.359591399719303,0.271341874070992,0.642925992431706
0.360408616859343,0.270193952958936,0.643592227160301
0.361321281727114,0.269226858617584,0.644209302791816
0.362301514916276,0.268442432098113,0.6447694319414
0.363317852135333,0.267840403386279,0.645265351032854
0.364339579587328,0.267418848289387,0.64569048486491
0.365340863659025,0.267174934970881,0.646039111580993
0.366303427400372,0.267105695176865,0.646306490843825
0.367217234756108,0.267208551146729,0.646488930897576
0.368079432646884,0.267481468202963,0.646583785339169
0.36889222958127,0.267922743535573,0.646589385739828
0.369660323684134,0.268530365970142,0.64650497615208
0.370388257919391,0.269300531038978,0.646330894325861
0.371078622476153,0.270225604553347,0.646069129537409
0.3717320419917,0.271293585488862,0.645723575827318
0.3723478726233,0.272489202088698,0.645299666115368
0.372925021512428,0.273795506421055,0.644803862813344
0.373463197164536,0.275195976814785,0.644243198022884
0.373964530835149,0.276677216893947,0.643624864646685
0.374435165127163,0.278231826904492,0.642955901217616
0.374886247080894,0.279860552364311,0.642243055510686
0.375333767445175,0.281572649226554,0.641492894081071
0.37579695416156,0.283383806101402,0.64071214338675
0.376295468643509,0.285311928981298,0.63990813852294
0.376846237804424,0.287372114689154,0.639089189758555
0.377461000852285,0.289572512612286,0.638264708120325
0.378145347420543,0.291912256737575,0.63744504024131
0.378899354192775,0.294381680258054,0.636641075112898
0.379719303415734,0.296964235855445,0.63586374293218
0.380599686058779,0.299639233343267,0.635123522884052
0.381534772285028,0.302384579434983,0.634430040047383
0.382519309520806,0.305178931175485,0.633791789245805
0.383548218322491,0.30800288679084,0.633215989039264
0.384615425522495,0.310838984232213,0.6327085435387
0.385712211647488,0.313670400648709,0.632274070230835
0.386825677742048,0.31647843818227,0.631915937608507
0.387938110751129,0.319239221560765,0.631636253273257
0.389027992031867,0.321920493728554,0.631435763310116
0.390072955408345,0.324479759695597,0.631313674710092
0.391054148962986,0.326864932605516,0.631267480981769
0.391960588562153,0.329017854519974,0.63129291626352
0.392791876492001,0.330879873666439,0.631384142288777
0.393558407639408,0.332397803216458,0.631534184413937
0.394279406355366,0.333528651225409,0.63173553080907
0.394979942793806,0.334242335002233,0.631980754648325
0.395688048722482,0.334522462265651,0.632263029613259
0.39643250788831,0.334365658953571,0.632576457502107
0.397241387630607,0.333779912059572,0.632916183222914
0.398141159802718,0.332782324270757,0.633278324212816
0.399156235231274,0.331396731368417,0.633659781602882
0.400308727150194,0.329651723625888,0.634058017805801
0.401618202950558,0.327579556831885,0.634470871129792
0.403101142809922,0.325216149278647,0.634896437468015
0.404769896906971,0.322601890715382,0.635333000952597
0.406631170241962,0.319782503732242,0.635778963244496
0.408684415998485,0.316808940855946,0.636232723445388
0.41092081005374,0.313735521824947,0.636692499879054
0.413323469664749,0.310616281362211,0.637156139366811
0.415869150085235,0.307500479761628,0.637620990015172
0.418530995024406,0.304428795459316,0.638083893003457
0.421281453636526,0.301431442565882,0.638541291406587
0.424094498731659,0.298528549781607,0.638989402960897
0.426946703980979,0.295732241323568,0.639424390283338
0.429817241247237,0.293049453048379,0.639842482544284
0.432687188528062,0.290484617989759,0.640240033751253
0.435538638007298,0.288041704857837,0.640613527009261
0.43835403419521,0.285725438696837,0.640959547410487
0.441116042954604,0.283541757507272,0.641274752237866
0.443808099392952,0.2814976609784,0.641555868921384
0.446415610052995,0.279600637379137,0.641799748120536
0.448927579560652,0.277857867302054,0.642003487311417
0.451338219366708,0.276275417711331,0.642164619520068
0.453647962460633,0.274857637030781,0.64228133752185
0.455863367078727,0.273606907883606,0.642352704976538
0.457995679562363,0.272523815791216,0.642378797453684
0.460058253363903,0.271607688526028,0.642360722232056
0.462063424966121,0.270857373567248,0.642300492356157
0.464019652535188,0.27027206117113,0.642200774390863
0.465929613337763,0.269851958210192,0.642064570543479
0.467789587743237,0.269598687184505,0.641894911935436
0.469590028557553,0.269515397439044,0.641694624789898
0.471316920092019,0.269606674579596,0.64146619823178
0.472953446810297,0.269878377390765,0.641211749822069
0.474481566916794,0.270337514980355,0.640933064863615
0.475883229201936,0.270992220619421,0.640631680213075
0.477141109914647,0.271851807321915,0.640308988927949
0.478238849610588,0.272926821520248,0.639966352790455
0.479160837767293,0.274228956830748,0.639605220543796
0.479891640586553,0.27577066114064,0.639227256641769
0.480415210291762,0.277564282646647,0.638834485636824
0.480714058701691,0.279620670611665,0.638429450015799
0.480768618723486,0.281947282234795,0.638015366174155
0.480557038261095,0.284546031275996,0.637596250254854
0.480055627865109,0.287411296950797,0.637176981106938
0.479240089162888,0.290528611764631,0.636763278029479
0.478087471046576,0.293874482346054,0.636361593755107
0.476578559960896,0.297417536923218,0.635978945488659
0.474700197169375,0.30112080514256,0.635622714035954
0.472446951853589,0.304944585351195,0.635300429376332
0.469821734419165,0.308849210831068,0.635019542488115
0.466835253826795,0.312797147974825,0.634787174546352
0.463504554227313,0.316754154270518,0.634609842255313
0.459851068605593,0.320689534860766,0.634493174432854
0.455898655680229,0.32457574619666,0.634441648107015
0.451671985847015,0.328387675544435,0.634458375858472
0.447195491564417,0.332101906761614,0.634544971062274
0.442492954959304,0.335696214679613,0.634701508232731
0.437587691600662,0.339149446255489,0.634926584980663
0.432503196876425,0.342441858813329,0.635217480799637
0.427264036690339,0.345555890311702,0.635570395399125
0.42189668866922,0.348477227177611,0.635980735747565
0.416430002590466,0.351195919155753,0.636443408822536
0.410894996877538,0.353707202998107,0.636953071320822
0.405323878663079,0.356011694779704,0.637504293684415
0.399748440229277,0.358114743942574,0.638091616273731
0.394198239123622,0.360024997234777,0.638709505934689
0.388699073966153,0.361752498973315,0.639352250697399
0.383272156136853,0.363306816242059,0.640013846561729
0.377934111175384,0.364695641715656,0.640687927128442
0.372697669634151,0.365924125786375,0.641367767473887
0.367572746652252,0.366994938624397,0.642046367924179
0.362567593544721,0.367908872079362,0.642716601041179
0.357689787182841,0.368665708597269,0.643371391664133
0.352946937153953,0.36926509523791,0.644003895782494
0.348347087007584,0.369707224168269,0.644607647428662
0.343898845123774,0.36999319905703,0.645176651171832
0.339611306738422,0.370125039059202,0.645705409094862
0.335493829693544,0.370105334206237,0.646188884643113
0.331555717395393,0.369936620765887,0.646622420077857
0.327805851111164,0.369620595556968,0.647001637886582
0.324252308915879,0.369157331135391,0.647322365949547
0.320902011646496,0.368544678235943,0.647580627466981
0.317760447777695,0.367778032073966,0.647772725602914
0.314831535418163,0.366850581478478,0.647895429473487
0.312117672624908,0.365754056071131,0.647946237119826
0.309619992211077,0.364479858530644,0.647923663271455
0.307338784328557,0.36302036016626,0.647827486466991
0.305273996291983,0.361370089642169,0.647658898121875
0.303425694603807,0.359526578857828,0.647420522390296
0.301794390160282,0.357490730820038,0.647116309158451
0.300381176768838,0.355266699763187,0.646751330403683
0.299187689559047,0.352861379436545,0.646331524663451
0.298215929467209,0.350283654459745,0.645863434998719
0.297468011234807,0.347543579763659,0.645353976920023
0.296945879935859,0.34465163104052,0.644810260230987
0.296651015629011,0.341618133232339,0.644239476555905
0.29658411981975,0.338452938184727,0.643648853911845
0.29674476040691,0.335165393657574,0.643045670884581
0.297130949036132,0.331764620251678,0.642437314146216
0.297738639846671,0.328260084722638,0.641831353417102
0.298561171991971,0.324662418813497,0.641235597857946
0.299588726437138,0.320984376613068,0.640658090009786
0.300807918680156,0.317241755716803,0.640106993384401
0.302201681172085,0.313454048899794,0.639590344348848
0.303749573482104,0.30964458377326,0.639115672074226
0.305428575441309,0.30583998907695,0.638689536545114
0.307214281060534,0.302069009417545,0.638317076081023
0.309082276401336,0.298360916973555,0.638001667728869
0.311009427823609,0.294743927649967,0.637744772780429
0.312974867359476,0.291244022962256,0.637545977471821
0.314960604836891,0.28788440634968,0.637403178473505
0.316951837987166,0.284685580367496,0.637312834011057
0.318937101021923,0.281665839306175,0.637270211602126
0.320908372614814,0.278841895878173,0.637269597530732
0.322861188853867,0.276229393267714,0.637304469432367
0.324794724505492,0.273843147765324,0.637367656659689
0.32671175490903,0.271697071423175,0.637451519238831
0.328618405636922,0.26980380628452,0.637548168848574
0.330523633027934,0.268174148953907,0.637649740790962
0.332438439540191,0.266816360415887,0.637748709878063
0.334374894665047,0.265735454111428,0.637838228584799
0.336345089017553,0.264932549873641,0.637912453885464
0.338360183288154,0.264404382644769,0.637966820809631
0.340429714573847,0.26414306295796,0.637998218088758
0.342561283634206,0.264136188924504,0.63800502786906
0.344760669047791,0.264367387397311,0.637987010297629
0.347032313435979,0.264817299257845,0.637945043944993
0.349380032251673,0.265464923844176,0.637880767296142
0.351807741532761,0.266289131032626,0.637796192662086
0.354320009209302,0.267270083390016,0.637693370281478
0.356922301440446,0.268390320886944,0.637574163305958
0.359620892158486,0.26963534667235,0.637440160659013
0.362422493571859,0.270993678010318,0.637292717961103
0.36533371996737,0.272456442228908,0.637133089451157
0.368360509218605,0.274016668757663,0.636962602164151
0.371507604291468,0.275668446388975,0.636782826463866
0.374778157388665,0.277406092288738,0.636595709028492
0.378173478131634,0.279223436610401,0.63640364947269
0.381692914606926,0.281113281833983,0.63620951543596
0.385333837448755,0.28306706069527,0.636016600799952
0.389091691474185,0.285074694400442,0.635828537342341
0.39296008445304,0.287124642760039,0.635649172366531
0.396930893772013,0.289204135099304,0.635482425026757
0.400994385609507,0.291299569728273,0.635332133448115
0.405139354080939,0.293397064446632,0.635201904197569
0.409353297345734,0.295483126885941,0.635094975438956
0.413622650469048,0.297545389396473,0.635014104893872
0.417933090374604,0.299573322481153,0.634961492671814
0.422269915075703,0.301558812293411,0.634938746237859
0.426618479557235,0.30349647656951,0.634946889702768
0.430964648352591,0.305383615376595,0.634986412650748
0.435295206484836,0.307219756004539,0.635057346428898
0.43959816399855,0.309005845630089,0.635159350575096
0.44386289951145,0.310743240919265,0.63529179099435
0.448080115569906,0.312432702236718,0.635453795318541
0.452241615699152,0.314073595426526,0.635644278327336
0.45633994790742,0.315663439017505,0.635861938662467
0.46036798140013,0.31719783914432,0.636105234610175
0.464318486468776,0.318670766181196,0.636372349877798
0.468183774299118,0.320075072168982,0.636661160038614
0.471955431612534,0.321403132578932,0.636969207790089
0.475624162780843,0.322647509968939,0.637293691795926
0.479179735225174,0.323801565160311,0.637631470817128
0.482611015788719,0.324859970635665,0.637979082813637
0.485906085319291,0.325819102748588,0.638332777876359
0.489052423711891,0.326677301306252,0.638688564084822
0.492037164562515,0.327434987860484,0.639042266257389
0.494847424418534,0.328094630741507,0.639389598590291
0.497470712222536,0.328660539493974,0.639726252654039
0.499895418495424,0.329138469439397,0.640048001656086
0.502111369560231,0.329535024291148,0.640350819846239
0.504110409799921,0.329856866574759,0.64063101229091
0.505886948009601,0.330109785425146,0.640885345442863
0.507438377048807,0.330297726272256,0.641111163827875
0.50876526030679,0.330421944420525,0.641306474622084
0.509871186796742,0.330480479621136,0.641469982077142
0.51076224210952,0.33046813063622,0.641601059807114
0.511446125446343,0.330377017744574,0.641699661079264
0.511931043384712,0.33019767078482,0.641766182552375
0.512224587602912,0.329920424803207,0.641801309340875
0.512332816918256,0.329536815257565,0.641805873011451
0.512259702935409,0.329040681865948,0.641780747382782
0.512006991768511,0.328428799510785,0.641726793559104
0.511574429957599,0.327700998102663,0.641644851998239
0.510960237856372,0.326859851309668,0.641535770540096
0.510161698132643,0.325910076374646,0.641400454462591
0.509175747852118,0.324857796339483,0.641239926139083
0.507999499779488,0.323709791904836,0.641055385258783
0.506630655621341,0.322472833972856,0.640848263911598
0.50506780241136,0.321153154140986,0.640620273208596
0.503310600774129,0.319756085436972,0.64037343928199
0.501359881663761,0.318285890134887,0.640110126624891
0.499217668880664,0.316745782934548,0.639833046061512
0.496887141207941,0.315138152142239,0.639545243576667
0.494372542219842,0.313464973608557,0.639250065172974
0.491679040232631,0.311728398014315,0.638951092575607
0.488812536688441,0.309931468122677,0.638652045714962
0.485779421022949,0.308078889378908,0.638356651483711
0.482586275352809,0.30617773990918,0.638068484876817
0.479239544542768,0.304237976964134,0.63779079798583
0.475745205341775,0.302272593944139,0.637526362365172
0.472108487501728,0.300297322157422,0.637277356951977
0.468333710134727,0.29832985825527,0.637045331977943
0.464424288477798,0.296388714048742,0.636831266166875
0.460382934968862,0.29449189050559,0.636635711878968
0.456212031254336,0.292655628913256,0.636458998399887
0.4519141023082,0.2908934671995,0.636301447292242
0.447492298924145,0.289215740338183,0.636163552293054
0.44295079911427,0.287629549094616,0.636046089238873
0.438295068182827,0.286139123405064,0.635950142378878
0.433531956830613,0.284746450451211,0.635877053761856
0.428669651986197,0.283452025773377,0.6358283161901
0.423717518145434,0.282255606025912,0.635805435699531
0.418685875330554,0.28115687656444,0.635809788110318
0.413585757056285,0.280155982045167,0.635842488845502
0.408428682687354,0.279253895525568,0.635904288726871
0.403226467573911,0.278452618664968,0.635995502684992
0.397991083794065,0.277755213701738,0.636115974068345
0.392734575338577,0.277165670204699,0.636265074491922
0.387469024482008,0.276688610287328,0.636441737411024
0.3822065591988,0.276328839057537,0.636644522180274
0.376959385078297,0.27609075637534,0.636871703634528
0.371739818832576,0.275977663856423,0.637121379852028
0.366560295634634,0.275991027617987,0.637391587759147
0.361433321865599,0.276129788807041,0.637680413125621
0.356371351966839,0.276389841664764,0.637986079281418
0.35138658548778,0.276763809004075,0.638306998901435
0.346490705954,0.277241222449826,0.638641776783008
0.341694610475742,0.277809150963078,0.638989159181338
0.337008194613537,0.278453223498601,0.639347936121048
0.332440251443631,0.279158887714633,0.639716814344568
0.327998515114334,0.279912676066747,0.64009428632216
0.323689838419333,0.280703244965808,0.640478521782417
0.319520459146564,0.281522016088458,0.640867301796187
0.315496294228438,0.282363354854189,0.641258004086261
0.311623207069783,0.283224327751031,0.641647636200172
0.307907212673382,0.284104153891865,0.642032904469436
0.304354607491683,0.285003493936472,0.642410302959401
0.300972026818196,0.285923708786813,0.642776207605929
0.29776644019263,0.286866187949217,0.643126964665851
0.294745095667278,0.287831809674,0.643458967651466
0.291915419769024,0.288820562722338,0.643768721702052
0.289284874746489,0.28983133725091,0.644052898072508
0.286860770699842,0.290861879522654,0.644308383745842
0.284650029116378,0.291908899039229,0.644532332004778
0.282658897179738,0.292968313447223,0.644722219114472
0.28089262050125,0.294035612054851,0.64487590996892
0.279355094948772,0.29510631036428,0.644991731773171
0.278048535452865,0.296176454219084,0.645068549810975
0.27697321729832,0.297243114700749,0.645105833936497
0.276127357468559,0.298304798826542,0.645103700125529
0.275507201727813,0.299361694779225,0.645062910341863
0.275107359505213,0.300415683110458,0.644984818166916
0.274921381453047,0.301470081946017,0.644871257840946
0.274942512544062,0.302529150299352,0.644724388679591
0.275164497518039,0.303597432597709,0.644546520517525
0.27558228943211,0.304679067326361,0.644339953092932
0.276192530300522,0.305777186676955,0.644106859465394
0.27699372967748,0.306893501312327,0.643849231568565
0.27798613965605,0.308028110119239,0.643568889822202
0.279171386319942,0.309179520753791,0.643267544486963
0.280551950833025,0.310344829226732,0.642946888281264
0.282130595975323,0.311519991640892,0.64260869839657
0.28390981451679,0.312700124471037,0.642254929741775
0.28589134683575,0.313879783838096,0.641887787273911
0.288075787015405,0.315053191699475,0.641509771295715
0.290462275732416,0.316214393170257,0.64112369416168
0.293048266926276,0.317357342222803,0.640732669457802
0.295829353309988,0.318475922583676,0.640340075596615
0.298799141734866,0.319563917371739,0.63994949548939
0.301949181150953,0.320614945575657,0.639564633299414
0.305268959862746,0.321622385884657,0.639189209172146
0.308746002400969,0.322579309004799,0.638826833864258
0.312366104786798,0.323478438006384,0.638480867897226
0.316113745745574,0.324312152811648,0.638154274198837
0.319972696376316,0.325072550673653,0.637849478516411
0.323926820103528,0.325751571047275,0.637568256817271
0.327961009171997,0.326341191417036,0.637311671596875
0.332062150854554,0.326833699402699,0.637080077308301
0.336219969895401,0.327222041730079,0.63687320727292
0.340427571554338,0.327500236948539,0.636690340159314
0.344681532355472,0.327663814480272,0.636530525477296
0.348981462212337,0.327710214162829,0.636392829682093
0.353329079351467,0.327639062717025,0.636276554403994
0.357726961752292,0.327452251745935,0.636181381640513
0.3621772200933,0.32715377982979,0.63610741804762
0.366680344382627,0.326749376194993,0.6360551360633
0.371234412309739,0.326245972582658,0.636025234065683
0.375834742332807,0.325651114632826,0.636018453065112
0.38047397131462,0.324972399442977,0.636035390425587
0.385142463635646,0.324217000647647,0.636076343895007
0.389828926784675,0.323391310445283,0.63614120659183
0.39452111015972,0.322500701218446,0.636229420301422
0.399206484004198,0.3215493937789,0.636339983491432
0.403872822326422,0.320540414962034,0.636471502966361
0.408508636258343,0.319475631968656,0.636622273746135
0.413103421669229,0.318355860182185,0.636790369760778
0.41764769548334,0.31718105167724,0.636973727447245
0.422132805139357,0.315950579007434,0.63717020499598
0.426550509323055,0.314663629553564,0.63737760205392
0.430892352019976,0.313319715932458,0.637593629047379
0.435148891247062,0.311919284631161,0.637815823262211
0.439308896495962,0.310464368466918,0.638041421331353
0.443358683794761,0.308959184934186,0.63826721418224
0.447281790272078,0.307410547150927,0.638489426989983
0.451059166138274,0.305827950907802,0.638703675536303
0.454669958652092,0.304223251255867,0.63890504260358
0.458092793463541,0.302609945906408,0.639088289456902
0.461307287371798,0.301002206768805,0.639248175327717
0.464295439527925,0.299413886939597,0.639379820390493
0.467042593758306,0.297857732762481,0.639479033606892
0.469537816272154,0.296344949403219,0.639542541946025
0.471773710342816,0.294885148195069,0.639568091820852
0.473745816898096,0.2934866001701,0.639554429785912
0.47545179820504,0.292156665169393,0.639501194613601
0.476890586354677,0.290902260837613,0.639408763038024
0.478061631887401,0.289730263232435,0.639278089886902
0.478964338705442,0.28864777061492,0.639110575407282
0.479597734136794,0.287662200498056,0.638907982617491
0.479960400257845,0.286781221593246,0.638672417568978
0.480050679566269,0.286012546774237,0.63840637572975
0.479867156712071,0.285363631799705,0.638112847547254
0.47940939869178,0.28484133705846,0.637795464829359
0.478678900132575,0.284451612924759,0.637458657157086
0.477680124114441,0.28419925823977,0.637107776076877
0.476421458813064,0.284087773704656,0.636749138608231
0.474915849759063,0.28411929334999,0.636389946545246
0.473180857459738,0.284294544174242,0.636038059058551
0.471237972398144,0.284612777790583,0.635701632676382
0.469111202663069,0.285071649817687,0.635388684606544
0.466825179882488,0.285667080164102,0.635106664322934
0.464403203163606,0.286393175270056,0.634862118154191
0.461865668012958,0.28724229742901,0.634660500296993
0.459229195344792,0.288205320423676,0.634506136304848
0.456506556269619,0.289272042763633,0.634402303442893
0.453707281468913,0.290431679544262,0.634351370943046
0.450838717929741,0.291673344116868,0.634354943894754
0.44790726402079,0.292986456932034,0.634413969916392
0.444919550641538,0.294361059824991,0.634528788455902
0.441883403396459,0.295788048533752,0.634699121654898
0.43880848755315,0.297259353161576,0.634924019944799
0.435706586936138,0.298768094868727,0.635201784551795
0.432591498054512,0.30030873153597,0.635529893775199
0.42947853775855,0.301877181983678,0.635904961290278
0.426383679309479,0.303470893111013,0.636322752981985
0.423322360105374,0.305088793439917,0.636778283189275
0.42030805394518,0.306731067346599,0.637266000349545
0.41735077246367,0.308398695776479,0.637780054984848
0.414455741506824,0.31009274970917,0.638314620836051
0.41162255800866,0.311813494005358,0.638864217310036
0.408845126244171,0.313559448535145,0.639423966631063
0.406112558101375,0.315326626751069,0.639989721863934
0.403410995061389,0.317108182517013,0.640558027981846
0.400726030746838,0.318894611547688,0.641125922780333
0.398045199718966,0.320674490075792,0.641690631633889
0.395359963758853,0.32243556002051,0.642249239305559
0.392666797568877,0.324165871854856,0.642798421106291
0.389967267696722,0.325854713778035,0.643334288169985
0.38726727477369,0.327493161170688,0.643852362991887
0.384575790551237,0.329074207709474,0.644347668048899
0.381903444214676,0.330592536684261,0.644814892167399
0.379261233625637,0.332044041825465,0.645248597399305
0.376659509983408,0.333425224251808,0.645643438244022
0.374107266606779,0.33473258936969,0.645994373942321
0.37161172243263,0.335962137898353,0.646296849552311
0.369178250008193,0.337108991103162,0.646546904004059
0.366810777986657,0.338167148458507,0.646741155746727
0.364512777987416,0.339129389387908,0.646876639947785
0.36228880900941,0.339987380449083,0.646950518029567
0.360146401778801,0.340732080343036,0.64695973118264
0.358097874202634,0.341354509612658,0.646900712310401
0.356161521718809,0.341846858846855,0.646769294180937
0.354361610492845,0.34220376578744,0.646560935443477
0.352726820662782,0.342423451761014,0.646271310622667
0.351287260185336,0.342508359180377,0.645897182061662
0.350070725680869,0.342465044301518,0.645437342838856
0.349099219562867,0.342303329433141,0.644893365088254
0.348386629841996,0.342034979586243,0.644269948554182
0.347938008820721,0.341672299972654,0.643574806390996
0.347750337459464,0.341227004987454,0.642818169218088
0.347814298107408,0.340709546505634,0.642012070024075
0.348116483084183,0.340128908035654,0.641169578297434
0.348641567917192,0.339492740150363,0.640304107856375
0.349374155606874,0.338807651353993,0.639428864369425
0.350300161151325,0.338079465055098,0.638556450074013
0.351407710904273,0.337313286833685,0.637698614607624
0.352687574149125,0.336513280774443,0.636866130525379
0.354133141124082,0.335682123269496,0.63606877326258
0.355739940648334,0.334820187890427,0.635315389376257
0.357504683541356,0.333924615786766,0.634614036959504
0.35942385555803,0.33298853045635,0.633972174034306
0.361491981775194,0.332000729598549,0.633396855484406
0.363699829161517,0.330946173409146,0.632894883177999
0.366032946459339,0.329807433174847,0.632472848792612
0.368470968768171,0.328566964290906,0.632137025410909
0.370987966452392,0.327209724416466,0.631893104407168
0.373553815687496,0.325725456966972,0.631745825536443
0.376136248125088,0.324110057516774,0.631698586415518
0.378703068337834,0.322365815942298,0.631753122725054
0.381224080932528,0.320500760286486,0.631909320660968
0.383672465735754,0.318527553958532,0.632165176110576
0.3860255367205,0.316462313492706,0.632516874989934
0.388264937053877,0.314323456454501,0.632958952127527
0.390376377648114,0.312130501235564,0.633484492509087
0.392349071149394,0.309902752881047,0.63408535689116
0.394175055530663,0.307657954144993,0.634752429465659
0.395848609204216,0.305411107381771,0.635475890374293
0.397365910629003,0.303173700037699,0.636245510290772
0.398725003272741,0.300953513833197,0.637050952124749
0.399926023586882,0.298755114465245,0.637882051145602
0.400971561027171,0.296581026370194,0.638729034108631
0.401866959690962,0.294433485493332,0.639582635531751
0.402620351180968,0.292316520480524,0.64043408035752
0.4032422413094,0.290237955673257,0.641274930225601
0.4037445715465,0.288210819369648,0.642096832339142
0.404139335911701,0.286253669800437,0.642891252786109
0.404437014186206,0.284389588598217,0.643649298418197
0.404645203655822,0.282644002142863,0.644361713896847
0.404767815349653,0.281041904235599,0.64501908290542
0.404805033032152,0.27960524900179,0.645612190602837
0.404753991293586,0.278351157294316,0.646132454537704
0.404609931137218,0.277291228964629,0.646572323828068
0.404367513317969,0.276431882204152,0.646925574751579
0.404022007166595,0.275775409591894,0.64718747155324
0.403570170741962,0.275321383700643,0.647354794430367
0.403010746619839,0.275068105421924,0.647425756465069
0.402344606771301,0.275013866257932,0.647399852106818
0.401574686023428,0.275157788612717,0.647277729259222
0.400705707828491,0.275500011285724,0.647061182706771
0.399743296183442,0.276041389916073,0.64675315421969
0.398692460674635,0.276783066366605,0.646357583109628
0.397556002701027,0.277725778748383,0.645879236370239
0.396333204987609,0.278868768677518,0.645323658181632
0.395019089702475,0.280208438663244,0.644697256573103
0.393604571282922,0.281737086701398,0.644007488178324
0.392077707397578,0.283442112715895,0.643263067701778
0.390425937170797,0.285306034546412,0.642474105661957
0.38863881419802,0.287307437472484,0.641652084752703
0.386710503009873,0.289422661025388,0.640809632167231
0.384641366489875,0.29162774656095,0.639960114460792
0.382438308123209,0.293900075269773,0.639117138333965
0.380113960174543,0.296219264594421,0.63829405711207
0.377685120136714,0.29856717813734,0.637503557438517
0.375170936696074,0.30092719886963,0.636757355132774
0.372591265514357,0.303283110511774,0.636065988836847
0.369965447604886,0.305617995832673,0.635438679751574
0.367311592913177,0.307913516764909,0.634883227113839
0.364646319538169,0.310149828893952,0.634405924685131
0.361984813619161,0.312306227724373,0.634011503753015
0.359341036870762,0.314362446229812,0.633703123576122
0.356727928534209,0.316300362483488,0.633482433245367
0.354157537708582,0.318105794778493,0.633349716151353
0.351641153275475,0.319770094919116,0.633304102747177
0.349189589974955,0.321291341649455,0.633343809772105
0.346813751386903,0.322674971874185,0.633466348053283
0.344525415405808,0.3239336327505,0.633668646257248
0.34233797662036,0.325086013039321,0.633947066201817
0.340266783772809,0.326154578605971,0.634297327706845
0.338328819888857,0.327162510094433,0.634714398374634
0.336541745863844,0.328130525459222,0.635192415516375
0.334922600898397,0.329074402407039,0.635724687640776
0.333486558769399,0.330003783705516,0.636303786859495
0.332246039597475,0.330922386137856,0.636921714521271
0.331210275870525,0.331829301036698,0.637570111731907
0.330385265796735,0.332720853099003,0.638240488707704
0.32977398439651,0.33359248952166,0.638924450661721
0.329376748755665,0.334440307769386,0.63961389671786
0.329191698010735,0.335261991832931,0.64030116317469
0.329215405641977,0.336057054980517,0.640979078261248
0.32944366451462,0.336826375185598,0.641640898585198
0.329872461910912,0.337571082201324,0.64228011293974
0.330499090138975,0.338290946865948,0.64289013105969
0.331323228485469,0.338982554469213,0.643463922335042
0.332347717666376,0.339637699743596,0.643993722370361
0.333578693444934,0.340242548031445,0.644470958564494
0.335024831665088,0.340778044699911,0.644886524214062
0.336695716305121,0.341221732047183,0.64523143114613
0.338599690029139,0.341550615251806,0.645497718732229
0.340741786469214,0.341744267980849,0.645679372159864
0.343122311556042,0.341787274051711,0.645772987492878
0.34573635854673,0.34167042304092,0.64577802630976
0.348574196332849,0.341390589231624,0.645696658071363
0.351622246544971,0.340949628424503,0.645533306590348
0.35486431872537,0.340352783750719,0.645294058193103
0.358282849334698,0.339607040084268,0.644986067039205
0.361860006251104,0.338719721256217,0.644617043171755
0.365578619156452,0.337697480104826,0.644194860553036
0.369422951140268,0.336545727204427,0.643727289631253
0.373379338039967,0.33526848829718,0.643221843717977
0.377436698635285,0.333868656346535,0.642685725553533
0.381586877961743,0.332348594585782,0.642125862533559
