-0.667163279291907,0.000606460850419336,0.00529334494523245
-0.998284091115546,0.00173839963421901,0.0156614009091548
-1.32644029982395,0.00373591976049603,0.0341361533825514
-1.6505821278962,0.00684870120524173,0.0624251152541251
-1.96959036784775,0.0113305254027794,0.10170215945731
-2.28226132485773,0.0174252455821074,0.152559776518405
-2.58730197771477,0.0253446593320128,0.215034333973762
-2.88333915289334,0.0352359835777899,0.288711216050461
-3.16894350115389,0.0471361094835506,0.372892599854227
-3.11282189386629,0.0541375812683876,0.41040870521334
-3.04739467849477,0.0610011048835566,0.438067086287858
-2.97306891822702,0.0675752196642364,0.45701762551388
-2.8902171401259,0.0737174182131068,0.468651198801373
-2.79918306341253,0.0792784254513601,0.474465825544745
-2.7002310459164,0.0840813989724629,0.475960249563491
-2.59354888029304,0.087905552084391,0.474538613828903
-2.47926271077938,0.0904818815812549,0.471394202506114
-2.35748139650173,0.0915084669727415,0.467368895763151
-2.22836553242937,0.0906874711405298,0.462807480100422
-2.09220941159157,0.0877783154033292,0.457448777949018
-1.94951375262089,0.0826532896647543,0.450404820656434
-1.80102081909507,0.075336970966294,0.44026598976869
-1.64769017082434,0.0660132193274422,0.425333567767422
-1.49061350558845,0.0549940345667182,0.403934217564393
-1.3308895184894,0.0426587725789943,0.374736094941624
-1.16949808372877,0.0293829353238683,0.336985487611772
-1.00720850845642,0.0154770586284521,0.290615035557979
-0.84454228332262,0.00114926099620324,0.236223637795558
-0.681786308677338,-0.0135058556585062,0.174965747185333
-0.519040452991308,-0.0284966253468542,0.108402941948834
-0.356279302427571,-0.0439101421242867,0.0383625146094264
-0.193414258810428,-0.0598813398160696,-0.0331714677090285
-0.0303537575787753,-0.0765598769503927,-0.104129686723102
0.132944408619577,-0.0940774421620628,-0.172406964634645
0.296433949939788,-0.112516864552361,-0.235914741795966
0.459952655089785,-0.131883669967839,-0.292659325311573
0.623195252168165,-0.152082212942469,-0.340859167262044
0.785684117813655,-0.172902915364874,-0.379105529071505
0.946753482029263,-0.194029193733172,-0.406553442098424
1.10556511881768,-0.215068948631483,-0.42309987267901
1.26116161956421,-0.235606434062347,-0.429480546683089
1.4125508666761,-0.255259647129232,-0.427219069105163
1.5588029833774,-0.273720745863914,-0.418400216099993
1.69913469140164,-0.290760665603556,-0.40530491411804
1.83295737497648,-0.306194827552158,-0.390004590341447
1.95987780960665,-0.319829107649321,-0.374031740178275
2.0796569850528,-0.331417111941307,-0.358207840169933
2.19214475086503,-0.340652625519658,-0.342642009012989
2.29721337360566,-0.347199741188814,-0.326854384090487
2.39470942702881,-0.350743285617696,-0.309953652882167
2.48443471731322,-0.351036558832794,-0.290809614176675
2.56615584124352,-0.347931699639576,-0.268192254371263
2.63963227571092,-0.34139064769206,-0.240880479283715
2.70465045957071,-0.331483156155082,-0.207765136275838
2.76104967841432,-0.318378812893116,-0.167976313131902
2.80873271930543,-0.302336372816454,-0.121053052400285
2.84765902856597,-0.283688693596352,-0.0671444140096361
2.87782542929093,-0.262819599330713,-0.00719211089966409
2.89924464165557,-0.240131293202815,0.056986026412243
2.91193319743562,-0.216006634169835,0.122790475240787
2.91591523621512,-0.190775906243497,0.187139486192658
2.91124034186136,-0.16469835977451,0.246914398398217
2.89800522514059,-0.137962794433231,0.299419765528904
2.87636749980836,-0.110703642128789,0.342719510204073
2.84654653185438,-0.0830224603115139,0.375772478802806
2.8088106435794,-0.0550059983788787,0.398377964006893
2.76345753658433,-0.0267358056251947,0.4110026420293
2.71079208880295,0.0017109278750873,0.414572111962597
2.65110504785286,0.0302667519094996,0.410286641880081
2.58465447644734,0.0588821116577071,0.399485903069999
2.51165057599263,0.0875329111265381,0.38355909331891
2.4322449225606,0.116224399497568,0.363881520348693
2.34652927162181,0.144988744620894,0.341756037817368
2.25454652437761,0.173874390180311,0.318342733926487
2.15631973247063,0.202926907975896,0.294572027592758
2.05189874545892,0.232163394267947,0.271049619213415
1.9414192333564,0.261545444039716,0.24797509694031
1.82516100664515,0.290958216533705,0.225104009981296
1.70358777893475,0.320203710943306,0.201781207514404
1.57734953578518,0.349013417862746,0.177057646499825
1.44724117752126,0.377079971462828,0.1498775663716
1.3141223934002,0.404099847995872,0.119296312236551
1.17882254383518,0.429815406237026,0.0846767612920699
1.04205637929961,0.454044608645832,0.0458197961651816
0.904372070506482,0.476692369831901,0.0030093223327459
0.76613852660037,0.497744004895018,-0.0430192691284711
0.627566748341028,0.517246383972437,-0.0911591054844764
0.488752426971879,0.535283698054306,-0.140028135242015
0.349726479983794,0.551953006442836,-0.188057707004431
0.210505300587467,0.567342592545732,-0.233563447406229
0.0711370989820105,0.581513626858213,-0.274802617201979
-0.0682550197496785,0.594485159656914,-0.310032825662939
-0.207431498474834,0.606223681703433,-0.337592278982707
-0.345996922743805,0.616640363448885,-0.35601940993087
-0.483367889694457,0.625601125397163,-0.364217810834581
-0.618757958415539,0.632954463648452,-0.361649932861083
-0.751190711938432,0.638578351749431,-0.348514574277242
-0.879546816639809,0.642440461357506,-0.325841161606522
-1.00263828626442,0.644656920950795,-0.295435646789071
-1.11928998961918,0.645531028432034,-0.259651733687703
-1.22840144369317,0.645555472081066,-0.221026404375848
-1.32897084045079,0.6453714565591,-0.181878572798191
-1.42008411747959,0.645686964242288,-0.143986005886191
-1.50089589565512,0.64715970644505,-0.108418440838959
-1.57064200811748,0.650248729306815,-0.0755387401254788
-1.62871981754009,0.655043917145141,-0.0451282241258446
-1.67484517111637,0.66110250547904,-0.0165698514897386
-1.70924816656902,0.667352524181548,0.0109678520198809
-1.73282040231063,0.672137196458479,0.0383783187540156
-1.74711164787297,0.673438356126629,0.0665019247938106
-1.75413005493199,0.669233161087876,0.0960346428982053
-1.75600359617111,0.65786098050779,0.127437875163533
-1.75463586390238,0.638271751945679,0.16083383402654
-1.75147581910949,0.610096303318562,0.195893054257804
-1.74744223965039,0.573564062805074,0.231748296850599
-1.74297009081405,0.529338165967313,0.26698520048483
-1.73812005157306,0.47833480184898,0.29974996476495
-1.73270345401527,0.421567655400561,0.327976292452682
-1.72639662375741,0.360033947346922,0.349684565769177
-1.71883225775184,0.294643151505921,0.3632730589013
-1.70966372854701,0.226182230977363,0.367724636006259
-1.69860223860613,0.15530773868086,0.362689154098327
-1.68543058761411,0.0825544226068845,0.348448728289068
-1.67000014268279,0.008351313686719,0.325805607052376
-1.65221751096622,-0.0669612200856941,0.295940287121426
-1.63202691384856,-0.143116901638819,0.260276493298622
-1.60939156093484,-0.219912294328385,0.220370726240246
-1.58427725440878,-0.297197644085603,0.177827612619514
-1.55663989695814,-0.374867378702052,0.134231729860191
-1.52641885281407,-0.452847345240497,0.0910832585205528
-1.49353843135111,-0.531076376408549,0.049727272334013
-1.45791924076918,-0.609481296281425,0.0112731924790656
-1.41950014818088,-0.687947111241456,-0.0234895818049053
-1.37826831957752,-0.766287151484421,-0.0541639712594777
-1.33429228172999,-0.844220551154344,-0.080782412921928
-1.28774877969443,-0.921365052798069,-0.103786232479929
-1.23893565343032,-0.997250622183139,-0.123934666254418
-1.18826428681516,-1.07135293157062,-0.142150705077262
-1.13623341072196,-1.1431392749948,-0.159332610098104
-1.08339200695411,-1.21211418054061,-0.176173354880339
-1.03030271165561,-1.27785183711918,-0.193027809101361
-0.977516211323785,-1.34000763806195,-0.209850259261219
-0.925561324088133,-1.39830752991369,-0.226201745636694
-0.874950332856072,-1.45252068732219,-0.241308850265159
-0.826192938130307,-1.50242161643465,-0.254148682578388
-0.779810949514928,-1.54774838590331,-0.263539269528637
-0.736344401713395,-1.58816128940555,-0.268225147460643
-0.696339029600353,-1.62320532613573,-0.266959544300654
-0.660303979837075,-1.65228132292423,-0.258592758341267
-0.628628721664548,-1.67463446632978,-0.242178474899692
-0.601453585199047,-1.68937433009779,-0.21710472795522
-0.578504816821782,-1.69554328019507,-0.183244674971319
-0.558934953316826,-1.69224455140559,-0.141107031435228
-0.541242008031659,-1.67882085966245,-0.0919506751131139
-0.523347846536638,-1.65504018953899,-0.0378163769397678
-0.502868392517087,-1.62121653619293,0.0185734404482163
-0.477515038212429,-1.57819921854332,0.07407739036751
-0.445488705723716,-1.52721343748242,0.125540164284937
-0.40573032248287,-1.46960472582517,0.17024866353608
-0.357969001856599,-1.40658086517835,0.206302666217919
-0.302599583555931,-1.3390352523401,0.232789415643253
-0.240469249557491,-1.26748744920145,0.249739758522614
-0.172651871248788,-1.19212602925123,0.257933311167202
-0.10025997676087,-1.11290915396213,0.258656502255243
-0.0243129572572696,-1.02967888240431,0.253494802251474
0.0543413533274938,-0.94226062230496,0.244189033592376
0.135062595432413,-0.850538238649142,0.232539361739371
0.217420851166224,-0.754507203521073,0.220316033260907
0.301171128240645,-0.654311302162674,0.209135582754665
0.386200122489978,-0.550265704236029,0.200281463361217
0.47244725031061,-0.442863994871812,0.194482962832911
0.559809048022585,-0.332763032119825,0.191706366116837
0.648047066275661,-0.220741165438048,0.191041551117107
0.736727223883948,-0.107631651019228,0.190763861112664
0.825215968181714,0.00575670515761377,0.188602961928962
0.912740502344615,0.118712872261566,0.182169492433692
0.998494615968099,0.23067247026818,0.169418951088861
1.08175266163795,0.341232559467945,0.149015139616111
1.16195438710278,0.450134778607129,0.120504193764118
1.23874153270602,0.557228248720323,0.084292060402186
1.31194804025363,0.662427125651271,0.04148452833464
1.381560183645,0.765674597660592,-0.00632673178474005
1.4476649924798,0.866920031337903,-0.0572627224148631
1.51039945156972,0.966110985753434,-0.109302821344753
1.56990663375037,1.06319803497445,-0.160371774102515
1.62629859968789,1.15814751154535,-0.208384985119543
1.67962318647512,1.25095505722054,-0.251281674328304
1.72983321023082,1.34165156316637,-0.287079246755072
1.77675894009898,1.43029266047267,-0.313977742020256
1.82009056151291,1.51692500330715,-0.33052907745122
1.85938203649242,1.60152960933279,-0.335860514888704
1.89408741017083,1.6839522046799,-0.329906711042069
1.92363041466663,1.76383962385018,-0.313570518251195
1.94749624096613,1.84060996053847,-0.288721913361557
1.96531778119726,1.91347780093612,-0.257977381807253
1.97692581632048,1.98153826150141,-0.224280989476127
1.98234462096714,2.04388776715184,-0.190397247475245
1.9817371470549,2.09974171834829,-0.158469885596905
1.97532417917615,2.14851218082921,-0.129768622770223
1.96330780932658,2.18982954068341,-0.104659246337842
1.9458207838843,2.22351556404386,-0.0827458730304969
1.92290908889405,2.24952846909001,-0.0630916818506142
1.89454476776687,2.26790083712811,-0.0444324504504043
1.86066007412395,2.27868124939881,-0.0253356969888084
1.82119558281585,2.28188324091265,-0.00430256555175609
1.77615503136023,2.27743943799962,0.0201565240516894
1.7256620130324,2.26516313066494,0.04942525895663
1.67001189666981,2.24472647805787,0.0846216085316149
1.6097070601468,2.21566953880714,0.12636021648443
1.5454612710335,2.17745674134531,0.17447024843293
1.47815683722402,2.12958317907862,0.227755581946602
1.40874826205615,2.07171324427079,0.283915252180523
1.33812407781814,2.00381230914899,0.339718021343828
1.26695824045857,1.92622428927422,0.39143695239617
1.19559608376833,1.83966818209364,0.435436661456094
1.12401138897093,1.74515644624363,0.468734788457976
1.05184783379882,1.64386526759847,0.489376579209537
0.978529500823824,1.53699543165507,0.496551261821256
0.903403613378515,1.42565388184857,0.490481041215017
0.825873837440404,1.31077363450056,0.472176928963889
0.745491801631343,1.19307731185987,0.443165142342379
0.661992074441565,1.07307976644475,0.405259241655841
0.575274719299622,0.951120768859069,0.360411645971556
0.485350342285751,0.827415149849877,0.310639931215531
0.392267878253965,0.702110861662943,0.257999094247082
0.296044578288705,0.575348468623373,0.204560133216113
0.196615579239611,0.447318644935612,0.152356586710005
0.0938176265456835,0.318314248494962,0.103271487739352
-0.0125823317183714,0.188771243230502,0.0588572962889824
-0.122810222577528,0.0592898812744515,0.0201103767774883
-0.236969602929109,-0.0693742908353654,-0.0127450811938858
-0.354916259955931,-0.196357339670344,-0.0403827725729269
-0.476166115505057,-0.320769942879221,-0.0643289342009267
-0.599880121479024,-0.441799911733641,-0.0867076256162002
-0.724945632595691,-0.55880444112909,-0.109816815375691
-0.85013406193413,-0.671360998236696,-0.135652529378083
-0.974280646016222,-0.779259958737712,-0.165525010050922
-1.09642680329817,-0.882444915538966,-0.199867282967396
-1.21589008606195,-0.980925197123095,-0.238251565636683
-1.33226177273877,-1.07469061763796,-0.279554715057591
-1.44535490725854,-1.16365061287781,-0.32218340461954
-1.5551310704995,-1.24760833003211,-0.36428205565621
-1.66162437587168,-1.32626913208381,-0.403880236926407
-1.76487036037322,-1.39927873807472,-0.438972294209742
-1.86483977744765,-1.46628548484434,-0.467550245511547
-1.96137601587325,-1.52702131802615,-0.48762933532549
-2.05413497495434,-1.58139032101777,-0.49731239940848
-2.14253837085598,-1.62955035284087,-0.494934411904234
-2.225757159152,-1.67196265961439,-0.479303753733184
-2.30274712409963,-1.70938139540529,-0.45001210495496
-2.37235169516529,-1.74276398458835,-0.407728074523065
-2.43345914047791,-1.77310523919339,-0.354346976140911
-2.48517588236969,-1.80123841997563,-0.292881486595034
-2.52695373740591,-1.82766944983267,-0.227060373242407
-2.55862455628532,-1.85250848447004,-0.16072856878465
-2.58033440982063,-1.87552085796419,-0.0972349990281612
-2.59241305690857,-1.89626539625654,-0.0389945007317102
-2.59523429846539,-1.91425499745718,0.0126797237020633
-2.58911383023355,-1.92908011895763,0.0574938013831047
-2.57426247569332,-1.94046568904658,0.0959401920200355
-2.55078851344324,-1.94826551053159,0.129027399840562
-2.51872973652086,-1.95241599214948,0.158051781750808
-2.47809694290567,-1.95287402302534,0.184439831410785
-2.42891587279244,-1.94955677996494,0.209645841875013
-2.37126343026098,-1.94229606812286,0.235065681099191
-2.30529769138486,-1.93081600486036,0.261924460466937
-2.23128295678567,-1.91474247556311,0.291112641429808
-2.14960890190385,-1.89364998171482,0.322977685399921
-2.06080084122213,-1.86714459223145,0.357118953915263
-1.9655146591854,-1.83496699458706,0.392266109637963
-1.8645116294306,-1.79708571338127,0.42632457690278
-1.75861240442775,-1.75374433458373,0.456629359776621
-1.64863606510424,-1.70543782348758,0.480368994566069
-1.53533714821821,-1.65282119992914,0.495064152886814
-1.41935669337724,-1.59658374771501,0.498958786008379
-1.30119719569319,-1.53733203220961,0.491223031746443
-1.18122460451367,-1.47551621732301,0.471950200382345
-1.05968952036332,-1.41140851181976,0.442002515565742
-0.936757016287039,-1.34512442142766,0.402791714030069
-0.812532853284842,-1.27666640944955,0.356068442169515
-0.687080356648378,-1.2059743392939,0.303762435041392
-0.560425812182967,-1.1329716863364,0.247881084943334
-0.432556514563129,-1.05760491494585,0.190451084571417
-0.30341837016296,-0.979875961941063,0.133475955164638
-0.172921959514565,-0.899869562151947,0.0788808180948768
-0.0409659300902676,-0.817774790844331,0.0284218070773156
0.0925165419956263,-0.733898532523931,-0.0164492401735277
0.227489745812891,-0.648665294063808,-0.0547544363913943
0.363737108446344,-0.562597446339758,-0.0861587551048391
0.500795088179322,-0.476273312845489,-0.11108145756482
0.63792718187893,-0.390266417109337,-0.130687454949361
0.774159427376139,-0.305079869298397,-0.146719342345246
0.908379215921739,-0.221095885318142,-0.161184150264777
1.03947156860117,-0.138556407423109,-0.175970038083823
1.1664511199132,-0.0575805136835738,-0.192502397716488
1.28854960092859,0.0217913409818248,-0.21153199213051
1.40524073485064,0.0995445200756398,-0.233090699054289
1.51621067477066,0.175646923375087,-0.256587691700375
1.62129531638481,0.250026409672985,-0.280981851238231
1.72041089967752,0.322571506990655,-0.3049649056495
1.81349425975472,0.393151959437356,-0.327111468513511
1.900461012794,0.46165252127795,-0.345981603277296
1.98118177499239,0.528011942588316,-0.360185841381
2.05547253349306,0.592257968048653,-0.368436985271302
2.12309481124663,0.654528222233163,-0.369616379054156
2.18376481611167,0.715067625954654,-0.362875156159974
2.23717175635106,0.77419601461373,-0.347773305941863
2.28300705268776,0.832247242673226,-0.32443487813409
2.32100378873143,0.889491787275204,-0.293672648912728
2.35098210658772,0.946065578224826,-0.257022262473264
2.37289167296224,1.0019314804129,-0.216636861220334
2.38684325338907,1.05689200611482,-0.175033808598923
2.39312180984175,1.11065021311555,-0.134741677492348
2.3921812513864,1.16289371550639,-0.0979400741202231
2.38462128647771,1.2133644800758,-0.0661883375357162
2.37115013614592,1.2618871960891,-0.0402995485634617
2.35253398992934,1.30835077179024,-0.0203579301070028
2.3295362943612,1.35265953818109,-0.00583413545922391
2.30285202732929,1.39467905807067,0.00425959991214382
2.27304600923106,1.43419708635215,0.0112188957318209
2.24050343083472,1.470907732141,0.0165214035043727
2.20540055515971,1.50441704206808,0.0217236922357192
2.16769867646022,1.53426168645877,0.0283647785015351
2.12716295549653,1.5599334847504,0.0378558848287616
2.08340475402974,1.58090610021854,0.051341571978027
2.03594358085737,1.5966649197391,0.0695329062367857
1.98428293363179,1.60674476550461,0.0925368367065276
1.92798883355006,1.61077742031232,0.119730159089609
1.86675681091588,1.60854498294117,0.149738025796557
1.80045129778534,1.60002583476453,0.180561495716073
1.72910744752976,1.58541612385912,0.209853025741077
1.65289629038279,1.56511393673651,0.235280591906552
1.57206689308177,1.53966652443875,0.254882720262326
1.48688537810613,1.50969472330322,0.267322015848154
1.39758782281192,1.47581570926474,0.271989788730277
1.30435510967479,1.43858279953647,0.268971084057785
1.20730801142889,1.39845195095652,0.258918586663457
1.10651579236017,1.3557757112374,0.24289388549014
1.00201089535309,1.31081910883874,0.222221210451523
0.893804971044515,1.26378963186939,0.198375353387759
0.78190522195489,1.21487358175405,0.172903158892968
0.666333278216418,1.16427233366816,0.147362642262508
0.547149418642143,1.11223192491956,0.123257069913076
0.424484326032921,1.05906032515544,0.10194385565875
0.298576415492872,1.00512649780746,0.084509010783438
0.169807871033468,0.95083787676744,0.0716163606896854
0.0387276186724895,0.896597665978549,0.0633627150534959
-0.0939522275095865,0.842750046972621,0.0591877039313486
-0.227394994477882,0.789529018101692,0.0578891254253153
-0.360710714747665,0.73702849777135,0.057772560870867
-0.493043887208258,0.685206364548242,0.0569206289465652
-0.623653157251184,0.633922612731076,0.0535205095746187
-0.751960821651799,0.582998612165569,0.0461636577903544
-0.877562499837082,0.532277465398294,0.0340437764469697
-1.00020267260576,0.481668293366897,0.0170208253936594
-1.1197316554584,0.431166097977221,-0.00443372495927419
-1.2360608837603,0.380848228531222,-0.0293644838477187
-1.34912885810832,0.330854300314854,-0.056481005700607
-1.45888217036521,0.281357158655938,-0.0842902097899463
-1.56527089544086,0.232531455778856,-0.111196537343351
-1.66825241290158,0.184523956732007,-0.135574532859119
-1.76779640913781,0.137428865416924,-0.155832348099964
-1.86388310774164,0.0912713991009307,-0.170489819822963
-1.95648835955612,0.04600353232749,-0.178290567097356
-2.04555306395932,0.00151589793180656,-0.178353688717459
-2.13094049096763,-0.0423321406807226,-0.170348151786378
-2.21239277894166,-0.0856671388985268,-0.154646781050769
-2.28950306908937,-0.128550989606547,-0.132397752136719
-2.36172041168025,-0.170941265718658,-0.105454995254997
-2.42839443389594,-0.212678832494666,-0.0761449533932802
-2.48885194156476,-0.253510347603644,-0.0469081695340169
-2.54248211856352,-0.293138523138231,-0.0199099992734748
-2.58880396195771,-0.331281001882387,0.00326953105101568
-2.62749813192567,-0.367716903855603,0.0217929081754325
-2.65840022887165,-0.402308573106243,0.0355603316738903
-2.68146600815988,-0.434998144550888,0.045088775079331
-2.69672233642441,-0.465786657721256,0.0513413760057805
-2.70421634778177,-0.494705650685828,0.0555612945025176
-2.70397085877593,-0.521789172976915,0.059135532097637
-2.69594970488478,-0.547050956376606,0.0634860540675014
-2.68003659922841,-0.570469543896415,0.069967874825507
-2.65603342989888,-0.5919837261706,0.0797499880308074
-2.62368251955275,-0.611500039721184,0.0936649685248928
-2.58271997057779,-0.628914034822982,0.112035042244027
-2.53295583789936,-0.64414328154229,0.134510407248979
-2.47436799075861,-0.657165793957003,0.159979203678706
-2.40718042846659,-0.66805158796245,0.186611508515344
-2.33189609347639,-0.676974276855132,0.212070080573199
-2.24926063869002,-0.684193555465707,0.233861062694516
-2.16016373047278,-0.690011870014026,0.249736633000327
-2.06550763062768,-0.694719231481815,0.258034770596997
-1.96608600637611,-0.69854512825478,0.257868541595331
-1.86250683504967,-0.701631785290063,0.249141422980118
-1.75516916359966,-0.704032178024012,0.23242727196383
-1.64428479883113,-0.705727735245764,0.208784763359409
-1.52992563960005,-0.706656554482774,0.179571519283207
-1.41207723171527,-0.706743273950338,0.146297511214029
-1.29068855805261,-0.705925768926156,0.110528878870873
-1.16571293605758,-0.704175699037069,0.0738313547485091
-1.03714240964012,-0.701512611785194,0.0377314006156894
-0.905038040858983,-0.698010912053038,0.00367060358521823
-0.76955860232032,-0.693799428274193,-0.0270658898348222
-0.630985416631378,-0.689052454701122,-0.0534546539224963
-0.489738257036448,-0.683972665018106,-0.0748633959251711
-0.346373706748638,-0.678767644978966,-0.0911750700068234
-0.201559642014463,-0.673625324977875,-0.102861746911711
-0.0560251681329116,-0.668695258306002,-0.110962525624335
0.0895049283721315,-0.664082443431995,-0.116941497726304
0.234374304123707,-0.659856617841473,-0.122442609490812
0.37803994869782,-0.656073917070201,-0.129000034995567
0.520087238847207,-0.65280340051071,-0.137781781610099
0.660216264312323,-0.650150410968677,-0.149428887350017
0.798209876519443,-0.648271480330878,-0.164012447186328
0.933897018713242,-0.64737993920985,-0.181089085222731
1.06712201777597,-0.647744072347377,-0.19981144486754
1.19772486611121,-0.649680040397542,-0.219048922862034
1.32553216236737,-0.653540374319662,-0.237488576822637
1.45035434551275,-0.659696613360272,-0.253706776839985
1.57198281636308,-0.668513117884699,-0.266221290237839
1.69018020411259,-0.680308913741573,-0.273547048214148
1.8046580101995,-0.695306137512311,-0.274284348913059
1.91504047516154,-0.713568639822429,-0.267263007399692
2.0208199989916,-0.734941188121212,-0.251745954659057
2.12131920149104,-0.759007337386568,-0.227660652207712
2.21568119700011,-0.785086349565616,-0.195785223796654
2.30290910624125,-0.812282068391714,-0.157792771640171
2.38195990995706,-0.839577057436948,-0.116081341028497
2.45187356363999,-0.865943490310797,-0.0733970641794152
2.511898206339,-0.890432457234768,-0.0323563209670189
2.56157259901777,-0.912214826042384,0.00497653871814488
2.60074851069866,-0.930572608086659,0.0373334834679953
2.62956039975055,-0.944861634927759,0.0642778441902793
2.64836437159023,-0.954473280674604,0.0860831526716716
2.65766648878052,-0.958814630530306,0.103543068317253
2.65805284287195,-0.957313049309389,0.117784281599963
2.65012446358644,-0.949439303305931,0.130114910960001
2.63443893111059,-0.934739217322977,0.141903320496747
2.61146242412592,-0.91286507197122,0.154460503123581
2.58154250628087,-0.883603329110451,0.168897682903023
2.54491350927292,-0.846899026382251,0.185948047478229
2.50174213916709,-0.802877599719646,0.205772406800885
2.45220985798423,-0.751861499562915,0.227802403343762
2.39660952738921,-0.694372650475106,0.250694029397515
2.33542265975133,-0.631110121771409,0.272450709205875
2.26934127948769,-0.562896434258605,0.290722091034515
2.1992211437324,-0.490599330088693,0.303212668918508
2.12598033245906,-0.415047681683237,0.308082922874435
2.05048163451383,-0.336964912388365,0.304229468998141
1.97343798081452,-0.256935311968823,0.291386620251736
1.89536405360685,-0.175404620657396,0.270063988438965
1.81657506436822,-0.0927042905077231,0.241383459716706
1.73721971892454,-0.0090845597812564,0.206888655012009
1.65733111439507,0.0752557802999379,0.168380161742731
1.57688385402441,0.160148619365369,0.127799263025279
1.49585256421553,0.245443729284614,0.0871557850821608
1.41427107804713,0.330997782738939,0.0484777336883658
1.33229262551067,0.416656321927605,0.0137523928182483
1.25024690724467,0.502220082321066,-0.015170300251158
1.16868344435264,0.58739127994927,-0.0367301695757611
1.08838210021115,0.67170371974532,-0.0498611304571125
1.01031061104808,0.754452916926651,-0.0542124330446873
0.93551425516812,0.834652687892572,-0.0503209508955172
0.86494476130306,0.911048097569762,-0.0396554601015104
0.799261919613041,0.98220255157536,-0.0244763407879035
0.73866169737091,1.04665132300854,-0.00751394026276626
0.682784184813284,1.10308694781509,0.00845942441890711
0.63072915727907,1.15052801145168,0.0210457313138638
0.581170247562274,1.18842943688564,0.0285182323151901
0.532531377741239,1.2167160844799,0.0299460946267683
0.48317867645437,1.23574474084715,0.0251580537012357
0.431589170483637,1.24621638721838,0.0146002215785658
0.376472981996527,1.2490654370672,-0.000844335048913021
0.316840737097292,1.24534884610688,-0.0200188803181662
0.252018572694928,1.23615103172563,-0.0416078438171885
0.181618745137834,1.22251248799576,-0.0641971254229593
0.105477345180014,1.20538471260547,-0.0862941810243847
0.0235732140007352,1.18560945550213,-0.106335699145433
-0.0640549902210763,1.16391638227806,-0.122716785339321
-0.157374193936768,1.1409298263681,-0.133873654912764
-0.256385122414413,1.11717413436585,-0.138440418132592
-0.361098055597917,1.09306845286051,-0.135477990355642
-0.471451910508022,1.06890835367265,-0.124740452839297
-0.587190924041596,1.04484040910063,-0.106908072237321
-0.707735696091285,1.02084380400776,-0.0836920160304815
-0.832102247717126,0.996734792655237,-0.0577245644967118
-0.958919942603255,0.972202465851925,-0.0322049514132166
-1.08656718601769,0.946870254102415,-0.0103643464319447
-1.21339214489591,0.920365570253999,0.00510031271030288
-1.33794413320065,0.892377767623835,0.0124509916900887
-1.45913809105607,0.862691916265167,0.0110811613447924
-1.57631186950365,0.831196997203642,0.00143548785015309
-1.68918530481539,0.79787412029155,-0.015233791644452
-1.79776158932842,0.762771982780924,-0.0371553800863835
-1.90221409624394,0.725974682783046,-0.062281643606483
-2.00278643280475,0.6875651353785,-0.0884470517629368
-2.09971405435003,0.647586862719372,-0.113451460030665
-2.19316304554431,0.606008726155533,-0.13510737742192
-2.28317841445598,0.562700438342603,-0.151301739244838
-2.36963732470081,0.517429490009156,-0.160117590417716
-2.45221281210211,0.469891442389236,-0.160040035299702
-2.5303611171403,0.419780531970129,-0.150233024007553
-2.6033507221974,0.366895410723459,-0.13082344312431
-2.67034269608647,0.311255335169941,-0.103083159898754
-2.73051357844571,0.253184830668583,-0.0693895349455721
-2.78318694505652,0.193323288387872,-0.032899780680104
-2.82792785263028,0.132540660144188,0.00301016695931994
-2.86456508569632,0.0717833937083898,0.0353743467786069
-2.89313964297623,0.0119083322581289,0.0621256880866029
-2.91380875805235,-0.0464367694836295,0.0823075394837932
-2.92674728234797,-0.102857684277449,0.0959996980466399
-2.93207765343298,-0.15719164931032,0.104056277884397
-2.92984126578026,-0.209448432067308,0.107786426166502
-2.92000610169262,-0.259744346479272,0.108680087744892
-2.90249765544856,-0.308246961355355,0.108227312473452
-2.87724052273014,-0.355134847015158,0.107832002673218
-2.84419865741604,-0.400567702252083,0.10879153861713
-2.80340837780966,-0.444659413870904,0.112301726389293
-2.75499810679712,-0.487448248358267,0.119446288096101
-2.69919283365231,-0.528863921568334,0.131138640067883
-2.63629943562485,-0.5686979737113,0.148000174734326
-2.56667503055656,-0.606590951996675,0.170185324929079
-2.49068307226768,-0.642052037457065,0.197196559167578
-2.40864863632732,-0.674521013382401,0.227761941838664
-2.32082823867571,-0.703467088397967,0.259854414416265
-2.22740572952173,-0.728499254425982,0.290897667563222
-2.12851707348197,-0.749451463512463,0.318132269466113
-2.02429339206236,-0.766412258737456,0.339042063394662
-1.91490511779599,-0.779691856711038,0.35171167183858
-1.80059227942045,-0.789745110190434,0.355020721101671
-1.68167428965065,-0.797081257955473,0.348654153501093
-1.55854213777529,-0.802187652244059,0.332975006657432
-1.4316402011676,-0.805481400294818,0.308835970008651
-1.30144438665562,-0.807289858881034,0.277398830401984
-1.1684402171537,-0.807853312582948,0.240004100211514
-1.03310077527476,-0.807340800626471,0.198103998224744
-0.895861155404921,-0.805870169398277,0.153249418001185
-0.757090007549295,-0.803527701390366,0.107108386365458
-0.61705771384648,-0.800382584651236,0.0614848614477469
-0.475907768598477,-0.796494748670346,0.0183035626302583
-0.333642501379564,-0.791915678107206,-0.0204730244956825
-0.190137402756803,-0.786682036744316,-0.0530210951706013
-0.0451985064088791,-0.780803740712405,-0.0779289199111725
0.10133246702627,-0.774249101927581,-0.0945305425280422
0.249440824658301,-0.766931233697096,-0.103209670312439
0.398811195399848,-0.758702143498123,-0.105541355893188
0.548767498824397,-0.749361535620596,-0.104149725633124
0.698324332263022,-0.738682868917864,-0.102252535334677
0.846344558002659,-0.7264517527511,-0.103008640132683
0.991742442425762,-0.712503970946963,-0.108890200382496
1.13365168040771,-0.696749952149252,-0.121285994039296
1.27150600104657,-0.679178942742513,-0.140417411530037
1.40503055801703,-0.659845108442418,-0.165508326637625
1.53417775857584,-0.638842480480731,-0.195077258819739
1.65904715378116,-0.616274849086027,-0.227228489455338
1.77981654766767,-0.592224044733225,-0.259871272308641
1.89669251745232,-0.56671710344516,-0.290852445982065
2.00987640686265,-0.539693648025844,-0.318027792063114
2.11953504280453,-0.510977712376215,-0.339317642468239
2.22576690379018,-0.480263681674378,-0.352795511601591
2.32855872859889,-0.447130058873677,-0.356845708404174
2.42773750629868,-0.411095032505534,-0.350396869249444
2.52293099499979,-0.371718543843911,-0.333194023759089
2.61355853369729,-0.328736619126489,-0.306024184474123
2.69886934070058,-0.282188848660857,-0.270783228396703
2.77803224735692,-0.23248581894164,-0.230296293444753
2.85025636716414,-0.180375514288052,-0.18788892359147
2.91490278699657,-0.12680884960538,-0.146817516216928
2.97154952784392,-0.0727520981380138,-0.10973729767351
3.01999318859381,-0.0190154621889613,-0.0783653425582357
3.06020009790747,0.0338498581362929,-0.0534011017001496
3.09223573281733,0.085572550926796,-0.0346614505040465
3.11620081534408,0.136119598338544,-0.0213278481721957
3.13219123495589,0.185624476974091,-0.0122022396862995
3.14028386910925,0.234312127961619,-0.00590402147242423
3.14054256282696,0.282434732245982,-0.000984475322818007
3.13303547339097,0.330220576160981,0.00402972119621373
3.11785422520155,0.377831597039438,0.0106306640260429
3.09512844682981,0.425324320193904,0.0203182717183095
3.06503071267117,0.472612558702792,0.0345419478543752
3.02777061075533,0.519437059264491,0.0545636554830444
2.98357864783123,0.565354271145229,0.0812351646147907
2.93268674116851,0.609760324728389,0.114720180852484
2.87531468128595,0.651961546030049,0.154237546899009
2.81167355504204,0.691287194893834,0.197935685333716
2.74198979787949,0.727216765218588,0.243001663861047
2.66654134057088,0.7594768399662,0.286040328509767
2.58568680647759,0.788066984155913,0.3236463053521
2.49987069100042,0.813204322266381,0.352995493564033
2.40959878115871,0.835213728757294,0.372269132359872
2.31539558732861,0.854411294706249,0.38080592604906
2.21776008051759,0.871020519983757,0.378999021217156
2.11713145407837,0.885136672638358,0.368041026259083
2.01386680280311,0.896732953015694,0.349637258588692
1.90822470043316,0.905692168004009,0.325770659606194
1.800348021325,0.911848940857421,0.298547498314444
1.69024270058838,0.915032956418183,0.270107560024635
1.5777564848395,0.915109168108284,0.2425567598318
1.46256923931455,0.912013413271781,0.217873950842413
1.34421137792678,0.905781168502991,0.197755020050403
1.22212780414208,0.896565232469543,0.183385426089873
1.0957945374832,0.884635499903486,0.175174399590907
0.964872643569961,0.87035346831929,0.172530685717326
0.829358562599371,0.854121156028027,0.173789531906396
0.689670081383782,0.836314261506447,0.176382734281665
0.546618703030596,0.817221351257254,0.177264024185803
0.401262834676985,0.797012587048855,0.173487863212298
0.254693201236296,0.775751401423473,0.162759838829977
0.107830066875632,0.753441492799703,0.143788135496493
-0.0387014426124767,0.73008911356778,0.116362668625503
-0.184596708011398,0.705758040991756,0.0812030114836153
-0.329817664370929,0.68060295567085,0.0396834423713664
-0.47449809729982,0.654877986789497,-0.00645445416234407
-0.618843498308429,0.628922730127119,-0.0553304571298404
-0.763046683744263,0.603131060379146,-0.105070995080216
-0.907225748589188,0.577906810118962,-0.153880756704892
-1.05138157565065,0.553610481985095,-0.200067618637453
-1.19536832185426,0.530501528876943,-0.242052135886001
-1.33887230555913,0.508683493247952,-0.278389059180309
-1.48139809039082,0.488061581402107,-0.307819133172667
-1.62226579851981,0.468324757785653,-0.329356088606592
-1.76062618190046,0.448963099558716,-0.342397027449255
-1.89549854923088,0.429324778194458,-0.346827864247212
-2.02583292559936,0.408706345562365,-0.343086035410415
-2.15058953137869,0.386457224132874,-0.332146367328796
-2.26882113471023,0.362071579381686,-0.315415428553394
-2.37974092033247,0.335243167720118,-0.294548807112016
-2.48276108709923,0.305871183122648,-0.271231728172946
-2.57749776499421,0.27402245509202,-0.246974547432566
-2.66374433393991,0.239867996463586,-0.222965605978938
-2.74142767457326,0.203616885824245,-0.200001894679072
-2.81055888895751,0.165464913808986,-0.178491909923036
-2.87119136364538,0.12556660519413,-0.158507304746976
-2.92339079863192,0.0840299950963699,-0.139853526980759
-2.96721754788813,0.0409283372558563,-0.122134652787461
-3.00271630974085,-0.00367860057875508,-0.104799203296018
-3.0299090402937,-0.0497197723684882,-0.0871674849432378
-3.04878520080002,-0.0970890000563295,-0.0684529368183855
-3.05929135293307,-0.145625016545666,-0.0477980619463163
-3.06132097352601,-0.195098186598641,-0.0243471083992799
-3.05471539030322,-0.245207045701371,0.00262895597716006
-3.03928454449276,-0.295587843013433,0.0335567356873054
-3.0148538700709,-0.345838715994376,0.0683615680918594
-2.98133639463169,-0.395556505879,0.106301307665719
-2.93881270226483,-0.444378669828302,0.145904264195791
-2.88759189726483,-0.492018464596157,0.185069522371168
-2.82822422293611,-0.538281484754552,0.221338876841094
-2.76145218278318,-0.583058070626519,0.252281600583192
-2.68811178978969,-0.62629599966453,0.275882891148415
-2.60901644097531,-0.667965536169524,0.29082630391007
-2.52485920174145,-0.70802975768391,0.296610053012684
-2.4361567270159,-0.746428236161604,0.293504771167231
-2.34323730053847,-0.783075411024387,0.28240822200958
-2.2462605900995,-0.817870542973245,0.264663993878607
-2.14525356502913,-0.850715204334987,0.241894047642751
-2.04014817843223,-0.881533987930953,0.215866115284255
-1.93081731049098,-0.910295369028895,0.188392471743646
-1.81710992841412,-0.93702931526277,0.161241351596452
-1.69889112903863,-0.961837113550054,0.136039351905418
-1.57609326716304,-0.984889082319586,0.114150456214075
-1.44877805199046,-1.0064058949261,0.0965332291351449
-1.31720189428719,-1.02662290100523,0.0835991975809457
-1.18186689999466,-1.04574244175353,0.0751150110607821
-1.04353499747253,-1.06388586693007,0.0701978635945997
-0.903188756204601,-1.08106139592604,0.0674374581017744
-0.761939701470295,-1.09716140331625,0.0651379127629872
-0.620906816953399,-1.11199248803912,0.0616256046118251
-0.481102319048112,-1.12532921972173,0.0555404833111252
-0.343357848212552,-1.13697351825511,0.0460363878371519
-0.208305970503419,-1.1468019885256,0.0328548543680555
-0.0764102275256144,-1.15479067565259,0.0162830279640085
0.0519767009524959,-1.16101518142284,-0.00296314794470187
0.176549175144931,-1.16563012404996,-0.0238823248777469
0.296995850510921,-1.16883325729451,-0.0453206482118287
0.41296642810757,-1.17081877120362,-0.0660755251592056
0.524059645575852,-1.17172361957246,-0.0849690081258622
0.629830401470924,-1.17157060587471,-0.100901462789165
0.729812375647195,-1.1702143370999,-0.112901108968238
0.823552409936243,-1.1672998399321,-0.120182904585468
0.910652724170207,-1.16224569277315,-0.1222219193459
0.990816400972088,-1.15426241175268,-0.118834152826011
1.0638909827419,-1.14241105145956,-0.110245940481141
1.12990409382197,-1.12569563814059,-0.0971268806834306
1.18908621323183,-1.10317277439732,-0.0805648600786442
1.24187694562896,-1.07405462049145,-0.0619750421629804
1.28891433996506,-1.03778453981569,-0.042953047091699
1.33100834757629,-0.994073808684789,-0.0250983156987775
1.36910085190309,-0.94290041496041,-0.00984086019098726
1.40421535198991,-0.884480367707271,0.0016988339055983
1.43739983176954,-0.819224917802243,0.00879848102385949
1.4696672461281,-0.747694743075489,0.0111671920020129
1.50193887309546,-0.670557446702202,0.00893078074357034
1.53499539630882,-0.588550374606712,0.00258266338758931
1.56943936069094,-0.50244863863256,-0.00708618313216813
1.60567116289881,-0.413038090034222,-0.0190685984458054
1.64387887792207,-0.321093437802687,-0.0322292598776807
1.68404152072879,-0.227362478750232,-0.0453981442073047
1.72594505891474,-0.13255764731201,-0.0574688037581774
1.76921086037087,-0.0373558209020487,-0.0674981017480114
1.81333505647737,0.0575938978027009,-0.0747988249936469
1.85773623453491,0.151656252740056,-0.079010939768652
1.90180563070682,0.244193607800933,-0.0801342546303883
1.94495225397322,0.334552735265018,-0.0785081018226098
1.98663374108854,0.422060164663409,-0.0747337457366491
2.02636680598683,0.50602997310181,-0.0695506353554077
2.06371618610126,0.585784552698412,-0.0636925094619627
2.09826762569936,0.660685013715775,-0.0577567535299473
2.12959485592593,0.730164973696191,-0.0521161568918871
2.15723252905222,0.793761167647256,-0.0468880699454596
2.18066243412815,0.851135498782701,-0.0419584594067745
2.19931647057947,0.902086226169626,-0.0370449623811783
2.21259439476539,0.946548429572345,-0.0317776644824279
2.21989099871,0.984585375190195,-0.0257785694660225
2.22062716167364,1.01637322516964,-0.0187272452490027
2.21427924171627,1.04218120686111,-0.0104072478075987
2.20040273712708,1.06234911109579,-0.000733301321549307
2.17864790607695,1.07726397773113,0.0102379184508643
2.14876621863017,1.08733781638932,0.0223098001778436
2.11060793475949,1.09298838975618,0.0351575205161567
2.06411262793494,1.09462514918726,0.0483473094022803
2.00929532829986,1.09264180265363,0.0613618250392855
1.94623105419936,1.08741568754556,0.0736304342562155
1.87504213159553,1.07931359868794,0.0845630282004431
1.79588982137659,1.06870132806283,0.093585467566932
1.70897237432372,1.05595433346033,0.100174406607191
1.61452917778701,1.04146638251107,0.103889175604246
1.51284943166678,1.02565368598348,0.104398831625418
1.40428326638852,1.0089532717032,0.101503346816587
1.28925286517813,0.991815424012461,0.0951488939386327
1.16826125185419,0.974690827840403,0.0854379942401393
1.04189698270836,0.958013712025087,0.0726356552192316
0.910832990892926,0.942182321265216,0.057172301389023
0.775818315884202,0.927538452903668,0.0396433386888413
0.637661335527253,0.914347833413514,0.0208035898965172
0.497203974616055,0.902783676358173,0.00155295216734479
0.355288160033,0.892916450552944,-0.0170921048716557
0.212718208322221,0.884712585569966,-0.0340474236335399
0.0702264104715433,0.878044244865126,-0.0482354696662434
-0.071548637896691,0.872709878369064,-0.0586858556759262
-0.212061748179687,0.868462046247387,-0.0646549001699926
-0.350834475458133,0.865036362845247,-0.0657463262924201
-0.487406912473641,0.862174265539474,-0.0620050031543085
-0.621283152351319,0.859634555632989,-0.0539514403886467
-0.75189190420719,0.857193553244155,-0.0425320968722499
-0.878580826505971,0.854638815880383,-0.0289810890374126
-1.00065058946172,0.851764064354462,-0.0146169434977499
-1.11741778989831,0.848371011821747,-0.000621436473001419
-1.22828414117403,0.844278971098271,0.0121458502399219
-1.33278827530577,0.839337504812558,0.0232576016927235
-1.43062613237051,0.833435070776099,0.032740517017764
-1.52163940501186,0.826498054828542,0.0410213368106133
-1.60578117959965,0.818478209769173,0.048823402823706
-1.6830714621264,0.80933089449681,0.0570397511909798
-1.75355364091091,0.798989797145202,0.066600071570406
-1.81725824587582,0.787344948783347,0.0783396176288651
-1.87417826905739,0.774231357559464,0.0928743421573922
-1.92425709275185,0.759433019667691,0.110489494594362
-1.96739068523083,0.742704160336772,0.131056140733765
-2.00344306891237,0.723803880153156,0.153995353347397
-2.03227344743611,0.702536143855807,0.178307451385799
-2.05376926159735,0.678783848920551,0.20267080209664
-2.06787792108429,0.652527326396675,0.225595494147516
-2.07462951111108,0.623842644036101,0.245600368227462
-2.07414519851076,0.592881738883342,0.261376023195717
-2.06663062418369,0.559841662015402,0.271903954655558
-2.05235714473486,0.524931748378442,0.276517960184302
-2.03163751078078,0.488346324996459,0.274910778064555
-2.00480047728904,0.450246599491139,0.26709982684916
-1.97217210772657,0.410753375029475,0.253370668543479
-1.93406251401809,0.369948182913115,0.234214090327824
-1.89076097700096,0.327881109325373,0.210268791855733
-1.84253592515915,0.284582338688843,0.182275308202948
-1.789638492122,0.240075605350447,0.151042248961808
-1.73230654800235,0.194391887933126,0.117422077514957
-1.67076822160065,0.147582346559272,0.0822917980497628
-1.60524425450044,0.0997294442662324,0.046533212677187
-1.53594837914429,0.0509549754074105,0.0110079181237842
-1.46308726957125,0.00142361568768353,-0.0234758833409184
-1.38686154625091,-0.048659323514161,-0.0562053792025304
-1.30746896780324,-0.0990570789012427,-0.0866112767516819
-1.22511198325114,-0.149517523170404,-0.114316000038124
-1.1400098944003,-0.19979472450649,-0.139172736772925
-1.052413836996,-0.249672709117319,-0.161284065157072
-0.962621974943803,-0.298986814907893,-0.180989261525486
-0.870989103117641,-0.347637494951834,-0.198813099155344
-0.777926354251294,-0.395592738571713,-0.215376711808087
-0.68388850697931,-0.442878028701297,-0.231281208688528
-0.589350380189333,-0.489556333212098,-0.246983842084289
-0.494777735731073,-0.535703750694073,-0.26269039257022
-0.400599546148747,-0.581387648180767,-0.278283562061918
-0.307187072471137,-0.626653069999392,-0.293297135847184
-0.214842144910596,-0.67152074670575,-0.306934519308049
-0.123793838735302,-0.715996970414047,-0.31812310656208
-0.0342016273261198,-0.760093325944889,-0.325595562116842
0.0538360084264044,-0.803852668131028,-0.327993930303501
0.140266401164469,-0.847376768516775,-0.323998290019744
0.225058266347189,-0.890849970303695,-0.31248294995677
0.308165900380279,-0.934552816369593,-0.292696001396743
0.38948367898982,-0.978859697872594,-0.264441169415231
0.468798802308758,-1.02421682887234,-0.22821967090282
0.545756148338475,-1.07110102899229,-0.185276056048642
0.619850035455849,-1.11996444533518,-0.13750111831726
0.690450488412654,-1.17117249874062,-0.0871845374493891
0.756858224336113,-1.22493929672042,-0.0366677472888273
0.818371234842059,-1.28125888675718,0.0120072685209374
0.874344964698632,-1.33982962988185,0.057354066585815
0.924237801740306,-1.39997974350523,0.098544671602235
0.967644490637936,-1.46062234770776,0.135361155860878
1.00432203328603,-1.52028210942852,0.168043861022278
1.03420534193581,-1.57722236057059,0.19710060002238
1.05740319258433,-1.6296570662658,0.223131386830214
1.07416894671314,-1.67598341939997,0.246700448252521
1.0848527344113,-1.71495652003206,0.26826369293263
1.08985004869416,-1.74575860636528,0.288142581952118
1.08956011160562,-1.76796740089191,0.306527229521748
1.08435874628208,-1.78146395983632,0.323491199028703
1.07458368507668,-1.78632723812945,0.339005070350766
1.0605278596826,-1.78274784233768,0.352942091679021
1.04243810522729,-1.77097475239545,0.365075440803635
1.0205186305184,-1.75129354189514,0.375071388851499
0.994940284146244,-1.72402766161944,0.38248595319367
0.965855264479537,-1.68955028316866,0.386773069249386
0.933415901597168,-1.64829606626148,0.387310554015424
0.897793797790066,-1.60076423206165,0.383445423641943
0.859194499567842,-1.54750811716279,0.374554148507527
0.817864490946115,-1.48911258207328,0.360108722825958
0.774088098699376,-1.4261620766444,0.339736503012511
0.728176288844637,-1.35920713871859,0.31326400730162
0.680450339587668,-1.28873491002165,0.280739025986867
0.631225072388587,-1.21514901052047,0.242431720864498
0.580795132868588,-1.13876019658266,0.198820065739126
0.529425663569009,-1.05978652989207,0.150567413828624
0.477348500595725,-0.978362054016714,0.09850039659381
0.42476166206082,-0.894549848208242,0.0435923746370864
0.371831314904355,-0.80835928381498,-0.0130451624051972
0.318693682954743,-0.719764699217748,-0.0701656319478445
0.265456713131525,-0.628727246486987,-0.126390993846199
0.21220169481814,-0.535220033462283,-0.180226345906038
0.158986636493749,-0.439258066311497,-0.230098939980363
0.105853792989897,-0.340931586022027,-0.274435470109724
0.0528447375362501,-0.240440725413466,-0.311787605205575
2.41434577749061e-05,-0.138123316135005,-0.341003673361058
-0.0524890818191024,-0.0344654335526506,-0.361424228835438
-0.104489069862343,0.069916256043553,-0.373054308955646
-0.155658242663935,0.17432568273811,-0.37664748652516
-0.205560871217616,0.278065988222314,-0.373642799981329
-0.253660897383832,0.38052627217909,-0.36593548963525
-0.299361488281673,0.48124973301788,-0.355525556356653
-0.34205566972523,0.579959946052713,-0.34414105394276
-0.381175343280187,0.676535263982869,-0.332942758383041
-0.416230999084749,0.770937023620958,-0.322376887083564
-0.446842176143532,0.86311022061796,-0.31218100719311
-0.472761760831484,0.952884697505686,-0.301501436320097
-0.493892694270547,1.039912160726,-0.2890675279335
-0.510287181204034,1.12367202694646,-0.273382657558283
-0.522117073993183,1.20355783164778,-0.252915555812671
-0.529615271763293,1.2790152597146,-0.226292154637812
-0.533005231399759,1.34966952243541,-0.192491142064127
-0.53244308940589,1.41538309873394,-0.151036289992053
-0.527988523916764,1.47622364091989,-0.102159379308953
-0.519607132451114,1.53236647766253,-0.0468884734282789
-0.507198816290198,1.58397751885634,0.0129873203341093
-0.49064423859259,1.63112013427851,0.0750998338580698
-0.469858604193951,1.67371230502342,0.136803750359582
-0.444838846703674,1.71153916494256,0.195523687572882
-0.415690936306033,1.74430673240586,0.249056078211945
-0.382631274595638,1.77171232421272,0.295760552670949
-0.345966035460336,1.79350708465232,0.334622388894207
-0.30605928864033,1.80953524812508,0.365209009181137
-0.263301236249918,1.81974544861672,0.387563634321827
-0.218083949832583,1.82417905107265,0.40207901541496
-0.170786397271717,1.82294373329786,0.409381711524801
-0.121766764096446,1.81618108804791,0.410241836409618
-0.0713586013796476,1.80403490484214,0.405509667468784
-0.0198678361161745,1.7866242514279,0.396071536157661
0.0324307257373242,1.76402473159596,0.382813924226473
0.0852971844333452,1.73626029685574,0.366585595617857
0.138529145394774,1.70330778459118,0.348152048824305
0.191961053920944,1.6651147879271,0.32814263270957
0.245458298058599,1.62162986310738,0.306996966815991
0.298905033185783,1.57284096066034,0.284921714680402
0.352186389092056,1.51881533971891,0.261870222571543
0.405167790015136,1.4597315224403,0.237555092039371
0.457676350838631,1.39589540076947,0.211498574548738
0.509489697666365,1.32773283577022,0.183117550870505
0.560336722904663,1.25575826773461,0.151832461433584
0.609911496950761,1.18052443989733,0.117183164013509
0.657896639010022,1.10256278120014,0.0789322469095662
0.703991130708629,1.02233108228952,0.0371395800736113
0.747934288861373,0.940177008830006,-0.00780175831937396
0.789521219202439,0.856324792517202,-0.0551679933443161
0.828608415574932,0.770885673716104,-0.103937517352721
0.86510940837304,0.683885192738601,-0.152842572106955
0.898984643746222,0.595302691952753,-0.200429692408474
0.930226487014809,0.505115158289822,-0.245124524578873
0.958841660453991,0.413342246691002,-0.285303702005365
0.984831475563246,0.320089079541644,-0.319381916267154
1.00816965833302,0.225582821683052,-0.345923128149276
1.02878005282499,0.130197817590062,-0.363779299634895
1.04651681584729,0.0344617164451158,-0.37224602353071
1.06115369622199,-0.060964134441951,-0.371206090266051
1.0723877956311,-0.155332097847257,-0.361215055275087
1.07986228090947,-0.247876031854575,-0.343481094835245
1.08320609832621,-0.337882252277026,-0.319713020258708
1.08208187292713,-0.424741713405833,-0.291854128181095
1.07622940556338,-0.507966509836161,-0.261766474799249
1.06549351788435,-0.587166900483594,-0.230953093638424
1.04983250849907,-0.661999239313138,-0.20039016916114
1.02931154410469,-0.732102884809823,-0.170496202040405
1.00408900286814,-0.797042911851476,-0.141216941019304
0.974402442439269,-0.856269530630627,-0.112176476631997
0.940554876818312,-0.909099730220337,-0.0828427190782605
0.902895164163801,-0.954725713823043,-0.0526716613936744
0.861782196488215,-0.992258844806142,-0.0212164764735789
0.817523658202184,-1.02082328503451,0.0117954406581837
0.770289983946242,-1.0397135679287,0.0464066808956738
0.720022843054699,-1.04861417011765,0.0823870682930346
0.666379327663537,-1.04784111043142,0.119206420183211
0.608759486489086,-1.03851591699065,0.156037764668336
0.546438615449028,-1.02256128741655,0.19180975423918
0.478769546845128,-1.0024574519098,0.225313542980604
0.405373645839067,-0.980814114115915,0.255343492309679
0.326243028547655,-0.959915788926141,0.280831809762718
0.241729695745063,-0.941406627647654,0.300941292990099
0.152453745750901,-0.926191502787175,0.315103186573769
0.0591853199324034,-0.914522129367432,0.323010413690355
-0.0372577500214037,-0.906179386784362,0.324586347422592
-0.136079306678061,-0.900667673537326,0.319946877890001
-0.236542754687588,-0.897372065374986,0.309366047677524
-0.337986830350528,-0.89566347934803,0.293248990629579
-0.439828903989897,-0.894957691103345,0.272112115915281
-0.541562695097169,-0.894741339877191,0.24656868655924
-0.642754215381826,-0.894577903217217,0.21731728870832
-0.743037336464475,-0.894103365254866,0.185130383214701
-0.842109097809798,-0.893018350119887,0.150840219727554
-0.939723613842436,-0.891080067560495,0.115319339705709
-1.03568360659557,-0.88809636137832,0.0794536939800324
-1.12982830829003,-0.883922228568848,0.0441073312624048
-1.22201698082438,-0.878458337697726,0.0100794742208139
-1.31210881274875,-0.87165087245748,-0.0219426625282104
-1.39994077388783,-0.863491062511393,-0.051429252918572
-1.48530665987716,-0.854012932096456,-0.0780429657609926
-1.56794095763453,-0.843287795852197,-0.101654466593477
-1.64751192238617,-0.831415488480702,-0.122330691492819
-1.72362603603327,-0.818513002566566,-0.140292998699311
-1.79584385535355,-0.804702734249873,-0.155849224184219
-1.86370429079631,-0.790103222727621,-0.16931065714386
-1.92675160272915,-0.774824836786529,-0.180909309607294
-1.98455850521334,-0.758971740346224,-0.190730839670308
-2.03674015478956,-0.742650109113204,-0.198674287357792
-2.08295517920612,-0.725980803951911,-0.204443302024957
-2.1228950796313,-0.709114834418726,-0.207567821207779
-2.15626344705932,-0.692248612407606,-0.207451442926479
-2.18274933527212,-0.675636267745245,-0.203438911422729
-2.20199969306488,-0.659595674322133,-0.194898541179211
-2.21359664227225,-0.6445041765514,-0.181314404115107
-2.21704575448802,-0.630779218383344,-0.162381212333344
-2.21178221893954,-0.618839147440879,-0.138091021162034
-2.19720058452637,-0.609040718638706,-0.108796634652907
-2.17271186516153,-0.601593874878826,-0.0752350270947627
-2.13782663376784,-0.596461435482783,-0.0384979529509489
-2.09225558136323,-0.593261741497549,5.28806741307009e-05
-2.03601001813995,-0.591203557617677,0.0389148786355469
-1.96947572687105,-0.589088301058887,0.0765945325367892
-1.89342900952862,-0.585405851420666,0.111749520950021
-1.80897294059907,-0.578522251290239,0.143297285639252
-1.7173970186896,-0.566918247572453,0.170474511620322
-1.61999602454457,-0.549409154428738,0.192845100190877
-1.51790400749908,-0.525280295528978,0.210266225755147
-1.41199205382856,-0.494308780261191,0.222829479600004
-1.30284738677789,-0.45668802346502,0.23079510847677
-1.19081875358784,-0.412900093241035,0.234533000311551
-1.07609635054578,-0.363582786705749,0.234477195584121
-0.958795090578457,-0.309421580445658,0.231093977776875
-0.83902278863466,-0.251077336580895,0.224859505277526
-0.716926230301316,-0.189146861120559,0.216241197914501
-0.592716241607402,-0.124148014372469,0.205677760787075
-0.466676087819862,-0.0565210329318099,0.193554842916166
-0.33915796805154,0.0133600596625859,0.180176291162171
-0.210571284790514,0.0851699721875821,0.165733999043569
-0.0813659579033134,0.158611320227305,0.150282342175945
0.04798702818141,0.233393183235039,0.133724840295462
0.17701558354443,0.309212174728814,0.115820936120923
0.305265086324434,0.385739451043372,0.0962183258531854
0.432313821613181,0.462616496136733,0.0745113545324637
0.557783913334324,0.539460663735389,0.0503192598883018
0.681347005685488,0.615879062344239,0.0233719586473109
0.802724739756797,0.691487045321625,-0.00641202300944368
0.921685086145539,0.765926786773445,-0.0388691567525417
1.03803614684125,0.838882044208921,-0.073563954451945
1.15161910304232,0.910087087118083,-0.109791950116058
1.26230190617699,0.97933019030075,-0.146607329288186
1.36997392818438,1.04645303613175,-0.182867748822492
1.47454140921776,1.11134812784737,-0.217290508156625
1.57592198505152,1.17395494470592,-0.248518089002223
1.67403659074291,1.23425455961777,-0.275195069347308
1.76879623796601,1.29226032686753,-0.296060096333104
1.86008295985259,1.34800215051222,-0.310054604484455
1.94772576614,1.40150212523197,-0.31644314659265
2.03147638261545,1.45274259271196,-0.31492971030022
2.11099215914887,1.50163157260672,-0.305743025718094
2.18583466098757,1.54797485967012,-0.289657835845833
2.25548950286186,1.59146566108468,-0.267925343113597
2.3194075690066,1.63170041884222,-0.242108281246915
2.37705755998172,1.668219883998,-0.213848197401572
2.42797600585308,1.7005658515668,-0.184620476852632
2.47180038242622,1.72833697764581,-0.155539335786667
2.50827709129111,1.75122789912285,-0.127255923490118
2.53724625294789,1.76904423200749,-0.0999584582229933
2.55861056669057,1.7816941017034,-0.0734520155813207
2.57229929027289,1.7891640438817,-0.0472805760805632
2.5782357680212,1.79148784079822,-0.0208562590372378
2.57631388187196,1.78871505256366,0.00642648583972752
2.5663864420925,1.78088344412699,0.0350994645739438
2.54826606197768,1.76799687340894,0.0655495889040391
2.52174035720639,1.75001102501068,0.0979616795352017
2.48660001653795,1.72682795926685,0.132270875829133
2.44267893506146,1.69830227869707,0.168125953529958
2.38990120853445,1.66425963971344,0.204871068487746
2.32832743930782,1.62452635296801,0.241557128433583
2.25818990548338,1.57896464035351,0.276992417174159
2.1799086578942,1.52750639582976,0.309834800726526
2.09408196262891,1.47017582698111,0.338716084029286
2.00145488636106,1.40709703374156,0.36237855810269
1.90287116822193,1.33848458845215,0.379797746086106
1.79922050723772,1.26462324300686,0.390268908835102
1.69138973189098,1.18584367848613,0.393444868256253
1.58022403957604,1.10250144636717,0.389326154365609
1.46649986636861,1.01496272849527,0.378215230583515
1.35090841563884,0.923597181438081,0.360651739129999
1.23404751670007,0.828775578901809,0.337344804773004
1.11641967005362,0.730869400970884,0.309113645693069
0.998435488114566,0.63025081553662,0.276841892976383
0.880421716930595,0.527292417282833,0.241445570164909
0.762633323441403,0.422367282801946,0.203851081613376
0.645269680700079,0.315850871621612,0.164977940656431
0.528493269490137,0.20812529700065,0.125720327226519
0.412449360833705,0.0995861235092026,0.0869227372700238
0.29728476755765,-0.00934922966184742,0.0493472129883715
0.183162601529331,-0.118233999046148,0.0136326661481611
0.0702707277066781,-0.226588406861013,-0.0197490605649947
-0.0411779214311759,-0.333902848801384,-0.050532025091264
-0.150953675875479,-0.439649928733367,-0.0786792537239403
-0.258825788021131,-0.543305321842504,-0.104379981860449
-0.364582294655954,-0.644374757998904,-0.128015157675929
-0.468049818719265,-0.742422646358812,-0.150092375046344
-0.56910863603212,-0.837096029034162,-0.171158969192336
-0.66769955548394,-0.928139024872255,-0.191707654542499
-0.76382082542636,-1.01539453607442,-0.212090310002509
-0.857516030923645,-1.09879392216094,-0.23245261982714
-0.948855544781826,-1.17833766851194,-0.252696457573633
-1.03791493676781,-1.25407158943168,-0.272471071905642
-1.12475292481367,-1.32606221630465,-0.291190219010617
-1.20939093632773,-1.39437417146017,-0.308071635576486
-1.29179576339155,-1.45905087705357,-0.322196750821357
-1.37186605656442,-1.52009815140366,-0.332590451912548
-1.44942566778271,-1.57747221282684,-0.338321576025761
-1.5242256608872,-1.6310722225135,-0.338621184672932
-1.59595826030627,-1.68074036582407,-0.333008561004504
-1.66428324220781,-1.72627159770802,-0.321404327623134
-1.72886402603801,-1.76743424464125,-0.304201596980712
-1.78940636340102,-1.80399928160017,-0.282265594998519
-1.8456890547126,-1.83577177053942,-0.256844990428005
-1.89757768561663,-1.86261585387952,-0.229403144944662
-1.94501765177598,-1.88446575214797,-0.201404974619524
-1.98800975310219,-1.90131936110768,-0.174111287137658
-2.02657838640804,-1.91321797145263,-0.148428599889324
-2.06074276635029,-1.92021914822937,-0.12484061892785
-2.09049904574117,-1.92237053088831,-0.103420229936193
-2.11581653169409,-1.91969081905435,-0.0839003635586982
-2.13664626576091,-1.91216006209353,-0.065774668418652
-2.15293835815954,-1.89971954339865,-0.0484028945085132
-2.16466315648537,-1.88227995394276,-0.0311054159631611
-2.17183210266673,-1.85973710771715,-0.0132409376462148
-2.17451359494617,-1.83199384627061,0.00573219327406146
-2.17284086049691,-1.79898756733625,0.026208258924597
-2.16700843759433,-1.76072060795629,0.0483980480123856
-2.15725629473795,-1.71728971350782,0.0723047447597004
-2.14384249026197,-1.66890865987555,0.0977144553092976
-2.12700843419453,-1.61591768593002,0.124204690617151
-2.10694380923926,-1.55877509590764,0.151172792082265
-2.08375909563319,-1.49802976055306,0.17788330251418
-2.05747324454303,-1.43427870800698,0.203529861121772
-2.0280196220977,-1.36811769455431,0.227304402508841
-1.99526921382467,-1.30009526454106,0.24846527368533
-1.95906478354222,-1.2306790319828,0.266396309695662
-1.91925781433022,-1.16023944644102,0.280650928907759
-1.87573929848827,-1.08905067064169,0.29097811939788
-1.82845945895367,-1.01730505270375,0.29733067070165
-1.77743358987447,-0.945134679142815,0.299858630291749
-1.72273497964249,-0.872634058059741,0.298892568958205
-1.6644784888666,-0.799879957679113,0.29492114703561
-1.60279798400222,-0.72694595851327,0.28856538814754
-1.53782205568327,-0.653911864325086,0.280549361063621
-1.46965174487384,-0.580869004562254,0.271663970507663
-1.39834421710899,-0.507922986477259,0.262718843139584
-1.32390624872327,-0.435195129036582,0.254477744397589
-1.24630117729621,-0.362823173850324,0.247576459173501
-1.16547133040806,-0.290960951675593,0.242428619318684
-1.08137499482234,-0.219776109307569,0.239133676289094
-0.994032394456008,-0.149444915703518,0.23740940788292
-0.903570063048809,-0.0801437758881698,0.236574866554595
-0.810250425436165,-0.0120384034047848,0.235604355238001
-0.714474457625405,0.0547272466043308,0.233256740586586
-0.616753016622799,0.120039439960197,0.228261350006947
-0.517652916557649,0.183818217500046,0.219520885195259
-0.417732980573392,0.246015150261426,0.206284077422688
-0.317487909664652,0.306605966479031,0.188250834863578
-0.217313376647764,0.365579752156887,0.165595566915712
-0.11749654721779,0.422926556738329,0.138918241372338
-0.0182282305591636,0.47862508251963,0.109147660163944
0.0803719410251854,0.532631348364473,0.0774233341923735
0.178225426360992,0.584869941794056,0.0449758327680228
0.275266169513359,0.635228980855691,0.0130152906207778
0.371416768362245,0.683560645120646,-0.0173693172054026
0.466570951689755,0.729689101275771,-0.0452999098281368
0.560582639745135,0.773425839678395,-0.0701854090303007
0.653261553053722,0.814591171978165,-0.091776401416851
0.744376122233022,0.853039421151039,-0.110186428271301
0.833662766197543,0.888681128707473,-0.125868078734091
0.920840929892528,0.921496980171992,-0.139538711626207
1.00563132366552,0.951538569047153,-0.152062741213256
1.08777296345545,0.978914053430755,-0.164310646713019
1.16703644858915,1.00376330979097,-0.177023453385534
1.24323034307984,1.0262285534164,-0.190710068587874
1.31620168524507,1.0464291817116,-0.205594688544928
1.38583113513082,1.06444528205489,-0.221616203246682
1.45202641274003,1.08031273983944,-0.238468704678011
1.51471563061196,1.0940279717742,-0.255665002084948
1.57384211920155,1.10555924996349,-0.272605117815016
1.62936159885358,1.11486151202371,-0.288636517301918
1.68124050793176,1.12189143730308,-0.303099202448224
1.72945448880813,1.12662122525874,-0.315354935626936
1.77398613091722,1.1290505342785,-0.324804227007518
1.81482015989032,1.12921568681332,-0.330896952426705
1.85193645028807,1.12719635909341,-0.33314327609908
1.88530070580632,1.12311875992963,-0.331130546666417
1.91485413320315,1.11715433813075,-0.32454956280078
1.94050497458038,1.10951342761439,-0.313230205245182
1.96212429936215,1.10043318036152,-0.297181846957292
1.97954913518939,1.09016091667883,-0.276629738801444
1.99259410351216,1.07893525143104,-0.252035634391058
2.00107077412614,1.06696889116282,-0.224091360678332
2.00481137474815,1.05443730127284,-0.193678617831211
2.00369132869354,1.04147603848969,-0.161796345867539
1.99764545791364,1.02818728241082,-0.129466017224705
1.98667426637195,1.0146531204384,-0.0976313956942256
1.97083954107487,1.0009511401875,-0.0670700904034325
1.95025146318162,0.987167727534531,-0.0383294656582337
1.92505074440063,0.973405653587406,-0.0116915932443724
1.8953894654246,0.959784573998644,0.0128353118761664
1.86141356621967,0.946434840502493,0.0355052586579551
1.82324864653897,0.933485726010862,0.0568081422345411
1.78099119545685,0.921049688414163,0.0774299192511248
1.73470740797229,0.909203929297806,0.0981951180373677
1.68444279227144,0.897970747062955,0.119983948306241
1.63024578523587,0.887298876406702,0.143617522884826
1.57220638102539,0.877049146199017,0.169712900865612
1.51050574786004,0.866988923972583,0.198524833664453
1.44546557493301,0.856799809352202,0.229809254909305
1.37758007745271,0.84610105044402,0.262755817995821
1.30751287306814,0.83448636576089,0.296031624915955
1.23605016795706,0.821566698836431,0.327949643496781
1.16401748147621,0.807008149609629,0.35673073800555
1.09218267222861,0.79055596227036,0.380790021207477
1.02117362056011,0.772041230533781,0.398969136394274
0.95143062196087,0.751373040806341,0.410661065945452
0.883198868062479,0.728523154706641,0.415817247935897
0.81655205308194,0.70351017211905,0.414863207240904
0.751432346412131,0.676388065275604,0.40856492474389
0.687693247264896,0.647240790624828,0.397884248485843
0.62513711324768,0.616182029670675,0.383847689085656
0.563544778429833,0.583357625982712,0.367438798688201
0.502698303651851,0.54894777038631,0.349515229854701
0.442399037717387,0.513166133667121,0.330748306030805
0.382482737179499,0.476254111469119,0.311583931786642
0.322831923594655,0.438469487442126,0.292225868230731
0.263384556077613,0.400070661589573,0.272643773288499
0.204137011381877,0.361298492221715,0.252606666200803
0.145140230877262,0.322359173006655,0.231738946947017
0.0864890354521525,0.283411368025581,0.209591237896066
0.0283062807429515,0.244559915270939,0.185714916799024
-0.0292751782045583,0.205856937541552,0.15972885334831
-0.0861294110126008,0.167309720553263,0.131369789361688
-0.142150762719938,0.128892909872978,0.100522085844899
-0.197262222201843,0.0905626203655097,0.0672278232158371
-0.251419036559978,0.0522696745604725,0.0316812388529027
-0.304608004130709,0.013969594464246,-0.00578719896990051
-0.35684375604247,-0.0243716461672595,-0.0447315442266258
-0.408161599434437,-0.0627764975450679,-0.0846117098413523
-0.458609999117716,-0.101258417276106,-0.124812365230167
-0.508242538903686,-0.139828077847114,-0.164659213061371
-0.557109233558978,-0.178502113745973,-0.203433515713462
-0.605246505385505,-0.21731271750642,-0.240386867140019
-0.65266586100223,-0.256316416591754,-0.274759046631689
-0.69934294533977,-0.295600292196469,-0.305802767876633
-0.745207537087273,-0.335283661793867,-0.332817982360484
-0.790137465655411,-0.37551392682013,-0.355197384946573
-0.833958860275173,-0.416455677593666,-0.37248146536955
-0.876455232575045,-0.458273414005521,-0.384417436505186
-0.917386563112694,-0.501109752576161,-0.391011712177457
-0.956517454729891,-0.545062701892964,-0.392562002799286
-0.993649688925108,-0.590166311588973,-0.389654062954246
-1.02865263249266,-0.63637933486631,-0.383112663580436
-1.06148345718195,-0.683584696248088,-0.373905829702449
-1.09219158808494,-0.731599979850057,-0.363014714211581
-1.12090586516128,-0.780195502594181,-0.35129298233608
-1.147808690488,-0.829114064824429,-0.33934454690749
-1.1731052051907,-0.878085548383544,-0.327443736844342
-1.19699591083091,-0.926830804208169,-0.315509812428663
-1.21965901633292,-0.975053115031324,-0.303134140440094
-1.24124405265158,-1.02241988685266,-0.289648577662247
-1.26187469675674,-1.06854199308842,-0.27422072233367
-1.28165646971934,-1.11296083539261,-0.255963960219481
-1.30068471282959,-1.15515271306934,-0.234054048937176
-1.31904985380691,-1.19455564736782,-0.207846118113845
-1.33683852119034,-1.23061693832442,-0.176984185039938
-1.35413031886991,-1.26285211627652,-0.141490662878162
-1.3709905038382,-1.2909012565716,-0.101818248923368
-1.38745961232277,-1.31456827650682,-0.0588456262291183
-1.40354187317566,-1.333832563436,-0.0138050862925554
-1.41919572517495,-1.34882971798103,0.0318543511790236
-1.43433010075141,-1.35980664360159,0.0766449774685911
-1.44880884334102,-1.36706323306228,0.119221015521075
-1.46246274693478,-1.37089559605378,0.158521087135108
-1.47510595554957,-1.37155333321482,0.193844803923872
-1.48655186126609,-1.36921679664081,0.224857605119534
-1.49662490895763,-1.36399390222139,0.251538385799099
-1.50516625084758,-1.35593088971435,0.274095458360589
-1.51203388619025,-1.34503044955011,0.29287661425225
-1.51709908749289,-1.33127143913065,0.308291774585321
-1.52024139602225,-1.31462658921917,0.320757091907125
-1.5213439255936,-1.29507643190951,0.330661092993654
-1.52029063457378,-1.27261956135294,0.338348424902263
-1.51696569207654,-1.24727922395032,0.344114479580329
-1.51125529184083,-1.21910704588983,0.348204502070183
-1.50305111380677,-1.18818392859504,0.350812148538954
-1.49225503851981,-1.15461856849459,0.352074827699472
-1.47878387576591,-1.11854345547285,0.352065403042812
-1.46257328641472,-1.08010873185549,0.350782158472389
-1.44357998178422,-1.03947443681628,0.348140530360295
-1.4217815908982,-0.996801837985201,0.343970796911001
-1.39717422669246,-0.952245384112353,0.338025455658898
-1.36976789218314,-0.905945909395696,0.329998162334782
-1.33958082332278,-0.858026302334778,0.319553723968554
-1.30663358618611,-0.808589768532954,0.306365933759146
-1.27094407241076,-0.757720501650636,0.290158343062059
-1.23252420355762,-0.705486026757255,0.270742628699736
-1.19137894423315,-0.651940355438874,0.248050253821648
-1.14750726581314,-0.597126827977516,0.222154908654153
-1.10090540741569,-0.541080473330802,0.193285532817196
-1.05157209039825,-0.483829859507359,0.161831013002113
-0.999515099597218,-0.425398835030059,0.128337893418765
-0.944759052740771,-0.365809227472153,0.0935015683958726
-0.887354107094058,-0.305085750111119,0.0581494792548218
-0.827383796627649,-0.243263670396973,0.0232123792774919
-0.764971038145806,-0.180399816842879,-0.0103216578028291
-0.700279720764637,-0.116586017823737,-0.0414757612952389
-0.633509982952909,-0.0519628806739052,-0.0693771247033695
-0.564885860556478,0.0132696994819569,-0.0933688484110495
-0.494635552327397,0.0788499063931821,-0.113124859293053
-0.422967470235565,0.144463280324386,-0.128741079803801
-0.350047240764927,0.209765294343351,-0.140770177468262
-0.275983607481983,0.274414028125813,-0.150173204206333
-0.200828555555413,0.338105165771658,-0.158181558791539
-0.124592855661397,0.40059935578822,-0.16609212158595
-0.0472720422610316,0.461733883039525,-0.175043547955832
0.0311262003015049,0.521416256258341,-0.185828897342936
0.110562201255624,0.579603016960302,-0.198784971395901
0.190957156307209,0.636271529908298,-0.213770666134524
0.272199137852825,0.6913920867628,-0.230220092051163
0.354159027946691,0.744906132053392,-0.247242605488758
0.436711671638542,0.796713418554191,-0.263742244399106
0.519757243251695,0.846668578276664,-0.278538237461317
0.603238317311663,0.894587169793988,-0.290479197297617
0.687148141111161,0.940260064635459,-0.298550260851321
0.771526260447397,0.983474755577333,-0.301973327768402
0.856439196063246,1.02404086849906,-0.300295912274101
0.941947006541728,1.06181539616702,-0.293457138336424
1.02806109982138,1.0967217715941,-0.281814520160754
1.11470315569084,1.1287571017417,-0.266116650549509
1.20167691625186,1.15798426816856,-0.247416512374944
1.28866224197223,1.18451018553128,-0.22693551460359
1.37523467266113,1.20845676748084,-0.205903278198811
1.46090506185832,1.22993329314037,-0.185405437290493
1.54516827397311,1.24901832796972,-0.166268254730066
1.62754762303687,1.26575433325652,-0.148996245008098
1.70762579674691,1.28015377391767,-0.133763660393963
1.78505800332281,1.2922113592559,-0.120448224446153
1.85956907826576,1.30191673181605,-0.108689691557114
1.93093940005972,1.30926328949567,-0.0979564486941194
1.99898487159675,1.31425121426936,-0.0876084062407913
2.06353580072318,1.31688573583372,-0.0769510795844513
2.12441686751914,1.3171726590709,-0.0652816174643804
2.18142987473212,1.31511442507762,-0.0519313465468825
2.23433977813308,1.31070917281212,-0.0363104160288111
2.28286512772245,1.30395434949002,-0.0179584456693196
2.3266750299017,1.29485484642336,0.00339893513379318
2.36539467577612,1.28343340304129,0.0277932123278335
2.39862189888548,1.26974005939801,0.054966683130898
2.42595480451028,1.25385650502978,0.084351108415185
2.44702786063251,1.23589253045486,0.115084894724932
2.46154980911001,1.2159738167954,0.146076495364288
2.46933517615926,1.19422361558907,0.176111104188662
2.47032119743133,1.17074295188684,0.203985611837854
2.46456593205673,1.1455948316893,0.228647856759349
2.45222859474735,1.1187964833463,0.249314475163657
2.43353784628919,1.0903214627186,0.26554791962683
2.40875609233964,1.06011072239987,0.277284955280788
2.37814696204361,1.02809040990467,0.284820504156621
2.34194943064242,0.994193179853318,0.288757703708702
2.30036008757413,0.958380427848942,0.289935951275117
2.25352179142396,0.920662390114831,0.289344511783393
2.20151826906364,0.881113558046618,0.288024056587215
2.14437371952981,0.83987980308206,0.286955208687422
2.08206039021619,0.79717454818915,0.286935344019524
2.01451618601196,0.753261583181688,0.288452092801839
1.94167439373681,0.708425127044183,0.291573066505353
1.86350351360615,0.662931484593167,0.295880728767517
1.78005004546628,0.616990851872282,0.300482452077724
1.69147317116619,0.570730220722191,0.304113165310735
1.59805852858644,0.52418601962272,0.305321882163043
1.50020419445309,0.477319206625383,0.302703974484352
1.39838132109055,0.430047475948773,0.295122837568208
1.2930788292154,0.382282807315589,0.281867873267166
1.18474820787789,0.333962832156264,0.262720160027682
1.07375989816902,0.285067863094374,0.237927937473579
0.960378794351839,0.235622175871121,0.208118245238053
0.844758483587723,0.185682483324615,0.174179383684249
0.72695156354784,0.135319229111808,0.137144422308524
0.606930058299043,0.0845956220756028,0.0980937364876535
0.48461367891982,0.0335488550107209,0.0580830984417221
0.359901635832655,-0.0178241611077071,0.0180943764645589
0.232707733965421,-0.069574330487248,-0.0209976799812031
0.102997077236353,-0.121799752285129,-0.0584498302637041
-0.0291781074203227,-0.174635818198028,-0.0936708966160884
-0.163646653286634,-0.228235732442873,-0.126239824665097
-0.300095911019345,-0.282743010894699,-0.155919039234634
-0.43806435472718,-0.338259732831337,-0.182658068650631
-0.576953843333567,-0.394816819949054,-0.206581711179992
-0.716062703964721,-0.452353637941757,-0.227958824961279
-0.854634996229301,-0.510712684341656,-0.24715197099745
-0.991916919817527,-0.569652055252283,-0.264553959487515
-1.12720843625309,-0.628873047448516,-0.280521699978184
-1.25989955240425,-0.688055985110815,-0.295319251362917
-1.38948568236185,-0.746895581427183,-0.309079574534257
-1.51556228264115,-0.805128084330919,-0.321789093571229
-1.63780423862329,-0.862545920723201,-0.33329330673868
-1.75593710826431,-0.918998989553926,-0.343317144839889
-1.86970908988987,-0.974385836919916,-0.351492472423882
-1.97886838461815,-1.02863824030774,-0.35738549805037
-2.08314930542144,-1.08170346395988,-0.360519676453242
-2.1822676477966,-1.13352729757162,-0.360392817500315
-2.27592272791867,-1.18403903362547,-0.356490089874583
-2.36380416353399,-1.23313932753835,-0.34829756975713
-2.44559962123524,-1.28069048733277,-0.335322435273673
-2.52100152064735,-1.32650953082774,-0.317126374685576
-2.58971165057119,-1.37036497807363,-0.29337679394169
-2.65144297494969,-1.41197861469582,-0.263915534457277
-2.70592095450497,-1.4510347089862,-0.228837566918164
-2.75288545320366,-1.48719732348572,-0.188563212351535
-2.79209622549363,-1.52013534744228,-0.143881145918893
-2.8233420134307,-1.54955102803344,-0.0959392515701747
-2.84645354048111,-1.57520656379958,-0.046170126799443
-2.86131629713676,-1.59694161632069,0.00384416185544423
-2.86788054327964,-1.61467824011178,0.0525435890248502
-2.86616347746672,-1.62841213528281,0.0985611837366825
-2.85624332729513,-1.63819455698686,0.140857874218778
-2.83824483849457,-1.64410956591002,0.178798926926689
-2.81231984508389,-1.64625199701094,0.212167912747311
-2.77862548429077,-1.64470833597766,0.241128304345956
-2.73730443249538,-1.63954164680968,0.266148633409384
-2.68847049991644,-1.63078026842524,0.28790522213281
-2.63220257010782,-1.61841020667959,0.30717120707961
-2.5685507832586,-1.60237298692039,0.324696837535352
-2.4975556238237,-1.58257044645655,0.341086339823593
-2.41928106478815,-1.55887970007503,0.356682269336366
-2.33385516575577,-1.53117745992344,0.371475221094953
-2.24151055343721,-1.49937167834371,0.385061932062128
-2.14261193640217,-1.46343318073158,0.396671322679122
-2.03765971227113,-1.42341821087453,0.405264563097981
-1.92726600486876,-1.3794748798306,0.409694722686709
-1.81210612248657,-1.33182973361241,0.408891691937907
-1.69285903178007,-1.28075882577478,0.402030150596747
-1.57015285601797,-1.22655200079482,0.38864540883263
-1.44452614225322,-1.16947869250311,0.368680106034827
-1.31641326705169,-1.10976419526161,0.342466755529085
-1.1861502177001,-1.04757757909214,0.310664482374188
-1.05399633581533,-0.983031736878884,0.274173882655513
-0.920164155090236,-0.916192549434541,0.234049830645536
-0.784850746095778,-0.847094010228899,0.191424464457467
-0.648266574748071,-0.775757324835764,0.147444952665044
-0.510658488052082,-0.702211607106682,0.103224649341381
-0.372326340568294,-0.62651575496241,0.0598038841785621
-0.233631712882105,-0.548779179542308,0.0181159313649439
-0.0949989082221083,-0.469179726511656,-0.0210444128216814
0.0430912110736719,-0.387976447369997,-0.0570498419805214
0.180113328276635,-0.305514423691595,-0.0894649448302021
0.315513470971374,-0.222219942125968,-0.118062089020299
0.448725769000149,-0.138585202901346,-0.142824428792398
0.579187556554555,-0.0551436682862592,-0.163932532625392
0.706350807708176,0.0275607217594517,-0.18173321135737
0.829688907789873,0.10900613284121,-0.196691958981079
0.948698693948785,0.188722404273333,-0.209333550534517
1.062899096311,0.266313695299078,-0.220178111549935
1.17182887537644,0.341472520447696,-0.229681296085393
1.27504528192112,0.413985722892104,-0.238186217696733
1.37212644687632,0.483734878500928,-0.245892231513157
1.46267908733822,0.550694247728799,-0.252841630950294
1.54635201156734,0.614928678427514,-0.258921779556896
1.62285564648286,0.676592583484504,-0.26387846024211
1.69198603704082,0.735929103694696,-0.267336467671914
1.75365084718838,0.793267140357214,-0.268825756543277
1.80789363871787,0.849013196514799,-0.267814458201617
1.85491172908123,0.903635231011397,-0.263752404748071
1.89506251597165,0.957636931784368,-0.25612902856848
1.92885431016886,1.01152298247514,-0.244546743353368
1.95691869424236,1.06575773206314,-0.228804810337639
1.9799649227345,1.12072194913442,-0.208980838920456
1.99872058972688,1.17667373328126,-0.185489918995597
2.01386670079071,1.23372003619167,-0.159098897224517
2.02597851132034,1.29180441958587,-0.130878970880283
2.03548400063705,1.35071421652429,-0.102094217975955
2.04264819505521,1.41010620131485,-0.0740430081304298
2.04758484609797,1.46954552145146,-0.0478856505576911
2.0502898233346,1.52854968265123,-0.0244971704953682
2.05068525253282,1.5866285371747,-0.00437574352044307
2.04866318628487,1.64331365604555,0.0123807416633168
2.04411974672597,1.69817360120132,0.026036712196628
2.03697640468587,1.75081618348735,0.0371389177263276
2.02718857522063,1.80088098318175,0.0464171140250521
2.01474461006612,1.84802679435274,0.0546840182174153
1.99965895024524,1.8919183641229,0.0627458299593588
1.98196294439687,1.93221591228903,0.0713279124410185
1.96169600767453,1.96856968248758,0.0810161750188187
1.93889870201331,2.00062030699567,0.0922135620693206
1.91360918430742,2.02800522485599,0.105111957092707
1.88586297409904,2.0503694523411,0.11968127930823
1.8556958558144,2.0673788383022,0.135678103708248
1.82314835246341,2.07873253853899,0.152675008319728
1.78827015696118,2.0841721158824,0.170108838236642
1.75112272724703,2.08348540771615,0.187342198295036
1.7117785360147,2.07650453811603,0.203729216533244
1.67031677544879,2.06309944953872,0.218675532403023
1.62681613682842,2.04316920680826,0.231684078034681
1.58134625570692,2.01663386447472,0.24238207800256
1.53395972665303,1.98342926192851,0.250529311940574
1.48468612902382,1.94350589149859,0.256011445922537
1.43352882896355,1.89683188419195,0.258824159499737
1.38046484308348,1.84339975629978,0.259053737222898
1.32544671981325,1.78323539054526,0.256858020480669
1.26840557939908,1.71640854657635,0.252449347840782
1.20925377442972,1.643043669994,0.246078730733003
1.14788673096357,1.5633309999762,0.238019137095997
1.08418309623955,1.47753644094909,0.228545136685176
1.0180043934855,1.38600970078143,0.21790733299983
0.949196289610252,1.28918936017029,0.20630221851571
0.877593092291183,1.18760143773806,0.193840866727253
0.803028288284159,1.08184984410425,0.180523101523001
0.725351804882349,0.972597047928081,0.166225140009377
0.644452304413614,0.860535308127905,0.150707603047044
0.560280429953705,0.746351647023225,0.133646766729197
0.472868006423099,0.630692690522867,0.114686132447911
0.382337587492655,0.514134899803529,0.0934995329868834
0.288900018601371,0.397165708355818,0.0698542459233965
0.192840224153965,0.280177373607866,0.0436631317475526
0.0944945855442055,0.163472635692565,0.0150185864647333
-0.00577558746624115,0.0472785571737902,-0.0157942339011429
-0.107609742298477,-0.0682355540677614,-0.0483034850818377
-0.210669411400779,-0.182939964218788,-0.0818726216757324
-0.314652853637905,-0.296728388220966,-0.115734762439352
-0.419301915243077,-0.409504905269997,-0.14903695377949
-0.524400735659909,-0.521173755812457,-0.180892983466459
-0.629766524170564,-0.631631329848621,-0.210443762942999
-0.735233012756181,-0.740759406229941,-0.236923121963712
-0.840628464043992,-0.848419406783866,-0.259724353360023
-0.945750888228754,-0.954447454481788,-0.278459136116954
-1.05034496748089,-1.05865099293549,-0.292997616986715
-1.15408610367403,-1.16080804831354,-0.303477913626282
-1.25657652328354,-1.2606700085143,-0.310276907611124
-1.35735594968594,-1.35796795987578,-0.313942128106748
-1.45592608072737,-1.4524221090879,-0.315094896792615
-1.55178333335522,-1.54375205971923,-0.314323310179709
-1.6444525607348,-1.63168600530598,-0.312086949179136
-1.73351393655494,-1.71596655816946,-0.308651217867806
-1.81861831550202,-1.79635239360846,-0.304060369474388
-1.89948991479701,-1.87261585990793,-0.298148136933876
-1.97591800606139,-1.94453726146695,-0.290577399291168
-2.04774196522366,-2.01189793516223,-0.280897469040306
-2.11483282781621,-2.07447298497045,-0.268608313784543
-2.17707540329593,-2.13202611736506,-0.253224328235137
-2.2343520823318,-2.18430698760339,-0.234333191595633
-2.2865308471983,-2.23105334540307,-0.211647637380964
-2.33345731882228,-2.2719975963144,-0.185048135478292
-2.37495238701626,-2.30687851075705,-0.15461402250732
-2.4108153974205,-2.33545647061296,-0.120639549521546
-2.44083329265728,-2.35753047100164,-0.0836312702428797
-2.46479419262669,-2.37295327014205,-0.0442844635721693
-2.48250408361036,-2.38164229779162,-0.00343920879162457
-2.49380329221758,-2.38358305933603,0.0379796978787089
-2.49858005767284,-2.37882523597661,0.0790314922490032
-2.4967787044919,-2.36747160840959,0.118827692493205
-2.48840160094489,-2.34966312619904,0.156591146283759
-2.47350520537569,-2.32556315442389,0.19169956370563
-2.45219199008018,-2.29534424677094,0.223710699647542
-2.42460007324601,-2.25917938840861,0.252369692752635
-2.39089274787223,-2.21723888172207,0.277601423619133
-2.35124935824395,-2.16969271039887,0.299491568718028
-2.30585762486705,-2.11671671313239,0.318259334484031
-2.25490794972257,-2.05850125117427,0.334223515901924
-2.19858942288603,-1.99526025232505,0.347762028628584
-2.13708774788637,-1.92723888123513,0.359264517553239
-2.0705847111945,-1.85471751472853,0.369078352052409
-1.99926060253434,-1.77801159260081,0.37745103397466
-1.92329882398523,-1.69746575680462,0.384475317400946
-1.84289296167018,-1.61344312681477,0.390047171726474
-1.75825484227908,-1.52631092988084,0.39384837622697
-1.66962143989438,-1.43642494414819,0.395363811991154
-1.5772582544912,-1.34411583704658,0.393937405046894
-1.48145705277771,-1.24967990670354,0.388861138068955
-1.38252786182826,-1.15337599429315,0.379482004115365
-1.28078589598532,-1.05542773020452,0.36530564027797
-1.17653691291157,-0.956029942031001,0.346076408066215
-1.07006284269078,-0.855355550622309,0.321820069382376
-0.961611721228744,-0.753561862055912,0.292846093000047
-0.851392058566011,-0.65079382863365,0.259714961334517
-0.739571928538128,-0.547184262483606,0.223181452463548
-0.626283506429623,-0.442852620359486,0.184126042037005
-0.511630507497094,-0.337902567792979,0.143483439586306
-0.395700015719909,-0.232421610050806,0.102175215246551
-0.278577151099319,-0.12648364757337,0.0610498910890384
-0.160362250028756,-0.0201559304580757,0.0208330437224154
-0.0411899035872959,0.0864890841568427,-0.0179100435584133
0.0787551365617211,0.193359790416731,-0.0547970791443509
0.199227935289984,0.300331899913533,-0.0896337414729004
0.319922600437083,0.407237900411696,-0.122398797915682
0.440479878854854,0.513860585601983,-0.153209005858579
0.560502034552034,0.619932797066165,-0.182267665444381
0.679572747117239,0.725144115868058,-0.209804397970121
0.79727839729962,0.82915361703261,-0.236015983059325
0.913228152764291,0.931607648910602,-0.261018289013134
1.02706793707322,1.03215743201647,-0.28481572213546
1.13848869608053,1.13047532738274,-0.30729150236835
1.24722671148934,1.22626528736576,-0.328216395330513
1.35305893127643,1.31926810627979,-0.347271363248652
1.45579428418685,1.40926067520689,-0.364077448034459
1.55526371174485,1.49605102615684,-0.378227089703994
1.65131044892304,1.57947058775086,-0.389312539752719
1.74378126648932,1.65936469458037,-0.396949085583112
1.83251992398635,1.73558338750197,-0.40079308226296
1.91736203465744,1.80797256497114,-0.400555755286778
1.99813193074677,1.87636690429949,-0.396014777570671
2.07464069515067,1.94058452392171,-0.387025226516065
2.14668605577866,2.00042469017386,-0.373531130960583
2.21405382956748,2.05566873280272,-0.355577428458343
2.27652125567493,2.10608470264984,-0.333320959308819
2.33386251732757,2.15143594261423,-0.307037951101425
2.38585583997052,2.19149253871656,-0.277124720119788
2.43229197313121,2.22604467891524,-0.244088677670166
2.47298284950094,2.25491598626303,-0.20852783365038
2.50776915379646,2.27797447507897,-0.171099008228388
2.5365253689949,2.29513958431607,-0.132477255680276
2.55916166074025,2.30638423183024,-0.0933109524662558
2.57562184667856,2.31173156569612,-0.0541780165105375
2.58587767054696,2.31124715611372,-0.0155487344182438
2.58992043033319,2.30502821554405,0.0222402434516502
2.58775080408675,2.29319107354612,0.0589975303208372
2.57936877719668,2.27585873148618,0.0946723233120737
2.56476500762007,2.25314940775393,0.129332547036237
2.54391608350983,2.22516769576742,0.163125974558256
2.51678513764722,2.19199906728669,0.196225904874398
2.48332953825321,2.15370906109933,0.228765374042172
2.44351644623173,2.11034842081826,0.260767358832253
2.39734412282111,2.06196382183416,0.292082175615829
2.34486605023717,2.00861382309304,0.322346064014825
2.286211605086,1.9503868112683,0.350974269307032
2.22159740774285,1.88741706982464,0.377196729510057
2.15132382537997,1.81989358083898,0.400134563250859
2.07575709403745,1.7480592950288,0.418904583171146
1.99529934716402,1.67219892245821,0.43273019234366
1.91035561714247,1.59261927634627,0.441035833911643
1.82130432393759,1.5096256058957,0.443507207630657
1.72847914019847,1.42350068189623,0.440110512806963
1.63216305088163,1.33448943551907,0.431073797905501
1.53259518051015,1.24279221558239,0.416841268339154
1.42998532324709,1.14856592960967,0.398012962152218
1.32453303683784,1.05193229157566,0.375281144866677
1.21644658651673,0.952991102927138,0.349370952677325
1.10595888669054,0.851836836997106,0.3209895414684
0.993337680582267,0.748576195262323,0.290785323082529
0.878889817977032,0.643345549444603,0.259318158942745
0.762958172053663,0.536325276998516,0.227040389704402
0.645912477241216,0.427749392979798,0.194289050068695
0.528135889903834,0.317908822796773,0.161289246934698
0.410008871343691,0.207146741395284,0.128167686837934
0.291894007152603,0.0958467950959528,0.094974820219048
0.174124023605503,-0.0155844375791453,0.0617127019915822
0.0569954596032423,-0.126737610038139,0.0283653255069678
-0.0592314115444804,-0.237220113494745,-0.00507208054550617
-0.174326546054758,-0.346671699102702,-0.0385675666778713
-0.288080031687164,-0.454774541154985,-0.0720328743520344
-0.400291144075311,-0.561258312271779,-0.105310859092751
-0.510759572479736,-0.66590062337362,-0.138170098136092
-0.619279489537458,-0.768522620929003,-0.17030552530418
-0.725636409469984,-0.868980267497008,-0.201343460127787
-0.829606241380316,-0.967152146524853,-0.230849507238321
-0.930958842115831,-1.06292793640776,-0.258339049501484
-1.02946470741044,-1.15619761811664,-0.283290168324062
-1.1249038314197,-1.24684155902515,-0.305159799859415
-1.21707527617307,-1.33472138442417,-0.323404722269823
-1.30580568771065,-1.41967165112626,-0.337509281608169
-1.3909553969567,-1.50149280704935,-0.347021411858972
-1.47242056423812,-1.57994676143711,-0.351596811596165
-1.5501293278152,-1.65475558158481,-0.351048110091922
-1.62403248127253,-1.725606124432,-0.345392623169114
-1.69408843220931,-1.79216070623839,-0.334888284255604
-1.76024614160162,-1.85407525151716,-0.320046076451843
-1.82242792277537,-1.91102101951928,-0.301608204648503
-1.88051902025533,-1.96270890338906,-0.280488032468268
-1.93436420904673,-2.00890794021173,-0.257676031699239
-1.98377578151518,-2.04945680049435,-0.234126993034078
-2.02854879733642,-2.08426301670556,-0.21064924982645
-2.06848124483751,-2.11329185386325,-0.187817492985355
-2.10339352615671,-2.13654674608218,-0.165924165505195
-2.13314404246022,-2.15404619796425,-0.144974859451251
-2.1576387295919,-2.16580125553952,-0.124723822614724
-2.17683510843094,-2.17179762684849,-0.104740046007445
-2.19074210844054,-2.17198495576082,-0.0844927506105453
-2.19941742069571,-2.16627514895258,-0.0634460983630961
-2.20296357848006,-2.15455085852867,-0.0411542645121435
-2.20152309744869,-2.13668416678768,-0.0173480614582888
-2.19527206902643,-2.11256363375905,0.00799701758257578
-2.18441226753069,-2.08212650140723,0.0346227533123077
-2.16916040891851,-2.04538885225605,0.0619905544958527
-2.14973564506328,-2.00246708932265,0.0893294160386358
-2.12634680535239,-1.95358438806971,0.115725427264575
-2.09918115072859,-1.89905927881317,0.140237941533894
-2.06839705540921,-1.83927893773505,0.162019621226828
-2.03412207072968,-1.77466423923366,0.18041635194147
-1.99645635194666,-1.70563554842872,0.19502936854368
-1.95547990381411,-1.63258700135401,0.205733122112241
-1.91126141487746,-1.5558737765208,0.212653816161468
-1.86386561852832,-1.47581222728566,0.216121031901481
-1.81335755439381,-1.39269038403425,0.216607168963088
-1.75980244701458,-1.30678425199283,0.214667118525076
-1.70326156081455,-1.21837569038274,0.210886088634697
-1.6437853397286,-1.12776837181081,0.205838739229629
-1.58140593805311,-1.03529937192531,0.200059173063166
-1.51613178626626,-0.941345192573338,0.194019427677541
-1.44794618202159,-0.846321095201895,0.188113539235832
-1.37681211185144,-0.750674432091951,0.182645173535757
-1.30268325831086,-0.65487239708485,0.177817887190969
-1.22551995738027,-0.559385731309794,0.173728472910647
-1.14530796360859,-0.46467077297341,0.170364847130268
-1.06207632876464,-0.37115211171985,0.167610084508032
-0.975911632470771,-0.27920845000075,0.165253846958496
-0.886966357838226,-0.189163502602353,0.163011367995547
-0.795460439103192,-0.10128285786347,0.160548865621828
-0.701676527642696,-0.0157767752279357,0.157513203891646
-0.605949967170095,0.0671922218246484,0.153562924434062
-0.508655138897561,0.14749870494544,0.148397810128118
-0.410189682388613,0.22504271661695,0.141784641282934
-0.310958415270648,0.299739075424377,0.133577798454575
-0.211358087296718,0.371509053248287,0.123734134319335
-0.111764309852751,0.440275395729112,0.112322255598069
-0.0125212930261781,0.505960667663275,0.0995263625636441
0.0860649959061607,0.568488955976144,0.0856443489384397
0.183730074702,0.627790072730943,0.0710789560212839
0.280250437014228,0.683805354305832,0.0563197799417733
0.375439054238767,0.736494093103723,0.0419134290151844
0.469137102448182,0.785839360430247,0.0284194838887123
0.561201927623139,0.831851956980075,0.0163520635199088
0.651492191768775,0.87457123603172,0.00611063238906928
0.739851970596985,0.914061974584928,-0.00209099205859065
0.826096608031415,0.950407184943825,-0.00828325907163149
0.91000359614489,0.983697663726631,-0.0127702574120599
0.99131135654033,1.01402022746336,-0.0161153749572442
1.06972744915626,1.04144755838753,-0.0190774895691898
1.14494454025533,1.06603158998955,-0.0225051998763884
1.21666110460391,1.08780241057335,-0.0272095102212504
1.28460159955051,1.10677189023123,-0.0338422918820421
1.34853180235573,1.12294031506156,-0.0428055474044118
1.40826708878319,1.13630381507101,-0.054206414241547
1.46367376643387,1.14686064284246,-0.0678599001542259
1.51466460720323,1.15461464202725,-0.0833308221719836
1.56119169120905,1.15957655731413,-0.100001204188115
1.60323890249646,1.16176362728864,-0.117149276475613
1.64081480607345,1.16119843747208,-0.134029036708203
1.67394688981299,1.15790828619797,-0.149942860599418
1.70267557787083,1.15192486391455,-0.164302068063733
1.72704927242979,1.14328582469015,-0.176671750913061
1.74711841834837,1.13203688542568,-0.186796454478231
1.76293021553924,1.11823502181364,-0.194604304187509
1.77452406949006,1.10195165203387,-0.200188934849149
1.78192924933751,1.08327568317243,-0.203771729121833
1.7851646731056,1.06231536034301,-0.205650417061243
1.78424179767888,1.03919928563094,-0.206142972278352
1.77916942496708,1.01407622087429,-0.205536332377816
1.76995982213077,0.987114171932794,-0.20404783830173
1.75663476736412,0.958498967830621,-0.201803621634928
1.73923045766312,0.928432673720016,-0.198834031015078
1.71780080112419,0.897132276732861,-0.195082824909119
1.69241854997871,0.864828787705504,-0.190424993706709
1.66317394559941,0.831766837512492,-0.184687908551344
1.63017142498465,0.798205190093809,-0.177671618587162
1.59352391961362,0.764417975066401,-0.169165670007552
1.55334539515651,0.730696957067582,-0.15896165092968
1.50974161783066,0.697354708882154,-0.146862036498692
1.4627998064966,0.664728727941531,-0.13268697212913
1.41257799952142,0.633186353904372,-0.116281150283997
1.35909558310948,0.603130250310598,-0.0975229867009502
1.30232716892521,0.575003983266104,-0.0763378241052642
1.24220249884743,0.54929662154228,-0.0527158539692264
1.17861605226834,0.526544571369896,-0.0267339528089091
1.11144991336193,0.507327333647148,0.00142120769615619
1.04061274400292,0.492252080820396,0.0314330948244537
0.966095692729834,0.481920448642924,0.0628436092143006
0.888041184550296,0.476870650424961,0.095054879592586
0.806814126684331,0.477491676525536,0.127348263814414
0.723057078921323,0.483915147099427,0.158922032414978
0.637706419306294,0.495904588026696,0.188946889215246
0.551949593280101,0.512775817622426,0.216636067466701
0.467118583536771,0.533386514895216,0.241323534957974
0.384538194217952,0.556218820866836,0.262539470974209
0.3053681945674,0.579546673391951,0.280068234101206
0.230483352434188,0.601644798485103,0.293974197260041
0.160420254442432,0.620979250706438,0.304586989649551
0.0953936904656936,0.636330783780224,0.312447588429596
0.0353630176470478,0.646833753535189,0.318225027300825
-0.0198800710313627,0.651945432639589,0.322616700104586
-0.070627088493325,0.651378626813983,0.326244335226609
-0.117186512032225,0.645030656782991,0.329555924084197
-0.159841241606642,0.632930658089307,0.332744081753251
-0.198829102638685,0.615212543832179,0.33569308449973
-0.234342433055755,0.592108552092424,0.337967411268917
-0.266541082600822,0.563951706205263,0.338851264123342
-0.295571914162262,0.531173821924882,0.337438894315282
-0.32158777278267,0.494290327893609,0.332762759328611
-0.344760050647417,0.453869921332424,0.323934600200188
-0.365281846722284,0.410494182670402,0.310269944690516
-0.383362269173847,0.364716237086145,0.291371727035627
-0.399215337256048,0.317027418439598,0.267161610776081
-0.413047683686156,0.267837033989991,0.237861978743105
-0.425048918478288,0.217466379705625,0.203942802470204
-0.435386479883241,0.166154252001302,0.166051517863176
-0.444204941211495,0.114069603080716,0.12494222341533
-0.451628922501435,0.0613273049865628,0.0814155308119204
-0.457767855917773,0.00800374040454041,0.0362742294926111
-0.462721877312392,-0.0458493339496378,-0.00970454110865467
-0.466588036697457,-0.100193796914095,-0.0557834119334142
-0.469465144664603,-0.154997073268732,-0.101269449826231
-0.471457894258734,-0.210226377516927,-0.145513418158711
-0.47267912371129,-0.265844809523184,-0.187907337992383
-0.473250822510003,-0.321808486157621,-0.227883178437811
-0.473304436651515,-0.37806464610469,-0.264914951897114
-0.472980496905183,-0.434550704766576,-0.298525544934222
-0.47242802670637,-0.491194672725902,-0.328298744844914
-0.471804025008273,-0.547917487059092,-0.353895737606407
-0.471273060606233,-0.604637542751161,-0.375073869360565
-0.47100765906001,-0.661278092692029,-0.39170457389726
-0.471189338347875,-0.717777011661681,-0.403785960286036
-0.472010802385771,-0.774098493072666,-0.41144581964353
-0.473679028773973,-0.830244660457365,-0.414931148580605
-0.476419074822826,-0.886264443167007,-0.414582328034278
-0.480477663505422,-0.942255494737441,-0.410792319212852
-0.486124829414886,-0.99835368019109,-0.403953757166994
-0.493650699984491,-1.05470367129831,-0.394398812985443
-0.503353155547666,-1.11140464143536,-0.382338092807784
-0.515511273791792,-1.16842857742905,-0.367805980148995
-0.530341260214328,-1.22551872425989,-0.350621805112842
-0.547937309146227,-1.28209099010191,-0.330378521648275
-0.568210491289877,-1.33717710007476,-0.306472028166403
-0.590850072326586,-1.38945204266625,-0.278181619874564
-0.615333696878627,-1.43736621457729,-0.244802436162536
-0.640997798390088,-1.47935824172664,-0.205815543157646
-0.667151872547198,-1.51408378750956,-0.161065940011575
-0.69319795224843,-1.54058886769742,-0.110909169698946
-0.718715621101615,-1.55838710524996,-0.0562860160578838
-0.743491587257697,-1.56744293146092,0.0013067927631415
-0.76749624543306,-1.56808907709781,0.0599615006967643
-0.790825085667945,-1.56091039919492,0.117599425925397
-0.813628245036578,-1.54662019910311,0.172252294555753
-0.836048493440155,-1.52594796315802,0.222313664176955
-0.858180709613087,-1.4995529743827,0.266700355432524
-0.880056367851491,-1.46797161464296,0.304897809518482
-0.901648635030319,-1.43159841745619,0.336901332711741
-0.922889739568421,-1.3906946509973,0.36308954947883
-0.943691905866218,-1.34541484832441,0.384071068844918
-0.96396557102222,-1.29584273964318,0.400536368789976
-0.983631183599253,-1.24203020220068,0.413133554033555
-1.00262327613426,-1.18403523506603,0.422376123808761
-1.02088713081004,-1.12195585162173,0.428585219353528
-1.03836974672746,-1.05595678375313,0.431866768077069
-1.05500794490302,-0.986285657280905,0.432122778532902
-1.07071689695932,-0.913275846159786,0.429093578299217
-1.08538267869905,-0.837335040484138,0.422423935363208
-1.09886057842141,-0.758921502398539,0.411741417397664
-1.11097988948835,-0.678512891822631,0.396733086300844
-1.12155375462799,-0.59657415655968,0.377207496641802
-1.13039179757904,-0.513530858201786,0.353133522564485
-1.13731242070787,-0.429751801964836,0.324653523069959
-1.14215276767651,-0.345542375823702,0.292074340236166
-1.14477499801608,-0.261147205232215,0.255843087508327
-1.14506886986269,-0.176759360322817,0.216515732009448
-1.14295084677089,-0.0925327751572073,0.174725147407377
-1.13836068090178,-0.00859522076458199,0.131153195266813
-1.13125639203522,0.0749399682653995,0.0865089668931153
-1.12160854335673,0.157964280092658,0.0415133414348096
-1.10939496147937,0.240366730319046,-0.00311136851222682
-1.09459530976275,0.322028645390312,-0.0466489569065911
-1.07718652078079,0.402819991121498,-0.0883965015221049
-1.057135541886,0.482595656839431,-0.127673704191827
-1.03439422183594,0.561191635081497,-0.163836463490494
-1.00889506936213,0.638420291339461,-0.196296345583252
-0.980551671742922,0.714066308825375,-0.224546899886161
-0.949262333674104,0.787883418387284,-0.248195579909863
-0.9149173878875,0.859592887968862,-0.26699768587485
-0.877411134016036,0.928885774765955,-0.280886435507439
-0.836655839185891,0.995428969088226,-0.289990791181189
-0.792596453429591,1.05887583281036,-0.294632824150656
-0.745222450675239,1.11887996242904,-0.29529842843879
-0.694573995041069,1.17510999890442,-0.292580603954903
-0.640740084796552,1.22726180814402,-0.287101339192865
-0.583849293782457,1.27506558528585,-0.279424971235732
-0.524054983986723,1.31828526387771,-0.269979173386425
-0.461518672176726,1.35670959480335,-0.258999095387735
-0.396395387629627,1.39013600267659,-0.246505650844627
-0.328823698309836,1.41834953726214,-0.23232259835494
-0.25892153064404,1.44110056331389,-0.216131153651859
-0.186787182423387,1.45808540591794,-0.197556165678892
-0.112503761363406,1.46893480564429,-0.176274067519564
-0.0361445422084745,1.47321518263434,-0.152128749304516
0.0422235802632688,1.47044721333482,-0.125236993087842
0.12254119517056,1.46014406981879,-0.0960616613620593
0.204763397079688,1.44186883105349,-0.0654316765919861
0.28887140760924,1.41530695922555,-0.0344956700858381
0.374883650081597,1.38034529275851,-0.00461086203489114
0.462857793440458,1.33714565056516,0.022814140440618
0.552875112738323,1.28619818178765,0.0464915501870378
0.645003426686233,1.22833890728677,0.0654080741922274
0.739243946122966,1.16471938432505,0.0789339437234902
0.83547628670264,1.09672564529083,0.0868738000903899
0.933419421164374,1.02585725810758,0.0894584202361951
1.03262198959419,0.953590180351318,0.0872858910079642
1.13248470182947,0.881251843374404,0.0812271919501547
1.2323072082134,0.809932616101175,0.0723145953198062
1.33134551841105,0.740445152305787,0.0616313234075957
1.42886583134015,0.673329287106749,0.0502174196898947
1.5241853415658,0.60889068913019,0.0390007939178206
1.61669578201045,0.547257506041572,0.028755719221126
1.70587033047888,0.48844089118187,0.0200857738823169
1.7912571384362,0.43238927811761,0.0134252747429791
1.8724635599415,0.379030624580285,0.00905260302178033
1.94913551312585,0.328300508657667,0.00710973300974352
2.02093563999535,0.280156226908413,0.00762380280427878
2.08752377700641,0.234578608891954,0.0105280806104949
2.14854246236827,0.191564109646839,0.0156808161621734
2.20360960478699,0.151110369291712,0.0228811875093648
2.25231965487974,0.113198796281715,0.0318819663517797
2.29425320294288,0.0777777466656025,0.0423987850322562
2.32899397547089,0.044749534898546,0.0541161522392593
2.3561506905498,0.0139636581405039,0.0666906836953154
2.37538108251731,-0.0147825542453573,0.0797524231971722
2.38641400653731,-0.0417360552890711,0.0929054661846767
2.38906704936112,-0.0671743578723808,0.105729368184467
2.38325675274554,-0.091388284810493,0.117782772958398
2.36900090172613,-0.114663878819685,0.12861045167771
2.34641245682349,-0.137266006227011,0.137754366805423
2.31568673260495,-0.159425624793513,0.144768797187573
2.2770836902373,-0.181331855138439,0.149239016517758
2.23090841506974,-0.203129184077131,0.150802819630248
2.1774909566738,-0.224919321089472,0.149174102721135
2.11716849671535,-0.246766952748125,0.144168108097589
2.05026954202032,-0.268708388894579,0.135727941475031
1.97710203294366,-0.290762584580985,0.123951990325822
1.8979433770939,-0.312944123400785,0.109120665208448
1.81303412454187,-0.335278543276735,0.091719306002051
1.72257367986966,-0.357820025962469,0.0724510472263457
1.62672115975774,-0.380671500275431,0.0522305852828299
1.52560214466357,-0.404005473093772,0.0321471061352156
1.41932552920369,-0.428082426076141,0.0133848355132783
1.30801176031194,-0.453260999854199,-0.00290573487857546
1.19183296971178,-0.479993089214047,-0.0157812602642715
1.07105954297442,-0.50879732789064,-0.0247002847567376
0.946103562227802,-0.540208876984805,-0.0296939511004645
0.817545555167023,-0.574710826831382,-0.0314519333911719
0.686132548690577,-0.612660919035263,-0.0312681684556021
0.552743576729083,-0.654232140180957,-0.0308264612001377
0.418329484919537,-0.699382267388472,-0.031864012997348
0.283842962444768,-0.747856951067247,-0.0358032457154836
0.150176181898236,-0.799218804107992,-0.0434570922082722
0.0181178824419623,-0.852888948823075,-0.0548807238844925
-0.111667407380209,-0.908188364557463,-0.0693851787691249
-0.238641543501139,-0.964373258890372,-0.0856793595348029
-0.362382630984247,-1.02066334776956,-0.102086293814944
-0.482567935420095,-1.07626441293172,-0.116784930707792
-0.598953679647018,-1.13038491199035,-0.128044969328415
-0.711354706433432,-1.1822441685571,-0.134435235039867
-0.819627483566822,-1.2310706214051,-0.134989996918815
-0.923659751698733,-1.27609221740942,-0.129314641831395
-1.02336845848998,-1.31652818526215,-0.117610360577652
-1.11870347947191,-1.35159531219806,-0.100605238944161
-1.20965016282495,-1.38053815673734,-0.0793995041366144
-1.29622343547215,-1.40268233311338,-0.0552591473621846
-1.37844954829022,-1.41749583533671,-0.0294104381971896
-1.45633962536209,-1.4246383792935,-0.00288615582012514
-1.52986338259253,-1.42398193738803,0.0235478485869776
-1.59893250125161,-1.41559877493146,0.0493873501788528
-1.66339832763411,-1.3997245655816,0.0743303431821972
-1.72306275088966,-1.37670989481748,0.0981958808226914
-1.77769806186995,-1.34697337675,0.120848015138763
-1.82706967320979,-1.31096400620196,0.142140073210193
-1.87095719160277,-1.26913561911163,0.161883514321947
-1.9091707646892,-1.2219322082652,0.179838399063403
-1.94156225658766,-1.16978172599658,0.195719477189343
-1.96803054394779,-1.11309464775483,0.20921149756934
-1.98852270618792,-1.05226542211631,0.219988705488142
-2.00303160768314,-0.987674653800486,0.227734941009739
-2.01159129060444,-0.919691213800167,0.232162294532449
-2.01427060435728,-0.848673500550972,0.233027262692489
-2.01116659082042,-0.774970095491753,0.230144228263405
-2.00239716905066,-0.698919308243238,0.223396263637131
-1.98809443125913,-0.620848141747403,0.212743681127191
-1.96839786883258,-0.541070386589523,0.198230535767057
-1.94344910080566,-0.459884506023581,0.179989497211023
-1.9133872747609,-0.377571052957698,0.15824503516263
-1.87834512952912,-0.294389833182843,0.133314730595831
-1.8384480625629,-0.210577621054086,0.105608485704628
-1.79381357853108,-0.126346062729541,0.0756245413507831
-1.74455397685279,-0.0418808475083842,0.0439414563968986
-1.69078097672443,0.042657597923768,0.0112045972135046
-1.6326127289977,0.127131155908945,-0.0218941075980281
-1.57018284860826,0.211418238829013,-0.0546439906587514
-1.50365083845065,0.295404885271837,-0.0863508360899595
-1.43321225083715,0.378972965931723,-0.116377474856473
-1.35910693955654,0.461986492298911,-0.144185398202395
-1.28162289900693,0.544278141410757,-0.169370658106802
-1.20109406249894,0.625638701122032,-0.1916854436622
-1.11789117813735,0.705812774964216,-0.21103736120987
-1.03240643979815,0.784503072464623,-0.22746163356346
-0.945034664204578,0.861383779125209,-0.241067715132289
-0.856155604690444,0.936121018891946,-0.251969350055101
-0.76612205793402,1.00839593684619,-0.260213084299808
-0.675257413015911,1.0779249887616,-0.265722221020178
-0.583863801632549,1.14447277078365,-0.268270119292449
-0.492239427159672,1.2078553144236,-0.26748990904534
-0.400701124694187,1.26793438293807,-0.262919475228552
-0.30960739782256,1.32460620347425,-0.254073618002925
-0.219377096747702,1.37778905772253,-0.240530468300638
-0.13050041938193,1.42741465315845,-0.222016981734621
-0.0435409245649531,1.47342688457515,-0.198478124659701
0.0408702076832857,1.51578978314512,-0.170116525621545
0.122044439296623,1.55450313116846,-0.137394042728449
0.199246716489854,1.58962114253137,-0.100994018730143
0.271704726473098,1.62126489868675,-0.0617514573241069
0.338618946850259,1.64961721242439,-0.0205659641654162
0.399182593328658,1.67488717601322,0.0216838803037316
0.452626732364758,1.69723583849424,0.0642070311530711
0.498306469848515,1.71666631617085,0.106335088922155
0.53583248682244,1.73290123549493,0.147521671713514
0.565225581425131,1.74529396133773,0.187310504010921
0.587038456595862,1.7528276738152,0.225284809213095
0.602374477826141,1.75423397405493,0.261016210143379
0.612761627695244,1.7482078195496,0.294031084348023
0.619907530788621,1.73364567142204,0.323805103522935
0.625421809133138,1.70982134941078,0.349784685175005
0.630601825983728,1.67645339663743,0.371424811240034
0.636333342237289,1.6336695988701,0.388229605561495
0.643100058514085,1.58191009180711,0.39978582226296
0.651060696191903,1.52181372096924,0.40578503808895
0.660148790106713,1.45411847511625,0.406035126938982
0.670164641273706,1.37958862328703,0.400463666303262
0.680845798346762,1.29896826718095,0.389115923048699
0.691914462323276,1.21295569678889,0.372149356121757
0.703105874033725,1.12219190095923,0.349825658524251
0.714183254413614,1.02725795098363,0.322500763346911
0.72494376157535,0.92867689764805,0.290612641125388
0.735219813141604,0.826919393451954,0.254667356331276
0.744876901546308,0.722409891695761,0.215222903654462
0.753810552509712,0.615534737520356,0.172871916721184
0.761941852462161,0.506649899962585,0.128223485026992
0.769212888110156,0.396089192913843,0.0818857235008264
0.775581882535786,0.284171910053381,0.034450499508879
0.781018076067225,0.171209266313615,-0.0135178831631287
0.785496987394724,0.0575093606002874,-0.0614881838191341
0.788996414898947,-0.0566198626551319,-0.108960532531329
0.791493789473616,-0.17087005329824,-0.155456942451564
0.792965176993271,-0.284933998685594,-0.200504453959157
0.793387389444241,-0.398509020201101,-0.243612876752092
0.79274259465846,-0.511301132792771,-0.284250302450734
0.791027512942683,-0.623029154402606,-0.321821359378335
0.788265614875691,-0.733426903007434,-0.355653530764305
0.784523582997917,-0.842242700952274,-0.384998024063606
0.779930118559826,-0.949234612225864,-0.409050538388759
0.774695541258541,-1.05416099977678,-0.426995836547659
0.769128682866033,-1.15676641776806,-0.438076153565455
0.763646310264137,-1.25676408581624,-0.441677835859231
0.758769155596442,-1.35381758983781,-0.43742350478929
0.755097779617131,-1.44752501530414,-0.4252502712659
0.753262627522343,-1.53740964138488,-0.405452058821001
