0
0.01
0.02
0.03
0.04
0.05
0.06
0.07
0.08
0.09
0.1
0.11
0.12
0.129999997171503
0.140000035150378
0.15000011564875
0.16000021411548
0.170000290990285
0.180000301926008
0.190000210822856
0.200000007898546
0.209999723560215
0.219999437562153
0.229999273565167
0.239999378948589
0.249999892834751
0.260000909962484
0.270002449228708
0.280004428468047
0.290006656178494
0.300008838431128
0.310010617878953
0.320011660413046
0.330011790688201
0.340011131042445
0.350010087130866
0.360009125166477
0.3700084954681
0.380008139111762
0.39000780776696
0.400007246337041
0.41000629751127
0.420004912506577
0.430003126787313
0.440001029198427
0.449998735717923
0.459996363105161
0.469994005315934
0.479991717868496
0.489989515969947
0.499987384399292
0.509985292963338
0.519983212450195
0.529981125814535
0.53997903321372
0.549976952204648
0.559974913496381
0.569972954329883
0.579971108083692
0.589969393212797
0.599967803358938
0.609966302784998
0.619964832582224
0.629963327965694
0.639961741097697
0.649960057064148
0.659958296038007
0.669956500512895
0.679954716156674
0.689952975958201
0.699951292994526
0.709949659723729
0.719948050958583
0.729946427976558
0.739944744980813
0.749942957097513
0.759941033244635
0.769938967956759
0.779936793439031
0.789934581521601
0.799932435684683
0.809930471436211
0.819928789135546
0.829927447557129
0.83992644533868
0.849925719384378
0.859925157962922
0.869924627031067
0.879924004534227
0.88992320950354
0.899922218055914
0.909921058353208
0.91991978898108
0.929918467024177
0.939917118890412
0.949915725696702
0.959914226707765
0.969912538622532
0.979910582355165
0.989908306790388
0.999905702236627
1.00990279986419
1.01989965978346
1.02989635295186
1.03989294423309
1.04988948275755
1.05988600269464
1.06988253183417
1.07987910009147
1.08987574051494
1.09987248049564
1.10986933153114
1.11986628896839
1.12986334527762
1.13986050663786
1.14985779851413
1.15985525583515
1.16985290467659
1.17985074718705
1.18984875790605
1.19984689513767
1.20984511918051
1.21984341060681
1.2298417782463
1.23984025474492
1.24983888173611
1.25983769084953
1.26983669049716
1.27983585885959
1.28983514744765
1.29983448959192
1.30983381351376
1.3198330560884
1.32983217631453
1.33983116404078
1.34983004050335
1.35982885005862
1.36982764175781
1.37982645038245
1.38982528056688
1.39982410185298
1.40982285428093
1.41982146347111
1.42981985784415
1.43981798330921
1.44981580999943
1.45981333170589
1.46981055902605
1.47980751111387
1.48980420857283
1.49980067007998
1.50979691398201
1.51979296342899
1.52978885123707
1.53978462216405
1.54978032822652
1.55977601946072
1.56977173453288
1.5797674978665
1.58976332561368
1.5997592334433
1.60975524146884
1.61975137086146
1.62974763794573
1.63974404982586
1.64974060446128
1.65973729639506
1.66973412247346
1.67973108586243
1.68972819612813
1.69972546497125
1.70972289876443
1.71972049076744
1.72971821537807
1.73971602589871
1.74971385825023
1.7597116419612
1.76970931749275
1.77970685658072
1.78970427603325
1.79970163786184
1.80969903006495
1.81969653554589
1.82969419929658
1.83969201530696
1.84968993650103
1.85968790249042
1.86968586581374
1.87968379989082
1.8896816912516
1.89967953027715
1.90967731111888
1.91967503600095
1.9296727174566
1.93967037364998
1.9496680194951
1.95966565991594
1.96966328623003
1.97966088053935
1.98965842303565
1.99965589881472
2.00965330139381
2.01965063227893
2.02964789912156
2.03964511371756
2.04964228866241
2.05963943477831
2.06963655788499
2.07963365631121
2.08963072105511
2.09962773840822
2.10962469557554
2.11962158705001
2.12961842147313
2.13961522560309
2.14961204483827
2.15960893970093
2.16960597578252
2.17960321105642
2.18960068229333
2.19959839783699
2.20959634042503
2.21959447687469
2.22959277085851
2.23959119267893
2.24958971980956
2.25958832736544
2.26958697017589
2.27958556095168
2.28958395542821
2.29958195882877
2.30957936822485
2.31957604573302
2.32957199624564
2.33956740513521
2.34956260126008
2.3595579487368
2.36955371858129
2.37955000620359
2.38954673859094
2.39954375106842
2.40954087494118
2.41953798839977
2.42953502307436
2.43953194948322
2.44952876176949
2.45952546484203
2.46952206309355
2.47951855795864
2.48951494648304
2.49951122600573
2.50950739625468
2.51950346381259
2.52949944132396
2.53949534870409
2.54949121271054
2.55948706594604
2.56948294378135
2.57947887853735
2.58947489373132
2.59947099971888
2.60946719577527
2.61946347429185
2.62945982721574
2.63945624960433
2.6494527411067
2.65944930479737
2.66944594401953
2.67944266121248
2.68943945642634
2.6994363269231
2.70943326790268
2.7194302734622
2.7294273386979
2.7394244614826
2.7494216444862
2.75941889462708
2.76941621975245
2.77941362196802
2.78941109096759
2.79940860069681
2.80940611006342
2.81940356637923
2.82940091081423
2.8393980822366
2.8493950219988
2.8593916811817
2.86938803349435
2.87938409026934
2.88937991275226
2.89937560545418
2.90937128704747
2.91936704113514
2.92936287049465
2.93935868003383
2.94935429945435
2.95934953895771
2.96934425135668
2.97933836713529
2.98933189158574
2.99932487506476
3.00931738118274
3.01930946906247
3.02930118807843
3.03929257823793
3.04928367072767
3.0592744925545
3.0692650701911
3.07925543789702
3.08924564408144
3.09923575603567
3.10922585877233
3.11921604861161
3.12920642196309
3.13919706254434
3.14918803042024
3.15917935568454
3.16917103730228
3.17916304698476
3.18915533710921
3.19914785053485
3.20914052872987
3.21913331796247
3.22912617094793
3.23911904584636
3.24911190472296
3.259104712254
3.26909743802834
3.27909006256533
3.28908258504253
3.29907503104918
3.30906745610185
3.31905994158959
3.32905258407331
3.3390454788599
3.34903870400474
3.35903230878534
3.36902630972977
3.3790206949419
3.38901543415115
3.39901049047727
3.4090058304487
3.41900142946477
3.4289972721057
3.4389933477313
3.44898964432299
3.45898614085494
3.46898280177725
3.47897957431592
3.48897639031356
3.49897317290538
3.50896984804776
3.51896635875454
3.5289626780831
3.53895881614326
3.54895481552329
3.55895073537633
3.56894662855038
3.57894252047583
3.58893839905382
3.59893421781159
3.60892991089114
3.61892541331582
3.62892067698559
3.63891567930803
3.64891042339139
3.65890493275913
3.66889924252154
3.67889339015793
3.6888874046587
3.69888129843589
3.70887506301308
3.71886867381349
3.72886210277271
3.73885533408144
3.74884837323239
3.75884124754519
3.76883399605021
3.77882665898502
3.78881926850493
3.79881184447864
3.80880439126137
3.81879689827863
3.82878934402176
3.83878170523252
3.84877397026965
3.85876615213478
3.86875829895241
3.87875049151572
3.88874283242744
3.89873542548808
3.90872835435432
3.91872166484693
3.92871535864572
3.93870939784073
3.94870371980725
3.95869825458182
3.96869294558425
3.97868776292538
3.9886827100812
3.99867782122102
4.00867315127039
4.01866876113409
4.02866470075297
4.03866099431799
4.04865763042772
4.05865455893135
4.06865169753602
4.07864894546547
4.08864620429891
4.09864339881996
4.10864049331447
4.11863749519494
4.12863444466336
4.13863139281846
4.14862837716081
4.15862540419638
4.16862244518466
4.17861944436234
4.18861633544935
4.19861305846463
4.20860957113546
4.21860585205165
4.22860189672181
4.23859770864969
4.24859328768323
4.25858861842638
4.26858366386333
4.27857836961476
4.28857268170618
4.29856657232957
4.30856006148853
4.31855322007066
4.32854615224565
4.33853896937834
4.34853176923745
4.3585246263073
4.36851759108082
4.37851069184592
4.38850393838572
4.39849732668256
4.40849084848654
4.4184845020132
4.42847830193598
4.43847228486254
4.44846650529101
4.45846102254525
4.46845588231924
4.47845109893933
4.48844664490775
4.49844244929234
4.50843840690922
4.51843439490094
4.52843029123003
4.53842599221237
4.54842142296741
4.55841653986414
4.56841132447161
4.57840577088268
4.58839987154194
4.59839360508834
4.60838693068884
4.61837978971188
4.6283721142775
4.63836384219859
4.64835493548128
4.65834539876164
4.66833529212526
4.67832472812027
4.68831385270422
4.69830281545522
4.70829174297337
4.71828072774094
4.72826983258487
4.73825910272402
4.74824857587565
4.75823828443206
4.76822825259675
4.7782184891324
4.78820898287962
4.79819970224853
4.80819060202644
4.81818163640998
4.828172774849
4.83816401497061
4.84815538673763
4.85814694407204
4.86813874484524
4.87813082729387
4.88812319176358
4.89811579696433
4.9081085699311
4.91810142655375
4.92809429248083
4.93808711887975
4.94807988881801
4.95807261336422
4.96806532003704
4.97805803763211
4.98805078323526
4.99804355482862
5.00803633293553
5.01802908987041
5.0280218019536
5.03801446124799
5.04800707930935
5.05799968346762
5.06799230699435
5.07798497787164
5.0879777097263
5.0979704968657
5.10796331349454
5.11795611973744
5.12794887199797
5.13794153398014
5.14793408551163
5.15792652660913
5.16791887593885
5.1779111669151
5.18790344088462
5.19789573917007
5.20788809314573
5.21788051467027
5.22787298709822
5.23786546170761
5.24785786409197
5.2578501129892
5.26784214876236
5.27783396303101
5.28782561404176
5.29781721752495
5.30780891754335
5.31780084767631
5.32779310111566
5.33778571562551
5.34777867244251
5.35777190366189
5.36776529700242
5.37775870438597
5.38775194997563
5.39774485233914
5.40773725458615
5.41772906867123
5.42772031681946
5.43771114729135
5.44770180940918
5.45769258933346
5.46768372464074
5.47767533565885
5.48766740498332
5.49765980920816
5.50765238428959
5.51764498852717
5.5276375383546
5.53763000949204
5.54762241911332
5.55761480280409
5.5676071958733
5.57759962160858
5.58759208640446
5.5975845805854
5.60757708396308
5.61756957505676
5.62756203955907
5.63755447639411
5.64754689858139
5.65753932925621
5.66753179654173
5.67752432773075
5.68751694484305
5.6975096596235
5.7075024699168
5.7174953584117
5.72748829730631
5.73748125596317
5.74747420980101
5.75746714597722
5.76746006398018
5.77745297183339
5.78744587950406
5.79743879192203
5.80743170353598
5.81742459604889
5.82741743950684
5.83741019772374
5.84740283701682
5.85739533688848
5.86738770036302
5.87737995960261
5.88737217346288
5.89736441438639
5.90735674711814
5.91734920791413
5.92734179150653
5.93733445134909
5.94732711029314
5.95731967656649
5.9673120580045
5.97730417404724
5.98729596698742
5.99728741660794
6.00727855890187
6.01726950222647
6.02726042890797
6.03725157259764
6.04724317030404
6.05723540410118
6.06722835372413
6.07722198017512
6.08721614413511
6.09721064938109
6.10720529475243
6.11719992045209
6.12719443322682
6.13718880752205
6.14718306584072
6.15717724750442
6.16717138345118
6.1771654849113
6.18715954473937
6.19715354597586
6.20714746515399
6.21714127150554
6.22713492754958
6.23712839069531
6.24712162130318
6.25711459280192
6.26710730028201
6.27709976401565
6.28709202568215
6.29708414012356
6.30707616664109
6.31706816053048
6.32706016911656
6.33705223056223
6.34704437393133
6.35703661980631
6.36702898035694
6.37702145845078
6.38701404548151
6.39700672090363
6.40699945264351
6.41699220166693
6.42698493064973
6.43697761409472
6.44697024878478
6.45696285992308
6.4669554980371
6.47694823044305
6.48694112406075
6.49693422856729
6.50692756328898
6.51692111203881
6.52691482753892
6.53690864200147
6.54690248080252
6.55689627435442
6.56688996770093
6.57688352679535
6.586876941095
6.59687022576235
6.60686342110809
6.61685658850117
6.62684980041427
6.63684312399413
6.6468366020215
6.65683023654574
6.66682398187571
6.67681775110788
6.68681143338538
6.69680491596629
6.70679810251791
6.71679092308191
6.72678333342893
6.73677530761432
6.74676682795808
6.75675787756851
6.7667484386303
6.77673849438988
6.78672803639665
6.79671707269017
6.80670563521026
6.81669378684241
6.82668162490608
6.83666928101101
6.84665691294809
6.85664469209601
6.86663278602143
6.87662134201004
6.88661047520022
6.8966002622865
6.90659074139533
6.91658191629432
6.92657376286709
6.93656623597823
6.94655927583025
6.95655281298381
6.96654677244376
6.97654107667893
6.98653564872447
6.99653041418003
7.00652530410222
7.01652025699099
7.02651521951701
7.03651014660597
7.04650499966567
7.05649974448251
7.06649434919626
7.07648878395806
7.08648302182939
7.09647704142031
7.10647083055677
7.11646438921831
7.12645773238386
7.13645088985027
7.1464439049313
7.15643683138939
7.16642972959726
7.17642266227978
7.1864156906163
7.19640887171007
7.20640225654955
7.21639589006037
7.22638981217965
7.23638405981312
7.24637866911383
7.25637367633721
7.2663691180298
7.27636502889647
7.28636143810817
7.29635836470233
7.30635581231483
7.31635376375006
7.32635217742846
7.33635098540382
7.34635009383634
7.35634938665475
7.366348732751
7.37634799623958
7.38634704907883
7.39634578348414
7.406344121496
7.41634201904975
7.42633946215906
7.43633645689426
7.44633301566101
7.45632914560765
7.4663248432044
7.47632009784756
7.48631490177104
7.4963092612733
7.50630320378217
7.51629677784837
7.52629004581231
7.5362830734301
7.54627592014543
7.55626863305722
7.56626124510227
7.57625377618569
7.58624623599924
7.59623862846532
7.60623095797702
7.61622323533346
7.62621548301778
7.63620773528631
7.64620003367542
7.65619241850643
7.66618492240724
7.67617756498853
7.68617035493572
7.6961632912165
7.70615636860442
7.71614958148848
7.72614292421643
7.73613639392102
7.74612998354808
7.75612368293217
7.76611747393465
7.77611132927404
7.78610521558773
7.79609909956062
7.80609295478882
7.81608676903009
7.82608054933447
7.83607432133654
7.84606812407519
7.85606200053293
7.86605598620488
7.87605010043253
7.88604434170812
7.8960386880213
7.90603310266534
7.91602754250882
7.92602196660533
7.93601634324172
7.94601065469921
7.95600489958589
7.96599909296757
7.97599326439111
7.98598745392308
7.99598170522886
8.00597605645153
8.0159705307311
8.02596512899996
8.03595982878279
8.0459545891407
8.05594935962853
8.06594408856729
8.07593872681501
8.08593322747499
8.09592754553352
8.1059216420886
8.1159154943306
8.12590910521319
8.13590250564283
8.14589574475539
8.15588887313378
8.16588192696125
8.17587492140735
8.18586785343914
8.19586071272545
8.20585349389547
8.21584620712132
8.22583888567874
8.23583158640128
8.24582438570057
8.25581736798254
8.26581061367617
8.27580418196124
8.2857981033799
8.29579237164983
8.30578695258652
8.31578178626688
8.32577680779008
8.33577195908174
8.34576720223452
8.35576251881355
8.36575790819342
8.37575337363381
8.38574891175427
8.39574450294612
8.40574011334484
8.41573570070134
8.42573122524568
8.43572665880914
8.44572198923839
8.4557172205851
8.46571237009888
8.47570746308502
8.48570252716778
8.49569758670817
8.50569265707268
8.51568774113113
8.52568282923844
8.53567790302398
8.5456729418965
8.55566793090426
8.56566286684526
8.57565776175236
8.58565264129835
8.59564753767818
8.6056424780693
8.61563747336268
8.62563251162709
8.63562756061924
8.64562257896462
8.65561753139017
8.66561240124778
8.67560719500398
8.68560193772997
8.6955966626785
8.70559140061803
8.71558617152167
8.7255809811412
8.73557582143482
8.74557067158194
8.75556549977635
8.76556026461871
8.77555491843358
8.78554941592148
8.79554372788717
8.80553785847037
8.81553185908091
8.82552583439114
8.83551992931396
8.84551430020946
8.85550907284255
8.86550431123392
8.87550000159741
8.88549605594538
8.89549233992648
8.90548871257018
8.91548506200249
8.92548132670877
8.93547750073093
8.94547361857349
8.9554697298005
8.96546587670831
8.97546207927396
8.98545832928844
8.99545459414638
9.00545082627899
9.01544697401548
9.02544299254936
9.03543885267091
9.0454345454317
9.05543008195188
9.06542548706588
9.07542078951621
9.08541601129919
9.09541116089166
9.10540623280476
9.11540121355837
9.12539609214659
9.13539087169796
9.14538558048537
9.15538027704758
9.16537504787437
9.17536999325963
9.18536520286422
9.19536072665353
9.20535655570085
9.21535262431507
9.22534883568669
9.23534509822219
9.24534135476807
9.25533759381684
9.26533384181284
9.27533014447224
9.28532654623393
9.29532307554262
9.30531973820954
9.31531651830849
9.32531338366394
9.33531029421748
9.34530720996692
9.35530409728914
9.36530093403914
9.37529771263843
9.38529444086041
9.39529114064232
9.40528784228796
9.41528457541927
9.42528135862301
9.43527819163656
9.44527505228293
9.45527190169403
9.4652686937412
9.47526538587106
9.4852619471102
9.49525836298017
9.50525463384003
9.51525077005988
9.52524678619894
9.53524269696181
9.54523851253978
9.55523423867243
9.56522987801875
9.57522543335848
9.58522091411884
9.59521634072471
9.60521174868787
9.61520718739198
9.62520271476673
9.63519838640052
9.64519424314841
9.65519030126137
9.66518655054015
9.67518296043682
9.68517949104784
9.69517610593711
9.70517277830113
9.71516949296876
9.72516624478021
9.73516303464211
9.74515986585906
9.75515674056755
9.76515365707548
9.77515060763657
9.78514757688127
9.79514454218488
9.80514147599932
9.8151383500075
9.82513514079648
9.83513183571568
9.84512843707451
9.85512496335987
9.86512144608638
9.8751179216401
9.88511442173349
9.89511096306112
9.90510754114154
9.91510413149876
9.92510069749773
9.93509720224635
9.94509361883334
9.95508993526026
9.96508615543527
9.97508229555302
9.98507837898457
9.99507443072343
10.0050704704164
10.0150665068138
10.0250625337244
10.035058532277
10.0450544779404
10.055050349574
10.0650461375206
10.0750418457057
10.0850374896707
10.0950330904534
10.1050286679032
10.1150242366642
10.1250198035205
10.1350153672992
10.1450109218445
10.1550064594046
10.1650019769542
10.1749974829203
10.1849930027527
10.1949885818752
10.2049842845934
10.2149801881729
10.2249763727126
10.2349729089068
10.2449698482676
10.2549672169467
10.2649650131077
10.2749632121109
10.2849617728599
10.2949606469503
10.3049597862963
10.3149591482011
10.3249586968249
10.3349584036664
10.3449582426603
10.3549581841403
10.3649581852515
10.3749581838535
10.3849580906696
10.3949577897893
10.4049571461368
10.4149560225892
10.4249543055256
10.4349519288834
10.4449488882604
10.4549452388856
10.4649410783636
10.4749365233536
10.4849316866955
10.4949266646659
10.5049215311045
10.51491633751
10.5249111151239
10.5349058790924
10.5449006308502
10.5548953621416
10.5648900575496
10.5748846986903
10.584879268513
10.59487375619
10.6048681614912
10.6148624970535
10.6248567887084
10.63485107203
10.6448453867937
10.6548397694833
10.6648342469316
10.6748288322019
10.6848235240203
10.6948183093607
10.7048131683348
10.7148080793137
10.7248030237659
10.7347979893409
10.7447929707262
10.7547879694684
10.7647829920876
10.7747780472164
10.7847731421278
10.7947682791993
10.8047634526357
10.8147586466724
10.8247538361796
10.8347489889218
10.8447440701674
10.8547390483744
10.8647339000727
10.8747286134535
10.8847231887148
10.8947176363657
10.9047119726159
10.9147062146145
10.9247003751856
10.9346944596676
10.9446884639532
10.9546823751785
10.9646761747457
10.9746698433488
10.984663368333
10.9946567514174
11.0046500155389
11.0146432087109
11.0246364014016
11.0346296783845
11.044623124145
11.0546168068287
11.0646107637855
11.0746049944141
11.0845994607854
11.0945940973504
11.1045888274268
11.1145835806391
11.1245783083716
11.1345729858778
11.1445676107218
11.1545621900371
11.1645567441908
11.1745513051012
11.1845459138416
11.1945406148984
11.2045354459917
11.21453043284
11.2245255831911
11.2345208884624
11.244516322703
11.2545118507102
11.2645074328757
11.2745030316292
11.2844986176469
11.2944941721523
11.3044896885356
11.3144851694799
11.3244806251463
11.3344760690876
11.3444715142248
11.3544669698828
11.3644624397526
11.3744579210134
11.3844534047477
11.3944488775545
11.404444323982
11.4144397301243
11.4244350867814
11.4344303919031
11.4444256518815
11.454420881151
11.4644160999326
11.4744113308514
11.4844065952507
11.4944019099808
11.5043972854911
11.5143927256189
11.5243882285627
11.5343837888175
11.5443793989273
11.5543750511518
11.5643707387821
11.5743664566913
11.5843622013134
11.5943579700728
11.6043537601603
11.614349566491
11.6243453802419
11.6343411886057
11.6443369763433
11.6543327286098
11.6643284334185
11.6743240830652
11.6843196738014
11.6943152044575
11.7043106757049
11.7143060894531
11.7243014497679
11.7342967639524
11.7442920434748
11.7542873042327
11.7642825651311
11.774277846612
11.7842731677767
11.794268545806
11.8042639960724
11.8142595341456
11.8242551784735
11.8342509552484
11.8442468999105
11.8542430556043
11.8642394534608
11.8742361016365
11.8842329643398
11.8942299855443
11.9042271156829
11.914224315618
11.9242215542525
11.9342188045282
11.9442160416276
11.954213243501
11.9642103907923
11.9742074709116
11.9842044783214
11.9942014154108
12.0041982920495
12.0141951248697
12.0241919339777
12.0341887401096
12.0441855615058
12.0541824113318
12.0641792968199
12.0741762195236
12.084173176307
12.0941701611269
12.1041671658808
12.1141641812407
12.1241611966559
12.1341581998005
12.1441551767539
12.1541521123983
12.1641489922028
12.17414580477
12.1841425447325
12.1941392149306
12.2041358269449
12.2141323996139
12.2241289556395
12.2341255172911
12.2441221024504
12.2541187217036
12.2641153775573
12.274112065514
12.2841087768736
12.2941055019104
12.3041022328668
12.3140989662473
12.3240957035463
12.3340924507242
12.3440892165859
12.354086010923
12.3640828424577
12.3740797171303
12.3840766370433
12.3940735998613
12.4040705989331
12.4140676240753
12.4240646626724
12.4340617012763
12.4440587275417
12.4540557318621
12.4640527092145
12.4740496604245
12.4840465919383
12.494043515955
12.5040404498791
12.5140374146741
12.524034434663
12.5340315345587
12.5440287374283
12.5540260574384
12.5640234933778
12.5740210236065
12.5840186043212
12.5940161703107
12.6040136425301
12.6140109327361
12.6240079578618
12.6340046527415
12.6440009837483
12.6539969583367
12.663992625702
12.6739880676752
12.6839833808131
12.6939786550115
12.7039739563317
12.7139693178558
12.7239647408633
12.7339602042494
12.7439556767513
12.7539511298284
12.7639465469724
12.7739419295593
12.7839372975493
12.7939326861105
12.8039281387606
12.8139236986237
12.8239193998688
12.833915261142
12.8439112833544
12.8539074513125
12.8639037387131
12.8739001152707
12.8838965533162
12.8938930325115
12.9038895412023
12.9138860751776
12.9238826341744
12.9338792178072
12.9438758220907
12.9538724370544
12.963869046572
12.9738656296864
12.9838621635305
12.9938586264168
13.0038550018344
13.0138512813833
13.0238474661833
13.0338435662528
13.043839598305
13.0538355816671
13.0638315342694
13.0738274693125
13.0838233932506
13.0938193059868
13.1038152023533
13.1138110733163
13.1238069075367
13.1338026917818
13.1437984118324
13.1537940541374
13.1637896103221
13.1737850817056
13.1837804861896
13.1937758618732
13.2037712683486
13.2137667827352
13.2237624914521
13.2337584797002
13.2437548187501
13.2537515564779
13.2637487159263
13.2737462960731
13.2837442836083
13.2937426686709
13.3037414609005
13.3137406982509
13.3237404495311
13.3337408060724
13.3437418611778
13.3537436889833
13.3637463205209
13.3737497286896
13.3837538232574
13.3937584576219
13.4037634499565
13.4137686082935
13.423773758321
13.4337787655185
13.4437835437731
13.4537880523583
13.4637922845412
13.4737962523386
13.4837999744275
13.4938034681738
13.5038067463684
13.5138098184462
13.5238126911732
13.5338153713882
13.5438178669225
13.5538201872226
13.5638223433571
13.5738243473909
13.5838262122713
13.5938279509579
13.603829575947
13.61383109995
13.6238325357319
13.6338338977888
13.6438352023427
13.6538364678034
13.6638377135888
13.6738389586186
13.6838402181675
13.693841502768
13.7038428154885
13.7138441528177
13.7238455046211
13.7338468570253
13.7438481962266
13.7538495121619
13.7638508042155
13.7738520850074
13.7838533806175
13.7938547293013
13.8038561742454
13.8138577561492
13.8238595031535
13.833861424464
13.8438635080932
13.8538657215211
13.8638680167098
13.8738703410383
13.883872644286
13.8938748881934
13.9038770505363
13.9138791238999
13.9238811103422
13.9338830110736
13.9438848154269
13.9538864947973
13.9638880044829
13.9738892933389
13.9838903191227
13.9938910616485
14.0038915299994
14.0138917603721
14.0238918057333
14.0338917233099
14.0438915641539
14.0538913666699
14.0638911551918
14.0738909419386
14.0838907313578
14.0938905240777
14.1038903201008
14.1138901211254
14.1238899320727
14.1338897611884
14.1438896204109
14.1538895237827
14.163889485847
14.1738895185398
14.1838896271848
14.1938898074909
14.2038900439748
14.2138903122554
14.2238905844697
14.2338908382559
14.2438910636813
14.2538912664389
14.2638914658929
14.2738916877453
14.2838919560025
14.2938922867828
14.3038926849694
14.3138931446364
14.3238936511615
14.3338941839721
14.3438947200038
14.3538952365211
14.3638957145852
14.3738961417072
14.3838965133724
14.3938968320459
14.4038971055679
14.4138973430253
14.4238975503506
14.4338977268174
14.4438978629246
14.4538979408911
14.4638979371802
14.4738978272184
14.4838975893135
14.4938972096427
14.5038966845411
14.5138960226678
14.5238952438185
14.5338943782486
14.5438934642071
14.5538925457161
14.5638916691401
14.5738908782338
14.5838902084903
14.5938896821355
14.6038893047263
14.6138890661925
14.6238889462937
14.6338889237673
14.6438889848765
14.6538891280502
14.6638893626828
14.6738897018669
14.683890152373
14.6938907060487
14.703891336734
14.7138920038811
14.7238926619748
14.7338932725582
14.7438938156582
14.75389429585
14.7638947396355
14.7738951844902
14.7838956641271
14.7938961937784
14.8038967643993
14.8138973473778
14.8238979056453
14.833898406497
14.8438988294938
14.853899167771
14.8638994251155
14.8738996131379
14.8838997480669
14.8938998479909
14.9038999292805
14.9139000044394
14.9239000796688
14.9339001541183
14.9439002213097
14.9539002716576
14.9639002966083
14.9739002932554
14.983900267526
14.9939002353846
15.0039002221502
15.0139002593345
15.0239003788136
15.0339006083327
15.0439009675808
15.0539014664993
15.0639021054181
15.0739028777498
15.0839037723075
15.0939047752712
15.1039058703908
15.1139070382025
15.1239082544992
15.1339094900092
15.1439107130028
15.1539118958752
15.1639130248734
15.1739141096156
15.1839151890924
15.193916328203
15.2039176063452
15.2139190990958
15.2239208591371
15.2339229000326
15.2439251867372
15.2539276363209
15.2639301297962
15.2739325338174
15.2839347283852
15.2939366325595
15.303938220501
15.3139395236785
15.3239406187016
15.3339416051523
15.3439425802359
15.3539436162772
15.3639447478476
15.3739459697639
15.3839472436266
15.3939485135954
15.4039497234919
15.4139508295977
15.4239518071378
15.4339526467505
15.4439533523932
15.4539539346253
15.4639544085997
15.473954791546
15.4839551018521
15.4939553583701
15.503955580443
15.5139557875544
15.5239559982847
15.533956231015
15.5439565021616
15.5539568263944
15.5639572152621
15.5739576773918
15.5839582177523
15.5939588380789
15.6039595377137
15.6139603152863
15.6239611706952
15.6339621067937
15.6439631306803
15.6539642533419
15.6639654868248
15.6739668398637
15.6839683122685
15.6939698903494
15.7039715452576
15.7139732349856
15.7239749104981
15.733976523868
15.7439780359117
15.7539794219786
15.76398067396
15.7739817999537
15.7839828210292
15.7939837665235
15.8039846681845
15.8139855536918
15.823986441514
15.8339873381167
15.8439882394981
15.8539891356349
15.863990016292
15.8739908746975
15.8839917086126
15.8939925185152
15.9039933046798
15.9139940650928
15.92399479424
15.9339954839929
15.9439961254607
15.9539967112925
15.9639972368732
15.9739977020229
15.983998109965
15.9939984675943
16.0039987851797
16.0139990746902
16.0239993524149
16.0339996369583
16.0439999457436
16.0540002945182
16.0640006956557
16.0740011575119
16.0840016816244
16.0940022678273
16.1040029165257
16.1140036230527
16.1240043842018
16.134005194631
16.1440060495587
16.1540069442269
16.1640078736858
16.174008832141
16.1840098139716
16.1940108130817
16.2040118231735
16.2140128382686
16.2240138532037
16.2340148639923
16.2440158686528
16.2540168673495
16.264017862408
16.2740188579963
16.2840198594628
16.2940208725832
16.3040219029919
16.3140229554685
16.324024033817
16.3340251407923
16.344026278542
16.3540274489729
16.3640286544365
16.3740298983898
16.3840311857601
16.3940325229169
16.404033917109
16.4140353743356
16.4240368964016
16.4340384769495
16.4440400983561
16.4540417303408
16.4640433324153
16.474044859835
16.4840462721806
16.4940475409519
16.5040486540605
16.5140496156782
16.5240504420795
16.5340511558237
16.5440517801508
16.5540523354087
16.564052837907
16.5740533009993
16.5840537366851
16.5940541573563
16.6040545765439
16.6140550087602
16.6240554695619
16.6340559726657
16.6440565304895
16.6540571512337
16.6640578365315
16.6740585780376
16.6840593553876
16.694060132371
16.7040608622942
16.714061486228
16.7240619496937
16.734062202957
16.7440622170847
16.7540619843064
16.7640615219141
16.774060868281
16.7840600759446
16.7940592038631
16.8040583096946
16.8140574420739
16.8240566367805
16.8340559139159
16.8440552783927
16.8540547223763
16.8640542284584
16.8740537745717
16.8840533385333
16.8940529021998
16.9040524539906
16.9140519900944
16.9240515141476
16.9340510360742
16.9440505696663
16.9540501296498
16.964049728276
16.9740493723496
16.9840490612732
16.9940487864643
17.0040485327709
17.0140482804515
17.0240480086492
17.0340476985084
17.0440473356112
17.0540469110127
17.0640464211545
17.0740458676271
17.0840452555661
17.0940445927568
17.1040438881138
17.1140431506713
17.1240423886838
17.1340416087262
17.1440408145854
17.1540400070034
17.1640391831244
17.1740383363384
17.1840374569841
17.1940365340213
17.2040355567987
17.2140345180539
17.2240334162587
17.2340322585299
17.2440310611525
17.2540298483148
17.2640286472751
17.2740274826018
17.2840263681087
17.2940252990444
17.3040242491194
17.3140231705299
17.3240219998881
17.3340206688434
17.3440191183013
17.3540173133662
17.3640152534481
17.3740129749986
17.3840105474543
17.3940080579131
17.4040055937792
17.4140032224256
17.4240009777661
17.4339988526736
17.4439968012653
17.4539947489107
17.4639926077764
17.4739902924684
17.4839877338038
17.4939848876309
17.5039817398924
17.51397830697
17.5239746337659
17.5339707919579
17.5439668766122
17.5539630018092
17.5639592944609
17.5739558847444
17.5839528954915
17.5939504295224
17.6039485585796
17.6139473153486
17.6239466906573
17.6339466351423
17.6439470665058
17.6539478796748
17.6639489598386
17.6739501962019
17.6839514931754
17.6939527785931
17.7039540068329
17.7139551566026
17.7239562252811
17.7339572212707
17.7439581577611
17.7539590478719
17.7639599024224
17.7739607281094
17.7839615245228
17.7939622796854
17.8039629640112
17.8139635250254
17.8239638858696
17.8339639515711
17.8439636255066
17.8539628345837
17.863961557496
17.8739598464753
17.8839578305848
17.8939556969243
17.9039536522234
17.9139518783223
17.9239504950936
17.9339495441965
17.9439489954531
17.9539487687324
17.9639487581689
17.9739488527168
17.983948948881
17.9939489592035
18.0039488222384
18.0139485176324
18.0239480843097
18.0339476333549
18.0439473436876
18.0539474346735
18.0639481216861
18.0739495695662
18.0839518595074
18.0939549774817
18.1039588237831
18.1139632362363
18.1239680205936
18.1339729815917
18.143977948795
18.15398279383
18.163987436697
18.1739918423763
18.1839960106736
18.1939999619973
18.2040037248188
18.2140073264145
18.2240107884334
18.2340141258763
18.2440173459842
18.2540204467843
18.2640234121295
18.2740262044318
18.2840287613406
18.2940309948798
18.3040328001391
18.3140340704932
18.3240347194338
18.3340347013588
18.3440340276515
18.3540327732912
18.3640310677172
18.3740290726697
18.3840269536875
18.3940248519971
18.4040228646821
18.4140210382934
18.4240193728863
18.434017832994
18.4440163561881
18.4540148581354
18.4640132338817
18.4740113604691
18.4840091122447
18.4940063898859
18.5040031633093
18.5139995099345
18.523995630259
18.5339918222084
18.5439884175307
18.5539857044675
18.5639838663078
18.5739829498014
18.5839828687021
18.5939834351326
18.6039844090547
18.6139855523217
18.6239866745242
18.633987658577
18.6439884638956
18.6539891130266
18.6639896701224
18.6739902197313
18.6839908520171
18.6939916528999
18.703992699312
18.7139940553224
18.7239957687762
18.7339978666662
18.7440003508122
18.754003195228
18.7640063461285
18.7740097264511
18.7840132431211
18.7940167963302
18.8040202894923
18.8140236367014
18.8240267669105
18.8340296245833
18.8440321669576
18.8540343601461
18.864036176493
18.874037593741
18.8840385985749
18.8940391917262
18.9040393926999
18.9140392411497
18.9240387949184
18.934038124771
18.9440373075309
18.9540364198587
18.9640355337529
18.9740347127433
18.9840340088939
18.9940334605572
19.004033090115
19.0140328998864
19.0240328682066
19.0340329419275
19.0440330302478
19.0540329990363
19.0640326724668
19.0740318463947
19.084030320182
19.0940279488081
19.1040247048467
19.1140207287189
19.1240163339731
19.1340119485033
19.1440079988961
19.1540047845426
19.1640023992931
19.1740007291989
19.1839995144771
19.1939984371375
19.2039971988096
19.2139955725966
19.2239934233642
19.2339907013319
19.2439874153891
19.2539835988498
19.2639792805916
19.2739744713429
19.2839691680798
19.2939633681968
19.3039570814833
19.3139503349433
19.3239431769504
19.3339356938387
19.3439280310437
19.3539203931074
19.3639130051837
19.3739060553689
19.3838996542595
19.39389382877
19.4038885426222
19.4138837271776
19.4238793089629
19.4338752291712
19.4438714550849
19.4538679826971
19.463864832226
19.4738620374381
19.4838596275113
19.4938576029964
19.503855908318
19.513854405458
19.523852860156
19.5338509551809
19.5438483403021
19.5538447215442
19.5638399662317
19.5738341823526
19.5838277276271
19.5938211300583
19.6038149438525
19.6138095974044
19.6238052911413
19.6338019746825
19.6437994056304
19.6537972540228
19.6637952039831
19.6737930156964
19.6837905330318
19.6937876629392
19.7037843594378
19.7137806299531
19.723776559782
19.733772335702
19.7437682454435
19.7537646291439
19.7637617722444
19.7737597653614
19.7837584074557
19.793757246974
19.803755780723
19.8137536926994
19.8237509589879
19.8337477590757
19.8437443050857
19.853740734345
19.8637371040948
19.8737334296541
19.8837297131925
19.89372595281
19.9037221432691
19.9137182746596
19.9237143331541
19.9337103053645
19.9437061883191
19.953702003717
19.9636978140792
19.9736937339024
19.9836899293421
19.9936866036687
