-0.667163279291907,0.000606460850419336,0.00529334494523245
-0.998284091115546,0.00173839963421901,0.0156614009091548
-1.32644029982395,0.00373591976049603,0.0341361533825514
-1.6505821278962,0.00684870120524173,0.0624251152541251
-1.96959036784775,0.0113305254027794,0.10170215945731
-2.28226132485773,0.0174252455821074,0.152559776518405
-2.58730197771477,0.0253446593320128,0.215034333973762
-2.88333915289334,0.0352359835777899,0.288711216050461
-3.16894350115389,0.0471361094835506,0.372892599854227
-3.11282189386629,0.0541375812683876,0.41040870521334
-3.04739467849477,0.0610011048835566,0.438067086287858
-2.97306870665257,0.0675752150745562,0.457017590288168
-2.8902200493833,0.0737174892523485,0.468651707945641
-2.79918683777707,0.079278524112766,0.474466556324923
-2.70023411226314,0.0840814816506359,0.475960918884146
-2.59354931370277,0.0879055532349933,0.474538810361591
-2.47925928473349,0.0904817478865999,0.471393594150062
-2.35747406655591,0.0915081822336978,0.467367366252571
-2.22835573461839,0.090687078143986,0.462805247563788
-2.09219997855386,0.0877779229112255,0.457446445116928
-1.94950833668986,0.0826530540965894,0.450403310721202
-1.80102284479843,0.0753370495876148,0.440266335182949
-1.64770194959892,0.0660137244970117,0.425336668914549
-1.49063524070651,0.054994985341464,0.403940492264423
-1.33091942355468,0.0426601038078428,0.374745365563555
-1.16953226046719,0.0293845098075185,0.336996802350393
-1.00724155328772,0.0154787169741365,0.290626741641021
-0.844568149206168,0.00115087701489645,0.236233633700676
-0.681798953769372,-0.0135043388429012,0.174971778855123
-0.519034556109235,-0.0284951790094468,0.108403002467974
-0.356250969026833,-0.0439086704063329,0.0383552730747419
-0.19336253936607,-0.0598798122330305,-0.0331861296729218
-0.0302802644341464,-0.076558577367498,-0.10415092471775
0.133037539003155,-0.0940772039994399,-0.172433796021109
0.296546392992193,-0.112518905893868,-0.235946472842232
0.460085327613862,-0.131888823607704,-0.292694465377643
0.623347454681398,-0.152090350304927,-0.340894331461668
0.78585234024706,-0.172913024500625,-0.379135957101279
0.946933161070915,-0.194039990608617,-0.406574858708466
1.10575270076111,-0.215079361372714,-0.423109868255276
1.26135545447161,-0.235615805586585,-0.429478972928741
1.412751038242,-0.255267743942191,-0.427207717045607
1.55901074865236,-0.273727685850375,-0.418382139901109
1.69935167117947,-0.290766749205651,-0.405283538033634
1.83318449850467,-0.306200260286448,-0.389982777931533
1.96011474571426,-0.319833780774246,-0.374011174894478
2.07990171796847,-0.331420436223566,-0.358188711244158
2.19239380013901,-0.340653552509288,-0.342623085521064
2.29746234947182,-0.347196923029074,-0.326833301728837
2.39495375438425,-0.35073530959718,-0.309927267052094
2.48467039128162,-0.3510221847536,-0.290774313787826
2.56637964358237,-0.347909978980695,-0.268144154716532
2.63984221579449,-0.341361036178224,-0.240815630036183
2.70484528598768,-0.331445465379599,-0.207679718215727
2.7612287103892,-0.318333198090905,-0.167867053298878
2.80889544708356,-0.302283283040296,-0.12091784497084
2.84780442955358,-0.283628774134978,-0.0669831049421763
2.87795139438741,-0.262753583417889,-0.00700727867933082
2.89934757941373,-0.240059882885263,0.0571886097412793
2.91200811224907,-0.215930409286799,0.123002014913473
2.91595659638648,-0.190695307718664,0.187349125723888
2.9112435181481,-0.164613740106804,0.247110823863052
2.89796781450166,-0.137874486825882,0.299592983028858
2.8762899119092,-0.110612002426775,0.342862224932077
2.84643122992559,-0.082927849008175,0.375880650534357
2.8086607989016,-0.0549087485922568,0.398450575208717
2.76327554484105,-0.0266361948874858,0.411040966314023
2.71057872715907,0.001812683138401,0.414578908078338
2.65085939942983,0.0303704938846473,0.410265540689565
2.58437459689231,0.0589877486021072,0.399441088576388
2.51133366051646,0.0876404365127895,0.383495040465995
2.43188821226715,0.116333915755218,0.363802904671642
2.34613009021973,0.145100453747909,0.341667450026518
2.25410284949765,0.173988564092708,0.318248361071858
2.15583068144385,0.203043822721944,0.294475193526068
2.05136483454162,0.232283222094898,0.270952229723394
1.94084263684162,0.26166814034465,0.247877171022314
1.82454557213575,0.291083424361237,0.225003451653221
1.7029386394523,0.320330702686349,0.201673962012126
1.57667241948741,0.349141100138583,0.176938314012604
1.44654131794215,0.377206907362004,0.149740351768441
1.31340382737619,0.404224370100932,0.119136166179655
1.17808751901038,0.429935703059142,0.0844903743384738
1.04130524673909,0.454158810490931,0.0456062662307343
0.903603695652177,0.476798660100449,0.00277042289985977
0.765351162659382,0.497840834113445,-0.043279167279487
0.626758859308871,0.517332706653963,-0.0914333727188481
0.487923185266939,0.535359151639684,-0.140308348856115
0.348875976823569,0.552018040131788,-0.1883341294707
0.2096343234986,0.567398319617632,-0.233825422590813
0.0702468109218323,0.581561405162604,-0.275038851246202
-0.069163147737543,0.594526077654303,-0.310231663577648
-0.208355417386646,0.606258004703055,-0.337742134780059
-0.346933427942552,0.616667321879915,-0.356109653156817
-0.484312046752948,0.625619003704777,-0.364240140365344
-0.619702865626637,0.632961138634926,-0.361600131346189
-0.752127814782821,0.638572115020185,-0.34839412368823
-0.880466661490287,0.642420822472572,-0.325657993771306
-1.00353153845753,0.644625274905146,-0.295203536478916
-1.1201481583692,0.645490833786452,-0.259388163490288
-1.22921708186481,0.645511961722607,-0.220749479256198
-1.32973712253814,0.645330910695416,-0.181603914469067
-1.42079419770771,0.645655751346629,-0.143724551515657
-1.5015423822077,0.647143101840257,-0.108175570483821
-1.5712173235239,0.65024969817913,-0.0753146573244683
-1.62921740337987,0.655061790126811,-0.0449190930448826
-1.67526137701424,0.661131832735981,-0.0163691903263124
-1.70958399205879,0.667382556448473,0.0111678719103498
-1.73308219529718,0.672152562589487,0.038585788137197
-1.74731041591768,0.673421228407741,0.0667242883018621
-1.75427956242998,0.669166392005527,0.0962778448836993
-1.75611811920464,0.657731165932971,0.127705434495736
-1.7547280563363,0.638071030100277,0.161125774135924
-1.75155531150051,0.609822573034488,0.196204830110566
-1.74751479139963,0.57321987018052,0.23207005315464
-1.7430373803218,0.528929037431708,0.267301844017439
-1.73818009398265,0.477867681718695,0.300042401861986
-1.73275168276339,0.421049820223947,0.328223809232998
-1.72642722420178,0.359472361746111,0.349867793253093
-1.71883964072041,0.294044200959271,0.363376762001637
-1.70964358814093,0.225551606839732,0.367739573279901
-1.69855201005962,0.154650379317524,0.362612686818378
-1.68534921202012,0.0818744643971198,0.348284287972711
-1.66988734896681,0.00765208044853928,0.325561457034913
-1.65207305726977,-0.067677151571172,0.295628108009561
-1.63184984496113,-0.143847580494873,0.259910103141136
-1.60917997265207,-0.220656238975576,0.219965152314564
-1.58402836782442,-0.297953702696137,0.177398417806148
-1.55635038676926,-0.375634621816677,0.13379443961595
-1.52608546355773,-0.453625004546189,0.0906527332144052
-1.49315859746067,-0.531863781450719,0.0493168792571473
-1.4574916395606,-0.610277766447872,0.0108937777734644
-1.41902514517161,-0.688751785943638,-0.023830784871455
-1.37774791907143,-0.767098628567451,-0.0544642452924648
-1.3337298643,-0.845036457133258,-0.0810439204567772
-1.2871488273677,-0.922181741541339,-0.104015572399107
-1.23830311957919,-0.998062901570105,-0.124141534112065
-1.18760427719847,-1.07215422773506,-0.1423458647931
-1.13555098265605,-1.14392209967975,-0.15952560777329
-1.08269213810787,-1.21287079924808,-0.176370503723286
-1.02959047902178,-1.27857500939105,-0.193230869289332
-0.976797004089894,-1.3406911305247,-0.210055967261482
-0.924841214014557,-1.39894648522515,-0.2264021181369
-0.874236156165393,-1.45311134721146,-0.241491942548304
-0.825492312715366,-1.5029607088363,-0.254299553262323
-0.779132246177829,-1.54823236416598,-0.263640974440765
-0.735696468314833,-1.58858532369457,-0.268259692878456
-0.695730761282962,-1.62356252160401,-0.266908949487094
-0.659743467611951,-1.65256216629033,-0.258440378624278
-0.628121867914798,-1.67482683736689,-0.241910760964936
-0.601002027731085,-1.68946411619383,-0.216713423942697
-0.578103436039757,-1.69551583355819,-0.182729287008412
-0.558569695563301,-1.69208693916031,-0.140477143038471
-0.540889211410688,-1.67852451534131,-0.0912274822330194
-0.522976122279712,-1.65460309429364,-0.0370326917344594
-0.502443297094754,-1.62064431267551,0.0193754053194171
-0.477005107261527,-1.5775042059148,0.0748507592161315
-0.444870753432864,-1.52641204229903,0.12623998915774
-0.404992250863088,-1.46871382970993,0.170838625261584
-0.357109669971407,-1.40561444171405,0.20675975536057
-0.301626504763602,-1.33800221186567,0.233105313668853
-0.239395405101082,-1.26639126277001,0.249919211478209
-0.171492612665924,-1.19096562313003,0.257990855479769
-0.0990306300359143,-1.11168066762948,0.258613121918865
-0.0230271943303415,-1.02837747623727,0.253375389424935
0.0556724835929189,-0.940881922239219,0.244020718065584
0.13643109517051,-0.849079499950946,0.232350252341679
0.218821747784044,-0.75296798009286,0.220133577042062
0.302601962477285,-0.652693923848391,0.208984025723621
0.387659915924754,-0.548575508836021,0.200178271169954
0.473934978426755,-0.441109241204681,0.194434726363534
0.561321933168625,-0.330954577968572,0.191705467928366
0.649579039086092,-0.218891630251921,0.191065058620003
0.738268246889964,-0.105754323278571,0.190775931693574
0.826752544683186,0.00764912396524029,0.188560781778973
0.914257467065287,0.120609363595733,0.182031381733308
0.999977632180732,0.2325644542151,0.169152219444559
1.08319052922324,0.343114196975842,0.14860142530428
1.16334040131548,0.452002800304898,0.119941212289163
1.2400734035412,0.559081335411591,0.0835921104775101
1.31322655376633,0.664264940149605,0.0406711072506388
1.38278728174946,0.767496712744,-0.00722267021875527
1.44884207262484,0.868725107679685,-0.0582057923100481
1.51152662399147,0.967896618843236,-0.110255124341324
1.5709828330064,1.06496129701453,-0.161293928888905
1.62732200906334,1.15988586645855,-0.209236769006647
1.68059143685395,1.25266718342295,-0.252022859341723
1.73074283736582,1.34333748875428,-0.287671159537308
1.7776044261686,1.43195311329795,-0.314385992817493
1.82086385220709,1.51856036110424,-0.330727658575928
1.86007276192796,1.60313852335852,-0.335836789573069
1.89468370489168,1.685529968006,-0.329665990282312
1.92412034261755,1.76537682665356,-0.313138380676272
1.94786939121782,1.84209195459843,-0.288142502450131
1.96556675893357,1.91488564091375,-0.257307098560635
1.97704692804037,1.98285090119097,-0.223578789207659
1.98233760306258,2.04508492272545,-0.189714385932424
1.98160402238207,2.10080634852958,-0.157842206152394
1.97506782894232,2.14943194705649,-0.129213239399378
1.96293048644598,2.19059674759874,-0.104175517245218
1.9453232541616,2.22412623301819,-0.082319139597982
1.92229042340185,2.24998096454279,-0.0626977985190084
1.89380262543672,2.2681943410781,-0.0440416437869944
1.85979170633325,2.27881469035667,-0.0249152048193694
1.82019876276021,2.28185393118424,-0.00381837062899776
1.77502931614366,2.27724201750485,0.0207379438952271
1.72441015879819,2.26478888900789,0.050134094977135
1.66864094376313,2.24416300799888,0.0854800370863767
1.60822928636274,2.21490178937985,0.127375996764132
1.54389395885124,2.17646893557697,0.175629946125339
1.47652092322716,2.12836200616604,0.229019968853514
1.40706571520867,2.07025147325005,0.285219695829144
1.33641420022414,2.00211131516569,0.340979343221809
1.26523428033779,1.92429511994415,0.392565777036677
1.19386286924464,1.83753030541386,0.436351638677826
1.12226478239835,1.74283474073902,0.46937429282049
1.05007622045092,1.6413864089034,0.489704891121644
0.976716733042381,1.53438460724552,0.496558714252056
0.901532467508108,1.42293246414789,0.490179753662276
0.823929182945937,1.30795828256311,0.471594729382155
0.743462431359965,1.19017983135356,0.44233968909398
0.659871332475927,1.07010801550885,0.404233832399548
0.573059735333438,0.948079735104041,0.35923281317659
0.48304031443504,0.824307988031598,0.309356377201366
0.389862124735313,0.698940081260098,0.256661235884965
0.293540803422402,0.572117135594859,0.203219242728168
0.194008802578197,0.444031559240841,0.1510626566822
0.0911003582429401,0.314979347638511,0.10206943335193
-0.0154185280399805,0.18540089720399,0.0577815184385463
-0.125771925539042,0.0559016698577438,0.0191785716866696
-0.240058256437728,-0.0727580485308213,-0.0135371573198294
-0.358125586207234,-0.199711770478204,-0.0410632718836096
-0.479481282283847,-0.324071196713372,-0.0649466143411209
-0.603278794758367,-0.445028676346135,-0.0873228766991689
-0.728400318298177,-0.561947617000913,-0.110489020288795
-0.853614563736975,-0.674410607213124,-0.136427590300093
-0.977756435331464,-0.782210302343049,-0.16642682472064
-1.09986956209765,-0.885289941824411,-0.200895048634918
-1.21927666637477,-0.983657546751847,-0.239382393819937
-1.33557647513629,-1.07730192748635,-0.280749339596508
-1.4485898308577,-1.16613189614647,-0.323392405304936
-1.55828413673973,-1.24994971724049,-0.365450698382056
-1.66469633017162,-1.32845969303679,-0.404951307375752
-1.76786145323614,-1.4013067806671,-0.439887187025913
-1.86774743136937,-1.46814029165964,-0.468249461491005
-1.96419228111693,-1.52869521027633,-0.488053421003861
-2.05684510101063,-1.58288163625809,-0.497404985437574
-2.14511963469929,-1.63086572386808,-0.494648065679222
-2.22817910516199,-1.67311813391542,-0.478608780689348
-2.30497385622731,-1.71040151355206,-0.448906678033231
-2.37434552002193,-1.74367776608585,-0.406246172186703
-2.43518634784144,-1.77394079801859,-0.352560317685621
-2.48661146654496,-1.80201676506957,-0.290892347884997
-2.52808409419872,-1.82840035027736,-0.224986073844587
-2.5594472959263,-1.85319005129153,-0.158682042495023
-2.58085496959763,-1.87614226941828,-0.0953075888899125
-2.59263998150351,-1.8968114428916,-0.0372458731248981
-2.59517519162627,-1.91471057080974,0.0142231884839324
-2.58877303212333,-1.92943314923228,0.058834116674023
-2.57364056691484,-1.94070806713094,0.0970998727417276
-2.54988328794632,-1.94839249134273,0.130041725390236
-2.51753786912909,-1.95242472959147,0.158962947070968
-2.47661529878903,-1.9527614973338,0.185293116635316
-2.42714279442555,-1.94931803347117,0.210486881871801
-2.36919968215731,-1.94192289076919,0.235937412537802
-2.30294725286989,-1.93029649481271,0.262862544156405
-2.22865366359821,-1.91406174842029,0.292138951454501
-2.14671310801143,-1.892792372572,0.324092759510568
-2.05765554171414,-1.86609681348224,0.358295584908248
-1.96214117046236,-1.83372175278891,0.393447141220937
-1.86093459611295,-1.79564451677199,0.427427398261869
-1.75485803127137,-1.75211817229875,0.457557428408884
-1.64472989857092,-1.70364522640764,0.481027776221846
-1.53130226252914,-1.65088461431731,0.495376880728866
-1.41521215277069,-1.5945250204083,0.498877325861768
-1.29695744269161,-1.5351688205921,0.490731673349857
-1.17689956522181,-1.47325997182416,0.471062966211717
-1.05528555373003,-1.4090645206692,0.440756726007463
-0.9322777502882,-1.34269276541453,0.401240504932955
-0.807980243309979,-1.27414399707939,0.35427457569979
-0.682455012238733,-1.20335656431614,0.301793928269211
-0.555727176654131,-1.13025420578872,0.245808722651586
-0.427782798483756,-1.05478513309583,0.188346903336482
-0.298566486485813,-0.976954140594269,0.131411638444585
-0.167987991448392,-0.896849892785758,0.0769251090364783
-0.0359463686071522,-0.814666333460416,0.0266362569143997
0.0976227459736454,-0.730715683343338,-0.0180162851497921
0.232678500616316,-0.645427465069136,-0.0560748053861803
0.368996425194456,-0.559327728538608,-0.0872305892787092
0.506102960078147,-0.472995658117468,-0.111932029853321
0.643250977654625,-0.387002565903701,-0.131370423631811
0.779457605016758,-0.301846917473141,-0.147305756583536
0.913605045573865,-0.217904975547255,-0.161748840687742
1.04457882696541,-0.135413418011382,-0.176577233999814
1.17139961592766,-0.0544877753491411,-0.193194583530193
1.29330916986837,0.0248329473272289,-0.212324683985498
1.40979262946261,0.102533849864112,-0.23397330815939
1.52054550831899,0.178581600116505,-0.257528533977182
1.6254095616634,0.252902546263869,-0.281934873444742
1.72430283492108,0.325384064820515,-0.305875917176982
1.81716097846725,0.395895693165436,-0.327922860016886
1.90389692042493,0.464323394342104,-0.346635500638478
1.98437822007351,0.530608720650478,-0.360626362256846
2.05841780134883,0.594783494010569,-0.368612596909562
2.12577483165654,0.656990041942295,-0.36948348129496
2.18616395479574,0.717477433852404,-0.362403343076843
2.23927428226149,0.776567881571173,-0.346952063674147
2.28479873652713,0.834594678184411,-0.323280184171433
2.32247393461462,0.891824468538112,-0.292231163996864
2.35212510169485,0.948386629276318,-0.255370477434173
2.37370838883464,1.00423660839591,-0.214873800279163
2.38734133693317,1.05917071048762,-0.173267909903816
2.393315626302,1.11288884121512,-0.133075036031656
2.39209074141339,1.16507864157864,-0.096454288538302
2.38427093236473,1.21548436933959,-0.0649355649561981
2.37056722484228,1.26393321354913,-0.0392999682341317
2.35174670932653,1.3103152346978,-0.0196025450959862
2.3285713712296,1.35453378308394,-0.00529054543630109
2.30173241549085,1.39645167553853,0.00464073173556412
2.27178852576443,1.43585289297193,0.0114980736497367
2.23911706881866,1.47242777700007,0.0167655721160989
2.20388537460432,1.50577916792995,0.0220020881257656
2.16604575585874,1.53544147126522,0.0287444859697932
2.12535548082324,1.56090533859331,0.0383962260267569
2.08142006737502,1.58164440566081,0.052086914125365
2.03375638976055,1.59714564344431,0.0705043922662712
1.98186905646376,1.60694756374945,0.0937247282793994
1.92532901802347,1.61068832175344,0.121089488153038
1.86383952079732,1.60815897018655,0.151190300891898
1.79727383802204,1.59934858518046,0.182003811996647
1.72567496347777,1.58446396013693,0.21117328374287
1.64921903854546,1.56391168203973,0.236374968351257
1.56815689867314,1.53824386229652,0.255670604276036
1.48275344401658,1.50808200625115,0.267754844304321
1.39324170167986,1.47404041353172,0.27205283917371
1.29979904537857,1.43666741395362,0.268679708753688
1.2025431920617,1.39641333629792,0.258311517486639
1.10154138831555,1.35362584557603,0.242026160680065
0.996825085828311,1.30856657934113,0.221158265386135
0.888405868705901,1.26144153246484,0.197188756845444
0.776291726591522,1.21243745168362,0.17166754592938
0.66050594286783,1.16175771553014,0.146152834784549
0.541111672886435,1.10965145495319,0.122144313975725
0.418244054240929,1.05642997170646,0.100990356233977
0.292147818907016,1.00246485932285,0.0837607056036575
0.163213151810922,0.948164496141415,0.071094901138241
0.0319977319668757,0.893930433258859,0.0630586989208062
-0.100778341425043,0.840102510176875,0.0590578944420839
-0.234273055264398,0.786908305195013,0.0578599613103298
-0.367595229747364,0.734434756565117,0.0577506095540201
-0.499892751931972,0.682634062870421,0.0568081458811963
-0.630431416390614,0.63136322148088,0.0532321698426053
-0.75864259733739,0.580443765189852,0.0456400536619195
-0.88413079477269,0.529721556561826,0.0332586821801458
-1.00664744897162,0.479109849184006,0.0159816855773052
-1.12604704232723,0.4286078639901,-0.00569044270653941
-1.24224247631304,0.378296331637475,-0.030780418034441
-1.35517179623584,0.328316920326729,-0.0579831021247604
-1.46478047467461,0.278843103728048,-0.0857965812961201
-1.5710178060632,0.230048749754526,-0.112620738090836
-1.67384138352453,0.182078560487006,-0.136828924048037
-1.77322202346074,0.135023615144927,-0.156831736348458
-1.86914128288419,0.0889053616067005,-0.171156590222638
-1.96157537078708,0.043672050574213,-0.178562070190834
-2.0504633074753,-0.000788414316277715,-0.178191662655692
-2.13566352101071,-0.0446173786757236,-0.169748582822038
-2.21691045990776,-0.0879393660310171,-0.153647196663521
-2.29378799910021,-0.130811511801978,-0.131078312202216
-2.36573664606726,-0.173184918879807,-0.103930722132601
-2.43210091616148,-0.21489409811409,-0.0745492416370851
-2.49220753895052,-0.255681396522965,-0.0453712796214783
-2.5454511180672,-0.29524847206875,-0.0185386005480979
-2.59135986160895,-0.333315119629915,0.00440621398909481
-2.62962479332555,-0.369664702753471,0.0226677744688461
-2.66009031243362,-0.40416433744123,0.0361849588078616
-2.68271774940409,-0.436760135502714,0.0455051736963875
-2.69753580190643,-0.467455560287998,0.0516125017530285
-2.70459032325994,-0.496282873250225,0.0557626421756802
-2.70390053237158,-0.523275353587822,0.0593484244751201
-2.69542519041196,-0.548444872032603,0.0637918698431776
-2.67904276081726,-0.571767613534178,0.0704418241267895
-2.654550495307,-0.593180083476069,0.0804531644631811
-2.62168914621806,-0.61258754872053,0.0946344263948351
-2.58019743493682,-0.629885971826432,0.113273093623736
-2.5298939506133,-0.644995676379694,0.135976112776019
-2.47076996823585,-0.657899523629786,0.16158591471294
-2.40306650785193,-0.668673788417288,0.188233814832841
-2.32730252078225,-0.677497934934603,0.213560567874903
-2.24423520457122,-0.684635506667005,0.235073543189141
-2.15475795389877,-0.690389482980817,0.250549307425402
-2.05976891793102,-0.695047130048258,0.258366861985159
-1.96005183718484,-0.698832928054616,0.257686793209137
-1.85620206116646,-0.70188332148805,0.248456951510507
-1.74860684539293,-0.70424630597488,0.231286339268233
-1.6374689177748,-0.705899999771731,0.207257621052712
-1.52285443795639,-0.706781133494292,0.177742531375543
-1.4047466756939,-0.706814924494979,0.144258110476485
-1.28309476267777,-0.705941234117658,0.108373196954161
-1.15785411867788,-0.704134711672582,0.0716535596756329
-1.02902040194747,-0.701418379960579,0.0356232536288922
-0.896659697016398,-0.697870102317019,0.00171785037772609
-0.760937238372014,-0.693621642912731,-0.0287892004628055
-0.622142144664697,-0.68884923517248,-0.0548939456014272
-0.480702621940273,-0.68375600883675,-0.0759922512649467
-0.337183255061661,-0.678548439242189,-0.0920023973869867
-0.192257946266773,-0.673412059772576,-0.103434323389863
-0.0466583883661687,-0.668493439837855,-0.111360360927835
0.0988921665511264,-0.663895079264762,-0.117265529334887
0.243742642280033,-0.659685629075926,-0.12279710825281
0.387357602031714,-0.655921994423933,-0.129474330054659
0.529330405698636,-0.652675755002754,-0.138436156097973
0.669367805944632,-0.650055808229853,-0.150287578992247
0.807256955138421,-0.648222528729967,-0.16506388735092
0.942828507156251,-0.647392786763522,-0.182291233078673
1.0759263623256,-0.647837803769686,-0.201099239570081
1.20638887226414,-0.649876025078447,-0.220341375673982
1.33404062199884,-0.653861453697195,-0.238694195736409
1.4586902481473,-0.660165954361721,-0.254727371660229
1.58012758924357,-0.669152409302518,-0.266955279879106
1.69811320793758,-0.681135573414273,-0.273894037283225
1.81235500780083,-0.696329611032228,-0.274152876180914
1.92247080691551,-0.71478611714713,-0.266582539899939
2.02794334723065,-0.736333836143114,-0.250482427495232
2.12808303144914,-0.760538350877755,-0.225832007482425
2.22202083953005,-0.786702220070242,-0.19347088070823
2.30875178526746,-0.813917452183412,-0.155130549347286
2.38723276512089,-0.841162160696896,-0.113248924101058
2.45651366594017,-0.867411544848393,-0.0705817436165387
2.51586125584914,-0.891724723611448,-0.0297225832646158
2.56483751407617,-0.913281863354135,0.0073111611586788
2.60331650972807,-0.931372177227688,0.0393085460250934
2.63145015251815,-0.945355183399521,0.0658869283634811
2.64960552301682,-0.954622984902915,0.08736283844848
2.65829416385631,-0.958582451646435,0.104559814196514
2.65810303341294,-0.956661583808992,0.118622928001048
2.64963062947899,-0.948333944466149,0.130869685984391
2.63342891648748,-0.933150561110375,0.142669998330173
2.6099564378563,-0.910771240020085,0.155327564724935
2.57955277761203,-0.880992047888139,0.169934858916884
2.54244642221574,-0.843769546734987,0.187192394048654
2.49880346958752,-0.799242547483922,0.207214570655318
2.44881145258233,-0.747747932237649,0.229377817393893
2.39277602733258,-0.689821767238001,0.252284373563399
2.33119463909098,-0.626174569072442,0.273898473274103
2.26477387501885,-0.557635486858278,0.291856428059439
2.19437758339465,-0.485072720352694,0.303879581714293
2.12092324655021,-0.409309963915283,0.308170946182334
2.04526481881372,-0.331061767616328,0.303684148863795
1.96810141769704,-0.250902518095964,0.290212226917502
1.8899327111861,-0.169269198350397,0.268315459158656
1.81106087650809,-0.0864867933127637,0.239153750140634
1.73162529289465,-0.00280141953078898,0.204296147795624
1.65165407204733,0.0815905096248863,0.165558878358326
1.57112117622624,0.166522258747616,0.124892485440326
1.49000461109167,0.251844377658221,0.0843120356669393
1.40834559944742,0.337413468709615,0.0458471568513426
1.32630860214849,0.423073136244337,0.0114812281622462
1.24423814308471,0.50861875124682,-0.0169490601157127
1.16270048748159,0.593742037393292,-0.0379107370160602
1.08249154886479,0.677960436024929,-0.0503822191193153
1.00458955150434,0.760548062207037,-0.0540740810965089
0.930039720559829,0.840495746186657,-0.0495949552849718
0.859779356115255,0.916529525125514,-0.0384834995208423
0.794438952072181,0.987203797388513,-0.023052994169341
0.734174372706159,1.0510592515847,-0.00605730545379606
0.678582205589324,1.10680892177492,0.00974174982833932
0.626723395430069,1.15350328610499,0.0219858675105705
0.577244100442933,1.19063464767459,0.0290056038305755
0.528555318084607,1.21816418880015,0.0299315207059517
0.479024828528113,1.23647921347773,0.0246470345431886
0.42714336831779,1.24630291080194,0.0136404254815979
0.371642961722257,1.24858322775348,-0.00217640444501103
0.311559908749256,1.24438270430548,-0.021628585377037
0.246245644999162,1.234784859617,-0.0433889965315982
0.17533394593155,1.22082464899503,-0.0660347705867353
0.098676299563664,1.20344531025134,-0.0880652581318889
0.0162598615289364,1.18347949697619,-0.107910100044163
-0.0718748961092134,1.16164817319686,-0.123961580664898
-0.165697294530532,1.13856795121834,-0.134662826342193
-0.265210870138695,1.11475597243822,-0.138671092583543
-0.37042443113476,1.09062366632413,-0.135091877824998
-0.481266776299141,1.06645735924845,-0.123746159678969
-0.597461046997206,1.04239237662557,-0.105397102833316
-0.718397276990813,1.01839551786714,-0.0818402855579105
-0.843057534612079,0.994271460111225,-0.0557737907586199
-0.970043128888106,0.969700767369313,-0.0304248862113176
-1.09771924835755,0.944302995637635,-0.00900508152592308
-1.22444011619047,0.917706629301955,0.00585152924097834
-1.34877807153991,0.88960594138931,0.0124956711323429
-1.46968070251395,0.859793125924032,0.0104133470451838
-1.58651949203093,0.828164828901528,0.000127577678654345
-1.6990424762225,0.794709033687036,-0.0170538335952136
-1.8072726879547,0.759479484038272,-0.0393263275301802
-1.91139478444392,0.722562648188733,-0.064625416669992
-2.01165629430715,0.684040555527374,-0.0907781568853885
-2.10829034303727,0.643952315005972,-0.11558166854655
-2.20145524471873,0.602259282048252,-0.136849605851556
-2.2911830397527,0.558821849466347,-0.152477423155885
-2.37733362496876,0.513398897135937,-0.160570857070408
-2.459560147143,0.465681492732582,-0.159659479920252
-2.53729991534644,0.415367220057751,-0.148977969094762
-2.60980774792844,0.362268270155316,-0.128746886700795
-2.67624081890812,0.306427012426693,-0.100340572877599
-2.73578362647603,0.248195904090293,-0.0662241985838802
-2.78777777570559,0.188239237773495,-0.0296032301865459
-2.83181101747588,0.127441080924326,0.00615264805778487
-2.86773264805075,0.0667473478644518,0.0381353140116895
-2.89559681321432,0.00700137198694248,0.0643677044967625
-2.91556485327326,-0.0511698572709192,0.0839891807325971
-2.92780835188886,-0.107393646747453,0.0971599271396426
-2.93244304257337,-0.16152498549023,0.104788071505244
-2.92950375811387,-0.213585856184577,0.108210352250048
-2.91895444084267,-0.26369958422098,0.108924480881611
-2.90072037506195,-0.312036759882943,0.108417056294843
-2.87472938579295,-0.358776022924483,0.108084481316834
-2.84095172645409,-0.404074648446446,0.109216593970208
-2.79943167775038,-0.448041370827582,0.113001855254292
-2.75030662303383,-0.490706178069462,0.120513710458487
-2.69380922049489,-0.531987123784115,0.132646797362907
-2.63025175169925,-0.571661643317991,0.149989259196923
-2.55999270208631,-0.609356018092768,0.172644133291325
-2.48339262930467,-0.644568814492012,0.200046253014069
-2.40077030670503,-0.676737004672861,0.230849355099202
-2.31237513784861,-0.705337591758315,0.26296157327093
-2.21838626563338,-0.729997614704525,0.293769003106721
-2.11893970835207,-0.750575359782851,0.320513449836716
-2.01417180433952,-0.76718388198318,0.340718806236268
-1.90426141061009,-0.780152285616263,0.352536976957883
-1.78945743999817,-0.789945445005373,0.354924689506334
-1.67008617023463,-0.797073539189968,0.347637828099918
-1.54654277638707,-0.80201806780139,0.331094719529201
-1.41927339732392,-0.805186615524378,0.30618549646144
-1.28875415012435,-0.80689629843017,0.274094803062873
-1.15546964686754,-0.807378435193184,0.236177161786039
-1.01989016249816,-0.806794987742056,0.193895555207754
-0.882446172524043,-0.805259176622773,0.148812651558792
-0.74349866339888,-0.802854416477423,0.102610631188779
-0.603307403579364,-0.799648453187273,0.057108384356764
-0.462003192888828,-0.795700797531755,0.0142412892044251
-0.319575446278456,-0.791062869610165,-0.024030034256707
-0.175889997166134,-0.785771080214005,-0.0559061900297332
-0.0307510399631764,-0.779834504864216,-0.0800311582658037
0.115989769896561,-0.773219070023524,-0.0958285485057921
0.264294383563702,-0.765833616041285,-0.103796406055353
0.413813893929335,-0.75752449811936,-0.10562592972101
0.563837167437001,-0.748085758328201,-0.104027447378491
0.713353443498273,-0.737287335236523,-0.102247411979605
0.861218348498521,-0.724915233558692,-0.103406545838385
1.00635833283693,-0.710809826692662,-0.109885925608963
1.14793286165064,-0.694888954776474,-0.122959317643116
1.28540604045229,-0.677149927169611,-0.142738681854162
1.41853040162005,-0.657653651266791,-0.168362879450466
1.54727851680199,-0.636498157285099,-0.198295181297101
1.6717622732749,-0.613787855963427,-0.230609926861172
1.79216515617062,-0.589601473224501,-0.263203215646817
1.90869464016181,-0.563959192097401,-0.293917867156375
2.02154921615911,-0.536790210399877,-0.320610925152766
2.1308895844244,-0.507905583971451,-0.341210476874047
2.23680409391466,-0.476986252164575,-0.353810028392254
2.33926505394214,-0.443600561781102,-0.356834454490797
2.43808070245445,-0.407264581079693,-0.349280474455984
2.53285793938598,-0.367548724578106,-0.330989352145283
2.62299661061929,-0.324213748823777,-0.30286217874858
2.70773302882096,-0.277334960585542,-0.26690504555161
2.78623413935584,-0.227360980503533,-0.226021995352687
2.85771923182499,-0.175068964222907,-0.183564072340755
2.92156871037502,-0.121421585197505,-0.142753604534326
2.97738301351385,-0.0673774732628383,-0.106164818978565
3.02497809702483,-0.0137245676348423,-0.0754116502991468
3.06433291779674,0.0390145345281661,-0.0510938115736274
3.09551855173198,0.0905957344139289,-0.0329490946945947
3.11863648898769,0.141007080864666,-0.0201064979870178
3.13378137140121,0.190395422238136,-0.0113390053511514
3.14102913312603,0.238991922057095,-0.00525276495916469
3.14044440616611,0.28704911910565,-0.000393279385525733
3.13209798335234,0.334790830505864,0.00471682472634693
3.11608556727416,0.382370149659568,0.0115735701970284
3.09254133953096,0.429830426506173,0.0216776093577973
3.06164200844893,0.477068249444087,0.0364686579768885
3.02359971334393,0.523804364060858,0.0571789593848974
2.97864551039596,0.569575455740285,0.0846019182941938
2.92701007551206,0.613762844522822,0.118811405165545
2.86891194528758,0.655668399692836,0.15891282667444
2.80456318023933,0.694630908675936,0.202938209696792
2.73419538092089,0.730152732485079,0.247984735781945
2.65809602713313,0.761990780841263,0.290621494530525
2.57663548543119,0.790173313020944,0.327474409313024
2.49026804003088,0.814936247114405,0.355809002020296
2.39950428163841,0.836609783317914,0.37392848546947
2.30486720663496,0.855503460223097,0.381295159897684
2.20684898737306,0.87182724566844,0.378404418138061
2.10587898758929,0.885661336336129,0.366520238777929
2.00230291795695,0.896966226149548,0.347390499835507
1.89636718950241,0.905616564010821,0.323020067420113
1.78820124001666,0.911443982547091,0.295524899773872
1.67779564526781,0.914280185668026,0.267047004220121
1.56498108630864,0.913996704336565,0.239686491664698
1.44942048032049,0.910539819317041,0.215402784559828
1.3306317063878,0.903958438234448,0.195850333640034
1.20805741897054,0.894420205344014,0.182143936891401
1.08118664055105,0.882208360619005,0.174592096974341
0.949710898663438,0.867692945981879,0.172483358981514
0.813670383349082,0.851276646721979,0.174036414731136
0.673529354060563,0.83332702394587,0.176600284143094
0.530134754014117,0.814117869527464,0.177104845568608
0.384559079661913,0.793803161734759,0.172647587687901
0.237882999841262,0.772433915972165,0.161030197804497
0.0909987539592735,0.750009016818077,0.141081716839325
-0.0555040540702434,0.726538085316677,0.112707888503779
-0.201353911205673,0.702094515117677,0.0767187548423921
-0.346537257659936,0.676846072252302,0.0345465390208165
-0.491201881004553,0.651060065014973,-0.0120386002487343
-0.635557670185819,0.625086704224172,-0.0611487756995254
-0.779794161313061,0.599325685317685,-0.110914550144353
-0.924020202259135,0.574180311405484,-0.159549583972495
-1.06822272030765,0.550003521946122,-0.205371990101552
-1.21223816775803,0.527040331685394,-0.246813786157725
-1.3557322155736,0.505373978583184,-0.282445220056904
-1.49818711583125,0.484885770767195,-0.311030958793327
-1.63890080607645,0.465240657698044,-0.331621163950961
-1.7770041834116,0.445908904878009,-0.343663495515089
-1.91150216030802,0.426227556674627,-0.347106094800604
-2.04133861214209,0.40549366529189,-0.342453087801336
-2.16547760455896,0.383068951763944,-0.330739867919653
-2.28298533979934,0.358468581192355,-0.31341648207494
-2.39309545539146,0.33141060390891,-0.292157225043118
-2.49524381485601,0.301816030345227,-0.268639432607556
-2.58906857295673,0.269766672285159,-0.244343182092833
-2.6743809520764,0.235440209087098,-0.22041268043835
-2.75111951572274,0.199044987905617,-0.197596383866369
-2.81930175000448,0.160771342495835,-0.176257605688609
-2.87898311342174,0.120766587939033,-0.156430426717836
-2.93022894242596,0.0791323444660411,-0.137891140462839
-2.97309770561629,0.0359378722604691,-0.12022142515219
-3.00763161621742,-0.00875782390712547,-0.102851721901991
-3.03384892692938,-0.0548811049150998,-0.0850869521506767
-3.05173427934505,-0.102320132636979,-0.0661284451064873
-3.06122748455175,-0.150905580789751,-0.0451132727809502
-3.0622148643917,-0.200398430726218,-0.0211929725932147
-3.05453182283381,-0.250488043187447,0.00633434584949977
-3.03798674151564,-0.300803618268951,0.0378428745273972
-3.01241204302919,-0.35094037037373,0.0731803362812964
-2.9777383437288,-0.400497673516144,0.111510534595029
-2.93407389744803,-0.449120974725308,0.151269217152373
-2.88176054889287,-0.496535195795311,0.190287325576675
-2.82137839274083,-0.542558179089697,0.22608264933299
-2.75368908070477,-0.587089924909814,0.256252651054957
-2.67953245594109,-0.630083310704579,0.278855697476898
-2.59971076660034,-0.67150899548113,0.29267466759611
-2.51489584250416,-0.711327200451789,0.297311299947349
-2.42557915997169,-0.749473423391683,0.293126766981459
-2.33206535679083,-0.785858760322473,0.281087796611651
-2.23449505993709,-0.820381258149372,0.262584545093799
-2.13288139247584,-0.852943935743152,0.239266735426645
-2.02714761181261,-0.883476048339304,0.212915594174519
-1.91716251572787,-0.911953567648808,0.185345363108006
-1.80277544324674,-0.938415970600489,0.158314560998463
-1.68385779651397,-0.962974858662999,0.133425759465273
-1.56035554360845,-0.985809553659527,0.112000933103282
-1.4323526228023,-1.00714606220202,0.0949366412137675
-1.30013567902444,-1.02721916566394,0.082564950307858
-1.16424144285472,-1.04622350600167,0.0745647415660493
-1.02546469193613,-1.06426653306164,0.0699724585797616
-0.884811536187486,-1.08133938463274,0.0673216003742844
-0.743402170610702,-1.0973187964561,0.0648980353960234
-0.602348056925779,-1.11200148194129,0.0610515014808652
-0.462641365541593,-1.12516035149803,0.0544793576710158
-0.325087939929692,-1.13660366874129,0.0444116167237519
-0.190295881174986,-1.14622012172969,0.0306679434890012
-0.0587104840056241,-1.15400012566744,0.013602585967106
0.0693255949636933,-1.16003283448215,-0.00601909415418839
0.193509158674823,-1.16448271241106,-0.0271648534207242
0.313525792377792,-1.16755172994629,-0.0486655719313012
0.429019229459392,-1.16943142295936,-0.0693148892436114
0.539581849127755,-1.17024839517525,-0.0879392254101509
0.644763890486262,-1.17000729949986,-0.103450012360391
0.744097745556507,-1.16853792387783,-0.114893940013853
0.837133532538395,-1.1654563352016,-0.121513963141677
0.923481963730673,-1.16015208163037,-0.122824744966061
1.0028599558447,-1.15181189010406,-0.118693714021697
1.07513354377276,-1.13948328576837,-0.10940743367031
1.14035220273403,-1.12217045739633,-0.0956979178392045
1.19876986040407,-1.09894436213652,-0.0787086046575263
1.25084921062727,-1.06904297042108,-0.0598941570581607
1.29724930717098,-1.03194204156622,-0.0408669027051504
1.3387975730839,-0.98738642121359,-0.0232177151806751
1.37644867102901,-0.935384520352254,-0.0083449557401486
1.411233280479,-0.876177242485905,0.00267976000420475
1.44420028418102,-0.810194618957326,0.00919255901755303
1.47635691493418,-0.738010536694938,0.0109629515242408
1.50861237883135,-0.660301249838663,0.00817305693765905
1.54172956157605,-0.577809017481379,0.00136436889351904
1.57628882447892,-0.49131088476942,-0.00863473126368208
1.61266547238626,-0.401592185639049,-0.0207917798098466
1.65102122413184,-0.309425222238677,-0.0339593096746324
1.69130923933973,-0.215554218328477,-0.0469693205502156
1.73329204129432,-0.120687795182195,-0.0587323446129867
1.77657178430477,-0.025499785332844,-0.0683371055289595
1.82063139672883,0.0693620365502023,-0.0751412732867784
1.86488325692963,0.163261468491526,-0.0788382984253448
1.90871961736994,0.255557732284326,-0.0794829852684864
1.95155621147344,0.345593152072068,-0.0774623696037905
1.99286064689656,0.432690119744347,-0.0734096843484844
2.03215943350693,0.516160818053439,-0.0680750328155343
2.0690239585839,0.595329703436139,-0.0621806977162859
2.10304166874871,0.669564854567831,-0.0562947973540537
2.13378328225503,0.738311776790024,-0.0507509557621996
2.16077702827785,0.801122996204498,-0.0456263883555435
2.18349741815317,0.857678641099305,-0.0407734200259105
2.20137065208891,0.907795975066714,-0.0358870439510239
2.2137939911474,0.951428290550584,-0.0305870520191501
2.2201640876982,0.988655169680285,-0.0244964397945094
2.21990788943224,1.01966626126545,-0.01730464930911
2.21251144444661,1.04474092039356,-0.0088112201659373
2.19754251160643,1.0642254570077,0.00104957072006215
2.17466486137664,1.07850984774244,0.0121999944691485
2.14364338811878,1.08800580978531,0.0244225047955814
2.10434055845978,1.09312830189946,0.0373727737988594
2.0567061842058,1.09428250129546,0.0506001095729794
2.00076296354917,1.0918574290974,0.0635738819847388
1.93659144769584,1.08622661041498,0.0757147482138843
1.86431772690543,1.07775465967545,0.0864291775276266
1.78410611432435,1.06680733311396,0.0951452687861418
1.69615813013998,1.05376207864426,0.101347504528626
1.60071750447094,1.03901613113309,0.104608129019182
1.4980792881531,1.02298971826262,0.104613345456847
1.38860119300207,1.00612349794885,0.101183488709969
1.27271438105505,0.988870014949853,0.0942872928434703
1.15093179110314,0.971680162435922,0.0840511855229653
1.02385203409079,0.954985810962491,0.0707647665479573
0.892157455493665,0.939180166470176,0.0548832337341768
0.756604754236232,0.924597312864485,0.0370263863998941
0.618007122553563,0.911492964760951,0.0179721989589589
0.477207406789417,0.900028737834886,-0.00135899852237456
0.335043821449927,0.890262976795346,-0.019935367798445
0.192312341884804,0.882150848183429,-0.0366657192141871
0.0497334349225545,0.875555609812387,-0.0504777152927755
-0.0920671559446979,0.870270291873213,-0.0604220666186637
-0.232554599147267,0.866046055546026,-0.0657941536707865
-0.371254744572909,0.862620490280873,-0.0662534999321698
-0.507703701398654,0.859738915981239,-0.0619117130523304
-0.641393757303756,0.85716396905821,-0.0533565755090482
-0.771737537132892,0.854674259772024,-0.0415892799158589
-0.898067940470519,0.852057677764117,-0.0278740734977065
-1.01967767191445,0.849107079856079,-0.0135280469283817
-1.1358854075064,0.845623695316482,0.000299367834724451
-1.2461046497382,0.841427937045331,0.0128039670503001
-1.34989234779891,0.836372424467402,0.0236248156151208
-1.44696474022503,0.830349841200055,0.032853818409195
-1.53718154458552,0.823290350128129,0.0409724179263105
-1.62050883906151,0.815147334431298,0.048742666294504
-1.69697346749784,0.805874423824874,0.0570779377854296
-1.7666196422102,0.795399889502451,0.0669091890390633
-1.82947400688537,0.783605578946346,0.0790538381312247
-1.88552242952479,0.770317299605108,0.0940914508658501
-1.93470018618682,0.755311444449107,0.112254412819445
-1.9768960701185,0.738338623951747,0.133349194653609
-2.0119702491419,0.719160166769748,0.15672856753603
-2.03978276405617,0.697588290807121,0.181331152512207
-2.06022724894634,0.673518786022028,0.20579043649506
-2.07326205499082,0.646946852985031,0.228595563089941
-2.07893093161254,0.617962282699871,0.248270260125142
-2.07736905939959,0.586727163697973,0.263532405499861
-2.06879399070757,0.553443853807486,0.273405997773337
-2.05348573149438,0.518322340209139,0.277274274657426
-2.03176143975979,0.481553842525688,0.274878958915869
-2.00395176310387,0.443294526089179,0.2662811555002
-1.97038187495406,0.403659341894744,0.251802133249085
-1.93136034584106,0.362724589047646,0.231960164957825
-1.88717454452487,0.320536391400649,0.207414098691614
-1.83809137324578,0.277122754675321,0.178918877166712
-1.78436075324524,0.232507184789785,0.147293266481107
-1.72621992757517,0.186722482532964,0.113396717352009
-1.66389665654601,0.139823541394904,0.0781103543083015
-1.59761117919464,0.091898163947281,0.0423167735898243
-1.52757655224754,0.0430745831892727,0.00687398334897749
-1.45399895549325,-0.00647570035686604,-0.0274191617937323
-1.37707836317833,-0.0565412289537402,-0.059866273139857
-1.2970129241993,-0.106880883030636,-0.0899222104277317
-1.21400693599674,-0.157241077047005,-0.11724079844083
-1.12828373551083,-0.207378079109834,-0.141711785206001
-1.04010104878907,-0.257081915263585,-0.163475587354493
-0.949765640536185,-0.306197018190038,-0.18290515982314
-0.857641843910008,-0.354634553170612,-0.200548691797563
-0.76414947507949,-0.402372856136092,-0.217035082020289
-0.669749310656619,-0.449445465996561,-0.23295447927055
-0.574918181825666,-0.495919824493045,-0.248734796098309
-0.480119533167359,-0.541872659539288,-0.264537923533691
-0.385776290937135,-0.587368921690178,-0.280194340823034
-0.292251131996692,-0.632449775845022,-0.295184169171637
-0.199836029363379,-0.677132512798463,-0.308661783083688
-0.10874995729968,-0.721422223675461,-0.319514845956428
-0.0191428470117291,-0.7653329324327,-0.326449262371646
0.0688949601824459,-0.808914365979343,-0.328096910320011
0.155316315018839,-0.852279545475286,-0.323148569627851
0.240091086598376,-0.895627569136711,-0.310514823149343
0.323168435268152,-0.939255223672859,-0.28950883838879
0.404430014548708,-0.983551765778385,-0.260026885680696
0.483643102631882,-1.02897349412045,-0.222681014319891
0.560428273558232,-1.07599949735164,-0.178826879544781
0.634256078521913,-1.12507441885633,-0.130443164959672
0.704478672284444,-1.17654557164892,-0.079863059685204
0.77038848597505,-1.23059803813085,-0.0294171132397984
0.831285617610522,-1.287185372439,0.0189122646553481
0.886536524352249,-1.34595369032505,0.063728153038647
0.935617408086544,-1.40616961564094,0.104298362345827
0.978146003800023,-1.46668337091684,0.140486957495722
1.01390594720067,-1.52596945616119,0.172591089083969
1.04285980399743,-1.58226894217326,0.201148018838388
1.06514123095189,-1.63380983541,0.226764373773834
1.08102225698966,-1.67903603794661,0.249995806187709
1.09086372015182,-1.71676758958207,0.271281977798424
1.09506456180408,-1.74625265153274,0.290925936882682
1.09402199504964,-1.76712263527418,0.30910001508306
1.08810654143194,-1.77929486492657,0.325861227799197
1.07764897256319,-1.78286853631072,0.34116407193429
1.06293481166919,-1.77804360087209,0.354865023448213
1.04420397737002,-1.7650732835615,0.366719048747845
1.02165521438896,-1.74424705547392,0.37637304180691
0.995456168096445,-1.7158944915831,0.383363977908171
0.965758683120291,-1.68039759643296,0.387129710255475
0.932717819194089,-1.63820154382357,0.387038171672495
0.896510361805839,-1.58981531771663,0.382435521472458
0.857348435845251,-1.53579894806058,0.372708070396037
0.815484921072704,-1.47673884549953,0.357348114743653
0.771209205551141,-1.41321548922551,0.336011868940965
0.724835109643295,-1.34577042490623,0.308560032242105
0.676684398424059,-1.27487832864587,0.275076358476488
0.627070405584339,-1.20092879586467,0.235865752052835
0.576284728434383,-1.12421825462057,0.191437695479005
0.524588791071919,-1.04495169476632,0.142483301056905
0.472210515464451,-0.963251953259928,0.0898537020431903
0.419344163346234,-0.879173248076687,0.034544719793937
0.366152217875888,-0.792718370246618,-0.0223105065971936
0.31276748762361,-0.703858239679855,-0.0794438109239908
0.259294388737252,-0.612553695111484,-0.135456290679178
0.205810731653099,-0.518781553577465,-0.18883537822476
0.152371351063007,-0.42256497402019,-0.237998573531919
0.0990167885968036,-0.32400792357303,-0.281377717632134
0.0457896252740708,-0.2233294137662,-0.317552484238036
-0.00724024808434674,-0.120889672131383,-0.345428641455515
-0.0599434849452678,-0.017197165570524,-0.36443502180892
-0.112098721378414,0.087114124420437,-0.374688089044704
-0.163369618176204,0.191341042178367,-0.377057703328565
-0.213301683910452,0.2947930181405,-0.37307849022221
-0.261343873143615,0.396878162026564,-0.364696215669754
-0.306891023650847,0.497166537319961,-0.353903165806595
-0.34933557543619,0.595408762134222,-0.342365150788776
-0.38811602560187,0.691502289824722,-0.331144316239873
-0.422755476841267,0.785413381139998,-0.320575917833664
-0.452891165507803,0.877075186225094,-0.310295160542578
-0.478297966846704,0.966291774252289,-0.299367764470617
-0.498903023640374,1.0526839850512,-0.286469913644282
-0.514780776387267,1.13570866483503,-0.270080810901207
-0.526117927471842,1.21475719335214,-0.248674678384008
-0.533151021700127,1.2892972592003,-0.220913887893766
-0.53609611324569,1.35899280757734,-0.185845789677474
-0.535094555060803,1.42374703729155,-0.143093742357315
-0.530189009661597,1.48365647655572,-0.0930127313366556
-0.521330467815252,1.53890592125499,-0.0367617927432589
-0.508410316807686,1.58965185385638,0.0237541514858685
-0.491309156445335,1.63593596009178,0.0860898216189119
-0.469950980950969,1.67765180045013,0.147576759061347
-0.444348323726598,1.71456605928831,0.205671420580948
-0.414625679147505,1.74637750313451,0.258244442227404
-0.381016650900799,1.77278796348565,0.303752008103016
-0.343840346715157,1.7935620110732,0.34127857151468
-0.303468420171498,1.80856130063017,0.370479061656021
-0.260293966448192,1.81775149225504,0.39146547769015
-0.214708675060135,1.82118724750607,0.404679647121072
-0.167089325024187,1.81898437974896,0.410780431795001
-0.117791067982424,1.81128716476175,0.41055777822647
-0.067143989776306,1.79823722247422,0.404873157694191
-0.0154501530956834,1.77994773203661,0.394617742462743
0.0370199883019669,1.75648619931801,0.380677003014913
0.090031347278693,1.72786829740243,0.363892045905578
0.143386524791367,1.69406443025398,0.345012750725348
0.196924562909215,1.65501990402663,0.32464420591177
0.250514242895618,1.61068694687625,0.303193890333013
0.304041037939866,1.56106382858168,0.280831101072127
0.357388579308076,1.50623361435249,0.257470991172071
0.410417827287738,1.44639415668234,0.232792879039491
0.462948887806142,1.38187006773016,0.206296299058184
0.514751200330252,1.31310188731285,0.177390772845085
0.565546220086837,1.24061153853675,0.145507189883064
0.615023236115257,1.1649506051259,0.110213321730335
0.662864297270595,1.08664169896131,0.0713139441587619
0.708772003047044,1.00612752232214,0.0289198923077827
0.752492577197339,0.923737459453885,-0.0165221388104621
0.793830213059726,0.839678221982541,-0.0642374734217206
0.832650686774933,0.754046484263008,-0.113160130593037
0.868876061701486,0.666858615207262,-0.16198647029367
0.902473127804041,0.578090681620879,-0.209236443054249
0.933437937166813,0.487723003471994,-0.253319166957444
0.961777774483585,0.395785290986583,-0.292606625736229
0.987490790562855,0.302399040479542,-0.325524221301358
1.01054383450036,0.207813285964908,-0.350666986331402
1.03085034870582,0.112427575754352,-0.366943123412285
1.04825166016709,0.0167945610201063,-0.373731479697523
1.06250786883157,-0.0784043361472338,-0.371020440757957
1.07330445016645,-0.172410785309771,-0.359480419877951
1.08027786649917,-0.264459861329354,-0.340423257700577
1.0830575138901,-0.353850083246916,-0.315628072842935
1.08131405405938,-0.439991088106032,-0.287059442148605
1.07480121751757,-0.522413558049642,-0.256549204607959
1.06338073597972,-0.600740091313452,-0.225530554334435
1.0470280261172,-0.674629449297603,-0.194891201450398
1.02582373315994,-0.743712766645243,-0.164964298806495
0.999939720393617,-0.807538134561685,-0.135629183447543
0.969625110744237,-0.865533344305727,-0.106469581127641
0.935192007360353,-0.916991888589739,-0.0769387708935322
0.896993617860122,-0.961087146119066,-0.0464993753975755
0.855384264024875,-0.996924555340435,-0.0147271347735438
0.810652972213378,-1.0236465146596,0.0186161477935468
0.762934237065357,-1.04060288687981,0.0535293180651052
0.712119473902385,-1.04757966257913,0.0897313494731751
0.65781337954124,-1.04503636180414,0.126638327657173
0.599380968490547,-1.03425468435125,0.163374482047983
0.536097662434723,-1.01729048405987,0.19883488842728
0.46735668580835,-0.996686581387327,0.231800915196658
0.39284811737607,-0.975024829845685,0.261083050757201
0.312639379847538,-0.954486369023045,0.285650075677346
0.227144764801312,-0.936575036496378,0.304711933374263
0.137024005643772,-0.922059057103652,0.317748171425012
0.0430644631610383,-0.911083279901651,0.324495141133101
-0.053915443085673,-0.90335985114358,0.324912503897404
-0.153128804748755,-0.898358310365735,0.319145514210528
-0.2538527411277,-0.89545325921834,0.307492000489217
-0.355440843645556,-0.894019948969689,0.290376858175873
-0.457324829408272,-0.893485855626122,0.26833350469585
-0.559011679749267,-0.89335190918285,0.241990325575394
-0.660079517516852,-0.893195775585109,0.212059512793804
-0.760173336228946,-0.892666437690414,0.17932554236124
-0.859000286201713,-0.891475912408439,0.144630468487921
-0.956323521760777,-0.889391500133708,0.10885345562574
-1.05195339756112,-0.886230225305657,0.072882584059236
-1.14573471329478,-0.881855643748126,0.037578117559549
-1.23752965672346,-0.876176725362479,0.003728433468775
-1.32719698201526,-0.869147660461024,-0.0279976700327293
-1.414569468887,-0.860767166420228,-0.057095745591855
-1.49943312193107,-0.851075834747747,-0.0832587679960337
-1.58151204159369,-0.84015024375545,-0.106389170805654
-1.66046308686195,-0.82809381966795,-0.126582668603466
-1.73588268624003,-0.815025571345505,-0.144081867614698
-1.80732456617313,-0.801068580587083,-0.159204775118058
-1.87432527629575,-0.786341376777376,-0.172260197336683
-1.93643121204289,-0.770954428148707,-0.183465821383087
-1.99322045991285,-0.755012900190504,-0.192884087206422
-2.04431456557224,-0.738625491500722,-0.200386228832713
-2.08937790735868,-0.72191783038917,-0.20564829536281
-2.12810477014698,-0.70504797694019,-0.208177239712606
-2.16019754669197,-0.688221615948961,-0.20736210070855
-2.18533957031289,-0.67170370324006,-0.202544564673506
-2.20316789125835,-0.655823164167919,-0.193103776205842
-2.21325189392102,-0.640966430369606,-0.178550027661917
-2.21508431411414,-0.627554951578485,-0.158619730501332
-2.20809062108047,-0.616001688876591,-0.133359948018416
-2.191663915891,-0.606644043365915,-0.103186866978746
-2.16522677708975,-0.599654294697187,-0.0689014823769963
-2.12831883240016,-0.594937354628486,-0.031650916171108
-2.08069950241263,-0.5920361822944,0.00716518860017357
-2.02244643266998,-0.590076319770268,0.0460296653217512
-1.95402113668303,-0.587784679181418,0.0834592678020334
-1.87627109141727,-0.583605215332594,0.118143511722714
-1.79034978181038,-0.575902379090271,0.149046397032674
-1.69756407460822,-0.56320349305589,0.175457442600169
-1.59919058374296,-0.544407604754386,0.196991796419375
-1.4963184129326,-0.518899696487377,0.213550712632849
-1.38976227233377,-0.486550168170634,0.225260091452077
-1.2800566475196,-0.447624073024888,0.232404773569766
-1.16751113499291,-0.402648171382192,0.235371298083133
-1.05229333758405,-0.352280478184999,0.234604634546756
-0.934510643132542,-0.297208749033407,0.230578179657003
-0.814274400271507,-0.238085138291905,0.223772381742074
-0.691741610624695,-0.175492372027572,0.214656129323835
-0.567136510845407,-0.109932792058803,0.203666071378381
-0.440756291009516,-0.041832121178567,0.191181189732354
-0.312965775390004,0.0284476244953676,0.177493136963901
-0.184184600821311,0.100589721001405,0.162775913710985
-0.0548698100577027,0.174301448591348,0.147061281244465
0.0745038890453876,0.249292668819061,0.130227893642935
0.203464098647143,0.325257517755247,0.112011917230097
0.331559029748391,0.401862667936523,0.0920440546937958
0.45837239044783,0.47874474518182,0.0699124231373449
0.583533533315778,0.555517586886338,0.0452439257333966
0.706722169705672,0.63178736102731,0.017790775016112
0.827667962031476,0.707171633320526,-0.0124934760217054
0.946146028226214,0.781317603174888,-0.0454015754721554
1.06197029039888,0.853916048963746,-0.0804506053375492
1.17498651877769,0.9247094444165,-0.116889720839305
1.28506616396963,0.993494622852784,-0.153731539504471
1.39210167096435,1.06012203131107,-0.189799638385168
1.49600209991227,1.1244929605658,-0.223786756299349
1.59668753727317,1.18655558416666,-0.254322456138276
1.69408007579705,1.24629892258066,-0.280052792678342
1.7880892866645,1.30374240923804,-0.299735788414978
1.87859168486535,1.35891848882011,-0.312353696570695
1.96540584978896,1.41184655468676,-0.317235381249719
2.04826858471295,1.4624998768327,-0.314170968960137
2.12681947970281,1.51077095256477,-0.303489653070639
2.20060316069835,1.55644582806672,-0.286067181931791
2.26909324943921,1.59919774150411,-0.263238337306895
2.33173708361194,1.63860798074732,-0.236615028211083
2.3880098097685,1.67421133123605,-0.207843793512394
2.43746296327476,1.70555456734825,-0.178362248135992
2.47975349800984,1.73225061853896,-0.149216134124023
2.51464707408271,1.75401382332872,-0.120975279945217
2.54199879668259,1.77067025673533,-0.0937509817893353
2.56172005418816,1.78214562204592,-0.0672877891427423
2.57374224199694,1.78843902569826,-0.0410908408760509
2.57798566338252,1.78959135448882,-0.014554971149687
2.57433758682492,1.78565395177713,0.012924150974524
2.56264299047621,1.77666194921342,0.0418622445801298
2.54270792147305,1.76261327134559,0.0726181349827922
2.51431716938143,1.74345566235384,0.105338413544173
2.47726480460387,1.71908293476894,0.139911363391404
2.43139633347708,1.68934320235646,0.175932594557543
2.37665684776059,1.65405966398975,0.212690950830045
2.31313633686777,1.61306162745029,0.249186177009733
2.24110264347916,1.56622051965714,0.284187328474525
2.16101303557103,1.51348233313032,0.31633235978786
2.07350075326307,1.4548884629035,0.344257460582075
1.97933914773751,1.39058006595393,0.366734157772233
1.87939180831567,1.32078665529519,0.382788080198569
1.77455886546481,1.24580423988127,0.391777750520032
1.66572918283223,1.16597123204807,0.393423417781414
1.55374306752336,1.08164824312719,0.387789109344727
1.43936692296643,0.993205068265807,0.375231344339728
1.32327809163496,0.901014253528776,0.356331842691748
1.20605807929016,0.805449149215743,0.331829973780554
1.0881917861304,0.706883468429168,0.302565177830231
0.970071944068447,0.605690983063687,0.26943370374611
0.852008286757109,0.502245202691253,0.23335887128811
0.734240807168257,0.396919686697374,0.195270643885475
0.616956694546099,0.290090304421069,0.156088875478559
0.500309749937507,0.182140187393152,0.11670444356291
0.384440470028187,0.0734672100228942,0.0779536853732363
0.26949447144148,-0.035507333977488,0.0405839546572782
0.155636667366428,-0.144331334697178,0.00521157067203867
0.0430585113598906,-0.252519018130075,-0.0277225722025894
-0.068023335480375,-0.359555581026134,-0.0579906782307822
-0.177377024893899,-0.464911043161376,-0.0855979832383373
-0.284772630114059,-0.568062759046359,-0.110775114587948
-0.390002747562534,-0.66852340098828,-0.133937825099919
-0.492902005980802,-0.765869250016912,-0.155616548093912
-0.593361006169177,-0.859762922835161,-0.176365913538686
-0.691331321941917,-0.949965465930637,-0.196669357992524
-0.786820850815643,-1.03633617921944,-0.216854674182724
-0.879880329632405,-1.11882045024167,-0.237032363917349
-0.970584006887689,-1.19742934834809,-0.257062742372475
-1.05900766102535,-1.27221528680821,-0.276551890483004
-1.14520661097672,-1.34324751371114,-0.294873178709035
-1.22919547784455,-1.41058975704137,-0.311210739179945
-1.31093101765554,-1.47428103767507,-0.324623106379395
-1.39029980503667,-1.53432024733753,-0.334127375372162
-1.46711251295177,-1.59065441215313,-0.338804041347308
-1.54110798697923,-1.64317247513408,-0.337918946170948
-1.61196970014309,-1.69170708582044,-0.331050357940676
-1.67935440382806,-1.73604639972027,-0.318198487980107
-1.74292995982911,-1.77595690109538,-0.29984704966059
-1.80241374880452,-1.81121404876975,-0.276947949343832
-1.85760110834259,-1.84163351950059,-0.250815724207281
-1.90837529155886,-1.86709428965707,-0.222945202816678
-1.95469651982036,-1.88754650133055,-0.194792837080039
-1.99657472389849,-1.9030016956952,-0.167575344996431
-2.03403714179118,-1.91351034210651,-0.142131593294635
-2.06710059226945,-1.91913379451674,-0.118869182610915
-2.09575629058556,-1.91991900460488,-0.0977899137419769
-2.11996861127488,-1.91588093301919,-0.07856956544318
-2.13968596912223,-1.90699474228448,-0.0606624666634898
-2.1548594061135,-1.89319727190127,-0.0434069106594627
-2.16546440023929,-1.87439685326628,-0.0261176130440868
-2.17152109159869,-1.85049012794929,-0.00816073972593349
-2.17310924073496,-1.82138535879858,0.0109872182173585
-2.17037408585505,-1.78703071196777,0.0316937631586935
-2.16352064624845,-1.74744509652585,0.0541362216099411
-2.15279536282916,-1.70274697515495,0.0782799513592832
-2.13845679050838,-1.65317516354774,0.103871855920272
-2.12074002712349,-1.59909531537259,0.130452489640353
-2.09982212662286,-1.54098771828545,0.157388311118831
-2.07579695936299,-1.47941634167765,0.183922468083573
-2.04866620537262,-1.41498397104196,0.209239041350314
-2.01834906421285,-1.34828227673749,0.232533135266732
-1.98470839806973,-1.27984726182334,0.253078311920733
-1.94758647844484,-1.21012851133285,0.270283645821094
-1.90684144798973,-1.13947631205645,0.283734854784043
-1.86237652751961,-1.06814580171267,0.29321705673188
-1.81415693561717,-0.996313495131309,0.29872000180181
-1.76221283036486,-0.924099743363858,0.300429246258308
-1.70663008572902,-0.851591496229773,0.298708068180123
-1.64753196310712,-0.778861307111804,0.294074291771949
-1.58505580156455,-0.70598102312022,0.287174099178662
-1.51932861864004,-0.633030326492432,0.278751842198673
-1.45044556804135,-0.56010145448908,0.269612069176277
-1.37845501366506,-0.487301582430774,0.260568483647685
-1.30335430668044,-0.414754107886202,0.252375580436991
-1.22509956756784,-0.342599176187559,0.245642754055318
-1.14363115651303,-0.270993006303694,0.240737897474298
-1.05891334339992,-0.200105098742133,0.237696586973501
-0.970981282705692,-0.13011228283211,0.23616070104635
-0.879984228063185,-0.061189574244434,0.235372768398093
-0.786210959340624,0.00650104693784651,0.234244726665857
-0.690086724561943,0.0728214607997454,0.231501674277203
-0.59213864946069,0.137665059137656,0.225876993538095
-0.492938046882752,0.20095910427478,0.216315874181369
-0.393036072868805,0.26266126755014,0.202139632957619
-0.292910577524304,0.322751350005575,0.183136717990867
-0.192935906282261,0.381219991410242,0.159570759078915
-0.0933782577100241,0.43805626957833,0.1321194064158
0.00558883262297424,0.493235585350987,0.101770142608405
0.103857613127252,0.546708879481766,0.0696992507701104
0.201355933954013,0.598394586710418,0.0371520487962479
0.298019385800888,0.648174236481591,0.00533241034898477
0.393768493257843,0.695894133952806,-0.0246966087168764
0.488492078966541,0.741374178062862,-0.0521008767765745
0.582037189398746,0.784424471169269,-0.0763484693051475
0.674206169374567,0.824868623035482,-0.0972593750977533
0.764760870470266,0.862569224066839,-0.115019118053087
0.853433129095821,0.897449114959653,-0.1301449526946
0.939941187097518,0.929503702332723,-0.143401405665007
1.02400748974309,0.958797928232811,-0.155674647086992
1.10537588208759,0.985449798797619,-0.167828677472649
1.18382359121867,1.0096034838994,-0.180572817684381
1.25916661997307,1.03139997210476,-0.194367054653067
1.33125896111588,1.05095292417122,-0.209379727447558
1.39998757673201,1.0683346333468,-0.225496668117981
1.46526517736093,1.08357285831064,-0.242368504461288
1.52702406463255,1.09665751239848,-0.259477459651526
1.58521128887437,1.10755298586552,-0.276205853779841
1.63978592827118,1.11621318864477,-0.291894174367612
1.69071766161167,1.12259665047134,-0.305883163352036
1.73798507792463,1.12667994874723,-0.317540151536794
1.78157297736598,1.12846917559725,-0.326273995334872
1.82146718580962,1.12800876408435,-0.331544875879843
1.8576469569201,1.12538757646569,-0.332875601497358
1.89007526661578,1.12074137301107,-0.329869898133871
1.91868853674612,1.11425065972005,-0.322240584438181
1.94338865727809,1.10613325494055,-0.309846863218333
1.96403984126458,1.09663113469611,-0.292735281593188
1.9804733801177,1.0859930277529,-0.271174781890952
1.99250101438597,1.07445536726881,-0.245673699111746
1.99993562434202,1.06222569128973,-0.216967730440776
2.00261534915863,1.04947261624248,-0.18597327895452
2.00042558639354,1.03632494710196,-0.153709181075854
1.99331366161915,1.02287981208343,-0.121198716271625
1.98129304437502,1.00921686695943,-0.0893692681716915
1.96443702143333,0.995413916650014,-0.0589667165587535
1.94286449570763,0.981559443700912,-0.0304959627194291
1.91672148614982,0.967758884585238,-0.00419081605655788
1.88616210845611,0.9541337302186,0.0199904024130008
1.85133150294185,0.940813945080719,0.042350138328414
1.81235265965813,0.927925106637702,0.0634227609806776
1.76931885205013,0.915571665549779,0.0839318177566751
1.72229429577536,0.903817764382504,0.104728216177739
1.67132619045874,0.892667202851736,0.126701203807764
1.61647112081563,0.88204507396687,0.15065642703328
1.55783605009856,0.871784865610608,0.177165047902717
1.49562855074629,0.861625854229099,0.206404319467985
1.43020374805262,0.851225252108164,0.238028230239756
1.36209000415022,0.840186574973623,0.271116886498299
1.29197701239566,0.828100561718732,0.304243923034064
1.22066044057208,0.814589421483998,0.335668010906281
1.14895402311902,0.799342962277532,0.363608527627926
1.07759402994469,0.782138140970526,0.38653072994689
1.0071634907091,0.762840135205635,0.403363254510967
0.93805374375456,0.741389734074694,0.413601530678048
0.870464898517089,0.717784941607744,0.417294772943823
0.804434500801046,0.692064154701569,0.414948054880548
0.739879202491858,0.664295243074076,0.407382765327676
0.676636817071409,0.634571464660383,0.395591968349076
0.614501909702726,0.603012667122114,0.380612373626052
0.553253317872149,0.569768852836492,0.363420908717116
0.49267525755551,0.535023002999199,0.344855865962059
0.43257419576659,0.498990233608508,0.325560143690347
0.372793273052066,0.4619117771047,0.30594581319851
0.313224068132287,0.424043209879588,0.286181290736817
0.253814568720786,0.38563833132903,0.266203534555767
0.194571293246289,0.3469309991769,0.245755532958283
0.135554482362398,0.308118422625888,0.224445478137772
0.0768665408154233,0.269349071222335,0.201819177782488
0.0186356251056255,0.230717359432243,0.17743425481442
-0.0390025135554397,0.192265781090419,0.150924905325765
-0.0959212156349202,0.153993432551144,0.122049135337636
-0.152015690771549,0.115868804199218,0.0907153735041375
-0.207210766130149,0.0778438216253865,0.056989669839804
-0.261463933187262,0.0398668613444917,0.0210882133508641
-0.314764371774258,0.00189227486224028,-0.0166395969962747
-0.367128702361479,-0.0361146178233948,-0.0557322661491567
-0.418593975143122,-0.0741769324987393,-0.0956371589628661
-0.469209099259025,-0.112309427374489,-0.135728821221232
-0.519027147554625,-0.150525174069962,-0.175324690421207
-0.568095957196547,-0.188844480208028,-0.213699242933876
-0.61644797063215,-0.227304705231853,-0.250098896093885
-0.664088712767626,-0.265968846701837,-0.283760675851664
-0.710985413659658,-0.304931252693797,-0.313938314091361
-0.757057333986045,-0.344318622620168,-0.339938676998546
-0.802170279430382,-0.384284853091835,-0.361169644448929
-0.846137954660054,-0.42499895839023,-0.377197265848308
-0.888732851761909,-0.46662672267696,-0.387805820321535
-0.929707441801529,-0.50930814989015,-0.393049466701614
-0.968824049212148,-0.553134428297925,-0.393280723357475
-1.00588860458389,-0.598129090073562,-0.389140870671057
-1.0407807140738,-0.644237703805809,-0.381502481327595
-1.07347225060689,-0.69132882336182,-0.37136516479829
-1.10402895572432,-0.739205793183715,-0.359719202722367
-1.13259465083284,-0.787625694024542,-0.347403072132884
-1.15936305359683,-0.83631914393136,-0.334984279540258
-1.18454582736537,-0.88500417860417,-0.322686586559647
-1.20834553242849,-0.933389236074846,-0.310373477330518
-1.23093901633291,-0.981164007256124,-0.297583892084474
-1.25247248207229,-1.02798176240085,-0.283607466203512
-1.27306544252769,-1.07344068508484,-0.267584553510109
-1.29281906022519,-1.11707440932285,-0.248619341947861
-1.31182449765454,-1.1583601285429,-0.225898397219044
-1.33016825921597,-1.19674830404785,-0.198808526999343
-1.34793328490163,-1.23171108204623,-0.167045523956649
-1.36519532499711,-1.26279937838616,-0.130700152573796
-1.38201494462347,-1.28969508690871,-0.090302797688044
-1.39842626666161,-1.31224479791489,-0.0468081619115245
-1.41442485250331,-1.33046563313015,-0.00150981245173556
-1.42995841687858,-1.34452109166038,0.0441084922676168
-1.44492433263772,-1.35467333061741,0.0885574917331099
-1.45917578324892,-1.36122459413614,0.130522105820645
-1.47253548444852,-1.36446270693703,0.168995738237376
-1.48481295208025,-1.36462211092292,0.203344505230576
-1.49582047278489,-1.36186536710851,0.233299657706369
-1.50538404455805,-1.35628329954364,0.258896003942399
-1.51334801054611,-1.34790797223889,0.280383326936198
-1.51957415511952,-1.33673167022379,0.298136126665594
-1.52393740310028,-1.32272653982327,0.312578752153183
-1.52632039229451,-1.30586164933339,0.324133148827051
-1.5266088175839,-1.28611624375337,0.333188586196129
-1.52468872928113,-1.26348918305109,0.340088101034962
-1.52044625160334,-1.23800503353604,0.345124751651556
-1.51376953894166,-1.20971722117338,0.348541239407704
-1.50455267712932,-1.17870871193118,0.350528245470843
-1.49270041067771,-1.145090054586,0.351219002259546
-1.47813306693512,-1.10899514215722,0.350680213261936
-1.46079043949761,-1.07057474811696,0.348901496405672
-1.44063383806358,-1.02998849680825,0.345787168743501
-1.41764580761966,-0.987396094855566,0.341154728626845
-1.39182736221655,-0.942949214626386,0.334743657156128
-1.36319321453858,-0.896784903037241,0.32623623206201
-1.33176591005321,-0.849021518472755,0.315289402347856
-1.29756976087203,-0.799757299372134,0.301574115107269
-1.26062586246892,-0.749071382967302,0.284816929514355
-1.22094885706847,-0.697026376288175,0.264838450216099
-1.17854605663147,-0.64367161153782,0.241584407781217
-1.13341864169547,-0.589046032937942,0.215147161601128
-1.08556520800014,-0.533180557984861,0.185777697995678
-1.03498713844581,-0.476099876103644,0.153889370103268
-0.981695603829753,-0.41782439000468,0.120054810640747
-0.925719660251755,-0.358373247979777,0.0849962074352962
-0.867115171633836,-0.297769772485524,0.0495670867611539
-0.805972661367882,-0.236049782600278,0.0147212331862888
-0.742423372420562,-0.173273425742697,-0.0185369290223221
-0.676639392527704,-0.109538798718593,-0.0492258158362301
-0.60882844748319,-0.0449958947954861,-0.0764850186574582
-0.539219933906536,0.0201438337009738,-0.099691780416826
-0.468044192403227,0.0856066350587945,-0.118577457872196
-0.395507817351251,0.151068375783877,-0.133314831416718
-0.321771231817762,0.216179852845586,-0.144542444846006
-0.246936345208273,0.28060137686747,-0.153300526214993
-0.171049123383116,0.344037884898914,-0.160875979771317
-0.0941176053341441,0.40626444256385,-0.168585017407941
-0.0161390798721466,0.467134521947634,-0.1775457913664
0.0628728406005357,0.526569915428317,-0.188497179880936
0.142870036451319,0.584536810824237,-0.201701102742585
0.223764993072467,0.641016309482718,-0.216935690364248
0.305438908042848,0.69597685478377,-0.233560828934539
0.387759138083772,0.749353840748422,-0.2506261712323
0.470601076390534,0.801038611943403,-0.266994339667712
0.553869518004331,0.850877211557606,-0.281462580491453
0.63751485242191,0.898678348614097,-0.292876966649269
0.721539594549237,0.944229497783254,-0.300239358019934
0.805991476045881,0.987319508022635,-0.302807129294043
0.890941098466507,1.02776466897076,-0.300180205679726
0.976445760018003,1.06543354557392,-0.292362768750143
1.06250563709625,1.1002643604794,-0.279782598791599
1.14902311470531,1.13226955934077,-0.263253856970226
1.23577717959962,1.16152479732835,-0.243880047071315
1.32242178297944,1.18814470702639,-0.222910099978375
1.40851003219387,1.2122527363808,-0.201574923541528
1.49353746378146,1.23395415581777,-0.180937486826181
1.57699218427122,1.2533197090835,-0.161784111400172
1.65839883818801,1.27038250017188,-0.144570892844788
1.73734737198951,1.28514569276078,-0.129423547207398
1.81350367544057,1.29759553633665,-0.116177331586645
1.88660437390072,1.30771384295395,-0.104438895654604
1.95644107040435,1.31548601193474,-0.093653570227138
2.02283958006146,1.32090333070135,-0.0831672179021127
2.08563829328232,1.32396061311525,-0.0722785696355931
2.1446682133582,1.32465183799596,-0.0602837517161065
2.1997356369383,1.32296669788708,-0.0465181639690065
2.25060842078258,1.31889071258357,-0.03040154129178
2.29700687804275,1.31241009237728,-0.0114899160331859
2.33860147265975,1.30352098062163,0.010466189475702
2.37501985816562,1.29224074648603,0.0354637532112294
2.40586511356498,1.27861758520004,0.0632013184851725
2.43074542661977,1.2627344207591,0.0930603113492121
2.44931135208356,1.24470412151339,0.124127427332252
2.46129399543745,1.22465586968734,0.155265175778541
2.46653508743574,1.20271543960679,0.185226161869858
2.46500112792996,1.1789845252601,0.212794110467363
2.45677801583036,1.15352477564449,0.236925942614607
2.44204803108963,1.12635044218499,0.256868452860557
2.42105629883937,1.0974315497328,0.272230765500653
2.39407444374464,1.06670605681402,0.283006325167998
2.36136858908642,1.03409866974866,0.289550009082178
2.323175016849,0.999543136325574,0.292522452362427
2.27968377022636,0.96300505452881,0.292813580023338
2.23102876446093,0.92450235351986,0.291452578149259
2.17728319334725,0.884120462447854,0.289505907202955
2.11846068596922,0.842018926755488,0.287962254782154
2.05452415584362,0.798426176120602,0.287605940278535
1.98540579657317,0.753620639736153,0.288888741259991
1.91103868515253,0.707898577027227,0.291821396687643
1.83139842561533,0.66153399715559,0.295915479916765
1.74654606837322,0.61473960157112,0.300205679554309
1.6566608663323,0.567640241576928,0.303367619069463
1.56205024893195,0.520267430640975,0.303918085913517
1.46313136873234,0.472576981594424,0.300454829606999
1.36038765699879,0.424483276573518,0.291876848642959
1.25431200319086,0.375898030559712,0.277533209168642
1.14535150777513,0.326761445350702,0.257275282704746
1.03386640780125,0.277058551463185,0.231419454728569
0.920108456603732,0.226819479861579,0.200649619059012
0.804217745345733,0.176107097171089,0.165895234923616
0.686234585647457,0.124997731292163,0.128214417575587
0.566121663259374,0.0735601846800516,0.088698806669633
0.443792258072195,0.0218368384249063,0.0484047118692604
0.319142605355052,-0.0301703889852774,0.00830695469281568
0.192087510582482,-0.0825072937474287,-0.0307318988794539
0.0625968130181528,-0.135266458032076,-0.0679844059481305
-0.0692683366463197,-0.188576883653819,-0.102877819863588
-0.203323995172021,-0.242584078927033,-0.13501156604628
-0.339241831149707,-0.297422174695953,-0.164169951544764
-0.476543524328519,-0.35318234117581,-0.190324945632052
-0.614615691122245,-0.409883669106903,-0.21362306761707
-0.752745963641861,-0.467453983328577,-0.234352679485072
-0.890175029850328,-0.525726235620911,-0.252892327055693
-1.02615465259864,-0.58445257660108,-0.269646541089646
-1.15999910869023,-0.64333292000041,-0.284979787843222
-1.29112009827449,-0.702051108796537,-0.299160600476899
-1.41903929451783,-0.760309533831814,-0.312324823289587
-1.54338014514818,-0.817855142755735,-0.324461708096724
-1.66384464738058,-0.874492729900647,-0.335420493013499
-1.78018318293632,-0.930085334219382,-0.344931004881316
-1.89216561991792,-0.98454474982061,-0.352630508232342
-1.9995588481246,-1.03781600332331,-0.35808990041775
-2.10211330376638,-1.08985962554368,-0.360835040295205
-2.19955867458616,-1.14063461543062,-0.36036228479849
-2.29160657684748,-1.1900834164826,-0.356150396791032
-2.37795719094625,-1.23811928886981,-0.347673695862747
-2.45830726047912,-1.28461630173241,-0.334423119541012
-2.53235662074472,-1.3294019688727,-0.315941893183596
-2.59981229623644,-1.3722536741451,-0.291880451243956
-2.66039020620284,-1.41290063219009,-0.262070014332286
-2.71381593241767,-1.45103342978157,-0.226606188770657
-2.75982672771763,-1.48632223875758,-0.185924725618108
-2.79817702226941,-1.51844263054054,-0.14084488274285
-2.8286484232012,-1.54710488567333,-0.0925563491656506
-2.85106336317599,-1.57208043906445,-0.042536620372984
-2.86529907073484,-1.59321871190971,0.0075946200167688
-2.87129802050471,-1.61045049100272,0.056256578083083
-2.86907084625842,-1.62377792080181,0.102084146284003
-2.85868997380124,-1.63325515228629,0.144063272817523
-2.84027510299335,-1.63896548261025,0.181603185025603
-2.81397273943399,-1.64099939857008,0.214543242982005
-2.77993406821354,-1.63943633803393,0.243106734663262
-2.73829468735255,-1.63433045906158,0.267818975627282
-2.68915969163435,-1.62569996669273,0.28940420844071
-2.63259793509608,-1.61352032628529,0.308669926102667
-2.56864839845978,-1.59772258256135,0.326383223117057
-2.49734094649941,-1.57819933144075,0.343144790350808
-2.41873061902762,-1.55482045970825,0.359272023550258
-2.33294007328576,-1.52745862425105,0.374710466498864
-2.24020092173233,-1.4960213719339,0.388997370998052
-2.14088117935258,-1.46048251395269,0.401296800494132
-2.03548777984,-1.42090354183813,0.410510639531205
-1.92463991444838,-1.37743768006686,0.415447942775557
-1.80901893507271,-1.33031476056841,0.415015784627326
-1.68930748447968,-1.2798108976931,0.408387587644552
-1.56613405872762,-1.22621195538741,0.395114235192283
-1.44003595204312,-1.16978075605124,0.375163682757839
-1.31144493446551,-1.11073399917501,0.348895786022796
-1.18069480283303,-1.04923207076162,0.316993432495397
-1.04804340727335,-0.985379807680814,0.280374033705459
-0.913702974495697,-0.919236415176682,0.240101504906662
-0.777871520471901,-0.850830856015475,0.197310097861492
-0.640761354339978,-0.780180671843672,0.153143844589455
-0.502622127464642,-0.707312644939221,0.108709744257526
-0.36375723462818,-0.632284211353735,0.06504028669241
-0.224532665598638,-0.555203944305848,0.0230607798680224
-0.0853781574491821,-0.476249103768627,-0.0164412545434438
0.0532187058316507,-0.395678089700327,-0.0528447775152131
0.190724501408451,-0.313834697115007,-0.0857198185297171
0.326575998936851,-0.231142311859612,-0.114843931778652
0.460197266378221,-0.14808738923717,-0.140205986233806
0.591015462386659,-0.0651934963533752,-0.161993615378958
0.718473097677223,0.0170108999916399,-0.180562598644234
0.842035651455665,0.0980261307576278,-0.19638934055561
0.961194821335573,0.177411415559324,-0.210010904416032
1.07546848517099,0.254807355457552,-0.221959804143209
1.18439932696808,0.329948843655003,-0.232702252733663
1.28755460451338,0.402668932479264,-0.242587959004598
1.38452845603408,0.472895961836638,-0.251816666519334
1.47494875835716,0.540647300321663,-0.260422945675275
1.5584889178552,0.606022488820661,-0.268276964775409
1.63488482738997,0.669197439872829,-0.275097140324992
1.7039562101562,0.730419657453668,-0.280470851678324
1.76563030329878,0.79000283076637,-0.283881600242421
1.81996510202693,0.848318356734922,-0.28474407291527
1.86716766634953,0.905780956261615,-0.282450757065258
1.90760303656375,0.962826597144318,-0.276433951270247
1.9417887350336,1.01988222165865,-0.266243803687294
1.97037109423759,1.07732889462378,-0.25163667331815
1.99408260791324,1.13546244754837,-0.232659930115704
2.01368302009542,1.19445739737479,-0.209712132673906
2.02989208864817,1.25434104453509,-0.183555618549427
2.04332573622846,1.31498372288757,-0.15526508336245
2.05444880622634,1.37610850279199,-0.126111166510591
2.06355421308888,1.43731904891863,-0.0973978123622715
2.07077132666607,1.49813970789068,-0.0702881539673494
2.07609865234671,1.55805914223566,-0.0456581041976937
2.07944946288325,1.61656832832175,-0.0240073560453121
2.08069816741956,1.67318671633073,-0.00543893640499485
2.07971747820307,1.72747407066031,0.010300553179862
2.0764018504777,1.77902973258614,0.0237399577713226
2.07067685872442,1.82748314310238,0.0355845408517531
2.06249768973632,1.87248062933271,0.0466171524898963
2.05184075352144,1.91367268910614,0.057610422082556
2.03869243191257,1.95070499539831,0.069254109643264
2.0230380666816,1.98321491481095,0.0820977436631925
2.00485373292376,2.01083446031079,0.0965076436234915
1.98410188857442,2.03319889438191,0.11263840014353
1.96073154089571,2.04995978950797,0.13042061634352
1.93468249995717,2.06079998077825,0.149567508274098
1.90589204087371,2.06544734941955,0.169602145138158
1.87430231693862,2.06368494698285,0.189904294081321
1.83986603651853,2.05535519774935,0.209771863146664
1.80254906739373,2.04035799654648,0.22848842879751
1.76232943662766,2.01864382817774,0.245386716487249
1.71919332015619,1.9902040850015,0.259899041130539
1.67312983523638,1.95506147877358,0.27158930098352
1.62412614476199,1.91326236319227,0.280165618445036
1.57216450769992,1.86487241996837,0.285476788436036
1.5172218764379,1.80997591725838,0.287497943279024
1.45927145323146,1.74867770193962,0.286311019236874
1.39828574860348,1.68110775847855,0.282084402789954
1.33423971876505,1.60742747825431,0.275053866071237
1.26711272272963,1.52783705705492,0.265504755640474
1.19688930159904,1.44258445607222,0.253754055460618
1.12355822221824,1.35197463288551,0.24013015194246
1.04711104346316,1.25637837701358,0.224948947566151
0.967541864159024,1.15623898775388,0.208486586672598
0.884849385967854,1.05207349687738,0.19095123135381
0.799043001645103,0.94446626594605,0.172458881949122
0.710152645153884,0.834052734498529,0.153019415857574
0.61824139788612,0.721494050629146,0.132538697388637
0.523417549796564,0.607444899023623,0.110839687064792
0.425843469688137,0.492520520462077,0.0877014234333961
0.325737890416882,0.37726827297395,0.062909964582006
0.223370786045931,0.262149207319588,0.0363126529898401
0.119051426808083,0.147531964128905,0.00786656124682298
0.0131118499407226,0.0336983638093656,-0.0223259842931985
-0.0941111834054826,-0.0791422390963144,-0.0539985639924559
-0.202292920621549,-0.190833998868332,-0.0867190689002972
-0.311133868012588,-0.301254935923411,-0.119903753470714
-0.420368297998973,-0.410299536553802,-0.152844591681294
-0.529767390454637,-0.51786511497651,-0.184747818424071
-0.639136902651372,-0.623842351192722,-0.214782172401313
-0.748309388316882,-0.728109478884317,-0.242135428214437
-0.857131311386743,-0.830529239981068,-0.266076883715479
-0.965446062248749,-0.930947788434186,-0.28602128681879
-1.07307449652177,-1.02919459891421,-0.301586536035967
-1.1797962873692,-1.12508323542321,-0.312634941897025
-1.28533590858595,-1.21841271642786,-0.319287027763599
-1.38935725495857,-1.30896952395419,-0.321899801895072
-1.49146952744656,-1.39653028088061,-0.321008273075668
-1.59124411145678,-1.48086476845417,-0.317238135405351
-1.68823911616341,-1.56173885724392,-0.311205817389451
-1.78202594506312,-1.63891682859356,-0.303425837460723
-1.8722117551457,-1.7121625484738,-0.294242945578433
-1.95845358002462,-1.78123950671696,-0.283799126576229
-2.04046237103288,-1.84590980460138,-0.272036319534451
-2.11799790600953,-1.90593248316679,-0.258728345222389
-2.19085737667412,-1.96106192386815,-0.24353193266937
-2.25886079038471,-2.01104699203115,-0.226046778150112
-2.32183607233338,-2.05563173703812,-0.205876914074725
-2.37960607251988,-2.09455845444206,-0.182688480080521
-2.43197939778427,-2.1275740752579,-0.156261000485228
-2.47874568359691,-2.15443970399,-0.126529854469016
-2.51967646812088,-2.17494327850243,-0.0936172910612829
-2.55453173730282,-2.18891390770411,-0.0578485801204727
-2.58307138484519,-2.19623552567455,-0.0197498587790272
-2.60507034980387,-2.19685743238613,0.0199744531135498
-2.62033460730022,-2.190798907584,0.0604840934300743
-2.62871562323103,-2.17814686564167,0.100861163721369
-2.63012031604238,-2.15904638191557,0.140176870655625
-2.62451500944264,-2.13368593569713,0.177557889501192
-2.61192342344632,-2.10228045592541,0.212243875120337
-2.59241967029112,-2.0650551752359,0.243629944463244
-2.56611831941945,-2.02223295921998,0.271291316673759
-2.53316396135324,-1.97402687895613,0.294990612099589
-2.49372192077297,-1.92063835458487,0.31467056889904
-2.4479707339883,-1.86226004722745,0.330435713776378
-2.39609708818261,-1.79908275423748,0.34252611188051
-2.33829225731644,-1.73130439709739,0.351284871159285
-2.27475004553066,-1.65914001305495,0.357119881779328
-2.20566523517678,-1.58283077566251,0.360459487579715
-2.13123365762741,-1.50265143538458,0.361702713943054
-2.05165265101081,-1.41891366048841,0.361166311891058
-1.96712412531347,-1.33196547257983,0.359034530031439
-1.87785884356934,-1.24218506071812,0.355320088638789
-1.78408247381047,-1.14996999499701,0.349846893433346
-1.68604140860072,-1.05572270183763,0.34226329731838
-1.58400712051966,-0.959834992618186,0.332089746499725
-1.47827657831211,-0.8626740592904,0.318796225081341
-1.36916849837146,-0.764572964023882,0.301896727133466
-1.25701500017285,-0.665826539133761,0.281042303755421
-1.14215034727152,-0.566692652762964,0.256094550397646
-1.02489901190626,-0.467397384464218,0.227166975225675
-0.9055651563832,-0.368141958314751,0.194630194272151
-0.78442497583219,-0.2691094035908,0.159084884862373
-0.661722942689258,-0.170469778291277,0.121311454036488
-0.537671995403101,-0.0723834801839598,0.0822065162931765
-0.412457905897328,0.0249968043965513,0.0427148975652243
-0.286248139780468,0.121524464331769,0.00376335400287339
-0.1592047461046,0.217056685263153,-0.0338001284565982
-0.031500575526844,0.311450710789763,-0.0692585934752475
0.096662794979646,0.404558521810365,-0.102067041750308
0.225038550013938,0.496220274391815,-0.131878538684139
0.353322379899584,0.586257118930014,-0.158551594059968
0.481147615229457,0.674464918428494,-0.182136100300604
0.608089374224231,0.76060997289274,-0.202837692628772
0.733678044338484,0.844428324444931,-0.220964605636731
0.857420828467791,0.92562963077332,-0.236865214175924
0.978827981032573,1.00390542818524,-0.250866790593138
1.0974396029878,1.07894058246688,-0.26322579525949
1.21284929281857,1.15042644042604,-0.274097026853822
1.32472155442692,1.21807355459907,-0.28352403037383
1.43280154923196,1.28162249839227,-0.291448363926246
1.53691733949587,1.34085206477844,-0.297731927060713
1.63697542991376,1.39558443746034,-0.302185249657137
1.73295046453435,1.44568697897178,-0.304595408329043
1.82487154497616,1.49107182357319,-0.30474966282585
1.9128054734144,1.53169266682876,-0.302453057284251
1.99683866207368,1.56753959013858,-0.297540711636959
2.07705899031428,1.59863250426351,-0.289886793691482
2.15353866565452,1.62501380655757,-0.279412513260422
2.22631955296551,1.64674136587738,-0.266095017899378
2.29540222263392,1.66388289952926,-0.249977824913994
2.36073992843786,1.67651280032034,-0.231181858779305
2.42223811378192,1.68471189845047,-0.209914605398125
2.47975989017674,1.68857049204734,-0.186473928494579
2.53313645803066,1.68819346586952,-0.161242960460307
2.58218088402867,1.68370621837438,-0.134673612486231
2.62670337185473,1.67526007799798,-0.107258384201336
2.66652495099804,1.6630351125675,-0.0794926879885729
2.70148762529167,1.64723970210091,-0.0518322982422616
2.73145926472324,1.62810659135805,-0.0246518521474359
2.75633261037108,1.60588596970579,0.00178960983820435
2.77601893461122,1.58083668633139,0.0273711583290505
2.79043733196617,1.55321656352669,0.0521173138794502
2.79950163132055,1.52327284480945,0.0761886421253778
2.80310711959986,1.49123339287898,0.0998553674627802
2.80111894989239,1.45729871059623,0.123454804662542
2.79336583795099,1.42163571630499,0.147334718616171
2.77964019562077,1.38437308751543,0.171786610616986
2.75970781656123,1.34559965022258,0.196975920429834
2.73332658390555,1.30536616717969,0.222879344985888
2.70027246695042,1.26369113077112,0.24924188038439
2.66036871876704,1.22057029176805,0.275565855491602
2.61351116543544,1.17598809362766,0.301139600007984
2.55968344531297,1.12992856491344,0.325104962159292
2.49895797299616,1.08238287685778,0.346552758302195
2.43148298338758,1.03335187215217,0.364627481528455
2.35745870954317,0.982842814138281,0.378620163593114
2.27711105693176,0.93086260660968,0.388033013744907
2.19066824886774,0.877409564918683,0.392607859909541
2.09834640692035,0.822467102206374,0.392320270345842
2.0003451242621,0.766001183449255,0.387347720134133
1.89685218693727,0.707962647121766,0.378022893100019
1.78805517727013,0.648294530079417,0.364782258451292
1.67415555278337,0.586943149191864,0.348116729331463
1.55538356906986,0.523872227886376,0.328528434129965
1.43200962735922,0.459077773116092,0.306494488432331
1.30435240108545,0.392602683578033,0.282438321500262
1.17278008889118,0.32454815209583,0.256707986523129
1.03770663913021,0.255080541393741,0.229562381364326
0.899581724099179,0.184431353518606,0.20116594630661
0.758876218728838,0.112889447617259,0.1715929055787
0.616065811021363,0.040785930027995,0.140841573434295
0.471614355540239,-0.031526665075634,0.108857762682511
0.325960484093088,-0.103697516435265,0.0755654090134258
0.179508593200016,-0.175399239960688,0.0409009223779567
0.0326259841770597,-0.24634465196873,0.00484752773767279
-0.114354775537222,-0.316296470079583,-0.0325344202665626
-0.261129708818512,-0.385069613981694,-0.0710842814497778
-0.407416079592948,-0.45252748981709,-0.110527172580857
-0.552946047795951,-0.518573897939862,-0.150469792955545
-0.697462155103831,-0.583142598437515,-0.190405185923411
-0.840714779665338,-0.64618630550233,-0.229724865214095
-0.982460565010227,-0.707665920706104,-0.267736535541857
-1.12246216474915,-0.767541788032083,-0.303686638475926
-1.26048865691308,-0.825767224223834,-0.33678764342338
-1.3963154788681,-0.882284106269867,-0.36625071531854
-1.52972292302085,-0.937020395725281,-0.391324736977612
-1.66049093322687,-0.989888597182179,-0.411341675372271
-1.78839078856281,-1.04078592478739,-0.425767171788712
-1.91317301839276,-1.08959569842188,-0.434251911313653
-2.03455347638412,-1.13619043576051,-0.436676442207797
-2.15220107342492,-1.18043704748962,-0.433179541919007
-2.26573066963238,-1.22220361125456,-0.424159532859756
-2.37470483846961,-1.26136682566622,-0.410241059782609
-2.47864618135634,-1.2978186774225,-0.392206545863116
-2.57705978974545,-1.33147108770801,-0.370900770944424
-2.66946055404288,-1.36225683390247,-0.347124941167125
-2.7554002232215,-1.39012705553625,-0.321540872689591
-2.83448735160593,-1.41504552920765,-0.294603233541108
-2.90639676543977,-1.43698115568415,-0.26653040098768
-2.97086759722692,-1.4558998008893,-0.237314899294292
-3.02769193060508,-1.47175651197046,-0.206766754627916
-3.07669824993538,-1.48448917154702,-0.174579373525678
-3.11773398243169,-1.49401450827058,-0.140407424074639
-3.15065124209074,-1.50022769943832,-0.103948022821296
-3.17529870606045,-1.50300673323584,-0.0650181777665968
-3.19152230005422,-1.50222273934773,-0.0236218110371664
-3.19917438401386,-1.4977556987417,0.0200011882185132
-3.19813122100862,-1.48951421324891,0.0653520630423481
-3.18831446213034,-1.47745529310378,0.111683473788129
-3.16971281435315,-1.46160000157081,0.158045756992421
-3.14239753452266,-1.44204011805388,0.203364950170483
-3.1065282678547,-1.41893366888531,0.246540707875853
-3.06234709120972,-1.39248954048539,0.286546824050987
-3.01016237591744,-1.36294459645117,0.322516459031722
-2.95032640626965,-1.33053840472617,0.353798753940041
-2.88321252027543,-1.29549111132478,0.379981605951199
-2.80919533616843,-1.25798785460931,0.400883506716438
-2.72863810083791,-1.21817197903989,0.416523427082805
-2.64188697477351,-1.17614631596814,0.427079563469026
-2.54927183121007,-1.13198111037488,0.432846621168223
-2.45111130180635,-1.08572619274788,0.434197853683233
-2.3477200476654,-1.03742528706076,0.431554358237763
-2.23941603249444,-0.987130377812995,0.42536090479017
-2.12652638429135,-0.934914564931688,0.416065778123038
-2.0093906326606,-0.880881886995123,0.404101554641941
-1.88836099745702,-0.825172924055559,0.389864522760383
-1.76379940934737,-0.767965013597685,0.373691960529648
-1.63607185496714,-0.709466561494445,0.35583863198927
-1.50554092847342,-0.649905617632484,0.336455854075689
-1.37255759800287,-0.589513828422312,0.315577838177523
-1.23745360617573,-0.528507892179342,0.293120292709353
-1.10053604352319,-0.467071935452464,0.268895130304575
-0.962085170060306,-0.405343935774407,0.242642399871052
-0.822354802424183,-0.343408598236031,0.214076766186132
-0.681576709900208,-0.281298832648388,0.182943127891154
-0.53996644891144,-0.219004758097987,0.149072938110661
-0.397730060972191,-0.156488451695097,0.112433178462882
-0.25507000054248,-0.0937010743097556,0.0731615562237606
-0.112189175671525,-0.0305989777134491,0.0315847524052805
0.0307093185134859,0.0328450670471025,-0.0117807612034966
0.173427195339337,0.0966371738251239,-0.0562432078866342
0.315779982561494,0.160764591170067,-0.100962446752038
0.457604535613712,0.225202233069168,-0.144986037109695
0.598760854917058,0.289920916852124,-0.187293218729739
0.739129446083838,0.354896676973018,-0.226848854047022
0.878603500931447,0.420118973047554,-0.262668867497761
1.01707378930364,0.485594847305163,-0.293895978287319
1.15440421195008,0.551345200586324,-0.319879710356784
1.29040129927595,0.617392418273544,-0.340249992211642
1.42478324817299,0.683739877662958,-0.354968618324639
1.55715768447912,0.750347369688199,-0.364341978876577
1.68701583170686,0.817108186009516,-0.368982782498923
1.81374851433903,0.883835022517064,-0.369719839248231
1.93668213783535,0.950259638646112,-0.367469106749037
2.05512731739301,1.01604773142089,-0.363091631716949
2.16842802872429,1.08082524109357,-0.357268189243701
2.27600102596516,1.14420941824507,-0.350415097196719
2.37735737288858,1.2058360091191,-0.342652479263263
2.47210667979496,1.26537720391459,-0.333822558905958
2.5599470104923,1.32254723201145,-0.323545036446694
2.64064669742127,1.37709644616325,-0.311293219645085
2.71402428401565,1.42879729400883,-0.296476652399186
2.77993057886549,1.47742645811931,-0.278520803937179
2.83823481477654,1.52274756701581,-0.256939175809967
2.88881573850441,1.56449854156966,-0.231395991148969
2.93155725343182,1.60238649209231,-0.201757865234773
2.96634838324132,1.63609196410061,-0.168131445167099
2.99308695962702,1.6652824344425,-0.130882328095826
3.01168678391071,1.68963325575691,-0.0906303596438268
3.02208756296684,1.70885241928869,-0.0482185021414878
3.02426588668417,1.7227041761812,-0.00465666925427738
3.01824554657639,1.73102696117167,0.0389531103423927
3.00410484447074,1.73374213920429,0.0815000622482098
2.98197939125322,1.73085256396026,0.121945152876977
2.95205955356298,1.72243217638728,0.15938878671883
2.91458322140168,1.70860992959597,0.193119300998121
2.86982505668457,1.6895518987387,0.222640007555658
2.81808383480305,1.66544518341828,0.247676204777538
2.75966998902601,1.63648648754401,0.268166079425719
2.69489347456376,1.60287589700416,0.284240174768469
2.62405293886124,1.56481575498842,0.296193610456977
2.54742633003535,1.52251311084173,0.304453596041158
2.46526305415488,1.47618353905682,0.309542794297374
2.37777899851718,1.42605447649996,0.312037645973187
2.2851560214479,1.37236640902587,0.312520324847219
2.18754763842522,1.31537083378914,0.31152407382658
2.0850927087961,1.25532511808064,0.309474397589427
1.97793734762172,1.19248521719515,0.306632287958437
1.86626271520719,1.12709785011698,0.303049327392775
1.75031370670061,1.05939414932329,0.29854665930747
1.63042128983185,0.989586423118825,0.292728656808419
1.50701089637274,0.917868670975821,0.285036650581494
1.38059159375359,0.844420070460246,0.274838793230367
1.25172642569111,0.769409889999799,0.261541871097777
1.12098982343787,0.693001586456329,0.244703387085307
0.988922627897678,0.615354468901804,0.224121372952911
0.855995571568284,0.536622057013115,0.199885586594714
0.722589283387796,0.456947470211295,0.172384537621925
0.588993341347091,0.37645665610686,0.142273227074585
0.455422233225375,0.295250745127437,0.110413031052462
0.322043271254729,0.213399120938729,0.0777964769990974
0.189010381357095,0.130934866021269,0.0454669953625016
0.0564985493649149,0.0478547504035068,0.0144399189992247
-0.0752658398470286,-0.035874216210982,-0.0143720155443042
-0.205982627659399,-0.120299874048703,-0.0402260740814449
-0.335267085911838,-0.205461167219762,-0.0626059608306967
-0.462653398093976,-0.291357004316359,-0.0812611075714088
-0.58761348867116,-0.377911715754781,-0.0962212148502388
-0.709589590729649,-0.464943472237709,-0.107779514047022
-0.828035644940791,-0.552143273758335,-0.116442592163761
-0.942459645627123,-0.639071269263232,-0.122851607658175
-1.05245824400852,-0.725174256169725,-0.127687208106717
-1.15773572971109,-0.809822808817021,-0.131575363555976
-1.25810417185258,-0.892361649586284,-0.135011653164397
-1.35346606670434,-0.972162768896287,-0.138316509665788
-1.44378600333262,-1.04867067708433,-0.14162563275363
-1.52905900155851,-1.12143150988645,-0.144910911111104
-1.60928391309104,-1.19010349914259,-0.148021404005978
-1.68444579242517,-1.25445048985197,-0.150731759068235
-1.754509062089,-1.31432431461173,-0.152787494748885
-1.81941952431368,-1.36964202167718,-0.153940481636165
-1.87911259966263,-1.42036341256257,-0.15397237913694
-1.93352366035138,-1.46647134816186,-0.152707129763958
-1.98259878629437,-1.50795678631834,-0.150015780524973
-2.02630328189463,-1.54480785399054,-0.145817447087135
-2.06462748899417,-1.57700279368657,-0.1400799987357
-2.09758962214024,-1.60450634645412,-0.132822950840932
-2.12523524524049,-1.62726900288285,-0.124123530790236
-2.14763463942615,-1.64522980546972,-0.114125250782557
-2.16487810673863,-1.65832227411113,-0.103046594459392
-2.17707021211079,-1.66648330355934,-0.0911862779949054
-2.18432395852963,-1.66966425949835,-0.0789211621175004
-2.18675528435352,-1.66784248485002,-0.0666936042302178
-2.1844789272125,-1.66103171243796,-0.0549868745476181
-2.17760534961464,-1.64928911907791,-0.0442896933620319
-2.16623884447014,-1.63271782155055,-0.035053393871158
-2.15047663654232,-1.61146435984433,-0.0276468258877263
-2.13040833155574,-1.58571124082603,-0.0223144989685049
-2.10611545750153,-1.55566541658412,-0.0191426835984925
-2.07767119174616,-1.52154384496576,-0.0180367532460169
-2.04514092258742,-1.48355732854323,-0.0187117080344188
-2.0085841036632,-1.44189324970805,-0.0206971803913686
-1.96805913531158,-1.39669863342932,-0.0233584277046642
-1.92363251353082,-1.34806511718368,-0.0259354716253921
-1.87539297799315,-1.29601840019596,-0.0276027352206688
-1.82347062828086,-1.24051627117199,-0.0275500364600677
-1.7680582968854,-1.18145962339073,-0.0250815904776386
-1.70942996565148,-1.11872036137031,-0.0197225990821298
-1.64794843573692,-1.05218711800513,-0.0113146121906659
-1.58405386443634,-0.981824483753853,-7.47620276509153e-05
-1.51822795151722,-0.907735342501725,0.0134050479054797
-1.45093526486183,-0.830211055095781,0.028231663340468
-1.38255280560597,-0.749754226173429,0.0433496868477159
-1.31330631942512,-0.667064076191082,0.057717682810708
-1.24323390165318,-0.582984138671226,0.0704808674023898
-1.17219163684462,-0.498422145613689,0.0811016981482549
-1.09990396159299,-0.414259490201296,0.0894247263747772
-1.0260473601999,-0.33126981551274,0.0956715686309125
-0.950345489210539,-0.250064010752112,0.100378067100275
-0.872650992872663,-0.171071620133053,0.104293749406431
-0.792994902183275,-0.0945588803973954,0.10826422664218
-0.711596191731377,-0.0206741651680803,0.113113177032529
-0.62883594626693,0.0504944161515687,0.119535568775327
-0.54520780605287,0.118865449599496,0.128010141625299
-0.461258408524918,0.184327106333281,0.138737691091519
-0.377529492548885,0.246722685819127,0.151611247385784
-0.294510118966641,0.305858363613927,0.166222843194125
-0.212604503871446,0.361527305024936,0.181907645458174
-0.132117907093005,0.413541044302205,0.197819749498983
-0.0532600426353476,0.461758543919441,0.213027176353202
0.023837694249816,0.506105396251148,0.226609456317814
0.0990971129361762,0.546579520018125,0.237741813589044
0.172466814240055,0.58324394898051,0.245755091207087
0.243899943638668,0.616210499600428,0.250167868808929
0.313339258292579,0.645619475900404,0.250693861086067
0.38071019380793,0.67162037266614,0.247231802871457
0.4459206853329,0.6943568336072,0.239845904568338
0.508865671503665,0.713957608176286,0.228743733857701
0.569434054726929,0.730533425532969,0.214255615860871
0.627516453665278,0.744178921762693,0.196816775904404
0.68301257747851,0.754978093517244,0.176950715541498
0.735837700939737,0.763011918307751,0.155250450942757
0.785927675577992,0.768366511480783,0.132353165153989
0.833242490031026,0.771141024436177,0.108904368987471
0.877767576708455,0.771453579080201,0.0855092916453428
0.919512433983166,0.769444554470203,0.0626731357450665
0.958505871783976,0.765275786766806,0.0407366971264143
0.994788141257486,0.759125563515327,0.0198195699289841
1.02840042126044,0.751179387826323,-0.000213049637645651
1.05937335329761,0.741617907439457,-0.0197441398329601
1.08771715473287,0.730604581584891,-0.0393497945955349
1.11341553843614,0.718275911316449,-0.0596980919905881
1.13642528033192,0.704736879896301,-0.0814187769245399
1.15668042184731,0.690061765386529,-0.104970754025029
1.17410069839561,0.674299977579887,-0.130535587754939
1.18860206227613,0.657484408906124,-0.157956985644272
1.20010706294056,0.639639341589846,-0.186732817300905
1.20855494695571,0.620786526606522,-0.21605399078564
1.21391093264578,0.600948606900286,-0.244877596436957
1.21617470405692,0.5801507312444,-0.272021076958222
1.21538754225572,0.558421273613293,-0.296267318049065
1.21163710582142,0.535793638274208,-0.316474116614413
1.20505792020744,0.512310120229044,-0.331682599430331
1.19582607641633,0.488028438376675,-0.341216965148838
1.1841474073244,0.463030347357472,-0.344763212867318
1.17024000752747,0.437430448282663,-0.342410341843535
1.15431450063006,0.411382630687294,-0.334638056748479
1.13655658762121,0.385081459109659,-0.322242998545265
1.11711667561291,0.358757256488175,-0.306210878283533
1.09610910952188,0.33266577370004,-0.287559027986503
1.07362038945166,0.307075553995339,-0.267184952050366
1.04972271560451,0.282257034789137,-0.245755166660265
1.0244877949131,0.258476661073076,-0.223655101885995
0.997996810838522,0.235997435737593,-0.201001584261969
0.97034409706986,0.215085198852506,-0.177702674114064
0.941634461874613,0.196018757477729,-0.153541304496301
0.911975513265826,0.179101658574323,-0.128259708207841
0.881467211154306,0.16467362336446,-0.101628156169634
0.850191365802391,0.153119644677624,-0.0734899450585602
0.818204537789054,0.144873863799863,-0.0437817910151381
0.785538607627237,0.140413182782679,-0.0125333995395428
0.752214326582135,0.140232624483157,0.0201478151527799
0.71827212914479,0.144792349082968,0.0541000651918439
0.683819536212308,0.154429042713739,0.0891308101621281
0.649083767978427,0.169237246880046,0.125030924779964
0.61444523752027,0.188950095248659,0.161567864232025
0.580424036051136,0.212871842094841,0.198448897898493
0.547609523238147,0.239911653222647,0.235257312452266
0.516557297554719,0.268725340995268,0.271383463096823
0.487700750014541,0.297914432063826,0.305986162034178
0.461312863447713,0.326208536482486,0.338014506966534
0.437518914233988,0.352583472122575,0.366296244768255
0.416334486925128,0.376311154649632,0.389671475160678
0.397701970709832,0.396960965706599,0.407135512451952
0.381513352625082,0.414371847454543,0.417957069466497
0.367621127942425,0.428606103919523,0.421752476148476
0.355844626072897,0.439891505656494,0.418514115645751
0.345977528047956,0.448558096575111,0.408603611383428
0.33779836668674,0.454975992954602,0.392723596404441
0.331082922996027,0.459498946894224,0.371877454227226
0.32561630595557,0.46241621316374,0.34731779805003
0.321202702467113,0.463914096844625,0.320476178663758
0.317671509275583,0.464049276267522,0.292862328616436
0.314879246030428,0.462737955401784,0.265923868523711
0.312707173474923,0.459766468793153,0.24086844348652
0.311055069027796,0.454828105941107,0.218469130954261
0.309832187176092,0.447585803954479,0.198895644532361
0.308947127734563,0.437751226364449,0.181628104587101
0.308299104950968,0.425161193930107,0.165504122761492
0.307773081355341,0.409827799651004,0.148916180834212
0.307240682309754,0.391944857903587,0.130124057685924
0.306567340308992,0.371849133989414,0.107601293961518
0.305623348201813,0.349950691202119,0.0803212785298799
0.304295201275072,0.326656506227143,0.0479166367919125
0.30249204169575,0.302306739386433,0.0106949780322162
0.300144280080935,0.27713533132789,-0.0304590227140945
0.297194911191192,0.251257181343903,-0.0742427706557366
0.293586786813199,0.224678041936821,-0.119106889809306
0.28924715275616,0.197317868157928,-0.16340762107318
0.284071623436403,0.169040343585986,-0.205529166801381
0.2779095524778,0.139683547448318,-0.243978528307816
0.27055431510943,0.109089856786541,-0.277461872840511
0.261741890643529,0.0771336664715678,-0.304950728992826
0.251160626481715,0.0437451019771761,-0.325740635781421
0.238473168314387,0.00892674729477984,-0.339497279783069
0.223348216837634,-0.0272404151123087,-0.346279180379894
0.205496256687814,-0.0646049394585237,-0.346525359082542
0.184700823691952,-0.102967168108425,-0.341002125814148
0.160837067505905,-0.142111956968597,-0.330713497651358
0.133872573625868,-0.18184364936009,-0.316789864756123
0.103850441202096,-0.222012455090321,-0.30037435007779
0.0708594145305559,-0.262521963323547,-0.282524058119974
0.0349987877868191,-0.303311836790965,-0.264136332228003
-0.00365355548552713,-0.344317571915246,-0.245902502936147
-0.0450627219059381,-0.385419425508157,-0.228286602529047
-0.0892432840422745,-0.426401729704333,-0.211524428123444
-0.136249832267548,-0.466945409046247,-0.195637547669597
-0.186155421317779,-0.506664716562219,-0.18045582116237
-0.239024950329407,-0.545176690238337,-0.165641106367708
-0.294890081479369,-0.582172867828265,-0.150706286853544
-0.353728519336996,-0.617461601625779,-0.135029318840442
-0.415446642914597,-0.650966093814613,-0.117870774800206
-0.479863659254899,-0.68268404494975,-0.0984114646853412
-0.546697921290836,-0.712627188403408,-0.0758296294787729
-0.615559611846329,-0.740761102293135,-0.0494313374039886
-0.68595634549323,-0.766962967500827,-0.018831145680252
-0.757317301723754,-0.791010498168677,0.0158463601250631
-0.829036672873846,-0.812608748268852,0.053802882930538
-0.900529176184726,-0.831450586408855,0.09351619206072
-0.971282710264746,-0.847292963344427,0.132863921280124
-1.04089145416411,-0.860021741056133,0.16942674847102
-1.10905940913643,-0.869680098281044,0.200900407711742
-1.17557740774172,-0.876451251635202,0.225493317645415
-1.24028718252626,-0.880605749361201,0.242193292035852
-1.30304859525353,-0.882435570799813,0.250848392036205
-1.36372033373041,-0.882196020409454,0.252081686686337
-1.42215610829934,-0.880066787808342,0.247105520074354
-1.47821252145017,-0.876133575455999,0.237504849569088
-1.53176253989683,-0.870386267415571,0.225035466712282
-1.58270851721595,-0.862728986433157,0.211453296604579
-1.63098979077974,-0.852999480573572,0.198370465429796
-1.67658084668747,-0.840997179147702,0.187127260167401
-1.71947795436119,-0.826519701951028,0.178674853359825
-1.75967446760309,-0.809405364855205,0.173476484411012
-1.79712867346431,-0.789575553481723,0.171448034902909
-1.83173266647158,-0.76706734642081,0.171965273502337
-1.86329187162359,-0.742045759275934,0.1739574884636
-1.89152455780569,-0.714789182328809,0.176085808314304
-1.91608359388359,-0.685649590125684,0.176975192537775
-1.93659519621353,-0.654998452977666,0.17544688186826
-1.95270199717524,-0.623173820952587,0.170695314115345
-1.96409817804448,-0.590442703521926,0.162373125287075
-1.97054767396997,-0.556985142420538,0.150579092598712
-1.97188476604576,-0.522898598614228,0.135771842555248
-1.96800226141605,-0.488215877685832,0.118645899548941
-1.95883376756869,-0.45292819793554,0.100005107444367
-1.94433624840137,-0.417006917609339,0.0806576497450587
-1.92447700384758,-0.380420427572898,0.0613437778260387
-1.89922468858068,-0.343144887414687,0.0426966049931862
-1.8685448609458,-0.305169903019912,0.0252301258486137
-1.8323974065856,-0.266500537717378,0.00934587277545446
-1.7907364651889,-0.227157868017317,-0.00465036133570612
-1.74351030770419,-0.187179303783253,-0.0165293671613163
-1.69066315730441,-0.146620087209314,-0.0261229389137844
-1.6321378212908,-0.105556146072333,-0.0333163661844317
-1.56788101358054,-0.0640882281747093,-0.0380516743032342
-1.49785145752774,-0.02234635789632,-0.040342159646765
-1.42203171573513,0.0195067090400457,-0.0402960968768206
-1.3404426121345,0.0612746878907102,-0.0381445073872431
-1.25315950429707,0.102731024697987,-0.0342652096055186
-1.16032671523971,0.143627056479501,-0.0291939961920018
-1.06216687753502,0.183704868685986,-0.0236147442726454
-0.958982265964948,0.222713651583312,-0.0183238856115104
-0.851146146319469,0.260427601297247,-0.0141702806029516
-0.739084930314652,0.296663270421761,-0.011977377721531
-0.62325433367441,0.331294699273569,-0.0124584053161267
-0.504113603404731,0.364265065212279,-0.0161358615146057
-0.382102515461122,0.395593911353217,-0.0232738826191878
-0.257623961627401,0.42537836553618,-0.0338280088890482
-0.131033136889315,0.453785656264136,-0.047413951363274
-0.00263282763580828,0.481033310890484,-0.0632971733486619
0.127326360784433,0.507353753526035,-0.0804088873333811
0.258641557212723,0.532942635015921,-0.0973997818439432
0.391148157021884,0.557896398633672,-0.11274668723382
0.524703119069306,0.582152897853685,-0.124924243557398
0.659158352666645,0.605456990769817,-0.132638741027428
0.794323398049819,0.627375029971038,-0.135093880925421
0.929921158672501,0.647372393170031,-0.132225665902631
1.06554669885534,0.664945476607764,-0.124822941389902
1.20064363831165,0.67977132480158,-0.114461541160816
1.33451174319071,0.691820687320053,-0.103232752066556
1.46635043468785,0.701388027695827,-0.0933245797733269
1.59532946887945,0.709025364064504,-0.0865774069441886
1.72066687166926,0.715407339653953,-0.0841457949045698
1.84169210610077,0.721178829204188,-0.086349077748692
1.95788062965725,0.726833454506013,-0.0927160698740396
2.06885832460655,0.732648289574815,-0.102167478673712
2.17438405825152,0.738675477631577,-0.113256922171331
2.27432179485673,0.744775658882647,-0.124404579971836
2.3686110177264,0.750674269390228,-0.134086576280743
2.45723980393192,0.756025441486428,-0.140970340833582
2.54021981021334,0.760473527292828,-0.144002330846585
2.6175613308257,0.763706832018218,-0.14245912578348
2.68924653790962,0.765499925918802,-0.135969755937324
2.75520229610815,0.765741554524115,-0.12451147516803
2.8152759281448,0.764445031155362,-0.108377477502213
2.86921976451212,0.761739383230622,-0.0881162322937779
2.91668950412078,0.757842175421745,-0.0644480287006571
2.95725855293607,0.753018652049186,-0.0381720000888025
2.99044635387013,0.747535008970827,-0.0100816502744145
3.01575579718376,0.741614880432139,0.0190947714112735
3.03271302692638,0.735406561388431,0.0487207440056641
3.04090334802487,0.728965057834282,0.0782471702325846
3.04000021623308,0.722249623226447,0.107188208407326
3.02978488063939,0.715134177903322,0.135091427487526
3.01015672707635,0.707426762452279,0.161514445982856
