0.407865994598023,0.3065961716453,0.630999528980579
0.406904786025387,0.306637297772251,0.630982801496669
0.404986478694319,0.306719583161186,0.630955879858511
0.402119468326758,0.306843116443104,0.630931683598598
0.398316745793608,0.307008099192298,0.630929218583377
0.393596258405221,0.307214957334664,0.630973117318641
0.387981217037765,0.307464518242741,0.631093018136442
0.381500242602842,0.307758239303456,0.631322795594222
0.374187279110305,0.308098428126274,0.631699672373372
0.366081267311732,0.308488338366613,0.632263257550368
0.357225650125581,0.308931980026368,0.633054558561037
0.348607578861404,0.309376254074292,0.634000697724307
0.340258806429761,0.309819460818132,0.635082945116571
0.332208317990213,0.310258931365041,0.636280849217485
0.324482992177567,0.310690814750559,0.637572524358875
0.317107911220899,0.311110153305738,0.638934940913371
0.310106303776142,0.311511204691247,0.640344274215442
0.303499104076902,0.311887957853909,0.641776363725289
0.297304335875123,0.31223475496408,0.643207268840073
0.291536293528466,0.312546949220171,0.644613935508569
0.286205059413116,0.312821442922981,0.645974819988319
0.281315893251672,0.313057064652217,0.647270553480691
0.276869957186109,0.313254537587814,0.648484179518713
0.272863869553569,0.313416286474974,0.649601652108138
0.269293215919662,0.313545598650899,0.650610972239392
0.266149289094463,0.313646293967581,0.651503375416623
0.263430039219678,0.313721185513495,0.652269687639629
0.261122320106313,0.313773001970193,0.652906340075298
0.259238353589853,0.31380153752137,0.653402627564195
0.257751694763521,0.313808007836912,0.653763142843584
0.2566986960613,0.31378872848774,0.653971770415321
0.25604231483159,0.313743885520225,0.654040172479104
0.255809431174271,0.313669536383905,0.653958749727691
0.255993723673328,0.313563632543879,0.653731356970576
0.256594114909742,0.313423915859445,0.653361527232936
0.257607626396454,0.313248329685227,0.652854954115196
0.25902972951188,0.313034840594133,0.652219261669795
0.260854742030356,0.312781111667221,0.651463737050913
0.263076481207492,0.312484047200733,0.650598973519121
0.265689091428025,0.312139276340722,0.649636480593631
0.268687864794704,0.311740684637287,0.648588347775527
0.27206982321007,0.31128013486205,0.647467048636634
0.275833836871827,0.310747523545131,0.646285444158323
0.279980135818107,0.310131279216249,0.645056989385204
0.284509236606402,0.309419317279939,0.643796075328801
0.289420500212966,0.308600344836548,0.642518377781894
0.294710676432397,0.307665298845429,0.641241066221561
0.300372797896092,0.306608640785025,0.63998276407272
0.306395654797784,0.305429243462124,0.638763231293077
0.31276387723952,0.304130688291856,0.637602824688378
0.319458472060573,0.302720925507442,0.636521845241914
0.326457571257764,0.301211399991421,0.635539889750078
0.333737153890102,0.299615866024693,0.634675294325997
0.341271564754874,0.297949168084596,0.633944709685938
0.349033730210523,0.296226243071268,0.633362800950303
0.35699504472485,0.294461521513677,0.632942029159535
0.365124975633857,0.292668800215034,0.632692453108146
0.373390514294343,0.290861547993581,0.632621492317715
0.381755686415858,0.289053501549363,0.632733617804156
0.390181389713949,0.287259324454155,0.633029985713944
0.398625805830521,0.285495065284681,0.633508087580955
0.407045495091101,0.283778193291422,0.634161534066393
0.415397046805432,0.282127123202614,0.634980086041973
0.423638921199265,0.280560325381515,0.635949985309467
0.431733015249836,0.279095270968325,0.637054540561776
0.439645580923706,0.27774750354875,0.638274843138616
0.447347368363015,0.276530051277558,0.63959046385975
0.454813119070988,0.275453245870617,0.640980020918417
0.462020684422209,0.274524881231767,0.642421578840566
0.468950064844672,0.273750569654223,0.643892903019841
0.475582595628928,0.273134143800422,0.645371631578369
0.481900408667828,0.272677984896059,0.646835435199665
0.487886214450773,0.272383207953923,0.648262224228504
0.493523393496743,0.272249684347364,0.649630442119535
0.498796350406465,0.272275926472334,0.65091945928616
0.503691064132815,0.272458892082975,0.652110057371385
0.508195741151684,0.27279379256927,0.653184966334905
0.512301462548722,0.273273997176441,0.654129396092532
0.516002684438203,0.273891122750384,0.65493148200371
0.519297467473347,0.274635360494469,0.655582567873236
0.522187319604472,0.275496044886323,0.656077258656144
0.524676640128217,0.276462390159257,0.656413230885728
0.526771818393576,0.277524270173235,0.656590830764372
0.528480175668785,0.27867287721602,0.656612559682019
0.529808955094962,0.279901126370389,0.656482558301795
0.530764573509242,0.281203729181201,0.656206200123848
0.531352251328844,0.282576948401698,0.655789852894205
0.531576039248394,0.284018114379499,0.655240812388248
0.531439163286614,0.285525023398647,0.654567362648986
0.530944555057135,0.287095342507002,0.653778890702977
0.530095418657576,0.288726126599582,0.652885980976839
0.528895699688969,0.290413525794035,0.651900429613148
0.527350353344707,0.292152733983803,0.650835144078776
0.525465348206258,0.2939382052678,0.649703922331308
0.523247391607122,0.295764139387839,0.648521135484642
0.520703422472011,0.297625204150174,0.647301365027433
0.517839989951637,0.29951741826392,0.646059066674549
0.514662710052938,0.301439067173979,0.644808340941266
0.511176042848208,0.303391484644796,0.64356287735141
0.507383623164245,0.30537953108418,0.642336099235013
0.503289279525571,0.307411658513973,0.641141473736158
0.49889869602904,0.309499567721715,0.639992885852747
0.494221466823921,0.311657590046472,0.638904935248362
0.489273147881139,0.313901990930263,0.637893023516801
0.48407688265963,0.31625033648667,0.63697315713004
0.478664252006561,0.318720890476815,0.636161470261468
0.473075105156201,0.321331795961656,0.635473536004829
0.467356215529129,0.324099676619253,0.634923563500393
0.461558700350079,0.327037403618989,0.63452357772912
0.455734349507974,0.330151167678337,0.634282670287682
0.449931384448564,0.333437532745887,0.63420640742851
0.444190580613527,0.336881479880663,0.634296475537941
0.438542817268041,0.340456245697456,0.634550608757286
0.433008728610538,0.344125055279304,0.634962773782882
0.427600361788069,0.347844107211574,0.63552351833164
0.422324052485383,0.351565869374349,0.636220369461937
0.417183473892103,0.35524196510548,0.637038208655023
0.41218201963727,0.358825371696334,0.637959619976537
0.40732411926743,0.362271988140472,0.638965258941115
0.402615515886869,0.365541733593133,0.640034295311598
0.398062822423997,0.368599282113999,0.641144947293803
0.393672775499109,0.371414452351336,0.642275074545274
0.389451548816925,0.373962238556422,0.643402763920439
0.385404337694811,0.376222501187598,0.644506840724276
0.381535262082702,0.378179392879639,0.645567264421754
0.37784751605828,0.379820636961868,0.646565403819888
0.374343637825967,0.3811367826728,0.647484216109009
0.371025774900908,0.382120538366051,0.648308368551256
0.367895849783697,0.382766248869503,0.649024342226683
0.364955571845897,0.383069548222178,0.6496205483359
0.362206279605573,0.383027191829305,0.65008747423668
0.359648630758888,0.382637053161718,0.650417861876829
0.357282186631316,0.381898255389434,0.650606906609747
0.35510496342328,0.380811395265507,0.650652450816493
0.353113042527244,0.379378803831267,0.65055513587069
0.351300339623238,0.377604777558915,0.650318470441041
0.349658617561905,0.375495712492968,0.649948777619113
0.348177785193746,0.373060085387852,0.64945499902416
0.34684645388344,0.370308260298796,0.648848362456376
0.345652644911345,0.367252144351401,0.648141950887386
0.344584481376007,0.363904763796062,0.647350235280348
0.343630685610433,0.360279858880332,0.646488639721332
0.34278074601648,0.356391591820156,0.645573191437932
0.342024699708828,0.352254427436685,0.644620276852424
0.341352567804007,0.347883195850394,0.643646490924428
0.340753549868558,0.343293299738628,0.642668542764033
0.340215119913236,0.338500998830232,0.641703171887564
0.339722172191222,0.333523696433784,0.640767035754357
0.339256355788652,0.328380162527996,0.639876544490314
0.338795727177026,0.32309064970867,0.639047636942144
0.338314851103969,0.317676882867169,0.638295507333634
0.337785492984276,0.312161923025322,0.637634300607663
0.337178056049202,0.306569910052706,0.637076795812247
0.336463882299977,0.300925674425891,0.636634093923467
0.335618393420984,0.295254186810654,0.636315325597851
0.334624747048585,0.289579826081422,0.63612740152636
0.333477283525123,0.283925536777749,0.636074839541799
0.332183766999411,0.278312102522015,0.63615970186196
0.330765572506844,0.272757861647839,0.636381647983536
0.329255603527944,0.267279086060066,0.636738064909999
0.327694526955725,0.261890935342089,0.637224212062306
0.326126416377277,0.256608590663264,0.637833336558804
0.32459487116003,0.251448091833221,0.638556759857558
0.323140263839637,0.246426581389673,0.639383972574464
0.32179826220514,0.241561950669684,0.640302779416431
0.320599403908893,0.23687210958122,0.641299515641973
0.319569339842358,0.232374187222518,0.642359327865687
0.318729364788167,0.228083936482412,0.643466489488155
0.318096942494901,0.224015520778527,0.644604710332984
0.317686046026311,0.220181749559905,0.645757401716205
0.31750724319441,0.216594719172541,0.646907870952169
0.317567554084703,0.213266711172211,0.648039441369234
0.317870193093117,0.210211110115258,0.649135521256414
0.318414374217464,0.20744305298843,0.650179669645775
0.319195383799383,0.204979549992301,0.651155717024714
0.320205080450698,0.20283894479513,0.652047985825873
0.321432857047031,0.201039789837425,0.65284161937889
0.322866927586902,0.199599418648611,0.65352298381956
0.324495660400148,0.198532601519993,0.654080077223574
0.326308644210286,0.197850622366162,0.654502877974158
0.328297265663504,0.197560942937464,0.654783588484352
0.330454741010644,0.197667424367033,0.654916763775811
0.332775698684364,0.198170938834136,0.654899341049081
0.335255497763959,0.199070156099432,0.654730599070319
0.337889481777209,0.200362312588702,0.654412076428547
0.340672332767206,0.202043826698993,0.653947471205995
0.343597640190723,0.204110680032543,0.653342536948316
0.34665775251183,0.206558527258842,0.652604983428989
0.349843942190897,0.209382526899512,0.651744385905467
0.35314687924051,0.212576909803436,0.65077210257598
0.356557366113884,0.216134332088809,0.649701194760933
0.360067227612857,0.220045100820453,0.648546337918027
0.363670181201241,0.224296416138262,0.647323702708269
0.367362457310975,0.228871822820241,0.646050778871787
0.371142936541101,0.233751077737079,0.644746115400926
0.375012657682213,0.238910579554306,0.643428964600003
0.378973726993219,0.244324356823964,0.642118846313493
0.383027866301281,0.249965412973969,0.640835080537252
0.387174973846502,0.25580706978533,0.63959635496378
0.39141206352275,0.261823930944459,0.638420383230814
0.395732801014103,0.267992221020018,0.63732367425499
0.400127653488668,0.274289478643089,0.636321390813115
0.404584504290127,0.280693782077313,0.635427249914222
0.409089505659328,0.287182792459545,0.634653415896577
0.413627942615494,0.29373289897273,0.634010356184135
0.41818493015542,0.30031868346583,0.63350665494576
0.422745832060666,0.306912827133317,0.633148802905538
0.427296359637774,0.31348649136929,0.632940995218858
0.431822379913521,0.320010119453992,0.632884974893409
0.436309534153648,0.32645452361711,0.632979955653764
0.440742836464452,0.332792044201229,0.633222648316639
0.445106455227666,0.338997508729783,0.633607397069002
0.449383860494935,0.345048731039285,0.634126411402825
0.45355839404207,0.350926386418764,0.634770057359574
0.457614147945578,0.356613310703876,0.635527160731497
0.461536839321967,0.362093470724252,0.636385273892539
0.465314339821643,0.367351004728388,0.637330879402748
0.468936600139277,0.372369656906883,0.638349524635391
0.472394998922926,0.377132782928869,0.639425914740764
0.475681317184111,0.381623832547299,0.640543993818165
0.478786703668929,0.385827124855797,0.641687056000952
0.481700859305724,0.389728639003845,0.642837897000754
0.48441161325944,0.393316679249894,0.643979020795159
0.486904831894363,0.396582282483501,0.64509287773246
0.489164629393529,0.399519387779042,0.646162130772124
0.491173749640145,0.402124738684654,0.64716991879457
0.492914112016108,0.404397569629391,0.648100118113869
0.494367481128515,0.406339066015997,0.648937588006353
0.495516294788372,0.407951644250384,0.649668412408869
0.496344633365017,0.409238096077336,0.65028014263553
0.496839282964886,0.410200706728463,0.65076205292757
0.496990758329479,0.410840502422473,0.651105409580005
0.49679407954778,0.41115682016669,0.651303741165268
0.496249065975919,0.411147372330523,0.651353079785756
0.495359971854867,0.410808881003304,0.651252131696956
0.494134448215291,0.410138190666035,0.651002336650217
0.492582032640312,0.40913360067412,0.650607795495712
0.490712537521307,0.407796074045504,0.650075076979766
0.488534739425611,0.406130030176579,0.649412944116115
0.486055650518364,0.40414358635153,0.648632053003135
0.483280446037327,0.401848291972317,0.647744668075745
0.480212934540545,0.399258523333193,0.64676441629422
0.476856349930893,0.396390742752373,0.645706078862561
0.473214228378124,0.393262798523364,0.644585404105026
0.46929117138955,0.389893380824753,0.643418918873133
0.465093361271941,0.386301692454748,0.642223720465317
0.460628756911185,0.382507346578583,0.641017239786144
0.455906956576994,0.378530472081728,0.639816978530282
0.450938767529313,0.374391974624297,0.63864023302937
0.445735582011377,0.370113868208192,0.637503825397148
0.440308714013937,0.365719549216281,0.63642386380716
0.434668898139956,0.36123386134393,0.635415551060313
0.428826148970675,0.356682807239035,0.634493049484542
0.422790119119027,0.352092843932051,0.633669397303067
0.416570952922549,0.347489826244848,0.632956454932148
0.410180472550328,0.342897809952684,0.632364850218198
0.40363339444913,0.338337993019851,0.631903889357414
0.396948250928237,0.333828045960677,0.631581414169852
0.39014776572899,0.329381951559726,0.631403608316621
0.383258601285883,0.325010339002506,0.631374780366882
0.376310553609794,0.320721184707844,0.631497165363276
0.369335397835375,0.316520708683577,0.631770785727536
0.362365626791694,0.312414284841526,0.632193397113026
0.355433310104889,0.308407205803333,0.632760523857414
0.348569245545685,0.304505176633752,0.633465568892411
0.341802496648668,0.300714450826799,0.634299970526616
0.335160353190448,0.29704158156137,0.635253372583233
0.328668656544031,0.293492812057795,0.636313781254199
0.322352392781572,0.290073220965332,0.637467691013908
0.31623634556617,0.286785796896124,0.638700188313322
0.310345616010618,0.283630705810222,0.639995054696969
0.304705768318931,0.280604995859328,0.641334917063058
0.29934253109851,0.277702938675092,0.642701474941908
0.294281056512107,0.27491700056786,0.64407582859787
0.289544984192382,0.272239255158491,0.645438875761919
0.285155540564404,0.269662855424839,0.646771738434751
0.281130958784597,0.267183189909515,0.648056150771416
0.277486286907915,0.264798448117972,0.649274780945815
0.274233596886111,0.262509549636909,0.650411464222868
0.271382433331641,0.26031955557729,0.651451371841283
0.268940379520023,0.25823279695071,0.652381131703726
0.266913578832827,0.25625394771253,0.653188935635259
0.265307135256625,0.254387231155911,0.653864647065437
0.264125320611309,0.252635871632497,0.654399926549592
0.263371571587539,0.251001849958857,0.654788376216708
0.263048268391202,0.249485973667513,0.655025701577171
0.263156318200597,0.24808824136148,0.655109877733983
0.263694592389135,0.246808447941821,0.655041298253861
0.264659304052124,0.245646937501395,0.654822874759348
0.266043453811583,0.244605364287684,0.654460047945147
0.267836502101761,0.243687284570111,0.653960671432087
0.270024423164454,0.242898397549003,0.653334743837664
0.27259023281336,0.242246307012536,0.652593995280163
0.275514956028687,0.241739792493178,0.651751375985217
0.278778845400363,0.241387726537259,0.650820531037913
0.282362546808905,0.241197889982612,0.649815356444796
0.286247903326774,0.241175964269217,0.648749705532567
0.290418198762723,0.24132490542633,0.647637262248155
0.294857819761928,0.24164477398217,0.64649154189791
0.29955147387472,0.242132968710553,0.64532594596065
0.304483191078264,0.242784736207823,0.64415379323474
0.30963534629058,0.243593806809663,0.642988270197179
0.31498790126673,0.24455302631322,0.641842274471885
0.320518002696722,0.245654885379171,0.640728157090778
0.326200013867362,0.246891882955377,0.639657394071034
0.332005998377099,0.248256686879381,0.638640235324012
0.337906615750203,0.249742083417563,0.637685386722614
0.343872318926305,0.251340739809172,0.636799779809723
0.349874671146629,0.253044850890838,0.635988470075469
0.355887540142594,0.254845793533481,0.635254679904132
0.361887917595337,0.256733957163863,0.634599969098184
0.367856181417234,0.258698919021669,0.634024484722573
0.373775775843471,0.260730063100104,0.633527225431374
0.379632483480671,0.262817594953303,0.633106264223452
0.385413616571435,0.264953730457291,0.632758906080023
0.391107472096405,0.267133713748862,0.632481798260718
0.396703255848552,0.269356323083875,0.632271038606721
0.402191453016826,0.271623659579691,0.632122326484144
0.407564425424159,0.273940224945627,0.632031173975748
0.412816936433088,0.276311490833858,0.631993158179976
0.417946357390244,0.278742280820691,0.632004167972457
0.422952445902456,0.281235308075377,0.632060591494183
0.427836739428217,0.283790154958234,0.632159404297275
0.432601726708778,0.286402875388496,0.632298145310718
0.437250019453293,0.289066272023328,0.632474798772561
0.441783741215349,0.291770765348033,0.632687625715265
0.446204283454051,0.294505644583296,0.632935001079813
0.450512461924704,0.297260390904383,0.633215307269631
0.454708964423312,0.30002572219688,0.633526911293865
0.458794856256689,0.302794059281772,0.63386821626799
0.462771857425829,0.305559271230209,0.634237741816168
0.46664216682463,0.308315790839345,0.634634168505148
0.470407777508425,0.311057415644232,0.635056290804386
0.474069434819923,0.313776221888006,0.635502859473566
0.477625537692856,0.316461962199984,0.635972340977786
0.481071304627536,0.3191021251094,0.6364626561014
0.484398424626163,0.321682605225489,0.636970968165795
0.48759525285977,0.324188765616418,0.637493573760893
0.490647466102878,0.326606612776717,0.638025917535066
0.493539007601103,0.328923834875631,0.638562721063102
0.49625313067164,0.331130531742451,0.639098193275976
0.498773375057895,0.333219549269386,0.639626279123014
0.501084354449176,0.335186399242553,0.640140902427569
0.503172279304709,0.337028794670063,0.64063616522037
0.505025178047346,0.338745868644302,0.641106476594868
0.506632813389544,0.340337182441858,0.641546598160618
0.507986325066128,0.341801671143424,0.641951610151025
0.509077670390397,0.343136715937273,0.642316821304679
0.509898978349204,0.344337551180447,0.642637663884743
0.510441969126011,0.345397183557937,0.642909626750452
0.510697597936101,0.346306902045646,0.643128276831055
0.510656040941188,0.347057303195365,0.643289398068044
0.51030705210827,0.347639598196511,0.643389240558471
0.509640610473884,0.348046876456926,0.64342483431799
0.508647692943732,0.348275021260205,0.643394298776991
0.507320984633006,0.348323095876989,0.643297081264281
0.50565538086429,0.348193183426023,0.643134082593548
0.503648215648823,0.347889802242937,0.642907662413363
0.501299233006608,0.347419091053278,0.642621546502026
0.49861037376857,0.346787964831268,0.642280674182816
0.495585473528821,0.346003406562915,0.641891025556401
0.492229964772437,0.345072009598987,0.641459459676373
0.488550657761037,0.34399983626855,0.64099358107265
0.484555649531599,0.342792614952576,0.640501637278991
0.480254381599868,0.34145625431006,0.63999243656281
0.475657834950496,0.339997601860276,0.639475264607996
0.470778815431255,0.338425311689125,0.638959773409603
0.465632248483985,0.336750622748271,0.638455817914212
0.460235379843047,0.334987811556701,0.637973228172867
0.454607783592883,0.333154108275806,0.637521526138008
0.44877112260636,0.331268979638863,0.637109620506516
0.442748683260708,0.329352870760966,0.636745528833608
0.436564788455297,0.327425689777517,0.636436173102228
0.43024424021435,0.325505418401643,0.636187271588997
0.423811928875023,0.32360718119809,0.636003316932489
0.417292677559969,0.321742934250129,0.635887604517196
0.41071130254922,0.319921730638446,0.635842267880273
0.404092799776424,0.318150374151916,0.635868288996791
0.397462533602129,0.316434220689229,0.635965472756237
0.390846304665813,0.314777913167404,0.636132397254985
0.384270197984044,0.313185901889952,0.636366368504474
0.377760151693573,0.311662674875962,0.636663417261263
0.371341238823379,0.310212685441196,0.637018375810769
0.365036720305408,0.308840015229237,0.637425062748787
0.358867005654384,0.307547855233862,0.637876582646779
0.35284873321072,0.306337926350803,0.638365716414341
0.3469942274768,0.305209990010025,0.638885342291297
0.341311563206319,0.304161599836258,0.639428800800143
0.33580534657184,0.303188204112176,0.639990113093749
0.330478114467056,0.302283615527219,0.64056399583856
0.325332052227301,0.301440755244252,0.641145673736101
0.320370595816716,0.300652483799752,0.641730561334667
0.315599548951369,0.299912319970193,0.642313918475809
0.311027484674745,0.299214894950787,0.642890591704735
0.306665472241899,0.298556103023621,0.64345490042854
0.302526278492837,0.297932991805548,0.644000691604595
0.298623340903496,0.297343508759861,0.644521520735342
0.294969718775706,0.296786220055976,0.645010913828783
0.291577243508351,0.296260110838534,0.645462638012714
0.288455956652517,0.295764529780051,0.645870933663842
0.285613913261648,0.295299305295517,0.646230662227995
0.283057355906351,0.294865014003965,0.646537349496687
0.280791244690315,0.294463342020267,0.64678711886436
0.278820081336519,0.294097439326882,0.646976532315723
0.277148916244958,0.293772137561713,0.647102379075519
0.275784368147472,0.293493893369716,0.647161473081666
0.274735439179631,0.293270349646323,0.647150532464652
0.274013904128107,0.293109485512938,0.647066207619624
0.273634117808606,0.293018442774766,0.646905293143899
0.27361222118596,0.293002234797763,0.64666510663397
0.273964894408419,0.293062609364495,0.646343961826776
0.27470793553015,0.293197310898059,0.645941628974723
0.275854979220662,0.293399874228722,0.645459678341633
0.277416598979466,0.293659931511728,0.644901641309823
0.279399899771885,0.293963889404971,0.644272978724584
0.281808565288035,0.294295774669035,0.643580894972842
0.284643221248712,0.29463805469651,0.642834064068766
0.287901927264402,0.294972290386148,0.642042338472471
0.29158060640894,0.295279543170812,0.641216498134814
0.295673246038405,0.295540516733134,0.640368074473206
0.300171743982542,0.295735462120315,0.639509257489097
0.305065329900104,0.295843917392289,0.638652867249128
0.3103395708607,0.295844396387352,0.637812345501676
0.31597508236568,0.295714185567943,0.637001703024442
0.321946204956633,0.295429438939729,0.636235351054856
0.328220031652094,0.294965749414582,0.635527761478872
0.334756205657135,0.294299290275139,0.634892946753904
0.341507769576452,0.293408459659423,0.634343818232746
0.348423031358871,0.292275776489322,0.633891540658957
0.355448043143536,0.290889662357047,0.633545013626179
0.36252907379361,0.289245772795782,0.633310562445307
0.369614525595671,0.287347697252349,0.633191837358267
0.376656044628951,0.285207034504817,0.633189851526496
0.383608912700471,0.282842973010934,0.63330306958341
0.3904320193279,0.280281533012987,0.633527487770785
0.397087748510768,0.277554591174408,0.6338566964327
0.403542031196358,0.274698757134256,0.634281958060718
0.409764689063167,0.271754135273261,0.634792354846521
0.415730080375309,0.268762990376704,0.63537505783743
0.421417965067651,0.26576834030626,0.636015749708812
0.426814428610642,0.262812516358441,0.636699200444689
0.431912635021096,0.259935763075893,0.637409954116521
0.43671313901346,0.257174985206363,0.638133043943212
0.441223506866139,0.254562780444076,0.638854623618785
0.445457117309011,0.252126895014809,0.639562403211263
0.449431229757422,0.249890190330064,0.640245817014787
0.453164656791832,0.247871107118598,0.640895924143765
0.456675539295173,0.246084496058282,0.641505121477018
0.459979708427889,0.244542596694643,0.642066798935159
0.463089923781596,0.24325593452877,0.642575065505755
0.466016004642636,0.24223396398745,0.643024628980396
0.46876564080923,0.241485382969158,0.643410847976253
0.471345557944305,0.24101813384735,0.643729921044125
0.473762715550347,0.240839163781339,0.643979147690174
0.476025290059626,0.240954036610689,0.644157191110788
0.478143288845925,0.241366484477102,0.644264283129023
0.480128724773699,0.242077971742639,0.644302330191154
0.481995346483323,0.243087329426765,0.644274898765108
0.483757975223234,0.244390508265931,0.644187077118587
0.485431556119124,0.245980490485386,0.644045228321332
0.4870300944335,0.247847388795574,0.643856666644325
0.488565704873839,0.249978737547311,0.643629305329641
0.490048023692209,0.252359941984869,0.64337133336201
0.491484180829424,0.254974801502818,0.643090975777414
0.492879381623847,0.257805981320013,0.642796370312133
0.494237934884127,0.260835301484437,0.642495554652488
0.495564372909672,0.264043763215144,0.642196515826003
0.496864239867775,0.267411332650875,0.64190722590861
0.498144223054169,0.270916610478499,0.641635590830632
0.499411522603359,0.274536579434568,0.641389271307628
0.500672594271713,0.278246610719277,0.641175380862343
0.501931564176548,0.282020831610173,0.641000105931432
0.503188662806844,0.28583284844961,0.640868313373039
0.504438976064798,0.289656721407814,0.640783209752376
0.505671706564113,0.293468027691103,0.640746100662384
0.506870024916779,0.297244835117217,0.640756276557982
0.508011499127867,0.300968431926841,0.640811031860469
0.509069035259178,0.304623707526907,0.640905811004081
0.510012242450207,0.308199138511076,0.641034469349626
0.510809136718166,0.311686394186899,0.641189636095946
0.511428097363785,0.315079631424745,0.64136316543787
0.511839964713419,0.318374598287189,0.641546655812683
0.51202010536052,0.32156770536685,0.641732001436883
0.511950180998176,0.324655240304041,0.641911916672654
0.511619281699661,0.327632875757896,0.642080350857314
0.511024091279914,0.330495543375598,0.642232704727393
0.51016790421534,0.333237631722984,0.642365786226374
0.509058610751946,0.335853360828739,0.642477507617877
0.507706108174902,0.33833714321367,0.642566408085682
0.506119807013662,0.340683782139368,0.642631146444787
0.504306852719605,0.342888453739502,0.64267011279492
0.502271396824915,0.344946514354729,0.64268125353584
0.500014885849697,0.346853226463885,0.642662123105134
0.497537064124278,0.348603501567116,0.642610108464532
0.494837285734463,0.350191737475124,0.642522741008507
0.491915771735359,0.351611803550184,0.642398013257285
0.488774556519758,0.352857211515292,0.642234639821421
0.485417977514094,0.353921498631167,0.642032228793441
0.481852648569993,0.354798834886455,0.641791352743347
0.478086923222977,0.355484834721462,0.641513525573613
0.474129918789677,0.355977498948425,0.641201103841327
0.469990252974231,0.356278135859557,0.640857140434467
0.465674739909588,0.356392031364729,0.640485224891688
0.461187371837245,0.356328597867945,0.640089346308156
0.456528919833667,0.356100785064903,0.639673808759873
0.451697369196381,0.355723716006943,0.639243213800293
0.446689164185618,0.355212782985861,0.638802502577606
0.441500960773088,0.354581678847324,0.638357029134737
0.436131412697644,0.353840906082641,0.637912625615233
0.430582536707702,0.352997143457265,0.637475624135921
0.424860392507731,0.352053545844235,0.6370528161047
0.418975057901466,0.351010769869121,0.636651349454625
0.41294006865069,0.349868374036133,0.636278579633699
0.406771578486958,0.348626251095899,0.635941896990864
0.400487491600007,0.347285850694848,0.635648551150647
0.394106768228905,0.34585106725142,0.635405484663438
0.387649036542326,0.344328752065838,0.63521917664763
0.38113457759765,0.342728846575068,0.635095485804709
0.374584684925129,0.341064136496679,0.635039474200632
0.368022329263874,0.339349618889842,0.635055191911863
0.361472977482482,0.337601483321555,0.635145411179481
0.354965330658295,0.335835755806949,0.635311318838943
0.348531687572604,0.334066744675263,0.635552205359091
0.342207651844329,0.332305537483868,0.635865219082839
0.336031025138927,0.330558873480157,0.636245269738715
0.330039964181347,0.328828692419451,0.636685149805393
0.324270750622167,0.327112507103893,0.637175891041648
0.31875570009206,0.325404506762096,0.637707302840076
0.313521715078054,0.323697078723474,0.638268581999476
0.308589769123303,0.321982341005854,0.638848868784986
0.303975311613071,0.320253338603862,0.639437656185665
0.299689344143153,0.318504717135935,0.640025017237236
0.295739818400272,0.316732861740622,0.640601670447594
0.292133032195059,0.314935613586868,0.641158937083696
0.288874796366209,0.313111732996651,0.641688653296393
0.285971250871573,0.311260281316453,0.642183092117961
0.283429287160969,0.309380068288731,0.64263493515027
0.2812565767376,0.30746927816111,0.643037318228426
0.279461220165842,0.305525356859176,0.643383962294619
0.27805103405803,0.303545214760901,0.643669389082925
0.277032506398506,0.30152576760304,0.643889207782301
0.276409488279162,0.299464790882224,0.644040441198
0.276181766178177,0.297361990770099,0.644121837226561
0.276343765409912,0.295220099730667,0.644134089018397
0.276883737497592,0.293045714209725,0.644079876749504
0.277783811843279,0.290849561103138,0.643963661582572
0.279021158885195,0.288645974853573,0.643791219621764
0.280570192127414,0.286451606326021,0.643568990067853
0.282405336167847,0.284283683936035,0.643303388760219
0.284503627580825,0.282158341306569,0.64300025795416
0.286846471516243,0.280089488684319,0.642664567544246
0.289420220465869,0.278088464336932,0.642300383848729
0.292215662191867,0.276164409632498,0.641911035606993
0.295226788871631,0.274325112661534,0.641499369745389
0.298449294273606,0.272578005785021,0.641068001304465
0.301879164824469,0.270931042318882,0.640619499843092
0.305511590556398,0.269393254310026,0.640156495398388
0.309340295309913,0.267974866777044,0.639681717551412
0.313357300607331,0.26668690434457,0.639197997767827
0.317553091596061,0.265540286064551,0.638708268912067
0.321917128264522,0.264544483053544,0.63821558878801
0.326438619309111,0.263705923618202,0.637723199112302
0.331107435314243,0.263026461756337,0.637234610825608
0.335914982579623,0.262502330938198,0.636753687173539
0.340854813066995,0.262124007807805,0.63628468577678
0.345922753017006,0.261877237245994,0.635832227091717
0.351116431499539,0.261745124399145,0.63540117928648
0.356434272323139,0.261710807696881,0.634996478821035
0.361874204269349,0.261759992757789,0.634622927024236
0.367432443105406,0.261882687133671,0.634285006301568
0.373102651517898,0.262073790682488,0.633986747122246
0.378875625399081,0.262332584747793,0.633731658148475
0.384739476457655,0.262661445009155,0.633522715414967
0.390680157257416,0.2630642044877,0.633362395803379
0.396682130462117,0.263544549082225,0.633252734514508
0.402729001994462,0.26410471641965,0.63319538406636
0.40880398713806,0.264744655823907,0.633191652323567
0.414890135501472,0.265461724599711,0.633242498924561
0.42097029501554,0.266250944398058,0.633348473807776
0.427026846942021,0.267105803064704,0.633509589654274
0.433041296731864,0.268019537465636,0.633725133517115
0.438993858301135,0.268986751701295,0.633993442375525
0.444863209720085,0.270005110800861,0.634311690715116
0.45062660154055,0.271076731634473,0.634675758387481
0.45626043688784,0.27220883528391,0.635080251597551
0.461741305565877,0.273413309988585,0.635518725721144
0.467047278608236,0.274705102320871,0.635984102490678
0.472159135682942,0.276099742717923,0.63646920282606
0.477061189073688,0.277610643171503,0.636967265288685
0.481741502170833,0.279246893144886,0.637472320075968
0.486191509079585,0.281012070809322,0.637979342413126
0.490405218107946,0.282904206720885,0.638484187478638
0.494378258611519,0.284916687108378,0.638983372875446
0.498107010084801,0.287039696983689,0.63947380210752
0.501587979416539,0.289261789260948,0.639952515408545
0.504817511658351,0.291571256444187,0.640416527676054
0.507791854534165,0.293957098848089,0.640862782102579
0.510507547078545,0.29640948233589,0.641288220026332
0.512962058548527,0.298919649910521,0.641689943881826
0.515154552890963,0.301479310910322,0.642065428969407
0.517086596506807,0.304079601727058,0.64241272117108
0.518762577925397,0.306709806763607,0.642730546224602
0.520189601280903,0.309356135713528,0.643018261355779
0.521376691365788,0.312000925836402,0.643275611947993
0.52233332463682,0.31462260580048,0.643502315467368
0.523067536982575,0.317196575455613,0.643697564484497
0.523584050429407,0.319696862504943,0.643859586713353
0.523882892299224,0.322098146070131,0.643985392746641
0.523958817648374,0.324377635755728,0.644070780946886
0.52380157577566,0.326516409805216,0.644110586713363
0.523396824781349,0.328500060070689,0.644099101431645
0.52272739179595,0.330318725233169,0.64403056673421
0.521774602057721,0.331966724749927,0.643899665824635
0.520519500251807,0.333442025673915,0.643701965567382
0.518943895481108,0.334745722334714,0.643434292079887
0.517031239820644,0.335881636111589,0.643095040344124
0.514767384980028,0.336856071979738,0.642684422855566
0.512141258224324,0.337677718145421,0.642204657416711
0.509145468657105,0.338357638329524,0.641660084248946
0.505776811075829,0.338909281696461,0.641057192829587
0.502036592976085,0.339348421278903,0.640404534708656
0.497930690296691,0.339692932028544,0.639712505007758
0.493469253899644,0.339962338927094,0.63899299382224
0.488666052179904,0.340177108806546,0.638258936703111
0.483537530582175,0.34035772017505,0.637523820617581
0.478101762904107,0.340523608492262,0.636801215777918
0.472377518973591,0.340692129082368,0.636104395457862
0.466383648676817,0.340877689152373,0.63544607619759
0.460138891082372,0.341091171881547,0.634838271841193
0.453662094058603,0.341339718730375,0.634292222364665
0.446972726737807,0.341626871024523,0.633818344643461
0.440091514230078,0.341953014360402,0.633426158469978
0.433041032082811,0.342316031696713,0.633124161037843
0.425846143100328,0.342712052955376,0.632919645898643
0.418534220163943,0.343136188934685,0.632818480574524
0.411135143365522,0.343583146000942,0.632824866413555
0.403681085837875,0.34404763469132,0.632941106835136
0.396206100503008,0.34452450457235,0.6331674085138
0.388745511063673,0.345008568902511,0.633501738822235
0.381335099522647,0.34549412375365,0.633939762546811
0.374010093079044,0.345974230940179,0.63447488199077
0.366803991722334,0.346439906105465,0.635098401356611
0.359747339968621,0.346879431826797,0.635799827444713
0.352866629324634,0.347278046194525,0.636567295898097
0.346183555759711,0.347618228259878,0.637388085311239
0.3397148581425,0.347880652978121,0.63824914718232
0.333472826997715,0.34804569282724,0.639137569982686
0.327466428418322,0.348095119861804,0.640040898181105
0.32170276377028,0.348013594571374,0.640947276978538
0.316188546705306,0.347789569926403,0.641845432291481
0.310931248059623,0.347415477036798,0.642724556233374
0.305939762727619,0.34688724541263,0.643574166786226
0.301224535213336,0.346203413060849,0.644384022354775
0.296797280167495,0.345364088648108,0.645144122207041
0.292670413569589,0.344370036319211,0.645844816482164
0.288856376793261,0.343222041092186,0.646477005231489
0.285366944095656,0.341920661493958,0.647032409665295
0.282212609589572,0.340466384553664,0.647503877713766
0.279402087865435,0.338860151030718,0.647885691843512
0.276941967923034,0.33710414976667,0.648173836959283
0.274836543639031,0.335202722003766,0.648366187338343
0.273087847451911,0.33316315618142,0.648462571547863
0.271695897113125,0.330996127730245,0.648464687995715
0.270659134029468,0.328715573828173,0.648375870381139
0.269974981087875,0.326337912552229,0.648200740716663
0.269640398072222,0.323880698682295,0.647944823720222
0.269652290528109,0.321360988108766,0.64761421205275
0.270007652664453,0.318793776267101,0.647215355473253
0.270703393091851,0.316190837911775,0.646755003191074
0.271735873826581,0.313560150743598,0.646240277821396
0.273100253748605,0.31090590821412,0.64567882316148
0.274789748820847,0.308228990201097,0.645078957284163
0.276794907455131,0.30552769875084,0.644449773800596
0.279102968485735,0.302798573749755,0.643801156592627
0.281697340722427,0.30003715329383,0.643143695970072
0.284557228289473,0.297238607590704,0.642488510982771
0.287657427108403,0.294398234008326,0.641846992281599
0.290968330560353,0.291511844643114,0.641230484177807
0.294456194754798,0.288576102903627,0.640649926652148
0.298083714969705,0.285588872262645,0.640115479963777
0.301810942622399,0.282549629848281,0.63963615708962
0.30559652559207,0.279459973481338,0.639219490641139
0.309399192502136,0.276324217511514,0.638871258728458
0.313179346611725,0.273150036285178,0.638595286416504
0.316900609714375,0.269949079296131,0.638393327453047
0.32053117181599,0.26673745445602,0.638265019662118
0.324044847517782,0.263535962382977,0.638207902686699
0.327421791591564,0.260369975636161,0.63821749078809
0.330648862484997,0.257268899436942,0.638287402790864
0.333719640895999,0.254265222450645,0.638409558294641
0.336634121694832,0.251393247968969,0.638574448083799
0.339398115928416,0.248687661083278,0.63877147630257
0.342022427336291,0.246182112708766,0.638989357489101
0.344521897391433,0.243907983119798,0.639216539171449
0.346914430437917,0.241893435506153,0.639441615511891
0.349220108464119,0.240162805379008,0.639653700214155
0.351460480888503,0.238736310506086,0.639842736339532
0.353658073315458,0.237630020627846,0.639999733618847
0.355836107962082,0.236856000236077,0.640116937276331
0.358018377231593,0.236422531253676,0.64018794341221
0.360229172414262,0.236334333852524,0.640207782061411
0.362493153425972,0.236592728889675,0.640172988547118
0.364835061821879,0.23719571949451,0.640081676240413
0.367279227805596,0.238138003471946,0.639933611344169
0.369848890166653,0.239410953485322,0.639730276823698
0.372565412841221,0.241002611504333,0.639474903124297
0.375447518045163,0.242897735629986,0.63917244187652
0.378510650768303,0.245077917652059,0.638829465685309
0.381766547330719,0.247521767686789,0.638453989452646
0.385223021326414,0.250205147242239,0.638055221486664
0.388883927022124,0.253101428970955,0.637643261473615
0.39274922867447,0.256181768825069,0.637228765478065
0.396815098939755,0.259415390271133,0.636822596111083
0.401073985966241,0.262769895170121,0.636435471201414
0.405514618206546,0.266211626989117,0.636077619380315
0.4101219498039,0.26970611562825,0.635758447956137
0.414877080558709,0.273218627294571,0.635486228232147
0.419757207158588,0.276714826975978,0.635267805878836
0.424735672145419,0.280161537199306,0.635108347926522
0.429782171213168,0.28352754966429,0.635011141549674
0.43486315751071,0.286784422637007,0.634977461200552
0.439942447580589,0.289907184364161,0.635006518315332
0.444981994758048,0.292874866299731,0.635095501557268
0.449942762222329,0.295670810740785,0.635239706423459
0.454785608280144,0.298282731104441,0.635432743222166
0.459472095834628,0.300702541056446,0.635666804468243
0.463965155674145,0.302926001519909,0.635932968579022
0.468229563427371,0.304952254875265,0.636221517101261
0.472232224650156,0.306783320284878,0.636522246977469
0.475942293714296,0.308423614319539,0.636824766021848
0.479331174577121,0.309879541192167,0.637118766959296
0.482372462978762,0.311159172275506,0.637394281472361
0.48504189051915,0.312272010154158,0.637641919629739
0.487317322886818,0.313228812122477,0.637853101318876
0.4891788499825,0.3140414347103,0.638020284989607
0.490608986636448,0.314722656681624,0.63813719550757
0.49159298153163,0.31528594448161,0.638199047958002
0.492119211537643,0.31574514141589,0.63820275877117
0.492179620680986,0.316114087388615,0.638147130376526
0.491770149720831,0.316406203833578,0.638032991596312
0.490891093635787,0.316634099457777,0.637863273643007
0.489547320782206,0.316809257514774,0.637643001615726
0.487748289755974,0.316941849843097,0.63737918476484
0.485507812888126,0.317040690647578,0.637080597035371
0.482843544946671,0.317113305932011,0.63675745331448
0.479776224685485,0.317166067716917,0.636421004836912
0.476328756147004,0.31720433594561,0.636083094140112
0.472525265122151,0.317232565744273,0.635755718664664
0.468390280283558,0.317254364802951,0.635450647444412
0.463948158799244,0.317272513763778,0.635179118175281
0.45922281346471,0.317288983248816,0.634951618895854
0.454237727977162,0.31730499154331,0.634777738197724
0.449016192854343,0.31732114711853,0.634666056283598
0.443581667153201,0.317337710154911,0.634624047627214
0.437958167154688,0.31735498591431,0.634657972421643
0.432170591894997,0.31737382930155,0.634772745422091
0.426244908213173,0.317396196982107,0.6349717848054
0.420208134110689,0.317425640818458,0.635256858387991
0.414088084520676,0.31746761112047,0.635627957202168
0.4079128850851,0.317529449513283,0.636083232711121
0.401710315689145,0.317620009186391,0.636619029145374
0.395507100445006,0.317748934212109,0.637230024678835
0.389328289644167,0.317925727000352,0.637909468720944
0.383196862613906,0.318158793855237,0.638649477459768
0.377133620211534,0.31845465876091,0.639441336663824
0.371157356000629,0.318817479708407,0.640275764828205
0.365285228203959,0.319248917744017,0.641143107911167
0.35953322288618,0.319748328924786,0.642033460195352
0.353916605518956,0.320313194906123,0.642936725263394
0.348450290659923,0.320939684945013,0.643842641529568
0.343149101121785,0.321623245603585,0.644740797309218
0.338027921603701,0.322359133391431,0.645620655080223
0.333101773824975,0.323142831184119,0.646471595521006
0.328385842593393,0.323970312638283,0.647282985720298
0.323895480045077,0.324838139397467,0.648044269286479
0.319646193041728,0.325743389354927,0.648745078361601
0.315653614804114,0.326683428607378,0.649375363413039
0.311933428694075,0.327655549078944,0.649925547307313
0.308501229247626,0.328656510780723,0.650386701222167
0.305372275771503,0.329682039882109,0.650750752546527
0.302561139577319,0.330726351768027,0.651010717133919
0.300081240767438,0.331781776099804,0.651160952642067
0.297944324689235,0.332838561817918,0.65119741022609
0.296159946325205,0.333884923173072,0.651117857767912
0.294735059104328,0.334907354045009,0.650922039631291
0.293673800376158,0.335891188629908,0.650611742347808
0.292977537872514,0.336821331766638,0.650190748149424
0.29264518728794,0.337683036900195,0.64966467908488
0.292673747487482,0.338462590620477,0.649040756597263
0.293058947252496,0.339147780702251,0.648327517492855
0.293795873764298,0.339728077658623,0.647534531713342
0.294879464328218,0.340194531959087,0.646672159565633
0.296304779596654,0.340539457275385,0.645751370721546
0.298067022318183,0.340756014615858,0.644783630523002
0.300161305248441,0.340837824027026,0.643780845683611
0.302582200072767,0.340778711157686,0.64275535237698
0.305323120239482,0.340572652444778,0.641719923252442
0.308375613923489,0.340213922476736,0.64068776384293
0.311728674635738,0.339697377900345,0.639672463202338
0.315368211918958,0.339018745605469,0.638687861999282
0.319276842940915,0.338174740157304,0.637747810443531
0.323434137136809,0.337162846951834,0.636865813985461
0.32781734749784,0.335980699732879,0.636054604909545
0.332402505599762,0.334625151246216,0.635325718785477
0.337165604632567,0.333091332250279,0.634689173696003
0.342083532330288,0.331372126489675,0.634153329909783
0.347134496727921,0.329458472525085,0.633724950616097
0.352297884589749,0.327340705141512,0.633409413860111
0.357553708225117,0.325010809810744,0.633210972387698
0.362881924256054,0.322465093535041,0.633132943363744
0.368261892475808,0.31970653619072,0.633177739152898
0.373672109725787,0.316746128398174,0.633346711581535
0.379090192894626,0.313602847272381,0.633639849132921
0.384492991011266,0.310302399472093,0.634055410371604
0.389856712984963,0.306875211273943,0.634589583164614
0.395157026503948,0.303354218148703,0.635236236339787
0.400369152599375,0.299772852094834,0.635986799112342
0.405468013456548,0.296163403339821,0.636830280098375
0.410428487978924,0.292555771920698,0.637753425715625
0.415225805559638,0.288976561832484,0.638741012063094
0.419836076640558,0.285448478219477,0.63977625834143
0.424236924973411,0.281990020848043,0.640841339706955
0.428408156214702,0.278615488652299,0.641917964056763
0.432332375042138,0.275335304330451,0.642987964196264
0.435995456918957,0.272156634348509,0.644033850067717
0.439386793534313,0.269084232563916,0.645039268668303
0.4424992660954,0.266121391954465,0.645989334473934
0.445328944615726,0.263270868799591,0.646870815341553
0.44787456242219,0.260535650470316,0.647672186049442
0.4501368424122,0.257919478002762,0.648383579492756
0.452117779066186,0.255427080382758,0.648996682418056
0.45381994777522,0.253064142812893,0.649504611489823
0.455245939110204,0.250837048235603,0.649901818079151
0.45639789255957,0.248752501996715,0.650184013580412
0.457277237954968,0.246817073529588,0.650348166126794
0.457884484141251,0.245036815470514,0.650392492134249
0.458219212219819,0.243416935126836,0.650316510695244
0.45828008177568,0.241961673680642,0.65012106217206
0.45806497357509,0.240674368624843,0.649808337193513
0.457571200723141,0.239557776601933,0.649381870864806
0.45679583973463,0.238614650463185,0.648846514362364
0.455736195620588,0.237848549738078,0.648208384309291
0.454390414945154,0.237264797502523,0.647474802451969
0.452758225808915,0.236871421756719,0.646654241104924
0.450841731084117,0.23667984706274,0.645756289186807
0.448646121199816,0.236705074564572,0.644791646268746
0.446180134555724,0.236965153133449,0.643772138176866
0.443456112436777,0.237479923275218,0.642710730857423
0.44048959001553,0.238269263648123,0.641621507352139
0.437298510097289,0.239351271115699,0.640519574306653
0.433902271767505,0.240740832817817,0.639420882398321
0.430320859975435,0.242448862525841,0.638341972917768
0.426574225783834,0.244482164281796,0.637299687184686
0.422681953604281,0.246843625154248,0.636310883620988
0.41866315054683,0.249532373531366,0.635392193259182
0.414536486222952,0.252543704311514,0.634559812844739
0.410320384112146,0.255868848214102,0.633829301669176
0.406033426185756,0.259494831624632,0.633215334806954
0.401694986133866,0.263404597428633,0.632731380870435
0.397325954843083,0.267577330296907,0.632389304518328
0.392949273610625,0.271988792257969,0.632198922289704
0.388589964123918,0.276611554081023,0.632167557742319
0.384274475657348,0.281415208621966,0.63229965417542
0.380029408140476,0.286366784480487,0.632596510989507
0.375879913724018,0.291431537472489,0.633056201264901
0.371848218140688,0.296574120094687,0.633673693727109
0.3679526661228,0.301759936325135,0.634441150516854
0.364207500230861,0.306956391243743,0.635348327775501
0.360623330293705,0.312133778081076,0.636382990905033
0.357208059033007,0.317265670332475,0.637531273875156
0.353967962384207,0.322328832926658,0.638777948202201
0.350908670681699,0.327302777152886,0.640106603598827
0.34803590433237,0.332169135036995,0.641499766622193
0.345355926901132,0.336911024922685,0.642938993179306
0.342875753610374,0.34151254137233,0.644404969357744
0.340603185156798,0.345958450630148,0.645877648283899
0.338546733350182,0.350234123158572,0.647336443092612
0.336715481333179,0.354325693900913,0.648760489610916
0.335118892292017,0.358220408760576,0.650128986317261
0.333766557194565,0.361907090729761,0.651421612076306
0.332667862389099,0.365376639585216,0.652619011845893
0.331831564516281,0.368622467744136,0.653703326860996
0.331265283507496,0.371640775180204,0.654658729670681
0.330974956499032,0.374430584688659,0.655471911147272
0.330964328694769,0.376993493693662,0.65613245981803
0.33123457557689,0.379333151180091,0.656633080962167
0.331784145989287,0.381454521435972,0.656969622928069
0.332608881005244,0.383363045710136,0.657140911468845
0.333702408626113,0.385063836913814,0.657148428161044
0.335056749675302,0.386561040654462,0.656995899934802
0.336663023282803,0.387857459881345,0.656688878636812
0.338512119787462,0.388954485677272,0.656234382930777
0.340595226780027,0.389852309815864,0.655640647097587
0.34290413453598,0.39055034197946,0.654916987438696
0.345431298756333,0.391047718816633,0.654073763576115
0.34816968128887,0.391343782581098,0.653122390850725
0.351112417555192,0.391438417068852,0.652075352387418
0.354252370438075,0.391332155245105,0.650946165707341
0.357581634430819,0.391026009419842,0.649749272866966
0.361091054853465,0.390521026049035,0.648499843695534
0.364769832751573,0.38981762971633,0.64721350328908
0.368605292029672,0.388914895003403,0.645906016673934
0.372582883802825,0.387809952743832,0.644592980601307
0.376686479242539,0.386497769803892,0.643289579856089
0.380898946859997,0.38497150336692,0.642010456710746
0.385202929819635,0.383223502725062,0.640769713842537
0.38958166181382,0.381246842955213,0.639581028733883
0.394019628839409,0.379037098185898,0.638457816152242
0.39850292549976,0.376593986302327,0.637413354189185
0.403019256707908,0.373922581529711,0.636460799672546
0.407557651571814,0.371033960168897,0.635613055507157
0.412108032477772,0.367945331772708,0.634882497826665
0.416660790527955,0.364679830714616,0.634280605140137
0.421206462815994,0.361266159734087,0.633817543885436
0.425735512619861,0.357738187376835,0.633501755184523
0.430238112464317,0.354134433114018,0.633339564888693
0.434703759266212,0.350497181607345,0.633334816384024
0.439120558395119,0.346870847813369,0.633488517437999
0.443474147711785,0.343299306900599,0.633798509405032
0.447746489481687,0.33982231065312,0.6342592072588
0.451915012694285,0.336471733789766,0.634861497872549
0.455952622674641,0.333268834937062,0.635592883212872
0.459828791370805,0.330223536646693,0.636437895984733
0.463511463909605,0.327335914824326,0.637378727841434
0.466969197823333,0.324599178788769,0.638395952232
0.470172971249576,0.322003011732566,0.63946922567614
0.473097353038545,0.3195363482537,0.640577894651261
0.47572100405469,0.317189173100032,0.641701483279609
0.478026645082262,0.314953370986593,0.642820067834461
0.480000675905728,0.312822884783778,0.643914556767679
0.481632611032958,0.310793476295702,0.644966897271429
0.482914455988242,0.308862321077621,0.645960228178367
0.483840107111114,0.307027580752772,0.646878997010682
0.484404826289527,0.305288021344774,0.647709057089368
0.484604819696123,0.303642696091564,0.648437758339037
0.484436935856203,0.302090684312078,0.649054042951762
0.483898490373741,0.300630868353326,0.649548554103596
0.482987220403746,0.299261732368512,0.649913762451845
0.481701369237724,0.297981174833445,0.650144111063766
0.480039897259404,0.29678633784397,0.650236174332287
0.478002808101232,0.29567346748672,0.650188820322583
0.475591566621941,0.29463782834264,0.650003359166551
0.47280956808424,0.29367369887366,0.649683653431387
0.469662598632176,0.292774470378965,0.649236161857094
0.466159211254526,0.291932858732908,0.648669887935464
0.4623109371768,0.291141215698465,0.647996212023653
0.458132267610389,0.290391899448067,0.647228600856297
0.453640380379215,0.289677639610595,0.646382210221248
0.448854641616705,0.288991821243313,0.645473418462833
0.44379597053931,0.288328621657188,0.644519343445811
0.438486192983827,0.287682964626898,0.643537396671862
0.432947511402878,0.2870502995794,0.64254491410604
0.427202182705229,0.286426254894392,0.641558878649604
0.421272436169711,0.285806240903563,0.640595724002242
0.415180600644006,0.28518508338523,0.639671191739918
0.40894936371272,0.284556753281672,0.638800208004326
0.402602064396859,0.283914229911697,0.637996752412417
0.396162925594467,0.283249502069658,0.637273705539923
0.389657156555369,0.282553684030065,0.636642676961343
0.38311089136291,0.281817212017539,0.636113828666717
0.376550965892549,0.281030101908455,0.635695714913985
0.370004563769767,0.280182294092037,0.635395158532967
0.363498771811268,0.279264172317708,0.635217176415952
0.357060077421649,0.278267375572404,0.635164957771063
0.350713828385659,0.277185964081003,0.635239891723279
0.344483685895564,0.276017819582668,0.635441637783334
0.33839114888199,0.274765921090625,0.635768229970429
0.332455283629332,0.273439008458456,0.636216198538412
0.326692791745276,0.272051282253619,0.63678068392952
0.321118450184063,0.270621161746714,0.637455515542749
0.315745803056,0.269169503362762,0.638233241079113
0.310587879632196,0.267717830539689,0.63910511605073
0.30565772487797,0.26628699660958,0.640061082902395
0.300968635547711,0.264896437045094,0.641089773896333
0.29653412040564,0.263563938265045,0.642178561648723
0.292367685299496,0.262305737846398,0.643313664457228
0.288482565831642,0.261136762399718,0.644480299121874
0.284891507708895,0.260070854178413,0.645662866591041
0.281606651944039,0.259120894095851,0.646845155846256
0.278639537649956,0.258298777923254,0.648010556740638
0.276001198871035,0.257615241221714,0.649142279936142
0.273702307845544,0.257079561141039,0.650223588463421
0.271753305805882,0.256699192520073,0.651238048455529
0.270164464754466,0.256479420780629,0.652169804690006
0.268945837707458,0.256423127878333,0.653003880319069
0.268107080059192,0.256530761739849,0.653726490959273
0.267657155591384,0.256800567212976,0.654325354614987
0.267603972506655,0.257229080859715,0.65478997320541
0.267954016878393,0.257811826185163,0.655111861814038
0.268712056444303,0.258544093368416,0.655284708081491
0.269880972134202,0.259421668213654,0.655304455163229
0.271461742209478,0.26044139523784,0.655169314260624
0.273453565150386,0.26160150977018,0.654879723088828
0.275854073104074,0.262901728921872,0.654438273370583
0.278659568097666,0.264343133386471,0.653849631429439
0.281865207245775,0.265927888836114,0.653120473231966
0.28546507188638,0.267658851181506,0.652259448235694
0.289452071878275,0.269539083679432,0.651277177017038
0.293817661235091,0.271571299373838,0.650186274929631
0.298551374038513,0.273757240423062,0.649001378647987
0.303640231102405,0.276097022554869,0.647739135998114
0.309068117303817,0.278588507777216,0.646418105623874
0.314815275841252,0.281226810478112,0.645058509503186
0.320858089192646,0.284004069871898,0.64368179655561
0.327169289561856,0.286909607504276,0.642310015019361
0.333718646930694,0.289930513571912,0.640965048980697
0.340474036086996,0.293052581048664,0.639667829192533
0.347402642989924,0.296261380826584,0.63843765080621
0.354472010784006,0.299543209400988,0.637291702279083
0.361650685398464,0.302885679606603,0.63624484016757
0.368908372163366,0.306277845190127,0.635309567467589
0.376215680855476,0.309709890646164,0.634496124448818
0.383543648152153,0.313172521518453,0.63381259531071
0.390863255866645,0.316656233151337,0.633264963296307
0.398145126977045,0.320150628185818,0.632857090576231
0.405359510178839,0.323643918920395,0.632590639728972
0.412476584798889,0.327122710224925,0.632464980517519
0.419467046888942,0.330572121312551,0.632477136824386
0.426302875501776,0.333976265278459,0.6326218242779
0.432958138755926,0.337319063047244,0.6328916127317
0.439409665986848,0.34058530365796,0.633277220532368
0.445637440047629,0.343761808617382,0.633767917621233
0.4516245711025,0.346838468855697,0.634351981490077
0.457356876734456,0.349808945959776,0.635017139160607
0.462822061389675,0.352670755184132,0.635750912424386
0.468008864203162,0.355424750772737,0.636540842160571
0.47290609828224,0.358073825953097,0.637374534518431
0.477502394454033,0.360621500060159,0.638239663145685
0.481785732575262,0.36306995413965,0.639123803119252
0.485744525320235,0.36541921823053,0.640014519098177
0.489367182986373,0.367665536201394,0.640899138365072
0.492644574247267,0.369802495181759,0.641765267470588
0.495568365470158,0.371819621187514,0.642600409088197
0.498134605815823,0.373705550454584,0.643393032192918
0.500340324301446,0.37544611007747,0.644131842447223
0.502187490811879,0.377028373405035,0.644807166033097
0.503679100023614,0.378438406663251,0.645410037815271
0.504822001768934,0.3796643914244,0.645933306648349
0.505624237956929,0.380695022514425,0.646370971993454
0.506095962382722,0.381520730637681,0.646718616562193
0.506248213678139,0.382132872261546,0.646973064281068
0.506092715492073,0.382523668637382,0.647132336432795
0.505641251750237,0.382685653783901,0.647195421830174
0.504905276426823,0.382611283726403,0.647162115389557
0.503895581777594,0.382292595111699,0.647032881922557
0.502622173185072,0.381721099555665,0.646808816169641
0.501094361092051,0.380887947592693,0.646491707669437
0.499321095085619,0.37978438853272,0.646084211569554
0.497311487120938,0.378402448694818,0.645590083754265
0.4950754379926,0.376735705901573,0.645014420830656
0.492624241732962,0.374779996524909,0.644363833679066
0.489971062282897,0.372533931044396,0.643646504215283
0.487131201364704,0.369999139538223,0.642872100593494
0.484122139599765,0.367180261696395,0.642051565624431
0.480963360058119,0.364084737104245,0.64119681162159
0.477676002459835,0.360722512474151,0.640320372250867
0.47428237618702,0.357105759989392,0.63943504984833
0.470805366955414,0.353248717026859,0.638553592396935
0.467267733143787,0.349167686248044,0.637688408955666
0.463691305079184,0.344881220374758,0.636851326247936
0.460096095712924,0.340410418458118,0.636053371432728
0.45649938935409,0.335779225687364,0.635304570614881
0.45291491354531,0.331014550586319,0.634613753381647
0.449352257877514,0.326146027744333,0.633988371362042
0.44581669938009,0.321205301774068,0.6334343516774
0.442309540053954,0.316224856789295,0.632956017711183
0.438828932605544,0.311236575476862,0.632556103503207
0.435371030924856,0.306270336277911,0.632235868065692
0.431931204914688,0.301352958721822,0.631995287506039
0.428505060711358,0.296507690959855,0.631833282191093
0.425089094587275,0.291754254790488,0.631747932530489
0.421680936447997,0.287109309187036,0.631736650583172
0.418279248667272,0.282587116067512,0.631796296597733
0.414883408674725,0.278200196409022,0.631923249692384
0.411493117464345,0.273959822392218,0.632113453838544
0.40810805783192,0.26987626749809,0.632362462925718
0.404727693168126,0.265958808100778,0.63266550380325
0.401351261702314,0.262215526417004,0.633017566673188
0.397977985867255,0.258653003593253,0.63341352069908
0.394607481392236,0.255276012989079,0.63384824159412
0.391240314995047,0.252087326081932,0.634316729628419
0.387878625515515,0.249087724454742,0.634814193311516
0.384526697732033,0.24627627056159,0.635336077721888
0.381191370347802,0.24365083246704,0.635878027231876
0.377882177578642,0.24120879519225,0.636435788075898
0.374611168721414,0.238947840736714,0.637005072408186
0.37139241378363,0.236866655597433,0.637581417001267
0.368241269348576,0.234965437066821,0.638160072470153
0.365173528130588,0.233246113646838,0.638735951929262
0.36220459402983,0.231712257561003,0.639303653569303
0.359348807723669,0.230368729557012,0.639857554621701
0.356619003526492,0.229221142683708,0.640391959487353
0.354026321141628,0.228275253602031,0.64090127602125
0.351580242242165,0.227536387853416,0.641380192067643
0.349288783037989,0.227008985729073,0.641823828270335
0.347158754823635,0.226696326725604,0.642227850703642
0.345196004013135,0.226600460422911,0.642588535650808
0.343405556833642,0.226722342868868,0.642902787463643
0.341791618398517,0.227062151500311,0.643168117737095
0.340357407644694,0.227619725516995,0.64338259999221
0.339104847476657,0.228395052892342,0.64354481807311
0.338034169979577,0.229388702073439,0.64365382801618
0.337143533501588,0.230602083961016,0.643709151077694
0.336428770049104,0.232037438838101,0.643710809036007
0.335883375307174,0.233697485168782,0.643659401267951
0.335498809273147,0.235584741384884,0.643556208809532
0.33526509920397,0.237700623308042,0.64340329736788
0.335171649809658,0.240044494592361,0.643203585133312
0.335208103376153,0.242612873405864,0.642960845714532
0.33536508084786,0.245398959755534,0.642679631400527
0.335634678713143,0.248392561595302,0.64236512135449
0.336010673515904,0.251580399224038,0.642022916352818
0.336488465590061,0.254946695676692,0.641658810055515
0.337064848017527,0.258473929706107,0.641278566626091
0.337737708117032,0.262143637244613,0.64088772740105
0.338505757906074,0.26593717529442,0.64049146065204
0.339368360656915,0.269836395234204,0.640094460065098
0.340325479776187,0.273824192596741,0.639700892543496
0.341377737653028,0.277884911323524,0.639314391739787
0.342526536332285,0.282004579373102,0.638938091653919
0.343774172086732,0.286170956302191,0.638574690802384
0.34512386822823,0.290373381666925,0.638226535072045
0.346579669279575,0.294602439206475,0.637895703567217
0.348146170052675,0.298849482391333,0.637584082298938
0.349828102329894,0.30310610084359,0.637293412127538
0.351629838240527,0.307363622237303,0.637025304726498
0.353554897855565,0.311612739683506,0.636781227144569
0.355605540757998,0.315843324631924,0.636562464156073
0.357782500699449,0.320044444708581,0.636370071172911
0.360084879302629,0.32420456524839,0.636204832192422
0.362510181309846,0.32831188462153,0.636067233735358
0.365054444101462,0.332354740826009,0.635957461310108
0.367712405082175,0.336322026800655,0.635875418821827
0.370477651223556,0.340203560370042,0.635820766415345
0.37334270856739,0.343990364294396,0.635792967946646
0.37629904728968,0.347674820520112,0.635791336627162
0.3793369998373,0.351250668616794,0.635815065971829
0.382445612555742,0.354712824131267,0.635863233440871
0.385612474210282,0.358057001804507,0.63593476646185
0.388823585819971,0.361279145388852,0.636028365417238
0.392063350881163,0.364374693791589,0.636142386231641
0.395314767287342,0.367337752095941,0.636274696118121
0.39855988448264,0.370160280098686,0.636422528352963
0.401780546390502,0.37283144748754,0.636582372364915
0.404959374320786,0.37533731533767,0.636749939270802
0.408080867882742,0.377660971003662,0.636920235782788
0.411132441007431,0.379783162191267,0.637087759553201
0.414105192963329,0.381683361333079,0.637246800208423
0.416994257665903,0.383341079676806,0.63739180170882
0.419798671082715,0.384737184521679,0.637517724316009
0.422520813757734,0.385854980067783,0.637620345659068
0.425165581564278,0.386680889057471,0.637696459647355
0.427739482490693,0.387204687617954,0.637743961356981
0.430249844488206,0.387419358793637,0.63776183474637
0.432704264524226,0.387320710745792,0.637750079672876
0.435110355733659,0.386906941665018,0.63770962152535
0.437475777565466,0.386178328501397,0.637642241464879
0.439808473408204,0.385137180456167,0.637550550649606
0.442116993939839,0.383788137460729,0.637438011011399
0.444410753824484,0.382138811627186,0.637308981454986
0.446700059978204,0.380200669099096,0.637168746077041
0.448995772899686,0.377989944045939,0.637023466732167
0.451308529843934,0.375528295799386,0.636880004202375
0.45364756952933,0.372842909790281,0.636745576784902
0.456019327005324,0.369965839967938,0.636627270347365
0.458426064111673,0.366932589091861,0.636531465281075
0.460864814200259,0.363780154805008,0.636463280140361
0.463326832876013,0.360544926985838,0.636426130687026
0.465797597497654,0.357260828795109,0.636421466804164
0.468257258437355,0.353957956845527,0.63644869795482
0.470681372962596,0.350661776513275,0.636505275827146
0.473041761830236,0.347392762479259,0.636586885519158
0.475307391953314,0.344166296576444,0.636687703159795
0.477445264718499,0.340992645220386,0.636800697186861
0.47942134611329,0.337876904526421,0.636917970124125
0.481201597112053,0.334818885051811,0.637031149324326
0.482753150171837,0.331812982717406,0.63713183561141
0.484045636250029,0.328848133632348,0.637212108618826
0.48505260754532,0.325907972640123,0.637265070058428
0.485752936794036,0.32297130694462,0.637285385874588
0.486132022925498,0.320012977969201,0.637269771613542
0.486182615728913,0.317005121773714,0.637217359128224
0.485905105668513,0.313918763375866,0.637129891892855
0.485307212125971,0.310725613150621,0.63701172086321
0.484403120540993,0.307399895933209,0.63686960576312
0.483212225283359,0.303920047427141,0.636712356083935
0.481757688374911,0.300270151819643,0.636550361046522
0.480065007855388,0.296441046958695,0.636395055210045
0.478160721937734,0.292431064818662,0.636258352674405
0.476071295368669,0.288246394014381,0.636152068995641
0.473822178191682,0.283901053979213,0.636087344661934
0.4714370070679,0.279416472779221,0.636074088794833
0.468936927686906,0.274820674430117,0.636120472081552
0.466340034846726,0.270147108415685,0.636232506753931
0.463660942352223,0.265433185605394,0.636413753702908
0.460910503434591,0.260718611841129,0.636665190626774
0.458095708492775,0.256043628475075,0.636985261486664
0.455219791665287,0.25144728072292,0.637370108121137
0.452282578263151,0.246965843239936,0.637813961713982
0.449281092943991,0.242631536907677,0.638309647577009
0.446210416811997,0.238471663463412,0.638849135844814
0.44306473286695,0.234508252420257,0.639424059711369
0.439838445051122,0.230758252371282,0.64002612756149
0.436527218960064,0.22723421025379,0.640647378736184
0.43312878924687,0.2239452929513,0.641280269857553
0.429643420195591,0.220898441606088,0.641917619920518
0.42607397955561,0.218099439489293,0.642552473231946
0.422425671340846,0.215553717452686,0.643177951288203
0.418705541472632,0.213266805788567,0.64378715428377
0.414921905505251,0.211244432175593,0.644373147541358
0.411083844417378,0.209492340157414,0.644929036767619
0.407200881519404,0.208015944424212,0.64544810896867
0.403282902903816,0.206819948666558,0.645923998965817
0.399340326202118,0.205908037937223,0.646350836541493
0.395384465138175,0.20528272835793,0.646723336081451
0.391427985707888,0.204945420044272,0.647036806944648
0.38748531128002,0.204896656667233,0.647287086045193
0.383572819952863,0.205136550241093,0.647470419739726
0.379708701422345,0.205665287445572,0.647583343770791
0.375912409469462,0.206483604403577,0.647622619743742
0.372203750104267,0.207593112479519,0.647585278069822
0.368601754829036,0.208996385439199,0.6474687900671
0.36512355927487,0.210696774326371,0.647271353793575
0.361783510778519,0.212697982366651,0.646992243387346
0.358592661072911,0.215003485665264,0.646632153211683
0.355558693431368,0.217615909306563,0.646193471399192
0.352686229918199,0.22053645955844,0.645680438243489
0.349977396363693,0.223764480806702,0.645099173198134
0.347432500469705,0.227297165476455,0.644457579957636
0.345050693255005,0.231129409782493,0.643765156023374
0.342830518499815,0.235253784912094,0.643032739929595
0.340770293123002,0.239660584110836,0.642272227691451
0.33886829365479,0.244337908730961,0.641496283314844
0.337122746905628,0.249271766477265,0.64071805953162
0.335531638121751,0.254446168514246,0.639950936597777
0.334092360519182,0.25984322423415,0.639208280571994
0.332801240323266,0.265443241216219,0.638503218229354
0.33165298241575,0.271224840195441,0.63784842397619
0.330640093706492,0.277165090964181,0.637255914143593
0.329752352054781,0.283239665844016,0.636736845289656
0.328976394540894,0.28942299506633,0.63630131495215
0.328295497796021,0.295688397161418,0.635958164850568
0.327689614341354,0.302008151570703,0.635714787265695
0.327135713430083,0.308353483838273,0.635576935088765
0.326608455719637,0.314694448543481,0.635548535080542
0.3260812093987,0.320999721504909,0.635631503276081
0.325527390462194,0.327236347801069,0.635825562638289
0.324922078421105,0.333369529207874,0.636128067425964
0.324243817988023,0.339362563831765,0.636533846862526
0.32347646914682,0.345177060284242,0.637035091457971
0.322610921526377,0.350773529422073,0.637621315829651
0.321646460842499,0.356112404980712,0.638279437749971
0.320591579719446,0.361155469083618,0.638994010867113
0.319464071189442,0.365867574443726,0.639747636069764
0.31829032256988,0.370218483492015,0.640521555337061
0.317103825868113,0.374184598149718,0.641296404999129
0.315943019554851,0.37775034061482,0.642053077036467
0.314848666693212,0.380908963183101,0.642773610636873
0.313861049744806,0.38366261652461,0.643442016459027
0.313017317879121,0.386021592642769,0.644044928326936
0.31234933955415,0.388002784641898,0.644571989408239
0.311882366357498,0.389627556647144,0.64501591761745
0.311634683712501,0.390919359063313,0.645372256183585
0.311618222328211,0.391901503213492,0.645638885401252
0.311839886882252,0.392595479354956,0.645815425833056
0.312303204617177,0.393020058413615,0.645902678895697
0.313009866115249,0.393191208683992,0.645902220810194
0.313960829076874,0.393122661028509,0.645816203538979
0.315156830373584,0.392826836392331,0.645647348380359
0.316598332010396,0.392315827557117,0.645399067260939
0.318285057280204,0.391602184183495,0.645075625155113
0.320215339121385,0.390699344525456,0.644682261356829
0.322385510507173,0.389621656946823,0.644225209570365
0.324789537377974,0.388384020786716,0.643711587188467
0.327419041514991,0.387001247065,0.643149156681565
0.330263786243875,0.385487298762218,0.642545993556383
0.333312600540658,0.38385461542405,0.641910122277858
0.336554597291251,0.382113745922123,0.641249199223215
0.339980417143506,0.380273483435373,0.640570322593237
0.343583143228836,0.378341595812142,0.639880025526153
0.347358537899108,0.376326075165248,0.639184459729828
0.35130439044453,0.374236635860571,0.638489713594838
0.355419014933261,0.372086052930335,0.637802155421504
0.3596992118029,0.369890931936923,0.637128675319253
0.36413818779209,0.367671655100807,0.636476729969362
0.368723935582749,0.365451495684482,0.635854160711268
0.373438418198182,0.36325512317574,0.635268826984105
0.378257662675944,0.361106848997579,0.634728145817834
0.383152644136887,0.359028959602406,0.634238640166391
0.388090699868305,0.357040385201732,0.633805579345918
0.393037171466573,0.355155816295601,0.633432758281767
0.397957009396169,0.353385259059978,0.633122424414291
0.402816154502859,0.351733942798206,0.632875332130024
0.407582600337171,0.350202465331402,0.632690888708578
0.41222711754441,0.348787076218267,0.63256735202556
0.416723674643173,0.347480037629263,0.632502045434052
0.421049616165919,0.346270049596234,0.63249156521946
0.42518566228997,0.345142762343216,0.63253196707959
0.429115781727707,0.344081409356897,0.63261892732106
0.432826972218413,0.34306757571992,0.632747880257771
0.436308970792383,0.342082074272502,0.632914135450746
0.439553914994197,0.341105855551425,0.633112978015934
0.442555985162908,0.340120847447851,0.633339753919157
0.445311068651593,0.339110620754764,0.633589941287614
0.447816489744439,0.338060807057302,0.633859208658286
0.450070838430194,0.336959243397254,0.634143461290505
0.452073909449328,0.335795867319379,0.634438876636342
0.453826738640192,0.334562423450463,0.634741929740186
0.45533170600258,0.333252063352212,0.635049409212896
0.456592668798162,0.331858925278253,0.635358424966307
0.457615091412818,0.330377774373352,0.63566641003975
0.458406145267268,0.328803771821892,0.635971119980402
0.458974754771266,0.32713242623443,0.636270633431494
0.459331561596899,0.325359762474312,0.636563356311945
0.459488771298222,0.323482719629778,0.636848029168431
0.459459840610656,0.321499757821741,0.63712373359731
0.459258969692012,0.319411611184483,0.637389890145896
0.458900389475039,0.317222074392153,0.637646238193304
0.458397483511123,0.314938662522005,0.637892789356982
0.457761849499663,0.312572957032213,0.638129750802781
0.45700246847042,0.310140467461008,0.638357423122844
0.456125178930824,0.307659917252591,0.638576087069071
0.455132619686225,0.305151999732907,0.638785900488984
0.454024700667298,0.30263780988496,0.638986827289134
0.452799514432942,0.300137274346868,0.639178612362684
0.451454471106582,0.297667915597617,0.639360802712202
0.449987383746394,0.295244181577322,0.639532801544626
0.448397269154842,0.292877394237897,0.639693934821666
0.446684734060291,0.290576197140248,0.639843510943699
0.444851937474909,0.288347275300322,0.639980861739198
0.442902214913486,0.286196098647723,0.640105362432119
0.440839502013822,0.284127484936532,0.640216435915445
0.438667709192231,0.28214585598175,0.640313550751274
0.436390188971562,0.280255145975547,0.640396222813697
0.434009414363137,0.278458398816107,0.640464028019016
0.431526955057858,0.276757157778471,0.640516629276478
0.428943795778304,0.275150803604832,0.640553815199235
0.426260986440492,0.273636028360307,0.640575542867586
0.423480546159452,0.272206632781334,0.640581972474324
0.420606475529787,0.270853789338428,0.640573480695344
0.417645681313641,0.269566821607569,0.640550641949383
0.414608610189821,0.268334424652204,0.640514173719492
0.411509435437483,0.267146129475001,0.640464850830751
0.408365737567238,0.265993738122887,0.640403402479348
0.405197736492755,0.264872458687584,0.640330410354573
0.402027230558706,0.263781547712711,0.640246226333681
0.398876445136593,0.262724392987932,0.640150922611553
0.395766982328282,0.261708093108359,0.640044279713999
0.392719007646705,0.260742676848115,0.639925809955387
0.389750734887344,0.259840138383259,0.639794808641184
0.386878201498102,0.259013451131919,0.639650423008956
0.38411527851516,0.25827568156007,0.639491729423095
0.381473835714473,0.257639274645324,0.639317811595582
0.378963980520785,0.257115539380759,0.639127835348652
0.376594300884633,0.256714332304877,0.638921117889606
0.374372061286934,0.256443920845901,0.638697190968372
0.372303321533631,0.256311002486961,0.638455857723393
0.370392967772115,0.256320856130697,0.638197242437971
0.368644662653095,0.256477603342452,0.637921831339724
0.367060736724267,0.256784555940165,0.637630501371267
0.365642055046809,0.257244620340856,0.63732453323025
0.364387900741384,0.257860718938501,0.637005605343065
0.363295918291745,0.258636177311598,0.636675767233192
0.362362152181522,0.259575018912958,0.636337393793544
0.361581199715179,0.260682111886471,0.635993125699746
0.36094647265359,0.261963129953973,0.635645804424995
0.360450535902225,0.263424320126025,0.635298411728688
0.360085470761005,0.265072107322247,0.634954022209914
0.359843203079443,0.266912598931188,0.634615773545962
0.359715746959846,0.268951070340035,0.634286853525974
0.359695340184192,0.271191510700698,0.633970497767303
0.359774480429468,0.273636289796618,0.633669988807508
0.359945901276613,0.276285980803881,0.633388647068778
0.36020254517026,0.279139349889267,0.633129806967274
0.360537591819471,0.282193508050321,0.63289677641846
0.360944583941116,0.285444213367167,0.632692784095948
0.361417659630606,0.288886307388768,0.632520924906079
0.361951856633763,0.292514259661619,0.632384118982896
0.362543406751659,0.296322772699174,0.632285101505196
0.363189902181752,0.300307365183228,0.632226457889331
0.363890208030213,0.304464812770271,0.632210709818258
0.364644033533905,0.308793303038147,0.632240442132668
0.365451162786556,0.313292178131141,0.632318441939981
0.366310463361148,0.317961210817129,0.632447805993943
0.367218892638204,0.322799477325161,0.632631968476878
0.368170756239082,0.327804014236275,0.632874613763473
0.369157416044825,0.332968524430491,0.633179465458394
0.370167517260939,0.338282393346577,0.633549974663123
0.37118765917737,0.34373019454154,0.633988955220716
0.372203328257381,0.349291739407837,0.634498223483255
0.373199874069076,0.354942605832627,0.635078293715382
0.374163334708971,0.360654997317299,0.635728162279667
0.375080985451967,0.366398748483715,0.636445191325334
0.375941565689672,0.372142299200275,0.637225082212642
0.376735214813787,0.377853495647488,0.638061914733474
0.377453206549389,0.383500130043612,0.63894822244102
0.378087608141364,0.389050191886015,0.63987507744458
0.37863100284183,0.394471865312055,0.640832168881616
0.379076398840923,0.399733360549788,0.641807875096249
0.37941740453847,0.404802704165484,0.642789346359554
0.379648683424829,0.409647620598225,0.6437626267903
0.379766625669801,0.414235613818699,0.644712846797153
0.379770108381704,0.418534300745861,0.645624507214527
0.379661185310029,0.42251197847736,0.646481857151482
0.379445560739305,0.426138338855778,0.647269343530454
0.379132758426733,0.429385207154669,0.647972092165055
0.378735972972514,0.432227175976571,0.648576371152373
0.378271663613259,0.434642040988107,0.64906999303361
0.377758996379294,0.436610993659648,0.649442625788951
0.377219253423668,0.438118585863241,0.649686003421563
0.376675310389345,0.439152522218863,0.649794044303871
0.376151246819308,0.439703365558588,0.649762899890397
0.375672112221887,0.439764247735394,0.649590962911785
0.375263831316079,0.439330672069686,0.649278864769164
0.374953200500693,0.438400478103518,0.648829487181104
0.374767904393306,0.436974018334566,0.64824800470208
0.374736465412749,0.435054567546055,0.647541962325657
0.374888030652177,0.432648948564073,0.646721377181124
0.375251901221997,0.42976830788588,0.645798835180644
0.375856725997334,0.426428911161771,0.64478953479475
0.37672932239644,0.422652762587705,0.643711216429893
0.377893156853217,0.418467807147782,0.642583915152285
0.379366611614098,0.413907487229459,0.641429495379549
0.381161259330519,0.409009528050094,0.640270971148204
0.383280424409818,0.403814020213213,0.639131674491701
0.385718295101916,0.398361095033979,0.638034383302913
0.388459755361625,0.392688650643519,0.637000533455022
0.391480962272205,0.386830595404001,0.636049608134269
0.394750556256031,0.380815918507786,0.635198736643789
0.398231302228705,0.374668648095217,0.634462476274494
0.40188193892012,0.368408524245785,0.633852719266912
0.405659054430536,0.362052079253612,0.63337866845098
0.409518884141249,0.355613802769263,0.633046849491922
0.413419006160318,0.349107147329405,0.632861158465579
0.417319951904539,0.342545248985127,0.632822966372902
0.421186731106469,0.335941351306962,0.632931308371904
0.424990192926698,0.329308998959124,0.633183172021123
0.428708040378545,0.322662100202132,0.633573869059183
0.432325241847121,0.316014950796596,0.634097439072827
0.43583360649789,0.309382277709786,0.63474700631892
0.439230447309471,0.302779316044691,0.635515009267147
0.442516515308778,0.296221893739746,0.636393254238934
0.445693641789033,0.289726479917401,0.637372801283891
0.448762636932251,0.283310159957015,0.63844374769787
0.451721895170413,0.276990527423988,0.639595005306155
0.4545669020813,0.27078551498867,0.640814159584266
0.457290555792402,0.264713208386254,0.64208746058131
0.459884025009377,0.258791691671496,0.643399948451745
0.462337806962908,0.253038960289521,0.644735679070426
0.464642694012957,0.247472916844774,0.646077996936878
0.466790451540095,0.242111440316255,0.647409802597301
0.468774108858497,0.236972495523229,0.648713775831268
0.47058784552193,0.232074231150248,0.649972536950795
0.472226519668147,0.227434999551362,0.651168754276562
0.473684933766666,0.223073231099837,0.652285228733847
0.474956979402615,0.219007105436672,0.653305006596923
0.476034835643325,0.215253999669064,0.654211577019097
0.476908412658505,0.211829741887288,0.654989203700719
0.477565208728783,0.208747766699355,0.655623409363815
0.477990680824101,0.20601832003073,0.656101588855452
0.478169114804482,0.203647883027153,0.656413677655432
0.478084854933875,0.201638952843682,0.656552769480968
0.477723653976923,0.199990239220304,0.65651557250461
0.477073873909157,0.198697233991778,0.656302623455051
0.476127314715566,0.197753023247269,0.655918232211951
0.474879552614828,0.197149169640838,0.655370186023693
0.473329788834025,0.196876503110333,0.654669283618431
0.471480307441133,0.196925708429293,0.653828785831688
0.469335694584553,0.197287664140565,0.652863862153772
0.466901983098481,0.197953545632547,0.651791091373434
0.464185868283733,0.198914743000023,0.650628049046135
0.461194109828722,0.200162657444374,0.649392992777791
0.457933202829026,0.201688431520384,0.648104641264088
0.454409370186256,0.203482645605384,0.646782033401088
0.450628895060654,0.205534981649906,0.645444446933476
0.446598765255396,0.207833823406393,0.644111348675923
0.442327533543904,0.210365738693239,0.642802339306233
0.437826214118668,0.213114783856789,0.641537048079547
0.433108962149597,0.216061596145447,0.640334932679004
0.428193272245109,0.219182303818186,0.63921495415091
0.423099535896754,0.222447381364936,0.638195128448823
0.417850027285066,0.225820683272851,0.637291995511076
0.412467665396252,0.229258963622968,0.636520075341148
0.406975080340772,0.232712198189515,0.635891380704051
0.401394463170925,0.236124963485127,0.635415026972372
0.395748387597246,0.239439003044682,0.635096940946472
0.390061379229659,0.242596926656648,0.634939648290205
0.384361656530549,0.245546735401437,0.634942126606597
0.378682332292738,0.248246573745998,0.635099738940323
0.373061510516887,0.250668883480561,0.63540428744962
0.367541086827408,0.252803113992359,0.635844229182954
0.362164500407635,0.254656401132148,0.636405072066295
0.356973999924412,0.256252085704356,0.637069933363213
0.352008061132943,0.257626416166736,0.637820213751326
0.347299448367515,0.258824095773121,0.638636327802267
0.342874159037311,0.259893430925873,0.63949843334423
0.338751251372133,0.260881765783855,0.640387108510608
0.334943397715167,0.261831739178505,0.64128392960076
0.331457936015292,0.262778734868265,0.64217190569497
0.328298184366164,0.263749721410079,0.6430357341347
0.325464807976226,0.264763473114333,0.643861861752602
0.322957066438406,0.265831931222986,0.644638370893875
0.320773813775266,0.26696225737728,0.645354747848241
0.318914174209898,0.268159030725444,0.646001618153775
0.317377872356441,0.269426095043614,0.64657053489746
0.316165253135598,0.270767749129681,0.647053880530143
0.315277074426007,0.272189209101056,0.647444900637711
0.314714181544203,0.273696465917784,0.647737846942351
0.314477171645394,0.275295767956813,0.647928179901503
0.314566130781626,0.276992978255324,0.648012773706356
0.314980487145247,0.278793019727042,0.647990075171906
0.315718982079725,0.280699562740711,0.647860186334023
0.316779722789405,0.282715048890608,0.647624862362813
0.318160250138411,0.284841088021402,0.647287437508057
0.319857534879045,0.287079207954505,0.646852708841222
0.321867807743452,0.289431869277645,0.646326818859208
0.324186142201278,0.291903580311287,0.645717179638576
0.326805751164156,0.294501872968536,0.645032469933006
0.329717032847464,0.297237859397408,0.644282710939641
0.332906492056088,0.300126121626949,0.643479390649795
0.336355735699031,0.30318381725852,0.642635572577482
0.340040750593577,0.306429095140195,0.641765908365431
0.343931593665582,0.309879131219783,0.640886486783615
0.34799248457455,0.313548213369077,0.640014491506695
0.352182160571675,0.317446257151901,0.639167688920538
0.356454304928739,0.32157793912626,0.638363803521651
0.360757920303712,0.325942386738577,0.637619849412296
0.365037650053079,0.330533175231015,0.636951475618264
0.36923418926045,0.335338318537524,0.636372362970011
0.373285016480972,0.340340002565203,0.635893693912934
0.37712569208492,0.345513954361664,0.635523709128807
0.380691907860573,0.350828517488122,0.635267365357119
0.383922348393714,0.356243673071597,0.635126112565034
0.386762253468432,0.361710381200905,0.635097812470593
0.389167370304064,0.367170697656043,0.635176824149597
0.391107776297685,0.372559112533187,0.635354287422418
0.392570878552889,0.377805403128274,0.635618636939599
0.393562839029961,0.382838939222627,0.635956365058998
0.394107850456385,0.387593857117272,0.636353002117584
0.394245160936158,0.392014031402714,0.636794200742181
0.394024397017921,0.396056632754429,0.637266735657769
0.393500261554913,0.399693446836615,0.637759218722207
0.392727794104419,0.402909883898537,0.63826240427069
0.391759037517811,0.405702321773772,0.638769085660082
0.390641379966367,0.408074759674735,0.639273693066016
0.389417328085905,0.410035665146269,0.639771750179896
0.388125180389672,0.411595551025894,0.6402593335921
0.386800014505665,0.412765444933563,0.640732632278432
0.385474493384018,0.413556145711949,0.641187656085905
0.384179147351962,0.413978031342337,0.64162010795394
0.382941953665161,0.414041161162652,0.642025416180835
0.381787206720391,0.413755457097789,0.642398912843615
0.380733863211862,0.413130817930193,0.642736132480062
0.379793756821907,0.412177096377316,0.643033184826321
0.378970261361952,0.410903940241196,0.643287128726299
0.378258038095513,0.409320557382176,0.643496253998795
0.377644312649858,0.407435499977627,0.643660184021128
0.377111657330537,0.405256564683844,0.643779757062703
0.37664166601286,0.402790867572479,0.643856718545448
0.376218517882378,0.400045087985512,0.643893323539873
0.375831480386411,0.397025812222954,0.643891971533329
0.375475860656718,0.393739874535613,0.643854964902816
0.375152488095513,0.39019459969746,0.643784423080441
0.374866207959099,0.386397888705093,0.643682330485188
0.374623983691209,0.382358137001412,0.643550667177209
0.374433115617615,0.3780840183936,0.64339156690605
0.374299912117632,0.37358420100526,0.643207457551354
0.374228987889874,0.368867085664572,0.643001154110204
0.374223245815123,0.363940673388281,0.642775888387335
0.374284515072173,0.358812674500594,0.64253527051448
0.374414740596526,0.35349095825788,0.642283186209712
0.374617521773884,0.347984392263114,0.642023641918983
0.374899674730121,0.34230402237978,0.64176057993592
0.37527237415337,0.336464398434081,0.641497697072645
0.375751393033251,0.330484701235903,0.641238310287525
0.37635609935222,0.324389257061446,0.640985311812397
0.37710722694105,0.318207131971512,0.640741236319047
0.3780239101039,0.311970793787454,0.640508421937715
0.379120809105089,0.305714192194933,0.640289203826969
0.38040613812471,0.299470828698771,0.640086057736527
0.38188103253543,0.29327234376391,0.63990162897431
0.383540195042299,0.287147892419079,0.639738625471704
0.385373393505964,0.281124279135503,0.63959960056873
0.387367273902605,0.27522661981192,0.639486676430775
0.389507032025481,0.269479222685612,0.639401266208424
0.391777663205251,0.26390640653675,0.639343841782929
0.394164660520417,0.258533025249837,0.639313786120778
0.396654156158681,0.253384541874842,0.639309355281969
0.399232559568946,0.248486533896071,0.639327773647309
0.401885812233758,0.24386360095948,0.639365468553266
0.404598422746517,0.239537722061596,0.639418438186914
0.407352527941836,0.235526299372002,0.639482705071976
0.410127275054664,0.231840293251665,0.639554772845129
0.412898827343702,0.228483049111899,0.63963196224854
0.41564116709787,0.225450388419434,0.639712509081553
0.418327613042576,0.222732266695618,0.639795360978562
0.420932660246976,0.220315735060195,0.639879720567054
0.423433572737061,0.218188390193678,0.63996448639552
0.425811246128379,0.216341267939696,0.640047784256589
0.428050169977596,0.21477039998057,0.640126731985734
0.430137666144007,0.213476816271577,0.640197479292191
0.432062779289897,0.212465300952674,0.640255471126263
0.433815203185996,0.211742472506045,0.640295836459419
0.435384511105881,0.211314756362615,0.640313803686092
0.436759814177469,0.211186671257872,0.640305068391155
0.437929855539904,0.211359680286797,0.640266068961335
0.438883473505036,0.211831726909614,0.640194149932814
0.439610320843275,0.212597492722415,0.640087610112894
0.440101692176564,0.213649351871054,0.639945645376316
0.440351276895478,0.214978921626777,0.639768208694572
0.440355627150477,0.216578992206192,0.639555825428871
0.440114133769476,0.218445461686187,0.639309419506076
0.4396283740526,0.220578751158559,0.639030219304856
0.438900859694677,0.222984130911552,0.638719808348928
0.437933447077606,0.22567056402197,0.638380352196496
0.436725879015576,0.228648102168398,0.638014968443449
0.435274972065284,0.231924409928002,0.637628134592147
0.433574774603368,0.23550136846938,0.637225989027481
0.431617671766283,0.239372690423207,0.636816402514298
0.429396087615724,0.243523080042917,0.636408773071886
0.426904289638459,0.247928935875915,0.636013585291438
0.424139864105052,0.252560181945081,0.635641834764602
0.42110462002267,0.257382647990862,0.635304432617643
0.417804885456193,0.262360464041127,0.635011682723545
0.414251313049035,0.267458084933239,0.634772884188441
0.410458391298701,0.272641726177953,0.634596070475985
0.406443875020964,0.277880127397563,0.634487863100923
0.402228318949662,0.283144658607107,0.63445339528315
0.397834835904228,0.288408862062918,0.634496250918829
0.393289111492925,0.293647597065951,0.634618368493084
0.388619601127802,0.29883603069357,0.634819880962099
0.383857732979441,0.303948776622374,0.635098900506418
0.379037882211351,0.308959486952622,0.635451303450019
0.374196912619298,0.313841106990029,0.63587060620777
0.369373220573525,0.318566806697849,0.636348024903868
0.364605421055504,0.32311136649514,0.636872766608815
0.359930983939057,0.327452634050231,0.637432524816784
0.355385165366868,0.331572668055599,0.638014083248339
0.351000463681728,0.335458341844149,0.638603907287838
0.346806638134183,0.339101395916951,0.639188628133026
0.342831160442023,0.342498098891507,0.639755380429251
0.339099885629173,0.345648744651207,0.640292008546144
0.335637724396484,0.34855719230445,0.640787191183285
0.332469140227477,0.351230583373674,0.641230544686035
0.32961834324567,0.353679286625422,0.641612759234005
0.32710909491092,0.355917043583231,0.641925805840747
0.324964073788529,0.357961225152208,0.642163230865028
0.323203798098693,0.359833062336936,0.642320529102891
0.321845171306477,0.36155768631918,0.642395556540799
0.320899820263262,0.363163815524925,0.642388911732999
0.320372520043029,0.364682973153288,0.642304187816592
0.320260100930734,0.366148218465712,0.642147990152333
0.320551240111646,0.367592518051818,0.641929643894474
0.321227382955741,0.369047027070271,0.641660589234609
0.322264712419403,0.370539622778426,0.64135356244803
0.32363670238803,0.372093968474824,0.641021743063868
0.325316547988667,0.373729183518818,0.640678061145161
0.327278814984043,0.37545994063061,0.640334786524233
0.329499974635545,0.377296636288071,0.640003398949983
0.331957914343754,0.379245274085729,0.639694628231934
0.334630836214126,0.381306861563128,0.639418505054086
0.337496070011806,0.383476369450708,0.639184285340409
0.34052925029982,0.385741536046764,0.639000181071261
0.343704126555526,0.388081937190493,0.638872915099923
0.34699308644068,0.39046874379207,0.63880718893178
0.350368341442559,0.392865461636935,0.638805194576216
0.353803664016588,0.395229740487813,0.638866310224077
0.357276532668722,0.3975161190826,0.638987098787601
0.360770461297554,0.399679391603478,0.639161683787069
0.364277112162929,0.401678153473657,0.639382509673865
0.367797564961156,0.403477996302159,0.639641401614535
0.371342012722014,0.405053778388978,0.639930732198179
0.37492740553386,0.406390461018759,0.640244416495232
0.378573237542778,0.407482263026754,0.640578453733874
0.382296497810472,0.408330347821022,0.64093085571702
0.386107260554443,0.4089397354877,0.641301015589975
0.390006135121381,0.409316350738874,0.641688766376735
0.39398400184883,0.409464943827197,0.642093452304304
0.398023641084472,0.409388188263408,0.642513268857523
0.402102422132695,0.409086828856961,0.642944985104788
0.406195213609579,0.408560503471071,0.643384025618676
0.410276925114924,0.407808813992263,0.643824805449137
0.414324385319817,0.406832298279998,0.644261183455483
0.418317483304008,0.405633071185817,0.644686909250979
0.422239618911857,0.404215006507235,0.645095966479058
0.426077547076215,0.402583411923983,0.645482747759171
0.429820701405994,0.400744216461526,0.645842030252784
0.433460084055949,0.398702766031184,0.646168757916884
0.436986841958611,0.39646241988297,0.646457680650649
0.440390725914623,0.394023250267354,0.64670295063412
0.443658733017359,0.391381229321542,0.646897821462436
0.446774309416719,0.388528271654378,0.647034612118434
0.44971745681758,0.385453329265046,0.647105057291627
0.452465878934115,0.382144415652087,0.647101055656095
0.454996958339553,0.378591089391354,0.647015678725577
0.457290027997062,0.374786734666539,0.646844185204092
0.459328291855409,0.370730055454571,0.646584770635025
0.461099923128453,0.366425498926055,0.646238880565173
0.462598213247084,0.361882672913827,0.64581107114343
0.4638209563968,0.357115059617248,0.64530853139554
0.464769408888555,0.352138404896046,0.644740440430275
0.465447151931164,0.346969119457626,0.644117320956773
0.465859086128241,0.341622942607345,0.643450500252283
0.466010666617385,0.336114042428413,0.64275173034763
0.465907399667258,0.330454684578895,0.642032971066213
0.465554572902278,0.324655583430657,0.641306304768918
0.464957182202328,0.31872702676112,0.640583928655613
0.464120031031208,0.312680789077175,0.639878153218553
0.463047997017738,0.306532669931948,0.639201325152447
0.461746464097253,0.300305189146553,0.63856559818951
0.46022188781596,0.294029606622015,0.637982512036605
0.458482395384016,0.287746226421756,0.637462418635712
0.456538255763706,0.281502215221358,0.637013897452574
0.454402056211773,0.27534707117939,0.636643364877892
0.452088532331345,0.269327052190329,0.636355035823058
0.449614164535834,0.263480495543938,0.636151237766122
0.446996751231397,0.257835505530633,0.636032910015366
0.444255129220644,0.252410303168769,0.636000059590823
0.441409084766735,0.247215476992079,0.636052011299523
0.438479381734849,0.242256972228164,0.636187412353155
0.435487776315762,0.237538835861594,0.636404052288487
0.432456882260467,0.233065153274912,0.63669860541417
0.429409769763962,0.228840999581846,0.637066404706857
0.426369212825896,0.224872486106074,0.637501334198262
0.423356551796537,0.221166121712408,0.637995896120371
0.420390228979011,0.217727773241618,0.638541474429508
0.417484198260729,0.214561528174776,0.639128777617478
0.414646584736598,0.211668739278089,0.639748401691951
0.411879099602018,0.209047461685198,0.6403914144907
0.409177675469045,0.206692394469025,0.641049835985925
0.406534488744905,0.204595350035316,0.641716889459845
0.403941039664725,0.20274621570999,0.642386936813002
0.401391503678186,0.201134313251627,0.643055089024309
0.398885418356112,0.199749965425649,0.64371658138454
0.396429020206464,0.19858597008351,0.644366084161167
0.394035045151972,0.197638646425462,0.644997143879984
0.391721290341821,0.196908213201418,0.645601905294314
0.389508505720517,0.196398447920368,0.646171172946146
0.387418198354007,0.196115765305668,0.646694776399367
0.385470769932268,0.196067964722264,0.647162139461009
0.383684186611094,0.196262911589652,0.647562932758842
0.382073192594489,0.196707365757515,0.647887702318895
0.380648966285355,0.197406093456308,0.648128397143078
0.379419081076623,0.198361332629169,0.64827875051902
0.378387649076388,0.199572637115755,0.648334494942731
0.3775555728091,0.201037104363962,0.648293406248296
0.376920884622086,0.202749982375032,0.648155181925784
0.376479198855401,0.204705633111241,0.647921168766127
0.376224321318919,0.206898782285343,0.647593972739128
0.376149042431899,0.20932589916052,0.647177012487874
0.376246091760034,0.211986449855534,0.646674106500323
0.376509158566545,0.214883691119753,0.646089200762027
0.376933810182343,0.218024679033965,0.645426331368217
0.377518099774958,0.221419308624945,0.644689864738866
0.378262684451031,0.225078474047099,0.643884972289261
0.379170377565512,0.229011743293436,0.64301821032184
0.380245206010571,0.233225129155783,0.642098030418902
0.381491168982171,0.237719497893059,0.641135067940961
0.382910948680483,0.242489914808161,0.640142132923631
0.384504793016134,0.247525913782541,0.639133918571949
0.386269704866426,0.252812438095526,0.638126508021096
0.388198979019968,0.258331103713819,0.637136782310924
0.390282060663778,0.264061466368854,0.636181819136537
0.392504673739371,0.26998207548357,0.635278340407998
0.394849177677594,0.276071213097835,0.634442234908017
0.397295142432417,0.282307308739365,0.633688160600321
0.399820164670473,0.288669071188774,0.633029222915072
0.402400964102578,0.295135379090197,0.632476727506728
0.405014780062952,0.301684936303326,0.632040011052734
0.407641015186099,0.308295668947366,0.631726353010013
0.410262932527449,0.314943891482856,0.631540960873021
0.412869026538553,0.321603439060216,0.631487007280432
0.415453555873663,0.328245171868288,0.631565691702492
0.418015810067822,0.334837294619447,0.631776308815257
0.420558077692892,0.341346640960504,0.632116320690216
0.423082845129856,0.347740567262532,0.632581434477603
0.425590126346213,0.353988747638601,0.633165678351928
0.428075740908891,0.36006423076041,0.633861460678202
0.430530901081433,0.365943523410207,0.634659604571949
0.432942961755688,0.371605895838572,0.63554936988175
0.435296889514484,0.377032330872297,0.636518493585256
0.437576964001246,0.382204541237064,0.637553287303093
0.43976833447532,0.387104359518324,0.638638825949883
0.441858198638074,0.391713663197102,0.639759248494026
0.443836482640821,0.396014879331783,0.640898173896376
0.445695968441397,0.399992018146851,0.642039213303663
0.447431858026047,0.403632090822172,0.643166533179396
0.449040814933639,0.406926659423017,0.64426539554651
0.450519607040107,0.409873157705091,0.645322579365674
0.451863593108428,0.412475558196677,0.646326586626194
0.453065412903922,0.414744014269497,0.647267573441864
0.45411428264623,0.416693329844428,0.648137022944081
0.454996187192634,0.418340474666582,0.648927269038825
0.45569498826224,0.419701725910919,0.649631041538886
0.456194141907689,0.420790184085331,0.650241194802086
0.456478510861359,0.421614274482408,0.650750704280317
0.456535779237826,0.422177480361006,0.651152912842354
0.456357189896515,0.422479160134927,0.651441933972266
0.455937588372327,0.422516053403252,0.651613096723853
0.455274945680632,0.422284030237411,0.651663337891971
0.454369603154596,0.421779726990919,0.651591485321592
0.453223463200279,0.421001848320811,0.651398411900675
0.451839291609361,0.419952032278182,0.65108706387088
0.450220236686412,0.418635246439674,0.650662379176213
0.448369626821342,0.417059707828358,0.65013111519344
0.446291072458442,0.415236317394896,0.649501602688403
0.443988870354427,0.413177602622955,0.648783441898821
0.441468673562644,0.410896205030647,0.647987161401105
0.438738334136652,0.408403047689121,0.647123868725078
0.435808745455801,0.405705470456008,0.64620493099863
0.43269443468146,0.402805790622876,0.645241731355498
0.429413634407613,0.399700835505796,0.644245543626295
0.425987661477126,0.396382878326676,0.643227546777428
0.422439660394346,0.392842016972621,0.642198956504923
0.418793047100103,0.389069486649229,0.641171200376801
0.415070145346443,0.385060972073589,0.640156029922982
0.411291435290592,0.380818969172028,0.639165477621666
0.407475569234002,0.376353638615242,0.638211621903106
0.403640022511201,0.371682156129484,0.637306192897585
0.399802071995979,0.366826977362974,0.636460096178901
0.395979765299314,0.36181358767073,0.635682942511631
0.392192605199179,0.356668232132789,0.634982654007001
0.388461763119918,0.351415967640344,0.63436519285041
0.384809717722623,0.346079230207433,0.633834436957483
0.381259287257357,0.340677028750915,0.633392212958846
0.377832109213923,0.335224835749637,0.633038483716399
0.374546735748568,0.329735221491523,0.632771670252941
0.371416668773695,0.324219209945514,0.632589061399623
0.368448818679595,0.318688193222055,0.632487233778604
0.365642958581634,0.313156024178946,0.632462383275694
0.362992637498916,0.307640696766056,0.632510478226793
0.36048763087328,0.302164967720303,0.632627198006199
0.358117413745724,0.296755515903148,0.632807707897049
0.355874628545158,0.291440758984538,0.633046399157362
0.353757433501056,0.286248003949424,0.633336741676686
0.351770072115449,0.281200866021345,0.633671339605823
0.349921733833789,0.276317709099772,0.634042183727646
0.348224355854795,0.271611394027129,0.634441015582522
0.346690197438554,0.26709015380963,0.634859692289946
0.345329844786575,0.262759139650189,0.635290464541434
0.344150976594289,0.25862212491823,0.635726128514041
0.34315791736392,0.25468294171902,0.636160060664891
0.342351811510457,0.250946369180606,0.636586178198268
0.341731170702916,0.247418338944354,0.636998883049615
0.341292549141236,0.244105453892265,0.637393044357008
0.34103115308729,0.241013935948028,0.637764056046618
0.340941268147614,0.238148236897151,0.638107975468032
0.341016475368436,0.235509657896489,0.638421711254566
0.341249710374877,0.233095395306119,0.638703193956664
0.341633279900857,0.230898404850939,0.638951446530413
0.342158965049515,0.228908300155266,0.639166488111157
0.342818297891328,0.227113186339491,0.63934905632943
0.343603009085411,0.225501986614203,0.639500202525064
0.344505548522644,0.224066621783402,0.639620866854442
0.345519526197081,0.222803462637819,0.63971154879456
0.346639932516357,0.221713756551354,0.639772151093456
0.347863064371275,0.220803074842289,0.639802015109673
0.349186168926479,0.220080079251766,0.639800111873594
0.350606885209258,0.219554997513955,0.639765323327961
0.352122596227328,0.219238155460863,0.639696743449783
0.353729803497651,0.219138803289241,0.639593941270008
0.355423615691698,0.219264357270653,0.639457147224555
0.357197419296549,0.219620088964453,0.639287343489969
0.359042782159007,0.220209239996596,0.639086254437531
0.360949631977497,0.221033512755922,0.638856244897485
0.362906743284198,0.222093868432144,0.638600143651956
0.364902544843879,0.223391536859189,0.638321019898164
0.366926211021087,0.22492909718448,0.638021952554325
0.368968921315448,0.226711428381921,0.637705844278916
0.371025077251874,0.228746277795948,0.637375337940949
0.373093194958444,0.231044196421195,0.6370328840899
0.375176198566975,0.233617684889849,0.636680976593797
0.3772809593386,0.236479594768621,0.636322522281625
0.379417136133362,0.239641079329195,0.635961256433829
0.381595587345045,0.243109571150225,0.635602086528865
0.383826738163787,0.246887275819454,0.635251261463399
0.386119250635212,0.250970497145209,0.634916318357248
0.388479195380171,0.255349841677555,0.634605827013022
0.390909750772102,0.260011117025692,0.634329002439506
0.393411331189785,0.264936617263484,0.634095273195924
0.395981995670556,0.270106480405885,0.633913881117181
0.3986179959967,0.275499860650798,0.63379355958068
0.40131435779631,0.281095732900714,0.633742305566301
0.40406542296702,0.286873214557721,0.633767232659951
0.406865302031777,0.292811351998973,0.63387447084025
0.409708188726917,0.298888394925041,0.634069066252752
0.412588484628938,0.305080688591161,0.634354833566109
0.415500685663145,0.311361449262486,0.634734129629774
0.418439014520245,0.317699813266396,0.635207552271446
0.421396853491766,0.324060587962279,0.635773615850977
0.424366124808246,0.330405004865759,0.636428496408601
0.427336830929192,0.336692468476009,0.637165947605453
0.430296947411332,0.342882918230099,0.637977448534392
0.433232740069231,0.348939169388809,0.638852568595499
0.436129412934429,0.354828616536112,0.639779461495674
0.438971878817468,0.360523951164782,0.640745367930521
0.441745438420849,0.366002900308358,0.641737025546544
0.444436239281001,0.371247261841423,0.642740936588673
0.447031498061998,0.376241616103103,0.643743499158734
0.449519551751117,0.380972057432392,0.644731046637563
0.451889834933735,0.385425185644441,0.645689856484057
0.454132870295516,0.389587488869651,0.646606189019435
0.45624032657437,0.393445167243985,0.647466406341466
0.458205156682835,0.396984393744751,0.648257205651571
0.460021786232529,0.400191970158491,0.648965980614998
0.461686285506794,0.403056298697898,0.649581298553957
0.463196430289023,0.405568535743055,0.650093447651483
0.464551555710813,0.407723735889629,0.650494974723813
0.465752139294333,0.409521736422603,0.65078110593629
0.466799126361384,0.410967522616777,0.650949940791797
0.467693110176812,0.412070875073736,0.651002342257478
0.468433564024641,0.41284525730564,0.650941517923682
0.469018339786019,0.413306117692673,0.650772376580166
0.469443575285964,0.413468978714202,0.650500816484725
0.469704016522971,0.413347770522348,0.650133119699188
0.469793629141347,0.412953789351153,0.649675581645872
0.469706306826354,0.412295456842615,0.64913441823452
0.469436499753921,0.411378820570306,0.648515905165966
0.468979654404471,0.410208561497433,0.647826647989161
0.468332432277257,0.408789201739045,0.64707386747397
0.467492728248769,0.407126220523925,0.646265603342504
0.466459532084924,0.405226847224357,0.645410774044223
0.465232676763515,0.403100372091996,0.644519067816532
0.463812508166019,0.40075788458991,0.64360067495243
0.462199503027135,0.398211422688537,0.642665902253641
0.460393861995744,0.395472611954299,0.641724738784059
0.458395112813212,0.39255100281768,0.640786465057181
0.456201770359235,0.389452466611026,0.639859408370758
0.453811105743682,0.386178134149685,0.638950933076891
0.451219063748827,0.382724365767119,0.638067705307746
0.448420332557278,0.379084046030562,0.63721618931726
0.445408526134728,0.375249101217808,0.63640324278925
0.442176422902453,0.371213686638816,0.635636626266569
0.438716244044503,0.366977213990849,0.634925263635305
0.435020040042435,0.362546444124157,0.634279181877533
0.431080321886879,0.357936214899935,0.633709169866827
0.426891051824065,0.353168807435413,0.633226269797608
0.422448977199771,0.348272281324195,0.632841225073339
0.417755107131132,0.343278254915938,0.632563971230834
0.412815997654109,0.338219605974322,0.632403207274831
0.407644508822662,0.333128488895528,0.632366050275324
0.402259838123505,0.328034951560909,0.632457762018984
0.396686852526428,0.32296630141527,0.632681533901149
0.390954935703573,0.317947222134373,0.633038315047552
0.385096659863744,0.313000492892926,0.63352666679808
0.379146564214465,0.308148035787438,0.634142629803159
0.373140209394207,0.303411941165248,0.634879604110617
0.36711353889219,0.298815123026992,0.635728266805849
0.361102469802496,0.294381356379977,0.636676574965345
0.355142587403738,0.290134637296485,0.637709908024915
0.349268834600516,0.286098032769703,0.638811382513251
0.34351514368175,0.282292361097067,0.639962329137236
0.337914020527428,0.27873508659615,0.641142877411484
0.332496128994537,0.275439707508593,0.642332569838403
0.327289930666022,0.272415728238182,0.643510933879351
0.322321414958293,0.269669123509629,0.644657969609682
0.317613932370057,0.267203097396094,0.645754543505628
0.313188119391395,0.265018914595363,0.64678270525113
0.30906190015891,0.263116624438671,0.647725952777348
0.305250544802235,0.26149555330681,0.648569471745628
0.301766783330534,0.260154509151172,0.649300362018912
0.298620975140273,0.259091680411958,0.64990785534491
0.295821358084256,0.258304262514414,0.65038350935648
0.293374390457271,0.257787869661706,0.650721358237358
0.291285204865893,0.257535840774335,0.65091798807171
0.289558162382248,0.257538578602796,0.650972510452549
0.288197470448542,0.257783091345853,0.650886416116952
0.287207791618752,0.258252893111504,0.650663313268016
0.286594749285639,0.258928354447778,0.650308583392794
0.286365237509082,0.259787471478708,0.649829014965842
0.286527473511016,0.260806877973846,0.649232488817669
0.287090782198259,0.26196281896307,0.648527779611626
0.288065152150259,0.263231795915118,0.647724505601826
0.289460629644924,0.264590698761548,0.646833215457453
0.291286612648135,0.266016423588576,0.645865563163722
0.293551076680307,0.267485169960631,0.644834502995915
0.296259732332043,0.268971758335119,0.643754437932314
0.299415105164066,0.270449366080638,0.642641270100801
0.303015565664188,0.271890028568552,0.641512320467191
0.307054420262601,0.273266078093628,0.640386101278812
0.31151926833366,0.274552415595645,0.639281940465315
0.316391862245868,0.275729208205748,0.638219478706133
0.321648610753621,0.276784417638609,0.637218089145067
0.327261652322238,0.277715597885725,0.636296295838564
0.333200208465869,0.278530616604414,0.635471271818983
0.339431848770985,0.279247185716286,0.634758472024806
0.345923399312055,0.279891216317244,0.634171411913909
0.352641419920853,0.280494107654208,0.633721561306408
0.359552336785393,0.28108927701576,0.633418300415257
0.366622379635472,0.281708522425,0.633268883145701
0.373817452613712,0.282378977124607,0.633278366548567
0.381103017951792,0.283121277670958,0.633449488732504
0.388444031944269,0.283949163409722,0.633782503901263
0.395804954244269,0.284870279656214,0.634275004630575
0.403149846992587,0.285887680172419,0.634921772084583
0.410442581474467,0.287001476501367,0.635714693957497
0.41764717240713,0.28821019576867,0.63664278167031
0.424728260539228,0.289511584345274,0.637692308185495
0.4316517578143,0.290902766631685,0.638847078417017
0.438385649462679,0.292379813697595,0.640088834974715
