0.4,-1.5690860141,-1.4795687841,-0.137132142,-1.09768027,0.135447267,0.0749668433
0.399696724669393,-1.56908051138077,-1.47960795779943,-0.137423009658347,-1.09768237435449,0.135530074768306,0.0746563802430322
0.398787392692202,-1.56906407267838,-1.47972522074757,-0.138294195060071,-1.09768869311898,0.135778258540728,0.0737353850432259
0.397273484618811,-1.56903690502897,-1.47991979636765,-0.139741445225901,-1.09769924400646,0.136191086067366,0.0722348423038043
0.39515746126882,-1.56899934904721,-1.4801903843094,-0.141757672860717,-1.09771405852581,0.136767292764948,0.0702057306142126
0.392442759232595,-1.56895187242813,-1.48053515334497,-0.144332953057721,-1.09773318473298,0.13750501689497,0.0677180245637175
0.389133781798569,-1.56889506094645,-1.48095173684052,-0.147454522575682,-1.09775669076583,0.138401715417533,0.0648592769513438
0.38523588898501,-1.56882960718926,-1.48143723456845,-0.151106779416878,-1.09778466890196,0.139454065125546,0.0617327725812757
0.380755384401273,-1.56875629722811,-1.48198822552184,-0.155271286435776,-1.09781723998333,0.140657856495778,0.0584552435596535
0.375699503714052,-1.56867599563608,-1.48260079500392,-0.159926776428399,-1.09785455813487,0.14200788664911,0.0551541505915068
0.370076401525113,-1.56858962919785,-1.48327057916969,-0.165049163990559,-1.09789681594804,0.143497860370678,0.0519645415364936
0.363895138741938,-1.56849816981646,-1.4839928279522,-0.170611564744787,-1.0979442504722,0.14512030654756,0.049025521152058
0.357165671584639,-1.5684026171433,-1.48476248559008,-0.176584323713504,-1.09799715054323,0.146866516865551,0.0464763863753958
0.349898841507705,-1.56830398144077,-1.48557428632705,-0.182935056471176,-1.09805586609287,0.148726512706055,0.0444525045998459
0.342106366406506,-1.568203267183,-1.48642286108208,-0.189628705728786,-1.0981208200399,0.150689043957458,0.0430810382051247
0.3338008338346,-1.56810145784981,-1.48730284966836,-0.196627615647997,-1.0981925231601,0.152741621070908,0.0424766421443364
0.324995695227391,-1.56799950226832,-1.48820901273046,-0.203891627478668,-1.09827159196738,0.154870579692732,0.0427372813249544
0.315705261791378,-1.56789830278792,-1.4891363374027,-0.211378198318215,-1.09835876909439,0.157061174477282,0.0439403299361412
0.305944701115677,-1.56779870546142,-1.49008013144424,-0.219042545684325,-1.09845494504498,0.159297697192695,0.0461391223186117
0.295730034327367,-1.5677014923325,-1.49103610152136,-0.226837819324289,-1.09856117953605,0.161563612787913,0.0493601240431831
0.285078133246229,-1.56760737585741,-1.49200041259467,-0.234715301289782,-1.09867872007581,0.163841706730302,0.0536008807686998
0.2740067170074,-1.56751699544034,-1.49296972669182,-0.242624634510005,-1.09880901502225,0.166114237310527,0.0588288809564158
0.262534347118787,-1.56743091602402,-1.49394122065061,-0.250514079604663,-1.09895371822412,0.168363087856913,0.0649814370030043
0.250680420534438,-1.5673496286596,-1.49491258346811,-0.258330798316675,-1.09911468251071,0.170569915353414,0.071966648072178
0.238465160106015,-1.56727355295426,-1.49588199483315,-0.266021161241433,-1.09929393981257,0.172716293953085,0.079665459292693
0.225909601217043,-1.56720304126453,-1.4968480871881,-0.273531077000454,-1.099493666543,0.174783853820228,0.0879347788935101
0.213035574564958,-1.56713838447257,-1.49780989412118,-0.280806338429214,-1.09971613395454,0.176754416935566,0.0966115591952487
0.199865683983674,-1.5670798191265,-1.4987667883715,-0.287792981349838,-1.0999636444474,0.178610132427279,0.10551769546704
0.186423279104865,-1.56702753567543,-1.49971841290185,-0.294437650372843,-1.10023845604798,0.180333613733706,0.114465550089273
0.172732422075151,-1.5669816874697,-1.50066460863221,-0.300687966150557,-1.10054269839385,0.181908079089365,0.123263874139849
0.158817848111725,-1.56694240015312,-1.50160534231708,-0.306492888034109,-1.10087828438045,0.183317495188525,0.131723875815742
0.144704920141172,-1.56690978104444,-1.50254063778868,-0.311803066050604,-1.10124682206708,0.184546721963883,0.13966517780677
0.130419576907861,-1.56688392809756,-1.50347051345646,-0.316571176874266,-1.10164953151124,0.185581654656778,0.146921415055367
0.11598827459181,-1.56686493805558,-1.50439492838228,-0.320752238659612,-1.10208717087276,0.18640935777211,0.153345247287495
0.101437922930008,-1.56685291346409,-1.50531373857861,-0.324303900085522,-1.10255997549849,0.187018184652897,0.15881259606946
0.0867958153997025,-1.56684796827717,-1.50622666462351,-0.327186700312282,-1.1030676129662,0.187397876550973,0.16322596171341
0.0720895545822161,-1.56685023187873,-1.50713327095902,-0.329364296932513,-1.10360915619303,0.187539635850467,0.166516724503805
0.0573469732974155,-1.5668598514329,-1.50803295672,-0.330803660136455,-1.10418307592651,0.187436169806493,0.168646386278897
0.0425960522659569,-1.56687699256937,-1.50892495748046,-0.331475232125214,-1.10478725320808,0.187081703330653,0.169606757314407
0.0278648355028394,-1.56690183849311,-1.50980835695186,-0.331353051591648,-1.10541901173884,0.186471961794878,0.169419137422827
0.0131813444448212,-1.56693458767956,-1.51068210748278,-0.330414843921149,-1.10607516949453,0.185604127223606,0.168132577368831
-0.00142650816366441,-1.56697545037283,-1.51154505812925,-0.328642078434769,-1.10675210836212,0.184476773288349,0.165821335669636
-0.0159310029160012,-1.56702464414201,-1.51239598905398,-0.326019994723655,-1.10744585994177,0.183089786072855,0.162581666519506
-0.0303046965050483,-1.56708238877521,-1.51323365121368,-0.322537600607269,-1.10815220508359,0.18144427829717,0.158528086740383
-0.0445205008466799,-1.56714890079182,-1.5140568104235,-0.318187644843657,-1.1088667840124,0.179542504808758,0.153789274448608
-0.0585517578426737,-1.56722438784268,-1.51486429523745,-0.312966568042582,-1.1095852132976,0.177387786379459,0.148503749981832
-0.0723723089951091,-1.56730904323883,-1.51565504844369,-0.306874435426523,-1.1103032053493,0.174984447474464,0.14281548195466
-0.0859565588881661,-1.56740304080445,-1.51642818239842,-0.299914855314354,-1.11101668565771,0.172337771857415,0.136869549517154
-0.0992795322725218,-1.56750653019563,-1.5171830389646,-0.292094886937133,-1.11172190274162,0.169453977657092,0.13080797676167
-0.112316923664177,-1.56761963275209,-1.51791925532531,-0.283424941499644,-1.11241552563075,0.16634021147397,0.124765839023367
-0.12504514013721,-1.56774243788249,-1.51863683761423,-0.273918679234579,-1.11309472389349,0.163004558659941,0.11886772302193
-0.137441336195855,-1.56787499988249,-1.51933624474825,-0.263592905878229,-1.11375722539921,0.159456065466476,0.11322460716427
-0.149483441360343,-1.56801733499948,-1.52001848538099,-0.252467470664342,-1.11440134753138,0.155704766985682,0.107931212564418
-0.16115018065187,-1.5681694184462,-1.52068523105786,-0.240565167689398,-1.11502599814881,0.151761713925629,0.103063862593275
-0.172421088169598,-1.56833118093996,-1.52133894837243,-0.227911642198629,-1.11563064341903,0.147638990810502,0.0986788781371566
-0.183276514432581,-1.56850250420765,-1.52198305184922,-0.214535302616439,-1.11621524086029,0.143349718036578,0.0948115271411075
-0.193697628006201,-1.56868321473777,-1.52262207681185,-0.200467239052988,-1.11678013771485,0.138908030647284,0.0914755405616867
-0.203666412473932,-1.56887307490938,-1.52326186695505,-0.185741148220831,-1.11732593759798,0.134329027237521,0.0886632013435261
-0.213165659782669,-1.56907177050593,-1.52390976367773,-0.170393264442772,-1.11785334267279,0.129628683517765,0.0863460080430428
-0.222178961152139,-1.56927889361329,-1.5245747724804,-0.154462295944752,-1.1183629849889,0.124823726689153,0.0844759086412578
-0.230690696451191,-1.56949392013072,-1.52526766527495,-0.137989365838582,-1.11885526938974,0.119931469593874,0.0829870914528444
-0.238686023610778,-1.56971618182593,-1.52600095734968,-0.121017955650093,-1.11933026117997,0.114969607520406,0.0817983065189314
-0.246150868538374,-1.56994483422933,-1.52678867799607,-0.10359385062431,-1.11978766228976,0.109955987767943,0.0808156708200387
-0.253071916843141,-1.57017882396292,-1.52764584428141,-0.085765083794355,-1.12022692533387,0.104908371123226,0.0799358815096957
-0.259436608040673,-1.57041686215586,-1.52858756364653,-0.067581875836942,-1.12064754750801,0.0998442163487332,0.0790497242385162
-0.265233132013306,-1.57065741368644,-1.52962775111074,-0.0490965695763712,-1.12104955638083,0.0947805302003172,0.0780457233255802
-0.270450428983052,-1.57089871361202,-1.53077756008204,-0.0303635542023081,-1.1214341427864,0.0897338279397389,0.0768137492935958
-0.275078193134858,-1.57113881997888,-1.53204377227513,-0.0114391781141922,-1.12180432135029,0.0847202384929547,0.0752483963294168
-0.279106881223514,-1.57137570494827,-1.53342751314347,0.00761835140638905,-1.12216543701596,0.0797557562913713,0.0732519831882773
-0.282527728154145,-1.5716073748389,-1.53492367152193,0.0267490835552943,-1.12252532832174,0.0748565958446421,0.0707371149157616
-0.285332771065856,-1.57183199865184,-1.53652125407879,0.0458914529262958,-1.12289403177263,0.0700395644487488,0.0676288410073884
-0.287514883723532,-1.57204801986889,-1.53820463484465,0.0649824239920954,-1.12328304833767,0.0653223530114429,0.0638665104352475
-0.28906782130215,-1.57225423083201,-1.53995539092742,0.083957651453568,-1.12370432994419,0.0607236683468089,0.0594054218510369
-0.28998627448296,-1.5724498007631,-1.54175427897865,0.102751657561564,-1.12416921419225,0.0562631793916316,0.0542183022936047
-0.290265930895702,-1.5726342614566,-1.54358294965316,0.121298030454501,-1.12468751500847,0.0519613000421701,0.0482965595594893
-0.289903541078439,-1.57280746318338,-1.54542516110289,0.139529642230603,-1.12526689367158,0.0478388639826549,0.0416511921486368
-0.288896986462759,-1.57296951594923,-1.54726744227957,0.157378890017532,-1.12591253792177,0.0439167529947626,0.0343132176132175
-0.287245346867575,-1.57312072827273,-1.54909928492878,0.174777957265787,-1.12662711008461,0.040215528122446,0.0263335196030647
-0.284948965292603,-1.57326155161131,-1.55091300675645,0.191659094717506,-1.12741089132205,0.0367550960583598,0.0177820544569746
-0.282009508084031,-1.57339253405031,-1.55270342593528,0.207954916389802,-1.12826204841482,0.0335544267097771,0.00874642076939597
-0.278430018639495,-1.57351428390906,-1.55446745782756,0.223598707337144,-1.12917696313757,0.0306313265857302,-0.000670156714574346
-0.274214963501035,-1.57362744223698,-1.5562037073092,0.238524736856983,-1.13015058197862,0.0280022672055142,-0.0103513384815916
-0.269370269313993,-1.57373266256619,-1.55791209840453,0.252668574465281,-1.13117675973662,0.0256822644081436,-0.0201705636454531
-0.263903350685034,-1.57383059622222,-1.55959355946893,0.265967401300282,-1.13224858151888,0.0236848044601218,-0.0299941957083779
-0.257823127794914,-1.57392188179883,-1.56124976862646,0.27836031616278,-1.13335865527442,0.022021811428294,-0.0396847914097878
-0.251140034787071,-1.57400713770061,-1.5628829558053,0.289788630452747,-1.13449937085874,0.0207036508769648,-0.0491043646505944
-0.243866017511043,-1.57408695702556,-1.56449575514482,0.300196153630882,-1.13566312454453,0.0197391634383095,-0.0581175342040914
-0.236014521523702,-1.5741619042734,-1.56609109993963,0.30952946576543,-1.13684250880235,0.0191357221284284,-0.0665944568196284
-0.227600469434968,-1.57423251358055,-1.56767215320857,0.317738178023817,-1.13803046834758,0.01889930629854,-0.0744134706551435
-0.218640227315429,-1.57429928829388,-1.56924226774491,0.324775180326722,-1.13922042389736,0.0190345852116056,-0.0814633945893374
-0.209151559671489,-1.57436270177567,-1.57080497071819,0.330596875643264,-1.14040636555389,0.0195450043594711,-0.0876454510900589
-0.199153572959556,-1.57442319937453,-1.57236396897577,0.335163399931959,-1.1415829179948,0.0204328681416738,-0.0928748004708474
-0.188666647280628,-1.57448120154729,-1.57392317295891,0.338438826961041,-1.14274537943804,0.0216994133027207,-0.0970816936848748
-0.177712356809337,-1.57453710801865,-1.57548673459843,0.340391356534724,-1.14388973865701,0.0233448688825328,-0.100212259954494
-0.16631337953656,-1.57459130312354,-1.57705910269596,0.340993485045954,-1.14501266918784,0.0253684991687853,-0.102228966582116
-0.154493397812672,-1.57464416224442,-1.57864509229215,0.340222157136504,-1.14611150468626,0.0277686278646171,-0.103110784740992
-0.142276991004617,-1.57469605943022,-1.58024996939362,0.338058897663161,-1.14718419622094,0.0305426429267014,-0.102853103040634
-0.129689521839047,-1.57474737633707,-1.58187955309108,0.334489923141526,-1.14822925196212,0.0336869832063804,-0.101467427491365
-0.116757019524821,-1.57479851257566,-1.58354033366717,0.329506232533776,-1.14924566003579,0.0371971080854491,-0.0989809069454681
-0.103506060949127,-1.57484989789385,-1.58523961302119,0.323103676983204,-1.15023279296153,0.0410674549979115,-0.0954357072028599
-0.0899636526268926,-1.57490200655377,-1.58698566750772,0.315283008618334,-1.15119029294524,0.0452913889844461,-0.0908882577259827
-0.0761571162817507,-1.57495537454156,-1.58878793582935,0.306049908987484,-1.15211793645218,0.049861150634001,-0.085408381649684
-0.0621139796508084,-1.57501062047688,-1.59065723313793,0.295414997261017,-1.15301547696935,0.0547678104843794,-0.0790783117919664
-0.0478618750652558,-1.57506847138804,-1.59260598957427,0.283393818931949,-1.15388246605287,0.0600012393229325,-0.0719915884543736
-0.0334284478086904,-1.57512979488247,-1.59464850582011,0.270006815791733,-1.15471805570022,0.0655501057360624,-0.064251829862279
-0.0188412753092863,-1.57519563964552,-1.59680120760258,0.255279277329211,-1.15552079077616,0.0714019144402369,-0.055971363561937
-0.00412779875760041,-1.57526728655895,-1.59908286181972,0.239241274263489,-1.1562884102884,0.0775431003665629,-0.0472697081148284
0.0106847322070427,-1.57534631286799,-1.60151468428931,0.221927574309198,-1.15701769354486,0.0839591945342305,-0.0382718965799888
0.0255693009209245,-1.57543467132242,-1.60412021564429,0.203377540645735,-1.1577044150006,0.0906350759471995,-0.029106635004406
0.0404991520656372,-1.57553478427969,-1.60692476038717,0.183635011812199,-1.15834351386407,0.0975553171818497,-0.0199042831605828
0.055447807006664,-1.57564964791837,-1.60995407085498,0.162748162749766,-1.15892964237305,0.104704612459044,-0.0107946239722905
0.0703890680139113,-1.57578293176498,-1.61323182961473,0.140769344825121,-1.15945832180984,0.112068238844586,-0.00190433555343461
0.0852970141076181,-1.57593904109997,-1.61677540515707,0.117754902427351,-1.15992797387079,0.119632430959682,0.00664601537289568
0.100145992809245,-1.57612308385592,-1.62058948662178,0.0937649640705125,-1.16034302515909,0.127384442986558,0.0147457737609357
0.114910614785844,-1.57634065647484,-1.62465782070075,0.06886320663703,-1.16071796351526,0.135311953656154,0.0222992152923372
0.12956575904285,-1.57659735853834,-1.62893464651817,0.0431165969932517,-1.16108152168436,0.143401430467534,0.0292321210306921
0.144086595091103,-1.57689800570072,-1.63333936064095,0.0165951219590292,-1.16147917986628,0.151635280986173,0.0354996911068686
0.158448620235762,-1.57724566412822,-1.63775913454587,-0.0106284740538161,-1.1619715874027,0.15998821861231,0.0410944386898427
0.172627698282752,-1.57764082392487,-1.64206243427258,-0.0384789257592754,-1.16262743380244,0.168424075199137,0.0460514711845154
0.186600078320928,-1.57808109605849,-1.64612091648274,-0.0668786547869038,-1.16351211005932,0.176894640750426,0.0504484538366466
0.20034237927645,-1.57856161697333,-1.64983144739319,-0.0957479660986073,-1.1646764133396,0.185341373598154,0.0543993301162894
0.213831547060744,-1.57907597988999,-1.6531294355903,-0.125005262140506,-1.16614979407772,0.193699370434957,0.058043608225717
0.227044807550883,-1.57961728238637,-1.65599012116657,-0.154567294638525,-1.16793983011115,0.201901980611251,0.0615344782503093
0.239959638192381,-1.5801789391123,-1.65842083580205,-0.184349454527415,-1.17003635173743,0.209884606613197,0.0650284006999149
0.252553767993793,-1.580755130151,-1.66044982222836,-0.214266086526636,-1.17241733916286,0.21758709048595,0.0686771594481777
0.264805203785475,-1.58134093855768,-1.6621159654428,-0.244230814109854,-1.17505435893124,0.224954837187421,0.0726221228178598
0.276692274827866,-1.58193229781724,-1.66346133381971,-0.274156864727732,-1.17791656654153,0.231939125182844,0.0769900487560089
0.288193688516439,-1.58252585591152,-1.66452662735858,-0.30395739151951,-1.18097322414872,0.238497019144984,0.0818898975136556
0.299288591590668,-1.58311882275838,-1.66534885397939,-0.333545789097807,-1.18419507812375,0.24459114778626,0.0874103796148093
0.309956634145372,-1.58370883322046,-1.66596044806025,-0.362836003524534,-1.18755499533739,0.250189473087339,0.0936181665104156
0.320178034540423,-1.58429383644504,-1.66638920996077,-0.391742834731393,-1.19102817261067,0.255265090504819,0.100556785829444
0.329933644586831,-1.58487201171211,-1.66665865406627,-0.420182230442776,-1.19459212749332,0.259796057464574,0.108246240161239
0.339205014568016,-1.58544170679887,-1.66678852069129,-0.448071569834774,-1.19822659288877,0.263765231142306,0.116683363019324
0.347974457284103,-1.58600139413616,-1.66679531811573,-0.475329933440758,-1.20191338309044,0.267160098641701,0.125842880919185
0.356225111424599,-1.5865496401422,-1.66669283222561,-0.50187835877679,-1.20563626054177,0.269972580252895,0.13567911257266
0.363941003439864,-1.58708508429321,-1.66649257590143,-0.527640078179387,-1.20938081755899,0.272198799281441,0.146128194183582
0.371107107976971,-1.58760642518473,-1.66620417220981,-0.552540738226624,-1.21313437558739,0.273838814822195,0.15711069778262
0.377709406367752,-1.58811241155053,-1.6658356746185,-0.576508598843787,-1.21688590028182,0.274896319226133,0.168534494736632
0.38373494307272,-1.58860183678226,-1.66539383140894,-0.599474712099622,-1.22062592924873,0.275378305818391,0.180297714979076
0.389171879594579,-1.58907353587323,-1.66488430254754,-0.62137307994396,-1.22434650887846,0.275294714779191,0.192291660053712
0.394009545701072,-1.58952638402955,-1.66431183696358,-0.642140791796049,-1.22804113728399,0.274658066565822,0.204403544998846
0.398238487958063,-1.58995929642905,-1.66368041726058,-0.661718144308284,-1.2317047111828,0.27348309263327,0.216518967435603
0.401850514917074,-1.5903712287085,-1.66299337790119,-0.680048743346081,-1.23533347470576,0.271786373071873,0.228524027309857
0.404838739170069,-1.59076117795125,-1.66225350179182,-0.697079591965896,-1.23892496917339,0.26958599014141,0.240307050974884
0.40719761605557,-1.59112818398748,-1.66146309933992,-0.712761166155164,-1.24247798274026,0.266901205929248,0.251759900136522
0.408922979777351,-1.59147133099784,-1.66062407306475,-0.727047485067424,-1.24599249989787,0.263752170788505,0.262778875890918
0.410012076881115,-1.59178974933635,-1.65973797044043,-0.739896176976813,-1.24946964954032,0.260159668952701,0.273265247683234
0.410463598553758,-1.5920826177429,-1.65880602665421,-0.751268551346587,-1.25291165216261,0.256144905126886,0.283125463444921
0.410277711862847,-1.59234916613848,-1.6578291982413,-0.761129685940671,-1.25632176704188,0.25172933302777,0.292271113168885
0.409456086257314,-1.59258867947814,-1.6568081864201,-0.76944854446719,-1.25970424519614,0.246934516829975,0.300618738909395
0.408001895967203,-1.59280050335412,-1.65574344436916,-0.776198134762238,-1.26306430458027,0.241781992575966,0.30808959912538
0.405919740543966,-1.59298405166803,-1.65463515478247,-0.781355670692435,-1.26640816093147,0.236293054056637,0.31460948279613
0.403215409232133,-1.5931388125901,-1.6534831732188,-0.784902531637279,-1.26974311159319,0.230488431981162,0.320108510332279
0.39989558081184,-1.59326434416147,-1.65228698558822,-0.786823769284946,-1.27307752855726,0.22438811813614,0.324520661827197
0.395967761520346,-1.59336026150662,-1.65104574062764,-0.787107492182801,-1.27642062461366,0.218011675648898,0.327783163729231
0.391440448124006,-1.59342623353232,-1.64975829486062,-0.785744796679332,-1.27978220091018,0.211378727074776,0.329836475893437
0.386323247288508,-1.59346199176087,-1.64842320085919,-0.782730122019953,-1.28317254237179,0.204509237082566,0.3306250576143
0.380626884557076,-1.59346734170258,-1.6470386550385,-0.778061614022597,-1.28660238421948,0.197423653662818,0.330098602111427
0.374363156653899,-1.59344217229221,-1.6456024301859,-0.771741376784322,-1.29008287253583,0.190143038281544,0.328213588139881
0.36754486572763,-1.5933864632901,-1.64411179941421,-0.7637756450761,-1.29362550130396,0.182689224635052,0.324935140296187
0.360185749227247,-1.59330029128883,-1.64256344980204,-0.754174917116964,-1.29724203022435,0.175085001042767,0.320239196350608
0.352300409199122,-1.59318383469539,-1.64095338222595,-0.742954068230293,-1.30094439017978,0.167354302170769,0.314114944248262
0.343904243368006,-1.59303737784944,-1.63927679346981,-0.730132454888715,-1.3047445822113,0.159522397482536,0.306567452365556
0.335013379025332,-1.59286131425795,-1.63752793754365,-0.715734011153865,-1.30865457533225,0.151616060372559,0.29762038593161
0.325644610737131,-1.59265614906314,-1.63569995943473,-0.699787336918997,-1.31268621147741,0.143663708811382,0.287318658309204
0.315815342969791,-1.59242250079004,-1.63378469585509,-0.682325775178363,-1.3168511257826,0.135695503903903,0.27573084566722
0.305543538964702,-1.59216110260058,-1.63177243451116,-0.66338747542703,-1.32116069344109,0.127743397175723,0.262951164787141
0.294847676396024,-1.59187280341337,-1.62965162109011,-0.643015438546476,-1.32562601708022,0.119841118970828,0.24910079792314
0.283746711022608,-1.59155856948076,-1.6274085001616,-0.621257539815469,-1.33025797087253,0.112024104808469,0.234328345762618
0.27226004853213,-1.59121948727746,-1.62502667198025,-0.598166525387248,-1.33506732042031,0.104329360832958,0.218809200343472
0.260407524483276,-1.5908567689253,-1.62248654201396,-0.573799977779003,-1.34006493962745,0.0967952754942373,0.202743659857817
0.248209392403987,-1.59047176190163,-1.61976463370136,-0.548220247476042,-1.34526214731043,0.0894613915711039,0.186353658220332
0.235686318926305,-1.59006596546421,-1.61683272702658,-0.521494346923958,-1.35067118788415,0.0823681590776136,0.169878051295372
0.222859384990852,-1.58964105725189,-1.61365677678772,-0.493693805141135,-1.35630588093495,0.0755566970093682,0.153566489620071
0.209750091859805,-1.58919893499198,-1.61019555559971,-0.464894482328533,-1.36218246434319,0.0690685990060209,0.137672006547589
0.196380369899282,-1.58874178037478,-1.60639896034429,-0.435176343667615,-1.3683206539387,0.0629458255656655,0.122442553163733
0.182772589052556,-1.58827215532339,-1.60220592370124,-0.404623194602812,-1.37474493584803,0.0572307358831161,0.108111810264679
0.16894956933742,-1.5877931453488,-1.59754189694848,-0.373322378856481,-1.38148609097772,0.0519663259499851,0.0948896884051472
0.154934590895687,-1.58730857087343,-1.5923159439054,-0.341364441935749,-1.38858290990697,0.0471967601518954,0.0829529836663503
0.140751403852142,-1.58682329516998,-1.5864176594078,-0.308842761246304,-1.39608396620768,0.0429683104403917,0.0724366785123565
0.126424240219742,-1.58634366547303,-1.57971449168089,-0.275853141540377,-1.40404912980095,0.0393308449559165,0.0634263622340692
0.111977832445532,-1.58587812661316,-1.57205075432889,-0.242493367386295,-1.41255014552845,0.0363400131733689,0.0559521982070095
0.097437446337148,-1.58543803039557,-1.56325084746279,-0.208862691888423,-1.42166898242471,0.0340601963582318,0.0499848082298302
0.082828938986085,-1.58503859878067,-1.55313104819131,-0.175061223052632,-1.43149173926258,0.0325679994666455,0.0454334285850316
0.0681788496381908,-1.58469983326643,-1.54152616255251,-0.141189150767072,-1.44209493831098,0.0319553368298036,0.0421468046988338
0.0535145137132649,-1.58444684700489,-1.5283372033739,-0.107345765777185,-1.45352114429401,0.032329818633651,0.0399176154257016
0.0388641398990968,-1.58430869056331,-1.51359931130093,-0.0736283036067181,-1.46574441258236,0.0338084944831223,0.0384916602809667
0.0242567090781066,-1.58431463429288,-1.49755051347276,-0.0401308446503658,-1.47863552397312,0.0365007845211114,0.0375830076104481
0.0097215123693917,-1.58448780424576,-1.48065784292758,-0.00694373429097071,-1.49194909486985,0.0404807625306393,0.036894673476718
-0.00471271262168015,-1.58483826182428,-1.46355656743732,0.0258460440939318,-1.50535489739051,0.0457584174665899,0.0361409002718352
-0.0190187445360246,-1.58535931507298,-1.44690780346893,0.0581536302886186,-1.51851051797703,0.0522661601140473,0.0350644284103678
-0.0331714284098132,-1.58602944197406,-1.43124630228884,0.0898949216359764,-1.53113882381609,0.0598698137438794,0.0334443120402394
-0.0471475586222991,-1.58681839829051,-1.41689727446579,0.120985889790123,-1.54307024939467,0.0683967557439274,0.0310958355187723
-0.0609253087373324,-1.58769386470653,-1.40398108609522,0.151342809863607,-1.55424041209336,0.0776651686032219,0.0278677814398614
-0.0744836045573949,-1.58862602085794,-1.39246962525264,0.180883064951822,-1.56466145851857,0.08750364777058,0.0236409514943852
-0.0878016857758758,-1.58958959322633,-1.38225077927109,0.20952607374216,-1.57438925942027,0.0977598485947508,0.0183286666637334
-0.100858892906789,-1.59056414877917,-1.3731778927799,0.237194073527567,-1.58349820793248,0.108301815719126,0.0118781845654734
-0.113634613469133,-1.59153354003777,-1.36510004087714,0.263812688522498,-1.59206575311943,0.119015913943089,0.0042718230031002
-0.126108311458068,-1.59248509829784,-1.35787741603884,0.289311313054517,-1.60016449825687,0.129803820466939,-0.00447291652983953
-0.13825958907678,-1.59340886248485,-1.35138743386061,0.313623363585376,-1.6078590215333,0.140579699587777,-0.0143044370764856
-0.150068254061606,-1.59429694264412,-1.34552583256698,0.336686443781774,-1.61520524583578,0.151267905590357,-0.025139252460612
-0.16151438191953,-1.59514302866833,-1.34020542087471,0.358442452053121,-1.6222510044051,0.161801217617595,-0.0368650740460526
-0.17257837144438,-1.59594202279384,-1.33535393474627,0.37883765064023,-1.62903705583833,0.17211950065183,-0.0493444970095397
-0.183240994147501,-1.59668976777562,-1.3309117332594,0.397822705240654,-1.63559817381849,0.182168674403257,-0.0624190135941202
-0.193483440363451,-1.59738284573698,-1.3268296592008,0.415352701734771,-1.64196414479964,0.191899894663719,-0.0759131185594561
-0.20328736376981,-1.5980184280462,-1.32306718296398,0.431387142171124,-1.64816061354853,0.20126887799218,-0.0896383202574862
-0.212634926605628,-1.59859416180339,-1.31959084889185,0.445889922375997,-1.65420976896625,0.210235324773857,-0.103396925170379
-0.221508846197325,-1.59910808256786,-1.31637300107649,0.458829290365813,-1.6601308848271,0.218762411962454,-0.116985514122244
-0.229892443526812,-1.59955854604417,-1.31339075062918,0.470177784587511,-1.66594073896879,0.226816339465987,-0.130198075890818
-0.237769693347045,-1.59994417352912,-1.31062514489632,0.479912147955631,-1.6716539358211,0.234365921336374,-0.142828801937623
-0.245125274569975,-1.60026380732576,-1.30806050274599,0.488013210400478,-1.67728315614575,0.241382217446514,-0.154674574931087
-0.2519446185503,-1.60051647314326,-1.30568388511037,0.494465727061718,-1.68283935645033,0.247838203168544,-0.165537202129926
-0.258213949727548,-1.60070134684755,-1.30348467842227,0.499258149705635,-1.68833193700401,0.253708472904502,-0.17522544288715
-0.263920309583008,-1.60081772270795,-1.3014542693354,0.502382294904261,-1.6937688987419,0.258968968813595,-0.183556878296512
-0.269051543730163,-1.60086497990913,-1.2995858019146,0.50383285478193,-1.69915699968634,0.263596714423786,-0.190359627818986
-0.273596213485132,-1.60084254393359,-1.29787401573239,0.503606689646762,-1.70450190339968,0.267569513568784,-0.195473882508316
-0.277543356120425,-1.60074984253991,-1.29631518433401,0.501701911733148,-1.70980824108991,0.270865546155236,-0.198753214370912
-0.2808820057296,-1.60058627061228,-1.29490719804624,0.498117105329934,-1.71507935886109,0.273462812509192,-0.200065864353715
-0.283600544445545,-1.60035121141152,-1.29364982004461,0.492851795077849,-1.72031638346728,0.275338601721387,-0.199297071945067
-0.285686510355125,-1.60004417184464,-1.29254495825473,0.485909498537748,-1.72551675681939,0.276469704431941,-0.196354540907407
-0.287127680783153,-1.59966497674809,-1.2915965967011,0.477302070496022,-1.73067364895965,0.276834020200284,-0.191177304288541
-0.287913825708549,-1.59921386133255,-1.29081041662169,0.467051576573911,-1.73577707973518,0.276412645712582,-0.183743994623654
-0.288037674063829,-1.59869143756623,-1.29019359725556,0.45518912306653,-1.74081537949505,0.275191025844713,-0.174077528385478
-0.287494900904855,-1.598098634687,-1.28975497819879,0.441752990630196,-1.74577585862309,0.273159182727861,-0.162247331053136
-0.286283743952233,-1.59743666800139,-1.2895054332826,0.426787342983883,-1.75064485652369,0.270311680510149,-0.148370676846515
-0.284404626879155,-1.59670703704516,-1.28945833276659,0.410341517561795,-1.75540757261015,0.266647662488281,-0.132613451592063
-0.281859878108493,-1.59591154374227,-1.28963006271285,0.392469636806212,-1.7600478621733,0.262171013173972,-0.115190006421427
-0.278653531491891,-1.5950523258154,-1.29004061022408,0.373230364873406,-1.76454803099956,0.256890617386098,-0.096361674090271
-0.274791180945302,-1.59413190540936,-1.29071422817277,0.352686720329986,-1.76888861446522,0.250820691706853,-0.0764335786026915
-0.270279867111806,-1.59315325566483,-1.29168017911553,0.330905898718892,-1.77304812584536,0.243981177002588,-0.0557494652902744
-0.265127981382641,-1.59211989072476,-1.29297353306236,0.307959082704317,-1.77700276878358,0.236398212246114,-0.0346843825143543
-0.259345177485672,-1.59103598591954,-1.29463593566939,0.283921227404474,-1.78072614600466,0.228104714885357,-0.0136351813165153
-0.252942283916107,-1.58990653603791,-1.2967161629106,0.258870815239297,-1.78418905094009,0.219141109633935,0.00699106216849719
-0.245931212080169,-1.58873755829636,-1.29927009943616,0.232889575149494,-1.78735952582107,0.209556245270992,0.0267904498768998
-0.238324857833741,-1.58753634048135,-1.30235948666301,0.206062162889323,-1.79020352178487,0.199408515576419,0.045377088161864
-0.23013699942045,-1.58631171778246,-1.30604836568367,0.178475799583628,-1.79268671238318,0.188767129738052,0.0623987789303925
-0.221382204157105,-1.58507432465018,-1.31039566450263,0.150219863671643,-1.79477825198631,0.177713317698258,0.0775528318123532
-0.212075772908442,-1.58383670096657,-1.31544217742155,0.121385434894286,-1.79645736512599,0.166340960917667,0.0906009807599917
-0.202233771527637,-1.58261303824487,-1.32119106376657,0.0920647970423546,-1.79772319187946,0.154755707784222,0.10138197521353
-0.191873209929771,-1.58141828202065,-1.32758419223839,0.0623509301846349,-1.79860667210003,0.143071263669309,0.109819912714378
-0.181012399764762,-1.58026639192744,-1.33448266086381,0.0323370543277004,-1.7991801977575,0.13140180074374,0.115926185890693
-0.169671423641893,-1.57916795609113,-1.34166551236784,0.00211630566555572,-1.799557904807,0.119851053961894,0.119793858934829
-0.157872513173438,-1.57812798265611,-1.34885808234434,-0.0282184154192879,-1.79988086105816,0.108501468517477,0.121585908823543
-0.145640092705091,-1.5771450063076,-1.35578543675813,-0.0585744865829128,-1.80028958624413,0.0974084685119148,0.12152176228012
-0.133000405056175,-1.5762120814137,-1.36222745476707,-0.0888596389097926,-1.80089592129778,0.0866028257782163,0.119866898347427
-0.119980885783524,-1.57531910764587,-1.36805017833924,-0.11898217544729,-1.80176715343845,0.0760992461264406,0.116926872633238
-0.106609556864944,-1.574455301388,-1.37320573244298,-0.148851330234587,-1.80292624794206,0.0659062059935972,0.113043131550261
-0.0929146135530955,-1.57361093089466,-1.37771148060303,-0.178377680284183,-1.8043627057726,0.0560330584783484,0.108586981136149
-0.0789242232213457,-1.57277812005873,-1.38162385300599,-0.207473525616304,-1.8060461715009,0.0464933230677516,0.103949850935301
-0.0646664704341943,-1.57195096894059,-1.3850166867503,-0.236053200204733,-1.80793777760479,0.0373050915334801,0.0995301586284343
-0.0501693759045584,-1.57112532425635,-1.3879669962767,-0.264033317289547,-1.80999772678274,0.0284899617226454,0.0957182228672948
-0.0354609413922297,-1.57029843871265,-1.39054719401377,-0.291332972011345,-1.81218958787859,0.0200715528253704,0.0928808390211485
-0.0205691978641668,-1.56946864288924,-1.39282168016109,-0.317873924006122,-1.81448233732654,0.0120741567888803,0.0913468405640225
-0.0055222489460809,-1.56863507565465,-1.3948459665916,-0.343580776581173,-1.81685105558161,0.00452172231108815,0.0913945753404184
0.00965169204981969,-1.56779747967697,-1.3966670852413,-0.36838116214402,-1.8192768968463,-0.00256282507264413,0.0932418719599327
0.024924271329325,-1.5669560531183,-1.39832454104887,-0.392205937421906,-1.82174669885836,-0.00915800371538407,0.0970387869747486
0.0402669696919426,-1.5661113448955,-1.39985141363649,-0.41498938764866,-1.82425243140414,-0.0152440330551109,0.1028632041802
0.0556510842856341,-1.56526418182636,-1.40127541671445,-0.436669437763228,-1.82679058345126,-0.0208030124769364,0.110719195366432
0.0710477174235466,-1.56441561831784,-1.40261983629256,-0.457187866696613,-1.82936153493458,-0.0258190837558526,0.120537939305101
0.0864277737734182,-1.56356690147401,-1.40390432628769,-0.476490522403695,-1.83196893198027,-0.0302786133191255,0.132180925991079
0.101761966684685,-1.5627194463547,-1.40514556721605,-0.494527535370243,-1.8346190714873,-0.0341704060372145,0.145445137154055
0.117020833736923,-1.56187481751106,-1.4063578048514,-0.511253528672073,-1.83732029610394,-0.0374859422037483,0.160069882530204
0.132174762644622,-1.56103471386161,-1.4075532890304,-0.526627824686925,-1.84008240050619,-0.0402196155364235,0.175744977745842
0.147194026988448,-1.56020095481614,-1.40874263200785,-0.540614646638763,-1.84291605172283,-0.0423689418284041,0.192119962908954
0.162048832541373,-1.55937546608593,-1.40993510352705,-0.553183314126966,-1.84583222967999,-0.0439347067559066,0.208814080573051
0.176709373699623,-1.55856026419769,-1.41113887672151,-0.564308429473842,-1.8488416971108,-0.0449210252825937,0.225426749907959
0.191145900813588,-1.55775743910042,-1.41236123608926,-0.573970051825421,-1.85195451051244,-0.0453352939262551,0.24154829447599
0.205328797920408,-1.55696913470453,-1.4136087559806,-0.582153853823182,-1.85517958430504,-0.0451880284528187,0.256770698609029
0.21922867151042,-1.55619752742208,-1.41488745624144,-0.588851256080647,-1.85852431951092,-0.0444925928070794,0.270698189542252
0.232816449414276,-1.55544480313963,-1.41620293795079,-0.594059533470477,-1.86199430426681,-0.0432648337646663,0.282957449692169
0.246063489306397,-1.55471313303092,-1.41756050508681,-0.597781888614863,-1.86559309021039,-0.0415226517710346,0.293207300695187
0.258941695318343,-1.55400464883608,-1.41896527294532,-0.600027488284665,-1.86932204225488,-0.0392855390846757,0.301147695390778
0.271423641129279,-1.55332141813255,-1.42042226617574,-0.600811459858519,-1.87318025471749,-0.036574122564136,0.306527872807689
0.283482697032338,-1.55266542009395,-1.42193650876653,-0.600154846015752,-1.87716452252153,-0.0334097476937608,0.309153531784797
0.295093158163563,-1.55203852214091,-1.42351310842364,-0.598084516995663,-1.88126935395715,-0.029814137219492,0.308892874932024
0.306230371563205,-1.55144245776253,-1.42515733796701,-0.594633040349361,-1.88548701176177,-0.0258091517258972,0.305681364714452
0.316870858661362,-1.55087880576473,-1.42687471672836,-0.589838508409551,-1.88980757092486,-0.0214166710857419,0.299525018280326
0.326992431784625,-1.55034897117126,-1.42867109231812,-0.583744323382812,-1.89421898841335,-0.0166586092240763,0.290502067874056
0.336574301601273,-1.54985416796895,-1.43055272733778,-0.57639893959284,-1.89870718132631,-0.0115570567691649,0.278762790133362
0.345597174712587,-1.54939540401466,-1.43252639034886,-0.567855561918206,-1.90325611981,-0.00613454097951228,0.26452734392831
0.354043340046225,-1.54897346848546,-1.43459945168223,-0.558171799170608,-1.90784794368826,-0.00041437658305795,0.248081483088122
0.361896742750129,-1.54858892236265,-1.43677998318229,-0.547409272079789,-1.91246311432311,0.00557892930241602,0.229770079379866
0.369143045097414,-1.54824209245108,-1.43907686020466,-0.535633176048235,-1.91708061294696,0.0118192644622192,0.209988484803811
0.375769672713446,-1.54793306946973,-1.44149986310202,-0.522911802236341,-1.92167819220368,0.0182785413941916,0.189171883773902
0.381765845509192,-1.54766171057738,-1.44405977517171,-0.509316021676896,-1.92623268176831,0.0249264197675862,0.167782916262715
0.387122591044206,-1.54742764656382,-1.44676847314966,-0.494918742781101,-1.93072033991969,0.0317301624167832,0.146297989007156
0.391832739900918,-1.54723029356647,-1.44963900673836,-0.479794352183319,-1.93511723649389,0.0386546530099012,0.125192798917562
0.395890901174511,-1.54706886892616,-1.45268566270039,-0.464018154974743,-1.93939964576753,0.0456625822596669,0.104927675281447
0.399293418501651,-1.54694241039501,-1.45592400932545,-0.447665828020843,-1.94354442697368,0.0527147899117646,0.0859333700286316
0.402038307384025,-1.54684979766638,-1.45937091617029,-0.430812900932305,-1.94752937172051,0.0597707293567782,0.0685979033180481
0.404125176000751,-1.54678977500573,-1.46304454300426,-0.413534276719909,-1.95133350346206,0.0667890072519313,0.0532549989715303
0.405555132723911,-1.54676097370206,-1.4669642899086,-0.395903802804675,-1.95493732187766,0.0737279424336671,0.0401745381750504
0.406330684991058,-1.54676193310761,-1.47115069882383,-0.377993896687071,-1.95832299443889,0.0805460903375945,0.029555330167103
0.406455634249476,-1.54679111924001,-1.47562529395258,-0.359875228087962,-1.96147450488709,0.0872026869162732,0.0215203718295132
0.405934971675605,-1.54684694021788,-1.48041034479563,-0.341616458534487,-1.9643777736902,0.0936579792941897,0.0161146515986201
0.404774778837795,-1.54692775822125,-1.48552853403089,-0.323284030740666,-1.96702076982145,0.0998734301462192,0.0133054525199287
0.402982136303854,-1.54703189817847,-1.49100250762963,-0.304942007648759,-1.96939363236882,0.105811797804044,0.0129850376927504
0.400565042292354,-1.54715765401621,-1.49685428475476,-0.286651953743603,-1.97148882060614,0.111437113810713,0.0149755404791004
0.397532342059122,-1.54730329406758,-1.50310450582945,-0.268472853054302,-1.97330130812921,0.116714593311873,0.0190358403416973
0.39389366814967,-1.54746706806198,-1.50977150205835,-0.250461060619665,-1.97482883239574,0.121610523650666,0.0248701690185195
0.389659390992612,-1.54764721900037,-1.51687018255678,-0.232670282381588,-1.97607220519969,0.1260921832549,0.0321381590755339
0.384840578773494,-1.54784200398176,-1.52441075710563,-0.215151578117663,-1.97703568015151,0.130127843691094,0.040466016929044
0.37944896593418,-1.54804972841425,-1.5323973442284,-0.197953384268421,-1.97772735899985,0.133686902071795,0.049458473010199
0.373496928963533,-1.54826879776492,-1.5408265583892,-0.181121550605812,-1.97815959961237,0.136740180352222,0.0587111386368178
0.366997467952479,-1.54849778963,-1.54968621887148,-0.164699385758612,-1.97834936521357,0.139260409722571,0.0678228826628601
0.359964192839489,-1.54873554616922,-1.5589543665202,-0.148727709058869,-1.97831843193476,0.141222893966045,0.0764078344387372
0.352411312038128,-1.54898128293456,-1.56859880055284,-0.133244904164857,-1.97809335739741,0.142606317921222,0.0841066308098909
0.344353621543689,-1.54923470519763,-1.57857733347741,-0.11828697276195,-1.97770511590043,0.143393637722715,0.090596552184232
0.335806493096279,-1.54949611817256,-1.58883889690357,-0.103887587567691,-1.9771883338263,0.143572965213258,0.0956002426906128
0.326785860190582,-1.54976651453461,-1.59932551454919,-0.0900781430035046,-1.97658011338091,0.143138345734538,0.0988927826469275
0.31730820233009,-1.55004762273686,-1.60997500791988,-0.0768878025049036,-1.97591850552746,0.1420903315907,0.100306972357658
0.307390528178312,-1.55034190365543,-1.62072415527766,-0.0643435391624867,-1.97524076605691,0.1404362750034,0.0997367864463791
0.297050360280339,-1.55065249046143,-1.63151192531046,-0.0524701673467,-1.97458158051053,0.138190301069566,0.0971390506565187
0.286305722934484,-1.55098307572123,-1.64228239114025,-0.0412903605335169,-1.97397145687634,0.135372964742672,0.0925334639031531
0.275175135185148,-1.55133775801131,-1.65298699865716,-0.0308246520306663,-1.97343545560181,0.132010636107413,0.0860011245420084
0.263677609148952,-1.55172086578035,-1.66358599686431,-0.0210914152089599,-1.97299236443525,0.128134686207201,0.077681720403218
0.25183265344198,-1.55213677764737,-1.6740489921983,-0.0121068218782207,-1.97265435080634,0.123780557936119,0.0677695158716933
0.239660279524618,-1.55258975615732,-1.68435472504789,-0.00388477795601173,-1.97242705712986,0.118986803528486,0.056508230343776
0.227181009016622,-1.55308380731089,-1.69449025418783,0.00356316224283068,-1.97231005832788,0.113794157468871,0.0441848691135235
0.214415879954948,-1.5536225728761,-1.70444976871552,0.0102279004664697,-1.97229758075206,0.108244699053654,0.0311225515393666
0.201386449517215,-1.55420925690648,-1.71423323611057,0.0161029147362,-1.97237938100067,0.102381137700734,0.0176723873459505
0.188114791726743,-1.55484658451925,-1.72384505388339,0.0211843903463792,-1.97254169904655,0.0962462451545343,0.00420448174662206
0.174623488862123,-1.5555367881931,-1.73329282109064,0.0254713561441956,-1.97276821913787,0.0898824444981705,-0.00890180455013
0.160935615583015,-1.55628161573215,-1.74258629604737,0.0289658197823439,-1.97304099194885,0.0833315564562542,-0.021268160466047
0.147074715018374,-1.5570823538616,-1.75173656590115,0.0316728951772004,-1.97334128797346,0.0766346939938236,-0.0325279611896266
0.13306476691751,-1.55793986187252,-1.76075542455996,0.033600915256707,-1.97365036444476,0.0698322870528586,-0.0423369560616521
0.118930147515275,-1.5588546106412,-1.76965493858105,0.0347615237417647,-1.97395013653863,0.0629642096872706,-0.0503836944851691
0.104695581416105,-1.55982672337378,-1.77844717216907,0.0351697403680149,-1.97422374909392,0.0560699738357533,-0.0563993571999274
0.090386086271208,-1.56085601546471,-1.78714404057306,0.0348439950381325,-1.97445604839503,0.0491889480786429,-0.0601666558542562
0.07602691134576,-1.56194203179508,-1.79575726317746,0.0338061275952126,-1.97463395532963,0.0423605571189224,-0.0615274729754617
0.0616434705565584,-1.56308408061027,-1.804298391662,0.0320813508851862,-1.97474674185378,0.0356244189564614,-0.0603889352028465
0.0472612718401967,-1.5642812635644,-1.81277889165374,0.0296981755622284,-1.97478621244383,0.0290203834544107,-0.0567276434643149
0.0329058438569778,-1.56553250186629,-1.8212102598832,0.0266882956329344,-1.97474679151944,0.0225884461557751,-0.0505918261303833
0.0186026610854244,-1.56683655853292,-1.82960416093703,0.0230864340061948,-1.97462551708804,0.0163685255112421,-0.0421012351492812
0.00437706862278961,-1.56819205664497,-1.83797256907056,0.0189301477210173,-1.97442194066652,0.010400108413168,-0.0314446739829471
-0.00974579217359558,-1.56959749335278,-1.84632790220926,0.0142595931135478,-1.9741379343974,0.00472178592705194,-0.0188751311902871
-0.0237410567133911,-1.57105124932152,-1.85468313790456,0.00911725191953303,-1.9737774085095,-0.00062928379454011,-0.00470259361673191
-0.0375842074976792,-1.57255159322487,-1.86305190387747,0.0035476209237325,-1.97334594594051,-0.00561793672624686,0.010715273367541
-0.0512511412250496,-1.57409668115939,-1.87144854076763,-0.00240313075236606,-1.97285036564986,-0.0102115346790815,0.0269842740675367
-0.0647182314566323,-1.57568455114239,-1.87988813930928,-0.00868753051611308,-1.97229823125685,-0.0143804155743282,0.0436862422323802
-0.0779623857563017,-1.57731311326681,-1.88838655895987,-0.0152571894053299,-1.97169732615735,-0.0180982200798408,0.0603925019500557
-0.0909610973866353,-1.57898013709343,-1.89696043827411,-0.0220631986530084,-1.9710551195018,-0.021342067312605,0.076677661061165
-0.10369248986945,-1.5806832373392,-1.9056272081123,-0.029056525906211,-1.97037824825972,-0.0240925730715462,0.0921331390914986
-0.116135355400022,-1.58241986009621,-1.91440511779348,-0.0361884025432207,-1.96967203913545,-0.02633372342696,0.106379860296333
-0.128269186571073,-1.58418727122713,-1.92331328004513,-0.0434106940139475,-1.96894009040936,-0.0280526342452973,0.119079599849526
-0.140074202159334,-1.58598254846388,-1.93237173656489,-0.0506762473084965,-1.96818392826139,-0.0292392398761699,0.129944566875783
-0.151531367962582,-1.58780257826167,-1.94160154167759,-0.05793921161261,-1.96740274579632,-0.029885959770441,0.138744922133047
-0.162622413079268,-1.58964405779018,-1.95102485790823,-0.0651553295096938,-1.96659322678882,-0.0299873901741141,0.145314048816511
-0.173329842924175,-1.59150350205417,-1.96066505670463,-0.0722821979677274,-1.96574945076828,-0.0295400603301889,0.149551512759853
-0.183636949045715,-1.59337725556203,-1.97054681721792,-0.079279498472191,-1.9648628722489,-0.0285422801966775,0.151423751538524
-0.1935278167179,-1.59526150791078,-1.98069621888608,-0.0861091967366892,-1.96392236456624,-0.0269940919863619,0.150962619269006
-0.202987330392556,-1.59715231249354,-1.99114082564308,-0.0927357120861153,-1.96291431798707,-0.0248973227832047,0.148261980909152
-0.212001176115094,-1.59904560741863,-2.001909761054,-0.0991260560375345,-1.96182278201008,-0.0222557224780025,0.143472600585551
-0.220555842472597,-1.60093723835692,-2.01303377834075,-0.105249941559144,-1.96062964207935,-0.0190751605435437,0.136795602718431
-0.228638618292034,-1.60282298251157,-2.0245453268166,-0.111079862592768,-1.95931482175692,-0.015363849552043,0.128474807171646
-0.236237588385034,-1.60469857361151,-2.03647862006661,-0.116591146244836,-1.95785650114431,-0.0111325606903645,0.118788249629392
-0.243341626502189,-1.60655972742945,-2.04886970860614,-0.121761979383163,-1.95623134222562,-0.00639479931267978,0.108039200295964
-0.249940386313419,-1.60840216771816,-2.06175656189801,-0.126573413439131,-1.95441471087583,-0.00116691360124572,0.0965469839450488
-0.256024290076753,-1.61022165225769,-2.07517916365965,-0.131009351157565,-1.95238088471603,0.00453188208053882,0.0846378868902799
-0.26158451458206,-1.61201399880755,-2.08917962581236,-0.135056519498572,-1.95010323556349,0.0106795782086081,0.072636409145038
-0.266612974171588,-1.61377511117647,-2.10380233155993,-0.138704433239519,-1.94755437475066,0.017251536521306,0.0608570828499697
-0.271102297604656,-1.6155010052628,-2.11909411910124,-0.141945351455298,-1.94470625026965,0.0242207436733138,0.0495970412426508
-0.275045795418834,-1.61718783569292,-2.1351045296018,-0.144774228575177,-1.94153018383913,0.0315581407507575,0.0391294766815959
-0.278437409257939,-1.61883192299921,-2.15188614674816,-0.147188657533047,-1.93799683629948,0.0392330117685775,0.029698091533596
-0.281271630490894,-1.62042978055699,-2.16949505853801,-0.149188799442475,-1.93407609011404,0.0472134095583008,0.0215126124896283
-0.283543369580762,-1.62197813742182,-2.18799144468014,-0.150777290628556,-1.92973684527229,0.0554665805122388,0.0147454130136721
-0.285247755932457,-1.62347394526233,-2.2074401725373,-0.151959118104333,-1.92494675862472,0.0639592968954792,0.0095292525455261
-0.286379872229188,-1.62491434560645,-2.22791099975215,-0.152741472920549,-1.91967204514771,0.0726579015821908,0.00595602636067976
-0.28693451014827,-1.62629657102954,-2.24947761411036,-0.153133645106535,-1.91387759579807,0.0815277799438576,0.00407613402612487
-0.286906158189992,-1.62761779385227,-2.27221487576046,-0.153147094072823,-1.90752768664475,0.0905321497951027,0.0038977123078882
-0.286289415637503,-1.62887502788731,-2.29619511936227,-0.152795793042916,-1.90058714740445,0.0996307458826389,0.00538516049526918
-0.285079695730874,-1.63006519890642,-2.32148577404564,-0.152096715361642,-1.89302234086719,0.108779370588821,0.0084575894229782
-0.283273810915917,-1.63118534974229,-2.34814923380624,-0.151070176989637,-1.88480154056529,0.117930501802077,0.0129887310609818
-0.280870220166215,-1.63223284669482,-2.37624371430535,-0.149739904013894,-1.87589495432103,0.12703425049354,0.0188091366417759
-0.277869027659693,-1.6332055133289,-2.40582366739742,-0.148132901751864,-1.86627480784061,0.1360390801963,0.0257103910843025
-0.274271894950614,-1.63410170149377,-2.43693938528998,-0.146279237978177,-1.85591564618882,0.144892225138378,0.0334507771247886
-0.270081961594336,-1.63492033027341,-2.46963599185982,-0.144211799539138,-1.84479483248408,0.153539964811002,0.0417620082010578
-0.265303807782027,-1.6356609130062,-2.50395207610944,-0.141966037988183,-1.83289318302571,0.161927902772335,0.0503568168001509
-0.259943461979329,-1.63632358054221,-2.53991816205174,-0.139579700094411,-1.82019568055891,0.170001342013862,0.0589372386178071
-0.254008450626572,-1.6369091007989,-2.57755512149776,-0.137092535906349,-1.80669222707924,0.177705794974105,0.0672034047562777
-0.247507882533034,-1.63741889136517,-2.61687262499516,-0.134545976508865,-1.79237839602371,0.184987640335134,0.0748626133018295
-0.240452561414828,-1.63785501963567,-2.65786770327847,-0.131982776648574,-1.77725614787196,0.191794914033174,0.0816384046242216
-0.23285512006757,-1.63822018398967,-2.70052348216816,-0.129446620483276,-1.76133447373164,0.198078205173349,0.087279334462475
-0.224730165889839,-1.63851766945279,-2.7448081612588,-0.126981690731023,-1.74462992628393,0.203791617033514,0.0915671313354939
-0.216094428050381,-1.63875127165473,-2.7906742814036,-0.124632205208237,-1.72716700510511,0.208893741111051,0.0943239330701244
-0.206966892531481,-1.63892518454199,-2.838058323235,-0.122441926371372,-1.70897836418676,0.213348588650767,0.0954183299707796
-0.197368911772531,-1.63904384973248,-2.88688064916978,-0.120453651841438,-1.69010482220946,0.217126421383897,0.0947699876892411
-0.187324273410867,-1.63911176889791,-2.93704579028717,-0.118708694304681,-1.6705951639112,0.220204427758698,0.0923526815533875
-0.176859213989323,-1.63913328459897,-2.9884430571893,-0.117246359483861,-1.65050573478832,0.222567197938561,0.0881956368519411
-0.166002366185028,-1.63911233928739,-3.04094743778405,-0.116103430185253,-1.62989984438071,0.224206962184557,0.0823831343225453
-0.154784630146543,-1.63905222613212,-3.09442074591031,-0.115313662938591,-1.60884700025444,0.225123571890725,0.0750524012687558
-0.143238965627411,-1.63895534833523,-3.14871297926953,-0.114907302643486,-1.5874220036993,0.225324218157801,0.0663898656615403
-0.131400106422563,-1.63882300521884,-3.20366385729438,-0.114910619433152,-1.5657039387916,0.224822899897816,0.0566259012204743
-0.119304204762056,-1.63865522321642,-3.25910452135187,-0.115345471578373,-1.54377508508018,0.223639669887637,0.0460282360520898
-0.106988419364263,-1.63845064787042,-3.31485939209829,-0.116228898617333,-1.52171977995522,0.221799702269503,0.0348942358308816
-0.0944904654616448,-1.63820650910014,-3.37074819139558,-0.117572750072126,-1.49962324994808,0.219332237417337,0.0235423032706008
-0.0818481486010385,-1.63791866667421,-3.42658814138713,-0.119383357008733,-1.47757042421657,0.216269468628659,0.0123026583962889
-0.0690989060363654,-1.63758173650797,-3.48219634845505,-0.121661255880538,-1.4556447401221,0.212645438933013,0.00150777816989915
-0.0562793793047484,-1.63718929173629,-3.53739236626999,-0.124400976130145,-1.43392695047182,0.208495014660711,-0.00851722168060501
-0.0434250399864381,-1.63673412622722,-3.5920009069201,-0.127590904251377,-1.41249394679169,0.203852995266496,-0.0174639842102588
-0.030569885190472,-1.63620856292707,-3.64585464663262,-0.131213237542518,-1.39141761789507,0.198753405704182,-0.0250498236562493
-0.0177462153590017,-1.63560478592095,-3.69879703586467,-0.135244039296968,-1.3707637750069,0.193229000899534,-0.0310259052174878
-0.00498449951043025,-1.63491517363055,-3.75068500245899,-0.139653404570602,-1.35059118186657,0.187310991556941,-0.0351844673971083
0.00768667368376059,-1.63413261139486,-3.80139142081142,-0.144405741493387,-1.33095073413448,0.181028979709098,-0.0373648853193761
0.0202405664708936,-1.63325076464656,-3.85080721674975,-0.149460167646994,-1.31188483351358,0.174411073487264,-0.0374583977577934
0.0326521968341388,-1.63226429852832,-3.89884299199039,-0.154771015103445,-1.29342699565935,0.167484135560941,-0.0354113475807302
0.0448981942995331,-1.63116903536083,-3.94543008341108,-0.160288432232584,-1.2756017168881,0.160274110167748,-0.0312268165341404
0.056956623595344,-1.62996204732618,-3.99052100629839,-0.16595906477292,-1.25842460856699,0.152806372339892,-0.0249645740076084
0.0688067945450322,-1.62864168693685,-4.03408928259872,-0.171726795688415,-1.24190278444907,0.145106047019958,-0.0167393075820697
0.0804290726299631,-1.62720756233975,-4.07612869108307,-0.177533520298824,-1.22603546898982,0.137198258276287,-0.00671716273254766
0.0918047041364204,-1.62566046720051,-4.11665202275893,-0.183319933883362,-1.21081477466538,0.129108282966338,0.0048893140499024
0.10291566430928,-1.62400227661704,-4.15568944425384,-0.189026309197093,-1.19622658866434,0.120861601817649,0.017827660440001
0.113744534445172,-1.622235820659,-4.19328659058659,-0.194593244261449,-1.18225150441206,0.112483856766188,0.0318131719195838
0.124274411198297,-1.62036474626305,-4.22950251327209,-0.199962364418949,-1.16886573626739,0.104000736077821,0.0465374618171002
0.134488847039391,-1.61839337704812,-4.26440759635203,-0.205076965579346,-1.15604196707996,0.0954378182110754,0.0616775566980896
0.144371820659009,-1.61632657854478,-4.29808154440015,-0.209882590462526,-1.14375008865017,0.0868204064376461,0.0769051539112158
0.153907733595538,-1.61416963458226,-4.33061152286515,-0.214327532820028,-1.13195781081219,0.0781733840759683,0.0918956688371686
0.163081428301679,-1.61192813881667,-4.36209050875563,-0.218363267923328,-1.12063112868251,0.0695211132434135,0.106336727585072
0.171878223549496,-1.60960790349018,-4.3926158920569,-0.221944811035875,-1.10973464774523,0.0608873893070867,0.119935815043398
0.18028396202637,-1.60721488629021,-4.42228834568666,-0.225031007409295,-1.09923177618496,0.0522954535923034,0.132426856716971
0.188285065455931,-1.60475513500441,-4.45121096675908,-0.227584759212851,-1.08908479884688,0.0437680571985004,0.143575592815886
0.195868592916956,-1.60223474884018,-4.47948867955724,-0.229573195907764,-1.0792548497169,0.0353275614579065,0.153183683730806
0.203022298773698,-1.59965985461566,-4.50722788331207,-0.230967795143562,-1.06970179968164,0.0269960556352932,0.161091560259903
0.209734686017993,-1.59703659608666,-4.53453631901301,-0.231744460938345,-1.06038407650118,0.0187954718784324,0.167180091729356
0.215995052262414,-1.59437113431013,-4.56152313108097,-0.231883565830719,-1.05125843071602,0.010747677063648,0.171371191674357
0.221793524941369,-1.59166965744279,-4.5882990957956,-0.231369962796996,-1.04227966053608,0.00287452495174065,0.173627507555791
0.227121082613566,-1.58893839875019,-4.61497698903948,-0.230192972274362,-1.03340030717655,-0.00480214399508336,0.173951353896985
0.231969559309643,-1.58618366224578,-4.64167206499859,-0.228346349464077,-1.02457033176181,-0.012260562849666,0.172383048242426
0.236331629363834,-1.5834118559972,-4.66850261632459,-0.225828237504686,-1.01573678524727,-0.0194791615952021,0.168998800450654
0.2402007701158,-1.58062953438062,-4.69559057659606,-0.22264111392193,-1.00684348648268,-0.02643675097142,0.163908292137053
0.243571202209961,-1.5778434508522,-4.72306212047125,-0.218791740240747,-0.997830726342036,-0.033112761706498,0.157252066531736
0.246437809479983,-1.5750606231159,-4.75104820334513,-0.214291127493852,-0.988635022043954,-0.0394875318171046,0.149198828739584
0.248796044152348,-1.57228841144093,-4.77968497295183,-0.209154531218964,-0.979188951473028,-0.0455426356703687,0.139942729139976
0.250641826293679,-1.56953460843135,-4.80911397972003,-0.203401485961317,-0.969421102667428,-0.0512612508118249,0.12970066460223
0.251971447661427,-1.56680753421163,-4.83948212190025,-0.197055877740694,-0.959256174481796,-0.0566285615167601,0.118709581018338
0.252781485775049,-1.56411612895251,-4.87094124910999,-0.190146041228661,-0.94861527181999,-0.0616321917099847,0.10722371765353
0.253068728923831,-1.56147003025011,-4.90364736993005,-0.182704849352109,-0.937416433032272,-0.0662626546815258,0.0955116933381916
0.25283010427294,-1.55887962471332,-4.93775937438371,-0.17476975907363,-0.925575437658761,-0.070513787140728,0.0838533375810091
0.252062598458634,-1.55635606328655,-4.97343716866868,-0.166382776791643,-0.913006944000248,-0.0743831202476607,0.0725361876506398
0.250763161484439,-1.55391122988785,-5.01083911332865,-0.157590312120469,-0.899626002754202,-0.0778721280991025,0.0618515977198928
0.24892859118841,-1.55155765346992,-5.05011864969797,-0.148442901435221,-0.885349988305288,-0.0809862859156256,0.0520904271765635
0.24655540407364,-1.54930835087747,-5.09142006062339,-0.138994786217983,-0.870100959182928,-0.0837348730387594,0.0435382630966906
0.243639706758331,-1.54717658758562,-5.13487339130051,-0.129303338410081,-0.853808419722584,-0.0861304627902299,0.036470108713782
0.24017708992914,-1.54517554517645,-5.18058867758999,-0.119428331984209,-0.83641239805326,-0.0881880574103584,0.0311444380653116
0.236162572229943,-1.54331788996184,-5.22864978144032,-0.109431069237835,-0.817866685693028,-0.0899238532906659,0.0277964959022483
0.231590624775437,-1.54161524765438,-5.27910828693629,-0.099373384990442,-0.798142013990217,-0.0913536608333,0.0266307333200536
0.226455305933274,-1.54007760336498,-5.33197804824998,-0.0893165682094448,-0.777228881866678,-0.0924910544598965,0.0278123310389649
0.220750530389917,-1.5387126632773,-5.38723105059435,-0.0793202588018563,-0.755139720326258,-0.0933453856558315,0.0314578898057534
0.214470485134089,-1.53752523040201,-5.44479521934934,-0.0694413911918077,-0.731910094741586,-0.0939198457858688,0.0376255603181763
0.207610186997761,-1.53651665764666,-5.50455468118721,-0.0597332597101585,-0.707598709548083,-0.0942098017041563,0.0463051278827767
0.20016615768865,-1.5356844440302,-5.56635271609345,-0.0502447768189047,-0.682286101058512,-0.094201631317701,0.057408817284829
0.192137173112077,-1.53502203085739,-5.62999731648832,-0.0410199759227617,-0.65607204954428,-0.0938722498237551,0.0707637843525843
0.183525029260733,-1.53451883519882,-5.69526894092262,-0.0320977815181423,-0.629071887628566,-0.0931894397035786,0.0861073548258637
0.174335261830672,-1.53416053158618,-5.76192977419455,-0.0235120376041552,-0.601412003517562,-0.0921129901078401,0.103086010223804
0.164577760274379,-1.53392956450533,-5.82973365437983,-0.015291754470612,-0.57322490665385,-0.0905965347460654,0.121258892533153
0.154267228149195,-1.53380584979233,-5.89843581820447,-0.00746151100160435,-0.544644234655437,-0.0885898762085466,0.140106229142596
0.143423459330542,-1.53376760645389,-5.96780172125539,-4.19395753155199e-05,-0.515800047090642,-0.086041520888282,0.159042619939258
0.132071416577383,-1.53379225322093,-6.0376143945622,0.00694977935635188,-0.486814678831684,-0.0829011346627947,0.177434663837821
0.120241116239263,-1.5338573057426,-6.10768002350605,0.0134994741307612,-0.45779934360002,-0.0791216665127269,0.19462200205334
0.107967335794276,-1.53394121848215,-6.17783165601424,0.0195956340594214,-0.428851591705982,-0.0746609641516943,0.20994058586144
0.0952891705504691,-1.53402412758576,-6.24793112334412,0.0252291805247344,-0.400053648115817,-0.0694828042303746,0.222746864794523
0.0822494722340071,-1.53408846499638,-6.31786937836276,0.0303933609919597,-0.371471590816158,-0.0635573590896839,0.232441634853105
0.0688942051649671,-1.53411942820887,-6.38756552756091,0.0350837537677043,-0.343155275501928,-0.0568612045451815,0.238492453881043
0.055271756017111,-1.53410530309835,-6.45696486026372,0.0392983596951927,-0.315138873743544,-0.0493770279588424,0.240453770651253
0.0414322312452344,-1.53403764826547,-6.52603617176106,0.0430377503223592,-0.287441870524361,-0.0410932198909191,0.237984168977395
0.0274267708521128,-1.53391135755571,-6.59476865463449,0.0463052405738372,-0.260070361965808,-0.0320035280810159,0.230860349139964
0.013306900973949,-1.5337246222199,-6.66316859094803,0.0491070558772759,-0.233018510206913,-0.0221069267303618,0.218987621939635
-0.000876061107646465,-1.53347881527639,-6.7312560372506,0.0514524685922555,-0.206270041978,-0.0114078120811482,0.202406764560043
-0.0150715440884618,-1.53317831812606,-6.79906164751447,0.0533538842804046,-0.179799720143023,8.34168490305417e-05,0.181297091490632
-0.0292302038123484,-1.53283030400451,-6.86662373610333,0.0548268639835153,-0.153574763398805,0.0123493933640768,0.155975557453916
-0.0433043548390216,-1.53244448563924,-6.93398564262686,0.0558900732532319,-0.127556230994524,0.0253644993191035,0.126891675094786
-0.0572483610841123,-1.5320328271288,-7.00119343401142,0.0565651521914858,-0.10170041439313,0.039093393717844,0.0946180408478367
-0.0710189907198133,-1.53160921454707,-7.06829395185621,0.0568765032652413,-0.0759602853463946,0.0534895417771342,0.0598363626860284
-0.0845757355470537,-1.5311890777372,-7.13533320339181,0.0568509965362354,-0.0502870300598293,0.0684939720053103,0.0233190881453766
-0.0978810873458363,-1.53078895829703,-7.20235508753735,0.0565175957615687,-0.0246316604990142,0.0840344960577892,-0.0140929639258573
-0.110900757380853,-1.53042602571092,-7.26940044974926,0.0559069141719446,0.00105335705587907,0.100025593751262,-0.0515162037571573
-0.123603819976122,-1.53011755355971,-7.33650645316871,0.0550507152101199,0.0268125594008725,0.116369090048418,-0.0880519837793189
-0.13596276359616,-1.52988037801613,-7.4037062604006,0.0539813796754489,0.0526861628551524,0.132955648788332,-0.122815047657046
-0.147953436266859,-1.5297303686772,-7.4710290009164,0.052731364915242,0.0787090836515626,0.14966699190191,-0.154961223815973
-0.159554883709195,-1.52968194463276,-7.53849999700655,0.0513326820156322,0.104910395659705,0.166378658171711,-0.183712954831323
-0.170749088078865,-1.52974766582235,-7.60614119871543,0.0498164130514308,0.131313256754847,0.182963053725927,-0.208381498006122
-0.181520626402181,-1.52993792185769,-7.67397177322745,0.0482122825847495,0.157935270667445,0.199292535532809,-0.228385001781356
-0.191856273585317,-1.53026072982932,-7.74200878361568,0.0465482878771026,0.184789190615845,0.215242299070292,-0.243262068811237
-0.201744577474016,-1.53072164177564,-7.81026789483467,0.0448503826613292,0.211883833834955,0.230692902089979,-0.252680795806096
-0.211175431837948,-1.53132375379549,-7.87876405379156,0.0431422019186629,0.239225065196465,0.245532327392709,-0.256443575791526
-0.220139668601577,-1.53206780350871,-7.94751210216143,0.0414448112486587,0.266816721474044,0.259657551747541,-0.25448813637549
-0.228628685783744,-1.53295234091457,-8.01652729917324,0.0397764643273325,0.294661381386019,0.272975636379415,-0.246885370105623
-0.236634122150751,-1.5339739587632,-8.08582574132039,0.0381523555665386,0.322760926308629,0.285404380795445,-0.233834508298784
-0.244147587163467,-1.53512757121726,-8.15542468511073,0.036584361062476,0.351116882042867,0.29687259317615,-0.215656125174398
-0.251160451966131,-1.53640673210439,-8.22534277806544,0.0350807688294148,0.379730565138541,0.307320027643687,-0.19278336346602
-0.257663708207115,-1.53780398580746,-8.2956002207624,0.033646007035706,0.408603089387932,0.31669703568427,-0.165751664530263
-0.263647899895335,-1.53931124341175,-8.36621886990427,0.0322803863971235,0.437735297093834,0.324963972646368,-0.135187192985457
-0.269103133680063,-1.54092017464035,-8.43722229423284,0.030979877780403,0.467127683125525,0.332090402022889,-0.101794074887311
-0.274019171549923,-1.54262260262682,-8.50863579345878,0.029735947886786,0.496780370946901,0.338054146198066,-0.0663405289557
-0.278385606013919,-1.5444108842416,-8.58048637385986,0.0285354741410791,0.526693175722989,0.342840239658347,-0.0296439757862883
-0.282192114356469,-1.54627825544774,-8.65280267977702,0.0273607538751936,0.556865768487815,0.346439849219619,0.00744475792241227
-0.285428782019856,-1.5482191187531,-8.72561485005885,0.0261896143680498,0.587297917172766,0.348849226098242,0.0440579463695247
-0.288086482269353,-1.55022925112131,-8.79895428965894,0.0249956193428281,0.617989765834923,0.350068750143341,0.0793279285855755
-0.290157294403787,-1.55230591332102,-8.87285331337128,0.0237483580826309,0.648942083220021,0.350102108644663,0.112404200959174
-0.291634942871316,-1.5544478479941,-8.94734464143047,0.0224137957506681,0.680156415119047,0.348955629016681,0.142470300654391
-0.292515239726686,-1.55665516058342,-9.02246071940869,0.0209546608427621,0.711635077191848,0.346637754857738,0.168760167111103
-0.292796514882649,-1.55892908494776,-9.09823285388785,0.0193308474529383,0.743380948089705,0.34315862561471,0.190573753805827
-0.292480019869303,-1.56127164148993,-9.17469014980778,0.0174998162285808,0.775397041658227,0.338529695838474,0.207291769209385
-0.291570291365651,-1.56368520056005,-9.25185825130287,0.0154169857366444,0.807685865827155,0.332763314162195,0.218389548222345
-0.290075459566007,-1.56617196555418,-9.32975785518768,0.0130361146122047,0.840248579900572,0.325872179565222,0.223450146646874
-0.288007484863882,-1.56873339053542,-9.40840294199109,0.0103096814876748,0.873083961190469,0.317868603383229,0.222176818732121
-0.285382304515313,-1.57136954638571,-9.48779862712834,0.00718927394750037,0.906187173189903,0.308763530570126,0.214405060650257
-0.282219869047366,-1.5740784495152,-9.56793850582762,0.00362599883573287,0.939548304169905,0.298565310458647,0.200114372494336
-0.278544046043901,-1.57685536930384,-9.64880134935199,-0.000429075245865948,0.973150619586297,0.28727825507485,0.179439782845635
-0.274382366306749,-1.57969213660234,-9.73034702445223,-0.00502443597968249,1.00696845612313,0.274901080701995,0.152682964815412
-0.269765585506216,-1.58257648658835,-9.81251154706602,-0.0102076023732989,1.04096468410433,0.261425397625752,0.120322431148368
-0.264727034720385,-1.58549148606523,-9.8952012696903,-0.0160245559111252,1.07508769746511,0.246834490412427,0.0830218279379479
-0.259301741725648,-1.58841511524673,-9.97828630467538,-0.0225191228014177,1.10926795190262,0.23110271834091,0.0416348131975444
-0.253525321417934,-1.59132009660197,-10.0615934967222,-0.0297322930939815,1.14341420956955,0.214195936248076,-0.00279552749040767
-0.24743266600474,-1.59417407895563,-10.1448995045024,-0.037701441645161,1.17740983511741,0.196073378619061,-0.0490451463019158
-0.241056509860465,-1.59694028656116,-10.2279249069057,-0.0464593905022975,1.21110974334417,0.176691419013382,-0.09572787912431
-0.234425996672557,-1.59957871738997,-10.310330646873,-0.0560332297303235,1.24433886638891,0.156009483287575,-0.141326829668596
-0.227565425460622,-1.60204791254934,-10.3917184789042,-0.0664428107047198,1.2768932036429,0.133998137638451,-0.184239634339402
-0.220493376341545,-1.60430721801116,-10.4716372559471,-0.0776988666022711,1.30854452279302,0.110648994280264,-0.222837728743525
-0.213222398248743,-1.60631933160321,-10.5495966163918,-0.0898008116202934,1.33904944184393,0.0859856378915159,-0.255538217073489
-0.205759362442881,-1.60805280454165,-10.6250887334341,-0.102734423025068,1.36816286757649,0.060074357666069,-0.280885299649045
-0.198106455675212,-1.60948409297214,-10.6976171698469,-0.116469775767336,1.39565463735462,0.0330331949488964,-0.297636563231255
-0.19026263358661,-1.61059877921004,-10.7667298512852,-0.130959913375728,1.42132699884805,0.00503776849570571,-0.304847959154015
-0.182225234515393,-1.61139172582233,-10.8320513669783,-0.146140721222188,1.44502972684064,-0.0236774382714891,-0.301950194041791
-0.173991420019639,-1.61186616219809,-10.8933090886703,-0.161932280661575,1.46666971231734,-0.0528231936684371,-0.288808823642455
-0.165559185799147,-1.61203195598019,-10.9503485283727,-0.178241657419608,1.48621298133506,-0.0820653117280816,-0.265760799016202
-0.156927853382942,-1.61190349543181,-11.0031357493711,-0.194966711591735,1.5036790260238,-0.111039721197865,-0.233621653239039
-0.148098134705064,-1.61149764019379,-11.0517476540098,-0.21200025372536,1.51912936614056,-0.139371686480356,-0.193659873376858
-0.139071987531972,-1.61083208735976,-11.0963533972887,-0.229233801759552,1.53265359033953,-0.166697286672015,-0.147538170185643
-0.12985249941679,-1.60992430816523,-11.1371912821608,-0.246560349820322,1.54435628664713,-0.192684565895136,-0.0972251679595174
-0.120443958259997,-1.60879102069829,-11.1745452054021,-0.263875879455542,1.55434731888585,-0.217051408003304,-0.0448850647542959
-0.11085213816297,-1.60744804091903,-11.2087235448219,-0.281079708505719,1.56273635945824,-0.239577462130378,0.00724378923642659
-0.101084712220509,-1.60591032127363,-11.2400419851834,-0.298074059974565,1.56963113046153,-0.260108473318565,0.0569687967204243
-0.0911516462213371,-1.60419202586731,-11.2688106506107,-0.31476335762345,1.57513794198362,-0.278552914022644,0.102249772526416
-0.0810654418472695,-1.60230656392387,-11.295325216067,-0.331053699182353,1.57936299609062,-0.294872341910387,0.141283874754728
-0.0708411591100751,-1.60026656953104,-11.3198613661681,-0.346852781226733,1.58241336114626,-0.309067915748038,0.172564904534895
-0.0604962218955207,-1.59808385396303,-11.3426719006731,-0.362070332243625,1.58439716384421,-0.321165737477212,0.194917524967023
-0.0500500658527367,-1.59576936529494,-11.3639858334745,-0.376618932537745,1.58542309395086,-0.33120327140035,0.20751017447788
-0.0395237125360355,-1.59333317965606,-11.3840089214668,-0.390415002120851,1.58559961732783,-0.339218341220822,0.209852017329269
-0.028939349514331,-1.59078453236592,-11.4029251640434,-0.403379726140558,1.58503434265561,-0.345241448902271,0.201779368706625
-0.0183199756093261,-1.58813188472003,-11.4208989179132,-0.415439738055414,1.58383386368798,-0.349291588404098,0.183436132261832
-0.00768914405776855,-1.58538301646509,-11.4380773689711,-0.42652746531334,1.58210419525497,-0.351375385347644,0.15525140578833
0.00292918972727796,-1.58254513368907,-11.4545931858959,-0.436581135868986,1.57995170961669,-0.35148921777224,0.117915932477134
0.0135107296933963,-1.57962498466852,-11.4705672373461,-0.44554452498437,1.57748430562699,-0.34962386101795,0.0723577571492025
0.0240308404638441,-1.57662897888014,-11.4861112865913,-0.453366580669367,1.57481243351634,-0.345771067316182,0.0197164463774237
0.0344645290777981,-1.57356330575101,-11.5013305833853,-0.460001092192599,1.57204957171366,-0.339931301321442,-0.0386853388142818
0.0447864517407456,-1.57043404914572,-11.5163262647316,-0.465406556040441,1.56931182102751,-0.33212163512352,-0.101374195031725
0.0549709856561788,-1.5672472920112,-11.5311974679195,-0.469546347164521,1.56671644512364,-0.322382644827546,-0.166763068905319
0.0649923926738532,-1.56400920422702,-11.5460430676473,-0.472389228591979,1.56437942077393,-0.310783155049557,-0.233192993500618
0.0748250801343592,-1.56072610692697,-11.5609629838802,-0.473910145731803,1.56241231518108,-0.297421929322114,-0.298978216307427
0.0844439396316195,-1.55740450877212,-11.576059067558,-0.474091176148517,1.56091900954451,-0.28242590172497,-0.36245239499047
0.093824724619097,-1.55405111285732,-11.5914356453359,-0.472922463037532,1.55999287134117,-0.265945176660704,-0.42201291789947
0.102944415587045,-1.55067279727359,-11.6071998645286,-0.470402962944384,1.55971491133345,-0.24814561162004,-0.476160457938854
0.111781524013087,-1.54727657563944,-11.6234620112162,-0.466540884413004,1.56015326347852,-0.229200161362676,-0.523531630429863
0.120316300610527,-1.54386954614037,-11.6403359689413,-0.461353766838329,1.56136406063531,-0.209280212781489,-0.562923856245205
0.128530831546149,-1.54045884008777,-11.6579399447501,-0.454868227404688,1.56339352426663,-0.188547917054531,-0.593312846216167
0.136409028309653,-1.53705158162073,-11.676397542394,-0.447119466883376,1.56628090346136,-0.167150138588192,-0.613864211139633
0.143936530478924,-1.53365487168961,-11.6958392148509,-0.438150663634827,1.57006181387427,-0.14521424895072,-0.623941313948006
0.151100548206413,-1.53027580971403,-11.7164040990945,-0.428012396949251,1.57477153336929,-0.122845699811545,-0.623111605054785
0.157889670359815,-1.52692156553063,-11.7382422205682,-0.416762231744636,1.58044788288842,-0.100127166621025,-0.61115337578523
0.164293657306685,-1.52359951113834,-11.7615170444996,-0.404464572731285,1.58713343125278,-0.0771190555257604,-0.588064236835296
0.170303226170038,-1.52031741537264,-11.7864083279084,-0.391190862069132,1.59487689195319,-0.0538612648505464,-0.554071758057737
0.175909824491588,-1.51708369337944,-11.8131151740857,-0.37702014852605,1.60373371944181,-0.0303762169095567,-0.509645628474129
0.18110537663587,-1.51390768688455,-11.8418590882203,-0.362039998444294,1.61376605244413,-0.00667325162133983,-0.455509444935498
0.185881981324998,-1.51079993041384,-11.8728866807307,-0.346347643339829,1.62504227785048,0.0172455864548826,-0.392648895430449
0.190231538542418,-1.50777233815343,-11.9064714595754,-0.330051179496502,1.63763655956421,0.0413785703182118,-0.322311935659752
0.194145297799531,-1.50483822994349,-11.9429139555596,-0.313270556826572,1.65162864532166,0.0657167421386715,-0.245995974447166
0.197613344480245,-1.50201211458218,-11.9825392791453,-0.296138057994608,1.66710407121531,0.0902368820769393,-0.165417701798762
0.200624077709861,-1.4993091701887,-12.0256912035944,-0.278797996803926,1.68415452466364,0.114896393812745,-0.0824634285572175
0.20316377388036,-1.49674440651083,-12.0727220625314,-0.261405469494403,1.70287768510207,0.139631412940151,0.000878476288989569
0.205216363549296,-1.49433155382152,-12.1239781552584,-0.244124147988687,1.72337552621281,0.164358824110286,0.0825972637912384
0.206763563804394,-1.49208178216948,-12.1797809224863,-0.227123259146083,1.74575005565742,0.188981852779053,0.160742706449049
0.207785497050274,-1.49000239798395,-12.2404048629619,-0.210573983572836,1.77009593821644,0.213397874030168,0.233501743634723
0.208261884902884,-1.48809569101746,-12.3060539394674,-0.19464552501854,1.79649032819982,0.237506478374651,0.299261531612476
0.20817383120859,-1.48635811944893,-12.3768389828533,-0.179501080712716,1.82498125130386,0.261215893400265,0.356655366706326
0.207506101419771,-1.48478002717337,-12.4527591636627,-0.165293933427821,1.85557664594169,0.284446508516953,0.404591764461758
0.206249675176686,-1.48334607310063,-12.5336906326938,-0.152163916215487,1.88823636185297,0.307131168379151,0.442269477167893
0.204404222611509,-1.48203649237024,-12.6193846464879,-0.140234539649248,1.92286888665804,0.329212736947701,0.469182065048446
0.201980077137992,-1.48082918628886,-12.7094758822955,-0.1296110576448,1.9593334706565,0.350639954119177,0.485115237972759
0.198999293137016,-1.47970246555818,-12.8034995857054,-0.120379645310182,1.99744700920686,0.371362737647682,0.490139239341997
0.195495504429617,-1.47863809944125,-12.9009143722898,-0.112607683525831,2.03699397228361,0.391327899843261,0.484597580696076
0.191512512785209,-1.47762421584664,-13.0011265755864,-0.106344949855256,2.07773718008134,0.410475900659668,0.469092647498761
0.187101772893661,-1.47665759771165,-13.1035122574821,-0.101625374341331,2.1194273882226,0.428738895888126,0.444468045371161
0.182319130221715,-1.475745029288,-13.2074341945832,-0.0984689697298072,2.16181030694327,0.446040072301439,0.411786969376233
0.177221264998756,-1.47490352154768,-13.3122527976023,-0.0968835878154082,2.20463053467217,0.46229412553325,0.372305390986124
0.171862289494906,-1.47415943085422,-13.4173315236923,-0.0968662514299476,2.2476326908276,0.477408718812521,0.327438623121042
0.166290862544897,-1.4735466319204,-13.5220385355641,-0.0984039275443916,2.29056062746168,0.491286799693145,0.278720052146357
0.160548064152803,-1.47310399335039,-13.6257470452734,-0.101473713333198,2.33315595582645,0.503829684744723,0.22775164536991
0.154666153359721,-1.4728724382113,-13.727836917984,-0.106042495475243,2.37515723441313,0.514940790390907,0.176147238036736
0.148668232744378,-1.47289187541846,-13.8276997913523,-0.112066217319959,2.41630105556295,0.524529784857717,0.125471310520059
0.142568765508451,-1.47319828281583,-13.9247491781667,-0.119488955663003,2.45632591050604,0.532516790018273,0.0771775761434663
0.136374822271503,-1.47382121604695,-14.018435832703,-0.128242066935336,2.49497911889584,0.538836148270698,0.0325527135606945
0.13008786517971,-1.47478199454992,-14.1082671967714,-0.138243695511504,2.53202633709288,0.543439261200824,-0.00732938778692909
0.12370581254337,-1.47609275299627,-14.1938283122076,-0.149398919513913,2.56726237862064,0.546296140237666,-0.0416385906804128
0.117225090375322,-1.47775643115621,-14.2748006571402,-0.161600725703435,2.60052154117812,0.547395555931591,-0.069802439031223
0.110642395494252,-1.47976762465997,-14.3509753232988,-0.174731858677984,2.63168555006035,0.546743945664023,-0.091503290369072
0.103955974593043,-1.48211407776168,-14.4222579484182,-0.188667417648631,2.66068767858554,0.544363444806158,-0.106661178797227
0.0971663441793437,-1.48477851475679,-14.4886645500711,-0.203277928004357,2.68751244689634,0.54028948364537,-0.115406461386272
0.0902764969408531,-1.4877405031798,-14.5503092779165,-0.218432539660142,2.71219123545564,0.534568343258649,-0.118046787337271
0.0832917236117005,-1.49097810850075,-14.6073864985973,-0.234002016374909,2.73479487296839,0.527254936071297,-0.115032459950022
0.0762192103661152,-1.49446920143838,-14.6601502038342,-0.249861261904107,2.75542459188814,0.518410933513179,-0.106923189087058
0.0690675565194699,-1.49819237766973,-14.7088935198341,-0.265891245310276,2.77420269257883,0.508103249566305,-0.094357989685613
0.0618463166008374,-1.50212752114126,-14.7539303696177,-0.281980300483829,2.79126394486265,0.496402823796616,-0.0780289082980993
0.0545656243458601,-1.5062560801224,-14.7955804511582,-0.298024860875811,2.8067483487467,0.483383625769192,-0.0586585240645696
0.0472359182674061,-1.51056113486817,-14.8341578990168,-0.31392973834566,2.82079549939442,0.469121811309846,-0.0369807902343265
0.0398677628700478,-1.51502732855644,-14.8699634347778,-0.329608071388193,2.83354052487226,0.453694982370055,-0.0137246782722768
0.0324717466567837,-1.51964071824068,-14.9032794911447,-0.344981059911656,2.84511139888367,0.437181525945105,0.0103998475196562
0.0250584337125342,-1.52438858693415,-14.9343676747436,-0.35997758347354,2.85562735871233,0.419660025374188,0.0347138602144038
0.0176383472539161,-1.52925924435876,-14.9634679419097,-0.374533773794967,2.86519815044128,0.401208748677012,0.0585796994781302
0.0102219675118678,-1.53424183382081,-14.9907989442733,-0.388592587849984,2.87392385377237,0.381905222114457,0.0814094894916397
0.00281973144754323,-1.53932615550421,-15.0165591099338,-0.402103406642588,2.88189508581759,0.361825895993102,0.102671979797837
-0.00455797346794872,-1.54450251180465,-15.0409281366023,-0.415021669212331,2.88919343434614,0.341045905048348,0.121897735503858
-0.0119008249838173,-1.54976157717399,-15.064068669498,-0.427308540672487,2.89589201767576,0.319638920563641,0.138682729273519
-0.019198591872075,-1.55509429301547,-15.086128015124,-0.438930607353408,2.90205610726374,0.297677086035927,0.152690432339278
-0.0264411682244045,-1.5604917868582,-15.1072398006063,-0.449859589753525,2.9077437782666,0.275231024239608,0.163652548584397
-0.0336186132572718,-1.56594531404868,-15.1275255292373,-0.460072063959153,2.91300657315902,0.252369901383146,0.171368572797169
-0.0407211934680534,-1.571446219877,-15.1470960112873,-0.469549184522097,2.91789017556708,0.229161531422561,0.175704375249173
-0.047739423945759,-1.57698591965047,-15.1660526655183,-0.478276404159426,2.92243509656046,0.20567250289052,0.176590015109972
-0.0546641059932775,-1.58255589396513,-15.1844886956929,-0.486243188351944,2.92667737597674,0.181968310430632,0.174016967895454
-0.0614863594130943,-1.58814769675737,-15.2024901517194,-0.493442726209151,2.93064929887845,0.158113471378776,0.168034920617948
-0.0681976480475657,-1.59375297328942,-15.2201368843758,-0.499871640504265,2.9343801223309,0.134171609929772,0.158748247650895
-0.0747897984800733,-1.5993634856751,-15.2375034030681,-0.505529702166382,2.93789680295136,0.110205490915248,0.146312237140023
-0.0812550123117692,-1.60497114345905,-15.254659643897,-0.510419555342416,2.94122471086175,0.0862769883325193,0.130929096987755
-0.087585873296776,-1.61056803710545,-15.2716716544611,-0.514546459801851,2.94438831229731,0.0624469766546909,0.112843735553632
-0.0937753504586247,-1.61614647190666,-15.2886021991545,-0.517918056741464,2.94741180098053,0.0387751405839255,0.0923392912720479
-0.0998167991220754,-1.62169900055082,-15.3055112898118,-0.520544163622319,2.95031965887351,0.0153197036936641,0.0697323754419805
-0.105703961320915,-1.62721845249749,-15.3224566455792,-0.522436601704311,2.95313712900671,-0.00786291395867535,0.0453679985951102
-0.111430966594268,-1.6326979584861,-15.3394940860978,-0.523609057898839,2.955890587327,-0.0307184900825249,0.0196141704114856
-0.116992334161683,-1.6381309693378,-15.3566778644481,-0.524076980405949,2.95860780662484,-0.0531954212370566,-0.00714380993599179
-0.122382976225243,-1.64351126808239,-15.3740609456361,-0.523857505047304,2.9613181121036,-0.0752451374335297,-0.0345093193019764
-0.127598202068308,-1.64883297544478,-15.3916952389167,-0.522969407380794,2.96405243528263,-0.0968224762077701,-0.0620805461783461
-0.132633721781958,-1.6540905489242,-15.4096317918453,-0.521433074140792,2.96684327879255,-0.117885981628007,-0.0894566807816932
-0.137485648324805,-1.65927877634846,-15.4279209544408,-0.519270486866167,2.96972460908063,-0.138398099059202,-0.116244026841895
-0.142150496339221,-1.66439276492973,-15.4466125202001,-0.516505210736041,2.97273169606549,-0.158325243507066,-0.14206189630163
-0.1466251767025,-1.66942792746486,-15.4657558503697,-0.51316238233322,2.97590091870028,-0.177637731119624,-0.166548158760626
-0.150906985853981,-1.67437996703944,-15.4853999843627,-0.50926869151313,2.97926955268792,-0.196309573218223,-0.189364335695352
-0.154993589647057,-1.67924486166092,-15.5055937369124,-0.504852354230896,2.98287555239394,-0.214318143754431,-0.210200158047055
-0.158883002225378,-1.684018850195,-15.5263857803237,-0.499943074717833,2.98675733385989,-0.231643741131357,-0.228777537218376
-0.162573560821782,-1.68869842046758,-15.5478247066741,-0.494571997011779,2.99095356025191,-0.24826907174962,-0.244853927553274
-0.166063898004898,-1.69328030021578,-15.5699590632158,-0.488771646806237,2.99550292632993,-0.264178687956025,-0.258225082821234
-0.169352912988144,-1.69776145091958,-15.5928373511866,-0.482575865558758,3.00044393452932,-0.279358414214301,-0.268727224260296
-0.172439744050603,-1.70213906458634,-15.6165079789409,-0.476019738555983,3.00581465335949,-0.293794796656087,-0.276238646581955
-0.175323743698421,-1.70641056278858,-15.6410191577802,-0.469139518986219,3.01165244780914,-0.307474607717159,-0.280680786385395
-0.17800445811438,-1.71057359715994,-15.6664187296845,-0.461972549465891,3.01799367251837,-0.32038443498295,-0.28201877159088
-0.180481612101693,-1.71462605037899,-15.6927539170971,-0.454557181733622,3.02487332086922,-0.332510379116191,-0.280261459731803
-0.1827551001793,-1.71856603636592,-15.7200709851212,-0.446932694738002,3.03232462626818,-0.343837879904937,-0.275460960720125
-0.184824984141798,-1.72239189854558,-15.7484148092287,-0.439139210220574,3.04037861617171,-0.354351683798807,-0.26771162888577
-0.186691496882506,-1.72610220497819,-15.77782834334,-0.431217604166229,3.0490636235977,-0.364035958752825,-0.25714850126484
-0.188355051859939,-1.72969573922379,-15.8083519852986,-0.423209411794039,3.05840476482063,-0.372874553813465,-0.243945157031772
-0.189816257378528,-1.73317148619951,-15.8400228414396,-0.415156722575494,3.06842339594201,-0.380851392289983,-0.228310976662937
-0.191075934541656,-1.73652861236121,-15.8728738943569,-0.407102061470297,3.07913656336124,-0.387950977252734,-0.210487791022386
-0.192135137688996,-1.73976643993297,-15.9069330829812,-0.39908825189772,3.09055646499251,-0.394158979011573,-0.190745928681347
-0.192995176118885,-1.74288441521324,-15.9422223091417,-0.391158255731879,3.10268993962784,-0.399462865977392,-0.169379693840944
-0.193657635947382,-1.74588207126292,-15.9787563904375,-0.38335498576872,3.11553800136603,-0.403852534221949,-0.146702335453795
-0.194124401016219,-1.74875898541395,-16.0165419841196,-0.375721086997574,3.12909543429305,-0.407320888049833,-0.1230405988833
-0.194397671871371,-1.75151473239036,-16.055576515,-0.368298683708466,3.14335046150901,-0.409864325326046,-0.0987289789727257
-0.194479981781866,-1.75414883379015,-16.0958471446249,-0.361129091587821,3.15828450005523,-0.411483086456232,-0.0741038190595947
-0.194374208709012,-1.75666070493645,-16.1373298262101,-0.354252495733195,3.17387201227693,-0.412181435687709,-0.0494974168266063
-0.194083581950615,-1.7590496001809,-16.1799884930869,-0.347707598194546,3.19008046260571,-0.411967656179174,-0.0252323066257103
-0.193611681976723,-1.76131455808399,-16.2237744323519,-0.341531240955233,3.20687038861243,-0.410853855251883,-0.00161588443456114
-0.19296243181094,-1.76345434811546,-16.2686258928725,-0.335758013088252,3.22419559384578,-0.408855591565338,0.0210644705024094
-0.192140078287114,-1.76546742107176,-16.3144679746271,-0.330419852639211,3.24200346983545,-0.405991350212561,0.0425456476855398
-0.191149161699072,-1.76735186588182,-16.3612128389492,-0.325545655364912,3.26023545329461,-0.402281903182974,0.0625923327771447
-0.189994472922494,-1.7691053757873,-16.4087602653602,-0.3211609035652,3.27882762104077,-0.397749600674851,0.0809997478944869
-0.188680997884429,-1.77072522725502,-16.4569985688939,-0.317287327880827,3.29771142237845,-0.392417642245905,0.0975955829504015
-0.187213850401832,-1.77220827479102,-16.5058058725216,-0.313942614399715,3.31681454258636,-0.386309376275257,0.1122411334559
-0.185598195660866,-1.77355096435984,-16.5550517118338,-0.311140167779529,3.33606188512291,-0.37944767170283,0.124831694980492
-0.183839167844627,-1.77474936714659,-16.6045989310069,-0.308888939008389,3.35537665319245,-0.37185439844308,0.13529629225652
-0.181941786399851,-1.77579923404816,-16.6543058134582,-0.307193323902809,3.37468150473172,-0.363550043040406,0.143596840581041
-0.179910876058176,-1.7766960696171,-16.7040283764497,-0.306053135794466,3.39389974849362,-0.354553475388039,0.149726847215656
-0.177750995699587,-1.77743522251821,-16.7536227518934,-0.305463653052969,3.41295654520105,-0.344881870909319,0.153709761827137
-0.175466380769706,-1.778011987935,-16.8029475672894,-0.30541573957774,3.43178007372285,-0.334550782859708,0.155597076956784
-0.173060902660133,-1.7784217162989,-16.851866247014,-0.305896033863693,3.45030262428291,-0.323574349227608,0.155466265723985
-0.170538047278715,-1.77865992197781,-16.9002491528099,-0.306887200266789,3.46846158042123,-0.311965612582674,0.153418623897455
-0.16790091332775,-1.77872238564116,-16.9479754939688,-0.308368234156107,3.48620025686086,-0.29973692569599,0.149577062440874
-0.165152229128254,-1.77860524464593,-16.9949349517566,-0.310314811262809,3.50346856741972,-0.286900412372922,0.144083874988747
-0.162294385679824,-1.77830506692434,-17.041028973787,-0.312699670383403,3.52022350360706,-0.273468453078773,0.137098486094905
-0.159329482476057,-1.77781890538297,-17.0861717144397,-0.315493018015942,3.53642941492544,-0.259454165195976,0.128795171742709
-0.156259382191669,-1.77714433147556,-17.1302906122382,-0.318662943272502,3.55205809038549,-0.244871851124656,0.119360735351506
-0.153085770176349,-1.77627944821889,-17.1733266132996,-0.322175831798163,3.56708865043667,-0.229737391082159,0.108992120293294
-0.149810215048469,-1.77522288432436,-17.2152340638681,-0.325996768199231,3.58150726635145,-0.214068562769849,0.0978939440733084
-0.146434227234596,-1.77397377219208,-17.2559803077422,-0.330089917777794,3.59530673104768,-0.197885275564359,0.0862759482697105
-0.142959312879802,-1.77253171314,-17.2955450353453,-0.334418880233493,3.60848591088012,-0.181209711950873,0.0743503700901792
-0.139387021569797,-1.77089673361687,-17.3339194336497,-0.338947009653441,3.62104910974002,-0.164066375735922,0.0623292559338602
-0.135718986744742,-1.76906923600917,-17.3711051917913,-0.343637697507861,3.63300537881691,-0.14648205044206,0.0504217495129804
-0.1319569584907,-1.76704994740511,-17.4071134136105,-0.348454617166935,3.64436780338569,-0.128485676743769,0.03883139855005
-0.128102828822083,-1.76483986917757,-17.4419634852623,-0.353361930345553,3.65515279543116,-0.110108161211838,0.0277535310763941
-0.124158649945036,-1.76244022968175,-17.4756819399121,-0.358324457371205,3.66537941674242,-0.0913821314192585,0.0173727552908143
-0.120126645985273,-1.75985244160776,-17.5083013563325,-0.363307814604429,3.67506875275049,-0.0723416528981097,0.00786063479280267
-0.116009219290537,-1.75707806524061,-17.5398593161452,-0.368278522441455,3.68424335071304,-0.0530219262338732,-0.000626413100167376
-0.111808951926748,-1.75411877805275,-17.5703974418196,-0.373204088369767,3.69292673210087,-0.0334589793548793,-0.00794895840212142
-0.107528603266202,-1.75097635077615,-17.5999605279223,-0.378053069202796,3.70114298332791,-0.0136893698635584,-0.0139861109822157
-0.103171104540076,-1.74765262978779,-17.6285957722202,-0.382795116382198,3.70891642481589,0.00625008997546053,-0.0186367680693853
-0.0987395510573167,-1.74414952532563,-17.6563521091647,-0.387401007969551,3.71627135523474,0.0263225762425969,-0.0218205514326606
-0.0942371928741355,-1.74046900501113,-17.6832796434477,-0.391842670297086,3.72323186496204,0.0464914572816268,-0.0234784384899619
-0.0896674243854695,-1.73661309189096,-17.7094291801205,-0.396093192000245,3.72982171156711,0.0667204554670504,-0.0235730997345907
-0.0850337735256176,-1.73258386641788,-17.7348518440803,-0.400126832382543,3.73606424874998,0.0869737651461136,-0.0220889604038628
-0.0803398910212098,-1.72838347169496,-17.7595987818534,-0.40391902587318,3.74198240026675,0.10721612821224,-0.019032008239832
-0.0755895399389734,-1.72401412124172,-17.7837209387373,-0.407446384126437,3.74759867077268,0.127412871180665,-0.0144293707219161
-0.0707865860593941,-1.71947810893277,-17.8072689024175,-0.410686696804792,3.75293518566919,0.147529907450787,-0.00832868547401504
-0.0659349890886051,-1.71477782044508,-17.8302928068987,-0.413618932348053,3.75801375345955,0.167533711272144,-0.000797286362600121
-0.0610387950209431,-1.70991574595543,-17.8528422891004,-0.416223239683075,3.76285594455808,0.187391268766176,0.0080787736514259
-0.0561021296534639,-1.70489449367648,-17.8749664923148,-0.418480952022486,3.76748318169733,0.207070012436473,0.0181958439877403
-0.0511291932794188,-1.69971680395105,-17.8967141108174,-0.420374593851272,3.77191683777698,0.226537744916079,0.0294339252175565
-0.0461242564465247,-1.69438556357588,-17.9181334708371,-0.421887892259534,3.77617833776896,0.245762557474001,0.0416580299527105
-0.0410916568033531,-1.68890382024492,-17.9392726427517,-0.423005793717864,3.78028926168863,0.26471274733328,0.0547196415443542
-0.0360357967253996,-1.68327479671123,-17.96017958106,-0.423714487485155,3.78427144634484,0.283356738152995,0.0684582578258486
-0.0309611416595745,-1.677501904557,-17.9809022878173,-0.424001436673393,3.78814708367825,0.301663006063642,0.0827030070758308
-0.0258722188745117,-1.67158875720659,-18.0014889965159,-0.423855417952603,3.79193881397875,0.319600013683037,0.0972743243023583
-0.0207736164736855,-1.66553918199775,-18.0219883729215,-0.423266570679963,3.79566981238193,0.337136153103057,0.111985675810686
-0.0156699824133419,-1.65935723098146,-18.0424497301384,-0.422226456052996,3.79936386740198,0.354239698641342,0.126645320749789
-0.0105660234614572,-1.65304719032075,-18.062923254723,-0.420728126666638,3.80304545041407,0.370878769068153,0.14105809848272
-0.00546650383255951,-1.64661358788429,-18.0834602418499,-0.418766206565771,3.80673977549335,0.387021299528909,0.155027232256259
-0.000376243559674589,-1.64006119897982,-18.1041133366249,-0.41633698165306,3.81047284916767,0.402635022325137,0.168356140122059
0.00469988345309794,-1.63339504999333,-18.1249367795179,-0.413438500020506,3.81427151014213,0.417687456407159,0.180850246133642
0.00975695161441748,-1.62662041982533,-18.1459866536879,-0.410070681517076,3.81816345936562,0.432145905436462,0.19231878636596
0.0147899858427808,-1.61974283915953,-18.1673211316556,-0.406235435679234,3.82217728108005,0.445977464496096,0.202576605923935
0.0197939635519284,-1.61276808756636,-18.1890007188478,-0.401936786919382,3.82634245578119,0.459149036281759,0.211445944960096
0.0247638161730887,-1.60570218843207,-18.2110884912948,-0.397181005625286,3.8306893661762,0.471627358279856,0.218758213059807
0.0296944297038237,-1.59855140202384,-18.2336503231628,-0.391976743827605,3.83524929700993,0.483379042503058,0.224355751775483
0.034580643936847,-1.59132221674542,-18.2567550995678,-0.386335173791478,3.84005442953403,0.494370630475758,0.228093585675324
0.0394172499205304,-1.58402133873937,-18.2804749082547,-0.380270127770376,3.84513783082774,0.504568666329668,0.229841161386272
0.0441989851587739,-1.57665568003743,-18.3048852014086,-0.373798237048412,3.8505334373253,0.513939790975352,0.229484072570118
0.0489205261747546,-1.56923234529113,-18.3300649165218,-0.366939068103952,3.85627603083513,0.522450860426563,0.226925766478304
0.0535764781440189,-1.56175861703001,-18.3560965418816,-0.359715253446215,3.86240120383459,0.53006909089656,0.222089224476428
0.0581613614851148,-1.5542419392239,-18.3830661083923,-0.352152614268405,3.86894530898182,0.536762232509765,0.214918605035023
0.0626695955672318,-1.54668989872111,-18.4110630850331,-0.344280271534908,3.87594538558987,0.542498772261684,0.20538083333337
0.0670954799865502,-1.53911020406453,-18.4401801498228,-0.336130741633102,3.88343905315359,0.547248165134168,0.193467117444643
0.0714331744834164,-1.53151066080584,-18.4705128036978,-0.327740011786349,3.89146435943508,0.550981090490676,0.179194367039469
0.0756766791755003,-1.52389914236099,-18.5021587896916,-0.319147589616869,3.90005956783514,0.553669728550294,0.162606487564313
0.0798198174558883,-1.51628355563451,-18.5352172750129,-0.310396520566691,3.90926286608975,0.555288049394499,0.143775522001701
0.0838562250521475,-1.50867180038908,-18.5697877532256,-0.301533365505746,3.91911197705909,0.555812105057335,0.122802612267657
0.087779349560532,-1.50107172203634,-18.6059686238349,-0.292608130309763,3.9296436517743,0.555220313389372,0.0998187556355509
0.0915824656987706,-1.49349105835738,-18.6438554118764,-0.283674138650887,3.94089302648536,0.55349372158693,0.0749853369222938
0.09525871244311,-1.4859373815548,-18.68353860319,-0.274787838649961,3.95289283034954,0.550616237465869,0.0484944224573784
0.0988011584658195,-1.47841803886619,-18.7251010894091,-0.266008534578649,3.965672438185,0.546574817900177,0.0205688078136695
0.102202901905822,-1.47094009714939,-18.7686152429978,-0.25739803605313,3.9792567742725,0.541359606707533,-0.00853818553804475
0.10545720938246,-1.46351029875574,-18.8141396795437,-0.249020218737679,3.99366508933317,0.534964017972697,-0.0385431741990507
0.108557696286593,-1.45613503890405,-18.8617158013873,-0.24094049440979,4.00890964996451,0.527384765813396,-0.0691334564468854
0.11149854657506,-1.44882037611519,-18.9113642609979,-0.233225191865155,4.02499439958867,0.518621846320639,-0.0999680778738877
0.114274764678158,-1.44157208840536,-18.9630815180791,-0.225940855592916,4.04191366638764,0.508678482167275,-0.130679291061912
0.116882445692903,-1.43439578683347,-19.0168366922591,-0.219153474400086,4.059651005931,0.497561043715763,-0.160874518650108
0.119319043162783,-1.42729709481693,-19.0725689227397,-0.212927657419521,4.07817826982952,0.48527896241356,-0.190138964592769
0.121583607679224,-1.420281895758,-19.1301854345948,-0.207325779064096,4.0974549851258,0.471844652640506,-0.218039043899771
0.123676965648822,-1.41335664306352,-19.1895604780857,-0.20240711669101,4.11742811202396,0.457273457238657,-0.24412680739258
0.125601807290618,-1.40652871609353,-19.2505352586192,-0.198227004336757,4.13803222263863,0.441583629757216,-0.267945518574226
0.127362656974536,-1.39980679547624,-19.3129189089714,-0.194836023539396,4.15919011127156,0.424796366199317,-0.289036487759977
0.128965708504564,-1.39320122110135,-19.3764905025961,-0.192279246643265,4.1808138190698,0.406935896409169,-0.306947196829602
0.130418521375509,-1.38672429124999,-19.4410020494618,-0.190595542307155,4.20280602829788,0.388029646876157,-0.321240653513403
0.131729590889712,-1.38039046001981,-19.5061823907279,-0.189816946251447,4.22506176730266,0.36810848407731,-0.331505821947052
0.132907822042443,-1.3742163967723,-19.5717418869058,-0.189968095966205,4.24747035717725,0.347207046532614,-0.337368887380192
0.133961952143842,-1.36822088324311,-19.637377793018,-0.191065726040745,4.26991753057251,0.325364166553765,-0.338505044035779
0.134899977038138,-1.36242454192581,-19.7027802048966,-0.193118222319111,4.29228765155587,0.302623372885897,-0.334650444662663
0.135728638790828,-1.35684940919409,-19.7676384511342,-0.196125237879723,4.31446596495703,0.279033446518202,-0.325613919146173
0.136453027432892,-1.35151838725007,-19.8316477677019,-0.200077381047183,4.33634079477278,0.254648980806998,-0.311288049049192
0.137076336482147,-1.34645462516561,-19.8945160475835,-0.204955993887178,4.35780560183302,0.22953086924364,-0.291659168062141
0.137599792934767,-1.34168088992319,-19.9559703951134,-0.210733046574781,4.378760799048,0.203746620551811,-0.266815837539959
0.138022760346713,-1.3372189901565,-20.0157631661503,-0.217371177232621,4.39911522111768,0.177370381896919,-0.236955316487198
0.138342991855334,-1.33308930870051,-20.0736771499546,-0.224823906655872,4.4187871588695,0.150482547633386,-0.202387508674089
0.138556992018903,-1.32931048635419,-20.1295295597584,-0.233036051117248,4.43770489980125,0.123168852830277,-0.163535843200558
0.13866043505621,-1.32589927991868,-20.1831745667969,-0.241944345289178,4.45580676838851,0.0955188981407475,-0.12093454947132
0.138648583923099,-1.32287059690998,-20.2345042189939,-0.251478270368715,4.47304071823021,0.0676241319699728,-0.0752218662267467
0.138516659907043,-1.32023768980345,-20.2834477266322,-0.261561062081017,4.48936358221024,0.0395754148105859,-0.02712890933029
0.138260124714305,-1.31801247722411,-20.3299692491944,-0.272110851912098,4.50474012054392,0.0114603913316599,0.0225357691940502
0.13787485389391,-1.31620595031756,-20.3740644498997,-0.283041874946411,4.5191420077837,-0.0166390238452328,0.072905483224352
0.137357198789532,-1.31482862014899,-20.4157561747261,-0.294265662037836,4.53254686802865,-0.0446487043308818,0.123077669386005
0.136703950653714,-1.31389096524545,-20.4550896600616,-0.30569212949511,4.54493741754095,-0.0725036028394467,0.17213780991087
0.135912232535025,-1.31340384672707,-20.4921276523453,-0.317230483183655,4.55630071614001,-0.100148046551656,0.219183512303952
0.134979350632962,-1.31337886832024,-20.5269457590477,-0.328789868925369,4.56662748693629,-0.12753493208106,0.263347268196588
0.133902637214413,-1.3138286671947,-20.5596282538063,-0.340279723365693,4.57591144810536,-0.154623842126416,0.303816702060285
0.132679313338475,-1.31476712607315,-20.5902644574581,-0.351609807351981,4.58414861490441,-0.181378209573926,0.339851618322013
0.131306393968054,-1.31620949554611,-20.618945725629,-0.362689932729773,4.59133656694651,-0.20776171271173,0.370797756863398
0.129780652822863,-1.31817240701415,-20.6457630101774,-0.373429423477604,4.59747372513277,-0.233734100432136,0.3960977667891
0.128098659902758,-1.32067374369466,-20.6708049476712,-0.383736391804199,4.60255873631058,-0.259246654206481,0.415300420877273
0.126256901297891,-1.3237323239308,-20.6941564374672,-0.393516953759962,4.60659010375489,-0.284237506603243,0.428069391186259
0.124251984889518,-1.32736734792374,-20.7158977227462,-0.40267456709463,4.60956622268923,-0.308627111713951,0.434192909991268
0.122080924248068,-1.33159757746725,-20.7361040347952,-0.411109725181158,4.61148596000104,-0.332314290164611,0.433595195873071
0.119741474545766,-1.33644026752457,-20.7548458753926,-0.418720256519755,4.61234984140669,-0.355173417115802,0.4263495628641
0.117232472987704,-1.34190994269545,-20.7721899505513,-0.425402416469327,4.61216177297318,-0.377053383462537,0.412691758680617
0.114554123929428,-1.34801718038397,-20.7882006192161,-0.431052795486672,4.61093105789872,-0.397778820513632,0.393030737152285
0.111708174236979,-1.35476759121687,-20.8029415609933,-0.435570854972452,4.60867434029196,-0.417153731500905,0.367953398853882
0.108697952145257,-1.36216114740928,-20.8164772733064,-0.438861721810877,4.60541708005786,-0.434967194677097,0.338220297073017
0.105528279761181,-1.37019191917159,-20.8288740669588,-0.440838821951957,4.60119425944896,-0.451000398662429,0.304750800525354
0.102205298524296,-1.37884818135933,-20.8402004138682,-0.441426027262062,4.5960501988678,-0.46503407868968,0.268598078807592
0.0987362568067531,-1.38811279041444,-20.850526723948,-0.440559166833357,4.59003754501498,-0.476855456153083,0.230915776901694
0.095129301817134,-1.3979637162616,-20.8599247772136,-0.438186924656817,4.58321562632179,-0.486263983378942,0.192918988611135
0.0913933025321265,-1.40837463290937,-20.8684670963244,-0.434271253865891,4.57564844024998,-0.493075441144774,0.155842136422901
0.0875377154866698,-1.41931550472664,-20.8762265031518,-0.428787472207743,4.567402541385,-0.497124212711501,0.12089588836427
0.0835724949915011,-1.43075313705446,-20.8832760199771,-0.42172418438411,4.55854505907489,-0.498263835706707,0.0892245660450458
0.0795080435888712,-1.44265168554341,-20.889689183887,-0.413083128104235,4.54914200574497,-0.496366186834604,0.0618648369574246
0.0753551971690739,-1.45497313271184,-20.8955407628363,-0.402878986798296,4.53925695998901,-0.491319868800307,0.0397060097586383
0.0711252376522662,-1.4676777511338,-20.9009078084282,-0.391139163243341,4.52895013491514,-0.483028514612081,0.0234520478848419
0.0668299268226999,-1.48072457056292,-20.9058709474284,-0.377903480895183,4.51827779730997,-0.471409780052922,0.0135855769984784
0.0624815530828361,-1.4940718632937,-20.910515805347,-0.363223770816995,4.50729199219586,-0.456395747076124,0.0103346709885395
0.0580929817870473,-1.50767764918623,-20.9149344630066,-0.347163318436416,4.49604056523035,-0.437935300310101,0.0136440406426491
0.0536776984207482,-1.52150020474894,-20.9192268724834,-0.329796177972837,4.48456755459089,-0.415998759634018,0.0231532885492135
0.0492498343489415,-1.53549853915717,-20.9235021978898,-0.311206404428034,4.472914125316,-0.390584657615913,0.0381859267476649
0.0448241693137702,-1.54963277651662,-20.9278800863411,-0.2914872906092,4.46112030032448,-0.36172807568856,0.0577535605788653
0.040416113569071,-1.56386436730759,-20.9324918833283,-0.270740709916935,4.44922773558966,-0.329509472726749,0.0805796325346011
0.0360416856440863,-1.57815604862364,-20.9374817235769,-0.249076645820152,4.43728361976961,-0.294062591180395,0.105146027925995
0.0317175142032216,-1.59247149457815,-20.9430071745747,-0.226612930790085,4.42534539492948,-0.255579957441744,0.129763513361495
0.0274608978229957,-1.60677464726345,-20.9492386214417,-0.203475139028383,4.41348540915338,-0.214314807520583,0.152663647282507
0.0232899454526955,-1.62102879329009,-20.9563558870515,-0.179796505059257,4.40179394175686,-0.170578917275794,0.172106180553594
0.0192237862885844,-1.63519553888546,-20.9645399048569,-0.155717706425876,4.39037853385658,-0.124736573231887,0.186493041065866
0.0152827798521096,-1.64923392199527,-20.9739571242553,-0.131386368729649,4.37935756927565,-0.0771954539852818,0.194478590442237
0.0114885862176255,-1.66309996059097,-20.984735522251,-0.106956216486579,4.36884699222481,-0.028395265475238,0.195066138806698
0.00786390394592266,-1.67674693001,-20.9969343090608,-0.0825858847450677,4.35894119527108,0.0212053233568043,0.187682138261664
0.00443170000235852,-1.69012653546529,-21.0105143237457,-0.0584374872015694,4.34969217589978,0.071143129254039,0.172221189224837
0.00121389448866915,-1.7031908600351,-21.0253203308962,-0.0346750820500794,4.34109369751002,0.12096560115878,0.149056614954007
-0.00177028422666298,-1.71589459816474,-21.0410859213865,-0.0114631558138232,4.33307718367002,0.170244988711753,0.119013488838056
-0.00450581231367139,-1.72819684847021,-21.0574641124906,0.0110348450817386,4.32552205482668,0.218589070165338,0.0833046581945923
-0.00698273900996123,-1.74006186437547,-21.07407527412,0.0326580181415086,4.31827683853601,0.265646474382777,0.0434355986954825
-0.00919612984378214,-1.75145862868902,-21.0905564423837,0.0532496703377028,4.31118288800203,0.311106498043637,0.00108931208289907
-0.0111451837827944,-1.76235962305276,-21.1065976299031,0.0726591921384246,4.3040929561751,0.354695292720391,-0.0419942892802988
-0.0128319089019085,-1.77273938832187,-21.1219590707565,0.0907440338736707,4.29688111694821,0.396170991438098,-0.0841302433671362
-0.0142597933410857,-1.78257335952603,-21.1364717943572,0.107371559158365,4.2894450076067,0.435319567202688,-0.123780585424129
-0.0154327739970324,-1.79183718975225,-21.1500280566037,0.122420547473886,4.2817035654696,0.471951891031228,-0.159620402864551
-0.0163546156311393,-1.8005065429843,-21.162567972052,0.135782215448387,4.27359329483883,0.505901514881559,-0.190576744550454
-0.0170286682827139,-1.80855722067466,-21.1740664765897,0.147360763750826,4.26506489395195,0.537022469325566,-0.215843262515865
-0.0174579023393069,-1.81596547127559,-21.1845224898398,0.157073573723417,4.25608092065011,0.565186620540755,-0.234875940855629
-0.0176451155103853,-1.82270837013226,-21.1939506704504,0.164851264131077,4.24661453165621,0.590280552369623,-0.24737622679668
-0.0175932388625746,-1.82876420328728,-21.2023754553361,0.170637887876914,4.23664918141226,0.612202284639318,-0.253267729970228
-0.0173057245839016,-1.83411284416315,-21.2098268834663,0.174391684782909,4.22617933316541,0.630858445001327,-0.252672020095028
-0.0167870707398706,-1.83873619413536,-21.2163377723003,0.17608709087886,4.21521257202806,0.646162909846662,-0.245888485991856
-0.0160436163897792,-1.84261897281825,-21.2219421100793,0.175719224688795,4.20377372301277,0.658038895904871,-0.233382580878539
-0.0150846696829813,-1.84575068536392,-21.2266753033165,0.173312102799845,4.19191021230898,0.666428281896673,-0.215782869917524
-0.0139231931505021,-1.84813010638206,-21.2305782060623,0.168927318652472,4.17969088133836,0.671311106806542,-0.193867982070157
-0.0125737528897136,-1.84977043879508,-21.2337043454384,0.162657459914999,4.16718378715707,0.672720547438451,-0.168496300184681
-0.0110483557659384,-1.85069642330576,-21.2361197836765,0.154598461277649,4.15443013376159,0.670720987328468,-0.140500240248116
-0.00935540092679085,-1.85093438065319,-21.2378934764847,0.144832744482873,4.14145136333168,0.665369036635391,-0.110658147910878
-0.00750128282630581,-1.85050700877963,-21.2390925643759,0.133432988958162,4.1282687214985,0.656701092374355,-0.0797266897249438
-0.00549167648631648,-1.84943349783264,-21.2397849324903,0.120469536074495,4.11491268395427,0.644740269848809,-0.0484645972830728
-0.00333214539252015,-1.8477309063711,-21.2400441586992,0.106014823299585,4.10142544843399,0.629506168592449,-0.0176374352429938
-0.00102848713875628,-1.84541529346973,-21.2399545087146,0.0901454963949331,4.08786146219012,0.611022948208492,0.0119890264823104
0.00141294522260647,-1.84250249459473,-21.2396150911073,0.0729433243024505,4.07428745647362,0.589325887675047,0.0396626007196276
0.00398486682770488,-1.83900868224823,-21.2391421554239,0.0544954972851962,4.0607817882877,0.564467110779422,0.0646642041720198
0.00667863682669914,-1.83495081290577,-21.2386680130065,0.0348945766151485,4.04743229094514,0.53652083819384,0.0863323431413596
0.00948386264293203,-1.83034697419158,-21.2383349377545,0.0142382211711566,4.03433175829563,0.505588105584301,0.104091316958447
0.0123881640059279,-1.82521656906383,-21.2382833138248,-0.00737122712400048,4.02157070004131,0.471800515148522,0.117480985007217
0.0153772437290243,-1.81958023545865,-21.2386354951502,-0.0298272387917443,4.00922818517112,0.435322376395291,0.126184983054055
0.0184353494577489,-1.81345943796724,-21.2394795738151,-0.0530196195456567,3.9973630131449,0.396350708515335,0.130054056152993
0.0215460729586495,-1.80687578298652,-21.2408586279633,-0.0768350130634178,3.98600814604581,0.355113065560062,0.129121941491084
0.0246932918991384,-1.79985023705631,-21.2427694306307,-0.101157351560163,3.97517046077667,0.311863740266872,0.123612662070226
0.0278620068464608,-1.79240248053925,-21.2451706064869,-0.12586824144959,3.96483573744851,0.26687920052419,0.113939227720192
0.031038894772881,-1.78455056824453,-21.2479964530065,-0.150847294465321,3.95497676518627,0.220453426083999,0.100693919002211
0.0342125299471279,-1.77631094602681,-21.2511713787512,-0.175972430209516,3.94556172948791,0.172893370108708,0.084629827296721
0.0373733291414851,-1.76769876675017,-21.2546212144675,-0.201120183103667,3.93656070104261,0.124514439659768,0.0666330205084341
0.0405133213186978,-1.75872839999192,-21.2582799625291,-0.226166048896173,3.92794928074331,0.07563585102353,0.0476852253031125
0.0436258351192672,-1.74941402950657,-21.2620924004114,-0.250984902895999,3.91970950856702,0.0265758978294496,0.0288182253878775
0.0467051710677083,-1.73977025480144,-21.2660138225686,-0.275451513071562,3.91182872210758,-0.022352612040294,0.0110627602438515
0.0497463004720827,-1.72981263821954,-21.2700082844646,-0.299441159762386,3.9042972145969,-0.0708463926828598,-0.00460403046006969
0.0527446151760407,-1.71955816017689,-21.2740463935893,-0.322830361065451,3.89710545892983,-0.118614890222673,-0.0173080459268025
0.055695739039709,-1.70902556453303,-21.2781032750002,-0.345497686931622,3.8902414717335,-0.165382537051794,-0.026320303046035
0.0585954017647258,-1.69823559010143,-21.2821569821875,-0.367324638183396,3.88368867309821,-0.210890138335778,-0.0310884497402255
0.061439366464693,-1.68721109647851,-21.2861873813585,-0.388196560515092,3.8774244075089,-0.254895642951629,-0.0312559351799472
0.0642233965035802,-1.67597709721366,-21.2901754101656,-0.408003568228877,3.87141915278779,-0.297174632327068,-0.0266685340673465
0.0669432445510078,-1.66456071471696,-21.2941025735192,-0.426641456844874,3.86563636414048,-0.337520830727295,-0.0173691710093554
0.069594648290605,-1.65299106894961,-21.2979505568262,-0.444012589100721,3.86003286637622,-0.37574683123305,-0.00358287921649035
0.0721733220439312,-1.64129910722759,-21.3017008801353,-0.460026743496933,3.854559698665,-0.411685086335406,0.0143057679417076
0.0746749394596992,-1.62951738039235,-21.3053345612741,-0.474601912489634,3.84916331574323,-0.44518906421956,0.0357802408461923
0.0770951085023834,-1.61767976904459,-21.3088317899564,-0.487665035220591,3.84378704503255,-0.476134369288781,0.0602222252710081
0.0794293446519002,-1.60582116343951,-21.3121716327617,-0.499152646546009,3.83837269007318,-0.504419583309427,0.0869422255229803
0.0816730503074456,-1.59397710368111,-21.3153317907658,-0.509011419650003,3.83286216194035,-0.529966599624161,0.115208834599332
0.0838215082562164,-1.58218339005625,-21.3182884267118,-0.517198578252688,3.8271990263513,-0.5527202841764,0.144275364425158
0.0858698955547502,-1.57047567372359,-21.3210160580191,-0.523682159494149,3.82132984793891,-0.57264741384007,0.173403012405939
0.0878133206700049,-1.55888904126622,-21.3234875081735,-0.528441110142106,3.81520525874973,-0.589734916994021,0.201880175984011
0.0896468835174673,-1.54745760596774,-21.3256738900782,-0.531465207203482,3.80878069225655,-0.603987542192519,0.229037903225388
0.0913657546924263,-1.53621411930756,-21.327544590775,-0.532754800105482,3.8020167652595,-0.615425125491252,0.254261739821916
0.0929652677902681,-1.52518961541343,-21.3290672234955,-0.53232037917193,3.79487932035923,-0.62407964827123,0.277000408495714
0.094441017299007,-1.51441309988287,-21.3302075135095,-0.530181982303045,3.78733916616663,-0.62999226939757,0.296771843390144
0.095788953763793,-1.50391129539311,-21.3309290866781,-0.526368459549893,3.77937157001781,-0.633210487549781,0.313167115711532
0.0970054685621269,-1.49370845389867,-21.331193133845,-0.52091662454821,3.7709555651878,-0.63378555816102,0.325852765964184
0.0980874616828738,-1.48382624395527,-21.3309579280658,-0.51387033140026,3.76207313527381,-0.631770258463476,0.334572013349242
0.0990323878257706,-1.47428371784583,-21.330178177774,-0.505279524227267,3.75270833406534,-0.627217066134055,0.339145257478279
0.099838278042032,-1.46509735806483,-21.3288041969481,-0.495199312558952,3.74284638377054,-0.620176809333194,0.33947024741546
0.100503736192925,-1.45628119751331,-21.3267808804648,-0.483689125997798,3.73247278335685,-0.610697824670526,0.335522216601569
0.101027910973563,-1.44784700201375,-21.3240464677434,-0.470811995347531,3.72157243692346,-0.598825651934769,0.327354208572987
0.101410444806488,-1.43980450102144,-21.3205310803688,-0.456633994146554,3.71012879164676,-0.584603283542099,0.315097721223729
0.101651401117707,-1.43216165080349,-21.3161550060592,-0.441223858995394,3.69812295329316,-0.568071957100594,0.298963654651212
0.101751170386355,-1.42492491778791,-21.3108267067198,-0.424652789880488,3.68553272912413,-0.549272462479761,0.279243417428161
0.101710354320389,-1.41809957341743,-21.3044405244493,-0.406994415254881,3.6723315331171,-0.528246896628909,0.256309896247587
0.10152962608313,-1.41168999892452,-21.2968740700193,-0.388324896561276,3.65848708477961,-0.505040764231916,0.230617873681906
0.101209563264373,-1.40570000408148,-21.2879853035427,-0.368723137236691,3.64395984035938,-0.479705279548264,0.202703395596037
0.100750449352933,-1.4001331707231,-21.2776093705359,-0.34827105842932,3.628701126527,-0.452299687606683,0.173181573173476
0.100152039168444,-1.39499323644114,-21.2655553525687,-0.32705390077331,3.6126510068037,-0.422893392904629,0.142742364821029
0.0994132844788156,-1.39028453690905,-21.2516032518464,-0.305160507808751,3.59573601261483,-0.391567672225197,0.112144026379842
0.0985320190977872,-1.3860125272651,-21.2355017838805,-0.282683544195426,3.57786702998261,-0.35841677408869,0.0822041354618334
0.0975046099200118,-1.38218440066182,-21.2169679273576,-0.259719590068191,3.55893785460162,-0.323548271679921,0.0537883253505195
0.0963255947574269,-1.37880981487903,-21.1956896933537,-0.236369034317385,3.53882521779933,-0.287082651989966,0.0277970158096006
0.0949873532264063,-1.37590172018317,-21.1713341912194,-0.212735658316319,3.51739141583186,-0.249152280957338,0.00515034780327091
0.0934798963125287,-1.37347724653045,-21.1435636386433,-0.188925761975228,3.49449096561083,-0.209900063059489,-0.0132289592458032
0.0917909113950381,-1.37155854676745,-21.1120621316018,-0.165046646417851,3.46998277996137,-0.169478264040995,-0.0264361408042263
0.089906248864796,-1.37017340177379,-21.0765751452157,-0.141204275660012,3.4437489110319,-0.128048033405246,-0.0336111191483111
0.0878110492548011,-1.3693552848442,-21.0369610851657,-0.11750003747725,3.41571956831058,-0.0857800428663813,-0.033975696672292
0.0854916332030442,-1.36914250368217,-20.993249304219,-0.0940267766882354,3.38590168029448,-0.0428562902893027,-0.0268857153817223
0.0829380637340616,-1.36957607369022,-20.9456926332568,-0.0708646735004049,3.35440513860351,0.000527488505471186,-0.0119000892794105
0.0801469606607508,-1.37069621622765,-20.8947975279085,-0.0480779563662405,3.32145845211221,0.0441599970219722,0.0111379239070773
0.0771238396058538,-1.37253782714494,-20.8413156851596,-0.0257136003949479,3.28740592084247,0.0878146249704727,0.0420211660122607
0.0738841863145988,-1.37512576350078,-20.7861900969194,-0.00380280376873889,3.25268287804116,0.131252824374135,0.0801223881352384
0.0704528003923267,-1.37847106029954,-20.7304634652166,0.0176348370688366,3.21777279640608,0.17423059467923,0.124383341474768
0.0668615374961085,-1.38256900119407,-20.6751701816462,0.0385855190564678,3.18315645627723,0.216506878447582,0.173361162730924
0.0631461184399084,-1.38739939150311,-20.6212374324611,0.0590354005240904,3.14926544035361,0.25785207334013,0.225327545671243
0.0593428731100091,-1.3929287262483,-20.5694150472092,0.0789661716781684,3.11644930581548,0.298055094882126,0.278400994522854
0.0554861116564621,-1.39911351873519,-20.5202421225376,0.0983527342834348,3.08496016390045,0.336928162752169,0.330685429922776
0.0516064470989936,-1.4059039679453,-20.474047465366,0.117162897542841,3.05495310543515,0.374309222438046,0.380391222648979
0.0477300483090478,-1.41324731406836,-20.4309742783843,0.135358485939165,3.02649777956407,0.410062362342127,0.425924067324455
0.0438785986585275,-1.42109050728896,-20.3910177461256,0.15289712853339,2.99959568717316,0.444076736690843,0.465937818883862
0.0400696802644321,-1.4293820719184,-20.3540658075309,0.169734143867684,2.97419864611825,0.476264486962031,0.499355539243785
0.0363173444605986,-1.43807322572201,-20.319936528689,0.185824177193882,2.95022546700819,0.506558083887039,0.525367063428678
0.0326327070535392,-1.44711840381727,-20.2884086643267,0.201122461743783,2.92757542312179,0.534907437463528,0.543411959464722
0.0290244817712133,-1.45647535837956,-20.2592444411406,0.215585715447042,2.90613823584348,0.561277053483681,0.553155272984436
0.025499420048678,-1.46610498686348,-20.2322051119495,0.22917275063899,2.88580095635965,0.58564344201422,0.554461261635249
0.0220626576704094,-1.47597100719354,-20.2070605491856,0.241844892407869,2.86645239416843,0.607992906004708,0.547368274906829
0.0187179842481784,-1.48603956300458,-20.1835943291487,0.253566293708877,2.84798576662054,0.628319758849006,0.532066359205134
0.0154680562360265,-1.49627881334143,-20.1616056461585,0.26430421859139,2.83030014400262,0.646624948962438,0.508878097830334
0.012314573342175,-1.50665854072978,-20.1409091643397,0.274029345462845,2.81330112584592,0.662915015287161,0.47824253125837
0.00925843470878704,-1.51714979871597,-20.1213336649911,0.28271612285882,2.79690105019437,0.677201267651555,0.440701623600365
0.00629988691089013,-1.52772461197554,-20.1027201276573,0.290343189706555,2.78101892844984,0.689499081142143,0.396888552031193
0.00343867091829435,-1.53835573810344,-20.0849197024325,0.296893851764769,2.76558021577545,0.699827214639913,0.3475170319194
0.00067417034397178,-1.54901649728425,-20.067791886913,0.302356585417126,2.75051647048687,0.708207102330338,0.293370919069307
-0.00199444112033402,-1.5596806725656,-20.0512031025626,0.306725521886223,2.73576492137244,0.714662114731312,0.235293439208777
-0.00456805934513524,-1.57032248072016,-20.0350257592278,0.310000853651803,2.72126794253282,0.719216833148777,0.174175562859188
-0.0070475251899102,-1.5809166078993,-20.0191378048427,0.312189101597887,2.70697243275153,0.721896413961421,0.110943274234941
-0.00943352573613091,-1.59143829984183,-20.0034226753241,0.313303190571874,2.69282910138595,0.722726131749763,0.0465437331224195
-0.0117265302861577,-1.60186349041298,-19.9877694999212,0.313362300645119,2.67879167692713,0.721731176572352,-0.018069416422282
-0.0139267676718902,-1.61216894914643,-19.9720733822496,0.312391489000823,2.66481606772277,0.7189367472883,-0.0819511376351977
-0.016034247163831,-1.62233242631603,-19.9562355768028,0.310421109149775,2.65085952025189,0.714368432526732,-0.144179907601406
-0.0180488211782949,-1.63233277601043,-19.9401634092115,0.30748607931107,2.63687982423657,0.708052827945626,-0.20387183975167
-0.0199702837867053,-1.64215004165963,-19.9237698423955,0.303625070290232,2.62283461553867,0.700018301562006,-0.26019349510315
-0.0217984962465141,-1.65176549445181,-19.9069726560981,0.298879687345531,2.60868081876092,0.690295807760452,-0.312373011378569
-0.0235335296303481,-1.6611616225415,-19.8896932702798,0.293293712308393,2.59437425627808,0.678919660895078,-0.359709380529271
-0.0251758148672378,-1.67032207494195,-19.8718552957273,0.28691245440001,2.57986943344377,0.66592820959145,-0.401579905514745
-0.0267262921398633,-1.67923156941385,-19.8533829297115,0.27978223493044,2.56511949190286,0.651364392841653,-0.437446044822973
-0.0281865537908632,-1.68787577672453,-19.8341993328178,0.271950007694766,2.55007630913395,0.635276199390018,-0.466857978835134
-0.0295589772570331,-1.69624119524057,-19.8142251278204,0.26346309695845,2.53469071333586,0.617717082668603,-0.489458300112357
-0.03084684646476,-1.70431502971805,-19.7933771597288,0.254369021156668,2.51891278045499,0.598746398780079,-0.504985235770944
-0.0320544613129767,-1.71208508722981,-19.7715676528358,0.24471536338348,2.50269218413909,0.578429931088176,-0.513275760609215
-0.0331872351729897,-1.71953970182129,-19.7487038990607,0.23454964886235,2.48597857925287,0.556840541599693,-0.514268860598558
-0.0342517797492588,-1.72666769794844,-19.724688612027,0.22391919359305,2.4687220144275,0.534058948886621,-0.508009063657272
-0.035255975304482,-1.73345840097633,-19.6994210794684,0.212870895802338,2.4508733877802,0.510174579591971,-0.494650172808872
-0.0362090223674696,-1.73990170052041,-19.6727992366211,0.201450951762364,2.43238498137988,0.485286383577494,-0.474458920641605
-0.0371214690358029,-1.74598816942592,-19.6447227541662,0.189704488043711,2.41321113019084,0.459503449146239,-0.447818019436971
-0.0380052061068155,-1.75170923637121,-19.6150971805266,0.177675114149568,2.3933090986732,0.432945219765899,-0.415227824592419
-0.0388734211085429,-1.75705740449953,-19.5838390902914,0.165404410481132,2.37264024474881,0.405741106915365,-0.377305589981752
-0.0397405020761718,-1.76202650161222,-19.5508820730201,0.152931377735752,2.35117154249351,0.378029330346281,-0.334781129559809
-0.0406218829475376,-1.76661194127441,-19.5161832566554,0.140291882727903,2.3288775026674,0.349954899415848,-0.288487684937266
-0.0415338245289355,-1.77081096964859,-19.4797299209303,0.127518142365678,2.30574247214002,0.321666774016809,-0.239347023038526
-0.0424931278586096,-1.77462287235603,-19.4415456400791,0.114638288930218,2.28176320750806,0.293314385467718,-0.188348306377476
-0.0435167798070896,-1.77804911882085,-19.4016953337227,0.101676057882105,2.25695151925052,0.26504382812581,-0.136521092196062
-0.0446215339245716,-1.7810934286431,-19.3602886098751,0.0886506318955581,2.2313366853128,0.236994107651407,-0.08490380382453
-0.0458234333391822,-1.78376175273345,-19.3174808608758,0.0755766643144735,2.20496726473829,0.209293828089811,-0.034509965211312
-0.0471372880958114,-1.78606216854168,-19.2734717153397,0.0624644937125039,2.17791192927845,0.182058616529431,0.0137048650154307
-0.0485761277047308,-1.78800469219473,-19.2285006485518,0.0493205502561168,2.1502589925376,0.155389449151469,0.0588723945905888
-0.0501506608903649,-1.78960101188828,-19.1828397915381,0.0361479409305468,2.12211444771443,0.129371894393608,0.100234542312677
-0.0518687856567347,-1.79086414791186,-19.1367842629026,0.0229471888489265,2.09359851994614,0.104076180840617,0.137158388078877
-0.0537351999262732,-1.79180804900897,-19.0906406386413,0.00971708663264046,2.06484095364342,0.0795579397736423,0.169142699418468
-0.055751161599094,-1.79244714264211,-19.0447144352131,-0.00354439138175846,2.0359754488451,0.0558594642724881,0.195816771522505
-0.057914434519805,-1.79279586621721,-18.9992976538079,-0.0168391844267663,2.00713379332711,0.0330113472645138,0.216933194247397
-0.0602194348053875,-1.79286821373846,-18.9546574660617,-0.0301683169764774,1.97844028103618,0.011034385334066,0.232356615169849
-0.0626575654644243,-1.79267733413478,-18.9110269824784,-0.0435312090894315,1.9500069507372,-0.0100583550522511,0.242050597553026
-0.0652177022738139,-1.79223521190465,-18.8685987661475,-0.0569251688267998,1.92193004446146,-0.030259412692665,0.246064358995546
-0.0678867767613527,-1.79155244916384,-18.8275213840769,-0.0703450857867502,1.89428789922429,-0.0495648608845037,0.244520668604798
-0.0706503958383159,-1.79063815379093,-18.7878989104073,-0.083783319095818,1.86714029060098,-0.0679724079630634,0.237605617891529
-0.0734934421473736,-1.78949992492175,-18.7497929801051,-0.097229752598157,1.8405290773525,-0.0854797805924958,0.225560475987293
-0.0764006114291038,-1.78814391749622,-18.7132267901347,-0.110671976728185,1.81447987936822,-0.102083481102998,0.208675458399805
-0.0793568594632722,-1.78657496301889,-18.6781903650357,-0.124095553624125,1.78900446127063,-0.11777798091987,0.187284999742516
-0.0823477469506752,-1.78479672393701,-18.644646436799,-0.137484325396318,1.76410349127199,-0.132555374913624,0.161764013141513
-0.0853596836129878,-1.78281186261513,-18.6125363954644,-0.150820733859526,1.73976938192203,-0.146405483713769,0.132524613756302
-0.0883800817937303,-1.78062221083448,-18.5817859060945,-0.164086131414934,1.71598897758869,-0.1593163573187,0.10001284424752
-0.0913974340990204,-1.77822893109519,-18.5523099361705,-0.177261070774877,1.69274592478651,-0.171275102068939,0.0647050451318868
-0.0944013309778406,-1.77563266523585,-18.5240170609377,-0.19032556896055,1.67002262609857,-0.182268931328055,0.0271036337304827
-0.0973824332601125,-1.77283366876314,-18.4968130088982,-0.20325934565161,1.64780173471664,-0.192286326287942,-0.0122678213678784
-0.100332412380918,-1.76983193110047,-18.4706034759609,-0.216042036747528,1.62606719365141,-0.20131818777243,-0.0528702244312
-0.103243868861919,-1.76662728240784,-18.4452962722532,-0.228653384762282,1.60480485577818,-0.209358866283052,-0.0941551721788826
-0.106110237288211,-1.76321948773419,-18.4208028848986,-0.241073405796148,1.58400274515885,-0.21640697266066,-0.135571587854802
-0.108925684312098,-1.75960832894525,-18.3970395443059,-0.253282531724552,1.56365103314823,-0.222465896705203,-0.176572542402428
-0.111685004884618,-1.75579367460192,-18.373927878835,-0.265261725425988,1.54374180778637,-0.227543992188845,-0.216622019889239
-0.114383520945113,-1.75177553781468,-18.3513952360927,-0.276992567079785,1.52426871236842,-0.231654420387871,-0.255201399521426
-0.117016985833408,-1.74755412242993,-18.3293747426264,-0.288457309918484,1.5052265217532,-0.234814675906664,-0.291815464329369
-0.119581497010532,-1.74312985816867,-18.3078051651328,-0.299638905867289,1.48661071164617,-0.237045845118514,-0.325997805020922
-0.122073418985248,-1.73850342564442,-18.2866306278334,-0.310521003924129,1.46841706025684,-0.238371665470589,-0.35731555371876
-0.124489317382394,-1.7336757729374,-18.2658002344841,-0.321087925456018,1.45064130706537,-0.238817462111098,-0.38537344383091
-0.126825904449044,-1.72864812563139,-18.2452676349844,-0.331324622922538,1.43327887758482,-0.238409038108332,-0.409817249679544
-0.129079995597085,-1.72342199249202,-18.2249905694172,-0.341216629765585,1.4163246704003,-0.237171587171456,-0.430336701236019
-0.131248476094888,-1.71799916888632,-18.2049304149197,-0.350750010123964,1.39977289266054,-0.235128686169674,-0.446667995317932
-0.133328276457077,-1.71238174038406,-18.1850517562368,-0.359911316154115,1.38361692542628,-0.232301411877565,-0.458596031422208
-0.135316355138025,-1.70657208820947,-18.1653219932363,-0.368687561068954,1.36784919572127,-0.228707614314052,-0.465956495391003
-0.137209686937651,-1.7005728983049,-18.1457109958745,-0.377066213793242,1.35246103400946,-0.224361369748535,-0.468637890665122
-0.139005255728866,-1.69438717533287,-18.1261908131875,-0.385035219401477,1.33744249877028,-0.219272630552678,-0.466583584413936
-0.140700050555686,-1.68801826198294,-18.1067354383241,-0.392583047806982,1.32278215417014,-0.213447085808811,-0.45979389255352
-0.142291064303488,-1.681469864128,-18.0873206313426,-0.399698769465913,1.30846679613172,-0.206886246303254,-0.448328175984643
-0.143775294791016,-1.67474608107364,-18.0679237965804,-0.406372154956817,1.2944811292121,-0.199587766700571,-0.432306863754293
-0.145149748394896,-1.66785143999186,-18.0485239101624,-0.412593791714007,1.28080740783527,-0.191546016183712,-0.411913258859775
-0.146411446729076,-1.66079093268052,-18.0291014891456,-0.418355208830631,1.26742506494535,-0.182752903025224,-0.387394923119491
-0.147557437041648,-1.65357005232662,-18.009638590845,-0.423648998440526,1.25431036106374,-0.173198947668979,-0.359064384902209
-0.148584806988647,-1.6461948273353,-17.9901188271463,-0.428468920962114,1.2414360940796,-0.162874581329248,-0.327298874096551
-0.149490704154049,-1.63867184907302,-17.9705273759834,-0.432809981383055,1.22877141424981,-0.151771623745452,-0.292538772369315
-0.150272360187481,-1.63100829017885,-17.9508509700324,-0.436668465511361,1.21628178726624,-0.139884866148493,-0.255284481052002
-0.150927118649709,-1.62321191095964,-17.9310778443656,-0.440041928286439,1.20392914121049,-0.127213659186272,-0.216091465504397
-0.15145246492547,-1.61529105147667,-17.91119762609,-0.442929131765002,1.1916722171877,-0.113763383419174,-0.175563327848029
-0.151846055701581,-1.60725460937424,-17.8912011582449,-0.445329936049013,1.17946712457181,-0.0995466729511763,-0.134342899837938
-0.152105745142256,-1.59911200389824,-17.8710802560547,-0.447245153437807,1.16726807567604,-0.0845842691558444,-0.0931015000217904
-0.152229604759219,-1.59087312894665,-17.8508274057947,-0.448676381141845,1.15502825217878,-0.0689054099697412,-0.0525266627913074
-0.152215934474787,-1.58254829908034,-17.8304354255104,-0.449625831315237,1.14270073650678,-0.0525477040615216,-0.0133087798559188
-0.152063263346866,-1.57414819303071,-17.8098971135318,-0.450096177372682,1.13023943165099,-0.0355564935751629,0.0238728226775276
-0.151770339762448,-1.56568379955225,-17.7892049143619,-0.450090432340127,1.1175998955977,-0.0179837657115386,0.0583638304002142
-0.151336112395247,-1.55716636931791,-17.7683506285193,-0.44961186894904,1.10474003010249,0.000113279738973114,0.0895484228248608
-0.150759704563571,-1.54860737494947,-17.7473251856913,-0.448663983157431,1.09162058663647,0.0186738686590741,0.116861912814479
-0.150040385670005,-1.54001847995787,-17.7261184915142,-0.447250494478598,1.07820548115863,0.0376353452772134,0.139802300313903
-0.149177543902174,-1.5314115146591,-17.704719344395,-0.445375369346579,1.06446193546172,0.0569347760218489,0.157940638447386
-0.148170664387227,-1.52279845603709,-17.6831154085736,-0.443042849128393,1.05036048520072,0.0765103405009524,0.170930217247978
-0.147019316511188,-1.51419140747671,-17.6612932203766,-0.440257463240455,1.03587490702332,0.0963024131459402,0.178514631666092
-0.145723153143318,-1.50560257353014,-17.6392381976902,-0.437024010243218,1.02098211770219,0.11625426912633,0.180534803769769
-0.144281923319554,-1.49704422594259,-17.616934622459,-0.433347496069058,1.00566208935087,0.13631237334346,0.176934973152335
-0.142695498341097,-1.48852865766184,-17.5943655668627,-0.429233027426715,0.989897804548776,0.156426235904621,0.167767567660099
-0.140963909616286,-1.48006812387312,-17.5715127419834,-0.424685669565319,0.973675250694246,0.176547837417952,0.153196732123866
-0.139087394713072,-1.4716747708033,-17.5483562572537,-0.419710288679976,0.956983424519493,0.19663065133296,0.133500150270783
-0.137066446542255,-1.46336055611178,-17.524874294988,-0.414311409235913,0.939814294597996,0.216628316748939,0.109068673275256
-0.134901859120135,-1.45513716608745,-17.5010427183675,-0.408493121726036,0.9221626525024,0.236493051825213,0.0804031968638758
-0.132594763081686,-1.44701593780399,-17.4768346510125,-0.402259076572086,0.904025784411676,0.256173934748426,0.0481082474211911
-0.130146644700311,-1.43900779486186,-17.4522200790569,-0.395612591587368,0.885402911297282,0.275615218126129,0.0128818669792915
-0.127559344157466,-1.43112320479612,-17.4271655332133,-0.388556884257534,0.86629438049861,0.294754868924755,-0.0244983625830309
-0.124835032353945,-1.42337216497939,-17.4016339069112,-0.381095418617761,0.846700640882391,0.313523526491589,-0.063192959005787
-0.121976169639028,-1.41576422022782,-17.3755844497972,-0.373232332360634,0.826621083551201,0.331844041335878,-0.102321242547287
-0.118985454000266,-1.4083085115176,-17.3489729496291,-0.364972889693391,0.806052870591916,0.349631691926703,-0.140984125592889
-0.115865769280382,-1.40101385137417,-17.3217520826371,-0.3563238943633,0.784989892098199,0.366795086502272,-0.178287750162561
-0.112620144832565,-1.39388881817839,-17.2938718789744,-0.347293998225777,0.763421979054569,0.383237660626236,-0.213366654091257
-0.109251736726732,-1.3869418604802,-17.2652802274776,-0.337893855013584,0.741334461099606,0.398859598541798,-0.245405264304584
-0.10576383687148,-1.38018140211026,-17.2359233331148,-0.328136091580107,0.718708099212261,0.413559959289687,-0.273656808879484
-0.102159912120371,-1.37361594144977,-17.205746052068,-0.318035097071676,0.695519365136479,0.427238780646512,-0.297459127192227
-0.0984436703793735,-1.36725414010673,-17.1746920495308,-0.307606654515468,0.671740986936085,0.43979896907848,-0.316247268326388
-0.0946191471387104,-1.36110489949045,-17.1427037588633,-0.296867457962089,0.647342650920993,0.451147843096093,-0.329563113039139
-0.0906908037222043,-1.3551774263344,-17.1097221555911,-0.28583456772489,0.622291743157748,0.461198266973044,-0.337062494190012
-0.0866636280322094,-1.34948128984741,-17.0756863898437,-0.27452485661729,0.596554026179731,0.469869375159514,-0.338520406918017
-0.082543229492942,-1.34402647384442,-17.0405333422739,-0.262954493364383,0.570094172330591,0.477086933241277,-0.333834900052739
-0.0783359220380332,-1.3388234271537,-17.0041971806949,-0.251138498519641,0.542876108340233,0.48278340389633,-0.323030146466932
-0.074048791826375,-1.33388311469036,-16.96660899663,-0.2390903951584,0.514863159396097,0.486897787903823,-0.306259030042879
-0.0696897496810196,-1.32921707015594,-16.9276965949113,-0.22682196315048,0.486018011605117,0.489375296515656,-0.283805385715385
-0.0652675719588829,-1.32483744980924,-16.8873844994224,-0.214343093161258,0.456302538216117,0.49016689077617,-0.256085810099938
-0.0607919377538399,-1.32075708575942,-16.8455942307578,-0.201661725821077,0.425677558725996,0.489228705181554,-0.223650747716807
-0.0562734741689576,-1.31698953667275,-16.8022449079783,-0.188783851511808,0.394102618121331,0.486521366343937,-0.187184371217955
-0.0517238253962484,-1.31354913532037,-16.7572542439354,-0.175713540604069,0.361535894536662,0.482009228175348,-0.147502641897612
-0.0471557629111903,-1.31045103493463,-16.7105400336304,-0.162452968991015,0.327934357378176,0.475659576295896,-0.105548865793661
-0.0425833539916637,-1.30771126202447,-16.6620223014021,-0.149002406557517,0.293254319261105,0.467441904215822,-0.0623860703493789
-0.0380222003750915,-1.30534678988155,-16.611626352491,-0.135360142091904,0.257452538832671,0.457327424821295,-0.0191855834132778
-0.0334897480283721,-1.30337565455669,-16.559287062815,-0.121522331527214,0.22048804297792,0.445289041449312,0.0227887391684201
-0.029005651543454,-1.30181714107008,-16.504954799917,-0.107482776544341,0.182324836311208,0.431302050165789,0.0622011957681519
-0.0245921532624529,-1.30069206909146,-16.4486033479172,-0.0932326682568674,0.142935643007028,0.415345866404163,0.0976705433003152
-0.020274410004851,-1.3000232004757,-16.3902400425118,-0.0787603655335206,0.10230676251808,0.397407053289542,0.127802994563159
-0.0160806749108711,-1.29983577230687,-16.329917958988,-0.0640513227845239,0.0604440063849551,0.377483868320869,0.151233514015499
-0.0120422240721797,-1.30015812539794,-16.2677493831348,-0.0490883305615514,0.0173794881013982,0.355592417079044,0.166677595662387
-0.00819291921628961,-1.3010223510465,-16.2039189993582,-0.0338522845949015,-0.0268212173643163,0.331774287119749,0.172995992736178
-0.00456832726219942,-1.30246482476124,-16.1386943962933,-0.0183237353529953,-0.0720523213442498,0.306105193123009,0.169274377518919
-0.00120437942477097,-1.30452645126644,-16.0724309016873,-0.00248545947178532,-0.118162526262892,0.278703664546079,0.154918013440456
0.00186435868908515,-1.3072524345053,-16.0055678230558,0.0136737964978868,-0.16495238430788,0.249738189670086,0.129757658724855
0.0046066435166373,-1.3106914330827,-15.9386141845653,0.0301544573174057,-0.212175466732867,0.219430650853601,0.0941570090734518
0.00699651365587383,-1.31489407010645,-15.8721240461533,0.0469405150431702,-0.259544229470193,0.188053703328828,0.0491049553265832
0.00901503035628777,-1.31991091253872,-15.8066638981118,0.0639939134197502,-0.306741040346898,0.155920398712338,-0.00372993603873808
0.0106516243552602,-1.32579016173612,-15.7427766315707,0.0812499103793437,-0.353434223045424,0.12336618777361,-0.0620065812043525
0.011904935279194,-1.33257535123716,-15.6809473636371,0.0986143967855542,-0.399298113485665,0.0907262039083899,-0.122797545430803
0.012783061223732,-1.34030331262303,-15.6215757809632,0.115963769598265,-0.444034933862896,0.0583133708734407,-0.182756723503035
0.0133031498419768,-1.34900257292021,-15.5649580990119,0.133147298888466,-0.487395065565769,0.0264038197387631,-0.238351727236949
0.0134903163673161,-1.35869223512101,-15.5112798069256,0.149991283981475,-0.529191860115407,-0.00476570406661921,-0.286128276302499
0.0133760050947217,-1.36938130557426,-15.460618448067,0.166304001692964,-0.569308265723571,-0.0349877837315786,-0.322968893009827
0.0129960758932681,-1.38106838195103,-15.4129540427033,0.181880637486402,-0.607695142432117,-0.064065214035448,-0.346315786597877
0.0123890001965729,-1.39374160509683,-15.3681837137041,0.196507898186469,-0.644363985853995,-0.0917889422178877,-0.354342555360768
0.0115945217098643,-1.40737879548325,-15.3261369725461,0.209968509220276,-0.6793783723856,-0.117919434066257,-0.346072867611466
0.0106529787021756,-1.42194772879702,-15.2865889939392,0.222046053045498,-0.712848029875687,-0.142176635954998,-0.321450912140639
0.00960525570087041,-1.43740653500424,-15.2492707317477,0.232530518251025,-0.744927298896246,-0.164242065035508,-0.281367395509004
0.00849310900124681,-1.45370422052626,-15.2138762977655,0.241224556696472,-0.775816879964859,-0.183774706062138,-0.227639283089153
0.00735946941784862,-1.4707812977702,-15.1800690255675,0.247949920604115,-0.805765378570848,-0.200439784051684,-0.162936033262169
0.00624833429279666,-1.4885704699248,-15.1474876024605,0.25255309781412,-0.835066420481106,-0.213945800116724,-0.0906442914120339
0.00520404967982769,-1.50699727384226,-15.1157525766631,0.254909046803407,-0.864048621961758,-0.224081344771696,-0.0146695727695292
0.00427010008965029,-1.52598056142355,-15.0844720034648,0.254922349062282,-0.893059046287181,-0.230741332670638,0.0608136942480833
0.00348781983224817,-1.54543272896244,-15.0532439363593,0.252525962179272,-0.922444348962616,-0.233934480701689,0.131638767829851
0.00289554761594802,-1.56525967570505,-15.0216536420259,0.247678646149254,-0.952535560985592,-0.233769932331018,0.193917845547207
0.00252859388165848,-1.58536054030773,-14.9892647991959,0.24036251794554,-0.983641287707846,-0.230428083966031,0.244280070005692
0.00242006444186151,-1.60562727876569,-14.9556058070081,0.230581818563221,-1.016050676475,-0.224125354663134,0.280061659937337
0.00260226062368241,-1.62594408192019,-14.9201539499541,0.218363078606248,-1.05004363692467,-0.215083267708588,0.299448876849542
0.00310819301890469,-1.64618651541016,-14.882321406902,0.203755951680089,-1.0859030966168,-0.203509887303927,0.301584265553573
0.00397273175974917,-1.66622015742673,-14.8414485500012,0.186833479892719,-1.12392304115585,-0.189598623187933,0.286646220727066
0.00523300864765721,-1.68589847150569,-14.7968126898751,0.167690608144099,-1.16440616448162,-0.173547007659713,0.255900927451171
0.00692778150850471,-1.70505977251131,-14.7476653332921,0.146440240915448,-1.2076451025222,-0.155595638226345,0.211706813420321
0.00909544929832505,-1.72352357730788,-14.6933180084901,0.123206758635689,-1.25388052145981,-0.136082822331805,0.157430883424355
0.0117701771857843,-1.74108763311705,-14.6333020336108,0.0981174427887617,-1.30322810580528,-0.115501239172429,0.0972251411685193
0.0149752978486643,-1.75752869898791,-14.5676191383502,0.0712928138816946,-1.35556887285509,-0.0945296049108604,0.0356282519585122
0.0187135581231119,-1.77261221377432,-14.4970551062883,0.0428382219378519,-1.41041358929651,-0.0740020762117649,-0.0229773057952767
0.0229561437835293,-1.786115915774,-14.4234332911514,0.0128418220941649,-1.46679230052865,-0.0547869577929817,-0.0749116297908445
0.0276365430373786,-1.79786625244687,-14.3495882755748,-0.0186137217026301,-1.52326685367963,-0.037590180656903,-0.117517263207072
0.0326567340244896,-1.8077738823341,-14.2788876460252,-0.0514227809856813,-1.5781511723893,-0.0227656512499279,-0.149085650509505
0.037906393838078,-1.81584682690251,-14.214416480291,-0.0854216545743939,-1.62989706080024,-0.0102424835707468,-0.168483263039618
0.0432850145842967,-1.82217087080059,-14.1582496498753,-0.120367137537002,-1.67745163761345,0.0003873440022799,-0.174809127575413
0.0487148399608095,-1.82686978454368,-14.1111942558525,-0.155941568813897,-1.72039852825383,0.00968896708625065,-0.167349465746076
0.0541416678050046,-1.8300683746747,-14.0730110635124,-0.191778160324995,-1.75886573233634,0.0182215769756852,-0.14580338735008
0.0595289648527985,-1.83187173008218,-14.042842982544,-0.227490466047541,-1.79332327978547,0.0264491954400876,-0.11057094667607
0.0648513656463788,-1.83235993830844,-14.0195977529841,-0.262694639000889,-1.82439345087164,0.0347158152846528,-0.0629334204190614
0.070090189436092,-1.83159146244276,-14.00218851826,-0.297022140504079,-1.85272416477198,0.0432514877413434,-0.00507140631212219
0.0752309178825121,-1.82960931883316,-13.9896474883492,-0.330125628238127,-1.87892092921654,0.0521853295133227,0.060060707025699
0.0802617161337543,-1.82644702837873,-13.9811607312664,-0.361681526642479,-1.90351525677119,0.061557503213393,0.128962609807812
0.085172263577877,-1.8221333838557,-13.9760642674607,-0.39139163940443,-1.92695138026255,0.0713317808707287,0.19787378159235
0.0899526165189669,-1.81669607017767,-13.9738252953599,-0.418984759282421,-1.94958211290018,0.081412063971235,0.263072500962235
0.094592177514647,-1.81016447219094,-13.9740199215368,-0.44421832518517,-1.97167119115604,0.0916634426201981,0.321147149859936
0.0990789697479292,-1.80257194780463,-13.9763118710136,-0.466879896313234,-1.99340172272648,0.10193492009162,0.369209651921106
0.10339934253396,-1.79395765117146,-13.9804336826815,-0.486788343175356,-2.01488972222313,0.112079456523772,0.405037599074063
0.107538078612411,-1.78436780660487,-13.9861709544439,-0.503794833869019,-2.03620030099774,0.121967968815468,0.427147986011505
0.111478743295224,-1.77385626400748,-13.9933499652182,-0.517783669443816,-2.05736339144196,0.131496133924716,0.434815814679882
0.115204073543463,-1.76248424243885,-14.0018288100032,-0.528672853477053,-2.07838632311736,0.140584779143959,0.428053870146961
0.118696255715016,-1.75031934732029,-14.0114918779868,-0.536414162672434,-2.09926173454743,0.149175557302681,0.407567837096204
0.121937058491761,-1.73743410373392,-14.0222471806894,-0.540992558005052,-2.11997069547475,0.157223638108807,0.374696239362921
0.124907913943935,-1.72390428850274,-14.0340258223678,-0.542424930853354,-2.14048212412673,0.164688820385203,0.331338902553288
0.127590106583056,-1.70980729146169,-14.0467828119355,-0.540758248564034,-2.16075031171738,0.171526230883055,0.279872104849822
0.129965207054452,-1.69522065198952,-14.0604984214997,-0.536067154127897,-2.18071248587429,0.177677817923637,0.22304524438834
0.132015782096711,-1.68022087042957,-14.0751793805023,-0.528451101515712,-2.2002878247649,0.183066036931292,0.16385451911657
0.133726284216378,-1.66488254793843,-14.0908594192117,-0.518031247130929,-2.21937840470682,0.18759114696886,0.105393723796224
0.135083933187336,-1.64927784919682,-14.1075990339509,-0.504947477743685,-2.23787156605567,0.191133080732573,0.0506886965707015
0.136079393233887,-1.63347621084359,-14.1254847459675,-0.489355984794298,-2.25564255273868,0.193557902062585,0.00252703188470585
0.136707127584321,-1.61754416702514,-14.1446284084148,-0.471427607562062,-2.27255630791573,0.194727762369892,-0.0367038344655713
0.136965434754545,-1.6015451640808,-14.1651671600201,-0.451346827460319,-2.28846794324337,0.19451247267146,-0.06515914686056
0.13685627854367,-1.58553928823589,-14.1872644254717,-0.429310976661546,-2.30322227284415,0.192800573344417,-0.081652564929455
0.136385071361113,-1.56958289925777,-14.2111120245935,-0.405529093749237,-2.3166534427936,0.189508012697794,-0.085740400910348
0.135560547358743,-1.55372821281723,-14.2369330924649,-0.380219991699596,-2.32858576780665,0.184582963490062,-0.0777700079618251
0.134394788608104,-1.53802287176302,-14.2649851958648,-0.353609430186493,-2.33883639439303,0.178005751773021,-0.0588864159163916
0.132903382574534,-1.52250950209629,-14.2955626823543,-0.325926661498421,-2.34721962385578,0.169783436003794,-0.0309896687792188
0.131105635804803,-1.50722519171078,-14.3289967330638,-0.297400860544486,-2.3535521672146,0.15993946571811,0.00336399323237831
0.129024780106532,-1.49220080705127,-14.3656505812121,-0.268257905064129,-2.35765882665506,0.148500087329501,0.0411191569758619
0.126688186188558,-1.47746012797798,-14.4059058083675,-0.238717615619274,-2.35937939008515,0.135480383359679,0.078929734633522
0.124127696007241,-1.46301895703728,-14.4501339141069,-0.208991025165229,-2.35857953849537,0.120873435665605,0.113402339551739
0.121380200374837,-1.44888463513975,-14.4986466794113,-0.179276826884064,-2.35517011787669,0.104645764342043,0.141351658711178
0.11848841674319,-1.43505668979973,-14.5516215172584,-0.149756182048311,-2.34913841806315,0.0867411873988431,0.16004573460144
0.115501433269483,-1.42152948600382,-14.6090068125673,-0.12058578373506,-2.34059041834821,0.0670941632985537,0.167425870293503
0.112474124737973,-1.40829746664083,-14.6704279408126,-0.0918903933837018,-2.32979410672249,0.0456525911803878,0.162292295308178
0.109464392428383,-1.3953626142757,-14.7351313388864,-0.063757468522227,-2.3172043981125,0.0224080798402213,0.144444895082027
0.106527785068218,-1.38274231208083,-14.8020072583305,-0.0362369906540398,-2.30344776117373,-0.00257195612814152,0.114756481260647
0.103710440643799,-1.37047475101148,-14.8697081320452,-0.00934828334911272,-2.28925689901553,-0.0291200165046296,0.0751446899632912
0.101042609626631,-1.35861956450301,-14.9368352010457,0.0169072714147258,-2.27536972856611,-0.0569621464757091,0.0284152580444631
0.0985351134202535,-1.34725347936399,-15.002131514082,0.042531415072473,-2.26242623801274,-0.0857336898947842,-0.0220187511052076
0.096179756050576,-1.33646294471569,-15.0646211703782,0.0675165004456816,-2.25089645193934,-0.115011785795156,-0.0724957805166866
0.0939530102517152,-1.32633641773885,-15.1236673766923,0.0918380148461882,-2.24105467851121,-0.144352507021844,-0.119472023198191
0.0918213761564328,-1.31695820830902,-15.1789578067673,0.115452413916653,-2.23299466874168,-0.173320819763634,-0.159829992490348
0.0897468603760724,-1.30840454108661,-15.2304447948637,0.138298890074815,-2.22666927592798,-0.201507272319384,-0.191092292108727
0.0876915690388713,-1.30074160494956,-15.2782690535747,0.160303312128968,-2.2219378615425,-0.228532020683667,-0.211535638919609
0.0856209859182475,-1.29402499897792,-15.322687371758,0.181382966671998,-2.21861002380056,-0.25404109104936,-0.220222186136148
0.0835059164042422,-1.28829996021785,-15.3640148331198,0.201451293736247,-2.21648025373685,-0.277700907165358,-0.216972668675835
0.0813233017408519,-1.28360186442604,-15.4025843521491,0.220422219108647,-2.21535237373086,-0.299196003907078,-0.202302512449278
0.079056195052139,-1.27995662475827,-15.4387216963086,0.238213898148734,-2.21505471611908,-0.318232711801449,-0.177334168513064
0.0766931939800138,-1.27738074798713,-15.4727322527822,0.254751814286608,-2.2154476062061,-0.334549253895803,-0.143691611879626
0.0742275807754806,-1.27588097341906,-15.5048957014163,0.269971292315929,-2.21642467754267,-0.347930514106277,-0.103378701552704
0.0716563396706341,-1.27545365082908,-15.5354656710433,0.283819603581841,-2.21790948095142,-0.358223961864643,-0.0586425329668991
0.0689791198238868,-1.27608431872317,-15.5646725973053,0.296257795630304,-2.21984898573631,-0.36535208320665,-0.011825922771895
0.0661971396773062,-1.27774819663568,-15.5927286865764,0.307262016135586,-2.22220577797335,-0.369316608953421,0.0347806411076993
0.0633120798724734,-1.28041219475927,-15.6198335401964,0.316823485844556,-2.22495067044227,-0.370191475288687,0.0790697268237534
0.0603251835984041,-1.28403830289941,-15.6461781951183,0.32494614182087,-2.22805679432683,-0.368105219374977,0.119209906288201
0.0572368595471182,-1.28858724504437,-15.6719458151637,0.331642036124165,-2.23149531798409,-0.363217949360703,0.153690257891336
0.0540468607557178,-1.29402107470432,-15.6973095988772,0.33692612646799,-2.23523239410436,-0.355699744922211,0.181324645013473
0.0507547915993697,-1.30030419697923,-15.7224303316486,0.340812396769305,-2.239226973684,-0.345714913843843,0.201236197279291
0.0473606084434413,-1.30740320796663,-15.7474555945752,0.343312094311805,-2.24342931375029,-0.333412758154268,0.212839707268341
0.0438649257017295,-1.3152862074743,-15.7725210659826,0.344433655610515,-2.24778003063893,-0.318923466400406,0.215829834067544
0.0402691060925383,-1.32392203279761,-15.797753321607,0.344183477251555,-2.25220949423603,-0.302357629880328,0.210175651263809
0.0365751942617983,-1.3332795928996,-15.8232733693357,0.342566862519433,-2.25663736428944,-0.283808436915144,0.196119159399188
0.0327857633226203,-1.34332732796172,-15.8492003885445,0.339588800160484,-2.26097216142584,-0.263356030920603,0.17417479529329
0.0289037254369426,-1.35403276791011,-15.8756554209504,0.335254495448418,-2.26511089923548,-0.241073653801153,0.145126914338228
0.0249321334830431,-1.36536216531051,-15.9027649604366,0.329569739310227,-2.26893892820353,-0.217035098497139,0.110022102225327
0.0208739803858081,-1.37728019440616,-15.9306645002138,0.322541285711101,-2.27233021058724,-0.19132276348612,0.0701531068414022
0.0167319867294323,-1.3897497233201,-15.9595021432278,0.314177424190542,-2.27514822242802,-0.164035330800802,0.0270315050582438
0.0125083572198586,-1.40273166969562,-15.98944237472,0.304488889296332,-2.27724754705201,-0.135293900591396,-0.0176527636604184
0.00820448282610808,-1.41618493826505,-16.0206700427474,0.293490150300472,-2.27847600466496,-0.105245436076315,-0.0620850739936384
0.00382056843366009,-1.43006641300208,-16.0533944945332,0.281200995769261,-2.27867692482913,-0.0740626871638221,-0.104390776697009
-0.000644825963026937,-1.44433094554972,-16.0878536761088,0.267648203916078,-2.27769102115568,-0.0419403383220299,-0.14270641100696
-0.00519533022579632,-1.45893125273758,-16.1243177992982,0.252867013967399,-2.27535737846602,-0.0090878143952037,-0.175251624911837
-0.00983738212138404,-1.47381762355262,-16.1630918927032,0.236902105992031,-2.27151337315689,0.0242802698847423,-0.200395872874902
-0.0145808902606333,-1.48893734004037,-16.204516118106,0.219807853823714,-2.26599390433208,0.0579548015686258,-0.216715209449177
-0.019439892209212,-1.50423373962454,-16.2489620966664,0.201647700932301,-2.25863104424501,0.0917429375697099,-0.223036679423996
-0.0244331192476461,-1.51964488339875,-16.29682261498,0.182492583547828,-2.24925602571984,0.125478280197838,-0.218470360479467
-0.0295843143194051,-1.53510185818215,-16.3484910840581,0.162418357055499,-2.23770625565919,0.159030194950753,-0.202431702847178
-0.0349220539230202,-1.55052684304935,-16.4043263574955,0.141502188918279,-2.22384058545857,0.192312113494398,-0.174659392142786
-0.0404787189927936,-1.56583124712138,-16.4645987887797,0.119817918548305,-2.20756597871167,0.225288234157377,-0.135236529743029
-0.0462882017359775,-1.58091448731224,-16.5294159537581,0.0974305590632805,-2.18887728794827,0.257976928105233,-0.084624773448416
-0.0523820297188915,-1.59566428561857,-16.5986325469388,0.0743905337701505,-2.16790820575897,0.290447568066558,-0.023720011210401
-0.0587839555204757,-1.60995958860052,-16.6717587804129,0.0507289030677506,-2.14498515038172,0.322806215447156,0.0460695738261789
-0.0655037387329824,-1.62367708794321,-16.7478928391951,0.0264555085737664,-2.12066799067283,0.355166182913772,0.122739498515262
-0.0725316633328995,-1.63670155762714,-16.8257101409713,0.00156211190673967,-2.0957557292891,0.387603691326519,0.20363940606696
-0.0798358404632031,-1.64893871688866,-16.9035382417689,-0.0239683354192701,-2.07123724013844,0.420106877602086,0.285515212586076
-0.0873639793142139,-1.66032748473516,-16.9795259928729,-0.0501472619101929,-2.04818167139211,0.452534818178548,0.364689623703402
-0.0950498146965846,-1.6708473999103,-17.0518806189278,-0.0769643154284615,-2.02758857714963,0.484605138939626,0.437379141650281
-0.102822311431905,-1.68051791656653,-17.1191105304024,-0.10437426635349,-2.01024194525148,0.51591912549912,0.500078914462124
-0.110614442915752,-1.68938942252831,-17.1801989766124,-0.132290962585532,-1.99661681732953,0.546015866034419,0.549907269358299
-0.118368810423578,-1.69752937643052,-17.2346599480525,-0.160589610317472,-1.98686439154618,0.574433992785494,0.584821967524869
-0.126039247135503,-1.70500846848991,-17.2824794897239,-0.189115625252439,-1.98086575433965,0.600760206800002,0.603684107853439
-0.133589362436791,-1.71189047129149,-17.3239878007076,-0.217696661224565,-1.97832028884921,0.624655112819517,0.606204680037068
-0.140989677032015,-1.71822694247867,-17.3597171567726,-0.246154639793525,-1.97883376837848,0.645858741426817,0.592830482985906
-0.148214691058274,-1.72405599809364,-17.390283667351,-0.274315852255728,-1.98198536061969,0.664183698414982,0.564614751131119
-0.155240591585703,-1.72940365559223,-17.416307059921,-0.30201841116178,-1.98736848798855,0.679503406044285,0.523095242054398
-0.162043816620769,-1.73428638927047,-17.4383659154922,-0.329117003026155,-1.99461010463399,0.691739930114416,0.470184801133745
-0.168600443384219,-1.73871397365131,-17.4569787154932,-0.355485126557464,-2.00337610908945,0.700853216490981,0.408070929042921
-0.174886267192289,-1.74269207874661,-17.472600502531,-0.381015078220947,-2.0133699237241,0.706832147425798,0.339119528104709
-0.180877386551529,-1.74622434253545,-17.4856272000154,-0.405616060067874,-2.02432911779516,0.709687440075942,0.265780401000774
-0.186551074057858,-1.74931381600516,-17.4964024353254,-0.429210970479336,-2.03602266032152,0.709446465959305,0.190495541007884
-0.191886697971054,-1.75196380012196,-17.5052241120086,-0.451732608160379,-2.04824953942087,0.706150106400145,0.115614051860475
-0.196866487058686,-1.75417819174023,-17.5123497078169,-0.473120074733175,-2.06083829769581,0.699851598248472,0.0433186652825681
-0.201476001580266,-1.75596151823821,-17.5180003228704,-0.493316034404079,-2.07364653190733,0.690617037967243,-0.0244319079641845
-0.205704269462243,-1.75731885885022,-17.5223639741437,-0.512265222769229,-2.08655947298259,0.678526988435263,-0.0859427221400519
-0.209543637484797,-1.75825582410857,-17.5255986897056,-0.529914283326166,-2.09948716878345,0.663678610455242,-0.139805073281461
-0.212989447207363,-1.7587787087271,-17.5278357860733,-0.546212749292537,-2.11236028072204,0.646187933595782,-0.184904698038594
-0.21603966813255,-1.75889487015861,-17.52918348173,-0.561114851550977,-2.12512489652639,0.626192174317357,-0.220420141129621
-0.218694613681616,-1.75861333035917,-17.5297308125133,-0.574581831388789,-2.13773698889661,0.603852222582794,-0.245816120387325
-0.220956840836976,-1.75794555269812,-17.5295517016624,-0.586584531482837,-2.15015724477864,0.579355366003656,-0.260836018218881
-0.222831299410284,-1.75690629245306,-17.5287089707012,-0.597106170757817,-2.16234704909319,0.552917800163407,-0.26549578284596
-0.224325741270652,-1.75551432185569,-17.5272579829467,-0.606145290967607,-2.17426652107094,0.524785276703111,-0.260078099035918
-0.225451283094928,-1.75379266108212,-17.5252494129589,-0.613718688167106,-2.18587560830155,0.49522848617026,-0.245120241884223
-0.226222806155039,-1.75176777296352,-17.5227303859152,-0.619863484818991,-2.19713894334529,0.464528727629787,-0.221383074487295
-0.226658656778388,-1.74946731797443,-17.5197433401926,-0.624636427135743,-2.20803361190518,0.432952540712232,-0.189789258100753
-0.226779237998674,-1.74691691009965,-17.5163230431287,-0.628108316948454,-2.21855621891259,0.400723481657391,-0.151336194893685
-0.226604831247716,-1.74413739737789,-17.5124937536593,-0.630354026729308,-2.22872468310658,0.368007006365609,-0.107016222790861
-0.226153715422029,-1.7411440276552,-17.5082685351505,-0.63144223400198,-2.23857400859237,0.334916665913288,-0.0577790453411602
-0.22544137745939,-1.73794735779384,-17.5036507786173,-0.631429150441462,-2.24814994624493,0.301533059514187,-0.00453940937213134
-0.224480720137211,-1.73455479229235,-17.498636556296,-0.630357076095997,-2.25750438423935,0.26792182743451,0.0517940816539127
-0.223282719309352,-1.73097190857058,-17.4932166596845,-0.628256029424011,-2.26669329693144,0.234144161902419,0.110292207469747
-0.221857092089284,-1.72720333653259,-17.487377967725,-0.625146563559215,-2.27577621436969,0.200260401364217,0.169990531672821
-0.220212784704977,-1.72325327588945,-17.4811042353805,-0.621042715849432,-2.28481606643357,0.16632955207868,0.22988791535332
-0.218358249363085,-1.71912579156629,-17.474376487747,-0.615954697769846,-2.29387878160397,0.132407221314399,0.288955577871491
-0.216301547335609,-1.71482498740232,-17.4671731602334,-0.609891223611008,-2.30303251000548,0.0985435167324566,0.346153464565987
-0.214050335471238,-1.71035511261478,-17.4594700667019,-0.602861459162598,-2.31234662101189,0.0647817321280269,0.40045083746308
-0.211611793309359,-1.70572062489093,-17.4512402372098,-0.594876581229681,-2.32189073203269,0.0311581437661798,0.450848430796123
-0.208992538803942,-1.7009262176886,-17.442453644728,-0.585950939420129,-2.33173401152231,-0.00229708403492906,0.496400101303571
-0.20619856787302,-1.69597681462311,-17.433076833504,-0.576102825111111,-2.34194491054032,-0.0355580703971856,0.536232582015652
-0.203235238020199,-1.69087753354465,-17.4230724606037,-0.56535487278413,-2.35259136178047,-0.0686007425033148,0.569562658009654
-0.200107302756633,-1.68563362614372,-17.4123987669307,-0.553734141697956,-2.36374137231747,-0.101399989317193,0.595711682042404
-0.196818992529494,-1.68025040178266,-17.4010089992175,-0.541271941617612,-2.37546385246446,-0.133926673605355,0.614117773350748
-0.193374131120539,-1.67473314694064,-17.3888508109856,-0.528003474758443,-2.38782947480299,-0.166144662173673,0.624346251035264
-0.189776273364539,-1.66908705244654,-17.3758656743921,-0.513967365485207,-2.40091134689103,-0.198007980669573,0.626098868810777
-0.186028849877006,-1.66331715958059,-17.361988334367,-0.499205142325367,-2.41478530308392,-0.229458179955506,0.619222271864997
-0.182135306630479,-1.6574283338096,-17.3471463307545,-0.483760728443184,-2.42952966826122,-0.260422019980161,0.603715830723813
-0.178099229736364,-1.65142526999077,-17.3312595980558,-0.467679986021503,-2.44522441833441,-0.290809637242289,0.579738661695041
-0.173924448589739,-1.64531252655061,-17.3142401273439,-0.451010350874138,-2.46194975389322,-0.320513439126739,0.547615254168344
-0.169615112959845,-1.6390945782513,-17.2959916419441,-0.43380058461736,-2.47978421041114,-0.349408037616045,0.507838746688663
-0.165175741823727,-1.63277586866465,-17.2764092044286,-0.416100661550843,-2.49880253988604,-0.377351559890629,0.461070602351597
-0.160611244825425,-1.62636083684628,-17.2553786524741,-0.39796179647674,-2.51907369190322,-0.404188614432581,0.408135337022967
-0.155926920927979,-1.61985388893882,-17.2327757688249,-0.379436603204641,-2.54065927173944,-0.429755030824342,0.350009146866474
-0.151128444587515,-1.61325928859267,-17.2084651482283,-0.360579356395226,-2.56361282436083,-0.453884225532268,0.287801832924285
-0.14622185584549,-1.60658094967986,-17.1822988357909,-0.341446308608495,-2.58798017274979,-0.476414726998403,0.222732275577759
-0.141213576678787,-1.59982213159176,-17.1541149758008,-0.322095997356573,-2.6138008285422,-0.497198096657061,0.156098710791208
-0.136110478720855,-1.59298505715403,-17.123736900064,-0.302589463122023,-2.64111023322475,-0.516106310038526,0.0892459268037402
-0.130920025992502,-1.58607049273038,-17.0909732682622,-0.282990293806211,-2.66994233442235,-0.533037681765412,0.0235319812447678
-0.125650509130654,-1.57907734488583,-17.0556200075215,-0.263364411442608,-2.70033181916967,-0.547920645616822,-0.0397030193129482
-0.120311375538838,-1.57200233683654,-17.0174648492627,-0.243779522702319,-2.73231525874696,-0.560715076255215,-0.0991640980412545
-0.114913644185074,-1.56483983150723,-16.9762951935938,-0.224304164272397,-2.76593048696675,-0.571411255924589,-0.1536234566085
-0.109470375435409,-1.55758186747009,-16.9319098018387,-0.205006287737902,-2.80121373556918,-0.580026933917206,-0.201937303878074
-0.103997146664243,-1.55021846973272,-16.8841343800702,-0.185951352870723,-2.83819437285934,-0.586603116383343,-0.243058295233228
-0.0985124644012732,-1.54273828507566,-16.8328404307649,-0.167199940357203,-2.87688752085654,-0.591199233613608,-0.276045163096729
-0.0930380272331426,-1.53512956468093,-16.7779658386365,-0.148804964012061,-2.91728532864348,-0.593888189487027,-0.300071648002735
-0.08759874802209,-1.52738146842788,-16.7195346651231,-0.130808660222688,-2.95934818177574,-0.594751575244004,-0.314437092292659
-0.0822224594570911,-1.51948559507516,-16.6576728558238,-0.113239645864477,-3.00299749883166,-0.593875122853299,-0.318580938117306
-0.0769392717943418,-1.51143756355708,-16.5926164251376,-0.0961104353822067,-3.04811183412362,-0.591344376362101,-0.312102757295179
-0.0717806241403939,-1.50323841119093,-16.5247095171357,-0.0794158535947019,-3.09452762242599,-0.587240634427907,-0.29478827598981
-0.0667781510028433,-1.49489556776231,-16.4543915720918,-0.0631327365849797,-3.14204505471098,-0.581637457913688,-0.266640258784384
-0.0619625399901082,-1.48642323049871,-16.3821752053784,-0.047221169388864,-3.19043844542686,-0.57459834782915,-0.227911408630161
-0.0573625509968145,-1.47784209202291,-16.3086185055098,-0.0316272903639765,-3.23946939006396,-0.566176411788985,-0.179135056075105
-0.0530042920982597,-1.46917851699923,-16.234296465079,-0.0162874487636179,-3.28890038092892,-0.556416767737692,-0.121148680592673
-0.0489107298297632,-1.46046336767626,-16.1597758032196,-0.00113328878027219,-3.33850655570353,-0.545361971135076,-0.0551052786690525
-0.045101306204704,-1.45173070582177,-16.0855957787214,0.0139028146675591,-3.38808387347741,-0.533059932371957,0.0175319298953015
-0.0415914983212932,-1.4430165505294,-16.0122554796686,0.0288826067801864,-3.43745301636033,-0.519572831672499,0.0950151275511726
-0.0383922150760254,-1.43435778323499,-15.9402063471055,0.0438576974107903,-3.48645939148053,-0.504984798472963,0.175360113631439
-0.0355090587189331,-1.42579121005868,-15.8698479105092,0.0588666674620708,-3.53497046481301,-0.489405987019893,0.256416844582499
-0.0329416240895444,-1.41735275063752,-15.8015249707453,0.0739337578463411,-3.58287208251462,-0.47297137358202,0.335958123940244
-0.0306830891850944,-1.4090767281749,-15.7355254024466,0.0890690432713094,-3.63006533551763,-0.455833999448698,0.411777678332999
-0.028720318086393,-1.40099526584916,-15.6720787413974,0.104269697952692,-3.67646498402847,-0.438153970959996,0.481785480575513
-0.027034562522316,-1.39313782174846,-15.6113562595241,0.119521796098787,-3.72199970553089,-0.420085626482072,0.544088021882169
-0.0256026771723293,-1.38553089835859,-15.5534731355448,0.134802116816825,-3.76661375875753,-0.401765443543313,0.597044908208494
-0.0243986350615961,-1.37819794353392,-15.4984928138088,0.15007960697483,-3.8102692790971,-0.383302540692195,0.639299223862426
-0.0233950873099735,-1.37115943146454,-15.4464330767846,0.165316395390005,-3.85294838363003,-0.364772494599953,0.669785026684632
-0.0225647493580233,-1.36443309009263,-15.3972730145684,0.180468445413307,-3.89465445929284,-0.346214188238564,0.687719090223345
-0.021881474802765,-1.35803423226424,-15.3509600158137,0.195486033980477,-3.93541228381544,-0.32762885507239,0.692585028041271
-0.021320958387198,-1.35197615089753,-15.307416050347,0.210314260699373,-3.97526686216337,-0.308980429590089,0.684116871235777
-0.0208610688953002,-1.34627054754493,-15.2665427480097,0.224893756638486,-4.01428100429161,-0.290196617503051,0.662287095840972
-0.0204818470873864,-1.34092797311896,-15.2282250272061,0.239161711379468,-4.05253173692317,-0.271170576934075,0.627301855649197
-0.0201652212436517,-1.33595826635653,-15.1923332713765,0.253053280863248,-4.09010567645944,-0.251763603274425,0.57960416703369
-0.0198945043764933,-1.33137097652603,-15.158724278431,0.266503380694988,-4.1270935651718,-0.231809606914761,0.519884023461473
-0.0196537520026598,-1.32717575575368,-15.1272414370429,0.279448792759486,-4.16358431639761,-0.211122359032523,0.449092725570355
-0.0194270809116077,-1.32338270361772,-15.0977147760451,0.291830416538662,-4.19965915750782,-0.189506320431583,0.368456948406139
-0.0191980735599268,-1.32000264958914,-15.0699616587369,0.303595378879634,-4.23538673962257,-0.166771253345584,0.279486377166691
-0.0189494061809553,-1.31704737087311,-15.0437888669513,0.314698607571902,-4.2708202973443,-0.142749710906011,0.183967698533466
-0.0186628218018204,-1.31452976796653,-15.0189965759817,0.325103418737322,-4.30599790879134,-0.117315097495551,0.0839383803911679
-0.0183195055044435,-1.3124640526825,-14.9953842313749,0.334780724704291,-4.34094648325483,-0.0903967867988821,-0.0183629972641996
-0.0179008108460189,-1.31086603185341,-14.9727577018311,0.343706666611771,-4.37568927573589,-0.0619884842642799,-0.120566987871492
-0.0173891662925035,-1.30975357787094,-14.9509365328988,0.351858780759937,-4.41025571529244,-0.0321471707714279,-0.220253978661283
-0.0167689146413748,-1.30914735277661,-14.929759964238,0.359211109041019,-4.44469150855937,-0.00098247720556271,-0.315029898957152
-0.0160268542126856,-1.30907179019861,-14.9090907683623,0.365728838547985,-4.47906665340168,0.0313606683800592,-0.40258104660334
-0.0151523642288018,-1.3095562337787,-14.8888168292698,0.371363060944405,-4.51347916474591,0.0647210111553876,-0.480697592241186
-0.0141371671784733,-1.31063596259281,-14.8688513576266,0.37604618927644,-4.5480526692859,0.098935698971684,-0.547265558136438
-0.0129749383682094,-1.31235258453566,-14.849133185435,0.379688709577866,-4.58292644782272,0.133845938356705,-0.600240612615224
-0.0116610324353408,-1.31475302807879,-14.8296280354789,0.382178456237551,-4.61823763319307,0.169291788855155,-0.637632187712545
-0.0101924666258748,-1.31788643670301,-14.8103295914384,0.383384148246064,-4.65409838950993,0.205099687727155,-0.65753691038544
-0.00856797050008968,-1.32179911843599,-14.7912565415053,0.383164336585553,-4.69057582806996,0.241072365099656,-0.65825102147984
-0.00678764933911517,-1.32652907445799,-14.772441771859,0.38138022325273,-4.72768439877602,0.276991444972022,-0.638452501876915
-0.0048520147643316,-1.33210211897472,-14.7539143464927,0.377907685298413,-4.7653947326889,0.312634098468768,-0.597401576142991
-0.00276072203987567,-1.33853036333463,-14.735679655518,0.372643699603011,-4.80365387811003,0.3477941456817,-0.53510814493958
-0.000511703123820561,-1.34581222396287,-14.7177028979906,0.365505549904529,-4.84240892231344,0.382296143861391,-0.452452072562754
0.00189877473481532,-1.35393273734095,-14.6998975682869,0.356424597640501,-4.88162894596365,0.415996869551324,-0.351267396181416
0.00447500549223991,-1.36286369753028,-14.6821185254557,0.345338107988908,-4.92132235076036,0.448774277290225,-0.234391193454276
0.00722000459616925,-1.37256400053033,-14.6641595568802,0.332183004584017,-4.96154570250164,0.480507463769894,-0.105650856242945
0.0101336177946214,-1.3829809553225,-14.6457560328867,0.316894870719789,-5.00239976036069,0.511054501721688,0.0302510928082003
0.0132114430376936,-1.39405298020906,-14.6265923779331,0.299413729758337,-5.04401195107544,0.5402378543361,0.167978357846551
0.0164451962554873,-1.40571319553144,-14.6063115746273,0.279695239919423,-5.08651189126149,0.56784597228404,0.301905065961201
0.0198245081033046,-1.41789253201873,-14.5845217921806,0.257723307373902,-5.13001243588555,0.593652776821562,0.426491659241761
0.0233394729773618,-1.43052077450881,-14.5607962161304,0.233519522081051,-5.1746072751006,0.617447751632482,0.536609765538383
0.0269830364346738,-1.44352460235197,-14.5346674456082,0.207146580017753,-5.22038698661535,0.639064782981374,0.627766745780949
0.0307525517524781,-1.45682268711846,-14.5056265633813,0.178705496577893,-5.2674639488777,0.658400412313416,0.696232400912388
0.0346501880241782,-1.47031878191342,-14.4731477082639,0.148328236344375,-5.3159874300199,0.675418735924855,0.739109847122008
0.0386819424963184,-1.48389461764009,-14.4367692927098,0.116167844111487,-5.36612470049069,0.690145517376551,0.754409720955926
0.0428547683318732,-1.49740590661473,-14.3962641085768,0.0823879758490822,-5.4179843625201,0.702654128901209,0.741181841778141
0.047171342597081,-1.5106869173809,-14.3518995462909,0.0471540706745062,-5.47147534911765,0.713039964015954,0.699719289770119
0.0516233333433613,-1.52356965698764,-14.3046999986417,0.0106298366800168,-5.52614581890167,0.721373985774379,0.631756733933894
0.056186882102497,-1.53591773707269,-14.2565089729496,-0.0270165543213654,-5.58111711674017,0.727634931529375,0.540475287499921
0.0608253071250058,-1.54766145622137,-14.2096613577714,-0.0655960773713457,-5.63523232593709,0.731650762221391,0.430159008741686
0.0654994260249917,-1.55881224695337,-14.1663391521989,-0.104880538609082,-5.68739384007002,0.733101362069959,0.305628936412354
0.0701785028491667,-1.56944685431835,-14.1279811631675,-0.144595824645526,-5.73688337520433,0.731598773558995,0.171830293695333
0.0748441503553662,-1.57967414354517,-14.0950746137839,-0.184434114317287,-5.78347087226412,0.726794460340093,0.0337829093567141
0.0794863307321379,-1.58960456771124,-14.0673319797857,-0.224079753038032,-5.82730867385481,0.718446873760646,-0.103283247533822
0.0840961998355911,-1.59933179397178,-14.0440356653444,-0.26323554955108,-5.86874100159436,0.706427427927307,-0.233910959569812
0.088660692896122,-1.6089250226105,-14.02435092574,-0.301637801897999,-5.90814452846411,0.690688056172164,-0.35263825202093
0.0931609790617232,-1.61842757762601,-14.0075213201011,-0.339056008332466,-5.94584072569784,0.671223500200597,-0.454373027087785
0.097574262524705,-1.6278588651099,-13.992947851699,-0.375281260120123,-5.98206711725861,0.648047569639554,-0.534765102082114
0.101877108126934,-1.63721829224974,-13.9801900757817,-0.410111411508153,-6.01697868558735,0.621186722228577,-0.59047172635319
0.106048502017878,-1.6464901443054,-13.9689311883149,-0.443340214616849,-6.05065742085368,0.590687112019253,-0.619293585249401
0.110071585498241,-1.65564841867854,-13.9589373593315,-0.474753841739052,-6.08312084821235,0.556631456855143,-0.620210718742244
0.113933756695326,-1.6646607753981,-13.9500269722764,-0.504134584424538,-6.11433020357829,0.519163774565718,-0.593361819149951
0.117625330676261,-1.67349111591463,-13.9420544581289,-0.531269577801764,-6.14420349821256,0.47851898158515,-0.540001277691379
0.121137242394309,-1.68210068347836,-13.9349072193251,-0.555961944727264,-6.17263882890334,0.435050024289497,-0.462451400773494
0.124458519029393,-1.69044791713055,-13.9285111343862,-0.578041886196494,-6.19954989447149,0.389240030835897,-0.364048726023806
0.127574449129452,-1.69848760213483,-13.9228386125835,-0.597375314059464,-6.22490929911698,0.341685168102152,-0.249063909455616
0.130466351072194,-1.70617013153213,-13.9179126840184,-0.613867730638346,-6.24878767768214,0.293040030814244,-0.122557948702234
0.133113348738488,-1.71344175940111,-13.9138020201611,-0.627461814315393,-6.27137253588131,0.243933065840345,0.00986236260346559
0.135495629746793,-1.72024637014102,-13.9106058343592,-0.638129067898954,-6.29295542443785,0.194878361626168,0.142393774252637
0.137597812698484,-1.72652852778822,-13.9084329840096,-0.645858417252723,-6.31388978439447,0.146218323984795,0.269436550495142
0.139410978376796,-1.73223687036391,-13.9073827745617,-0.650646317628017,-6.33453577366579,0.0981197734790695,0.385950612264366
0.140932748843821,-1.73732683228927,-13.9075334577395,-0.652492544918556,-6.35521191313518,0.0506210859954355,0.487690695071156
0.142165894955504,-1.74176235286865,-13.908939679274,-0.651403773416098,-6.37616546240076,0.00370751189784305,0.571308595185343
0.143116566144807,-1.74551723720472,-13.9116363714805,-0.647403783526625,-6.3975638638686,-0.0426164667537682,0.634372893640178
0.143792976190782,-1.74857705792758,-13.9156471698541,-0.640543339386767,-6.41950718539569,-0.088288631783738,0.675360400148978
0.144204240362248,-1.75094016420668,-13.9209979608026,-0.630898540323958,-6.44205633089471,-0.133190945553208,0.6935978314977
0.144358605728726,-1.75261475827574,-13.9277320010122,-0.618559283132495,-6.46525355528322,-0.177149405993149,0.689114424513975
0.144261739119625,-1.75361389876946,-13.9359191504259,-0.603622984104083,-6.48911973383227,-0.219907415878485,0.662498925785064
0.143915960091115,-1.75395245664123,-13.9456586220366,-0.586196827329353,-6.51363978099614,-0.261100668753848,0.614858389509047
0.143320241079883,-1.75364636449488,-13.9570788218779,-0.566402456593576,-6.53874652148664,-0.300252334903325,0.547858977058303
0.142470641332848,-1.75271286969289,-13.9703364752566,-0.544379655757736,-6.56430514099575,-0.33678928952135,0.46379184929398
0.141361144490021,-1.75117091461595,-13.9856163022141,-0.52028820612507,-6.59010004062165,-0.37007882206874,0.365618261778125
0.139984975411231,-1.74904119205866,-14.0031327132107,-0.494307745340704,-6.61582761006965,-0.399484971167165,0.256958747983691
0.138336337731652,-1.74634561755128,-14.0231352796592,-0.466635770065235,-6.64109842333333,-0.424438342955136,0.142004062832726
0.136412275193149,-1.74310611306439,-14.0459193935079,-0.43748456543421,-6.66545000754953,-0.44450558158074,0.0253466374480304
0.134214200586634,-1.73934277094624,-14.0718423358509,-0.407078504901492,-6.68836755775302,-0.459440188785654,-0.0882444755531234
0.131748702849943,-1.73507161290929,-14.1013431384246,-0.375653260887508,-6.70930683178007,-0.469199793172823,-0.194066677327052
0.129027532363085,-1.73030220585633,-14.1349626204898,-0.343457698807368,-6.72771306191486,-0.473925981332133,-0.287707154864979
0.126067027075447,-1.72503533629224,-14.1733581030713,-0.310757931365638,-6.74303264406093,-0.473895659752267,-0.36522227611007
0.122887507162802,-1.71926084687135,-14.2173054606037,-0.277841809768274,-6.75471936066548,-0.469460737510598,-0.423265889356012
0.119513257894957,-1.71295571841683,-14.2676791973149,-0.24502141430902,-6.76224184825319,-0.460992674993742,-0.459172665132244
0.115973652877602,-1.70608265700328,-14.3253996368623,-0.212630880489509,-6.76510206583977,-0.44884211183357,-0.471009985689335
0.112305748689547,-1.69858987167172,-14.3913372761281,-0.181017062963212,-6.76287424280879,-0.433315757039089,-0.457614373647827
0.108558233348887,-1.69041327214693,-14.4661721741587,-0.150521256378824,-6.75526882397306,-0.414666771703095,-0.418628235469313
0.104795864949632,-1.68148254855418,-14.550224954836,-0.121451966414098,-6.74221540209246,-0.393093156532774,-0.354551176738182
0.101102677341368,-1.67173187726446,-14.6433025393482,-0.0940518612614128,-6.72394460754963,-0.368742037391801,-0.266815343554944
0.0975818640942877,-1.66111407216817,-14.744618920373,-0.0684657489201289,-6.7010389949296,-0.341724893322436,-0.157879401924068
0.0943509813860799,-1.64961479196112,-14.8528351663404,-0.0447185893786527,-6.67442693367479,-0.312153577417562,-0.0313057915410141
0.0915326317727229,-1.63726271314023,-14.966210748467,-0.0227111840804082,-6.64531266019127,-0.280199879612723,0.108247668844661
0.0892419662366442,-1.62413304872971,-15.0828069107328,-0.00223643847138119,-6.61505757144844,-0.24616044622052,0.255195464300814
0.0875728122013648,-1.61034393561235,-15.2006753129406,0.0169868344741388,-6.58503923187499,-0.210490554909929,0.403374917585115
0.0865848992307817,-1.59604650772946,-15.3179994641163,0.0352704346835622,-6.55651561044513,-0.173777669598416,0.546517026070155
0.0862955714009703,-1.58141037293526,-15.4331906679198,0.0529137266267747,-6.53051966698572,-0.136659541542162,0.678713283345051
0.0866789227775479,-1.5666074827195,-15.5449477485221,0.0701699324786393,-6.50780336824724,-0.0997236939231513,0.794764158822149
0.0876727159102712,-1.55179816441761,-15.6522822543204,0.0872265416089749,-6.48883698433398,-0.0634294314104678,0.89036321544029
0.0891904334502204,-1.53712222272375,-15.754508701295,0.104199729844863,-6.47385309895491,-0.0280729068175565,0.962141304323996
0.0911344800052938,-1.52269592602185,-15.8512059752733,0.121139377050117,-6.46291426777151,0.00620853868648393,1.00762819326876
0.0934072338552037,-1.50861377141497,-15.9421627128409,0.138040337389422,-6.45598281609536,0.039409635115009,1.02518651340709
0.0959182356257793,-1.4949530262904,-16.0273207570357,0.154856363080914,-6.45297749058247,0.0716257175236209,1.01395637547254
0.0985871827576636,-1.48177905779439,-16.1067277215769,0.171514387905412,-6.4538088226458,0.103028188011957,0.973833034596067
0.10134319269396,-1.46914985626715,-16.1805054764056,0.187927923234405,-6.45838992808414,0.133850502157525,0.905487666556917
0.104121206522844,-1.45711856014685,-16.2488375505856,0.204008765114651,-6.46662243150137,0.164380578664084,0.810430577157536
0.106856791120067,-1.44573317120484,-16.3119745566058,0.219676097797956,-6.47836069451053,0.194949532675003,0.691103984571342
0.109481143105555,-1.43503324467945,-16.370251669301,0.234861726454294,-6.49336379248806,0.225904197723803,0.550974494685866
0.111918603654561,-1.42504439256378,-16.4241061160226,0.249510125561183,-6.51125345158417,0.257554883743982,0.394571905351484
0.114088839886008,-1.41577284609648,-16.474078367163,0.263572857012544,-6.53150260555174,0.290102363019089,0.227399607194683
0.115914323506961,-1.40720329078749,-16.5207833588138,0.276998904669325,-6.55347457271399,0.32356626328588,0.0556493366973549
0.117330938200988,-1.39930246081157,-16.564850935148,0.289724756462006,-6.57651148567982,0.357749003154199,-0.114281753008228
0.118297172619706,-1.392028159515,-16.6068527885727,0.301668830504694,-6.60004152132903,0.392260123642047,-0.276367536055098
0.118797674065569,-1.38534017961209,-16.6472431359139,0.312732887146337,-6.62366047873755,0.426595270382658,-0.425451526683473
0.118840120663463,-1.37920865387962,-16.686333084474,0.322809539802692,-6.64715826742159,0.460235040046236,-0.557534655421184
0.118447825247168,-1.37361729268501,-16.724300420489,0.331792464123011,-6.67049181124128,0.492724698193651,-0.669829596883514
0.11765170793495,-1.36856180190079,-16.7612220515341,0.339585802493358,-6.69372786094489,0.523714684189165,-0.760649519807459
0.116484213584309,-1.36404547059158,-16.7971130196883,0.346110793785497,-6.71698181063319,0.552964204456804,-0.829222510749785
0.114975951531426,-1.36007404349076,-16.8319609193135,0.351309335998457,-6.74036908734413,0.580322158049087,-0.875499033206998
0.113154538931656,-1.3566512882702,-16.8657513345245,0.355145118019714,-6.76397485512957,0.605700508149836,-0.899985130634792
0.111044635449608,-1.35377590441417,-16.8984846786699,0.357603066060822,-6.787840966137,0.629050511267359,-0.903608098582711
0.108668241131521,-1.35143995134514,-16.9301866003965,0.358687483580686,-6.81196623483619,0.650346433928669,-0.887607340401432
0.106044711145415,-1.34962876216534,-16.9609136045182,0.358418922888193,-6.83631521633064,0.669576653764636,-0.853440165988944
0.103190417246395,-1.3483221479694,-16.9907541583237,0.35682994229628,-6.86083037399427,0.686739308773842,-0.802698991000466
0.100118348437737,-1.34749645329006,-17.0198250249047,0.353960474692344,-6.88544304582274,0.701839449589765,-0.737047013964936
0.0968379996374239,-1.347126818021,-17.0482636426551,0.349853948147382,-6.91008065798183,0.714886381964749,-0.658183252151924
0.0933556775174718,-1.34718906643125,-17.0762188346442,0.344554959651741,-6.93467036522136,0.725891595953556,-0.567839544794487
0.0896751192142016,-1.34766096044056,-17.1038423184655,0.338108445615029,-6.9591408135456,0.734867896671575,-0.467799500024405
0.0857982574764466,-1.34852285530552,-17.1312824326528,0.330559656626055,-6.98342339505448,0.741829562434666,-0.359923049407837
0.0817260252043989,-1.34975790699723,-17.1586804188974,0.321954165319906,-7.00745326622436,0.746792815765723,-0.246162219902593
0.0774591543029425,-1.35135194591165,-17.1861691257509,0.312337434560776,-7.03116963690253,0.749776053089178,-0.128559695927739
0.0729989372299591,-1.3532930681727,-17.2138739454241,0.30175386100958,-7.05451475910055,0.750799817143815,-0.00922799329119817
0.0683479019943027,-1.35557097217355,-17.2419157763876,0.290245519725345,-7.07743146638233,0.749886937755105,0.109687789161269
0.0635103405876368,-1.35817608773023,-17.2704156304249,0.277851011384483,-7.09985968361865,0.747063347988607,0.226057009719368
0.0584926415156679,-1.36109858314618,-17.2995002683458,0.264604823220013,-7.1217327719361,0.742359808250244,0.337812120425204
0.0533034134967617,-1.36432735891956,-17.3293080619474,0.250537488970368,-7.14297468658413,0.735814329399082,0.442991321821914
0.0479534311133775,-1.36784912995202,-17.3599942519117,0.235676625361316,-7.16349872081193,0.727474733317083,0.539770100846524
0.0424554671113365,-1.37164766326013,-17.3917348810869,0.220048713556347,-7.18320823012361,0.717400698349638,0.62647973043194
0.0368240906791919,-1.37570319057948,-17.4247288283196,0.203681348937676,-7.20199937418583,0.705664836278097,0.701613684359077
0.0310755059961421,-1.37999197372436,-17.4591974391185,0.186605622323927,-7.21976572483402,0.692352740868902,0.763824824724732
0.0252274897531386,-1.38448597695446,-17.4953811544691,0.168858308866334,-7.23640460337382,0.677562393784147,0.811917055053972
0.019299467192267,-1.38915260168495,-17.5335322585759,0.15048358645659,-7.25182519012607,0.661403677637493,0.844835246879988
0.0133127489665586,-1.39395446546444,-17.5739024264482,0.131534048931013,-7.26595869736453,0.643998934218248,0.861657060107279
0.00729093376536434,-1.3988492598418,-17.6167232671729,0.112070795657276,-7.27877109284562,0.625485451648441,0.861590183203084
0.00126045831370196,-1.40378979890366,-17.6621777636078,0.0921623706147164,-7.29027883698016,0.606020419149481,0.843978832114868
-0.00474876476406874,-1.40872446746591,-17.710360877337,0.0718823100806303,-7.30056761727633,0.585788205018014,0.808324363102161
-0.0107027470331638,-1.41359837556542,-17.7612293663869,0.0513050874086157,-7.30981280601596,0.565008781744295,0.75432673889619
-0.0165630747008389,-1.41835558036471,-17.8145449552231,0.0305003778223041,-7.31829803861346,0.543944824364812,0.681955996150047
-0.0222870993397552,-1.42294267622461,-17.8698218310464,0.00952586049526361,-7.32642501502072,0.522903701340829,0.59156397969859
-0.0278289731057322,-1.42731379607672,-17.9262976349989,-0.0115807392106547,-7.33470454742384,0.50222974637651,0.484041982705032
-0.0331417418644216,-1.43143657193079,-17.9829520723814,-0.0328090002847001,-7.34371887049155,0.482282513097257,0.361012766973724
-0.0381805286677907,-1.4352979363979,-18.0385916949586,-0.0541804139711731,-7.35405205389539,0.463398967462772,0.225011924025596
-0.0429066140991883,-1.43890803952161,-18.0919983512534,-0.075747528276805,-7.36620014327353,0.4458425626007,0.0795747548409623
-0.0472919039989798,-1.44230041730161,-18.1421077118315,-0.0975852541994237,-7.38048904707941,0.429749804711265,-0.0708650526602873
-0.0513227853140186,-1.44552735738976,-18.1881615963343,-0.119774181886652,-7.39703282921949,0.415092086191375,-0.22130255111094
-0.0550019734969207,-1.44865122220348,-18.2297831724429,-0.142379588126045,-7.41574905881148,0.401670275845513,-0.366641569043746
-0.0583472968950915,-1.45173437887909,-18.2669584200644,-0.165432722628513,-7.43641976929576,0.389147383934907,-0.502169880261361
-0.0613875934736983,-1.45483091660375,-18.2999477362851,-0.188920225537235,-7.45876737147711,0.377107057566532,-0.623886572653115
-0.0641571369810922,-1.45798210208703,-18.3291718660424,-0.212783605360129,-7.4825165459658,0.365115943025063,-0.728633327616954
-0.0666903295784285,-1.46121563731348,-18.3551101327827,-0.23692674902336,-7.50742864742025,0.352771726005753,-0.814071008241294
-0.0690178114559234,-1.46454753667695,-18.3782294956601,-0.261227703126904,-7.53331024646898,0.339729818572611,-0.878575488799432
-0.071164303970525,-1.4679851912005,-18.3989456755917,-0.285551313407572,-7.56000472501771,0.325711460901957,-0.921112819250774
-0.0731479299915982,-1.47153054596362,-18.4176087712016,-0.30976050885444,-7.58737628057903,0.310500656616872,-0.941126698249374
-0.0749805467793256,-1.47518280917522,-18.4345040730577,-0.333725154690927,-7.6152931161372,0.293937669558745,-0.938450897295165
-0.0766686624268615,-1.47894048534269,-18.4498606037117,-0.357328134652713,-7.64361381890815,0.275914905338742,-0.913249163302192
-0.0782146419973435,-1.48280272402687,-18.4638625810944,-0.380468663912941,-7.67217910469999,0.256378413811716,-0.865981690095535
-0.0796180471323742,-1.48677003231907,-18.4766612284742,-0.403062907745278,-7.70081026823072,0.235335628888123,-0.797396804120733
-0.0808770436343872,-1.49084437072242,-18.4883857574098,-0.425041951057753,-7.72931537533322,0.212867409930823,-0.708546946498096
-0.0819898360121672,-1.49502859977855,-18.4991529842438,-0.446347206852344,-7.75750382585691,0.189139911634617,-0.600827937222648
-0.0829560448253055,-1.49932522931232,-18.5090751060837,-0.466923619524826,-7.78520874682602,0.164409489505314,-0.476038020315219
-0.0837778503785811,-1.50373450606796,-18.5182649245432,-0.486711612401554,-7.81231430416955,0.139012593541004,-0.336445873537919
-0.0844606325111394,-1.50825209948894,-18.5268375948572,-0.505639576238573,-7.83878164113786,0.1133341263015,-0.184843659113364
-0.0850128245216197,-1.51286697281679,-18.5349082009321,-0.523619412085946,-7.86466419283277,0.0877539363536951,-0.0245470175708222
-0.0854448587262387,-1.51756027696209,-18.5425854334847,-0.540547510925368,-7.89010333472685,0.0625817774577154,0.140698215030263
-0.0857674156699425,-1.52230598803207,-18.5499632080197,-0.556311955537473,-7.91530107359697,0.0380012062177496,0.306918168812605
-0.0859895333855021,-1.52707338440958,-18.5571132885246,-0.570804046487057,-7.94047651003705,0.0140440252174847,0.470188882474628
-0.0861172277690029,-1.53183061604145,-18.56408177004,-0.583930137442535,-7.96582094680647,-0.00939513243503068,0.626914489275447
-0.0861530159725073,-1.53654814980752,-18.5708904962245,-0.59561985001683,-7.99146652957438,-0.0325126783281921,0.774028652169369
-0.0860963082520528,-1.54120109731623,-18.5775423396592,-0.60582888075051,-8.01747538129061,-0.0555386086253911,0.909082708394697
-0.0859443303721202,-1.5457700867077,-18.5840281125288,-0.614537091271296,-8.04384672691259,-0.0786869065366689,1.03023300848044
-0.0856931825533478,-1.55024093091728,-18.5903330314902,-0.621743897194084,-8.07053431863446,-0.102123916319768,1.13616668051464
-0.0853387543030945,-1.55460360683465,-18.5964415377337,-0.627462959749572,-8.09746648840468,-0.125955482836771,1.2260051448324
-0.0848773637836262,-1.5588510356492,-18.602340165603,-0.631717473521806,-8.12456393286343,-0.150228345366538,1.29921115230617
-0.0843060977333468,-1.56297800279428,-18.6080187209,-0.634536557192845,-8.15175333184618,-0.174939957328219,1.35551066562587
-0.0836228816788752,-1.5669803874959,-18.6134702517766,-0.635952676278503,-8.17897686353732,-0.200051778912256,1.39483097282394
-0.0828263315647787,-1.57085472788484,-18.6186902807449,-0.635999721197766,-8.20619844055481,-0.225502529531508,1.41725148908542
-0.0819154537526212,-1.57459803125647,-18.6236756323494,-0.634711332379011,-8.23340734377587,-0.251218997554803,1.422962888427
-0.080889282613541,-1.57820767632556,-18.6284230614223,-0.632119289755758,-8.26061944073414,-0.277122711536237,1.41223285374194
-0.0797465614006026,-1.58168128411371,-18.6329278631325,-0.628252122375893,-8.28787595196207,-0.303131504019223,1.38538107996168
-0.0784855577792136,-1.5850165537809,-18.6371827468058,-0.623134265926131,-8.31524006470513,-0.329156097375159,1.34276875468034
-0.0771040637835936,-1.58821116543924,-18.6411773527724,-0.616785952964331,-8.34279209021141,-0.355092898064579,1.28480617683835
-0.0755995925084158,-1.5912628579452,-18.6448987709399,-0.609223742515872,-8.37062376310842,-0.380814647634021,1.21197818817854
-0.0739697710684449,-1.59416971262778,-18.6483332806077,-0.600461458481598,-8.39883174179633,-0.406160495787065,1.1248841155965
-0.0722129234145682,-1.59693059661434,-18.6514693355909,-0.59051135488958,-8.42750997404531,-0.430927058418539,1.02428779424115
-0.0703288131381846,-1.59954567458956,-18.6543015612927,-0.579385446587729,-8.45674064551482,-0.454862406336573,0.911172503258283
-0.068319462556609,-1.60201688187309,-18.6568351902053,-0.567097016992373,-8.48658396737375,-0.477665572912977,0.786793808056061
-0.0661898904326587,-1.60434825038579,-18.6590899799262,-0.553662294970094,-8.51706791602222,-0.49899454796457,0.652720406381833
-0.0639485493703272,-1.60654599121898,-18.6611023963579,-0.53910218881833,-8.54817992886065,-0.518485124863231,0.510850824750285
-0.0616072443255696,-1.60861826997542,-18.6629249507594,-0.52344382562446,-8.57986303885276,-0.535780780857592,0.363394908310389
-0.0591804148728758,-1.61057466720753,-18.6646222215403,-0.506721549157409,-8.61201850920115,-0.550570091191644,0.212815398688515
-0.0566838559426053,-1.61242538514993,-18.6662641443854,-0.488977069727511,-8.64451550653956,-0.562624299322611,0.0617354305309526
-0.0541331534876215,-1.61418032306462,-18.6679181477359,-0.470258654574344,-8.67720620251124,-0.57182577233824,-0.0871722999213463
-0.0515422165245577,-1.61584817502983,-18.6696421027364,-0.450619537745323,-8.70994289687327,-0.57817976644826,-0.231294864618256
-0.0489222388400867,-1.61743569888915,-18.6714796562542,-0.430115977474574,-8.74259321516078,-0.581806842859051,-0.368170530950461
-0.0462812614880064,-1.61894726703903,-18.6734586179641,-0.408805491789974,-8.77505030846743,-0.582919082564285,-0.495553667786008
-0.0436243241468384,-1.62038474947294,-18.6755921863593,-0.386745720184361,-8.80723670451791,-0.581787270061732,-0.611452153053226
-0.0409540674299205,-1.62174771096529,-18.677882270442,-0.36399413326845,-8.8391021958532,-0.578707069385686,-0.714141283410874
-0.0382716047698259,-1.62303384509557,-18.6803240413779,-0.340608538058866,-8.87061730432633,-0.57397030899775,-0.802160434626316
-0.0355775035749668,-1.62423953394596,-18.6829109838133,-0.316648102807428,-8.90176426505621,-0.567844315775453,-0.874299201603817
-0.0328727667004563,-1.62536041945651,-18.6856399218655,-0.292174506987532,-8.93252731249261,-0.560559286367662,-0.929579323937551
-0.0301597584994222,-1.62639189242072,-18.688515621538,-0.267252822367187,-8.96288363570006,-0.552301784802084,-0.967237853127613
-0.0274430549079928,-1.62732943387863,-18.6915545233072,-0.241951806094959,-8.99279600623199,-0.543211716097527,-0.986716085855923
-0.0247302038498885,-1.62816876820496,-18.6947868795803,-0.216343397946811,-9.02220794828171,-0.533380257036563,-0.987657885231307
-0.0220323527595403,-1.62890580247071,-18.6982560706966,-0.190501330862204,-9.05104247542831,-0.522846878858615,-0.969920081300356
-0.0193646289265834,-1.62953633614385,-18.7020133166409,-0.164498889623675,-9.07920575150915,-0.51159455816582,-0.933596382140308
-0.0167460481442983,-1.63005554063634,-18.7061058852331,-0.138406005695723,-9.10659721356086,-0.499543489343167,-0.879054155881376
-0.0141986093908226,-1.63045724710239,-18.7105581720779,-0.112286085716363,-9.13312709024876,-0.486545113108441,-0.806980108325242
-0.011745198020121,-1.63073316011583,-18.7153487771315,-0.0861932233021495,-9.15874010828548,-0.472379973350374,-0.718426498219798
-0.00940612497361329,-1.63087223111307,-18.7203927433749,-0.0601706475043386,-9.18344035923423,-0.456764330412392,-0.614846009078357
-0.00719470245815159,-1.63086052670053,-18.7255428114526,-0.0342512279631369,-9.20730852055156,-0.439370561447249,-0.498104425187077
-0.00511305666848244,-1.63068190899141,-18.7306199447477,-0.00846040416932584,-9.23050264867532,-0.419863976154313,-0.370467897082044
-0.00314985618515775,-1.63031962701641,-18.7354679541343,0.0171788899613379,-9.25324014854622,-0.397953542402794,-0.234570537061171
-0.00128120335758832,-1.62975855871094,-18.7400084656357,0.0426404699903414,-9.27576792732585,-0.373447729748774,-0.0933671256265574
0.000525324396901534,-1.62898753450427,-18.744267558336,0.0678897546195331,-9.29833233701807,-0.346301956215907,0.0499378730182877
0.00230477303359466,-1.62800107770836,-18.7483607565555,0.0928804582408565,-9.32115683240487,-0.3166434300881,0.192004120302644
0.00408889796225565,-1.62680004358496,-18.7524464615514,0.11755384267224,-9.34442835201189,-0.284764011718467,0.329519469427214
0.00590182861826326,-1.62539097929122,-18.7566719696516,0.141840538714051,-9.36828982873077,-0.251081599311403,0.459391237128933
0.00775813828978417,-1.62378445488698,-18.7611343741235,0.165664180330209,-9.39283691531284,-0.216081457345223,0.578917735668658
0.00966325131692284,-1.62199294344486,-18.7658664182744,0.188945621780748,-9.41811876937651,-0.180254785976743,0.685896937427753
0.0116154510366485,-1.62002888643483,-18.7708444605577,0.211606599328979,-9.44414315597824,-0.144049581223718,0.778656681975816
0.0136085299217981,-1.61790337256639,-18.7760087298703,0.233572217465578,-9.47088525983034,-0.107841080258631,0.856020310862464
0.0156343043053652,-1.61562555017394,-18.781285846813,0.25477219621266,-9.49829862417019,-0.0719211551274721,0.917236076578075
0.0176845693028473,-1.61320265540665,-18.7866071751534,0.275141138504472,-9.52632630545758,-0.0365013975940832,0.961896998932643
0.0197523811478292,-1.61064043552797,-18.7919205907424,0.2946181469551,-9.5549106645969,-0.00172360566649505,0.98986840364943
0.0218327348189641,-1.60794375119002,-18.7971959509718,0.313146050583355,-9.58400084440989,0.0323274873564656,1.00123094910325
0.0239227665274,-1.60511719703877,-18.802425702546,0.330670406857736,-9.61355757205993,0.0656125642737566,0.996240800122431
0.0260216021316806,-1.60216564220989,-18.8076221791777,0.347138384867657,-9.64355531648495,0.0981287695051278,0.975305681797965
0.0281299372961976,-1.59909464038859,-18.8128127832901,0.362497622752717,-9.67398201158684,0.129903749845441,0.938974633572269
0.0302494018802011,-1.59591068720376,-18.8180338131937,0.376695186081352,-9.70483661237723,0.160992083257225,0.887939271333065
0.0323817435595607,-1.59262131544173,-18.8233233945906,0.389676809443246,-9.73612477055922,0.191472888599954,0.823044504004779
0.0345278715262027,-1.5892350218296,-18.8287138858437,0.401386663326909,-9.76785299569713,0.221447074012234,0.745306441140976
0.0366868308501084,-1.58576102231947,-18.8342242553715,0.411767913437554,-9.80002185057913,0.251032608985943,0.655934318128597
0.0388548278541151,-1.58220884296447,-18.8398532296501,0.420764294373719,-9.83261902889675,0.280356483708842,0.556351476112671
0.0410244816287958,-1.57858777787882,-18.8455743614563,0.42832275958362,-9.86561349746579,0.309542742844493,0.448208086591817
0.0431845104196368,-1.5749062825802,-18.8513343678008,0.434396987130715,-9.89895210813138,0.33869720043055,0.333376453623701
0.0453200362172212,-1.57117141096388,-18.8570558714932,0.438951160747093,-9.93255995396406,0.367890957109376,0.21392025429219
0.0474135794248049,-1.56738842409433,-18.8626448688543,0.44196315075567,-9.96634509319489,0.397146138394406,0.0920336968073363
0.0494466291854951,-1.56356067693359,-18.8680019459038,0.443426176583752,-10.0002071376034,0.426427600847972,-0.0300448171885679
0.0514014820626169,-1.55968982138264,-18.8730349801716,0.44334836121554,-10.0340479829218,0.455643188519756,-0.150130522986643
0.0532629411877927,-1.55577627434834,-18.8776704787306,0.4417502100996,-10.0677822419934,0.484652724136525,-0.266182510001805
0.0550195189446785,-1.55181983116591,-18.8818611862712,0.438660684726513,-10.1013451065011,0.513283347814826,-0.376369688417945
0.056663962543883,-1.54782028381973,-18.8855888992223,0.434112895663268,-10.1346963292566,0.541347309555915,-0.479104640235879
0.058193128781686,-1.54377792850841,-18.8888628527076,0.4281403874336,-10.16782026009,0.568658396236515,-0.573047565223032
0.0596073809830974,-1.53969389532783,-18.8917149947256,0.420774633892716,-10.2007228238447,0.595044416850538,-0.657089167088094
0.0609097321767001,-1.5355702817021,-18.8941937305761,0.412043924362175,-10.2334267260272,0.620354731898212,-0.73032290667086
0.0621049329110212,-1.53141010901276,-18.8963574815031,0.401973476346868,-10.2659660746689,0.644463040419139,-0.792014970841194
0.063198640291935,-1.52721714520572,-18.8982689448709,0.390586429484616,-10.2983812567847,0.667266325081205,-0.841577014579674
0.0641967398669277,-1.52299564565861,-18.8999904882113,0.37790533618226,-10.3307145301813,0.688681105203674,-0.878544013531274
0.0651048403413479,-1.5187500632651,-18.9015807578707,0.363953809800445,-10.3630065071918,0.708638143490455,-0.90255803270633
0.0659279268191892,-1.51448477065297,-18.9030923553646,0.348758067890919,-10.3952935444086,0.727076634243562,-0.913358185993674
0.0666701395061743,-1.51020382750472,-18.9045703163736,0.332348183499525,-10.4276059870052,0.743938740800798,-0.910777065010585
0.0673346384513608,-1.50591081736787,-18.9060510969421,0.314758916599663,-10.4599672140071,0.759165179290851,-0.894744059000236
0.0679235179019281,-1.50160877296864,-18.9075618109144,0.296030038354415,-10.4923934577344,0.77269237024091,-0.865296030815934
0.0684377438240527,-1.49730020679123,-18.9091195614091,0.276206089436348,-10.5248943962899,0.784451490500616,-0.822595648783827
0.0688771033029278,-1.49298726301984,-18.9107308634366,0.255335543390854,-10.5574745105327,0.794369537005712,-0.766957258664631
0.069240173596596,-1.48867200308742,-18.9123913634356,0.233469385038689,-10.5901351377488,0.802372246606842,-0.698879462857064
0.0695243396357034,-1.48435682775225,-18.9140863116638,0.210659184948745,-10.6228770036621,0.808388390673169,-0.619082519504842
0.0697259095313572,-1.480045017819,-18.9157924888324,0.186954854307731,-10.6557027839279,0.812354612205648,-0.528547234525676
0.0698403941425886,-1.47574134346177,-18.9174824079966,0.162402403653662,-10.6886189718403,0.814219668091886,-0.428550262203212
0.0698630229993509,-1.47145265013912,-18.9191313663682,0.137042163581198,-10.7216361756933,0.813946812605892,-0.320688859464449
0.0697895533770713,-1.4671882918776,-18.920726937766,0.110908009592502,-10.7547671923258,0.811513268762758,-0.206886773708426
0.0696173696502065,-1.46296026856001,-18.9222784536531,0.0840280777808699,-10.7880231322361,0.806906436872208,-0.0893730557415647
0.0693467304256485,-1.45878295590527,-18.9238212874077,0.0564272048561855,-10.8214094933831,0.800117745777777,0.0293714925686527
0.0689817883331094,-1.45467240544311,-18.9254095029365,0.0281308736326013,-10.8549254316425,0.791136662089767,0.146698951859514
0.0685307937284933,-1.45064532223984,-18.9270945564756,-0.000830087682958137,-10.8885685077638,0.779948482073103,0.259899480941868
0.0680050041414277,-1.44671795606355,-18.9288983638586,-0.0304151664255521,-10.9223428489336,0.766538623397782,0.366309223824348
0.0674164602264732,-1.44290519643174,-18.9307977502388,-0.0605712336225359,-10.9562643803081,0.75090250295603,0.463403621688762
0.0667755413044733,-1.43922009128634,-18.9327317402618,-0.0912315588338717,-10.9903584239705,0.733056134054298,0.548867854821052
0.0660892986144068,-1.43567384209032,-18.9346261493955,-0.122316687700763,-11.0246519178367,0.713042185040059,0.620645824228846
0.0653609066941042,-1.43227616615879,-18.9364195833229,-0.153736705093366,-11.0591668480236,0.690929664912572,0.67697257833182
0.0645899053018839,-1.42903583743363,-18.9380793913205,-0.185394279188793,-11.0939192839967,0.666809052444513,0.716394263533334
0.0637727264090786,-1.42596121763312,-18.9396060495279,-0.217187890609601,-11.1289237329859,0.640786099347192,0.737779336667526
0.0629031817561569,-1.42306063232744,-18.9410300782802,-0.249014707774347,-11.1641998890113,0.612977161244911,0.740325800121291
0.0619728264515767,-1.42034249975796,-18.9424058631393,-0.28077266162698,-11.1997787512021,0.583507945238542,0.723569993164991
0.0609712778900218,-1.41781517059142,-18.9438047606583,-0.312361395428676,-11.2357060456846,0.552516530290692,0.687402042743514
0.0598866536559433,-1.41548648231591,-18.9453079669451,-0.343681922433484,-11.2720418098295,0.520160428099778,0.632091621790029
0.0587063170383551,-1.41336307688769,-18.9469985863401,-0.374635042199044,-11.3088556261656,0.486626253845488,0.55832557232114
0.0574180825830543,-1.41144958039348,-18.948952191485,-0.405118876633919,-11.3462175164061,0.452139314578117,0.46725605505516
0.0560119175362257,-1.40974780084438,-18.9512257930044,-0.435026277192057,-11.3841852083778,0.416969283954066,0.360553223579511
0.0544819656018282,-1.40825615397209,-18.9538463773942,-0.464243235129794,-11.4227895640715,0.381427494527466,0.240448767320571
0.0528284495890951,-1.40696954849356,-18.9568016681444,-0.492649571257024,-11.4620212960289,0.345851955120429,0.109746573531225
0.0510587938995092,-1.40587990623654,-18.960036754995,-0.520122784526595,-11.5018231090222,0.310578900816537,-0.028230473486943
0.0491873348229135,-1.40497732410451,-18.9634596433892,-0.546544816397579,-11.5420910230434,0.275904785512447,-0.169782445775045
0.0472333949194251,-1.4042516342616,-18.9669559890373,-0.571809954331897,-11.5826860455633,0.242048357347417,-0.311060770733268
0.0452181734946927,-1.40369391398399,-18.9704092870106,-0.595831091803485,-11.6234532388833,0.209124867310384,-0.448341037290481
0.0431614444921182,-1.40329749225809,-18.9737201278644,-0.618541996187707,-11.6642419975778,0.177140548004638,-0.578272272533668
0.041079074115586,-1.4030582255918,-18.9768188269028,-0.639895013021729,-11.704921322654,0.146007032794817,-0.698044163349675
0.0389818923964014,-1.40297412266378,-18.9796691662614,-0.659855537086931,-11.7453868703745,0.115568051545463,-0.805451155447347
0.0368758530566518,-1.40304459785751,-18.9822646207207,-0.678395450017229,-11.7855602241203,0.0856286772360539,-0.898870077629495
0.0347630449757216,-1.40326965943858,-18.9846202962473,-0.695487388957771,-11.8253830587952,0.0559800896454359,-0.977185684923847
0.0326430540280541,-1.40364924905569,-18.9867637395298,-0.711100797863929,-11.8648092350745,0.0264170708484136,-1.03969637977203
0.0305142982084652,-1.40418283723428,-18.9887267098327,-0.72519986128068,-11.9037971126497,-0.00325126584294514,-1.08602115030146
0.028375129605595,-1.40486929785582,-18.9905388489975,-0.737742915995602,-11.9423033607296,-0.0331954192544273,-1.11601774714856
0.0262246347514645,-1.40570704221572,-18.9922233729028,-0.748682763743824,-11.9802787244782,-0.0635617097467008,-1.12971502254224
0.0240631523266103,-1.40669437603615,-18.9937944906588,-0.75796734332607,-12.0176656536642,-0.094468618580252,-1.12725919804311
0.0218925771635062,-1.40783003062355,-18.9952561309582,-0.765540369046873,-12.0543973085551,-0.126001419305941,-1.10887366123082
0.0197165488327248,-1.40911379398487,-18.9966016015003,-0.771341807377869,-12.0903971488789,-0.158203312684514,-1.0748341722229
0.0175406312686974,-1.41054712052535,-18.997813960369,-0.775308536430332,-12.1255782472216,-0.19106122276325,-1.02546570392179
0.0153725284266688,-1.4121335564737,-18.9988671313832,-0.777376255214803,-12.1598424271994,-0.224485328202374,-0.961171084726154
0.0132221649388578,-1.41387887796069,-18.9997281237972,-0.777484172943679,-12.1930823568994,-0.258285379969287,-0.882497066426175
0.0111011883730028,-1.41579104382116,-19.0003608661636,-0.775582840232745,-12.2251928531267,-0.292153459904571,-0.790222931214195
0.00902154809215235,-1.41788017153655,-19.0007317271913,-0.771642485857428,-12.2560946934429,-0.325665110331196,-0.685435110061209
0.00699344418321767,-1.42015845197291,-19.0008159096437,-0.765657643102757,-12.285764312729,-0.358303101469362,-0.569559808120819
0.00502340880135845,-1.42263958854228,-19.0006033633768,-0.757646067256194,-12.3142573717137,-0.389499192114173,-0.444355113897753
0.00311312761222072,-1.42533747977285,-19.0001029371018,-0.747643056639609,-12.3417184585236,-0.418687165646254,-0.311876962646142
0.00125922988211435,-1.42826429417032,-18.9993438262053,-0.735693443195945,-12.3683756678894,-0.44536058366512,-0.174427477352285
-0.000545976875126432,-1.43142840547577,-18.9983738420053,-0.721843341853106,-12.3945224249381,-0.469126700335757,-0.0344899264757136
-0.00231301189425944,-1.43483272781695,-18.9972546580984,-0.706133372565647,-12.4204906952079,-0.489746394665933,0.105343396367428
-0.00405327732627398,-1.43847385161399,-18.9960548399739,-0.688594643745816,-12.4466207468744,-0.507151914082236,0.242441807433549
-0.00577705189740522,-1.44234213301853,-18.9948419025253,-0.669248144070458,-12.4732327663029,-0.521439554089642,0.374198429756036
-0.00749179691758609,-1.44642263465411,-18.9936747537486,-0.648107419609647,-12.5006046163441,-0.532840518627143,0.498080974450177
-0.00920105651234691,-1.45069663252553,-18.9925977108974,-0.625183734543418,-12.5289582025959,-0.541677525847129,0.611671592385419
-0.0109040895725281,-1.45514332444093,-18.9916369199092,-0.6004925068555,-12.5584548851914,-0.548316101800483,0.71269784471031
-0.0125962150443955,-1.45974139492054,-18.9907995689481,-0.574059734468274,-12.5891986776683,-0.553118303142541,0.799057046624346
-0.0142697240073557,-1.46447018694917,-18.9900758543521,-0.545927336416726,-12.621244907608,-0.556403939867016,0.868836229167022
-0.0159151398221862,-1.46931036747459,-18.9894433207529,-0.516156720822658,-12.6546116282701,-0.558421369901574,0.920330370437123
-0.0175225990850447,-1.47424411179074,-18.9888730151191,-0.48483033237747,-12.689291226568,-0.559327424340224,0.952062351938298
-0.0190831664855606,-1.4792549390557,-18.9883368565284,-0.452051314842603,-12.725260134909,-0.559174425893243,0.962809007367531
-0.0205899565387733,-1.48432738843648,-18.9878156324197,-0.417941682551639,-12.7624850909525,-0.557901722020794,0.951638327664519
-0.0220389835508796,-1.48944672997547,-18.987306916916,-0.382639511133863,-12.8009248772378,-0.555329664830828,0.917963076685428
-0.0234296759783331,-1.4945988637809,-18.9868317641731,-0.346295644773477,-12.8405269653193,-0.55115550979458,0.861615415931304
-0.024764963763061,-1.4997704840722,-18.9864381051664,-0.309070308692423,-12.8812192131335,-0.544953244742005,0.78294514479857
-0.026050783979535,-1.50494948118554,-18.9861974301054,-0.271129831759956,-12.9228980617787,-0.536182668097006,0.682940015973692
-0.0272947748526461,-1.51012544168977,-18.9861901676184,-0.232643460562112,-12.9654167394462,-0.524216216856594,0.563358868968
-0.0285038922736119,-1.5152900244923,-18.9864757932038,-0.193780055869183,-13.0085793414201,-0.508392927646205,0.426855181326044
-0.0296807873945477,-1.52043700214236,-18.9870490180549,-0.154704480366599,-13.0521474483126,-0.48810395163976,0.277049857566431
-0.0308192001674124,-1.5255619096331,-18.9877962606572,-0.115573893378133,-13.0958618804229,-0.462900320066902,0.118494644395087
-0.0318995278659765,-1.53066147018932,-18.9884843070352,-0.0765348938332201,-13.1394713436222,-0.432594333598395,-0.0435278068067113
-0.0328869879975927,-1.53573303533527,-18.988818627124,-0.0377229061450154,-13.1827484909341,-0.39731517650462,-0.203367844947044
-0.0337353944620526,-1.54077402213624,-18.9885738140948,0.000735367343784847,-13.2254799927923,-0.357493797550767,-0.355444231607037
-0.0343975973875011,-1.54578109446494,-18.9877237406528,0.0387170150119649,-13.2674489158911,-0.313786138368513,-0.494609260282971
-0.0348386841350191,-1.55074919684067,-18.9864623990326,0.0760970724192847,-13.3084500805243,-0.266965863835847,-0.616374850846037
-0.035044473039614,-1.55567115868497,-18.9850898796701,0.112743288047378,-13.3483455787457,-0.217814397942369,-0.717046485404599
-0.0350209571995617,-1.56053836789015,-18.9838625151919,0.148512669133923,-13.3871133993008,-0.167029192123689,-0.793819979767402
-0.0347872675707382,-1.56534211815831,-18.9829139344133,0.183250614176555,-13.4248463707767,-0.115168316401556,-0.844830732921466
-0.0343677054460388,-1.57007482149335,-18.9822617824637,0.216792815601834,-13.4617087873596,-0.0626369092720892,-0.869134850497136
-0.0337862508137161,-1.57473054718798,-18.9818537224168,0.248969567120649,-13.4978851344632,-0.00970410167700112,-0.86664094362837
-0.0330639396681414,-1.579304715037,-18.9816116938168,0.279612024888446,-13.5335454513243,0.043466873518755,-0.838030991809092
-0.0322181159338913,-1.58379297501587,-18.9814599784382,0.308560124010548,-13.5688330701478,0.0967871348477257,-0.784696932494809
-0.0312625082282651,-1.5881894623397,-18.9813388391946,0.335671805290841,-13.6038696093308,0.150212572273837,-0.708699180226277
-0.0302074864589582,-1.59248483008998,-18.9812093877518,0.360832729518686,-13.6387687014986,0.203714427757654,-0.612736605747628
-0.0290602677529204,-1.59666469810505,-18.9810537654738,0.3839648322124,-13.6736496250424,0.257247864296451,-0.500105021489258
-0.0278251381828647,-1.60070926598756,-18.9808724293556,0.405031281939245,-13.7086429409215,0.310720155419666,-0.374613078834655
-0.0265038980511404,-1.60459462744309,-18.9806791114436,0.424035335838673,-13.7438830509965,0.363965593335691,-0.240426905951749
-0.0250966970666329,-1.60829570921196,-18.9804940530393,0.441011910187795,-13.7794881151975,0.416737085587335,-0.10183627173636
-0.0236032284271766,-1.61178996263585,-18.9803367870838,0.456013337209133,-13.8155345536038,0.468720827049776,0.0370267684117085
-0.0220240254764341,-1.61506047449407,-18.9802201473932,0.469093428757025,-13.8520372851637,0.519570953674093,0.172452792293883
-0.0203615161807419,-1.61809743181941,-18.9801467779391,0.480294762864867,-13.8889444277319,0.568951902215495,0.301338648503185
-0.0186205973405392,-1.62089770400823,-18.980108429483,0.489642432995013,-13.9261477188469,0.616573967769253,0.421259271922617
-0.0168086948277682,-1.62346309786831,-18.9800874347657,0.497144645897242,-13.9635028536339,0.662212986629212,0.530440850896037
-0.0149354322788965,-1.62579815852147,-18.9800593799143,0.502798373931255,-14.0008516287201,0.70571327080846,0.627674303086218
-0.0130120692842501,-1.62790824417001,-18.9799960946203,0.506597530225266,-14.0380401339251,0.746978797994201,0.712209334214879
-0.0110508039075144,-1.62979827175735,-18.9798683917935,0.508541398155187,-14.074931536963,0.785959773655574,0.783656615017417
-0.00906392820137985,-1.63147221956556,-18.9796482643615,0.508641415435324,-14.111415582171,0.822640905276887,0.841909586248242
-0.0070627916314565,-1.63293321096914,-18.9793103932696,0.506924451991418,-14.1474177813785,0.857034675834811,0.887082392327429
-0.00505671176684503,-1.63418375974595,-18.9788328993081,0.503431160048684,-14.1829077512473,0.889177388823096,0.919449523109437
-0.00305228247781857,-1.63522570660512,-18.9781974642715,0.498210232341672,-14.2179006888058,0.91912112137566,0.939376156844024
-0.00105344259460868,-1.63605977347944,-18.9773892446933,0.491312324150356,-14.2524474296604,0.946918338979237,0.947249370550472
0.000937932644840149,-1.63668514857283,-18.9763970494946,0.482786989992135,-14.2866179573521,0.972605190381807,0.943433387793718
0.00292145736951296,-1.63709946163142,-18.9752139700395,0.472682629520743,-14.3204870851284,0.996191056256353,0.928257777013347
0.00489794425254314,-1.63729914530796,-18.9738383954073,0.461047552832755,-14.3541259014316,1.01765583232813,0.902029122521818
0.00686934605360615,-1.63728001113191,-18.9722752709094,0.447930743715915,-14.3875976363759,1.03695229307522,0.865053475478235
0.00883878581763043,-1.6370379061826,-18.9705374453726,0.433381836343173,-14.4209556649981,1.05401083446368,0.817662113100304
0.0108105555295148,-1.6365693856336,-18.9686469114543,0.417450334493382,-14.4542421983783,1.0687450627998,0.760237691751208
0.0127900014289714,-1.6358723683031,-18.9666356665982,0.400184277240766,-14.4874871006997,1.0810575266922,0.693239862635763
0.0147832423229239,-1.63494674093669,-18.9645458349117,0.381628613712813,-14.5207068176849,1.09084522796374,0.617229766621596
0.0167966900020458,-1.63379486182414,-18.9624286165217,0.361823601207884,-14.5539036837944,1.09800462440069,0.532892590422019
0.0188363694847148,-1.63242189687045,-18.9603416133961,0.340803590577244,-14.5870660314154,1.10243585576703,0.441056924783759
0.020907073283503,-1.63083591266041,-18.9583441629155,0.318596591404518,-14.6201695769829,1.10404598218059,0.342709285547659
0.0230114247795932,-1.62904765934303,-18.9564905444579,0.295224976216774,-14.6531805027934,1.10275115954317,0.239001917652456
0.0251489604428458,-1.6270700071829,-18.9548213559676,0.270707556181038,-14.6860604518979,1.09847787145287,0.131251951939925
0.0273153557425164,-1.62491705483245,-18.9533540158246,0.245063028563052,-14.7187732742217,1.09116353219533,0.0209301349278806
0.0295019053856242,-1.62260299814024,-18.9520742266593,0.218314490876635,-14.751292780452,1.0807568990442,-0.0903622139574753
0.0316953297484412,-1.62014092018179,-18.95093126721,0.190494401135013,-14.7836100084672,1.0672187382178,-0.200928442874015
0.0338779411640146,-1.61754171565287,-18.9498409062881,0.161649135367306,-14.8157377059244,1.05052308761104,-0.309022561378138
0.0360282089374192,-1.61481337487682,-18.9486998966922,0.131842251263285,-14.8477092332432,1.03065931590271,-0.412901236603058
0.0381218418641564,-1.61196080769744,-18.94741402353,0.101155772002959,-14.8795696676365,1.00763503706089,-0.510872572179886
0.0401336101525902,-1.60898627709069,-18.9459357141084,0.0696892556052884,-14.9113596597846,0.981479706596756,-0.601329173974868
0.0420400507629689,-1.60589034362854,-18.9442973621083,0.0375569994223616,-14.9430978708315,0.952248130673559,-0.682756053525835
0.0438226959216349,-1.60267304404618,-18.9426193878205,0.00488419355307061,-14.9747725606127,0.920022087468748,-0.753717434758731
0.0454706959109042,-1.5993349523158,-18.941079966042,-0.0281971203145108,-15.0063504745486,0.884907624712767,-0.81284418753433
0.0469814974883087,-1.59587789608673,-18.9398583053698,-0.0615518385517465,-15.0377992015793,0.8470268116803,-0.858846864417261
0.0483591831353876,-1.59230534230127,-18.9390834668747,-0.0950453314060162,-15.0691078488578,0.806505717253018,-0.890559448682846
0.0496114189597011,-1.5886226021256,-18.9388135684256,-0.128546775360842,-15.1002927490448,0.763462704834024,-0.906995651460313
0.0507464284251106,-1.58483695630648,-18.9390455427587,-0.161932116148985,-15.1313869454658,0.718000908013912,-0.907396501565997
0.0517708727400097,-1.58095769527219,-18.9397395224142,-0.195086378984986,-15.1624212669001,0.67020692122209,-0.891261731871106
0.0526887891491434,-1.57699601938719,-18.9408426182568,-0.227905103130383,-15.193405582233,0.620156121205337,-0.858370155216112
0.053501368912956,-1.572964750023,-18.9423048914574,-0.260294763345691,-15.2243154299294,0.567924147533867,-0.808797813516845
0.0542073288791362,-1.56887781802062,-18.9440867164255,-0.2921720644373,-15.2550862702941,0.513603416851674,-0.742940408425798
0.0548037294000096,-1.56474950808239,-18.9461594130286,-0.323462011729346,-15.2856163069769,0.45732261217631,-0.661543151798588
0.05528716759276,-1.56059345909286,-18.9485014233884,-0.354094776584104,-15.315778284432,0.399265730736481,-0.565738335468078
0.055655269135743,-1.55642147108725,-18.9510920263142,-0.384001661665987,-15.3454396978697,0.339685750310693,-0.457087483747991
0.0559083052520909,-1.55224225830252,-18.953904432852,-0.413110909773727,-15.3744887668933,0.278907000818655,-0.337618872315519
0.0560506059762959,-1.54806040016554,-18.9569002111622,-0.441344536603839,-15.4028605536876,0.217311125361886,-0.209842089128022
0.0560913146885324,-1.54387582513288,-18.9600270112673,-0.468617514108609,-15.4305552144174,0.155305303468551,-0.0767133422916207
0.0560440685780554,-1.53968413182292,-18.963220960708,-0.49484015491747,-15.4576408660015,0.0932781308742346,0.0584723763433491
0.0559254906883343,-1.53547784367261,-18.966413600371,-0.519923388538413,-15.4842383963694,0.0315554050532049,0.192265628654717
0.0557528564630773,-1.53124835404063,-18.969541317842,-0.543785287079555,-15.5104931401581,-0.0296297936486312,0.321293425267269
0.0555416673707384,-1.52698803426978,-18.9725540834569,-0.566356575352789,-15.5365440389072,-0.0901437504855458,0.442481633761489
0.0553038652107685,-1.52269193884258,-18.9754207573112,-0.587583447151004,-15.5625007904132,-0.149936633874953,0.553216461545557
0.0550470705140391,-1.51835876712714,-18.9781299543812,-0.607427359778731,-15.5884341626689,-0.20901415803927,0.651420581887354
0.0547747922206777,-1.51399105969189,-18.9806872220002,-0.625862660155954,-15.6143783520495,-0.267407505764861,0.735551931687587
0.0544872814321266,-1.50959483274208,-18.9831101823426,-0.642873328140371,-15.6403406420786,-0.325149155938467,0.804551826103843
0.0541826495859961,-1.50517892082758,-18.9854232524434,-0.658449884231434,-15.6663132939463,-0.382257252570665,0.857770823340215
0.0538579593820148,-1.50075424790184,-18.9876530219393,-0.672587000942775,-15.6922841539868,-0.43872749076109,0.894893117381596
0.0535101226250424,-1.49633315530653,-18.9898247836964,-0.685281896769632,-15.7182443163539,-0.49452991403003,0.915870975849691
0.0531365426114703,-1.49192883067319,-18.9919602924192,-0.696533317711459,-15.7441925338356,-0.549608000779666,0.920873817884764
0.0527355030207501,-1.48755482600453,-18.9940766018214,-0.706340812444446,-15.7701367790932,-0.60387813715349,0.910252454250451
0.0523063361008468,-1.48322462712747,-18.9961857526247,-0.714704036503983,-15.7960935986792,-0.657228479563407,0.884516934568737
0.0518494122066709,-1.47895123520134,-18.9982950885219,-0.721621927415194,-15.8220858937352,-0.70951703997893,0.844325355583373
0.0513659913614712,-1.47474673829606,-19.0004080155199,-0.727091737165833,-15.8481396693387,-0.760569498601455,0.790480217926439
0.0508579731271609,-1.47062188029829,-19.0025250603621,-0.731108059732602,-15.874280220018,-0.81017775553201,0.723928216486513
0.0503275780654396,-1.46658566682775,-19.0046451102238,-0.733662113482187,-15.9005282054168,-0.858100552711774,0.645758776430519
0.0497769943495337,-1.46264507570524,-19.006766723647,-0.734741585378219,-15.9268960903127,-0.904067513448148,0.557196603042771
0.0492080254975076,-1.45880494791561,-19.0088893989402,-0.734331283092678,-15.9533854436419,-0.947787585259601,0.459584465671856
0.0486217769371299,-1.4550681188683,-19.0110146848168,-0.732414666410878,-15.9799855280019,-0.988962070533388,0.354354741579568
0.0480184171193795,-1.45143580603604,-19.0131470298849,-0.728976089024877,-16.0066734240145,-1.02730134284225,0.242991604355068
0.047397040286799,-1.44790821173308,-19.0152943041986,-0.724003379215419,-16.0334156387963,-1.0625433469549,0.126989100273821
0.0467556438498826,-1.44448524630701,-19.0174679759397,-0.717490309298419,-16.0601708593203,-1.09447146748857,0.0078121491185072
0.0460912170180121,-1.44116724987588,-19.0196829788221,-0.709438581475136,-16.0868933206569,-1.12292952597545,-0.113133197324304
0.0453999234728893,-1.43795559646225,-19.0219573391999,-0.699859130338876,-16.1135362418282,-1.14783236138176,-0.234516889280336
0.0446773524259386,-1.43485309908636,-19.0243116425385,-0.688772719993319,-16.140054889265,-1.16917128629806,-0.355089857500628
0.0439188091559008,-1.43186418160957,-19.0267684137291,-0.676209928442656,-16.1664089851159,-1.18701438522465,-0.473680312810819
0.0431196163450972,-1.42899482816582,-19.0293514773452,-0.66221065757082,-16.1925643078077,-1.2015020452533,-0.589186107953063
0.0422753989586958,-1.42625235211148,-19.03208536322,-0.646823307473391,-16.2184934291291,-1.21283839430935,-0.700567486136189
0.0413823271824478,-1.42364504037559,-19.0349948311895,-0.630103734086016,-16.2441756138675,-1.2212795715167,-0.806843097628652
0.0404372952225669,-1.42118173055664,-19.038104597927,-0.612114093100278,-16.2695959705331,-1.22711996889613,-0.907090368261767
0.0394380194974304,-1.41887137089241,-19.0414393492836,-0.592921662093038,-16.2947439920963,-1.23067770592941,-1.00044976057787
0.0383830481992832,-1.41672260167541,-19.0450241072296,-0.572597721284795,-16.3196116562426,-1.23228055406194,-1.08613149365117
0.0372716844291395,-1.41474338405937,-19.0488849916511,-0.551216557656154,-16.3441912575289,-1.23225329759332,-1.16342294778981
0.0361038349853525,-1.41294069011239,-19.0530503808165,-0.528854634348853,-16.3684731232146,-1.2309071522665,-1.23169518530467
0.0348798040255938,-1.41132025730042,-19.0575524397887,-0.505589936358617,-16.3924433327312,-1.2285314547069,-1.29040757615531
0.0336000538953287,-1.40988640242782,-19.0624289592488,-0.481501472020112,-16.4160815257735,-1.22538747540005,-1.33911018590379
0.032264954430106,-1.40864188491327,-19.0677254272729,-0.456668887191131,-16.4393588535296,-1.2217039557363,-1.37744417614594
0.0308745377109851,-1.4075878066815,-19.0734972368684,-0.431172135319359,-16.4622361150915,-1.21767384300529,-1.40514089538094
0.0294282692476487,-1.40672353586094,-19.0798118984514,-0.40509114620223,-16.484662129583,-1.21345168051918,-1.42202055682329
0.0279248403753005,-1.40604664332043,-19.0867510611015,-0.378505447559587,-16.5065724307371,-1.20915117275056,-1.42799142707422
0.0263619813773493,-1.40555284434592,-19.0944120297714,-0.351493711046733,-16.5278884430549,-1.20484255729209,-1.42305031525553
0.0247362918292224,-1.40523594236431,-19.1029082768205,-0.324133218975818,-16.5485174099504,-1.20054955863223,-1.40728486915879
0.0230430850577674,-1.40508777736411,-19.1123681743747,-0.296499270581794,-16.5683535032263,-1.19624586841993,-1.38087774850486
0.0212762503358791,-1.40509818906975,-19.1229308304025,-0.268664569227682,-16.5872807377326,-1.19185130389536,-1.3441121135557
0.0194281536581298,-1.4052550146965,-19.1347375709425,-0.240698647750367,-16.6051785109778,-1.18722805876779,-1.2973769896191
0.0174896312140589,-1.40554415471385,-19.1479174716842,-0.212667394636434,-16.6219306857031,-1.18217779516715,-1.24116992228756
0.015450182454235,-1.40594975897017,-19.1625657951405,-0.184632742006181,-16.6374389300748,-1.17644072120942,-1.17609307208715
0.0132985330032607,-1.40645460914541,-19.1787158253192,-0.156652566331984,-16.6516402161361,-1.16969817330478,-1.10283802238969
0.0110237759970705,-1.40704079369404,-19.1963079340076,-0.128780846120089,-16.6645266466388,-1.16158036662121,-1.02215519691773
0.0086172409278566,-1.40769076507276,-19.21516447119,-0.101068122038117,-16.6761632206775,-1.15168054342429,-0.934807429447351
0.00607499975716564,-1.40838879798164,-19.2349830530661,-0.0735623057188196,-16.686696823716,-1.13957541258626,-0.841514705947303
0.00340050456671904,-1.40912270516534,-19.2553597781266,-0.046309857670799,-16.6963498465203,-1.12484965258079,-0.742906324742715
0.000606460996359958,-1.40988545680639,-19.2758443651404,-0.0193572830988494,-16.70539639633,-1.10712032616328,-0.63950156063262
-0.0022849730012285,-1.41067623205277,-19.2960137637652,0.00724720357469624,-16.7141270651006,-1.08605685185272,-0.531733655634931
-0.00524403052591179,-1.41150055223916,-19.315539491371,0.033452043061356,-16.7228146021483,-1.06139438096665,-0.420015003771484
-0.00823676755405844,-1.41236947977222,-19.3342262803978,0.0592008878234942,-16.7316923627485,-1.03294171600707,-0.304824070324712
-0.0112290800898972,-1.41329819214163,-19.3520141465194,0.084431454036605,-16.7409502294473,-1.00058685026742,-0.186788390075272
-0.0141903126883502,-1.41430434991733,-19.3689515920177,0.109074777644211,-16.7507443493778,-0.964302568575886,-0.0667444445414071
-0.0170958479386964,-1.41540656932418,-19.3851550509013,0.133055065007177,-16.7612126334912,-0.924152199481761,0.0542336357511206
-0.0199284724405581,-1.41662313411305,-19.4007683061591,0.156290406500796,-16.77248833668,-0.880293304795599,0.174836640681259
-0.0226785597320223,-1.41797096654535,-19.4159302810533,0.178694579627959,-16.784706976536,-0.83297603353258,0.293551111794591
-0.0253432240000846,-1.41946485134773,-19.4307545543628,0.200179958060695,-16.7980051300655,-0.782533341631128,0.408714374290398
-0.0279246766615829,-1.42111692849559,-19.4453206096495,0.220661203030791,-16.8125122638808,-0.729362032784165,0.518587736338203
-0.030428106536634,-1.42293648907835,-19.4596748936615,0.240059082144416,-16.8283384948468,-0.673896023258815,0.621438473421859
-0.0328594737268723,-1.42493009456277,-19.4738386718755,0.25830360995581,-16.8455619750862,-0.616575513686738,0.715618463707034
-0.035223599609233,-1.42710199506685,-19.4878192454506,0.275335832505772,-16.8642193546461,-0.557816963586952,0.799627634517778
-0.0375228279884075,-1.42945476984806,-19.5016213746351,0.291107940902151,-16.8843016012408,-0.497988410555926,0.872154498890814
-0.0397563623923204,-1.43199007865553,-19.5152566455849,0.305581828401319,-16.9057557941364,-0.437392996114459,0.932092378539803
-0.0419202200370444,-1.434709406227,-19.5287496716754,0.318726515361408,-16.9284919665343,-0.376261402052532,0.978535661887321
-0.0440076399337712,-1.43761469895696,-19.5421410283292,0.330514984761388,-16.9523931201954,-0.314752096391993,1.01076378174294
-0.0460097538759772,-1.44070881617037,-19.5554874132024,0.340920923798663,-16.9773262839437,-0.252957331319459,1.0282212761938
-0.0479163568184424,-1.44399573639798,-19.5688596797073,0.349915758477483,-17.0031527692683,-0.19091268846951,1.03050135126704
-0.0497166666380465,-1.44748046668396,-19.5823392435479,0.35746628477212,-17.0297363116437,-0.128608354170747,1.01733893582304
-0.0514000176931929,-1.45116860819589,-19.5960131090647,0.363533190451211,-17.056948373477,-0.0660008555297689,0.98861788882335
-0.0529564699109988,-1.4550655489922,-19.6099675868333,0.368070803392281,-17.0846704209708,-0.00302446123749008,0.944395539503914
-0.0543773228256158,-1.45917530053288,-19.6242808211745,0.371028417073218,-17.1127934381902,0.0603982038240344,0.884945380557186
-0.0556554944658631,-1.4634990687292,-19.6390145802919,0.372353429235861,-17.1412152407042,0.124346342055948,0.810815017485251
-0.0567856699054488,-1.46803373824043,-19.6542063568714,0.371996244532043,-17.1698362658189,0.188891248648395,0.722891810629816
-0.057764082474463,-1.47277052682709,-19.6698635266056,0.369916491507087,-17.1985545217522,0.254085065391622,0.622464138766743
-0.0585878211995508,-1.47769413807776,-19.685961888506,0.366089686565,-17.2272605981033,0.319946377160499,0.511262358081863
-0.0592536899224001,-1.48278278955313,-19.7024509427173,0.360513078425852,-17.255834166008,0.386442639058655,0.391460763342294
-0.0597568426628371,-1.48800944614335,-19.7192672171131,0.353209114964049,-17.2841437933825,0.453472560986538,0.265622750623749
-0.0600895863708308,-1.49334433656528,-19.7363545841078,0.344225091592083,-17.312051357342,0.520854437891297,0.13658085943886
-0.0602407595187561,-1.49875837812922,-19.7536875350269,0.333628417948687,-17.3394205384923,0.58832663331885,0.0072629101250959
-0.060195913433861,-1.50422669967559,-19.7712915250877,0.321498465368397,-17.3661266680735,0.655562927903906,-0.119503217379306
-0.0599382249004856,-1.50973134499245,-19.7892552639327,0.307917336921247,-17.3920641315444,0.722199829651396,-0.241164880158209
-0.0594498224389084,-1.51526257096808,-19.8077329523039,0.292962240939553,-17.4171484931772,0.78786855299533,-0.355569559066916
-0.0587131349906563,-1.52081872177539,-19.826938030835,0.276701271545758,-17.4413128453079,0.852223627104844,-0.461031128202543
-0.0577119597729667,-1.52640512818979,-19.8471320743089,0.2591929599745,-17.4645000668254,0.914962635027656,-0.556348136775101
-0.0564321032318567,-1.53203266172676,-19.8686124554892,0.240488772394942,-17.4866536836477,0.975835284614579,-0.640791927036389
-0.054861592653957,-1.53771649535762,-19.8917009451502,0.220637174532024,-17.50770991651,1.03464300185034,-0.714079994467923
-0.052990554523407,-1.54347540980792,-19.9167333865133,0.199687906840884,-17.52759289648,1.09123177413461,-0.77634409218019
-0.0508109117019849,-1.54933175336195,-19.9440485773319,0.177695442257396,-17.5462145319597,1.14548134259873,-0.828097674891436
-0.0483160794423079,-1.55531196071284,-19.9739727475254,0.154721003392068,-17.5634803530626,1.19729353198428,-0.870204318753336
-0.0455008517654439,-1.56144735930555,-20.0067947404958,0.130832863807457,-17.5793027378377,1.24658195464075,-0.90384674144757
-0.0423616649907012,-1.5677748109067,-20.0427267551886,0.106104919736202,-17.5936228112085,1.2932648009313,-0.9304936202875
-0.0388973855943029,-1.57433653272624,-20.0818475423954,0.0806137708847692,-17.6064412091331,1.3372620005711,-0.951857858947289
-0.0351106466622965,-1.58117827917778,-20.1240312500803,0.0544348803353138,-17.6178548156144,1.37849767704158,-0.969836017830643
-0.0310095020321502,-1.58834513265978,-20.1688769484565,0.0276388603656728,-17.6280909681699,1.41690821869293,-0.986417046928747
-0.026608804783806,-1.59587475787868,-20.2156684370002,0.000289382560765871,-17.6375241112435,1.45245510755148,-1.00355403430685
-0.0219304597979315,-1.60378926736948,-20.2634007351892,-0.0275558203187761,-17.6466577425112,1.48513978044375,-1.02300906669883
-0.0170019112860994,-1.6120883324636,-20.3108939669293,-0.0558403951000581,-17.6560635908291,1.51501602130312,-1.04620424286644
-0.0118530513738874,-1.62074661056123,-20.3569744599428,-0.0845025746207316,-17.6662905991411,1.54219530787327,-1.0741253741544
-0.00651268755491078,-1.62971699073303,-20.4006611769842,-0.113468872587398,-17.677775656732,1.56684317093221,-1.10731186181037
-0.001005958421092,-1.63893835040056,-20.4412891052567,-0.142650764731517,-17.6907889547065,1.58916863608854,-1.14592948130205
0.00464659125281395,-1.64834460138494,-20.4785377000424,-0.171945150392586,-17.705427231542,1.60941131660426,-1.18988844628629
0.0104285117991315,-1.65787204584564,-20.5123804541187,-0.201237618053176,-17.7216446077921,1.6278302202315,-1.23896075059742
0.0163262470236474,-1.66746371640052,-20.542996655014,-0.23040684562749,-17.7392996586081,1.64469601636688,-1.29286700838284
0.0223278692429282,-1.6770709332695,-20.5706824916809,-0.259328815237676,-17.7582005559099,1.66028643358993,-1.35132560816225
0.0284220757644264,-1.68665301817038,-20.5957814766264,-0.287880229356426,-17.7781392005037,1.67488358364044,-1.41407177757364
0.0345975116388813,-1.69617609676311,-20.6186387581506,-0.315941050275633,-17.7989128803082,1.68877209318348,-1.48085865324767
0.0408423609904073,-1.70561162315523,-20.6395756592597,-0.343396323941376,-17.8203358246335,1.7022373795386,-1.55145071847769
0.0471441249955735,-1.71493496114789,-20.6588783934619,-0.370137484171067,-17.8422439533358,1.71556383553789,-1.62561630377937
0.0534895210487573,-1.72412415612708,-20.6767954905116,-0.396063280296624,-17.8644956498076,1.72903295590671,-1.70312252229255
0.0598644617318843,-1.73315892719024,-20.6935399564481,-0.42108041215299,-17.8869705473702,1.74292155350498,-1.78373371239079
0.0662540887367927,-1.74201986468351,-20.7092936101276,-0.445103912081989,-17.9095675622385,1.75750022248702,-1.86721307638087
0.0726428458161884,-1.7506878061856,-20.7242120961944,-0.468057295506405,-17.9322028615604,1.77303215742411,-1.95332648285885
0.0790145772957065,-1.75914336295241,-20.7384297732027,-0.489872497097741,-17.9548081008234,1.78977236477815,-2.04184708629352
0.0853526401574651,-1.76736657229148,-20.7520641117727,-0.510489617707431,-17.9773290568663,1.80796723558573,-2.13255937950116
0.0916400176623107,-1.7753366511744,-20.7652194931552,-0.52985650803028,-17.9997246615563,1.82785439414318,-2.22526139181684
0.0978594260572572,-1.78303182715338,-20.7779904473467,-0.547928216039246,-18.0219663848785,1.84966271329362,-2.31976396139224
0.103993410357245,-1.79042922108078,-20.7904644460059,-0.564666312531997,-18.044037890491,1.87361238623676,-2.41588625503747
0.110024431710899,-1.79750475615057,-20.8027243980813,-0.580038089897302,-18.0659348828861,1.89991496821632,-2.51344696894419
0.115934954771536,-1.80423306883981,-20.8148509969258,-0.594015602638374,-18.087665067742,1.92877333816419,-2.61225086612822
0.121707548389495,-1.81058740177273,-20.8269250483474,-0.606574493942001,-18.1092481528622,1.96038157829036,-2.71207048741148
0.127325013215049,-1.8165394644309,-20.8390298714383,-0.617692533342034,-18.1307158141386,1.99492481585475,-2.81262297296925
0.132770544055204,-1.82205925545155,-20.8512538118587,-0.627347787161872,-18.1521115354368,2.03257910705292,-2.91354195881846
0.138027920406707,-1.82711484870969,-20.8636928378699,-0.63551636481519,-18.1734901929298,2.07351144216447,-3.01434447111775
0.143081695475398,-1.83167215609287,-20.876453099985,-0.64216974641504,-18.1949171866519,2.11787987819431,-3.11439270244066
0.147917320177678,-1.83569469309755,-20.8896532076324,-0.647271816544879,-18.216466795647,2.1658335641806,-3.21285058641324
0.152521104743005,-1.83914340262297,-20.9034258055282,-0.650775945387052,-18.238219243544,2.21751195218793,-3.30863557316995
0.156879903522476,-1.84197665275325,-20.9179178201283,-0.652622804194307,-18.260255708386,2.27304178033375,-3.40036763098185
0.16098044970113,-1.84415063313362,-20.9332885949908,-0.652740073290352,-18.2826503240926,2.33252989228862,-3.48632162932804
0.164808408605108,-1.84562049333819,-20.9497053271448,-0.651045601154456,-18.3054584099628,2.39605070567193,-3.56439705642843
0.168347443980368,-1.8463425295073,-20.9673361857193,-0.647455362939354,-18.3287010833088,2.46363043053081,-3.63212855337816
0.171578730705361,-1.84627728529187,-20.9863432515701,-0.641896100184238,-18.3523477761438,2.5352349291664,-3.68676324830315
0.174481161233558,-1.84539265192568,-21.006878705476,-0.634320097160684,-18.3762985774165,2.61076869548691,-3.72541564347243
0.177032081129961,-1.84366564506501,-21.0290868330621,-0.624717962067454,-18.4003670763275,2.69008413111389,-3.74528362780559
0.17920822774235,-1.8410821578954,-21.0531117491895,-0.613125884186905,-18.424263807691,2.77298883687213,-3.74389486548755
0.18098679907565,-1.8376352220936,-21.0791084582353,-0.599625608155983,-18.4475833829669,2.85923498884344,-3.71936407945535
0.182346846405473,-1.83332317626521,-21.1072540478167,-0.584336640561837,-18.4698041566423,2.94848178905301,-3.67066280100168
0.183271099534537,-1.82814924952903,-21.1377558140457,-0.567401104251601,-18.4903135933809,3.0402348879439,-3.59791203585996
0.183747927816686,-1.82212350803774,-21.1708536604901,-0.548963479249524,-18.5084701919635,3.13378291140124,-3.50269283485322
0.18377264378233,-1.81526689051154,-21.2068158969939,-0.529150911739834,-18.5236992831828,3.22816796194095,-3.38832240176974
0.183347135434271,-1.80761525738895,-21.2459311508772,-0.508063410288121,-18.5355961158088,3.32223299899408,-3.25997024057415
0.18247735691469,-1.79921996971938,-21.2885029805871,-0.485782945587798,-18.543989467262,3.41476498580385,-3.1244436277232
0.181169633788324,-1.79014242039688,-21.334853918355,-0.462402255141781,-18.5489268199432,3.50469430375222,-2.98955060056225
0.179428042086596,-1.78044379404955,-21.3853394935693,-0.43806115775545,-18.550585266761,3.59125834332388,-2.86316645784065
0.177254757452543,-1.77017514745974,-21.4403643368862,-0.412971850249802,-18.549157840151,3.67404900897315,-2.75231360163802
0.174653257167654,-1.75937274183297,-21.5003893258396,-0.387421865114591,-18.5447706646118,3.75293784323451,-2.66252981736214
0.171632500690556,-1.74805979935556,-21.5659225320812,-0.361756734547718,-18.537453743929,3.82793761220245,-2.59760457287989
0.168210094098547,-1.73625240026065,-21.6374924659023,-0.336352352100291,-18.5271543860371,3.89906744250813,-2.55960341878611
0.164413453885255,-1.72396640880044,-21.7156057165358,-0.31158664598772,-18.5137707523561,3.96625833977221,-2.54905965152976
0.160278932177947,-1.71122338715633,-21.8006927332203,-0.287815870419034,-18.4971890278748,4.02930535515554,-2.56524207346233
0.155849205056107,-1.69805478272448,-21.8930472063418,-0.26535699802031,-18.4773173059928,4.08785801160004,-2.60644673827108
0.151169173835442,-1.68450436682287,-21.9927674314841,-0.244475881534435,-18.4541144844907,4.14143802735916,-2.6702844195965
0.146280642333407,-1.67062894301333,-22.0997113681143,-0.225380589412049,-18.4276126589602,4.18947505489585,-2.75394370426462
0.141216363935806,-1.65649714051134,-22.2134781806137,-0.208219677633684,-18.3979297003256,4.23135314926283,-2.85440983284242
0.135994564411476,-1.64218608828911,-22.3334250275476,-0.193085445263967,-18.3652682940326,4.26646261185817,-2.96862069283693
0.130615327494866,-1.62777612004169,-22.4587183529077,-0.180022092100535,-18.3299003445302,4.29425384726324,-3.09354888943963
0.12505993410062,-1.61334421895296,-22.5884077398401,-0.169038078120514,-18.2921402731377,4.31429103399519,-3.22621136184292
0.119293436267637,-1.59895730669469,-22.7215033476025,-0.160121092461286,-18.2523146235371,4.32630256230753,-3.36362102889088
0.113269877590333,-1.5846664710233,-22.8570386136425,-0.153253260530005,-18.2107363286485,4.33022244762953,-3.50270571117377
0.106939108225378,-1.5705029301715,-22.9941069785354,-0.148423913536981,-18.1676898329127,4.32621403107867,-3.64022719158202
0.100254176151027,-1.55647626214745,-23.1318706900224,-0.145637617610338,-18.1234294064812,4.31466680256041,-3.77273489241968
0.0931785197072304,-1.54257533894514,-23.269547367997,-0.144916262660695,-18.0781890777112,4.29616115026527,-3.89657877261047
0.0856922925079675,-1.52877230648302,-23.4063842455317,-0.146295611501616,-18.0321997012966,4.27140405625943,-4.00798320112717
0.0777970552367076,-1.51502955329126,-23.5416308813038,-0.14981814818967,-17.9857072388228,4.24114766838254,-4.10315711816653
0.0695179994604155,-1.50130891043087,-23.674519807972,-0.15552455632585,-17.9389863099711,4.20610696262838,-4.17840257351561
0.0609030726409659,-1.48758168717031,-23.804262309038,-0.163445526537307,-17.8923441216928,4.16688953396373,-4.23019342084945
0.0520188526028454,-1.47383792238083,-23.9300641081544,-0.173594523800855,-17.846111617458,4.12394216737507,-4.25522206671198
0.0429435858905037,-1.46009343814555,-24.0511630061467,-0.185961520175873,-17.8006211374262,4.0775104089127,-4.25043912900769
0.0337582917146215,-1.44639367161367,-24.1668865653591,-0.200507754368628,-17.7561735632002,4.02760292476223,-4.21312745694273
0.024537203387091,-1.43281357793201,-24.2767223079616,-0.217161793562975,-17.7130034314895,3.97395366027554,-4.14105619993609
0.0153391577482359,-1.4194530231097,-24.3803860685936,-0.235816804117013,-17.6712577706758,3.91598287531045,-4.03275532101422
0.00620201029435627,-1.40642708689809,-24.4778676637756,-0.256327736954394,-17.6310115672291,3.85277556561542,-3.88793923941496
-0.00285722165875918,-1.39385098076926,-24.5694290156177,-0.278505841206277,-17.5923443472834,3.78312427072623,-3.70809260430254
-0.0118336793109006,-1.38182071400349,-24.6555318224528,-0.302108271927606,-17.5554873302079,3.70571346276435,-3.49720741727154
-0.0207169878262283,-1.37039406016738,-24.7366879818025,-0.326824671153061,-17.5210041344502,3.61951634735234,-3.26258655511288
-0.0294710074814047,-1.35958114623459,-24.8132692104385,-0.352271574636031,-17.4898880992235,3.52436158081597,-3.01538747916117
-0.0380259978831623,-1.34935546032751,-24.8853775543296,-0.378014384634336,-17.4634043465622,3.42138424786817,-2.77016193190238
-0.0462955927388265,-1.33968580124973,-24.952891615385,-0.403625990168287,-17.4426246054256,3.31292551696846,-2.54271833087729
-0.0542089242117717,-1.33056951681437,-25.0156723135264,-0.428750024811919,-17.4279269776981,3.20178890180866,-2.34703139607218
-0.0617312126997177,-1.3220429364992,-25.0737539179635,-0.45311664745185,-17.4188608621866,3.09037944422437,-2.19316064451087
-0.0688606187260818,-1.31416750766527,-25.1273893843478,-0.476504070011883,-17.4144311568973,2.98028771843185,-2.08703248606487
-0.0756117354251281,-1.30700863969327,-25.1769787794456,-0.498685709986897,-17.4135114956753,2.8723596804247,-2.03122460962153
-0.0819990737554484,-1.30062097496544,-25.2229678099866,-0.519397439367833,-17.4151346178269,2.76697642472697,-2.02574569179034
-0.0880255813249705,-1.29504389637829,-25.2657645314535,-0.538333999528096,-17.4186027431564,2.66431593679684,-2.06845403210624
-0.093675779141297,-1.29030592854313,-25.3056821829263,-0.55517042275238,-17.4234669916479,2.56451403874293,-2.15516424738994
-0.0989128346063594,-1.28643497962694,-25.3429074950145,-0.569601598595964,-17.4294376088447,2.46773884431408,-2.27962192579037
-0.103680714223054,-1.2834696456015,-25.377502536234,-0.58138951220779,-17.4362760772438,2.37423038748491,-2.43359265213529
-0.10791290622441,-1.28146495305424,-25.4094500907004,-0.59039953234728,-17.4437166594288,2.28434497453035,-2.60733437930296
-0.111546127632699,-1.28048729005671,-25.4387330398857,-0.596603959520464,-17.4514528189128,2.19859838859988,-2.79057131193375
-0.114533170292323,-1.28059997789162,-25.465410251115,-0.600046036322753,-17.4591844365899,2.11766579316368,-2.9737392470898
-0.116848794293143,-1.28184799652844,-25.4896488343246,-0.600784248657188,-17.4666792698458,2.04231141341458,-3.14901736840259
-0.11848745983091,-1.28425008554424,-25.5117039741787,-0.598848408240536,-17.4738016307726,1.97327260210146,-3.31079720475907
-0.119456601933854,-1.28779964344257,-25.5318701595248,-0.594225169936493,-17.4804991309133,1.91115287371783,-3.45560672492458
-0.119770019341156,-1.29247049489994,-25.5504342823142,-0.586869426834178,-17.4867692860181,1.85636227725261,-3.58173269513504
-0.119443728770888,-1.29822351003475,-25.5676476690312,-0.576727156236342,-17.4926296282682,1.8091102360336,-3.6887664537639
-0.118494232365246,-1.30501220669093,-25.5837179528727,-0.563756632187875,-17.4981011166491,1.76943856715173,-3.77717941745573
-0.116938247534055,-1.31278662556745,-25.598813434744,-0.547942369565139,-17.5032031923949,1.73727801236354,-3.8479560533733
-0.114793122021539,-1.3214953494008,-25.6130728583905,-0.529302274279755,-17.5079553165524,1.71250982853766,-3.90229475576178
-0.112077423837719,-1.3310861486071,-25.626616526891,-0.507890364902817,-17.5123807819344,1.69501856515193,-3.94138120742151
-0.108811391252133,-1.34150591403301,-25.6395568717473,-0.483797167877843,-17.5165103339938,1.68473093915642,-3.96622737991568
-0.105017116875992,-1.35270035858798,-25.6520079242528,-0.457149219740636,-17.5203844275167,1.68164168491037,-3.97756290898759
-0.100718479345807,-1.36461374454414,-25.6640938741815,-0.42810851951989,-17.524053623402,1.68582915803693,-3.97576673193352
-0.0959409012082317,-1.37718875276786,-25.6759571361625,-0.396872322247181,-17.5275768422971,1.69746296018686,-3.96083248900928
-0.0907110203537782,-1.39036654439219,-25.6877661667579,-0.363673328382342,-17.5310171534386,1.71680432661763,-3.93236860421027
-0.0850563402257127,-1.4040870336312,-25.6997227314431,-0.3287800260317,-17.5344346962507,1.74419815502695,-3.88964177635297
-0.079004889235138,-1.41828935276954,-25.7120674007159,-0.292496569405644,-17.5378764335742,1.78005375274471,-3.8316796611568
-0.0725848903733044,-1.43291240248407,-25.725080774742,-0.255161033362292,-17.5413630199262,1.82481022530474,-3.75745282879101
-0.0658244467513138,-1.44789519597669,-25.7390764722562,-0.217140187039392,-17.5448745540945,1.87888299886831,-3.66615432613874
-0.0587513266043572,-1.46317641022173,-25.7543806046712,-0.178818377063116,-17.5483398441348,1.94259175074958,-3.55758332030243
-0.0513930834187907,-1.47869227970216,-25.7712913827815,-0.140578448567784,-17.5516382235158,2.01607798345298,-3.43261436891536
-0.0437778145887124,-1.49437213999175,-25.790011303859,-0.102774984189228,-17.5546276630719,2.09923090364437,-3.29369484947487
-0.0359354172217961,-1.51013230921134,-25.810545805192,-0.0657051996672613,-17.5572123172617,2.1916464216723,-3.14525968810264
-0.027897937832029,-1.52587190435084,-25.8325826458286,-0.0295890492483895,-17.5594436944869,2.29263622335643,-2.99389299133834
-0.0196967791397441,-1.5414764875734,-25.8554265457051,0.00542790104611979,-17.5616040545931,2.40128206167859,-2.84804624241294
-0.0113569767793241,-1.55683222463507,-25.8781092471362,0.0392437680431039,-17.5641890399657,2.51651505456988,-2.7172204419245
-0.00289308077572834,-1.57184424821194,-25.8996864115114,0.0717540455395559,-17.5677702181316,2.63720172720597,-2.61074229994989
0.0056897461055354,-1.5864480748132,-25.9195358820731,0.102814344338435,-17.5728377811605,2.76221516803086,-2.53648615628396
0.014391131502209,-1.60060842187612,-25.9374713561368,0.132230870891047,-17.5797347304332,2.89046285330032,-2.49993149328497
0.0232106054293347,-1.61430826388293,-25.9536632255418,0.159777366665447,-17.5886897833903,3.02085821036572,-2.50373099201983
0.0321431579389666,-1.62753457704588,-25.9684658361993,0.185222275806072,-17.5998788901111,3.15224874892283,-2.54768166362801
0.0411743687903442,-1.64026600954705,-25.9822380594189,0.208350209937845,-17.6134496883781,3.28333284033105,-2.62888234886612
0.05027500358488,-1.65246548232019,-25.9952040965487,0.228971432379821,-17.6294890547923,3.41261408579551,-2.74196610640005
0.0593971050733258,-1.66407959708539,-26.0073834160676,0.246922579730369,-17.6479590977537,3.53844972025066,-2.87950210184908
0.0684749851929959,-1.67504546543719,-26.0186085339647,0.262065910494258,-17.6686498595199,3.65921994112759,-3.03277255991116
0.077432648648028,-1.68530232235363,-26.0286184641119,0.274291960063164,-17.6911859659955,3.77356848114003,-3.19294625513771
0.0861945805184582,-1.69480197377672,-26.0371734627309,0.283525087913939,-17.7150866848229,3.88059882553544,-3.35229069460903
0.0946943843933623,-1.70351312074546,-26.0441295909901,0.289728878673248,-17.7398467487689,3.97993476237609,-3.50494484388738
0.102878264124493,-1.71141951301203,-26.0494513718585,0.292909890468785,-17.7650040677499,4.07164780524422,-3.64708304390133
0.110704369207303,-1.71851549567958,-26.0531826386121,0.293119886515367,-17.7901798607804,4.15611952720175,-3.77665465740753
0.118140656565219,-1.72480232232435,-26.0554061808343,0.290456336327187,-17.8150937643909,4.23390547226584,-3.89297110420003
0.125163182807647,-1.73028649467242,-26.056211124532,0.285059977456347,-17.8395628025581,4.30563428095872,-3.99631082597985
0.13175537103075,-1.73497960961109,-26.055673188816,0.277108105568697,-17.86349231875,4.37194702891595,-4.08759967701243
0.137907790995174,-1.73889846502495,-26.0538455011123,0.266803418968531,-17.8868637035747,4.43346699422965,-4.16816573935931
0.143617628823319,-1.74206437951312,-26.050755947853,0.254360247472131,-17.9097207688746,4.49078628608857,-4.23955272506474
0.148887308719521,-1.74450144951073,-26.0464082276702,0.23999153014927,-17.9321552692534,4.54445898837467,-4.30338041001334
0.153722362012174,-1.74623423247092,-26.0407855269528,0.223899596182451,-17.9542922204081,4.59499654035681,-4.36124687544236
0.158129090748743,-1.7472856061237,-26.0338569119404,0.206271808079023,-17.9762760092309,4.64286560324072,-4.41466843027939
0.162112565596891,-1.7476753003381,-26.0255870909118,0.187280107800871,-17.9982578272896,4.6884896032403,-4.46505027390823
0.165675225743036,-1.74741921879202,-26.0159504799727,0.167082683955777,-18.0203839734574,4.73225394165918,-4.51367900055451
0.168816120519979,-1.74652946359963,-26.0049505258849,0.145826240767226,-18.0427838656973,4.77451365011883,-4.56172905964487
0.171530772957313,-1.74501497304914,-25.9926445616296,0.123647994652906,-18.0655566944893,4.81560187690701,-4.6102781898514
0.17381169997514,-1.7428827601721,-25.9791724410706,0.100677097262097,-18.0887567119043,4.85583775555819,-4.66032963559109
0.175649680304391,-1.74013976971355,-25.9647834173711,0.0770355637731111,-18.112379194294,4.89553258358321,-4.7128401842724
0.177035802609344,-1.73679526078873,-25.9498509819444,0.0528389847939058,-18.1363517001043,4.93499376226909,-4.76875192245877
0.177964072626661,-1.73286335260106,-25.9348627224987,0.0281973132840267,-18.1605368964114,4.97452673355945,-4.82902217931985
0.178433958554683,-1.72836506394369,-25.9203764862411,0.00321581876026288,-18.1847515727188,5.01443616314761,-4.89464216011504
0.178451970355348,-1.72332910251099,-25.9069475011108,-0.0220040595635136,-18.208800215543,5.05502840848831,-4.96663379520578
0.178031548829513,-1.71779104043916,-25.8950476232834,-0.0473644881609619,-18.2325133202743,5.09661708449688,-5.04601905132781
0.1771912454122,-1.71179121125014,-25.885004780112,-0.0727720637339233,-18.2557766452308,5.13953203538103,-5.13376471881933
0.175951964242824,-1.70537219414401,-25.8769807103576,-0.0981396230889076,-18.2785417394308,5.18412997743464,-5.23071256501129
0.174334350660988,-1.69857673557388,-25.8709857474111,-0.123388428597586,-18.3008171223558,5.23080364537583,-5.33750516007858
0.172357123007705,-1.69144649512286,-25.8669151847527,-0.148449822831129,-18.322646543567,5.27998582482669,-5.45451272427613
0.170036605939146,-1.68402148606789,-25.8645897131317,-0.173265453628273,-18.344082243875,5.3321446381784,-5.58176057986658
0.167387311816922,-1.6763397916478,-25.863788767305,-0.197785364123909,-18.3651587711286,5.38776630557887,-5.71885363187216
0.164423247010352,-1.66843711117247,-25.8642733493319,-0.221963555192977,-18.3858701546683,5.44732154482084,-5.86489485255511
0.161159596583803,-1.66034584301374,-25.865800022415,-0.245751144744298,-18.4061522132352,5.51121297095636,-6.01839981929523
0.157614425514833,-1.65209367893995,-25.8681298619013,-0.269088111813608,-18.425872615125,5.57970508911942,-6.17722076180869
0.153809953448003,-1.64370203241667,-25.8710361954237,-0.291895815655922,-18.4448328553546,5.65284712863713,-6.33851180380585
0.149772862440658,-1.63518497161512,-25.8743137279339,-0.314073549643167,-18.4627865216078,5.73041063977702,-6.49878469502636
0.145533179900997,-1.62654946938089,-25.8777893530918,-0.33550221562954,-18.4794748297998,5.81187125715925,-6.65410067112348
0.141121752848854,-1.61779744876898,-25.8813320834075,-0.35605573235264,-18.4946729878664,5.89645599342726,-6.80039762758883
0.136567083073038,-1.60892928294524,-25.8848577397873,-0.37561671816999,-18.5082334064839,5.9832502325581,-6.93387542161941
0.131892758950481,-1.59994761180629,-25.8883252444918,-0.394090326432937,-18.5201108111626,6.07132827349844,-7.05131639509439
0.127116414870972,-1.59086021808585,-25.8917251643973,-0.411411374834822,-18.5303622708183,6.1598625250335,-7.15025216222384
0.122250311106819,-1.58168132282851,-25.8950645281216,-0.427543915030541,-18.5391262389572,6.24818469602281,-7.22897246404624
0.117302942025992,-1.57243143015001,-25.8983525370348,-0.442475696812221,-18.5465912177058,6.33579891909175,-7.2864354324541
0.112280917774927,-1.56313625295474,-25.9015901081208,-0.45621076097585,-18.5529644967424,6.42236272906031,-7.32214823686824
0.107190581554744,-1.55382523469234,-25.9047641149157,-0.468762366103762,-18.5584475559656,6.50765385108919,-7.33606296000437
0.102039125758092,-1.54452997041422,-25.9078459149036,-0.480147079411924,-18.5632205908176,6.591535425515,-7.32850516987603
0.0968351855668868,-1.53528262386101,-25.910793355879,-0.490379972651141,-18.5674358097376,6.67392592289567,-7.30013578379537
0.0915889881586651,-1.52611432039733,-25.9135555326399,-0.499470602799699,-18.5712177254756,6.75477532204097,-7.25193970589571
0.0863121539042411,-1.51705348186025,-25.9160796991791,-0.507419653249288,-18.5746680886027,6.83404650174929,-7.18523211676507
0.0810172303650111,-1.5081241494107,-25.9183196550975,-0.514216524776566,-18.5778728955693,6.91169985854821,-7.10167117643086
0.0757170253008136,-1.49934447950961,-25.9202445195459,-0.519838559617743,-18.5809088594224,6.98767962239861,-7.00326287099324
0.0704238170332157,-1.49072574240416,-25.9218461966969,-0.524252701026919,-18.5838470228191,7.06190183139447,-6.8923411069915
0.0651485583212643,-1.48227220603239,-25.9231434046106,-0.527420032255793,-18.5867521610607,7.13424584359041,-6.77150737322227
0.0599002275404606,-1.47398215931001,-25.9241804270078,-0.529302784215845,-18.5896783618086,7.20455249827119,-6.64352291066334
0.0546854767816164,-1.46585000400284,-25.925020078378,-0.529872370536204,-18.5926631049394,7.27263144180664,-6.51116220812098
0.0495086573638811,-1.4578689541656,-25.9257323750618,-0.529116388748441,-18.5957231599833,7.33827749522248,-6.3770531533006
0.0443721953699259,-1.45003365185242,-25.9263820144313,-0.527042773801969,-18.598854839253,7.40129257920608,-6.24353635266486
0.0392771982242775,-1.44234207786099,-25.9270179954952,-0.523680318629936,-18.602038989017,7.46150775564257,-6.11256887208291
0.0342241396845351,-1.43479644807105,-25.9276675144501,-0.519075990901183,-18.6052489862145,7.51880050749705,-5.98568087224676
0.0292134917315887,-1.42740314062477,-25.9283345022548,-0.513290265330341,-18.6084591395344,7.57310476614052,-5.86397771733761
0.0242462181798199,-1.42017192964469,-25.9290018073737,-0.506391845421054,-18.611651383739,7.62441376608316,-5.74817225761227
0.0193240927941195,-1.41311486775345,-25.9296354764985,-0.498452845492678,-18.6148192894455,7.6727773691907,-5.63863232090264
0.0144498420073464,-1.40624510951484,-25.9301897003441,-0.489545038305206,-18.6179694378806,7.7182959137648,-5.53543292170579
0.00962713816910949,-1.39957587140533,-25.9306114188029,-0.479737356602812,-18.6211207906796,7.76111235179127,-5.43840742258249
0.00486048435322176,-1.39311962865884,-25.9308440421565,-0.469094554340838,-18.6243028424672,7.80140393247865,-5.34719504575824
0.000155035282447533,-1.38688757424285,-25.9308301095101,-0.45767678534891,-18.6275532463297,7.83937425312362,-5.26128365171449
-0.00448360523437844,-1.38088931799221,-25.9305129410117,-0.445539816425629,-18.6309154032453,7.87524617175355,-5.18004728817575
-0.00904958055307718,-1.37513277894223,-25.9298374636196,-0.432735616669125,-18.6344363031197,7.90925584966086,-5.10277825081134
-0.0135369530143439,-1.36962421762334,-25.9287504320128,-0.419313124612006,-18.638164739928,7.94164801446915,-5.02871363999675
-0.0179398445110758,-1.36436835904845,-25.9272002570469,-0.405319060578344,-18.6421499095139,7.97267240028351,-4.95705668324519
-0.0222525471057959,-1.35936856725418,-25.925136619869,-0.390798710900175,-18.6464403296797,8.00258121612365,-4.88699339191584
-0.0264696102786438,-1.35462704341485,-25.9225100019011,-0.375796653850382,-18.6510829920042,8.03162742484237,-4.81770535569869
-0.0305859132529027,-1.35014503059242,-25.9192712203311,-0.360357426280239,-18.6561226450071,8.06006356509602,-4.74837964087516
-0.0345967314057584,-1.34592301602546,-25.9153710141241,-0.344526143778396,-18.661601118667,8.08814083160166,-4.67821681208928
-0.0384978033086477,-1.34196092908388,-25.9107596909294,-0.328349092578124,-18.6675566186036,8.11610811380263,-4.60643810973542
-0.0422854018399848,-1.33825833714947,-25.9053868112216,-0.311874306943383,-18.6740229451631,8.14421069590439,-4.53229275580147
-0.045956407825196,-1.3348146444696,-25.8992008546879,-0.295152134382719,-18.6810286269469,8.17268833231939,-4.4550662605076
-0.0495083775029535,-1.33162930055862,-25.8921487868903,-0.278235774659305,-18.6885959996037,8.20177243697308,-4.37409045635449
-0.0529395863346429,-1.32870202420161,-25.8841754267082,-0.261181754758251,-18.6967403094685,8.23168217709014,-4.28875577282522
-0.0562490211928359,-1.32603304670151,-25.8752225184813,-0.244050273523502,-18.7054689743116,8.26261935221813,-4.19852598407651
-0.0594362819300944,-1.32362337336091,-25.8652274546139,-0.226905320825017,-18.7147811819426,8.29476207894446,-4.10295533122919
-0.0625013449094117,-1.32147505455852,-25.8541216939594,-0.209814450685327,-18.7246680394491,8.328257504206,-4.00170757256483
-0.0654441388400059,-1.31959144783023,-25.8418290978187,-0.192848078280483,-18.7351134804063,8.36321402931568,-3.89457623896745
-0.0682638932227455,-1.31797744030015,-25.8282646623349,-0.176078185305212,-18.7460960714142,8.3996938323502,-3.7815052317102
-0.0709582471012069,-1.31663958823662,-25.8133344410093,-0.159576368826211,-18.7575917064883,8.43770678677539,-3.66260893533272
-0.0735221555171089,-1.3155861186264,-25.7969377496526,-0.143411256072843,-18.7695769244491,8.47720712900663,-3.5381911236977
-0.0759467035396957,-1.31482672882331,-25.7789728854845,-0.127645425740895,-18.7820322460899,8.51809432582093,-3.40876187804685
-0.0782180257189362,-1.31437211893733,-25.7593473564784,-0.11233211031165,-18.79494458138,8.56021939410417,-3.27505121978441
-0.080316612402836,-1.31423320631124,-25.7379927663339,-0.0975120802921904,-18.8083075674195,8.60339728445833,-3.13801702308284
-0.0822173267710944,-1.31442001542038,-25.7148829253709,-0.0832112023517405,-18.8221188937887,8.64742478657332,-2.99884323975433
-0.0838904086232206,-1.31494032058283,-25.6900517329705,-0.0694391858145601,-18.8363744217169,8.69210188649129,-2.85892331642055
-0.0853035639006989,-1.31579823476701,-25.6636057518113,-0.0561899488209528,-18.8510601096974,8.73725304550586,-2.71982411076717
-0.0864249444527098,-1.31699304292267,-25.635726364821,-0.0434438083181711,-18.8661439439046,8.78274418166792,-2.58322854418229
-0.0872265016986208,-1.31851860302461,-25.606658764138,-0.0311713400573237,-18.8815705370077,8.82849179293209,-2.4508605854107
-0.0876870029449997,-1.32036353032122,-25.5766892040878,-0.0193383448480237,-18.8972603807365,8.87446271999246,-2.32440206564253
-0.0877940526473702,-1.32251215968991,-25.5461160098272,-0.00791105817722038,-18.9131141540202,8.92066574158918,-2.20541446131792
-0.0875447604297296,-1.32494604734271,-25.5152216142732,0.00313930697396554,-18.9290208229838,8.96713835669969,-2.09527797793975
-0.0869451004389371,-1.32764564179292,-25.4842516440994,0.013833356431207,-18.9448673268946,9.01393283400333,-1.99515533292115
-0.0860083268651603,-1.33059177477208,-25.4534038533006,0.0241819145582217,-18.9605476954971,9.06110483298549,-1.90598105820419
-0.0847529388498692,-1.33376675502949,-25.4228263912118,0.0341858906761797,-18.9759701790217,9.1087062716112,-1.82847182908805
-0.0832006343920571,-1.33715500769009,-25.3926228310322,0.0438372175396079,-18.9910618759443,9.15678248612176,-1.76315076961501
-0.0813745412882429,-1.34074332052467,-25.3628608575836,0.0531203854118497,-19.0057710329055,9.20537263372076,-1.71037872257933
-0.0792978513118028,-1.34452081251454,-25.3335820368013,0.0620141501581933,-19.0200675465937,9.25451185464739,-1.67038697105111
-0.0769928621776489,-1.34847874184347,-25.3048110029394,0.0704931205351217,-19.0339422795589,9.30423378726355,-1.64330774277446
-0.0744803642964593,-1.35261024153292,-25.276563259379,0.0785290656030864,-19.0474057142241,9.35457233898154,-1.62920040756481
-0.0717792849184095,-1.35691003525888,-25.2488513681247,0.0860919036710474,-19.0604863207096,9.40556199992,-1.62807233285771
-0.0689065064939496,-1.36137415275854,-25.2216896084135,0.0931504205102529,-19.0732288498913,9.45723629486298,-1.63989397388954
-0.0658767938512983,-1.36599964078797,-25.1950972638369,0.099672823692724,-19.0856926184386,9.50962420034915,-1.66460802395962
-0.0627027883665133,-1.37078425013399,-25.1691006494878,0.105627273268157,-19.0979497281725,9.56274449623742,-1.70213244187452
-0.0593950507315298,-1.37572607277947,-25.143733875348,0.110982545751179,-19.1100830665391,9.6165981404181,-1.75235696931651
-0.0559621561699616,-1.38082310389507,-25.1190382266272,0.115708987118032,-19.1221838667994,9.67115888499875,-1.81513243464288
-0.0524108655525084,-1.38607271254214,-25.0950599659683,0.119779888484732,-19.1343485775379,9.72636255943196,-1.89025186894629
-0.0487464115939433,-1.39147102463064,-25.0718463701055,0.123173363657607,-19.146674816953,9.78209578248328,-1.97742253868823
-0.0449729469217087,-1.39701225526329,-25.049439941661,0.125874704808308,-19.1592562940256,9.83818538184376,-2.07622891451823
-0.0410941929363128,-1.40268807564004,-25.0278710204582,0.12787902519463,-19.1721767918622,9.8943904892874,-2.18608890432796
-0.0371142942721285,-1.40848715601144,-25.0071494614981,0.129193769647779,-19.1855036416414,9.95040001268594,-2.30620965670484
-0.0330388166635717,-1.41439506885236,-24.9872565862207,0.129840435633683,-19.1992815314135,10.0058385941006,-2.43555416004624
-0.028875736001063,-1.42039472717179,-24.9681390654365,0.129854724782182,-19.2135278632239,10.0602836315962,-2.57283329943877
-0.02463619219804,-1.42646743327177,-24.9497064546945,0.129284507501272,-19.2282309643639,10.1132938945326,-2.71653622582525
-0.0203347817766933,-1.4325944249777,-24.9318335026493,0.128185525572814,-19.2433520480664,10.1644468171286,-2.86500230638209
-0.0159892724912953,-1.43875860458886,-24.9143671252658,0.126615533612641,-19.2588309041677,10.2133780558814,-3.01652301072092
-0.0116198055847264,-1.44494603934159,-24.8971365905786,0.124628194845106,-19.2745942398537,10.2598153769547,-3.16944984537366
-0.00724780638382323,-1.45114690239758,-24.8799646919384,0.122268121678105,-19.2905649253491,10.3036005439297,-3.32228291053609
-0.00289486818065077,-1.45735573267588,-24.8626778533103,0.119567953798963,-19.3066704274499,10.3446967066367,-3.47372458605996
0.00141819188298148,-1.46357110398711,-24.8451139486184,0.116547629964192,-19.3228492772569,10.3831826740906,-3.62269718489715
0.0056720162780699,-1.4697949118574,-24.8271275526889,0.113215430401241,-19.339055120056,10.4192377569203,-3.76833394355047
0.009849128172967,-1.47603149594135,-24.8085929616416,0.109570124649478,-19.3552584317912,10.4531213599117,-3.90995604794394
0.0139341292323043,-1.48228676267321,-24.7894055478335,0.105603597391889,-19.3714462838117,10.485150894124,-4.04704619522037
0.0179137198508227,-1.48856740646174,-24.7694819876982,0.101303493181933,-19.3876206539078,10.5156806058802,-4.17922487022287
0.0217765818416339,-1.49488027590178,-24.7487597830843,0.0966556009415122,-19.4037957942526,10.5450829928993,-4.30623161840747
0.02551315902402,-1.50123189884409,-24.7271963863333,0.0916458377512033,-19.4199951198116,10.5737337081869,-4.42791112064649
0.0291153710862715,-1.50762816172161,-24.7047681630328,0.0862617820663535,-19.4362479968263,10.6020002433866,-4.54420278157478
0.0325762975081342,-1.51407412736151,-24.6814693755754,0.0804937615357271,-19.4525867057138,10.6302342244588,-4.65513236826568
0.0358898680121401,-1.5205739684596,-24.6573113239138,0.0743355330426476,-19.4690437465688,10.6587668468033,-4.76080452802186
0.0390505916058922,-1.52713098887519,-24.632321726661,0.0677846119822692,-19.4856495638355,10.6879068144216,-4.86139542957126
0.0420533483599028,-1.53374770256852,-24.6065443602637,0.0608423182281575,-19.5024307027564,10.7179401094975,-4.95714514509129
0.0448932579717456,-1.54042594038746,-24.5800389011458,0.0535136099294604,-19.5194083765607,10.749130969436,-5.04834964714889
0.0475656285944838,-1.54716695776983,-24.5528808448783,0.045806774636379,-19.5365974154316,10.7817235494387,-5.1353524267362
0.0500659799256014,-1.55397152159904,-24.5251613170237,0.0377330411463587,-19.5540055778273,10.8159438686022,-5.21853577435134
0.052390126974642,-1.5608399611497,-24.4969865531026,0.0293061661696617,-19.5716332206457,10.8520017525364,-5.29831173636703
0.054534305764083,-1.56777217580436,-24.4684768179875,0.0205420382235873,-19.5894733374675,10.8900925835243,-5.37511269886762
0.0564953193584949,-1.57476759946536,-24.4397645672081,0.0114583289935595,-19.6075119738472,10.9303987405808,-5.44938147842461
0.058270682554764,-1.5818251287469,-24.4109917205304,0.00207420913915747,-19.6257290143048,10.9730906620301,-5.52156074896756
0.0598587457701153,-1.58894302693116,-24.3823060219491,-0.00758986638052622,-19.6440993043987,11.0183274879706,-5.59208160328315
0.0612587832103194,-1.59611881824266,-24.3538565837691,-0.0175123088367581,-19.6625940304092,11.0662572465879,-5.66135105381849
0.062471036644717,-1.60334918639327,-24.3257888365837,-0.0276704951643767,-19.6811822379652,11.117016540181,-5.72973832011612
0.0634967131472001,-1.6106298876791,-24.2982392073433,-0.0380408336209529,-19.6998323421429,11.1707296711672,-5.79755983250896
0.0643379416426162,-1.61795568260121,-24.2713299045787,-0.0485988131396433,-19.7185134759435,11.2275071312306,-5.86506300430658
0.0649976977535004,-1.62532028327954,-24.24516418976,-0.0593190512821739,-19.7371965503664,11.2874433730496,-5.93240900266593
0.0654797080286593,-1.63271630831582,-24.2198224639885,-0.0701753507632666,-19.7558549550918,11.3506138009993,-5.99965499017464
0.0657883428416482,-1.64013523528376,-24.1953594164445,-0.0811407701224576,-19.7744649069468,11.4170709731315,-6.06673664093924
0.0659285025234476,-1.64756734597163,-24.1718023917858,-0.0921877129975,-19.7930055394718,11.4868401200304,-6.13345217381543
0.0659054950018719,-1.6550016693236,-24.1491510692234,-0.103288040864999,-19.8114588974818,11.5599142477028,-6.19944965758408
0.0657248978271188,-1.66242594208205,-24.1273785070928,-0.114413218693454,-19.8298100432708,11.6362493117452,-6.26421986914157
0.0653923954616889,-1.66982662048056,-24.1064335859158,-0.125534505499177,-19.8480474760555,11.7157601716073,-6.32709732949376
0.0649135864061101,-1.67718898275389,-24.0862448373245,-0.136623200388553,-19.8661640097866,11.7983181964153,-6.38727204824991
0.0642937646391693,-1.68449735483485,-24.0667255330835,-0.147650945539907,-19.8841581485777,11.8837513972922,-6.44381368981822
0.0635376939324134,-1.69173546582541,-24.0477797113267,-0.158590068039,-19.9020358562191,11.9718476976074,-6.49570819798194
0.0626494064410657,-1.69888690275955,-24.0293085600707,-0.169413921305598,-19.9198124754994,12.0623614339674,-6.54190464673151
0.0616320619079527,-1.70593559478187,-24.0112163611987,-0.180097167521183,-19.9375144487547,12.155022475144,-6.58136787379884
0.0604878958829283,-1.71286623270063,-23.9934151305333,-0.190615936079221,-19.9551804658648,12.2495466898403,-6.61313120065248
0.0592182649939112,-1.7196645317094,-23.9758272437777,-0.200947802793416,-19.9728617337338,12.3456461274694,-6.63634385612584
0.0578237711918782,-1.72631727224768,-23.958385691848,-0.211071556387836,-19.9906212001404,12.4430373299775,-6.65030951339156
0.0563044241656701,-1.73281209819446,-23.9410320443131,-0.220966749175328,-20.0085317316594,12.5414466632614,-6.65451483913203
0.0546597899020631,-1.73913709610869,-23.923712586858,-0.230613058149179,-20.0266733780706,12.6406122314863,-6.64864905734955
0.0528890759800046,-1.74528021742968,-23.9063733412047,-0.239989514862434,-20.0451299270914,12.7402826525801,-6.63261646398146
0.050991119825078,-1.75122863098441,-23.8889547711256,-0.249073694169224,-20.0639849557507,12.8402135318247,-6.60654336869419
0.0489642704304204,-1.75696810941171,-23.8713869580019,-0.257840987068073,-20.0833175673118,12.9401628562367,-6.57077943698814
0.0468061829054424,-1.76248255703014,-23.85358594114,-0.266264109519551,-20.1031980251883,13.0398867015712,-6.52589156076222
0.0445135725420125,-1.76775377498176,-23.8354517636034,-0.274313002466917,-20.1236836191843,13.1391366123755,-6.47264704220402
0.0420819943385658,-1.77276152334624,-23.8168685238538,-0.28195523557396,-20.1448153142504,13.2376597133728,-6.41198280455642
0.0395057171802878,-1.77748387917267,-23.7977063836191,-0.289156933153092,-20.1666159401301,13.3352020382789,-6.34495892052833
0.0367777455921029,-1.78189781366174,-23.777825064616,-0.295884113271428,-20.1890907009826,13.4315147707757,-6.27269767522555
0.0338900096814045,-1.78597984560707,-23.7570779950842,-0.302104218782009,-20.2122304770261,13.5263623087126,-6.19631260153124
0.0308337073763363,-1.78970659871222,-23.7353160953101,-0.30778757510709,-20.2360177833672,13.6195305829058,-6.1168340772296
0.0275997562997764,-1.79305511329511,-23.7123903197156,-0.312908559407449,-20.2604345803532,13.7108341121678,-6.03513822872754
0.0241793032537004,-1.7960028331081,-23.6881524731916,-0.317446388147355,-20.2854707046855,13.8001208688963,-5.95188409115159
0.020564245807582,-1.79852728128759,-23.6624543477509,-0.321385567952848,-20.3111316748935,13.8872749172881,-5.86746117976575
0.0167477326415245,-1.8006055278922,-23.6351456900389,-0.32471615235004,-20.3374449545637,13.9722176692425,-5.78194701840065
0.0127246165020485,-1.80221361282665,-23.606071780039,-0.32743397070355,-20.3644642042087,14.0549092221026,-5.6950726095534
0.00849182744066893,-1.80332611336599,-23.5750714343524,-0.32954094083749,-20.3922714052351,14.1353515206086,-5.60619355702758
0.00404861450874337,-1.80391603508934,-23.5419761068599,-0.331045451828414,-20.4209768680967,14.2135949849008,-5.51426540937868
-0.00060342234018564,-1.80395516795356,-23.506610557344,-0.331962624666058,-20.4507170114304,14.2897497682789,-5.41782344113708
-0.00546060671668454,-1.80341500085555,-23.4687954455817,-0.332314047079445,-20.4816494106428,14.3640018795814,-5.31496932780334
-0.0105178572304657,-1.80226824942232,-23.4283523077263,-0.332126370432069,-20.5139439707073,14.4366329777027,-5.20336998547939
-0.0157697937104733,-1.80049103934836,-23.3851117902065,-0.331428011086642,-20.5477681774946,14.5080405699954,-5.08027758463877
-0.0212121947314868,-1.79806579351694,-23.3389266991584,-0.330243232259658,-20.5832633797765,14.5787525242212,-4.94258474677838
-0.0268434904501283,-1.7949848346692,-23.2896921414254,-0.328583326069898,-20.6205083940082,14.6494260187263,-4.78693550164153
-0.0326655910173465,-1.79125449421269,-23.2373750026649,-0.326435892324457,-20.6594676880404,14.720816614719,-4.60992051115279
-0.0386828111077989,-1.78689889623452,-23.1820527523846,-0.32375591210888,-20.6999266037157,14.7936994441683,-4.40839518029038
-0.04489712366533,-1.78196138902785,-23.1239550942364,-0.320466799958136,-20.7414297338735,14.8687258231825,-4.1799761817687
-0.0512980246878094,-1.77650003030733,-23.0634908423483,-0.316484728709996,-20.7832639603181,14.9462150389226,-3.92380155667747
-0.0578472529850092,-1.77057284018488,-23.0012314611523,-0.311779731162892,-20.8245562813762,15.0259324637387,-3.64164929371876
-0.0644645438735993,-1.764211926644,-22.9378242861928,-0.306469145800655,-20.8645432032362,15.1070044044797,-3.33932168790254
-0.0710295727996951,-1.757397158721,-22.8738367764675,-0.300890907773211,-20.9029318710861,15.1881849521662,-3.02753427587824
-0.0774135763220425,-1.75005415610467,-22.8095910360263,-0.295563386365443,-20.9400583818434,15.2684812377174,-2.72086715203372
-0.0835256267122568,-1.74209135564576,-22.7450951080192,-0.291008795677951,-20.9766157224102,15.3476824066689,-2.43448266983003
-0.0893341738717829,-1.73345098002641,-22.6801279773041,-0.287568916312338,-21.0131851178139,15.4263250109891,-2.18087587051812
-0.0948502476583254,-1.72413484700237,-22.6144133734605,-0.2853454596971,-21.0499867592062,15.5052446787109,-1.96877289940564
-0.100095783962298,-1.7141977495024,-22.5477780369382,-0.284255090921166,-21.086932595199,15.5851800524702,-1.80376663435287
-0.105080171516748,-1.70372610043795,-22.4802464372234,-0.284118179283804,-21.1238075362174,15.666640319315,-1.68934714789674
-0.109790012793497,-1.69281762420455,-22.412076514483,-0.284728219793984,-21.1604334220994,15.7499635048156,-1.62767674210439
-0.114187186583,-1.68156776760593,-22.3437573039921,-0.285889113061626,-21.196770470696,15.8354131221827,-1.62005731715377
-0.118210015134728,-1.67006164545502,-22.275984009407,-0.287427904562485,-21.2329647390814,15.9231964438843,-1.66715333820022
-0.121776123203605,-1.65836769198137,-22.2096093684264,-0.289196611790934,-21.2693580633996,16.0133452625111,-1.7689657878882
-0.124790039114728,-1.64652989814583,-22.1455485829225,-0.291075567376792,-21.3064614900933,16.1054514624808,-1.9244973021418
-0.127161293706868,-1.63455913521659,-22.0846041956393,-0.292985109359141,-21.3448746873193,16.1983119805929,-2.13104273990579
-0.12883568541392,-1.62242993345495,-22.0272062274901,-0.294901548273423,-21.3851334783382,16.2896415900961,-2.38315508336736
-0.129828929411991,-1.61009362277292,-21.9731549620998,-0.296857381796215,-21.427506061538,16.3761410752153,-2.67175870304335
-0.130234635141753,-1.59751264680698,-21.9215551895704,-0.298900255306415,-21.471830824638,16.4541948160909,-2.98442232848935
-0.130186094834671,-1.58469979268928,-21.8710691880923,-0.301016534350044,-21.5175196702496,16.5210723994455,-3.3073391649489
-0.129793913233053,-1.5717332660221,-21.820351423933,-0.303072507827711,-21.5637530346953,16.5759651692767,-3.62785741485352
-0.129104564193578,-1.55873834657138,-21.7683867647659,-0.304820178231194,-21.6097486739332,16.6202290763989,-3.93593541734293
-0.128097398129092,-1.5458531558755,-21.714605673015,-0.305959477624425,-21.6549585414976,16.6568150035897,-4.22440574937742
-0.126706941109472,-1.53319964089697,-21.6588231246269,-0.306212972317049,-21.6991303657948,16.6893393931336,-4.48880418720966
-0.124851764207951,-1.52087012166159,-21.6010900293277,-0.305374809496597,-21.7422627320276,16.7212898798317,-4.72709445750445
-0.122457409860732,-1.50892884359979,-21.5415320379508,-0.303322881817528,-21.7845214897755,16.755607108667,-4.93925301116206
-0.119468608398852,-1.49742178704233,-21.4802254757552,-0.300006290613069,-21.8261675572828,16.7946033471639,-5.12673760778784
-0.115852145875412,-1.48638770722913,-21.4171280737792,-0.29542569562365,-21.8675116758857,16.8400610689858,-5.29195293694748
-0.11159431390747,-1.47586649942465,-21.3520569285296,-0.289617489556774,-21.9088912306756,16.8933802275625,-5.43779997357814
-0.106696435928058,-1.46590401446357,-21.2846965315486,-0.282644846199202,-21.9506594490352,16.9557072102943,-5.56733405059879
-0.101170444856553,-1.45655396606296,-21.2146217840696,-0.274594397553165,-21.9931790795628,17.0280241440426,-5.68351681102291
-0.0950351909952134,-1.44787784950216,-21.1413269442029,-0.265576181177138,-22.0368153574902,17.1111978066752,-5.78903237787673
-0.0883134540278969,-1.43994349834746,-21.0642565782753,-0.255724914204439,-22.081925179269,17.2059927731621,-5.88613771489779
-0.0810294185611099,-1.43282248692448,-20.9828371850905,-0.245201483620114,-22.1288412361002,17.3130526586554,-5.97652449307532
-0.0732064711125278,-1.42658627305821,-20.8965086398597,-0.234194306541762,-22.1778518638633,17.4328517065604,-6.06118250826462
-0.0648654430952279,-1.42130089077061,-20.804754188439,-0.222920661320755,-22.2291796624932,17.5656196442829,-6.14027347332561
-0.0560237309439664,-1.41702025766755,-20.7071280906549,-0.21162799926099,-22.282963876857,17.7112477713687,-6.2130498937139
-0.04669589716209,-1.41377879508999,-20.603282503152,-0.200594528399865,-22.3392517773952,17.8691943293887,-6.27788350070509
-0.0368962067078177,-1.41158486236346,-20.4929994978794,-0.190127475557399,-22.3980012874373,18.0384192365055,-6.33248567695008
-0.0266430627465316,-1.4104169093593,-20.3762372714226,-0.180557545800253,-22.4590902362758,18.2173831635502,-6.37437712650347
-0.0159647940852981,-1.41022366863063,-20.2531973476824,-0.17223000191486,-22.5223188956673,18.4041322216979,-6.401569872106
-0.00490609321778286,-1.41092834713363,-20.124409880269,-0.165494973951495,-22.5873881009824,18.5964563799961,-6.41328713786733
0.00646559425587804,-1.41243579611149,-19.990819369891,-0.160698782848909,-22.6538435546513,18.7920760010144,-6.41045543147031
0.0180549652204208,-1.41464175187945,-19.8538381941317,-0.158173692207495,-22.7210006716577,18.9888006039341,-6.39574209073643
0.0297372307790326,-1.41744358056003,-19.7153275112251,-0.158220516249636,-22.7878930460819,19.1846201049728,-6.37308160213438
0.0413621885655406,-1.42075137646156,-19.5774753924644,-0.161081881623921,-22.8532979260239,19.37771586426,-6.34685371264321
0.0527645119525404,-1.4244971679301,-19.4425782571155,-0.166911393451719,-22.9158627676994,19.5664073408398,-6.32102255814093
0.0637783432207597,-1.42863972590508,-19.3127798746047,-0.17574808680529,-22.9742978357076,19.7490775200886,-6.29852561006689
0.0742527056069134,-1.43316357537823,-19.1898467824388,-0.187503133766117,-23.0275583281646,19.9241322241326,-6.28104480304833
0.0840640832511417,-1.43807268203381,-19.0750380886584,-0.201960565527642,-23.0749523267658,20.0900283358859,-6.2691266847036
0.0931234968365083,-1.4433809709615,-18.969079853121,-0.218790158892316,-23.11615986383,20.2453637090034,-6.26252865983083
0.101377123903439,-1.44910258450819,-18.872216541965,-0.237569301386365,-23.1511882559559,20.3889883723483,-6.26064988830402
0.108801413280697,-1.45524434713677,-18.784301965767,-0.257810281870772,-23.1802986500209,20.5200921316101,-6.26292714266814
0.115394997322703,-1.46180162907308,-18.704901019548,-0.278989362511891,-23.203928659256,20.6382421850706,-6.26912079249382
0.121170016529428,-1.46875742199958,-18.6333859959498,-0.300574328571899,-23.2226228729248,20.7433685006179,-6.27947015262676
0.126144824194879,-1.47608358955798,-18.5690196182448,-0.322048119504384,-23.2369748526027,20.8357114408749,-6.29474139558095
0.130338980457543,-1.48374310814765,-18.5110213717678,-0.342927361941773,-23.2475808790482,20.9157519527196,-6.31621118696268
0.133770528970122,-1.49169243388771,-18.4586164683617,-0.362775721856343,-23.2550046918886,20.9841423998312,-6.3456259368871
0.136455027153517,-1.49988357352672,-18.4110689932376,-0.381212675913478,-23.2597521029462,21.0416504525909,-6.38516100883031
0.138405632916749,-1.50826577684166,-18.3677024450513,-0.397918500626811,-23.2622542115522,21.0891228493696,-6.43738734933425
0.139633577226881,-1.51678694067751,-18.3279117750747,-0.412636044996268,-23.2628581414688,21.127471728407,-6.50524031659393
0.140148439853764,-1.52539483673942,-18.2911711775127,-0.425169255207672,-23.2618249709411,21.1576833026528,-6.5919777113717
0.139957752230458,-1.53403817121475,-18.2570413640025,-0.435377544949666,-23.2593359298824,21.1808455640116,-6.70111006812689
0.139065632518216,-1.54266724118207,-18.2251787758875,-0.443164159257251,-23.255509822852,21.1981865024231,-6.83628521472532
0.137470553149523,-1.55123359294712,-18.1953464867588,-0.44845628817757,-23.2504363112028,21.2111052400479,-7.00111065546588
0.135163085554116,-1.55968778012248,-18.1674213824943,-0.451176028497164,-23.2442294561516,21.2211654373535,-7.19890108024778
0.132125512262756,-1.5679745768122,-18.1413839135937,-0.451205883118718,-23.2371006890654,21.2300088978294,-7.43234430380059
0.12833614365756,-1.57602649303886,-18.1172678914475,-0.448360950500124,-23.2294364342473,21.2391536296765,-7.70308389267115
0.123781376840016,-1.58375925614928,-18.0950476611669,-0.442390119690753,-23.2218422257304,21.2496880835192,-8.0111987932457
0.118477249081762,-1.59107557066901,-18.0744636667326,-0.433033807831484,-23.2150903979798,21.2619648458043,-8.35447648839001
0.11249781585637,-1.59788284070919,-18.0548470566774,-0.420154692293883,-23.2099066250111,21.2754849314643,-8.72727421986721
0.105995963714483,-1.60412369524709,-18.0350865970644,-0.403912433474475,-23.2066083393097,21.2891753638277,-9.11907587836611
0.0991854904272113,-1.60980406148506,-18.0138917340256,-0.384861349327354,-23.204826751856,21.3021082987845,-9.51415290778256
0.0922670388777324,-1.61499171795377,-17.9902685196658,-0.363809107519806,-23.2037022072857,21.3142660257839,-9.89445408869838
0.085349138153174,-1.61977732073473,-17.9637996317986,-0.341485221326433,-23.2025276323298,21.3266105879774,-10.2446141597091
0.0784365640604313,-1.62423000276718,-17.9344989901492,-0.318314147869599,-23.2012200504096,21.3403581234032,-10.5548222527778
0.0714774228388297,-1.62837789250353,-17.9024818213353,-0.294434231723631,-23.2002794227743,21.3562370438431,-10.8203440391156
0.0644135776269536,-1.63221160010316,-17.867731921983,-0.269841252368966,-23.200486555371,21.3742651640255,-11.0397816392441
0.0572069745672096,-1.63569628649925,-17.8300260375472,-0.244518435806121,-23.2026391377714,21.3939350286875,-11.2135756607877
0.0498450325963699,-1.63878295807658,-17.7889615405283,-0.218506975740852,-23.2074140713185,21.4145184272802,-11.3429832699868
0.0423359840904767,-1.64141587612595,-17.7440317201376,-0.191926646958238,-23.2153228530144,21.4353178328638,-11.4293854084655
0.0347018607073784,-1.64353647898714,-17.6947180004294,-0.16496910321167,-23.2267049621765,21.455816899579,-11.4738225353223
0.0269726281109763,-1.64508554621386,-17.6405848302479,-0.137881973426861,-23.2417202024413,21.4757431433296,-11.4767318504094
0.0191826249128914,-1.64600518719398,-17.5813657440804,-0.110954307210225,-23.2603234015235,21.4950684055568,-11.4378853281348
0.0113696393448128,-1.64624109291887,-17.5170252406666,-0.0845080016627011,-23.2822234206287,21.5139607273574,-11.3565251378554
0.00357644601758864,-1.64574388708322,-17.4477843876176,-0.0588952855802352,-23.3068396763484,21.5326834358512,-11.2316728836047
-0.00414676782803432,-1.64446750852349,-17.3741193244887,-0.0344971996333106,-23.3332733821867,21.5514282433623,-11.0625582439586
-0.0117431628911019,-1.64236408891305,-17.2967711153908,-0.0117115852023676,-23.3603143432922,21.570082467357,-10.8490995601347
-0.0191592625572328,-1.63937935721781,-17.2168049061351,0.00908604757102669,-23.3865191559984,21.5879743195505,-10.5924330046637
-0.026368807412366,-1.63545754928735,-17.1356942309732,0.0276238801574831,-23.4104200355041,21.6037087271209,-10.2956559693146
-0.033407190172013,-1.63056494523237,-17.055316145832,0.0438565694038458,-23.4309099836776,21.6152775071231,-9.96504999118649
-0.0403966894301711,-1.62473136950751,-16.9777254461726,0.0580845938548733,-23.4477171650997,21.6206374841106,-9.61155393728654
-0.0475254249588638,-1.61808653915698,-16.9047010876568,0.0709555402500062,-23.4616286900743,21.6186946472741,-9.25086547973763
-0.0549648244537269,-1.61084991271722,-16.8372747112073,0.083245345759392,-23.4740937651302,21.6100223382499,-8.90020641413029
-0.0627853715255284,-1.60326480925132,-16.7755602868657,0.0955336274413548,-23.4864218306763,21.5965467566812,-8.57333266156504
-0.0709441568086846,-1.59553009043964,-16.7189791735381,0.108034919096949,-23.499276545404,21.5805087351302,-8.27809590597853
-0.0793314048589465,-1.58777603263948,-16.6666454854767,0.120651712734468,-23.5127109598083,21.5636435301699,-8.01738701615794
-0.0878210996357199,-1.58007648605902,-16.6176643179523,0.133117662783675,-23.5264426083354,21.5469233994715,-7.79109138035634
-0.0963002745790333,-1.57247114685095,-16.5712778106604,0.145121477121352,-23.5400943137259,21.53065922223,-7.59752089289819
-0.104678960902151,-1.56498369925008,-16.526900631194,0.156381306132644,-23.5533294413034,21.5147198728006,-7.43420835492659
-0.112889366865192,-1.55763276195656,-16.4840994207911,0.16667711811801,-23.5659045138581,21.4987425177132,-7.29834910815867
-0.120880973652477,-1.5504369476941,-16.4425538851728,0.175856464393523,-23.5776746550322,21.4822875495786,-7.18708217655962
-0.128615264386451,-1.54341623617978,-16.4020195315215,0.183826927208764,-23.5885776549302,21.4649328032172,-7.09768198345668
-0.136061595161691,-1.53659152418142,-16.362299594276,0.190544091631185,-23.5986118907331,21.446319754776,-7.02768032013286
-0.143194465187092,-1.52998356230963,-16.3232267131555,0.195999754003384,-23.6078157105443,21.4261687939077,-6.97492946136379
-0.149991919046165,-1.52361190340296,-16.2846521114421,0.200212224122145,-23.6162511596091,21.4042779651944,-6.9376198408536
-0.156434705079748,-1.51749410075776,-16.246439597317,0.203219019270578,-23.6239924234271,21.3805147664356,-6.91426669483298
-0.162505875926977,-1.51164519297734,-16.2084622610298,0.205071594508296,-23.6311183055073,21.3548063439999,-6.90367807388297
-0.168190615846468,-1.50607743291785,-16.1706004754734,0.205831591087808,-23.6377077882954,21.3271305411698,-6.90491333594199
-0.173476163289571,-1.50080020111001,-16.1327404112816,0.205568132661539,-23.6438378020022,21.2975085945164,-6.91723812401858
-0.17835175486662,-1.49582005215031,-16.0947726990836,0.204355807906716,-23.6495825021504,21.265999449322,-6.94007950300037
-0.182808554180491,-1.49114085557755,-16.056591140542,0.202273085774712,-23.6550135240343,21.2326953307659,-6.97298340475173
-0.186839552684199,-1.4867640037365,-16.0180915413524,0.199400996134942,-23.6602008047954,21.1977181394146,-7.01557560144622
-0.190439447642517,-1.48268866401506,-15.9791708304086,0.195821971444557,-23.6652136443979,21.161216288176,-7.06752686594662
-0.193604515054801,-1.4789120546959,-15.9397266699165,0.19161878701832,-23.6701217271901,21.1233616957396,-7.12852260461434
-0.196332504657355,-1.47542972294811,-15.8996577413362,0.186873561486367,-23.6749958650643,21.084346740501,-7.19823698308668
-0.198622586588333,-1.47223580400483,-15.8588648224002,0.181666789167258,-23.6799082648374,21.0443810426174,-7.27631139647621
-0.200475372795765,-1.46932324401776,-15.8172526557859,0.176076377651412,-23.6849321776184,21.0036879762794,-7.36233709873519
-0.201893019396108,-1.46668397650265,-15.7747324715653,0.170176664653611,-23.6901408628407,20.9625008423304,-7.45584192521154
-0.202879391040312,-1.46430905256536,-15.7312248932635,0.164037396874755,-23.6956058961143,20.9210586861313,-7.55628128979438
-0.203440241184142,-1.46218873457679,-15.6866628498334,0.157722674498104,-23.7013949650005,20.8796018364035,-7.6630339593079
-0.203583340726963,-1.46031256941332,-15.640994074941,0.151289900538258,-23.7075694137279,20.8383673751154,-7.77540335013667
-0.203318481065246,-1.45866945751587,-15.594182800722,0.144788815728715,-23.7141818918315,20.7975848684198,-7.89262516158833
-0.202657291375461,-1.45724772919023,-15.5462103693701,0.138260737037665,-23.7212744947068,20.7574727524939,-8.01388191150216
-0.201612844619797,-1.45603523172593,-15.4970746743337,0.131738134843785,-23.7288777255999,20.7182357189956,-8.13832434470714
-0.2001990754082,-1.45501942367994,-15.4467885639787,0.125244665966931,-23.7370104523894,20.6800632665919,-8.2650988199713
-0.198430082728232,-1.45418746956753,-15.3953775520944,0.118795723593007,-23.7456808088724,20.643129329325,-8.39337878295806
-0.196319426127598,-1.45352632978185,-15.3428773024789,0.112399476511134,-23.7548877697062,20.6075926286926,-8.522397588643
-0.193879533011833,-1.45302284591806,-15.2893313571207,0.106058273000897,-23.7646229873819,20.5735972293751,-8.65147946195592
-0.19112131335124,-1.45266382753453,-15.2347894497286,0.0997702081547542,-23.7748724710391,20.5412727667575,-8.78006545998896
-0.188054032743032,-1.45243614954593,-15.1793065335477,0.0935306230189525,-23.7856178084673,20.5107339621312,-8.90773194217766
-0.184685439945109,-1.45232686799978,-15.122942430721,0.0873333296623486,-23.7968368293828,20.4820792917149,-9.03420012807821
-0.181022096762286,-1.45232335611901,-15.0657618469048,0.0811714273620057,-23.8085038024098,20.455388933906,-9.15933658971234
-0.177069828980097,-1.45241345429859,-15.0078344381764,0.0750376676557424,-23.8205893835471,20.4307223069373,-9.28314568549538
-0.172834210784357,-1.45258561997006,-14.9492346590211,0.0689244113199931,-23.8330605650486,20.4081155796891,-9.40575578237653
-0.168321008824601,-1.45282905823325,-14.8900412326685,0.0628232790219586,-23.8458808230337,20.3875795020982,-9.52740150037743
-0.16353653696538,-1.45313381299431,-14.8303362083647,0.0567246210406706,-23.8590105700268,20.3690977945704,-9.64840418608411
-0.15848790094811,-1.45349080078267,-14.7702036781051,0.0506169262173107,-23.87240792195,20.3526262160568,-9.76915245164511
-0.153183136045618,-1.45389177430808,-14.7097282838939,0.0444862661435201,-23.8860297172598,20.3380923335749,-9.89008407202538
-0.147631257286529,-1.45432920873492,-14.6489936619062,0.0383158407077647,-23.8998326865662,20.325395965847,-10.0116699302589
-0.141842250522423,-1.45479610943314,-14.5880809553619,0.0320856652758017,-23.9137746592582,20.3144102702234,-10.1344001296444
-0.135827034273239,-1.45528574514306,-14.52706749536,0.0257724230312974,-23.9278156991682,20.3049834701982,-10.2587719133625
-0.129597418812223,-1.45579131528801,-14.4660257154864,0.0193495002650394,-23.9419190718512,20.2969412618397,-10.3852786577469
-0.123166082824393,-1.45630556538149,-14.4050223505962,0.0127872274473679,-23.956051950836,20.2900899714771,-10.5143989142755
-0.116546578789143,-1.45682037155746,-14.3441179623463,0.00605336004765305,-23.9701857685775,20.2842205418073,-10.6465842921409
-0.109753368348274,-1.45732632556347,-14.2833668521693,-0.000886152809587081,-23.9842961065898,20.2791133847649,-10.7822448713434
-0.102801876666255,-1.45781236644104,-14.2228174413469,-0.00806605620461432,-23.9983620098984,20.2745440394563,-10.9217309057369
-0.0957085408500198,-1.45826552448179,-14.1625132094435,-0.0155202880461771,-24.012364616899,20.2702894052838,-11.0653099208993
-0.0884908133111149,-1.45867086395719,-14.1024942686247,-0.0232800849864854,-24.0262850386361,20.2661340910782,-11.2131391040882
-0.0811670691470753,-1.45901172571773,-14.0427995852146,-0.0313717829653876,-24.0401015284146,20.261876168987,-11.3652343175477
-0.0737563635119885,-1.45927036475041,-13.9834697324533,-0.0398145445036036,-24.0537861689026,20.2573314375825,-11.5214391762555
-0.0662779998547159,-1.45942903293071,-13.9245498971042,-0.0486184199794411,-24.0673015483823,20.2523353291596,-11.6814000351842
-0.0587509092426776,-1.45947146155878,-13.8660927310337,-0.0577832868444854,-24.0805981193363,20.2467419995481,-11.8445544452384
-0.051192901702689,-1.45938456341827,-13.8081606324422,-0.0672992000045022,-24.0936129905899,20.2404209633935,-12.0101401938005
-0.0436199128612935,-1.45916004797565,-13.7508272159068,-0.0771484351511029,-24.1062706714394,20.2332526685518,-12.1772283321364
-0.0360453997825705,-1.45879559727444,-13.6941780108696,-0.0873090320574994,-24.1184857752447,20.2251251325626,-12.3447771202314
-0.028480012834111,-1.45829533267432,-13.6383106156403,-0.0977591256416043,-24.1301671187907,20.2159336481592,-12.5116972059263
-0.0209315914835918,-1.45766949260587,-13.5833344551064,-0.108481049586684,-24.1412223318258,20.2055844635206,-12.6769149615818
-0.0134054397957305,-1.45693345088898,-13.5293699718799,-0.119464274629822,-24.1515621808325,20.1940017399185,-12.8394224184681
-0.00590477742484992,-1.45610633959782,-13.4765467726123,-0.130706648289464,-24.1611041911138,20.181135801909,-12.9983074571048
0.00156874416106311,-1.45520956196554,-13.4250002426769,-0.142213916191614,-24.16977553243,20.1669703107837,-13.1527638986009
0.00901453727491333,-1.45426541665289,-13.3748665049931,-0.153997909093333,-24.1775153041143,20.1515265319533,-13.3020855392071
0.0164326187714495,-1.45329596024925,-13.3262761694489,-0.166073964668009,-24.1842763022424,20.134863911083,-13.4456501706849
0.0238232000522593,-1.45232215340911,-13.2793477963695,-0.178458133573619,-24.1900262102482,20.1170772019821,-13.5828996677366
0.0311863238442393,-1.45136328411469,-13.2341821420215,-0.191164577695361,-24.1947480716157,20.0982910536223,-13.7133210661751
0.0385215536254119,-1.45043663612972,-13.1908580245441,-0.204203394388577,-24.1984399386724,20.078653172338,-13.8364317957693
0.0458277321717856,-1.44955736145731,-13.1494301826961,-0.217578958306067,-24.2011137128578,20.0583270269252,-13.9517703244461
0.0531028281906339,-1.44873851371416,-13.1099290211715,-0.231288785701632,-24.2027933243884,20.0374847417814,-14.058891790399
0.0603438824532779,-1.44799119997272,-13.0723618149948,-0.245322887916627,-24.20351248416,20.0163004934405,-14.1573670597668
0.0675470505262495,-1.44732481048958,-13.0367148414595,-0.259663566892922,-24.2033122594937,19.9949444921441,-14.2467831752567
0.0747077255601619,-1.44674728885247,-13.0029559670421,-0.274285597384612,-24.2022386928335,19.9735775150208,-14.3267433005043
0.0818207157888192,-1.44626540980592,-12.971037352363,-0.289156727358643,-24.2003406235872,19.9523459349607,-14.3968647856867
0.0888804495547064,-1.44588503803818,-12.9408980714441,-0.304238411627511,-24.1976678079984,19.9313772100448,-14.4567746412051
0.0958811846354764,-1.44561134772054,-12.9124665348434,-0.319486679367385,-24.1942693702373,19.9107758216276,-14.5061023214612
0.102817205766816,-1.44544898851647,-12.8856626565537,-0.334853027965805,-24.1901925629678,19.8906196547576,-14.5444701993595
0.109683001735438,-1.4454021881402,-12.8603997265683,-0.350285234034329,-24.185481767748,19.8709568034418,-14.5714824441804
0.116473419682988,-1.44547478370809,-12.8365859606227,-0.365727976153933,-24.1801776236271,19.8518027686645,-14.5867132386253
0.123183797352153,-1.44567017400692,-12.8141257128232,-0.381123168052072,-24.1743161351111,19.8331380222909,-14.589695427611
0.129810073621738,-1.44599118285278,-12.7929203632165,-0.39640990379838,-24.1679275766611,19.8149059556398,-14.5799108280219
0.136348872032201,-1.44643982105516,-12.7728689416551,-0.411523915457522,-24.1610349809015,19.7970113405587,-14.5567835753
0.142797542509038,-1.44701693328123,-12.7538686207996,-0.4263964473869,-24.1536519736988,19.7793196125285,-14.5196780583684
0.14915413043363,-1.44772171980647,-12.7358153180753,-0.440952465774881,-24.1457797143275,19.761657551853,-14.4679031935234
0.155417220999888,-1.44855113713561,-12.7186047859788,-0.455108169493196,-24.1374027367738,19.7438162749416,-14.4007250043978
0.161585582228167,-1.44949921343528,-12.7021347326763,-0.468767878380309,-24.1284836128713,19.7255578085388,-14.3173896981715
0.16765750606698,-1.45055637350735,-12.6863086675823,-0.481820582377312,-24.1189566404322,19.7066268104066,-14.2171597205175
0.173629735615756,-1.45170896111689,-12.6710422255073,-0.494136778109542,-24.1087212919713,19.6867690422084,-14.0993658161816
0.179495884956688,-1.45293927240498,-12.6562725510873,-0.505566707489568,-24.0976370409825,19.6657577257431,-13.9634793074852
0.185244334501796,-1.45422654998865,-12.6419707241402,-0.515941692618964,-24.085522450652,19.643427534519,-13.8092110329898
0.190855753646875,-1.45554946841363,-12.6281559701746,-0.525080743655979,-24.0721628925646,19.6197131843294,-13.6366463452468
0.196300700685368,-1.4568905372929,-12.6149084199005,-0.53280458958059,-24.0573322591094,19.5946848569754,-13.4464262235687
0.201538173362267,-1.45824235199353,-12.6023747206599,-0.538957999943508,-24.040832864431,19.5685661185377,-13.2399746946882
0.206516390968305,-1.45961453813463,-12.5907589839449,-0.543437776302825,-24.0225516375341,19.5417141561354,-13.0197394435636
0.211177043445763,-1.46103872153047,-12.5802929380426,-0.546217879576067,-24.0025178258246,19.5145446323958,-12.7893519396217
0.21546307485227,-1.46256797377072,-12.5711869521436,-0.547357589409013,-23.9809324687433,19.4874044503431,-12.5535628516336
0.219327677487283,-1.4642687465464,-12.5635771019474,-0.546980189942021,-23.9581385684454,19.4604330775151,-12.3178557524673
0.222740176690186,-1.46620765698668,-12.5574926636975,-0.545223166427332,-23.9345274809012,19.4334770137949,-12.0878288912426
0.225685298790048,-1.46843923535221,-12.5528608442035,-0.542178189289062,-23.9104176946703,19.4060988362439,-11.8686247503386
0.228155839969359,-1.47099978689395,-12.5495445592743,-0.537843987730048,-23.8859588168579,19.3776661733637,-11.6646755548362
0.230141858151479,-1.47390771282307,-12.5473938747891,-0.532104489028215,-23.8610922964923,19.3474708448891,-11.4798337410721
0.231620169304108,-1.47716662528054,-12.5462927699769,-0.524732441275696,-23.8355686416094,19.314838555878,-11.3177682265666
0.232547322466936,-1.48076707333211,-12.5461923433391,-0.515416347050149,-23.8090059745808,19.2792182447179,-11.1824240250723
0.232858886340606,-1.48468546741398,-12.5471287829789,-0.503811410196869,-23.7809737140848,19.2402491300209,-11.0783165203489
0.232476570083818,-1.48888325791682,-12.5492279187978,-0.489609817627308,-23.7510813907855,19.1977816538728,-11.0104865867492
0.2313204288368,-1.49331129973622,-12.5527021658505,-0.472610970325585,-23.71905016671,19.1518179329154,-10.9841822539635
0.22931966630666,-1.49792026707557,-12.5578497940765,-0.452770651183029,-23.6847630752794,19.1023893238528,-11.0045688793453
0.226417842436701,-1.50267360953522,-12.5650657562945,-0.430227305942509,-23.6483150123156,19.0494601182196,-11.0766382981122
0.222573794630877,-1.50756049306983,-12.5748666174373,-0.405315684525015,-23.6100804010525,18.9929643880822,-11.2051454529498
0.217762647171538,-1.51260729376653,-12.5879198397324,-0.378564958593733,-23.5707766811669,18.9330631093698,-11.3942386229031
0.211981285212527,-1.51788091160455,-12.6050490118598,-0.350648184129965,-23.5314243167022,18.8706652127319,-11.6464152151793
0.205258937795699,-1.5234661797348,-12.6271715595651,-0.32222269790342,-23.4930035460058,18.8081065210414,-11.9602409287887
0.197661526093371,-1.52939674556161,-12.6551559475016,-0.29362886229973,-23.4556250679432,18.7494777150319,-12.3262184631967
0.189261740468682,-1.5355608673678,-12.68972558427,-0.264600452771351,-23.4175239947803,18.6995469126263,-12.7224485577861
0.180066394853831,-1.54169311014674,-12.7316487202513,-0.234400375692379,-23.3750724619863,18.6609440863448,-13.1167947056385
0.169968095288961,-1.54751616272765,-12.7820478164568,-0.202473156231332,-23.3244503592729,18.6322913974584,-13.4782247809507
0.15877919493646,-1.5528721250937,-12.8422075337093,-0.168929678606372,-23.2633652340236,18.6097512415364,-13.786044700471
0.146301879906577,-1.55770888874968,-12.9128700783341,-0.134446607035062,-23.1914094817477,18.5896660271856,-14.0299694112746
0.132383129795384,-1.56199695499974,-12.9936087946802,-0.0998909190835769,-23.1095811067005,18.5696887045832,-14.2062236191986
0.116950153268345,-1.56567542140782,-13.0826290875809,-0.0660127992770259,-23.0197409178066,18.5486133272771,-14.3142110584795
0.100030052040367,-1.56864899211403,-13.1769919814052,-0.0333111091532483,-22.9241902476833,18.5258634110229,-14.354445741681
0.0817502429099085,-1.57081392240262,-13.2731214784328,-0.00203929347869484,-22.8252970984592,18.5011153899967,-14.3275049120283
0.0623177367773338,-1.57208378394593,-13.3673980066315,0.0277182375665182,-22.7251381876863,18.4741688044795,-14.2338043475394
0.0419860038668812,-1.572398385189,-13.4566351708417,0.0559578436115607,-22.6252172367123,18.4450714271636,-14.0739739396724
0.0210264509850672,-1.57171980305459,-13.5383645459978,0.0826889365421789,-22.5263337066043,18.4144951230444,-13.8496765231948
-0.000282454380164486,-1.57003543975964,-13.6110429747338,0.107899171096302,-22.4286328299801,18.3842846726666,-13.5649056231776
-0.0216511712388212,-1.56738671976984,-13.6743396726542,0.13155350846676,-22.3318497934315,18.3578586128158,-13.2279100535822
-0.0427827787008752,-1.56391686004659,-13.7294283394878,0.153607795755892,-22.2357442413254,18.3397523896821,-12.8533866188795
-0.0634115442162098,-1.55989132353187,-13.7788671280413,0.173995699098621,-22.1405429245853,18.3336963006462,-12.463087052872
-0.0833630866513618,-1.55563852931433,-13.8257281658391,0.192593107109922,-22.0469773856739,18.340248546609,-12.0825103080372
-0.102572677974738,-1.55143288184815,-13.8723932504817,0.209235419782687,-21.9558215162592,18.3564417256138,-11.7346287762211
-0.121036302357591,-1.54741695669958,-13.919916686754,0.223787629218265,-21.8674466141519,18.3777856077497,-11.4352100394172
-0.138747327461528,-1.54361481634845,-13.96825199302,0.236176666133095,-21.7817655820655,18.4003630002695,-11.192478183755
-0.155666930248879,-1.5399943745408,-14.0168591711729,0.246369599092151,-21.6984228094711,18.4216328572442,-11.0094307073991
-0.171727112608761,-1.53652150818457,-14.0651915669018,0.254348807265823,-21.6169963254749,18.4402720042708,-10.8862732642962
-0.186846031129991,-1.53318672119485,-14.112924204484,0.260111152205018,-21.5371266729825,18.4557255641758,-10.8220700761473
-0.200941585182266,-1.53001119509307,-14.1600014379616,0.263686061906258,-21.4585824474167,18.4678231703822,-10.8156892677637
-0.213938133964626,-1.5270435244919,-14.206610049551,0.265161987570082,-21.3812955829313,18.4765666227889,-10.8662248331583
-0.225765934073756,-1.52435368835355,-14.2531375647828,0.264714828052324,-21.3053893024486,18.4820966608974,-10.9729883935474
-0.236354690593602,-1.52202490194988,-14.3001225483577,0.262630601856113,-21.2311973021029,18.4848270413159,-11.1351328271812
-0.245624345263478,-1.52013987325519,-14.3481688681946,0.259305736553662,-21.1592402061214,18.4857177012745,-11.350958447009
-0.253479867687989,-1.51875739668951,-14.3977928479733,0.255198570707461,-21.0900937404092,18.4865902865462,-11.6168799562454
-0.259821587291639,-1.51788100840192,-14.4492158942249,0.250708797129332,-21.0240846758844,18.4902505371611,-11.9259440142385
-0.264581906099872,-1.51743578188142,-14.5022089544039,0.245998961956672,-20.9608518825823,18.5000393285279,-12.2660603386744
-0.267780166156427,-1.51728333346399,-14.5561808567526,0.240858933466611,-20.8990469878908,18.5185651534656,-12.619213881272
-0.269551086266471,-1.51728774857028,-14.6105928071205,0.234780513221495,-20.8366026362569,18.5461960887637,-12.9638457055168
-0.270102184172134,-1.51738699392483,-14.6653936389419,0.227267108286648,-20.7715903137687,18.580775932483,-13.2803304080652
-0.269630256471813,-1.51760703021081,-14.7210399074203,0.218121697677624,-20.7029818850276,18.6190246945121,-13.5554501073844
-0.268270998352139,-1.51802249277587,-14.7781544153097,0.207485257741178,-20.630751089593,18.6581644799402,-13.78284188331
-0.266101698612084,-1.5187118751623,-14.8372132351954,0.195692197213916,-20.5555009707939,18.6965663417048,-13.9608695329822
-0.263166792770876,-1.51973291587743,-14.8984459827147,0.183111999509518,-20.4780422694923,18.7335886355164,-14.0903879252827
-0.259500330326707,-1.52111639346118,-14.9618845618681,0.170054220810681,-20.3991189126663,18.7691785732006,-14.1732794396427
-0.255138556080826,-1.52286931590109,-15.0274489058726,0.156733192455876,-20.3192840352095,18.8035399178161,-14.2116305356461
-0.250125369860082,-1.52498074673842,-15.095010492315,0.143266044471987,-20.2388702453006,18.836932578644,-14.2073000313096
-0.244514863911387,-1.52742697560427,-15.1644243321659,0.129682560621231,-20.1580003203533,18.8695845554947,-14.1617461815358
-0.238373739974965,-1.53017524276992,-15.2355421610925,0.115936362571879,-20.0766054914693,18.9016862278569,-14.0760523852664
-0.231784623798325,-1.53318657188435,-15.3082217263777,0.101916409854919,-19.994441817964,18.933446262694,-13.951122269101
-0.224849472982339,-1.53641880174226,-15.3823405072044,0.0874641643909278,-19.9111161041214,18.9651932095987,-13.7880437452075
-0.217690096305207,-1.53983102386573,-15.4578128064954,0.0724046209854856,-19.826150010055,18.9974946345302,-13.5886605607279
-0.210440506210207,-1.5433903701072,-15.53459986307,0.0565968627619787,-19.7391177006747,19.0312292668334,-13.3564044761946
-0.203225687227203,-1.54708075815466,-15.6126974193922,0.0399973315882037,-19.6498669953995,19.0674999608932,-13.0973188869536
-0.196128429133476,-1.550909650112,-15.6920896604274,0.0227040278247207,-19.5587488849308,19.1072903546918,-12.8208075464658
-0.189161906190231,-1.55490471638538,-15.7726735391673,0.00493078603991039,-19.4666746889215,19.1509648147363,-12.5391908356755
-0.182274246211871,-1.55909556708164,-15.8541718730413,-0.0131040449829207,-19.374871634505,19.1979907258468,-12.2655878012045
-0.175388194397745,-1.56348986721958,-15.9360588470236,-0.0313021213351381,-19.2844830751772,19.2471666208327,-12.011232796367
-0.168444751618809,-1.56806078242468,-16.0175284173849,-0.0497261803415959,-19.1963076575625,19.2971430747322,-11.7839946564542
-0.161421748214122,-1.57275147100419,-16.0975375094829,-0.0685461267837784,-19.1107761682233,19.3468281209667,-11.5884901273153
-0.154326813846903,-1.57748930881408,-16.1749290616576,-0.0879506170697707,-19.0280529800916,19.3955269405442,-11.4269461418733
-0.147180144354039,-1.58220088024187,-16.2485992834308,-0.108078059033475,-18.9481400328332,19.4428944777102,-11.3000690529534
-0.139999929139492,-1.58682281065076,-16.3176525750256,-0.128984654559012,-18.8709397833549,19.4888128047511,-11.2076870064888
-0.132795152792725,-1.59130711116253,-16.381498890288,-0.150643250979533,-18.7962854212876,19.5332634285939,-11.1491742450611
-0.125564701355937,-1.59562187034755,-16.4398790619899,-0.172959666828111,-18.7239586024252,19.576226712098,-11.1237040733245
-0.118299747194711,-1.59974911033267,-16.4928317938291,-0.195794978302832,-18.6537077750213,19.6176175107982,-11.1303710971256
-0.110986904853296,-1.60368165255131,-16.5406286875674,-0.218986516363545,-18.5852703709568,19.6572547400375,-11.1682191535857
-0.103610925496063,-1.60742030142232,-16.5837016864062,-0.242363966340343,-18.5183962437229,19.6948591378786,-11.2362052279925
-0.0961567367585881,-1.6109719616134,-16.6225781537683,-0.265759273547543,-18.4528680079638,19.7300737282417,-11.3331203368734
-0.0886111730178046,-1.61434869591266,-16.6578291322942,-0.289010373104381,-18.3885145519656,19.7625017931719,-11.4574807541228
-0.0809648600847646,-1.61756727727401,-16.6900294093675,-0.31195959962708,-18.3252156405447,19.7917556743173,-11.6074009586421
-0.073214530872256,-1.62064851890267,-16.7197247456576,-0.334448442624265,-18.2628976360067,19.8175068463424,-11.7804640367822
-0.0653656333941989,-1.6236156466896,-16.7474018651148,-0.356311272225442,-18.2015226727496,19.8395257231787,-11.9736142703674
-0.0574345539390529,-1.62649130952026,-16.7734600595959,-0.377371529506947,-18.1410754620552,19.8577014756925,-12.1831065486038
-0.0494493699228701,-1.62929351366683,-16.7981882005206,-0.397443881906213,-18.0815523656712,19.8720388722586,-12.4045514343151
-0.0414481442445472,-1.6320315835441,-16.8217548676677,-0.416344095651436,-18.0229558398776,19.8826383276212,-12.6330840520396
-0.0334746142588529,-1.6347036939194,-16.8442187001519,-0.433904835525975,-17.9652943262585,19.889671666521,-12.8636526584826
-0.0255724073555688,-1.63729712816904,-16.8655594582577,-0.449991992025199,-17.908584804966,19.8933652746356,-13.0913759733387
-0.0177797692627392,-1.63979126237141,-16.8857210178883,-0.464515166232434,-17.8528543219187,19.8939949054092,-13.311883591378
-0.0101265109070775,-1.64216207919269,-16.9046522585398,-0.477428741944546,-17.798138249211,19.8918879349539,-13.5215584095894
-0.0026336774253937,-1.64438656548868,-16.9223343587848,-0.488724560187337,-17.7444754762592,19.8874250046548,-13.7176427286059
0.00468476266491605,-1.64644578868161,-16.9387907352465,-0.498420373551986,-17.6919023486445,19.8810349151717,-13.898220324315
0.0118194123230908,-1.64832628156292,-16.9540829873915,-0.506548531648571,-17.6404473441833,19.8731812340701,-14.06211648101
0.018763129011858,-1.65002003044536,-16.9682993092999,-0.513147636949002,-17.5901277231249,19.8643428816557,-14.2087611569464
0.0255094096974968,-1.65152363398097,-16.9815412380371,-0.518257872982382,-17.5409484572264,19.8549925783966,-14.3380484523069
0.0320515629234161,-1.65283715957802,-16.9939123675896,-0.521919350917405,-17.4929030652196,19.8455768287828,-14.4502107406736
0.038382517980766,-1.65396304732858,-17.0055104640998,-0.524172307772,-17.4459756229946,19.8364999610518,-14.545714549442
0.0444950503725777,-1.65490522813768,-17.016422974876,-0.525058042726771,-17.4001431343265,19.8281133787838,-14.6251785615176
0.0503822148454204,-1.65566849020336,-17.0267252332417,-0.524619777612512,-17.3553776162573,19.8207100615789,-14.6893108005568
0.0560378219681521,-1.65625805635395,-17.0364804876842,-0.522902969566022,-17.3116475224253,19.8145236311742,-14.7388610101126
0.0614568338494686,-1.65667930974882,-17.0457409684101,-0.519954907148585,-17.2689184825991,19.8097309684803,-14.7745843874221
0.0666355960233981,-1.65693761157852,-17.0545493996667,-0.51582365056268,-17.2271535830691,19.8064572761994,-14.7972137522683
0.071571861303682,-1.6570381747669,-17.0629405648956,-0.510556540350464,-17.1863135542078,19.8047825300487,-14.8074383836531
0.0762646066532473,-1.6569859813371,-17.0709427298903,-0.504198576441101,-17.1463571717899,19.804748363217,-14.8058888320658
0.0807136887987922,-1.65678574842108,-17.0785788905012,-0.496790959983978,-17.1072419799986,19.8063645904553,-14.7931276534357
0.084919413643891,-1.65644195485082,-17.0858679276624,-0.488370010158977,-17.0689252296058,19.8096148058895,-14.7696460804015
0.088882103859925,-1.65595893789105,-17.0928258200559,-0.47896655509139,-17.0313647710823,19.814460761416,-14.7358663023879
0.0926017367485161,-1.65534106207035,-17.0994670823981,-0.468605798610094,-16.994519619496,19.8208454980289,-14.6921485557514
0.0960777014767887,-1.65459295373381,-17.1058065797,-0.45730761015507,-16.9583499815326,19.8286954032038,-14.6388018980567
0.0993087004894057,-1.65371978850462,-17.1118618248179,-0.445087179449495,-16.9228166612365,19.8379214726144,-14.576097476493
0.102292802600506,-1.65272761430474,-17.1176558069575,-0.431956000369799,-16.8878798739247,19.8484200718278,-14.5042832476539
0.10502764478078,-1.65162368887468,-17.1232203185169,-0.417923179135404,-16.8534975836276,19.8600734523398,-14.4235993593669
0.107510773331249,-1.65041680667836,-17.1285996414888,-0.402997081865937,-16.8196235382,19.8727502117216,-14.3342936716409
0.10974010897802,-1.64911758505155,-17.1338543204972,-0.387187334107603,-16.7862052208558,19.8863058306896,-14.2366371247199
0.111714510987649,-1.64773867353306,-17.1390645954333,-0.370507155638332,-16.753181981852,19.9005833912288,-14.1309388543129
0.113434401139371,-1.64629484398416,-17.1443329167219,-0.352975956798016,-16.7204836622104,19.9154145879022,-14.0175611067545
0.11490238919898,-1.64480291366737,-17.1497848602552,-0.334622045222226,-16.6880300702799,19.9306211754389,-13.8969341160762
0.116123820275513,-1.64328145072508,-17.1555677514527,-0.315485200455613,-16.6557316894506,19.9460170179596,-13.769571066131
0.117107145321623,-1.64175021555538,-17.1618464544374,-0.295618783520531,-16.6234919407081,19.9614108669639,-13.6360829152649
0.117864006101243,-1.64022930916767,-17.1687961273476,-0.27509097555432,-16.5912111372012,19.9766098576514,-13.4971920063606
0.118408934446171,-1.6387380400893,-17.1765922964105,-0.253984711893784,-16.558791911536,19.9914234893693,-13.3537419975751
0.118758603423982,-1.63729359181354,-17.1853992947734,-0.232395938662041,-16.5261454043791,20.0056676459954,-13.2067001544283
0.118930642706677,-1.63590966672208,-17.1953587649387,-0.210430015674327,-16.4931970322895,20.0191681777292,-13.0571474279287
0.118942135382424,-1.63459536930587,-17.2065802226997,-0.188196448236821,-16.4598904902601,20.0317638041505,-12.9062532447312
0.118808018370412,-1.63335461825444,-17.219135293776,-0.165802585784201,-16.4261890447936,20.043308509528,-12.7552359513506
0.118539664162542,-1.63218629747623,-17.2330560615851,-0.143347302268719,-16.3920741273058,20.0536738888047,-12.6053149851322
0.118143889016469,-1.631085173616,-17.2483363599396,-0.120915772010638,-16.357542355547,20.0627518068388,-12.4576642411216
0.117622518362812,-1.63004338766699,-17.2649335579895,-0.0985761883871982,-16.3226027878528,20.0704573082701,-12.3133753417927
0.116972499279734,-1.62905216086523,-17.2827681600336,-0.0763787718542921,-16.2872760556112,20.076731295736,-12.1734347958983
0.116186448717631,-1.62810329589004,-17.3017197261849,-0.0543569219400823,-16.2515960463841,20.0815423872554,-12.0387131336018
0.115253496347625,-1.62719010699496,-17.3216200234762,-0.0325300636724176,-16.2156133809301,20.0848875813774,-11.9099604603991
0.114160304900354,-1.62630755852081,-17.3422472016037,-0.0109076308399112,-16.1793985472444,20.0867916676133,-11.7878034090892
0.112892183041014,-1.6254516160733,-17.3633267637048,0.0105063894494645,-16.1430418477049,20.0873054872227,-11.6727426179182
0.111434207976534,-1.6246180834892,-17.3845443785108,0.0317089478891622,-16.1066479328844,20.086503130716,-11.5651546661346
0.109772246984192,-1.62380141023664,-17.4055712355528,0.0526940492826588,-16.0703248554291,20.0844780888304,-11.4653040732748
0.107893748707596,-1.62299396614025,-17.4260964132608,0.0734499582006994,-16.0341703486051,20.0813384166824,-11.3733675602922
0.105788210730595,-1.6221860435926,-17.4458566922368,0.0939576766479493,-15.9982596248632,20.0772011475079,-11.289466571107
0.103447317505819,-1.62136649719362,-17.4646554411349,0.114190553990255,-15.9626382190402,20.0721863709152,-11.2136998979556
0.100864830537983,-1.62052368932145,-17.4823675392429,0.134114686246433,-15.9273209329773,20.0664114320945,-11.146169038298
0.0980363503192492,-1.61964638882644,-17.4989328060566,0.153689743688224,-15.892295566709,20.0599855992285,-11.0869931954984
0.0949590516914851,-1.61872440651655,-17.5143430827526,0.17286996534704,-15.8575290868282,20.0530053784522,-11.0363151543424
0.0916314500589278,-1.61774891428505,-17.5286278008019,0.191605181967921,-15.8229741387742,20.0455505177634,-10.9943014114844
0.0880532168240432,-1.61671250103863,-17.541841103168,0.209841808700052,-15.7885746516208,20.0376806666559,-10.9611399564993
0.0842250403794957,-1.61560905539531,-17.5540517999974,0.227523786299349,-15.75427007533,20.0294326309328,-10.9370380195623
0.0801485229981244,-1.61443355758106,-17.5653362689939,0.244593455859469,-15.7199982941648,20.0208181609302,-10.9222208873753
0.0758261057854716,-1.6131818382116,-17.575773868227,0.260992352235665,-15.6856974782413,20.0118222196187,-10.9169319595953
0.0712610192161754,-1.61185033688527,-17.5854442923013,0.27666189732081,-15.651307187195,20.0024016955214,-10.9214336480863
0.0664572610947369,-1.61043587486975,-17.5944263652604,0.291543976354693,-15.6167690053412,19.9924845542676,-10.9360083998985
0.0614196076114852,-1.60893544501413,-17.6027978855803,0.305581380572826,-15.5820269378396,19.9819694698019,-10.9609589402694
0.0561536641686463,-1.6073460165752,-17.6106362580299,0.318718103861682,-15.5470277421148,19.9707260396725,-10.9966066951302
0.050665962701652,-1.60566435214193,-17.6180197318879,0.33089948060279,-15.5117213329001,19.9585957707289,-11.0432872210062
0.0449641085683686,-1.60388683676272,-17.6250291097723,0.342072153345324,-15.4760613661029,19.9453941090086,-11.1013413430603
0.0390569735938269,-1.60200932600194,-17.6317497876766,0.352183857449922,-15.440006085147,19.9309138673368,-11.1711006026851
0.0329549193337445,-1.60002702944006,-17.6382739327639,0.361183012937663,-15.4035194827651,19.91493044413,-11.2528656129371
0.0266700181696455,-1.59793445990027,-17.6447024935816,0.369018119496926,-15.3665727991686,19.8972091969216,-11.3468760499639
0.0202162195858088,-1.59572549534117,-17.6511465688205,0.375636969077986,-15.3291463237938,19.877515194114,-11.4532713096882
0.0136093894416411,-1.59339361707418,-17.6577274691928,0.380985725456653,-15.2912313729486,19.8556252973975,-11.5720412699547
0.00686714044222349,-1.59093239935039,-17.6645746200477,0.385007978646005,-15.2528321685388,19.8313421150221,-11.7029670772191
8.38046479803318e-06,-1.58833631921951,-17.6718204092608,0.387643961778481,-15.2139671057651,19.8045088226384,-11.8455524238884
-0.00694745447064239,-1.58560191690345,-17.679591319001,0.388830210836489,-15.17466862469,19.7750231767881,-11.9989468316521
-0.0139814423569634,-1.58272924487051,-17.6879954134858,0.388500034511521,-15.1349807106654,19.7428482521114,-12.1618651472524
-0.0210763464500088,-1.57972338840269,-17.6971076411563,0.386585199090729,-15.0949532667597,19.7080166999674,-12.3325131707363
-0.0282176607292952,-1.57659564145429,-17.706956349868,0.383019144217968,-15.0546335272651,19.6706252052968,-12.5085383932301
-0.0353942060698066,-1.5733637723382,-17.7175161827993,0.377741714364812,-15.0140563040355,19.6308173470589,-12.6870332417796
-0.0425979927982313,-1.57005087742328,-17.7287126640984,0.37070477136514,-14.9732362917441,19.5887569395806,-12.8646168421677
-0.0498232477810366,-1.56668273020971,-17.7404408804784,0.361877363111189,-14.9321654695944,19.5445990477372,-13.0376010688049
-0.0570647866273205,-1.56328418162934,-17.7525951323486,0.351248887371037,-14.8908161438356,19.49846873578,-13.2022116481401
-0.0643161471916493,-1.55987565738275,-17.7651013725315,0.338829318379348,-14.8491467967308,19.4504549573267,-13.3548073482021
-0.0715679390638548,-1.5564707490166,-17.7779432651454,0.324646780241054,-14.8071062208439,19.4006196826331,-13.4920422235098
-0.078806685168954,-1.55307534238076,-17.7911762971382,0.308743705234374,-14.7646325755647,19.3490154046024,-13.6109459546123
-0.086014161674306,-1.54968807987423,-17.8049295922416,0.291172909582242,-14.7216467354847,19.2957020008782,-13.7089319929667
-0.0931670261973055,-1.54630157809642,-17.8193985777651,0.271994318028328,-14.6780416108206,19.240756832635,-13.7837620233651
-0.1002364387225,-1.54290377923672,-17.8348322445426,0.251272325362912,-14.6336700561757,19.1842771024702,-13.833496117856
-0.1071874150854,-1.53947896547961,-17.8515170086751,0.229073328764607,-14.5883340032399,19.1263781796439,-13.8564502762406
-0.113977787209098,-1.53600817422489,-17.8697560983132,0.205462905051431,-14.5417775774255,19.067194653519,-13.8511759381021
-0.120556875048633,-1.53246898380343,-17.8898396515509,0.180502396175859,-14.4936881554639,19.0068923337722,-13.8164732021609
-0.126864345313065,-1.52883494427635,-17.9119974014477,0.154245250208317,-14.4437118986422,18.9456993530412,-13.7514508004139
-0.132830296598275,-1.52507536548604,-17.9363259791592,0.126734316670536,-14.3914930412993,18.8839618986296,-13.6556498155788
-0.138378295981142,-1.52115665926707,-17.9626928572483,0.0980023118558814,-14.3367451172607,18.8222218928065,-13.5292515380479
-0.143433395195424,-1.51704648993102,-17.9906453765074,0.0680783563631181,-14.2793506640698,18.7612960626417,-13.3733839789632
-0.147935890650042,-1.51272076039326,-18.0193885964132,0.0370025860689725,-14.219460843953,18.7023093785826,-13.1905088651857
-0.151857667674261,-1.50817072969295,-18.0479004616339,0.0048467189764419,-14.1575424344933,18.6466186303008,-12.9847963751519
-0.155212950235245,-1.5034054749942,-18.0751793407751,-0.0282683519716097,-14.0943291678446,18.5955884921699,-12.7622992727412
-0.158054758415405,-1.49844707928446,-18.1004986792159,-0.06217068869153,-14.0306880640622,18.5502679089994,-12.5307053337672
-0.160456383383546,-1.49332190766445,-18.1235102172059,-0.0966573135379562,-13.9674626130368,18.5111078501792,-12.2985837131967
-0.162487892813653,-1.48805460384904,-18.1441599814478,-0.131527079785545,-13.9053521356516,18.4778683909513,-12.0743349022441
-0.164199912806639,-1.48266783549791,-18.1625287040651,-0.166607662698727,-13.8448481652167,18.4497529229726,-11.8652670076682
-0.165619257376229,-1.47718516423027,-18.1787209294844,-0.201763715123432,-13.7862228189485,18.4256731137784,-11.6771154462917
-0.166752946030241,-1.47163307148099,-18.1928345409229,-0.236887164388415,-13.729558259273,18.4045062086243,-11.5140149369845
-0.167595192346424,-1.46604063777939,-18.2049736269026,-0.271879187814028,-13.6748028498649,18.3852615441677,-11.3787315449488
-0.168133999348259,-1.46043767163138,-18.2152651650698,-0.306633081420492,-13.6218358137979,18.3671478652298,-11.2729645609424
-0.168356218305279,-1.45485261313759,-18.2238644757141,-0.341022858645073,-13.5705243211306,18.3495738391116,-11.1976169596748
-0.168251042469522,-1.44931107215082,-18.230951353547,-0.374898493894656,-13.5207643426202,18.3321201129621,-11.1530030853749
-0.167812240833683,-1.44383533363489,-18.2367231120273,-0.408086743597827,-13.4725039669874,18.3145108786004,-11.1389912885502
-0.167039422377724,-1.43844488323213,-18.2413888354065,-0.440396144880809,-13.4257518561477,18.296599956512,-11.155085532302
-0.165938464373007,-1.43315790305287,-18.2451659638338,-0.471625313110824,-13.3805740587664,18.2783762242889,-11.200450781439
-0.164521042317973,-1.4279936034445,-18.2482778719318,-0.501574243306804,-13.3370810710858,18.2599861276326,-11.2738891881438
-0.162803060938128,-1.4229750695949,-18.2509497679856,-0.530058353157692,-13.2954055196524,18.2417655445969,-11.3737785701774
-0.160801813985611,-1.41813197994031,-18.2534001525152,-0.556924141610085,-13.2556704383722,18.224268165671,-11.497991301624
-0.158531984163763,-1.41350219596686,-18.25582639435,-0.582063687819194,-13.2179495551359,18.208273043778,-11.6438207742628
-0.156001128673241,-1.40913109720791,-18.2583856848208,-0.605423512862572,-13.1822243212132,18.1947525356937,-11.8079518695907
-0.153205878505162,-1.40506797566217,-18.2611759574884,-0.627002973543097,-13.148346413222,18.1847876190124,-11.9865127310013
-0.150130297490903,-1.40135990975921,-18.2642235116425,-0.646839708480017,-13.1160165568176,18.1794331568149,-12.1752252456385
-0.146747336145914,-1.3980448387095,-18.2674830626129,-0.664984497519814,-13.084788176181,18.1795573001889,-12.3696305405182
-0.143023195614124,-1.39514615923019,-18.2708515980624,-0.681472636475914,-13.0540974798261,18.1856955736244,-12.565328250912
-0.138923353885643,-1.39267056747906,-18.2741923229116,-0.696300327682139,-13.0233135758543,18.19796035163,-12.7581666573301
-0.134418603466099,-1.39060952851879,-18.2773622314948,-0.709411890575464,-12.9917971692028,18.2160295843233,-12.9443565424524
-0.129489721090435,-1.38894357282098,-18.2802371481716,-0.720699043754288,-12.9589557805789,18.2392136389093,-13.1205199733895
-0.124129987782904,-1.38764804003104,-18.2827299499642,-0.73000979951103,-12.9242861494629,18.2665765949102,-13.2836958566857
-0.118345470410926,-1.38669881962263,-18.2847998382133,-0.73716281412166,-12.8873991048196,18.2970760304934,-13.4313115732331
-0.112153639728286,-1.38607688792611,-18.286452663039,-0.741963298957762,-12.8480274120986,18.3296870304308,-13.5611196119924
-0.10558128184672,-1.38577090132615,-18.2877341546032,-0.744218238921264,-12.806021050417,18.3634896965666,-13.6711047135503
-0.0986624783005083,-1.38577764395963,-18.2887188401832,-0.74375055394516,-12.7613350350659,18.3977171618999,-13.7593833531888
-0.0914367423953221,-1.38610060625876,-18.2894971309436,-0.740412483497223,-12.7140120573904,18.4317744436492,-13.8241256248595
-0.083946808544949,-1.38674732016609,-18.2901620578041,-0.734097269424102,-12.6641591007351,18.465242568764,-13.8635187055074
-0.0762357256409532,-1.38772623061031,-18.2907962576672,-0.724746718754911,-12.6119181357769,18.4978784371639,-13.8757703299254
-0.068343595151722,-1.38904377418765,-18.2914594624308,-0.712352643531925,-12.5574354469144,18.5296153380216,-13.8591432163097
-0.060304650146096,-1.39070208185072,-18.2921768966579,-0.696952130342843,-12.5008367429381,18.5605673872035,-13.81202504368
-0.0521451969206965,-1.3926975751958,-18.2929298273552,-0.678617908596491,-12.442214168187,18.59104179923,-13.7330574222683
-0.0438827891265168,-1.39502079811672,-18.2936515419966,-0.65744514839748,-12.3816297347493,18.6215605147209,-13.6213583166736
-0.0355272255901901,-1.39765802010436,-18.2942354121464,-0.633536031022927,-12.3191394117848,18.6528833639717,-13.4768774742214
-0.027084372208477,-1.40059521917304,-18.2945652099736,-0.606984645717809,-12.2548411393749,18.6860068082159,-13.3009247122089
-0.0185637416461507,-1.40382460049239,-18.2945774796891,-0.577867292973065,-12.1889431118341,18.7220887432346,-13.0968823090374
-0.00998917109461787,-1.40735229944985,-18.2943535975807,-0.546245599559865,-12.1218298703151,18.762241098316,-12.870988171043
-0.00140804810172691,-1.41120333810399,-18.2942082653929,-0.512187991500533,-12.0540752750159,18.8071851871952,-12.6327972030048
0.00710927139015637,-1.41541837202829,-18.2947073470484,-0.475804517552137,-11.9863439983202,18.8569087118786,-12.3946793508134
0.0154845973718455,-1.42004052402463,-18.2965672141448,-0.437275393545301,-11.9191872716072,18.910578614697,-12.1700664017101
0.0236532191656805,-1.42509917216648,-18.3004860161402,-0.396854092891686,-11.8528458976201,18.966823328527,-11.9712166892019
0.0315755811953355,-1.43060108116761,-18.307029445166,-0.354847858939899,-11.7871840712464,19.024185014813,-11.8077527197053
0.039233122864883,-1.43653274484493,-18.3166393174812,-0.31159555385585,-11.7217625253255,19.0814550073181,-11.6863818006715
0.0466148598670193,-1.44287017168349,-18.3297334176355,-0.267456758046838,-11.655969797082,19.1377917777241,-11.6112855329039
0.0537031010261161,-1.44959065593777,-18.3468258177557,-0.222811401678273,-11.5891398914137,19.1926910171016,-11.5845954889917
0.0604612907005185,-1.45668297361391,-18.3686041225028,-0.178060878520852,-11.5206357229832,19.2459163563332,-11.6066991765299
0.0668225759844327,-1.46415392345295,-18.3958951681236,-0.133619918039496,-11.4499216468506,19.2974682052331,-11.6763362340841
0.0726784224918129,-1.4720284677579,-18.4294120633814,-0.0898897938773366,-11.3766790055342,19.3476126297878,-11.7905196415994
0.0778743685255692,-1.48033830125897,-18.4691738615932,-0.0472083504691752,-11.3010166892116,19.3969122834166,-11.9443512830687
0.0822312228070383,-1.48909446784305,-18.513744154785,-0.00578721065988275,-11.2237155744784,19.446114984413,-12.1308353299339
0.0856032470022512,-1.49825369801452,-18.5600071937349,0.0343276078724495,-11.1462171408158,19.4957897280354,-12.3408632757474
0.0879415153388942,-1.50770839804216,-18.6041928977196,0.0732275863984547,-11.0701157549808,19.5458890387307,-12.5636833482611
0.0893057126395947,-1.51731724787918,-18.6434935543588,0.111047227449489,-10.9965053089688,19.5956437212241,-12.7880910653549
0.0898211511000734,-1.52695044594961,-18.676825619837,0.147861659704921,-10.9257685897166,19.643894447751,-13.0039876156891
0.0896281809574539,-1.53651532926928,-18.7044709183459,0.183631849282865,-10.8578131560058,19.6895495021848,-13.2035201134429
0.088852989682759,-1.54595657900659,-18.7273564976659,0.218206704674364,-10.7923732172844,19.7318779616045,-13.381400660396
0.0875978873847045,-1.55524391506706,-18.7465271421063,0.251359231596426,-10.7291741374477,19.7705779211471,-13.5346071132643
0.0859415285235153,-1.56435910761836,-18.7628967157151,0.282830415849687,-10.6679776621607,19.8056943460365,-13.6618426386487
0.0839428921832521,-1.57328711360239,-18.7771797194758,0.312365104741371,-10.6085769458897,19.8374803516624,-13.7629932808099
0.0816460844118957,-1.58201148313322,-18.7899048268546,0.339735074783259,-10.5507829142335,19.8662655601432,-13.8386751474101
0.0790846387694138,-1.59051262854716,-18.8014532994427,0.364750727374079,-10.4944156683125,19.8923598119767,-13.8898917412658
0.0762847965268591,-1.59876761100927,-18.8120968374014,0.387264906720072,-10.4393019667732,19.9159964931931,-13.9177964833316
0.0732676955367143,-1.60675061087646,-18.8220265492349,0.40717207248725,-10.3852765355697,19.9373084011317,-13.9235460257163
0.070050627099717,-1.61443370469017,-18.8313722886568,0.42440498688852,-10.3321851785063,19.9563263128057,-13.9082266646592
0.0666476124138663,-1.62178786120576,-18.8402142775069,0.438930021012549,-10.2798885338174,19.9729918402247,-13.8728365885753
0.0630695775829956,-1.62878420708605,-18.8485895657357,0.450741441380585,-10.2282659329959,19.9871787271705,-13.8183089823967
0.0593244139330486,-1.63539564245258,-18.8564959100615,0.459854670225534,-10.1772189825325,19.9987188908815,-13.7455632815612
0.0554172095044011,-1.64159882878587,-18.8638956283962,0.466298492684473,-10.1266743015289,20.0074306136803,-13.655572826704
0.0513509103737748,-1.64737643258749,-18.870721933982,0.470106459247405,-10.0765845180523,20.0131462787561,-13.549436693752
0.047127590099795,-1.65271930114041,-18.876889904433,0.471308220700327,-10.0269264908723,20.0157362866451,-13.4284430116126
0.0427503649885834,-1.65762802728627,-18.8823132656562,0.469922111262496,-9.97769617891054,20.0151251056176,-13.2941134240654
0.0382258158669476,-1.66211325289122,-18.8869264845803,0.465950802172795,-9.9289006992184,20.0112959063825,-13.1482254681679
0.0335665888975587,-1.6661942129137,-18.8907096214821,0.459382029484125,-9.88054919149476,20.0042825734618,-12.9928188048534
0.0287936580458585,-1.66989545808234,-18.8937115531466,0.450195849140688,-9.83264414010048,19.9941514463831,-12.8301948522871
0.0239375821113772,-1.67324224460096,-18.8960659561471,0.438378259588314,-9.78517374895561,19.9809782796818,-12.662912363626
0.0190381250717253,-1.6762555081113,-18.8979942933832,0.42393867031126,-9.73810521231248,19.9648273993664,-12.4937696536932
0.014141939611676,-1.67894755403551,-18.8997919088176,0.406926624365984,-9.69137901409965,19.9457395969864,-12.3257586829633
0.00929859756471705,-1.68131954901052,-18.9017978580202,0.387442610226299,-9.64490511994158,19.9237328969167,-12.1619834595697
0.00455585869090122,-1.68336150637121,-18.9043551265787,0.36563937165025,-9.59856203548716,19.8988161107636,-12.0055511485681
-4.46038776006234e-05,-1.68505474465513,-18.9077722122421,0.341713380532181,-9.55219892669403,19.8710102784096,-11.8594576502167
-0.0044699407757299,-1.68637603664106,-18.912296711559,0.315889527820379,-9.50563999498514,19.84036993607,-11.7264911492582
-0.00869677018228042,-1.68730224070463,-18.9181065821806,0.288403900124508,-9.45868984741886,19.8069962925025,-11.6091677459705
-0.0127097913690445,-1.6878142905823,-18.9253181171769,0.259489153434462,-9.41113903893236,19.771037616858,-11.5097011537811
-0.0164988748146128,-1.68789987857886,-18.9340045852766,0.229365136964088,-9.36276994603893,19.7326766539902,-11.4300002031665
-0.0200552998862865,-1.68755471081438,-18.9442171589782,0.1982352308524,-9.31336423393011,19.6921087962578,-11.3716842210439
-0.0233677610869889,-1.68678260903123,-18.9559993087021,0.166287224058746,-9.26271431211971,19.6495170841685,-11.3361047709087
-0.0264186718523698,-1.68559489238897,-18.9693858034623,0.133696766364114,-9.21064238219927,19.6050508254407,-11.3243609444883
-0.0291813601468663,-1.68400941208491,-18.9843775399109,0.100631384198367,-9.15703153175777,19.5588141123488,-11.3372945474724
-0.0316190974062223,-1.68204938924146,-19.0008864911022,0.0672535040669743,-9.10187183657066,19.5108689541628,-11.3754523821237
-0.0336873545640008,-1.67974189947598,-19.0186578345974,0.0337216965522478,-9.04531677380458,19.4612547507692,-11.4390074929034
-0.0353404953141802,-1.67711562468557,-19.0372031596952,0.000190265465475015,-8.98772918892567,19.4100210908414,-11.5276417615309
-0.0365423426613736,-1.67419767937308,-19.0558043574601,-0.0331920727613201,-8.92968033765365,19.357265984494,-11.6404058271902
-0.0372771793942333,-1.67101011097233,-19.0736319597471,-0.0662840947181133,-8.87187257452162,19.303170450907,-11.7755761100323
-0.0375566409978116,-1.66756752401458,-19.0899476237036,-0.0989556191521429,-8.81499600173953,19.2480233834894,-11.9305136746891
-0.0374204609109874,-1.66387712275225,-19.1042907066883,-0.131094186160546,-8.75957069402533,19.1922303787543,-12.1015214258163
-0.0369321983307215,-1.65994117732315,-19.1165590562218,-0.162613940051206,-8.70583218698795,19.1362926951048,-12.2837391672533
-0.0361713378285411,-1.65576062340674,-19.1269647733035,-0.193461891544722,-8.65369728739811,19.08074126664,-12.4711965714476
-0.0352220174368082,-1.65133812756191,-19.1359056558315,-0.22361540578281,-8.60282269560852,19.0260331572661,-12.6571622390561
-0.0341597351600103,-1.64667952820587,-19.1438155060198,-0.253068726420851,-8.552736727609,18.9724537660473,-12.8347942023599
-0.0330401062329812,-1.64179364710915,-19.1510499957006,-0.281813399216256,-8.50298833436661,18.9200780281627,-12.9978850876988
-0.0318939822109949,-1.63669132475066,-19.1578365841595,-0.309821486917943,-8.45325074396624,18.8688075649893,-13.1414150133675
-0.0307298150269271,-1.63138460231523,-19.1642814566053,-0.337038041537868,-8.4033520652459,18.8184525294967,-13.2617631762554
-0.0295405026613398,-1.62588645127042,-19.1704058884516,-0.363383507843751,-8.35324839989952,18.7688120102073,-13.3566283991929
-0.0283110297106044,-1.62021095099849,-19.1761860100843,-0.388762582196855,-8.30297287244756,18.7197262842564,-13.4248010169873
-0.0270245204440444,-1.61437363916543,-19.1815824270826,-0.413075175167435,-8.25258706345733,18.6710995025162,-13.4659071449819
-0.0256660049118005,-1.60839180736931,-19.186557236956,-0.436226238653994,-8.20214692733177,18.6229043813647,-13.4801889947335
-0.0242242409309971,-1.60228460356452,-19.1910815239504,-0.458132739545333,-8.15168472957901,18.5751813612055,-13.4683419669584
-0.0226922817494104,-1.59607285484777,-19.1951376570064,-0.478727223024762,-8.10120390606538,18.5280400782961,-13.4314085656602
-0.0210674164843563,-1.58977854425824,-19.1987198943805,-0.497958110492225,-8.05068301039648,18.4816655617469,-13.3707219194632
-0.0193508886759374,-1.58342390070774,-19.2018353500378,-0.515787270010702,-8.00008579253293,18.4363270028454,-13.2878892862149
-0.0175475547245748,-1.57703012315655,-19.204505921921,-0.532185668111716,-7.94937541743347,18.3923834100681,-13.1848036167498
-0.0156654444083908,-1.57061587397716,-19.206770536522,-0.547128150109752,-7.89853111919425,18.3502781425415,-13.0636673460862
-0.013715074475605,-1.56419582257209,-19.2086862031899,-0.560588568316725,-7.84756498894997,18.3105142217445,-12.9270080967592
-0.0117083844320081,-1.55777963236081,-19.2103261832174,-0.572536448849844,-7.79653549977719,18.2736060899787,-12.7776647463981
-0.00965731950138535,-1.55137176508136,-19.2117743220454,-0.582936032999326,-7.74555374895984,18.2400117006045,-12.6187288949666
-0.00757230926063092,-1.5449722736675,-19.2131161201374,-0.591747877966119,-7.69477937444487,18.2100588545302,-12.4534416871243
-0.0054610373471666,-1.53857843331531,-19.2144286699889,-0.598932507772361,-7.64440592596973,18.1838857270753,-12.285062317918
-0.00332785105405981,-1.53218679235314,-19.2157722033506,-0.604455156090262,-7.59463898926415,18.1614127527728,-12.1167327975393
-0.00117393288598775,-1.52579514324778,-19.2171853066008,-0.608290542507811,-7.54567265091923,18.1423522843205,-11.9513602633394
0.00100191276575574,-1.5194040222911,-19.2186843895436,-0.610426754743091,-7.4976698785242,18.1262499114553,-11.7915288761213
0.00320217382490526,-1.51301754102176,-19.2202666164305,-0.610867558774384,-7.45075042816116,18.1125433204109,-11.639445200025
0.00542957598310724,-1.50664353983598,-19.2219147950768,-0.609632805536244,-7.40498724169824,18.1006233682491,-11.4969162676379
0.00768628793262468,-1.50029318642036,-19.2236027172672,-0.606757026326855,-7.36041008519776,18.0898859206009,-11.3653565899649
0.00997347230377397,-1.49398021233835,-19.2252998775132,-0.602286696420185,-7.31701399898715,18.0797687742016,-11.2458179557463
0.012291152874217,-1.487719986687,-19.2269750473861,-0.596276857272887,-7.27476991321745,18.0697730653933,-11.1390341518988
0.0146383071839386,-1.4815285890911,-19.2285986298252,-0.58878776548278,-7.23363525577043,18.0594717690103,-11.0454726597961
0.0170130824702795,-1.4754219871562,-19.2301439831169,-0.579882043360626,-7.19356313294309,18.0485091779457,-10.9653868236428
0.0194130500485745,-1.46941537086165,-19.2315880070925,-0.569622559948283,-7.1545094157567,18.0365951937928,-10.8988641832687
0.0218354401858862,-1.46352265621449,-19.2329112861113,-0.558071064348442,-7.1164376244115,18.023497514643,-10.845868665703
0.0242773235272811,-1.45775614655174,-19.2340980408046,-0.545287467079893,-7.07932183618125,18.0090338823693,-10.8062757158328
0.0267357224983469,-1.45212632798682,-19.2351360887202,-0.531329614934039,-7.04314796835207,17.9930657247181,-10.7799001814004
0.0292076463727765,-1.44664177363911,-19.236016966989,-0.516253410432103,-7.00791378076587,17.9754939051564,-10.7665170764501
0.031690049649476,-1.44130913434899,-19.2367363298841,-0.50011315967399,-6.97362785387072,17.9562568718636,-10.7658754395745
0.0341797161483513,-1.43613320171279,-19.2372946952503,-0.482962079342464,-6.94030769800496,17.9353312358834,-10.7777055515586
0.0366730738368709,-1.43111703785758,-19.2376985692456,-0.464852937975101,-6.90797706067092,17.912734639032,-10.8017198411543
0.0391659492429049,-1.42626217417527,-19.2379619202666,-0.445838841676965,-6.87666245232616,17.88853063445,-10.8376079388781
0.0416532768529174,-1.42156888598495,-19.2381078937551,-0.425974193227441,-6.84638892349611,17.8628351440379,-10.8850265665425
0.0441287888707191,-1.41703654991652,-19.2381705583335,-0.405315849908033,-6.81717520641914,17.8358238423691,-10.9435853092018
0.0465847237611765,-1.4126640841827,-19.2381963593249,-0.383924474176218,-6.78902848120559,17.8077395369308,-11.0128298350543
0.0490116060698455,-1.40845045805579,-19.2382448530864,-0.361866010431269,-6.76193921819427,17.7788982977522,-11.092224802747
0.0513981602858478,-1.40439523742029,-19.2383882476808,-0.339213140107543,-6.73587674100939,17.7496928172073,-11.181139421695
0.0537314218369378,-1.40049911097807,-19.2387093356612,-0.316046480817148,-6.71078626748924,17.7205913730989,-11.2788391922504
0.0559970904000839,-1.39676432539464,-19.2392976137364,-0.292455246093408,-6.68658814517662,17.6921309852335,-11.3844873346608
0.0581801321238801,-1.39319495442692,-19.2402437334187,-0.268537099296135,-6.66317973411697,17.664903987596,-11.4971584263807
0.0602655821611546,-1.38979694640542,-19.2416328289275,-0.244397054744331,-6.64043993390648,17.6395382672424,-11.615864541526
0.0622394453245857,-1.38657793444668,-19.2435375683087,-0.220145473979767,-6.61823580778173,17.6166726005253,-11.7395910734119
0.0640895638158773,-1.38354684508331,-19.2460118213684,-0.195895416518486,-6.59643031559893,17.5969294707936,-11.8673363417183
0.0658063348277842,-1.38071338447702,-19.249085597861,-0.171759739259668,-6.57488998601002,17.5808881152133,-11.9981473128232
0.0673832153376938,-1.37808749990989,-19.2527615202879,-0.147848335197281,-6.55349147687464,17.5690602042802,-12.1311441718756
0.0688170223056838,-1.37567890197089,-19.2570128147064,-0.124265769601359,-6.53212628859868,17.561869715128,-12.2655289792927
0.0701080895491712,-1.37349669710112,-19.2617828482547,-0.101109380875619,-6.51070323006517,17.5596376231927,-12.4005771964447
0.0712603508539111,-1.37154913639284,-19.2669866256284,-0.0784677599870117,-6.48914847498453,17.5625713709129,-12.5356140848756
0.0722813761879162,-1.3698434471963,-19.2725151087125,-0.0564194602079787,-6.46740320665907,17.5707588211619,-12.6699799843429
0.0731823099911325,-1.36838568732001,-19.278243257192,-0.0350318292748924,-6.44541909267031,17.5841665057054,-12.8029892068912
0.0739775830144856,-1.36718055387925,-19.284041854866,-0.0143599676996449,-6.42315231915379,17.6026422851211,-12.9338875357112
0.0746842386801047,-1.366231101813,-19.2897914904007,0.00555403132704144,-6.40055761766264,17.6259229146702,-13.0618140213414
0.0753207719143603,-1.36553839007706,-19.295395290555,0.0246812530793011,-6.37758426128849,17.6536473166572,-13.1857741423715
0.0759055276660558,-1.36510116386251,-19.3007864829149,0.0430051472521158,-6.35417582049325,17.6853763272675,-13.3046322095006
0.0764548953451053,-1.36491575024702,-19.3059284471442,0.0605194019175514,-6.33027426804127,17.72061895407,-13.417128956239
0.0769816694280167,-1.36497633136227,-19.3108079841973,0.0772244697897779,-6.30582724424967,17.7588636321446,-13.521924393131
0.0774939447173889,-1.36527564500286,-19.315425235211,0.0931231533609924,-6.280795934251,17.7996111140773,-13.6176579186072
0.0779947682316105,-1.36580600304791,-19.3197844100535,0.108216033568207,-6.25516085888391,17.842404501955,-13.7030115337218
0.0784825503033155,-1.36656040629714,-19.3238881493741,0.122497618890556,-6.22892390445384,17.8868523384937,-13.7767613427141
0.0789520491411333,-1.36753352796367,-19.3277361713854,0.135953839845149,-6.20210638299586,17.9326425041894,-13.8378074498387
0.0793956569230039,-1.3687224220445,-19.3313271968566,0.14856107045985,-6.17474402425657,17.9795469958032,-13.8851798498429
0.0798047372464717,-1.37012692443621,-19.3346625716185,0.160286440010443,-6.14688022451704,18.0274194364176,-13.9180243085309
0.0801708514978682,-1.37174979635764,-19.3377502968561,0.171088969847812,-6.11855872242,18.0761879377219,-13.9355757827576
0.0804868120146823,-1.37359668460896,-19.3406088018644,0.180921045122128,-6.08981650219016,18.1258457627273,-13.9371278872637
0.0807475767201014,-1.37567594667247,-19.3432703346042,0.189729875505197,-6.06067739156515,18.1764415881237,-13.9220067528416
0.0809510368981575,-1.37799833102937,-19.3457841047346,0.197458843904031,-6.03114665004849,18.2280704715577,-13.8895575214412
0.0810987402965301,-1.38057644296825,-19.3482192543461,0.20404893052497,-6.00120680661886,18.2808662621761,-13.8391518996907
0.0811965288309317,-1.38342389966081,-19.3506673545804,0.209440632570451,-5.97081504367452,18.3349963452548,-13.7702245073425
0.0812549489629852,-1.3865541084847,-19.3532435118179,0.21357679938145,-5.93990265436111,18.3906599491983,-13.682342491453
0.0812891269297194,-1.38997866925749,-19.3560843995105,0.216406408965121,-5.90837788845951,18.4480906476526,-13.575307634155
0.0813176510490995,-1.39370543995707,-19.3593409125884,0.217888645813498,-5.87613496361884,18.5075608631515,-13.4492869430195
0.0813599654076367,-1.39773630750848,-19.363163050737,0.217996146759486,-5.84307320964682,18.5693814198198,-13.3049698123502
0.0814319730339424,-1.40206479439002,-19.3676756307594,0.216716286616076,-5.80912925261759,18.6338850741573,-13.1437518619466
0.081540118761397,-1.40667396723149,-19.3729463015372,0.214049739361611,-5.77432000367479,18.7013831593444,-12.9679335394168
0.0816752833182481,-1.4115356657881,-19.3789528034265,0.210006017898108,-5.7387846750708,18.7720926550091,-12.7808848752849
0.0818091211630878,-1.41661244206474,-19.3855634161298,0.204596392918937,-5.70280331587007,18.8460488923413,-12.5870776502105
0.0818959551708566,-1.42186306244984,-19.3925476179469,0.197825829014721,-5.66676691516567,18.9230400982642,-12.3918717617848
0.0818815337163829,-1.42725056859672,-19.3996247293621,0.189687002683091,-5.63109183941493,19.0026041963947,-12.2010273550659
0.0817160373049279,-1.43274977870247,-19.4065364192951,0.180159651202611,-5.59610590172832,19.0840997273016,-12.0200798551208
0.0813657998988405,-1.43835089978065,-19.413111060626,0.169216368715767,-5.56195664159956,19.1668190223589,-11.8538144099737
0.0808192031012267,-1.44405818665499,-19.4192921565475,0.156832754617244,-5.52858005029258,19.2500931810404,-11.7059968459695
0.080085918751769,-1.44988523301649,-19.4251250553938,0.142998025293204,-5.49573225843111,19.3333567052189,-11.5793482233378
0.0791916421384088,-1.45584943236383,-19.4307157764362,0.127722732663262,-5.46305925200642,19.4161682527713,-11.475652282092
0.0781711490302539,-1.4619674479237,-19.4361817064922,0.111042035541237,-5.43017442957799,19.4981993757977,-11.3958970743804
0.0770617395087111,-1.46825235013194,-19.4416094393027,0.0930147441326212,-5.39672317382284,19.5792049635234,-11.3404058234421
0.0758980660218882,-1.47471221926044,-19.447027649998,0.073719476568253,-5.36242576117866,19.6589862017139,-11.3089494668365
0.0747085482137996,-1.4813496564173,-19.4523973541467,0.0532496051478624,-5.32709844032638,19.7373540591183,-11.3008445112256
0.0735131826612302,-1.48816168659255,-19.4576191992959,0.0317084014900612,-5.29065624475264,19.8140989592794,-11.3150382657071
0.0723225060633599,-1.49513979654205,-19.4625560375763,0.00920521391144016,-5.25310171974145,19.888969897377,-11.3501810486598
0.0711376055922313,-1.50227014066447,-19.4670666800733,-0.0141470626646711,-5.21450370568592,19.9616638637459,-11.4046857003993
0.0699511780894078,-1.50953411045882,-19.4710428411799,-0.0382333610373717,-5.17497109115696,20.0318245721498,-11.4767784403077
0.0687495705245114,-1.5169094108601,-19.4744382336285,-0.0629369731711464,-5.13462751643906,20.0990485696867,-11.5645500324353
0.0675155039056452,-1.52437157215891,-19.4772801947119,-0.0881395749891782,-5.09359254638822,20.1628969105957,-11.666019166028
0.0662309586924102,-1.53189560475301,-19.4796609444417,-0.113721024460049,-5.05197195188736,20.2229112530437,-11.7792169807746
0.0648796483479825,-1.53945742090734,-19.4817139217744,-0.139559127219986,-5.00985577802224,20.2786338521815,-11.9022916298071
0.0634486649549486,-1.5470347304989,-19.4835855317671,-0.165529459495789,-4.96732025783437,20.3296310538703,-12.0336190775082
0.061929156184557,-1.55460729610918,-19.4854119374032,-0.191505244168968,-4.92442961519239,20.3755195753182,-12.1718985629342
0.060316160732559,-1.56215661078679,-19.4873060187384,-0.21735722074861,-4.88123574255487,20.415994331399,-12.3162129486895
0.0586079001677157,-1.56966518283631,-19.4893546026983,-0.242953462346329,-4.83777600187517,20.4508561076116,-12.4660438940235
0.0568048723520508,-1.57711565741628,-19.4916228350318,-0.268159142225754,-4.79407074181332,20.4800370980744,-12.6212435589189
0.0549090420113903,-1.58448998434244,-19.4941616110792,-0.29283628242393,-4.75012226693317,20.5036221813685,-12.7819729330974
0.0529233279109509,-1.59176878459224,-19.4970146035607,-0.316843510641148,-4.70591631033306,20.5218637093223,-12.9486198296874
0.0508514880834531,-1.59893100022345,-19.5002226654049,-0.34003581939441,-4.66142611175413,20.5351874483922,-13.1217079004445
0.0486984243214883,-1.60595385640638,-19.5038245920693,-0.362264318082338,-4.61661835620419,20.5441872253524,-13.301803934124
0.0464708604148276,-1.61281313155738,-19.5078541613627,-0.383376046189246,-4.57145966102625,20.5496061000145,-13.4894264986855
0.0441782766754727,-1.61948372930408,-19.5123340732575,-0.403214116085862,-4.52592206408621,20.5523030453811,-13.6849567632871
0.0418338942576672,-1.62594056022654,-19.517268031114,-0.421618725326178,-4.47998614072852,20.5532066076572,-13.8885532141523
0.0394554065902787,-1.63215974655001,-19.5226328325351,-0.438429785964095,-4.43364094307432,20.5532607006723,-14.1000757429561
0.0370651002433621,-1.63812011068291,-19.5283728775393,-0.453491808195321,-4.38688082731688,20.5533713034,-14.3190286363222
0.0346890571614693,-1.64380478344056,-19.5343996400543,-0.466661092740955,-4.33970007091694,20.5543642302038,-14.5445328343343
0.032355323648875,-1.64920260282932,-19.5405979887678,-0.477814304598485,-4.292086682427,20.5569615788013,-14.7753329101113
0.0300912284149918,-1.65430886898468,-19.5468396663817,-0.486856547942088,-4.24401683315502,20.5617782397013,-15.0098350430731
0.0279203189941132,-1.65912506635006,-19.5530021763542,-0.493726670222521,-4.19545110204437,20.5693327141878,-15.2461638319498
0.0258595431531527,-1.66365737549333,-19.5589896297342,-0.498397988112357,-4.14633352506599,20.5800619786943,-15.4822233708836
0.0239172807118084,-1.66791410089318,-19.56475147654,-0.500873807427184,-4.09659435247949,20.5943303051968,-15.7157528996625
0.0220926625235631,-1.67190243657458,-19.570295609434,-0.501178557453197,-4.04615716261784,20.6124263656232,-15.9443758065249
0.0203763534969007,-1.675625202281,-19.5756937158495,-0.499346597032259,-3.99495016812461,20.6345493285093,-16.1656467896049
0.0187526643842235,-1.67907825997024,-19.5810785279716,-0.495411413981457,-3.94292001968622,20.6607901601444,-16.3771020315451
0.0172025463905031,-1.68224920406036,-19.5866344218146,-0.489397825247568,-3.8900448223206,20.6911166638653,-16.576311589157
0.0157067987547442,-1.68511761117664,-19.5925842951076,-0.481318924059937,-3.83634228236928,20.7253693196675,-16.7609269500004
0.0142487857588839,-1.68765671926799,-19.5991763600297,-0.471178215840654,-3.78186965776907,20.763271089814,-16.9287140026591
0.0128161457791631,-1.68983605155996,-19.6066741682177,-0.45897611493984,-3.72671422767426,20.8044504914046,-17.0775638106101
0.0114013104294244,-1.69162433692083,-19.6153519957347,-0.444719175247547,-3.6709755431616,20.8484749372514,-17.2054777213717
0.0100010009390257,-1.69299214012298,-19.6254961462498,-0.428430269557964,-3.61474268150774,20.894890609516,-17.3105271241917
0.00861511924440182,-1.69391383918745,-19.6374112373569,-0.410158290980059,-3.55807041605694,20.943265153424,-17.390791133341
0.00724555783918318,-1.69436887233959,-19.6514293180702,-0.389986458794262,-3.50095738674873,20.9932298219863,-17.4442790234665
0.00589544627554047,-1.69434242344801,-19.6679185947932,-0.368038605513238,-3.44332758982363,21.0445180470261,-17.4688491655119
0.00456929575690142,-1.69382585875674,-19.6872873334219,-0.344482609342871,-3.38501467188958,21.0969972280305,-17.4621429825144
0.00327443771649297,-1.6928172281222,-19.7099769876231,-0.319529314332464,-3.32574763777315,21.1506887146002,-17.4215607016842
0.0020240230053295,-1.69132194333086,-19.736437371705,-0.293423957266647,-3.26513739448838,21.2057664725478,-17.3443137182527
0.000841444654161958,-1.68935321279378,-19.7670780836036,-0.266425962742403,-3.20266655340755,21.2625178346848,-17.2275911143087
-0.000234987295953298,-1.68693076992649,-19.8021991934,-0.238773905467389,-3.13769026904453,21.3212429533934,-17.0688685419339
-0.00115023425341892,-1.68407489062413,-19.8419262663189,-0.21063873850063,-3.06946235448979,21.3820712135443,-16.8663704818644
-0.00183916886648587,-1.68079133790657,-19.8862086390484,-0.182082630628484,-2.99720574284205,21.4446965633456,-16.619710545324
-0.00224842427495821,-1.67704361761335,-19.9349575312233,-0.153059157197203,-2.92024885122013,21.5080968902857,-16.3308345352786
-0.00237558311433061,-1.67271563538819,-19.988324505562,-0.123496102708315,-2.83825520471215,21.5704175423329,-16.0054713221349
-0.00230948319389248,-1.66758606646535,-20.046877856088,-0.0934609577075246,-2.75156114096046,21.6293135366111,-15.6548385101991
-0.00222653935357236,-1.6613586037295,-20.111253932741,-0.0633005412469875,-2.66148106899879,21.6829021403606,-15.2960212836916
-0.00230924749627292,-1.65377067836128,-20.181344047999,-0.0335785669151804,-2.57015079305343,21.7308094171971,-14.9490722199376
-0.00264161474273748,-1.64471121171114,-20.2558598052393,-0.004811369979945,-2.47971352476621,21.7742961102174,-14.6319098646244
-0.00317776236174642,-1.63424612290155,-20.3327210369161,0.0227486726468255,-2.39151571840077,21.8153045422454,-14.3568370868213
-0.003789738016194,-1.62255466335834,-20.4097269705609,0.0491144640905115,-2.3059911559778,21.855419432026,-14.1302995779116
-0.00433096881671955,-1.60985367201571,-20.4849921792421,0.0744288155140604,-2.22304114489433,21.8954795227497,-13.954439786712
-0.00467589166028329,-1.59635385164021,-20.5571184749603,0.098831781440672,-2.1424139667309,21.935737306323,-13.8288603960532
-0.00473445900991199,-1.58224458700355,-20.6252228108259,0.122391083002244,-2.06388993832931,21.9761825883161,-13.7520244423364
-0.00445228515092776,-1.56769122087399,-20.6888835834692,0.145087422319797,-1.98733082574785,22.0167954821719,-13.7222319947373
-0.00380537285076577,-1.55283512243452,-20.7480342580928,0.166825109739045,-1.91269252657856,22.0576732923022,-13.7382019688439
-0.0027946508467025,-1.53779386847309,-20.8028377690635,0.187444205961475,-1.84005155239433,22.099052556381,-13.799297279736
-0.00144276058152511,-1.5226620498261,-20.8535779415015,0.20672344963313,-1.76964962895489,22.1412510623183,-13.9054521551313
0.000206575873825777,-1.50751441261672,-20.9005966532407,0.224375583859351,-1.7019335784662,22.1845353763254,-14.0568747725053
0.00208819291693654,-1.49241378464484,-20.9442935899259,0.24004771267714,-1.63754989590772,22.228908585352,-14.2535856822734
0.00411766804247859,-1.47742630147638,-20.9851862051644,0.253348586397038,-1.57724196367044,22.2738265888191,-14.4947844982422
0.00620113379923896,-1.46264425354134,-21.0239898477027,0.263926876471497,-1.5216048181601,22.3179035118576,-14.7779099728521
0.00825708462263988,-1.44820984321691,-21.0616255739284,0.271607110922387,-1.47070659493976,22.3587810732572,-15.0972369436963
0.0102478528868263,-1.43432039906754,-21.0990496098864,0.276536597080254,-1.42372433188759,22.3934903603913,-15.4423704222658
0.0122035473311926,-1.42119047465295,-21.136925405979,0.279221976301813,-1.37891121846405,22.4195487519703,-15.7981231152338
0.0142119974924326,-1.40897878166109,-21.1753967610866,0.280352037182675,-1.33411637262591,22.4362968999266,-16.1472633079921
0.0163716969950238,-1.39773908214344,-21.2142123568269,0.280501438008463,-1.28756357447014,22.4452853029651,-16.4748527406218
0.0187431225067842,-1.38743671387376,-21.253072484024,0.279947753743359,-1.23830827228216,22.4493492141335,-16.7709322532993
0.0213310077013378,-1.37800196254841,-21.2918796967988,0.278689964585024,-1.1861894159726,22.4513489392604,-17.0304382350657
0.024095457767794,-1.3693732892527,-21.3307849040716,0.276573399803338,-1.13152454254197,22.4534514256849,-17.2517288153184
0.0269726866024684,-1.36151477152849,-21.3701143572585,0.273412115951817,-1.07480918740416,22.4570037578507,-17.4351355513054
0.0298921641929081,-1.35441512456939,-21.4102739622522,0.269064870659562,-1.0165222720538,22.462699809374,-17.5819946122185
0.0327866390741516,-1.3480789739524,-21.4516753087445,0.263465518325054,-0.95703586962904,22.4708102494592,-17.6940653099056
0.0355963617842478,-1.34251720356971,-21.4946917821372,0.256623099576893,-0.896594698774596,22.4813757977607,-17.7731654492637
0.0382699480241835,-1.33773942162355,-21.5396380521109,0.248606945165266,-0.835330810690205,22.4943393629169,-17.8209265312828
0.0407639086466373,-1.33374927009817,-21.5867621938109,0.239527562744254,-0.773290067054347,22.5096239134699,-17.8386325897036
0.0430421465602493,-1.33054219739461,-21.6362407419219,0.229519124018538,-0.710458570856085,22.5271709252457,-17.8271301754064
0.0450761316215001,-1.32810500546653,-21.6881700853031,0.218725700244499,-0.646784937756497,22.5469518189966,-17.7868021601357
0.0468460657590596,-1.32641662750615,-21.7425513558877,0.207291324752325,-0.582197872753066,22.5689587157164,-17.7175997082299
0.0483430081165211,-1.32544993928914,-21.7992700940858,0.195353200256746,-0.516619381407753,22.5931743084914,-17.6191302754592
0.0495714685961973,-1.32517476017297,-21.858076918898,0.183037532451324,-0.449973586989863,22.6195151700868,-17.4908056357404
0.0505512763753551,-1.32556236331575,-21.9185813263889,0.170458253679975,-0.382190763622091,22.6477400012824,-17.3320626475323
0.0513166467732488,-1.32659154178473,-21.9802761405388,0.157719877206944,-0.313207047723859,22.6773179253702,-17.1426786358291
0.0519097621416962,-1.32825528736499,-22.0426105076291,0.144925953744497,-0.242963771226291,22.707269599015,-16.9232017271163
0.0523669539097543,-1.33056535392315,-22.1051171411832,0.132192374989701,-0.171416246930459,22.7360355656011,-16.6754751847415
0.052699152878529,-1.33355020943755,-22.1675695252785,0.119658837732374,-0.0985639330126531,22.7614877425056,-16.4031232767628
0.0528742988044643,-1.33724254498829,-22.2301074852992,0.107485402810717,-0.0244995667963028,22.7812246577451,-16.1117352500826
0.0528127990339604,-1.34165798892707,-22.2932592921024,0.0958244598814595,0.0505557387313715,22.7931717539453,-15.8085296898959
0.0524017505311005,-1.34677434090337,-22.3578321865492,0.0847770779180602,0.126275245616841,22.7962491766465,-15.501597286506
0.0515228921017557,-1.35252285340082,-22.4247101325393,0.0743603191020585,0.202309728971614,22.7907294826158,-15.1990595386602
0.0500830657534345,-1.35879697565109,-22.4946332995065,0.0645062993439619,0.27838025178934,22.778093285119,-14.9083426333701
0.0480360634692742,-1.36547451949374,-22.5680334552802,0.0550899136839834,0.354327554620638,22.76051439407,-14.6355816848534
0.0453884422555723,-1.37244231684361,-22.6449760216425,0.0459648459237464,0.430106125074458,22.7402691372342,-14.3852277953566
0.0421893574222682,-1.37961243501029,-22.7252112919388,0.0369893873338045,0.505745353798468,22.7193064068903,-14.1599729576364
0.0385119152606399,-1.38692575382303,-22.8082885243209,0.0280368674756225,0.581305051852242,22.6990562788313,-13.9609714132414
0.0344351822502363,-1.39434600729094,-22.8936735789998,0.0189957111601178,0.656840208364162,22.6804297447645,-13.7882093996397
0.0300322586870052,-1.40185014520707,-22.9808324975627,0.00976581749230996,0.732378195870483,22.6639203892074,-13.6408832494341
0.0253652475561051,-1.40941956114262,-23.0692725226257,0.000255064552000807,0.807906490995575,22.6497341740604,-13.51771788661
0.0204853043774908,-1.41703422567696,-23.1585499106637,-0.00962300222693602,0.883367805255862,22.6379051741715,-13.4172115299864
0.0154353498025942,-1.42466988470405,-23.2482587402492,-0.0199504010898006,0.958659648920449,22.6283814342897,-13.3378140081692
0.0102535300115306,-1.43229761348568,-23.3380124527514,-0.0308051010361095,1.03363597069703,22.6210807436776,-13.2780513098528
0.00497628561901295,-1.43988485935718,-23.4274254658502,-0.0422606449653389,1.10810943016829,22.6159227604901,-13.2366095319024
-0.000359485790579063,-1.44739726513349,-23.5160986104096,-0.0543849745506422,1.18185379549081,22.6128450601353,-13.2123907808012
-0.00571531281787278,-1.45480077892865,-23.6036100025542,-0.0672383962908502,1.25460665942822,22.6118093541656,-13.2045520773954
-0.011051033737549,-1.46206371183334,-23.689511924837,-0.0808706466612397,1.32607299990032,22.6128021864495,-13.2125357742939
-0.0163255552055506,-1.46915849114513,-23.7733338247194,-0.0953170445184354,1.39593008844708,22.6158326752445,-13.236096473398
-0.0214983227520321,-1.47606290155094,-23.8545911933598,-0.110593743661962,1.46383390484432,22.6209285002567,-13.2753251216667
-0.0265313211198506,-1.48276065543229,-23.9327997439582,-0.126692134855965,1.52942672738068,22.628130196147,-13.330666183905
-0.0313914214742509,-1.48924121631323,-24.0074940112015,-0.143572525457305,1.59234514129802,22.6374826906573,-13.4029191090688
-0.0360529126306611,-1.49549893381835,-24.0782495061008,-0.161157422714184,1.65222767787826,22.649021745369,-13.4932114998834
-0.0405000778186094,-1.50153173382286,-24.1447080874036,-0.179325189853296,1.70872197315342,22.6627515142282,-13.602929306063
-0.0447296557333474,-1.50733982887726,-24.206607005624,-0.197905673854919,1.76149277711431,22.6786081401359,-13.7335895432952
-0.0487528852206238,-1.51292514256846,-24.2638121194381,-0.216680661097028,1.81023396347573,22.6964040349999,-13.8866435795148
-0.0525965377297839,-1.51829229698075,-24.3163533301153,-0.235393374180419,1.85468896069584,22.7157499922206,-14.0632039761094
-0.0563019553808313,-1.52345188646822,-24.36445395326,-0.253771634767806,1.89468352596054,22.7359604220998,-14.2636972303097
-0.0599208651979464,-1.52842597382645,-24.4085369411038,-0.271566892906976,1.93017145791756,22.755963995592,-14.4874663486694
-0.063507039043651,-1.53325397538245,-24.449186221595,-0.288604122911531,1.96128715366402,22.7742674351126,-14.7323945260338
-0.0671041983077079,-1.53799488300425,-24.4870516891876,-0.3048263407656,1.98838963304712,22.789040869081,-14.994692880349
-0.0707329951297432,-1.54272131980107,-24.5227164955213,-0.320309523409811,2.01207518616826,22.7983766221241,-15.26902975002
-0.0743821548889735,-1.54750475889622,-24.5565789016621,-0.335231310530318,2.03313914495655,22.8006920035394,-15.5490676745418
-0.0780084594357621,-1.55239775076566,-24.5888040012251,-0.349802230717667,2.05248620425065,22.7951357903478,-15.8282325487503
-0.0815464242876983,-1.55742181187741,-24.6193614784163,-0.36419108174244,2.07101236392938,22.7818162052775,-16.1004110604564
-0.0849240227932019,-1.56256567305624,-24.6481189619184,-0.37847512447192,2.08949323247918,22.7617471686012,-16.3604112398483
-0.0880785576942342,-1.5677924988944,-24.6749431196712,-0.39262669806495,2.10850892468019,22.7365515454224,-16.6042170548729
-0.0909673163090091,-1.57305143267519,-24.6997714744051,-0.406530156106001,2.12842011549162,22.7080673844801,-16.8290965930817
-0.093570482501648,-1.57828878628958,-24.7226399519589,-0.420014817216981,2.14938990455517,22.678014234129,-17.0335659513483
-0.0958874908150321,-1.58345593914541,-24.7436724006279,-0.432889548468671,2.17143222183355,22.6478023118328,-17.2172159244118
-0.0979302506220802,-1.58851321325835,-24.7630499935008,-0.444969660064475,2.19446607975057,22.6184787632632,-17.3804569471953
-0.0997164728565842,-1.59343055360628,-24.7809779067981,-0.456093122293907,2.2183621916563,22.5907603177166,-17.5242534360982
-0.101264807366184,-1.59818635813529,-24.7976593798159,-0.466127482694768,2.24297669057168,22.5651017612799,-17.649894597928
-0.102592083858916,-1.60276560210466,-24.8132800083852,-0.474970511144274,2.26817207525175,22.5417681311779,-17.7588179068858
-0.103712212219939,-1.60715797293184,-24.8280008951169,-0.482547466176709,2.29382800947756,22.5208959430153,-17.8524827872538
-0.104636122697903,-1.61135635483335,-24.8419578514882,-0.488807052550882,2.3198452366419,22.5025394673454,-17.9322853301585
-0.10537222752481,-1.61535575883377,-24.855264009903,-0.493717273491892,2.3461455523916,22.486703165495,-17.9995042550081
-0.105927056359252,-1.61915266394572,-24.8680139409199,-0.49726170598084,2.37267007717105,22.4733632079795,-18.0552695610747
-0.106305864174661,-1.62274467883234,-24.8802881276008,-0.499436281062103,2.39937732397653,22.462481232038,-18.1005467256708
-0.106513108232261,-1.62613041095785,-24.8921571964856,-0.500246399903998,2.42624188046983,22.4540131090837,-18.1361304662461
-0.106552750579089,-1.62930941417527,-24.9036855879065,-0.499704138750067,2.45325387696229,22.4479149243413,-18.162643037835
-0.106428388125284,-1.63228207617934,-24.9149344141776,-0.497825417915267,2.4804187487975,22.4441476841799,-18.180533303879
-0.106143257960522,-1.63504933333745,-24.9259632711177,-0.494627317585943,2.50775636449983,22.4426814215477,-18.1900746706675
-0.105700205332909,-1.63761219481863,-24.9368309074437,-0.490126049572548,2.53529874316584,22.4434984646736,-18.1913624433884
-0.105101699871703,-1.63997119346899,-24.9475949989689,-0.48433610237944,2.56308655716854,22.4465951358866,-18.1843127561907
-0.104349928771412,-1.64212594335335,-24.9583115283406,-0.47727064729828,2.59116562235745,22.4519814248668,-18.1686647073313
-0.103446924142537,-1.64407491264662,-24.9690341574021,-0.468942774667702,2.61958467474947,22.4596788850093,-18.1439854594113
-0.102394649729034,-1.64581539127786,-24.9798135807082,-0.459366960731972,2.64839491809754,22.4697173728853,-18.1096770229602
-0.101194983130197,-1.64734356524637,-24.9906965251592,-0.448560343806366,2.67765102806213,22.4821310170736,-18.0649840927945
-0.0998495537294483,-1.64865462221636,-25.0017239489004,-0.436543649652962,2.70741298129292,22.4969532505607,-18.0090037865381
-0.0983594144619246,-1.64974286268406,-25.0129280293911,-0.423341784149334,2.73774809877269,22.5142101596337,-17.9406995217582
-0.0967245374929704,-1.65060184352418,-25.0243276636499,-0.408984190752909,2.76873280127511,22.5339108760148,-17.8589222483216
-0.0949431425577112,-1.65122462395211,-25.0359224521444,-0.39350511758432,2.80045360400837,22.5560332198647,-17.7624430086449
-0.0930109064768043,-1.65160421939741,-25.0476856051057,-0.376944005582122,2.83300682414115,22.5805022836042,-17.6500016421455
-0.0909201769874209,-1.65173439383022,-25.0595570175961,-0.35934631563212,2.86649638682554,22.6071592798177,-17.520377721563
-0.0886594335749444,-1.6516109200015,-25.0714389636588,-0.34076523702691,2.90102902583125,22.6357182178858,-17.3724916924086
-0.0862133967350436,-1.65123337426008,-25.0831983103264,-0.321264755494981,2.93670607779155,22.6657098882797,-17.2055458412171
-0.0835643361363471,-1.6506073492061,-25.094680248456,-0.300924268373162,2.97361094949607,22.6964182246499,-17.019212484823
-0.0806951325667648,-1.6497466050384,-25.1057379564999,-0.279843988495339,3.01179139531453,22.7268258837313,-16.8138628111086
-0.0775942687085562,-1.64867417714692,-25.1162785092329,-0.258148627187733,3.05123692599971,22.7556036262153,-16.5907958362901
-0.0742619890025395,-1.64742112303949,-25.1263169452485,-0.235985103485278,3.09185547551522,22.7811912688055,-16.3523817250127
-0.0707157154662173,-1.64602202212316,-25.1360212259001,-0.213510477685825,3.13345967348913,22.8020021508158,-16.102022168327
-0.0669924656038622,-1.64450783077655,-25.1457288372898,-0.190870821187129,3.17577623810911,22.8167215526127,-15.8439043255013
-0.0631471604060428,-1.64289839674047,-25.1559249424311,-0.168178161745741,3.21848440627135,22.8245953722176,-15.5826467576242
-0.0592473644564763,-1.64119739610206,-25.1671843330246,-0.145495322599405,3.26127247908604,22.8255896200606,-15.3229742869805
-0.0553657357820942,-1.63939136654358,-25.1800857146003,-0.122834904252481,3.3038889902934,22.8203654064683,-15.069470407863
-0.0515714903315938,-1.63745285209235,-25.1951105004565,-0.100172123875632,3.34616729599775,22.8101001860994,-14.8263666389851
-0.0479224089273489,-1.63534628003321,-25.212545782727,-0.077465847512333,3.38801678968522,22.7962351155911,-14.5973410847926
-0.0444590270410818,-1.63303445996582,-25.2324175900848,-0.0546799565932231,3.42939039230117,22.7802309038406,-14.3853598061471
-0.0412019689359633,-1.63048384314749,-25.2544765125382,-0.0317987880963913,3.47024754080577,22.7633874464894,-14.1926078775168
-0.0381523298021161,-1.62766769956704,-25.2782424197345,-0.00883444533137668,3.51053060880015,22.746746065301,-14.0205161240991
-0.0352944036403624,-1.62456735860089,-25.3030954660585,0.0141726304492225,3.55016268888609,22.7310645659732,-13.8698527418725
-0.0325999582562791,-1.62117206680875,-25.3283854344068,0.0371571359399042,3.5890625547432,22.7168421182469,-13.7408471114831
-0.0300332362754248,-1.61747797745826,-25.3535277449282,0.0600342301811989,3.6271653284259,22.7043700565416,-13.6333287466878
-0.0275558076152374,-1.61348667109514,-25.3780641115122,0.0827053888545385,3.66443782830067,22.693789757786,-13.5468733696183
-0.025130530860591,-1.60920355297331,-25.4016827100398,0.10506400626986,3.70088330468271,22.6851455170712,-13.4809468029858
-0.0227242619965999,-1.60463641460895,-25.4242067859766,0.12700021576612,3.7365362926017,22.6784266584303,-13.4350346352373
-0.0203093827172031,-1.59979433718459,-25.4455660762145,0.148404583862896,3.77145131701043,22.6735977794813,-13.4087473414463
-0.0178644957863642,-1.59468699005209,-25.4657634326765,0.169170515433743,3.80568911194894,22.6706185489836,-13.4018954439772
-0.015374701069723,-1.58932429487126,-25.48484403631,0.189195317947198,3.83930247602751,22.6694551155507,-13.41453379735
-0.0128317896270376,-1.58371640365212,-25.5028701070084,0.208379875607197,3.87232237161146,22.6700845697574,-13.4469761702279
-0.0102345537233541,-1.57787396087955,-25.5199014096976,0.226626811716404,3.90474409553416,22.6724926157792,-13.4997811088313
-0.00758924801414276,-1.57180866578578,-25.5359810516996,0.243836930220505,3.9365134420121,22.676663048379,-13.5737087306361
-0.00491004842302322,-1.56553419320995,-25.5511265786846,0.259903760955147,3.96751377737103,22.6825561180654,-13.6696468139308
-0.00221913050444637,-1.55906754962389,-25.565327700038,0.274706333584641,3.99755679542011,22.6900719009275,-13.7885040799774
0.00045425862242852,-1.55243089846684,-25.578553571371,0.288101060193865,4.02638220310333,22.6989952610702,-13.9310689104696
0.00307655375932814,-1.54565374093547,-25.5907734878062,0.299914910882366,4.05367391148064,22.7089222269036,-14.0978321014938
0.00561524600287596,-1.53877502663261,-25.6019934647923,0.309943766171801,4.07910092553368,22.7191751259363,-14.2887726532206
0.00804718239246355,-1.53184428104341,-25.6123053781758,0.317961200165554,4.1023877573638,22.7287267773488,-14.5031101108358
0.010368875890929,-1.524920304827,-25.6219342408869,0.323742484471722,4.12340968776967,22.7361716765354,-14.7390455145026
0.0126059662936946,-1.51806587066743,-25.6312570156073,0.327104263322556,4.14229249644529,22.7397975467786,-14.9935505370024
0.0148171532365578,-1.51133784771083,-25.6407653071494,0.327951439306143,4.15947999855246,22.7378051349487,-15.2622969040828
0.0170881372213263,-1.50477471321518,-25.6509670986236,0.326313293292322,4.17572886025863,22.7286732696329,-15.5397940141671
0.0195147495025771,-1.498386442203,-25.6622623756,0.32234918010497,4.19201027461994,22.7115721288469,-15.8197188156681
0.0221800206421273,-1.49215280189264,-25.6748517695534,0.316314799461095,4.20933681094615,22.6866468782267,-16.0953776901441
0.0251338805656461,-1.48603298883305,-25.6887220803087,0.308497422623938,4.22856973319419,22.6550073736098,-16.3602809475688
0.0283839370885971,-1.47998305312475,-25.7037095412236,0.299143689845232,4.25027732581224,22.6184011968672,-16.6087833297658
0.0319005144712443,-1.47397243556777,-25.7196019010453,0.288408912870398,4.27469271567785,22.5787363408376,-16.8365868282889
0.0356314577745167,-1.46799237667568,-25.7362295289863,0.276345092619074,4.30176662422624,22.5376873006437,-17.0408779620719
0.0395183781978756,-1.4620554113123,-25.753517287943,0.262922601933335,4.33126853719519,22.4965067015499,-17.22009741262
0.0435084742753116,-1.45618993682494,-25.7714984524881,0.248066837567133,4.36288869786872,22.4560149746329,-17.3735387529171
0.0475606490823929,-1.45043408190361,-25.7903059825101,0.231693150824311,4.39631611913531,22.4166814240138,-17.5009628094221
0.0516473502306593,-1.4448311239897,-25.8101548140385,0.213732166536276,4.43128742699061,22.378728574267,-17.6023033705243
0.0557540744657645,-1.43942698579131,-25.8313219802239,0.1941446337792,4.46761034689834,22.3422268885714,-17.6774610081375
0.0598780178249257,-1.43426949921774,-25.8541253965459,0.172928281340592,4.50516797130799,22.3071699880376,-17.7261596092584
0.0640267355225701,-1.42940883931092,-25.8788978167931,0.150119978205648,4.54390933369539,22.2735306550461,-17.7478480473323
0.0682171466752178,-1.4248984266471,-25.9059491485077,0.125796130177661,4.58382994950856,22.2413007845026,-17.7416435870683
0.0724747711736261,-1.42079544784314,-25.9355082385995,0.100073409763485,4.62494404437284,22.2105175383795,-17.7063237570308
0.0768326777378769,-1.41715985891636,-25.9676365386411,0.0731109130886417,4.66724976767043,22.1812744016485,-17.6403758563166
0.0813292993567274,-1.41405040305894,-26.0021152789642,0.0451136977850331,4.71069187981995,22.153709854306,-17.5421062382037
0.0860042603502369,-1.41151620974728,-26.0383303248263,0.0163362638258508,4.75513457642253,22.1279587802462,-17.4097986166822
0.0908919946776825,-1.40958380552767,-26.075213978309,-0.012917416202977,4.8003668993661,22.1040461512149,-17.241910941021
0.0960141643924798,-1.40824279596417,-26.1113302797533,-0.0423039753671541,4.84616040523967,22.0817088803457,-17.0373489074128
0.101372534877669,-1.40743863390788,-26.1451633724212,-0.0714726353469638,4.89236084732161,22.060168762086,-16.7959633679843
0.106942367776109,-1.40708381748061,-26.1755482446326,-0.100134357725297,4.93892276130964,22.0379652937816,-16.5195050125012
0.112664062893156,-1.40709254945357,-26.202022002038,-0.128171489216082,4.98576309841263,22.0130689227523,-16.2131126809664
0.11843501579938,-1.40742529958115,-26.2248419618974,-0.155745608374877,5.03244671149411,21.9834929355646,-15.8867333365014
0.124116843779586,-1.40811073884462,-26.24463355539,-0.183299803919388,5.07800000992013,21.9482580157264,-15.5548635288774
0.129572443299272,-1.40922137091506,-26.2619490740103,-0.211378950740213,5.12119072832266,21.9079638227886,-15.233387270464
0.134712858972827,-1.41082324331729,-26.2770771083532,-0.240368422928249,5.16111748683982,21.8643656121654,-14.9353085014898
0.139514365991108,-1.41294362499326,-26.2901316285934,-0.270350411484247,5.1975727511388,21.8194134484482,-14.6687047031394
0.143999994539216,-1.41557032627951,-26.3012042915583,-0.30113199089392,5.23097749291297,21.7745743442585,-14.4373697020618
0.148210235474884,-1.41866666911302,-26.3104408616305,-0.332355329830601,5.26210415969574,21.7306463773607,-14.2423161703227
0.152181920464814,-1.42218690317154,-26.318044237834,-0.363605294415124,5.29181620353421,21.6878570332476,-14.08292918488
0.155939104164911,-1.42608661117868,-26.3242462851255,-0.394481791526011,5.32090559395739,21.6460505277868,-13.9576534797758
0.159492488045744,-1.43032786597983,-26.3292770473461,-0.424635385740562,5.35002185014552,21.6048702483579,-13.8644294964833
0.162842899374208,-1.43488055807207,-26.3333431492357,-0.453776417402885,5.37966121399594,21.5639007665471,-13.8010140909679
0.165985622727165,-1.43972158578062,-26.3366172030496,-0.48166976093169,5.41018577853067,21.5227619491279,-13.7652169820274
0.168913979269627,-1.44483326869292,-26.3392355349276,-0.508124574294502,5.4418514102379,21.4811621729786,-13.7550504343631
0.171621684112462,-1.4502017981811,-26.3413006429116,-0.53298437536078,5.47483295032105,21.4389227733534,-13.768796734294
0.174104066006919,-1.45581605858811,-26.34288566979,-0.556119618158343,5.50924236976858,21.3959846498039,-13.8050098733031
0.176358392919733,-1.46166684987877,-26.3440394315457,-0.577423159943139,5.54513973262204,21.3524041911709,-13.8624721171392
0.178383530766534,-1.46774639461665,-26.3447915102069,-0.596808248124243,5.58253874622542,21.308342100519,-13.9401241269949
0.180179114364093,-1.47404796248928,-26.3451574523172,-0.614208416550653,5.62140932935462,21.2640464458132,-14.0369829859731
0.181744391790254,-1.48056544790971,-26.3451442851261,-0.629578598837834,5.66167963901287,21.2198305072354,-14.1520585063217
0.183076929231355,-1.48729277107543,-26.3447564843268,-0.642896681489016,5.70323964134817,21.1760464384225,-14.2842757679389
0.184171415008967,-1.49422302688869,-26.3440022882551,-0.654164594680215,5.74594757661197,21.1330569487451,-14.4324111106283
0.185018846648368,-1.50134738382327,-26.3428999245637,-0.663407981802196,5.78963956849359,21.0912084048494,-14.5950492399094
0.185606378523553,-1.50865383034412,-26.3414829801004,-0.670673632768097,5.83414129428006,21.0508091376319,-14.7705692143177
0.18591801163414,-1.51612597110659,-26.3398039362115,-0.676024324043434,5.87927953893047,21.0121156522035,-14.957165092982
0.185936111841263,-1.52374215575987,-26.3379349804626,-0.679531429682985,5.92489121691252,20.9753269153288,-15.1529018379419
0.185643494457186,-1.53147522428868,-26.33596570177,-0.681266408261381,5.97082835770421,20.9405839724423,-15.3557993627758
0.185025613556463,-1.53929303219896,-26.3339980837605,-0.681292709254167,6.01695919295183,20.9079704081039,-15.5639302110716
0.1840723509843,-1.5471597051191,-26.3321399908728,-0.679659585892868,6.06316691001791,20.8775096621968,-15.7755131561124
0.182779045234698,-1.55503736570709,-26.3304987015148,-0.676398801633394,6.10934807003416,20.8491576842296,-15.9889882608746
0.181146658843657,-1.56288797666044,-26.3291758362309,-0.671524513047801,6.15541211454772,20.8227924389775,-16.2030668933389
0.179181227495202,-1.57067497415477,-26.3282644543717,-0.66503595783612,6.20128242150255,20.7982038101694,-16.4167580594092
0.176892875059368,-1.57836447559702,-26.3278484871824,-0.656922121116916,6.24689866410929,20.7750877121376,-16.6293762351969
0.174294701535292,-1.58592597368876,-26.3280042514272,-0.64716733341713,6.29222000155445,20.7530469801718,-16.8405353389123
0.1714017921718,-1.59333253669534,-26.328803567281,-0.635756760592086,6.33722868560094,20.7315997869517,-17.050130852768
0.168230501370534,-1.60056061299233,-26.330317916464,-0.622680946937085,6.38193374563226,20.7101948150036,-17.258309868778
0.164798065441691,-1.60758958764908,-26.3326230616519,-0.60793889924165,6.42637441047034,20.6882316549385,-17.4654280116679
0.16112251098426,-1.61440125796722,-26.3358035779522,-0.59153956802311,6.47062283893034,20.6650848648343,-17.6719923983799
0.157222756308665,-1.62097938737934,-26.3399568048365,-0.573501925209096,6.51478563006028,20.640130475093,-17.8785904909703
0.153118751162774,-1.62730947091611,-26.3451958034049,-0.553854118683695,6.55900354663944,20.6127740720491,-18.0858057815309
0.148831470185019,-1.63337879933615,-26.3516510034181,-0.532632402441313,6.60344893038017,20.5824797309972,-18.2941225876579
0.144382576363664,-1.63917684632741,-26.35947037426,-0.509880658251291,6.64832047297751,20.5487989239259,-18.5038237603439
0.139793620257813,-1.64469591807811,-26.3688181942761,-0.485651281116135,6.69383532943602,20.5113981025167,-18.7148863555228
0.135084749387042,-1.64993189867653,-26.3798728849488,-0.460007914438274,6.74021904359259,20.4700828983693,-18.926881485422
0.130273060931203,-1.65488480515581,-26.3928250058039,-0.433029954307396,6.78769442155102,20.424815834329,-19.1388869434258
0.125370903022693,-1.65955875217574,-26.4078774058238,-0.404817965811695,6.83647128144779,20.3757236378316,-19.3494264670416
0.120384555963695,-1.6639608683257,-26.4252504145809,-0.37549839227809,6.88673965268299,20.3230908584461,-19.5564568721317
0.115313736666755,-1.66809879520471,-26.4451949110154,-0.345225576832323,6.93866898711587,20.2673394641534,-19.7574273550669
0.110152218182136,-1.67197671617879,-26.4680137681187,-0.314179602550042,6.99241480349899,20.2089985764167,-19.9494238369932
0.104889552496488,-1.67559034812534,-26.4940869580865,-0.282559910087671,7.04813187371297,20.1486714878244,-20.1293822379102
0.0995135555126166,-1.67892173600694,-26.5238889637848,-0.250576410599199,7.10598992612587,20.0870059090411,-20.2943224955328
0.0940130762182199,-1.68193477594253,-26.5579818600058,-0.218440612212081,7.16618435036095,20.0246687579173,-20.4415441103616
0.0883807652123423,-1.68457225047001,-26.5969655604075,-0.186358343224727,7.22893132245589,19.9623224220102,-20.5687433156756
0.0826159441691093,-1.68675521070648,-26.6413699341547,-0.154523610686476,7.29443603808041,19.9005981728365,-20.6740456714966
0.0767278564151658,-1.68838605400229,-26.6914863160091,-0.123111631085859,7.36282781836093,19.8400642122473,-20.7559728142451
0.0707391322446931,-1.6893571748239,-26.7471654133915,-0.0922695711120042,7.43407044197155,19.7811891659497,-20.8133700225253
0.0646882042205798,-1.68956632875701,-26.8076525499806,-0.0621062048572803,7.50787902789357,19.7243056336799,-20.8453202778576
0.0586284939606152,-1.68893668451281,-26.8715602272874,-0.032684778504791,7.58369245732278,19.6695816801029,-20.8510695465043
0.0526229657699995,-1.68743502720649,-26.9370434630343,-0.00402371401008573,7.66073915005628,19.6170087262158,-20.8299842527789
0.0467355425791452,-1.68507980253932,-27.00213594413,0.023894193333016,7.73818654724134,19.5664105509335,-20.7815466982822
0.0410236440801328,-1.68193485387814,-27.0651015872002,0.0511086630801949,7.81531329757206,19.5174725238842,-20.705373320654
0.0355357268000464,-1.67809215838212,-27.1246526652587,0.0776706911193377,7.89163347622025,19.4697878361629,-20.6012355927547
