0
0
5.55111512312578e-08
9.99200722162641e-08
7.7715611723761e-08
-1.11022302462516e-07
-5.77315972805081e-07
-1.46549439250521e-06
-2.93098878501041e-06
-5.10702591327572e-06
-8.08242361927114e-06
-1.20237153566904e-05
-1.69531055860261e-05
-2.29261054585095e-05
-2.99316127438942e-05
-3.79474229816879e-05
-4.68514116391816e-05
-5.65436586441592e-05
-6.68465283126807e-05
-7.75601805003134e-05
-8.84514683718862e-05
-9.92761428619815e-05
-0.000109767750444689
-0.000119704246515084
-0.000128852484237996
-0.000137023725699237
-0.000144040335214868
-0.000149824597173165
-0.000154309898192651
-0.000157474033812832
-0.000159361412954695
-0.000160049751229963
-0.00015967227540159
-0.000158362212232532
-0.000156274992946237
-0.000153554946535905
-0.000150335299764492
-0.000146704870473968
-0.000142719169815564
-0.000138422606710265
-0.000133759670006839
-0.000128674848554056
-0.000123101528970437
-0.000116906484493029
-0.000110011999510107
-0.000102284847258716
-9.36806188178707e-05
-8.40993941153556e-05
-7.35189686906779e-05
-6.19060358530987e-05
-4.9338311214342e-05
-3.58935103861313e-05
-2.16715534406831e-05
-6.86117829218347e-06
8.33777491493493e-06
2.36477504245158e-05
3.8791192480403e-05
5.34683408659475e-05
6.73350264435157e-05
8.005818230572e-05
9.13491504661579e-05
0.000100863761787195
0.000108291153821938
0.000113298259662997
0.000115440990100524
0.000114408482687622
0.000109967590589122
0.000102273745028469
9.16933196037917e-05
7.87259146761699e-05
6.37934149949615e-05
4.73066030792779e-05
2.96318525272454e-05
1.10689235555128e-05
-7.98250354705488e-06
-2.71227484915926e-05
-4.59521309892352e-05
-6.40043573696403e-05
-8.08686451136964e-05
-9.61786206232773e-05
-0.000109634523681734
-0.000120981002993403
-0.000130062627334837
-0.000136846090015297
-0.000141364697725521
-0.000143807188379697
-0.000144362299892009
-0.000143363099169846
-0.000141187062041581
-0.000138211664335586
-0.000134903199722203
-0.000131650246260051
-0.000128830279777503
-0.000126798571642439
-0.000125799370920276
-0.000125988108834463
-0.000127442500996722
-0.000130107036255822
-0.000133837385618563
-0.000138367095559033
-0.0001433519969396
-0.000148381307241152
-0.000152988732793347
-0.000156707979925841
-0.000159061652738046
-0.00015958345755962
-0.00015789591856219
-0.000153677071068614
-0.000146727074934461
-0.000136901601166528
-0.000124222854225309
-0.000108746345262034
-9.07274255723678e-05
-7.03881397612349e-05
-4.80282480452843e-05
-2.39475106411646e-05
1.47659662275146e-06
2.75002243199651e-05
5.26356735974787e-05
7.53841433720481e-05
9.58899626368748e-05
0.000115618625784464
0.000135180755478359
0.0001538658089828
0.00017071899449661
0.000185096382665506
0.00019675372442407
0.000205691019772303
0.00021209700662439
0.00021627144519698
0.00021852519793697
0.000219180229521498
0.00021861401577894
0.000217126316925942
0.000215039097639647
0.00021262991367621
0.00021014301410105
0.000207767136828352
0.000205657713081564
0.000203936867393395
0.0002027378265268
0.000202082794942271
0.000202049488251532
0.00020264900868483
0.00020389245847241
0.000205790939844519
0.000208344452801157
0.000211541895112077
0.000215394369007527
0.000219924078947997
0.000225064411552012
0.000230759855668339
0.000236655139929098
0.000241939801526314
0.000245570230816838
0.000246991316288359
0.000246458409236539
0.000244415598871228
0.000241140440948584
0.0002367994689223
0.00023143709171336
0.000225075513782258
0.000217748041819732
0.000209499084746767
0.000200406358175087
0.000190569782176908
0.000180178094666417
0.000169397829097306
0.000158528745686226
0.000147815093498593
0.000137523326060318
0.000127908794667064
0.000119193543923757
0.000111499698363104
0.000104893871366585
9.94093696249365e-05
9.50406420230365e-05
9.17821374457617e-05
8.96283047779889e-05
8.85680417894719e-05
8.85069795231175e-05
8.92952378706013e-05
9.09827768680316e-05
9.44688771653546e-05
0.00010367817715462
0.00013052892100518
0.000204908312539942
0.00038343772601479
0.000716959824842434
0.00111227693722071
0.00125463528455327
0.000982608439059618
0.00055300208856579
0.000229627428183221
5.31741317644219e-05
-2.97151192540923e-05
-6.5758509748548e-05
-7.95585819446387e-05
-8.22786283549704e-05
-7.89590615113411e-05
-7.22200077518664e-05
-6.3637983771514e-05
-5.42899059041702e-05
-4.47974990436251e-05
-3.54050122552962e-05
-2.60791388484449e-05
-1.66644475996236e-05
-7.00550728538474e-06
2.89768209427166e-06
1.28341781646668e-05
2.24598117881669e-05
3.11972669919669e-05
3.84470233427692e-05
4.35984581770299e-05
4.6074255521944e-05
4.52748949442139e-05
4.06785716222657e-05
3.17190718135407e-05
1.77746706242488e-05
-1.77635683940025e-06
-2.74114064779951e-05
-5.88640247656258e-05
-9.46021039283096e-05
-0.000131539223957589
-0.000166333613549341
-0.000196898053417272
-0.000222766249891038
-0.000244526621173691
-0.000263178367987393
-0.000279842815587017
-0.00029561908476694
-0.000311595194091296
-0.000328714833131016
-0.0003478661803058
-0.000369804187272393
-0.000395272703457294
-0.000424960067135771
-0.000459421389820136
-0.000498578955898665
-0.000540389955006049
-0.000577826675396409
-0.000592548232702939
-0.000542943467962687
-0.000347943895917524
0.000113453690886445
0.000924449405914629
0.00192489357786485
0.00261366484011205
0.00258634225147603
0.00201990646431227
0.00136382016791003
0.000858668691705589
0.000519173593005462
0.000290067969643815
0.000124156240843831
-5.85087533977457e-06
-0.000113831166714817
-0.000206612504882742
-0.000287558865608162
-0.000358391094579247
-0.000420019574676189
-0.000473010519641548
-0.000517730303073449
-0.000554511991879281
-0.000583799675268892
-0.000606092953603365
-0.000622046858467229
-0.000632416341517228
-0.000638056274482324
-0.000639888142472955
-0.000638833430599561
-0.000635769215051596
-0.000631517060867282
-0.000626765306321886
-0.000622002449546244
-0.000617617068598975
-0.000613753492473279
-0.000610445027859896
-0.000607536243535378
-0.000604782890434308
-0.000601907412800529
-0.000598576743726653
-0.000594546634147264
-0.000589683857299406
-0.000583921799801601
-0.000577460301798283
-0.000570588021275853
-0.000563882274207117
-0.000558064705558081
-0.000554079004899677
-0.00055300208856579
-0.00055605520188351
-0.000564448487949676
-0.000579469805472854
-0.00060222937747767
-0.000633615382383823
-0.000674071909401164
-0.000723354709464274
-0.000780164821634344
-0.000841715586119562
-0.000903166430532565
-0.000957112167299101
-0.000993105597757449
-0.000997890658993583
-0.000956457135714572
-0.000854627479895953
-0.000682987000288904
-0.000441424674590962
-0.000142186262763744
0.000190403248723214
0.00052448045906317
0.000828082047377166
0.00107615027999941
0.00125460752897766
0.00136047839660591
0.00139936950915853
0.00138191680321142
0.00132065469671261
0.00122781784739345
0.00111408660075085
0.000988265025370083
0.000857258708464315
0.000726296800479531
0.000599276184232167
0.000479050132895509
0.000367739172446591
0.000266975330731611
0.000177935444156674
0.000101618713443941
3.88133969408955e-05
-9.83657599817889e-06
-4.38538094726937e-05
-6.29829521869851e-05
-6.70907773780982e-05
-5.62883073484954e-05
-3.08864045450719e-05
8.65973959207622e-06
6.17061957086662e-05
0.000127464705457214
0.000204947170345804
0.00029295454950784
0.00039004355301131
0.00049436010840509
0.000603628258488698
0.000714994730088847
0.000824784684994029
0.000928424004342787
0.00102013952840707
0.0010927592164478
0.00113763443110315
0.00114473985846075
0.00110328413072125
0.00100282004922292
0.000835287394806983
0.000597921712142124
0.000296274116351469
-5.32907051820075e-05
-0.000423461266052527
-0.000779420972207845
-0.00108560938016922
-0.0013140266652556
-0.0014502732348376
-0.00149537049409787
-0.00146267442602266
-0.00137243549858113
-0.00124622534514174
-0.00110309539280706
-0.00095776719888363
-0.000820288281744297
-0.000696687152412778
-0.000589817084062361
-0.000500322006047327
-0.000427469171171424
-0.000369648756048946
-0.000325006688228768
-0.000291611179648044
-0.000267652566776633
-0.000251587639610307
-0.000241973108217053
-0.00023759882950003
-0.00023733237597412
-0.000240185649147406
-0.000245259368369943
-0.000251831888675724
-0.000259392507473422
-0.00026754154447417
-0.000276179079605754
-0.000285227397256449
-0.000294708701886748
-0.000304589686805912
-0.000314703818560247
-0.000324784643623843
-0.000334376970556605
-0.000342958994536957
-0.000349942297361849
-0.00035473846082823
-0.000356803475654033
-0.000355515616945468
-0.000350275364269237
-0.000340294459277857
-0.000324629212400396
-0.000302158298381983
-0.00027166047189553
-0.000231803465311486
-0.000181366033302766
-0.000119293463995973
-4.48308057343638e-05
4.25770529943748e-05
0.000143296485788369
0.000257838195238946
0.000387323506600978
0.000533850741391007
0.00070109473782054
0.000895017393531816
0.00112492237747119
0.00140527589564954
0.00175821579517788
0.00221460627614078
0.00280852008316401
0.00355304674570789
0.00438771241562108
0.00511749531639794
0.00542186295859892
0.0050087489711359
0.00383461040698307
0.00217745821373683
0.000480693262971954
-0.000883304540622021
-0.001751188083432
-0.00215683026993929
-0.00223506768648463
-0.00212921902331686
-0.00194558813504386
-0.00174728009838532
-0.00156544777141221
-0.00141217038063246
-0.00128947963418113
-0.00119377840945845
-0.00111782805234384
-0.00105205844036504
-0.000986988268891764
-0.000916222653302157
-0.000838606961650612
-0.000757838236609132
-0.000680300260569311
-0.000612576656067176
-0.000559796653476496
-0.00052456927690514
-0.000506639175057444
-0.000503086461378643
-0.000509281505856052
-0.000520150589267132
-0.000531374944046092
-0.000540434363927034
-0.000547262235528478
-0.000554967183319377
-0.000570199443217234
-0.000602828897910967
-0.000664435173547417
-0.000764599494829099
-0.000905320263200338
-0.00107516218150749
-0.00124720234140341
-0.00138552502804146
-0.00145939926810001
-0.00145852219191056
-0.00139811495714071
-0.00131074040510271
-0.00122956089754211
-0.00117322818127263
-0.00113949960578452
-0.00110691456001177
-0.00103712594068384
-0.000869215810439528
-0.00050824899844315
0.000153699275529107
0.00109525721825321
0.00194028126898615
0.00213475903620974
0.00163787872153875
0.00095125018972908
0.000445155023953703
0.00015984991108553
1.46327394645596e-05
-5.73541214521356e-05
-9.17044218340379e-05
-0.00010644818360106
-0.000111510800593351
-0.000112010400954432
-0.000109900977207644
-0.000105515596260375
-9.87321335799152e-05
-8.96838159292201e-05
-7.87037102156773e-05
-6.60804744256893e-05
-5.1769699638271e-05
-3.55049323275125e-05
-1.70419234279962e-05
3.44169137633799e-06
2.50577336657898e-05
4.6296300126869e-05
6.5580874064608e-05
8.17901302241353e-05
9.46576150795408e-05
0.000104904973596831
0.000113731246642601
0.000122668541990834
0.000133149047343295
0.000146416212487566
0.000163669078290241
0.000186173298999393
0.000215416573468019
0.000252420306878776
0.000295774515990388
0.00034010572136367
0.000378658215893779
0.000408301170651271
0.000430133706430524
0.000446909176332611
0.000461014559860473
0.000473898698061248
0.00048615556025311
0.000497729635284827
0.000508348918515367
0.000517758058649065
0.000525945953455675
0.000533245669842586
0.000540245626012847
0.00054767301804759
0.000556266144258188
0.00056656901392671
0.000578864733924433
0.000593192162057221
0.000609451378252857
0.000627475849057646
0.000647210063320358
0.000668609612120008
0.000691702251032211
0.0007166156557048
0.000743949346571071
0.000775390862628456
0.000814420753059153
0.00086717855118934
0.000943556344168428
0.001059224929989
0.00123877019753138
0.00151931800473903
0.00195174432171541
0.00259266497160127
0.00347781248244416
0.00457366922113067
0.00572979441670896
0.00668261002090276
0.00714210357521949
0.00691470214420065
0.00597809579616637
0.00448016068688162
0.00268960964611153
0.00091995855378002
-0.000559391422072508
-0.00159406932098705
-0.00216474616010487
-0.00235338970533405
-0.00228531082946404
-0.00208087991282468
-0.00183110748785964
-0.00159185442605292
-0.00138757338952189
-0.00121921917006773
-0.00107515663039237
-0.000942523836755527
-0.000814831535578264
-0.000693556323483335
-0.000584898796063271
-0.000495292695745775
-0.000428374002936494
-0.000384137166520304
-0.000359701157748304
-0.000350763862400072
-0.00035287328614686
-0.000362443408619129
-0.000377220477076889
-0.000396516153244875
-0.000421152002161307
-0.000453137527500758
-0.000495081753371096
-0.000549282841433296
-0.000616329209890409
-0.000693722856937029
-0.000774780239964912
-0.000849031955851842
-0.000904332164708421
-0.000930855392766716
-0.000925404197715807
-0.000893862761586206
-0.000850641779237549
-0.000815225664752006
-0.000808209055236375
-0.000848043857359926
-0.000947986134036682
-0.00110885745030487
-0.00130353505767289
-0.00146213041674059
-0.00150868206816313
-0.00151479939702881
-0.00181568093893247
-0.00265650834663234
-0.00366918717631393
-0.0042293613056188
-0.00418112211519883
-0.00379578590781193
-0.00336022321079099
-0.00300496294514119
-0.00274307243586236
-0.0025453861240976
-0.00238341568703504
-0.00224078533506145
-0.00211086703671981
-0.00199206207085467
-0.00188487003782711
-0.00179061210303644
-0.00171038738727702
-0.00164417368608838
-0.00159008362032864
-0.00154419810272088
-0.00150123247166789
-0.00145575773657924
-0.00140356615219162
-0.00134255939698846
-0.00127309274233767
-0.00119751986105143
-0.0011192824445061
-0.00104204422868293
-0.000968769509057665
-0.000901489993765381
-0.000841127167916511
-0.00078775874712278
-0.000740918437713844
-0.000699951208105176
-0.000664146515561015
-0.000633004759720279
-0.000606081851373119
-0.000583011416921408
-0.000563427082767021
-0.000546940270851337
-0.00053339554995091
-0.000523403542729284
-0.000519084775163492
-0.000524891241582282
-0.000547822898155914
-0.00059704463595267
-0.000682809364604964
-0.000815508771623286
-0.00100568442462645
-0.00126523236332332
-0.0016089407584019
-0.0020549117962787
-0.00262158073027763
-0.00331820682042405
-0.00412457290543955
-0.00495671836908684
-0.00562672131110276
-0.00583298409573274
-0.00524708609894731
-0.00372176178764505
-0.00148642209651939
0.000898459084908154
0.00284204881850769
0.00401061961419202
0.0043989256681698
0.00422464840887926
0.00377102238324767
0.0032646663150615
0.00282678880303422
0.00248935316804477
0.00223712159908018
0.00204228856048871
0.00188153381763811
0.00174013026210673
0.0016105006217515
0.00148954182321859
0.00137653222154199
0.00127189370147107
0.00117648668584991
0.00109125486424944
0.00101707531285911
0.000954475387615616
0.000903488395209706
0.00086353701966857
0.000833383362319751
0.000811345435280941
0.00079551920606491
0.000784133868947379
0.000775768338456828
0.000769517782828189
0.000764954766196979
0.000762034879642215
0.000760957963308329
0.000762084839678323
0.000765765229004955
0.000772365504886352
0.000782168774193792
0.000795397081532201
0.000812172551434287
0.000832467428324435
0.000856087423173335
0.000882660611267738
0.0009115763699441
0.00094206864531543
0.000973265912307397
0.00100435770811202
0.00103473896118089
0.00106420983136957
0.00109297015882248
0.0011217304862754
0.00115147891222023
0.00118341447752357
0.00121869736524616
0.001258410042837
0.00130340183090993
0.00135442768112171
0.00141212042059635
0.00147719059206963
0.00155053192507637
0.00163338786940415
0.00172757919081334
0.00183574266898745
0.00196160310217408
0.00211031747632262
0.0022886859074589
0.00250507392607346
0.00276870748550095
0.00308781888946896
0.0034664660031325
0.00390004695205448
0.00437070934999895
0.00484433049230404
0.00527088928059527
0.00558892931934452
0.00573319169916431
0.005644495981727
0.0052819859597264
0.00463801219652282
0.00375310893474534
0.00272177280713493
0.00167790226157649
0.000757921503335979
5.84698955918839e-05
-0.000387234688759008
-0.000603811445287761
-0.00064902527796562
-0.000587413451214047
-0.000473410199930413
-0.00034502400936276
-0.000224803509141225
-0.00012365664048275
-4.50750547997814e-05
1.1562972801471e-05
4.87943019322756e-05
6.97941704430605e-05
7.78266340262235e-05
7.61002372229314e-05
6.78179734592277e-05
5.62272450821411e-05
4.46087611294388e-05
3.59545726524857e-05
3.23185922468383e-05
3.37951888695898e-05
3.73423514332671e-05
3.58268970046538e-05
1.83408843668076e-05
-2.73725486721332e-05
-0.000109939835013506
-0.000228428387316626
-0.000368655106441906
-0.000504896124908782
-0.000607525141305132
-0.000653110898696241
-0.00063199445676787
-0.000550015588629549
-0.000424688062494738
-0.000278554956878452
-0.000132988065004724
-4.11892742135933e-06
9.85322934354826e-05
0.000171490599498725
0.000215777395951022
0.000235100827694623
0.000234329222692509
0.000218319806677414
0.000191219262646314
0.000155941926038849
0.000114064313549989
6.58584298207643e-05
1.03805852802452e-05
-5.40900657597376e-05
-0.000129740662657696
-0.000218802753693126
-0.000323474580454786
-0.000445954384531433
-0.000589250870319802
-0.000758482165963414
-0.000962707691343212
-0.0012170264795941
-0.00154368740012956
-0.00197046823302571
-0.00252070586626019
-0.00318490789297243
-0.00385929066482049
-0.00426433333089449
-0.00397578636679441
-0.0028486990544252
-0.00170680136690748
-0.00209440242926462
-0.00466424676659472
-0.00828318524881411
-0.0109911524326378
-0.0114769638237533
-0.00972341096527884
-0.00671338540314537
-0.00367135211121195
-0.00136883837598134
2.674527266322e-05
0.000704625247038848
0.000938760180702047
0.000947264489070676
0.000862421245528822
0.000749744710759614
0.000634969854473866
0.000524025267623074
0.000413968859191982
0.000298361335637765
0.000169730896004694
2.07611705604904e-05
-0.000154187773659942
-0.000357003315798465
-0.000582633941093036
-0.000815159051370529
-0.00102329256179701
-0.00115638054687395
-0.00114354636870928
-0.000903266350604781
-0.000377853304200926
0.000395639077055421
0.00121363474825387
0.00174786851658837
0.00176236802928997
0.00130497279648978
0.000634164942781013
1.49880108324396e-07
-0.000470629091253727
-0.00075913164643282
-0.000900279850668539
-0.000944938571834086
-0.000941130506859622
-0.000926725363115111
-0.000928329635385694
-0.000963640278683897
-0.00104553032898025
-0.00118562382134257
-0.00139567246648653
-0.00168348113227523
-0.00203871364234942
-0.00240343855928415
-0.002635303086862
-0.00251296206066343
-0.00188212778695629
-0.000932248722662621
-0.000232847074954634
-0.000195166105498856
-0.000588457060857195
-0.000891953177983851
-0.000876720918085994
-0.000627398133445922
-0.000293026714004441
2.48190357154954e-05
0.000275113265502114
0.000445227188450303
0.000547090150959662
0.000601979577297129
0.000629563068343941
0.000643191055971215
0.000649474918290593
0.000649680309550149
0.000641292574599106
0.000619559958892069
0.000579242209752806
0.000516969800301581
0.000434280389427499
0.000340533157228151
0.000254352094941623
0.000201072491989862
0.000205130357144867
0.000279010148318548
0.000415062428871238
0.000586936055313458
0.000761735119425566
0.000913918940526059
0.00103156372333046
0.00111353704035366
0.00116393561455652
0.00118837162332852
0.00119269594200944
0.00118261511694584
0.0011634027075047
0.0011396383836626
0.00111486375686809
0.00109154352223584
0.00107116537861884
0.00105441211317725
0.00104140029932864
0.00103185238131687
0.00102520214539936
0.00102059471984717
0.00101678110375758
0.00101191832690972
0.00100323638285715
0.000986699610905362
0.000956745793700975
0.000906308361692254
0.000827493629174114
0.000713329395551909
0.000560701485241566
0.000374056341456708
0.000168287606072681
-3.14470671725076e-05
-0.000194755322979745
-0.000294475555051577
-0.00031417646262355
-0.000251693110797646
-0.000119299015111096
5.82478509869588e-05
0.000248828735394113
0.000421473966838448
0.000554567503030512
0.000639804875746108
0.000681082967801672
0.000690436596784139
0.000683847423132988
0.000678457290348433
0.000691419144160932
0.00073988037918582
0.000841016145614049
0.00101111896633199
0.00126314514403703
0.00160246815816834
0.00202189376352635
0.00249809062324857
0.00299182345564475
0.00345359851827709
0.00383403309101027
0.00409594025363447
0.00422419321743916
0.004230227279578
0.00414895895417544
0.00402731736848239
0.00390606991196307
0.00380183662329614
0.00369924646470565
0.00355957485709268
0.00334053340544926
0.0030146385388008
0.0025773105871707
0.00204500305578392
0.00144867451368214
0.000826755330862738
0.000219613216501102
-0.000334293703829758
-0.000801542165973501
-0.00115652487586715
-0.00138449807174368
-0.00148377421460566
-0.00146589407279407
-0.00135316202687363
-0.00117412746192258
-0.000958788604066285
-0.000735200789137025
-0.000528099786123448
-0.000359251517423331
-0.000248118192658353
-0.000211441975039861
-0.000260264032547752
-0.000393818311295036
-0.000591693360973977
-0.000808147992970021
-0.000975136638103891
-0.00101888497638924
-0.000887562245921458
-0.000576350078773658
-0.000132843736011523
0.000362093688366372
0.000825117751901416
0.00119536047726854
0.00144432799054073
0.00157246993204296
0.00159907087571298
0.00155159218806489
0.00145771172910258
0.00134082744907005
0.00121814780484897
0.00110079723114609
0.00099467101222217
0.000901756447291291
0.000821298584696706
0.000750843831553993
0.00068683392306923
0.00062505001174884
0.000560756996392797
0.000488764584360979
0.000403577171681491
0.000299604785425345
0.000171918035363205
1.74804615227231e-05
-0.000162952984439357
-0.000363092889088534
-0.000571243052860382
-0.000775213226944516
-0.000973238156731782
-0.00118470233623214
-0.00144508294219747
-0.00177682313307059
-0.00215613082943378
-0.00250898746223527
-0.00273773781422904
-0.00275118816617237
-0.00248372988842505
-0.00191323068499116
-0.00108190123526697
-0.000103067554491076
0.0008661127370857
0.0016790568935221
0.00224923413227884
0.00256786814034626
0.00268603472797224
0.00267738053949529
0.00260497179382924
0.00250667819834405
0.0023975210705629
0.00227893259818757
0.00214728790304264
0.00199920635601814
0.00183466020153844
0.00165888414116466
0.00148306922298502
0.00132283073384087
0.0011941281297112
0.00110765840943827
0.00106351039086405
0.00104795616628905
0.00103467234779941
0.00099413810517035
0.000909439190621697
0.000785882470211163
0.000644029274354807
0.000504063457640314
0.000376154662973249
0.000261290988845531
0.000156374913018453
5.78204151224782e-05
-3.81916720471054e-05
-0.000137789779586228
-0.000253241871916998
-0.000407662792412111
-0.000638711306066853
-0.000996169813305414
-0.00152478030202019
-0.0022218116235706
-0.00297499802570655
-0.00353245210860109
-0.00360346197325612
-0.00309374748042046
-0.00222724061416102
-0.00137421185542053
-0.00080958573178691
-0.000608557648718033
-0.00067390537594747
-0.000841993141875719
-0.000984179404639463
-0.00104560804459197
-0.00103175246124465
-0.000977207204044817
-0.000916522413518805
-0.000860733706531391
-0.000782429676604579
-0.000617705886440945
-0.000290412138781448
0.000252553533641731
0.00101626485005113
0.00195377047873535
0.00297470936772015
0.00395550259213451
0.00474535966077383
0.00516992004762074
0.00505839814479714
0.00435045333091466
0.00326147997498083
0.0022745250127798
0.00182825976580148
0.00199398275668727
0.00245213849225934
0.00277113887392488
0.00271858091593913
0.00231177299525598
0.0016786239065425
0.000954858414559112
0.000247868392477812
-0.000377253783767628
-0.000896616114687276
-0.00131368249611796
-0.00164374069910878
-0.00190442106529076
-0.00211378692327457
-0.0022937984844873
-0.00247866172031763
-0.00272525335631713
-0.00311981551703866
-0.00376634279319887
-0.00473362460340354
-0.00594628790651086
-0.00705241420817515
-0.0074093176039014
-0.00644756470435937
-0.00439894787263029
-0.00238606912006389
-0.00129068977727798
-0.00110333964187248
-0.00139060984949424
-0.00175781611488901
-0.00198637772896859
-0.00201872962790617
-0.00188971061021448
-0.00166072711138554
-0.00138425937379338
-0.00109491304911558
-0.000813449307912606
-0.000553523893387364
-0.000326738636147184
-0.000146016532198701
-2.65454325187875e-05
1.03028696685215e-05
-8.72191208145523e-05
-0.000492128560125593
-0.00167341696055701
-0.00431266133915642
-0.00811236633424528
-0.0109470876807904
-0.012828371698248
-0.0158288826490605
-0.0174262604346609
-0.015380896556394
-0.0108151598787742
-0.00552783374629939
-0.00101700869947763
0.00140141231952384
0.00103925756889112
-0.001320221709733
-0.00372543107474144
-0.00478049821950322
-0.00449210668662658
-0.00357344154267025
-0.00263518096232929
-0.00195536919989081
-0.00158659752003132
-0.00149956713713095
-0.00165512048511118
-0.00200554017837362
-0.00245575781931962
-0.00282494028169822
-0.00286317636266631
-0.00237247999024248
-0.00139642741814328
-0.000279720691054308
0.000553590506768842
0.000879118999819184
0.000714994730088847
0.000201616501271928
-0.000499544849930089
-0.00124870114248665
-0.00194088078941945
-0.00250813814162143
-0.00291628943216438
-0.00315762971325739
-0.00324088533787403
-0.00318081117001157
-0.00299043012574884
-0.00267857958036188
-0.0022533530597002
-0.00173023817495732
-0.00114005471729683
-0.000531752419874465
3.35731442646647e-05
0.000496003238481535
0.000812844236364185
0.000971162039675733
0.000992056436999178
0.000924976761851326
0.000833610958039799
0.000778238584686619
0.000800443045179122
0.000915290065961472
0.00111269882197007
0.00136586852939047
0.00164223634691041
0.00191242022218319
0.00215527595770482
0.00235900743383866
0.00251975107445901
0.00263921107190868
0.00272213918073305
0.00277430856066019
0.00280124257123759
0.00280759859805357
0.00279696821259279
0.00277217693245291
0.00273556732821589
0.00268925437474365
0.00263530863797712
0.00257581733720258
0.00251280107832486
0.00244817499606143
0.0023836710383307
0.00232076580175544
0.00226068608277785
0.00220438667319911
0.00215262807579109
0.00210595429983584
0.00206480388342811
0.00202948768901479
0.00200025551677641
0.00197729610462716
0.00196075933267537
0.00195066740538152
0.00194693150490366
0.00194916305318316
0.00195656268964228
0.00196765381765829
0.001979993946577
0.00198991934041715
0.00199232852438058
0.00198084326719083
0.00194858573721035
0.00188980497917157
0.00180247483605456
0.00169102509772756
0.0015674128661658
0.00144831924231426
0.00134833810783164
0.00127405863636909
0.00122614696174139
0.00120808918424586
0.00123008825347881
0.00130164767853103
0.0014216849919535
0.00157695523306245
0.00174841807698556
0.00191867632892695
0.00207600603374658
0.00221492824081793
0.0023348212252472
0.0024378943308534
0.00252766696462459
0.00260779176031178
0.00268147171134103
0.00275123812620848
0.00281880629948716
0.00288521984082024
0.00295085067492096
0.00301550451276
0.00307839864710502
0.00313818970809621
0.00319294590767072
0.00324015259067778
0.0032768343594114
0.0032996883003733
0.00330513949542421
0.00328908011937301
0.00324640314630642
0.00317103565627974
0.00305792613453093
0.00290713009221122
0.00272742939344539
0.00253552734363893
0.00234998687176358
0.00218406404073335
0.00204179451124276
0.00191893723133774
0.00180707115937651
0.00169820824069689
0.0015882017923019
0.00147811762829519
0.00137378441955605
0.00128420607481416
0.00121961329924147
0.00118977050433955
0.00120285448268476
0.00126478827411347
0.00137899691665666
0.00154644075323063
0.00176564873832774
0.00203281280697354
0.00234187669256869
0.0026846080913856
0.00305062641814402
0.00342754713500426
0.00380099840491255
0.00415474321613374
0.00447085146682014
0.00473016070756671
0.00491342522224159
0.00500339769615721
0.00498794894276955
0.00486358731066616
0.00463807325878918
0.00433073576999732
0.00396954691339602
0.00358582608050995
0.0032083280476769
0.00285886314621564
0.002550498701126
0.00228818630709782
0.00207088790560306
0.00189400162220466
0.0017514045769218
0.00163684066301073
0.00154466994750635
0.00147016288032376
0.00140951139648848
0.00135972899606429
0.00131845645512385
0.00128383970121604
0.00125436327991224
0.00122874488361902
0.00120585208485124
0.00118465237619603
0.00116413545470095
0.00114332432410436
0.00112115317030259
0.00109650621915591
0.00106811781641625
0.00103441699650375
0.000993438664664836
0.000942579347906758
0.000878208616938991
0.000795175036927276
0.0006861067269881
0.000540434363927034
0.000343225448062867
7.41295913542217e-05
-0.000292921242817101
-0.000787248044531452
-0.00143239864414113
-0.00222681872941166
-0.00311907166761216
-0.00400536270817042
-0.00478271866555247
-0.00542804690084608
-0.00601390048871053
-0.00663904486941647
-0.00735983496369386
-0.00820168377657637
-0.00923252585494083
-0.0105743636069633
-0.0122032606242328
-0.0136329392219636
-0.0138844491459622
-0.0119665166664618
-0.00785869147534868
-0.0031978864001303
-0.000149857903863904
0.000426747526205418
-0.00078177464502005
-0.00245132802945136
-0.00348276962824912
-0.00336453087612654
-0.0020516477405863
0.000238298270005544
0.0029807933898951
0.00516102716119349
0.0056585847119095
0.00420079526719519
0.00152362567007458
-0.0012682521699503
-0.0033933744703063
-0.00475470773864117
-0.00552575762924334
-0.00583553205757426
-0.00592856874703784
-0.00598607829971343
-0.00600131055961128
-0.00599784666377445
-0.00625051121971865
-0.00712012671044704
-0.00847901748812774
-0.00945625799886329
-0.0091289642512038
-0.00783033637929975
-0.00660240750960384
-0.00587192516832147
-0.00550564038803714
-0.00528843635549947
-0.00508344477623268
-0.00482656137279491
-0.00451857440353365
-0.0042093661889453
-0.00395770083372327
-0.00379961617724689
-0.00374604791630873
-0.00378895803621049
-0.0038985148442805
-0.0040349057428557
-0.00417659240525836
-0.00429933866286092
-0.00434865476961477
-0.00421551682450172
-0.00375812714281665
-0.00344659856210683
-0.00439565051024715
-0.00596211968684202
-0.00688257228986799
-0.00700446367574159
-0.00657380816448949
-0.00582505155222179
-0.00492393903428479
-0.00406331635005586
-0.00362924135188791
-0.00413653555852989
-0.00568561864255912
-0.00735289606978995
-0.00765733032537241
-0.00608268990731631
-0.00356515927890655
-0.00134239286353477
5.06927833043846e-05
0.000734701188775944
0.00102411412683523
0.0011565859381335
0.00124980026328103
0.00134382505123654
0.00144443346172807
0.00154724566492348
0.00164716573713974
0.00174078529369126
0.00182640014223523
0.00190346627348958
0.0019720725052963
0.00203264072240472
0.00208573713855742
0.00213201678533892
0.00217214024544887
0.00220681806162304
0.00223680518551816
0.00226292318217247
0.00228611019004177
0.0023074098187692
0.00232801555810624
0.00234924302233708
0.00237254660362396
0.00239945285862575
0.00243151609957692
0.00247024622979097
0.00251695886355208
0.00257268095715801
0.00263803423550257
0.0027130520052765
0.00279712364381624
0.00288891688349224
0.00298637226059384
0.00308680858651655
0.00318702841894947
0.00328357341317087
0.00337294081553807
0.00345183881478306
0.00351748630222914
0.00356776275189929
0.00360145246958155
0.00361825014394412
0.00361890517552865
0.00360512175667793
0.00357951723816541
0.00354543061575896
0.00350668383219954
0.00346729034372117
0.00343103323530158
0.00340104611140646
0.00337933570015991
0.00336640437747349
0.00336099759134356
0.00336017047519022
0.00335965977259889
0.00335464711564271
0.00334068328555759
0.00331457916668398
0.003275058002572
0.00322291082710535
0.00316068005101044
0.00309206549253815
0.00302114722127556
0.00295175550668603
0.00288702117767059
0.00282912582250106
0.00277930733982146
0.00273797096106421
0.00270486133490522
0.00267927624530273
0.00266025534934045
0.0026467189551056
0.00263760402407343
0.00263190302884198
0.00262875832213183
0.00262744270784765
0.00262740107447712
0.00262823096619513
0.0026296770316776
0.00263165877977656
0.00263421506829786
0.00263754018625662
0.00264195609832996
0.00264791799597219
0.00265599209292589
0.00266684729854205
0.00268119693113533
0.0026997792890171
0.00272325217930813
0.00275214850908867
0.00278674583408645
0.00282700529652402
0.00287244117380681
0.00292202928520169
0.0029740487850205
0.00302596281365197
0.00307419922850727
0.0031140645617711
0.00313979398036679
0.00314503978415814
0.00312398440449613
0.00307302516766583
0.00299266167402834
0.00288862267439072
0.00277151634975326
0.0026546043141451
0.00255069299015531
0.00246928033575955
0.00241504594100661
0.00238793984586039
0.00238436492772109
0.00239878117369585
0.00242509901049459
0.00245766740292197
0.00249177900535358
0.00252381449072914
0.00255120924386176
0.00257224241906329
0.00258587040669056
0.00259147148184979
0.00258874588432434
0.00257758259181173
0.00255794274650611
0.00252984300175285
0.00249328890866707
0.00244830822282438
0.0023949509042609
0.00233330021970346
0.00226351715149065
0.00218591811318447
0.00210094719399478
0.00200929273219685
0.00191181515063477
0.00180965242790876
0.00170410907607277
0.00159668944732516
0.00148905887620288
0.00138298816843019
0.00128030364088261
0.00118287601935663
0.00109253162072775
0.00101090802395731
0.000939354150020222
0.00087859719499761
0.000828526136587016
0.000787603315899332
0.000751976259039111
0.000713817893682744
0.000659117205259463
0.000565703039967502
0.000404787314778332
0.000149569245877501
-0.000207622807835151
-0.00063762328750272
-0.00107066577825776
-0.00141632261474456
-0.00159915414243983
-0.00158708601816215
-0.00139358524720024
-0.00105695452390364
-0.000616107165285484
-9.53348511245622e-05
0.000498945329496792
0.00116919807169324
0.00190348847795008
0.00263716826154337
0.0032140401451386
0.00338821193324179
0.00290872881336668
0.00166630043096916
-0.000180089276824447
-0.0021756263457462
-0.00370514730008153
-0.00428078683611943
-0.00376829678572221
-0.00243317588299874
-0.000852051762478823
0.000417399448338074
0.0011465273175304
0.00141562317423904
0.00142016398640976
0.00132874822256213
0.00123645538252504
0.00116817666651059
0.00109541264947666
0.000961464241555632
0.000718769488372573
0.000364619445747394
-5.44897460486027e-05
-0.000473898698061248
-0.000846589465197667
-0.0011543765943145
-0.00139748213001667
-0.00158125734728287
-0.0017125412199448
-0.00180447878861401
-0.00188501436682031
-0.00200667260585874
-0.00225930385511219
-0.00277826650574298
-0.00371495056938898
-0.00511375386480495
-0.00665780763853263
-0.0072581163301777
-0.0049052428785501
9.25814980234918e-05
0.00125751631330218
-0.0027750801656623
-0.00635845820440295
-0.00712842007644099
-0.00613917805480924
-0.00482441864235739
-0.00383895137900936
-0.0032649771775084
-0.0030050628652134
-0.00296737079352738
-0.00309752223870419
-0.00336580763260486
-0.00379187792276525
-0.00446367387496593
-0.00531362731592822
-0.00578722625377281
-0.00538897815260952
-0.00463493687874461
-0.00429116742139968
-0.00490877338776841
-0.00666287025552492
-0.00867707017349062
-0.00978861436351508
-0.0105023212348954
-0.0113019926750724
-0.0109696030037298
-0.0102894248676932
-0.0114259823824625
-0.0132652666628985
-0.012552903161378
-0.00883193518319558
-0.00455940840637936
-0.00184594561858376
-0.000984112791257985
-0.001190647580529
-0.00166034963555717
-0.00200008898332271
-0.00221820339874057
-0.0025348945165149
-0.00315937276340605
-0.00415184553403947
-0.00534779998062618
-0.00623135987254386
-0.00585625992144401
-0.00323483462238983
0.001068467536669
0.00259772203747843
-0.00194855243051961
-0.00712770953370523
-0.00863501492531782
-0.00720037363066695
-0.00442889058760443
-0.00122855059458971
0.00200156557994546
0.00499097430051165
0.00746713801902388
0.00915166831205738
0.00972613101168918
0.00893216611785874
0.00695968838115846
0.00460320670470082
0.00271118683059512
0.00157011070811564
0.000885125306382406
0.000171296310469415
-0.000805522315516782
-0.00185073067981989
-0.00261384247579599
-0.00295699020824713
-0.00297886160183225
-0.00281268341950636
-0.00250862663975226
-0.00206721306739155
-0.00151234580414439
-0.000913380482359116
-0.000354249962697395
0.000104294350933287
0.000439226433002204
0.000658140208997793
0.000784872167258754
0.000847122372249487
0.000868727312308692
0.000865973959207622
0.000846811509802592
0.00081255002726266
0.000761302132445962
0.000692224055853785
0.000609801098505613
0.000526567678349465
0.000462330174144654
0.00043754999623502
0.000460220750397866
0.000510014253052304
0.00052842175080059
0.000424382751162966
0.000103661523809251
-0.000475341987993261
-0.00123587806655223
-0.00197535321433406
-0.00247377673900928
-0.00258622567805844
-0.00222906693103653
-0.00145443657117994
-0.000495270491285282
0.000386107812389014
0.0010394463068053
0.0014381273949482
0.00162611590859285
0.0016679657655061
0.00162140856296844
0.00152874934933322
0.00141840428291573
0.00131021304916601
0.00122133969604477
0.00117132969990053
0.00118436371820962
0.00128447252834007
0.00147786227699953
0.00172584169177981
0.00193932092606985
0.00202955430239626
0.00197951655067641
0.00184704473937813
0.00170160552315224
0.00157853174975742
0.00148184797765794
0.00140533140680077
0.00134566802145741
0.00130439548051697
0.00128448918168544
0.00128697053014548
0.00130971899992005
0.00134828259668041
0.00139743772109568
0.00145234380077852
0.00150872092596899
0.00156209489787784
0.00160612079191935
0.00163071778302992
0.00162068691800243
0.00155651047606398
0.00141955336374622
0.00120359833211126
0.000930738819349131
0.000660882459868617
0.000476235717528084
0.000434147162664544
0.000525163246223315
0.000691435797506301
0.000887501183655104
0.00110249587237377
0.00133307809235816
0.0015629497696068
0.0017690238163226
0.00193480231835963
0.00205576111689254
0.00213705719787072
0.00218823292819081
0.00221867524352604
0.00223512874875098
0.00224086860178829
0.00223601137605556
0.00221819784762545
0.00218361440040837
0.00212822537370982
0.0020495827257605
0.00194884663962114
0.00183244530660431
0.00171153091699239
0.00159862123538801
0.00150345846883226
0.00143220435511182
0.00139103728535872
0.00138772882074534
0.00142640899092328
0.00150107704044444
0.00159637303376314
0.00169483871381715
0.00178396741823406
0.00185860771217961
0.00191928140047537
0.00196885840964001
0.00200943151007493
0.0020401014211302
0.00205573891243205
0.00204702921280386
0.00200187089127724
0.00190808480127203
0.00175713332772887
0.00154820045672466
0.00129306010343555
0.00102231001442021
0.000790961740548823
0.00067514882573505
0.000745059569595696
0.00100855990226023
0.00136279876272738
0.00163633551153453
0.00172870606718334
0.00169087521761924
0.00164572244720773
0.00167253988436755
0.00177841075199581
0.00193265403680698
0.00210167994119104
0.00226331731134621
0.00240682473950926
0.00252777798692705
0.00262310173582136
0.00268735034225642
0.00271109246163803
0.00268110533774291
0.00258237875527811
0.00240155673125741
0.00213120632253094
0.00177424186453834
0.00134754984948415
0.00088342666515473
0.000427741175812457
3.45723449868274e-05
-0.000241412445589617
-0.000353517215501142
-0.000272420974667398
4.35762537165374e-06
0.00044594883341631
0.000990235671238793
0.00155606638685413
0.00206232253496808
0.0024466317860572
0.00267694200140056
0.00275255929160778
0.00269684830023209
0.00254593568449479
0.00233691954676374
0.00209826600539031
0.00184660065016828
0.00159169344371435
0.00134521283001732
0.00112460041279405
0.000949040845910076
0.000832478530554681
0.000779976083720157
0.000788752396729819
0.000851557713232864
0.00095989882709091
0.00110574882583592
0.001281719175239
0.00147970524722041
0.00168733915728581
0.00188161708436496
0.00201823002754509
0.00201685335099455
0.00174896763738275
0.00105199182698357
-0.000178246306603569
-0.0017679191444131
-0.00305900860197994
-0.00329442029212146
-0.00271989097910819
-0.00225394147790325
-0.00185677029307385
-0.00118642873303543
-0.000465127936166709
-4.87165863205519e-05
-3.40505401652536e-05
-0.000274225087082414
-0.000565625324355779
-0.00078633766165126
-0.000908129127452639
-0.00094574348352694
-0.000917177445103334
-0.00083224538371951
-0.000696342983275144
-0.000518074472211083
-0.000314870352013941
-0.000114841469667226
4.62407889756378e-05
0.000132716060363691
0.000120026211192226
5.32907051820075e-06
-0.000190480964334938
-0.000434596802989518
-0.000697852886588635
-0.000954558654342463
-0.00116463505506204
-0.0012633782908722
-0.00118255405467949
-0.000893951579428176
-0.000438515890266444
8.3189011235163e-05
0.00055042637114866
0.000863609184165171
0.000968147784163875
0.000860367332933265
0.000587119242112522
0.000247457609958701
-1.55098156540134e-05
-6.38267216857002e-05
0.000129329880138584
0.000374233977140648
0.00030838664955013
-0.000327826654711316
-0.00143229872406891
-0.00262578847554096
-0.0035014657839838
-0.00377615716473656
-0.00341152661675892
-0.00264815946948715
-0.00181783477160025
-0.00112875264690615
-0.00062675420409164
-0.000289623880433965
-0.000152333701208818
-0.000401878530453814
-0.00138755673617652
-0.00347765150010559
-0.00667030874978991
-0.00999871296869514
-0.0114611986568036
-0.00955284740200568
-0.00505215869139874
-0.000700361990624288
0.00125016663687916
0.000850097769955482
-0.000561151125566539
-0.00187109217009152
-0.00262073696077891
-0.00280565570776048
-0.00261813903890129
-0.00229339880419843
-0.00203836947321179
-0.00199498195740944
-0.00221389573340502
-0.00264380739523062
-0.00315631965008834
-0.00361254359759755
-0.00392421650730057
-0.00404914990426164
-0.00396013222214719
-0.00367440522452966
-0.00329923866004833
-0.00299908986534092
-0.00292578183902492
-0.00318637338736494
-0.0038312797379092
-0.00480369077848763
-0.00580002712524674
-0.00600027805219838
-0.0037085223780764
0.00290469870378729
0.00685157486302046
-0.0057740923153915
-0.0179616432838259
-0.0183536963405118
-0.0129606880783228
-0.00746386286110123
-0.0038886005526706
-0.00214089856953592
-0.00148663303889407
-0.00128641541863317
-0.00117276188760229
-0.000993749527111731
-0.000723532345148215
-0.000403377331537058
-0.000112543308006252
4.55746551608627e-05
-4.30211422042248e-05
-0.000477495820661034
-0.00129485311362032
-0.0024014568111852
-0.00351079165739066
-0.00415657508412437
-0.00386549681152815
-0.002473132809655
-0.000334821059766455
0.0018487655850663
0.00344950734643135
0.00417064160984637
0.00404796196562529
0.00332265326363768
0.00228173036020962
0.00114291909270037
2.95874436062604e-05
-0.000995403759418423
-0.00190764071206218
-0.00273985278909095
-0.0035421998667573
-0.00418021173231864
-0.00421989110321874
-0.00309834380374241
-0.000381361608958741
0.00381602527355085
0.00813077383199357
0.0100241259737288
0.00817442780132183
0.004302047607041
0.000921074327919769
-0.000924726961670785
-0.0014273027204581
-0.00114226406111584
-0.000540312239394325
9.55124868085022e-05
0.000636146690879968
0.00104560804459197
0.00133243416300388
0.00152073909021055
0.00163655755613945
0.00170270464394662
0.0017377932426399
0.00175645054056872
0.00176971770571299
0.00178539960593582
0.00180827575135822
0.00184042781015137
0.00188181692450939
0.00193087212885246
0.0019852286481381
0.00204232186717945
0.00209988137989114
0.00215621409616062
0.00221034301972622
0.00226197949260154
0.00231140662165785
0.00235925168290407
0.0024061863612701
0.0024526103370448
0.00249816278774517
0.00254137266786358
0.00257937005088138
0.00260773624916055
0.00262072585854867
0.00261193289219364
0.00257545651471958
0.00250749421226715
0.00240807929152709
0.00228249086298149
0.00214164797007754
0.00200110483739024
0.00187831972198182
0.00178880799062142
0.00174236736150135
0.00174079084480638
0.00177812764512453
0.00184323667440367
0.00192343363458747
0.00200749972201208
0.0020871249173382
0.00215629736288747
0.00220922169447135
0.00223761009721102
0.0022281232414656
0.00216117124196558
0.002012184863176
0.001756372824957
0.00137766464902711
0.000880889805543461
0.000303768121767689
-0.000277416978278211
-0.000756056328654608
-0.00102142738711564
-0.000995514781720885
-0.000662092602965458
-7.08155756257156e-05
0.000683103573706489
0.00148875911598623
0.0022456703163698
0.00288085666433346
0.00335558802966318
0.00366247587813007
0.00381661924286902
0.00384530185471021
0.00377966546949438
0.00364945296205121
0.00348071571565356
0.00329536953280751
0.00311159986665643
0.00294436697245715
0.00280564460553023
0.00270408695435265
0.00264434585339757
0.00262630472924741
0.00264459010246298
0.00268874367215233
0.00274422706780797
0.00279443135298152
0.00282338041834862
0.00281867307272421
0.00277411427163088
0.00269113065165527
0.0025785096280373
0.00245044540214678
0.00232335262140282
0.0022124246878974
0.00212880824079775
0.00207815431529923
0.00206039074690523
0.00207076022995523
0.00210117478971483
0.00214159245892631
0.00218099982518538
0.00220759521774028
0.00220840012943313
0.00216865969626667
0.00207194261747645
0.00190261695287575
0.00165251146100331
0.00133217326059309
0.000982092185353167
0.000671634969862112
0.000472821781727362
0.000417349488301966
0.000474348338386221
0.000573374681067662
0.000643202158201461
0.000631500407521912
0.000510613773485602
0.000282301959586562
-2.00839345154691e-05
-0.000334859917572317
-0.000578992409572265
-0.000660071997060641
-0.000501021446552841
-8.42770297992956e-05
0.000500421926119543
0.00106272768363169
0.00142408307368669
0.00148597800730954
0.0010633049996045
0.00035793590313915
0.00075547346156668
0.00292537105650581
0.00572586422720178
0.00789094345421404
0.00896051011167742
0.00901029251210161
0.00825519652636331
0.00688160639583657
0.00503763697423665
0.00287371237917
0.000576494407766859
-0.00161927138364604
-0.00343532979840688
-0.00456908955115409
-0.00476305661578635
-0.00396994659368488
-0.00253277399053786
-0.00110764730720803
-0.000244748665778616
-5.58553203688916e-05
-0.000298805424847615
-0.00064875882443971
-0.000863531468553447
-0.00081326056999842
-0.00047768455857522
-6.85007606193722e-06
0.000216116013973533
-0.000198385752270269
-0.00117880150085625
-0.00220533591388516
-0.0028251512240729
-0.00290454327256384
-0.00251428877717785
-0.00179031234281979
-0.000897970586777319
-5.90971716007971e-05
0.000397581967348515
1.11688436277291e-05
-0.00167413860552301
-0.00475056660675932
-0.00870048477707996
-0.0118713039398699
-0.0114005471729683
-0.00718934911603242
-0.00255533372239825
0.00336436434267284
0.0124790844324707
0.00417074152991859
-0.00863130678041557
-0.0108397624209999
-0.00920646892055288
-0.007669664903176
-0.0069354300080704
-0.00648562314964352
-0.00620984375032663
-0.00606670269576171
-0.00602068395139099
-0.00609668981965683
-0.00635055341646762
-0.00680768774685703
-0.0074108053027544
-0.00800230992581419
-0.00837208080639584
-0.00836664071357518
-0.00797052424061917
-0.00728792581838889
-0.00646734887865819
-0.00564354118992583
-0.00496778174152723
-0.00484530193745059
-0.00644732045529395
-0.0115389142685274
-0.0187424853415052
-0.0212449169367801
-0.0184888437892994
-0.0125493726521597
-0.00569854163856576
-0.00164659397228206
-0.000397104571447926
-0.00130624400185297
-0.0041710079834445
-0.00793024534928577
-0.00980545644679864
-0.00788645815319455
-0.00495203877903805
-0.00315814041584872
-0.00215799600411515
-0.00184160464655747
-0.0018899548592799
-0.00196120897300034
-0.00191109350566876
-0.00171479497268479
-0.00141036071710232
-0.00110553788346124
-0.000940569844232186
-0.000977629088794174
-0.00113797860024079
-0.00125575105869302
-0.00115056852934003
-0.000685262957489385
5.65880675651442e-05
0.000542943467962687
0.000190825133472572
-0.000714250880662348
-0.00132833744004301
-0.00129167787576989
-0.000792654830661377
-0.000126487709195544
0.000521771514883085
0.00107579500863153
0.00150818246780204
0.00179239956210608
0.00187894144687561
0.00169918523695856
0.00120474741294174
0.000438959979476294
-0.000398614474761416
-0.000969813118700813
-0.000957545154278705
-0.0002997380121883
0.000756683604663522
0.0018929080525254
0.00291470736435429
0.00372135100512594
0.00425718904573102
0.00452000659123541
0.00455784299191464
0.00444277392652737
0.00424448809432931
0.00401532140870131
0.00378690967473005
0.00357421314767237
0.00338203354210975
0.00321086490728817
0.00306090708335205
0.00293432500519941
0.00283600365413861
0.00277311507090872
0.00275330314103428
0.00278168599265882
0.00285738654959289
0.00297102897839352
0.00310533820879755
0.00323931992340931
0.00335427796649412
0.00343862716079002
0.00348909234837436
0.00350888762490342
0.00350470763521571
0.00348426287821724
0.00345474204799245
0.00342208483772311
0.00339072103727744
0.00336355943097999
0.00334217098441059
0.00332706084904544
0.00331809024700647
0.00331472627124185
0.0033162972368217
0.00332209815212536
0.00333135186103561
0.0033430869184059
0.00335607097667889
0.00336876637696548
0.00337948558026824
0.00338659655874096
0.00338895578266829
0.00338615246953111
0.00337869177080563
0.00336787819854578
0.00335552696739683
0.00334358651876698
0.00333372218719319
0.00332710525796642
0.00332430749594437
0.00332543992342949
0.00333019722909
0.0033380687103346
0.00334838823334849
0.00336032313086321
0.00337277428208438
0.00338417627254728
0.00339228090062704
0.00339399619520009
0.00338547523348609
0.00336254912802758
0.0033215541428433
0.00326059179656113
0.00318078896555107
0.00308704728446685
0.00298781555052585
0.00289358537131079
0.00281486500774975
0.00276033085278016
0.00273591704846865
0.00274459899252122
0.00278617684479343
0.00285716450498796
0.00295106716841076
0.00305952485568639
0.00317392223614377
0.00328680971328765
0.00339273054095202
0.00348830409002687
0.0035718206170543
0.00364259178375903
0.00370024566542781
0.00374407727044002
0.00377239350868308
0.00378224118691151
0.00376941255986196
0.00372920583302516
0.00365775743027541
0.0035536018572202
0.00341832673278475
0.00325544591284199
0.00306856762222196
0.00286199397514508
0.00264641086822337
0.00244548825634183
0.00229382624006291
0.00222302176666744
0.00224596452547132
0.00235165220630051
0.00251211829116471
0.00269427258281496
0.00286927703818662
0.00301688118931054
0.0031255609211911
0.00319035353690822
0.00321019322235827
0.00318575166247115
0.00311811687581098
0.00300845459655363
0.00285876322614342
0.0026738555813921
0.00246462850128637
0.00225154339617006
0.00206435979421826
0.00193014493277133
0.0018455237338344
0.00175379710753987
0.00157694968194733
0.00130101485140699
0.0010046408149833
0.000776090303133969
0.000631927843386393
0.000518074472211083
0.000358235663355799
0.000116329168520224
-0.000134647848426539
-0.000192279525634831
0.000180777615099714
0.0011026957125182
0.00247621922966346
0.00394233534706245
0.00480159245697109
0.00401229049984408
0.000624578166963374
-0.00515657516686474
-0.0106581521386317
-0.0115994547300602
-0.00736023464398272
-0.00137311273462615
0.0029336977291905
0.00413669098975333
0.00328250759906723
0.00204206651588379
0.00126375576670057
0.00102642339072645
0.00115575327086503
0.00143470790803235
0.0015093482019779
0.000907862673926729
-0.000466116034658626
-0.00188852267157813
-0.00233864039245191
-0.00185133020025319
-0.0021329715771401
-0.00412587741749348
-0.00514033260401447
-0.00279924972090839
0.000421285228924262
0.00105452313547971
-0.000728661575521983
-0.00256784593588577
-0.0024774293727603
-0.000394195787123408
0.00115456533222869
0.000107025499573865
-0.00292821322744885
-0.00649018616627473
-0.00932158794597626
-0.00922251164325871
-0.00260864663204075
0.00812410139161557
0.00457405224807417
-0.0252527998512164
-0.0339317907105396
-0.00937605548756437
0.0103220321179265
0.00960052037868309
0.00183353332516845
0.000437960778754132
0.00369295705127115
0.0068326455604506
0.00691413593045809
-0.00124860122241444
-0.00889068818565875
-0.0103224540026758
-0.010635847758067
-0.0103973274434566
-0.00695334900768785
-0.00115583098647676
0.00231250574245223
-0.00133721922424002
-0.0122814869385479
-0.0253832732610704
-0.0264029464958071
-0.00634994279380408
-0.0101284092224319
-0.00119440013435224
0.00909292641182446
0.00913600306517992
-0.00439244196570598
-0.0248663756252654
-0.0308601366683092
-0.0131842758932521
0.00632760510654862
0.01030731056062
0.00450710579968927
-0.00704232228088131
-0.0193165261563877
-0.00922362186628334
-0.0105636388525454
-0.0165007785213334
-0.0131221034038731
-0.00373596709124513
0.00665616450845619
0.0122590160245295
-0.00330824256877804
-0.0323457260975601
-0.0397645250060918
-0.0102241992649965
0.00470536942742683
0.00146782586085692
-0.00477835548906569
-0.00667252919583916
-0.00534539079666274
-0.00397613053593204
-0.00267148525523453
-0.00169319003262558
-0.00133456579121116
-0.0011250445020039
-0.000685385082022094
-3.90798504668055e-06
0.000744926342832741
0.00134003919072256
0.00163886682003067
0.00178127512739934
0.00217994511331199
0.00304795078065467
0.00376594311291001
0.00305165892555692
0.000915290065961472
-0.000608846306704436
-0.00035154101851731
0.000921518417129619
0.00215604201159181
0.0029336977291905
0.00327231575170117
0.00320785620289143
0.0025325186392422
0.000828082047377166
-0.00179228853980362
-0.003469780018861
-0.00228266294755031
-7.85815856829686e-05
0.00113150600000722
0.00159865454207875
0.00183637549611149
0.00222760698775915
0.00300366398420238
0.0041264103245453
0.00506995556648349
0.00476910733127056
0.00238329356250233
-0.00137543310074761
-0.00449040804539891
-0.00525645083016002
-0.00259726684603834
0.00187249105110254
0.00550656187314758
0.00726215754198734
0.00731914528984134
0.00621421802904365
0.00444850822844955
0.00242095232749762
0.00051219029018057
-0.00082706064219451
-0.00112506670646439
-0.000149524836956516
0.00177063919082343
0.00376412234714962
0.00497728525061802
0.00516643394732341
0.00466241489860408
0.00392136323412728
0.003249855939913
0.00279262168945138
0.00259484655984465
0.00264692712192982
0.00291269786067971
0.00334964278536631
0.00391514598518938
0.00455014914635399
0.00514185360955821
0.00549522649606615
0.00538156741392015
0.00469868033370346
0.00357813778606442
0.00227366458993572
0.00118188236974959
0.000834016189443787
0.00135847999516159
0.00237907471500876
0.00344779760297342
0.00428453383882754
0.00476785277925273
0.00487945794880318
0.00468376448736763
0.00433851843339994
0.00409811073964761
0.00423286961037661
0.0047902404265443
0.00535571587079176
0.00532003885389543
0.00461196081324999
0.003795203040724
0.00339852035402544
0.00354365981003468
0.00408124645190355
0.00480211981290779
0.00553044832152239
0.00612526140919556
0.00644729269971833
0.00632864871619176
0.00557603407891349
0.00404451472313383
0.00181685222422345
-0.000547312195564587
-0.00195712335226972
-0.00141404665754408
0.000943339850678626
0.00391000010147025
0.00632446872650405
0.00762116481034525
0.00780717712700607
0.00720349335736614
0.00616204309800139
0.00493763918640866
0.00369999586524727
0.00260352850389722
0.00185785831163798
0.00175156555926037
0.00256223930961141
0.00428675983599192
0.00628495033794252
0.0073314243564937
0.00654175602576856
0.00428340696245755
0.00176855197153714
3.49498208151999e-05
-0.00049086290587752
0.000122657439760587
0.00157958091051569
0.00356237261911474
0.00578393999361992
0.00785060905172941
0.00897566465596356
0.00787332421481324
0.00368208796786007
-0.002328726100842
-0.00751669837484314
-0.0085946361139122
-0.00432882618639496
0.00161740620896467
0.00576863001811034
0.00724590387690682
0.00670888899989563
0.00503999064704885
0.0027896018828244
0.000353073126291292
-0.0013700041101572
-0.000603550542876974
0.00212811990252249
0.00261306531967875
0.00174450454082375
0.000709254877051535
0.00045781156643443
0.00187480031499376
0.00386454201972697
0.00464274174660773
0.00327762261775888
0.000738509253750408
-0.00176236802928997
-0.00336657368649185
-0.00319925197445059
-0.00153709267536328
0.00136854971799494
0.00361491947487025
0.00355381279959488
-0.000383193476949373
-0.00799293964348635
-0.0113146825242438
0.0038625103115919
0.0137171940473024
-0.00121349597037579
-0.00785149723014911
-0.00646425135641948
-0.00130081501126256
0.00399322797051127
0.00477304862300798
-0.00264177568709556
-0.010976641817706
-0.00638877839520546
0.00674500455488669
0.0156423984876142
0.00554949419750983
-0.0215198525665983
-0.038552783188095
0.00470563588095274
0.0274866351901437
-0.00619571061122315
-0.0216031859068266
-0.0131225474930829
0.00470403715979728
0.0136373357051411
0.00899174068536013
0.0206688888226836
0.0237055042262568
0.0106872066751862
-0.00497717422831556
-0.00892779183914172
-0.0447815784454519
-0.0339258399151277
-0.00605806516063012
0.00262343480272875
-0.00123978605159891
-0.013052936509439
-0.0251615617230527
-0.0231159313912599
-0.00502988761752476
0.00648490150467751
-0.00341036088258306
-0.0144695588844002
-0.0111417097770072
-0.0030868196887468
-0.00178590475741203
-0.00869613270282343
-0.0184352533239007
-0.0266383359814881
-0.0230485186492047
-0.00220277129869828
0.00690241197531805
0.0154473767111085
0.0208461248263347
0.0150305767832037
0.00844235792385462
0.00250195419937427
-0.00428246327288662
-0.00667406130361314
0.000322231130667205
0.00492894614012584
-0.0306250358406146
-0.0364726027157758
-0.00542546008119871
0.00865665317206776
-0.00490565366106921
-0.0188763449315843
-0.0160419677541768
-0.004573053047352
-0.000965094670846156
-0.00322137871933137
-0.00565343327707524
-0.00554951640197032
-0.00277193823450261
0.000830624458103557
0.00134332545087545
-0.00325441895654421
-0.00932398602770945
-0.0183732584702057
-0.0232270425115644
-0.0125294663533282
0.00580275827388732
0.0175806036395443
0.00917186326887531
-0.0275721223630399
-0.0500035790551578
-0.0149895207357531
0.0130814470367113
0.00913826792015016
0.000419997370215697
-0.00344742012714505
-0.00122246657241476
0.00264619437473357
0.00342244010909099
0.000693378687799395
-0.00272917244359405
-0.00395091737104281
-0.0024843904711247
-0.000443611813949474
0.00015842882561401
-0.000570643532427084
-0.000875943761968756
0.00123364651827274
0.00624020835005012
0.0111166187366507
0.00902979913064428
-0.00447077930232354
-0.0205237493666743
-0.0223565166379558
-0.00475273154165734
0.0141017642008023
0.0181333725812749
0.0121649690321135
0.00532143218379133
0.000824429413626149
-0.00122740706487434
-0.0012731482534889
0.000190092386276319
0.00252259324540205
0.00501022556775865
0.00705843161696862
0.00827886648124831
0.0085003004635098
0.00782649500763455
0.00663932242517262
0.00544864153795288
0.00467581529051131
0.00449904558053049
0.00482267559220872
0.00536218847102532
0.00578498360326307
0.00584511328227677
0.00547827339048013
0.00483065809575578
0.00418832746262865
0.00381877862665192
0.00382821552236123
0.00414605016985092
0.00457831550448873
0.00479903894401446
0.00452266002426427
0.00389034360281926
0.00333673089158992
0.00311726200408202
0.00321425108751328
0.00350346418542813
0.00387592180572938
0.00426767510219861
0.00464009941580912
0.00493868279605181
0.00505943065221004
0.00487361262457853
0.0043451575670872
0.00364021035537121
0.00299489322230784
0.00246753728561089
0.00224432694651
0.00280272471897547
0.00411530809429905
0.0055929594289239
0.0067230665479201
0.00726972926301528
0.00716752213136829
0.00648398001956707
0.00546042100424415
0.00447077930232354
0.00385995679863527
0.00377462505696258
0.0040852432547922
0.00444833059276561
0.00451548798352519
0.00417024192955751
0.0035838221279505
0.00303976843696319
0.00272669664624914
0.00267543764920219
0.00281628054210614
0.00304575253906592
0.00324972271315005
0.00333457705892215
0.00334668959212081
0.00342211814441384
0.0032941427363653
0.0027962521187419
0.00287615486982418
0.00406866762503455
0.00572559777367587
0.00705370206688372
0.00762814256205502
0.00725510762578097
0.00582456305409096
0.0034540814652928
0.000916733355893484
-0.000517352827245077
-0.000618138873420548
0.000263922217413892
0.00227939889185791
0.00436257696634357
0.00553426193761197
0.0058370308586575
0.00566190427875313
0.00528523891318855
0.00482551776315177
0.0043084313894326
0.00370985464570595
0.0029804825274482
0.00209670059092559
0.00118455245612381
0.000680488998483497
0.00116777698622172
0.00244546605188134
0.00325164339898265
0.00312572190352967
0.00287045942570785
0.00307317504777416
0.00366940922091885
0.00433905134045176
0.00478951323046317
0.00475987027570568
0.00382981424351669
0.00147942769146425
-0.00166140434743056
-0.00239466224627449
0.000649391651563747
0.00342160744182252
0.00432200941702376
0.00408537648155516
0.00359483554035478
0.00310365066980012
0.00227804441976787
0.000759969864816412
-0.00156363810788207
-0.00361712881868925
-0.000615529849312679
0.0120840670803091
0.00832525159921715
-0.0114465548151088
-0.00488389328978656
0.00602580207953451
0.00478446171570113
-0.00809812217283934
-0.0130456978553184
-0.0043313796993516
-0.000393773902374051
-0.00452904380665586
-0.00890134632669515
-0.00820628009989832
-0.00353153062349065
-0.00538493694079989
-0.0102725383754887
-0.0029988456162755
0.00585635984151622
-0.00785815856829686
-0.0210583550597221
0.00424020818456938
0.00421414014795118
-0.0219607665385979
-0.022096702245733
-0.011805711963575
-0.000630051566474776
0.0154371404548215
0.00200703897945687
-0.0418161061332967
-0.0201411110012373
0.0185907511607297
0.0122071686092795
-0.00274422706780797
0.00189266380345998
0.00627065066538535
-0.00115980558490492
-0.0151658241520636
-0.0203723926617272
-0.00990192372540832
-0.00313979953148191
-0.00560775870184216
-0.0153225654386802
-0.0251940024398323
-0.0226226815058794
0.0010857981180834
-0.0006039169164751
-0.0733520799656162
-0.0256077603566496
0.0287422530220738
0.0268092215094384
-0.0124335208795401
-0.052925086535538
-0.00173832059857659
-0.0135080835406143
-0.0352707196782376
-0.0252907250697376
-0.0153366208621719
-0.0101822550391262
-0.00443856063014891
-0.000807354183507414
-0.0383113762936205
-0.0848380476980992
-0.0275656608650365
0.0361396246262302
0.0131959998483921
-0.00633251229231746
-0.00194446680978899
0.00794468935083614
0.00841904324033749
-0.00117590381876198
-0.00746205319757109
-0.00521569454292603
0.00115585319093725
0.0070405681285024
0.0108200670645431
0.0126452959214873
0.0127435173524759
0.0106179176562193
0.0053332116500826
-0.00303319591665741
-0.0116067155886412
-0.0143197231849967
-0.00533171284899936
0.00938984445753022
0.0156188728617224
0.014573742213031
0.0115441434189734
0.00873079386565223
0.00707538472255465
0.00692756962905605
0.00823929813265067
0.01061659649082
0.0133848265804204
0.015687340315651
0.0165332636470339
0.0148828283030866
0.0101772368310549
0.00351378925955714
-0.00185654824846893
-0.0024439450463376
0.00212903028540268
0.00825642887392064
0.0123858479028627
0.0136659017435647
0.0129898092282588
0.0115264353617306
0.0100817798553976
0.00903780383865183
0.00847467651610145
0.00830825408471014
0.00839859293222389
0.0086178952862781
0.00888042972491121
0.00914454068023929
0.00939843758374082
0.00963610302662232
0.00983013670463606
0.0099141361786792
0.00979750724994233
0.00942300681927577
0.00883856321465259
0.00821051004962214
0.00773061614722792
0.00748442419151729
0.00741486871902453
0.00741182670793705
0.00742731431913057
0.00751614326333083
0.00778713760141159
0.0083105966552921
0.00904419872327367
0.00982135484051128
0.0104124819877427
0.0106387343379311
0.0104976582981919
0.0102375330435223
0.0102911457133814
0.011001755062523
0.0122370225064117
0.0132090116622408
0.0127972410446375
0.0103806407913964
0.00667899069384248
0.0036525449331748
0.00309585690416725
0.00510258502117722
0.00818957124337771
0.0108049125202569
0.01230998636359
0.0127531540883297
0.0121577414802232
0.0100050967510867
0.00515888443075596
-0.00318023385403876
-0.0126189170224222
-0.0156506141379964
-0.00704393210426701
0.00524147392155783
0.0111294862215061
0.0113285714142819
0.0098348995614117
0.00881904549387968
0.00883171313859066
0.00937963040570367
0.00967997904055551
0.00930897581241652
0.00842683700597036
0.00758872964468083
0.00722351067850013
0.00713726855394725
0.00662760957226283
0.00513808995350473
0.00229622987291123
-0.00240798492256999
-0.00870110650197375
-0.0140383038527148
-0.0103272945750632
0.0210713890780312
0.045816550553468
-0.0327233795616166
-0.06415177278285
-0.0208476125251877
0.00172590830516128
0.00410418365959231
0.0178166370545796
0.0156459734057535
0.00902953267711837
0.0229269048190872
0.00820710166493654
-0.002421285394405
0.0308093106582419
0.0998786831019061
-0.0759193374832989
-0.0202440064711595
-0.0033504088392533
-0.01402276073037
-0.0055916382635246
0.00152973189671002
-0.0661159349490958
0.0171693548267626
-0.0475932404597756
-0.0220098383962863
0.0557467627615438
-0.0193377536206185
-0.0505109953863325
-0.10472052114352
0.0969790692195716
-0.0754326601182242
-0.0553534773573006
-0.0300327540614376
-0.0399709820797511
-0.0515084641605768
-0.0884061046591
-0.0949034406616533
-0.0253628007484963
-0.0579214676221795
-0.0235063302156391
-0.01603670529704
-0.0149026790907669
0.00769191377258949
-0.0488636908713147
-0.053583915082811
-0.00156068491463657
-0.0291544788311171
-0.0321504378675286
-0.0233805641514095
-0.0144505074572976
0.0434497993140326
0.0353566287358831
0.0396831012494658
0.0397891719572385
0.0138501876634223
0.00826967383460442
0.0164013469472479
0.00662965238262814
0.0145275791396671
0.0242966313734883
0.0294017477031616
0.0306693559437576
0.0287098789186757
0.0252961429580978
0.0243730813309639
0.0309270831166941
0.0388070020562736
0.0212778905606115
-0.00601421135115743
0.00725446369642668
0.0220350626634058
0.0248322029605674
0.0193429938732947
0.00542597078379004
0.00191437976582165
0.0402137212418552
0.0382229359274788
0.00554871704139259
0.0200390593008137
0.0316757953200408
0.0328878924094056
0.0548766365682241
0.0325288462832418
-0.0333331806601223
-0.0220275797602199
0.0865087779189366
0.0805991495766989
-0.0334175576099938
-0.0464995153492964
0.0253089993407229
0.0447691883564971
0.02358075956721
0.0271547451191623
0.0540641087454219
0.0203270511534015
-0.224919571856219
0.105117581306047
-0.0465742777677747
-0.0209565920172849
-0.00150250922814621
0.00337208039269399
0.0152093226901684
0.01447000297361
0.00614230888373868
-0.0161130886411343
-0.0656903642592965
0.0579600145655945
-0.242904740765937
-0.0903449537403844
-0.073724426563615
-0.0385772525035577
-0.120085430488359
0.0459060123247923
0.023974622287426
-0.0157415636081737
-0.00946458467154798
0.023654744829571
0.0441765068970312
-0.0233219887846303
-0.0502040409244842
0.0194277260945341
0.0180975012753493
-0.0126112231768616
-0.0412488931900157
0.047254489210502
0.0435722791181092
-0.0601968030977673
0.0378452158500409
0.0521773513284529
-0.000590927307086986
-0.00337954109141947
-0.0483094231285008
0.108602660198187
0.0199815497481381
-0.0123129728635263
-0.00123374643834495
0.00571784841696399
0.0157086565977238
-0.00151303414241966
-0.03296969364186
0.0306311642717105
-0.00381310538699609
-0.0152978296696915
-0.0194087634852735
-0.03021816130655
0.0320523385610727
0.0667663480058422
-0.0676714462244377
-0.0570413272171777
0.0810880473878228
0.0154831480969619
-0.0402079924910481
0.0240462982858958
0.0197224236941906
0.00683335610318636
0.00374036357442264
-0.00697417679162982
-0.0242768249947289
-0.00846813730248641
0.00207764916382303
0.000424882351524047
0.00159194879501001
0.00196294092091875
0.0025785817925339
0.00302013969388781
0.00261122234945788
-0.00434126068427076
-0.00987465664792353
-0.00404740685411298
0.00580688830353893
0.00930329147053044
0.00505819830465271
-0.00527269339301029
-0.00796174237649439
-0.00839779357164616
-0.0122324150808595
-0.00952897760697624
0.000329625216011209
-0.0178187464783264
-0.0119353193994698
-0.00567881297541817
-0.0008310907517739
0.00808826339238067
-0.00249216203229707
-0.0165364832938053
-0.0309241743323696
-0.00858502158251895
-0.00282136536355893
-0.00814577294505625
-0.0163968172373075
-0.00472366590287265
0.00460287363779344
0.00287478929550389
-0.000144440015503733
-0.00314341885854219
0.00475213202122404
0.0166692215586295
0.00907420805162928
-0.00737843119935633
-0.00646911413326734
0.0010982326159592
0.023099300250351
0.0203148831090516
-0.00135107480758734
0.000642441655429593
0.00958779722282088
0.0134096289627905
0.0131932242908306
0.0139844580360204
0.014862511221736
0.014624013111586
0.0149136036853292
0.0149960488471379
0.0139493971929028
0.0130251143204418
0.0153681511960713
0.0150751855443332
0.0106627373597235
0.0272400102474535
0.0214879447568705
-0.0161559210454243
-0.000428257429518908
0.0126168187009057
0.0318596482529188
-0.00971731584087365
-0.0115297771330347
0.0120271126391458
0.0172130087960909
0.0107555075956611
0.00456357174272171
2.44027020812609e-05
-0.00257729393382533
-0.0027542190750296
-0.0025794699709536
-0.00609883255009436
-0.0174898540095114
-0.0105065511846192
-0.0263384203336159
-0.00327611271444539
-0.000715627557212883
-0.0119795062758499
-0.0115915499421249
0.0254593901516387
-0.0160518043301749
-0.0161017643662831
0.000254085641415713
0.00229547492125448
-0.000496691576756803
-0.00532580646250835
-0.0117963194767867
-0.00786115617046335
0.0124429577752494
0.0316849435577637
-0.00320354853755589
-0.0106793018872509
-0.00447835102335148
0.00566664493106828
0.00124178445304324
-0.0155784940503167
-0.0168525859933766
0.00703590519179897
0.000608868511164928
-0.0440817382596492
-0.00171886949118516
0.00422761825547013
-0.00670177247030779
-0.0118238085988764
-0.0147719836363081
-0.0103189234934575
-0.00184170456662969
0.00579662984279139
0.00233197905430416
-0.0184103621236886
-0.0124261267941961
0.00547915046666958
-0.00407041067518321
-0.010622680512995
0.018059753692512
-0.0132034161381966
-0.0233572050589714
0.0464425609081331
0.000530975263757227
-0.0238019159937153
-0.0145180090171948
-0.0065053518127911
-0.00404292155309349
-0.00150641721319289
0.0097642560703548
-0.0328056914966623
-0.00161886060112693
0.018421153491488
-0.0175646830413712
-0.0486572782065764
0.0409560607650405
-0.0241446196369566
-0.0491105600630704
-0.0265094390883291
0.065917027392004
-0.0140185862917974
-0.00937159239100538
0.00717170767217112
0.00330129257264389
-0.00584179371543314
-0.00243993714121871
-0.0108214548433239
-0.00687434553725552
-0.00809443623239758
-0.0364563268462348
-0.0225967022871032
-0.00599098548548227
0.00845858938447464
0.0295393043359127
-0.00353899132221613
0.0279394951618883
0.0574449376955499
0.0230832908343359
-0.0421518153714828
0.107375641711371
0.0462252680577535
-0.0348465034605283
0.00320781179397045
0.145561784847814
-0.0425306900808664
-0.0312683212655429
0.0233168595542566
0.0344733797064123
0.0223238094676503
-0.00963507051920942
0.00378597153627425
0.0602492944423716
-0.00625635099282817
0.0301497715682331
0.0489981610840573
0.04088074323505
-0.0304211988932934
-0.0470051775280922
0.13530840892173
-0.0533219912668415
0.0397659460915634
0.130703026179901
-0.0809117883804333
0.0837608427062264
0.0690039358985928
-0.0720204562654203
0.21377959402713
0.0284563261843118
0.0578634695713731
0.06606202251902
0.0586573234429011
0.0949731626675998
0.111756803811147
-0.0568282532142916
0.119566689882333
0.0843791925220216
0.0756245510658005
0.126846555481563
0.100558117388516
-0.140345757237981
0.742522288099678
0.111215103792972
0.15164942634982
0.2726870951264
0.221196772010046
0.212949458067158
0.197559946180093
0.219856466365798
0.232917840570224
0.268537392322798
0.079713324829811
0.268891997556864
0.247837461664346
0.0904931463097114
0.208003236856769
0.223246199304583
0.183494930361405
0.185708093347614
0.209869921441452
0.199040672832496
0.165210445324249
0.176246417460391
0.259388133194705
0.136486932866831
0.255205745425258
0.170650982234122
0.201903671559478
0.175933911883419
0.182603021592342
0.140047462515724
0.223068075122512
0.122761778520442
0.334173777538638
0.194481208914965
0.263743626938151
0.201963978874176
0.240003772411512
0.251871434819861
0.230848118398796
0.232966246294097
0.240581798927053
0.196214178238563
0.311148817822016
0.141486444782402
0.308050451813813
0.163443236722571
0.227930230245477
0.194973481804084
0.252629939190285
0.180248194148191
0.185154847009983
0.274905498365285
0.206171590910742
0.226795449087547
0.221520513044027
0.194878979620228
0.44150303413204
0.259935739599371
0.482852846594994
0.0777121700323846
0.236921704477311
0.15162686661796
0.172945768817101
0.199806549083803
0.188642723664145
0.169540315120287
0.169869074362339
0.139538225418789
0.1381870395889
0.13946521715269
0.141375999795912
0.145701251064168
0.178179093701658
0.256094634387694
0.116845177977609
0.193012472671228
0.161750324245702
0.126645471887343
0.156797042016876
0.206776396005637
0.151142143245409
0.150645473873112
0.192119764541587
0.145786072103249
0.219696860703777
0.177387105004811
0.283568213355068
0.183979254053668
0.198030236653324
0.178535830563931
0.190831683788417
0.23396860004965
0.234925656705798
0.201728256321587
0.203967620571177
0.247657871987883
0.250938181345361
0.137775146846764
0.199005945056285
0.18065480222873
0.20522834542902
0.204304018147639
0.232932273469544
0.203322536584949
0.212061945781272
0.236013808496693
0.228203034247088
0.160900648360496
0.159902469043516
0.296759172790928
0.136658040439386
0.198415794905316
0.29994990935478
0.366241237337306
-0.015906498340712
0.407533540247584
0.272148947821904
0.0809737832341284
0.533833888205493
0.326242344250716
0.523873411317766
0.391449073156025
0.438039626793341
0.424663126885605
0.408093536741205
0.426845336853887
0.406273126252188
0.391361543172764
0.425726232045065
0.458832505323414
0.416371448430652
0.415374823425907
0.469086969268062
0.366128749540451
0.430324553768457
0.433683511325
0.426192259261882
0.433086966289409
0.401110855641207
0.398446275973185
0.445146919325623
0.390727206145414
0.455435356094824
0.466550331701399
0.384692966370892
0.423245460901001
0.469997041285808
0.426179469492638
0.44088805939424
0.455134752108677
0.455265491972057
0.280851186751363
0.3584998742312
0.231601027245176
0.739607464161907
0.197473171148488
0.385890897014463
0.492828999831829
0.338120087484128
0.322947957265285
0.596719895717968
0.291519319794986
0.417587586731827
0.463000726647067
0.00596565019606032
0.354549700709583
0.317048232112427
0.269798294816326
0.335746341839638
0.32071334477024
0.351625417671642
0.391619070505556
0.356052454186795
0.221869878025416
0.838928015944873
0.0619864382045421
0.559431279079092
0.274320721693755
0.369417274548312
0.352536466685649
0.303680969260256
0.32814242434398
0.315917980664437
0.303347014174449
0.327011018264045
0.282746159818714
0.286829382467602
