0.407865994598023,0.3065961716453,0.630999528980579
0.406904786025387,0.306637297772251,0.630982801496669
0.404986478694319,0.306719583161186,0.630955879858511
0.402119468326758,0.306843116443104,0.630931683598598
0.398316745793608,0.307008099192298,0.630929218583377
0.393596258405221,0.307214957334664,0.630973117318641
0.387981217037765,0.307464518242741,0.631093018136442
0.381500242602842,0.307758239303456,0.631322795594222
0.374187279110305,0.308098428126274,0.631699672373372
0.366081267311732,0.308488338366613,0.632263257550368
0.357225650125581,0.308931980026368,0.633054558561037
0.348607578861404,0.309376254074292,0.634000697724307
0.340258806429761,0.309819460818132,0.635082945116571
0.332208318037626,0.310258931358762,0.636280849209496
0.32448299139055,0.310690814853326,0.637572524507072
0.317107911007487,0.311110153338026,0.638934940957587
0.310106301398248,0.31151120500239,0.640344274751714
0.303499105597107,0.31188795768143,0.641776363355988
0.297304331086248,0.312234755567922,0.643207270081012
0.291536304173518,0.312546947958046,0.644613932587773
0.286205044153508,0.312821444641792,0.645974824391302
0.281315934985577,0.313057060018394,0.647270540901977
0.276869886740708,0.313254544603771,0.64848420157716
0.272864027179117,0.313416271338049,0.649601601118387
0.269292901475777,0.31354562567082,0.650611076808846
0.266149915964789,0.313646243994881,0.651503162125545
0.26342878901042,0.313721276691469,0.652270120928302
0.261124621210872,0.31377284629729,0.652905531209156
0.259234491790383,0.313801784065761,0.653403998756457
0.25775741538506,0.313807656965911,0.653761099045874
0.256693892935358,0.313789007677443,0.653973489113644
0.256045117401314,0.313743713721938,0.654039170607212
0.255812141975738,0.313669356409867,0.653957781711558
0.255995128150778,0.313563520100995,0.65373085546611
0.25659282598609,0.313423963206122,0.653361971034114
0.257602345344137,0.313248629095658,0.652856766099806
0.259019237592478,0.313035485874539,0.652222804215705
0.260837882459675,0.312782203676802,0.651469311936941
0.263052142934466,0.31248570317007,0.650606821950748
0.26565618946999,0.312141642925204,0.649646784663486
0.268645317889981,0.311743953004782,0.648601232448317
0.272016534330007,0.311284554375247,0.647482581956171
0.275768682330536,0.310753409573053,0.646303633830336
0.279901969599445,0.310139010517159,0.645077774417825
0.284416912233332,0.309429320144955,0.643819313520055
0.289312907715206,0.3086130642358,0.642543831697813
0.294586786688083,0.307681160403811,0.641268391626728
0.300231704442921,0.306628010275666,0.640011504535605
0.306236604912366,0.305452391697547,0.638792821048132
0.312586288489869,0.304157768395294,0.637632599612794
0.319261935599902,0.302751966607825,0.636551059936206
0.326241846643415,0.301246317184623,0.635567737880521
0.333502161807751,0.299654482239503,0.63470092961149
0.341017383616677,0.29799124065772,0.633967265948037
0.348760601412041,0.296271486955162,0.633381410971689
0.356703389392209,0.294509622113481,0.632955843388481
0.364815422406828,0.292719411532071,0.632700660174608
0.373063933757486,0.290914275632474,0.632623343439843
0.381413222560548,0.289107874901897,0.632728456196559
0.389824475345743,0.287314766999809,0.633017279876631
0.398256149001894,0.28555087462487,0.633487464495513
0.406665030452158,0.283833541295117,0.634132806164681
0.415007857528905,0.282181080517942,0.634943266010564
0.423243148998134,0.280611905916799,0.635905285859881
0.431332781132638,0.279143484695218,0.637002361028773
0.439242934409703,0.277791404187009,0.638215748523118
0.446944271717243,0.276568769028672,0.639525162988304
0.454411461270809,0.275486002147112,0.640909348512814
0.461622312997188,0.274550988149035,0.642346483219805
0.468556822144707,0.273769420741191,0.643814438145117
0.475196349018703,0.273145202842382,0.645290950517016
0.481523067413525,0.272680778940582,0.646753781348234
0.487519730240729,0.272377327963915,0.648180917233813
0.493169743147987,0.272234795019389,0.649550855982502
0.498457502704136,0.272251783548271,0.650842991949367
0.503368932548524,0.272425364136921,0.65203809185774
0.507892129789693,0.272750880806893,0.653118826724365
0.512018010282574,0.273221847739907,0.654070301529763
0.515740821450224,0.273830023445332,0.654880506417191
0.519058388957529,0.274565719875535,0.655540609253711
0.521971992185445,0.275418351124735,0.656045026023863
0.524485834238931,0.276377158073233,0.656391246651372
0.526606170572053,0.27743198353225,0.656579449886743
0.528340258912993,0.278573941041846,0.656611995045717
0.529695347442518,0.279795837717399,0.656492906739106
0.530677905841671,0.281092272849264,0.656227459878516
0.531293227939166,0.282459416214272,0.655821929523826
0.531545429728079,0.283894542183478,0.65528351309076
0.531437771830527,0.285395436897529,0.654620382800722
0.530973177149549,0.286959802557784,0.653841798147255
0.530154796253055,0.288584765616135,0.652958203700346
0.528986485506848,0.290266568423056,0.65198125141973
0.52747309263983,0.292000496866942,0.650923710859316
0.525620483922151,0.293781072333292,0.649799259361743
0.52343529423766,0.295602511491557,0.648622173452727
0.520924440163339,0.297459425439238,0.647406969949072
0.518094506513754,0.299347686684728,0.646168066674264
0.514951190599513,0.30126534218489,0.644919542083123
0.511499041649476,0.303213409264691,0.643675062225795
0.507741730458251,0.305196384886475,0.642448006486259
0.503682995644065,0.307222351060713,0.641251763319779
0.499328240823877,0.309302669544587,0.640100101335032
0.49468655305,0.31145138637628,0.639007477776002
0.489772760241168,0.313684539800481,0.637989150160186
0.484609105510443,0.316019522539945,0.637061009868533
0.479226181723299,0.31847448656352,0.636239134118615
0.47366287495705,0.321067566247738,0.635539119159954
0.467965153458616,0.323815562001906,0.634975289898032
0.462183628698114,0.326731808518349,0.63455988263735
0.456370003546997,0.329823315234244,0.634302289142395
0.450572879298057,0.333087796535234,0.634208447670555
0.444833811177482,0.336511577794282,0.63428046220483
0.439184676261222,0.340069224226091,0.634516499942256
0.433647087914546,0.343725078579507,0.634910950662638
0.428233851812343,0.34743613557562,0.635454761034191
0.4229517398634,0.351155324420664,0.636135829964301
0.417804550152427,0.354834443014619,0.636939385575395
0.412795581322359,0.358426419773233,0.637848332333641
0.407929070234254,0.36188693343003,0.638843611712363
0.403210577991688,0.365175550075742,0.63990463106591
0.398646613484254,0.368256492824527,0.641009783714036
0.394243906554671,0.371099071059845,0.642137033698446
0.390008702802086,0.3736777555562,0.64326450224127
0.385946310501077,0.37597191090069,0.644370987671838
0.382060965483286,0.377965253104373,0.645436373940731
0.378355954142385,0.379645145019051,0.646441918352655
0.374833873286674,0.381001853302348,0.647370439603313
0.371496900216225,0.382027871651811,0.648206443683702
0.368346974416298,0.382717380343834,0.648936227157967
0.365385831725746,0.383065877195052,0.649547989512776
0.362614870311811,0.383069987320234,0.65003197359048
0.360034861553429,0.382727438891967,0.650380638606184
0.357645548177437,0.382037177561391,0.650588855857665
0.355445197986317,0.380999579136379,0.650654103591722
0.35343020253464,0.379616707084872,0.65057662605293
0.351594819322109,0.377892550657785,0.650359515585684
0.349931145737183,0.375833175860366,0.650008679124336
0.348429374189101,0.373446731424636,0.649532664632429
0.34707831195398,0.370743282102534,0.648942349286299
0.34586607084316,0.36773448583574,0.648250522489603
0.344780768228378,0.364433179070568,0.647471422934011
0.343811060522906,0.360852965359504,0.646620297946788
0.342946364684159,0.357007903433507,0.645713040824347
0.342176700807874,0.352912360419168,0.644765932329369
0.341492179290631,0.348581047342115,0.643795478502059
0.340882229416991,0.34402920619188,0.642818310935741
0.340334707019749,0.339272885216867,0.641851104666102
0.339835028689198,0.334329227803267,0.640910472920253
0.339365472059131,0.329216707713837,0.64001281215826
0.338904771289766,0.323955263478183,0.639174088766452
0.33842813594705,0.318566309120278,0.63840957451199
0.337907832789104,0.313072619119445,0.637733547728629
0.337314482301578,0.307498092734329,0.637158979614003
0.336619199066654,0.301867391182057,0.636697222408038
0.335796585832479,0.296205419210538,0.63635771452472
0.334828319425031,0.290536625470621,0.636147723401068
0.333706675639907,0.284884171151221,0.636072158336316
0.332437028981511,0.279269165146262,0.636133488223396
0.331038424856322,0.27371028388508,0.636331776138373
0.32954187868817,0.268224030329925,0.636664799892002
0.32798685595632,0.262825605129184,0.637128197713554
0.326416963472451,0.257530039231986,0.637715589150924
0.324875949208734,0.25235310847226,0.638418664001477
0.323404744693777,0.247311691070469,0.639227271524001
0.322039778651598,0.242423512080369,0.64012955290688
0.320812392085184,0.237706463755742,0.64111214301829
0.319748989385126,0.23317780121452,0.642160439319409
0.318871538541686,0.228853496511103,0.643258911769401
0.318198110989036,0.224747947198254,0.644391414687621
0.31774326265779,0.220874126108474,0.645541460970177
0.317518167433744,0.217244149522212,0.646692429750474
0.317530512487639,0.213870136207769,0.647827698898751
0.317784251717564,0.210765136591331,0.648930720317117
0.318279384114704,0.207943851791004,0.649985081506181
0.319011958905671,0.205422871792588,0.650974610648504
0.319974480801072,0.203220269693483,0.651883574147949
0.321156779697727,0.20135458332466,0.652696983536713
0.322547243132311,0.199843427968192,0.653400984856591
0.324134156811456,0.198702114276939,0.653983269274468
0.325906839508306,0.19794262710587,0.654433435702001
0.327856325824627,0.197573170209006,0.654743255653843
0.329975505360878,0.197598283583399,0.654906823439335
0.332258786960161,0.198019388606796,0.654920603347909
0.334701459503626,0.198835550288858,0.654783401146623
0.33729894898927,0.200044257526986,0.65449628935898
0.340046144639126,0.201642074094151,0.654062510184178
0.342936918329374,0.20362507039744,0.653487372154224
0.345963913577162,0.205988991247259,0.652778150134712
0.349118641606016,0.208729146860084,0.651943993156102
0.352391887991867,0.21184003783903,0.65099584077474
0.355774392842318,0.215314753345315,0.649946343816045
0.359257713560765,0.219144219850375,0.648809779188486
0.362835111830801,0.22331642991744,0.647601940319458
0.366502245858072,0.227815833542146,0.64633997711407
0.370257430767294,0.232623098538533,0.645042158124006
0.374101294615428,0.237715405884449,0.643727538226037
0.378035815329467,0.243067316274192,0.642415540656542
0.382062930010187,0.248652052451786,0.641125494576291
0.386183067489733,0.254442868580704,0.639876192057353
0.390393982101321,0.260414121920904,0.638685524784318
0.394690147256877,0.266541763034168,0.637570229997346
0.399062770965796,0.272803170163811,0.636545733074613
0.403500317445442,0.279176465539891,0.635626043415871
0.407989319952397,0.285639580949579,0.634823653434373
0.412515254626497,0.292169362594653,0.634149405246608
0.417063285032684,0.298740949516954,0.633612314574601
0.421618750649762,0.305327570188415,0.633219365051598
0.426167341431449,0.311900809417002,0.632975302289178
0.430694970330665,0.318431312735886,0.632882464126286
0.435187427239016,0.32488981396102,0.632940682303269
0.439629966433905,0.331248291750293,0.633147282219167
0.444007026582728,0.337480997251491,0.633497192098119
0.448302274592544,0.343565082224678,0.633983152374867
0.452499072401484,0.34948063532506,0.634595994696348
0.456581293544999,0.35521011148329,0.635324944568162
0.460534229093506,0.360737360417158,0.636157899450125
0.464345227049643,0.366046617675156,0.637081647772178
0.468003783409917,0.371121823576898,0.638082019487151
0.471501022900351,0.37594647871523,0.639143985105223
0.474828751077698,0.380504021556867,0.64025173692871
0.477978394452359,0.384778541493826,0.641388787867707
0.480940122869649,0.38875558409897,0.642538112071899
0.483702318303436,0.392422849627184,0.643682334759013
0.486251410439164,0.395770672904905,0.644803963705646
0.488572010490909,0.398792248550568,0.645885646335151
0.490647255800761,0.401483606149986,0.646910434794222
0.492459306910691,0.403843351737854,0.647862045727245
0.493989980132667,0.405872191739182,0.648725108914614
0.495221525290062,0.407572261898583,0.649485407266438
0.496137553166069,0.408946306946867,0.650130116805294
0.496724075854524,0.40999679978036,0.650648056735985
0.496970551673865,0.41072514251672,0.65102995409345
0.496870747577228,0.411131134368617,0.651268714698721
0.49642318518978,0.411212889446816,0.651359675062133
0.495630968321667,0.410967312191234,0.651300795551943
0.494500924826053,0.410391089264613,0.65109275265744
0.493042203209239,0.409481983022708,0.65073890302898
0.491264656529952,0.40824009850548,0.650245121601872
0.489177420814824,0.406668807628595,0.649619547173232
0.486788011841658,0.404775146360791,0.648872286154222
0.484102073756854,0.402569681381196,0.648015122321011
0.481123712360418,0.400065984978903,0.647061261059503
0.477856215534913,0.397279918652658,0.646025113250512
0.474302922479844,0.39422891182675,0.644922105527999
0.470468031131674,0.390931368982787,0.643768495609316
0.466357191439825,0.387406277845775,0.642581172577305
0.461977796447139,0.383673043082648,0.641377430241913
0.457338941176386,0.379751534224213,0.64017471268657
0.452451073642989,0.37566230650096,0.638990342036156
0.447325418356219,0.371426920038288,0.637841246831507
0.441973310485576,0.367068243678155,0.636743713085823
0.436405628447118,0.362610596733328,0.635713178205158
0.430632529336227,0.358079579135499,0.634764079858186
0.424663648515554,0.353501495549702,0.633909758842023
0.418508809578478,0.348902396929405,0.633162399683668
0.412179128935415,0.344306907256966,0.632532980013069
0.405688251111121,0.339737103019276,0.632031195334548
0.399053385374751,0.335211711685634,0.631665334213456
0.392295863655427,0.330745794375837,0.631442099291739
0.385441080882844,0.326350935401555,0.631366394505591
0.378517849070073,0.322035841918521,0.63144111720072
0.371557333175367,0.317807191453694,0.631666997565251
0.36459180492379,0.313670547989823,0.632042516570536
0.357653450320736,0.309631180552088,0.632563913705144
0.350773419478905,0.305694647746323,0.633225275261037
0.343981239769195,0.301867051117406,0.634018678644717
0.337304641987884,0.298154908341076,0.634934360875288
0.330769778724517,0.294564655824485,0.635960880904891
0.324401742574659,0.291101860863401,0.637085255710069
0.318225222428968,0.287770302539881,0.638293068122197
0.312265084551811,0.284571151756887,0.639568566243815
0.306546660955297,0.281502512748045,0.640894792001674
0.301095596346793,0.278559542601198,0.6422537798419
0.29593724477961,0.2757352231728,0.643626849380338
0.291095769638268,0.273021651899463,0.644994982685975
0.28659320947639,0.270411529455059,0.646339243911106
0.282448771551605,0.267899448485934,0.647641184260982
0.278678511697155,0.265482668463295,0.648883185501262
0.275295416000877,0.263161250295526,0.650048721563354
0.272309785814323,0.260937623650383,0.651122544704282
0.269729776363008,0.258815789410956,0.652090819203197
0.267561944650826,0.256800395066811,0.65294122951739
0.265811696658396,0.254895885536507,0.653663085678707
0.264483564344172,0.253105866816925,0.65424744100626
0.263581276441899,0.251432756201041,0.654687229219779
0.263107612576355,0.249877744780489,0.654977420241788
0.263064052958548,0.24844106165375,0.655115185798296
0.263450261843702,0.247122499129774,0.655100056593797
0.264263476721895,0.245922121297415,0.654934042835494
0.265497916440274,0.244841034098196,0.654621680947473
0.267144357013595,0.243882052545531,0.654169966736302
0.269190035623032,0.243050081340454,0.653588143894089
0.271619003827844,0.242352055750099,0.652887341445222
0.274412946373395,0.241796384377341,0.652080092457564
0.277552332530229,0.241391976756832,0.651179806298873
0.281017630496334,0.241147071858448,0.650200288639642
0.284790266169891,0.241068145759827,0.64915539091112
0.288853079297161,0.241159137412358,0.648058825936277
0.293190189587381,0.241421114994758,0.646924129542882
0.297786357974051,0.241852372772761,0.645764704347591
0.302626044903766,0.242448852300851,0.644593867057031
0.307692405091654,0.243204742428856,0.643424833153294
0.312966433217127,0.244113119172815,0.642270601316878
0.318426419930767,0.245166516672376,0.641143731876355
0.324047815895065,0.246357354077698,0.640056041373157
0.329803544343694,0.247678173255303,0.639018255202923
0.33566474477748,0.249121668207461,0.638039671915643
0.341601866121066,0.25068051715696,0.63712789491653
0.347585955272593,0.252347068537983,0.636288678702504
0.353589919945002,0.254112983390588,0.635525916219569
0.359589511688109,0.255968986190498,0.634841763455309
0.36556381141527,0.257904897389607,0.634236864239724
0.371495124530659,0.259910080529535,0.633710614769777
0.377368382861959,0.261974318764465,0.633261405766697
0.383170331507462,0.264088965837872,0.632886804399176
0.388888854952236,0.266248065835905,0.632583678162339
0.39451271508302,0.268449086079746,0.632348297942647
0.400031769188918,0.270692995011412,0.632176468420009
0.405437515351471,0.272983606619875,0.632063715982114
0.410723682650841,0.275326322270041,0.632005529313239
0.415886587984283,0.277726552808396,0.631997615075014
0.420925091681611,0.280188162353867,0.632036115497047
0.425840136431212,0.28271224670705,0.632117740595669
0.430633989450934,0.285296470791726,0.632239790417417
0.435309391827392,0.287935069284345,0.632400072988267
0.439868839392439,0.290619482256196,0.632596751968334
0.444314177068197,0.293339467260054,0.632828176263415
0.448646591358025,0.296084417153847,0.633092746170101
0.452866951693667,0.298844544819954,0.63338885449849
0.45697631520873,0.301611605496876,0.633714909318881
0.460976322093961,0.304378940368022,0.634069407352625
0.464869220142146,0.307140831946546,0.634450999131191
0.46865738430025,0.309891399233434,0.634858483739378
0.472342397136787,0.312623427663325,0.635290696896731
0.475923938242272,0.315327543321716,0.635746300483224
0.479398808128771,0.317991997340376,0.63622352308028
0.482760358230594,0.320603101808423,0.636719920949674
0.485998455614547,0.323146158769958,0.637232221446069
0.489099954102823,0.325606618298087,0.6377562840871
0.492049531464886,0.327971197863931,0.63828718209197
0.494830706031779,0.330228757790839,0.638819380534883
0.497426854226718,0.332370811977093,0.639346971619635
0.499822088557385,0.334391628681401,0.639863922894911
0.502001901676371,0.33628793226968,0.640364297798554
0.503953523629927,0.338058257607694,0.640842416804093
0.505665974497731,0.339702044815894,0.641292939935191
0.507129827389184,0.341218601755689,0.641710866858594
0.508336733713118,0.342606104132619,0.642091468833959
0.50927880546704,0.343860834350577,0.642430185659663
0.509947990820416,0.344976854928828,0.642722535922825
0.510335601990948,0.345946245881663,0.642964093410034
0.5104321369288,0.346759904445754,0.643150570064305
0.510227468250588,0.347408743731926,0.643278015764053
0.509711369240971,0.347884999260412,0.643343106414957
0.508874246358092,0.34818332004859,0.643343460304273
0.507707894456862,0.348301400824853,0.643277912847534
0.506206104484678,0.348240063816897,0.643146695154294
0.50436501984282,0.348002853613556,0.64295149327967
0.50218322210522,0.347595312100267,0.642695397874489
0.499661595704095,0.34702413498403,0.642382776295162
0.49680305931763,0.346296392360594,0.642019107097989
0.493612259589398,0.345418950153291,0.641610812361882
0.490095310751649,0.344398179219102,0.64116511157129
0.486259641242382,0.343239993773299,0.640689906349505
0.482113981560458,0.341950218838247,0.640193691266854
0.477668497383653,0.340535239964804,0.639685474029452
0.472935038259488,0.339002831527785,0.639174680391897
0.467927436897401,0.337362995615531,0.638671017542506
0.462661764708471,0.335628590337398,0.638184277110848
0.457156439553486,0.333815517631223,0.637724076316528
0.451432105979329,0.331942310734074,0.637299559546406
0.445511270743765,0.330029118192921,0.636919103632449
0.439417759808881,0.328096280242513,0.636590076626362
0.433176130644389,0.326162845328811,0.636318685490717
0.426811190079436,0.324245397385597,0.636109918091333
0.420347722984839,0.322357443950716,0.635967554102373
0.413810454373678,0.320509417307142,0.635894202831339
0.407224185848466,0.318709161717552,0.635891328997177
0.400613995463927,0.316962683067317,0.635959245154786
0.394005375249049,0.315274929821931,0.636097072148099
0.387424194880651,0.313650425032155,0.636302688784962
0.380896412511096,0.312093640545695,0.636572704764463
0.374447498982721,0.310609071938098,0.636902495357411
0.368101600001219,0.30920102824067,0.637286331421205
0.361880532432752,0.307873196523158,0.637717622997396
0.355802789232342,0.306628082731254,0.638189268332292
0.349882790323769,0.305466464655239,0.638694066171094
0.344130629804939,0.304387010037254,0.639225116453095
0.338552496815649,0.303386194058835,0.6397761182598
0.333151781652918,0.302458584148247,0.640341487924295
0.327930663503129,0.301597454993972,0.640916268163244
0.322891804055277,0.300795591098244,0.641495865133384
0.318039729302406,0.300046076680765,0.642075705792028
0.313381595317081,0.299342892054346,0.642650926925484
0.30892724106735,0.298681217956078,0.643216184725123
0.304688634263261,0.298057451710109,0.643765625195011
0.300678939204159,0.297469018132258,0.644293005190019
0.296911463421468,0.296914093924449,0.644791918385128
0.293398699306688,0.296391360263758,0.645256065517076
0.290151609938568,0.295899869503693,0.645679509713947
0.287179244332587,0.295439072402364,0.646056869117861
0.284488718207825,0.295009010199399,0.646383414930922
0.28208555899516,0.29461063391735,0.646655061010797
0.279974377627245,0.294246172536637,0.646868251007955
0.27815978523085,0.293919435973394,0.647019770797931
0.2766474174969,0.293635917461936,0.647106536117964
0.275444874372208,0.2934025679598,0.647125422683401
0.274562352693715,0.29322716703276,0.64707321014464
0.274012775296927,0.293117312529887,0.646946693465386
0.273811319006773,0.293079172920995,0.64674297365376
0.27397439892029,0.293116244697935,0.646459884481215
0.274518322466757,0.293228382458321,0.646096464402385
0.27545791613482,0.29341130034443,0.6456533653904
0.276805412652855,0.293656607640787,0.645133111039015
0.278569780537363,0.293952298165822,0.644540164429804
0.280756534223807,0.294283517545952,0.643880819826861
0.283367937396282,0.294633406376643,0.643162971468643
0.286403434904071,0.294983848037457,0.64239582907644
0.289860122763676,0.29531600922081,0.641589645055034
0.293733076435963,0.295610623777832,0.640755500155777
0.298015389677025,0.295848024047303,0.639905169689657
0.302697822938556,0.29600796857965,0.639051065727996
0.307768025384059,0.2960693574754,0.638206224492177
0.313209388263121,0.296009970674868,0.637384284812238
0.318999713367923,0.295806404130276,0.636599388591096
0.32511001838557,0.295434392254803,0.635865936938521
0.331503892393991,0.294869660611867,0.635198165692415
0.338137774760874,0.294089330049003,0.634609561933547
0.344962304815528,0.293073714252389,0.63411221016477
0.351924531033911,0.291808193069396,0.633716197295083
0.358970451898432,0.290284795427784,0.633429189333579
0.366047274069572,0.288503222059925,0.633256223751623
0.373104964586091,0.286471220236417,0.633199680680372
0.380097010281781,0.284204385779995,0.633259349922891
0.38698058542727,0.281725544095279,0.633432516753912
0.393716454767477,0.279063854935,0.633714031221944
0.400268911514798,0.276253739437697,0.63409637347143
0.406605941550022,0.273333683367384,0.634569759741047
0.412699684271432,0.270344945062429,0.635122342994848
0.418527158528047,0.267330190503948,0.635740551135539
0.424071138965397,0.264332086740992,0.63640957967486
0.429320995622902,0.261391905939079,0.637114019430835
0.434273251516606,0.258548223238088,0.637838558856052
0.438931595164018,0.255835824191833,0.638568664574247
0.443306146139495,0.253284954606038,0.639291127091339
0.447411934497133,0.250921025172787,0.639994375967787
0.451266790389536,0.248764812848739,0.640668524019695
0.454889056884387,0.246833093794185,0.641305177620087
0.458295625908005,0.245139539099524,0.641897117847282
0.461500699331608,0.243695651803914,0.64243798426601
0.464515441560524,0.242511543709345,0.642922070433288
0.467348431789582,0.241596426942516,0.643344284417224
0.470006647443065,0.240958788247491,0.643700267182231
0.472496653567543,0.240606287360004,0.643986618848086
0.474825711393418,0.240545459439366,0.644201164880781
0.477002603659257,0.240781308902107,0.644343197073948
0.479038062698218,0.241316872419889,0.64441363860122
0.480944761130917,0.24215281419977,0.64441510119241
0.482736883991163,0.243287105062324,0.644351821242726
0.484429355312966,0.244714829271805,0.644229479393354
0.486036850645487,0.2464281555696,0.644054925229053
0.487572787999674,0.24841649417265,0.643835845161637
0.489048534031848,0.250666833055186,0.643580424803519
0.490473055246937,0.253164203092218,0.64329706186141
0.491853152151751,0.255892173080254,0.642994175087914
0.493194236620165,0.258833245103399,0.642680126216349
0.494501403499257,0.261969035614591,0.642363231005312
0.495780403597044,0.26528019869517,0.642051798591341
0.497038127855981,0.268746154553054,0.641754123396265
0.498282369000325,0.27234478046899,0.641478369520096
0.499520863218876,0.276052256828991,0.641232326613279
0.500759826570039,0.279843221711695,0.641023060511413
0.502002316879471,0.283691294139354,0.640856513918372
0.503246756932471,0.287569918853038,0.64073712356786
0.504485878662041,0.291453400353505,0.64066751247508
0.505706235710561,0.295317951025903,0.640648296797316
0.506888323022447,0.299142579685987,0.640678025252866
0.508007262188803,0.302909683332715,0.640753251585154
0.509033968759745,0.306605261758,0.640868730273302
0.509936707181279,0.310218737726432,0.641017722224767
0.510682942702677,0.313742425300364,0.641192397042589
0.511241393234512,0.317170741657734,0.641384316197866
0.511584147125145,0.320499301270334,0.641584971913671
0.511688639505454,0.323724058882177,0.641786337584456
0.511539192544309,0.326840664711471,0.641981361093395
0.51112777681228,0.32984414602625,0.642164314052318
0.510453711850842,0.332728933710442,0.642330914861248
0.509522236945294,0.335489140215334,0.642478184882294
0.508342209426994,0.338118917921189,0.642604070859831
0.506923490785385,0.34061272543703,0.642706944450279
0.505274692811415,0.342965401180498,0.642785130685957
0.503401802885046,0.345172043067125,0.642836597532742
0.501307873233364,0.347227767357111,0.642858870582569
0.498993620004813,0.34912744483684,0.642849158266941
0.496458574187149,0.350865499622337,0.642804618722294
0.493702388490351,0.35243583002755,0.642722681989145
0.490725978591522,0.353831890327393,0.642601352576216
0.487532289235149,0.35504696058186,0.642439442021118
0.484126576519507,0.356074622163424,0.642236706579218
0.48051617383853,0.356909438152633,0.641993885792414
0.476709771927509,0.357547800189376,0.641712652772854
0.472716312991371,0.357988842488715,0.641395498144298
0.46854368607102,0.358235247512191,0.641045577931634
0.464197503675162,0.358293702868178,0.640666560647219
0.459680297271528,0.358174761737892,0.640262508066637
0.454991432530402,0.357891957224741,0.639837814858457
0.450127877458638,0.357460234999703,0.639397214111091
0.445085690630499,0.356894030882397,0.638945833462763
0.439861846512845,0.356205497985235,0.638489268552624
0.434455910126598,0.355403365584097,0.638033634989442
0.428871164970866,0.354492689383147,0.637585568802725
0.423115021296645,0.353475452185572,0.637152163239372
0.417198764710798,0.35235174517167,0.636740848212508
0.411136857340075,0.351121180138985,0.636359231074777
0.404946053322304,0.349784232716234,0.636014920938145
0.398644565296864,0.348343326498332,0.635715354456791
0.392251458377153,0.346803572716209,0.635467631416764
0.385786380818312,0.34517314517418,0.635278356872887
0.379269676008591,0.343463292043106,0.635153476066753
0.372722855408293,0.341687981296121,0.635098082222044
0.366169338884732,0.339863170163776,0.635116178823412
0.359635285884627,0.338005706956097,0.635210390195242
0.353150261464859,0.336131932312502,0.63538163785536
0.346747439557455,0.33425614401497,0.635628831341156
0.340463088857253,0.332389192509578,0.635948649810086
0.33433524661731,0.330537525208097,0.636335498049632
0.328401739979517,0.328702939479176,0.636781693613583
0.322697967461859,0.326883126078528,0.637277881906938
0.317254974725981,0.325072849470697,0.6378136060463
0.312098272949986,0.323265428054258,0.638377912215168
0.307247596506457,0.321454129049674,0.63895987147642
0.30271750999177,0.319633183070287,0.639548941250411
0.298518577640482,0.317798286451898,0.640135148895236
0.294658749799918,0.315946615442817,0.640709129307864
0.291144673181696,0.314076477510948,0.64126207443294
0.287982732329659,0.312186764414357,0.641785655916153
0.285179726953804,0.310276366759808,0.642271971447547
0.282743157248587,0.308343683261191,0.642713549619114
0.280681121598872,0.306386327101797,0.643103433416296
0.279001842176346,0.304401103517568,0.643435349718505
0.277712838702998,0.30238430592062,0.643703960183178
0.276819790940758,0.300332343738222,0.643905173987745
0.276325179816464,0.29824266291202,0.644036483251626
0.276226883409173,0.296114842258681,0.644097258396515
0.276517012708772,0.293951653370507,0.644088920471693
0.277181357475345,0.291759792254897,0.64401490429377
0.278199795767969,0.289549987879248,0.643880356389823
0.279547827669306,0.28733632335336,0.643691581348897
0.281199034021746,0.285134863984849,0.643455339898922
0.283127883124336,0.282961964212762,0.643178166661008
0.285312137149092,0.280832760510497,0.642865871753982
0.287734267889744,0.278760262707169,0.642523315214651
0.290381682038548,0.276755197659419,0.642154440657684
0.293245950596815,0.274826492881757,0.641762479507519
0.296321457625808,0.272982131019551,0.641350215726291
0.299603901407446,0.271230077029463,0.6409202236799
0.303088972911874,0.269579030371844,0.640475033267892
0.306771394968056,0.268038828488498,0.640017215763501
0.31064439028661,0.26662039548061,0.639549410679962
0.314699574028919,0.265335188366325,0.639074326781702
0.318927228905899,0.264194157539517,0.638594750552536
0.323316896868801,0.263206325143773,0.638113585501519
0.327858192805849,0.26237720201385,0.637633927953733
0.332541700747691,0.261707389724532,0.637159163772039
0.337359760353537,0.261191794038311,0.636693052384804
0.342306920229126,0.260819829888937,0.636239758219894
0.347379869033034,0.260576772115203,0.635803800832691
0.35257678145261,0.260446039069613,0.635389921119985
0.357896205158059,0.260411842917545,0.635002890055486
0.36333578037962,0.260461492631785,0.634647303846441
0.368891135696225,0.260586779736108,0.634327408371223
0.374555217121621,0.260784223480417,0.634046980593667
0.380318139294517,0.261054312562748,0.633809275301395
0.386167485234273,0.261400105024461,0.633617029726981
0.392088884180241,0.261825600159776,0.633472508795715
0.398066674585133,0.262334227574274,0.633377568973485
0.40408448864394,0.262927685236225,0.63333371718618
0.410125646533121,0.263605255423815,0.633342141983643
0.416173303649584,0.264363656403832,0.633403696852139
0.422210346121374,0.265197443125405,0.633518821053036
0.428219080443284,0.266099931774236,0.633687392996232
0.434180815066469,0.267064567242079,0.633908526374632
0.44007548145018,0.268086563631117,0.634180340227886
0.445881474111669,0.269164530933429,0.634499757484272
0.451575877268538,0.270301693733103,0.634862403787888
0.457135164871119,0.271506280845793,0.635262676385474
0.462536311911791,0.272790793584082,0.635694019907834
0.46775808546219,0.274170163800947,0.636149383327823
0.472782178907505,0.27565919718586,0.636621762761598
0.477593881944191,0.27726997533417,0.63710469447583
0.482182137722492,0.279009901008053,0.637592577273778
0.486539043588519,0.280880808859191,0.63808076694434
0.490659003571921,0.282879182724365,0.638565463293613
0.494537790178442,0.284997210546384,0.63904346617478
0.498171735885709,0.287224269406516,0.639511895018347
0.50155719831269,0.289548450890609,0.639967953068685
0.504690366415362,0.291957837111224,0.640408788757425
0.50756741464605,0.294441350440136,0.640831475762802
0.510184964936213,0.296989089905496,0.641233106334762
0.512540770483466,0.299592132654948,0.641610969388071
0.514634482567414,0.302241837710775,0.64196276422948
0.51646830387391,0.304928763285875,0.642286783304218
0.518047290359485,0.307641406682458,0.642581989093665
0.519379074867831,0.310365077756403,0.642847921349383
0.520472887485104,0.313081269558937,0.643084409910111
0.521337945369764,0.315767825979318,0.643291132321697
0.521981519800503,0.318399997159767,0.643467122116427
0.522407147219329,0.320952180800193,0.643610368430654
0.522613432515112,0.323399912745763,0.643717626384347
0.522593692909553,0.325721620333723,0.643784488345381
0.522336418713493,0.327899800486154,0.643805686334166
0.521826318152341,0.329921527015278,0.64377554321858
0.521045641662044,0.331778398361631,0.643688479845116
0.51997552966037,0.33346613807978,0.643539506094765
0.51859723233149,0.334984060767406,0.643324655372607
0.516893151989453,0.336334559923771,0.643041348493409
0.514847724975073,0.337522703342131,0.642688687227653
0.512448184307221,0.338555960512691,0.642267680232081
0.50968523273911,0.339444042054552,0.641781398236983
0.506553622330685,0.340198802520938,0.641235046446387
0.503052593748038,0.340834140613786,0.640635934909504
0.499186094543429,0.341365824709864,0.639993327550405
0.494962687465797,0.34181117806646,0.639318160999422
0.49039509157806,0.342188580071062,0.638622645547835
0.485499372488899,0.342516777585438,0.637919787314474
0.480293893269282,0.3428140470378,0.637222892616168
0.474798220177354,0.34309729255337,0.636545121932685
0.469032206501509,0.343381193670289,0.635899145829815
0.463015435533692,0.343677519408019,0.635296923236108
0.456767103441129,0.343994702511434,0.634749586178587
0.450306303505312,0.344337724882698,0.634267388575163
0.443652580158947,0.34470831418224,0.633859668528133
0.436826581380316,0.345105403980703,0.633534783128836
0.429850652728049,0.345525774718641,0.633299994680052
0.422749265693464,0.345964773780922,0.633161308138246
0.415549230190689,0.346417008978494,0.633123274776497
0.408279684773891,0.346876916834574,0.633188784413756
0.400971878396878,0.347339121421393,0.633358869676787
0.393658757129851,0.347798520652927,0.633632544207955
0.386374358274153,0.348250067249951,0.634006695574463
0.379153007780888,0.34868825611004,0.634476054140928
0.37202832860603,0.349106391128418,0.635033259931724
0.365032106515477,0.349495778386238,0.635669046991462
0.358193123556213,0.349845061107918,0.636372554538882
0.351536139293157,0.350139942721959,0.637131753741239
0.345081241586918,0.35036349984377,0.637933950340388
0.338843762707257,0.350497148103083,0.638766295574893
0.332834843949461,0.350522118094628,0.63961622445125
0.327062558096901,0.350421107800754,0.640471752804481
0.321533334288895,0.350179698740929,0.641321602921824
0.316253351502729,0.349787202834935,0.642155177519808
0.311229608490055,0.349236804667718,0.642962442180429
0.306470508305971,0.348525080459299,0.643733791777699
0.301985945786174,0.347651121934754,0.644459965942246
0.297786997210835,0.346615538400488,0.645132052560144
0.293885359007261,0.34541957640645,0.645741590121639
0.290292677558325,0.344064521837022,0.646280757582628
0.287019878992931,0.34255147471831,0.6467426274455
0.284076571132515,0.340881516941704,0.647121450425359
0.28147056242199,0.33905623451703,0.647412935992456
0.279207529577081,0.337078496199663,0.647614489326593
0.277290862172779,0.334953328192954,0.647725362965699
0.275721708922432,0.332688669195084,0.647746684651552
0.274499234872928,0.330295766323681,0.647681337277916
0.273621064139144,0.327789011959191,0.647533695227671
0.273083831559299,0.325185142077876,0.647309259587016
0.272883718121751,0.322501896014125,0.647014268604613
0.27301682615823,0.319756409416598,0.646655371565005
0.273479279305662,0.316963697020034,0.646239434029482
0.274267003008301,0.314135539432403,0.645773496906485
0.275375222860336,0.311279945586522,0.645264861950372
0.276797777001786,0.308401192270721,0.644721242829222
0.278526357913971,0.305500313238788,0.644150913057017
0.280549784302869,0.302575854281242,0.643562795320392
0.282853374009989,0.299624720353568,0.64296645974209
0.285418462360022,0.296642989757119,0.642372021064779
0.288222097831045,0.293626630886985,0.64178994097367
0.291236948713944,0.290572109798972,0.641230751197267
0.294431464144057,0.287476911918493,0.640704717690852
0.29777033895832,0.28434001576041,0.640221469044885
0.301215321794768,0.281162352360916,0.639789615223827
0.304726371595697,0.27794726638521,0.639416385788997
0.308263110971181,0.274700971007987,0.639107317868434
0.311786460375274,0.27143296658993,0.638866020530724
0.315260287980317,0.268156378280991,0.638694032633589
0.318652898134195,0.264888161434533,0.638590777519775
0.321938212105748,0.26164912406615,0.638553605179512
0.325096554990876,0.258463721338268,0.638577905946161
0.328115027553842,0.255359590967787,0.638657281330711
0.330987490170252,0.25236682446035,0.638783764416038
0.333714212102071,0.249517007579997,0.638948088412256
0.336301250079945,0.246842105932119,0.639140002759144
0.338759626634573,0.244373303881173,0.63934863063051
0.341104386593102,0.242139915217336,0.639562852767058
0.343353617996527,0.240168468706374,0.639771694647862
0.345527525714416,0.238482036691991,0.639964690565717
0.347647637384017,0.237099831356933,0.640132200412179
0.349736199916271,0.236037051419495,0.640265662264096
0.351815792010066,0.235304929385082,0.640357774305193
0.353909137599824,0.234910909413989,0.640402610951715
0.356039063275413,0.234858879773107,0.640395687803474
0.358228508253177,0.235149391520777,0.64033399585515
0.360500478829232,0.235779814933031,0.640216025423027
0.362877849425568,0.236744413559686,0.640041793794183
0.365382952300068,0.2380343467879,0.639812878858247
0.368036959423627,0.239637636759661,0.639532447549288
0.370859124277131,0.241539147571979,0.639205257506193
0.373865995234052,0.243720620592899,0.638837607189881
0.377070719495648,0.246160792360637,0.638437215242189
0.380482526899469,0.248835599403859,0.63801302179127
0.384106430641892,0.251718455998211,0.637574918145524
0.38794312829694,0.254780582282611,0.637133422127294
0.391989048938991,0.257991362358889,0.636699321446061
0.39623647804722,0.261318721722549,0.636283307030844
0.40067369935192,0.264729525852172,0.635895614030491
0.405285114868203,0.268190012470849,0.635545682789342
0.410051332516675,0.271666275066529,0.6352418477546
0.41494923792184,0.275124812759198,0.634991060133306
0.419952087817048,0.278533151104825,0.63479865031002
0.425029673089822,0.28186052133537,0.634668137788344
0.430148597640917,0.285078565315383,0.634601098370616
0.435272704770383,0.288162015268376,0.63459709893939
0.440363658183393,0.291089286622477,0.634653708435466
0.445381655235449,0.293842923539382,0.634766589095034
0.450286222850385,0.296409851294025,0.634929665336341
0.45503702877249,0.29878141516222,0.635135360387921
0.45959463727253,0.300953216029688,0.635374884645951
0.463921149917431,0.302924781019743,0.635638556396528
0.467980695465323,0.304699126357317,0.635916135695654
0.471739762027421,0.306282275538566,0.636197155521898
0.475167392641159,0.307682788363107,0.636471239670966
0.47823528638728,0.308911338403179,0.636728402621724
0.48091785774299,0.309980352906757,0.636959331240978
0.483192306049028,0.310903705513226,0.637155650615845
0.485038735946731,0.311696433726745,0.637310176057701
0.486440351441131,0.312374444094435,0.637417150684642
0.487383724621852,0.312954171085995,0.63747246376929
0.48785911958015,0.313452170984264,0.637473840450459
0.487860836068966,0.313884656554875,0.637420989580406
0.487387527820444,0.314267005252713,0.637315694237937
0.486442445931277,0.314613294315285,0.637161829030178
0.485033555880161,0.314935922205898,0.636965289812179
0.483173476308475,0.315245364004845,0.636733825284942
0.480879192776225,0.315550082024201,0.636476767247417
0.478171518832988,0.315856581487085,0.636204668112404
0.475074316856884,0.316169575452771,0.635928869798721
0.471613548025383,0.316492210728845,0.635661043109757
0.467816275154485,0.316826308721428,0.635412744677754
0.463709767774805,0.317172588435439,0.635195034328054
0.459320839969019,0.317530857731844,0.635018179449683
0.454675493381735,0.317900178386747,0.634891450574026
0.449798864461059,0.318279026729248,0.6348229923181
0.444715413192343,0.318665481458323,0.634819742374877
0.439449255782719,0.319057470542386,0.634887369962443
0.434024536599005,0.319453097500519,0.635030211979679
0.428465745863793,0.319851043171146,0.635251196514488
0.422797909229609,0.320251005211124,0.635551756202101
0.417046598629952,0.320654102014322,0.635931745904545
0.411237741721987,0.321063143340499,0.63638938803686
0.405397242632214,0.321482671102172,0.636921271925352
0.399550468305982,0.321918709458706,0.637522428397404
0.393721692970095,0.322378229237541,0.638186486940325
0.387933612708616,0.322868407522294,0.638905903476961
0.382207030460143,0.323395820519744,0.63967222894694
0.376560768958999,0.323965724214628,0.640476379573497
0.371011810052963,0.324581548772488,0.64130887273806
0.365575605701122,0.32524467374096,0.642160005853492
0.360266476463574,0.32595448517746,0.643019973485862
0.355098012730065,0.326708662865113,0.643878933524841
0.350083415932806,0.327503615754497,0.644727041977088
0.345235748606272,0.328334976580359,0.645554477272219
0.340568091740841,0.329198076152686,0.646351470556298
0.336093627272373,0.330088336056585,0.647108351699625
0.33182567100021,0.331001538823088,0.647815614246162
0.327777677782951,0.331933952959863,0.648463998315249
0.323963230239473,0.332882305375046,0.649044589034158
0.320396008699319,0.333843606557711,0.649548928900433
0.317089727362273,0.33481484631898,0.64996914464459
0.31405801334379,0.33579259129475,0.65029809103721
0.311314205382841,0.336772530798386,0.650529514057392
0.308871057733507,0.337749032471221,0.650658233367797
0.306740354881659,0.33871478040537,0.650680337952666
0.304932468697241,0.339660570316474,0.650593381070182
0.30345591753554,0.340575323635181,0.650396552594186
0.302317005104707,0.341446352104745,0.650090802510971
0.301519617357551,0.342259858573939,0.649678891282334
0.301065232450267,0.34300160695006,0.649165352422278
0.300953154498289,0.343657649704831,0.648556368344057
0.301180929264249,0.344214981301734,0.64785957740721
0.301744855994472,0.34466200097839,0.647083842538247
0.302640489138625,0.344988716376936,0.646239015664988
0.303863030956327,0.345186685414488,0.645335727176534
0.305407543988802,0.345248756015286,0.644385218809822
0.307268947881044,0.345168703860173,0.643399226144853
0.309441797499841,0.34494087873626,0.642389906195989
0.311919864969274,0.344559951855179,0.641369797147847
0.314695571148507,0.344020816345209,0.64035179005331
0.317759338764374,0.343318639084829,0.639349085532876
0.321098972596956,0.342449002934541,0.63837510348174
0.324699204257637,0.341408026804917,0.637443314642783
0.328541549697516,0.340192326534824,0.636566975309333
0.332604590247837,0.338798706407415,0.635758773422925
0.336864687992155,0.33722356578811,0.635030431233283
0.341297003356535,0.335462157184209,0.634392341727245
0.345876557990069,0.333507991164783,0.633853323841974
0.350579053313658,0.331352772525516,0.63342055356669
0.355381249663749,0.328987199432065,0.633099670949695
0.360260894782226,0.326402734711795,0.632894999677058
0.365196368485594,0.323594107339231,0.632809773460147
0.370166287715093,0.320561947275887,0.632846260767956
0.375149258019195,0.317314783099005,0.63300571934067
0.380123814229994,0.31386978293883,0.63328817837677
0.385068466999512,0.310252058640955,0.63369210906948
0.38996173963888,0.306492842835435,0.634214075453192
0.394782137045308,0.302627122802537,0.634848450252464
0.399508071337847,0.298691285472233,0.635587250143788
0.404117819068485,0.294721109708854,0.636420113531118
0.408589587961025,0.290750212065706,0.637334423837995
0.412901743798734,0.286808916305114,0.6383155717596
0.417033210481576,0.282923484206716,0.63934734393532
0.420964018957056,0.279115671723447,0.640412417156825
0.424675946558023,0.27540261111902,0.641492924761376
0.428153160610708,0.271797033511982,0.642571048171405
0.43138276460709,0.268307826341197,0.64362957696927
0.434355149087568,0.26494087362229,0.644652381020243
0.437064076573919,0.261700072551579,0.64562475092721
0.439506476867039,0.258588380705276,0.646533586957125
0.441681982806,0.255608741398204,0.647367444868424
0.443592284025113,0.252764763288708,0.648116472546165
0.445240401128174,0.250061086321584,0.648772285682008
0.44662998327282,0.247503429643464,0.649327832381301
0.447764709651388,0.24509837267998,0.649777285934122
0.448647840545846,0.242852954881986,0.650115987588529
0.449281930067933,0.240774193085964,0.650340443076176
0.449668684989968,0.238868611428775,0.650448361216552
0.449808940404465,0.237141865498814,0.650438713859458
0.449702722464548,0.235598526010789,0.650311793907372
0.449349374932291,0.234242073190977,0.650069249656806
0.448747741247556,0.233075136977225,0.649714080495559
0.44789640680984,0.232099997275018,0.649250587579911
0.446794015468435,0.231319324731676,0.648684283715746
0.445439673265283,0.230737090482251,0.648021777652054
0.443833438145641,0.230359504229888,0.647270657916425
0.441976864521157,0.230195770503853,0.646439406521084
0.439873532944777,0.230258415677774,0.645537369731254
0.437529462660713,0.230562976683181,0.644574798155777
0.434953301107643,0.231126982748776,0.643562942837283
0.432156226234173,0.231968379989848,0.642514165632117
0.429151579298317,0.233103756958163,0.641442004653977
0.425954332663423,0.234546814224109,0.640361140579075
0.422580541920419,0.236307421117134,0.63928723798128
0.419046908975414,0.238391357775639,0.638236675514712
0.415370508683286,0.2408005712564,0.637226211304752
0.411568655428023,0.243533611054765,0.636272640757989
0.407658858773845,0.246585927639774,0.635392488543608
0.403658856606265,0.249949899244592,0.634601742354654
0.399586781106942,0.253614678050611,0.633915601428089
0.395461528567443,0.257566056182837,0.633348197974948
0.391303315476381,0.261786476665305,0.632912262064539
0.387134247971611,0.266255157353417,0.632618729223779
0.382978617732448,0.27094822721049,0.632476318563982
0.378862655832075,0.275838851393084,0.632491130416479
0.374813638678179,0.280897450172681,0.63266632547902
0.370858481180765,0.286092168320917,0.633001947143468
0.367022163104883,0.291389678625874,0.633494926760564
0.363326412822893,0.296756256571314,0.634139269532152
0.359788979157519,0.302158935211891,0.634926373305153
0.356423608728733,0.307566506754784,0.635845405417024
0.353240622137893,0.312950189275218,0.636883664602396
0.350247842342546,0.318283885866295,0.638026880010663
0.347451604709191,0.323544077439469,0.639259432622988
0.344857642201324,0.328709470309135,0.640564512325678
0.342471737185045,0.33376055058132,0.641924240292286
0.340300118104161,0.338679184972289,0.643319791405771
0.338349632316686,0.34344836849487,0.644731548819358
0.336627744357761,0.348052170374852,0.646139316183219
0.335142402314761,0.352475882064991,0.647522604834166
0.333901798106092,0.356706330353472,0.64886100366976
0.332914032344575,0.360732286105118,0.650134627864627
0.332186689554203,0.364544876599603,0.651324628437795
0.331726338705428,0.368137899692841,0.652413728551511
0.331537995302624,0.371507945842747,0.653386737382624
0.331624608104815,0.37465426211967,0.654230982958293
0.331986654640979,0.377578338781946,0.65493660663522
0.332621932735607,0.380283257631861,0.655496677720686
0.33352561208921,0.382772894451902,0.655907115282758
0.334690562659944,0.385051105254564,0.656166440185359
0.336107914278384,0.387121032705048,0.656275413959585
0.337767747530229,0.388984643041826,0.6562366406514
0.339659786337768,0.390642552376504,0.656054207513984
0.34177396910632,0.392094138860813,0.655733419989025
0.344100812625616,0.393337879794155,0.655280653335044
0.346631536771674,0.394371815087579,0.654703308629008
0.349357968370548,0.395194023857242,0.654009834983316
0.352272278258373,0.395803007130559,0.653209767399869
0.355366622088039,0.396197890655228,0.652313731334838
0.358632757221667,0.396378391846685,0.651333377242234
0.36206170082548,0.396344533541221,0.650281227815527
0.365643484270348,0.396096134758103,0.649170443221405
0.369367047368205,0.395632166219185,0.64801453275156
0.373220300510171,0.39495011978277,0.646827061152479
0.377190360437549,0.394045588346978,0.645621408989111
0.381263932789415,0.392912259631513,0.644410642595533
0.385427776037014,0.391542467395214,0.643207525874028
0.389669149371767,0.389928312696671,0.64202466530707
0.393976138954586,0.388063200846968,0.640874733043634
0.398337784813299,0.385943504968795,0.639770679874759
0.402743990265809,0.38357003022399,0.63872584669705
0.407185264502062,0.380949033874114,0.637753912632401
0.411652397769312,0.378092715337694,0.636868667071167
0.416136178027477,0.375019253881145,0.636083640134542
0.420627226410764,0.371752575584296,0.635411653977219
0.425115968774772,0.368322045853355,0.63486435966127
0.429592688891323,0.364762210728653,0.63445180541223
0.43404754119178,0.361112568160227,0.634182052311262
0.438470355149746,0.357417169744396,0.634060825214734
0.442850068018137,0.353723688809458,0.634091172314518
0.44717371718349,0.350081539148002,0.63427311713682
0.451425129389288,0.346538813380868,0.63460332584929
0.455583706195419,0.3431382862079,0.635074867386243
0.459623860413472,0.339913340378541,0.635677179257522
0.463515528132777,0.336885035940468,0.636396329332112
0.467225762007776,0.334061300866392,0.637215578627468
0.470720950614045,0.331438423238577,0.638116148965635
0.473969005621692,0.329004162130196,0.639078045224189
0.476940996362655,0.326741376465956,0.640080798903771
0.479612026654751,0.324631217632322,0.641104060757575
0.481961426380909,0.322655387342448,0.642128031966998
0.483972467725477,0.320797403518977,0.643133761003287
0.485631829617365,0.319043075245864,0.64410334590554
0.486928984991065,0.317380462042879,0.64502007916333
0.487855624196986,0.315799556953437,0.645868564300287
0.48840517781739,0.314291859578593,0.646634824730117
0.488572468700509,0.312849936755772,0.647306418258182
0.488353502908451,0.311467020742393,0.64787256463904
0.487745398014988,0.310136667856021,0.648324288518425
0.486746439378307,0.308852489003607,0.648654575048438
0.485356248025338,0.307607960743841,0.648858530349736
0.483576035169609,0.306396325789876,0.648933533658767
0.481408908007701,0.305210590796001,0.648879363046148
0.478860180222893,0.304043624008,0.648698272941265
0.475937632180606,0.302888344627817,0.64839500103546
0.472651663711052,0.301737980465873,0.647976685693011
0.469015292041651,0.300586353781719,0.647452684021769
0.465043970842193,0.299428142428811,0.646834294517832
0.460755240973454,0.298259060360386,0.646134403939366
0.456168262488563,0.297075912112293,0.645367091752759
0.451303307679965,0.295876499707146,0.644547231988424
0.446181306010737,0.294659391807507,0.643690129102695
0.44082351752181,0.293423594756799,0.642811211819878
0.435251376710743,0.292168184428547,0.641925791555621
0.429486504376376,0.29089196156597,0.641048875507399
0.423550845051585,0.289593181718667,0.640195014218719
0.417466862549023,0.28826938828481,0.639378161493124
0.411257721045852,0.286917349522442,0.638611530282846
0.404947392680875,0.285533073834367,0.637907438367499
0.398560660937215,0.284111858104324,0.637277148666893
0.392123023723445,0.28264831827705,0.636730716899149
0.385660531997715,0.281136367138435,0.636276861748894
0.379199616925914,0.27956914677126,0.635922868852959
0.372766950332837,0.277938988984554,0.635674531472846
0.366389345425696,0.276237546190238,0.635536121562539
0.360093648510294,0.274456268295176,0.635510380121295
0.353906527037234,0.272587351782553,0.63559851842367
0.347854063389562,0.270625133226985,0.635800230369003
0.341961139031153,0.268567680625354,0.636113723973591
0.336250715770536,0.266418160863947,0.636535779287376
0.330743218174541,0.264185553275005,0.637061829406647
0.325456219275354,0.261884477625076,0.637686048723513
0.32040451861525,0.259534215170062,0.638401429068
0.315600545581156,0.257157253228689,0.639199833778187
0.311054916707522,0.254777759152545,0.640072035038276
0.306776969715363,0.252420295030689,0.641007750458593
0.302775166182091,0.250108914303495,0.641995695514476
0.29905734181356,0.247866631349437,0.643023661524065
0.295630844023403,0.245715170090473,0.644078620315868
0.292502617344225,0.24367487464592,0.645146851356388
0.28967928692993,0.241764680422701,0.646214086381921
0.287167265042049,0.240002075714578,0.64726566932828
0.28497287801173,0.238403018784668,0.648286733259431
0.283102489566873,0.236981807719659,0.64926239876041
0.281562584490766,0.23575092734215,0.650177998264284
0.280359775462228,0.2347209161534,0.651019327609866
0.279500705814095,0.233900303464527,0.651772920310289
0.27899183978727,0.233295659752662,0.652426333239573
0.278839156269041,0.232911782671889,0.652968426595496
0.279047785540948,0.232752011810075,0.653389618123547
0.279621644039149,0.232818635929237,0.653682092899124
0.280563123514361,0.233113336056427,0.653839955638447
0.28187287720201,0.233637602238013,0.653859321172618
0.283549720696324,0.234393070452383,0.653738348239453
0.285590637338781,0.235381743305795,0.653477229690769
0.287990855726624,0.236606076065843,0.653078156666219
0.2907439551607,0.238068921981999,0.652545274770054
0.293841955439063,0.239773336577205,0.651884646641984
0.297275357804374,0.241722242024714,0.651104228422368
0.301033120763188,0.243917955449314,0.650213858208211
0.305102574935629,0.246361595439797,0.649225243406671
0.309469301491583,0.249052403134894,0.648151922604153
0.314117016097416,0.251987047840667,0.647009168632486
0.319027511101481,0.255159025310089,0.645813796562303
0.324180707082848,0.258558283249206,0.644583848168994
0.329554847324265,0.262171202821557,0.643338145398495
0.335126833835495,0.265981009172031,0.642095737759264
0.340872660061336,0.269968581095993,0.640875302484415
0.346767858641214,0.274113509702443,0.639694577471712
0.352787872568684,0.278395170487891,0.638569902453842
0.358908283146645,0.282793565380206,0.637515912868847
0.365104880179869,0.287289767813408,0.636545386330193
0.371353616460703,0.291865929433061,0.635669203151919
0.377630526679953,0.296504928490627,0.634896364672597
0.383911698796283,0.301189817887464,0.634234018705391
0.39017336571052,0.305903253993189,0.633687462720991
0.39639214697325,0.31062706693054,0.633260121175632
0.402545425602421,0.315342087729846,0.632953514540677
0.408611802841508,0.320028292404195,0.632767249052062
0.41457154067035,0.324665265028978,0.632699056613586
0.420406884411955,0.329232923953693,0.63274490473139
0.426102162591226,0.333712400259921,0.632899179635618
0.431643593602409,0.338086912671757,0.633154926159327
0.437018788830761,0.3423424605834,0.6335041110996
0.442216020714655,0.346468170902805,0.633937868630123
0.447223400876459,0.350456192197483,0.634446691007759
0.452028161911336,0.354301126054786,0.635020545556735
0.456616232082234,0.357999095702651,0.635648924337095
0.460972230456629,0.361546643358685,0.636320857045481
0.465079905140912,0.36493968641203,0.637024930845782
0.468922927123626,0.368172738287399,0.637749358464418
0.47248587103214,0.371238520756058,0.638482119251662
0.475755188272902,0.374127993777555,0.63921117481192
0.478720004723046,0.376830736816554,0.639924739400321
0.481372638710297,0.37933555792225,0.640611572396463
0.483708807878878,0.381631188609127,0.641261257370935
0.485727555270589,0.383706937895952,0.641864437929958
0.487430963835661,0.385553213846485,0.64241299089632
0.488823742744717,0.387161861716156,0.642900128659532
0.489912764242535,0.388526306018193,0.643320432463581
0.490706612339953,0.389641513592016,0.643669825486785
0.491215182958314,0.39050381698009,0.643945499213525
0.491449352544048,0.39111065075579,0.644145808649789
0.491420714365528,0.391460260963207,0.644270152550539
0.491141369101771,0.391551447394085,0.644318853726851
0.490623751356917,0.391383390573431,0.644293052131226
0.489880475946357,0.390955599022062,0.644194619616528
0.488924195887457,0.390267988978184,0.644026100251215
0.487767474792419,0.389321082002846,0.643790674408723
0.486422685584084,0.388116281813008,0.643492139552516
0.484901951676979,0.386656177503213,0.6431348971186
0.483217142856427,0.384944818764504,0.642723933673753
0.481379927823423,0.382987921410683,0.642264786258507
0.479401870563938,0.380792982276881,0.641763485392725
0.477294542833699,0.378369305132846,0.641226473620024
0.475069613063989,0.375727955879496,0.640660501210162
0.47273886611596,0.37288167315637,0.640072503316838
0.470314109069703,0.369844756663762,0.639469463976025
0.467806928386997,0.366632944481583,0.638858272905577
0.465228284131198,0.363263274897084,0.638245581486127
0.462587959052379,0.359753913838525,0.637637665331469
0.459893922845426,0.356123921676489,0.637040302547633
0.457151717668994,0.352392937309546,0.636458678365972
0.454364006854826,0.348580775928835,0.635897327142973
0.451530433302973,0.344706966890437,0.635360120079185
0.448647893520492,0.340790290164328,0.634850300726197
0.445711242432591,0.336848390552863,0.634370561060301
0.44271432753401,0.332897544233575,0.633923141402781
0.439651151461802,0.32895261874851,0.633509931709713
0.436516923171127,0.325027215545156,0.633132552769451
0.433308797218973,0.321133934168452,0.632792403772673
0.43002620004695,0.317284668876661,0.632490674463746
0.426670757035038,0.313490849969207,0.632228330884321
0.423245926013934,0.309763568722269,0.632006089977281
0.419756487679994,0.306113563358559,0.631824398611866
0.416208042974661,0.302551081349952,0.631683428068775
0.412606635268245,0.299085662357488,0.631583087956852
0.408958567432964,0.295725903221068,0.63152305629
0.405270433055903,0.292479271542486,0.631502816831532
0.401549334443024,0.289352028348835,0.631521691904815
0.397803221899046,0.286349303596366,0.631578859201786
0.394041262369589,0.283475341573073,0.631673344720172
0.390274134784655,0.280733898858461,0.631803990281462
0.386514158119226,0.278128740461134,0.631969401874824
0.382775187887526,0.275664148531333,0.632167892356318
0.3790722641722,0.273345342372742,0.632397436480625
0.375421049977233,0.271178716137644,0.632655655916652
0.371837148594236,0.269171832991303,0.632939846186288
0.368335418504794,0.267333164730577,0.633247047630747
0.364929405028658,0.265671619862963,0.633574151481017
0.361630979428414,0.264195945040572,0.633918023427158
0.358450227879773,0.262914103162072,0.634275623423584
0.355395579049415,0.261832723433097,0.634644102648465
0.352474114325046,0.260956690404281,0.635020865285262
0.349691977702317,0.260288901476884,0.635403591611862
0.347054794984932,0.259830187096755,0.635790227093511
0.34456802076037,0.259579362733111,0.636178947889299
0.342237150452134,0.259533369531324,0.636568115667772
0.340067758861978,0.259687460576381,0.63695623399275
0.338065352670813,0.260035398158069,0.637341915550002
0.336235052063502,0.2605696404023,0.637723864942839
0.334581145939233,0.261281508939071,0.638100876560912
0.333106595038706,0.262161339768579,0.638471841938816
0.331812583109697,0.263198624910573,0.638835757026209
0.330698229229672,0.264382152194275,0.639191717948208
0.329760563298042,0.265700145815817,0.639538895159195
0.328994823235073,0.267140403937588,0.639876480821818
0.328395059052532,0.268690425109962,0.640203612023719
0.327954944284889,0.270337515136834,0.640519280840909
0.327668630391906,0.272068870435938,0.640822248117811
0.327531463003,0.273871640861392,0.641110978719442
0.327540419827824,0.275732982077703,0.641383611409841
0.327694210842462,0.277640113002767,0.641637968564067
0.3279930683661,0.279580397131039,0.641871602953583
0.328438317433452,0.281541467595514,0.642081873564652
0.329031842003549,0.2835114138636,0.642266040716548
0.329775553874523,0.285479041473675,0.642421371978935
0.330670943658478,0.287434203830337,0.642545252596672
0.331718760225899,0.28936818636733,0.642635295905568
0.332918836049969,0.291274100328118,0.642689449510917
0.33427005399936,0.293147220785599,0.642706091706829
0.335770434513978,0.29498518916097,0.642684110835908
0.337417309906386,0.296788003601105,0.64262295916951
0.339207542951969,0.298557746987964,0.642522673882837
0.341137743209069,0.300298053091286,0.642383861536493
0.343204437223151,0.302013373729384,0.642207648732721
0.345404161386668,0.30370816449372,0.641995608055922
0.347733464014535,0.305386132685433,0.641749673483899
0.35018882388511,0.3070496768861,0.641472060248162
0.352766507003835,0.308699598788677,0.64116520138113
0.355462390355171,0.310335102616916,0.640831707203121
0.35827177907923,0.311954038000636,0.640474347487569
0.361189236228098,0.313553303611009,0.640096050389796
0.364208434896435,0.315129315685671,0.63969990897997
0.367322035570186,0.316678452836126,0.639289185180405
0.370521588054111,0.318197407752369,0.638867301998279
0.37379745832596,0.319683399597621,0.638437817370642
0.377138785348309,0.321134223350118,0.638004376275863
0.380533479288213,0.322548132337676,0.637570641599137
0.383968280310086,0.323923569688549,0.637140208508833
0.387428900748852,0.325258783268068,0.636716511226212
0.390900272582251,0.326551379058881,0.636302734804094
0.394366912355663,0.327797887182373,0.635901746847473
0.397813396123257,0.328993428384952,0.635516063933341
0.401224909019232,0.330131569757622,0.635147863760267
0.404587803555044,0.331204439766321,0.634799046356545
0.407890077428469,0.332203131431307,0.634471336886385
0.411121676630977,0.333118363792385,0.634166411233618
0.41427455033071,0.333941309784175,0.633886017235758
0.417342428975504,0.334664453077537,0.633632062641463
0.420320354522629,0.335282324523774,0.633406647101109
0.423204043556237,0.335791996703638,0.633212028330562
0.425989194179069,0.336193274344637,0.63305052803034
0.428670849273796,0.336488589819416,0.63292439639722
0.431242907005068,0.336682675449832,0.63283566159865
0.433697836919022,0.336782123039026,0.632785991288956
0.436026629900751,0.336794950639066,0.632776588281349
0.438218990327481,0.336730279416378,0.63280813414852
0.440263768764282,0.336598185407661,0.632880785044692
0.442149626133862,0.336409738028818,0.632994214923136
0.443865904330733,0.336177175796995,0.633147693361237
0.445403644105741,0.335914109587249,0.63334017902135
0.446756637221225,0.335635600991439,0.633570406387729
0.447922340271438,0.335357959975877,0.633836944432699
0.448902443090648,0.335098160794651,0.634138212717846
0.449702912241572,0.334872887463821,0.634472452825918
0.450333437360628,0.334697357116023,0.634837667532472
0.450806369078218,0.334584171957212,0.635231550844615
0.451135384640669,0.334542464294614,0.635651433816062
0.451334181515699,0.334577513136552,0.636094263262053
0.451415455086151,0.334690867581986,0.636556617713395
0.451390297308864,0.334880878431618,0.637034753621069
0.45126802172317,0.335143463839084,0.63752466912194
0.451056326856694,0.335472926792603,0.638022172846178
0.45076167157726,0.335862681185082,0.638522948882953
0.450389741027648,0.336305800578011,0.639022613422589
0.449945908365622,0.336795358530144,0.639516762049558
0.449435627255704,0.337324571995245,0.640001008742668
0.448864713811094,0.337886788156314,0.640471018644927
0.448239493827671,0.33847537158333,0.640922537088863
0.447566805608296,0.339083554241572,0.641351417517091
0.44685386464416,0.339704306410845,0.641753650840276
0.44610801524766,0.340330272899021,0.642125398297469
0.445336413157527,0.340953798297929,0.642463028884849
0.444545696593307,0.341567041567385,0.64276316101165
0.443741705761511,0.342162159212497,0.64302270652359
0.442929300301063,0.342731522447852,0.643238914097978
0.442112303176167,0.343267929496884,0.643409408629464
0.441293574261497,0.343764779105906,0.643532223641342
0.440475194373132,0.344216182876609,0.643605824945771
0.439658725284517,0.344617008335822,0.643629125015601
0.438845506488022,0.344962858428163,0.643601488836137
0.438036950960588,0.345250003690345,0.643522732503537
0.43723480974894,0.345475290038287,0.643393116420664
0.436441383354123,0.345636047161819,0.643213335113848
0.43565966474282,0.345730020606667,0.642984505941952
0.43489340290547,0.345755344862069,0.642708158997981
0.434147078090067,0.345710565833446,0.642386229909459
0.43342577998417,0.345594709357324,0.642021056890832
0.43273498286937,0.345407380937875,0.641615382576097
0.432080217468279,0.345148869695213,0.641172359824572
0.431466650944353,0.344820220591007,0.640695558996972
0.430898604412771,0.344423235494091,0.640188972152429
0.430379059217285,0.343960368919486,0.63965700787963
0.429909223662427,0.343434500389762,0.63910446979235
0.429488242573109,0.34284859167672,0.638536512797103
0.42911312399158,0.342205269222101,0.637958574560142
0.428778925161604,0.341506401053521,0.63737628473114
0.428479186652774,0.340752752831717,0.636795360030889
0.428206542481416,0.33994380114245,0.636221497284852
0.427953385920327,0.33907775284516,0.635660277072666
0.42771245396135,0.338151775576011,0.635117087321733
0.427477215127026,0.337162400833615,0.634597070026617
0.4272419973158,0.336106030774726,0.634105087601252
0.427001856303815,0.3349794683083,0.633645700450015
0.426752242885643,0.333780393118738,0.633223145481327
0.426488566024378,0.332507714918778,0.632841306580383
0.426205767566369,0.331161744331371,0.632503671865647
0.425898021464646,0.329744134267339,0.632213278045093
0.425558648899457,0.328257573063061,0.631972648416202
0.42518029974607,0.326705260874124,0.631783736623146
0.424755395569561,0.325090269701704,0.631647891246749
0.424276765861113,0.323414947507345,0.63156585452832
0.423738353804198,0.321680547232978,0.631537801218904
0.423135837497341,0.319887217797319,0.631563412225121
0.422467022612779,0.318034391067417,0.631641966389545
0.421731916090301,0.316121472328717,0.631772427255011
0.420932472928852,0.314148644168782,0.631953503187945
0.420072090355558,0.312117565684434,0.632183668331825
0.419154976081593,0.310031797239383,0.632461144619353
0.418185525151106,0.307896877136155,0.632783856310226
0.417167808698096,0.305720076697599,0.633149374491138
0.416105227090503,0.303509929750074,0.633554868778623
0.415000330483724,0.301275658880283,0.633997078706807
0.413854775346806,0.299026611136825,0.634472310627978
0.412669370216315,0.296771786100027,0.634976459803595
0.411444164920499,0.294519504598695,0.635505053124756
0.410178548931699,0.29227723624884,0.636053305974163
0.40887134030695,0.290051581799719,0.636616186792997
0.407520862163768,0.287848391308281,0.637188484293425
0.406125015653177,0.285672989077243,0.637764874237824
0.40468136514444,0.28353046893943,0.638339984672696
0.403187252091005,0.281426017927895,0.638908459998701
0.401639949012115,0.279365223154834,0.639465025002057
0.400036855369709,0.277354317277089,0.640004549893786
0.398375724944572,0.275400324515475,0.64052211654879
0.396654902466772,0.273511080839222,0.641013084878932
0.394873539048401,0.271695120584772,0.641473156933971
0.393031753774534,0.269961441438923,0.641898435419513
0.391130714009774,0.268319177907164,0.642285473204202
0.389172618699913,0.266777225277863,0.642631311146396
0.387160584757221,0.265343858963129,0.642933503136865
0.385098452911182,0.264026388085663,0.64319012912862
0.382990543025673,0.262830869786629,0.643399798665586
0.380841397811823,0.261761896215398,0.643561648554968
0.378655557604007,0.260822454084432,0.643675338486467
0.376437408164927,0.260013850097961,0.643741047574392
0.374191139142661,0.259335695986632,0.643759472968042
0.371920843001151,0.258785953206652,0.643731829164326
0.369630772317906,0.25836104748058,0.64365984365392
0.367325754064672,0.258056072238403,0.643545741582054
0.365011733298728,0.257865103115966,0.643392210243235
0.362696383546925,0.25778163764961,0.643202334034204
0.360389683256172,0.257799151338214,0.642979493595051
0.358104327511616,0.257911725048025,0.642727229612567
0.355855838574165,0.25811465745268,0.642449081708416
0.353662274181662,0.258404945527021,0.642148423647743
0.35154351472388,0.258781515894353,0.641828323201833
0.349520222663477,0.259245131612568,0.641491454067124
0.347612670044446,0.259797976876216,0.641140076113802
0.345839677088776,0.260443009927829,0.64077608202216
0.344217868614989,0.261183235281412,0.640401090146225
0.342761354550366,0.2620210571416,0.640016553196192
0.341481813902748,0.262957837835822,0.639623853378089
0.340388861395716,0.263993718957281,0.639224365231996
0.339490527096031,0.265127696160421,0.63881948196248
0.33879368332763,0.266357888663995,0.638410613974093
0.338304294356377,0.267681916380252,0.637999176137896
0.338027424629634,0.269097287738113,0.637586581923541
0.337967006833214,0.270601704224989,0.637174258552513
0.338125433140734,0.272193201030131,0.636763689123702
0.338503084462714,0.273870068112644,0.636356477150314
0.339097944104719,0.275630534963693,0.635954418614216
0.339905442582506,0.277472254165754,0.635559559564462
0.340918641111157,0.279391675090706,0.635174216377345
0.342128784121534,0.281383443036585,0.634800942636207
0.343526153804852,0.283439971872469,0.634442440001091
0.345101072529309,0.285551308563089,0.634101426305528
0.346844853592817,0.287705341105987,0.633780486722947
0.348750513485393,0.289888318992086,0.633481938595978
0.3508131233763,0.292085585794357,0.633207736014286
0.353029768657257,0.294282388418985,0.632959428744515
0.355399171913712,0.296464632678354,0.632738176184017
0.357921093683944,0.298619490944945,0.632544805111081
0.36059564806001,0.300735817628838,0.632379892969297
0.363422660695803,0.30280437559781,0.632243856931805
0.366401166320456,0.304817910738232,0.6321370320389
0.369529103090411,0.306771128517212,0.632059727511875
0.37280322084279,0.308660626489274,0.632012257079851
0.376219184493571,0.310484823683911,0.631994945338761
0.37977182458486,0.312243906388946,0.632008116793682
0.383455465678444,0.313939785467692,0.632052076723467
0.387264251611987,0.315576039116421,0.632127093114687
0.391192386757987,0.31715780313401,0.632233386733864
0.395234227693784,0.31869157322138,0.632371132394556
0.399384188530476,0.320184901538632,0.632540469558261
0.403636463715168,0.321645998785347,0.632741515794455
0.4079846145585,0.323083283655413,0.632974373756046
0.412421098862164,0.324504942322108,0.633239122266228
0.416936836391553,0.325918563116789,0.633535785114723
0.421520891789804,0.327330893432988,0.63386427641627
0.42616032595732,0.328747734798783,0.634224327122516
0.430840226834456,0.330173955544803,0.634615401743307
0.435543895567422,0.331613571428481,0.635036616189495
0.440253143241737,0.333069828177256,0.63548666682209
0.44494864988265,0.334545219058256,0.635963778059905
0.449610347608683,0.336041384515951,0.63646567250205
0.454217806155657,0.337558867842169,0.63698956443516
0.458750613452093,0.339096738182905,0.637532175333537
0.463188750612796,0.340652135985844,0.638089768499762
0.467512957144063,0.342219838908262,0.63865819902408
0.471705070445771,0.343791975946858,0.639232974622258
0.475748309519063,0.345358018543308,0.639809322604407
0.47962746464696,0.346905136642799,0.640382258498102
0.483328959883954,0.348418924932867,0.640946652778173
0.486840775794178,0.349884400312401,0.64149729360439
0.490152250827759,0.351287084597531,0.642028945093012
0.493253809406601,0.352613955335406,0.642536402053314
0.496136681276118,0.353854088126107,0.643014543137665
0.498792673980178,0.354998908020084,0.643458384945566
0.501214040916885,0.356042074814291,0.643863139690978
0.503393459917716,0.356979108498512,0.64422427845842
0.505324111199346,0.357806897641549,0.644537600841351
0.506999823801233,0.358523227410255,0.644799309761327
0.508415249530474,0.35912643114623,0.645006088232715
0.509566019986299,0.359615225595457,0.645155172728819
0.510448843804676,0.359988746412784,0.645244416093248
0.511061507622513,0.360246762936432,0.645272332257283
0.511402752972617,0.360390019153812,0.645238115124703
0.511472015644425,0.3604206223303,0.645141625854303
0.511269033825319,0.360342382950201,0.644983346470098
0.510793357638264,0.360161004347834,0.644764303667053
0.510043820901482,0.359884032960209,0.644485973853821
0.509018060113609,0.359520515272675,0.644150187471355
0.507712175680994,0.359080363280813,0.643759054759942
0.506120618686947,0.358573496302081,0.643314934092113
0.504236351433436,0.358008885033494,0.642820456721643
0.502051278522343,0.357393654356368,0.642278609541946
0.499556892807358,0.356732393324067,0.641692863888464
0.496745042560211,0.35602677651698,0.641067327726232
0.493608712983704,0.355275536089135,0.640406893897354
0.490142727141739,0.354474758882459,0.639717359085664
0.486344300521904,0.353618434416328,0.639005495040599
0.482213418976308,0.352699154681635,0.638279062560112
0.477753042415045,0.35170886384073,0.637546767104164
0.472969160642132,0.350639568312771,0.636818160963025
0.467870742074981,0.349483937705348,0.636103500161705
0.462469621250805,0.348235748846561,0.635413564946744
0.456780368726113,0.346890145993828,0.634759451522835
0.450820178272694,0.345443709873429,0.634152340570964
0.444608791715914,0.343894347727193,0.633603245979242
0.438168462101999,0.342241037257154,0.633122746213113
0.431523933233458,0.340483479077441,0.632720701828025
0.424702392240739,0.33862173202711,0.632405966321359
0.417733338755229,0.336655917407099,0.632186103441896
0.410648317267963,0.334586074131282,0.63206713044482
0.403480483136632,0.332412221134046,0.632053310562591
0.396264014465863,0.330134637282417,0.632147016009193
0.389033428596022,0.32775431331359,0.63234867378628
0.381822894225565,0.325273483348036,0.632656792459113
0.374665632767878,0.322696122491964,0.633068054045476
0.367593473169936,0.320028308907658,0.633577446965941
0.360636575551696,0.317278386006613,0.634178416763425
0.353823290747323,0.314456906133903,0.634863019912044
0.347180091853178,0.311576374626253,0.635622078216804
0.340731507512261,0.308650833743603,0.636445342027506
0.334500002875711,0.305695330999216,0.637321676092309
0.328505785629891,0.302725313763368,0.638239280835126
0.322766552444783,0.299755990782379,0.639185954480318
0.317297227442266,0.296801707015832,0.640149389396791
0.312109769921967,0.293875390255806,0.641117482232917
0.307213135527712,0.290988139002731,0.642078625795247
0.302613456859009,0.288149019806708,0.643021945753901
0.298314465695695,0.285365119203808,0.643937450808263
0.294318118868084,0.282641849512475,0.64481608147301
0.290625332548571,0.279983450669379,0.645649665998209
0.287236696361787,0.277393582615521,0.646430814384703
0.284153044109345,0.274875883930926,0.64715279432516
0.28137579931874,0.272434390465059,0.647809431827048
0.278907074089997,0.27007375183333,0.648395065832862
0.276749557332945,0.267799237126884,0.648904566389971
0.274906266738414,0.26561656492617,0.649333407131
0.273380251009437,0.263531617103579,0.649677770492886
0.27217431984888,0.261550102992425,0.649934659608397
0.271290857387992,0.259677233489413,0.650101993133552
0.270731745425687,0.257917452547717,0.650178666895451
0.270498397006168,0.256274260052749,0.650164575033249
0.270591874105983,0.254750146873579,0.65006059351395
0.271013044321398,0.253346649727283,0.649868536798244
0.271762718328556,0.252064518832323,0.649591103952286
0.272841705674403,0.250903974209545,0.649231832365169
0.274250733837898,0.249865008237099,0.648795074657485
0.275990195377012,0.248947676380551,0.648286007419562
0.278059718593743,0.248152309438935,0.647710670221715
0.280457593960268,0.24747958725481,0.647076021683256
0.283180123177532,0.246930435333381,0.646389989481079
0.286220981455884,0.246505742750678,0.645661485742169
0.289570689194425,0.246205942857141,0.644900360493689
0.293216275144943,0.246030536641526,0.644117273830031
0.297141182982647,0.245977660798606,0.643323480519922
0.301325435613967,0.246043801966675,0.642530535624923
0.305746036128083,0.246223735458988,0.641749942784405
0.310377558472122,0.246510727679991,0.640992775393762
0.315192866846113,0.246896995691346,0.640269303941602
0.320163898326049,0.247374374351237,0.639588660709537
0.325262443873305,0.247935108110148,0.638958567199459
0.330460864705906,0.248572664982577,0.638385141567698
0.335732684237155,0.249282467029078,0.637872794037887
0.341053003692216,0.250062444735029,0.637424208732914
0.346398707348655,0.250913349377062,0.637040401695129
0.35174845383002,0.251838791976592,0.63672083859026
0.35708249042189,0.252845012763258,0.636463593180103
0.362382368646413,0.253940415469029,0.636265529755534
0.367630667397853,0.255134923849242,0.63612249843082
0.372810831068429,0.256439234044491,0.636029538991359
0.377907197063857,0.257864045996222,0.635981093681829
0.382905225254083,0.259419357847941,0.635971229600085
0.387791870651216,0.261113895626136,0.63599386705318
0.392555987136868,0.262954724901629,0.636043003753634
0.397188636366899,0.264947056893792,0.636112919659073
0.401683206544582,0.267094228723199,0.636198346485488
0.406035305262577,0.269397816632058,0.636294590013812
0.410242453532713,0.27185783634429,0.636397600574385
0.414303652717168,0.274472993167933,0.636503994876571
0.418218913315856,0.277240958012893,0.636611038560651
0.42198882770545,0.280158656514218,0.636716602585894
0.425614247456024,0.283222562493884,0.636819107929972
0.429096099518857,0.286428983205677,0.6369174726452
0.432435350421019,0.289774314941801,0.637011073403028
0.435633106254687,0.29325523780417,0.637099730350405
0.438690819288627,0.296868813287166,0.637183719240529
0.44161055863108,0.300612450954711,0.637263808618328
0.444395295328102,0.304483725621215,0.637341312944748
0.447049150661498,0.308480050037305,0.637418146513077
0.449577563565787,0.312598237186449,0.637496859531534
0.45198734763871,0.316834011695065,0.637580638337354
0.454286627521491,0.321181543775397,0.63767325668662
0.456484663682149,0.325633076598662,0.637778973357736
0.45859158899883,0.330178699517613,0.637902380714973
0.460618086388444,0.334806291099345,0.638048216742268
0.462575034543488,0.339501625328205,0.638221157673911
0.464473140462045,0.344248609439131,0.638425608855403
0.466322567949658,0.34902960640648,0.638665508674432
0.468132563463794,0.35382579012077,0.638944155332767
0.469911078151955,0.358617484349005,0.639264060604167
0.471664387373087,0.363384445206665,0.639626829506155
0.473396716105974,0.368106058946782,0.640033061014571
0.475109888035024,0.372761441832683,0.640482263072142
0.476803025911171,0.377329446971401,0.640972775796114
0.47847233888989,0.381788604036794,0.641501700382658
0.480111036721106,0.386117039206353,0.642064837650056
0.481709408753797,0.390292438844745,0.642656648431659
0.483255094662728,0.394292123515847,0.643270255526932
0.484733551319946,0.39809328182697,0.643897509907445
0.486128687999539,0.401673376160387,0.644529139149014
0.487423606331131,0.405010683064233,0.645154982715076
0.488601354492427,0.408084887585717,0.645764300251139
0.48964559796238,0.410877629636218,0.646346121833021
0.490541127986164,0.413372911046914,0.64688960025753
0.491274167520915,0.415557308086553,0.647384328013648
0.491832480464222,0.417419981799375,0.647820594141332
0.492205328319749,0.418952520631753,0.648189573304033
0.492383340130969,0.420148676554078,0.648483455277877
0.492358364565398,0.421004064818891,0.648695533561126
0.492123361603102,0.421515892244688,0.648820275541763
0.491672370749588,0.421682763710538,0.648853393871671
0.491000569485583,0.421504597120781,0.648791931366049
0.490104411860785,0.420982654207556,0.64863436109063
0.488981816134247,0.420119671328424,0.648380691734179
0.487632353307273,0.41892005132312,0.648032557667822
0.486057378750574,0.41739005818548,0.647593266076263
0.484260050873032,0.415537945837124,0.647067773049943
0.482245197446278,0.413373956856343,0.646462568711441
0.480019021493439,0.410910150216337,0.645785468028746
0.477588678979359,0.40816005738393,0.645045325438209
0.474961797240274,0.405138212220161,0.64425171057935
0.472146023428813,0.401859636720078,0.643414592167871
0.469148686285425,0.39833937640361,0.642544072638477
0.465976626718582,0.394592162483552,0.641650199926419
0.46263621120162,0.39063223913992,0.640742860486722
0.459133503631375,0.386473349351055,0.639831737996011
0.455474545571123,0.382128836424459,0.638926310562258
0.451665685535105,0.377611799609601,0.638035857339988
0.447713901993902,0.372935241850547,0.637169451188244
0.443627076346831,0.368112161812874,0.636335923886664
0.439414185770551,0.36315556464055,0.635543800975831
0.435085398536196,0.358078390784865,0.634801212084233
0.430652065363931,0.352893385027897,0.63411578831751
0.426126610663814,0.347612944969083,0.633494560496821
0.421522338042232,0.342248996602624,0.632943870838714
0.416853175638842,0.336812942457642,0.632469306698653
0.412133396881104,0.331315714423016,0.632075659170896
0.40737735837872,0.325767941201956,0.631766903053639
0.402599295590371,0.320180213883714,0.631546189482678
0.397813207070337,0.314563409040573,0.631415839856456
0.393032840783767,0.308929013518958,0.631377330334177
0.388271775328867,0.303289392969647,0.631431260034758
0.383543570474162,0.29765795769382,0.63157730193508
0.378861949800967,0.29204920113315,0.631814141568866
0.374240975433109,0.286478612129105,0.632139413203201
0.369695179632526,0.280962485193771,0.632549645146046
0.365239627345753,0.275517668231859,0.633040225126449
0.360889894095559,0.27016129196231,0.633605394071721
0.356661952775173,0.264910520180574,0.634238273260107
0.352571970383087,0.259782347449618,0.634930926819111
0.348636022833281,0.254793454481455,0.635674459399656
0.344869744161689,0.249960114923498,0.636459147526683
0.341287937248093,0.245298134164544,0.637274601980244
0.337904185214544,0.240822793327157,0.638109956974791
0.334730513498115,0.236548772047102,0.638954079376163
0.331777156428004,0.232490031741049,0.639795788074287
0.329052474303039,0.228659655797475,0.640624070788833
0.326563044208865,0.225069660307152,0.641428284546526
0.324313913435836,0.221730803806338,0.642198327887144
0.322308967323237,0.218652431942144,0.642924777641554
0.320551335372798,0.215842389379127,0.643598989855742
0.319043751052656,0.213307018087965,0.64421317087391
0.317788794449416,0.211051241131335,0.644760428965509
0.316788977354053,0.209078712911798,0.645234817666827
0.31604666626679,0.207392002951222,0.645631379899053
0.315563872340675,0.20599277658712,0.645946197135654
0.315341957465174,0.204881938986872,0.646176443032617
0.315381316088488,0.204059719342833,0.64632043605289
0.315681092149772,0.20352568521004,0.646377682238709
0.316238981711703,0.203278690254043,0.646348897987067
0.317051159920347,0.203316772108142,0.646236002882244
0.318112353258795,0.203637027755416,0.646042075113744
0.319416057407015,0.204235500940621,0.645771266181328
0.320954878597258,0.205107119501982,0.645428676728733
0.322720954793409,0.206245716113286,0.645020201117889
0.324706394978022,0.207644152153109,0.644552353986962
0.326903666558779,0.209294542826379,0.644032095906696
0.329305866148157,0.211188556697124,0.643466676050743
0.331906829366035,0.213317742634239,0.642863506471915
0.33470106545354,0.21567382704297,0.642230076003807
0.337683535871997,0.218248929188835,0.641573903206022
0.340849322116585,0.221035658848355,0.640902519999341
0.344193241677692,0.224027084346678,0.640223472319006
0.347709470609577,0.227216583065792,0.639544322344831
0.351391219528082,0.230597605257089,0.638872638430068
0.355230491558525,0.234163391656746,0.638215962905579
0.359217932410589,0.237906687257016,0.637581752834179
0.363342767521074,0.241819488587755,0.636977293595614
0.367592811905075,0.245892853633186,0.636409588983678
0.371954534970312,0.25011679419859,0.635885234138998
0.376413163784952,0.254480261311939,0.635410279306047
0.380952812877294,0.258971226080049,0.634990093286392
0.385556633943199,0.263576850009523,0.634629235958722
0.390206983916274,0.268283730665981,0.63433134923403
0.394885612591498,0.273078199423386,0.63409907530607
0.399573871159576,0.277946639498078,0.633934009581818
0.404252939992662,0.282875785407902,0.633836693027606
0.408904068671753,0.287852962357459,0.633806644687157
0.413508814779449,0.292866227794223,0.63384243023033
0.418049262491627,0.297904389123265,0.633941757369036
0.422508199706446,0.302956890243869,0.634101585082263
0.426869235045079,0.30801358204133,0.634318232005529
0.431116844307623,0.313064412386023,0.634587470868216
0.435236348124565,0.31809908571208,0.634904600365484
0.439213837399833,0.323106745077976,0.63526449252987
0.443036075423777,0.32807572237043,0.635661620714632
0.446690414112887,0.332993388208034,0.636090079293952
0.450164763834451,0.337846115990246,0.636543609786504
0.453447651286903,0.342619360035868,0.637015648742812
0.456528388351944,0.347297838152127,0.637499410423594
0.459397357122621,0.351865804164778,0.637988012265385
0.462046393378573,0.356307393583297,0.638474643751374
0.464469224396598,0.360607022419061,0.638952770098935
0.46666189088442,0.364749812704883,0.639416352149381
0.468623063554619,0.368722008290979,0.639860054901424
0.470354162449115,0.372511334776029,0.640279412422849
0.471859208123246,0.376107253164671,0.640670919167731
0.47314438312295,0.379501065904889,0.641032029437938
0.47421734925407,0.382685858455285,0.641361066056285
0.47508643147316,0.385656295932064,0.641657061134904
0.475759816989105,0.38840833060128,0.641919568141395
0.476244911793661,0.390938898020453,0.642148488868694
0.4765479484743,0.393245678796499,0.642343949983511
0.476673868369755,0.395326979952728,0.642506245705948
0.476626434947842,0.39718175492156,0.642635843350879
0.476408493445741,0.398809746214492,0.642733433413155
0.476022280347451,0.400211708475132,0.642799998660511
0.475469701672473,0.401389656415785,0.642836877445593
0.474752527964919,0.402347078951778,0.642845802033413
0.47387248817334,0.403089066853183,0.64282890104183
0.472831275305625,0.403622313138518,0.642788663499097
0.471630499321406,0.403954961816894,0.642727869109886
0.47027163480355,0.404096300569003,0.642649494314869
0.468756011335908,0.404056314672202,0.642556606177332
0.467084883780092,0.403845140534036,0.642452256067694
0.465259599771752,0.40347247399116,0.642339382864063
0.463281857165415,0.402946998305228,0.642220731860186
0.461154020514127,0.402275897478565,0.642098791857285
0.458879449055402,0.401464511849203,0.641975750072484
0.456462783298464,0.400516175736787,0.641853463015365
0.453910144303014,0.3994322535996,0.641733441271783
0.451229216149205,0.398212364796114,0.641616846496391
0.44842920306276,0.396854762657011,0.641504499323477
0.445520672548078,0.395356815450032,0.641396896915079
0.442515311419082,0.393715528853382,0.641294238601003
0.43942563124325,0.391928051925095,0.641196457570992
0.436264663844643,0.389992119163717,0.641103255987051
0.433045687042922,0.387906396277639,0.641014140249172
0.429782016318751,0.385670712511368,0.64092845247121
0.426486890068493,0.38328617569394,0.640845393831195
0.423173464385382,0.380755176501144,0.640764035678544
0.419854917785413,0.378081295819254,0.640683315420356
0.416544647564862,0.375269135606368,0.640602016798522
0.413256518925053,0.372324099541667,0.640518738033326
0.410005108803119,0.369252155857985,0.640431856102737
0.406805874531563,0.366059619122396,0.640339499892779
0.403675178117597,0.362752988147054,0.640239547439263
0.400630116807815,0.35933887062058,0.640129661283261
0.397688148580677,0.355824008727824,0.640007369857674
0.394866551466931,0.352215397504274,0.639870192708248
0.392181799794962,0.34852046220974,0.639715796044025
0.389648965991771,0.34474724353326,0.639542156478782
0.387281249652836,0.340904534508126,0.639347708503109
0.385089700366498,0.337001922867638,0.639131456035952
0.383083150285032,0.33304971262059,0.638893038450319
0.381268324702921,0.329058721575596,0.638632752884995
0.379650067159094,0.325039971582808,0.638351543832616
0.378231604634322,0.32100430265655,0.638050975685241
0.377014786648244,0.316961953073016,0.637733203603997
0.376000251399529,0.312922155212219,0.637400953792184
0.375187497880523,0.308892803328601,0.637057517207344
0.374574868926792,0.304880250962128,0.636706752743861
0.374159473030502,0.300889287689597,0.636353088701083
0.373937088461364,0.296923322803761,0.636001506952997
0.373902098441891,0.292984767185689,0.6356574942882
0.374047498443828,0.289075561425235,0.635326950571868
0.374364996911412,0.285197762286073,0.635016052602785
0.374845204478567,0.281354086416152,0.634731082776749
0.375477882374229,0.277548327857002,0.634478239211728
0.376252206829658,0.273785609218154,0.634263446007864
0.377157006864494,0.270072475747764,0.634092178682759
0.378180946723098,0.266416875881141,0.633969312889555
0.37931264509378,0.262828075092404,0.633898998221347
0.380540744230436,0.259316524549404,0.633884556200561
0.381853955834009,0.255893673481106,0.633928402837467
0.383241114698964,0.252571697716687,0.634031999181018
0.384691265407365,0.249363131521981,0.63419583474727
0.386193794917493,0.246280428146989,0.634419446623909
0.3877386089104,0.243335513824143,0.634701471995474
0.389316335507999,0.240539418195982,0.635039726273903
0.390918528476277,0.237902053310801,0.635431295365539
0.392537834430623,0.235432180291747,0.635872629915375
0.394168086106112,0.233137561316875,0.636359631279779
0.395804287926557,0.231025256625347,0.636887722504782
0.397442472088947,0.229101998971016,0.637451901799174
0.399079422980609,0.227374564536982,0.638046780218858
0.400712292468927,0.225850060837589,0.638666609017211
0.402338153491536,0.224536068380997,0.639305304821038
0.40395355789874,0.223440601570199,0.639956481906659
0.405554170546252,0.222571890243613,0.640613500013956
0.40713454186128,0.221938018868646,0.64126953334738
0.408688056663586,0.221546487264645,0.641917662219863
0.410207063660638,0.221403768175039,0.642550984220659
0.411683156084544,0.221514931320851,0.643162737819179
0.41310754756045,0.221883383127809,0.643746428870265
0.414471473611055,0.222510742978796,0.644295949809631
0.415766549394492,0.223396847979002,0.644805682305305
0.416985026073367,0.224539855365911,0.645270576226991
0.418119907801043,0.225936398404479,0.645686200504319
0.419164915119511,0.227581748501602,0.646048764501483
0.42011430580387,0.229469942920668,0.646355111628977
0.420962589286767,0.231593851263594,0.646602690209327
0.421704193652651,0.233945172722419,0.64678950990974
0.422333161222952,0.236514377269189,0.646914094835065
0.422842954692704,0.239290623414743,0.646975445859334
0.423226444907493,0.242261697905636,0.646973023994622
0.423476120249915,0.245414024420027,0.646906762561898
0.423584509667416,0.248732775962192,0.646777108874871
0.423544758377187,0.25220210085034,0.646585087682801
0.4233512538791,0.25580544244768,0.64633237114291
0.423000185643915,0.259525907577598,0.646021336639734
0.422489939427619,0.263346627318809,0.645655095523405
0.421821269179087,0.267251059706242,0.645237481834303
0.420997239350154,0.271223202636568,0.644772998693692
0.420022973458234,0.275247710577427,0.644266727761369
0.418905269876898,0.279309929943948,0.643724212885027
0.41765215302212,0.283395881880015,0.643151331520496
0.416272421816469,0.287492224583673,0.642554167338931
0.414775244773176,0.291586221834789,0.641938895495478
0.413169837306535,0.295665733034302,0.641311688776219
0.411465245225519,0.299719226333036,0.640678648993701
0.409670248415891,0.303735803876235,0.640045763609988
0.407793389036222,0.307705219781597,0.639418883059811
0.405843117248585,0.31161786925921,0.638803710127093
0.403828034067311,0.315464731842521,0.638205789826594
0.401757197042349,0.31923726186514,0.637630487528735
0.399640443467694,0.322927232130426,0.63708294504709
0.397488681509227,0.326526548381957,0.636568008984271
0.395314104534461,0.330027059309229,0.636090131843071
0.393130297726988,0.333420387583735,0.635653252694931
0.390952225804025,0.336697802180946,0.635260669004174
0.388796111636432,0.339850143027746,0.634914913438573
0.386679233174023,0.342867798621991,0.634617648882862
0.384619677145907,0.345740728309422,0.634369591934349
0.382636091454236,0.348458515323551,0.634170470968829
0.380747474776214,0.351010435569696,0.634019020643287
0.378973033410223,0.353385530959219,0.633913011537115
0.377332123709713,0.355572684569151,0.633849312189415
0.375844284773643,0.357560706928732,0.633823981239672
0.374529350707471,0.359338456256124,0.633832389388516
0.373407614842908,0.360895026817797,0.633869373607418
0.372500000296612,0.362220044343735,0.633929428246519
0.371828174461766,0.363304100751792,0.634006937974881
0.371414533884386,0.364139339257851,0.634096454547971
0.371281986273016,0.364720166338876,0.634193012615475
0.371453473319158,0.365044025555509,0.634292469733459
0.37195121301616,0.365112131640891,0.634391844479354
0.372795688966471,0.364930044548135,0.634489617231018
0.374004466864377,0.364507971316383,0.63458595402246
0.375590962153158,0.363860719461504,0.634682817116469
0.377563306432577,0.363007280867648,0.634783936786322
0.379923456783317,0.361970086176185,0.634894635523463
0.382666661604544,0.360774021845726,0.635021515190118
0.38578134477209,0.359445334395084,0.635172035582206
0.389249407803646,0.358010553382,0.635354025800711
0.393046890656863,0.356495547009153,0.635575175276106
0.397144888165827,0.354924788088975,0.635842548696221
0.401510598966095,0.353320863125119,0.636162159910357
0.406108388341456,0.35170421420484,0.636538627109965
0.410900770741893,0.350093070737163,0.636974918598969
0.415849252823515,0.348503510424808,0.637472188005923
0.4209150142357,0.346949586469408,0.638029691245664
0.426059433547267,0.345443467893673,0.638644774917823
0.431244486381175,0.343995557264817,0.639312926069186
0.436433050987011,0.342614570003244,0.640027874883406
0.441589154719705,0.341307577403543,0.640781743544815
0.446678186210841,0.340080028280854,0.641565235305339
0.451667086410364,0.3389357701336,0.642367857497047
0.456524520669021,0.337877089915805,0.643178171153453
0.461221025995949,0.336904788521192,0.643984058569791
0.465729124392059,0.336018294218469,0.644772999404262
0.470023393823299,0.335215811319187,0.645532345953018
0.474080492260248,0.334494493284465,0.646249589283987
0.477879135117268,0.333850625505068,0.646912609590849
0.481400031811972,0.333279802030483,0.647509906391723
0.484625790242867,0.33277708226746,0.648030806023672
0.487540800122189,0.332337116716867,0.648465645612068
0.490131106282232,0.331954234380749,0.648805933787541
0.492384281668484,0.33162248774955,0.649044488852349
0.49428930758199,0.331335653760358,0.649175555070211
0.495836466721543,0.331087190618746,0.649194897563436
0.497017251594331,0.330870151201076,0.649099875564168
0.497824289434054,0.330677053771844,0.648889493459077
0.498251282771072,0.330499710549806,0.64856442849508
0.498292964621454,0.33032901417734,0.648127034107282
0.497945067177822,0.330154681902687,0.647581318017324
0.497204304640642,0.329964957403706,0.646932895167418
0.496068373482787,0.329746271334142,0.64618891684068
0.494535977993609,0.329482864676791,0.645357979255991
0.492606895117275,0.329156385417218,0.644450017321929
0.490282100047044,0.328745481232826,0.643476191909766
0.487563981674822,0.328225431861528,0.642448781618652
0.484456681894403,0.327567897579729,0.641381091803672
0.480966589949462,0.326740905593697,0.640287393462627
0.477103004330156,0.325709248654123,0.639182900501036
0.472878931124922,0.324435511957185,0.638083783674666
0.468311914228473,0.322881939998674,0.637007201461851
0.463424699777931,0.321013254919029,0.635971303611957
0.458245461481474,0.318800301502007,0.634995139449055
0.452807318418386,0.316224037427346,0.634098394697701
0.447147020420662,0.313279031616384,0.633300904032094
0.441302949987312,0.309975492924465,0.632621946824932
0.435312879034459,0.306339110933562,0.632079411849503
0.429212049081575,0.302408626088344,0.631688973609721
0.423032016110504,0.298231766754979,0.631463424694761
0.416800389496864,0.293860620211263,0.631412254166933
0.410541287301695,0.289347464423658,0.631541484179633
0.40427617695779,0.284741699089888,0.631853714900524
0.39802478812976,0.280088048139122,0.632348300877628
0.391805894848226,0.275425868321909,0.633021586371464
0.385637880914096,0.270789247360725,0.633867148245397
0.379539082339765,0.266207564996906,0.634876019552937
0.373527939682065,0.261706250982943,0.636036887524331
0.367623005487813,0.257307554655657,0.637336273416372
0.361842851838391,0.253031215969469,0.638758708340646
0.35620591819062,0.248894988630382,0.640286919759865
0.350730333561577,0.244915010517359,0.641902039550326
0.345433739864242,0.241106044829904,0.643583838667388
0.340333135369705,0.237481629492025,0.645310987476022
0.335444748715186,0.234054174198111,0.647061336553097
0.330783946364794,0.230835038647366,0.648812210617176
0.326365169828641,0.227834614432981,0.650540708627905
0.322201895152276,0.225062421262943,0.652224004848545
0.318306605725186,0.222527217289148,0.653839648160362
0.314690770509408,0.220237115273731,0.655365859040385
0.311364822936368,0.218199692062192,0.656781824510701
0.308338139641833,0.216422078095472,0.658067990904462
0.305619021498826,0.214911015691246,0.659206352835318
0.303214683030717,0.213672880748761,0.660180733557882
0.3011312556358,0.212713666483661,0.660977050361824
0.299373810775156,0.212038935623731,0.661583555521098
0.297946403521532,0.211653748587873,0.66199104472738
0.296852136731256,0.21156258030481,0.662193023714212
0.296093237466371,0.21176923329205,0.662185829173142
0.295671137941237,0.21227675513108,0.661968700894775
0.295586550340657,0.213087363308054,0.661543805999835
0.295839526731866,0.214202377929134,0.660916217436124
0.296429496173101,0.215622158923809,0.660093850781284
0.297355272182311,0.217346041101574,0.659087364619987
0.298615024811132,0.219372258485212,0.657910030110689
0.300206214868121,0.221697851124257,0.656577573453029
0.302125489589549,0.224318549745431,0.65510799333704
0.304368543515052,0.227228639495674,0.653521352061033
0.306929951255046,0.230420809630893,0.651839536831996
0.309802984968627,0.233886003273795,0.650085985174411
0.312979433417117,0.237613286624846,0.648285368291402
0.316449444395699,0.241589760229841,0.64646322769772
0.320201414388577,0.245800533088283,0.644645564890616
0.324221945977989,0.250228773423593,0.642858390795137
0.328495887022347,0.254855838170726,0.641127249193957
0.333006451946394,0.259661468573999,0.639476735441346
0.33773541115158,0.26462402718592,0.637930034865642
0.342663322522678,0.269720745471095,0.636508503536415
0.347769773409797,0.274927954197319,0.635231307671851
0.353033604527458,0.280221280839791,0.634115128949968
0.358433096831402,0.285575816147722,0.633173934631727
0.363946113945973,0.290966271730289,0.632418806415765
0.36955020070958,0.29636716866251,0.631857821484659
0.37522263972817,0.301753111465155,0.631495982598842
0.380940464001453,0.307099208170517,0.631335199407094
0.386680422619896,0.312381684197416,0.631374327854774
0.392418909388912,0.317578686119666,0.631609276027872
0.398131895393295,0.322671170807719,0.632033180494182
0.403794939586667,0.327643658401263,0.632636646353413
0.409383351446847,0.332484580168769,0.633408030092045
0.414872525934023,0.337186049903666,0.634333734624362
0.420238390833723,0.341743098902953,0.635398487438508
0.425457856756411,0.346152606587727,0.636585585133957
0.430509170328594,0.350412220789673,0.637877103539957
0.435372121530694,0.354519494091834,0.639254084422448
0.440028108484532,0.358471340602822,0.640696714520774
0.444460094088398,0.362263809608013,0.642184511248339
0.448652497442142,0.365892106827304,0.643696524399971
0.452591057864434,0.36935076896969,0.645211557160433
0.456262698739614,0.372633900309836,0.646708404268572
0.459655408833869,0.375735399280202,0.648166101845487
0.462758151142605,0.37864912836623,0.649564182165949
0.465560804471226,0.381369005991482,0.650882927453182
0.468054140024074,0.383889021061643,0.652103618954341
0.470229832422058,0.386203187272435,0.653208779829957
0.472080501833013,0.388305465176174,0.654182412219302
0.473599780407007,0.390189684927242,0.655010229304243
0.474782392456877,0.391849501756019,0.655679882035053
0.475624234355591,0.39327841033169,0.656181177546427
0.47612243846227,0.394469832716571,0.656506282671788
0.47627540582306,0.395417281828701,0.656649902651014
0.476082795610471,0.396114587925196,0.656609422746
0.475545469042861,0.396556167479318,0.656385002569256
0.474665395254321,0.396737310273233,0.65597961670057
0.473445530444654,0.39665446035601,0.655399037941283
0.471889684068733,0.396305471448051,0.654651763167532
0.470002383989489,0.395689827319969,0.653748885037362
0.467788754357787,0.394808833525082,0.652703918391274
0.465254417558696,0.393665800592828,0.6515325928417
0.462405427942182,0.392266248334137,0.65025262323428
0.459248242068596,0.390618164342176,0.648883467687754
0.455789729222443,0.388732345313947,0.647446079207976
0.452037226934716,0.38662283482854,0.645962651545146
0.447998650358704,0.384307444325759,0.64445635412768
0.443682669037584,0.381808301183798,0.642951044480969
0.439098969026545,0.379152308510405,0.641470941189875
0.434258618305224,0.376371327863963,0.640040237608127
0.429174544300283,0.373501823059463,0.638682638945301
0.423862106886955,0.370583664543665,0.637420815927335
0.418339702267651,0.367657851632054,0.636275789353137
0.412629266444871,0.364763142351057,0.635266291293088
0.406756490326078,0.361932020802772,0.634408183454525
0.400750568551722,0.359186954547654,0.633714033724991
0.394643429081113,0.356538160841523,0.633192934275514
0.388468597348224,0.353983753269488,0.632850579107928
0.382260006351374,0.351512214780575,0.632689532871234
0.376051051409845,0.349106205900434,0.63270956970608
0.369874024698148,0.346746388126512,0.632907973010065
0.363759883745265,0.34441431002415,0.633279745236764
0.357738216718314,0.342094050411166,0.633817735913341
0.351837272327673,0.339772805266495,0.634512727108483
0.346083972776775,0.337440798017204,0.635353518304439
0.340503879285013,0.335090868729478,0.636327040422785
0.335121113454084,0.332717987337249,0.637418513476367
0.329958254149966,0.330318823776745,0.63861164970457
0.325036234092433,0.327891425261015,0.6398888955346
0.320374257728908,0.32543500056244,0.641231701053233
0.315989755384358,0.322949786157165,0.642620804250193
0.3118983804683,0.32043696157691,0.64403651837231
0.308114048713417,0.317898584729011,0.645459013395854
0.304649012305444,0.315337527042092,0.646868585951849
0.30151395827214,0.312757398907225,0.648245915094859
0.298718119614322,0.310162465086487,0.649572303478758
0.296269388665125,0.307557555907364,0.650829904611343
0.294174424389381,0.304947982662947,0.65200193695236
0.292438747830497,0.30233946513063,0.653072885062368
0.291066822073103,0.299738076421761,0.654028687202965
0.290062115114066,0.297150206548672,0.654856907850258
0.28942714540298,0.294582542151965,0.655546892895785
0.289163510909924,0.292042056528112,0.656089904852066
0.289271903742808,0.289536002055393,0.656479235057178
0.289752112966502,0.287071896111006,0.656710289950026
0.290603019159888,0.284657493224878,0.65678064862795
0.291822584037625,0.282300737626803,0.656690089595716
0.293407838349412,0.28000969394039,0.656440585341073
0.295354870154453,0.27779245719041,0.656036264508055
0.297658814260739,0.275657046489964,0.655483342566331
0.300313841626675,0.273611288955462,0.654790023165872
0.303313146295835,0.271662700672738,0.65396637317115
0.306648926244205,0.269818371210089,0.653024174940787
0.310312354323718,0.268084854848549,0.651976759538758
0.314293536569736,0.266468068632349,0.650838824033974
0.318581457060099,0.264973193835406,0.649626235250429
0.32316391038941,0.263604574589476,0.648355821681369
0.328027425923533,0.2623656066146,0.647045154238193
0.333157189430141,0.261258609680133,0.645712316303906
0.338536968906379,0.260284680319115,0.644375663430638
0.344149051198068,0.259443525533094,0.643053573370371
0.349974194056466,0.258733282672546,0.64176418787457
0.355991594792194,0.258150334190544,0.640525148576904
0.362178871432384,0.257689127052044,0.639353330197121
0.368512045702497,0.257342004498499,0.63826457495396
0.374965509866296,0.25709905292351,0.637273432151433
0.381511952670254,0.256947960907913,0.636392906066989
0.388122214977973,0.256873884918275,0.635634213335694
0.394765045125383,0.25685932181293,0.635006548149946
0.401406730352086,0.256884007386713,0.63451685033325
0.408010597141915,0.256924895399308,0.634169568968809
0.414536404314935,0.2569563207702,0.633966414619353
0.420939702537415,0.256950503337419,0.633906098669099
0.427171303336686,0.256878582554481,0.633984071375334
0.433177080286561,0.256712354519227,0.634192291947584
0.43889838680932,0.256426774127119,0.634519091692974
0.444273371360003,0.256003070752812,0.634949215924374
0.449239351238763,0.255432044094877,0.635464136371704
0.453736157093645,0.254716866750716,0.636042697443172
0.457710043279341,0.253874665021753,0.636662092978675
0.461117506678418,0.252936365857773,0.637299082947026
0.463928300747236,0.251944732042017,0.637931287126982
0.466127112943826,0.250950978887659,0.638538367557022
0.467713711590634,0.250010676621354,0.639102942619713
0.468701717341513,0.249179697918761,0.639611145415925
0.469116395114098,0.248510805594114,0.640052817629471
0.468991949289351,0.248051203152787,0.640421392417078
0.468368760500154,0.247841101952213,0.640713554765466
0.467290880097128,0.247913162137311,0.640928775996038
0.465803953461152,0.248292561380732,0.641068808148554
0.463953615476911,0.248997425309374,0.641137202652416
0.461784312344387,0.250039390924233,0.641138893473163
0.459338458691741,0.251424144162193,0.641079862242126
0.456655832931203,0.253151853684695,0.640966884058272
0.453773135652996,0.255217501338061,0.640807338156634
0.450723672457258,0.257611174082465,0.640609058021697
0.447537160264593,0.260318421894201,0.640380191803791
0.444239682425579,0.263320790104998,0.64012904752503
0.440853823766743,0.266596595759858,0.639863909023527
0.437398999150144,0.270121940757329,0.63959282565213
0.433891953728777,0.273871863361541,0.639323395659287
0.430347373696158,0.277821460383512,0.639062572923797
0.426778519762615,0.281946797385159,0.63881652471566
0.423197793741418,0.286225472256438,0.638590555448006
0.41961717247959,0.290636787271495,0.638389094067418
0.416048483249578,0.295161578492278,0.638215728160757
0.412503536224869,0.299781816387797,0.638073260669848
0.408994160599945,0.304480113837814,0.637963765825016
0.405532205024276,0.309239262401373,0.637888627076884
0.402129559748366,0.314041879767234,0.637848548231223
0.398798240039469,0.318870206018873,0.637843537269363
0.395550542293932,0.323706044569251,0.637872869183509
0.392399250781015,0.328530810937291,0.637935039254042
0.389357840740668,0.333325631451751,0.638027721209168
0.386440600530463,0.338071425586906,0.63814774546374
0.383662591094575,0.342748910833061,0.638291110289243
0.381039380914507,0.347338487757145,0.638453033247306
0.378586538310574,0.351819992668373,0.638628041893093
0.376318918716901,0.356172340391477,0.638810093953815
0.374249834149076,0.360373111193323,0.638992710852558
0.372390217052557,0.364398155029533,0.639169107496373
0.370747882496676,0.368221287426194,0.639332306536393
0.369326956373893,0.371814135015737,0.639475235065344
0.368127488093824,0.375146161709123,0.639590812386977
0.367145221655769,0.378184878759886,0.639672045502055
0.366371471168128,0.38089622312073,0.639712152397625
0.365793040915043,0.383245083738436,0.639704732074018
0.365392144688975,0.385195964533286,0.639643995786699
0.365146310228337,0.386713790261604,0.639525067494515
0.365028297220988,0.387764878414794,0.639344353464177
0.365006105802236,0.388318106714632,0.639099970906733
0.36504319907404,0.388346292457698,0.638792212549814
0.365099096415026,0.387827760534753,0.638424007845698
0.365130497160915,0.386748011514178,0.638001323681698
0.365093047230459,0.385101319110843,0.637533432135207
0.364943749528078,0.382892010462613,0.637032967003647
0.364643846737834,0.380135146812665,0.636515702449062
