0.25025925227102,-0.00178634744092981,-0.0610917381148895
0.416538198790028,-0.00294307284843282,-0.100982472275007
0.581950207931299,-0.00405318511564458,-0.139720571556461
0.746132950211729,-0.00510107001509304,-0.176906304697211
0.908720021458505,-0.00607220649300076,-0.212157573295211
1.06934046397235,-0.00695339882649336,-0.245114191524952
1.22761851915252,-0.00773297464903274,-0.275441861299655
1.38317369613106,-0.00840094352949398,-0.302835811270017
1.53562117963076,-0.00894911195338673,-0.327024066966938
1.68457256450454,-0.00937115229210561,-0.347770323748048
1.82963693046531,-0.00966262569696822,-0.364876409427889
1.97042224782524,-0.00982096111984705,-0.378184329752919
2.10653708493576,-0.00984539462389738,-0.387577891826653
2.23759259979876,-0.00973687477066827,-0.392983904340289
2.36320478269244,-0.00949794087619094,-0.394372953011873
2.48299690820849,-0.00913258107423221,-0.391759743085548
2.59660215860422,-0.00864607676406343,-0.385202996710752
2.70366637079222,-0.00804483912078304,-0.37480488643132
2.80385085622669,-0.00733624217629092,-0.360709980207123
2.89683524277336,-0.00652845580772197,-0.343103670399059
2.98232028188664,-0.00563028106351826,-0.322210061892817
3.06003056140161,-0.00465098961652909,-0.298289300496545
3.12971706454498,-0.00360016890779597,-0.271634336449667
3.19115951672604,-0.00248757456285428,-0.242567135241998
3.24416846318833,-0.00132299192673148,-0.211434372823384
3.28858702585608,-0.000116108732290494,-0.178602675908553
3.32429229598716,0.00112359897420783,-0.144453495196115
3.35119632892297,0.00238696570089477,-0.109377721194185
3.36924672036842,0.00366521865771416,-0.0737701689232763
3.37842675678465,0.00495004228104144,-0.038024068246348
3.3787551467116,0.00623362501619207,-0.0025256957347104
3.3702853535473,0.00750868902572685,0.032350725003052
3.35310456200942,0.00876850414921934,0.0662477431351428
3.32733231997256,0.0100068880073681,0.098828934714122
3.29311890395582,0.0112181944409309,0.129782629283575
3.25064346000942,0.0123972926249564,0.158825076037249
3.20011197235056,0.0135395391762358,0.185703040730461
3.14175511078182,0.0146407454241641,0.210195845334461
3.07582600411727,0.0156971418121779,0.232116878375505
3.0025979830907,0.0167053411192212,0.251314611567649
2.9223623315788,0.0176623018961642,0.267673162919876
2.83542608060283,0.0185652931831077,0.281112443534979
2.74210987563645,0.0194118612050519,0.291587920753162
2.6427459446161,0.0201997983486382,0.299090021975863
2.53767619152163,0.0209271142891874,0.303643196307121
2.42725043674047,0.0215920087007592,0.305304644137078
2.3118248228299,0.022192844524254,0.304162719934766
2.19176039926619,0.0227281203048592,0.30033501223501
2.06742189629689,0.0231964396477797,0.293966105350185
1.93917669098092,0.0235964753066323,0.285225033112899
1.8073939609687,0.0239269248694561,0.274302440791937
1.67244401569379,0.024186454294588,0.261407481295658
1.53469778652407,0.0243736247613374,0.246764481634581
1.39452644952857,0.0244867974145458,0.230609426163523
1.25230114850529,0.0245240097938271,0.21318631236394
1.1083927821989,0.0244828173098964,0.194743443368029
0.96317181666544,0.0243600936577517,0.175529727091504
0.817008084091022,0.0241517863594762,0.155791054960172
0.670270532637237,0.0238526288840137,0.135766833203175
0.523326898017476,0.0234558203544605,0.11568673646024
0.376543271608469,0.0229526989143315,0.0957677466467733
0.230283551680051,0.0223324557960911,0.0762115300891168
0.0849087782682907,0.0215819621998867,0.0572021949919822
-0.0592236438848958,0.0206858050831909,0.0389044567218285
-0.201760823030398,0.0196266412411587,0.0214622230691483
-0.342355337675458,0.0183859682121059,0.00499759760990686
-0.480666256763148,0.016945362386074,-0.0103897138945578
-0.616360213974598,0.0152881445158162,-0.0246226209422512
-0.74911253011158,0.0134013130431965,-0.0376465223762508
-0.878608385342189,0.0112774700973231,-0.0494288712944921
-1.00454403663604,0.0089164013479733,-0.0599584620397024
-1.12662807107986,0.00632599750612451,-0.0692444611003979
-1.24458267136313,0.00352232943946612,-0.0773151974051064
-1.3581448519747,0.000528872909028736,-0.0842167175810221
-1.46706761924292,-0.00262494122961343,-0.0900111104723735
-1.57112100598394,-0.00590556066682601,-0.0947746058663853
-1.67009294122801,-0.00927721565158773,-0.0985954590871996
-1.76378993245215,-0.0127036371682215,-0.101571640817741
-1.85203754784552,-0.0161494318142967,-0.10380836355755
-1.9346806968038,-0.019581057706007,-0.105415482877134
-2.01158372043319,-0.0229674229674568,-0.106504821993863
-2.08263030411147,-0.0262801722043378,-0.107187475659582
-2.14772323006219,-0.0294937415792988,-0.107571152526737
-2.20678399210556,-0.0325852582409091,-0.107757619966624
-2.25975229803306,-0.0355343458464057,-0.107840312487619
-2.30658548508751,-0.0383228805125199,-0.107902165323362
-2.34725787769157,-0.040934726965536,-0.108013722652715
-2.38176011972811,-0.0433554722752896,-0.108231566069069
-2.41009850903245,-0.045572166172642,-0.108597094711466
-2.4322943630113,-0.0475730714971957,-0.109135676414661
-2.44838344032637,-0.0493474247982532,-0.109856178022673
-2.45841543947612,-0.0508852053519296,-0.110750869061444
-2.46245358997204,-0.0521769097358881,-0.111795685297851
-2.46057434588216,-0.053213328875888,-0.11295082717152
-2.4528671856774,-0.0539853244544922,-0.114161665193456
-2.43943451554372,-0.0544836021049947,-0.115359918035045
-2.42039166773801,-0.0546984799157494,-0.116465069989982
-2.39586697979656,-0.0546196528106189,-0.117385992587414
-2.36600193529968,-0.054235957028849,-0.118022739350864
-2.3309513432412,-0.0535351450270887,-0.118268484290618
-2.29088353689417,-0.0525037163295816,-0.118011577322391
-2.24598052797804,-0.0511267163717115,-0.117137700544679
-2.19643815419258,-0.0493878051613831,-0.115532095830031
-2.14246612342698,-0.0472694524348848,-0.113081856876049
-2.08428795481676,-0.0447535120059283,-0.10967826568122
-2.02214077905302,-0.0418223433372532,-0.105219158729026
-1.95627496645599,-0.0384607195523062,-0.0996113056036315
-1.88695355382017,-0.0346587787210934,-0.0927727810459129
-1.8144514452521,-0.0304162096875873,-0.0846353071275379
-1.73905437210683,-0.025747641370268,-0.0751465400436492
-1.66105760887772,-0.020688730326922,-0.0642722719640418
-1.58076451043566,-0.0153018816966858,-0.0519985078867234
-1.4984848622189,-0.00967945736836742,-0.0383333860571272
-1.41453320484467,-0.00394242766187857,-0.0233088691621804
-1.32922715938317,0.00176733547315901,-0.00698213374821635
-1.24288576277855,0.00730090452984993,0.010563446604593
-1.15582772185129,0.0125194957895561,0.029217836259474
-1.06836943622561,0.0173103441739245,0.0488444899092796
-0.980822675721613,0.0215967568538101,0.0692811815718526
-0.893491894583115,0.0253401941330367,0.0903415151292691
-0.80667146574826,0.0285352711717456,0.111817093621841
-0.720642800304493,0.0312007440513806,0.133480244815612
-0.635671796771047,0.0333697130088238,0.15508724806915
-0.55200664267082,0.0350813940921117,0.176381954052227
-0.469876046191572,0.0363754130196617,0.197099702402184
-0.389487924942888,0.0372885660500445,0.216971439766575
-0.311028428781394,0.0378534166446042,0.235727935649179
-0.234661498302526,0.0380981681578467,0.253104014877767
-0.160528703193731,0.0380471410217976,0.268842707566239
-0.0887494621839959,0.0377215215832766,0.282699249843419
-0.0194215962713185,0.0371401417894174,0.294444870000396
0.0473778122757137,0.0363201724525631,0.303870308341625
0.111591287433379,0.0352776840631512,0.310789028855496
0.173179591023514,0.0340280690147317,0.315040090361065
0.232120160974457,0.0325863384977903,0.316490651474562
0.288405401040779,0.0309673148558065,0.315038089069399
0.342040869438841,0.0291857414208699,0.310611715451584
0.393043415042931,0.0272563301019432,0.303174082695492
0.441439308276016,0.0251937642796949,0.29272186709044
0.487262412704369,0.0230126716431794,0.279286331548161
0.530552440268071,0.0207275789821778,0.262933368619901
0.571353328829461,0.0183528587074275,0.243763133517896
0.609711776508697,0.0159026749592872,0.221909282961002
0.645675960743548,0.0133909356785347,0.197537843286179
0.679294464824351,0.0108312556116764,0.170845739322264
0.710615430576301,0.00823693394877538,0.142059020188316
0.739685955515196,0.00562094857873541,0.111430816680983
0.766551775319679,0.00299596441951749,0.0792390249830024
0.791257344737064,0.000374341074793761,0.045783554527288
0.813846524867764,-0.00223189508369819,0.0113826488063729
0.83436385309426,-0.00481113294538954,-0.0236321676674975
0.852855473393331,-0.00735221664916544,-0.0589213139384868
0.86936883166114,-0.00984432042714278,-0.0941401604440245
0.883952063234046,-0.0122767276749174,-0.128940169887977
0.896654380293683,-0.0146386634362642,-0.162970650907119
0.907527309146564,-0.0169192061096134,-0.195881820816073
0.916626139405866,-0.0191072330466848,-0.227328485349632
0.92401129688291,-0.021191373622219,-0.25697384553383
0.929749575986355,-0.0231599644417915,-0.284493272513782
0.933915219519569,-0.0250010083425984,-0.3095780161653
0.936590830306764,-0.0267021391967559,-0.331938832938198
0.937868090757902,-0.0282505930034461,-0.351309510968742
0.937848262258891,-0.029633184169126,-0.367450262912523
0.936642435810261,-0.0308362838085218,-0.380150948129407
0.934371507994679,-0.0318457946658996,-0.389234080601496
0.931165861193449,-0.0326471145733037,-0.394557575359868
0.927164733778985,-0.0332250770088095,-0.396017184435625
0.92251529236322,-0.0335638778731604,-0.39354857287282
0.917371323470028,-0.0336468492583706,-0.387128999068565
0.911891719321401,-0.0334562860583979,-0.376778542099851
0.90623862763639,-0.032973068271545,-0.362560857575318
0.900575371382669,-0.0321761497014446,-0.344583425446038
0.89506416732976,-0.0310418479928254,-0.322997268034938
0.889863694735637,-0.0295428909160321,-0.297996118697108
0.885126572942684,-0.0276471831196107,-0.269815025829895
0.880996812434341,-0.0253162878773474,-0.238728377595346
0.87760730733182,-0.0225036908181592,-0.205047336507129
0.87507743694416,-0.0191530578008913,-0.169116673013291
0.873510837270047,-0.015196964285078,-0.131310991535555
0.872993386350406,-0.0105570065089975,-0.0920303468262664
0.873591414503745,-0.00514681959277543,-0.0516952565286264
0.875350098444848,0.00111979546495906,-0.0107411291159115
0.878291935294401,0.00831311611130354,0.0303878476858407
0.882415156753396,0.0164625176438683,0.0712452627551855
0.887692019493462,0.0255240058026418,0.111389299938654
0.894067195943561,0.0353481463043087,0.150389516429819
0.901456975078307,0.0456628962878186,0.187833177054648
0.909750342593838,0.0560869549958883,0.223330751549535
0.918812783388765,0.0661793249819356,0.256520375201432
0.928492333334809,0.075511748148748,0.287071402001094
0.938626402064789,0.0837371658720288,0.314687381175828
0.94904749593244,0.0906297673160344,0.339108751261313
0.959586704970137,0.0960887871679123,0.360115314126384
0.970075389221865,0.100115706091251,0.377528327062543
0.980345907868655,0.102780717691791,0.39121200023846
0.990232221502112,0.104191228357599,0.401074266489577
0.99957076531146,0.104468429236607,0.407066804482319
1.00820162823252,0.103732673026376,0.409184378906929
1.01596989540247,0.102095824521093,0.407463596852347
1.02272697803066,0.0996582144949102,0.401981182915482
1.02833179022597,0.0965082319247102,0.392851865884963
1.03265168401013,0.0927232200160661,0.380225954723082
1.03556309837057,0.0883708821096795,0.364286668086685
1.03695191053279,0.0835107768158022,0.345247270753352
1.03671351676721,0.0781957224463968,0.323348057137659
1.03475257076491,0.0724729661969377,0.298853232802603
1.03098261181997,0.0663852683895701,0.27204768921596
1.02532540198042,0.0599717552518023,0.243233728832266
1.01771012363933,0.0532686545058456,0.212727738509045
1.00807244758196,0.0463099217950158,0.180856827549015
0.996353502433945,0.0391277796671447,0.147955439258852
0.982498771288078,0.0317531857106866,0.11436194580069
0.966456940308548,0.0242162447696969,0.0804152521447435
0.94817874582701,0.0165465871482378,0.0464514810344926
0.927615957798653,0.00877376155974797,0.0128009150117772
0.904720826286925,0.000927729813427634,-0.020214528120965
0.879446310091747,-0.0069605153215146,-0.0522833166313333
0.851746751079723,-0.0148584226481306,-0.0831066761373291
0.821578108690003,-0.0227316854596756,-0.11240214262546
0.788897561914203,-0.0305442621546042,-0.139907751860382
0.753663124011369,-0.0382583548099751,-0.165385708731153
0.715833711408155,-0.0458342771436414,-0.18862518195719
0.675369658397697,-0.0532302721558487,-0.209444451164096
0.632233553915582,-0.0604023369775792,-0.227692603642779
0.586391312673191,-0.0673040890339332,-0.243250839865463
0.537813430371125,-0.0738867045767506,-0.256033375862469
0.486476382578756,-0.0800989774776534,-0.265987917051393
0.432364125457395,-0.0858875786840229,-0.273095685097862
0.375469650784152,-0.0911976445821187,-0.277370993609699
0.315796536284722,-0.0959738825230307,-0.278860383368057
0.253360422389735,-0.100162437507748,-0.277641343472956
0.188190343354268,-0.103713777146719,-0.273820654571602
0.120329843913559,-0.106586750526096,-0.267532395073111
0.0498378413129048,-0.108753663246019,-0.258935650461502
-0.0232107449656443,-0.110205624349486,-0.248211954900087
-0.0987244871053701,-0.11095666371978,-0.235562478935413
-0.176594878172473,-0.111044593982761,-0.221204964877377
-0.256695509501756,-0.110526936262303,-0.205370408648499
-0.338880944964028,-0.109471832087774,-0.188299507472293
-0.422985479891474,-0.107946192027243,-0.170238924985229
-0.508822176337892,-0.106004917172155,-0.151437455462802
-0.596182582038014,-0.103684606941819,-0.132142175161719
-0.684837347166071,-0.101002962514951,-0.112594656037296
-0.774537686018555,-0.0979626732585753,-0.0930272990191288
-0.865017450780893,-0.0945573598543424,-0.0736598408551309
-0.955995547637123,-0.0907773706452699,-0.0546961003532676
-1.04717848688518,-0.0866141902711881,-0.0363210468070555
-1.13826294224784,-0.0820631566252069,-0.0186982840525102
-1.22893825509675,-0.0771247384603018,-0.00196804101839056
-1.31888885029894,-0.071804813060865,0.0137542566971676
-1.40779653952781,-0.0661143536268426,0.0283787846672378
-1.49534268890004,-0.0600688270422743,0.0418414693439107
-1.58121022840838,-0.0536874920803354,0.0541035042733724
-1.66508548409564,-0.046992704290428,0.0651502789704139
-1.74665982071699,-0.0400092794856532,0.074989792318669
-1.82563108958812,-0.0327639363030997,0.0836506416069899
-1.90170488387817,-0.0252848217749744,0.0911796900719838
-1.97459561102067,-0.0176011159864181,0.0976395196599944
-2.04402739654302,-0.00974270880190438,0.103105771329145
-2.1097348362124,-0.00173994082782458,0.107664465318189
-2.17146361477426,0.00637659912225321,0.111409378393677
-2.22897100973113,0.0145762274354698,0.114439537055923
-2.28202629727625,0.0228282768900994,0.116856865291422
-2.33041107601719,0.0311021721517937,0.118764006673535
-2.37391952390139,0.0393674759398972,0.120262322996219
-2.41235860285899,0.0475939119859847,0.121450057259166
-2.44554822540423,0.0557513706715075,0.122420639162135
-2.47332139760552,0.0638099029202927,0.123261105994828
-2.49552435386307,0.0717397077562436,0.124050612908001
-2.51201669929116,0.0795111185899036,0.124859010540655
-2.52267157494879,0.0870945928492512,0.125745478624337
-2.52737586067254,0.0944607092003549,0.126757216394075
-2.52603042824392,0.101580176228367,0.127928206718061
-2.51855045454231,0.108423856023045,0.129278085825198
-2.50486579984702,0.114962805572457,0.130811166238729
-2.48492145136305,0.121168338401852,0.13251567254685
-2.45867802646693,0.127012108209389,0.134363257673501
-2.42611232314232,0.132466215745181,0.136308870918537
-2.38721789977656,0.137503339125483,0.138291041753949
-2.34200566102747,0.142096886769896,0.140232634725183
-2.29050442209483,0.146221171192045,0.142042108230942
-2.23276142084695,0.149851600572793,0.143615286242973
-2.16884274771604,0.152964883933682,0.144837619039585
-2.09883366528163,0.155539244725171,0.145586879208071
-2.02283879163944,0.157554637152461,0.145736206801056
-1.94098212977982,0.158992959239205,0.145157392265055
-1.85340693347648,0.159838257006885,0.143724269517442
-1.76027540657077,0.160076915108639,0.141316085481735
-1.66176824242318,0.159697830738864,0.13782071716009
-1.55808401927303,0.158692569482322,0.133137625523529
-1.4494384697448,0.157055503913656,0.127180461382046
-1.3360636485215,0.154783938120759,0.119879269329696
-1.21820702121129,0.151878223135011,0.111182271236113
-1.09613049709679,0.148341870301975,0.10105724002697
-0.970109396391694,0.144181671738427,0.0894924987457326
-0.840431495912671,0.139407827286223,0.0764976131294471
-0.707395912150266,0.13403410344962,0.062103810690758
-0.571312072883734,0.128078007029157,0.0463642088923473
-0.432498664228294,0.121560982666048,0.0293538850026839
-0.291282589898263,0.114508622681898,0.0111698149213558
-0.14799795098816,0.106950868574994,-0.00806931615488786
-0.00298506253418225,0.098922173242241,-0.0282234547586438
0.143410466699676,0.0904615806338685,-0.049131712655012
0.290838569457391,0.0816126713777897,-0.0706131510821912
0.438945444012957,0.0724233209676583,-0.092467879978094
0.587374127125981,0.0629452268946576,-0.114478529529511
0.735765025741999,0.0532331665470228,-0.136412173185418
0.883756151380085,0.0433440152338864,-0.158022677502819
1.03098333698692,0.0333355424338006,-0.179053543129623
1.17708032845677,0.0232650785583415,-0.199241186719537
1.32167881389119,0.0131881589095955,-0.21831861867511
1.46440843478504,0.00315726531096601,-0.23601943907881
1.6048968285584,-0.00677922263162317,-0.252082053148159
1.7427697486206,-0.0165777821854964,-0.266253991848131
1.87765130548127,-0.0262001638453204,-0.278296215617871
2.00916436712751,-0.0356134687479749,-0.287987279463758
2.13693115140914,-0.0447899250232932,-0.295127244933047
2.26057403367071,-0.0537064275396903,-0.299541239113708
2.37971658281084,-0.0623439185766826,-0.30108257990065
2.49398483126156,-0.0706866871464516,-0.299635411082611
2.60300877322343,-0.0787216551940678,-0.295116817065182
2.70642407676497,-0.0864377041257003,-0.287478413085972
2.80387398819046,-0.0938250785382998,-0.276707431026207
2.89501139996906,-0.100874888375517,-0.262827340248117
2.97950105015346,-0.107578717825036,-0.245898054751019
3.05702181955427,-0.113928339593893,-0.226015781935935
3.12726909187361,-0.119915526761438,-0.203312562774125
3.18995714218539,-0.125531950892035,-0.177955539539132
3.24482151952468,-0.130769153915135,-0.150145966661389
3.29162138895279,-0.135618581794026,-0.12011795622554
3.33014179621332,-0.140071669497643,-0.0881369263318277
3.3601958164413,-0.144119968824338,-0.0544976984932304
3.38162654528338,-0.147755312512999,-0.0195221786060617
3.39430888689568,-0.150970009222011,0.0164434462608064
3.39815109188288,-0.153757064327839,0.0530320549635686
3.39309599741745,-0.156110420775109,0.0898595182396554
3.3791219235237,-0.158025212457968,0.126529206376119
3.35624318486838,-0.159498020456524,0.162637038096278
3.32451018619416,-0.160527120179091,0.197776984480005
3.28400908152214,-0.161112705875285,0.231546899019891
3.2348609919439,-0.161257078592588,0.263554507880756
3.17722079335472,-0.160964784703511,0.293423372056884
3.11127550262687,-0.160242694822324,0.320798625715262
3.0372423067078,-0.159100016838099,0.345352306079205
2.95536629083657,-0.157548241404291,0.366788117401047
2.8659179332015,-0.155601023060566,0.384845508045542
2.76919043687182,-0.153274004161511,0.39930298911969
2.66549696892953,-0.150584592099866,0.409980667775684
2.55516787502846,-0.14755170225729,0.416742012545065
2.43854792939749,-0.144195479878358,0.419494903468632
2.31599367069673,-0.140537013854298,0.418192043107524
2.1878708664755,-0.136598054508484,0.412830815970929
2.05455213908412,-0.132400745944404,0.403452684759138
1.91641477786586,-0.127967381839394,0.39014220129015
1.77383875965073,-0.123320191755793,0.373025693929513
1.62720499171632,-0.11848116285616,0.352269673256805
1.47689378895907,-0.113471900032221,0.328078975387722
1.32328359125152,-0.108313525121843,0.300694643942585
1.16674991880699,-0.103026613889138,0.270391534854733
1.0076645437151,-0.0976311668933761,0.237475616881335
0.84639482855783,-0.0921466083669078,0.202280932107142
0.683303096296161,-0.0865918030894845,0.165166168169
0.51874573872416,-0.0809850766354097,0.126510767084758
0.353071395290281,-0.0753442131436969,0.0867104284951061
0.186616755781242,-0.0696863856000032,0.0461717158206674
0.0196987550256972,-0.0640279925064838,0.00530562718061038
-0.147381200735755,-0.058384856827905,-0.035475716009129
-0.314280195837843,-0.0527737635286472,-0.0757496170603517
-0.480585129483085,-0.047213410655035,-0.115081776021386
-0.645869315466097,-0.0417228817832552,-0.153046525039497
-0.809726536006157,-0.0363202677149456,-0.189240739628927
-0.97176173631775,-0.0310227486817158,-0.223286587625974
-1.1315822332584,-0.0258466615446552,-0.254833986220357
-1.28879381540857,-0.0208073330382864,-0.283563771435084
-1.44299937509603,-0.0159187367119851,-0.309190925389612
-1.5937988551178,-0.0111930048977775,-0.331467504150922
-1.7407899936263,-0.00663981752534756,-0.350185107336771
-1.88356976640397,-0.00226562864890207,-0.365176847003211
-2.0217361849163,0.00192715262007075,-0.376318757394388
-2.15489059525623,0.00594108865001276,-0.383530700302201
-2.28264030740866,0.00978465374263622,-0.386776773110314
-2.40460150669684,0.0134731320761498,-0.386065254845994
-2.52040238651429,0.0170293950154605,-0.381448118948657
-2.62968642386955,0.0204844724666957,-0.373020132440996
-2.73211571485661,0.023877831615607,-0.360917542791496
-2.82737428265415,0.0272572894838271,-0.345316341765762
-2.91517126431352,0.0306785059637933,-0.326430077951418
-2.99524388184848,0.0342040375567727,-0.304507186052013
-3.06736010529153,0.0379019684229396,-0.279827799163812
-3.13132092649027,0.041844175969412,-0.252700025139594
-3.18696217569904,0.046104321998467,-0.223455689199007
-3.23415584227073,0.050755703190347,-0.192445577582023
-3.2728108289239,0.0558689981422493,-0.160034251769461
-3.30287322830449,0.0615102224925959,-0.126594549622088
-3.32432604221677,0.0677388035681678,-0.092501909529439
-3.33718842954078,0.0746059538486127,-0.0581286923164147
-3.3415145199038,0.0821533667148154,-0.0238386801671371
-3.33739184980864,0.0904122447304078,0.0100180676419941
-3.32493948076426,0.0994026385547872,0.0431098421407065
-3.30430585764677,0.109133049707909,0.0751272652380251
-3.27566645993835,0.119600232508597,0.105786532746378
-3.23922128928288,0.130789120787408,0.134831875870897
-3.19519222522969,0.142672803482514,0.162037239493087
-3.1438202687715,0.155212477758752,0.187207215205497
-3.08536268142665,0.16835731938771,0.210177297809665
-3.02009001898962,0.1820442264255,0.230813553491362
-2.9482830559284,0.196197413502794,0.249011797421893
-2.87022960167723,0.210727860252527,0.264696377611105
-2.78622122529029,0.225532648622147,0.277818654862279
-2.69654993344101,0.240494259154958,0.288355256149021
-2.6015048859827,0.255479935466544,0.296306168833487
-2.5013692848783,0.270341264674285,0.301692732821795
-2.39641762833412,0.284914156531131,0.304555587908855
-2.28691357261654,0.29901942640604,0.304952636315398
-2.17310867813481,0.312464189129988,0.302957091371128
-2.05524231425878,0.325044240995046,0.298655692479557
-1.93354294763286,0.336547564033785,0.292147170908025
-1.80823091060553,0.346758832337279,0.283541042498509
-1.67952261083226,0.355465006420462,0.272956771816027
-1.54763587751863,0.362461496906861,0.260523305505696
-1.4127959672649,0.367558561866504,0.246378907758892
-1.27524157328486,0.370587385804014,0.230671164545816
-1.13523012268658,0.37140529746043,0.21355697519642
-0.993041707943976,0.3698996629125,0.195202330867356
-0.848981190190356,0.365990152145936,0.175781703571706
-0.703378287112511,0.359629288453714,0.155476931765197
-0.556585756639232,0.35080139451478,0.134475577463902
-0.408975979211363,0.339520299354719,0.112968809813803
-0.260936564718566,0.32582606546506,0.0911489776050036
-0.112865399719999,0.309781336491944,0.0692070271900032
0.0348342881849626,0.291467600047265,0.0473299720980538
0.181758518995523,0.27098171036463,0.0256985703935516
0.327506419734365,0.248432764447225,0.00448534617190302
0.471683476436994,0.223939590059459,-0.0161470224815556
0.61390398870054,0.197628719167798,-0.0360469182667427
0.753792880246301,0.169632858376776,-0.0550746614208041
0.890986956789705,0.140089771463593,-0.0731031226547409
1.02513573550236,0.109141485736651,-0.0900181616069521
1.15590196551614,0.076933737621496,-0.105718978691281
1.28296194522815,0.0436155808890211,-0.120118449851606
1.40600572882282,0.00933909293547254,-0.133143489234991
1.52473729070167,-0.0257408724244078,-0.144735452833242
1.63887470456978,-0.0614669287176946,-0.154850564532749
1.74815038349087,-0.0976794330129208,-0.163460318662645
1.85231139964713,-0.134216817418269,-0.17055179252202
1.95111989823557,-0.17091599759333,-0.176127787230886
2.04435360489573,-0.207612867609194,-0.180206718611897
2.13180641074131,-0.244142884493741,-0.182822185065833
2.21328901477927,-0.280341737338636,-0.184022161896333
2.28862959414827,-0.316046088088968,-0.183867798029099
2.35767446830477,-0.351094363256381,-0.182431825261541
2.42028872562658,-0.385327573051836,-0.17979662309678
2.47635678143359,-0.418590128833537,-0.176052017494798
2.5257828432826,-0.450730632067045,-0.17129291441612
2.56849126759323,-0.481602608455141,-0.165616889446526
2.60442679958199,-0.511065166280585,-0.15912185719509
2.6335546976881,-0.538983562413275,-0.151903940632321
2.65586072934597,-0.565229656808277,-0.144055640611988
2.67135117669724,-0.589682305450977,-0.135664379078074
2.68005258662023,-0.612227584563562,-0.126811464915144
2.68201160663227,-0.632758957561984,-0.117571482951226
2.67729474686747,-0.65117730830218,-0.108012081892149
2.66598808642307,-0.667391008103081,-0.0981941222383604
2.64819696913151,-0.681315773997104,-0.0881720852410414
2.62404566101323,-0.692874536986899,-0.0779946719949664
2.59367696738915,-0.701997235924301,-0.0677054919340488
2.55725179317109,-0.708620553258633,-0.0573437538545369
2.51494862861195,-0.712687589481887,-0.0469448855545003
2.46696294348091,-0.714147468287302,-0.0365410299553037
2.4135064756286,-0.712954858893295,-0.0261613921644218
2.35480640705777,-0.709069396364921,-0.0158324426979742
2.29110442997628,-0.702454974224648,-0.00557801086122661
2.22265571733419,-0.693078877796994,0.00458067164779263
2.14972782558351,-0.680910720780897,0.0146248991780387
2.07259957012926,-0.665921142596773,0.0245383075306355
1.99155992829408,-0.648080222124961,0.0343064959069579
1.90690703828966,-0.627355564882457,0.0439163945316691
1.81894737915295,-0.603710031980046,0.0533553490116471
1.72799523289864,-0.577099102173665,0.0626099387427258
1.63437255055297,-0.547467907362362,0.0716646016032461
1.53840936916829,-0.514748069316901,0.0805002002661098
1.44044494850438,-0.478854609992556,0.0890927328465285
1.34082980305553,-0.439683435234568,0.0974124557559843
1.23992878000312,-0.397110229523965,0.105423739794638
1.13812522720867,-0.350992047423022,0.113086008771919
1.03582605603279,-0.301173427342231,0.12035608204808
0.933467058304547,-0.247499356676822,0.127192121802178
0.831517142013877,-0.189837645554762,0.133559116762902
0.730479248762693,-0.128112790811045,0.139435374067987
0.630884843911513,-0.06235170935827,0.144818842845862
0.533278537392882,0.0072616277020859,0.149731382583199
0.438190337508571,0.0803304484112555,0.15421861931857
0.346095881883657,0.156201147220248,0.158343264860551
0.25736959540591,0.233946561948892,0.16217111813747
0.172240621959697,0.312389834636428,0.165751406984521
0.0907639465381737,0.390173437455325,0.169095896225658
0.0128170158651542,0.465864937927354,0.172162898708182
-0.0618747824296115,0.538079050089853,0.17485173666305
-0.133689421287539,0.605590175273941,0.177010154994465
-0.20304875395413,0.667413490958818,0.1784529441404
-0.270362328603655,0.722843427654695,0.178986541623062
-0.335985101513554,0.771450786420063,0.178433077920161
-0.40019356877414,0.813048899018744,0.176648376531143
-0.463179148378671,0.84764291094522,0.17353088497884
-0.52505418331426,0.875375150657947,0.169021178883359
-0.585864978761192,0.896475780515409,0.163093694487482
-0.645607095174067,0.911223617826132,0.155743443554886
-0.70423969423196,0.919918482769095,0.146970808414989
-0.761697320377889,0.92286412214669,0.136767391695859
-0.817898717052683,0.92035955403537,0.125105509679444
-0.872753015456998,0.912696267979392,0.111933346066137
-0.926163955452019,0.900158809179308,0.097177018299861
-0.978032838175523,0.883026653098913,0.0807498382577377
-1.02826077745833,0.861575827618477,0.0625679527921585
-1.07675063921698,0.836079355270162,0.0425704772794622
-1.12340889037737,0.806806186744879,0.020741405906788
-1.16814745606866,0.77401879321505,-0.00286981530166927
-1.21088557415672,0.737969949956055,-0.0281320062204654
-1.25155154145743,0.698899463803855,-0.0548225116226742
-1.29008420196507,0.657031660758973,-0.0826251901129719
-1.32643407714963,0.612574330933434,-0.111136200716529
-1.36056417123289,0.565719545210593,-0.13987678637684
-1.39245081822624,0.51664633225762,-0.168311746893074
-1.42208454467189,0.465524991226838,-0.195872153624875
-1.44947185890587,0.412522332665891,-0.221980831505158
-1.47463795241139,0.357807217208265,-0.246079135330975
-1.49763076141088,0.301555595376507,-0.267653381272275
-1.51852650030689,0.243954366978897,-0.28625898799183
-1.53743658223553,0.185203557323895,-0.301540035871946
-1.55451554001435,0.125516629026896,-0.313241781827942
-1.56996917530561,0.0651192194528477,-0.321213913627712
-1.58406168645972,0.00424718294155985,-0.325403164062486
-1.59711990878291,-0.0568545529179006,-0.325835323851176
-1.60953195415244,-0.117930271901901,-0.322588446514335
-1.62173635767841,-0.178706604520289,-0.315760704148599
-1.63419636748617,-0.238878552548835,-0.30543749198823
-1.64735274279504,-0.298087745282156,-0.291662762882904
-1.66154875883332,-0.355895035748547,-0.274419319621654
-1.67692566241024,-0.411754032295314,-0.253622303561757
-1.69329866570055,-0.464997564766149,-0.229129740864089
-1.71004330613039,-0.514852417417229,-0.200773517100731
-1.72604253899689,-0.560493793026874,-0.168412391780378
-1.73974871020567,-0.601136151210977,-0.132004027932557
-1.74938280983041,-0.636135606193833,-0.0916851472450882
-1.75322913547277,-0.665065715750867,-0.0478406837789161
-1.74992532009832,-0.687737566692117,-0.00113973717400286
-1.73864371793983,-0.704163414471166,0.0474776931162108
-1.71911787843273,-0.714489558723471,0.0968653168601333
-1.69154248748683,-0.71893039268942,0.145773490417105
-1.65641572075873,-0.717723043052046,0.19296763113467
-1.61438710078597,-0.71110516166161,0.237337578287036
-1.56614409909287,-0.699308471980789,0.277978816271574
-1.51234292425102,-0.682559185604625,0.314235844509962
-1.45357435044156,-0.661079448788631,0.345707600665844
-1.39035232766208,-0.635087621488857,0.372221858486819
-1.32311564780428,-0.604797614540472,0.393788732475506
-1.25223663648614,-0.570418547592702,0.41054333727826
-1.17803366964432,-0.532156084284083,0.422685818304088
-1.10078584675374,-0.490216364220548,0.430424968053024
-1.02074864461037,-0.444812706980493,0.433930379640391
-0.938169246707628,-0.396174341999957,0.433297579561481
-0.853299920958768,-0.344555496004971,0.428530186090411
-0.766407693525084,-0.290242524274263,0.419542034379164
-0.677778791903204,-0.233556693466174,0.406179873019267
-0.587717462466048,-0.174850963638411,0.388263909787166
-0.496539535108289,-0.114500482086511,0.365639879962437
-0.404562707184288,-0.0528881789908631,0.338233851334363
-0.31209610640967,0.00961170462883046,0.306100500669668
-0.219431730481,0.0726488778543107,0.2694573425557
-0.126839963514268,0.135907687986002,0.228700939664218
-0.0345701615469927,0.199111444352479,0.184404785404301
0.0571434553007979,0.262019364342632,0.137301739600617
0.148071183591419,0.324416856356939,0.0882551877931697
0.237974049860402,0.38610047833654,0.0382227656078712
0.326591266823388,0.446861658676501,-0.0117864319627313
0.413641136570971,0.506478929005243,-0.0607655998106796
0.498854646675437,0.564734079542466,-0.107781340618066
0.582033980783539,0.621448315499882,-0.15204778484086
0.663074297309072,0.676493309896133,-0.192961073307547
0.741918350401765,0.729754886431169,-0.230082635337655
0.818498777772346,0.781090965014562,-0.26311146955401
0.892714648336198,0.83031719157413,-0.291872103778009
0.964434277450848,0.87721337084341,-0.316309360415787
1.03350585403503,0.921536886556475,-0.33647688288759
1.09976740882016,0.963036360047356,-0.352515080465158
1.1630539086,1.0014630137107,-0.364620197411528
1.22320133160464,1.03657868689448,-0.373009084674815
1.28004819637744,1.0681601838745,-0.377885233500144
1.33343525427419,1.09600025963196,-0.379411218935042
1.38320413471013,1.11990607523549,-0.377691236874724
1.42919569280111,1.13969625066989,-0.372765434855451
1.47124866043272,1.1551976324898,-0.364615833396604
1.50919899600456,1.16624261547091,-0.353182276044708
1.54288012991714,1.17266742337326,-0.33838621704495
1.57212414315365,1.17431130768161,-0.320160103514052
1.59676383240192,1.17101628378465,-0.29848028931847
1.61663559450383,1.16262685824118,-0.273401419918742
1.63158310262463,1.14898922512318,-0.245089777350865
1.64146183132209,1.12994959707449,-0.213852156819963
1.6461446230157,1.10535163807937,-0.180155788292028
1.64552866560344,1.07503332548005,-0.144634218171887
1.63954445136464,1.03882394870013,-0.108074603272333
1.62816744498109,0.996542339122755,-0.0713839550643839
1.61143316235167,0.94799782123904,-0.0355353286548047
1.58945595329936,0.892995750010035,-0.00149891950227525
1.56245078912084,0.831349716883163,0.0298337390372575
1.53075572133171,0.762902271463911,0.0577228380261912
1.49485066729216,0.687554920245819,0.0816416042832877
1.45536650256997,0.605305960622968,0.101318977130974
1.41307815822305,0.516291619520073,0.116759374335173
1.36887744353017,0.420822951368897,0.128237567678278
1.32372575543796,0.319409545281567,0.136268515131411
1.27859248885692,0.212762650521117,0.141553736418989
1.23438955772446,0.101775016010969,0.144907932197433
1.19191378577797,-0.0125189587767976,0.147172132617389
1.15180622419957,-0.128993919007239,0.149122346545883
1.11453192593,-0.246484419002643,0.151384798190716
1.08037790459366,-0.363827563729867,0.154369645329382
1.04946338543548,-0.479894088497062,0.1582339014591
1.02175608668744,-0.59360979477241,0.162880680213531
0.997090511054251,-0.703972288717083,0.167995930850311
0.975187296873613,-0.810067673138647,0.173116550762015
0.955674735895544,-0.911088884910997,0.177717125641215
0.938113666415935,-1.00635365554562,0.181298863049444
0.92202540215573,-1.0953176744798,0.183465024316756
0.906920338791105,-1.17757854768253,0.183972045150227
0.892323626843336,-1.25286827412648,0.182752573138637
0.877794413473482,-1.32103492951762,0.179913157582625
0.862936447135155,-1.38201670703589,0.175713251335193
0.847399643672706,-1.43581266146692,0.170532877172074
0.830873882534149,-1.48245447966186,0.164834469496865
0.813077472173989,-1.52198283265069,0.1591214469922
0.793743362515707,-1.55443090701655,0.153893487339638
0.77260637794943,-1.57981681985305,0.149597363817803
0.749394603851043,-1.59814579452069,0.146573125377376
0.723827514072431,-1.60942195465462,0.144998278593367
0.695622350519442,-1.61366816511393,0.144836707469714
0.664508572740801,-1.61095053055168,0.145802891875671
0.630248023717544,-1.60140236038584,0.14735361348304
0.592656358898622,-1.58524141712658,0.148716996438452
0.551620069250243,-1.56277491201602,0.148961800975515
0.507103888485113,-1.53438936193548,0.147099840553322
0.459145691213852,-1.50052649352757,0.142204716865653
0.407839474799938,-1.46165041527295,0.133524848838751
0.353310333972923,-1.41821363054497,0.120570446904772
0.295687205477638,-1.37062922630417,0.103161922388267
0.235079040297176,-1.31925407751384,0.0814377119711912
0.171558381357254,-1.26438446616323,0.0558284142468765
0.105154042284033,-1.20626254344166,0.0270087063374838
0.0358525705175423,-1.14509044658244,-0.00416169760414879
-0.0363931153198851,-1.08104869765717,-0.0367003021394815
-0.111650146713267,-1.01431629519001,-0.0695641817458219
-0.189989646971088,-0.945091011727498,-0.10171300750748
-0.271470799121765,-0.873609260611862,-0.132174731354162
-0.356127782622921,-0.800165207295594,-0.160114411824679
-0.44396227138978,-0.725128533347168,-0.184902516186428
-0.534943565193437,-0.64895962920002,-0.206173486398097
-0.629016780862141,-0.572220411591864,-0.223860677569604
-0.726116751316068,-0.4955788304439,-0.238192816592226
-0.826181828550544,-0.419805628607689,-0.249642084870439
-0.929158854190671,-0.34576271613639,-0.258824700261112
-1.03498961119755,-0.274382845289984,-0.266368149930314
-1.14357127613536,-0.206639333035978,-0.272769545437046
-1.254689000946,-0.14350237542849,-0.278272298214694
-1.36792711774023,-0.0858764206559966,-0.282782557386289
-1.48257519719182,-0.0345137892466662,-0.285836044915111
-1.59755412798571,0.0100938776493273,-0.286615551125445
-1.71139203536218,0.0478316668020179,-0.28401367283121
-1.82227538403158,0.0790537607294811,-0.276735331034167
-1.9281830541806,0.104610052644185,-0.263437718165151
-2.02708220907375,0.125771797200789,-0.242906904919968
-2.11713571289965,0.144052419051094,-0.214265286641492
-2.19685985852573,0.160966081013317,-0.17718941289935
-2.26519061525618,0.177801656535242,-0.13209619341959
-2.32145931878682,0.195486180817143,-0.0802378407997318
-2.36531824869205,0.214566699192983,-0.0236485257843703
-2.39666689747598,0.235281366300359,0.0350801280559758
-2.41560746055048,0.257658241153657,0.0931586780438907
-2.42242460612091,0.281589979985643,0.148002895078001
-2.41756592332393,0.306868477419816,0.197569439989595
-2.40160447942427,0.333195039388084,0.240544575077196
-2.37518236205692,0.360190654348548,0.276368755895002
-2.33894737256691,0.387420816003507,0.305136934509052
-2.29349694136714,0.414434667493031,0.327438909578246
-2.23933770218529,0.440809709549606,0.344193913859836
-2.17686332656283,0.466192492323846,0.356505132899951
-2.10635122638497,0.490328733476989,0.365532298794212
-2.02797992231062,0.51307936455699,0.37236598911824
-1.94187000515323,0.534420695997976,0.377889180975713
-1.84814938920991,0.554427916563071,0.382627155612899
-1.74703647568075,0.573242899509514,0.386609168577318
-1.63892442329178,0.591030590757433,0.389284317410291
-1.5244408701981,0.607932437236476,0.38953810509543
-1.40445700810463,0.624028202096068,0.385836862145471
-1.2800324908069,0.63931653095653,0.376486634155697
-1.1523055842925,0.65371892829851,0.359948119849454
-1.02236020596238,0.66710359396284,0.335124283677853
-0.891110205768194,0.679319101087543,0.301548014235153
-0.759231447372697,0.690226325213018,0.259437717219919
-0.627150834991266,0.699720261924619,0.209635600181647
-0.495080981220408,0.707738637219211,0.153473521544176
-0.363078758762392,0.714258449407402,0.0926161107793714
-0.231106312305846,0.719284099604631,0.0289170371483463
-0.0990817154622296,0.722830550171815,-0.0356950540200506
0.0330832560621782,0.724904859580445,-0.0993001494367953
0.165452781028617,0.725488841880888,-0.160049100188975
0.298037459214169,0.724525823255988,-0.216219421461524
0.430762915353239,0.721915015903246,-0.266280443284206
0.563437750525979,0.717516831384659,-0.308976993413603
0.695725779758698,0.711171459057463,-0.343428282634648
0.827129787020831,0.702730037191678,-0.369223602316768
0.95699526421011,0.692093382274888,-0.386484376767905
1.08454018505169,0.679248577296005,-0.395859218560795
1.20891010249979,0.664291445451437,-0.398430402182186
1.3292487586506,0.647425533653416,-0.395536318390828
1.44476742642718,0.628935877873725,-0.388545380285258
1.55479576827454,0.609145254118193,-0.378636857788577
1.65880397824645,0.588366864174977,-0.366641515525371
1.75639670911126,0.566867393192186,-0.35297089310041
1.84728811858124,0.544849093412834,-0.337631955565957
1.93127049510979,0.522452802629313,-0.320299498573101
2.00818630190752,0.499779104964486,-0.300410789008189
2.0779078082872,0.476923300342883,-0.277254490220097
2.14032297436494,0.454020267576751,-0.250042164467708
2.19532309906212,0.431295452327948,-0.217967857158698
2.24278767657763,0.409116051910254,-0.180273401135996
2.28256448342111,0.388030974772785,-0.136340076125092
2.31444692405821,0.368780059665555,-0.0858190227312383
2.3381547151133,0.352245958495501,-0.0287942942435162
2.35332735250011,0.339323611964742,0.0340508597836902
2.35954249424274,0.330702831520162,0.101312652317854
2.35637180681689,0.326604935610321,0.170844386195003
2.343478589487,0.326570635994462,0.239876605686719
2.3207380879732,0.329420497469918,0.305294866778545
2.28833207399388,0.333454954924478,0.364040664709523
2.24676363723673,0.336837584215156,0.413540318069994
2.19677514182867,0.337999961101483,0.452033617121898
2.13920692575188,0.335906260513781,0.478708306388612
2.07486005621503,0.330112927248886,0.493634509464274
2.00440829723869,0.320665502121873,0.497572426471418
1.92836789865641,0.307921501655134,0.491749444917713
1.84710878004367,0.292374389500921,0.477673967025909
1.76088586412928,0.274516593902487,0.457007201497583
1.66987685164264,0.254749648100148,0.431478713852496
1.57422228341513,0.233335902103622,0.402815794684654
1.47406942350081,0.210384577307496,0.372658051146938
1.36962177293192,0.18586783373637,0.342441619287994
1.26119180015206,0.159664332720081,0.313257339110206
1.14924803795274,0.131625608985312,0.285709338301504
1.03444247337899,0.101654373229505,0.259817732326261
0.917604058194124,0.0697766285603083,0.235012309872945
0.799691601886067,0.0361863761848631,0.210245714909582
0.681712624114389,0.00124719670718837,0.184216513653781
0.564627458055852,-0.0345511116438137,0.155649773003623
0.449262449616345,-0.0706668490595184,0.123557682856566
0.33624938947988,-0.106588110097477,0.0874098833532665
0.225996802735342,-0.141899551887035,0.0471790621115322
0.118690762146581,-0.176320179437256,0.00327409187516169
0.0143225286536339,-0.209709022985113,-0.0435903206515617
-0.0872604110674765,-0.242045480073635,-0.0925283185945095
-0.18629064239493,-0.273397308722496,-0.142582384244347
-0.283021785217096,-0.30388882896714,-0.192779845980847
-0.377687616389703,-0.333676177440447,-0.242158532588435
-0.470482160999674,-0.362930503524414,-0.289776119112193
-0.561555667538896,-0.39182690583083,-0.334712693080861
-0.651019423419774,-0.420536330280835,-0.376072094519296
-0.738953694164012,-0.449218363676653,-0.412986156123309
-0.825414898828243,-0.47801314611749,-0.44462572082166
-0.910439564134685,-0.507031830396444,-0.470221938608189
-0.994043612918145,-0.5363453339957,-0.489100220967813
-1.07621651526722,-0.565972072585022,-0.500726975312221
-1.15691096729129,-0.595866250378148,-0.504765807439703
-1.23603010015407,-0.625909146507316,-0.501135612539127
-1.31341552955105,-0.655906340131446,-0.490058859863548
-1.38884034675699,-0.685593547061391,-0.472086048912777
-1.46201085276674,-0.714652389878274,-0.448083621009331
-1.53257911801424,-0.742735068352418,-0.419178636557616
-1.60016558420489,-0.769494184570629,-0.386663495800181
-1.66438789077841,-0.794611998209156,-0.35187485347895
-1.72489018000271,-0.817823149327128,-0.316068433228396
-1.7813671565402,-0.838926709753194,-0.280312440430952
-1.83357903737315,-0.857786660181111,-0.245416345666392
-1.8813562579799,-0.874323224617016,-0.21190164947878
-1.92459522671718,-0.88849962186997,-0.180010924584925
-1.96324779795875,-0.900309035769829,-0.149744298867941
-1.99730737031902,-0.909765170498595,-0.120909935616303
-2.0267939580266,-0.916897536555662,-0.0931764644322619
-2.0517397029945,-0.9217506583091,-0.0661192009814239
-2.0721754924691,-0.92438536799046,-0.0392567307440292
-2.08811888748255,-0.924880292350196,-0.0120787534989651
-2.09956356753666,-0.923332151280387,0.0159307921536683
-2.10647091895064,-0.919854125582145,0.045269772714227
-2.1087650518023,-0.914572067938604,0.076387697117104
-2.10633312415474,-0.907618713042936,0.109645816657598
-2.09903303235096,-0.899126374447835,0.145267251222809
-2.08670997216438,-0.889218962171037,0.183281197416311
-2.06922190998069,-0.878004487659629,0.223469754825256
-2.04647172433759,-0.865569419273037,0.265329365653656
-2.01844117599275,-0.851976151864517,0.308059855842057
-1.98521981423663,-0.837264348366868,0.350591366988231
-1.94702146004403,-0.821456041275381,0.391652753316692
-1.904182735627,-0.804563392206071,0.429875519366764
-1.85714210504249,-0.786597270066836,0.463917886817445
-1.80640287304217,-0.767574648543352,0.492587583311178
-1.75248772851859,-0.7475233180625,0.5149419642484
-1.69589413483077,-0.726483326056571,0.530350254947935
-1.63705866576917,-0.704505497005284,0.538512621762174
-1.57633505034916,-0.681647991429394,0.539440721208103
-1.51398674512035,-0.657972015747837,0.533411179070132
-1.45019170517179,-0.633537590471793,0.520905791720935
-1.38505539234234,-0.608399927437715,0.502550686565268
-1.31862790419277,-0.58260664200643,0.479062869697016
-1.25092192796832,-0.556195827727949,0.451208252609256
-1.18192940368158,-0.529194961695687,0.419771575808248
-1.11163601730664,-0.501620607042054,0.385536182340076
-1.04003313004198,-0.473479014826368,0.349270300260443
-0.967127586592518,-0.444767670854682,0.311716281855584
-0.892949548718771,-0.415477887866285,0.273579663062224
-0.817558470058554,-0.385598424198078,0.235515869091711
-0.741047037474064,-0.355119955317628,0.198113652398214
-0.663542712487296,-0.324040034820995,0.161875774500163
-0.585206527006811,-0.29236802658343,0.127198829285147
-0.506229056535296,-0.260129429717415,0.0943551761869727
-0.426823899462558,-0.227369068694077,0.0634804077237419
-0.347219323065626,-0.19415273765605,0.0345694445112118
-0.267648847227031,-0.160567010526185,0.00748329184639138
-0.18834145402159,-0.126717043659273,-0.0180330227024606
-0.10951204795459,-0.0927223835672402,-0.0423224457306976
-0.0313528514600289,-0.0587110820933124,-0.0657804154111325
0.04597348365806,-0.0248127558309028,-0.0888155994087548
0.122338271531958,0.00884851005536536,-0.111811106007342
0.197648152656623,0.0421604557271585,-0.135090280081203
0.2718433004789,0.0750273439976558,-0.158890373124531
0.344892824498866,0.107372596237934,-0.183346042637526
0.416788104910026,0.139139289872355,-0.208483116471158
0.487535003529779,0.170288785839212,-0.234221679236905
0.557145930115693,0.200797962999981,-0.26038655080873
0.625632495065579,0.23065576167442,-0.286722698565845
0.692999507341712,0.259859390909627,-0.312913128593837
0.759240506093427,0.288410890045379,-0.338597041569775
0.824335013864434,0.316314254445249,-0.363386585147847
0.888247436145553,0.343573318945211,-0.386881105836152
0.950927421267062,0.3701904334315,-0.408678373213425
1.01231142309811,0.396165856893256,-0.428382748828274
1.07232517223938,0.421497717001738,-0.445610676820181
1.13088674945038,0.446182330027957,-0.459994181415832
1.18790995514354,0.47021464603766,-0.471183274774867
1.24330766954698,0.493588572312004,-0.478848311853382
1.29699490091269,0.516296934226576,-0.482683374694326
1.34889122236905,0.538330859674569,-0.48241171542592
1.39892231098122,0.559678424285465,-0.477794105485055
1.44702033932975,0.580322477378954,-0.4686405986913
1.49312304648117,0.600237684136806,-0.454825685877215
1.53717144637252,0.619386964859625,-0.436306097741333
1.57910632453949,0.637717671491503,-0.413139644563873
1.61886391599463,0.655157987861743,-0.3855025928183
1.65637140700399,0.671614133033323,-0.353702379603393
1.69154309448945,0.686968946647768,-0.318182229931036
1.72427808558706,0.701082316083291,-0.279514731104356
1.75446025971316,0.71379367676073,-0.238382759453997
1.78196083125973,0.724926536332814,-0.195548227936692
1.80664331224751,0.734294735133564,-0.151811496391887
1.82837012627904,0.741710064048267,-0.107966318132081
1.84700974388715,0.746990975773851,-0.0647562413819402
1.86244312823643,0.749972420585264,-0.022838075169518
1.87456853067055,0.750517179084254,0.0172435610831076
1.88330417210155,0.748529238118778,0.0550689597220294
1.88858892483929,0.743969521446142,0.0903441390123589
1.89038158713309,0.736873475818881,0.122892492720633
1.88865957256867,0.727368635496607,0.152641039423097
1.8834177402803,0.715688649125509,0.179605100032753
1.8746676840825,0.702178997643941,0.203874510779705
1.86243720929075,0.687289598371166,0.225603256204326
1.84676919731909,0.671551332208517,0.245002970788893
1.82771887471583,0.655537169573717,0.26233937929094
1.80534884522273,0.639812928413868,0.277929646943034
1.77972204814526,0.624886019107168,0.292137960528178
1.7508937605865,0.611161327271766,0.305366544886631
1.71890446471509,0.598911343616682,0.318039738504407
1.68377558591917,0.588263812716231,0.330579655095152
1.64550974308016,0.579206232607115,0.343373285305505
1.60409638609728,0.571603840385518,0.35673257948292
1.55952271733447,0.565226683914991,0.370850984265197
1.51178875276765,0.559781601782827,0.385761829687012
1.46092439786162,0.554945670689921,0.401305441204257
1.40700564756759,0.550398336219308,0.417112294398305
1.35016668519534,0.545849799918591,0.432608376118817
1.29060497121724,0.541063427771082,0.447045912410525
1.22857748386779,0.535870284029925,0.459558108613394
1.16438795943718,0.53017463470088,0.46923155152398
1.09836686890095,0.523950431941097,0.475185920695251
1.03084739315973,0.517230136796147,0.47664899605859
0.962141339779831,0.510088361038106,0.473016231179238
0.892518602736087,0.502623358171033,0.463887929467768
0.822192597943522,0.494939239745373,0.449082019596328
0.751312566629751,0.487131069882081,0.428625046641311
0.679962212587941,0.479273994890311,0.402727146055511
0.608163166581933,0.471416610117804,0.371748030698641
0.535881371216199,0.463578064974747,0.336160645920086
0.463034586108565,0.455748033928523,0.296517751707192
0.389499691542894,0.447888608087265,0.253424945713282
0.315119211521715,0.439937309517145,0.207522075198688
0.239707452530396,0.431810742972366,0.159473886113097
0.163058021988414,0.423408709354588,0.109970173487771
0.0849557586761646,0.414619403351452,0.0597350546217063
0.00519748857113389,0.40532655581423,0.00954361108712487
-0.076375530484657,0.395420159268573,-0.0397598950501963
-0.159836117642026,0.384812026447177,-0.0872543553769721
-0.24513165116224,0.373455888234481,-0.13196128966655
-0.33206106977923,0.361369258615928,-0.172903329819879
-0.420276055982059,0.348652470268288,-0.209198722276262
-0.509303105753223,0.335499962871024,-0.240173312443372
-0.598577874967174,0.322199983711057,-0.265464131090008
-0.687485412754716,0.309119928832537,-0.285089852457392
-0.775401888751596,0.296677218807148,-0.299468908868749
-0.861733172602624,0.285299275737465,-0.309375286801974
-0.945944413392634,0.275380129031015,-0.31583499413679
-1.02757530487606,0.267243354285188,-0.319980518361827
-1.10623866173113,0.261119973868066,-0.32289143284316
-1.18160404167016,0.257145676739754,-0.325452326096535
-1.2533715763262,0.255375900457467,-0.328253250601646
-1.32124273801278,0.255812211220937,-0.331545452701829
-1.38489444514722,0.258430604495625,-0.335250937006688
-1.44396152349763,0.263202097459023,-0.339012998799766
-1.49803108107298,0.270097557724765,-0.342268944369546
-1.54665142074203,0.279071219626101,-0.34432620553208
-1.58935764883185,0.290020528511994,-0.344427537199693
-1.62571538149673,0.302724436128331,-0.341797775545781
-1.65538157190579,0.316769007448554,-0.33567162430906
-1.67817614473934,0.331478181026307,-0.325307630205679
-1.69414981232248,0.345876028710211,-0.309997209451275
-1.70362525507188,0.358708748466964,-0.289079364945319
-1.70718741570017,0.368543015001187,-0.261972085461189
-1.7056104721022,0.373931341694244,-0.228230410611291
-1.6997331109295,0.373605572595341,-0.187637426582234
-1.69031765012023,0.366644828575701,-0.14032534127373
-1.67793624119364,0.352575076727069,-0.0869077033703601
-1.66291351834869,0.331386175841949,-0.0285842212408714
-1.645330365991,0.303479035415885,0.0328332297714322
-1.6250737862534,0.269567039596892,0.0950177051376271
-1.60191042835049,0.230554395227637,0.155357868427207
-1.57556303204312,0.187409841642868,0.211281711350982
-1.54577413748813,0.14105283412057,0.260590261520342
-1.51234754298974,0.0922682211165565,0.301710599184124
-1.47516499007446,0.0416599242265101,0.333810922967564
-1.43418223933078,-0.0103557378324051,0.356774642068806
-1.38941273896133,-0.0635259455923203,0.37107513388433
-1.34090729987991,-0.117720021543079,0.37760948946247
-1.28873564821811,-0.172883374366213,0.37753982035125
-1.23297260291597,-0.228995012297589,0.372167873050549
-1.1736895218866,-0.286032220382562,0.362846100537323
-1.11095096145438,-0.34394279827473,0.350913239115284
-1.04481670781108,-0.402624042013296,0.337636464139344
-0.975349674250368,-0.461908056288104,0.324144158710903
-0.902629930453531,-0.521554221270085,0.311341366893125
-0.826773940543462,-0.581250769580261,0.29981217936182
-0.747955980863977,-0.640627524992473,0.289726940265832
-0.666426313971815,-0.699280267815147,0.280782988076945
-0.582519257594103,-0.756804009225473,0.272209936411216
-0.496645238435149,-0.81282883464547,0.262859553178341
-0.409264944845736,-0.867049873776458,0.251376552096335
-0.320849750100319,-0.919243995042852,0.23641842840373
-0.231837936690611,-0.969269970365816,0.216873372694827
-0.142598048779278,-1.01705413903799,0.192025692614119
-0.0534079732981236,-1.06256741767129,0.16163780971641
0.0355472528002829,-1.10580042614919,0.125946068379269
0.124161461040472,-1.14674192565985,0.0855909614795779
0.212382780000735,-1.1853633152709,0.0415131872910198
0.300185050408409,-1.22160954836495,-0.00515478863616861
0.387539690401402,-1.25539610787995,-0.0531810311874806
0.474391386315279,-1.28661123719166,-0.101300858082343
0.560639325812627,-1.31512303225651,-0.148257843753121
0.646125021982089,-1.34079121364755,-0.192825052245908
0.730626902852242,-1.36348266993675,-0.23381514384624
0.813861305362995,-1.38308932543484,-0.270088650638157
0.895488793735517,-1.3995456989732,-0.300569145519463
0.975124637984632,-1.41284293957935,-0.324273018156008
1.05235244809835,-1.42303570536191,-0.340359460129548
1.126739904901,-1.43023825284666,-0.348202023289334
1.19785492817541,-1.43460699191534,-0.347476115553569
1.26527969711473,-1.43630916948175,-0.338247668208432
1.32861940838313,-1.4354814435392,-0.321039538475409
1.38750331316301,-1.43218701773813,-0.296848399911903
1.44157774466119,-1.42638358575573,-0.267090647034986
1.49049383728273,-1.41791395754624,-0.23347293764294
1.53389485874624,-1.40652552801329,-0.197807018168672
1.57140797094459,-1.39191523689777,-0.161809078829272
1.60264259474559,-1.37378765017315,-0.126930110156254
1.62719395842435,-1.35190973340801,-0.094251518130753
1.64464812094296,-1.32614832139824,-0.0644557205527244
1.65458505258232,-1.29648294026799,-0.0378568193754857
1.65657881097819,-1.26299345008365,-0.0144622060172091
1.65019707066441,-1.22582606777646,0.00596436871088538
1.63500504050139,-1.18514246117263,0.0238571982144926
1.61058062052206,-1.14105662163582,0.0398239537620178
1.57654825219995,-1.09356554703204,0.0546304750746896
1.5326376499969,-1.04248385538798,0.0691731907103195
1.47876915148941,-0.987398726561796,0.0844146368502492
1.41515850240701,-0.927666823619234,0.101264967049773
1.34242105325077,-0.862473649239532,0.120410659434429
1.26164285097114,-0.790963047586715,0.142117574807934
1.17438206191224,-0.71242002580594,0.166060204857429
1.08257644326228,-0.626462257958206,0.191239704680443
0.988361764138927,-0.533180067994497,0.216039789455201
0.893840790626509,-0.433174590158824,0.238431286125208
0.800863954655302,-0.327478827631739,0.256285943750304
0.710877807863774,-0.217389768327576,0.26772012302017
0.624868654656991,-0.104268732805367,0.27137915575996
0.543393358452775,0.0106315362250117,0.266598699174087
0.466665441324988,0.126276655828086,0.253426450128528
0.394659742519181,0.241890447790317,0.232532281290858
0.327208480187121,0.356939851233232,0.205058898441265
0.264075857196955,0.471087851614332,0.172464717363775
0.205009827019145,0.584134146542753,0.136393785672933
0.149775546047872,0.695955142625852,0.0985853946308957
0.098176102155342,0.806447260487975,0.0608166216291182
0.0500643653795739,0.915473271393153,0.0248581019323558
0.00534713057671454,1.02281121360805,-0.00758212639889789
-0.0360194869751184,1.12810865744501,-0.0349493738640907
-0.0740452016613247,1.2308500322066,-0.0559791308010787
-0.108731701031443,1.33034872903141,-0.0698714345838251
-0.140106741179548,1.42577543120219,-0.0764683382879831
-0.168258606392864,1.51622681902433,-0.076377037293811
-0.193360230861216,1.60082481312373,-0.0709751475622093
-0.215673453553027,1.67882128375674,-0.0622579694253102
-0.235530348626202,1.74967581481957,-0.0525391758456076
-0.253297653164103,1.81308142097558,-0.0440746381035756
-0.269336756543404,1.86893292365149,-0.038711739256479
-0.28397174779365,1.91725412886517,-0.0376537626293398
-0.297472435603023,1.9581115515621,-0.0413794573980683
-0.310052297038143,1.99154050942368,-0.0497010751054668
-0.321876839803495,2.01749882165149,-0.0619074572845899
-0.333076953602738,2.03585178390069,-0.0769317606700908
-0.343763295185072,2.04638452612289,-0.0934990582961151
-0.354039915619547,2.04883509734834,-0.110234061887015
-0.364017097265515,2.04294184653444,-0.125732756801144
-0.373824261940721,2.02849945197644,-0.138618081559221
-0.383623717392154,2.00541746338923,-0.147606718502892
-0.393624935966505,1.9737727640282,-0.151610597941187
-0.40409730116976,1.93384377530608,-0.14988222202933
-0.415377597946727,1.88611211797674,-0.142188451542285
-0.427868249694241,1.8312206420087,-0.128968709365525
-0.442024566919639,1.76988813948894,-0.111413024699215
-0.458333786957303,1.70279910070648,-0.0913988345982725
-0.477292862540237,1.63050351725259,-0.071262015520748
-0.499392030879136,1.55336563641261,-0.0534375770911392
-0.525105535329781,1.47158555417978,-0.040059621022907
-0.554882519723988,1.38528925714527,-0.0326269992342198
-0.589126181888162,1.29465583674504,-0.0318104452676344
-0.628152067512663,1.20003812740714,-0.037418262316923
-0.672126130723475,1.10203799761956,-0.0484844228695425
-0.720995119333377,1.00151400522047,-0.0634190307620999
-0.774430616617604,0.899518916368068,-0.0801694993245481
-0.831810002722381,0.79718241498889,-0.0963691206216548
-0.892250823702788,0.695568308955875,-0.109481778029773
-0.954699218358604,0.595544653020403,-0.11697459241348
-1.01805039736981,0.497706768992066,-0.11655549092737
-1.08125697628114,0.402382573271261,-0.106493620142238
-1.14337269006672,0.309723644096666,-0.0859946663054235
-1.2034993142439,0.219848250211767,-0.0555390949970649
-1.26065642531032,0.13297037564977,-0.0170377858433544
-1.31365441147478,0.0494456161293613,0.0263367986458377
-1.36107534398039,-0.0302951608602886,0.0706885991824572
-1.40141801095823,-0.105887102323834,0.112181251468064
-1.43336113303379,-0.177163773440533,0.147801843952927
-1.45601811367114,-0.244207910765439,0.175837881091268
-1.46906378965219,-0.307305361601614,0.195950478417123
-1.47269648084567,-0.366841291453437,0.20892115805525
-1.46748407686239,-0.423191703922685,0.216258945305255
-1.45417502769334,-0.476642319634077,0.219839113969945
-1.43353588939357,-0.527339178843373,0.221656373906883
-1.40624087989533,-0.5752611780493,0.223684391947752
-1.37281314275958,-0.62020671121053,0.227779502377048
-1.33360896002399,-0.661797238842084,0.235555528999672
-1.28883861179109,-0.699510777235545,0.248181429181197
-1.23862130795091,-0.73276013138032,0.266105002424113
-1.1830692418884,-0.761018782291959,0.288771783050896
-1.12238503835949,-0.783971962070416,0.314463936040936
-1.05694280517437,-0.80164253583295,0.340391167732485
-0.9873177592161,-0.814432116925095,0.363092676191125
-0.914244239339471,-0.823044884051745,0.379070562709113
-0.838514216747922,-0.828316849281439,0.385449413014181
-0.760857972990944,-0.831020376897931,0.380436374687052
-0.681853916554925,-0.831718256864421,0.363460274790628
-0.601893640483502,-0.830704883560257,0.335020144669758
-0.521199277968328,-0.828026198720633,0.296374384770379
-0.43987184985349,-0.823544215960285,0.249213703546193
-0.357947065986053,-0.817011716442705,0.195412571656315
-0.27544293754352,-0.808136749650605,0.136892850035896
-0.192392994916298,-0.796632081974248,0.0755878834061292
-0.108863997884927,-0.782254751477902,0.0134694448409925
-0.0249565086059584,-0.764842668167628,-0.0474130583232248
0.0592107520129878,-0.744351598867859,-0.104931550144831
0.14352328501007,-0.720890788637433,-0.156954084941315
0.227885233111311,-0.694751278152395,-0.201517118321046
0.312216843167586,-0.666413684849726,-0.237096253660862
0.396432330312117,-0.636518094465429,-0.26293539148127
0.480400858154922,-0.605785684073996,-0.279337109095674
0.563901013499643,-0.574902288420084,-0.287777336686637
0.646587250984424,-0.544399634560406,-0.290729924111393
0.727987556276443,-0.514582110331733,-0.291191450233403
0.807539802500233,-0.485530930204076,-0.292040105395393
0.884654982107512,-0.457179893270384,-0.295450237792648
0.958782094280214,-0.429423902485312,-0.302549939284649
1.02945156539632,-0.402214649159296,-0.313380344606919
1.09628845978768,-0.3756152568673,-0.327084143174389
1.15900203065968,-0.349808993121929,-0.342188311892249
1.21736574283147,-0.325071659256848,-0.356859214105164
1.27120070330555,-0.301720487782568,-0.369062841647541
1.32036913746829,-0.280049749758275,-0.37662435106737
1.36477710557411,-0.260261125904557,-0.37723182132697
1.40437932224938,-0.242398913198135,-0.368464816249046
1.43917475955746,-0.226306676475879,-0.347944976846377
1.4691809924987,-0.21162961463688,-0.313690887685083
1.49438059519036,-0.197887660629986,-0.264691401504496
1.51464705996419,-0.184626661443088,-0.201577598216845
1.52967861694955,-0.171612726598584,-0.127109500042447
1.53898293631225,-0.158984965051491,-0.0461191540467765
1.54194420261599,-0.147271221410568,0.0352837016188911
1.53796284571562,-0.1372377576956,0.111038105931443
1.52661715495054,-0.129650843135627,0.176431385750481
1.50779084171892,-0.125078801176558,0.228830950006401
1.48173702084289,-0.123812242343069,0.267684208024412
1.44907201718509,-0.125889954354044,0.294014291868251
1.41069856251757,-0.131171533584252,0.309775681610681
1.36766764137904,-0.139411371420915,0.317333835211721
1.32101468210439,-0.150323326497387,0.319160691490123
1.27162806825855,-0.163644241299567,0.317709841340467
1.22019678358904,-0.179199652123356,0.315376524465496
1.16724186973596,-0.196959869830939,0.314440084405653
1.11319531510984,-0.217063753507937,0.316911335815235
1.05847543202493,-0.239787503140057,0.324256849144674
1.00351989475974,-0.265447920039736,0.337041815519061
0.948763194391068,-0.294253336248846,0.354607832393101
0.894572544826048,-0.326145405468419,0.374947514084047
0.841176311988742,-0.360695949342918,0.39491027695432
0.788623075141884,-0.397114604960872,0.410754567400559
0.736793572263973,-0.434377942011436,0.418898404679122
0.685460604754892,-0.471431444883206,0.416615012202901
0.634370993157059,-0.507382612763752,0.40245096956141
0.583320409159262,-0.541618370659712,0.376287643551792
0.532203034358646,-0.57382647335919,0.339120660944083
0.481032069102984,-0.603943256289124,0.292709820189115
0.429935963859856,-0.632067190898107,0.239239786095294
0.3791376467357,-0.658371422298103,0.181070901064057
0.328922550082328,-0.683032910646391,0.120594630370339
0.279598431933843,-0.706182918915358,0.0601624382760881
0.231447827609301,-0.727879014870241,0.00203428983827374
0.184673673360464,-0.748099596048408,-0.0517040014451685
0.139345855982008,-0.766760957001295,-0.0992676182511476
0.0953691607096686,-0.78374355009149,-0.139298665704281
0.0524951050601768,-0.798904198080139,-0.170938468909319
0.0103790078416573,-0.812072815878714,-0.193856920886321
-0.031340565210291,-0.823054991613716,-0.208281389468493
-0.072964435172241,-0.831652150143056,-0.215024050419791
-0.114668835131209,-0.837691781836071,-0.215462330922052
-0.156461371603822,-0.841054095488683,-0.211431331611762
-0.198164748401988,-0.8416845403472,-0.205022457808399
-0.239433216511888,-0.839587812427412,-0.198322117899965
-0.279798486968673,-0.834805712863692,-0.193150013914256
-0.318733241223701,-0.827386401387151,-0.190857838083604
-0.355716520721666,-0.817354379104562,-0.192226991905426
-0.390287798031837,-0.804688783985368,-0.197470554905626
-0.42208311049478,-0.789313820539094,-0.206315877475197
-0.450853431173593,-0.77110139597103,-0.21812980044252
-0.476469701354654,-0.749883603135491,-0.232049320890524
-0.498920000785213,-0.725471805370781,-0.247091046342163
-0.518303007030853,-0.697679238050657,-0.26222635534488
-0.534819477153014,-0.666344554414357,-0.276421275850423
-0.548761050319311,-0.631354085384476,-0.28864888903576
-0.56049398554958,-0.592660546011209,-0.297887582997378
-0.570435108715457,-0.55029564293904,-0.30312135671222
-0.579018735712226,-0.504373979855499,-0.303358938148767
-0.586656818005414,-0.455086462189223,-0.297686252049527
-0.593699390074552,-0.402683571969946,-0.285360510493763
-0.600406662340151,-0.347452251104541,-0.265942624183198
-0.606944830601323,-0.289693446246845,-0.239448008761043
-0.613412218240533,-0.22970848076801,-0.206477896743211
-0.619890819948275,-0.167799468342164,-0.168281944953505
-0.626505193423447,-0.104282151363814,-0.126708133776389
-0.633463659175642,-0.0395020054984905,-0.084023145764037
-0.641061959651145,0.0261589690927697,-0.042629467488301
-0.649645835341163,0.0922935819883056,-0.00474563450788216
-0.659547501466946,0.158498394980183,0.0278682967622947
-0.671021007260065,0.224410570444678,0.0540761345775942
-0.68419832420049,0.289739418622282,0.0733994645068855
-0.69907586826908,0.354282900492626,0.0859405113683344
-0.715528361483204,0.417926565891427,0.0922398901467201
-0.733339582713889,0.480628882432004,0.0931185227363356
-0.752238743565695,0.542399984120113,0.0895407147395914
-0.771934515392408,0.603280529674937,0.0825176522474811
-0.792143033433444,0.663325088701581,0.0730548998285776
-0.812609507621976,0.722591816780617,0.062136929535704
-0.833124722541634,0.781138046820732,0.0507361380968397
-0.853537904803951,0.839020067715831,0.0398317444297833
-0.873766662314828,0.896294679377719,0.030423957057299
-0.89380344362954,0.953019917471236,0.0235300517372707
-0.913716641676396,1.00925252131819,0.0201514603584134
-0.933643480299888,1.06504029773593,0.0212052221236665
-0.953771650848494,1.12040862431637,0.0274200326494437
-0.974307845650542,1.17534203364181,0.0392071299107343
-0.995434275645802,1.22976400610465,0.0565285306892333
-1.01725880281761,1.28352023919938,0.0787964763618549
-1.03976921732933,1.33637174440541,0.104842582174507
-1.06280498777503,1.38800300076877,0.132986683356296
-1.08605780991932,1.43804657369221,0.161211178259175
-1.10910456680125,1.48612008235244,0.187412854750744
-1.13146546881526,1.53186663408699,0.209675380413482
-1.15267146159368,1.57498841697062,0.226497189437155
-1.17232303468426,1.61526589951241,0.236926554590798
-1.19012783822841,1.65256045653631,0.240588874536042
-1.20591339634037,1.68680342207591,0.237623740001692
-1.21961897961471,1.71797745821397,0.228568162178645
-1.2312746112373,1.74609631650092,0.214224556438367
-1.24097522037281,1.77118746620845,0.195542849259637
-1.24885570890611,1.79327992129932,0.173532869880114
-1.25506987625071,1.81239778643331,0.149211403044793
-1.25977382813003,1.8285588906811,0.123580145480422
-1.26311306610711,1.84177732950402,0.097626250012463
-1.26521188004398,1.85206857786421,0.0723351213400308
-1.26616375463946,1.85945585671623,0.0487045721217264
-1.26602205655172,1.86397648363122,0.0277496953861227
-1.26479112943882,1.86568695217044,0.0104887273394732
-1.26241893976149,1.86466548168476,-0.00209788295082794
-1.2587933872831,1.86101085058049,-0.00913932301167469
-1.25374501675128,1.85483662126574,-0.00997520519137893
-1.24705872527198,1.84626054908162,-0.00427453448628623
-1.23849573512333,1.83539012193587,0.00784828564032911
-1.22782444693277,1.82230665692112,0.0257504387043637
-1.21485530536226,1.80705168817444,0.0482431221728646
-1.1994718365003,1.78961974703817,0.073662921146137
-1.18164933095444,1.76996042711251,0.100034212205879
-1.16145537944253,1.74798992708674,0.125296680724976
-1.13903197610221,1.72360914811653,0.1475493566343
-1.11456474978217,1.69672343184234,0.165256664250587
-1.08824827756561,1.66725912248371,0.177376020558502
-1.06025609019225,1.63517403265115,0.183393061743407
-1.03072075213866,1.60046136647478,0.183276907024816
-0.999725341130214,1.56314848864599,0.177384101541828
-0.967304547710901,1.5232926079428,0.166343344198312
-0.933452179738104,1.48097515850259,0.150947134259249
-0.898131854353143,1.43629591634438,0.13206643821596
-0.861288456028603,1.38936713608601,0.110594680383664
-0.822858941667772,1.34030746840734,0.0874199280003313
-0.782781920783692,1.28923519461437,0.0634194302734703
-0.741005989729151,1.23626036008735,0.03946814610276
-0.697497041570953,1.18147566583806,0.0164518056299812
-0.65224476294455,1.12494644720585,-0.00472515024719888
-0.605268327062392,1.06670069701118,-0.0231459252007993
-0.556620974314507,1.00672082365539,-0.0379098394101935
-0.506392820733287,0.944939535965207,-0.0481880290920262
-0.454710954572597,0.881242676909821,-0.0533068032394742
-0.40173582165468,0.815481628142345,-0.0528520724165279
-0.34765321691639,0.747496669911981,-0.0467794097214838
-0.292661984115179,0.67715016829533,-0.0355056059671152
-0.236958689115629,0.604364959285901,-0.019952748138592
-0.18072172424127,0.529159898738616,-0.00151929466624657
-0.124097970848836,0.451672994285752,0.0180330939789531
-0.0671948273213396,0.37216437740106,0.0367654107751359
-0.0100790625963291,0.290996697815229,0.0527850968188205
0.0472178966277132,0.208597367656611,0.0644599680957023
0.104690189947219,0.125412318388254,0.0705780984753133
0.162345884150874,0.0418622446560597,0.0704278860896392
0.220195855827261,-0.0416903774021642,0.0637966734284734
0.278244802002274,-0.124959974614766,0.0509060002593026
0.336485137231743,-0.207743200212199,0.032311111142108
0.394893917782979,-0.289914496142323,0.00879184321478338
0.453432607548185,-0.371416135721656,-0.0187447504464849
0.512049385685013,-0.45224620867609,-0.0493384417102929
0.570683673618251,-0.532446604406736,-0.0820227493585788
0.629272529115072,-0.612091623873232,-0.11584662587157
0.687758457635928,-0.691276735553663,-0.149876303367156
0.74609799828892,-0.770106311700582,-0.183184585298467
0.804270152477382,-0.848678966347389,-0.214835749134661
0.862283364613752,-0.927069374026866,-0.24387450538617
0.920179406976587,-1.0053062009536,-0.269327262275936
0.97803228736283,-1.08334702581306,-0.290223079548934
1.0359403727098,-1.16105280066012,-0.305639699892518
1.09401052585217,-1.23816625728041,-0.31477634842231
1.15233436898106,-1.31430021492287,-0.317049193391947
1.2109588340489,-1.38894223560902,-0.31219772044148
1.26985561123179,-1.4614806536288,-0.30038220482161
1.32889619837189,-1.53125314410855,-0.282246788433885
1.3878398964227,-1.59761304858342,-0.258923022353406
1.44634032973438,-1.66000228075931,-0.231957892817279
1.50397176862366,-1.71801543315682,-0.203167878239419
1.56027088435744,-1.77144012633592,-0.174441491259546
1.61478479685432,-1.82026432047392,-0.147528858896897
1.6671145173377,-1.864650304089,-0.123860976695748
1.71694489035582,-1.90488374049841,-0.104431478862392
1.76405682065273,-1.94131120023094,-0.0897547401025398
1.80832276208245,-1.97427981473292,-0.0798940407786022
1.84969019253579,-2.00408911312081,-0.0745394077560947
1.88815924010888,-2.03095998379198,-0.0731094764184933
1.92376003937714,-2.05502108463137,-0.074854108243413
1.95653365895289,-2.07631001270243,-0.0789412722585213
1.98651845204243,-2.09478528424949,-0.0845195873700814
2.01374203283448,-2.11034524073588,-0.0907547911031304
2.03821801081155,-2.12285078210191,-0.0968433783590391
2.05994610880201,-2.13214980239826,-0.102009756306732
2.07891421515245,-2.138101995156,-0.105494907673702
2.0951011215952,-2.14060309773045,-0.106545194542868
2.10847905000443,-2.13960757936167,-0.104409829364023
2.11901548851433,-2.13514828639833,-0.0983546593074089
2.12667428240608,-2.12735079642018,-0.0876979586981688
2.13141630282419,-2.11643948996793,-0.0718704632933264
2.13320027888984,-2.10273204473941,-0.0504966030364794
2.13198444356098,-2.08661968362107,-0.0234870248607484
2.12772944150525,-2.06853245785512,0.00887477242801556
2.12040248747296,-2.04889213588377,0.0458741920587862
2.10998204578205,-2.02805934158692,0.0863584831307849
2.09646198554791,-2.00628480466011,0.128796427001866
2.07985365674751,-1.98367584427533,0.171405524344397
2.0601850031286,-1.96018655174955,0.212328823151171
2.03749662150808,-1.93563451398109,0.249828009775348
2.01183574123731,-1.9097398967146,0.282453748693308
1.98325002226281,-1.8821772699123,0.309161294016018
1.95178277295751,-1.8526282909761,0.329356030435732
1.91747105757566,-1.8208253225763,0.34287270768871
1.88034685714336,-1.78657999021025,0.349906669998821
1.84044059446255,-1.74979525136774,0.35092164860956
1.79778567066492,-1.71046292612484,0.346557102692053
1.75242244301466,-1.66865032721426,0.337551605143649
1.70440020737816,-1.62447983497312,0.324690751266021
1.65377609684289,-1.57810460365883,0.308780892966564
1.60061025024381,-1.52968268788994,0.29064470872225
1.54495710204989,-1.47935120690181,0.271131215218509
1.48685322591211,-1.42720196521186,0.251130856366974
1.4263028922358,-1.37326027683844,0.231585303840557
1.36326342267004,-1.3174694902272,0.213481407008938
1.2976334955756,-1.25968461029613,0.197819597089038
1.22924857388277,-1.19967902266777,0.185549637731442
1.157888167448,-1.13716803661782,0.177471789475528
1.08329907511602,-1.07185111248089,0.17410985922336
1.0052363703815,-1.003470746799,0.175573922565623
0.923519294597973,-0.931880238464463,0.181442513144059
0.838092921949215,-0.857106351710539,0.19070203962686
0.749080480541981,-0.779389045593708,0.201778699642541
0.65680890633384,-0.699182315006108,0.212680391230121
0.561794662937781,-0.617109505082949,0.221234794972864
0.464688247755513,-0.533880906626995,0.225376004715119
0.366189838456315,-0.450194657691521,0.223412289786884
0.266958280500808,-0.36664707816761,0.214213299383372
0.167536145956,-0.283673084089112,0.197283960007472
0.0683054185423403,-0.201524909263075,0.172729602010999
-0.0305233763977722,-0.120284820580123,0.141145491585738
-0.128895334748174,-0.0399000541807162,0.103475098190774
-0.2268797627625,0.0397729634502862,0.0608766600368557
-0.324633860525142,0.118924850553059,0.0146242116708063
-0.422368869674824,0.197754985690462,-0.033945682989673
-0.520321968012338,0.276439610973516,-0.0834427926945353
-0.618733526887984,0.355104676575059,-0.132398425449077
-0.717826539111403,0.433800935480169,-0.179225081305389
-0.817783189078207,0.512479474937416,-0.222185053397764
-0.918713072171918,0.590967966031739,-0.259398034213421
-1.0206093917987,0.668951408935018,-0.288920592273766
-1.12329465146998,0.745965590962823,-0.308925775837351
-1.22636620957344,0.821415145034237,-0.317992007474643
-1.32916248921758,0.894627539349247,-0.315470754145917
-1.43077684758377,0.964945468901241,-0.30184518538762
-1.53013956103909,1.0318419613167,-0.278939690193128
-1.62616376048138,1.09502203801512,-0.249835618036415
-1.71791591638692,1.15446717703901,-0.218429818405952
-1.8047482235862,1.21039680307685,-0.188725341221392
-1.88634092859111,1.26315905298662,-0.164082320188263
-1.96264496078255,1.31309627727517,-0.146681448319855
-2.03376031990999,1.36043636173438,-0.137341988821956
-2.0998046958711,1.40523933573236,-0.13567180109453
-2.16081541174285,1.44739936044684,-0.14041186611011
-2.2167025522414,1.4866832029369,-0.149815145546915
-2.26724990535763,1.52278239180073,-0.161944636757508
-2.31215031930317,1.5553620744612,-0.174841620118362
-2.35106122405246,1.58409809435904,-0.186570940742199
-2.38366917167951,1.60870076934841,-0.1951865194874
-2.40975495189411,1.6289281011166,-0.19868035337494
-2.42925083248118,1.64459308131062,-0.194986717873701
-2.44227853104866,1.65557005477764,-0.182109704938932
-2.44915263962553,1.66180400075239,-0.158419012012551
-2.45033394550275,1.66332385640777,-0.123104371618819
-2.44632677885874,1.660256526777,-0.0766890917550653
-2.43753799448852,1.65283327597373,-0.0214024061830163
-2.4241452975673,1.64137822845662,0.0388329213207341
-2.40603684769975,1.6262735270662,0.0989438497607801
-2.38285928166748,1.6079067572417,0.153682605415824
-2.35415397165368,1.58661637934464,0.198685114856219
-2.31951418452392,1.56265208229531,0.231206304717446
-2.27869640072022,1.53615873798916,0.250317654068139
-2.23165889925806,1.50718194632851,0.256633511952962
-2.17854069887357,1.47568653748853,0.251804942844747
-2.11960869339146,1.44157840684028,0.238022037870869
-2.05519382845074,1.40472299528875,0.217667133068034
-1.98562414162478,1.36495843371704,0.193152585642244
-1.91115459748615,1.32210622982804,0.166902550134353
-1.83189419581164,1.27598618714004,0.141401068937469
-1.74773867887097,1.22644388500314,0.119216037795921
-1.65832932980654,1.17339722484152,0.102911673323961
-1.5630697880857,1.11690191318483,0.094783682769108
-1.46123476705438,1.05722388069668,0.0964036221893492
-1.35218487326974,0.994892244519737,0.108052427708753
-1.23565230568382,0.930697860104928,0.128242733075994
-1.11199614235778,0.865612231868638,0.153608528898182
-0.982290455332781,0.800635489184699,0.179374405433966
-0.84815981801575,0.73662501429291,0.200360627892665
-0.711410628600264,0.674174789776652,0.212166038816347
-0.573626404910924,0.613589914442228,0.212049295615827
-0.435898995821252,0.554950563326923,0.199215181543383
-0.298763728221869,0.498223735636431,0.174544739038872
-0.162294269115099,0.443377344176195,0.140031919704052
-0.0262671342333832,0.390468124587676,0.0982087607049376
0.109676365550011,0.33969338831574,0.0517328285081836
0.245902041110068,0.291406968171328,0.00318645518972462
0.382686880456374,0.246101672166304,-0.0449469559607993
0.520138312577922,0.204358100501865,-0.0902060332100551
0.658112743191726,0.166757398223276,-0.130066334533472
0.796130567006987,0.13375808101375,-0.161941374307617
0.933305584330846,0.105548511193845,-0.183350488220688
1.06832716251095,0.0819075393088272,-0.192291536430653
1.19953964087162,0.0621283848402604,-0.187771322216002
1.32513954856138,0.0450656933605102,-0.170329846549087
1.44345460894878,0.0293306217999823,-0.142304315527469
1.55320737257163,0.0135836185409764,-0.107607261756259
1.65365189245087,-0.00319740266870222,-0.0709874300911853
1.74453233537862,-0.0215997766670221,-0.0370138791460811
1.8259105903653,-0.041852629113122,-0.0091789285696221
1.89796967835227,-0.0640298979452113,0.0105692558090524
1.96088265546452,-0.0882587792231301,0.0218020702869781
2.01477348707748,-0.114840219936125,0.0252533979328104
2.05974244936071,-0.144255407163073,0.0223644515928067
2.0959114671253,-0.177086364548742,0.0149083237199334
2.1234568072352,-0.213897977896208,0.00476592626550079
2.1426176374619,-0.25512106578927,-0.00616498103562296
2.15368514790929,-0.300959263518743,-0.0159963226602731
2.15698415650702,-0.351329520573988,-0.0228942010054031
2.15285914974143,-0.405841384299062,-0.0252093791253198
2.14167259455784,-0.463821387939016,-0.0217231310052116
2.12381732662117,-0.524389088572828,-0.0119767763036412
2.09973823077188,-0.586583163221333,0.0034190559937851
2.06995273768777,-0.649516571217057,0.0226507191364959
2.03505721517796,-0.712516870200708,0.0428809666986498
1.99570975562345,-0.775199740599844,0.0607651780728294
1.95258947689104,-0.837445811131707,0.073161178927476
1.90634380181117,-0.899295307145583,0.077779568876635
1.85754091461029,-0.960811739064175,0.07355570287663
1.80664082527836,-1.02197009943641,0.0606768387431289
1.75398870655653,-1.08260078404941,0.0403544426557094
1.69982580030626,-1.14239098366516,0.0145005256511391
1.64431101893831,-1.20092823017455,-0.0145583557205139
1.58755006215477,-1.25776756751128,-0.0442666749965932
1.52963494174761,-1.31250660078263,-0.0719321837463868
1.47070113066002,-1.36485390260897,-0.0947802145454087
1.41100825049245,-1.41467293304437,-0.110049681299412
1.35103990218976,-1.4619778835,-0.11520996534191
1.29159776936137,-1.50685676233069,-0.108344641186025
1.23383995696662,-1.54931135483867,-0.0886706625363052
1.17920053090911,-1.58904148887946,-0.0570459946156683
1.12915120294066,-1.62525388607287,-0.0162162548846297
1.08483817891477,-1.65660755464574,0.0294403582718642
1.04671503367309,-1.68137161814602,0.0747204815700857
1.01432558691424,-1.69776463725543,0.114707995237405
0.986325853444298,-1.70433903147886,0.145755458190603
0.960714503598235,-1.70025754743462,0.165982787668972
0.935159122785288,-1.68538682666851,0.175225766748622
0.907306632338998,-1.66022884484188,0.17462531772358
0.875019164021637,-1.62575524822639,0.166131665066501
0.83652623394708,-1.58319908927738,0.152123798610501
0.790504158679421,-1.53383088013922,0.135212407545549
0.736092439121212,-1.47873309246196,0.118179909204639
0.672854041680324,-1.41859682518086,0.10394228132073
0.600694045663676,-1.35358634053887,0.0953972593993665
0.519767228592438,-1.28333411349234,0.0950558277153293
0.430417782631924,-1.20712027664774,0.104448296251913
0.333187791871073,-1.12423666760594,0.123448258142934
0.228894944286989,-1.034437202005,0.149813313390188
0.118723072258785,-0.938280232893151,0.179281815726345
0.00423042768636684,-0.837166034217452,0.206375886193863
-0.112791378368922,-0.733017902390454,0.225685856339049
-0.230580032049493,-0.627766800232326,0.233109951604345
-0.347671949692001,-0.52290217137861,0.226556538220735
-0.463062314359417,-0.419266494683211,0.205953692506077
-0.576216075342543,-0.317098663341258,0.17276300328581
-0.686970015783225,-0.216216798185249,0.129331960673705
-0.795395652983922,-0.116221145775568,0.0783468919210469
-0.901676354320808,-0.0166473199107109,0.0225001565709439
-1.00602024959882,0.0829465068871626,-0.0356335450335588
-1.10860583932568,0.182942728766297,-0.0935772332570746
-1.20954615127367,0.283650907665707,-0.148870764927341
-1.30885744305075,0.385292781653903,-0.199008381640868
-1.40642543682309,0.487968901125068,-0.241463179134363
-1.50197230192044,0.591602322662285,-0.273849296738947
-1.59503773245236,0.695870186499727,-0.294240231954556
-1.68499309216721,0.8001503990073,-0.301605266628577
-1.771103244359,0.903521060776477,-0.296247803493163
-1.85263312211933,1.00484322179703,-0.280059367015429
-1.92897047472511,1.1029254296898,-0.256400796779053
-1.99971855496233,1.19672215004518,-0.229539015186083
-2.06471986074598,1.28548951148015,-0.203776328186639
-2.12400451760411,1.36883911172332,-0.182580550881266
-2.17769263234447,1.44668494697562,-0.168024589584423
-2.22589463913389,1.51912831651709,-0.160671172914873
-2.26864280084656,1.58633871590939,-0.15982610885489
-2.30586509903821,1.64846908666852,-0.16396593500115
-2.33739558885157,1.70561556037628,-0.171152603484315
-2.36300864953144,1.75781282717994,-0.179324429301633
-2.38246568217918,1.80504962836606,-0.186435602593418
-2.39556665989869,1.84728999831142,-0.190474856977522
-2.40220186803953,1.88448986388416,-0.189424861625569
-2.40239953913767,1.91660293819516,-0.18123585265485
-2.39636271625228,1.94357399718768,-0.163886106825036
-2.38448456131533,1.9653219507004,-0.135586832151203
-2.36732794687761,1.98171989703291,-0.0951514756262384
-2.34555700077923,1.99258390169991,-0.0424801175568916
-2.31982073927044,1.99768407549256,0.020985776191066
-2.29061333416438,1.99678661451264,0.0920625733161917
-2.25816110404814,1.98972155634662,0.166086668308535
-2.22238994540801,1.97645329488129,0.237679661853231
-2.18299327781983,1.95712271366594,0.301792691898948
-2.13956742243602,1.93204138358774,0.354633087222242
-2.09175050127867,1.9016432221893,0.394143807317482
-2.03931414256204,1.86641828472654,0.419958518028217
-1.98219482189029,1.82685463672628,0.432992364777447
-1.92048074672942,1.78340184268995,0.434912553336441
-1.85437762009804,1.73645559515508,0.42767828662601
-1.78416970689993,1.68635531782605,0.413236321832662
-1.7101829870463,1.63338596369525,0.39337495047033
-1.63275104043962,1.57777877841289,0.3696958866061
-1.55218256694979,1.51971039681863,0.343651960931452
-1.46873071078003,1.45930331966577,0.316603913793502
-1.38256697235863,1.39663265456408,0.289861208739746
-1.29376508966552,1.33174372868211,0.264684420252918
-1.20230174087976,1.26468286215122,0.242239024136478
-1.10808026469887,1.19553962203497,0.223502756455218
-1.01098005268735,1.12449402314563,0.209141590544099
-0.910927690738236,1.05185769472107,0.199381989452053
-0.807977405154122,0.978095757977027,0.193916445967112
-0.702380715840928,0.903817968118722,0.191880440118072
-0.594622687437274,0.829734643159097,0.191926925393086
-0.485408534596129,0.756583816864761,0.1923986260555
-0.375599424486028,0.685046711224071,0.191566180614903
-0.266114169309707,0.615673533793908,0.187875833087055
-0.157824985917298,0.548837675381654,0.180147065570271
-0.0514746252946341,0.48472559278302,0.16768036638047
0.0523694143011598,0.423357811333324,0.150267214628222
0.153322802497375,0.364628925410895,0.128122383116064
0.251164586905371,0.308353046673405,0.101772482115119
0.345803811286568,0.254304256563158,0.0719337962286368
0.43724471150905,0.202246323629868,0.0394029387031447
0.525558122070882,0.151950514322381,0.00497245541235583
0.610861403497462,0.103203046265064,-0.0306253058993538
0.693305676241768,0.0558055687345077,-0.0667480912585483
0.773067199877499,0.0095723378651904,-0.102851916324231
0.850339960504423,-0.0356731659895104,-0.138483109198812
0.925327969575457,-0.080100434893587,-0.173260093952595
0.998237396193025,-0.123873076238362,-0.206850463809203
1.06926936511618,-0.16714937309199,-0.238947803668266
1.13861402634142,-0.210082835070217,-0.269251290866182
1.20644585309847,-0.252822883031237,-0.297449824883633
1.27291962954762,-0.295515420631627,-0.323211663797319
1.33816646102198,-0.338302840568752,-0.346180269106674
1.40228932440997,-0.381322986011438,-0.365977068774735
1.46535803002328,-0.424706668689756,-0.382211880816168
1.5274038863445,-0.468573496130726,-0.39450157989033
1.58841476961773,-0.513025970616387,-0.40249707027776
1.64833163647709,-0.558142096337465,-0.405917646706756
1.70704771119474,-0.603967073847549,-0.404590374379263
1.76441153750714,-0.650505046097121,-0.398490352739914
1.82023472571133,-0.697712215592593,-0.387776003278237
1.87430452140837,-0.74549286296626,-0.372812417509803
1.92640034650574,-0.793699719309744,-0.354175987600799
1.97631242935573,-0.842139670934301,-0.332635528380262
2.02385986230326,-0.890584903311856,-0.309108901192522
2.06890521468166,-0.93878848193744,-0.284599049187618
2.11136335392951,-0.986502337228351,-0.260117983470194
2.15120328508224,-1.03349501571233,-0.236610096532154
2.18844326182537,-1.07956660951964,-0.21488620682233
2.22314069848562,-1.12455896961673,-0.195576974348735
2.25537916163613,-1.16836039079732,-0.179109790343414
2.28525482045495,-1.21090506816737,-0.165708444284229
2.31286430166648,-1.25216845517642,-0.155411138058555
2.33829517716161,-1.29216005061121,-0.148100432329399
2.36161956787205,-1.33091512887401,-0.143538453407344
2.38289075118998,-1.36848663105561,-0.141401682484641
2.40214228048795,-1.40493800946113,-0.141311267355508
2.41938895635972,-1.44033739393103,-0.142856520752594
2.43462897767556,-1.47475309912495,-0.145610777456233
2.44784668664874,-1.50825024823633,-0.149139942627128
2.45901545646878,-1.54088815058179,-0.153004878601366
2.46810041809829,-1.57271802326331,-0.156759312840037
2.47506086502472,-1.60378067312653,-0.159945288234994
2.47985230215573,-1.63410384147469,-0.162088383142566
2.48242821394326,-1.66369905172838,-0.162695037899555
2.482741714109,-1.69255798192871,-0.161254329475413
2.48074730092931,-1.72064860346096,-0.157246389031356
2.47640296880346,-1.74791156960598,-0.150159273603131
2.46967290535615,-1.7742575720465,-0.139515372625193
2.4605309182362,-1.79956656204991,-0.124907244770077
2.44896457464145,-1.82368978536187,-0.106041091215988
2.43497980074347,-1.84645542380248,-0.0827839580481542
2.41860540498547,-1.86767820553423,-0.0552085220936167
2.39989672264793,-1.88717262987991,-0.0236275168752418
2.37893742716453,-1.90476854755682,0.0113907296652695
2.35583862347289,-1.92032696690044,0.0490327965059233
2.33073469761447,-1.9337534334533,0.0882801819528228
2.30377601595601,-1.94500643906188,0.12797677813055
2.27511929587618,-1.95409915717209,0.166915758886673
2.24491707151236,-1.96109418611732,0.203933244463822
2.21330793264175,-1.9660924775743,0.237994540997025
2.18040902485877,-1.9692187413248,0.268260766154278
2.14631174064436,-1.97060602961927,0.294128473996201
2.11108081090963,-1.97038189368305,0.315240772785995
2.07475635666904,-1.96865770898814,0.33147358829101
2.03735803841175,-1.96552182558271,0.342903987440309
1.99889029193002,-1.96103640006127,0.349768557239976
1.95934771522436,-1.95523725243034,0.352419155512302
1.91871987808059,-1.94813587629032,0.351281648452842
1.876995076299,-1.93972274556295,0.346821225122021
1.83416278510229,-1.92997121035791,0.339516018806071
1.79021475109141,-1.91884147716244,0.329839306797632
1.74514479619847,-1.90628436922274,0.318249554959757
1.6989475052879,-1.89224470768725,0.305186966556333
1.65161599708884,-1.87666443255227,0.291074871078682
1.60313911945502,-1.85948528849511,0.276324201150389
1.55349833935166,-1.84065146250066,0.261339268460614
1.50266473859521,-1.82011218810029,0.24652314630667
1.45059654782621,-1.7978244757931,0.232281063264269
1.39723771112905,-1.77375606222853,0.21902036843758
1.34251801113758,-1.74788860191923,0.207145850515482
1.28635528376324,-1.72022102862487,0.197049522371112
1.22866018025875,-1.69077289093451,0.189094466767008
1.16934375732014,-1.65958735572155,0.183593013710819
1.10832786832994,-1.62673326890785,0.180780398109338
1.04555785175219,-1.59230597212571,0.180786069899235
0.981016469824142,-1.55642601752071,0.183605898212873
0.914737413469164,-1.51923542052014,0.189079360611169
0.846816229739989,-1.48089120635919,0.196876191393256
0.777416374246067,-1.44155645866568,0.206496561699576
0.706768430569374,-1.40138957930822,0.21728750272545
0.635161507324503,-1.3605330973728,0.228476037687615
0.562927087706875,-1.3191033240721,0.239216647957191
0.490417106710825,-1.27718256028985,0.24864800462869
0.417979444742092,-1.2348149850274,0.255952022688061
0.345934196376337,-1.19200659123414,0.260407697230899
0.274554050161498,-1.14872896941515,0.261433261658193
0.204051008235918,-1.10492601212891,0.258612468826187
0.134570322991641,-1.06052226467368,0.251703699772114
0.0661911949451897,-1.01543160377903,0.240633381003854
-0.00106719972074968,-0.969565146196913,0.225477250745447
-0.0672362633642079,-0.922837659482013,0.206434087369213
-0.13238702984577,-0.875172142660458,0.18379663087606
-0.196619300292315,-0.826502585041255,0.157923852940361
-0.260051947016882,-0.776775142207792,0.129217774965322
-0.322814946167953,-0.725948085265731,0.0981069754848511
-0.385043249308798,-0.673990887256124,0.065037932599482
-0.446872289819472,-0.620882715050987,0.0304744547921504
-0.508434765968469,-0.566610400314968,-0.00509539436460286
-0.569858328626705,-0.511165711216208,-0.0411463670676423
-0.631263878025236,-0.454541517299221,-0.077099602958482
-0.692764229634875,-0.396726385879604,-0.112306316970145
-0.754462814966881,-0.337697449496656,-0.146036285618244
-0.816451812702603,-0.27741210345353,-0.177476659798514
-0.878808788827678,-0.215800111194977,-0.20574706452848
-0.941590828225184,-0.152758722277795,-0.229936703986385
-1.00482552098887,-0.0881540829334456,-0.249167803793629
-1.06849911685286,-0.021832207587044,-0.262686460164868
-1.13254355301194,0.0463582457426486,-0.269976090972517
-1.19682554628638,0.116531463958961,-0.270880058430934
-1.26114198024905,0.188721956375881,-0.265710028144616
-1.3252256954979,0.262842127810353,-0.255308825102422
-1.388763912027,0.338651550910361,-0.241036401420201
-1.45142789649269,0.415749809091386,-0.224659944939978
-1.51290822701688,0.493600030705609,-0.208154239056397
-1.57294709444473,0.571581063012183,-0.193448268382358
-1.6313592958677,0.649056340754827,-0.182174974111934
-1.68803713533958,0.725441898735471,-0.175481424261419
-1.74293962994026,0.800257564187621,-0.173935564575535
-1.79607072052763,0.873152846850227,-0.177533959172774
-1.84745297067094,0.943908103704117,-0.185787384832398
-1.89710249715073,1.01241802757503,-0.197847449534449
-1.94500871870449,1.07866665399847,-0.212638304187255
-1.99112018063347,1.14270162871053,-0.228967681442948
-2.03533596583921,1.20461225852956,-0.245604483000932
-2.07750126713264,1.26451254106404,-0.2613215966841
-2.11740548936296,1.32252788757314,-0.274910902120968
-2.15478161969885,1.37878292903403,-0.285182637391384
-2.18930642817575,1.43338762719256,-0.290964192978758
-2.22060224267408,1.48641979435994,-0.291114459786847
-2.24824244028499,1.53790395603966,-0.284568845782927
-2.2717640995175,1.58778906663816,-0.270425877101985
-2.29069183685925,1.63593041511647,-0.248077259617213
-2.30457576222143,1.68208311119952,-0.217368247632184
-2.31304276158108,1.72591435352936,-0.17875554307538
-2.31585384449042,1.76703787462953,-0.13341191974459
-2.3129529964425,1.80506653062524,-0.0832216116465472
-2.30448914031328,1.83967048287308,-0.0306296917176855
-2.29079707911662,1.87062352587145,0.0216462927752566
-2.27233650065511,1.89782289739582,0.0709798597687883
-2.24960455973963,1.92127802980036,0.11517747282899
-2.22304780491221,1.94107569648307,0.152709445258198
-2.19299738266744,1.95733618917589,0.18278583829166
-2.15963973182767,1.97017469239257,0.205289588736715
-2.12302107030826,1.9796761850028,0.22061811456338
-2.08307471124872,1.98588545879913,0.229494879448644
-2.03965779722862,1.98880933128224,0.232800115179658
-1.99258664468145,1.98842651675038,0.231448530206196
-1.9416645554638,1.98470100304105,0.226322100281044
-1.88670041416245,1.97759595164877,0.218252605828009
-1.82751961704219,1.96708627472758,0.208041431090351
-1.76397072738207,1.95316878951415,0.196501196489576
-1.69593195001022,1.93586918264573,0.184502811535356
-1.6233212950236,1.91524507481851,0.173011023019444
-1.54611322795441,1.89138448763141,0.163091112189913
-1.46436258054227,1.86439923740344,0.155869937993304
-1.37823340956698,1.83441347238172,0.152438142949318
-1.28802654801167,1.80154888000419,0.153690005371284
-1.19419575643387,1.76590988580753,0.160115598938652
-1.09734068776991,1.72757379861383,0.171585703555029
-0.998167971770866,1.68659109608444,0.187195352576336
-0.897421081114864,1.64299857971843,0.205240929085635
-0.795792979867101,1.59684283665218,0.223381128108916
-0.693846064807443,1.54820561289076,0.238971368571735
-0.591964014770806,1.49722035595944,0.24948907496952
-0.49034814532495,1.44407288690586,0.252925794739077
-0.389053547752226,1.3889870525548,0.248038804541533
-0.288047738233639,1.33220308587143,0.2344180971772
-0.187272031463676,1.27395819399669,0.212394574430922
-0.0866913133014671,1.21447566154138,0.182857113045763
0.0136742305510146,1.15396354988487,0.147051250416701
0.113735835980713,1.09261988303242,0.106413043585858
0.213338820391286,1.03063925260236,0.0624653416154382
0.312278107769088,0.968215742062,0.0167810925003621
0.410323943541167,0.905538151793779,-0.0289977504218065
0.507255283236252,0.842775184144468,-0.0731084899167922
0.602897425255968,0.780050517375178,-0.113615438531472
0.697157993769141,0.717410969157531,-0.148398720866334
0.790051391899088,0.654795565484904,-0.175232615470925
0.881697381672693,0.592018784237725,-0.191999512225657
0.97227747179045,0.528785076984767,-0.197061434586383
1.06193869693802,0.464748943588272,-0.189752397906329
1.15065392320628,0.399619631908086,-0.170863160966652
1.23807995566461,0.333282140644245,-0.142903334934878
1.32348213550322,0.265880787928538,-0.10992365093357
1.40578644186522,0.197813185222005,-0.0768305655637632
1.48376321316916,0.129623243809236,-0.0483828781601034
1.55627330547268,0.0618380303881944,-0.0282497988696769
1.62247738131269,-0.00517903609431094,-0.0184723748806673
1.68194452810328,-0.071305348732101,-0.0194366007237645
1.7346595596519,-0.136656059568298,-0.0302242836668891
1.7809684900755,-0.201522896593926,-0.049104258904118
1.82150348240402,-0.266286857890311,-0.0739647099853037
1.85710889880366,-0.331331341883008,-0.102586240519629
1.88876987940257,-0.396972531735689,-0.13274539446771
1.9175340204,-0.463415477023695,-0.162194777441427
1.94441561956607,-0.53073785604078,-0.188593565300906
1.97027802197215,-0.598897514460726,-0.209472478089029
1.9957010079228,-0.667753713447569,-0.222315201421723
2.02085572418949,-0.737086424965053,-0.224817784802479
2.04542590782268,-0.806596311306445,-0.215334773131514
2.06862181700155,-0.875875469849301,-0.193427227531778
2.08931778304388,-0.944358514829592,-0.160315535178756
2.10629669722195,-1.01128793801685,-0.118980602996401
2.11852099973499,-1.07573727013399,-0.0737405263522549
2.12531548728807,-1.1367132549613,-0.0293669863529665
2.1263831646323,-1.19331364962652,0.00994121522830578
2.1216670573682,-1.24488494965312,0.0413349452996593
2.11115105943592,-1.29112799889817,0.0636083167286413
2.09470604526952,-1.33212846356417,0.0770322637774589
2.07203905967776,-1.3683172530013,0.0829276684612326
2.0427401450178,-1.4003792428067,0.08320494985609
2.00638230131713,-1.42912955349747,0.0800199297471297
1.96262393000705,-1.45537287298026,0.0755905417501399
1.911277897043,-1.47975864245635,0.0721355358064622
1.85233202017327,-1.50264640610517,0.0718506680209539
1.78592371545411,-1.52400203201807,0.0768284896536052
1.71228483634388,-1.54335424315692,0.0888514300458297
1.63168212674373,-1.5598446197554,0.109043290208433
1.54438305528648,-1.5723920287151,0.137445366436653
1.45067102682496,-1.57995653649033,0.172666842194918
1.35091242649241,-1.5818351184099,0.211799755358444
1.24564405315462,-1.57788052426551,0.250737892417213
1.13562351821505,-1.5685438475042,0.284886009722203
1.02179411240518,-1.55471435552305,0.310056039670559
0.905163737822627,-1.53742890653793,0.323240420780956
0.786650802484917,-1.51757978644678,0.323012076726357
0.666965400603973,-1.49572764787269,0.309488369970309
0.546563871294066,-1.47205340449465,0.283983226602328
0.425669817154334,-1.44641740130718,0.248552322462859
0.30432797135157,-1.41846966039976,0.205602699834494
0.182457574559248,-1.38776606831269,0.157650215290602
0.0598881577850057,-1.35386926731486,0.107225553052113
-0.0636209512323445,-1.31643212424963,0.0568779540237037
-0.188363086345465,-1.27526958296049,0.00920358675217049
-0.314648914023248,-1.23042227717886,-0.0331774387170431
-0.442736083249693,-1.18220591918852,-0.0677602516984956
-0.572717964764743,-1.13122878403934,-0.0924466019510104
-0.704386308940389,-1.07835217340527,-0.105969514165978
-0.837109146582012,-1.0245745254816,-0.108350253747936
-0.969785128517971,-0.97084600785407,-0.101202744461058
-1.1009283061018,-0.917862118910201,-0.0876759058631871
-1.22888926825143,-0.86591679816118,-0.0719247216171329
-1.35214595934466,-0.814884367201921,-0.0582187529513158
-1.46954999707019,-0.764338949487251,-0.0500040878212216
-1.58043433069381,-0.713750111117826,-0.0492686844703306
-1.68456351582241,-0.662666808570154,-0.0563896653876232
-1.78198129542841,-0.610829773532105,-0.070401347010394
-1.87283648737262,-0.558201637145488,-0.0894766276150528
-1.95724842790744,-0.504937681846113,-0.111410580212584
-2.03523641266651,-0.451327534929337,-0.133977170032018
-2.10670838641272,-0.397729275584722,-0.155122856822449
-2.17149045594828,-0.344505333145026,-0.173024646294126
-2.22937708922507,-0.291961556177234,-0.186070229752804
-2.28018567657113,-0.240288904551649,-0.192824305010274
-2.32380374271659,-0.189510676557142,-0.192037575611613
-2.36022058137253,-0.139445118085371,-0.182736579499006
-2.38953769439459,-0.0897000996730626,-0.164401726684179
-2.41195555644454,-0.0397176413870942,-0.137197289792156
-2.42773915584803,0.0111245549662997,-0.102170347645989
-2.4371711642039,0.0633706447194683,-0.0613105003995357
-2.4405068180658,0.117345311004725,-0.0173877001616282
-2.43794497366239,0.173065921062505,0.0264318734710524
-2.42962379614794,0.230242337656381,0.0670897905466237
-2.41563994678994,0.288359393319233,0.102099052211253
-2.39608213677135,0.346801689838271,0.129831646658008
-2.37106690885355,0.404969905919373,0.149580323696069
-2.34076609692839,0.462353259472732,0.161435341982286
-2.30541912983855,0.51854908014419,0.166065975303111
-2.26532710423959,0.573241650420451,0.164496217337294
-2.22082847833106,0.626161624780165,0.157933664967983
-2.17225828301373,0.677046194350838,0.147673585787444
-2.11989429722136,0.725613943867942,0.13507084966834
-2.06389541404688,0.771561481995919,0.121554194431672
-2.00424029824133,0.814583392658533,0.108647956590568
-1.94067880231991,0.85441264441484,0.097963269120117
-1.87271353684866,0.890874164881851,0.0911237438775617
-1.79963162084622,0.923939170187363,0.089602714660795
-1.72060250134108,0.9537629721289,0.0944739577707675
-1.63484264312169,0.980687341913367,0.106115665531788
-1.54182166336553,1.00519407198637,0.123949665500311
-1.4414551117021,1.02781127029135,0.146324026631956
-1.33421345894734,1.04899474597726,0.170631031559349
-1.22109282974296,1.06902318292529,0.19368093732566
-1.1034432283092,1.08794532291454,0.212247313024964
-0.982710971555109,1.1055964491066,0.223619337326092
-0.860186246340628,1.12167137459305,0.225994015858343
-0.736833243079534,1.13582049352512,0.218619639217118
-0.613232841543642,1.14773461831171,0.201708576204862
-0.489619808868042,1.15719858869793,0.176210992498349
-0.365972245994603,1.16411062951153,0.143555710176617
-0.242112769235078,1.16847515026709,0.105434952660923
-0.117796649760609,1.17037946161947,0.0636657153939246
0.00722093532909611,1.16996270578085,0.0201233966176597
0.133135151453936,1.16738182171472,-0.0232794733238995
0.260051701980642,1.1627769459203,-0.0646064079765375
0.387950975458995,1.15623820166825,-0.101939259503094
0.51665532952003,1.14777726723616,-0.133478857563835
0.645805234535327,1.13730962673656,-0.157716171620692
0.774855153274538,1.12465546051275,-0.173659217344716
0.903100587336131,1.10956648257916,-0.181067385392841
1.02974116907541,1.09178054172973,-0.180616142898838
1.15397166258718,1.07109529894882,-0.173909639481505
1.27507886689911,1.04744063676882,-0.163292096199026
1.39251627122474,1.02092404717363,-0.151477256113223
1.50593529229505,0.991830148841998,-0.141088420878253
1.61516892296029,0.960573180953952,-0.134238501410367
1.7201807626196,0.927620019475012,-0.132258428449742
1.82100087384912,0.893410210420704,-0.135618113218997
1.91766796730388,0.858295389122245,-0.144014846532717
2.01018943494342,0.822508524771395,-0.156561563193832
2.09852228082367,0.786161761376278,-0.172000700773457
2.1825722128112,0.749265179154934,-0.188888089666279
2.26220550158159,0.711757935621285,-0.205719302878135
2.33726773109857,0.673545641864122,-0.220996318154155
2.40760415063381,0.634540820425443,-0.233250162486112
2.4730772558739,0.594705061376214,-0.241045065655497
2.53357818990169,0.554091258237531,-0.242992798875369
2.58902958630309,0.51288211283533,-0.237803110803515
2.63937873503927,0.471417736055774,-0.2243871898566
2.68458159242251,0.430202180255051,-0.202015206100065
2.724580183045,0.389878285191582,-0.170507009545223
2.75927815344595,0.351164468710024,-0.130411391752404
2.78852114691433,0.314756857338838,-0.0831129245630526
2.81208946764413,0.281213380725636,-0.0308074302236933
2.8297090877874,0.250847786169045,0.0236852905236666
2.84108256566599,0.223664318704967,0.0772540177331055
2.84593442639589,0.19935423631015,0.126904411464363
2.84405882248737,0.177355947756924,0.170142713468227
2.83535490712614,0.156959952703562,0.205241917526007
2.81983954286994,0.137427575395078,0.231340513812929
2.79763573158368,0.118093311007759,0.248381162814019
2.76894352412024,0.0984316755001779,0.256941553694726
2.73400408882532,0.0780835713475204,0.258026524898766
2.6930665629505,0.0568479490655742,0.252880478751547
2.64636360938845,0.0346494098312257,0.242854412515288
2.59409803428439,0.0114924199825633,0.229335712984621
2.53644087018428,-0.0125894342028143,0.213729142715356
2.47354094244799,-0.0375829261248431,0.197466245373349
2.4055461493739,-0.0635381226676927,0.182016376941293
2.33263633862209,-0.0905990580891803,0.168873697391298
2.25506586979297,-0.119015372213558,0.159499591087219
2.17321040668773,-0.149127783476655,0.155209243281139
2.0876077257581,-0.181322258955838,0.157005232291946
1.99897802965184,-0.215953459322057,0.165379960046247
1.90820819908169,-0.253247665074153,0.180129728447275
1.81628967560505,-0.293206727063364,0.20023910824528
1.72421257676733,-0.335542486079214,0.223894169492136
1.63283622780688,-0.379669076689211,0.24865803365303
1.5427705631297,-0.424765084030744,0.271793469846224
1.45430447967756,-0.469892869959026,0.290662645873806
1.36740257029961,-0.514140426434298,0.303101541416622
1.28176720100131,-0.556744150456845,0.307675600208039
1.19694152356773,-0.597162344485473,0.303769564490079
1.11242074063642,-0.635091070565253,0.291522319407438
1.02774461139928,-0.670433737461242,0.271659049542247
0.942557194633484,-0.703245406530003,0.245285448203379
0.856632390646519,-0.733671930022403,0.213697133322574
0.769871624220345,-0.761897255652017,0.178235075534528
0.682282651199785,-0.788104553214065,0.140196292258423
0.593947804377763,-0.812451182474881,0.100794042648329
0.504988079541239,-0.835054652722012,0.0611539976010339
0.415527628694114,-0.855986075816081,0.0223305791909383
0.325661981200038,-0.875268274632555,-0.0146714092243311
0.235432574173578,-0.892876932942577,-0.0488823929764148
0.14480976311201,-0.908744453282162,-0.0793705565090499
0.0536862585643406,-0.922767178997497,-0.105267746316584
-0.0381172581350191,-0.934817077269237,-0.125821197862774
-0.130833007382739,-0.94475866024127,-0.140468274773974
-0.224713294480508,-0.95247080716304,-0.148924846348012
-0.319986076781869,-0.957871394277252,-0.151270892657347
-0.416804286994597,-0.960940701175111,-0.148011430542724
-0.515197785048673,-0.961738200538029,-0.14008984063294
-0.615038920857745,-0.960407446309,-0.128836889862717
-0.716031673767887,-0.957165924101964,-0.115852753924684
-0.817729434805052,-0.952280620240597,-0.102837847008342
-0.919578885349939,-0.94603433782692,-0.0914043975264925
-1.02098006279553,-0.938690577910923,-0.0829072459321594
-1.12134877934785,-0.93046483066246,-0.078326062590053
-1.22016855283171,-0.921507511140157,-0.0782150801089719
-1.31702409165621,-0.911899897310349,-0.0827177726811388
-1.41161454751232,-0.90166098241107,-0.0916298286412424
-1.50374971180711,-0.89076121707085,-0.104487746285868
-1.59333486318934,-0.879138833421045,-0.120661779951314
-1.68035019557568,-0.866715305753712,-0.139437748611444
-1.7648295172273,-0.853407828734933,-0.160079176108626
-1.84684113625211,-0.839137958626469,-0.181867214302898
-1.92647218568395,-0.823836502237826,-0.204119946608471
-2.00381639968719,-0.807445301704796,-0.226195023586919
-2.07896459245922,-0.789916817220123,-0.247480610977135
-2.15199675578761,-0.771212456746855,-0.267379873374467
-2.22297468685755,-0.75130053417133,-0.285294103435994
-2.2919343018861,-0.730154616114156,-0.300609385165076
-2.35887722795065,-0.707752871268413,-0.312691414749026
-2.423761856891,-0.684078865382457,-0.320892687185664
-2.48649474304286,-0.659124035795288,-0.324575448943616
-2.54692394448004,-0.632891813865122,-0.323152287537496
-2.60483649389835,-0.605403035114104,-0.316143672019894
-2.6599624101639,-0.576701905121661,-0.303248053632229
-2.71198725161018,-0.546861433128128,-0.284415588091439
-2.76057395089016,-0.515987007010975,-0.259912098644774
-2.80539256560788,-0.484216793105266,-0.230357200055969
-2.84615403286749,-0.451717989284919,-0.19672149372761
-2.88264188227951,-0.418678854049162,-0.160273759528223
-2.91473510024381,-0.385297055619442,-0.1224797644446
-2.94241678281644,-0.351766342666459,-0.0848667706207006
-2.96576649183419,-0.318263682239417,-0.048877698468262
-2.98493840258507,-0.28493908631175,-0.0157419629136428
-3.00013056634021,-0.251909431610813,0.013615052492761
-3.01155227735236,-0.219256850606668,0.0386130146037852
-3.0193954383193,-0.187030793203044,0.0590097539523732
-3.02381384148064,-0.155252548859573,0.074857827185606
-3.02491163710531,-0.12392074016062,0.0864404904474949
-3.02274022715172,-0.0930165752741564,0.0942027533325885
-3.01730167521643,-0.0625081232182767,0.0986896487475376
-3.0085564296438,-0.0323533959833235,0.100499066948275
-2.99643344297288,-0.00250246798249889,0.100251943173094
-2.98084133201682,0.0271008149980089,0.098578990424317
-2.96167982160794,0.0565167957368805,0.0961206678097899
-2.93885120554263,0.0858068306582688,0.093535480357754
-2.9122718660449,0.115028244644367,0.0915107493747769
-2.88188398668708,0.144226897311659,0.0907694865274288
-2.84766746499821,0.173427237484362,0.0920669376848116
-2.80965168798017,0.202620316268523,0.0961709164676359
-2.76792631298332,0.231751001769052,0.103821574071077
-2.72264958211442,0.260706493394286,0.115669154737203
-2.67405215040769,0.289308962665406,0.132192806497393
-2.62243416801313,0.31731543412421,0.153609411626412
-2.56815370911387,0.344427508989889,0.179787607736804
-2.51160580271251,0.37031199145042,0.210186683271208
-2.45319326910308,0.394631008739026,0.243840310332438
-2.39329289004685,0.41707741384674,0.279399146132868
-2.3322223583727,0.437409119368087,0.315234270626356
-2.27021409215432,0.455475520659013,0.349588259702409
-2.20740086866437,0.471230751596086,0.380747704219769
-2.1438155745317,0.484731707084676,0.407205295186765
-2.07940410968126,0.496122383248136,0.427783402973078
-2.01404777407655,0.505608853688514,0.441702480578032
-1.94759010621247,0.513430367303599,0.448591860303293
-1.87986326694437,0.519831624495156,0.448452609840296
-1.81071024670352,0.525039820761901,0.441589057103568
-1.74000077369136,0.529248254106784,0.428526971176064
-1.66764027053865,0.532606732238729,0.409933646883081
-1.5935722531636,0.535217969363263,0.386550357268324
-1.51777514246342,0.537138668810424,0.359142591263881
-1.44025466732436,0.538383943870757,0.328469261991619
-1.36103303177464,0.538933976844423,0.295269065888616
-1.28013594109278,0.538742206340898,0.260260343899413
-1.19757854336786,0.53774474211778,0.224149875639891
-1.1133514037996,0.535871045998477,0.187645702432169
-1.02740781465433,0.533056117936473,0.151469062643933
-0.93965402945836,0.529254426939125,0.116360682528013
-0.849944315586674,0.524455570029672,0.0830769951047101
-0.758082933762594,0.518701086441021,0.0523725314092049
-0.663835100059089,0.512101002985046,0.0249660436675972
-0.566948430726537,0.504847671671719,0.00149018917819338
-0.467185180047273,0.49722340978697,-0.0175720675907275
-0.364363385444441,0.489598292620629,-0.0319570282806322
-0.258402514749529,0.482414498676966,-0.0416845215143475
-0.149366305327855,0.476155639839124,-0.0471028475262661
-0.0374935228141229,0.471302736400858,-0.0489006588364042
0.0767920669814187,0.468281964360003,-0.0480759760511765
0.192898270536469,0.467413084964998,-0.0458603629532456
0.310107439032319,0.468868555525517,-0.0436060512836861
0.427639355548582,0.472652425136049,-0.0426528632298274
0.54472222965637,0.478603467587987,-0.0441968653561229
0.660658352711293,0.486421613771686,-0.0491821563273349
0.77487289130808,0.495710973751904,-0.0582311539146876
0.886939536359884,0.506030370467594,-0.0716195793900684
0.996582441857087,0.516941782201334,-0.0892928655566896
1.10365882343454,0.528049529935596,-0.110913695190177
1.20812929149696,0.539026421053364,-0.135926997905674
1.31002344682574,0.549626304868407,-0.163628878220118
1.40940704689817,0.559684769421875,-0.193228546143898
1.50635498951333,0.569110777526398,-0.223896056215247
1.60093217655635,0.577872106860218,-0.254792477477054
1.69318245941997,0.585976916801445,-0.285082440081012
1.7831245185465,0.593453022404665,-0.313931685085128
1.87075272113357,0.600325831494993,-0.340494389006889
1.9560406619935,0.606595602489282,-0.363896796877207
2.03894512804229,0.612214831798257,-0.383225123318697
2.11940855743861,0.61706720020161,-0.39752661672909
2.19735863120734,0.620950505468013,-0.405832715912436
2.27270443495906,0.6235671498903,-0.407211714640685
2.34532966286659,0.624526599308958,-0.400854535264988
2.41508454663163,0.623364203205388,-0.38619051037434
2.48177937678116,0.619579187449685,-0.363020600136126
2.54518320631077,0.612691052602475,-0.331644673376902
2.60503100249595,0.60230819140196,-0.292950636627188
2.66104065770917,0.588196535584248,-0.248431102902517
2.71293799162178,0.570331869404481,-0.200102535281875
2.76048425394143,0.548919943370825,-0.150323573071843
2.8034985213198,0.524375240131787,-0.101538505126157
2.84186834750413,0.497260790187372,-0.0559974882822557
2.87554608619512,0.468203305432023,-0.0155149381824469
2.90453353167962,0.437804728613274,0.0186842151586999
2.92886120929319,0.406570184891703,0.0460090512813775
2.94856916675518,0.374864579809509,0.066448640070351
2.96369381709895,0.342900043595733,0.0804529733675081
2.97426196286018,0.310748458043161,0.0887898057603017
2.98029030173756,0.27836960546543,0.0924123048041438
2.98178731827378,0.245645756856607,0.0923591079910638
2.97875446018164,0.212416110724704,0.0896941170912058
2.97118439842049,0.178507653365216,0.0854819486808088
2.95905549169184,0.14376156856559,0.0807875776177723
2.94232301764286,0.108055780568179,0.0766849333678576
2.92090915892428,0.0713245297570339,0.0742581755943219
2.89469504932732,0.0335752556161907,0.0745805623855292
2.86351920810847,-0.0050981892659761,0.0786593449131208
2.82718704321239,-0.0445084221875357,0.0873416087136258
2.78549520227471,-0.0843770279776167,0.101186073199911
2.73827182632188,-0.124350086303824,0.120319243117075
2.68542874072358,-0.164028623886089,0.14430848889761
2.62701566883392,-0.203011750601729,0.17209421860913
2.56326111091864,-0.240945698765146,0.202020856902259
2.49458380070471,-0.277567637916649,0.23198652836048
2.42156490056868,-0.31273303256859,0.259696310316514
2.34488338338433,-0.346418869794213,0.282966751492351
2.26523032002211,-0.378703052499766,0.300008275946639
2.18322506433456,-0.409727501326934,0.30961947685049
2.09935387688431,-0.439656267778656,0.311259471577147
2.01394144648476,-0.468638947302413,0.305004496437066
1.92715397221583,-0.496785531071518,0.291424475732535
1.8390243004032,-0.524154205776415,0.271425697691943
1.74948704351663,-0.550750390864194,0.246099540515646
1.6584135012505,-0.576533977379642,0.216602725652736
1.56564019932943,-0.601431818982288,0.18407957214804
1.47098898215443,-0.62535326519625,0.149625393984815
1.37427980893747,-0.648207319349577,0.114283384661074
1.27533945718851,-0.669920508659597,0.0790640681154747
1.17401035098654,-0.690454634836132,0.0449751553277104
1.07016385855557,-0.709823219259797,0.013049220557043
0.963721659434483,-0.72810475226871,-0.0156435467966505
0.854687010808949,-0.745450006916192,-0.0400099027609729
0.743184756051922,-0.76208004927489,-0.0589859055715585
0.62950477358734,-0.778271708533362,-0.0716325108760623
0.514138942377154,-0.794328763840133,-0.0772702052114051
0.397798215595373,-0.8105403230299,-0.0756341715264597
0.281396430869503,-0.827132449691277,-0.0670154510690513
0.165993185788968,-0.844223545389856,-0.0523425597590417
0.0526995747119827,-0.861795873506561,-0.0331608051531755
-0.0574356460514552,-0.879692754029702,-0.011488670658018
-0.163532218853734,-0.897643275546969,0.0104318897494263
-0.264949881328821,-0.915306836370531,0.0304366343521916
-0.361309370061725,-0.932323140803665,0.0467178152441618
-0.45246394436095,-0.948352776846104,0.0580160232495938
-0.538436930475441,-0.963098907601538,0.0636928491964811
-0.61934727209183,-0.976308506936947,0.0636904870813352
-0.695342999771281,-0.987758072282194,0.0584124841537994
-0.766555246627991,-0.997231752176627,0.0485703270857522
-0.833077158327395,-1.00449947298158,0.0350357369788183
-0.89496564961424,-1.00930033313074,0.0187254618597029
-0.952260461569849,-1.01133372268854,0.000530749203035252
-1.00501406908343,-1.01025826753284,-0.0187084208287908
-1.05332679785937,-1.00569717317069,-0.0381926046986568
-1.09738300931416,-0.997247960179259,-0.0571289602304957
-1.13748549025017,-0.984494898270685,-0.0746901404447076
-1.17408550282219,-0.967023529366191,-0.0899832723396804
-1.20780496876249,-0.944438151464578,-0.102046105342433
-1.23944515731761,-0.916384406907097,-0.109885212387353
-1.26997398497249,-0.882579358659729,-0.112565729648758
-1.30048323391083,-0.84284995282526,-0.109352280553639
-1.33210959027736,-0.797177327597018,-0.0998859658189378
-1.36592085162115,-0.745739634923281,-0.0843641459026183
-1.40278069798737,-0.688941519782391,-0.0636731304069037
-1.44321891474595,-0.627416635458477,-0.0394176561092375
-1.48734251550979,-0.561993100907013,-0.0138052728869968
-1.53481943598468,-0.493621517399409,0.0106174357138106
-1.58494720934168,-0.423278424243916,0.0313269011419945
-1.63679045402253,-0.351868700805607,0.0461911286808724
-1.68934733358201,-0.280152034513209,0.0537477896250428
-1.74169922126283,-0.208709536159031,0.0533315819366116
-1.79311118686695,-0.137951745596236,0.0450482818203166
-1.8430735822306,-0.0681563669666635,0.0296406027445479
-1.89129419083946,0.000481771392584534,0.00830987882966304
-1.93765932539055,0.0678046691888148,-0.0174510504173185
-1.98218162730909,0.133659681195999,-0.0459814867769015
-2.02494666386646,0.197887044075596,-0.0755254131870419
-2.06606406411299,0.260325682368131,-0.104264518404382
-2.10562436657476,0.320832830034298,-0.130335648538294
-2.14366077372017,0.379310174729148,-0.151862810985147
-2.18011548429183,0.435726882378744,-0.167033947197489
-2.21481261494832,0.490128232529289,-0.174244850965467
-2.24744291222861,0.542618963205608,-0.172313686130002
-2.27756783025879,0.593314881174013,-0.160738075932886
-2.3046497855799,0.642266469001441,-0.139928211112076
-2.32810942564804,0.68937274738885,-0.111321119844436
-2.34739986260253,0.734315991434759,-0.0772888608822039
-2.36207666122413,0.77654825876901,-0.0408132018232233
-2.37183871044447,0.815343899406967,-0.00499420872194124
-2.37652413233947,0.849905517566862,0.0274624589992552
-2.37606384712271,0.879490731238027,0.0546263223883006
-2.37041280601359,0.90352520548855,0.0755031171151534
-2.35948575791059,0.92168084889875,0.0899822971854503
-2.34311912857019,0.933914283935847,0.0986458056298152
-2.32106849346806,0.940469871634218,0.102532237641283
-2.2930387913121,0.941852271189997,0.1029302551332
-2.25873558318826,0.93877017694252,0.101238004073881
-2.21792104440257,0.932050831903722,0.0988895100111372
-2.17045749100071,0.922527586324692,0.0973232695294216
-2.11632385839451,0.910910935784938,0.0979549110994689
-2.05559700137733,0.897665201799622,0.102115305897383
-1.98840013021743,0.882923619024313,0.110928264907439
-1.91483382328719,0.8664771977046,0.125127178935734
-1.83491692681952,0.847860671802294,0.1448426753284
-1.74856884142014,0.826530287283449,0.169422520135638
-1.65565495177666,0.802090698764187,0.197356188148157
-1.55609218389438,0.774498822168356,0.226359759808826
-1.4499803542523,0.744169750640027,0.253633913046783
-1.33770403196583,0.711941389849357,0.27625294773352
-1.21995497317848,0.6789087923187,0.291596296504129
-1.09765854916699,0.646189735410218,0.297714956740942
-0.971831259757845,0.61470395642725,0.293544832917079
-0.843424123915984,0.585031123313553,0.278932264963945
-0.713203681541241,0.557371215495622,0.254500738777262
-0.581695702093501,0.531590836848786,0.221432286469651
-0.449186653560366,0.507318348387275,0.181245930472061
-0.315760694357184,0.4840518471643,0.135633623903014
-0.181348872943601,0.461257536228192,0.0863789579584164
-0.0457764335464921,0.438450865936096,0.0353512557404814
0.0911941884394453,0.415262331712028,-0.0154553803487864
0.22981828252108,0.391492261796261,-0.0638820828117864
0.370311731431771,0.367155478437029,-0.107614528588101
0.512774406280752,0.342509585581866,-0.144290319266038
0.657095442350843,0.318052799476628,-0.171739439933844
0.802855848434553,0.294472898415193,-0.188359051654102
0.949259669872652,0.272533757560673,-0.19356527207203
1.09513428703264,0.252905250504624,-0.188190492287859
1.23903195232842,0.235974698512182,-0.174640692976158
1.37943085984623,0.221708236124868,-0.156650124270449
1.51498389939372,0.209631258080528,-0.138607564811268
1.64472674438188,0.198951481340692,-0.124634752077799
1.76816613162688,0.188776547526046,-0.117741900277955
1.8852252976077,0.178331916602904,-0.119351319714887
1.99608897559374,0.16709819586468,-0.129287816889709
2.10102262916002,0.154842543198924,-0.146125194503045
2.20022924862267,0.141570623670252,-0.16767739715607
2.29377297292422,0.127445497681772,-0.19144740979168
2.38156760273314,0.112711287394319,-0.214934794814581
2.46341154935522,0.0976402199296939,-0.235788948274964
2.53904737594464,0.0825050992778206,-0.251850201039997
2.60822730565148,0.0675697192765715,-0.261144415072571
2.67077039561354,0.0530860639206718,-0.261898470066232
2.72660000515441,0.0392872143649594,-0.252631010496361
2.77575211911035,0.0263677457112319,-0.23234547872723
2.8183485473554,0.0144493817842378,-0.200807793246066
2.85453717842722,0.00353895012107526,-0.158831640543251
2.88441500447824,-0.0065041462058781,-0.108440590862108
2.90796295917056,-0.0159689966843898,-0.0527693824784065
2.92502326673568,-0.0252489174443413,0.00435547575219837
2.93533224264531,-0.0347590627033236,0.0590676984879416
2.93859253616634,-0.0448448431184792,0.108127449220805
2.93455001103174,-0.055715588176673,0.149370065800472
2.92304539237856,-0.0674226209267928,0.181821675429594
2.90403139939983,-0.0798775587278988,0.205522819721869
2.8775637706147,-0.0928915726924165,0.221198079400804
2.84377945988907,-0.106215438169297,0.229915870473652
2.80287046671676,-0.119568593236678,0.232832103773446
2.75505501978294,-0.132655519376991,0.231051504819386
2.70054411884406,-0.145174979235095,0.225597695467819
2.6395017998389,-0.156830908833808,0.217461660539597
2.57200099540345,-0.167353624325389,0.207690969360427
2.49798225388735,-0.176537139030787,0.197480830107396
2.41722852952092,-0.184292944236382,0.188227793086487
2.32937388484138,-0.190712573080047,0.181507250815326
2.23396430475258,-0.196121360228724,0.178940702773911
2.13058099121176,-0.201096690064989,0.181935307428474
2.01901705238005,-0.206421254681099,0.191314415919136
1.89946820476437,-0.212953328358447,0.206915471551701
1.77266750223363,-0.221427401672151,0.227295382916552
1.63988603334111,-0.232243214425134,0.249711547153763
1.50275980443241,-0.245332636492204,0.270486253861336
1.36298437087203,-0.260177058792135,0.285702246427457
1.22199477620938,-0.275976651268328,0.291998878130765
1.08075746971728,-0.291892854458062,0.287175278317363
0.939732746324408,-0.30725848229928,0.270416642846483
0.798976787213744,-0.321689384621117,0.242155676739061
0.658304271913419,-0.335094853061925,0.203723534163471
0.517439702117568,-0.347623687979925,0.156970065509502
0.376120475455276,-0.359586920426946,0.103975827151182
0.234147104280401,-0.371381869964052,0.0469018164171341
0.0913934948492576,-0.383423715693247,-0.0120346736760049
-0.0522049200925314,-0.39607930329366,-0.0705024939699485
-0.196668808223959,-0.409595280506366,-0.125979018574318
-0.341985104967541,-0.424017984443114,-0.175724420418044
-0.488099879874622,-0.439114651929682,-0.21688361437158
-0.634888378403497,-0.45432216990589,-0.246778974502525
-0.782103507706178,-0.468764150484683,-0.26340994831186
-0.929314315551795,-0.481376297821775,-0.266080583845984
-1.07585821818912,-0.491147822054458,-0.255948438530767
-1.22083871518493,-0.497421079618721,-0.236200140374612
-1.36319356328825,-0.500126458671049,-0.211620742041774
-1.50183079418242,-0.499826858387211,-0.187584034869513
-1.63579101202571,-0.497536684590184,-0.168818472658143
-1.76437315723033,-0.494406588472077,-0.158444831073158
-1.88717835625576,-0.491425121639999,-0.157610553087437
-2.00407087421947,-0.489244736021547,-0.165710030519449
-2.11509162694608,-0.488149339751777,-0.180935831559949
-2.22036639568697,-0.48811744343654,-0.200867527474483
-2.32003389647243,-0.488921881098017,-0.222908157769711
-2.41419671707667,-0.490224703645111,-0.244509691438473
-2.50288391851447,-0.491648926466163,-0.263223078666994
-2.58601137455346,-0.492824917405177,-0.276656290194337
-2.66333302569476,-0.49341704984922,-0.282438984888901
-2.73438997688908,-0.493138773178833,-0.278286720220821
-2.7984804475128,-0.491764035110017,-0.262231232190575
-2.85468480681666,-0.489140499313425,-0.23302813672114
-2.90197572237157,-0.485204238832393,-0.190665019141753
-2.93941443625505,-0.479986872394427,-0.136790481397514
-2.96638406374753,-0.473599724472263,-0.074826165089271
-2.98276709778143,-0.466184732517406,-0.00958556764870034
-2.98897772751153,-0.457841564892979,0.0535723921754033
-2.98582498951065,-0.448561303891228,0.109781813116668
-2.974270277431,-0.438197972203805,0.155516755487466
-2.95518765981753,-0.426486289452992,0.188976307925857
-2.92921181805338,-0.413087633867213,0.209981459709722
-2.8966976414831,-0.397637113664758,0.219557773844316
-2.85776515977356,-0.379773807106808,0.219437261709969
-2.81238568229297,-0.359150895409441,0.211655283336063
-2.76047316777769,-0.33543264365074,0.1983198196388
-2.70196240074181,-0.30828938718738,0.181547650694759
-2.63687029589657,-0.277402367914165,0.163512373461394
-2.56534378020945,-0.242489295600035,0.146526389433764
-2.48769722693052,-0.203358488450474,0.133071893645795
-2.40443651160389,-0.159992308058193,0.125700096551765
-2.31625891457405,-0.112647176635332,0.126739425936571
-2.22401357973634,-0.0619383007107208,0.137806283810873
-2.12861286768592,-0.00885986126978034,0.159206627427104
-2.03090506842241,0.0453071307037274,0.189436324640476
-1.93154709555623,0.0992087162394517,0.225063588018524
-1.8309307453377,0.151691570147073,0.261203911387791
-1.72919595448426,0.202017653751367,0.29253682921425
-1.6263164373935,0.249917157838077,0.314501355518625
-1.52220537921309,0.295469255192271,0.324189646705357
-1.41679219007754,0.338893632926649,0.320645566820708
-1.31005384397526,0.380359373827972,0.304604312755486
-1.202012413538,0.419874331094313,0.277932124148399
-1.09271728424733,0.457260622321104,0.243046045900386
-0.982223102614411,0.492189171840053,0.202487597207934
-0.870565741301083,0.524241906886382,0.158701681093028
-0.757735148164389,0.552980330440718,0.113990166526881
-0.643646190796591,0.578011041294795,0.0705721705368843
-0.528114171486525,0.599046263892692,0.0306733086693047
-0.410847846223623,0.615959118428752,-0.00343111875564654
-0.291476763406742,0.628829798246309,-0.0294847861419421
-0.169628167767043,0.637971740438144,-0.0454770624404929
-0.0450575923420454,0.643919801902182,-0.05003333923136
0.0821862128341555,0.64736184369915,-0.042902877241631
0.211613360668202,0.649009086280807,-0.0253841105992355
0.342236368709558,0.649431610976783,-0.000459576646132262
0.472665549972279,0.648919132638941,0.0275467420336193
0.601351246398009,0.647433163650797,0.0537830833271149
0.726883398421271,0.644675843230876,0.0738886033658483
0.848222384997475,0.64023681189868,0.084821695747821
0.964780727682246,0.633743904125667,0.0852180058045033
1.07636260771368,0.624959845157858,0.0752590964712414
1.18302817819604,0.613810589789132,0.0562374578674763
1.28495445916229,0.600363936514056,0.0300500225503015
1.3823350155374,0.584785599027329,-0.00121793421274463
1.47532814143303,0.567292443345764,-0.0355546359621567
1.56404372563052,0.548111770217952,-0.071136485368858
1.64855270520229,0.527448103226867,-0.106336437821091
1.72890464222958,0.505455980192869,-0.139674726836989
1.80514352457416,0.482217437238218,-0.169755950160438
1.87731647782569,0.457724780053374,-0.195227981432259
1.94547353984378,0.431871804693547,-0.214789043353057
2.00965901919445,0.404458936493187,-0.227259183713397
2.06989684017488,0.375218638842432,-0.231718997620204
2.12617413190251,0.343865443868684,-0.227699387137054
2.17842893792463,0.310168781723052,-0.215381794614814
2.22654834658529,0.274036572442449,-0.195745030981633
2.27038128251723,0.235586604307517,-0.170586166584907
2.30976518171719,0.195177920982396,-0.142364574041003
2.34455940080994,0.153382726371747,-0.113874249045801
2.37467410651236,0.110900877732193,-0.0878198405947907
2.40008481126789,0.0684434010147969,-0.0664171983720387
2.42082939002073,0.0266235282197939,-0.0511294510321794
2.4369921459994,-0.0141136535744823,-0.0425902141892722
2.44868363989376,-0.0535120648896564,-0.0406937027795727
2.45602409877399,-0.0914846245918051,-0.0447849948609314
2.45913425113311,-0.128070617453604,-0.0538754516138498
2.45813330386322,-0.163387987921512,-0.0668273726459862
2.45314120123894,-0.197591820041214,-0.0824797359927694
2.44428147375329,-0.230843275545554,-0.0997102513053008
2.43168131303164,-0.263288217158561,-0.11744350872353
2.41546639567185,-0.295042205904177,-0.134622006014046
2.39574912803837,-0.326178071790779,-0.150159443662278
2.37261040241783,-0.3567131704749,-0.162896587413992
2.34607679537663,-0.38659526541159,-0.171580491436738
2.31609748797591,-0.415688370997941,-0.174887605593178
2.28252781783445,-0.443762464249907,-0.171508382771213
2.24512850082188,-0.470493043536955,-0.160302489166976
2.20358971648775,-0.495476992138884,-0.140516690407933
2.15758553877036,-0.518268793933243,-0.112031480733045
2.10685530628369,-0.538435125752276,-0.0755730695945083
2.05129563182078,-0.555617355519202,-0.0328084763981472
1.99103516933303,-0.569584366794667,0.0137476322330601
1.92646234642611,-0.580257698185364,0.0610339789624112
1.85818966543214,-0.587699902497499,0.105892379434815
1.7869627818129,-0.592071574682093,0.14554150503408
1.71354461340659,-0.593574037025005,0.177939466055608
1.63861099876915,-0.592396574760442,0.201951454183037
1.56268319514289,-0.588680133605644,0.2173186438043
1.4861035271534,-0.582499788636877,0.224487758171808
1.40904531976874,-0.573861818777616,0.22438357673807
1.33154218083313,-0.562709549158727,0.218194467814884
1.25352338007954,-0.548933756568986,0.207212765555705
1.17484744446948,-0.532386163492926,0.192743813724651
1.09533174084454,-0.512896932672805,0.176077262587494
1.01477994502704,-0.49029850433454,0.158502275770509
0.93301127373825,-0.464458332482399,0.141342322512809
0.849895056650903,-0.435321770406941,0.125982918946857
0.765391725661552,-0.40296317986987,0.11386625339265
0.679596972757952,-0.367638284084881,0.10643105860713
0.592780698552559,-0.329824840266132,0.104986411042376
0.505408337321355,-0.290234357030272,0.110525740606458
0.418131622181423,-0.249778426690905,0.123510606382219
0.331740728800967,-0.209482240161155,0.143676313809748
0.247079891145954,-0.170354528644728,0.169922826059452
0.164941094064974,-0.13324185616869,0.200344835159282
0.0859602714492564,-0.0987065549668088,0.232421671546097
0.0105426105457748,-0.0669639539420237,0.263339855831101
-0.0611640616238424,-0.0378955584216355,0.290377064477282
-0.129243851034671,-0.0111289298108127,0.311255695561876
-0.19394744669873,0.013845393007241,0.324386860499124
-0.25560911347952,0.0375558489400085,0.328965205785289
-0.314568941629133,0.0604586085327973,0.324922593213552
-0.371116042413106,0.0828857011982269,0.312784201062107
-0.425458258995032,0.105030717036448,0.29348358804632
-0.477715706899178,0.126961841182505,0.268185780821193
-0.527931256553275,0.148649935554001,0.238149041243767
-0.576090552398307,0.170001514148992,0.204636430085441
-0.62214574065432,0.190890098809227,0.168873421033781
-0.666039189926429,0.21118277452936,0.132039184349466
-0.707725184948366,0.230761027257226,0.0952757610661428
-0.747188513612421,0.249536093776716,0.0596994586208983
-0.78445911309793,0.267459367397342,0.0264010172810521
-0.819621760544526,0.284528241187338,-0.00357535954151755
-0.852819517570134,0.300787436248135,-0.0292794239652682
-0.884249565472025,0.316325554501859,-0.0499284000845011
-0.914150447186458,0.331266450119737,-0.0649994640842497
-0.942780762208079,0.345755166402441,-0.0743265425423762
-0.970391108138527,0.359938808927565,-0.0781799940008237
-0.99719325894547,0.373943917290597,-0.0773044473878056
-1.02333245313941,0.387853462747509,-0.0728935305514805
-1.04886916970947,0.401687925306303,-0.066492123012457
-1.07377514150647,0.415395101587667,-0.0598350973758702
-1.09794473762048,0.42885193384381,-0.0546502263730356
-1.121218797019,0.441878163917277,-0.0524641348231439
-1.14341469912395,0.454258927683735,-0.054449181823634
-1.1643559290361,0.465770349620548,-0.0613360121465894
-1.18389571667225,0.476202406281532,-0.0733976455198495
-1.20193203151442,0.485374862206235,-0.090493583140462
-1.21841379637241,0.493144663461649,-0.112151984070253
-1.23333983238766,0.499405629578096,-0.137665795576078
-1.24675283966854,0.504082232461154,-0.166182777220277
-1.25873014401774,0.507120219007428,-0.196776522734084
-1.26937289656801,0.508475916306152,-0.228492894374624
-1.27879432001717,0.508105723879013,-0.260372273024433
-1.28710740562671,0.505956713986097,-0.291452227193945
-1.29441221353162,0.50195893947422,-0.320757853068949
-1.30078306898329,0.496020006363774,-0.347288631128485
-1.30625636282275,0.488022630255175,-0.370011549438189
-1.31082031462866,0.477826156263388,-0.387870542763313
-1.31440883003355,0.465273220073948,-0.399821686051385
-1.31690226625515,0.450202635237631,-0.404901346509857
-1.31813815141978,0.432468939861809,-0.402329621463773
-1.317934172231,0.411967589288378,-0.391642909811889
-1.31612351588347,0.388662536923715,-0.37283731675988
-1.31259872511261,0.362610409742283,-0.346490893596017
-1.30735531092381,0.333973847021447,-0.313822889818686
-1.30052251803364,0.303017435687792,-0.276650318145271
-1.29236878027848,0.270084066521946,-0.237222734092965
-1.2832754600708,0.235556592977031,-0.197953301200334
-1.27368301706029,0.19981625529869,-0.161103603868967
-1.26402371595068,0.163211572129857,-0.128500323786001
-1.25465879690951,0.1260475003002,-0.101350791106902
-1.24583399375461,0.0885964384546422,-0.0801873434844829
-1.23765874361774,0.0511242525442419,-0.0649277543522363
-1.23010667938244,0.0139196193547103,-0.0550104141031425
-1.22303127467225,-0.0226850049123304,-0.0495557549149111
-1.2161906709903,-0.0583084507291739,-0.0475146487656792
-1.20927765438444,-0.0925335936573109,-0.0477805807251136
-1.20195248381187,-0.12493376813592,-0.0492577522386452
-1.19387701283719,-0.155105244893471,-0.0508885576852078
-1.18474854133334,-0.182697650027133,-0.0516508931701018
-1.17433165184206,-0.207436376537982,-0.0505395811312984
-1.1624862005461,-0.229134624228919,-0.046547912234444
-1.14918949471003,-0.247696123738481,-0.0386654320096746
-1.13455021153444,-0.263111708108281,-0.0259064385240564
-1.11881078050001,-0.275453293921122,-0.00737940010952609
-1.10233425891603,-0.284867773088162,0.0176004416048363
-1.08557213609981,-0.291571377643069,0.0493652804464023
-1.06901206518145,-0.295842982214976,0.0877413172458938
-1.05310972282034,-0.298013350807994,0.131928063262918
-1.0382158887846,-0.298447331161092,0.180457489279462
-1.02451557713533,-0.297517942519871,0.231270572242219
-1.01199674089054,-0.29557480418064,0.281919557449797
-1.00045925422112,-0.29291287185638,0.329862877822493
-0.989562222111631,-0.289748930366044,0.372784418691199
-0.978895042786052,-0.286211569665706,0.408858687930381
-0.968051452855626,-0.282346183155235,0.436904498786159
-0.956688419757709,-0.278132044944503,0.456410184645387
-0.944560378156143,-0.273505788982549,0.467452375123151
-0.93152869792542,-0.26838532560336,0.470552426771256
-0.91755249269308,-0.262689748199157,0.466516623739821
-0.902668901918066,-0.256352944004859,0.456294778924359
-0.886969914394205,-0.249330509735664,0.44087592304522
-0.870580368396376,-0.241600782537651,0.421225827941732
-0.853639291391263,-0.233161341112559,0.398261792594847
-0.836284892556142,-0.224022419705299,0.372855293542536
-0.818642455531607,-0.214198548979577,0.345851446703764
-0.800814003112507,-0.203699579131141,0.318094322545586
-0.782868755221609,-0.192522161473626,0.290447984403462
-0.764833925680466,-0.180642799456287,0.263804200186189
-0.746686179702741,-0.16801369738501,0.239069135832742
-0.728344976114558,-0.154562740970618,0.217123403185272
-0.709669862967491,-0.140198884316458,0.19875328288936
-0.690464295490428,-0.124823791309848,0.184556418898619
-0.670488314368594,-0.10834959080047,0.174832921354407
-0.649481083077359,-0.0907209840010188,0.169481581888476
-0.627191756042342,-0.0719379346559217,0.167928044605744
-0.603413712206929,-0.0520734115273809,0.169113054857794
-0.5780148834066,-0.0312803642791544,0.171560322598239
-0.550955709654427,-0.00978381069256713,0.173524497677026
-0.522289267852538,0.0121420496584664,0.17319542928994
-0.492143062988641,0.0342070850641448,0.168915482184943
-0.460687437493319,0.0561411447580529,0.159361850857695
-0.428099242460578,0.0777242591698952,0.143658445401045
-0.394529538017955,0.0988058207445715,0.121406078189769
-0.360082394897104,0.119310900674408,0.0926451830721493
-0.324809095831967,0.139235283814844,0.0577832997289315
-0.288718171791768,0.158632836240951,0.0175234787105627
-0.251794945935471,0.177600675489365,-0.0271865640119539
-0.214019020858064,0.196266812815736,-0.0751937184567196
-0.175372512586835,0.214782114675361,-0.12518399593561
-0.135842300555463,0.233313146983832,-0.175723623320934
-0.0954233875406733,0.252029579462478,-0.225273267107735
-0.05412584894658,0.271081417511976,-0.272171250234434
-0.0119831469435573,0.290563937436257,-0.314608611330554
0.0309419694744972,0.310471690941775,-0.350633632508639
0.07455667599298,0.330646954193502,-0.378226874757327
0.118743824274578,0.350734762960493,-0.395480989042974
0.163374093601739,0.370163728107354,-0.400897409575664
0.208322542019149,0.388174734343396,-0.393768658704296
0.253485715330022,0.403912029737502,-0.374554323195508
0.298794453874544,0.416569293928574,-0.345105266801224
0.344218161870334,0.425552693665161,-0.308588474129453
0.3897587554657,0.430601813117208,-0.269049876241529
0.435435974510253,0.431817757701975,-0.230705787970095
0.481268736538626,0.429587300419116,-0.197188176419252
0.527258337020671,0.424438240289519,-0.170990597533574
0.573378010575388,0.416883793030195,-0.153255848826439
0.619570425794464,0.407303598040399,-0.143891219745408
0.665751862724484,0.395881006022528,-0.141887347653113
0.711820706234517,0.382591469139074,-0.145690767953432
0.75766873289497,0.367225387726174,-0.15351709425044
0.8031953792369,0.349429454364431,-0.163550247630965
0.848326260192655,0.328757416563478,-0.174024274060802
0.8930366351028,0.304728875758079,-0.183218064781497
0.937377986340856,0.276899899663663,-0.189411327704595
0.981501721027874,0.244949824419037,-0.190856722108917
1.02566933999366,0.208783235337041,-0.185819804715308
1.07023551209212,0.16863428260615,-0.172722997943698
1.11559283419141,0.125144591656931,-0.150398404044852
1.16207786129653,0.0793735964945041,-0.118407896559235
1.20985665841857,0.032703392329627,-0.0773400327982279
1.25882686181017,-0.013370801952686,-0.0289664159258494
1.30857885210621,-0.0575229388461589,0.0238406599804142
1.35844190857755,-0.0988620549327485,0.0774577887846474
1.40760696222755,-0.137081486325611,0.12806047188818
1.45528417320945,-0.17243242886116,0.172228568414145
1.50084021062599,-0.205538266294481,0.207438913790462
1.54387324266964,-0.237131932629374,0.232321933698622
1.58421369527877,-0.267817824768224,0.246651557547129
1.62186820239866,-0.297928568833089,0.251130807598107
1.65693915033014,-0.327493023828102,0.247085512021343
1.68955019718382,-0.356288950876762,0.236173160489821
1.71979587262961,-0.383937892816805,0.220172523030459
1.74771984397067,-0.410006447188443,0.200871711909182
1.77331722623648,-0.434093777634373,0.180036950092887
1.79655237823969,-0.455898904851615,0.159425739336595
1.81738326688713,-0.475268471194468,0.140802415337326
1.83578459748589,-0.492226571042765,0.125916390313039
1.85176322605256,-0.506985303343891,0.116411805788382
1.86536070446447,-0.519930865420414,0.113653251359107
1.87663981280408,-0.531578277501125,0.118478380231505
1.885655545084,-0.542491128055635,0.130924663397874
1.89241654692741,-0.553172886411976,0.150015758721302
1.89684901135172,-0.563951636201983,0.173712532397894
1.89877793762255,-0.574893044018571,0.199108461971862
1.89793662159984,-0.58577575868286,0.222868657342044
1.89400415763175,-0.596143137111986,0.241805306862385
1.8866583446992,-0.605413467607302,0.253413037526173
1.8756256340442,-0.613007330334381,0.256205100398968
1.86071376087903,-0.618450003480461,0.24978498250182
1.84182232561094,-0.621425879219662,0.234695803577703
1.81893498145359,-0.621785229905481,0.212152685755958
1.79210021896165,-0.619518193049661,0.183765692655025
1.7614065419909,-0.614713555053859,0.151324781886605
1.72695472468342,-0.607515211144329,0.11667333859395
1.68882720426217,-0.598082671595731,0.0816613113527539
1.64705384777609,-0.58655710164209,0.0481470270030552
1.60157488679598,-0.573032215217754,0.0180056473030595
1.55220580135603,-0.557529696620231,-0.006901128434255
1.4986147074606,-0.539980990913116,-0.0248347699564661
1.44032830378064,-0.520220222823293,-0.0343924770188048
1.37678347036242,-0.497994979546437,-0.0348107335579839
1.30743256879312,-0.473000535949976,-0.0262947279988279
1.23188821729973,-0.444937096431487,-0.0102530827805077
1.15006391706088,-0.413579704023971,0.0107038971196733
1.06224942554126,-0.378841653666569,0.0330905568792788
0.96907589932541,-0.340811614743452,0.0531529986288216
0.871376376545958,-0.299754916375186,0.0675695060472201
0.770000445975895,-0.256084430698644,0.0740028853507634
0.665658561122385,-0.210315965589712,0.0713429605793274
0.558843073329676,-0.163022558295999,0.0596300213644525
0.449827562080577,-0.114795868384291,0.0397711981339861
0.338715655732406,-0.0662174056162733,0.0131963842576262
0.225505620112051,-0.0178399420842747,-0.0184347383639921
0.110148357145835,0.0298213669943848,-0.0534214184809307
-0.00740903427845411,0.0762897492256481,-0.0901015563268268
-0.127191808133651,0.121122861976499,-0.12684634369729
-0.24917159445573,0.163909328673845,-0.162007038162537
-0.373239576390314,0.204271916273374,-0.19385649003391
-0.499175892662561,0.241882816006049,-0.220570185472518
-0.626617727905868,0.276493494854725,-0.240290333156878
-0.755034927151759,0.307975802251614,-0.251306875796666
-0.883727438985317,0.336362836567984,-0.252362737578372
-1.01185982404382,0.361869959217561,-0.243040220267214
-1.13853982253357,0.384873830536881,-0.224117091397754
-1.26292879736325,0.405837393522779,-0.197726608435769
-1.38434908119461,0.425193274113627,-0.167171033673592
-1.50234404894988,0.443225954641233,-0.136360577890829
-1.61666491339267,0.460002541513398,-0.10903593898202
-1.72719568190506,0.475380060184786,-0.0880569652767204
-1.83385659258893,0.489077549439806,-0.0750008820621842
-1.93652675784788,0.500773263923989,-0.0701422070450567
-2.03500556834987,0.510187196374519,-0.0727141334580162
-2.12901063118954,0.517128344432986,-0.0812776714993041
-2.21820031374519,0.52150640308905,-0.0940516595008084
-2.3022100104406,0.523318159234015,-0.109127911772228
-2.38069593305916,0.522619874908958,-0.124562086669269
-2.45338321135329,0.519493396474315,-0.138373868571548
-2.52011450543327,0.514010258739933,-0.148512306003707
-2.58089151126823,0.506197103087842,-0.152851192476134
-2.63589622178755,0.496007756129453,-0.149278244557729
-2.685474435978,0.483311235549328,-0.135926128734987
-2.73006543634356,0.467908044753137,-0.111553408534066
-2.77007468597663,0.449584921787054,-0.0760124987176567
-2.80571334576468,0.428205985338468,-0.0306521213952639
-2.83686073307267,0.403815905701561,0.0215586230798028
-2.86301955871732,0.376709469351345,0.0763557227584452
-2.88340381023942,0.347422509825015,0.128947638960279
-2.89713109837008,0.316633432194,0.17498135201298
-2.90343285609103,0.285014043181943,0.211342700891622
-2.90179492707891,0.253094456159372,0.236524446552818
-2.89199347376709,0.221190316788113,0.250532173892929
-2.87404842956471,0.189400806999599,0.254495115007366
-2.84814100806115,0.157655217358328,0.250203665386838
-2.81453315441352,0.12577855904254,0.239734463196292
-2.77350599656969,0.0935559543222621,0.22522731710072
-2.72531798219989,0.0607886236865179,0.208801512601833
-2.67017658994164,0.0273430395772862,0.192556573599442
-2.60821832658977,-0.00680311001609626,0.178587004035082
-2.5394964910481,-0.0415182728381181,0.168942268664446
-2.46398175213545,-0.0764852030075657,0.165479202460361
-2.38158432300458,-0.111194936973696,0.169587460392667
-2.29220572443976,-0.144983968930692,0.181823095373147
-2.19582025368098,-0.177123617311989,0.201553742230875
-2.09257101674021,-0.206949344629851,0.226772504895832
-1.98284830132773,-0.233991527132352,0.254229739595776
-1.86731172787924,-0.25805597000793,0.279930348023023
-1.74683399622057,-0.279218254592975,0.299879166794674
-1.6223800762011,-0.29773617970189,0.310827289074525
-1.4948687062403,-0.313922423820661,0.310772025737076
-1.36506875268111,-0.328029777684347,0.299092920972282
-1.2335590397153,-0.340182748251288,0.276371265264438
-1.10074693039793,-0.35036126058116,0.244041499346593
-0.966919641363229,-0.358423122720686,0.204029692612994
-0.832299380250934,-0.364147111152428,0.15848023809089
-0.6970823769403,-0.367282987566471,0.109604801858578
-0.561453706681545,-0.367601501051757,0.0596360420338414
-0.425579288932263,-0.364942116215348,0.0108390291249966
-0.289582569719116,-0.359257404840629,-0.0344790470396037
-0.153517141106211,-0.350650955917149,-0.074020586598264
-0.017348970152259,-0.339401334704072,-0.105658915388385
0.119037129390423,-0.325960111728211,-0.127728987713984
0.255794806139793,-0.310910925572302,-0.139415614907818
0.393035143773701,-0.294883686724211,-0.141136461303528
0.530723731844859,-0.278435904462336,-0.134754538233454
0.668593210726763,-0.261936137686534,-0.123454044748417
0.806116193483134,-0.245496742621455,-0.111218657038955
0.942563429449878,-0.228988451778993,-0.102036704555783
1.07713066647424,-0.212131100464415,-0.0991082848915457
1.20908335900901,-0.194619164750681,-0.104328684574447
1.33786615699145,-0.176232816628444,-0.118170457639677
1.46315084690078,-0.156904634744382,-0.139900439196293
1.58482811609995,-0.13673850621111,-0.167963792798261
1.70296582412566,-0.115993152422829,-0.200370457000099
1.81775677479306,-0.0950450857152174,-0.234983708368987
1.92946991664347,-0.074340754497413,-0.269681397919443
2.038408387477,-0.054341755132493,-0.3024099706112
2.14487011935581,-0.0354638284640049,-0.331176683811997
2.24910326766166,-0.0180109979894431,-0.354033741322643
2.35124991435678,-0.00211051621383294,-0.369105820579223
2.45127757741853,0.0123388047664904,-0.374700994015832
2.54890858264203,0.0256855047782425,-0.369520965646937
2.64356959067578,0.0384905728970225,-0.352946477857906
2.73439111191248,0.0514271328915891,-0.325322658169487
2.82028090163402,0.0651261532694568,-0.288127922153546
2.90007083495729,0.0800089007562773,-0.243912274766202
2.97270166961359,0.0961646198384887,-0.19595903472698
3.03738475049071,0.113321301779095,-0.147738868407626
3.09368432975901,0.130919435737525,-0.102322551823206
3.14149918915643,0.148255817995625,-0.0619354392107422
3.18096557465844,0.164642711331296,-0.0277638680315163
3.21232928721085,0.179534849371867,-1.3631851910334e-05
3.23583356490642,0.192600877271363,0.0218627799640101
3.25164989666469,0.203739420330188,0.0388802994828972
3.25985616573542,0.213053361149207,0.0522666651651678
3.2604508240727,0.22079882299615,0.063288148141004
3.25338580278644,0.227322156331722,0.0731652524864715
3.23860224670833,0.232993408270843,0.0830602397205774
3.21605821164208,0.238141194110479,0.094103259530607
3.18574330049704,0.242992846722419,0.107418571749748
3.14768041700532,0.24762522659152,0.124114091428052
3.10191899913572,0.251934635465755,0.145205820231141
3.04852709798987,0.255636825303792,0.171465351740818
2.98759087335559,0.258307156895647,0.203205174138207
2.91922831235617,0.259463652406178,0.24005037618247
2.84361831737811,0.258681380144802,0.280775738633701
2.76103759919476,0.255709585641187,0.323295019182583
2.67188983372956,0.250552850373688,0.364856626176316
2.57670996287816,0.243484357995811,0.402427606705781
2.47613478232014,0.234984411721403,0.433166930468134
2.37084595737962,0.225628317568073,0.454847052534325
2.26150438776317,0.215966011371159,0.466107809416338
2.14869737985517,0.20643164149213,0.466502271625988
2.03291182638005,0.197301135079409,0.456373127315564
1.91453397803018,0.188694376757386,0.43664130578919
1.79386675305023,0.180606604277757,0.408587993084025
1.6711521797161,0.172952282398472,0.37368361451086
1.5465885445828,0.165609514791659,0.333484064342161
1.42033643422176,0.158458958831769,0.289588478503283
1.29251288197692,0.151415371406168,0.24363756381738
1.16317717098044,0.144451674631857,0.197324994441473
1.03231521732123,0.13761534709597,0.152393726207982
0.899831819088666,0.131035760188754,0.110592541939472
0.765560835362673,0.124920451484894,0.0735756750895503
0.629301969372169,0.119536911580354,0.0427410233607909
0.490887587300612,0.115178798527724,0.0190214557476764
0.350273415801069,0.112117565421721,0.00266803923261637
0.207633970675918,0.110546412480067,-0.00691222356209702
0.0634319381285712,0.110529551500724,-0.0111913508280076
-0.081571246006879,0.111973391803784,-0.0123744599181998
-0.226381610236136,0.114632950787487,-0.0130738845672832
-0.36990437090799,0.118155546613202,-0.0158757263887402
-0.511101144243951,0.122148869017244,-0.0229203617337478
-0.649122511402634,0.126251947999851,-0.0356127589925981
-0.783380842338303,0.130188465480058,-0.0545207064526782
-0.913556661434735,0.13379226210813,-0.0794460390948734
-1.0395558912359,0.137006159113357,-0.109604667789607
-1.16144475987148,0.139862243260919,-0.143840399869246
-1.27938541097253,0.142453126005043,-0.180815152881937
-1.39358550775995,0.144901393957631,-0.219145685739693
-1.50426567042729,0.147331118098842,-0.257480937344607
-1.61164230070568,0.149842627850564,-0.294529473273667
-1.71592036404415,0.152490423997761,-0.329054083290733
-1.81729001772177,0.155264083230306,-0.359852884809077
-1.91592161699072,0.158072952344758,-0.385745720203392
-2.01195502746507,0.1607368869069,-0.405582373969199
-2.10548116995792,0.162986702189325,-0.418285202539287
-2.19651634727062,0.164478658374666,-0.422932425272043
-2.28497311707176,0.164826375189491,-0.418878743179289
-2.37063487180069,0.163650327821061,-0.405897185346155
-2.45314381727451,0.16063946239486,-0.384312136372251
-2.53201205329055,0.155612760707975,-0.355083121158353
-2.60666133923302,0.148563736014195,-0.319798916148011
-2.67648874385238,0.139671560393558,-0.280557598827154
-2.74094535214166,0.129270862230068,-0.239739618351864
-2.79960847379237,0.117786036777823,-0.199717413602004
-2.85222868539819,0.105648787010655,-0.162569383642389
-2.89874172957434,0.0932226956297589,-0.12986467442401
-2.93924722503387,0.0807535523940944,-0.102558592473707
-2.97396529366828,0.0683526243171377,-0.0810007277355568
-3.00318524505377,0.0560086090630095,-0.0650270025657886
-3.02721805534311,0.0436174279494258,-0.0540932218544989
-3.04635948521938,0.0310181803830203,-0.0474107230868623
-3.06086604643277,0.0180265702035862,-0.0440572887633002
-3.0709429917154,0.0044613556405551,-0.0430510523601929
-3.07674215188509,-0.00983693110977011,-0.0433871575726195
-3.07836725421526,-0.0249933471045779,-0.0440450447622977
-3.07588472432151,-0.0410892733182038,-0.0439789452845736
-3.06933842801255,-0.0581538414096924,-0.0421064834900709
-3.05876705335646,-0.0761542490518487,-0.037310929691276
-3.04422271830018,-0.0949846881905746,-0.0284716393723782
-3.02578891386908,-0.114455603360669,-0.0145338482683778
-3.00359522432249,-0.134287118972824,0.00537790936789787
-2.97782574843991,-0.154112069853768,0.0318099221092057
-2.94871825075947,-0.173494130266913,0.0648156353264707
-2.916552206892,-0.191963996626263,0.103817055279362
-2.88162613490309,-0.209071103570627,0.147539792122571
-2.84422741411255,-0.224441309654376,0.194064541148358
-2.8046001841263,-0.237825692624391,0.241011280133833
-2.76291788614711,-0.249125805825244,0.285830507956291
-2.71926612142359,-0.258387789157659,0.326135989298354
-2.67363909152911,-0.265768616330944,0.359996711906481
-2.62594977514865,-0.271486754721888,0.386121947207874
-2.57605107851556,-0.275772252094335,0.403913320305695
-2.52376317840174,-0.278827674893071,0.413400425325353
-2.46890155428564,-0.28080480041842,0.415103431594214
-2.4113007681134,-0.281796275328073,0.409871578269843
-2.3508305049181,-0.281838470178624,0.398736041207264
-2.28740217366413,-0.280921323583348,0.382798957256866
-2.22096601462198,-0.279001964470759,0.363164860958729
-2.15149994164245,-0.276020246738406,0.34090980254607
-2.07899226487114,-0.271915379235326,0.317077237573708
-2.00342112066673,-0.266643342838235,0.29268727096475
-1.92473401577633,-0.260194730513609,0.26874573670777
-1.84283140476548,-0.252612117625233,0.246241065931024
-1.75755854786909,-0.244005218202912,0.226119668680034
-1.66870975947538,-0.234561152700259,0.209234754081043
-1.57604816418712,-0.224546490281646,0.196269369073021
-1.47934185513698,-0.21429778997623,0.1876418421572
-1.37841377669715,-0.204198580964501,0.183409882147136
-1.27319815915726,-0.194643315626182,0.183196258704789
-1.16379210866932,-0.185992467688169,0.186161280183038
-1.05048884374151,-0.178526624890109,0.191042182597201
-0.933780926112657,-0.172409553968153,0.196265974523572
-0.814328296740544,-0.167669365268449,0.200122877379256
-0.692895473671273,-0.164202715845338,0.200968847099396
-0.570271335561428,-0.161800760205837,0.197415692515774
-0.447189581771942,-0.160189766348523,0.188470888948531
-0.324266297111931,-0.159076288936505,0.173604876739165
-0.201964268885532,-0.158187365534017,0.152744440980397
-0.0805852015196046,-0.157299464376567,0.12620832853049
0.039715805716773,-0.15625402317658,0.0946102975342025
0.158902381647694,-0.154960761187811,0.0587548156385706
0.277024312389607,-0.153391766769261,0.0195445774195598
0.394186713855358,-0.151569748238057,-0.0220892448201531
0.510524462022802,-0.14955329623686,-0.0652306414062793
0.626182848965644,-0.147421109046671,-0.108998378614751
0.741303681790201,-0.145256306417832,-0.152546886158037
0.856014965919947,-0.143131306018971,-0.195055167459563
0.970422184222015,-0.141093764597366,-0.235710918471927
1.0845989192139,-0.139153874534463,-0.273696799259358
1.19857536294499,-0.137273911412576,-0.308185454806348
1.31232405916697,-0.135361296039706,-0.338349140895291
1.42574354807729,-0.133266912412117,-0.363388500552603
1.53864205841384,-0.130790428434348,-0.382582634455453
1.65072497660621,-0.127694419679197,-0.395358842041936
1.76159065705499,-0.123727604117402,-0.401375089321195
1.87073915395775,-0.118655982950223,-0.400602307628776
1.97759681417575,-0.112298200503861,-0.393388466510934
2.08155639363353,-0.104559139176945,-0.380484439089577
2.18202796948019,-0.095454454321746,-0.363015317524698
2.27849175817684,-0.0851193906816157,-0.342391049415439
2.37054179085336,-0.0737982055493372,-0.320165315998488
2.45791061611071,-0.0618152097347495,-0.29786671493301
2.54046985369926,-0.049533421755362,-0.276835448665054
2.61820787509445,-0.03730934956715,-0.258097547675596
2.69119170605658,-0.0254533329995031,-0.242297410704195
2.75952319225198,-0.0142014205815648,-0.229692779370257
2.82329903614701,-0.00370133046883883,-0.220200821108513
2.88258130596096,0.00598869940588205,-0.213474694711955
2.93738112518844,0.014891484790197,-0.208988258949566
2.9876549247052,0.0230967035370158,-0.206110780309829
3.03331062639027,0.0307440444704828,-0.204160585886713
3.07422045420299,0.0380055501430583,-0.202433930456676
3.11023733677001,0.0450677707204724,-0.200211389658472
3.14121257605517,0.052113476946,-0.196748456103667
3.16701319498877,0.0593023518711985,-0.191259951824533
3.1875378900997,0.0667503642603612,-0.182909726080911
3.2027307027473,0.0745084311369127,-0.170817938402553
3.21259139959888,0.0825424258451889,-0.154097567064302
3.21718124233993,0.0907183323433392,-0.131928645515422
3.21662255649068,0.0987978587899333,-0.103671922063452
3.21109060968662,0.106450255154548,-0.0690124954138657
3.20079714389943,0.11328442784445,-0.0281095408646613
3.18596667605663,0.11890105215584,0.0182855494767932
3.16680913023484,0.122957720908567,0.0687864940448843
3.14349457130587,0.125233424665633,0.121439899835091
3.11613642926212,0.125675333027135,0.173911624735129
3.08478770081433,0.12441386765161,0.223762014380846
3.04945060877303,0.121741354113442,0.26874780894157
3.01009592801906,0.11806121662969,0.307078343961697
2.9666858708276,0.113823105349396,0.337571611111804
2.91919443438539,0.109461146287539,0.35969192677158
2.86762185642753,0.1053477280936,0.373487134715344
2.81200174332136,0.101767959124689,0.379464835226037
2.75240156280345,0.0989132708364246,0.378450559766532
2.68891760460809,0.0968888553003319,0.37146098183364
2.62166546218241,0.0957286837113413,0.359610346931363
2.55076681867875,0.0954127782975037,0.344054383209174
2.47633327909956,0.0958831280944373,0.325965831635885
2.39844835204776,0.0970564061243446,0.306529689637479
2.31714946524096,0.0988331208292925,0.286943458496566
2.23241299120021,0.101103936882193,0.268407278925633
2.14414641715218,0.103754642183339,0.252090516523442
2.05219257902897,0.106671595120429,0.239065450259816
1.95635062890397,0.109749335040891,0.23020592194217
1.85641631842406,0.112901187899948,0.22605953105978
1.7522396697726,0.116072052433237,0.226715245967833
1.6437914678743,0.119250394135396,0.231700683879834
1.53122313871461,0.122474703880463,0.23994863200241
1.41490103340052,0.125829634586282,0.249863945723178
1.29539957797923,0.12942967476057,0.25949737627841
1.17344906343422,0.133392991718733,0.266798709622824
1.04984908837879,0.137812613823815,0.269892765209337
0.925370458167895,0.142733600325335,0.267313311775143
0.800670608515565,0.148142301257183,0.258146324701097
0.676240337717858,0.153968574698768,0.242066207717244
0.552386903664685,0.160097469261788,0.219280268592931
0.429247945750293,0.166384576570154,0.190416161751209
0.306824593938798,0.172670093408031,0.156390585599673
0.185022102736527,0.178788492888561,0.118290127042496
0.063689334237211,0.184573046056414,0.0772828150463444
-0.057347195381369,0.189855973354156,0.0345670668930674
-0.178255185742803,0.194465900422149,-0.00864460530179408
-0.299172296139541,0.198224702044868,-0.051116294736556
-0.420182704474908,0.200946019758899,-0.0915675159861614
-0.541291889362524,0.202437853521802,-0.128657162081009
-0.662398889236673,0.20251156207444,-0.160991785432472
-0.783268348831213,0.200999054925755,-0.187177393551779
-0.903508510086007,0.197778460152621,-0.205929715793619
-1.02256490391491,0.192805693457384,-0.216246719917063
-1.13974093034914,0.186145214920192,-0.217627200039393
-1.25425326096874,0.177989057722042,-0.210292228312012
-1.36532027868015,0.168651669594948,-0.195340547668837
-1.47226704783414,0.158532535430446,-0.174760239677194
-1.57461700617023,0.14805002921664,-0.151243864100316
-1.67213806534582,0.137564237222949,-0.127816098960642
-1.76482461574881,0.127314720783804,-0.107359309400889
-1.8528220219199,0.117394316671903,-0.0921712754617761
-1.93632246608987,0.107764068578956,-0.0836778094299678
-2.01546790883934,0.0982975005185984,-0.0823563513387501
-2.09028618332345,0.0888344237969452,-0.0878450812769885
-2.16066881423923,0.0792271669275838,-0.0991583315917268
-2.22638457527736,0.0693704481193709,-0.114919690091105
-2.28711611259809,0.059213958637782,-0.133548274986661
-2.34250726839362,0.0487610313905031,-0.153370158789897
-2.39221249467301,0.0380576527690376,-0.172659968149689
-2.43594366047571,0.0271751229742868,-0.189640963684581
-2.47351169953685,0.0161885054609963,-0.202485334803511
-2.50486027905522,0.00515273752722663,-0.209361178343259
-2.53008637795857,-0.00592060758061956,-0.208567497672223
-2.5494397704109,-0.0170806306922906,-0.198778902486119
-2.56329262874805,-0.0284409773634407,-0.179381749501739
-2.57207535585037,-0.0401629503403182,-0.150824086637074
-2.57618737384416,-0.0524158552891233,-0.114842358433322
-2.57590816108853,-0.0653233662203503,-0.0744116155148621
-2.57134283096608,-0.0789159313853937,-0.0333379932204259
-2.56242603667296,-0.0931115611388385,0.00443256625748339
-2.54897988899673,-0.107735305732057,0.0355635702115746
-2.53079539066274,-0.122567925957234,0.0578739288336461
-2.50770194627894,-0.137401104955572,0.070529957976299
-2.47960541094019,-0.152078227723642,0.0739034756506416
-2.44649542616383,-0.166511512184215,0.0692332465899962
-2.40843373831638,-0.180677836914751,0.0582463091807424
-2.36553526927802,-0.194601019275424,0.0428474646456863
-2.31794863323154,-0.208327988667264,0.0249206624124655
-2.26583793940762,-0.22190351863409,0.00623692736217421
-2.20936531004415,-0.235345672215021,-0.011562830036686
-2.14867352890369,-0.248623126794921,-0.0269506026965365
-2.08386980439094,-0.261636170179216,-0.038498805149424
-2.01501395625954,-0.274204819254903,-0.0449046248690038
-1.94211658563599,-0.286069186389522,-0.0450715702015009
-1.86515382956383,-0.296907532059011,-0.0382508379394097
-1.78410355591023,-0.306374941137889,-0.0242205593678983
-1.69900188332815,-0.314159491219111,-0.00345304335448878
-1.61000898718891,-0.320044346920647,0.0228002709339258
-1.51746308894821,-0.32395738556713,0.0525725933855486
-1.42189841843501,-0.325990138495427,0.0834206959684678
-1.32401263086923,-0.326377691684682,0.112797586781831
-1.22458958878434,-0.3254466898322,0.138455738556397
-1.12440314568991,-0.323550448139348,0.158760887627326
-1.02413398483784,-0.321010893229245,0.172837001018122
-0.924321547595012,-0.318078875747142,0.180534741896641
-0.825355140051136,-0.314911792700177,0.182276828872126
-0.727493525399999,-0.311561764304416,0.178858148783841
-0.630896897652596,-0.3079666394655,0.171268250716134
-0.535657952153708,-0.303941222093582,0.160575963176205
-0.44182564447471,-0.299173280887247,0.147886897492811
-0.349422177309739,-0.293235766150485,0.134362357637854
-0.258458274611536,-0.285630096306558,0.12127287794132
-0.168952492895465,-0.275871516659191,0.110048506449424
-0.0809567242216193,-0.263613328971561,0.102280127920804
0.00541662652428599,-0.2487839355659,0.0996254902281078
0.0899765305259516,-0.231688704770564,0.103588452537204
0.172456229950042,-0.213022533668726,0.115177777635906
0.252542894418245,-0.193759586608152,0.134510588617783
0.329928456697208,-0.174931581683734,0.160486822949946
0.404365258370669,-0.157357782688529,0.190689698498109
0.475705737182945,-0.141422828325855,0.221625935466153
0.543910513168627,-0.126990017181212,0.249298577030238
0.609022448129388,-0.113483264679379,0.26995273597431
0.671118996081777,-0.100096258091006,0.280744141312398
0.730262949408686,-0.0860370318931379,0.280120030803903
0.786468613296799,-0.0707189473025766,0.267846534142046
0.839690360500625,-0.0538534937222521,0.244767292480516
0.889830925314493,-0.0354500806291246,0.212450730651371
0.936762388910408,-0.0157554846492875,0.172866708771161
0.980353530309,0.00483257109812522,0.128169206074319
1.02049952317862,0.0258553800853836,0.0805958679617772
1.05715245105377,0.0468776864884184,0.0324498271847625
1.090350613217,0.0675654262475447,-0.0138945880580742
1.12024218319908,0.0877558160881108,-0.0560280552240168
1.14709451074469,0.10751276432802,-0.0916422860797786
1.17127696519497,0.127151434095254,-0.118795734142631
1.19320798922887,0.147210352172584,-0.136286527915082
1.21326826842627,0.168354477033257,-0.144040489439516
1.23170166802203,0.191213953061394,-0.143361892854804
1.24854218954833,0.216196363046529,-0.136889202945638
1.26360356755753,0.243337740264419,-0.128183662371588
1.27654126707656,0.272255257283011,-0.121035110261178
1.28695944338821,0.302224062264677,-0.118707737215823
1.29451540393391,0.332344593801603,-0.123373853892073
1.29898466336376,0.361732047357021,-0.135881874429319
1.3002776831691,0.389665267679378,-0.155851928329083
1.29842268938533,0.415664554191062,-0.181980994806665
1.29353508246776,0.439502235932842,-0.212409904886075
1.28578894097388,0.461166741527517,-0.245037420401132
1.27539681157154,0.480802134220178,-0.27772428940342
1.26259745388549,0.498636559818924,-0.308382428252467
1.24764801900622,0.514903757669794,-0.334980276618282
1.2308163359954,0.529756733307172,-0.355515214029343
1.21236940721636,0.543174420974655,-0.368011199133611
1.1925556829615,0.554871281899628,-0.370595337843102
1.17158188482616,0.564234533721544,-0.361687744030172
1.14959061240829,0.570328122477867,-0.340300975869279
1.12665117894776,0.572005180486424,-0.306391496095883
1.1027780156499,0.568147802151854,-0.261153097805215
1.07798207382306,0.557999016446474,-0.207120022528202
1.05234049774006,0.541483334045888,-0.147979495309628
1.02605074681634,0.519370784888237,-0.0880787725590233
0.999436192779639,0.493170973688153,-0.0317226335930157
0.972896903956051,0.464758615753525,0.017548882087668
0.946833248113648,0.435874255971402,0.0574835056813084
0.921583454434811,0.40771390769073,0.0872919213447219
0.897400577841914,0.380760609225325,0.10747606582158
0.874466308469436,0.354867879504462,0.119453170663733
0.852920920237636,0.329490764880482,0.125166172947833
0.832887677715696,0.303938999941394,0.126816399684458
