0,0,0,0,0,0,0
-0.0411217160172095,-0.000519700216475205,1.58092474899972e-05,-0.00550542537336808,7.5312207891759e-06,3.1716214861945e-05,-1.8188473208675e-05
-0.123251278523472,-0.00155179731380491,4.66943380069002e-05,-0.0164841428893649,2.23296390290977e-05,9.49838735091048e-05,-5.39287530176754e-05
-0.205039530516801,-0.00256211481688396,7.53901080758249e-05,-0.0273666165101872,3.634234670597e-05,0.000157757219036693,-8.77741802061027e-05
-0.286259958352929,-0.00353656534472894,0.000100473396841992,-0.0380892076366341,4.90666794014902e-05,0.000219706665664543,-0.000118511867333049
-0.366687540315658,-0.00446169979098175,0.000120575820679292,-0.0485890582904499,6.00314530470647e-05,0.000280502296859566,-0.000145003871271726
-0.446099335796882,-0.00532494313904431,0.000134406019844283,-0.0588044040141306,6.88090576380635e-05,0.000339813320766505,-0.000166215999707884
-0.524275156945016,-0.00611481162895935,0.000140772069694531,-0.0686748980835203,7.50269609534525e-05,0.000397307291210782,-0.000181245348764597
-0.600998191689553,-0.00682110403897403,0.000138603791426675,-0.0781419283805431,7.837830260257e-05,0.000452649053593652,-0.000189345985520693
-0.676055665081129,-0.00743506270931774,0.000126974600162283,-0.087148935976176,7.86312305035791e-05,0.000505499626443009,-0.000189952171234245
-0.749239522339955,-0.00794949941531662,0.000105122358074359,-0.0956417301115346,7.56365768409622e-05,0.00055551523309318,-0.000182698401910887
-0.82034709651356,-0.00835888213132627,7.24685743697008e-05,-0.103568791239676,6.9333463993468e-05,0.0006023467516788,-0.00016743548706351
-0.889181794051106,-0.0086593808311552,2.8635213722621e-05,-0.110881562083173,5.97524652888982e-05,0.000645639942968021,-0.000144241874667347
-0.955553780558951,-0.00884887165349636,-2.65416637719741e-05,-0.117534720050275,4.70160136156364e-05,0.000685036782038292,-0.000113429447897041
-1.01928064955427,-0.00892690062230293,-9.30021811050568e-05,-0.123486424786865,3.1335863112182e-05,0.000720178182005504,-7.55431088734216e-05
-1.08018807478737,-0.00889460988938763,-0.000170457531176871,-0.128698536998027,1.30075441117823e-05,0.000750708323589706,-3.1353601774363e-05
-1.13811043971873,-0.00875463077467142,-0.000258390056598606,-0.133136804352072,-7.59809873493439e-06,0.000776280668524212,1.81567765665171e-05
-1.19289143380946,-0.00851094881455128,-0.000356058974952001,-0.136771010602432,-3.00460443993338e-05,0.000796565565828285,7.1815681327618e-05
-1.24438460883971,-0.00816874652703621,-0.000462512058753144,-0.139575085373077,-5.38505317953704e-05,0.000811259174084898,0.000128289254574287
-1.29245388861444,-0.00773422962590478,-0.000576603428717202,-0.141527173094419,-7.84903017593594e-05,0.000820093232194247,0.000186117189656916
-1.33697402704429,-0.00721444210455347,-0.000697017460285429,-0.142609660911583,-0.000103425064122328,0.000822845041788646,0.000243753497730682
-1.37783100920189,-0.00661707512439744,-0.000822298623283748,-0.142809166754857,-0.000128112548418599,0.000819346899334559,0.000299611826562236
-1.41492239262317,-0.00595027411705562,-0.000950886869171152,-0.142116490436704,-0.00015202546402784,0.000809494158659073,0.000352113888588445
-1.44815758801722,-0.00522244808352775,-0.00108115793210582,-0.140526532223121,-0.000174667688596324,0.000793251129994271,0.000399739308400958
-1.47745807804627,-0.00444208487990664,-0.0012114676056717,-0.138038184920909,-0.00019558902159286,0.000770654139589405,0.000441075016829608
-1.5027575757705,-0.00361757622327586,-0.00134019872540615,-0.134654206943269,-0.000214397889669868,0.000741811280458958,0.000474862227076883
-1.52400212742999,-0.002757056169093,-0.00146580925033025,-0.130381084540624,-0.000230771475318613,0.000706898661809111,0.000500039038968951
-1.54115016312222,-0.0018682569129693,-0.00158687951670341,-0.125228891683191,-0.000244462860393011,0.000666153288409322,0.000515776833081295
-1.55417250043261,-0.000958385669048089,-0.00170215651299232,-0.119211155531659,-0.000255304936009264,0.00061986303170146,0.000521508848128637
-1.56305230702351,-3.40260041111363e-05,-0.00181059293985157,-0.112344733953044,-0.00026321102187493,0.000568354450590174,0.000516949669313689
-1.56778502699585,0.000898933627239991,-0.00191137890140579,-0.104649709697326,-0.000268172345809458,0.000511979446401804,0.00050210477170666
-1.56837827570263,0.00183534243477015,-0.00200396436171139,-0.0961493031195873,-0.00027025273990425,0.000451101856725045,0.000477269736436203
-1.56485170641955,0.00277080045276255,-0.00208807096572554,-0.0868698028285325,-0.000269581087363359,0.000386085095925467,0.000443019252689515
-1.55723685088036,0.00370164321493006,-0.00216369243735536,-0.0768405111897183,-0.00026634218096133,0.00031728183171956,0.000400186498626482
-1.5455769350514,0.00462490021204033,-0.00223108346735308,-0.0660936999214506,-0.000260766713186081,0.000245026466010847,0.000349833927167756
-1.52992667047179,0.00553823062089612,-0.00229073771912906,-0.054664569805541,-0.000253121100946675,0.000169630890841591,0.000293216835738601
-1.51035202069333,0.00643984075633967,-0.00234335624244986,-0.0425912079983935,-0.000243697758486201,9.13836558705757e-05,0.00023174135453884
-1.48692994286855,0.00732838823663329,-0.00238980812698039,-0.0299145376193766,-0.000232806286320929,1.05523602855084e-05,0.000166918641480007
-1.45974810434122,0.00820287813886829,-0.00243108562510589,-0.0166782549166421,-0.000220765863768843,-7.26112081085186e-05,0.000100317115394337
-1.42890457419847,0.00906255633248038,-0.00246825619575264,-0.00292875066915234,-0.000207898944989497,-0.000157863881677408,3.35145088737905e-05
-1.39450749101059,0.00990680478066813,-0.00250241397038024,0.0112849855705753,-0.000194526189292637,-0.00024496269273135,-3.1948604855833e-05
-1.35667470749535,0.0107350430617474,-0.00253463303876102,0.0259114789791374,-0.000180962424170016,-0.000333656090123827,-9.46123487655603e-05
-1.31553341304434,0.0115466396416351,-0.00256592471207385,0.0408969002925501,-0.000167513356725913,-0.000423675612153061,-0.000153136910443714
-1.27121973558933,0.0123408356117133,-0.00259720057341321,0.056185212765776,-0.000154472718059124,-0.000514728716609356,-0.000206336761699995
-1.22387832375566,0.0131166827690493,-0.00262924270037057,0.0717183340735342,-0.000142119539299287,-0.000606493301511801,-0.000253209009304537
-1.17366190973732,0.0138729970457747,-0.00266268196777253,0.0874363121111976,-0.000130715306405425,-0.000698614253236793,-0.000292955409778165
-1.12073085330892,0.0146083274164872,-0.0026979848402913,0.103277513776394,-0.000120500809219299,-0.00079070215494814,-0.000324997817169346
-1.06525266654316,0.0153209395654903,-0.00273544857553723,0.119178826215584,-0.000111692574210581,-0.000882334100499065,-0.000348987045522441
-1.0074015195909,0.0160088127629962,-0.00277520430617306,0.13507586990343,-0.000104478839074357,-0.00097305639987654,-0.000364805310868191
-0.947357726801166,0.0166696476472034,-0.00281722708600165,0.150903223246795,-9.9015083065423e-05,-0.00106238884942816,-0.000372562569252762
-0.885307211125956,0.0173008819224275,-0.00286135169090284,0.166594658662029,-9.54191682143921e-05,-0.00114983017697064,-0.000372587184960919
-0.82144094641401,0.0178997103343954,-0.00290729277531373,0.182083389401212,-9.37661759094846e-05,-0.00123486425427306,-0.000365411446316975
-0.755954376039773,0.0184631047418546,-0.00295466790755408,0.197302326535484,-9.40830458621838e-05,-0.00131696670302086,-0.000351752500661551
-0.689046807292325,0.0189878295953429,-0.00300302203373657,0.212184345118202,-9.63431493775008e-05,-0.00139561158917763,-0.000332489308022184
-0.620920780532616,0.0194704476895308,-0.00305185204027253,0.226662558582934,-0.000100460965571138,-0.00147027799828711,-0.000308636220797318
-0.551781410568508,0.0199073106734627,-0.00310063027867428,0.240670600779534,-0.000106287088673242,-0.00154045639647307,-0.000281313791595472
-0.481835699201308,0.0202945285204202,-0.00314882616311705,0.254142914741728,-0.000113603886936511,-0.00160565478887291,-0.000251717402486916
-0.411291820266893,0.0206279121729949,-0.00319592523932517,0.267015046983467,-0.000122122267983799,-0.00166540477816529,-0.000221084305068285
-0.340358376974577,0.0209028842364222,-0.00324144545205762,0.279223946621322,-0.000131480188842117,-0.00171926768918662,-0.000190659666032755
-0.269243633112277,0.021114354367407,-0.00328495070124741,0.290708268419365,-0.000141243780650107,-0.00176684093882331,-0.000161662235845712
-0.198154721554798,0.0212565596833166,-0.00332606217860062,0.301408678525146,-0.000150912221691631,-0.00180776478146903,-0.000135250301335492
-0.127296838332808,0.0213228770095659,-0.00336446839123925,0.311268160954791,-0.000159927744876167,-0.00184172943635001,-0.000112488648463082
-0.0568724305157025,0.0213056239678487,-0.00339993515599771,0.32023232278268,-0.00016769232034409,-0.00186848239934318,-9.43173441603574e-05
0.0129196133206306,0.0211958800430841,-0.00343231704869432,0.328249695636573,-0.000173592468205013,-0.00188783545991993,-8.15232422357219e-05
0.0818847536208882,0.0209833758255414,-0.00346157162333503,0.335272029541188,-0.000177033132074177,-0.00189967060861438,-7.47152170011927e-05
0.14983355721129,0.0206565152387679,-0.00348777694215663,0.341254574905077,-0.000177480376147992,-0.00190394370663715,-7.430419988785e-05
0.216582405329982,0.0202026052725276,-0.0035111513896872,0.346156347401504,-0.000174510735003287,-0.00190068459891862,-8.04891069260995e-05
0.281954139389302,0.0196083614677711,-0.00353207243856091,0.349940369868533,-0.00016786247189375,-0.00188999243269962,-9.32496482247204e-05
0.345778637112456,0.0188607260927666,-0.00355108845571333,0.352573885053623,-0.000157481325344974,-0.00187202543119226,-0.000112346754950374
0.407893314285826,0.0179479759180506,-0.00356891576205657,0.354028533098425,-0.000143551532686974,-0.00184698531280296,-0.000137330916885539
0.46814355734479,0.0168610154997789,-0.00358641325468804,0.354280489391964,-0.000126503211847796,-0.00181509780663094,-0.000167558122458177
0.526383102899631,0.0155946723022577,-0.00360452993709134,0.353310560909443,-0.000106990390690975,-0.00177659193682442,-0.000202212440426284
0.582474378180266,0.0141487640638504,-0.00362422659198594,0.351104242037453,-8.5839873731948e-05,-0.00173168145432303,-0.000240333736519228
0.6362888107703,0.0125287238018124,-0.00364638001411908,0.347651734124674,-6.39781124768771e-05,-0.00168055158841052,-0.000280848745943151
0.687707112659169,0.0107456492488233,-0.00367168406603798,0.342947935173234,-4.23487793327825e-05,-0.00162335310921502,-0.000322603808231993
0.736619529677696,0.00881576804300794,-0.00370056388810382,0.336992406759274,-2.18356334471086e-05,-0.00156020392300067,-0.000364397944936771
0.782926041646089,0.00675943374758867,-0.00373311698498262,0.329789324127564,-3.20282231609036e-06,-0.00149119670710119,-0.000405015452708934
0.826536500111573,0.00459984902066203,-0.00376908873947669,0.321347412715579,1.29408088702657e-05,-0.00141641002592335,-0.000443257587912511
0.867370687767638,0.0023617314459369,-0.00380788260724911,0.311679872750714,2.61531900089666e-05,-0.00133592022372075,-0.00047797309401782
0.905358291420198,7.01012461761814e-05,-0.00384859925756822,0.300804292612558,3.61510326947322e-05,-0.00124981199837995,-0.000508087276910098
0.940438795166478,-0.00225069702596679,-0.00389009561724706,0.28874254981008,4.27895507127977e-05,-0.00115818652007589,-0.000532629156531431
0.972561300325694,-0.00457769615743347,-0.00393105419060772,0.275520700467659,4.60370524548151e-05,-0.00106116690597801,-0.000550756021303613
1.00168428469874,-0.00688974286423705,-0.00397005437301825,0.261168859012579,4.59499557031521e-05,-0.00095890150278796,-0.000561774598678642
1.02777531806338,-0.00916771263843441,-0.00400563969586717,0.245721070893327,4.26515829621272e-05,-0.000851565709972628,-0.000565158069879701
1.05081075075321,-0.0113945577777352,-0.00403637720232601,0.229215181302004,3.63160810170438e-05,-0.000739363058167767,-0.000560558287681722
1.07077539260491,-0.013555241361247,-0.00406090700618081,0.211692702635909,2.71573498221544e-05,-0.000622526060348519,-0.000547812776960621
1.08766219430797,-0.0156366003046308,-0.00407798139173928,0.193198685760817,1.542203745384e-05,-0.000501317115221293,-0.000526946363066381
1.10147194845362,-0.0176271700278229,-0.00408649365343819,0.173781593998083,1.38534449390521e-06,-0.000376029468998958,-0.000498167540138094
1.11221302045244,-0.0195169923475182,-0.00408549735546083,0.153493181292943,-1.46515793676892e-05,-0.00024698809265406,-0.000461859936069345
1.11990111737599,-0.0212974200318001,-0.00407421695281109,0.13238837361574,-3.23636360045317e-05,-0.000114550229091151,-0.000418569424358597
1.12455910218594,-0.0229609256237537,-0.00405205085832321,0.110525149973911,-5.14038716203364e-05,2.08946691745317e-05,-0.000368987572202191
1.12621685493305,-0.0245009176931413,-0.00401856809968747,0.0879644222957126,-7.14060673556144e-05,0.000158925832985189,-0.000313932198076484
1.12491118241481,-0.0259115653634904,-0.00397349973372148,0.0647699101851745,-9.19880010929709e-05,0.000299093068775925,-0.000254325831520616
1.12068577420151,-0.0271876301513716,-0.00391672617111454,0.0410080080916994,-0.000112755386786951,0.000440919719201519,-0.000191172843171699
1.11359120084522,-0.0283243031330214,-0.00384826152626932,0.0167476424563174,-0.000133306401603232,0.000583906671889537,-0.000125535946346817
1.10368494822709,-0.0293170447326105,-0.00376823605297556,-0.00793988243502494,-0.000153236676968157,0.000727537311421561,-5.85126792885341e-05
1.09103148100375,-0.0301614239528595,-0.00367687767020996,-0.0329810494329276,-0.00017214464839608,0.000871283240842545,8.78762919282506e-06
1.07570232713334,-0.0308529536908641,-0.00357449353239453,-0.0583003037964916,-0.000189637224232005,0.00101461056191301,7.52660231124931e-05
1.05777617368406,-0.0313869188404274,-0.00346145257154954,-0.0838202388072746,-0.000205335839251473,0.00115698649084136,0.000139854935108735
1.0373389634583,-0.031758194272893,-0.003338169965435,-0.109461790414572,-0.000218883104088511,0.00129788607969091,0.00020153786903067
1.01448398192249,-0.0319610509400904,-0.0032050945780045,-0.135144438790227,-0.000229950454491883,0.00143679882124402,0.000259367636998395
0.989311922631821,-0.0319889507174071,-0.00306270058113775,-0.160786416180341,-0.000238247456701831,0.0015732349361469,0.000312483096914528
0.961930923382761,-0.0318343478943576,-0.00291148603329956,-0.18630491872961,-0.000243533445764842,0.00170673121100126,0.000360124370694207
0.932456542890286,-0.0314884454502549,-0.0027519737541988,-0.211616328050957,-0.000245634311269983,0.00183685579670369,0.000401646549019116
0.901011699790725,-0.0309410551455915,-0.00258472934162188,-0.236636432431284,-0.000244463437899466,0.00196321232949149,0.000436531905442292
0.867726529435624,-0.0301804818454266,-0.00241038635171794,-0.261280658563872,-0.000240051700934165,0.00208544219520289,0.000464400674718988
0.832738163043508,-0.0291935603134321,-0.00222968715293622,-0.28546430998211,-0.000232587590367032,0.00220322442420519,0.000485020493839078
0.796190414283458,-0.0279659380497,-0.0020435399881153,-0.309102815270103,-0.000222469654536577,0.00231627185485137,0.000498314680648556
0.758233363895466,-0.0264827520939717,-0.0018530918919725,-0.332111986775732,-0.000210371544867414,0.0024243216534796,0.000504369609459522
0.719022833749235,-0.0247298870619072,-0.00165981278236741,-0.354408290505782,-0.000197316172238213,0.0025271176756615,0.000503441494461161
0.678719741196762,-0.0226960133431767,-0.00146557858182863,-0.37590912892853,-0.000184748665143741,0.00262438189328653,0.000495962798974515
0.637489327895336,-0.0203755455175394,-0.00127273053416883,-0.396533137934552,-0.000174587626818819,0.00271577281118114,0.000482548068446149
0.595500258854553,-0.0177724732337472,-0.00108407595375992,-0.416200502087459,-0.000169222249554173,0.00280083136444811,0.000463998021715686
0.552923590321331,-0.014904646465946,-0.000902788172002055,-0.434833297018119,-0.000171414566886438,0.00287891987311723,0.00044129910867523
0.509931629163549,-0.0118076357913314,-0.000732172646561565,-0.452355867821048,-0.000184070657907469,0.0029491678349126,0.000415613763623356
0.466696676701812,-0.0085366851883113,-0.000575294884748476,-0.468695270103929,-0.000209874997461254,0.0030104440449034,0.000388255104865329
0.423389720875833,-0.00516537050229588,-0.000434531016046381,-0.483781776280082,-0.000250835533759047,0.00306137869528749,0.000360640659549883
0.38017910081242,-0.00178008982603552,-0.000311159580338871,-0.497549452676749,-0.000307851824118062,0.00310044838668334,0.000334223909661758
0.337229181908039,0.00152901778206078,-0.000205141251609814,-0.50993678286785,-0.000380449610114802,0.00312611695377124,0.000310409747818987
0.294699062036775,0.0046785748030242,-0.000115186713331322,-0.520887291202593,-0.000466790006499348,0.0031370009820866,0.000290466983484223
0.252741314788366,0.00760096888855283,-3.91044238133491e-05,-0.530350111903398,-0.000563962858744425,0.00313201604852402,0.000275453551434932
0.211500759571352,0.0102495309144685,2.56912902274561e-05,-0.538280467182628,-0.00066846469749691,0.00311046707878009,0.000266165970527812
0.171113348890355,0.0125991439938581,8.1680553801313e-05,-0.544640001778516,-0.000776706759726842,0.00307206988420658,0.00026311681274176
0.131705076740625,0.014643212855102,0.000130879579229963,-0.549397040179023,-0.000885418473195166,0.0030169147229333,0.000266535237292506
0.0933910795334159,0.0163887053970766,0.000174678862585201,-0.552526725081002,-0.000991883863999116,0.00294539766101163,0.000276383267180028
0.0562749157937832,0.0178509613584756,0.000213855660195104,-0.554011080336054,-0.00109401710429685,0.00285814455788964,0.000292380151874103
0.0204480639635726,0.0190493448443604,0.000248699691600876,-0.553839004732609,-0.00119032448455001,0.00275594447713789,0.000314030146037474
-0.0140103375349652,0.0200041634598013,0.000279186279031178,-0.552006196442256,-0.00127980770597423,0.00263969945476611,0.000340651782272618
-0.0470335717564517,0.0207347811740938,0.000305151020223054,-0.548515039626684,-0.00136185178573151,0.00251039063089749,0.000371407865325537
-0.0785671288307865,0.0212587112137769,0.000326431954888064,-0.543374394141362,-0.00143612269656933,0.00236905695969178,0.000405337329153186
-0.108568349592213,0.0215913299172069,0.000342973957359201,-0.536599356291643,-0.00150248606346023,0.00221678222844966,0.000441388094157655
-0.137005878564886,0.02174597359113,0.000354892251304636,-0.528210963577388,-0.00156094818184918,0.00205468649656538,0.000478451067032465
-0.163858966746971,0.0217342245734123,0.00036250066571612,-0.518235858975193,-0.00161161620778668,0.00188391916724197,0.00051539441357852
-0.189116651268391,0.0215662651289208,0.000366311661716123,-0.506705925083948,-0.00165467279407927,0.00170565192253776,0.000551097045867954
-0.21277684077091,0.0212512291604552,0.000367015239132513,-0.493657899273517,-0.00169036059010179,0.0015210705671116,0.000584480149986274
-0.234845335600711,0.0207975161763148,0.000365443109215648,-0.479132981053909,-0.00171897286183356,0.00133136541994769,0.000614535620881189
-0.255334811790525,0.020213053096003,0.000362523574627483,-0.463176442178842,-0.00174084747996795,0.00113772030144495,0.000640350432087491
-0.274263796380445,0.019505501414426,0.000359231651081968,-0.445837249069181,-0.00175636241566434,0.000941300439422286,0.000661126209945768
-0.291655660449768,0.0186824133327172,0.000356538178340172,-0.427167705135304,-0.00176593159391607,0.00074323978509954,0.000676193569864449
-0.307537653698778,0.017751343139534,0.000355360994680361,-0.407223118751935,-0.0017700004779214,0.00054462832636549,0.00068502107259564
-0.321940001318434,0.01671992093103,0.000356520653770102,-0.386061500811864,-0.00176904112382295,0.000346500018968011,0.000687218946732797
-0.334895081084503,0.015595895610509,0.000360702603592558,-0.363743293480711,-0.00176354668862433,0.000149821928401805,0.000682537980603376
-0.346436695287685,0.0143871535323396,0.000368427198882575,-0.340331129368289,-0.00175402552480896,-4.45148993809002e-05,0.000670864195886441
-0.356599448519084,0.0131017184446926,0.000380028371237378,-0.315889618143169,-0.00174099507863365,-0.00023570243054615,0.000652210067962582
-0.365418238519902,0.0117477376630285,0.000395641244857588,-0.290485155694423,-0.00172497584421781,-0.000423020224994108,0.000626703149991501
-0.372927864208032,0.0103334585745751,0.000415198483270131,-0.264185746637032,-0.00170648562488241,-0.000605837495362233,0.000594572986544754
-0.379162750552271,0.00886719887297904,0.000438434708027278,-0.237060828627253,-0.00168603432980676,-0.000783612673162966,0.000556137175257801
-0.384156786233079,0.00735731290874173,0.000464897980569934,-0.209181078399486,-0.00166411949248771,-0.000955890674595653,0.000511787348306118
-0.387943264326289,0.00581215567250815,0.000493967086416478,-0.180618172510697,-0.00164122265075731,-0.00112229817328639,0.000461975718831009
-0.390554908283783,0.0042400455807742,0.000524873210276085,-0.151444477231976,-0.0016178066909761,-0.00128253721496885,0.000407202697462415
-0.392023959209117,0.00264922925526706,0.000556724482974945,-0.121732685852636,-0.00159431426198394,-0.00143637731382923,0.000348006028768988
-0.392382311273765,0.0010478630257582,0.000588531689225085,-0.0915556482199937,-0.00157116749763593,-0.00158364520664802,0.000284952267224142
-0.391661763247357,-0.000555956086273354,0.000619233366613199,-0.0609870169518624,-0.00154876944565863,-0.00172421028299615,0.000218632232316597
-0.389894561231741,-0.00215410369264166,0.000647719808573705,-0.030102915459729,-0.00152750702820692,-0.00185796655823098,0.000149661136158882
-0.38711424662474,-0.00373837013127405,0.000672857778638816,0.00101688523119614,-0.00150775404571943,-0.00198481890905369,7.86797539171471e-05
-0.3833564928084,-0.00530049988179091,0.000693516841673421,0.0322896501966876,-0.00148987326333001,-0.00210467786342854,6.35259387444633e-06
-0.378659710754501,-0.00683226648781809,0.000708595227853626,0.0636311615751776,-0.00147421863905774,-0.00221745642597796,-6.6635412746325e-05
-0.373065521586298,-0.00832551165449388,0.000717043443770652,0.0949566299103754,-0.00146113866382369,-0.00232306355581456,-0.000139580904130166
-0.366619222847871,-0.00977215002592139,0.000717885778712012,0.1261810005323,-0.00145098054000903,-0.00242139545958237,-0.000211762939038862
-0.359370271105458,-0.0111641608385604,0.000710240331488063,0.157219017026041,-0.00144409463969842,-0.00251232689536649,-0.000282444054448677
-0.351372756699537,-0.0124935779191659,0.000693337889242112,0.187985242644567,-0.00144083884937726,-0.00259570353246537,-0.000350872630882198
-0.342685842965377,-0.0137524811830893,0.000666539675287233,0.218394094729855,-0.00144158253065595,-0.00267133569550906,-0.000416287311095086
-0.333374144733318,-0.0149329898742855,0.000629353728592432,0.248359903961859,-0.0014467098709252,-0.00273899364930383,-0.000477924027998111
-0.323508024584584,-0.0160272562974781,0.000581449430037474,0.277796995671919,-0.00145662242959284,-0.00279840455449184,-0.000535026029731856
-0.313163788120726,-0.0170274577466517,0.000522669446202608,0.306619787725331,-0.00147174072826187,-0.00284925123832982,-0.000586857109902313
-0.302423760082466,-0.0179257834087607,0.000453038128433382,0.334742904865388,-0.00149250479981282,-0.00289117294093959,-0.000632718051145527
-0.291376225154505,-0.0187144116166089,0.000372765221399647,0.362081309873515,-0.00151937370398642,-0.00292376817174692,-0.000671966047668958
-0.280115219168356,-0.0193854711486741,0.000282243625554524,0.388550453722742,-0.00155282413279389,-0.00294659975110108,-0.000704036609966637
-0.268740158441718,-0.019930978218373,0.00018203995198255,0.414066449450708,-0.00159334835743057,-0.00295920201053638,-0.000728467186553186
-0.257355307411465,-0.0203427505715193,7.28794868758043e-05,0.438546271511575,-0.00164145198681914,-0.00296108973204242,-0.000744921553983743
-0.246069035877946,-0.020612224228093,-4.43887308467375e-05,0.461908003237496,-0.00169765153338773,-0.00295176965108342,-0.000753213352109571
-0.234992946528058,-0.020730271765852,-0.000168820855755833,0.484071107914661,-0.00176247314189882,-0.00293075155474676,-0.000753328055020384
-0.224240799746959,-0.0206868857954612,-0.000299426497028785,0.50495675835862,-0.00183645193522029,-0.00289756044880121,-0.000745441192469137
-0.213927282228593,-0.02047075452921,-0.000435222574778675,0.524488216147281,-0.00192013232904755,-0.00285174754834199,-0.000729931656600589
-0.20416662891992,-0.0200686853164795,-0.000575292608828986,0.542591265180589,-0.00201406840533928,-0.00279289899540938,-0.00070738867426053
-0.195071121039481,-0.0194648389632034,-0.000718846985267376,0.559194699587802,-0.00211882219249193,-0.00272064084757641,-0.000678611338775887
-0.186749489726146,-0.0186397389946563,-0.000865277090069657,0.574230862333408,-0.00223495555705521,-0.00263463889972077,-0.000644599954455056
-0.179305261017793,-0.0175690334424012,-0.00101419242838832,0.587636227683457,-0.00236300814988101,-0.00253459219148705,-0.000606538881376341
-0.172835083124324,-0.0162220252663071,-0.00116542461771884,0.599352017879191,-0.00250344919503996,-0.00242021982044195,-0.000565771016962616
-0.167427081192067,-0.0145600736129707,-0.00131897533259042,0.609324841407062,-0.00265658486084069,-0.00229124227275695,-0.000523764419066559
-0.163159285765726,-0.0125351360114589,-0.00147487764707113,0.617507339547934,-0.00282239640092147,-0.00214736140409431,-0.000482071715011071
-0.160098177628626,-0.0100890144768626,-0.00163293462349855,0.623858828771686,-0.00300028011126192,-0.00198824808841575,-0.000442282667985228
-0.158297380495441,-0.00715431709951428,-0.00179230248417914,0.628345929416616,-0.00318866519548768,-0.00181355380391697,-0.0004059694121181
-0.157796510001976,-0.00365870765746223,-0.00195091176153526,0.630943176216407,-0.00338451225310125,-0.00162297121523391,-0.000374622424470653
-0.158620151704279,0.000465551091836662,-0.00210478750784093,0.631633609960958,-0.00358275980516839,-0.00141637518908657,-0.00034957384308347
-0.160776900961467,0.00526504050886284,-0.00224745232071923,0.630409346056383,-0.00377589830849078,-0.00119407021345088,-0.000331904911996577
-0.164258385412918,0.0107418268501378,-0.0023697505707577,0.627272095212589,-0.00395398392546188,-0.000957138521453924,-0.000322339033804905
-0.169038265308792,0.0168277393718352,-0.00246051730230115,0.622233566944492,-0.00410545976715767,-0.000707816078860655,-0.000321133742749575
-0.175071416923994,0.0233661641419531,-0.0025083545589081,0.615315629339774,-0.00421897221910959,-0.000449739821978363,-0.000328001797804643
-0.182293788837992,0.0301138392544134,-0.0025042620701289,0.60655007181795,-0.00428587475950765,-0.000187873839675339,-0.000342102154098459
-0.19062353656633,0.036769845130374,-0.00244420429947115,0.595977882177568,-0.00430252077974981,7.19876131079121e-05,-0.000362129223396806
-0.199963719817242,0.0430257543499507,-0.00233042790773781,0.583648110241126,-0.0042712706934129,0.000324033397576331,-0.00038648861497527
-0.210206117323208,0.0486182820596847,-0.00217088168786802,0.569616587454367,-0.00419970162361064,0.000563264317503799,-0.000413505541019724
-0.221235273254211,0.0533647281963486,-0.0019770958921352,0.553944768233772,-0.00409846504868629,0.000786031577859097,-0.000441598166767908
-0.232931760909955,0.0571721065880858,-0.0017615898876532,0.536698892306725,-0.00397882456027662,0.000990160439020691,-0.00046937494698147
-0.245174386321202,0.0600246071985455,-0.00153579764588612,0.5179494288751,-0.00385078010405828,0.00117473875294815,-0.000495658976454118
-0.257841495132619,0.0619606229324662,-0.0013089471222996,0.497770682573771,-0.00372212645116782,0.00133975351149468,-0.000519466739800187
-0.270811809155928,0.0630494932207781,-0.00108779873827172,0.476240434112387,-0.00359830912759966,0.00148573181045058,-0.000539971704763289
-0.283965141259864,0.0633734032839277,-0.000876913346455595,0.453439547363918,-0.00348274615572741,0.00161346628930809,-0.000556471902227057
-0.297183157967608,0.0630156619497908,-0.00067913328443384,0.42945153111942,-0.0033773171495494,0.00172383958454012,-0.000568368443545116
-0.310350213752164,0.0620543184131936,-0.000496073350631153,0.404362073281629,-0.0032828373760668,0.00181772882706937,-0.000575154417506316
-0.323354208065436,0.0605594369982987,-0.000328528081110851,0.378258572285176,-0.00319943889925522,0.00189596299012256,-0.00057641079801449
-0.336087398053504,0.0585925383722908,-0.000176771980084576,0.35122968724083,-0.00312684487217377,0.00195931002287863,-0.000571805927518222
-0.348447110654433,0.0562071529080312,-4.0763219484597e-05,0.323364920113073,-0.00306455202286116,0.00200847811424483,-0.000561096114056942
-0.360336316399404,0.0534498378939463,7.97275742463655e-05,0.294754236977275,-0.00301194443192982,0.00204412195025623,-0.000544125956537935
-0.371664045800357,0.0503613022643735,0.000185041802692405,0.26548772886566,-0.00296836007654741,0.00206684936415324,-0.000520827840647695
-0.382345652760371,0.046977473250094,0.000275594236305823,0.235655305563415,-0.00293312699688806,0.00207722650113128,-0.00049122063922321
-0.392302875895118,0.0433303964363791,0.000351851590992787,0.205346441559112,-0.00290558010979736,0.00207578122301521,-0.000455407500758891
-0.401463821805296,0.0394490364600064,0.000414332889684699,0.174649915988312,-0.00288506816309101,0.0020630048678568,-0.000413573820656317
-0.409762762959549,0.035359901321151,0.000463611061237064,0.143653592337032,-0.00287095402816004,0.00203935317590176,-0.000365984891077823
-0.417139830359076,0.0310875542177303,0.000500319152009311,0.11244419829029,-0.00286261228395167,0.00200524687766288,-0.000312983884674676
-0.423540601319829,0.0266550232823753,0.00052515688497853,0.0811071005414944,-0.00285942564250008,0.00196107249867189,-0.000254990170753965
-0.428915594523294,0.0220841265946342,0.000538895843907959,0.0497260597040505,-0.00286078118456074,0.00190718377390472,-0.000192497912937415
-0.433219678662107,0.0173957277847619,0.000542382230868534,0.0183829586127596,-0.00286606690162089,0.00184390393093513,-0.000126074784497202
-0.436411393987793,0.0126099394715257,0.000536536655316785,-0.0128424700250469,-0.00287466874815373,0.00177152904565253,-5.63606106319803e-05
-0.438452185670472,0.00774630711400621,0.000522350920904347,-0.043872782023574,-0.00288596818043276,0.00169033292194411,1.59340428714098e-05
-0.4393055849561,0.00282404679477179,0.000500882479165658,-0.0746324458101301,-0.00289933989720405,0.00160057491629703,9.00286930664828e-05
-0.438936504064648,-0.00213755278292279,0.000473248037948816,-0.105046390490585,-0.00291414931241717,0.00150251357651889,0.000165072049010974
-0.437310955155958,-0.00711857408240063,0.000440617355109926,-0.13503769173599,-0.00292974989202658,0.00139642744621864,0.000240140465037462
-0.434396278055963,-0.0120980833258374,0.000404205147594275,-0.164526395405212,-0.00294548208162461,0.0012826368391122,0.000314242011498529
-0.43016141208063,-0.0170542003658525,0.000365257426519188,-0.193431020317453,-0.0029606755630837,0.00116151752500951,0.000386331601559988
-0.424576757253068,-0.0219644035094883,0.00032503264037633,-0.221671210731197,-0.00297465414997836,0.00103350711635318,0.000455333832256036
-0.417613730929015,-0.0268056934618668,0.000284781728268795,-0.249169359988323,-0.00298674165996233,0.000899111345213308,0.000520167384779691
-0.409244340992084,-0.0315545453221802,0.000245729615149717,-0.275850963990859,-0.00299626843965307,0.000758912783710026,0.000579769650257203
-0.39944092750439,-0.0361867505081678,0.000209058032619043,-0.30164441468108,-0.00300257927153491,0.000613580136318106,0.000633122939487115
-0.388176089052675,-0.0406772233283333,0.000175888472632945,-0.326480702475725,-0.00300504361330771,0.000463875982902994,0.000679282977262185
-0.375422777740197,-0.044999799853708,0.000147263615230955,-0.350293176611341,-0.0030030692600271,0.00031066171642747,0.000717409300894688
-0.361154546390477,-0.0491270435794658,0.000124124929306365,-0.373017390876821,-0.0029961208772358,0.000154898910989833,0.000746796577105954
-0.345345937432865,-0.053030079051701,0.000107283361731743,-0.394591024987543,-0.00298374540325624,-2.35340949857834e-06,0.000766905515545348
-0.327973000950502,-0.0566784976959662,9.73793203950297e-05,-0.414953873375755,-0.00296560692415839,-0.000159946175450752,0.000777391893013093
-0.309013924843088,-0.0600404166297609,9.48279767641157e-05,-0.434047896426948,-0.00294153395228075,-0.000316653180114789,0.000778132138959483
-0.288449751952234,-0.0630828218192832,9.97470708264981e-05,-0.451817330998252,-0.00291158142779062,-0.000471190856010962,0.00076924396035973
-0.266265147134182,-0.0657723855823712,0.000111868113938397,-0.468208859952603,-0.0028761070569689,-0.000622247063765288,0.000751100585945232
-0.242449168011965,-0.0680769904026417,0.000130439706640178,-0.483171839314927,-0.00283585527182512,-0.000768521709352564,0.000724337324292951
-0.216995988238997,-0.0699681652924669,0.000154144517522452,-0.496658583467478,-0.0027920309773349,-0.000908781808003563,0.000689849179698466
-0.189905536524102,-0.0714244655160231,0.000181067411807288,-0.508624709466699,-0.00274633055481154,-0.00104193115241898,0.000648778184133009
-0.161184057457488,-0.0724354285385659,0.000208763473283919,-0.519029543260067,-0.0027008858946574,-0.00116708866853607,0.000602488937141378
-0.130844670250988,-0.0730051526870679,0.000234466538052479,-0.527836591382652,-0.00265808191756866,-0.00128366008525293,0.000552530909346269
-0.0989080721802234,-0.0731540367171316,0.00025543698901764,-0.53501407616622,-0.00262024343138043,-0.00139137872889803,0.000500586939744133
-0.0654035419586767,-0.0729172756971952,0.000269375989391849,-0.540535518575283,-0.00258925204149359,-0.00149029111442481,0.000448409502654339
-0.0303702961894775,-0.0723396970265151,0.000274769803480686,-0.544380332028391,-0.00256621577747007,-0.00158067822963496,0.000397749366582481
0.00614094319465346,-0.071468154070509,0.000271027767836986,-0.546534375546799,-0.00255132136257454,-0.00166293037674762,0.000350283661432516
0.0440664846693158,-0.070343958725365,0.000258361682730063,-0.546990417548345,-0.00254392762094607,-0.00173741588459525,0.000307550368334274
0.083328637019321,-0.0689977763584713,0.000237473836338953,-0.545748482408304,-0.00254284845702677,-0.00180438535883293,0.000270893644886925
0.12383530134929,-0.067448081145595,0.000209193639680038,-0.542816078162478,-0.00254670035059198,-0.00186393276689545,0.000241420952605437
0.165480173863851,-0.0657026770632897,0.000174190024053841,-0.53820831917803,-0.00255419314952998,-0.00191600823003455,0.000219970792694717
0.208143417338908,-0.0637618922114783,0.000132818364461828,-0.531947957893724,-0.00256430156859537,-0.00196046127892059,0.000207089650365102
0.25169263376281,-0.0616220603988508,8.50927060930045e-05,-0.524065332329892,-0.00257631790716479,-0.00199709198703467,0.000203017652809682
0.295984013179869,-0.0592784197350895,3.07390572694066e-05,-0.514598229191526,-0.00258982203824288,-0.00202569498880687,0.000207683305426229
0.340863590835584,-0.0567271161168236,-3.07171757430765e-05,-0.503591660493703,-0.00260461071296553,-0.00204609029250752,0.000220707905415846
0.386168581392443,-0.0539663636219445,-9.98627850551785e-05,-0.491097554427908,-0.00262061795309705,-0.0020581408833357,0.000241419888665519
0.43172877627074,-0.0509969661609756,-0.000177324412958146,-0.477174365547126,-0.00263784453403391,-0.00206175986811798,0.000268878742403429
0.477367990320199,-0.0478224208936631,-0.000263717356591165,-0.46188661392165,-0.00265630377453516,-0.00205691044703328,0.000301907485316238
0.522905539084919,-0.0444487806049088,-0.000359613968100125,-0.445304366074767,-0.0026759844314368,-0.00204360153040929,0.000339132228479846
0.568157722068784,-0.0408843969674109,-0.000465527385347958,-0.427502672427031,-0.00269682851519465,-0.00202188111668197,0.000379027033544381
0.612939285139684,-0.0371396198961588,-0.000581905907850559,-0.408560976077913,-0.00271872092465063,-0.00199182894367102,0.000419962173603055
0.657064836047909,-0.0332264951345398,-0.000709133956511819,-0.388562506699032,-0.00274148788499602,-0.00195354949388686,0.000460253943620948
0.700350189623439,-0.0291584812562557,-0.000847536488189668,-0.367593671680536,-0.00276490162881463,-0.00190716614155443,0.000498214320081028
0.742613623108445,-0.0249501950816498,-0.000997384616617674,-0.345743454956555,-0.00278868927309071,-0.0018528170165343,0.000532198992922306
0.783677027036614,-0.0206171879159154,-0.00115890088897309,-0.323102831974982,-0.00281254429331934,-0.00179065297877809,0.000560652551749086
0.823366943175519,-0.0161757516585709,-0.00133226317236297,-0.299764206843585,-0.00283613935156157,-0.00172083791636439,0.000582149872963933
0.861515484088745,-0.011642752570857,-0.00151760644505159,-0.275820876748185,-0.00285913950872339,-0.00164355139515148,0.000595432999325915
0.897961133186999,-0.00703548997174718,-0.00171502203685011,-0.251366527086208,-0.00288121506838762,-0.00155899349669374,0.000599443017347997
0.932549427154776,-0.00237157708745051,-0.00192455406578906,-0.226494759613916,-0.00290205348060819,-0.00146739149643729,0.000593346611466852
0.965133524442247,0.00233115857206345,-0.00214619301189748,-0.201298655203664,-0.00292136989475638,-0.00136900787038884,0.000576557105204042
0.995574666304871,0.007054757961668,-0.00237986657992621,-0.175870371206014,-0.00293891609913371,-0.00126414898413569,0.000548749891790485
1.02374253764416,0.0117811988882943,-0.0026254282133022,-0.150300772886649,-0.00295448771999273,-0.0011531737307486,0.000509872214634716
1.04951553535777,0.0164924523705675,-0.00288264381793178,-0.124679098325074,-0.00296792966945326,-0.0010365013499586,0.00046014729142308
1.07278095447232,0.0211705295084384,-0.00315117743779088,-0.0990926541604193,-0.00297913992341224,-0.000914617671891979,0.000400072787615873
1.09343510214696,0.0257975211754529,-0.00343057673184751,-0.0736265399427002,-0.00298807176555784,-0.000788079100964569,0.000330413649491308
1.1113833494524,0.0303556325798184,-0.00372025913950427,-0.0483633995689442,-0.00299473464755043,-0.000657513777868885,0.000252189310728575
1.12654013251843,0.0348272148291706,-0.0040194996090225,-0.0233831971433042,-0.00299919378813781,-0.00052361951155374,0.000166655293070016
1.13882891337077,0.039194795202539,-0.00432742066223345,0.00123698355577587,-0.00300156856842918,-0.000387158273294038,7.52792493803291e-05
1.14818211028884,0.0434411075383814,-0.00464298543283834,0.0254231155377832,-0.00300202969136664,-0.000248947267027526,-2.02884503717004e-05
1.15454100729644,0.0475491240072789,-0.00496499417244719,0.0491043799683001,-0.00300079497913692,-0.000109846822321817,-0.000118249407030781
1.15785565132075,0.0515020894025926,-0.00529208458558001,0.0722132908916677,-0.00299812360544933,2.92544090858313e-05,-0.000216696849605022
1.15808474404171,0.0552835588459233,-0.00562273623758754,0.094685790773758,-0.00299430852503779,0.000167456244018939,-0.000313659788804911
1.15519553427611,0.0588774395998621,-0.00595527919184683,0.116461313831952,-0.00298966689165797,0.000303864834957698,-0.000407150980723448
1.14916371596083,0.0622680378118626,-0.00628790699614083,0.137482816147259,-0.00298452836119814,0.000437610558784707,-0.000495217773299212
1.13997333525215,0.0654401110052373,-0.00661869410321779,0.157696773659043,-0.00297922135974491,0.00056786479338386,-0.000575994642019946
1.12761670982208,0.0683789267344187,-0.00694561772146836,0.17705314968108,-0.002974057645321,0.000693854443025552,-0.000647755945402512
1.11209436253693,0.0710703278737861,-0.00726658400631775,0.195505337750291,-0.00296931577755626,0.000814873192330745,-0.000708967197167618
1.09341497129404,0.0735008047123244,-0.00757945833297822,0.213010088233683,-0.00296522439134138,0.000930288688394094,-0.000758332973910391
1.07159533495033,0.0756575735923769,-0.00788209915374549,0.229527429364844,-0.00296194640235277,0.00103954517394048,-0.000794839490789458
1.04666035436935,0.0775286612981576,-0.00817239464822983,0.245020594445712,-0.00295956540699562,0.00114216149527814,-0.000817789912760169
1.018643028312,0.0791029936160539,-0.00844830102641716,0.259455965187412,-0.0029580755436517,0.0012377248389651,-0.000826830637881937
0.987584462078892,0.0803704862322435,-0.00870788108093467,0.272803041178225,-0.002957375937931,0.00132588099058313,-0.000821967108580993
0.95353388648382,0.0813221357515867,-0.00894934137254567,0.285034442306781,-0.0029572705720394,0.00140632226824627,-0.000803568142130785
0.916548684155836,0.0819501085861042,-0.00917106636463959,0.296125947504026,-0.0029574740293062,0.00147877452781613,-0.000772358298425519
0.876694418473367,0.0822478258019741,-0.00937164793430902,0.306056569824113,-0.00295762311967275,0.0015429847293627,-0.000729398373404052
0.834044861831635,0.0822100426762163,-0.00954990896162201,0.314808663854756,-0.00295729394889307,0.00159871047177631,-0.000676054672936832
0.788682020707017,0.0818329228465964,-0.00970492014288297,0.322368058874813,-0.00295602360843778,0.00164571266624649,-0.000613958236776238
0.740696151142597,0.081114108332863,-0.00983600974359323,0.32872421040968,-0.00295333537258023,0.00168375216309502,-0.000544955599627468
0.690185759135317,0.0800527881640027,-0.00994276658258936,0.333870361604218,-0.00294876610942764,0.00171259070489248,-0.000471052985078736
0.637257583448999,0.0786497698848864,-0.010025037063095,0.337803705636005,-0.00294189453789564,0.00173199612062605,-0.000394356022448474
0.582026552150141,0.0769075593141882,-0.0100829174794511,0.340525541876449,-0.00293236896415721,0.00174175126121042,-0.000317007145162295
0.524615692086889,0.074830455047018,-0.0101167431434762,0.34204141117206,-0.00291993310521954,0.00174166580670945,-0.00024112291515464
0.465156064614169,0.0724246608374121,-0.0101270750089987,0.342361242135476,-0.00290444905377801,0.00173159001710778,-0.000168732821951075
0.403786566306117,0.0696984256633659,-0.0101146863294046,0.341499428891445,-0.00288591544898681,0.0017114289824694,-0.000101722413275646
0.340653739581454,0.0666622053403004,-0.0100805482988526,0.339474907759922,-0.00286448028958701,0.00168115646267119,-4.17814815142003e-05
0.275911518100215,0.0633288447153701,-0.0100258154032636,0.336311192690946,-0.00284044680733038,0.00164082712207712,9.64079223512319e-06
0.209720913704023,0.0597137671657188,-0.0099518094899413,0.332036371539353,-0.00281427131058013,0.0015905862712824,5.1372670035398e-05
0.142249644842437,0.0558351504576985,-0.00986000121782893,0.326683059070313,-0.00278655205249265,0.00153067640143926,8.25478018420643e-05
0.0736717121299002,0.051714059173921,-0.00975198731170594,0.320288303814346,-0.00275800861133932,0.00146144000876023,0.000102623736766455
0.00416691763755882,0.0473744959740983,-0.00962946223749872,0.3128934468637,-0.00272945195885015,0.00138331840995959,0.000111390793018676
-0.0660796671741202,0.0428433309896266,-0.0094941836136475,0.304543932808326,-0.00270174634881342,0.0012968464696019,0.000108971400068288
-0.136878263575433,0.0381500733636282,-0.00934793195537294,0.295289082128275,-0.00267576526873902,0.00120264343680927,9.58104257387863e-05
-0.208035043482582,0.0333264531772701,-0.00919246593080927,0.285181795922811,-0.00265234486905655,0.00110140013839079,7.26567526058389e-05
-0.279352732196034,0.0284058203161747,-0.00902947767666028,0.274278269511415,-0.00263223898645325,0.000993863635161387,4.05379550173244e-05
-0.350631302402354,0.0234223689771207,-0.0088605509705731,0.262637650324743,-0.00261608030348638,0.000880819977458549,7.28221388796924e-07
-0.421668674937676,0.0184102424652981,-0.00868712727624877,0.250321685427566,-0.00260435169325664,0.000763076529134185,-4.52888210810492e-05
-0.49226144278903,0.0134025883651553,-0.00851048320543707,0.237394357393612,-0.00259737062454882,0.000641445191172528,-9.586130719342e-05
-0.562205614890643,0.00843064838913192,-0.00833172162920293,0.223921513720815,-0.00259528774636697,0.000516727826982113,-0.000149213253974688
-0.631297372900358,0.00352296629930071,-0.00815177674417369,0.209970493520254,-0.00259809878657083,0.000389704914928265,-0.000203490601645909
-0.699333837852958,-0.00129521805113576,-0.00797143141216974,0.195609752553122,-0.00260566711013793,0.000261127988377978,-0.000256808304358985
-0.766113839640478,-0.00600234573542929,-0.00779134351481949,0.180908486928226,-0.0026177530573753,0.000131715876756909,-0.000307297708018895
-0.831438680481859,-0.0105806739627426,-0.00761207717617125,0.165936255594285,-0.00263404572191708,2.15422788884042e-06,-0.000353153523160531
-0.895112888622354,-0.0150161853302415,-0.00743413458739486,0.150762601058596,-0.00265419313227629,-0.000126902632898782,-0.000392679724471507
-0.956944954996918,-0.0192983084580922,-0.00725798475739761,0.13545666967991,-0.00267782768872234,-0.000254828664593195,-0.00042433367263695
-1.01674804485531,-0.0234194999590124,-0.0070840865525754,0.120086834829465,-0.00270458490469794,-0.0003810230463641,-0.000446767679494253
-1.07434068187221,-0.027374741650139,-0.0069129045955423,0.104720326739858,-0.00273411473458649,-0.000504908049138987,-0.000458867145480778
-1.12954740026772,-0.0311610030761226,-0.00674491776960393,0.0894228747970978,-0.00276608581931118,-0.000625928453772062,-0.000459784303647685
-1.18219936110089,-0.0347767111509209,-0.00658062103521266,0.0742583687948313,-0.00280018373103962,-0.000743552709211066,-0.000448966537710706
-1.23213492990019,-0.038221258456462,-0.0064205219331676,0.0592885456625703,-0.00283610472093931,-0.000857275610320221,-0.000426178222310213
-1.27920021384181,-0.04149457147062,-0.00626513351512409,0.0445727073573003,-0.00287354660870405,-0.000966621927357348,-0.000391515072822902
-1.32324955623458,-0.0445967508480114,-0.00611496554098099,0.0301674747536276,-0.00291219837382516,-0.00107115018095272,-0.000345410100841231
-1.3641459864262,-0.0475277885834946,-0.00597051566166487,0.0161265809592474,-0.00295172980256132,-0.0011704556592699,-0.0002886304472498
-1.40176162525289,-0.0502873615540014,-0.0058322620231417,0.00250070557727312,-0.00299178228868814,-0.00126417182875758,-0.000222264602694427
-1.43597804561353,-0.0528746971066366,-0.00570065835785571,-0.0106626495613054,-0.00303196163327466,-0.00135196947622971,-0.000147699814570076
-1.46668658899631,-0.0552885040393042,-0.00557613221411562,-0.0233192438758557,-0.00307183347468052,-0.00143355322292828,-6.65898071708625e-05
-1.49378863836914,-0.0575269609840484,-0.00545908656907452,-0.0354281417279137,-0.00311092181061719,-0.00150865542453555,1.91867038323575e-05
-1.51719584859333,-0.0595877538013316,-0.00534990469989017,-0.0469517178664002,-0.00314871094154974,-0.00157702787535229,0.000107575856634661
-1.53683033492745,-0.0614681536930098,-0.00524895788091343,-0.0578556261041363,-0.00318465104167445,-0.00163843211274858,0.00019640563353813
-1.55262482078948,-0.0631651283361497,-0.00515661522997124,-0.0681087333888687,-0.00321816742470716,-0.0016926294257946,0.000283448428830936
-1.56452274642609,-0.0646754790693095,-0.00507325485081385,-0.0776830223646433,-0.00324867338972451,-0.00173937186161222,0.000366487299080751
-1.5724783405973,-0.0659959978381898,-0.0049992753063574,-0.086553466876525,-0.00327558629606806,-0.00177839556065218,0.000443383716565683
-1.57645665949562,-0.067123638205751,-0.00493510639611816,-0.0946978876062661,-0.00329834623632807,-0.00180941762629426,0.000512144435589267
-1.57643359770458,-0.0680556948247947,-0.00488121821891196,-0.102096796976369,-0.00331643637451073,-0.00183213743684945,0.0005709849527062
-1.57239587733597,-0.0687899856137873,-0.00483812756798013,-0.108733244886062,-0.00332940374330844,-0.00184624287253552,0.000618387033932214
-1.56434102226049,-0.0693250304266779,-0.0048064008443378,-0.114592678409898,-0.00333687909999936,-0.00185142139892613,0.000653147908939792
-1.55227732422932,-0.0696602194257474,-0.00478665288952924,-0.119662828529879,-0.0033385943732679,-0.0018473753843159,0.000674419003664802
-1.53622380634564,-0.0697959640373119,-0.00477954141768975,-0.123933636055199,-0.0033343963261481,-0.00183384050798658,0.000681732504206184
-1.51621018727179,-0.0697338233737393,-0.00478575705977268,-0.127397225618667,-0.00332425531380114,-0.00181060570743773,0.000675014587087136
-1.49227684663333,-0.0694765996501116,-0.00480600938142792,-0.130047932307502,-0.0033082684042222,-0.0017775328762234,0.000654584786048201
-1.46447478895237,-0.0690283974506506,-0.00484100956205141,-0.131882380520096,-0.00328665660059026,-0.00173457449428245,0.000621141644853166
-1.43286559968151,-0.0683946435614331,-0.00489145069028451,-0.132899609415498,-0.00325975638525911,-0.00168178755089833,0.000575735469614147
-1.39752138600989,-0.0675820663735709,-0.00495798680198367,-0.133101234882183,-0.0032280062308665,-0.00161934248559197,0.000519729596604885
-1.35852469306916,-0.0665986361871236,-0.00504121185088437,-0.132491634885151,-0.00319192903507945,-0.001547526365112,0.00045475207929767
-1.31596838466588,-0.0654534698445065,-0.00514163975889015,-0.131078143604394,-0.00315211160330796,-0.00146674006904791,0.000382640042891511
-1.2699554806003,-0.0641567048578477,-0.00525968655075814,-0.128871239847062,-0.00310918233150297,-0.00137748980949395,0.00030537914807488
-1.2205989445353,-0.0627193493682879,-0.00539565536815968,-0.125884716961514,-0.00306378814946914,-0.00128037379081713,0.000225040645260688
-1.16802141613324,-0.0611531148037748,-0.00554972491810536,-0.122135823863681,-0.00301657161411445,-0.00117606517485582,0.000143718399841455
-1.11235488359065,-0.0594702382278101,-0.0057219416531901,-0.11764536962531,-0.00296814884414766,-0.00106529273899968,6.34680648990234e-05
-1.05374029684852,-0.0576833012135253,-0.00591221572698609,-0.112437787032986,-0.00291908880329516,-0.00094882069395344,-1.37497014711138e-05
-0.992327116250033,-0.055805051415332,-0.00612032056754029,-0.106541152337533,-0.00286989428700784,-0.00082742905306557,-8.61204177721839e-05
-0.92827279283787,-0.0538482324424124,-0.00634589572616882,-0.0999871600496383,-0.00282098487581908,-0.00070189577160705,-0.000152020152830307
-0.861742176953562,-0.0518254269653173,-0.00658845251758038,-0.092811052692203,-0.00277268207519381,-0.000572981618905266,-0.00021005223637935
-0.792906833202479,-0.0497489166727692,-0.00684738194232681,-0.0850515040055118,-0.00272519683982274,-0.00044141840539734,-0.000259075803418958
-0.721944238177254,-0.0476305618563291,-0.00712196435281748,-0.0767504539035269,-0.00267861968825745,-0.000307900863603111,-0.000298225967511768
-0.649036817571914,-0.0454817019291064,-0.00741138042258233,-0.0679528912187727,-0.00263291359968405,-0.000173082142468177,-0.000326925689287721
-0.574370716957289,-0.0433130754922189,-0.00771472330569619,-0.0587065727574146,-0.00258790981951401,-3.75724993643957e-05,-0.000344889634476674
-0.498134159344049,-0.041134756724142,-0.00803101218632699,-0.0490616618435161,-0.00254330661004826,9.80594885915086e-05,-0.000352120444907406
-0.420515055207285,-0.0389560991279495,-0.008359208419023,-0.0390702460987135,-0.0024986707352224,0.000233284290207765,-0.000348897906328349
-0.341697198649577,-0.03678566915452,-0.00869823715738298,-0.0287856519902388,-0.00245344104268125,0.000367608984884177,-0.000335761381099444
-0.261853653653393,-0.0346311348301309,-0.00904702099057572,-0.0182613805393482,-0.00240693261975248,0.000500577589721918,-0.000313485449515086
-0.18113413760203,-0.032499033383654,-0.00940454070502277,-0.00754926034805241,-0.00235833793243282,0.00063177896249864,-0.000283047638661586
-0.0996396831999772,-0.0303942667944084,-0.00976995516434644,0.00330402478041109,-0.00230671677531643,0.00076087113238411,-0.000245584925662043
-0.0173785052868071,-0.0283192296233895,-0.0101428098374195,0.0142627009111087,-0.00225096218671054,0.000887627142585306,-0.000202336282713321
0.0657280986704761,-0.02627438960397,-0.0105230101938308,0.0253005535537057,-0.00218978308909883,0.00101189777321721,-0.000154617379193119
0.149546736499731,-0.0242659693867894,-0.0109094096042182,0.0363606625798517,-0.00212193434677384,0.00113316679312874,-0.000103995862963415
0.233539037736194,-0.0223095633729041,-0.0112989097920126,0.0473307270518513,-0.0020464611822122,0.00125030539063693,-5.24278396076813e-05
0.317097022613172,-0.0204211613085558,-0.011687997649625,0.058089385030055,-0.00196256563432383,0.00136210348474196,-2.01098984562719e-06
0.399782085446851,-0.0186119420658244,-0.0120738462573112,0.0685388347801954,-0.0018694688999737,0.00146761619461582,4.52644818120629e-05
0.481260671443685,-0.0168901676216127,-0.0124540498198994,0.078596593309476,-0.0017664751486829,0.00156604883259944,8.75578982200976e-05
0.561246293054626,-0.0152626107181394,-0.0128263800903881,0.0881881220592969,-0.00165304498136277,0.00165666519794254,0.000123201768318578
0.639476112719136,-0.0137350143161268,-0.0131886997501203,0.0972440863660276,-0.00152884833589525,0.00173875367667589,0.000150738544480203
0.715702008270107,-0.0123121049873666,-0.0135389455492958,0.105699551896292,-0.00139380574386315,0.00181161738155745,0.000168961640296688
0.789687194444568,-0.0109973757783177,-0.0138751416488606,0.113493916309588,-0.00124812158143014,0.00187457405971144,0.000176955026153913
0.861205113702362,-0.0097927185817346,-0.0141954273736153,0.120571123337616,-0.00109230968547484,0.00192696093754644,0.000174128121849949
0.930039411368915,-0.00869791139381778,-0.0144980952162171,0.126880010742874,-0.000927209109852465,0.00196814258437151,0.000160243931259976
0.995984331380854,-0.0077100332532939,-0.0147816290338366,0.132374649853547,-0.000753990118524471,0.00199752207896632,0.000135437915640034
1.0588454143283,-0.00682278823516081,-0.0150447437888994,0.137014688908389,-0.000574146823910251,0.00201455486141596,0.000100226448476564
1.11844032070301,-0.00602580306914034,-0.0152864203035903,0.140765644427142,-0.00038947571127225,0.00201876556606617,5.55032022076258e-05
1.17459971462913,-0.00530394887833036,-0.0155059316505561,0.143599125301122,-0.000202038867182954,0.00200976752392952,2.52252890547855e-06
1.22716815803713,-0.00463675344621801,-0.0157028577568528,0.145492974778748,-1.41117406575268e-05,0.00198728429271775,-5.71306501709314e-05
1.276004976442,-0.00399797655620507,-0.0158770857058666,0.146431320162934,0.000171883620408813,0.00195117211417927,-0.000121584339262657
1.32098505496691,-0.00335541908755627,-0.0160287945289791,0.146404524312653,0.00035345759060443,0.00190144175684282,-0.000188735572953163
1.3619995268859,-0.00267102476818898,-0.0161584248971781,0.145409038097859,0.000528140632523964,0.00183827786160764,-0.000256317662452766
1.3989563197319,-0.00190131186654256,-0.0162666357899869,0.143447158250105,0.000693574781748208,0.00176205374782524,-0.000321976425484036
1.43178052255047,-0.000998142638045907,-0.0163542516377838,0.140526700747047,0.000847603225542067,0.0016733397279742,-0.000383352596704516
1.46041455035759,9.01953148287745e-05,-0.0164222044108073,0.136660605627846,0.000988351908005213,0.00157290332717843,-0.000438167093243893
1.48481809524066,0.00141765415590611,-0.0164714754613557,0.131866493986224,0.00111429738145012,0.00146170040016764,-0.000484305448138592
1.50496786621768,0.00303892185192717,-0.0165030415655363,0.126166201428827,0.00122431603798601,0.00134085692949208,-0.00051989756841855
1.52085714058787,0.00500785659166016,-0.0165178287378484,0.119585314428808,0.00131771145241982,0.0012116420316218,-0.000543389087745247
1.53249513842189,0.00737592134099718,-0.0165166757703137,0.112152730564848,0.00139421757969766,0.00107543444940263,-0.000553600818997504
1.53990630461175,0.0101907939526212,-0.0165003089707252,0.103900271691756,0.00145397953717313,0.000933683245683397,-0.000549773697592107
1.54312949740949,0.0134951351930997,-0.0164693269284502,0.0948623568945252,0.00149751250609067,0.00078786711324091,-0.000531597005732664
1.54221715003864,0.0173256032115668,-0.0164241943856306,0.0850757480126231,0.00152564297190892,0.000639454423341968,-0.0004992188956889
1.53723443473575,0.0217121189160195,-0.0163652432166142,0.0745793669219636,0.00153943643414298,0.000489867024113906,-0.000453239092034769
1.52825845206981,0.0266773694067024,-0.016292678469243,0.0634141781785783,0.00154011624312132,0.00034045016800649,-0.000394684619375813
1.51537745506822,0.0322365154025315,-0.0162065875624469,0.0516231247520942,0.00152897810655983,0.000192450213002792,-0.000324970232759558
1.49869010445208,0.038397053782568,-0.0161069510525713,0.0392511016285202,0.00150730432875412,4.70008414002826e-05,-0.000245845886213176
1.4783047400073,0.0451587780879085,-0.0159936537392357,0.0263449518611849,0.00147628114689907,-9.48824242308581e-05,-0.000159334026691055
1.45433864410013,0.0525137778206849,-0.0158664951690006,0.0129534710017649,0.00143692177666805,-0.000232300556274501,-6.76597340920704e-05
1.42691726588121,0.0604464204276208,-0.0157251987233802,-0.000872591342058297,0.00138999712019247,-0.000364464134947828,2.68232393519155e-05
1.3961733728467,0.0689332661359662,-0.0155694184150782,-0.0150805391725595,0.0013359756631777,-0.000490683702955381,0.000121707597535683
1.36224609561253,0.0779428760095417,-0.0153987422194315,-0.0296157497641329,0.00127497397667021,-0.000610360096610461,0.000214606112682503
1.32527983300109,0.0874354874945786,-0.015212690260536,-0.0444217059328931,0.00120671948333369,-0.000722977458589366,0.000303221366651593
1.28542299253669,0.0973625483313747,-0.0150107055299147,-0.0594400391980372,0.00113052772841282,-0.000828101284930719,0.000385409626421089
1.24282655352634,0.107666120895372,-0.0147921341291862,-0.0746105822638329,0.00104529720457417,-0.000925383226597831,0.000459237240871638
1.19764245812358,0.118278194816166,-0.0145561914709676,-0.0898714310257345,0.000949525630708643,-0.00101457347368223,0.000523028330565838
1.15002186138564,0.129119975910168,-0.0143019106814366,-0.105159019472456,0.000841352200867964,-0.00109554044467314,0.000575402922851402
1.10011330657489,0.140101252174737,-0.0140280699324773,-0.120408214401462,0.000718630349263995,-0.00116829624763632,0.000615305056989567
1.04806093356013,0.151119970086427,-0.0137330969094443,-0.135552441051295,0.000579034618587181,-0.00123302507903656,0.000642020750996194
0.994002871417177,0.1620621813335,-0.0134149513716801,-0.150523855048635,0.000420202901647875,-0.00129011052099273,0.00065518607562821
0.938070006328988,0.172802533056498,-0.0130709909206333,-0.165253578837284,0.000239911441583726,-0.00134015677707425,0.000654785905061399
0.880385335064912,0.1832054658383,-0.0126978304050877,-0.179672022734947,3.62745976141551e-05,-0.0013839984900689,0.000641144188469431
0.821064106246084,0.193127256443686,-0.0122912115286737,-0.193709312599932,-0.000192044929867668,-0.00142269424165461,0.000614906712527483
0.7602149032662,0.202418890410502,-0.0118459025442773,-0.207295817893858,-0.000445635589002874,-0.00145749958458087,0.000577017816739476
0.69794172201624,0.21092982472136,-0.0113556549978685,-0.220362814916591,-0.000724171254788861,-0.00148981901336015,0.000528691565402226
0.634346958621327,0.218512340097376,-0.0108132374843417,-0.232843239247633,-0.00102630517802922,-0.0015211377143727,0.000471378925206779
0.569535067761563,0.225026228933243,-0.010210564161496,-0.24467250941513,-0.00134964515275958,-0.00155293835451133,0.000406731453643735
0.503616505602442,0.230343412356577,-0.00953892273801349,-0.255789369973629,-0.00169082193320967,-0.00158661067366036,0.000336562069353558
0.436711486393147,0.234352061359025,-0.00878929236513779,-0.266136692776476,-0.00204564993142928,-0.00162336348482476,0.000262803219361726
0.368953071902698,0.236959842670924,-0.00795272714225796,-0.275662174146312,-0.00240936498635409,-0.00166414880715634,0.00018746264110877
0.300489195820946,0.238096023612835,-0.00702076972587352,-0.284318875389815,-0.00277691188396215,-0.00170960619807815,0.000112576936424278
0.231483395949536,0.237712317116249,-0.00598585470925313,-0.292065566899885,-0.00314324731682673,-0.00176003222675466,4.01634269426007e-05
0.162114166583371,0.235782582680424,-0.004841664575677,-0.298866902030016,-0.00350362322422874,-0.00181537659128391,-2.78295106460126e-05
0.0925731762344821,0.2323014518898,-0.00358340922176221,-0.304693362064144,-0.0038538223436486,-0.00187526199112442,-8.95716049124098e-05
0.0230625223923919,0.227282300733578,-0.00220801474096557,-0.309521090125752,-0.00419032656456209,-0.00193902344545004,-0.000143399150301034
-0.0462085650080074,0.220754801996707,-0.000714219535446963,-0.313331615322469,-0.00451041149278821,-0.00200576036298619,-0.000187860597257466
-0.115027231289073,0.212762355669039,0.000897412380618936,-0.316111521805072,-0.00481217067480895,-0.002074394976219,-0.000221757706315729
-0.183180430281172,0.203359634654803,0.00262454437716273,-0.317852112801912,-0.00509448070979989,-0.0021437314329832,-0.000244180745212131
-0.250457972046778,0.192610323858102,0.00446316494947574,-0.318549043401947,-0.00535692217745232,-0.00221251138864934,-0.000254535544422475
-0.316655200878878,0.180585242035926,0.00640771491240244,-0.31820202546351,-0.00559967316340418,-0.00227946285520773,-0.000252562324963491
-0.381575115950607,0.167360765976221,0.00845122613779083,-0.316814533940117,-0.00582338945628549,-0.00234334099585197,-0.000238344493648278
-0.445029985941564,0.153017576237435,0.0105854622851386,-0.314393544290681,-0.00602908352697971,-0.00240296009797984,-0.000212307405046508
-0.506842486486798,0.137639673080448,0.012801055080883,-0.310949289946569,-0.00621801083708259,-0.00245721683998034,-0.000175207061645985
-0.566846424127933,0.121313610164176,0.0150876336586233,-0.306495033905889,-0.00639156898739379,-0.00250510540414424,-0.000128109222026733
-0.624887111196848,0.104127897101509,0.0174339468169938,-0.301046850171847,-0.00655121262605109,-0.00254572527232869,-7.2359762004434e-05
-0.680821458889889,0.0861725287539052,0.0198279796279939,-0.294623413209086,-0.0066983851160528,-0.00257828273324987,-9.54743138927076e-06
-0.73451785576614,0.0675386063297872,0.0222570666895282,-0.287245795295215,-0.00683446665129119,-0.002602087263702,5.85396515965609e-05
-0.785855892866093,0.0483180225004142,0.0247080044941271,-0.278937272593564,-0.00696073769057843,-0.00261654403496105,0.000129962318235257
-0.834725984839907,0.0286031901281185,0.0271671650007978,-0.26972314172253,-0.00707835612592811,-0.00262114384605658,0.000202681993621504
-0.881028934251874,0.00848679643883776,0.0296206124062744,-0.259630547560836,-0.00718834642699761,-0.00261545179586606,0.000274614216780528
-0.924675474557451,-0.0119384309856583,0.0320542244856867,-0.248688323161829,-0.0072915989442269,-0.00259909595485671,0.000343682645051191
-0.965585824615137,-0.0325799604369417,0.0344538197416806,-0.236926840558578,-0.00738887760224997,-0.00257175718218814,0.000407872239097156
-1.00368927481928,-0.0533457038085032,0.0368052907649528,-0.224377872118149,-0.00748083424838928,-0.00253316105051199,0.000465280394720594
-1.038923815654,-0.0741442816331507,0.0390947435082665,-0.211074462636821,-0.00756802798595041,-0.0024830726010205,0.000514164856774888
-1.07123581813376,-0.0948853098176301,0.0413086416854023,-0.197050812065359,-0.00765094788537177,-0.00242129435794827,0.000552987329773043
-1.10057976373868,-0.115479705572071,0.0434339543502891,-0.182342171501158,-0.00773003752537831,-0.00234766771699826,0.000580451771145987
-1.12691802385361,-0.135840009719068,0.0454583043047768,-0.166984753932476,-0.00780571992549307,-0.00226207748959333,0.000595536466155767
-1.15022068149782,-0.15588071647446,0.0473701139871236,-0.151015663703924,-0.0078784215553165,-0.00216445908871219,0.000597519115997986
-1.17046538991942,-0.175518601545726,0.0491587452057246,-0.134472847314104,-0.00794859430036871,-0.00205480758169132,0.000585994350384776
-1.18763726312003,-0.194673038773262,0.0508146289126233,-0.117395067117029,-0.00801673449566476,-0.00193318764895341,0.000560883290124849
-1.20172879246607,-0.213266295170248,0.0523293812090388,-0.0998218984426136,-0.0080833984023055,-0.00179974339296142,0.000522435019829646
-1.21273978586772,-0.231223796941774,0.0536959022830149,-0.0817937476522392,-0.00814921378476978,-0.00165470693281273,0.00047122007765037
-1.22067732462138,-0.248474358998335,0.0549084553904819,-0.0633518885945609,-0.00821488750373608,-0.00149840482559192,0.000408116307650612
-1.22555572112736,-0.264950370653566,0.0559627215158213,-0.0445385072667822,-0.00828120909241795,-0.00133126174654336,0.000334287665742794
-1.22739655148514,-0.280587956353711,0.0568558412135873,-0.0253967726856311,-0.0083490516010941,-0.00115379969907054,0.00025115646567391
-1.22622858539619,-0.295327070116067,0.0575864156559041,-0.00597087360765929,-0.0084193680437428,-0.000966634889439841,0.000160370466850079
-1.22208780404638,-0.309111560980561,0.058154495962504,0.0136939209602546,-0.0084931861098775,-0.000770469810369693,6.37650421883782e-05
-1.21501739267714,-0.321889194193832,0.0585615459136369,0.0335512174938602,-0.0085716004225445,-0.000566082101611956,-3.66782400511878e-05
-1.20506773623599,-0.333611609620505,0.0588103787509978,0.0535534554908539,-0.00865576263578132,-0.00035431028282932,-0.000138875887572167
-1.19229638229742,-0.344234309645025,0.0589050842861744,0.0736518995806338,-0.00874687139426218,-0.000136038095769621,-0.000240688268168453
-1.17676801248086,-0.353716514912757,0.0588509205428775,0.0937966124858428,-0.00884615961124453,8.78235442202363e-05,-0.000339966743933642
-1.15855438346745,-0.36202102583368,0.0586541958361987,0.113936450328713,-0.00895488209266113,0.000316354087479288,-0.000434600715483604
-1.13773424563333,-0.36911402688581,0.0583221325760564,0.134019061099543,-0.00907430285805891,0.000548640296608906,-0.000522563967897483
-1.11439323200644,-0.374964841553064,0.0578627172295586,0.153990888670954,-0.00920568301582019,0.000783791440477986,-0.000601959410601685
-1.08862371312007,-0.379545634593696,0.0572845395433692,0.173797182720627,-0.00935027000705748,0.00102095188608985,-0.000671061309766991
-1.06052461306394,-0.38283105803588,0.0565966246747641,0.193382017338112,-0.00950928919841552,0.00125931044585256,-0.00072835407241984
-1.03020118254196,-0.384797836282419,0.0558082623483022,0.212688322901607,-0.0096839389221668,0.00149810610288231,-0.000772566600189133
-0.997764726503602,-0.385424284028822,0.0549288374847301,0.231657936801006,-0.00987539008482843,0.00173663004478862,-0.000802701202424188
-0.963332285039746,-0.384689748525327,0.053967666836498,0.250231680075607,-0.0100847913570538,0.00197422428336427,-0.000818056061378646
-0.927026268745054,-0.382573964498214,0.0529338460276182,0.268349467265837,-0.0103132806623258,0.00221027747368196,-0.000818240279943728
-0.888974053133597,-0.379056306154632,0.0518361110649955,0.28595045640952,-0.0105620031635384,0.0024442188413242,-0.000803180624489415
-0.849307540723578,-0.374114916455648,0.0506827179449383,0.302973245541003,-0.0108321351698133,0.0026755113434513,-0.000773119204522697
-0.80816270518181,-0.367725689984558,0.0494813435940804,0.319356121136714,-0.0111249123074038,0.00290364528162288,-0.000728601506969619
-0.765679138606216,-0.359861083417406,0.0482390112113183,0.335037363765257,-0.0114416588807221,0.00312813352291951,-0.000670454427145482
-0.721999632658906,-0.350488728933392,0.0469620433545415,0.349955616626363,-0.0117838135231639,0.00334850923169537,-0.000599754218017153
-0.67726983549488,-0.33956983364322,0.0456560469933897,0.364050325012118,-0.012152943947401,0.00356432655337392,-0.000517784629291329
-0.631638041352924,-0.327057366983818,0.0443259364069925,0.377262258889296,-0.0125507407700374,0.00377516400019067,-0.000425985962739572
-0.585255186662005,-0.312894074221788,0.0429760023050696,0.389534137507001,-0.0129789770010442,0.00398062936367818,-0.000325896382314997
-0.538275144663985,-0.297010416584128,0.0416100387926508,0.40081138395904,-0.0134394159612743,0.00418036382493863,-0.000219087666129847
-0.490855431156776,-0.279322640105684,0.0402315436045372,0.411043046871129,-0.0139336464766139,0.00437404156178162,-0.000107098784745062
-0.443158442750566,-0.259731327096107,0.0388440103939406,0.420182935876885,-0.0144628211730782,0.00456135968833527,8.62766906540262e-06
-0.395353336331904,-0.238120996755798,0.0374513332560735,0.428191021775785,-0.01502727329717,0.0047420120029455,0.000126799014693631
-0.347618607003138,-0.214361595568653,0.0360583405496824,0.435035143363805,-0.0156259926000632,0.00491563916685112,0.000246306161027808
-0.300145296537736,-0.188313024225481,0.0346714632756104,0.440693031591338,-0.0162559557352864,0.00508174833875596,0.000366224830619859
-0.253140530250406,-0.159834107156515,0.0332995177299163,0.445154594067224,-0.0169113363953927,0.00523959803836968,0.000485769647252284
-0.206830716278285,-0.12879747213219,0.031954538470776,0.448424285509166,-0.0175826690769019,0.00538805042324104,0.000604186539396935
-0.161463263246705,-0.0951114358476679,0.0306525353039037,0.450523219503562,-0.0182561072080419,0.00552540431508378,0.000720573597824829
-0.117305180941246,-0.0587489106406867,0.0294139758155889,0.451490474475187,-0.0189129902798476,0.00564923796298388,0.000833632433700211
-0.0746366592495971,-0.0197813801562112,0.0282637368719275,0.451382871983764,-0.0195299886478796,0.00575630756813218,0.000941372867591357
-0.0337380186346372,0.0215867129892372,0.0272302635900315,0.450272464574247,-0.0200800868617996,0.00584255889087735,0.00104082177599322
0.00513038240773924,0.0649905525349314,0.0263437653249454,0.448241190165761,-0.0205345535265607,0.00590330449933669,0.00112781472063139
0.0417535607481206,0.10989333740165,0.0256334852533504,0.445372709204147,-0.0208658125257542,0.00593358943464784,0.00119696311909023
0.0759883586662144,0.155598034702181,0.0251243686782889,0.441742277266161,-0.0210508224296503,0.00592871351460758,0.00124187516449016
0.107784766662587,0.20128543474399,0.0248337255834587,0.437406361139707,-0.0210743018413233,0.00588481495880431,0.00125565827761574
0.13719597301711,0.246074463722098,0.0247686053057704,0.432394193455585,-0.020931047640241,0.0057993762295544,0.00123165443402173
0.164373443907172,0.289093991070777,0.024924488032845,0.426703260638389,-0.020626763390709,0.00567151608733944,0.00116428480400124
0.18954748258221,0.329551878579856,0.0252855688461193,0.420299801255401,-0.0201772057209821,0.00550198854783,0.00104983953089316
0.21299780832738,0.366788300149885,0.0258264924759043,0.413124083797088,-0.0196059114621388,0.00529289805424094,0.000887061100766462
0.235021002839564,0.400305630566065,0.0265150553532073,0.405099052070628,-0.0189411035611364,0.00504722217050179,0.000677429118255708
0.255901458727259,0.429773933196413,0.0273152388344939,0.39614029735219,-0.0182124784359188,0.00476827587270194,0.000425133138646598
0.275890271920136,0.455016606493523,0.0281899888755073,0.38616536517293,-0.0174484589159793,0.00445924529215063,0.000136787225957683
0.295193601532507,0.475983576587821,0.0291033477700543,0.375100962837884,-0.0166742503464293,0.00412287682043965,-0.000179024254309833
0.313969554191898,0.492719542033781,0.0300217795907132,0.362887392792826,-0.0159107776438828,0.00376135340422336,-0.000512277437159245
0.332331238388047,0.505333139181076,0.0309147378080365,0.349480224191445,-0.0151743879408661,0.00337634357964258,-0.000852044207098321
0.35035328109522,0.513970645443698,0.0317546633938862,0.334849686330817,-0.0144771044810217,0.00296917978853341,-0.00118698829313105
0.368079468774445,0.518795802536094,0.0325166686925679,0.318978503975301,-0.0138272001906715,0.00254111064107114,-0.00150580458999673
0.385529867850914,0.519975894859565,0.0331781672069854,0.301858952164332,-0.0132298942579896,0.00209357210948213,-0.00179760181584027
0.40270650589157,0.517673389522231,0.0337186675640273,0.283489854255415,-0.0126880326530643,0.00162842961080628,-0.00205223725410653
0.419597296874861,0.512042086595782,0.0341198752313934,0.263874137954767,-0.0122026733106475,0.00114815301942713,-0.00226061366763594
0.43617832086154,0.503226666229291,0.0343661511464083,0.243017433362947,-0.0117735474066422,0.000655898459041553,-0.00241494534740753
0.452414844305452,0.491364608171043,0.0344452773059187,0.220928036590425,-0.0113994046627832,0.000155483555785576,-0.00250899562238848
0.468261615024695,0.476589601490848,0.0343493921097084,0.197618373949176,-0.0110782723714966,-0.000348743391020681,-0.00253828379847502
0.483663028694091,0.459035680510648,0.0340758989062151,0.173107850636299,-0.0108076655158932,-0.000852126519040915,-0.0025002560893033
0.498553754747971,0.438841369125366,0.0336281320794185,0.147426652623786,-0.0105847815223011,-0.00134999234749748,-0.00239441201280618
0.512860304353322,0.416153094854608,0.0330155914060469,0.120619745389591,-0.0104067012974963,-0.00183797176196917,-0.00222237415232137
0.526503785083536,0.391127165829579,0.0322536292013695,0.0927501253715762,-0.0102706019951524,-0.00231231210554696,-0.00198788686771062
0.539403714795201,0.363929874055235,0.031362589931408,0.0639005148203973,-0.0101739699453636,-0.00277013319049968,-0.00169673280319506
0.55148240197197,0.334735819441829,0.0303665345771639,0.0341731427530359,-0.0101147875847499,-0.00320958385821504,-0.00135656769020991
0.562669220090334,0.303725126420134,0.029291786076823,0.0036878227273289,-0.0100916605147054,-0.0036298688500838,-0.000976690116062559
0.572904210327026,0.271080513673184,0.0281655600088039,-0.0274210808490319,-0.0101038536145411,-0.00403113771838836,-0.000567774197885794
0.582140759314284,0.236985033194458,0.0270148797840983,-0.0590081149782064,-0.010151219786169,-0.00441425010368359,-0.0001415929808264
0.590347455626392,0.201620897825176,0.0258658488155555,-0.0909200806793481,-0.0102340256512663,-0.00478044824049268,0.000289250737642186
0.597509509347756,0.165169331549639,0.0247432102811516,-0.12299889687419,-0.0103527016840787,-0.00513097443513565,0.000711584700036502
0.603630283023804,0.127811031716625,0.0236700212313769,-0.155083808638582,-0.010507561342911,-0.00546667267520855,0.0011119307408759
0.608733532366364,0.0897266305084997,0.0226672297406182,-0.187012903514958,-0.0106985422899984,-0.00578761289964496,0.0014767913406743
0.612866897138084,0.051096516156506,0.0217529853806609,-0.218624005875689,-0.0109250187320325,-0.00609277648712611,0.00179297894014543
0.616107015441244,0.012099510238932,0.0209416283627318,-0.249755103127329,-0.0111857148226892,-0.00637984148161,0.00204800014357359
0.618566350771763,-0.0270898082716315,0.0202424672016671,-0.280244526193474,-0.0114787136162387,-0.00664510279092312,0.00223049303811284
0.620401408900002,-0.0663048882013345,0.0196586268868837,-0.309931149419993,-0.0118015060757265,-0.00688355208342206,0.00233069865431692
0.621821463964829,-0.105391282661173,0.0191863750645965,-0.33865489073036,-0.0121509672953708,-0.00708912250537108,0.0023409321992407
0.623096162790544,-0.144209573157166,0.0188153614025321,-0.366257781496628,-0.0125230962376588,-0.00725507728816858,0.00225601250892296
0.624559333988198,-0.182635119819514,0.0185301056184335,-0.392585844073506,-0.0129123319731784,-0.00737449694713356,0.00207361510151017
0.626604869551686,-0.220552222855278,0.0183128448230222,-0.417491967844823,-0.0133102930363021,-0.00744080875276241,0.00179453807964075
0.629668693365911,-0.257840324547104,0.0181475245516871,-0.440839905910524,-0.0137039177845698,-0.00744831447734191,0.00142290775095626
0.63418918224077,-0.294350839960885,0.0180243110255033,-0.46250936843133,-0.0140732627200814,-0.00739270868040963,0.000966390397826628
0.640538796671899,-0.329875865546394,0.0179435308526097,-0.482401874782294,-0.0143896744777144,-0.00727162297884392,0.000436494918306385
0.648925535631468,-0.36411509159785,0.0179174921353095,-0.500446481003821,-0.0146156141039688,-0.00708524199070138,-0.000150986829440033
0.659277691751425,-0.39665403673311,0.0179685070130724,-0.516603816992648,-0.0147077496252119,-0.00683696024956225,-0.000775483708627945
0.671147871239647,-0.426971216736421,0.0181221818182454,-0.530866453074642,-0.0146244131124954,-0.0065338623422492,-0.0014113883961703
0.683689376680535,-0.454486883732055,0.0183970804314271,-0.543254054102839,-0.0143366054341963,-0.00618659568987615,-0.00202852924778143
0.695747213290541,-0.478647372902617,0.0187945398666936,-0.553803328289413,-0.0138389306512618,-0.00580819405108384,-0.00259382962045263
0.706056200650362,-0.49901530770316,0.0192936142032465,-0.562554798005093,-0.013155219625839,-0.00541180924469615,-0.00307421196911333
0.713476129516156,-0.515326848547011,0.019853945588897,-0.569539625604675,-0.0123353148604743,-0.00500799301623962,-0.00344018433641158
0.717169894711513,-0.527494535359087,0.0204247946497643,-0.574769397870652,-0.0114440288618037,-0.00460262015212979,-0.00366914339592304
0.716667927712153,-0.535565064134001,0.0209551766696245,-0.578230522489306,-0.0105472198783481,-0.00419632171054459,-0.00374755316029964
0.711827450119727,-0.539660640825425,0.021400564809463,-0.579883818576611,-0.00970037467710852,-0.00378555027688486,-0.00367167335393181
0.70273696115647,-0.539930023488893,0.0217247789118904,-0.579669233517476,-0.00894253687970094,-0.00336469169452879,-0.0034470167892795
0.689617032735811,-0.536520542454217,0.0218985222280088,-0.577514852110672,-0.0082954289403747,-0.00292837416894839,-0.00308696203847339
0.672745525404687,-0.529569094624608,0.0218969020244981,-0.573348297948353,-0.0077659722785889,-0.00247329313683884,-0.00261095793098042
0.652412403741752,-0.519204300457752,0.0216975309144504,-0.567107826651403,-0.00735021899695753,-0.00199922569091369,-0.00204265818061614
0.628897175509681,-0.505552290626508,0.0212796167916998,-0.558750507779301,-0.00703726363562418,-0.00150923188451634,-0.00140820620874229
0.602459585216101,-0.488741453857899,0.0206236512353449,-0.548255931311463,-0.00681238577959856,-0.00100923123754112,-0.000734783014431939
0.573336632814788,-0.468904459763672,0.0197111265883976,-0.535625355199859,-0.00665920453481755,-0.000507198734881954,-4.9443350959584e-05
0.541742357244561,-0.4461779623549,0.0185239765371473,-0.520877526723179,-0.00656095185471677,-1.21923113248316e-05,0.000621796412817608
0.50786929976654,-0.420701447713657,0.0170438498733393,-0.504043182136702,-0.006501127767304,0.000466640390320345,0.0012546875895604
0.471891761821279,-0.392616885693202,0.0152516480149498,-0.485160359465017,-0.00646383571497426,0.000920982348364434,0.00182736801919296
0.433971146472232,-0.362070407243789,0.0131278468650611,-0.464272230508945,-0.00643405164423884,0.0013441272856979,0.00232092339566444
0.394263226781462,-0.329216378843272,0.0106539528767162,-0.441428325198568,-0.00639798781251023,0.00173155573185723,0.00271991008156649
0.35292652768647,-0.294223247659773,0.00781507715666806,-0.416688986406578,-0.00634359830703426,0.00208124182152565,0.00301282000435378
0.310130443039889,-0.257279686159798,0.0046031736447603,-0.390131904961578,-0.0062611679264623,0.00239364196522895,0.00319243693219234
0.266061705073429,-0.218599230599745,0.00102020696113071,-0.361858935505907,-0.00614384858312446,0.00267135152487872,0.003256018930121
0.220928006010922,-0.178421888907148,-0.00291959426783449,-0.332001315870253,-0.00598799602379008,0.00291848336424328,0.00320525363750527
0.174958588126761,-0.137012149667851,-0.00718894974271367,-0.300721976233113,-0.00579319772037582,0.00313987505397249,0.00304596665250844
0.12840245029624,-0.0946539935469781,-0.0117483350576043,-0.26821464702322,-0.00556196725192898,0.00334026974125055,0.00278761060360743
0.0815257797367643,-0.0516448548268413,-0.0165479820729125,-0.234700742165916,-0.0052991732797303,0.0035236131645603,0.00244260709527643
0.0346104276351851,-0.00829085192262815,-0.0215303866308364,-0.200425794529231,-0.00501133126808981,0.00369257074914208,0.00202563640019007
-0.0120446981626347,0.0350942161544352,-0.0266325259598252,-0.165657679366498,-0.00470590460600913,0.00384831417141124,0.00155296721419782
-0.0581182010878704,0.0781843429461511,-0.0317872086325678,-0.130688529362175,-0.00439072967155271,0.00399057627675396,0.00104188635770711
-0.103257525981338,0.120631761750413,-0.0369234705392396,-0.0958405257844323,-0.00407361277998796,0.004117942246448,0.000510223742958226
-0.14707348618812,0.162058226450912,-0.0419668841094169,-0.0614710444712605,-0.00376205010506075,0.00422833965046672,-2.41455072729958e-05
-0.189157633700531,0.202066407864622,-0.0468424167308468,-0.027960970644341,-0.00346289114578091,0.00431968839564958,-0.000544128516287178
-0.229154898725084,0.240304115719631,-0.0514839149151855,0.0043423756239285,-0.00318169136560376,0.00439061054578955,-0.00103496374887863
-0.266885567539979,0.276579042532917,-0.0558493273767689,0.0352273892845498,-0.00292184015953622,0.00444091036209722,-0.00148617737139376
-0.302409557722566,0.310923340956663,-0.0599285064137178,0.064679635886806,-0.0026842700732208,0.00447148095237539,-0.00189226935727157
-0.335947876970266,0.34352261743442,-0.0637334088315472,0.0928262301476804,-0.00246826068640612,0.00448377943677676,-0.00225113790757746
-0.367747475992298,0.374587360770868,-0.0672813996934416,0.119826874427712,-0.00227256590805812,0.00447941344032261,-0.00256180244178648
-0.398005147230779,0.404278338811199,-0.0705858590714312,0.145808127964562,-0.00209599261514086,0.00446004983309188,-0.00282315338976315
-0.426855481302682,0.432693228657802,-0.0736547337868429,0.170849691063913,-0.00193744792997365,0.00442747698329528,-0.00303373050235274
-0.454383898885617,0.459878169106773,-0.0764922646123607,0.194992596353967,-0.00179578437006531,0.00438366166492393,-0.00319191717204096
-0.480642453715324,0.485842855232935,-0.0791010815646004,0.218250979434967,-0.00166962883546733,0.00433075129136862,-0.00329620503920396
-0.50566216056487,0.510572992882334,-0.0814838229051609,0.24062188799076,-0.00155725298047515,0.00427102208049112,-0.00334542342562781
-0.529461416789623,0.534039509676435,-0.0836441628989395,0.262092444674474,-0.00145649581876659,0.00420678627066772,-0.0033389160154274
-0.552051356485415,0.556205154691378,-0.0855873165442505,0.282644829117689,-0.00136473690968065,0.00414027346946772,-0.00327666832024358
-0.573438985388188,0.577029133175851,-0.0873201200053873,0.302259618031228,-0.00127891477896449,0.00407350117787552,-0.0031593920547665
-0.593628749951043,0.596470241976446,-0.0888507889131153,0.320917902476417,-0.0011955827511812,0.0040081487855674,-0.00298857195088466
-0.612623031090254,0.614488831576938,-0.0901884587881681,0.338602497353374,-0.00111099195267789,0.00394544772166491,-0.00276648023672521
-0.630421940758982,0.631047842586375,-0.0913426120766089,0.355298493058006,-0.00102118937816189,0.00388609790224281,-0.00249616425737288
-0.647022726584672,0.646113134819311,-0.0923224913013861,0.3709933665521,-0.000922118182378155,0.00383021735865825,-0.00218141307057464
-0.66241903029736,0.65965331426139,-0.0931365847011498,0.38567684511823,-0.000809708131307923,0.00377732845758321,-0.00182670892006731
-0.676600190118205,0.671639250613431,-0.0937922499950674,0.399340689991032,-0.000679946407324753,0.00372638096501123,-0.001437169069674
-0.689550724025524,0.68204345757813,-0.0942955162431107,0.411978534806472,-0.00052892238932468,0.00367580977673436,-0.00101848251534873
-0.701250078571403,0.690839474329596,-0.0946510765225616,0.423585872327973,-0.000352844157264156,0.00362362364201137,-0.000576844714458172
-0.711672680700568,0.698001342514836,-0.0948624588087125,0.434160235632198,-0.000148028782767566,0.00356752057981045,-0.000118891836783058
-0.720788289820007,0.703503222842262,-0.0949323416735291,0.443701570190911,8.91274797422835e-05,0.00350502564774704,0.000348365621997917
-0.728562616520582,0.707319145013474,-0.0948629667354265,0.452212746464422,0.000362189549847896,0.00343364684700791,0.000817611565518459
-0.73495815310734,0.709422840115491,-0.0946565918312159,0.459700123376551,0.000674722315412337,0.00335104478078978,0.00128129830591142
-0.739935148504202,0.709787570052052,-0.0943159275020861,0.466174045487356,0.0010303142627405,0.00325521085950685,0.00173172958402487
-0.74345265685799,0.708385849168449,-0.0938445042733842,0.471649146401302,0.00143257212389518,0.00314464716943706,0.0021611565426754
-0.745469594791376,0.705188951656277,-0.0932469288325017,0.47614434115622,0.00188507393628603,0.00301853866985627,0.00256189008334048
-0.745945758674334,0.700166117642632,-0.0925290029639856,0.479682424384348,0.0023912706965235,0.00287690553540893,0.00292643173071729
-0.74484278218944,0.693283412056782,-0.0916976989076339,0.482289248926358,0.00295433118303476,0.00272072088635525,0.0032476230268139
-0.742125056980363,0.684502253022106,-0.0907610068953465,0.483992536825698,0.00357693031732827,0.00255197773583515,0.00351881068407209
-0.737760694164631,0.673777707322937,-0.0897276921569407,0.484820461342888,0.00426098817256411,0.00237368963412861,0.00373402156754202
-0.731722666202147,0.661056742414145,-0.0886070158770115,0.48480021913692,0.00500737371915614,0.00218981287149757,0.00388813857039561
-0.723990325083889,0.646276716912312,-0.0874084833284885,0.483956866126484,0.00581559371605258,0.00200508438500669,0.00397706621385685
-0.714551526535814,0.629364471015336,-0.0861416793074868,0.482312699738244,0.00668349197252538,0.00182477816941658,0.00399787398601734
-0.7034055789735,0.610236428308279,-0.0848162345738643,0.479887421234679,0.00760698698890964,0.00165439277243739,0.00394890646503923
-0.690567159893841,0.588800124993442,-0.0834419389011975,0.4766992033908,0.0085798765488191,0.00149929166917779,0.00382985217446586
-0.676071188917482,0.564957526814188,-0.0820289814620037,0.472766634512799,0.00959373631305309,0.0013643252397023,0.00364176744288669
-0.659978418891792,0.538610364815483,-0.0805882649760673,0.468111336621472,0.0106379360793802,0.00125346645603543,0.00338705643011262
-0.642381230567329,0.509667512074215,-0.0791317146384556,0.462760898346025,0.0116997919547528,0.00116949178334577,0.0030694128894868
-0.623408844379905,0.478054138713635,-0.0776724933687175,0.456751656361006,0.0127648645864085,0.00111373462783761,0.00269373226628511
-0.603230967872299,0.443722043496469,-0.076225045250737,0.450130829186817,0.0138174019501383,0.00108593193825031,0.00226600388696948
-0.582058860395111,0.406660215367081,-0.0748049186571119,0.442957565897079,0.0148409095982683,0.00108417651127903,0.00179319230788285
-0.560142980934792,0.36690440149174,-0.0734283641822237,0.435302614340523,0.0158188128327897,0.00110497922583151,0.00128311481846741
-0.537766807937355,0.324544342266586,-0.072111750963267,0.427246517225482,0.0167351570735428,0.00114343758168556,0.000744319335844604
-0.515237027104367,0.279727458001222,-0.0708708868724969,0.418876474100041,0.0175752796563912,0.00119349999466506,0.000185964100980086
-0.492870948048003,0.232658171724749,-0.0697203526877679,0.41028222015165,0.018326383557903,0.00124830957766746,-0.000382301889753121
-0.470982562351513,0.18359268827012,-0.0686729606774098,0.401551427692515,0.0189779543848629,0.00130060675588738,-0.000950460741867206
-0.449868931281147,0.13282979718239,-0.0677394228346539,0.39276520244759,0.0195219860069236,0.00134316699655156,-0.00150825429250152
-0.429798500401593,0.0806989522269999,-0.0669282688018051,0.383994213299402,0.0199530126896219,0.00136924790874287,-0.00204532490725908
-0.411002496719061,0.0275473254659478,-0.0662459989184934,0.37529587094476,0.0202679786959471,0.00137301854763134,-0.0025513740448604
-0.393669896093492,-0.0262723763164192,-0.0656974067751229,0.366712787155494,0.0204660015535362,0.00134994258455805,-0.00301634331407261
-0.377945740136842,-0.0804118361086193,-0.0652859699522029,0.358272540294376,0.0205480961657908,0.00129708619466317,-0.0034306204334525
-0.363932021218006,-0.134533889924318,-0.0650141954237633,0.349988583336541,0.0205169211952612,0.00121332190822575,-0.00378526854573921
-0.351690073477583,-0.188315971363924,-0.0648838203793475,0.34186198953721,0.0203765887149793,0.0010994027720995,-0.00407227193932329
-0.341243447234335,-0.241450795349803,-0.0648958072284156,0.333883656841728,0.0201325488414839,0.000957888607588517,-0.0042847852104527
-0.332580552132524,-0.293645355297565,-0.0650501253096342,0.326036591462062,0.0197915309188551,0.000792918836856499,-0.00441736756986248
-0.325656807099277,-0.344619512687313,-0.0653453691857008,0.318297956858621,0.0193614999703113,0.000609843613831917,-0.00446618094802127
-0.320396478465884,-0.394105320313113,-0.0657783103380339,0.310640688057578,0.0188515777321558,0.000414744203168711,-0.00442913116186676
-0.316694683854925,-0.441847799808715,-0.0663435031430466,0.303034605431442,0.0182718840526702,0.000213890522372498,-0.00430593627908444
-0.314420108989217,-0.487607323951467,-0.067033060129825,0.295447085700794,0.0176332746234398,1.31940193820199e-05,-0.00409811490498263
-0.313418827270634,-0.531163197472348,-0.0678366765886124,0.287843434616637,0.0169469788646149,-0.00018228551308141,-0.00380889774087547
-0.313519299345304,-0.572317637719046,-0.0687419296852463,0.280187139671356,0.0162241692414031,-0.000368730479709155,-0.00344307606861423
-0.314538275394741,-0.6108992106074,-0.0697348165154167,0.272440162574294,0.0154755130454042,-0.00054382242175559,-0.00300680854243492
-0.316287036460376,-0.646764881541126,-0.0708004436757344,0.26456337393324,0.0147107654090138,-0.000706855434699983,-0.0025074113392
-0.318577264428746,-0.679800125968069,-0.071923748361501,0.256517158309601,0.0139384577053739,-0.000858715417637005,-0.00195315605820826
-0.321225840338358,-0.709916908859123,-0.0730901217508224,0.248262147454638,0.0131657214938099,-0.00100174805289613,-0.00135309551942941
-0.324058009035602,-0.737049690658452,-0.0742858174468344,0.239759986988504,0.0123982693865697,-0.00113954434940355,-0.000716931120114199
-0.326908561836331,-0.761149881652663,-0.0754980553125257,0.230974013664008,0.0116405351166659,-0.00127667116089219,-5.49281215280028e-05
-0.329620926270065,-0.782179330821363,-0.0767147683325456,0.221869714301909,0.0108959584032585,-0.00141836722441058,0.000622121906161998
-0.33204427882629,-0.800103508369002,-0.0779239831696316,0.212414850285256,0.0101673868837713,-0.00157021565252259,0.0013028987191893
-0.334029002145014,-0.814885058347344,-0.0791128731342341,0.202579157930421,0.00945755651338749,-0.00173779435891631,0.00197552427356532
-0.33542099932059,-0.826478386951043,-0.0802665765556781,0.192333574669345,0.00876960196681669,-0.00192629927673731,0.00262752560780508
-0.336055568202618,-0.834825930549287,-0.0813669351983475,0.181648994002488,0.00810753847713343,-0.00214013382726127,0.00324581413839775
-0.3357517317792,-0.839856707818633,-0.0823913739549315,0.170494619377936,0.00747664645797454,-0.00238246392262691,0.00381671135770154
-0.334308094173776,-0.841487664376005,-0.0833122038155889,0.158836070944311,0.00688368316343205,-0.00265475206966192,0.00432605535834905
-0.331501385714494,-0.839628116326702,-0.0840966638970058,0.146633492556958,0.00633684715229437,-0.00295630666788499,0.00475942400159647
-0.327088775805106,-0.834187236425398,-0.084707992903951,0.133840000794381,0.00584543968004545,-0.00328391021324177,0.00510250566483019
-0.32081465465737,-0.825083988982888,-0.0851077009175327,0.120400894604143,0.00541921004624082,-0.00363161552071727,0.00534163400499973
-0.312421838622793,-0.812258272781725,-0.0852589792705342,0.106254075305146,0.00506744148804436,-0.00399081070928097,0.00546447742151741
-0.30166608174048,-0.795681448142396,-0.0851308595798528,0.0913320807947728,0.0047979209490728,-0.0043506383170105,0.00546083917229574
-0.288331610638343,-0.775364170868769,-0.0847023929722891,0.0755659852448246,0.00461601494065711,-0.00469880291458182,0.00532348864802123
-0.272244549196337,-0.751359778222161,-0.0839659009814665,0.0588911324401435,0.0045241082604767,-0.0050227191188691,0.0050489211085119
-0.25328101621592,-0.72376244578861,-0.0829283909229472,0.0412542670685451,0.00452161952796446,-0.0053108590734718,0.00463794458083687
-0.231367631300208,-0.692700744031722,-0.0816106011091863,0.022621164041842,0.00460567767918976,-0.00555408843709719,0.00409602314245721
-0.20647401806074,-0.658328571265293,-0.0800437814488202,0.00298343873733142,0.00477235353301012,-0.00574676339005895,0.00343335759419416
-0.178599113499646,-0.620816184880499,-0.07826502411905,-0.0176369873920598,0.00501814867233351,-0.00588740853155585,0.00266474012908021
-0.147754960605331,-0.580343919728696,-0.0763124787711037,-0.039187120547886,0.00534131626664412,-0.00597888896342818,0.00180926141629031
-0.113952534103889,-0.537100259125496,-0.0742219055879189,-0.061586566130572,0.00574257150343271,-0.00602809045717629,0.000889964882369682
-0.0771937049800825,-0.491284643530777,-0.0720256595707723,-0.0847353776102746,0.00622485376897074,-0.00604518685160137,-6.64702435042905e-05
-0.0374717103217339,-0.443114268967802,-0.0697544350074818,-0.108524642810218,0.0067920072158181,-0.00604257856298478,-0.00102997941679041
0.00522028488481985,-0.392833464663061,-0.0674411166070353,-0.132847275537059,0.00744651491262079,-0.00603353840850557,-0.0019673333929632
0.0508763390021655,-0.34072413974065,-0.0651251291626537,-0.157605731254365,0.00818671807614538,-0.00603054699838133,-0.00284246286526559
0.09946772064866,-0.28711619090973,-0.0628550426364592,-0.182713270650755,0.00900422940839232,-0.00604331226037528,-0.00361711682275702
0.150944861402061,-0.232397568381066,-0.0606872344054186,-0.208086436864185,0.00988241435595597,-0.00607660989012466,-0.00425213018132421
0.205259121453709,-0.177024787786146,-0.0586795053109115,-0.233629090793241,0.0107966977590346,-0.00612835058738583,-0.00470950683165155
0.262405484290472,-0.121535770777912,-0.0568807750748549,-0.2592124980812,0.0117168749875082,-0.00618854978191957,-0.00495529342011097
0.32247470678494,-0.0665672381112809,-0.0553206641969862,-0.284659934537099,0.012610573812702,-0.00623990895646615,-0.00496286751312795
0.385688690893532,-0.0128770567569532,-0.0540043143657547,-0.309745162129964,0.0134459498179482,-0.00626031652282547,-0.00471596428571905
0.452383710593479,0.0386335826944031,-0.0529165504309966,-0.334209788359586,0.0141913958570924,-0.00622681771632927,-0.00421075419333176
0.522910587550747,0.0869128505098151,-0.0520352760540476,-0.357796146558618,0.0148111593308621,-0.00611991772032431,-0.00345666307600052
0.597442314782254,0.130791478417155,-0.051348857100742,-0.380284431366168,0.0152581857334508,-0.00592697014886979,-0.00247621796089339
0.675716041311998,0.169087140661841,-0.0508691549143552,-0.401519896640279,0.0154682616371897,-0.00564397852526926,-0.00130464069746527
0.756782050715313,0.200797411221649,-0.0506326896716346,-0.421419403849925,0.0153611882228868,-0.00527597114961785,1.00948330830979e-05
0.838872677563658,0.225355341748689,-0.0506872172860019,-0.439954985519221,0.0148538173363848,-0.00483652902985729,0.00140654023957245
0.919504938544608,0.242854671185431,-0.0510686110022407,-0.457122028879718,0.0138852191442928,-0.00434663187545371,0.00280906551005061
0.99584982036783,0.254107615651633,-0.0517804597213608,-0.472905376132914,0.0124465566574399,-0.0038319831036243,0.00412877510206395
1.06524553487566,0.260449423821305,-0.0527904427958241,-0.48725163107573,0.010601478908151,-0.00331747216993352,0.00526805733836282
1.12561047279674,0.263362551316614,-0.0540476528031819,-0.50004266892839,0.00848358064510608,-0.00281878189498626,0.00613000544591526
1.17556414970186,0.264135716714348,-0.0555072395869611,-0.511060742889845,0.0062683550913828,-0.00233425443222702,0.00663186841763528
1.2142805601638,0.263737703820387,-0.057139552556382,-0.519953450177199,0.00413135707695105,-0.00184230280049649,0.00671915190969883
1.24127620159491,0.262889096657034,-0.0589141391098185,-0.526231320353739,0.00221104141955594,-0.00130772676900238,0.0063755313473926
1.25630812478886,0.262165512109615,-0.0607746365832884,-0.529326941630164,0.000589821404518186,-0.000694741667729181,0.00562471074652653
1.25939258774206,0.262005963792579,-0.062631547809257,-0.528704723444204,-0.000704311627491628,1.99177575559717e-05,0.00452379469367241
1.25084218629106,0.262643429371218,-0.0643838633386325,-0.523971127317176,-0.00168270565540199,0.000839731014204219,0.0031516079941848
1.23123714048552,0.26405339422687,-0.0659550021385381,-0.514934100525478,-0.00237784497819815,0.00174814892230614,0.00159694126388579
1.20132265672633,0.2659849100876,-0.0673175184594201,-0.501593459714022,-0.0028299044300439,0.00271252177625883,-4.97863456404975e-05
1.16187264266743,0.268070539921709,-0.0684890560289353,-0.484078716167917,-0.00308111369252213,0.00368889135506554,-0.00170068238362469
1.11356555988376,0.269972026842442,-0.069498056887947,-0.462566323076351,-0.00317688570044965,0.00462653500056384,-0.00327159423329027
1.05690784591099,0.271512775433067,-0.070332224603669,-0.437207515755826,-0.00317031587632214,0.00547341992364805,-0.00468238216730904
0.992231882821771,0.272754912002335,-0.0708931586318763,-0.408091766796405,-0.00312562812263855,0.00618422414208153,-0.00585820616534193
0.919783700884338,0.273988564063759,-0.0709849286825386,-0.375262694055683,-0.00311619446897284,0.0067308194391571,-0.00673325648943345
0.839886599570634,0.275623029817986,-0.0703561436633438,-0.338787680572507,-0.00321464608700125,0.00711195210264982,-0.0072572217324809
0.75312130743655,0.27801174481784,-0.0687889838834162,-0.298856432970799,-0.00347697086197162,0.00735660678712299,-0.00740292196965379
0.660431927889966,0.281288119250721,-0.0661946753123033,-0.255859362019585,-0.00392759252000745,0.00751699344432791,-0.00717175369006948
0.563092088686798,0.285296246704508,-0.0626611210864019,-0.210398674973321,-0.00455382157305853,0.007652619681686,-0.00659364131681922
0.46254736221,0.28964810541592,-0.0584248293456885,-0.163223041611922,-0.0053130916131657,0.00781249624660036,-0.00572083522921232
0.360223333942253,0.293864012547378,-0.0537875399385964,-0.115122811515062,-0.00614863178682211,0.00802318252466346,-0.00461825035756077
0.257387315658902,0.297516576895137,-0.0490265745680744,-0.0668357934013168,-0.0070053564534706,0.00828590478132732,-0.0033542367546577
0.155082617207655,0.300317901694048,-0.0443387855777967,-0.0189858013974254,-0.00783998424646841,0.00858090376597247,-0.00199409781754643
0.0540933150451078,0.302132778560596,-0.0398295259447508,0.0279566970654709,-0.00862409505430256,0.00887508242181559,-0.000596394568763619
-0.0450807957033757,0.302933372118364,-0.0355362282798212,0.0736984444131628,-0.00934185548664805,0.00912957973909157,0.000788543804341281
-0.142194069869817,0.302725586250749,-0.0314689694751293,0.118112636191657,-0.00998489571426784,0.00930544139548135,0.00211775898279521
-0.237147459497752,0.301478185413295,-0.0276509927995557,0.161187461173692,-0.0105468019226243,0.00936743532863821,0.00335281823285275
-0.329860617992292,0.299075721545505,-0.0241460435094464,0.202962786222042,-0.0110192357355334,0.0092873699535448,0.00445682975250007
-0.420183042935981,0.295305738084101,-0.0210651267781124,0.243480186668351,-0.0113907022002778,0.00904795519842677,0.00539310196978292
-0.50785453367834,0.289884974705376,-0.0185508471803158,0.28274708551947,-0.0116480507853893,0.00864690068851211,0.00612601126272941
-0.592504081738756,0.282522948716531,-0.016742980958213,0.320709228201053,-0.0117801308446374,0.00809976293453857,0.00662375840164337
-0.673677900917564,0.273008683089298,-0.015735848957015,0.357232739170124,-0.0117823220346119,0.00743966726712451,0.00686217639005935
-0.750887648566899,0.261292009055095,-0.015543761286688,0.392102623091464,-0.0116600778900237,0.00671275670488176,0.00682836280643751
-0.823665452914122,0.247526359796454,-0.0160897936108035,0.425042639929093,-0.011429737060037,0.00596992510449641,0.00652286416331925
-0.891609941179202,0.232053340804033,-0.0172232240070235,0.455753384103978,-0.0111159418224937,0.00525716887964815,0.00595967129226994
-0.954412121415729,0.215335346427498,-0.0187572470161315,0.483957275204972,-0.010746538475002,0.00460754696451751,0.00516419643201571
-1.01185983985292,0.197864959661046,-0.0205100617940372,0.509436985138642,-0.0103468606710305,0.00403683871349195,0.00417014787000169
-1.06382816804507,0.180085990008088,-0.0223338764209511,0.532058354279622,-0.00993526765216909,0.00354325925264441,0.00301639383150801
-1.11026571632125,0.162351336208168,-0.0241248882057921,0.551775832258554,-0.00952098567730247,0.00311018594519903,0.00174456892254381
-1.15118363568596,0.144927387404656,-0.0258164370723017,0.568623190247831,-0.00910435828918281,0.0027103980909348,0.000397664404215086
-1.18664825151433,0.128042150813546,-0.0273629560807325,0.582693121000532,-0.0086790464352427,0.00231070224002699,-0.00098056171709633
-1.21677316284363,0.111966423649011,-0.0287235638396587,0.594107984983509,-0.00823563021537003,0.00187649794214466,-0.00234573468656985
-1.24170399033294,0.0971101498687656,-0.0298526754773423,0.602983249189364,-0.00776626969905314,0.00137635933221462,-0.00365300932085736
-1.26158925211487,0.0841047279609035,-0.0307021620435947,0.609387404777341,-0.00727028158782471,0.000786791768239358,-0.00485757220029553
-1.27653419645763,0.073826232823747,-0.0312356443823179,0.613307532523266,-0.00676029746958695,9.69211414934385e-05,-0.0059156494391716
-1.28654151053648,0.0673045068822169,-0.0314503616460447,0.614634864497686,-0.00626767240594236,-0.000687794757607772,-0.00678588846782764
-1.29145502292956,0.0654817748507963,-0.0313966070679976,0.613183067499107,-0.00584399935121246,-0.00154419604125069,-0.00743086407861999
-1.290938180638,0.0688545489324485,-0.0311819137497687,0.608738842794016,-0.00555431663877095,-0.00243351836172742,-0.00781879047768667
-1.28452543832058,0.077139523681465,-0.0309511374138453,0.601125651031019,-0.00545982377712572,-0.00330716852998855,-0.00792609878956268
-1.27175937028535,0.0891648575431837,-0.0308458026546884,0.590253430227105,-0.00559511727093876,-0.00411529260179396,-0.00774135648176755
-1.25236777838827,0.103103840765502,-0.030960534054197,0.576139481111502,-0.00595223867114038,-0.00481629236539728,-0.00726943158551463
-1.22639118937875,0.116960613353092,-0.0313190119628638,0.558905209696984,-0.00648229267047442,-0.00538467568688268,-0.00653328107716697
-1.1941959231995,0.129062046218439,-0.0318804215537765,0.538760480685309,-0.00711391551490673,-0.00581467665499955,-0.00557150274659628
-1.15638361753059,0.138343829769873,-0.0325687988535093,0.51598181110732,-0.00777715023973119,-0.00611868456313859,-0.00443246249967034
-1.11366211013656,0.144381335934453,-0.0333073240317589,0.490886315843004,-0.00842074052453486,-0.00632186038674184,-0.00316766812715595
-1.06673877178608,0.147248875958355,-0.0340425889176611,0.463805157219506,-0.00901809112601141,-0.00645558017939167,-0.00182669935142844
-1.01626165273532,0.147321433776636,-0.0347532864507618,0.435062368929654,-0.00956405235532846,-0.00655188329736908,-0.000454482096303794
-0.962803734424968,0.145095718101283,-0.0354454414888415,0.404963200895853,-0.0100671972573297,-0.00663980403118091,0.00090950299280337
-0.906874230282954,0.141060494603733,-0.036139504176402,0.373792271977057,-0.010541452047235,-0.00674339293590177,0.00223089883282231
-0.848942187621591,0.135617575981896,-0.0368547472907911,0.341818826589772,-0.0109992177004597,-0.00688078625288205,0.00347976504177262
-0.789462587126867,0.129044931878361,-0.0375954537949758,0.309305298502345,-0.0114468276235828,-0.0070637331000597,0.00462997591998394
-0.728898924447735,0.121493148196722,-0.0383423134678367,0.276515580222521,-0.0118825274968028,-0.0072972821388621,0.00565900130467306
-0.667738114027798,0.113008161173627,-0.0390512360208938,0.243720071360478,-0.0122968546284438,-0.0075796573707932,0.00654818103265235
-0.606494610390579,0.103572952686344,-0.0396600725789285,0.211195467318548,-0.0126750338679152,-0.00790257860015311,0.00728344585258383
-0.545702222058826,0.0931584118129803,-0.0401014972408541,0.179218504168553,-0.0130006751211682,-0.00825231482242158,0.00785627334684024
-0.485894706353178,0.0817710219050809,-0.040318187761083,0.148054563355011,-0.0132597470827883,-0.00861157255455567,0.00826453283740004
-0.427579141993522,0.0694853320180029,-0.0402755260436931,0.117943698256341,-0.0134437252778097,-0.0089619950928445,0.00851284042693667
-0.371207823462601,0.0564537421995495,-0.0399680156376494,0.0890874399824688,-0.0135511133806965,-0.00928675726516882,0.00861216104904441
-0.317154072301314,0.0428934925560399,-0.0394181203003579,0.0616391672093397,-0.0135871335508898,-0.00957265586979827,0.00857862363207228
-0.265695154178992,0.0290577744454775,-0.0386690134887183,0.0356992137385439,-0.0135619980726649,-0.0098112667958359,0.00843175415742427
-0.217003368039392,0.015201142156716,-0.0377743984986297,0.0113144138208597,-0.0134885262471198,-0.00999906312330363,0.00819247307333765
-0.17114505282908,0.00154892753458027,-0.0367887006182493,-0.0115188907798842,-0.013379865539077,-0.0101366929042508,0.00788121838478963
-0.128087303339149,-0.0117230907003307,-0.0357598645665152,-0.0328490648275647,-0.0132478152384271,-0.0102277841517065,0.00751647201801409
-0.0877121466001034,-0.0244967062570463,-0.0347255502663617,-0.0527609110321499,-0.013101919288182,-0.0102776560150253,0.00711383953017453
-0.0498368905631781,-0.0367085374922321,-0.0337123430784249,-0.071365394103788,-0.012949235303256,-0.0102922165199626,0.00668569884864445
-0.0142376879304521,-0.0483402373983408,-0.032736975631902,-0.0887884863908812,-0.0127945564854998,-0.0102771855335604,0.00624131979437396
0.0193276054873598,-0.059405882176268,-0.0318084790905455,-0.105160723184064,-0.012640850424997,-0.0102376541112269,0.00578728827369652
0.0511006292385207,-0.0699398882497748,-0.0309304443469432,-0.120608851166171,-0.0124897368318991,-0.0101779118082782,0.00532806085379434
0.081309413636244,-0.0799873127756938,-0.0301029415821583,-0.135250214342948,-0.0123419044524101,-0.0101014472275689,0.00486651555170228
0.110160857864603,-0.089597037918546,-0.0293239505067425,-0.149189747934415,-0.0121974315511172,-0.0100110380439686,0.0044044231976467
0.137837623625533,-0.0988175109428809,-0.0285903320543057,-0.162518992092545,-0.0120560125219679,-0.00990887280389812,0.00394281390715943
0.164497996393124,-0.107694398359412,-0.0278984426860707,-0.175316429876848,-0.0119171091090096,-0.0097966720425963,0.00348224391793449
0.19027745252654,-0.11626951547653,-0.0272444991689798,-0.187648556362992,-0.0117800473148552,-0.00967579422792497,0.0030229813008449
0.215291026965289,-0.12458052941769,-0.0266247817108809,-0.199571261144648,-0.0116440778291499,-0.00954732246774714,0.00256513125984405
0.239635917271412,-0.132661090150766,-0.0260357381825214,-0.211131269804757,-0.0115084131389773,-0.00941213293892312,0.00210871885815512
0.263394009111353,-0.140541170291371,-0.0254740309412245,-0.222367507274958,-0.0113722503528298,-0.00927094789568036,0.00165374285394903
0.286634171830844,-0.148247483814703,-0.0249365523228367,-0.233312321728275,-0.0112347856617843,-0.0091243764404727,0.00120021043912967
0.309414271160416,-0.155803912105304,-0.0244204245088863,-0.243992552299593,-0.0110952242111173,-0.0089729458944138,0.000748159577104616
0.331782897982555,-0.163231900762468,-0.0239229929343739,-0.254430446698605,-0.0109527877527223,-0.00881712606658204,0.000297673414450516
0.353780836071255,-0.17055081049542,-0.0234418184032369,-0.264644444625345,-0.0108067215612249,-0.00865734819459994,-0.000151110275481137
0.37544230115741,-0.177778216500683,-0.022974670665884,-0.274649846151636,-0.0106563015385279,-0.00849401987430313,-0.000597992688909961
0.396795986704185,-0.184930156943056,-0.0225195247522581,-0.284459384673171,-0.010500842071891,-0.00832753691924382,-0.00104270941700779
0.417865947847804,-0.192021333309037,-0.0220745605515759,-0.294083721387013,-0.0103397049988528,-0.00815829281666372,-0.00148492691223309
0.438672350833296,-0.19906526632365,-0.0216381656406953,-0.30353187563562,-0.0101723098888568,-0.00798668622996469,-0.00192423950436645
0.459232112125899,-0.206074411651234,-0.0212089410427398,-0.312811603362995,-0.0099981457396769,-0.00781312682085548,-0.00236016670202557
0.479559445590387,-0.213060238784828,-0.0207857094449546,-0.32192973266807,-0.00981678411701204,-0.00763803954857712,-0.00279215062053348
0.499666333124754,-0.220033276373571,-0.0203675252568539,-0.330892463478014,-0.00962789368546018,-0.00746186749858576,-0.003219553491111
0.519562930872751,-0.227003126862362,-0.0199536857831432,-0.339705636283971,-0.00943125600249196,-0.00728507321766216,-0.00364165528063208
0.53925791952813,-0.233978452756194,-0.0195437427051279,-0.348374972641839,-0.00922678236998566,-0.00710813848317873,-0.00405765149222201
0.55875880547154,-0.240966936897351,-0.019137512956386,-0.35690628872532,-0.00901453143815832,-0.00693156239136854,-0.0044666512788126
0.578072176976166,-0.24797521901683,-0.0187350879950909,-0.365305681475223,-0.00879472715439639,-0.0067558576333015,-0.00486767603373544
0.597203918394216,-0.255008811181011,-0.0183368403802137,-0.373579685693545,-0.00856777652752932,-0.00658154482237714,-0.00525965866735994
0.616159383381304,-0.262071995015882,-0.017943426495338,-0.3817353990587,-0.00833428655682369,-0.00640914476010779,-0.0056414438012433
0.634943527527956,-0.269167704350846,-0.0175557842084259,-0.389780571275535,-0.00809507954109264,-0.00623916856413284,-0.00601178914518639
0.653560999953506,-0.276297397711195,-0.0171751242505141,-0.39772365291029,-0.00785120585990695,-0.00607210564803989,-0.0063693683393436
0.6720161928667,-0.283460925981272,-0.0168029141508861,-0.405573799131832,-0.00760395321269654,-0.00590840963368014,-0.00671277554673386
0.69031324846127,-0.290656401752362,-0.0164408536859522,-0.413340823936686,-0.00735485121968344,-0.0057484823880913,-0.00704053208096629
0.708456022360279,-0.297880077719179,-0.0160908410314149,-0.421035100929261,-0.0071056702654156,-0.00559265651895591,-0.00735109531664084
0.726448004242643,-0.305126242680056,-0.0157549291244964,-0.428667408311589,-0.00685841349213997,-0.00544117681116942,-0.00764287009197458
0.744292197101012,-0.312387144267023,-0.0154352721966516,-0.436248717514331,-0.00661530097273154,-0.00529418125342625,-0.00791422273159881
0.76199095810974,-0.319652947837696,-0.0151340629972806,-0.443789927430921,-0.00637874530709825,-0.00515168246295704,-0.00816349771585836
0.779545806340941,-0.326911740895481,-0.0148534618790936,-0.451301549456074,-0.00615131820012656,-0.00501355045312368,-0.00838903690395932
0.796957204142292,-0.334149591294149,-0.0145955196474773,-0.458793351766815,-0.00593570800993475,-0.00487949779490007,-0.00858920106417141
0.814224321308941,-0.341350665854814,-0.014362096809889,-0.466273974954209,-0.00573466876900613,-0.00474906826712887,-0.00876239330954856
0.831344792931188,-0.348497413377593,-0.014154782551245,-0.473750534430349,-0.00555096176658611,-0.00462163006359873,-0.00890708387552252
0.848314483259894,-0.355570812604466,-0.0139748173201757,-0.481228227847001,-0.0053872913910994,-0.00449637450997993,-0.00902183552780707
0.865127268813664,-0.362550681600888,-0.0138230232574988,-0.488709967666168,-0.00524623751450848,-0.00437232103500064,-0.00910532877048617
0.881774854037427,-0.369416040511924,-0.0136997467576495,-0.496196059667668,-0.0051301871958924,-0.0042483288419357,-0.00915638594878627
0.898246631973599,-0.376145515072468,-0.0136048171681045,-0.503683947313227,-0.0050412688266108,-0.00412311535352658,-0.00917399332353835
0.914529600592531,-0.382717764051019,-0.0135375249747975,-0.511168039408701,-0.00498129197854759,-0.00399528108237185,-0.00915732024279113
0.930608342918321,-0.389111910542026,-0.0134966218062566,-0.518639634582249,-0.00495169611014675,-0.00386334014399078,-0.00910573465386024
0.946465075954691,-0.395307955093433,-0.0134803432782252,-0.526086950953211,-0.00495351092077303,-0.0037257552233589,-0.00901881437683664
0.962079769473268,-0.401287148242477,-0.0134864541958918,-0.533495263222283,-0.00498733053725649,-0.00358097547314345,-0.00889635378859347
0.977430331995931,-0.407032301633841,-0.0135123140655523,-0.540847143139361,-0.00505330290943076,-0.003427475595084,-0.00873836582306515
0.992492857744924,-0.412528020379491,-0.0135549593966633,-0.548122793328171,-0.00515113485810084,-0.0032637942627422,-0.00854507945620173
1.00724192491527,-0.417760844374061,-0.0136111980497598,-0.555300459158256,-0.00528011224635026,-0.0030885700995958,-0.00831693309006443
1.02165093334413,-0.422719292811412,-0.0136777100342008,-0.562356899555363,-0.00543913382945531,-0.00290057361827523,-0.00805456445455257
1.03569246774893,-0.427393813252818,-0.0137511487715753,-0.569267895170272,-0.00562675656540651,-0.00269873384282069,-0.00775879779833255
1.04933865871805,-0.431776646241149,-0.0138282368875747,-0.576008769294166,-0.00584124957543311,-0.00248215784460611,-0.00743062919988735
1.06256159023844,-0.435861610285378,-0.013905851547026,-0.582554910781911,-0.00608065376167935,-0.00225014707080334,-0.00707121102464471
1.07533361723499,-0.439643845357348,-0.0139810946585898,-0.588882258299098,-0.00634284387687909,-0.00200220218178477,-0.00668183612017628
1.08762769828794,-0.443119523903021,-0.0140513453442921,-0.594967749098241,-0.00662559009049869,-0.00173802483555385,-0.00626392278122803
1.09941767520166,-0.44628556051096,-0.0141142932041494,-0.600789708845879,-0.00692661652692865,-0.00145751336326828,-0.00581900104798776
1.11067850085784,-0.449139343288059,-0.0141679525541003,-0.606328173959449,-0.00724365469149742,-0.00116075413230648,-0.00534870092059397
1.12138640757096,-0.451678507873452,-0.0142106592774591,-0.61156513910527,-0.00757449024777126,-0.000848009821364015,-0.00485474293058499
1.13151900969825,-0.453900770304845,-0.014241053198632,-0.616484725061541,-0.00791700211580959,-0.000519705906504371,-0.00433893139846859
1.14105533575755,-0.455803829353928,-0.0142580498845037,-0.621073264214999,-0.00826919329322571,-0.000176416636526579,-0.00380315059817159
1.14997578610164,-0.45738534299914,-0.0142608064672068,-0.625319302195644,-0.00862921311502238,0.000181148313701665,-0.00324936396581266
1.15826201285143,-0.458642978199722,-0.0142486864619932,-0.629213514873256,-0.0089953708735171,0.000552155484931183,-0.00267961640697435
1.16589671896871,-0.459574528426078,-0.0142212286453754,-0.632748540038333,-0.00936614082097763,0.000935656756659332,-0.00209603968359767
1.17286337314286,-0.460178089726461,-0.0141781248960358,-0.635918722690207,-0.0097401585990949,0.00133059538945174,-0.0015008608015638
1.17914583707348,-0.460452283479509,-0.0141192115147618,-0.638719772279724,-0.010116209128879,0.0017358087187906,-0.000896413250325349
1.18472790187342,-0.460396512129588,-0.0140444779429602,-0.641148329657438,-0.0104932059828672,0.00215002756135008,-0.000285150870414132
1.18959273098648,-0.460011232753877,-0.0139540959863928,-0.643201441124945,-0.010870162279137,0.00257187274893968,0.000330335954509455
1.19372220882634,-0.459298231917266,-0.013848471588695,-0.644875937328231,-0.0112461532231047,0.00299984959043539,0.000947302186365132
1.1970961976748,-0.458260883591483,-0.013728319834175,-0.646167716147078,-0.0116202706053332,0.00343234146953414,0.0015628286364242
1.1996917106407,-0.456904369780224,-0.0135947621288185,-0.647070931678563,-0.011991569865167,0.00386760419925441,0.00217380177571338
1.20148202035171,-0.45523584333083,-0.0134494434708564,-0.647577090644424,-0.0123590112972698,0.00430376096724785,0.00277689337384108
1.20243570405043,-0.453264501015007,-0.0132946588005968,-0.647674098685965,-0.0127213942902874,0.00473881130807411,0.0033685429798283
1.20251572601853,-0.45100152583861,-0.0131334872825826,-0.647345234805202,-0.0130772931882938,0.00517063651442346,0.00394494137037791
1.20167852931007,-0.448459943025894,-0.0129699226637784,-0.646568107855705,-0.0134249919536229,0.00559701651317884,0.00450201853837916
1.19987326695091,-0.445654234940239,-0.0128089706760438,-0.645313694572176,-0.0137624248492103,0.00601567011097008,0.00503544042532073
1.19704123641318,-0.442599796668772,-0.0126567109531825,-0.643545465988834,-0.0140871296504423,0.00642430237668167,0.00554061347279751
1.19311561977843,-0.439312170075427,-0.0125202950082018,-0.641218724319321,-0.0143962193645585,0.00682067095278873,0.00601270178012675
1.18802163538557,-0.435806061772823,-0.0124078611375557,-0.638280246286571,-0.014686380373777,0.00720266917260878,0.00644665949967402
1.18167720148985,-0.432094162381342,-0.0123283481430669,-0.634668342648846,-0.0149539047857856,0.00756842408282683,0.00683728135961665
1.17399419126398,-0.428185809938894,-0.0122911958349722,-0.630313439033323,-0.0151947638841458,0.00791640512220872,0.00717927367133458
1.16488031674224,-0.424085569532721,-0.0123059304309491,-0.625139261501738,-0.015404727350116,0.00824553657286266,0.00746734710478212
1.15424161488629,-0.419791830559614,-0.0123816471281938,-0.61906466727488,-0.0155795291599234,0.00855530430450647,0.00769633081095015
1.14198542364824,-0.41529554718016,-0.012526419307331,-0.612006095050615,-0.0157150757700809,0.00884584523775163,0.00786130513151412
1.12802363584741,-0.41057925947647,-0.0127466819106028,-0.603880522407758,-0.0158076857979206,0.00911800695230595,0.0079577473326016
1.11227591808927,-0.405616526341853,-0.0130466523224567,-0.594608718906092,-0.0158543436911461,0.0093733654708389,0.00798168183089064
1.09467249900996,-0.400371871193877,-0.0134278617167295,-0.584118487140927,-0.0158529440973612,0.00961419184303068,0.00792982376955657
1.07515608565626,-0.394801287043372,-0.0138888696830755,-0.572347509006437,-0.0158025002264925,0.00984336275792876,0.00779970317636231
1.05368247702393,-0.388853273179877,-0.0144252226562288,-0.559245381084115,-0.0157032897102613,0.010064216504977,0.00758975686270343
1.03021951640841,-0.382470291513334,-0.0150296922468472,-0.544774445412586,-0.0155569160288618,0.0102803622015789,0.00729937709387636
1.00474415077398,-0.375590449925574,-0.0156927958884107,-0.528909102429229,-0.0153662722830175,0.0104954559517955,0.00692890985827199
0.977237522296555,-0.368149156644862,-0.0164035645773482,-0.511633420049653,-0.0151354057099835,0.0107129610830301,0.00647960083271813
0.947678166260067,-0.36008045240644,-0.0171504873801304,-0.492936999698548,-0.0148692938409726,0.010935909756765,0.00595349303531785
0.916033488104919,-0.351317716575891,-0.0179225354580554,-0.472809191279343,-0.0145735542918339,0.0111666796029105,0.00535328569710783
0.88224970058484,-0.341793449258754,-0.0187101525027917,-0.451231827527531,-0.0142541179894049,0.0114067918099003,0.00468216822754704
0.846240295546893,-0.331437834728816,-0.01950609221439,-0.428170647696594,-0.0139168993644356,0.0116567269755283,0.00394364607382527
0.80787288605241,-0.320175763192418,-0.020305980506904,-0.403565483771145,-0.0135674971812032,0.0119157426926926,0.00314137721274399
0.766953876357142,-0.307921891575102,-0.0211084687178702,-0.377319087375686,-0.013210958193944,0.0121816624341429,0.00227904047556969
0.723209899831329,-0.294573114474708,-0.0219148054747855,-0.349284196917834,-0.0128516362070489,0.0124505877314203,0.00136026293327086
0.676264302675062,-0.279997428211378,-0.0227275594004399,-0.319248111024828,-0.0124931866822942,0.0127164622670316,0.000388648515488646
0.625606194072358,-0.264017522154321,-0.0235480217237775,-0.286913745108423,-0.0121387605681077,0.0129703823083621,-0.000632015096468442
0.570549065168153,-0.246386396158894,-0.0243714147585496,-0.251876203934147,-0.0117915172929783,0.0131995021439751,-0.00169721777050981
0.510176398605814,-0.226750952734984,-0.0251782811929649,-0.213595129073854,-0.0114556911929527,0.0133853155169222,-0.00280053546209718
0.443276832787971,-0.204598266324252,-0.025919128949559,-0.17136809470942,-0.0111386740038667,0.0135010830538209,-0.00393111467364585
0.368289467382175,-0.179181146669647,-0.0264876959203981,-0.124325408112155,-0.0108549428810265,0.013508406338092,-0.00506846530961172
0.283331761875366,-0.149434896792781,-0.0266784010199598,-0.0715049046818445,-0.0106329703620131,0.0133542259131793,-0.00617208922338471
0.18649040098808,-0.113953082014686,-0.0261366866602787,-0.0121345434442411,-0.0105250840283415,0.0129737443770132,-0.00716296242842897
0.0766456451745222,-0.0712210368173913,-0.0243664346706709,0.0537268663190526,-0.0106130732715796,0.0123134554805861,-0.00789900600437857
-0.0452257815090829,-0.0204191573335685,-0.0209623745915311,0.124377235142075,-0.010985251320626,0.0113899742350367,-0.00816686120537012
-0.175406717242713,0.037274261704601,-0.0161636984789568,0.196498165870443,-0.0116598991759691,0.0103547893616632,-0.00773555337257637
-0.308841080276424,0.0981201387861838,-0.0112079846011286,0.266818522170527,-0.0125083721347715,0.00945509638475246,-0.00647488068132274
-0.441287479622884,0.157322784917995,-0.00765758444317813,0.333676294482719,-0.0133105215810714,0.00885392108399585,-0.0044331151837134
-0.569409601774491,0.211321333677736,-0.00624229786404384,0.396242226541372,-0.0139313570030713,0.00848780630046973,-0.00179976179354345
-0.689351540873823,0.258563031679155,-0.00657051405960099,0.45278691869191,-0.0144293344597216,0.00808231749653354,0.00116718279950977
-0.796402337439829,0.298951766312887,-0.00766956174538688,0.500544053135386,-0.0150037886243531,0.00722583941895481,0.00416546544817614
-0.886494531504652,0.333238530364225,-0.00856705742721435,0.537516155366254,-0.0158387671330473,0.00545083240687431,0.00682737663522553
-0.958263409286743,0.362153661353063,-0.00874561398689942,0.564734382893925,-0.0169461784255386,0.00244020912850306,0.00870584187637273
-1.01320337714525,0.384307783748039,-0.00849161411874882,0.586105437556967,-0.0181592157066547,-0.00161337387049425,0.00935601415143932
-1.05235420440554,0.394180523543608,-0.00862247511426033,0.604083096662482,-0.0193274624162864,-0.00590585924635739,0.00855203823936444
-1.07311781823264,0.384297345422413,-0.00947897742728673,0.616075896499006,-0.0203819450885463,-0.00956534496546499,0.00644719104971365
-1.07084422629899,0.352858122621332,-0.0103982907216069,0.617299585549164,-0.0210530821134978,-0.0122321245328361,0.00346182342340283
-1.04263989613231,0.310898216936225,-0.0105034037665796,0.605225911403975,-0.0208763326177566,-0.0139989417035221,7.15577224418538e-05
-0.989019315408138,0.276482511486683,-0.00990329286146444,0.57963810383707,-0.019770586637108,-0.01513104020248,-0.00325765739293676
-0.911931220509147,0.258264581776074,-0.00952321273541925,0.5402117080596,-0.0181448494691019,-0.0159520589055952,-0.00604471965816035
-0.812373150767518,0.250879726471454,-0.00972359934437276,0.485701792314142,-0.0164875353963641,-0.0166809992738814,-0.00783493160381615
-0.692136966751217,0.243937372484273,-0.00969145205481459,0.416131317706535,-0.015201745410932,-0.0172446085518334,-0.00833312170499791
-0.556957841392285,0.231517027695822,-0.00843050132846359,0.335227078682862,-0.0145277138411875,-0.0173601912149437,-0.00755052855203122
-0.415461595619173,0.214480699106989,-0.00593369128005076,0.249203483101826,-0.014470373445643,-0.0168524661655643,-0.00579925892199885
-0.275549276880155,0.196322882124568,-0.00294841055976291,0.163669931929705,-0.0148908894911812,-0.01580830280439,-0.00351581064111921
-0.143401063166767,0.179358444202516,-9.49618526052025e-05,0.0828207969054865,-0.0156323109134912,-0.0144701755812782,-0.00110570985099791
-0.0247713674883027,0.16431125315588,0.00242699038750609,0.0104527789543627,-0.0165424437555259,-0.0130920734276316,0.00111209114118725
0.0756001498941972,0.151312579583109,0.00461815657947488,-0.0503300792595507,-0.0174678688005112,-0.0118564029403923,0.00294146968435757
0.157017497274252,0.140306343340562,0.00650247277270732,-0.0990652654058159,-0.0182996137336678,-0.0108310600472336,0.00434626303359821
0.222890430517855,0.131003689387479,0.00811871663027892,-0.137929670325906,-0.0190046707190337,-0.00999285604235331,0.00540371593295793
0.277415066681673,0.123041058920864,0.00951485282506121,-0.169594956285933,-0.0195938596214231,-0.00929302660490636,0.00620881679736247
0.323722824179829,0.116135389129636,0.010729638129966,-0.196057411308572,-0.0200866454441106,-0.0086919660070268,0.00683164291119739
0.363894626749691,0.110092516351981,0.0117909182555517,-0.218649534884937,-0.0205001361757856,-0.00816255810138512,0.00731866022900701
0.399320916065458,0.104777857639199,0.0127192104503438,-0.238266712682333,-0.0208479067851925,-0.00768649492617192,0.00770100971676025
0.430964537846347,0.100093499597193,0.0135305355728385,-0.255532316752764,-0.0211406780905659,-0.00725112272877174,0.00800036638548018
0.459518514606857,0.0959644118904188,0.0142380702898294,-0.270896918006283,-0.0213870493518414,-0.00684744061299847,0.00823241788019956
0.485499185548363,0.0923304759203543,0.0148530614002551,-0.28469706516801,-0.0215940383879317,-0.0064688771599796,0.0084089115779024
0.509302649919277,0.0891418066029795,0.0153853394620844,-0.297191097045658,-0.0217674571097398,-0.00611052856215921,0.00853889623312995
0.53124023518191,0.0863559168581255,0.0158436206148145,-0.308581799878514,-0.0219121746271895,-0.00576866878774605,0.00862950484151079
0.551561618612364,0.0839359308702675,0.0162356958540941,-0.319031293462791,-0.0220323065134877,-0.00544042408831485,0.00868646751349397
0.570470422036308,0.08184941026062,0.0165685593379223,-0.328671156293261,-0.0221313551051478,-0.00512355011489101,0.00871445947630067
0.588135057923855,0.0800675488137967,0.0168485027249303,-0.337609528399356,-0.0222123164959617,-0.00481627522914786,0.00871734471576519
0.60469648230065,0.0785645954799127,0.0170811898049135,-0.345936231129564,-0.0222777641700882,-0.00451718783053799,0.00869835132804052
0.620273871602789,0.0773174233532279,0.0172717189837408,-0.353726545314728,-0.0223299157213017,-0.00422515377694952,0.00866020080745836
0.634968869249538,0.0763051950119576,0.0174246776969822,-0.361044057162887,-0.0223706869697924,-0.00393925486679679,0.0086052054082769
0.648868822693695,0.07550909372163,0.0175441909582041,-0.367942840348507,-0.0224017364411386,-0.0036587423731641,0.00853534282990559
0.662049291954677,0.0749121013266781,0.0176339652634781,-0.374469154961398,-0.0224245023092252,-0.00338300153838878,0.00845231444174153
0.674576022299082,0.0744988104427036,0.0176973285634566,-0.380662788133419,-0.0224402333370878,-0.0031115241705949,0.00835759132337539
0.686506516028547,0.0742552627546594,0.0177372667496364,-0.386558124482302,-0.0224500149649117,-0.00284388730559909,0.00825245112516655
0.697891299044839,0.0741688078875217,0.0177564569617994,-0.392185009488204,-0.0224547914240266,-0.00257973647337374,0.00813800790692204
0.708774952141104,0.0742279789509327,0.0177572979618699,-0.397569452267596,-0.0224553845644644,-0.00231877248642011,0.00801523652669563
0.719196958316136,0.0744223819546632,0.0177419377869037,-0.402734202163282,-0.0224525099424539,-0.00206074095218731,0.00788499274936037
0.729192404540263,0.0747425969941808,0.0177122988782643,-0.407699225140092,-0.0224467906076504,-0.00180542390913525,0.0077480299555637
0.738792567456581,0.0751800895900826,0.0176701008762437,-0.412482100018612,-0.0224387689490945,-0.00155263312300809,0.00760501312038717
0.748025405313052,0.0757271308942295,0.017616881261869,-0.417098349866941,-0.0224289168950214,-0.00130220469656663,0.00745653058268176
0.756915973645359,0.0763767257089334,0.0175540140215862,-0.421561720624521,-0.0224176447113325,-0.00105399472054153,0.00730310401038164
0.765486778456595,0.0771225474384058,0.0174827265028269,-0.425884416483175,-0.0224053086032294,-0.000807875754348621,0.00714519688204054
0.773758077775153,0.0779588792169179,0.0174041146199318,-0.430077299601182,-0.0223922172914697,-0.000563733971444876,0.0069832217399661
0.781748140350825,0.0788805605659314,0.0173191565602787,-0.434150060258763,-0.0223786377078821,-0.00032146683779226,0.00681754641931349
0.78947346847664,0.07988293900138,0.0172287251313601,-0.438111362353974,-0.022364799932592,-8.09812215157029e-05,0.00664849942006815
0.796948990669541,0.0809618260854585,0.0171335988788106,-0.441968968253182,-0.0223509014768528,0.000157808148822368,0.00647637455709386
0.80418822888155,0.0821134574665983,0.0170344720958064,-0.44572984627225,-0.0223371110000893,0.000394979942628929,0.00630143499974984
0.811203444117685,0.0833344565044399,0.0169319638337001,-0.449400263500347,-0.0223235715365977,0.000630607255747679,0.00612391679232068
0.818005763664184,0.0846218011169646,0.0168266260144517,-0.452985866206613,-0.0223104032966647,0.000864758451704567,0.00594403193125463
0.824605292504001,0.0859727935038741,0.0167189507379182,-0.456491749643332,-0.0222977060976925,0.00109749784709723,0.00576197106498488
0.831011211224955,0.0873850324584474,0.0166093768659159,-0.459922518836657,-0.0222855614728666,0.00132888627133792,0.005577905867833
0.837231862314147,0.0888563880031224,0.0164982959581746,-0.463282341675498,-0.0222740344984267,0.00155898152395784,0.00539199113233847
0.84327482633059,0.0903849780810388,0.0163860576296098,-0.466574995343019,-0.0222631753751648,0.00178783874444988,0.00520436662061308
0.849146989382661,0.0919691470975377,0.0162729743885689,-0.469803907057666,-0.02225302079461,0.00201551071246231,0.00501515870466059
0.854854603019337,0.0936074460970141,0.0161593260121603,-0.47297218988566,-0.0222435951166013,0.0022420480890443,0.00482448182438527
0.860403337496315,0.095298614382455,0.0160453635080933,-0.476082674278307,-0.0222349113813012,0.00246749960811554,0.00463243978737982
0.865798329318671,0.097041562420768,0.015931312706445,-0.479137935932537,-0.0222269721757062,0.00269191222848179,0.00443912692888213
0.871044223734018,0.0988353558640152,0.0158173775219604,-0.482140320429357,-0.0222197703722952,0.00291533125100021,0.00424462915092432
0.876145212822801,0.100679200544754,0.0157037429218958,-0.485091965073987,-0.0222132897552136,0.00313780040697314,0.0040490248551278
0.881105069732544,0.102572428313038,0.0155905776311898,-0.487994818293258,-0.0222075055475368,0.00335936192219909,0.0038523857821246
0.885927179523737,0.104514483589034,0.0154780366030842,-0.490850656891126,-0.0222023848516657,0.0035800565599107,0.00365477776920823
0.890614567050866,0.106504910518981,0.0153662632802012,-0.49366110142921,-0.0221978870135227,0.00379992364579736,0.00345626143580285
0.895169922252607,0.108543340632887,0.0152553916680163,-0.496427629964614,-0.0221939639200936,0.00401900107787891,0.00325689280496831
0.89959562316109,0.11062948090194,0.015145548240442,-0.499151590334021,-0.0221905602390544,0.00423732532258288,0.00305672386895312
0.903893756918102,0.112763102104523,0.0150368536948533,-0.5018342111551,-0.0221876136082862,0.0044549313986518,0.00285580310530669
0.90806613905883,0.114944027421019,0.0149294245712446,-0.504476611696727,-0.0221850547826117,0.00467185285045748,0.00265417594904289
0.912114331287338,0.117172121179578,0.0148233747486421,-0.507079810744394,-0.0221828077444764,0.00488812171162651,0.00245188522602946
0.916039657947236,0.119447277679074,0.0147188168300054,-0.509644734571903,-0.0221807897849767,0.00510376845979855,0.00224897155208367
0.919843221358752,0.1217694100208,0.014615863425301,-0.512172224107988,-0.0221789115613445,0.00531882196252144,0.00204547370235995
0.923525916204669,0.124138438894817,0.0145146283402448,-0.514663041392364,-0.0221770771367534,0.00553330941571245,0.00184142895370084
0.927088443114337,0.126554281269982,0.0144152276772177,-0.517117875393688,-0.0221751840082147,0.00574725627512169,0.00163687340307336
0.930531321568755,0.129016838930664,0.0143177808535553,-0.519537347243648,-0.0221731231283087,0.00596068618043017,0.00143184226555482
0.933854902259049,0.131525986825652,0.0142224115408829,-0.521922014946765,-0.0221707789264385,0.00617362087271856,0.00122637015395829
0.937059379004613,0.134081561185704,0.0141292485280848,-0.524272377607908,-0.0221680293354184,0.00638608010512872,0.00102049134276878
0.94014480033927,0.136683347388767,0.0140384265091098,-0.526588879221256,-0.0221647458292042,0.0065980815472552,0.000814240018135056
0.943111080857873,0.139331067546978,0.0139500867958502,-0.528871912053886,-0.0221607934778577,0.00680964068336043,0.000607650515903799
0.945958012409502,0.142024367806653,0.0138643779551945,-0.5311218196542,-0.0221560310258118,0.00702077070472131,0.000400757549317058
0.9486852752127,0.144762805353237,0.013781456368439,-0.53333889950879,-0.0221503109998573,0.00723148239620769,0.000193596428093701
0.951292448952019,0.147545835116097,0.0137014867105964,-0.535523405360819,-0.0221434798532881,0.00744178401658563,-1.37967288617696e-05
0.953779023932025,0.150372796201005,0.0136246423452888,-0.537675549219561,-0.0221353781529368,0.0076516811739415,-0.000221384786790332
0.956144412334725,0.153242898069796,0.0135511056310448,-0.539795503070817,-0.0221258408158912,0.00786117669606596,-0.000429129392599657
0.958387959621742,0.156155206497673,0.0134810681336327,-0.541883400298444,-0.0221146974028698,0.00807027049597056,-0.000636990775039653
0.960508956116978,0.159108629354901,0.0134147307385392,-0.543939336827334,-0.0221017724752528,0.00827895943290238,-0.000844927546122898
0.962506648795212,0.162101902270704,0.0133523036569292,-0.545963371996025,-0.0220868860228612,0.00848723716925975,-0.00105289650236022
0.964380253297296,0.165133574252223,0.0132940063178412,-0.547955529170772,-0.0220698539694043,0.00869509402432039,-0.00126085242477413
0.966128966175942,0.168201993342039,0.0132400671392218,-0.54991579610672,-0.022050488762432,0.00890251682523838,-0.00146874787608949
0.967751977367039,0.171305292407792,0.01319072316989,-0.551844125062856,-0.0220286000543852,0.00910948875593085,-0.00167653299350962
0.96924848287187,0.174441375171898,0.0131462195944683,-0.553740432679763,-0.0220039954808853,0.00931598920477807,-0.00188415527562755
0.970617697624489,0.177607902607315,0.0131068090931741,-0.555604599630881,-0.0219764815419,0.0095219936122441,-0.00209155936201662
0.971858868503396,0.180802279826541,0.0130727510485746,-0.557436470056281,-0.0219458645907631,0.00972747331931162,-0.00229868680363359
0.972971287436142,0.184021643606848,0.0130443105916617,-0.559235850790919,-0.0219119519351748,0.00993239541782717,-0.0025054758221527
0.9739543045362,0.187262850711079,0.0130217574798736,-0.561002510407545,-0.0218745530531861,0.0101367226046642,-0.00271186105694421
0.974807341194968,0.190522467164792,0.0130053648004843,-0.562736178092111,-0.0218334809259669,0.0103404130411659,-0.00291777329773357
0.975529903037856,0.193796758645879,0.0129954074934992,-0.564436542368977,-0.0217885534878882,0.0105434202190584,-0.00312313920047042
0.976121592647933,0.197081682166151,0.0129921606889727,-0.566103249706795,-0.0217395951925972,0.0107456928352995,-0.00332788098499807
0.976582121945703,0.20037287921278,0.0129958978549202,-0.567735903034674,-0.021686438692046,0.0109471746779536,-0.00353191611251829
0.976911324103717,0.20366567051115,0.0130068887530584,-0.569334060199712,-0.0216289266235124,0.0111478045250293,-0.0037351569404902
0.977109164868506,0.206955052573671,0.0130253972009746,-0.570897232407143,-0.0215669134973823,0.011347516059167,-0.00393751035338443
0.977175753154555,0.210235696191349,0.0130516786408879,-0.572424882688659,-0.021500267675992,0.0115462378013388,-0.00413887736785198
0.977111350768784,0.213501946992783,0.0130859775165246,-0.573916424440528,-0.0214288734317407,0.0117438930660019,-0.00433915271002151
0.976916381124234,0.216747828185772,0.0131285244612599,-0.575371220080043,-0.0213526330700727,0.011940399940803,-0.00453822436325505
0.976591436800996,0.219967045586758,0.0131795333022229,-0.576788579878188,-0.0212714691000251,0.0121356712951101,-0.0047359730858718
0.976137285814001,0.223152995007445,0.013239197886934,-0.578167761022085,-0.021185326432667,0.0123296148211663,-0.00493227189794489
0.975554876454058,0.226298772028303,0.0133076887402554,-0.57950796695785,-0.0210941745854379,0.0125221331114817,-0.00512698553622547
0.974845340575738,0.229397184175152,0.0133851495612884,-0.58080834707087,-0.0209980098675129,0.0127131237773688,-0.00531996987779742
0.974009995216457,0.232440765471079,0.0134716935713892,-0.582067996753985,-0.0208968575192129,0.0129024796133271,-0.0055110713331972
0.973050342445282,0.235421793296055,0.0135673997258418,-0.58328595790778,-0.0207907737764724,0.0130900888120409,-0.00570012621024316
0.97196806735465,0.238332307458749,0.0136723088032811,-0.584461219912314,-0.0206798478293135,0.0132758352353158,-0.00588696005096452
0.97076503412163,0.241164131350244,0.0137864193889775,-0.585592721102418,-0.0205642036414029,0.0134595987469028,-0.0060713869453657
0.969443280087852,0.243908895007559,0.0139096837691707,-0.586679350760637,-0.0204440015970055,0.0136412556124125,-0.0062532088258975
0.968005007822312,0.24655805988554,0.0140420037558812,-0.587719951630269,-0.0203194399402873,0.0138206789721658,-0.00643221474819053
0.966452575144003,0.249102945124923,0.0141832264642603,-0.588713322936745,-0.020190755970986,0.0139977393934078,-0.00660818016545066
0.964788483103724,0.251534755059455,0.0143331400665294,-0.589658223878162,-0.0200582269607578,0.0141723055071434,-0.00678086620418338
0.963015361932238,0.253844607708669,0.0144914695503913,-0.590553377527507,-0.0199221707541229,0.0143442447354204,-0.00695001895116058
0.961135954973531,0.256023563984101,0.0146578725135944,-0.591397475062091,-0.0197829460184578,0.0145134241142481,-0.00711536876284394
0.959153100631691,0.258062657339037,0.0148319350310424,-0.592189180206091,-0.0196409521085001,0.0146797112163978,-0.00727662960971783
0.957069712356429,0.259952923600843,0.0150131676371746,-0.592927133745778,-0.019496628511554,0.0148429751780393,-0.0074334984701599
0.954888756694104,0.261685430736023,0.0152010014731243,-0.593609957943834,-0.019350453841325,0.015003087831541,-0.00758565478961544
0.952613229423907,0.26325130831925,0.0153947846564119,-0.594236260648124,-0.0192029443502126,0.0151599249452971,-0.0077327600224226
0.950246129789638,0.264641776502625,0.015593778940441,-0.594804638859208,-0.0190546519322238,0.0153133675694263,-0.00787445727496983
0.9477904328218,0.265848174315026,0.015797156741604,-0.595313681490963,-0.0189061615914372,0.015463303483904,-0.00801037107018774
0.945249059728742,0.266861987152398,0.0160039986236793,-0.59576197103164,-0.0187580883542257,0.0156096287428591,-0.00814010725440129
0.942624846319297,0.267674873353528,0.0162132913412162,-0.59614808378757,-0.0186110736076719,0.0157522493053034,-0.00826325306813694
0.939920509404196,0.268278689788855,0.0164239265562658,-0.596470588373141,-0.018465780851512,0.0158910827387417,-0.00837937740281942
0.937138611111383,0.268665516418433,0.0166347003550933,-0.596728042097832,-0.0183228908567693,0.0160260599777683,-0.00848803126511035
0.934281521031853,0.268827679799338,0.0168443137036294,-0.596918984897639,-0.0181830962307916,0.0161571271155841,-0.00858874847038659
0.931351376119437,0.268757775534131,0.0170513739896563,-0.597041930461865,-0.018047095397066,0.0162842472008787,-0.00868104658512043
0.928350038281672,0.268448689654979,0.0172543978059729,-0.597095354222494,-0.0179155860081747,0.0164074020071236,-0.00876442813577345
0.92527904960667,0.26789361893265,0.017451815132985,-0.597077677903611,-0.0177892578209597,0.0165265937366455,-0.00883838209945954
0.922139585208044,0.267086090075513,0.0176419750768895,-0.596987250370983,-0.0176687850760768,0.0166418466165445,-0.00890238568777391
0.918932416775162,0.266019983989352,0.0178231531795442,-0.596822331042351,-0.0175548183427241,0.0167532082857351,-0.00895590644344658
0.915657822340316,0.264689534063298,0.0179935610624613,-0.596581043717497,-0.0174479763832068,0.0168607511865687,-0.00899840458474123
0.912315570186538,0.26308935952087,0.0181513573067426,-0.596261364187749,-0.0173488371643899,0.0169645733761109,-0.00902933572806597
0.908904850892028,0.261214473004165,0.0182946607982967,-0.595861078946929,-0.0172579290882765,0.0170647992279926,-0.00904815383794409
0.90542422026873,0.259060292026644,0.0184215660189018,-0.595377746223561,-0.0171757220876803,0.0171615797059648,-0.00905431445523941
0.901871541365916,0.256622647960199,0.0185301603682426,-0.594808653508414,-0.0171026188292071,0.0172550922054869,-0.00904727816072314
0.898243926138222,0.253897792061988,0.0186185434348659,-0.594150772022686,-0.0170389461864528,0.0173455399118443,-0.00902651423711635
0.894537677510044,0.250882397982964,0.0186848480632666,-0.593400708711152,-0.0169849471616799,0.0174331506287716,-0.00899150448433931
0.890748232666916,0.247573560134441,0.0187272629874944,-0.592554656475419,-0.0169407734456936,0.0175181750401017,-0.00894174713488083
0.88687010848708,0.243968787239991,0.0187440567207293,-0.591608343482661,-0.01690647881288,0.0176008843776897,-0.00887676080920997
0.882896850103549,0.240065990385161,0.0187336023070764,-0.590556982489397,-0.0168820135505189,0.0176815674812054,-0.0087960884455912
0.878820983625594,0.235863464892163,0.0186944024617064,-0.589395221199309,-0.0168672201169213,0.0177605272496865,-0.00869930113521673
0.874633974032892,0.23135986536917,0.0186251145507319,-0.588117094714905,-0.0168618302112685,0.0178380765005167,-0.00858600179193529
0.870326189209149,0.226554173353541,0.0185245747975491,-0.586715981147816,-0.0168654634191484,0.0179145332674336,-0.00845582858699466
0.865886871007281,0.221445657088669,0.0183918210518403,-0.585184561418527,-0.0168776275713026,0.01799021558447,-0.00830845808379783
0.861304114078294,0.216033823084652,0.0182261134241128,-0.58351478418506,-0.0168977209194489,0.0180654358175003,-0.00814360801443196
0.85656485299851,0.210318359258135,0.0180269520753737,-0.581697836701709,-0.0169250361934679,0.0181404946173491,-0.00796103964936421
0.851654858048333,0.204299069678424,0.0177940914633307,-0.57972412224803,-0.0169587665593859,0.0182156745766376,-0.00776055972649356
0.846558739689971,0.19797580109347,0.0175275503794778,-0.577583244536046,-0.0169980134498391,0.0182912336781926,-0.00754202192003767
0.841259961494198,0.19134836159423,0.0172276171686106,-0.575263999251935,-0.0170417961899125,0.0183673986230529,-0.00730532784701281
0.835740861016598,0.184416432039209,0.0168948496058079,-0.572754372642737,-0.0170890632927726,0.0184443581200222,-0.00705042763060337
0.829982677762548,0.177179470981884,0.0165300690051631,-0.57004154676475,-0.0171387052550265,0.0185222562085886,-0.00677732005782784
0.823965587102137,0.16963661403744,0.0161343482543179,-0.567111910754443,-0.0171895686418717,0.0186011856699811,-0.00648605239011863
0.817668738752369,0.161786568816326,0.0157089936050208,-0.563951077261808,-0.0172404712189778,0.0186811815582926,-0.00617671990730453
0.811070298166795,0.153627506644477,0.0152555201926338,-0.560543902977917,-0.0172902178635255,0.0187622148564572,-0.00584946528349847
0.804147488956178,0.14515695238578,0.0147756214091949,-0.556874512045757,-0.0173376169710045,0.0188441862297209,-0.00550447791120503
0.796876634361529,0.136371673856312,0.0142711324171624,-0.552926321110313,-0.0173814970667617,0.0189269198124297,-0.00514199331016191
0.789233195669074,0.12726757239678,0.0137439882543092,-0.548682064780158,-0.0174207233326028,0.0190101569251653,-0.00476229277299664
0.781191805343658,0.117839576224488,0.0131961771480817,-0.544123820369051,-0.0174542137671808,0.0190935495787786,-0.00436570341336944
0.772726292722763,0.108081538442738,0.0126296898466861,-0.539233031064624,-0.0174809547117043,0.0191766535789664,-0.00395259880297607
0.763809700045096,0.0979861416958976,0.0120464659703248,-0.53399052697309,-0.0175000154891511,0.0192589210042428,-0.00352340039735069
0.754414286632245,0.0875448117594873,0.0114483386171656,-0.528376543960754,-0.0175105619216204,0.0193396917901606,-0.00307857997085762
0.744511519106441,0.0767476427876179,0.0108369787359757,-0.522370740817275,-0.0175118685041693,0.0194181841157241,-0.00261866330613287
0.734072045526303,0.0655833374549621,0.0102138411135854,-0.515952215966932,-0.0175033290221262,0.0194934832574941,-0.00214423541048237
0.723065651319203,0.0540391659739453,0.00958011425313898,-0.509099525797708,-0.017484465398723,0.0195645285547473,-0.00165594756745942
0.711461194852655,0.042100948967102,0.00893667696536333,-0.50179070765981,-0.0174549345490398,0.0196300981204172,-0.0011545265768056
0.69922652035329,0.029753070438591,0.00828406519440303,-0.494003311668743,-0.01741453299257,0.019688790943928,-0.000640786590256046
0.686328345628411,0.0169785286720811,0.00762245348998594,-0.485714446613836,-0.0173631989392511,0.0197390060732709,-0.000115644015784751
0.672732121642727,0.00375903483503349,0.0069516566623462,-0.476900846475494,-0.0173010115132453,0.0197789186477634,0.000419863959754266
0.658401860385021,-0.0099248286148424,0.00627115855025662,-0.467538965193706,-0.0172281867185832,0.0198064526993209,0.000964556591522411
0.643299926716773,-0.0240933748374624,0.0055801765283074,-0.457605108350598,-0.017145069689162,0.0198192508741264,0.00151708180072354
0.627386788509928,-0.038767487217832,0.00487777235351828,-0.447075610798667,-0.0170521227141189,0.0198146415842078,0.00207588256729863
0.610620717660322,-0.0539681812186394,0.00416302216688026,-0.435927068849697,-0.0169499085122577,0.0197896046221657,0.0026391565641362
0.592957432373619,-0.0697160305499717,0.00343526077328277,-0.424136633845477,-0.0168390682821015,0.0197407370179539,0.00320480803283235
0.574349667900496,-0.0860304337435762,0.00269441740715416,-0.411682369623237,-0.016720294227839,0.0196642219482631,0.00377039088981573
0.554746658753833,-0.102928698647227,0.00194146153951616,-0.398543668529335,-0.016594296632654,0.0195558048923093,0.00433304213112895
0.534093509684138,-0.120424928387838,0.00117897702466036,-0.384701707256814,-0.0164617662192902,0.0194107830162746,0.00488940484589798
0.512330425608743,-0.138528705070517,0.000411879747993817,-0.370139903134842,-0.0163233336359369,0.019224015983856,0.00543554061374702
0.489391761174335,-0.157243590937568,-0.00035171392920649,-0.354844300553226,-0.0161795295789435,0.0189899689681991,0.00596683186889372
0.465204837965321,-0.176565505259908,-0.00109947560549647,-0.338803773171786,-0.0160307514559914,0.0187028013671819,0.00647787607225622
0.439688461979166,-0.19648109229509,-0.00181374257936635,-0.32200986914054,-0.0158772457053998,0.0183565171574515,0.00696237529897286
0.412751053222855,-0.216966275861517,-0.00247035436204833,-0.304456052449186,-0.0157191188652547,0.017945194146119,0.00741302717323863
0.384288272454311,-0.237985298421832,-0.00303756774065085,-0.286136007990831,-0.0155563949257659,0.0174633083422381,0.00782142577504079
0.354179995873411,-0.259490658529304,-0.00347523118375664,-0.267040591896632,-0.0153891406778237,0.0169061645787939,0.00817798371038457
0.322286441419156,-0.281424471364239,-0.00373446222015625,-0.247152940452841,-0.0152176833967963,0.0162704333630194,0.00847188806083113
0.288443188569568,-0.303721842826169,-0.00375811768682179,-0.226441232765251,-0.0150429444480087,0.0155547750710601,0.00869110182870306
0.252454749182233,-0.326316812817629,-0.00348234723932581,-0.204848671232029,-0.0148669061407963,0.0147605055801937,0.00882241677578823
0.21408623415579,-0.349151217799996,-0.00283943797553866,-0.182280436650079,-0.0146932156516449,0.0138922243768046,0.00885155119490641
0.173052527584937,-0.372186373633161,-0.00176195717199637,-0.158587716781029,-0.014527908740885,0.0129582929707249,0.00876326621728537
0.129004253046255,-0.395416740273703,-0.000187865252758039,-0.133549395113817,-0.0143802088616553,0.0119710269717412,0.00854144880227154
0.0815098231227846,-0.418883658028317,0.00193417487699364,-0.106852635966714,-0.0142633263484393,0.0109464585499358,0.00816908601476319
0.0300333625860841,-0.442685735970452,0.00464055434144435,-0.0780745743809678,-0.0141951446171321,0.00990353871124386,0.00762805023473594
-0.0260897044541639,-0.466980113606606,0.00795123226429837,-0.0466693097643056,-0.0141986125122081,0.00886266349750432,0.00689866300646819
-0.0876715247551166,-0.491964448452575,0.0118729485889905,-0.011969457016392,-0.0143014906740121,0.007843371453379,0.0059591810948595
-0.155661210931508,-0.5178208492003,0.0164088965857151,0.0267756436042703,-0.0145346533325609,0.00686085503612757,0.00478581728676485
-0.231044897105053,-0.544588432460518,0.0215750142616634,0.0702748169775663,-0.0149271528617059,0.00592034688943267,0.00335497133249077
-0.314539725755212,-0.571921306076092,0.0274164930530591,0.118891203931761,-0.0154947912432576,0.00500726382791777,0.00165117241614554
-0.405950421733202,-0.598738489937119,0.0339977787095999,0.172074500153936,-0.0162194689092886,0.00406974240485057,-0.000314609107514409
-0.503260776486296,-0.622982659751929,0.0412981989854077,0.227671801823031,-0.0170265168615462,0.00299229050958026,-0.00247585087941542
-0.601969753393286,-0.642004024449753,0.0489269944210372,0.281756382082827,-0.0177893895092339,0.00157227484644239,-0.00468108091317181
-0.695355344015898,-0.653953042467533,0.0557417873207792,0.329834662239605,-0.0183975740225764,-0.000459563748956245,-0.00667925554068873
-0.776017423127305,-0.65950635047891,0.0599089825976717,0.369481685299009,-0.0188706363279225,-0.00330512524557352,-0.00812975321051266
-0.838376563010522,-0.661763824596868,0.0600641115768246,0.402471457777164,-0.0194082134841619,-0.00684239331030924,-0.00865839603899089
-0.880241792024113,-0.662683330920218,0.0568592428251275,0.432954069457798,-0.0202706612583284,-0.0104779267340485,-0.00799074444066149
-0.900830621541507,-0.659427511985345,0.0525738453700809,0.461885546140347,-0.021614054504005,-0.0134414314439443,-0.00610942596039861
-0.896552433808165,-0.646483751010889,0.0487261911219819,0.484769249199104,-0.0235288981461799,-0.0153079392204887,-0.00328377915447566
-0.859346434987667,-0.620886181320854,0.0450441513211783,0.49620669161257,-0.0261649404299535,-0.0161406132681976,4.52975630737812e-05
-0.779386244026233,-0.582162158208667,0.0408633868631691,0.494983270456369,-0.0295817807764163,-0.0162387868324521,0.00337083697436719
-0.652264634944062,-0.525822206561459,0.0366203436607462,0.483866123217579,-0.0333251909024659,-0.0159020671640974,0.00615426793654208
-0.489531046549482,-0.439510720017966,0.0336483913991668,0.464367593429678,-0.0362805133019552,-0.0153470400565841,0.0078678809499516
-0.320137212804948,-0.312792413352753,0.0327526492013405,0.433234927989739,-0.0373805524401632,-0.0146360134605672,0.00812155121254641
-0.171938903077985,-0.150886131748242,0.0336541306957711,0.387806026837716,-0.0365471997333041,-0.0136429583986012,0.00684704869764294
-0.0548565264478701,0.0291966843818476,0.0357920178364817,0.3316373040212,-0.034563569596095,-0.012263688055836,0.00434609709213181
0.0345464185984028,0.212500090991659,0.0389044006652945,0.270659777239185,-0.0321886910992907,-0.0106086492249588,0.001116025103155
0.101843437465617,0.391230801179757,0.0429617249708986,0.208213186552957,-0.0297452263820575,-0.00892122297145683,-0.00231767323954399
0.149986809482066,0.56086492517875,0.0478475720649188,0.145902254356107,-0.0273659081196248,-0.00744534324562385,-0.00542282367300112
0.179733349685171,0.71437955981139,0.0528351788228129,0.086662572947714,-0.0254063852663722,-0.00633466086731199,-0.00763142033027071
0.192655913917791,0.840982581289658,0.0564760810561424,0.0348211683397152,-0.0245011458270003,-0.00550574558052507,-0.00842882516519647
0.193426654380287,0.932492374090802,0.0576979520828705,-0.00770802772195826,-0.0250202034246367,-0.00461202593195245,-0.00760772745235546
0.187551455533041,0.98870718439562,0.0567670018981382,-0.043482622615334,-0.0266585022574168,-0.00336611273424633,-0.00540707910965147
0.178092558592158,1.01317022638262,0.0545246691257992,-0.076363669740789,-0.0288677423724538,-0.00180472241266112,-0.00233473037789801
0.166039512732579,1.00711605892452,0.0513468969755264,-0.108668366010709,-0.0313883001143904,-0.000173386907745938,0.00106323216427861
0.152195377364703,0.969500475184583,0.0472829850399965,-0.142226450614537,-0.0341891949579689,0.00125413159841405,0.00427136833908082
0.138271224457911,0.901261449387685,0.0428428893688285,-0.179906024908922,-0.0370797560009177,0.00225656591813313,0.00677331265342227
0.12741363800922,0.808528366980626,0.0392301068887988,-0.223714065271572,-0.0395176626969038,0.00279014265818536,0.00806989443293363
0.124254425595932,0.699565330596426,0.0373922696134919,-0.271006235303036,-0.0409514334323656,0.0031110226448149,0.0078440401845429
0.134278722403609,0.577782055549787,0.0370995281052182,-0.315505999695741,-0.0413080021442581,0.00362642517743543,0.00614363272162846
0.162594826657048,0.442189543635274,0.03758862260779,-0.353092888425194,-0.0408441157481219,0.00457269942506337,0.00334272003932385
0.211437419193428,0.295712827374087,0.0386071257893691,-0.383774454688932,-0.0396294274332464,0.00590046032693072,-5.71917238411403e-05
0.277270224938507,0.148489620475061,0.0403314755872563,-0.408629559861793,-0.0374870443349649,0.00736242502453702,-0.00354898061704149
0.351746926709121,0.0117225583721963,0.042836672062899,-0.427836119683601,-0.0344052123966278,0.00861047394050965,-0.00661214296307473
0.427341919935965,-0.109385885609615,0.0461867201344543,-0.442345374659325,-0.0308383670804122,0.00934500101475235,-0.00868978015493595
0.499600004007183,-0.215118959636149,0.0507632680365703,-0.455469207420563,-0.0274889465526237,0.00957024806925299,-0.00929919717024829
0.562247064224584,-0.306024109764497,0.0566386457278227,-0.469882442691481,-0.0247793858329072,0.00965261596385169,-0.0082899170413681
0.606316484299217,-0.381378691542144,0.0627057425017563,-0.483678612495131,-0.0226572791702288,0.00996516694066081,-0.00596851467277743
0.626762441991366,-0.441186255904934,0.0673711313069745,-0.492254391027639,-0.0208947653854104,0.0105619460987779,-0.00288820688164252
0.625179256761026,-0.486788377829345,0.0698261453662972,-0.492668708099822,-0.0193820447464051,0.0112244539416444,0.000416863541402851
0.606494469686813,-0.519646421659373,0.0702469698478704,-0.484423716230054,-0.0181460722183431,0.0116387100852597,0.00351600029794879
0.575473971289385,-0.540025069676542,0.069241569115562,-0.467455956654275,-0.0172241405474258,0.0115137218645593,0.00606315975988047
0.535307036233389,-0.54693890969064,0.0672992757597512,-0.440717160515398,-0.0165636865184213,0.0106920647772848,0.00779123748878236
0.487854045926503,-0.539895897471235,0.0645402973581287,-0.403105995110057,-0.0160401839127285,0.00926087747369389,0.00855691566431376
0.434813018543239,-0.520930048781535,0.0608505157408736,-0.355701091112219,-0.0155628632259008,0.00753707209335175,0.00839853966086719
0.378710133549483,-0.494494073480851,0.0562341937879826,-0.302459561340859,-0.0151331738937567,0.00588181866878183,0.00752811641398436
0.322944251957804,-0.465441668863596,0.0510147516825034,-0.248608700648532,-0.0147973810118236,0.00451784058088096,0.00624343344350727
0.271198360474409,-0.437494865159369,0.0457492792391379,-0.198800243958961,-0.0145783789298841,0.00349799951125079,0.00483295258184149
0.226715591878796,-0.413047554647349,0.0410103560238729,-0.156333432708453,-0.0144589231670978,0.00277726889206374,0.0035211929007537
0.191474512057792,-0.393380037949349,0.0371818435661128,-0.122891239771348,-0.0144033163097804,0.00228440344657319,0.00244307338767986
0.165578238758871,-0.378699046558353,0.0343571354531292,-0.0983792291780792,-0.0143804246514982,0.00195466879783238,0.00163783452751955
0.147549279053135,-0.368331490636561,0.0323968963391647,-0.0813183369875269,-0.0143717270788471,0.00173690535555513,0.00107353168491625
0.135346630230379,-0.361233976083013,0.0310772999412763,-0.0697628540139739,-0.014368593893466,0.00159351902203444,0.000690715603326423
0.127167019400816,-0.35643624727471,0.0301973585776929,-0.0620101472424074,-0.0143675401405557,0.00149874576717509,0.000433961393484205
0.121686193806534,-0.353202293804404,0.0296102365048827,-0.0568112793153372,-0.014367243205111,0.00143570124770505,0.000261927390791387
0.118001723721311,-0.351019278372396,0.0292167987710866,-0.0533142085407539,-0.0143672096131399,0.00139348352172806,0.000146302410155357
0.115514065628792,-0.349541168478764,0.0289517697924609,-0.0509520110353347,-0.0143672567461257,0.00136504043538946,6.82529714606741e-05
0.113826956550167,-0.348536771067704,0.0287723215375219,-0.0493494712062909,-0.0143673189770133,0.00134577455274555,1.53304963406472e-05
0.112677875054848,-0.347851766626123,0.0286502393390053,-0.0482577415092455,-0.0143673748132923,0.00133266246662249,-2.07094954667633e-05
0.111892081610208,-0.347382900337553,0.0285668201928524,-0.0475110494424176,-0.0143674190954948,0.00132370000063945,-4.53526217627894e-05
0.111352667611514,-0.347060840588586,0.0285095879657389,-0.0469984203877112,-0.0143674523036203,0.00131754947284541,-6.22677864555066e-05
0.110981031242182,-0.346838856936395,0.0284701721156455,-0.0466452108253308,-0.0143674764951415,0.00131331280749739,-7.39210761524984e-05
0.110724085958036,-0.346685333841581,0.0284429276515766,-0.0464009926502905,-0.0143674938406628,0.00131038400135421,-8.19777225061049e-05
0.110545828211021,-0.346578803889547,0.0284240300792675,-0.0462315581689452,-0.0143675061696776,0.00130835229623764,-8.75669315027802e-05
0.110421745506234,-0.346504639182107,0.0284108774339135,-0.0461136141777587,-0.0143675148940999,0.00130693813859112,-9.14574275132008e-05
0.11033508788639,-0.346452838374693,0.0284016926347448,-0.0460312422688616,-0.0143675210558553,0.00130595055085856,-9.41744592836388e-05
0.110274369803197,-0.346416540742034,0.0283952575585766,-0.0459735263125026,-0.0143675254070153,0.0013052586007619,-9.60781744344047e-05
0.110229178593626,-0.346389523750031,0.0283904682805958,-0.0459305691258268,-0.014367528664258,0.0013047436078013,-9.7495060376e-05
0.110188883225727,-0.346365432678142,0.0283861980099781,-0.0458922654671159,-0.014367531582113,0.00130428441525034,-9.8758439348701e-05
0.110148587684771,-0.346341340610771,0.0283819278687956,-0.0458539613880053,-0.0143675345111342,0.00130382522690574,-0.000100021817427527
0.110108291972109,-0.346317247523116,0.0283776578560346,-0.0458156568909476,-0.0143675374526702,0.00130336604276195,-0.000101285194598796
0.110067996087253,-0.346293153438783,0.0283733879730726,-0.0457773519731362,-0.0143675404053331,0.00130290686278178,-0.000102548570839705
0.110027700031446,-0.346269058362709,0.0283691182201277,-0.0457390466372129,-0.0143675433691031,0.00130244768693071,-0.000103811946136573
0.109987403801952,-0.346244962294122,0.0283648485956907,-0.0457007408828412,-0.0143675463453292,0.00130198851520053,-0.000105075320466597
0.10994710740237,-0.346220865232598,0.0283605791016345,-0.0456624347100037,-0.0143675493326233,0.00130152934755672,-0.000106338693816094
0.109906810830985,-0.346196767177457,0.0283563097362077,-0.0456241281183639,-0.0143675523323343,0.00130107018399106,-0.000107602066162262
0.109866514089543,-0.346172668098988,0.0283520405012924,-0.0455858211079397,-0.0143675553430743,0.0013006110244677,-0.000108865437486858
0.109826217175423,-0.346148568025682,0.0283477713954023,-0.0455475136783482,-0.0143675583661919,0.00130015186895079,-0.000110128807771641
0.109785920091377,-0.346124466957284,0.0283435024201453,-0.0455092058296185,-0.0143675614002994,0.00129969271743344,-0.000111392176998367
0.109745622837336,-0.346100364892855,0.0283392335742773,-0.045470897561368,-0.0143675644467453,0.0012992335698798,-0.000112655545148795
0.109705325411693,-0.346076261832208,0.0283349648591963,-0.0454325888736146,-0.0143675675041416,0.00129877442625401,-0.000113918912204682
0.10966502781612,-0.346052157774427,0.028330696273626,-0.0453942797659869,-0.0143675705738373,0.0012983152865492,-0.000115182278147786
0.109624730049991,-0.346028052724524,0.0283264278177615,-0.045355970241173,-0.0143675736558128,0.00129785615075849,-0.000116445642959864
0.109584432115303,-0.346003946647331,0.0283221594932223,-0.0453176602963666,-0.0143675767486805,0.00129739701884469,-0.000117709006618114
0.109544134012028,-0.345979839576889,0.0283178912985428,-0.0452793499340095,-0.0143675798537886,0.00129693789077327,-0.000118972369108854
0.109503835738586,-0.345955731507372,0.0283136232353427,-0.0452410391512954,-0.0143675829697495,0.00129647876650705,-0.00012023573040928
0.10946353729662,-0.345931622443504,0.028309355302124,-0.0452027279506773,-0.0143675860979117,0.00129601964604048,-0.000121499090505711
0.109423238684468,-0.345907512379482,0.0283050875004743,-0.0451644163293603,-0.0143675892368879,0.00129556052936535,-0.000122762449375344
0.109382939904775,-0.345883401319939,0.0283008198292109,-0.0451261042898097,-0.0143675923880262,0.00129510141641683,-0.000124025806999937
0.109342640956566,-0.345859289264644,0.0282965522899095,-0.0450877918320666,-0.0143675955499393,0.00129464230721702,-0.000125289163361248
0.109302341839021,-0.345835176212678,0.0282922848811074,-0.0450494789557019,-0.0143675987239752,0.00129418320170242,-0.000126552518445594
0.109262042554321,-0.345811062134165,0.0282880176029795,-0.0450111656605797,-0.0143676019101148,0.00129372409986481,-0.000127815872230173
0.109221743101641,-0.345786947058189,0.0282837504571334,-0.0449728519467298,-0.0143676051069704,0.00129326500169733,-0.000129079224696742
0.109181443482057,-0.345762830983929,0.0282794834421243,-0.0449345378137933,-0.0143676083158905,0.00129280590713379,-0.000130342575822499
0.109141143694557,-0.345738713911105,0.0282752165595189,-0.0448962232617762,-0.0143676115354874,0.00129234681619764,-0.000131605925593761
0.109100843739158,-0.345714595838752,0.0282709498081055,-0.0448579082902846,-0.0143676147671095,0.00129188772882405,-0.000132869273992286
0.109060543618071,-0.345690476766287,0.0282666831880501,-0.0448195928991478,-0.0143676180107374,0.00129142864500613,-0.000134132620999833
0.109020243329725,-0.345666356693571,0.0282624167007594,-0.0447812770884194,-0.0143676212649833,0.00129096956470669,-0.000135395966593597
0.108979942874741,-0.345642235625238,0.0282581503449778,-0.0447429608605525,-0.0143676245311959,0.0012905104879202,-0.000136659310759898
0.108939642252021,-0.345618113555224,0.028253884120641,-0.0447046442125408,-0.0143676278093556,0.00129005141460947,-0.000137922653475932
0.10889934146589,-0.345593990488727,0.0282496180296192,-0.0446663271472386,-0.0143676310980747,0.00128959234476894,-0.000139185994728018
0.108859040512886,-0.345569866419354,0.0282453520704061,-0.044628009661439,-0.0143676343987019,0.00128913327836144,-0.000140449334493352
0.108818739393965,-0.345545741323179,0.0282410862444291,-0.0445896917580202,-0.0143676377098492,0.0012886742153511,-0.000141712672753693
0.108778438109034,-0.345521615222934,0.0282368205506248,-0.0445513734337517,-0.0143676410328656,0.00128821515573105,-0.000142976009490797
0.108738136658577,-0.345497488123699,0.0282325549889786,-0.0445130546913109,-0.0143676443677313,0.00128775609946544,-0.000144239344686423
0.108697835043524,-0.345473360025221,0.0282282895610984,-0.0444747355307281,-0.0143676477130587,0.00128729704654738,-0.000145502678322328
0.1086575332622,-0.345449230921057,0.0282240242654691,-0.0444364159487614,-0.0143676510701963,0.00128683799694102,-0.000146766010380271
0.108617231315887,-0.345425100816194,0.028219759102318,-0.0443980959480886,-0.0143676544391245,0.00128637895061052,-0.000148029340842007
0.108576929205515,-0.345400969710378,0.0282154940732531,-0.0443597755287397,-0.0143676578184557,0.00128591990754898,-0.000149292669689296
0.108536626931018,-0.345376837602669,0.0282112291770305,-0.0443214546903326,-0.0143676612095384,0.00128546086772057,-0.000150555996903895
0.108496324492023,-0.345352704492625,0.0282069644135831,-0.0442831334327317,-0.0143676646123534,0.00128500183111705,-0.000151819322463001
0.108456021888966,-0.345328570379588,0.0282026997831001,-0.0442448117557203,-0.0143676680268808,0.00128454279770392,-0.000153082646352931
0.108415719122908,-0.345304435269018,0.0281984352870178,-0.0442064896622122,-0.014367671451733,0.00128408376744399,-0.000154345968550884
0.108375416193653,-0.345280299154262,0.0281941709242641,-0.0441681671489418,-0.0143676748882585,0.00128362474033171,-0.000155609289043178
0.108335113100911,-0.345256162034852,0.0281899066948039,-0.0441298442157625,-0.014367678336438,0.00128316571632989,-0.000156872607807009
0.108294809845706,-0.345232023916202,0.0281856426000647,-0.0440915208655531,-0.0143676817948834,0.00128270669540269,-0.000158135924824135
0.108254506427878,-0.345207884791704,0.0281813786389832,-0.0440531970950831,-0.0143676852649438,0.00128224767754321,-0.000159399240076314
0.108214202846982,-0.34518374466082,0.0281771148114747,-0.0440148729041473,-0.0143676887465993,0.00128178866274593,-0.000160662553549864
0.108173899104336,-0.345159603528585,0.0281728511177754,-0.0439765482954586,-0.0143676922398307,0.00128132965097366,-0.000161925865221982
0.108133595198334,-0.345135461394816,0.0281685875592834,-0.0439382232690365,-0.01436769574325,0.00128087064219054,-0.000163189175074426
0.108093291129957,-0.345111318253026,0.0281643241347346,-0.0438998978216743,-0.014367699258206,0.00128041163635937,-0.000164452483084393
0.10805298690037,-0.345087174108176,0.0281600608443154,-0.0438615719560263,-0.0143677027846791,0.00127995263347462,-0.000165715789238201
0.108012682509962,-0.345063028959684,0.0281557976881919,-0.0438232456719224,-0.0143677063226499,0.00127949363352941,-0.000166979093517607
0.10797237795721,-0.345038882807341,0.0281515346677943,-0.0437849189693711,-0.0143677098707302,0.00127903463645892,-0.00016824239590437
0.107932073243822,-0.345014735650279,0.0281472717818557,-0.0437465918480363,-0.0143677134302691,0.00127857564225493,-0.000169505696375687
0.107891768370152,-0.344990587487867,0.0281430090305333,-0.043708264307713,-0.0143677170012471,0.00127811665091189,-0.000170768994917875
0.107851463334089,-0.344966438319636,0.0281387464137921,-0.0436699363482549,-0.0143677205836446,0.00127765766239263,-0.000172032291508132
0.107811158137892,-0.344942288144932,0.0281344839318216,-0.043631607969446,-0.0143677241774418,0.00127719867666262,-0.000173295586132776
0.10777085278253,-0.344918136963549,0.0281302215862386,-0.0435932791713523,-0.0143677277812513,0.00127673969371365,-0.000174558878769003
0.107730547266112,-0.344893984774547,0.0281259593757994,-0.0435549499535916,-0.0143677313964217,0.00127628071350987,-0.000175822169398573
0.107690241590053,-0.344869831577436,0.028121697300428,-0.043516620315994,-0.0143677350229336,0.0012758217360444,-0.000177085458003242
0.107649935753814,-0.344845677377203,0.0281174353603522,-0.0434782902612379,-0.0143677386607674,0.00127536276128139,-0.000178348744564768
0.107609629758081,-0.344821522167739,0.0281131735554987,-0.0434399597862828,-0.0143677423099034,0.00127490378918498,-0.000179612029064909
0.107569323602774,-0.344797365954386,0.0281089118875049,-0.0434016288940193,-0.0143677459689539,0.00127444481974831,-0.000180875311485422
0.107529017288838,-0.344773208730608,0.0281046503550978,-0.043363297581206,-0.0143677496392677,0.00127398585293551,-0.000182138591808064
0.107488710815652,-0.344749050501417,0.0281003889584731,-0.0433249658505326,-0.0143677533208253,0.00127352688873972,-0.000183401870014595
0.107448404183902,-0.344724891260704,0.0280961276975575,-0.0432866336989587,-0.014367757013607,0.00127306792712508,-0.000184665146086771
0.107408097393088,-0.344700731013504,0.0280918665725876,-0.0432483011291977,-0.0143677607175935,0.0012726089680544,-0.000185928420001789
0.107367790443562,-0.344676569759184,0.0280876055837206,-0.0432099681410451,-0.0143677644327652,0.00127215001152214,-0.000187191691745968
0.107327483336859,-0.34465240749728,0.0280833447309218,-0.0431716347343548,-0.0143677681591027,0.00127169105749111,-0.000188454961296504
0.107287176072133,-0.344628244227466,0.0280790840158223,-0.0431333009091124,-0.0143677718952177,0.00127123210592681,-0.000189718228639716
0.107246868649272,-0.344604079948875,0.0280748234371554,-0.0430949666649819,-0.0143677756424595,0.001270773156821,-0.000190981493752801
0.107206561070558,-0.344579914690261,0.0280705629950873,-0.043056632001794,-0.0143677794008087,0.00127031421016683,-0.000192244756617517
0.107166253333822,-0.344555748421699,0.0280663026895976,-0.0430182969193215,-0.0143677831702451,0.0012698552659008,-0.000193508017220182
0.107125945439407,-0.344531581142678,0.0280620425208291,-0.0429799614174413,-0.0143677869507499,0.00126939632404368,-0.000194771275537992
0.107085637388893,-0.34450741285266,0.0280577824887703,-0.0429416254959613,-0.0143677907423031,0.00126893738453063,-0.000196034531552706
0.10704532918165,-0.344483243550968,0.0280535225938295,-0.0429032891547122,-0.0143677945448855,0.00126847844735478,-0.000197297785246081
0.107005020818161,-0.344459073242683,0.0280492628359923,-0.0428649523963726,-0.0143677983584774,0.00126801951248028,-0.000198561036599876
0.106964712297209,-0.344434901921719,0.0280450032151535,-0.0428266152179139,-0.0143678021830594,0.00126756057990025,-0.000199824285595846
0.106924403620104,-0.344410729587424,0.0280407437317625,-0.0427882776191903,-0.0143678060186121,0.00126710164957751,-0.00020108753221119
0.106884094787749,-0.344386556245186,0.0280364843872056,-0.0427499396030584,-0.0143678098637477,0.00126664272150652,-0.000202350776432226
0.106843785801104,-0.344362381894159,0.0280322251799973,-0.0427116011691362,-0.0143678137198147,0.00126618379565144,-0.000203614018240712
0.106803476658845,-0.344338206528096,0.0280279661105578,-0.0426732623144189,-0.0143678175867939,0.00126572487197506,-0.000204877257613844
0.106763167361406,-0.344314030181392,0.0280237071788316,-0.0426349230415616,-0.0143678214646657,0.00126526595047185,-0.00020614049453794
0.10672285790923,-0.34428985282415,0.028019448385026,-0.0425965833504189,-0.0143678253534105,0.00126480703110463,-0.000207403728990199
0.106682548301099,-0.344265674450283,0.0280151897290359,-0.0425582432379622,-0.0143678292530092,0.00126434811386652,-0.000208666960952377
0.106642238539059,-0.344241495064639,0.0280109312113223,-0.0425199027068355,-0.0143678331634418,0.00126388919872301,-0.000209930190410793
0.106601928622823,-0.344217314666752,0.0280066728318502,-0.0424815617568934,-0.0143678370846889,0.00126343028563691,-0.000211193417342643
0.106561618551982,-0.344193133256132,0.0280024145905441,-0.0424432203879668,-0.0143678410167312,0.00126297137460134,-0.000212456641729686
0.10652130832781,-0.344168950832078,0.0279981564878443,-0.0424048785998756,-0.0143678449595492,0.00126251246558046,-0.000213719863553679
0.10648099794816,-0.344144767394078,0.0279938985237072,-0.0423665363924393,-0.014367848913123,0.00126205355853842,-0.00021498308279638
0.106440687415324,-0.344120582976574,0.0279896406980865,-0.0423281937683483,-0.0143678528774335,0.00126159465346834,-0.000216246299439546
0.106400376729614,-0.344096397543957,0.0279853830113611,-0.0422898507245743,-0.0143678568524613,0.00126113575036335,-0.000217509513464936
0.106360065890827,-0.344072211095736,0.0279811254635285,-0.0422515072609609,-0.0143678608381867,0.00126067684915728,-0.000218772724849745
0.106319754899233,-0.344048023631305,0.027976868054714,-0.0422131633773152,-0.0143678648345905,0.00126021794987359,-0.000220035933580293
0.1062794437554,-0.344023835155722,0.0279726107849353,-0.0421748190763055,-0.0143678688416527,0.00125975905244743,-0.000221299139638336
0.106239132457124,-0.343999645662857,0.0279683536543385,-0.0421364743549385,-0.0143678728593542,0.0012593001568706,-0.000222562343001073
0.106198821007477,-0.343975455157649,0.0279640966631425,-0.0420981292158584,-0.0143678768876752,0.00125884126310859,-0.000223825543654821
0.106158509406953,-0.343951263668903,0.0279598398115224,-0.0420597836589314,-0.0143678809265966,0.00125838237115319,-0.000225088741576778
0.10611819765435,-0.34392707116117,0.0279555830994054,-0.0420214376811182,-0.0143678849760988,0.00125792348096855,-0.0002263519367487
0.106077885749011,-0.343902877639416,0.0279513265269783,-0.0419830912850744,-0.0143678890361623,0.00125746459254913,-0.000227615129156907
0.10603757369327,-0.343878683103082,0.0279470700944484,-0.041944744470655,-0.0143678931067676,0.00125700570585775,-0.000228878318778595
0.105997261486801,-0.343854487551654,0.0279428138017723,-0.0419063972376801,-0.0143678971878951,0.00125654682085855,-0.000230141505595522
0.105956949127363,-0.343830290978955,0.0279385576490868,-0.0418680495831218,-0.0143679012795256,0.00125608793754468,-0.000231404689589445
0.105916636618133,-0.343806093419311,0.02793430163662,-0.0418297015096594,-0.0143679053816394,0.00125562905588027,-0.000232667870742123
0.105876323956811,-0.343781894842895,0.0279300457642961,-0.0417913530171244,-0.0143679094942173,0.00125517017585845,-0.000233931049035313
0.105836011146086,-0.343757695254388,0.0279257900309422,-0.0417530041080185,-0.0143679136186077,0.00125471129741307,-0.000235194224446212
0.105795698185958,-0.343733494647921,0.0279215344380961,-0.0417146547794917,-0.0143679177534232,0.00125425242056756,-0.000236457396961138
0.105755385075081,-0.343709293022884,0.0279172789859565,-0.0416763050313641,-0.0143679218986442,0.00125379354528609,-0.000237720566561849
0.105715071815056,-0.343685090408154,0.0279130236744886,-0.0416379548634911,-0.0143679260542514,0.00125333467153145,-0.000238983733225542
0.105674758405243,-0.343660886779332,0.0279087685039115,-0.0415996042785175,-0.0143679302202248,0.00125287579926915,-0.000240246896938535
0.105634444844459,-0.343636682130382,0.027904513474129,-0.0415612532734504,-0.0143679343965455,0.00125241692849096,-0.000241510057678026
0.105594131135764,-0.343612476460555,0.027900258585573,-0.0415229018480751,-0.0143679385831936,0.0012519580591624,-0.000242773215430332
0.105553817277777,-0.343588269775007,0.0278960038382059,-0.0414845500051178,-0.0143679427801499,0.00125149919127523,-0.00024403637017265
0.105513503272861,-0.34356406210247,0.0278917492322263,-0.0414461977443988,-0.014367946987395,0.00125104032479362,-0.000245299521886739
0.105473189117909,-0.34353985340752,0.0278874947675294,-0.0414078450628904,-0.0143679512049095,0.0012505814597107,-0.000246562670554355
0.10543287481363,-0.343515643694767,0.0278832404428925,-0.0413694919630359,-0.0143679554340419,0.00125012259599196,-0.000247825816161818
0.105392560362897,-0.343491432963985,0.0278789862599648,-0.0413311384448923,-0.0143679596734046,0.0012496637336002,-0.000249088958686323
0.105352245762738,-0.343467221238427,0.0278747322186412,-0.0412927845054323,-0.0143679639229782,0.00124920487252857,-0.00025035209810963
0.105311931014408,-0.343443008493794,0.0278704783191585,-0.0412544301473707,-0.0143679681827433,0.00124874601273988,-0.000251615234408935
0.105271616120084,-0.343418794729455,0.0278662245616743,-0.0412160753705044,-0.0143679724526805,0.00124828715422859,-0.000252878367570555
0.105231301078501,-0.34339457994478,0.0278619709464197,-0.0411777201746429,-0.0143679767327699,0.00124782829692988,-0.00025414149757625
0.105190985888699,-0.34337036416831,0.027857717471845,-0.0411393645594274,-0.0143679810243608,0.00124736944086586,-0.000255404624407775
0.10515067055166,-0.343346147370481,0.0278534641395994,-0.0411010085249154,-0.0143679853260655,0.00124691058599934,-0.00025666774804233
0.105110355068634,-0.343321929556235,0.027849210949902,-0.0410626520737522,-0.0143679896378642,0.00124645173229583,-0.000257930868466231
0.105070039438521,-0.343297710719513,0.027844957902689,-0.0410242952029341,-0.0143679939597376,0.00124599287971812,-0.000259193985656675
0.105029723663605,-0.34327349088907,0.0278407049981267,-0.0409859379122932,-0.0143679982916664,0.00124553402825935,-0.000260457099595422
0.104989407743246,-0.34324927004051,0.0278364522364345,-0.0409475802044748,-0.0143680026336307,0.00124507517788502,-0.000261720210268788
0.10494909167572,-0.343225048167465,0.0278321996160746,-0.0409092220762845,-0.0143680069869799,0.00124461632858692,-0.00026298331765397
0.104908775462855,-0.343200825275257,0.0278279471387166,-0.0408708635306045,-0.014368011350326,0.0012441574803292,-0.000264246421732728
0.104868431054569,-0.343176584518937,0.0278236918468318,-0.0408324778760057,-0.0143680157261145,0.00124369831387678,-0.000265510401269568
0.104827985658243,-0.343152282159614,0.0278194260615268,-0.0407939958538496,-0.0143680201238375,0.00124323800074324,-0.000266777536786237
0.104787349409229,-0.343127864173833,0.0278151403082312,-0.0407553319595683,-0.0143680245520267,0.0012427755181548,-0.000268050643629116
0.104746431384017,-0.343103275923403,0.0278108249993072,-0.0407163996782634,-0.0143680290217404,0.00124230983132712,-0.000269332570194618
0.104705138995914,-0.343078461749655,0.0278064703745069,-0.0406771109054469,-0.0143680335431914,0.00124183988659901,-0.000270626216934581
0.104663377371669,-0.343053364596178,0.0278020664337482,-0.0406373753657391,-0.0143680381273147,0.00124136460427331,-0.000271934555860431
0.10462104870582,-0.343027925665629,0.0277976028700234,-0.0405970999852907,-0.0143680427845177,0.00124088287129772,-0.000273260650760321
0.104578051585763,-0.343002083952056,0.0277930689970996,-0.0405561882577691,-0.0143680475264607,0.00124039353360602,-0.000274607678353851
0.104534280277528,-0.342975775847493,0.0277884536750801,-0.0405145395610029,-0.0143680523654045,0.00123989538798204,-0.000275978950643024
0.104489623966072,-0.342948934700652,0.0277837452285425,-0.0404720484355825,-0.0143680573157279,0.00123938717342186,-0.000277377938694619
0.104443965941478,-0.342921490284055,0.0277789313658333,-0.0404286038065101,-0.0143680623897375,0.00123886756185039,-0.000278808298156279
0.104397182719339,-0.342893368283381,0.027773999082676,-0.0403840881497037,-0.0143680676013956,0.00123833514812915,-0.00028027389677031
0.104349143085036,-0.342864489733264,0.0277689345606846,-0.0403383765830036,-0.0143680729676574,0.00123778843916482,-0.000281778844274043
0.104299707056095,-0.342834770386268,0.0277637230612735,-0.040291335871433,-0.0143680785050367,0.00123722584215258,-0.000283327525002301
0.10424872473514,-0.342804119990281,0.0277583488040041,-0.0402428233418408,-0.0143680842318525,0.00123664565147262,-0.000284924633658521
0.104196035056063,-0.34277244155881,0.0277527948351212,-0.0401926856896012,-0.0143680901673012,0.00123604603444356,-0.000286575214663759
0.104141464392683,-0.34273963055429,0.0277470428811142,-0.040140757647115,-0.0143680963326962,0.00123542501550017,-0.000288284705647349
0.10408482502126,-0.342705573930793,0.0277410731876782,-0.0400868605237202,-0.0143681027504806,0.00123478045871837,-0.000290058985634073
0.104025913408766,-0.342670149077888,0.0277348643382113,-0.0400308005757751,-0.0143681094471308,0.00123411004830133,-0.000291904428618965
0.10396450830479,-0.342633222707807,0.0277283930566994,-0.039972367187498,-0.0143681164500287,0.00123341126690669,-0.000293827963258102
0.103900368611528,-0.342594649567969,0.0277216339826244,-0.0399113308439817,-0.0143681237893399,0.00123268137139712,-0.000295837139543852
0.103833230999815,-0.342554270961144,0.0277145594210207,-0.0398474408585928,-0.0143681314985302,0.00123191736573499,-0.000297940203442055
0.103762807233949,-0.342511913173798,0.0277071390620384,-0.0397804228266893,-0.0143681396146264,0.00123111597056298,-0.0003001461805885
0.103688781166578,-0.342467385638963,0.0276993396663316,-0.0397099757597182,-0.0143681481786834,0.00123027358896025,-0.000302464970338709
0.103610805355562,-0.342420478872821,0.0276911247105792,-0.0396357688658114,-0.014368157236191,0.00122938626804208,-0.000304907451605525
0.103528497252614,-0.34237096220651,0.0276824539894469,-0.0395574379135753,-0.0143681668368496,0.00122844965554426,-0.000307485602167719
0.103441434895643,-0.342318581119923,0.0276732831634632,-0.0394745811294889,-0.0143681770366177,0.00122745895084119,-0.000310212633364266
0.103349152042333,-0.342263054349111,0.0276635632499063,-0.0393867545600338,-0.014368187898595,0.00122640884958704,-0.000313103142371162
0.103251132659672,-0.342204070527594,0.0276532400489036,-0.039293466818853,-0.0143681994916623,0.00122529348103191,-0.000316173284591454
0.10314680467301,-0.342141284361925,0.0276422534878059,-0.039194173128794,-0.014368211894611,0.00122410633691503,-0.000319440969086948
0.103035532874874,-0.34207431237916,0.0276305368822893,-0.0390882685612823,-0.0143682251952746,0.00122284019079197,-0.000322926080401395
0.102916610862269,-0.342002727998139,0.0276180160952431,-0.0389750803469292,-0.0143682394923065,0.00122148700629087,-0.000326650730661067
0.102789251860602,-0.341926055950029,0.027604608579955,-0.0388538591259767,-0.0143682548968057,0.00122003783273266,-0.000330639546440511
0.102652578268354,-0.341843765931583,0.027590222290304,-0.0387237689764759,-0.0143682715351538,0.0012184826861725,-0.000334919995548401
0.102505609733163,-0.341755265330722,0.0275747544407195,-0.0385838760380698,-0.0143682895501676,0.00121681041371753,-0.000339522759747722
0.102347249531026,-0.34165989094224,0.0275580900898228,-0.0384331355148849,-0.0143683091042237,0.00121500853851088,-0.000344482160329458
0.102176268996139,-0.341556899449158,0.0275401005241295,-0.0382703768162112,-0.0143683303816645,0.00121306308251175,-0.000349836644556425
0.10199128969805,-0.341445456548065,0.0275206414090379,-0.0380942865425454,-0.0143683535930336,0.00121095836361781,-0.000355629342293388
0.101790763022573,-0.341324624453405,0.0274995506736903,-0.0379033889860097,-0.0143683789795563,0.0012086767631541,-0.000361908703587245
0.101572946752325,-0.341193347547181,0.027476646089893,-0.0376960237621347,-0.0143684068174326,0.00120619845915726,-0.000368729229682842
0.101335878180952,-0.341050435887587,0.0274517224958851,-0.0374703201190151,-0.0143684374245995,0.00120350112005765,-0.000376152311963982
0.101077343218851,-0.340894546218835,0.0274245486134366,-0.037224167406534,-0.0143684711674869,0.0012005595525425,-0.000384247195592216
0.100794840861874,-0.340724160095423,0.0273948633947422,-0.0369551810980115,-0.0143685084694823,0.00119734529636345,-0.000393092087298687
0.100485542292838,-0.340537558627393,0.0273623718278253,-0.0366606636597288,-0.0143685498210729,0.00119382615763849,-0.000402775429837428
0.100146243773272,-0.340332793340168,0.0273267401175583,-0.0363375594564861,-0.014368595792485,0.00118996567086519,-0.000413397369133048
0.099773312345129,-0.34010765247796,0.0272875901498126,-0.0359824027402155,-0.0143686470477151,0.00118572247817746,-0.000425071444213095
0.0993626232128802,-0.33985962203398,0.0272444931285982,-0.0355912576281063,-0.0143687043625368,0.00118104961262791,-0.000437926534593038
0.0989094875021905,-0.339585840624712,0.0271969622660494,-0.0351596488006255,-0.0143687686452653,0.00117589367001137,-0.000452109104967001
0.0984085688941325,-0.339283047214446,0.0271444443853612,-0.0346824814543997,-0.0143688409621906,0.00117019385130432,-0.000467785792861781
0.0978537874186422,-0.338947520516862,0.0270863102823866,-0.03415394882719,-0.0143689225680276,0.00116388085492035,-0.000485146391289587
0.0972382084467664,-0.33857500870017,0.0270218436736388,-0.0335674253644311,-0.0143690149423367,0.00115687559460727,-0.00050440728538482
0.0965539146637663,-0.338160647854893,0.0269502285423837,-0.0329153433329926,-0.0143691198332477,0.00114908771507912,-0.000525815409239269
0.0957918585341742,-0.337698867386524,0.0268705346811362,-0.0321890503947791,-0.0143692393094986,0.00114041387308718,-0.000549652796520001
0.0949416924960439,-0.33718328028725,0.0267817012203254,-0.0313786453605671,-0.0143693758221806,0.00113073574675932,-0.000576241805332216
0.0939915738753987,-0.336606555921688,0.0266825179343513,-0.0304727890513719,-0.014369532277032,0.00111991773049529,-0.000605951103332496
0.0929279413094093,-0.335960272684236,0.0265716041314118,-0.0294584869344457,-0.014369712118516,0.00110780426647615,-0.000639202502246488
0.0917352593775898,-0.335234747600115,0.0264473849750252,-0.0283208400160054,-0.0143699194251853,0.00109421675700668,-0.000676478729439733
0.0903957282356675,-0.334418839687265,0.0263080651621966,-0.0270427604327273,-0.0143701590152795,0.00107894999444979,-0.000718332215031997
0.088888955412487,-0.333499723716652,0.0261516000143676,-0.0256046483523151,-0.0143704365584134,0.00106176803709024,-0.000765394953079008
0.0871915877975377,-0.332462631000985,0.0259756642534519,-0.0239840273758636,-0.0143707586846676,0.00104239945069808,-0.000818389456150766
0.0852769033775452,-0.331290554055782,0.0257776190643343,-0.0221551367649076,-0.0143711330758545,0.00102053182606114,-0.000878140757883865
0.0831143648112376,-0.329963912619843,0.0255544785387835,-0.0200884807868057,-0.0143715685118233,0.000995805472383733,-0.000945589315322879
0.0806691409626182,-0.328460179790475,0.0253028773220469,-0.0177503387325633,-0.0143720748273893,0.000967806175859358,-0.0010218045038653
0.0779016085134199,-0.326753469218029,0.0250190423139613,-0.015102244123443,-0.014372662708681,0.000936056900378889,-0.00110799816447705
0.0747668544482566,-0.324814087798221,0.0246987727068439,-0.0121004489336016,-0.0143733432183168,0.000900008292625848,-0.00120553732924939
0.07121421236803,-0.322608063644561,0.0243374345773785,-0.00869539909189636,-0.0143741268825194,0.000859027835846406,-0.00131595478685333
0.0671868817292313,-0.320096666724917,0.0239299787481167,-0.00483126160576613,-0.014375022095804,0.000812387470698643,-0.0014409555330697
0.0626216998675167,-0.317235950155382,0.023470993740398,-0.000445562147590567,-0.0143760324967183,0.000759249468017875,-0.00158241635847805
0.0574491610998459,-0.3139763537804,0.0229548091744352,0.00453098568054154,-0.0143771528457378,0.000698650289366027,-0.00174237488206904
0.0515938031945704,-0.310262428139521,0.022375668532537,0.0101743532578118,-0.0143783628058569,0.000629482107532673,-0.00192300331429724
0.0449751045224181,-0.306032755180873,0.0217279929688325,0.0165666415279357,-0.014379617924117,0.000550471594124972,-0.00212656127834295
0.0375090458667375,-0.301220158804407,0.021006758279859,0.0237949500684088,-0.0143808371068166,0.000460155536186172,-0.00235532145005044
0.0291104766637418,-0.295752308850737,0.0202080031090379,0.0319495238224814,-0.0143818860863964,0.000356852889497637,-0.00261146202149992
0.0196963721546767,-0.289552820862066,0.0193294753883122,0.0411210585769411,-0.0143825569542887,0.000238633157023538,-0.00289692153624728
0.00918996266226642,-0.282542934850161,0.0183714034341265,0.0513971112816643,-0.014382544960674,0.000103281713522707,-0.00321321491877733
-0.00247444324114587,-0.274643817114801,0.0173373469214374,0.0628576646229425,-0.0143814255863099,-5.17358223208778e-05,-0.00356121458392809
-0.0153463102957583,-0.265779478825585,0.0162350434119598,0.0755700176620362,-0.0143786373225356,-0.000229305450841256,-0.00394090656858102
-0.0294539510440238,-0.255880258332033,0.0150771236744767,0.0895832851018065,-0.0143734782804238,-0.000432684205057167,-0.00435113724723683
-0.044800478455502,-0.244886793805121,0.0138815327010687,0.104922844032241,-0.0143651269006218,-0.000665493132492112,-0.00478936936101858
-0.0613612749646107,-0.232754433269143,0.0126714725178621,0.12158504213404,-0.0143526975067321,-0.000931663744169459,-0.00525146532191804
-0.0790834688415379,-0.219458076514691,0.0114746841070988,0.139532395335757,-0.014335338974095,-0.00123531209140902,-0.00573151136756899
-0.0978876715147461,-0.204997473637589,0.010321912863405,0.158689421405348,-0.0143123783482973,-0.00158051104595687,-0.00622169044578761
-0.117671979249217,-0.189402945393469,0.00924445871898959,0.178939277352548,-0.0142835003910079,-0.00197093240581655,-0.00671220856294331
-0.138318041248873,-0.172741271809235,0.00827080772653765,0.200121568434722,-0.014248939155254,-0.00240933924823591,-0.00719128214421279
-0.159698848291489,-0.155121090759481,0.00742249264148375,0.222032072067926,-0.0142096404409958,-0.00289692905987006,-0.00764520368919603
-0.181687749216693,-0.136696605658683,0.00670954971741719,0.244425561560123,-0.0141673378988786,-0.00343256281054047,-0.00805851715968207
-0.204167982171773,-0.117667873763405,0.0061262191227385,0.267023202000507,-0.0141244768606716,-0.00401196487551422,-0.00841434696771543
-0.227041685896113,-0.0982757133325862,0.00564781884781747,0.28952582531485,-0.0140839273535078,-0.00462703759148579,-0.00869492612816726
-0.250236931142462,-0.0787895410820616,0.00522990432233972,0.311633543753704,-0.0140484628362416,-0.0052654857382058,-0.00888235223154077
-0.273711169116949,-0.0594879053828463,0.0048106943854126,0.333070408471778,-0.0140200406428095,-0.00591096214341582,-0.00895955466169149
-0.297449524081773,-0.0406332991692471,0.00431725249753527,0.353610727751928,-0.0139990106272801,-0.0065438957798337,-0.00891139630656141
-0.321457177244361,-0.022445482072513,0.00367496665610965,0.373101659773123,-0.0139834535746105,-0.00714303040457327,-0.0087257659072387
-0.345746372715438,-0.00507926183865964,0.002818779525802,0.391476075571675,-0.0139688854185707,-0.00768750803691973,-0.00839448076231486
-0.370320099467398,0.0113872259627995,0.00170378802731826,0.408751091532285,-0.0139485157654187,-0.00815914237414448,-0.00791383614948206
-0.395155632912493,0.0269498395748182,0.000312703208213923,0.425011033072018,-0.013914120047685,-0.00854442955254698,-0.00728471363142383
-0.420191325216963,0.0416612357467601,-0.00134160193316957,0.440377762918056,-0.0138574151168672,-0.00883589538405207,-0.00651227031283318
-0.445319178908067,0.0556030110506573,-0.00321887980262094,0.454974635658398,-0.0137716851251522,-0.0090325679603856,-0.00560533158349107
-0.470384181475147,0.0688536561110522,-0.00525863672987598,0.46889159491164,-0.0136533422754302,-0.00913961365165838,-0.00457566407358018
-0.495189758318023,0.0814592926768511,-0.00738965293203678,0.48215795139461,-0.0135031366096075,-0.00916738280238642,-0.00343730311302085
-0.519507592643552,0.0934127972165437,-0.00953970286886147,0.49472701151184,-0.0133268178995207,-0.00913021051558353,-0.00220606616771651
-0.543089724488446,0.104644637020704,-0.0116436770521751,0.506474181280738,-0.0131351492709497,-0.00904529504930744,-0.000899327675310495
-0.565681194351414,0.115026552917312,-0.0136490435042541,0.517208373738712,-0.0129432349248516,-0.0089318615582793,0.000463917470389838
-0.587032238082404,0.124387696761722,-0.0155183532110443,0.526695792745764,-0.0127691389894128,-0.00881065574957916,0.00186270781732835
-0.606909781790135,0.132541982095667,-0.0172290690611358,0.534695103616625,-0.0126317556235527,-0.00870363554876878,0.00327351650296045
-0.625108345741837,0.139324757392346,-0.018771298868073,0.54100280205472,-0.012547885994971,-0.0086335617685998,0.00466945785053956
-0.641460109678335,0.14463569198115,-0.0201440794360733,0.545506162352801,-0.0125285527834106,-0.00862305427183797,0.00601941038130418
-0.655842619742784,0.148482194106638,-0.0213508180392908,0.548237458506339,-0.0125748179333196,-0.00869262516370262,0.00728726790757578
-0.668180616858366,0.151013483632635,-0.0223945255107139,0.549416942677344,-0.0126738258194192,-0.00885731798675408,0.00843169339541128
-0.678436741978465,0.152530732415319,-0.0232737189097954,0.549465063525421,-0.0127964301529939,-0.00912200515771772,0.00940694350435455
-0.686586559157195,0.153456953182703,-0.0239803001825351,0.5489616848526,-0.012898294167461,-0.0094762131339431,0.0101654196161939
-0.692578950409748,0.15425712893162,-0.0245009330539024,0.548539486514394,-0.0129261675224928,-0.00989038922768655,0.010662331852797
-0.696293656847623,0.155318167967359,-0.0248227303711561,0.548725288649177,-0.0128294672794381,-0.0103161520200327,0.0108620294198082
-0.697518102315106,0.156824195308174,-0.0249420546978796,0.549778565483069,-0.0125744134732562,-0.0106923297785483,0.0107443585334984
-0.695965733100583,0.158677816598561,-0.0248728450624272,0.551595869325638,-0.0121553913779574,-0.0109561414862154,0.0103086773256557
-0.691342353454447,0.160504681776762,-0.0246501465078238,0.553729074420504,-0.0115982646556826,-0.0110559404369932,0.00957377014591194
-0.683442237331771,0.161740297708203,-0.0243265801450764,0.555510275159037,-0.0109537231464307,-0.0109607587260076,0.00857375162755392
-0.672237139880332,0.161761305621263,-0.0239630250218261,0.556225542308175,-0.0102832560348985,-0.0106635316603176,0.00735184055934923
-0.65791941741433,0.160012562026259,-0.0236173270079373,0.555268239088184,-0.00964307777666616,-0.0101780476707597,0.00595438776662944
-0.640876906092136,0.156095627412652,-0.023335248978601,0.552228986752044,-0.00907131610967432,-0.00953213286692976,0.00442674983398074
-0.621606770308096,0.149805907538958,-0.0231465486806933,0.54691616847195,-0.00858188773060131,-0.00876023530414743,0.00281140507564599
-0.600605218083764,0.141121349524824,-0.0230667552723164,0.539324448500439,-0.00816586821136519,-0.00789777519604756,0.0011478833390571
-0.578281470240859,0.130153671663341,-0.023102683232988,0.52957391764385,-0.00779869337810708,-0.00697824718281947,-0.000526185282984467
-0.55492881192898,0.117076675208762,-0.0232581022891459,0.517836707961421,-0.00745013473816019,-0.00603278079554955,-0.00217350813231123
-0.530754483895,0.102047140529327,-0.0235361677007204,0.504260835997624,-0.00709415983488707,-0.00509102742406388,-0.00375548436835812
-0.505944318924963,0.0851335083324699,-0.0239370341827984,0.488898283227277,-0.00671694774113182,-0.00418191387305933,-0.00523081988754874
-0.480728074298995,0.0662677945886601,-0.0244515847692077,0.47164698215133,-0.00632232388589469,-0.0033329163440544,-0.00655479895785722
-0.455414475505362,0.0452371342199411,-0.0250545128645334,0.45222217575928,-0.00593402313667442,-0.00256703760053775,-0.0076797464294829
-0.430375347301627,0.0217292792582892,-0.0257013656958778,0.430176432277853,-0.00559375454814056,-0.00189767208441021,-0.00855727876598869
-0.405975033417611,-0.0045650725913389,-0.0263336035626427,0.404981966134145,-0.00535398871159561,-0.00132294167399087,-0.00914267654482601
-0.382465113503127,-0.0338141571093419,-0.026892367310092,0.37616792121855,-0.00526570383943786,-0.000822313058760278,-0.00940090793349895
-0.359887728210513,-0.0659201385650773,-0.0273362550297602,0.343473085525826,-0.00536403837061298,-0.0003582989921992,-0.00931267338826557
-0.338036317569075,-0.100466605001561,-0.027654437964358,0.306951031317687,-0.00565724192486312,0.000115949212291793,-0.0088781019778642
-0.316498216474174,-0.13677298176084,-0.0278677612422083,0.266974321814357,-0.00612398980557715,0.000645544786539543,-0.0081162878592593
-0.294761386135689,-0.174038785386152,-0.0280169019992309,0.224129811998243,-0.00672029843166107,0.00126375716956074,-0.00706067458150321
-0.272337971339671,-0.211518255303403,-0.028143202232021,0.179048214741164,-0.00739247193124051,0.00198664747186223,-0.00575215438245006
-0.248859111868372,-0.24866203010184,-0.0282697350310867,0.132231654447535,-0.00809024810213064,0.00281326268070842,-0.00423238868545365
-0.224119225275586,-0.285192473809773,-0.0283875554435059,0.083925170070815,-0.00877558804296293,0.00372932685588016,-0.0025392130649932
-0.198072376508834,-0.321112897547501,-0.028448434607324,0.0340465802352587,-0.0094253582465492,0.00471106388848228,-0.000705146352866839
-0.170798955041676,-0.356656337270096,-0.0283641309181031,-0.0178169735345531,-0.0100278208577223,0.00572564675982192,0.00123947638725289
-0.142477517064631,-0.392126139803494,-0.0280173207905503,-0.0722623941861091,-0.0105718561321046,0.00672448010095567,0.00325351538044763
-0.113386398903682,-0.427479678940358,-0.0273084669038896,-0.129524744526453,-0.0110255215926909,0.00762795392563167,0.0052524983418664
-0.0837197556580934,-0.46167426009041,-0.0262771836180953,-0.188528173432401,-0.0113070832102697,0.00832037812757117,0.00706642848778109
-0.052888384289674,-0.492375718975648,-0.0252378533803364,-0.246515316459395,-0.0112748321523973,0.0086968332646201,0.00844030124475995
-0.019173468970868,-0.516526653989219,-0.0246977637443366,-0.300015488057875,-0.0107751504425969,0.00875427238599158,0.00910404588549286
0.0188558433365518,-0.531472534520647,-0.0249673767651491,-0.346428169498041,-0.00974459534011483,0.00863461926777966,0.00887329489043662
0.060089951658953,-0.535842422103847,-0.0258303498503741,-0.384997479361591,-0.00827598034614862,0.00854892555343902,0.00772280769546369
0.100494375720918,-0.529394692209499,-0.0267067052581713,-0.416425827373974,-0.0065665642537919,0.00864003738340524,0.00578294027505361
0.13522737484624,-0.512073160741668,-0.0271362390386403,-0.441606309629225,-0.00480696835206158,0.00890887170196197,0.00327030966057822
0.161194291724015,-0.483449229829989,-0.0270542791719816,-0.460778687305468,-0.00312967559052659,0.00923601224258131,0.000420351313021331
0.178333614643432,-0.443184478564178,-0.0266986028350016,-0.473688887596442,-0.00163856720611703,0.00943365614285821,-0.00253788650528871
0.189347026082728,-0.392109577085547,-0.0263542541937516,-0.480414189328383,-0.00045513038543331,0.00928466823588163,-0.00537037463657794
0.19788142673753,-0.332853376909987,-0.0261699549247626,-0.482276175897924,0.000270692441040702,0.00859028431521736,-0.00781368203263215
0.205885354490713,-0.268967719286415,-0.026201729098578,-0.482108143973176,0.00038041992063396,0.00726830215036465,-0.0095725642155356
0.212769733774076,-0.202901400064909,-0.0266421106409524,-0.483023321023098,-0.000238002108920958,0.00547900871750713,-0.0103778045524868
0.217950742438413,-0.134917314069474,-0.0278719436444352,-0.48601138690102,-0.00152115097777004,0.00363380583474263,-0.0100960664904985
0.223381205031103,-0.0641175824465663,-0.0301405393238795,-0.488794671508767,-0.00314203481253452,0.00217641303853546,-0.00880032430617252
0.232456868876919,0.00991681360675352,-0.0333107429278268,-0.487584661844479,-0.00465673981080372,0.00131808672400923,-0.00672219732573568
0.247281388240426,0.0865687452752598,-0.0370275899587106,-0.479788069647147,-0.00576675701132246,0.000988982185819958,-0.00414038226521019
0.26760578870826,0.164578461811656,-0.0410489826237961,-0.465097003390479,-0.00643073571706969,0.000970063779690338,-0.00130578630850966
0.291604889537942,0.242544695048794,-0.0453844956578548,-0.444877985024923,-0.00679494685471507,0.00101939386959143,0.00157320451057969
0.317209293291212,0.319177136600063,-0.0501715534050483,-0.421010490534999,-0.00706330073853698,0.000921920464271055,0.00431368056159372
0.343247056030279,0.393368108266474,-0.0553873060196796,-0.394849628995912,-0.0073862480788674,0.00050107703877265,0.0067351584734646
0.370087045194316,0.464203932267774,-0.0605644496884453,-0.366509736595629,-0.00779308394647554,-0.000353589132512976,0.00864627039172112
0.399388464813274,0.530941296955864,-0.0647616317722633,-0.33475778216149,-0.00818957553081316,-0.00162664184624516,0.00985690057333543
0.432707382566307,0.592942219607903,-0.0669957060114501,-0.297874558935072,-0.00843936859596107,-0.00313372652816234,0.0102273793777152
0.469774849622854,0.649624239310275,-0.0669214848797879,-0.25512964752165,-0.00848355282152044,-0.00457632644553351,0.00973269751415373
0.508135944052784,0.700478207381215,-0.065088249494837,-0.207588599041889,-0.00838749270758586,-0.00568862836238362,0.00848183563742222
0.544560148268122,0.745097243250971,-0.0624733637755351,-0.157525931712797,-0.00827238726074555,-0.0063519873161376,0.00666744200200122
0.576688613111082,0.783154805977544,-0.0598165928885344,-0.107247316061908,-0.00821728165309193,-0.00659491483080734,0.00449467643419981
0.603629732887497,0.814371347538538,-0.0573261112041358,-0.0583812935202308,-0.00821811001226445,-0.00652488640544998,0.00214004323744723
0.625618905552355,0.838535167092916,-0.0547914687270582,-0.0118309317843971,-0.00820718204430214,-0.00626701318693968,-0.000255596742862144
0.643381384438147,0.855590884261083,-0.0518653608774987,0.0319582834398009,-0.00809712781294593,-0.00593535001356852,-0.0025778663663747
0.657584102480236,0.865761831627071,-0.048331601735502,0.0727200355962649,-0.00782273490295256,-0.00562552129210364,-0.00472748917555401
0.668489020044438,0.869646893323373,-0.0442759099603246,0.110202149276525,-0.00736930846515496,-0.00541117975662372,-0.00661293446629942
0.675840142548604,0.868222127713482,-0.0401160925210079,0.144127077950068,-0.00678180345812767,-0.00533553143257532,-0.00814969992951242
0.679005921257501,0.862699846433429,-0.0364746775385944,0.17424744737504,-0.00615104297183683,-0.00540058407337436,-0.00926726484701059
0.677331445745876,0.854269100597525,-0.0339384145240727,0.200447749802827,-0.00558006786720391,-0.0055642360331423,-0.00992185230259006
0.670531812756367,0.843831697972838,-0.0328246245191948,0.222828971047332,-0.00514521998153173,-0.00575343831607193,-0.0101084667877494
0.658905490582108,0.83187418020907,-0.0330851139084891,0.241719022355494,-0.0048725246087852,-0.00589031836404088,-0.0098638228406863
0.643263626961177,0.818529694298256,-0.0343854453881082,0.257596962828547,-0.00474039343362951,-0.00591750108217826,-0.00925696090157573
0.624666953784235,0.803757463152882,-0.0362798451759415,0.270975940522541,-0.00470143810838272,-0.00581013262091711,-0.0083725369522553
0.604150948783065,0.787519248128127,-0.0383683102065706,0.282307119683907,-0.00470673566928424,-0.00557293050895948,-0.0072949377910745
0.582558333910383,0.769878914070613,-0.0403760189115392,0.291937011831151,-0.00472082530161937,-0.00522917819772877,-0.00609814685529083
0.560492389715423,0.751020297197843,-0.0421603870795284,0.300111868352966,-0.00472563349449783,-0.00480932401141458,-0.00484166425645669
0.538346297700483,0.731215002984317,-0.0436794746725772,0.307005223634565,-0.00471735488320603,-0.00434311169800594,-0.0035704663014883
0.516359782894171,0.710773900079324,-0.0449516833706799,0.312747880841276,-0.0047009243762101,-0.00385567618271172,-0.00231690830827351
0.494673389071847,0.690003675112305,-0.0460225473518146,0.317450121390808,-0.00468496278081762,-0.00336645262341611,-0.00110321786025363
0.473369170365295,0.669177133650432,-0.0469430292018082,0.321214334309961,-0.00467827830004631,-0.00288957877344361,5.60941544357261e-05
0.452497137258776,0.648517801231241,-0.047757938583967,0.324140270656832,-0.00468793741455487,-0.00243485677333162,0.00115217186428021
0.432090745246656,0.628195664282338,-0.0485013379685472,0.326325938591787,-0.0047185037088566,-0.0020087679912172,0.00218017001314689
0.412175157304967,0.608330062470681,-0.0491960180237617,0.327866515266532,-0.00477199781523429,-0.00161533151508327,0.00313800547716558
0.392771189187487,0.588996335664424,-0.0498549598559285,0.328852715565312,-0.00484823086585856,-0.00125675876031098,0.00402544679943223
0.373896868423645,0.570233857312262,-0.0504835150046415,0.329369317201519,-0.00494528593199486,-0.000933927135280699,0.00484347321140946
0.355567778353056,0.552054038334385,-0.051081626205913,0.329494092356614,-0.005060019469441,-0.000646716471368252,0.00559383745024075
0.337796856576071,0.534447578000899,-0.0516457801681216,0.329297173893017,-0.00518851918308889,-0.000394250280549536,0.00627877612534804
0.320594015520947,0.517390673537387,-0.052170587461603,0.328840797607105,-0.00532649224374766,-0.000175074718513208,0.00690082282725192
0.303965778641776,0.500850140524408,-0.0526499857577567,0.328179341981948,-0.00546957755440928,1.27018707428645e-05,0.00746269016031603
0.287915025271132,0.484787510594668,-0.0530781063081212,0.327359592851126,-0.00561358522139769,0.000171294288797671,0.00796719629733459
0.272440881636834,0.46916221959733,-0.0534498577883648,0.326421172748343,-0.00575467040000925,0.00030314222605111,0.00841721902364743
0.257538763340562,0.45393401035162,-0.0537612823353231,0.325397086092258,-0.0058894500884491,0.000410824024468941,0.00881566582441203
0.243200555500175,0.439064669211347,-0.0540097338517704,0.324314339954319,-0.00601507169776191,0.00049698058461973,0.00916545266174525
0.229414906927704,0.424519206457998,-0.0541939221712753,0.323194606567394,-0.00612924198233711,0.000564248908623795,0.00946948696442946
0.21616761027762,0.41026658040451,-0.0543138600671502,0.322054898915558,-0.00623022444769179,0.000615205365937383,0.00973065233460548
0.203442038815007,0.39628005486531,-0.0543707439096959,0.320908235415849,-0.00631681275181065,0.00065231887716511,0.00995179380425998
0.19121961186348,0.382537270092093,-0.0543667931345023,0.319764274300241,-0.00638828689968113,0.000677914037455202,0.0101357033057612
0.179480264216273,0.369020098094799,-0.054305068586812,0.318629902925363,-0.00644435821386735,0.000694143900273219,0.0102851054960994
0.168202899115437,0.355714344234815,-0.0541892852424964,0.317509771767541,-0.00648510817445056,0.000702971819879316,0.0104026443023722
0.157365809006099,0.342609347748748,-0.0540236307745115,0.316406767079509,-0.0065109252994274,0.000706161471931596,0.0104908706207681
0.146947061375897,0.329697535050094,-0.0538125985333933,0.31532242506735,-0.00652244321818945,0.000705274028234968,0.0105522315626608
0.136924801014917,0.316973909373071,-0.0535608369868708,0.314257262421775,-0.0065204828761821,0.000701671003055825,0.0105890615331369
0.127277550431876,0.304435608788028,-0.0532730244252725,0.313211079029124,-0.00650599938806017,0.000696522122581139,0.0106035753368788
0.11798442333283,0.292081445002229,-0.0529537634361437,0.312183184532251,-0.00648003563557355,0.000690816476367534,0.0105978633506368
0.109025296736307,0.279911491206679,-0.0526074978099445,0.311172581654343,-0.00644368244488111,0.000685376151281723,0.0105738887223288
0.100380937039366,0.267926715508706,-0.0522384496771665,0.310178107239049,-0.00639804545899166,0.000680871349602562,0.0105334864633739
0.0920330854005228,0.256128663955521,-0.0518505747615519,0.309198537501987,-0.0063442183950072,0.000677836198491759,0.0104783642427961
0.0839645081513171,0.244519193703901,-0.0514475333238842,0.308232663685478,-0.0062832621686633,0.000676684612317283,0.0104101046550877
0.0761590178841602,0.23310025431874,-0.0510326742784306,0.307279343785206,-0.00621618924591056,0.000677725716939379,0.0103301687170516
0.0686014708817352,0.221873713900308,-0.0506090300449614,0.306337535409673,-0.0061439525262037,0.00068117847867591,0.0102399003488505
0.0612777459244507,0.210841225481659,-0.0501793198679977,0.305406314120589,-0.00606743805587205,0.000687185296314842,0.0101405316051469
0.054174709048173,0.200004128766943,-0.049745959577902,0.304484880922288,-0.00598746090011785,0.000695824410859529,0.010033188442083
0.0472801682256317,0.189363382184503,-0.0493110760393061,0.303572561917453,-0.00590476355585073,0.000707121064735083,0.00991889683069215
0.0405828213005057,0.178919520338665,-0.0488765248056108,0.302668802551233,-0.00582001635341854,0.000721057401490643,0.00979858905373198
0.0340721998777508,0.168672632215246,-0.0484439097599386,0.301773158341851,-0.00573381936695226,0.00073758114079347,0.00967311004910852
0.0277386113970988,0.158622356032402,-0.0480146037693495,0.300885283561461,-0.00564670542597563,0.000756613093829448,0.00954322368981105
0.0215730811143938,0.148767887085175,-0.0475897695930014,0.300004918959937,-0.00555914388945981,0.000778053603768423,0.00940961891365757
0.0155672952477,0.139107995354012,-0.0471703804668221,0.299131879316938,-0.0054715449057028,0.000801788007130215,0.00927291563611378
0.00971354624499784,0.12964105021183,-0.046757239946747,0.298266041375281,-0.00538426393812723,0.00082769121627601,0.00913367039853827
0.00400468083256897,0.120365050007573,-0.0463510007201842,0.297407332520974,-0.00529760638539112,0.000855631522937571,0.00899238171947209
-0.00156594873859174,0.111277654704996,-0.0459521821984225,0.296555720431726,-0.00521183216549897,0.000885473719031741,0.00884949512919968
-0.00700453004105077,0.102376220078102,-0.0455611867819213,0.295711203805345,-0.00512716016738083,0.000917081625277519,0.0087054078773544
-0.012316832295526,0.0936578323664047,-0.0451783147570336,0.294873804210483,-0.00504377250246783,0.000950320110630128,0.00856047331287018
-0.0175082447098044,0.0851193424828412,-0.0448037778258301,0.29404355904042,-0.0049618185104606,0.000985056677927658,0.00841500494052137
-0.0225838114406532,0.0767573991050289,-0.0444377113053747,0.293220515515356,-0.00488141849160651,0.00102116268306888,0.00826928016320632
-0.0275482633104022,0.0685684802139216,-0.0440801850586115,0.29240472566075,-0.00480266715201573,0.00105851424698838,0.00812354372325527
-0.0324060464878478,0.0605489227279732,-0.0437312132314089,0.291596242169901,-0.00472563675838687,0.00109699291246704,0.00797801085725252
-0.0371613483407456,0.0526949500402754,-0.0433907628811403,0.290795115057206,-0.0046503800066464,0.00113648609076329,0.0078328701808725
-0.0418181206759648,0.0450026973600461,-0.0430587615865378,0.290001389008582,-0.0045769326146023,0.00117688733670096,0.00768828632106304
-0.0463801005774026,0.0374682348452118,-0.0427351041297796,0.289215101340191,-0.00450531565257701,0.00121809648510321,0.00754440231338101
-0.0508508290918685,0.0300875884996598,-0.0424196583366967,0.28843628047451,-0.00443553762765396,0.00126001967681663,0.00740134178073692
-0.0552336679375344,0.0228567589513285,-0.0421122701621893,0.287664944861066,-0.00436759633972651,0.00130256929757039,0.00725921091142979
-0.0595318144475326,0.0157717381822425,-0.0418127680995117,0.286901102268164,-0.00430148052716086,0.00134566384949868,0.00711810025212827
-0.0637483149424688,0.00882852430579449,-0.0415209669870177,0.286144749380617,-0.00423717132000947,0.00138922777177842,0.00697808633086524
-0.067886076673709,0.00202313456031905,-0.0412366712827931,0.28539587165248,-0.00417464351889022,0.00143319122362647,0.00683923312539243
-0.0719478785162276,-0.00464838338628422,-0.0409596778679,0.284654443362002,-0.00411386671589183,0.0014774898409407,0.00670159338970968
-0.0759363805449505,-0.0111899416774258,-0.040689778435574,0.283920427828055,-0.00405480627374102,0.00152206447552587,0.00656520985158575
-0.079854132617402,-0.0176054039163623,-0.0404267615174966,0.283193777752745,-0.00399742417792572,0.00156686092410481,0.00643011629291257
-0.0837035820772734,-0.0238985780922174,-0.0401704141930592,0.282474435659736,-0.00394167977569767,0.00161182965290779,0.00629633852364362
-0.0874870806850078,-0.0300732106703213,-0.0399205235219797,0.281762334401739,-0.00388753041432373,0.001656925522448,0.00616389525908864
-0.091206890862491,-0.0361329817216789,-0.0396768777369023,0.281057397716542,-0.00383493199025626,0.00170210751599241,0.00603279890976101
-0.0948651913359587,-0.042081500991473,-0.0394392672277865,0.280359540813101,-0.00378383941952823,0.00174733847448193,0.00590305629194683
-0.098464082241037,-0.0479223047902497,-0.0392074853468044,0.279668670974657,-0.00373420703880938,0.00179258483982861,0.00577466926682566
-0.102005589754909,-0.0536588536204494,-0.0389813290586844,0.278984688166788,-0.00368598894566683,0.00183781640807054,0.0056476353149581
-0.105491670320844,-0.0592945304652524,-0.0387605994574597,0.278307485639088,-0.00363913928524158,0.00188300609350871,0.00552194805204818
-0.108924214506256,-0.0648326396529919,-0.0385451021694905,0.277636950514537,-0.00359361249038689,0.00192812970437103,0.00539759769192191
-0.112305050536728,-0.0702764062215616,-0.0383346476593128,0.276972964360992,-0.00354936348111369,0.00197316573033486,0.00527457146189353
-0.115635947536985,-0.0756289757094906,-0.0381290514533097,0.276315403741739,-0.00350634782879957,0.00201809514192865,0.00515285397541534
-0.118918618522696,-0.0808934143341431,-0.0379281342930872,0.275664140739884,-0.00346452188963779,0.00206290120188196,0.00503242756583599
-0.122154723173846,-0.0860727095072825,-0.0377317222295303,0.275019043454024,-0.00342384291156544,0.00210756928824375,0.00491327258500425
-0.125345870405401,-0.0911697706246866,-0.0375396466674935,0.274379976465691,-0.00338426911833558,0.00215208672882592,0.00479536767050832
-0.128493620755761,-0.0961874300893386,-0.0373517443694227,0.273746801278165,-0.00334575977394079,0.00219644264655064,0.00467868998472929
-0.131599488624461,-0.101128444545707,-0.0371678574244123,0.273119376724079,-0.00330827523024306,0.00224062781542663,0.00456321542806014
-0.134664944367005,-0.105995496283208,-0.0369878331890202,0.27249755934372,-0.00327177696007187,0.0022846345265433,0.00444891882916427
-0.137691416258084,-0.110791194770643,-0.0368115242055778,0.271881203735363,-0.00323622757829403,0.0023284564635304,0.00433577411468186
-0.140680292345283,-0.115518078310862,-0.0366387881016537,0.271270162876491,-0.00320159085235269,0.00237208858709202,0.00422375446012046
-0.143632922197338,-0.120178615783466,-0.0364694874751671,0.270664288418384,-0.00316783170423761,0.00241552702800085,0.00411283242404518
-0.146550618564265,-0.124775208466529,-0.0363034897677501,0.270063430953593,-0.00313491620500921,0.00245876898814774,0.00400298006697699
-0.149434658952939,-0.12931019191197,-0.0361406671295885,0.269467440258548,-0.00310281156330936,0.00250181264907724,0.00389416905669468
-0.152286287120757,-0.133785837850671,-0.0359808962782912,0.268876165513653,-0.0030714861089216,0.00254465708744164,0.0037863707615138
-0.155106714507097,-0.138204356136666,-0.0358240583530209,0.268289455499319,-0.00304090927215817,0.00258730219711539,0.00367955633224864
-0.157897121595353,-0.142567896697746,-0.0356700387663261,0.267707158772032,-0.00301105156002043,0.00262974861731365,0.00357369677449664
-0.160658659216544,-0.146878551490462,-0.0355187270547161,0.267129123820508,-0.00298188452975957,0.00267199766638749,0.00346876301200187
-0.163392449803548,-0.151138356460143,-0.0353700167288927,0.266555199202265,-0.00295338076035049,0.0027140512809538,0.00336472594184705
-0.166099588588756,-0.155349293480907,-0.0352238051252161,0.265985233664153,-0.00292551382255862,0.00275591195981321,0.00326155648270251
-0.168781144761798,-0.159513292287725,-0.0350799932584357,0.265419076245299,-0.00289825824775581,0.00279758271249188,0.00315922561638207
-0.171438162581072,-0.163632232384749,-0.0349384856768853,0.264856576365623,-0.00287158949609772,0.00283906701192571,0.00305770442372503
-0.174071662443373,-0.167707944923019,-0.0347991903205671,0.264297583900675,-0.00284548392424857,0.00288036875099272,0.002956964115346
-0.176682641919641,-0.171742214556378,-0.0346620183822339,0.263741949242657,-0.00281991875295835,0.00292149220268224,0.00285697605758366
-0.179272076755144,-0.175736781264814,-0.034526884171918,0.263189523349479,-0.00279487203456646,0.00296244198355834,0.00275771179429531
-0.181840921835544,-0.17969334214321,-0.034393704985316,0.262640157782906,-0.00277032262083174,0.00300322302025212,0.00265914306495543
-0.18439011212035,-0.183613553149836,-0.0342624009761186,0.26209370473667,-0.00274625013110728,0.0030438405187338,0.00256124181946812
-0.186920563549342,-0.187499030824615,-0.0341328950321429,0.261550017054598,-0.00272263492090484,0.00308429993620179,0.00246398022990642
-0.189433173923375,-0.191351353971037,-0.03400511265551,0.26100894823954,-0.00269945805110118,0.00312460695537473,0.00236733069951255
-0.19192882375712,-0.195172065298232,-0.0338789818469787,0.260470352454592,-0.00267670125775693,0.00316476746093346,0.00227126586939098
-0.19440837710591,-0.1989626730205,-0.0337544329943883,0.259934084517099,-0.00265434692266403,0.00320478751794077,0.00217575862313783
-0.196872682370046,-0.202724652423679,-0.033631398765159,0.259399999885647,-0.00263237804465309,0.00324467335210683,0.00208078208955739
-0.199322573078282,-0.206459447392969,-0.0335098140026142,0.258867954640353,-0.00261077821158144,0.00328443133175398,0.00198630964365554
-0.201758868649614,-0.210168471901883,-0.0333896156263254,0.258337805457479,-0.00258953157318237,0.00332406795130065,0.00189231490619022
-0.204182375135246,-0.213853111467,-0.0332707425363027,0.257809409578692,-0.00256862281473993,0.00336358981614503,0.00179877174191686
-0.206593885942973,-0.217514724564539,-0.0331531355207576,0.257282624774972,-0.0025480371314664,0.00340300362884398,0.00170565425663576
-0.208994182545676,-0.221154644018683,-0.0330367371675634,0.256757309305578,-0.00252776020379136,0.0034423161764806,0.00161293679316357
-0.211384035167403,-0.224774178343038,-0.0329214917793344,0.256233321873907,-0.00250777817336618,0.00348153431899029,0.00152059392664316
-0.213764203456953,-0.228374613058418,-0.0328073452918311,0.255710521578609,-0.00248807761985791,0.00352066497849757,0.00142860045894637
-0.21613543714843,-0.231957211976557,-0.0326942451955441,0.255188767860581,-0.00246864553850868,0.0035597151295376,0.00133693141235146
-0.218498476704419,-0.235523218451874,-0.0325821404606605,0.254667920447283,-0.0024494693185015,0.00359869178999752,0.00124556202277275
-0.220854053945888,-0.239073856601231,-0.0324709814649141,0.254147839293637,-0.00243053672186919,0.00363760201274401,0.00115446773251053
-0.223202892668372,-0.242610332493799,-0.0323607199246265,0.253628384520307,-0.00241183586333064,0.00367645287784385,0.00106362418264053
-0.225545709249623,-0.246133835317722,-0.0322513088282737,0.253109416348286,-0.00239335519060264,0.00371525148537338,0.000973007204953039
-0.227883213245519,-0.249645538521143,-0.0321427023728283,0.252590795030936,-0.00237508346541501,0.0037540049486874,0.000882592813650296
-0.230216107972111,-0.253146600920026,-0.0320348559029231,0.252072380784219,-0.00235700974518903,0.00379272038803237,0.000792357196978224
-0.232545091079899,-0.256638167786893,-0.0319277258523312,0.251554033714007,-0.00233912336521405,0.00383140492453324,0.000702276708638473
-0.234870855120317,-0.260121371918319,-0.0318212696878443,0.251035613740733,-0.00232141392144826,0.00387006567448196,0.000612327859058964
-0.237194088101013,-0.263597334674693,-0.0317154458556128,0.25051698052238,-0.00230387125387123,0.00390870974380692,0.000522487306724364
-0.239515474033618,-0.2670671670023,-0.031610213729521,0.249997993375127,-0.00228648543020189,0.0039473442227094,0.000432731849514555
-0.241835693475165,-0.270531970434628,-0.0315055335619078,0.249478511191653,-0.00226924673032898,0.0039859761804397,0.000343038416037341
-0.24415542406284,-0.273992838076586,-0.0314013664360422,0.248958392357218,-0.00225214563094449,0.00402461266013067,0.000253384057066413
-0.246475341040817,-0.277450855567268,-0.0312976742208374,0.248437494664084,-0.00223517279077133,0.00406326067361384,0.00016374593718284
-0.248796117782131,-0.280907102027579,-0.0311944195273946,0.247915675223653,-0.00221831903616566,0.00410192719620705,7.41013265672813e-05
-0.251118426305765,-0.284362650992569,-0.0310915656672291,0.247392790376325,-0.00220157534699256,0.00414061916142212,-1.55724070122894e-05
-0.253442937788067,-0.287818571325781,-0.0309890766124966,0.246868695599611,-0.00218493284300009,0.0041793434555067,-0.000105297805893069
-0.255770323072658,-0.291275928125239,-0.0308869169576609,0.246343245413349,-0.00216838277041625,0.00421810691184891,-0.0001950973300364
-0.258101253174613,-0.294735783611118,-0.0307850518830338,0.245816293283275,-0.00215191648895394,0.00425691630509877,-0.000284993364106074
-0.260436399780821,-0.298199197999481,-0.0306834471198431,0.245287691522413,-0.00213552545902257,0.0042957783449913,-0.000375008224152074
-0.262776435751901,-0.301667230373068,-0.0305820689167223,0.244757291189184,-0.00211920122921068,0.00433469966989192,-0.000465164164025448
-0.265122035617605,-0.305140939529217,-0.0304808840079936,0.244224941984088,-0.00210293542413222,0.00437368683987712,-0.000555483381167238
-0.267473876071273,-0.308621384822659,-0.0303798595832524,0.243690492143612,-0.00208671973234853,0.00441274632937047,-0.00064598802190479
-0.269832636465929,-0.312109627000235,-0.0302789632585471,0.243153788330972,-0.002070545894713,0.00445188451931921,-0.000736700186299127
-0.272198999309111,-0.315606729024529,-0.0301781630488378,0.242614675523995,-0.00205440569275739,0.00449110768879989,-0.000827641932374774
-0.27457365075623,-0.319113756886106,-0.030077427342071,0.242072996900546,-0.00203829093739121,0.00453042200596524,-0.000918835279614251
-0.276957281106294,-0.322631780412383,-0.0299767248745597,0.241528593720192,-0.00202219345773028,0.00456983351834585,-0.00101030221184022
-0.279350585299007,-0.326161874064037,-0.0298760247078291,0.240981305202526,-0.00200610509017791,0.00460934814239894,-0.0011020646793297
-0.281754263409449,-0.329705117722307,-0.0297752962070052,0.240430968402775,-0.00199001766762551,0.00464897165216952,-0.00119414459994746
-0.284169021151581,-0.333262597473006,-0.0296745090205024,0.239877418082134,-0.00197392300894052,0.00468870966716916,-0.00128656385964134
-0.286595570380656,-0.336835406380978,-0.0295736330611791,0.239320486574775,-0.00195781290849958,0.00472856763922207,-0.00137934431182659
-0.289034629597294,-0.340424645252202,-0.029472638489241,0.238760003650949,-0.00194167912607838,0.00476855083823395,-0.00147250777566504
-0.291486924459594,-0.344031423393873,-0.0293714956964439,0.238195796374432,-0.00192551337684929,0.00480866433689273,-0.00156607603337576
-0.293953188296949,-0.347656859363394,-0.0292701752919577,0.237627688955539,-0.00190930732158625,0.00484891299410064,-0.00166007082622996
-0.296434162628835,-0.35130208170475,-0.0291686480900321,0.237055502598865,-0.00189305255721085,0.00488930143707955,-0.00175451384922098
-0.2989305976912,-0.354968229681247,-0.029066885099195,0.236479055344676,-0.00187674060748574,0.00492983404209008,-0.00184942674440232
-0.301443252970162,-0.3586564539982,-0.0289648575132877,0.235898161903963,-0.00186036291406081,0.00497051491363337,-0.00194483109272415
-0.303972897739753,-0.362367917508601,-0.0288625367044778,0.235312633487392,-0.00184391082778248,0.00501134786196136,-0.00204074840410502
-0.306520311608898,-0.366103795911348,-0.0287598942182738,0.23472227762664,-0.00182737560047185,0.00505233637885399,-0.00213720010579198
-0.309086285079166,-0.369865278434172,-0.0286569017705629,0.234126897987489,-0.0018107483770102,0.00509348361153446,-0.00223420752886174
-0.31167162010842,-0.373653568500175,-0.0285535312470591,0.23352629417516,-0.00179402018798079,0.0051347923345128,-0.00233179189253498
-0.31427713068823,-0.377469884379216,-0.0284497547050112,0.232920261529667,-0.00177718194280252,0.00517626491931691,-0.00242997428637808
-0.316903643433486,-0.381315459822925,-0.0283455443774402,0.23230859091103,-0.00176022442344764,0.00521790330192412,-0.00252877565012779
-0.319551998181052,-0.385191544672369,-0.0282408726803442,0.231691068474359,-0.00174313827898098,0.00525970894767333,-0.00262821675080374
-0.322223048605683,-0.389099405445846,-0.0281357122226044,0.231067475432391,-0.00172591402077435,0.00530168281359128,-0.00272831815714177
-0.324917662848434,-0.393040325896959,-0.0280300358192126,0.230437587805652,-0.00170854201868807,0.0053438253078787,-0.00282910021094106
-0.327636724159634,-0.397015607538713,-0.0279238165080061,0.229801176159089,-0.00169101249838378,0.00538613624637667,-0.00293058299509836
-0.330381131564255,-0.401026570140208,-0.027817027569815,0.229158005322373,-0.00167331553967482,0.00542861480591483,-0.00303278629830449
-0.333151800545819,-0.405074552181568,-0.0277096425527132,0.228507834093773,-0.00165544107638839,0.00547125947426689,-0.00313572957595807
-0.335949663748194,-0.409160911262071,-0.0276016353006244,0.227850414926672,-0.00163737889773134,0.00551406799645182,-0.0032394319068829
-0.338775671701645,-0.413287024460088,-0.0274929799864593,0.227185493596017,-0.00161911865137766,0.00555703731723848,-0.00334391194572137
-0.34163079357212,-0.417454288632698,-0.0273836511503825,0.22651280884355,-0.00160064984861541,0.00560016351957677,-0.00344918787055161
-0.34451601793685,-0.421664120654385,-0.0272736237435561,0.225832091999757,-0.00158196187182828,0.00564344175872824,-0.00355527732539102
-0.347432353591292,-0.425917957585939,-0.027162873177497,0.225143066579589,-0.00156304398434356,0.00568686619189144,-0.00366219735729259
-0.350380830386488,-0.430217256763165,-0.027051375380007,0.22444544785047,-0.00154388534337665,0.0057304299030194,-0.00376996434749835
-0.353362500099491,-0.43456349579266,-0.0269391068579165,0.223738942370039,-0.00152447501615572,0.00577412482256084,-0.00387859393617264
-0.356378437341482,-0.438958172450909,-0.0268260447671835,0.223023247490303,-0.00150480199968377,0.00581794164189346,-0.00398810094030997
-0.359429740504577,-0.443402804466381,-0.0267121669911485,0.222298050825676,-0.00148485524469498,0.00586186972214565,-0.00409849926420851
-0.362517532751498,-0.447898929176202,-0.0265974522274324,0.221563029681337,-0.00146462368423636,0.00590589699715027,-0.00420980180197899
-0.365642963054535,-0.452448103046819,-0.026481880084099,0.220817850437485,-0.00144409626737789,0.00595000987030405,-0.00432202033159158
-0.368807207284364,-0.457051901036101,-0.0263654311859718,0.220062167886319,-0.00142326199878628,0.00599419310502264,-0.00443516539970125
-0.372011469349353,-0.461711915774448,-0.0262480872919461,0.219295624518149,-0.0014021099847412,0.00603842970848822,-0.00454924619643388
-0.37525698239807,-0.466429756559389,-0.0261298314238704,0.218517849749893,-0.00138062948635076,0.00608270080857039,-0.00466427041970799
-0.378545010083253,-0.471207048130055,-0.0260106480081189,0.217728459092388,-0.00135880998084139,0.00612698552360734,-0.0047802441280692
-0.381876847895145,-0.476045429204659,-0.0258905230306652,0.216927053250079,-0.00133664123174829,0.00617126082489738,-0.00489717158132163
-0.385253824568476,-0.480946550752176,-0.0257694442065681,0.216113217147288,-0.00131411336893922,0.00621550139172718,-0.00501505506803139
-0.388677303565124,-0.485912073965523,-0.0256474011652366,0.215286518875332,-0.00129121697974892,0.00625967945877821,-0.00513389471884941
-0.392148684641408,-0.490943667912089,-0.0255243856521083,0.214446508552562,-0.00126794321204973,0.00630376465589302,-0.00525368830476886
-0.395669405504414,-0.496043006822684,-0.0254003917481689,0.213592717090135,-0.00124428389083223,0.00634772384018976,-0.00537443101922185
-0.39924094356801,-0.501211766991215,-0.0252754161080408,0.212724654854168,-0.00122023164934714,0.00639152092066881,-0.00549611524305749
-0.402864817801221,-0.50645162322637,-0.0251494582183947,0.211841810218809,-0.00119578007652608,0.00643511667533356,-0.00561873029078808
-0.406542590688711,-0.511764244832637,-0.0250225206772636,0.210943647997623,-0.00117092388204309,0.00647846856129567,-0.00574226213733717
-0.410275870301409,-0.517151291061925,-0.0248946094957252,0.210029607745322,-0.00114565908079752,0.00652153051821866,-0.00586669312376058
-0.414066312477031,-0.522614405978081,-0.0247657344231833,0.209099101920946,-0.00111998319851721,0.00656425276563236,-0.00599200164039375
-0.417915623124646,-0.528155212696625,-0.0246359092970551,0.208151513899395,-0.0010938955003668,0.00660658159503555,-0.00611816178636509
-0.421825560652502,-0.533775306933833,-0.0245051524180295,0.207186195821238,-0.0010673972445083,0.00664845915775082,-0.00624514300387629
-0.425797938517763,-0.539476249797113,-0.0243734869518669,0.206202466270334,-0.00104049196263598,0.00668982324976719,-0.00637290968562745
-0.429834627900549,-0.545259559756884,-0.024240941358614,0.205199607767299,-0.00101318576967518,0.00673060709516832,-0.00650142075391322
-0.433937560505984,-0.551126703734362,-0.0241075498494896,0.204176864065946,-0.000985487704599795,0.00677073913011752,-0.00663062920999125
-0.438108731485062,-0.557079087229054,-0.0239733528721676,0.203133437242537,-0.000957410104688798,0.00681014278965494,-0.00676048165198669
-0.44235020245973,-0.563118043394575,-0.023838397624731,0.202068484568897,-0.000928969015362058,0.00684873629999555,-0.00689091775951924
-0.446664104651434,-0.569244821004026,-0.0237027385976999,0.20098111515646,-0.000900184637558348,0.00688643247970537,-0.00702186974385903
-0.45105264209849,-0.575460571222283,-0.0235664381435432,0.199870386362035,-0.000871081814704727,0.00692313855359672,-0.00715326176213985
-0.455518094937303,-0.581766333101427,-0.0234295670724647,0.198735299948597,-0.00084169056092116,0.00695875598378308,-0.00728500929411493
-0.460062822719419,-0.58816301771787,-0.0232922052728336,0.197574797995876,-0.000812046632066458,0.00699318032308859,-0.0074170184801725
-0.464689267726429,-0.594651390868622,-0.0231544423536943,0.196387758558681,-0.000782192140655719,0.00702630109678109,-0.00754918541944893
-0.469399958249085,-0.601232054271013,-0.0230163783057731,0.195172991071234,-0.000752176215279897,0.00705800171956563,-0.00768139542747254
-0.474197511765735,-0.607905425181154,-0.0228781241768403,0.193929231505396,-0.000722055704457543,0.0070881594555627,-0.00781352225246563
-0.479084637955178,-0.614671714380379,-0.0227398027559318,0.192655137293207,-0.000691895924121363,0.0071166454301233,-0.00794542725015161
-0.484064141471246,-0.621530902494729,-0.0226015492594367,0.191349282029361,-0.000661771446879041,0.0071433247034549,-0.00807695851751077
-0.489138924377569,-0.628482714615859,-0.0224635120109249,0.190010149980598,-0.000631766929954418,0.00716805641710946,-0.00820794998611299
-0.494311988126769,-0.635526593215433,-0.0223258531049453,0.188636130438122,-0.000601977977383546,0.00719069402562258,-0.00833822047639353
-0.499586434953148,-0.64266166938263,-0.0221887490429501,0.187225511959165,-0.00057251203009402,0.00721108562686466,-0.00846757271515429
-0.504965468524094,-0.649886732444749,-0.0220523913277115,0.185776476557925,-0.000543489275627428,0.00722907440589348,-0.00859579231941144
-0.510452393676119,-0.657200198077641,-0.0219169870001611,0.184287093920352,-0.000515043566691644,0.00724449920831666,-0.00872264675086433
-0.51605061502844,-0.664600075054867,-0.0217827591006214,0.182755315736905,-0.00048732333515645,0.00725719526027578,-0.00884788424630063
-0.521763634228945,-0.672083930827966,-0.0216499470339278,0.181178970270671,-0.000460492484807259,0.00726699505315045,-0.00897123273041088
-0.52759504559247,-0.679648856244837,-0.0215188068149239,0.179555757291451,-0.000434731242779809,0.00727372941195751,-0.00909239871983252
-0.533548529823644,-0.687291429739321,-0.0213896111687515,0.177883243542054,-0.000410236945484258,0.00727722876682063,-0.00921106622812408
-0.539627845503908,-0.695007681438195,-0.0212626494576942,0.17615885892565,-0.000387224730698618,0.00727732464703987,-0.0093268956837006
-0.545836818009205,-0.702793057751417,-0.0211382274034143,0.174379893628124,-0.000365928102691069,0.0072738514168809,-0.00943952287518591
-0.552179325463474,-0.710642387071118,-0.0210166665721382,0.172543496430082,-0.000346599332487162,0.00726664827109693,-0.00954855794016804
-0.558659281327202,-0.718549847351254,-0.0208983035880181,0.170646674490519,-0.000329509650130879,0.00725556150638508,-0.00965358441616509
-0.565280613199246,-0.726508936453208,-0.0207834890389351,0.1686862949174,-0.000314949180804658,0.0072404470821453,-0.00975415837503256
-0.572047237429942,-0.734512446310953,-0.0206725860379192,0.166659088462445,-0.00030322657147986,0.00722117347985222,-0.00984980766500671
-0.578963029069001,-0.74255244200244,-0.0205659684054094,0.164561655727947,-0.000294668250549296,0.00719762486520411,-0.00994003128593102
-0.586031786747509,-0.750620247015071,-0.0204640184381203,0.162390476278913,-0.000289617258652488,0.00716970455033761,-0.0100242989265906
-0.59325719212393,-0.758706436106103,-0.0203671242337381,0.160141921069934,-0.000288431586268957,0.00713733874487895,-0.0101020506951962
-0.600642763529457,-0.766800837191278,-0.0202756765466377,0.157812268616231,-0.000291481952428484,0.00710048057449107,-0.0101726970751273
-0.608191803534855,-0.774892543785445,-0.0201900651565712,0.155397725328201,-0.000299148959445286,0.00705911433350062,-0.0102356191396938
-0.615907340274862,-0.782969939552329,-0.0201106747418378,0.152894450401186,-0.000311819561947277,0.00701325992413201,-0.0102901690602982
-0.623792062480894,-0.791020736477803,-0.0200378802605466,0.150298585613237,-0.00032988279472897,0.00696297741917175,-0.0103356709419989
-0.631848248306,-0.799032028062823,-0.01997204185887,0.147606290324501,-0.000353724714258079,0.00690837166771549,-0.010371422018903
-0.640077688254854,-0.806990358795768,-0.0199134993419028,0.144813781864764,-0.000383722522833945,0.00684959684487798,-0.0103966942396307
-0.648481602722305,-0.814881810867027,-0.0198625662634451,0.141917381379259,-0.000420237863908692,0.00678686082723554,-0.01041073626887
-0.657060554897936,-0.822692108721749,-0.0198195237130421,0.138913565042264,-0.000463609301305782,0.0067204292564698,-0.0104127759257254
-0.66581436004699,-0.830406741544001,-0.0197846139028278,0.135799020361329,-0.000514144024818543,0.00665062913542854,-0.0104020230726663
-0.674741992526895,-0.838011103213253,-0.0197580336816128,0.13257070704564,-0.000572108860235911,0.00657785178387905,-0.0103776729604408
-0.683841492126635,-0.845490648487333,-0.0197399281290021,0.129225921675795,-0.00063772070150243,0.00650255496839928,-0.0103389100244999
-0.693109871625508,-0.852831063347578,-0.0197303844061504,0.125762365118328,-0.00071113652715412,0.00642526401191416,-0.0102849121175205
-0.702543027715964,-0.860018446497728,-0.0197294260608385,0.122178211330747,-0.000792443210189378,0.00634657168555722,-0.0102148551513399
-0.712135657717251,-0.867039498042125,-0.0197370080013654,0.118472175868248,-0.000881647379480122,0.00626713668933991,-0.0101279181090059
-0.721881184616338,-0.873881710278073,-0.019753012364621,0.114643582117425,-0.00097866563807207,0.00618768054112834,-0.0100232883764339
-0.731771692968502,-0.880533554438986,-0.0197772455066572,0.110692423034591,-0.0010833154870654,0.00610898271605742,-0.00990016733326028
-0.741797878326476,-0.886984656358567,-0.0198094363377562,0.106619415868442,-0.00119530734283905,0.00603187390870492,-0.00975777613243452
-0.751949012519551,-0.893225953018203,-0.0198492362070649,0.10242604725447,-0.00131423806175114,0.00595722733306295,-0.00959536159394874
-0.762212926904665,-0.899249821316479,-0.0198962205141713,0.0981146059518649,-0.00143958640298827,0.00588594802448015,-0.00941220213436716
-0.772576015191008,-0.905050169912693,-0.019949892185364,0.0936882005539022,-0.00157071085921569,0.00581896016514756,-0.00920761365694141
-0.783023256831684,-0.910622484847768,-0.020009687103067,0.0891507596600459,-0.00170685026694381,0.00575719251638759,-0.00898095533336736
-0.79353826135733,-0.915963819940428,-0.0200749815192962,0.0845070122320346,-0.00184712757263012,0.00570156210307607,-0.00873163521744413
-0.804103332903043,-0.921072723433457,-0.0201451014185699,0.0797624463888084,-0.00199055706984167,0.00565295635751607,-0.00845911565255789
-0.814699553337122,-0.925949093500775,-0.0202193337294591,0.0749232453990578,-0.00213605534692803,0.00561221398212422,-0.00816291845546032
-0.825306881490684,-0.930593956770468,-0.0202969392194953,0.0699962002457522,-0.00228245609068917,0.00558010483072347,-0.00784262988343301
-0.835904264894012,-0.935009165900616,-0.0203771668490972,0.0649885989127702,-0.00242852877988876,0.0055573091328539,-0.00749790542533081
-0.846469759501099,-0.939197014595895,-0.0204592693123171,0.0599080933160757,-0.00257300118047698,0.00554439638774234,-0.00712847449320078
-0.856980652184088,-0.943159771207564,-0.0205425194606672,0.0547625455201504,-0.00271458542679593,0.00554180423134866,-0.00673414512840925
-0.867413580202234,-0.946899135094923,-0.0206262272927636,0.0495598555703651,-0.00285200734169404,0.00554981752890377,-0.00631480887996654
-0.877744641692211,-0.950415623287186,-0.0207097572013688,0.0443077737692271,-0.00298403852129783,0.00556854786531108,-0.00587044605506635
-0.887949491254226,-0.953707898525988,-0.0207925451976388,0.039013700625396,-0.00310953058567384,0.00559791349740975,-0.00540113159547984
-0.898003415359456,-0.956772053600068,-0.0208741158812353,0.0336844777747568,-0.00322745088210107,0.00563761969934628,-0.00490704188255258
-0.907881383296674,-0.959600870925883,-0.0209540989857581,0.028326173060225,-0.00333691881699118,0.00568713928110802,-0.00438846283397572
-0.917558070776328,-0.962183080643974,-0.0210322453929405,0.0229438626436573,-0.00343724188273972,0.00574569290107521,-0.00384579972474132
-0.927007855406593,-0.964502645321068,-0.02110844256484,0.0175414124169218,-0.00352795033157098,0.00581222864177987,-0.0032795892317251
-0.936204785587111,-0.966538104693281,-0.0211827293686838,0.0121212603955431,-0.00360882931195883,0.00588540019415001,-0.00269051428213239
-0.94512252709651,-0.968262020076233,-0.0212553102421081,0.00668420127500475,-0.00367994711101731,0.00596354292739143,-0.00207942237000759
-0.953734294594969,-0.969640565318974,-0.0213265685364379,0.00122917418094552,-0.00374167791719222,0.00604464714670044,-0.00144734808778761
-0.962012778182404,-0.970633319700652,-0.02139707864609,-0.00424694477081164,-0.0037947172107602,0.00612632800649912,-0.000795540698214551
-0.969930077887611,-0.971193328037617,-0.0214676161427512,-0.00974954181558548,-0.00384008748809088,0.00620579191465836,-0.00012549762285348
-0.977457661018673,-0.971267504228577,-0.0215391645394178,-0.0152864501399984,-0.00387913152161594,0.00627979990579922,0.000560995262371621
-0.984566358060757,-0.970797465724636,-0.0216129164709597,-0.0208681074121104,-0.00391348976546975,0.00634462946340429,0.00126181567092301
-0.991226403869997,-0.969720904609603,-0.0216902654242164,-0.0265076627035811,-0.00394505758853392,0.00639603796626769,0.00197444861690862
-0.997407576324766,-0.967973557161273,-0.0217727860663417,-0.0322210156342538,-0.00397591927524771,0.00642923151336287,0.00269592130010688
-1.0030793569973,-0.965491952495902,-0.0218621915688612,-0.0380267122180259,-0.00400825097220716,0.00643884894230296,0.00342272943600045
-1.00821118580092,-0.962216939255921,-0.0219602655071717,-0.0439456630270831,-0.00404419097856513,0.00641896940077418,0.00415075571541871
-1.01277274753641,-0.958098063679113,-0.0220687568264845,-0.0500005898956963,-0.00408567267821889,0.00636315876291699,0.00487518247838313
-1.01673425192111,-0.953098741876551,-0.0221892293231389,-0.0562151108150078,-0.00413421999895588,0.00626457233883998,0.00559040214874363
-1.0200666330276,-0.947202044875963,-0.022322858232016,-0.0626123657103333,-0.00419070999203374,0.00611613429438519,0.00628993109161191
-1.02274157289161,-0.94041671908716,-0.022470171564592,-0.0692131023362121,-0.00425511500615439,0.00591081456881559,0.00696633517897572
-1.02473116119359,-0.932782854056872,-0.0226307400858746,-0.0760331578875003,-0.00432624602873373,0.00564202380102809,0.00761117884919175
-1.02600713876186,-0.924376229911494,-0.0228028407371877,-0.0830804029492369,-0.00440153508111692,0.00530413195356725,0.00821501218237914
-1.02653946203413,-0.915310228238554,-0.0229831284117153,-0.0903512512777586,-0.00447690268865779,0.00489310855508642,0.00876741470086081
-1.02629411985017,-0.905733909630377,-0.0231663812974805,-0.0978270447957375,-0.004546770181915,0.0044072512767345,0.00925711584318312
-1.02523015794284,-0.895824935029213,-0.0233454041122356,-0.105470763915121,-0.00460427643310097,0.0038479391063814,0.00967221153782426
-1.02329602406324,-0.885776389982504,-0.0235111869753573,-0.113224658379478,-0.00464174550668825,0.0032203096232935,0.0100004908313041
-1.02042554551411,-0.875777420526511,-0.0236534105850948,-0.121009458374677,-0.00465141829502221,0.00253372914907041,0.0102298748075946
-1.01653406741319,-0.865988895238742,-0.0237613507766617,-0.12872575604211,-0.00462640701982831,0.00180191252680567,0.010348951576486
-1.01151545067172,-0.85651687576397,-0.0238251627098771,-0.136257904848609,-0.00456176378517185,0.00104256977216937,0.0103475678666417
-1.00524067240902,-0.847388091716543,-0.0238374243534436,-0.143480376768326,-0.00445549010645206,0.000276518039253919,0.0102174149807871
-0.997558621229916,-0.838532317686437,-0.0237947137214201,-0.150266018600314,-0.00430927705019175,-0.000473705506605271,0.009952532439125
-0.988299312949944,-0.829776043600706,-0.0236989194613854,-0.156495186491927,-0.00412877664215014,-0.00118558201324099,0.00954965446728099
-0.977279334696522,-0.820850054802137,-0.0235579731182854,-0.162064485012913,-0.00392327297433076,-0.0018384652306059,0.00900834583214687
-0.964308718930822,-0.81141061511113,-0.023385759989184,-0.166893815597916,-0.00370472980806823,-0.00241526885739404,0.00833091310522158
-0.949198352076332,-0.8010711727894,-0.0232011019305605,-0.170930811618091,-0.00348631461015248,-0.00290374986194812,0.00752212119319412
-0.931766927651979,-0.789439248744182,-0.0230258664038,-0.174152242633244,-0.00328059126871,-0.00329723955091663,0.00658878531103983
-0.911846796852961,-0.776152430069675,-0.0228823985525255,-0.176562591884645,-0.0030976166018838,-0.00359480750563927,0.00553933265093254
-0.889288512035456,-0.760908003478959,-0.0227905616055475,-0.178190543689154,-0.00294316279015863,-0.00380096878117706,0.00438343606854609
-0.863964257136074,-0.743482249888765,-0.0227647045943507,-0.179084472042485,-0.00281723990577478,-0.00392513619786967,0.00313181910516238
-0.835770489066208,-0.723736978102342,-0.022810889402177,-0.179308137234029,-0.00271304412458533,-0.00398106280491535,0.00179632653240727
-0.804629747319381,-0.701611745805837,-0.0229247677958571,-0.178937633235331,-0.00261644717927571,-0.00398651309396015,0.000390355123434719
-0.770490467094096,-0.677099937595096,-0.0230906931417287,-0.178060128212459,-0.00250620734729515,-0.00396334396813477,-0.00107025061618781
-0.73332145822287,-0.65020547854634,-0.0232830770910286,-0.176774013210363,-0.00235524627194207,-0.00393805048932441,-0.00256571528987322
-0.693094277121354,-0.620875310237611,-0.0234717093097184,-0.175188639379615,-0.00213359067370614,-0.00394258767368153,-0.00407012537404353
-0.649742418086251,-0.588903173751684,-0.0236336081019903,-0.173419987291294,-0.00181382774383044,-0.00401483068918298,-0.00554838211437145
-0.603083364822163,-0.553807501500636,-0.0237743011525469,-0.17157704875444,-0.00137987557868126,-0.00419729312851557,-0.0069523353799455
-0.552694493834421,-0.514707741956229,-0.0239595422456242,-0.169734168077394,-0.000838894107359975,-0.00453176184111476,-0.00821654973839664
-0.497758761327969,-0.470264874906809,-0.0243513958842703,-0.167889931926368,-0.000233329495460079,-0.00504699406616159,-0.00925515931090306
-0.436952138150821,-0.418800268647915,-0.025228307147581,-0.165925374707289,0.000354902443130801,-0.0057384216002246,-0.00996294827821828
-0.368512578639633,-0.358701822829474,-0.026953796909114,-0.163589271923647,0.000820185108210568,-0.00654551836668809,-0.0102251092713903
-0.290617701286851,-0.289066879102367,-0.0298673376594939,-0.160541954537931,0.00107534913535375,-0.00734306606722416,-0.00993792404963795
-0.201986895773121,-0.210223758677561,-0.0341302355680899,-0.156466046523525,0.00110386039621377,-0.00796541966571794,-0.00903423346705012
-0.102305737197411,-0.1236285097699,-0.0396368651961082,-0.151211301398946,0.000981031557494524,-0.00826306495414922,-0.0074988049921579
0.00795012127101768,-0.0310134082611439,-0.0460951129233834,-0.144918985587536,0.000832584183276578,-0.00815966418183877,-0.00536332745989372
0.128239704979752,0.0666732902021256,-0.0532594699947922,-0.138092102382946,0.00074453629201578,-0.00767506135176599,-0.00269065141912641
0.258617793247038,0.16968152047207,-0.0611824666946309,-0.13160323243319,0.000672573245910666,-0.00691575258750393,0.000423000080292513
0.399491100265932,0.27844494280892,-0.0702792602189702,-0.126537828867358,0.000413869281255754,-0.0060661605409728,0.00379308291345562
0.549668259053215,0.390671318345315,-0.0808384160267323,-0.123465002173479,-0.000239254814414385,-0.00538676062930328,0.00702892915864702
0.702333970652492,0.497920937477435,-0.0916806701122183,-0.121014722124408,-0.00107429213273803,-0.00510634059960842,0.00943076087614789
0.8427015010206,0.588072538467357,-0.0994959338339951,-0.116086063599829,-0.00127753583610775,-0.00506987468111091,0.0101307960393692
0.95683930437707,0.657049970447436,-0.101970383333684,-0.107521124506227,-0.000380307125107945,-0.00460886709614691,0.00865622139715993
1.04317745487914,0.711361076559772,-0.10081877957117,-0.0968155251600773,0.000989973333529693,-0.00324065619614115,0.00532007944440326
1.10524768127755,0.754729869887707,-0.0984591642225996,-0.0842805965118824,0.00215689673698073,-0.00114108390485041,0.000879651994576194
1.14055704331513,0.783446682813301,-0.0946301819557737,-0.067841790172921,0.00325028948650829,0.00116937966448899,-0.00384044065558494
1.14506259479129,0.793171466185239,-0.0884170508703742,-0.044809865958556,0.00460797658125323,0.00303729811189618,-0.00794408928359615
1.12528587524711,0.783921706199523,-0.0824925426403059,-0.0154819978415785,0.00569086575907195,0.00390555469209282,-0.0103315749476456
1.09498684219391,0.758530986796039,-0.0818316118846523,0.0146742253443328,0.00537953314971561,0.0040888651866884,-0.0100602872563231
1.05293094617766,0.717816633301647,-0.0856993502390565,0.0421462923052077,0.0039680850716807,0.00463849393566684,-0.00728740681819631
0.986568953259899,0.66091606952886,-0.0891789252241564,0.0700537071092827,0.00280457040741629,0.0058744548195666,-0.00308021423548182
0.893235257458536,0.588275821209858,-0.090847550770099,0.100747486869512,0.00228931261097063,0.00727147793014187,0.00154447168388406
0.779228550905173,0.501658831626697,-0.0922256977409516,0.132305163430565,0.0019463226062111,0.00815724465505412,0.00580652548073032
0.647768210767217,0.405568778387642,-0.0934490955177531,0.161285925093993,0.00154951101890446,0.00794540524457879,0.00896712334599427
0.494158344097552,0.309708737973554,-0.0918807718287065,0.186306956940964,0.0016560485827894,0.00651660922567766,0.0103065055803263
0.31599533930226,0.22403283436658,-0.0859862085767147,0.209032440147292,0.00279256993884073,0.00464263365142907,0.00950927033178043
0.123319405473266,0.150430120258641,-0.0782738068300237,0.231353845949907,0.00455009680160658,0.00331042078391986,0.00698949504067654
-0.0701464648099131,0.0863281976250794,-0.0717188620699184,0.252930603041652,0.00627642884238585,0.00279878724321938,0.00351184700984785
-0.25704653609768,0.032787058561699,-0.0668734162335814,0.272033570150331,0.00788739638376506,0.00281172928584528,-0.000255905778089012
-0.434387460690519,-0.00471953536204887,-0.0629586222535461,0.287342570632693,0.00968231469745379,0.00291332111284302,-0.00380655589020702
-0.597485086174102,-0.0210574459125649,-0.0595030512660103,0.298385461784788,0.0118262313553942,0.00271161394329046,-0.00671229623226449
-0.737687726832181,-0.0175659020522667,-0.0567912001578873,0.304850853803576,0.0140685314500834,0.00198749154334828,-0.00859655625482292
-0.846797069456641,-0.00414782805571191,-0.055276114655708,0.30609068068714,0.0159019294396613,0.000855176036072809,-0.00921789176609364
-0.923535083438056,0.00697229803685726,-0.0548827731355553,0.301682888640827,0.0170052881321149,-0.00028244688537365,-0.00859224581838315
-0.973348768342386,0.00914732692027583,-0.0550803821835806,0.292113355496974,0.0174447220707267,-0.00105665224712747,-0.00698878950299422
-1.00287467268897,0.00160425830886415,-0.0553998118406779,0.278299595850707,0.0174612789563566,-0.00137396854426149,-0.00478097014589907
-1.0168000626357,-0.0147734761044437,-0.0556421845987208,0.260734222812134,0.0172307098178116,-0.00136915523957502,-0.00230634295809682
-1.01823638637545,-0.0395954929606306,-0.0557721435485425,0.239342496431133,0.0168222014995316,-0.00124975347619102,0.00018270689789051
-1.00965821585398,-0.0725948968085318,-0.055804436942299,0.213932648661044,0.0162599857566022,-0.00119839048797215,0.00250804933584572
-0.993196013919981,-0.112835963133713,-0.0557776489326159,0.184725055492418,0.0155773416392638,-0.00133958430973253,0.00454009800220066
-0.970613333269143,-0.158494112649008,-0.0557612657381727,0.152666336067754,0.0148366864839945,-0.00173014505120553,0.00617944297679806
-0.943348660897467,-0.207191916467892,-0.0558443727729673,0.119401404552292,0.0141229781989361,-0.00235507703162272,0.00735137667069885
-0.912667725249996,-0.256602092803568,-0.0560977972637816,0.0868874616019191,0.0135208522615326,-0.00313415738661751,0.00801115760727851
-0.879800371954906,-0.305002088351379,-0.0565348135001387,0.0568107886901004,0.0130885503956666,-0.00394742026938806,0.00815306388944922
-0.845954539148687,-0.35151561825307,-0.0571014991819392,0.0301213797317522,0.012843536247001,-0.00467455223527692,0.00781391041967909
-0.812212726400698,-0.395965334680239,-0.0577043614522037,0.00693790371544294,0.0127672382827999,-0.00523005677472689,0.00706538367734898
-0.779405415104457,-0.438503539495576,-0.0582532720898475,-0.013193400583509,0.0128230574260987,-0.00557841623944531,0.00599790206966769
-0.748049453708731,-0.479274667680442,-0.0586915084998824,-0.030916846758733,0.0129750262125159,-0.00572833736361095,0.00470391888049803
-0.718371435277531,-0.518252437341438,-0.0590019146885126,-0.0467812411931957,0.0131985129115249,-0.00571653710292184,0.00326672587805723
-0.690384009694017,-0.555241808577226,-0.0591960981624607,-0.0611241027055476,0.0134820073179697,-0.00559178342324693,0.00175590962610954
-0.663975613345705,-0.589965206456108,-0.0592986744706038,-0.0740873858081669,0.0138233778117056,-0.00540415751446703,0.000227483472958632
-0.638990458108369,-0.622160513981064,-0.0593345202912069,-0.0856951451510475,0.0142243052533074,-0.00519954654331744,-0.00127378047289982
-0.615291162321457,-0.651652261410037,-0.0593216186985994,-0.0959406785829258,0.0146852047391816,-0.00501737977084011,-0.00271155060852584
-0.592802935899872,-0.678384480778584,-0.0592689469416798,-0.104855882291841,0.0152016282711336,-0.00488967288640376,-0.00405556696036396
-0.571538478348591,-0.702417856868971,-0.0591778443162025,-0.112552587735647,0.0157624150098032,-0.00484024425511237,-0.0052800651697426
-0.551601647762468,-0.723899823211776,-0.059045288009564,-0.119234259572205,0.0163495665947946,-0.00488378353253141,-0.00636306843757307
-0.533168789630493,-0.743018916085488,-0.0588677404413163,-0.125180882724594,0.0169396913223192,-0.00502502673493086,-0.00728646218979086
-0.516450291055108,-0.75995597557974,-0.0586444761128218,-0.130713366911512,0.0175066993995841,-0.00525855814229891,-0.00803664152018738
-0.501640263439727,-0.774844423433395,-0.0583795932353585,-0.136147154234566,0.0180252062115367,-0.00556971573490312,-0.00860540985762519
-0.488866640413914,-0.787748940495071,-0.0580823409728988,-0.141746846792668,0.0184739007290807,-0.00593677263956224,-0.00899074323344641
-0.478154683277642,-0.798666338588573,-0.0577659087939354,-0.147692973458976,0.0188381037218548,-0.00633413270555462,-0.00919707052341311
-0.469412834164972,-0.807545757157479,-0.057445267797835,-0.154067923086804,0.019110960397436,-0.00673590949172897,-0.00923487208462212
-0.462442577829068,-0.814320025662301,-0.0571348465278082,-0.160861885506933,0.0192931299919658,-0.00711912819773039,-0.00911961755437903
-0.456966793991912,-0.818938140785928,-0.0568467061065181,-0.167993918591339,0.0193912734196395,-0.0074659490951778,-0.00887025605587361
-0.452667004897403,-0.821390572585483,-0.0565895543945569,-0.175340204085473,0.0194159125822949,-0.00776465801789816,-0.00850756317859523
-0.449219903347825,-0.821723072380972,-0.0563685906735709,-0.182761765006941,0.0193792613467242,-0.00800952919616443,-0.00805262418261342
-0.44632644866673,-0.820038758293633,-0.0561859448783019,-0.19012639265001,0.0192934611840319,-0.00819989928748944,-0.00752563323309129
-0.4437306418868,-0.816491057755152,-0.0560414089057327,-0.197322647541927,0.0191694153771012,-0.00833885659745854,-0.00694507343164383
-0.441228245264787,-0.811271194703087,-0.0559332087325,-0.204266300006095,0.019016211467304,-0.00843188627613269,-0.00632725424680618
-0.438667534089503,-0.804593698760061,-0.0558586649902036,-0.210900964028169,0.0188410021475822,-0.00848569150974824,-0.0056861357251071
-0.435944755297793,-0.796682521763381,-0.0558146825203825,-0.21719506145067,0.0186491778559196,-0.00850729108395434,-0.00503335621167688
-0.43299674918586,-0.787759307082824,-0.055798071973883,-0.223137003628955,0.0184446817598335,-0.00850340553830697,-0.00437838840519644
-0.429792607886634,-0.778034474205195,-0.055805737047594,-0.228729961427473,0.0182303590533569,-0.00848009353620969,-0.00372876509705638
-0.426325601886011,-0.767701162367441,-0.0558347683809321,-0.233987060289007,0.018008275930491,-0.00844257991005544,-0.00309033316099415
-0.42260605999611,-0.756931720419843,-0.0558824805643492,-0.238927404626651,0.0177799782544832,-0.00839521620345453,-0.00246750914069735
-0.418655495744748,-0.745876218416174,-0.0559464157779624,-0.243573051364297,0.0175466841426847,-0.0083415231534462,-0.00186351852251891
-0.414501998952374,-0.734662539766087,-0.0560243366048695,-0.247946854324364,0.0173094152673535,-0.00828427810050554,-0.00128061360761481
-0.410176802386323,-0.723397487549725,-0.056114211461232,-0.252071053860224,0.0170690802970498,-0.00822562029514846,-0.000720262686276884
-0.405711830737045,-0.712168551015882,-0.0562142002768168,-0.255966436886307,0.0168265225686461,-0.00816715817581161,-0.000183311935513637
-0.401138042615196,-0.701046010090628,-0.0563226413770849,-0.259651912311979,0.0165825435150402,-0.00811006916200726,0.000329878893521618
-0.396484382835459,-0.690085150561912,-0.0564380397627517,-0.263144370175155,0.0163379108727711,-0.00805518748060782,0.000819324531535153
-0.391777186875215,-0.67932843540009,-0.0565590564264729,-0.266458721608114,0.0160933582703224,-0.00800307860885643,0.00128532305460443
-0.387039908237367,-0.668807535502875,-0.0566844982523222,-0.26960804395266,0.0158495806980777,-0.00795410069293876,0.00172838253445523
-0.382293067361218,-0.658545166331717,-0.0568133081506802,-0.272603778250871,0.0156072287161392,-0.00790845420888247,0.00214916260630201
-0.377554345268862,-0.648556707459435,-0.0569445552410521,-0.275455944258208,0.0153669030592933,-0.00786622149629223,0.00254842836220654
-0.372838765644846,-0.63885160286946,-0.0570774250319453,-0.278173351278349,0.0151291504894006,-0.00782739784364795,0.00292701429286352
-0.368158925204082,-0.629434552620416,-0.0572112096439764,-0.280763792483821,0.0148944612201326,-0.00779191568270564,0.00328579633931576
-0.363525244560936,-0.620306513604609,-0.0573452981780092,-0.283234216745567,0.0146632679211584,-0.00775966325382336,0.00362567043955809
-0.358946221163452,-0.611465530672774,-0.0574791673467005,-0.28559087601587,0.0144359461414771,-0.00773049888956027,0.00394753623434255
-0.354428672530365,-0.602907420065153,-0.057612372485243,-0.287839448830853,0.0142128159091361,-0.00770426185734812,0.00425228485141993
-0.349977962878738,-0.594626326440424,-0.0577445390374575,-0.289985141853049,0.0139941442455628,-0.00768078051948074,0.00454078989416074
-0.345598209554342,-0.586615173135601,-0.0578753545888639,-0.292032772036238,0.0137801483436907,-0.00765987841318514,0.00481390093578433
-0.341292467895565,-0.578866023167021,-0.0580045614934369,-0.293986832210687,0.0135709991860269,-0.00764137872532423,0.00507243896531353
-0.337062894645275,-0.571370366317435,-0.0581319501163986,-0.295851542801435,0.013366825414864,-0.00762510753301658,0.00531719334522178
-0.332910890896232,-0.564119345444012,-0.0582573526961486,-0.297630892184114,0.0131677173012453,-0.00761089609903817,0.00554891993542007
-0.328837226108492,-0.557103933203126,-0.0583806378112586,-0.299328667871973,0.0129737306947734,-0.0075985824462349,0.00576834010977243
-0.32484214496843,-0.550315068552148,-0.0585017054271434,-0.300948480423046,0.0127848908649352,-0.00758801238438817,0.00597614045114749
-0.320925458931393,-0.543743760806549,-0.0586204824887919,-0.302493781653618,0.0126011961695716,-0.00757904012354592,0.00617297295754953
-0.317086624246885,-0.537381167653997,-0.0587369190210262,-0.303967878466455,0.0124226215064992,-0.00757152857724388,0.00635945562861646
-0.313324808197921,-0.531218652435083,-0.0588509846941108,-0.305373943342379,0.0122491215223926,-0.00756534943545296,0.0065361733288629
-0.309638945129775,-0.525247824994007,-0.058962665812252,-0.306715022338089,0.0120806335651602,-0.00756038306868351,0.00670367884757208
-0.306027783653634,-0.519460569539337,-0.0590719626842415,-0.307994041267829,0.0119170803744668,-0.00755651831047945,0.0068624940947003
-0.302489926309649,-0.513849062379196,-0.0591788873355264,-0.30921381057595,0.0117583725148891,-0.00755365215466658,0.00701311138330331
-0.299023862792731,-0.508405781795242,-0.0592834615241598,-0.310377029297909,0.011604410560288,-0.00755168939515479,0.00715599476145241
-0.295627997695655,-0.503123511863153,-0.0593857150260298,-0.311486288411683,0.0114550870412698,-0.00755054222950966,0.00729158136546316
-0.292300673612222,-0.497995341687542,-0.0594856841570908,-0.312544073797651,0.0113102881708789,-0.00755012984240975,0.00742028277227715
-0.289040190309196,-0.493014661192819,-0.0595834105037731,-0.313552768969599,0.0111698953642031,-0.00755037798111615,0.00754248633489347
-0.285844820584232,-0.488175154392424,-0.0596789398355776,-0.314514657688676,0.0110337865685449,-0.00755121853200286,0.0076585564885244
-0.282712823338625,-0.483470790864208,-0.0597723211760846,-0.315431926534788,0.0109018374212146,-0.00755258910478383,0.00776883601837258
-0.279642454295201,-0.478895815974615,-0.0598636060123987,-0.316306667488776,0.010773922250372,-0.00755443262921746,0.00787364728328734
-0.276631974748007,-0.474444740305374,-0.0599528476242006,-0.31714088055077,0.0106499149351179,-0.00755669696762231,0.00797329339070071
-0.273679658662031,-0.470112328623072,-0.060040100516418,-0.317936476408328,0.0105296896393593,-0.00755933454541428,0.00806805932022204
-0.270783798382434,-0.465893588634078,-0.0601254199417008,-0.318695279159986,0.0104131214328546,-0.00756230200102949,0.00815821299481793
-0.267942709192991,-0.461783759742595,-0.0602088614998284,-0.319419029086132,0.0103000868127336,-0.00756555985592154,0.00824400629871059
-0.265154732909396,-0.45777830194998,-0.0602904808035907,-0.320109385459736,0.0101904641368562,-0.0075690722048317,0.00832567604248638
-0.262418240657209,-0.453872884987472,-0.0603703332019824,-0.320767929387537,0.0100841339792141,-0.00757280642617272,0.00840344487658319
-0.259731634985733,-0.450063377781225,-0.0604484735521139,-0.321396166664146,0.00998097941771247,-0.00757673291205933,0.00847752215394448
-0.257093351420691,-0.446345838288576,-0.0605249560331356,-0.321995530627857,0.00988088626253357,-0.00758082481734654,0.00854810474372313
-0.254501859549033,-0.442716503735896,-0.0605998339959958,-0.322567385004919,0.00978374323287649,-0.00758505782689595,0.00861537779787183
-0.251955663723748,-0.439171781290642,-0.060673159843665,-0.323113026727653,0.00968944208926086,-0.00758940994018148,0.00867951547232949
-0.249453303448035,-0.435708239162973,-0.0607449849374187,-0.323633688716441,0.00959787772731116,-0.00759386127231441,0.00874068160502872
-0.246993353497671,-0.432322598143715,-0.0608153595251788,-0.324130542614544,0.00950894823867741,-0.0075983938705275,0.00879903035272176
-0.244574423826008,-0.429011723569261,-0.0608843326886002,-0.324604701467127,0.0094225549437887,-0.00760299154516329,0.00885470678874808
-0.242195159292681,-0.425772617702951,-0.0609519523059607,-0.325057222336421,0.00933860240080006,-0.00760763971421137,0.00890784746376404
-0.239854239250369,-0.422602412526232,-0.0610182650283011,-0.325489108846329,0.00925699839455076,-0.0076123252604687,0.0089585809314206
-0.237550377015072,-0.419498362917229,-0.0610833162667584,-0.32590131365172,0.00917765390870785,-0.00761703640043063,0.0090070282410065
-0.235282319241099,-0.416457840198009,-0.0611471501892846,-0.32629474082879,0.00910048308398774,-0.00762176256406173,0.00905330339900288
-0.233048845221834,-0.413478326039613,-0.0612098097251352,-0.326670248183079,0.00902540316486696,-0.00762649428462998,0.00909751380133174
-0.230848766134074,-0.410557406702193,-0.0612713365756966,-0.327028649472831,0.00895233443725474,-0.0076312230978285,0.00913976063802212
-0.228680924236654,-0.40769276759668,-0.0613317712306312,-0.327370716547085,0.00888120015864939,-0.00763594144946863,0.00918013927202914
-0.226544192035141,-0.404882188143575,-0.0613911529883111,-0.327697181397832,0.00881192648264603,-0.00764064261106197,0.0092187395937808
-0.2244374714219,-0.402123536918398,-0.0614495199797908,-0.32800873812649,0.00874444237894995,-0.00764532060265865,0.00925564635296777
-0.22235969279955,-0.399414767065124,-0.0615069091953535,-0.328306044825236,0.00867867955046063,-0.00764997012234796,0.00929093946899536
-0.22030981419359,-0.396753911957047,-0.0615633565133411,-0.328589725374597,0.00861457234804608,-0.0076545864818757,0.00932469432146598
-0.218286820360931,-0.394139081101901,-0.0616188967305848,-0.328860371158551,0.00855205768410771,-0.00765916554786391,0.00935698202193556
-0.216289721896934,-0.391568456263445,-0.0616735635939455,-0.329118542699252,0.00849107494568858,-0.00766370368816828,0.00938786966817489
-0.214317554344727,-0.389040287792939,-0.0617273898328701,-0.329364771213496,0.00843156590751854,-0.00766819772293381,0.00941742058206071
-0.212369377311857,-0.386552891160139,-0.0617804071923116,-0.329599560092825,0.00837347464580109,-0.00767264487994752,0.00944569453211366
-0.210444273594615,-0.3841046436671,-0.0618326464659183,-0.329823386310095,0.00831674745304629,-0.00767704275391765,0.00947274794171448
-0.208541348309485,-0.38169398133154,-0.0618841375293937,-0.330036701755232,0.0082613327541056,-0.00768138926934966,0.00949863408395581
-0.206659728038196,-0.379319395935229,-0.0619349093737843,-0.33023993450222,0.00820718102396804,-0.00768568264669209,0.00952340326393003
-0.204798559986137,-0.376979432226464,-0.0619849901383433,-0.330433490010114,0.0081542447074582,-0.00768992137146867,0.00954710298928481
-0.202957011152779,-0.37467268526326,-0.0620344071430283,-0.330617752260997,0.00810247814106743,-0.00769410416613965,0.00956977812984188
-0.201134267514927,-0.372397797890089,-0.0620831869206762,-0.330793084837455,0.00805183747682062,-0.00769822996444978,0.00959147106698107
-0.199329533225013,-0.370153458339516,-0.0621313552486485,-0.33095983194205,0.00800228060843372,-0.00770229788803659,0.00961222183343247
-0.197542029824342,-0.36793839795768,-0.0621789371795943,-0.331118319361237,0.00795376710007577,-0.00770630722509724,0.00963206824409575
-0.195770995469034,-0.365751389032736,-0.0622259570719937,-0.331268855376675,0.00790625811722988,-0.00771025741093587,0.00965104601850079
-0.194015684172175,-0.363591242733263,-0.0622724386196822,-0.331411731625897,0.00785971636014518,-0.00771414801021033,0.00966918889539831
-0.192275365059975,-0.361456807143823,-0.0623184048807395,-0.331547223914842,0.00781410599982251,-0.00771797870072903,0.00968652874001292
-0.190549321640709,-0.359346965389715,-0.062363878305863,-0.331675592984832,0.00776939261618136,-0.00772174925865763,0.00970309564443535
-0.188836851088661,-0.35726063385211,-0.062408880765884,-0.331797085235819,0.00772554313875747,-0.00772545954499917,0.00971891802156425
-0.187137263540336,-0.355196760459808,-0.0624534335784487,-0.331911933408184,0.00768252578980688,-0.00772910949323449,0.00973402269302458
-0.185449881403571,-0.353154323061715,-0.062497557534284,-0.332020357225209,0.00764031002960169,-0.00773269909801215,0.00974843497143799
-0.183774038678802,-0.351132327865332,-0.0625412729225765,-0.332122563997969,0.00759886650404187,-0.00773622840478531,0.00976217873739018
-0.182109080293099,-0.349129807948775,-0.0625845995556759,-0.332218749194599,0.0075581669945674,-0.00773969750030626,0.00977527651142406
-0.180454361443575,-0.34714582183183,-0.0626275567932447,-0.332309096975772,0.00751818437004615,-0.0077431065038969,0.00978774952137919
-0.17880924695279,-0.345179452105898,-0.0626701635655903,-0.332393780697881,0.00747889254097302,-0.00774645555941451,0.00979961776534193
-0.177173110633646,-0.343229804122043,-0.0627124383966361,-0.332472963385716,0.00744026641542911,-0.00774974482784493,0.00981090007048029
-0.175545334663071,-0.341296004731532,-0.0627543994259744,-0.332546798176,0.00740228185728426,-0.00775297448045765,0.00982161414801406
-0.17392530896536,-0.339377201071667,-0.0627960644305847,-0.332615428733226,0.00736491564615249,-0.00775614469246429,0.00983177664453428
-0.172312430602715,-0.337472559401372,-0.0628374508458884,-0.332678989639258,0.00732814543915397,-0.00775925563712299,0.00984140318989819
-0.170706103171413,-0.33558126397681,-0.062878575786354,-0.332737606757844,0.00729194973452713,-0.0077623074802462,0.00985050844189991
-0.16910573620689,-0.333702515968435,-0.0629194560656558,-0.332791397575295,0.00725630783681341,-0.00776530037505513,0.00985910612787715
-0.167510744595088,-0.331835532419103,-0.0629601082160436,-0.332840471518274,0.00722119982399002,-0.00776823445733918,0.00986720908343315
-0.165920547986141,-0.329979545231655,-0.0630005485076818,-0.332884930250144,0.00718660651586103,-0.00777110984089233,0.00987482928845224
-0.164334570213433,-0.328133800192447,-0.0630407929672976,-0.33292486794645,0.00715250944413531,-0.00777392661317593,0.00988197790052857
-0.162752238717377,-0.326297556027461,-0.0630808573965566,-0.332960371550703,0.00711889082392685,-0.00777668483117815,0.00988866528594606
-0.161172983971182,-0.32447008348267,-0.0631207573900753,-0.332991521011207,0.00708573352675598,-0.00777938451744023,0.00989490104834409
-0.159596238907756,-0.322650664433995,-0.0631605083530074,-0.333018389499839,0.00705302105481679,-0.00778202565621718,0.00990069405517973
-0.15802143834842,-0.320838591021202,-0.063200125518445,-0.333041043613419,0.00702073751660866,-0.00778460818974457,0.00990605246208831
-0.156448018432029,-0.319033164803529,-0.0632396239644676,-0.333059543558446,0.0069888676037498,-0.00778713201458592,0.00991098373524107
-0.154875416044272,-0.31723369594052,-0.0632790186308487,-0.333073943319769,0.00695739656923817,-0.00778959697803135,0.00991549467178775
-0.153303068245139,-0.315439502385473,-0.0633183243357918,-0.333084290813806,0.00692631020668063,-0.00779200287452739,0.00991959141846942
-0.15173041169276,-0.313649909102697,-0.0633575557922164,-0.333090628026983,0.0068955948306204,-0.00779434944211685,0.0099232794884764
-0.150156882066774,-0.31186424729599,-0.0633967276239887,-0.333092991139618,0.00686523725815103,-0.00779663635885626,0.00992656377660914
-0.148581913486903,-0.310081853656853,-0.0634358543819601,-0.333091410635901,0.00683522479158167,-0.0077988632391998,0.00992944857281227
-0.147004937926056,-0.308302069622978,-0.0634749505599059,-0.333085911400407,0.00680554520190017,-0.00780102963032205,0.00993193757413538
-0.14542538461822,-0.306524240647124,-0.0635140306103857,-0.333076512801332,0.00677618671350318,-0.00780313500836224,0.00993403389516641
-0.143842679459991,-0.304747715480367,-0.0635531089605234,-0.333063228760947,0.00674713798972155,-0.00780517877456577,0.00993574007698223
-0.142256244404381,-0.302971845462753,-0.0635922000276762,-0.333046067813407,0.00671838811944899,-0.00780716025130535,0.00993705809465469
-0.140665496845708,-0.301195983819923,-0.0636313182352543,-0.33302503315041,0.00668992660439821,-0.00780907867796013,0.00993798936334527
-0.139069848995052,-0.299419484969792,-0.0636704780282905,-0.333000122654558,0.00666174334766042,-0.00781093320663127,0.00993853474301488
-0.1374687072453,-0.297641703830605,-0.0637096938894297,-0.332971328920954,0.00663382864277272,-0.00781272289767466,0.00993869454177233
-0.135861471524558,-0.295861995138437,-0.0637489803546734,-0.332938639267022,0.00660617316378133,-0.00781444671502599,0.00993846851787974
-0.134247534636424,-0.294079712763219,-0.0637883520291786,-0.332902035730543,0.00657876795631517,-0.00781610352130142,0.00993785588042833
-0.132626281585919,-0.292294209027717,-0.0638278236034884,-0.332861495056293,0.00655160442907976,-0.00781769207264742,0.00993685528869359
-0.130997088891828,-0.290504834029693,-0.0638674098696552,-0.332816988671037,0.00652467434662831,-0.00781921101331594,0.00993546485017519
-0.129359323881543,-0.288710934962972,-0.0639071257376187,-0.33276848264709,0.00649796982254666,-0.00782065886994359,0.00993368211732161
-0.127712343967965,-0.286911855433077,-0.0639469862518303,-0.332715937654269,0.00647148331372545,-0.00782203404550781,0.00993150408293452
-0.126055495908866,-0.285106934775652,-0.0639870066081123,-0.332659308900396,0.00644520761517799,-0.00782333481293459,0.00992892717424751
-0.124388115045496,-0.283295507369914,-0.0640272021706027,-0.332598546060121,0.00641913585587812,-0.00782455930832809,0.00992594724566461
-0.122709524519226,-0.281476901946864,-0.0640675884893602,-0.332533593191967,0.00639326149519783,-0.00782570552379646,0.00992255957014167
-0.121019034465656,-0.279650440893031,-0.0641081813178692,-0.332464388643612,0.0063675783202466,-0.00782677129983978,0.00991875882919224
-0.119315941183894,-0.277815439544662,-0.0641489966312635,-0.332390864945079,0.0063420804439204,-0.0078277543172717,0.00991453910148886
-0.117599526280129,-0.275971205478092,-0.0641900506448972,-0.33231294868974,0.00631676230374902,-0.00782865208863526,0.0099098938500343
-0.115869055783638,-0.274117037790163,-0.0642313598330487,-0.332230560402961,0.00629161866163636,-0.00782946194908379,0.0099048159078674
-0.11412377923276,-0.272252226368861,-0.0642729409484526,-0.332143614397996,0.00626664460426105,-0.00783018104668189,0.00989929746226253
-0.112362928731097,-0.270376051151368,-0.0643148110421681,-0.332052018619067,0.0062418355444559,-0.00783080633209049,0.00989333003738538
-0.110585717969667,-0.268487781375524,-0.0643569874840031,-0.331955674471154,0.00621718722322197,-0.00783133454758974,0.00988690447535171
-0.10879134121501,-0.266586674812912,-0.0643994879835867,-0.331854476636319,0.00619269571275636,-0.00783176221539657,0.00988001091564031
-0.106978972260515,-0.264671976993087,-0.0644423306118973,-0.331748312876108,0.00616835742024599,-0.00783208562522501,0.00987263877280313
-0.105147763339332,-0.262742920410935,-0.0644855338236197,-0.331637063819747,0.00614416909261581,-0.00783230082104084,0.00986477671240911
-0.103296843995846,-0.260798723716678,-0.0645291164802556,-0.331520602737674,0.00612012782204739,-0.00783240358695103,0.00985641262515246
-0.101425319914344,-0.258838590893248,-0.0645730978738335,-0.331398795299984,0.00609623105252193,-0.00783238943217183,0.00984753359905611
-0.0995322717028368,-0.256861710412641,-0.0646174977514567,-0.331271499319486,0.00607247658724038,-0.00783225357501151,0.0098381258896923
-0.0976167536290262,-0.254867254377056,-0.0646623363408496,-0.33113856447868,0.00604886259708681,-0.00783199092580039,0.00982817488833471
-0.0956777923064868,-0.252854377637916,-0.0647076343765624,-0.330999832040388,0.00602538763000749,-0.00783159606869712,0.00981766508795512
-0.0937143853267955,-0.250822216894816,-0.0647534131275286,-0.330855134541313,0.00600205062140842,-0.00783106324229392,0.00980658004695883
-0.0917254998380026,-0.248769889773736,-0.0647996944251167,-0.330704295468242,0.0059788509057291,-0.0078303863189408,0.00979490235057587
-0.0897100710649774,-0.246696493883777,-0.064846500692793,-0.330547128916238,0.00595578822891151,-0.00782955878269933,0.00978261356978725
-0.087667000766381,-0.244601105847456,-0.064893854976551,-0.330383439228083,0.00593286276213603,-0.0078285737058368,0.00976969421766165
-0.08559515563026,-0.242482780311518,-0.0649417809767603,-0.33021302061481,0.00591007511662533,-0.007827423723759,0.00975612370300537
-0.0834933656020018,-0.240340548928655,-0.0649903030811979,-0.33003565675639,0.00588742635973869,-0.00782610100827856,0.00974188028118157
-0.0813604221410892,-0.238173419317043,-0.0650394463994535,-0.329851120382194,0.00586491803216204,-0.00782459723910584,0.00972694100196071
-0.0791950764044574,-0.235980373988998,-0.0650892367989116,-0.329659172830472,0.00584255216638068,-0.00782290357344189,0.00971128165426
-0.0769960373526554,-0.233760369254894,-0.0651397009418822,-0.32945956358637,0.00582033130661165,-0.00782101061355015,0.00969487670762812
-0.074761969776261,-0.231512334099215,-0.0651908663248326,-0.329252029798022,0.00579825852982961,-0.0078189083721683,0.00967769925031189
-0.0724914922360965,-0.229235169026903,-0.0652427613188222,-0.32903629576979,0.00577633746838825,-0.00781658623561669,0.0096597209237275
-0.0701831749179728,-0.226927744881356,-0.0652954152120297,-0.328812072432586,0.00575457233393211,-0.0078140329244561,0.00964091185318961
-0.0678355373937253,-0.224588901630725,-0.0653488582540796,-0.328579056790409,0.00573296794274122,-0.00781123645152548,0.00962124057468243
-0.0654470462856747,-0.222217447124455,-0.0654031217022522,-0.328336931342467,0.00571152974274772,-0.00780818407719331,0.00960067395749279
-0.0630161128323878,-0.219812155822082,-0.065458237869993,-0.328085363480932,0.00569026384179559,-0.00780486226163804,0.00957917712251551
-0.0605410903481836,-0.217371767484051,-0.0655142401774526,-0.327824004863341,0.00566917703766416,-0.00780125661396542,0.00955671335599872
-0.0580202715742873,-0.214894985836747,-0.0655711632044779,-0.327552490759558,0.0056482768495985,-0.00779735183795889,0.0095332440185294
-0.0554518859174675,-0.212380477204942,-0.0656290427460073,-0.327270439373132,0.00562757155145804,-0.00779313167424882,0.00950872844903362
-0.0528340965719963,-0.209826869112351,-0.0656879158701411,-0.326977451136754,0.00560707020641366,-0.00778857883867673,0.00948312386356695
-0.0501649975186668,-0.207232748853156,-0.065747820978813,-0.326673107981612,0.00558678270347006,-0.00778367495661043,0.00945638524863216
-0.0474426103950938,-0.204596662029056,-0.0658087978715826,-0.326356972580387,0.00556671979545131,-0.00777840049295821,0.00942846524876753
-0.0446648812373685,-0.201917111059157,-0.0658708878123551,-0.326028587564672,0.00554689313865153,-0.00777273467762768,0.00939931404819256
-0.0418296770856823,-0.199192553660983,-0.065934133599398,-0.325687474716589,0.00552731533421878,-0.0077666554261476,0.00936887924622617
-0.0389347824468071,-0.19642140129848,-0.0659985796387666,-0.325333134134813,0.00550799997112768,-0.00776013925516317,0.00933710572618243
-0.0359778956130512,-0.193602017607379,-0.0660642720214413,-0.324965043376061,0.00548896167066474,-0.0077531611925093,0.00930393551751422
-0.032956624832145,-0.190732716793602,-0.0661312586041548,-0.32458265657262,0.00547021613255967,-0.00774569468155389,0.00926930765092317
-0.0298684843231154,-0.18781176200698,-0.0661995890945282,-0.324185403526856,0.0054517801825203,-0.00773771147948591,0.00923315800615145
-0.0267108901332101,-0.184837363692418,-0.0662693151401794,-0.323772688783851,0.00543367182129319,-0.00772918154921776,0.00919541915217519
-0.02348115583316,-0.181807677922005,-0.066340490422737,-0.323343890683657,0.00541591027495205,-0.00772007294456514,0.00915602017953866
-0.0201764880472496,-0.178720804709778,-0.0664131707564566,-0.322898360394974,0.00539851604648331,-0.0077103516883584,0.00911488652456451
-0.0167939818112325,-0.175574786310946,-0.0664874141920926,-0.322435420931715,0.00538151096846466,-0.00769998164312741,0.00907193978514097
-0.0133306157582259,-0.172367605508611,-0.0665632811261678,-0.321954366155141,0.0053649182567046,-0.00768892437401306,0.00902709752787015
-0.00978324713141926,-0.169097183894798,-0.0666408344160633,-0.321454459764259,0.00534876256468059,-0.00767713900356183,0.00898027308636909
-0.00614860661858205,-0.165761380149821,-0.0667201395011958,-0.320934934276992,0.00533307003861986,-0.0076645820580448,0.00893137535047205
-0.00242329300408045,-0.162357988316369,-0.0668012645308499,-0.320394990004757,0.00531786837293239,-0.00765120730495611,0.00888030854611048
0.0013962323578475,-0.158884736082246,-0.0668842804988794,-0.319833794024479,0.00530318686595254,-0.00763696558138005,0.00882697200577081
0.00531365125125355,-0.15533928307197,-0.0669692613859482,-0.319250479151323,0.00528905647552888,-0.00762180461291515,0.00877125992937972
0.00933279448759375,-0.151719219153766,-0.0670562843096423,-0.318644142915797,0.00527550987437815,-0.00760566882287724,0.00871306113553903
0.0134576479768757,-0.148022062765557,-0.0671454296831421,-0.318013846548793,0.00526258150486273,-0.00758849913153048,0.00865225880305146
0.0176923589760859,-0.144245259268554,-0.0672367813830272,-0.317358613978762,0.00525030763292812,-0.00757023274515596,0.00858873020280971
0.0220412425138584,-0.140386179331392,-0.0673304269267666,-0.316677430844462,0.00523872640099191,-0.00755080293480551,0.00852234642013251
0.0265087879890948,-0.136442117349924,-0.0674264576608302,-0.315969243526406,0.00522787787945242,-0.00753013880465655,0.00845297206771438
0.0310996659346895,-0.132410289915458,-0.0675249689600559,-0.315232958200581,0.00521780411667316,-0.00750816504998242,0.0083804649895387
0.0358187349428824,-0.128287834329204,-0.0676260604391962,-0.314467439916238,0.00520854918723422,-0.00748480170482963,0.00830467595613073
0.0406710487475974,-0.124071807172011,-0.0677298361777521,-0.313671511698471,0.00520015923837125,-0.00745996387959493,0.00822544835164729
0.045661863459552,-0.119759182929286,-0.0678364049592426,-0.312843953674595,0.00519268253456236,-0.00743356148882089,0.00814261785343417
0.0507966449359518,-0.115346852683435,-0.0679458805259935,-0.311983502223549,0.00518616950038672,-0.00740549896974727,0.00805601210506729
0.0560810762806128,-0.110831622875052,-0.0680583818509145,-0.311088849142556,0.00518067276202897,-0.00737567499225444,0.00796545038385961
0.0615210654737726,-0.106210214127107,-0.0681740334280315,-0.310158640821463,0.00517624718785493,-0.00734398216100773,0.00787074326396443
0.0671227531068722,-0.101479260144855,-0.0682929655835484,-0.309191477414936,0.00517294992876012,-0.00731030671096581,0.00777169227687412
0.072892520219536,-0.0966353066857847,-0.0684153148092481,-0.30818591199409,0.00517084045970523,-0.00727452819755547,0.00766808957103911
0.0788369962443411,-0.0916748105863219,-0.0685412241213585,-0.307140449651551,0.00516998062362401,-0.00723651918303679,0.00755971757252451
0.0849630670308086,-0.0865941388547888,-0.0686708434469259,-0.306053546532385,0.00517043468007374,-0.0071961449211161,0.00744634864962801
0.0912778829522684,-0.081389567818351,-0.0688043300412953,-0.304923608749135,0.00517226936117113,-0.0071532630420352,0.0073277447842971
0.0977888671009263,-0.0760572823034693,-0.0689418489405056,-0.303748991128455,0.00517555393831333,-0.00710772324074639,0.0072036572536923
0.104503723559444,-0.0705933748480898,-0.0690835734527657,-0.302527995727553,0.00518036030404143,-0.00705936697134722,0.00707382632620516
0.111430445764987,-0.0649938449171913,-0.0692296856943831,-0.30125887003961,0.00518676307441004,-0.00700802715126178,0.00693798097648263
0.118577324978438,-0.0592545981000376,-0.0693803771762057,-0.299939804791252,0.00519483971853105,-0.00695352787922095,0.00679583862494486
0.125952958882125,-0.0533714452605732,-0.0695358494478087,-0.29856893121418,0.00520467072337432,-0.00689568417162606,0.00664710490810851
0.133566260329438,-0.0473401016134685,-0.0696963148078551,-0.297144317651481,0.00521633980349709,-0.00683430172254994,0.00649147348723422
0.141426466299723,-0.0411561856825703,-0.0698619970911075,-0.295663965328838,0.00522993416732406,-0.00676917669314733,0.00632862590362806
0.149543137263477,-0.0348152075344428,-0.0700331336921885,-0.294125807109624,0.00524554508847598,-0.00670009548938912,0.00615823149473878
0.157926195503536,-0.0283125980219682,-0.0702099732144331,-0.292527689305283,0.0052632676402098,-0.00662683477062034,0.0059799473606014
0.166585907102398,-0.0216436773753435,-0.0703927798014607,-0.290867374921678,0.00528320189646276,-0.00654916123218669,0.00579341843796375
0.17553290156734,-0.0148036628646023,-0.070581833335706,-0.289142530098565,0.00530545336591543,-0.00646683163131241,0.00559827765410008
0.184778183025421,-0.00778766647555405,-0.070777430852127,-0.287350712019558,0.00533013379623252,-0.00637959283909116,0.00539414620014825
0.194333142250586,-0.00059069217635615,-0.0709798881532979,-0.285489354238079,0.00535736215601201,-0.00628718197532057,0.00518063394087295
0.204209569704514,0.00679236727124689,-0.0711895416647645,-0.283555748982855,0.00538726582444016,-0.0061893266395713,0.00495733998583837
0.214419669794227,0.0143667339990303,-0.0714067505785239,-0.281547025966229,0.00541998202147103,-0.00608574525393124,0.00472385345142877
0.224976076567443,0.0221377492429961,-0.0716318993429862,-0.279460127184296,0.00545565951344332,-0.00597614753546058,0.00447975444852018
0.235891871051985,0.030110878072392,-0.0718654005704846,-0.277291777179185,0.00549446063016176,-0.00586023511999179,0.0042246153377058
0.247180600475413,0.0382917146277075,-0.0721076984504625,-0.275038448220896,0.00553656362964042,-0.00573770236292498,0.00395800230117529
0.258856299601624,0.0466859878423147,-0.0723592727764504,-0.272696319880582,0.00558216544467893,-0.00560823734807617,0.00367947728951578
0.270933514322855,0.0552995675390017,-0.0726206437185276,-0.270261232532509,0.00563148484023399,-0.00547152314355831,0.00338860041472782
0.28342732761426,0.0641384707807334,-0.0728923775032261,-0.267728634417528,0.00568476600201067,-0.00532723935273265,0.00308493287399123
0.296353387856755,0.0732088683050617,-0.0731750931995514,-0.265093522070174,0.00574228256227205,-0.00517506402031505,0.00276804050564867
0.309727939274884,0.0825170907545923,-0.0734694708510967,-0.262350374192912,0.00580434204688854,-0.00501467597034047,0.00243749810196828
0.323567854027921,0.0920696343756555,-0.0737762612469934,-0.259493079439469,0.00587129069627115,-0.00484575767199523,0.00209289462780059
0.337890665131254,0.101873165775209,-0.0740962976845319,-0.256514859118492,0.0059435185683261,-0.0046679987540207,0.00173383952549226
0.352714598721625,0.111934525124673,-0.0744305101418386,-0.253408186622452,0.00602146476921232,-0.00448110032063551,0.00135997032843196
0.368058603553845,0.122260727139237,-0.074779942357098,-0.250164706406106,0.00610562257471049,-0.00428478025746791,0.0009709618502168
0.383942374583683,0.132858958963437,-0.0751457723896363,-0.246775156737298,0.0061965440927653,-0.00407877975929659,0.000566537274744797
0.400386366093284,0.143736573840384,-0.0755293373146075,-0.243229302285308,0.00629484397043052,-0.00386287136005365,0.000146481543395403
0.41741178794726,0.154901079096575,-0.0759321627649373,-0.23951588500378,0.0064012014561623,-0.0036368687970572,-0.000289342478985738
0.435040576213927,0.166360116579941,-0.0763559980661202,-0.235622604796635,0.00651635988324431,-0.00340063908909297,-0.000740974478456265
0.453295326300672,0.178121433116885,-0.0768028576779481,-0.23153614526181,0.00664112233072553,-0.00315411724404995,-0.00120833310915972
0.47219917248922,0.19019283755026,-0.0772750695106397,-0.227242264550112,0.00677634183433667,-0.00289732402539089,-0.00169118751419567
0.491775592766985,0.20258213978718,-0.077775330366844,-0.222725976967282,0.00692290405940553,-0.00263038716685956,-0.00218912296242851
0.512048111436432,0.215297065507621,-0.0783067681638495,-0.217971857446761,0.0070816998100364,-0.00235356630536357,-0.00270149944946344
0.533039864013344,0.228345137557955,-0.0788730095744781,-0.212964508194517,0.00725358415034071,-0.00206728165664748,-0.00322740194229394
0.55477297986679,0.241733511601763,-0.0794782501175439,-0.207689233989258,0.00743931830026598,-0.00177214601856557,-0.00376558080561338
0.577267727958216,0.255468748857906,-0.0801273212927075,-0.202132978784231,0.00763948992368194,-0.00146899897664095,-0.00431438086217513
0.600541361041554,0.269556502663333,-0.0808257458337481,-0.196285579458112,0.00785440710234939,-0.00115894110912754,-0.00487165757515965
0.624606585217048,0.284001087868652,-0.0815797672779804,-0.190141389882173,0.00808396142669729,-0.000843364452818245,-0.00543467908031764
0.649469578336653,0.298804893292474,-0.0823963336625566,-0.183701315327457,0.00832745660779503,-0.000523973417289239,-0.00600001338548003
0.675127487314967,0.313967588549033,-0.0832830073377982,-0.176975267443869,0.00858340134605299,-0.000202787724393278,-0.006563401179353
0.701565358162422,0.329485069674941,-0.0842477642395456,-0.169984995769006,0.00884926955888159,0.000117884048627717,-0.00711961658903706
0.728752503774955,0.345348087327057,-0.0852986380253634,-0.162767164202453,0.00912123824561516,0.000435514719557508,-0.00766232118191893
0.756638403925857,0.361540512760606,-0.0864431601833403,-0.155376413124121,0.0093939239288267,0.000747489058694284,-0.00818392075975985
0.785148371644381,0.378037230014711,-0.0876875514849032,-0.147887978180494,0.00966015299250995,0.00105131106993077,-0.00867544018541705
0.814179413590323,0.394801707361895,-0.0890356398274997,-0.140399237322702,0.00991081845461175,0.00134490013441381,-0.00912643836106988
0.843596947643727,0.41178340536309,-0.0904875226199106,-0.133029363100358,0.010134892928827,0.00162697738846868,-0.00952499267296167
0.873233279632509,0.428915322507287,-0.0920380648213628,-0.125916133784832,0.0103196790815334,0.00189752449255359,-0.00985778793943739
0.902888904412601,0.446112143502091,-0.0936754260776475,-0.119209004714226,0.0104513759748541,0.00215826901715011,-0.0101103462508447
0.932337660372113,0.463269589345971,-0.0953799269121085,-0.113057879800887,0.0105160115902551,0.00241311729075933,-0.0102674273310604
0.961336386274465,0.480265590235826,-0.0971236580530823,-0.107597746914496,0.0105007298462168,0.00266842528808972,-0.0103136107537779
0.989638901069796,0.496963718666238,-0.0988712514021898,-0.102930446661081,0.0103953245276381,0.00293298496329278,-0.0102340404349393
1.01701286714403,0.513218868849023,-0.10058210329201,-0.0991061560226611,0.0101937987199839,0.0032176233163592,-0.0100152719587827
1.04325664606415,0.528884498760845,-0.102214038552288,-0.0961083036893322,0.0098956316752989,0.00353437488485476,-0.00964612459463338
1.0682120860486,0.543820066071012,-0.103727967976949,-0.093846083623035,0.00950640198053002,0.003895290373071,-0.00911841757872352
1.09176887157774,0.557896912049606,-0.105092654769939,-0.0921580696246535,0.0090374838454467,0.00431105821144678,-0.00842747948318903
1.1138570420585,0.571001072183108,-0.106288456972841,-0.0908285695816303,0.00850470525450813,0.00478969794948641,-0.0075723672338688
1.13442652508325,0.583032369412156,-0.107309005360207,-0.0896156959982767,0.00792608849498804,0.00533558955969542,-0.00655581023750716
1.15341548398774,0.593900371774221,-0.108160226305284,-0.0882874386081742,0.00731900885421126,0.00594900723050802,-0.00538398474414675
1.17071212781928,0.603518804552476,-0.108856776754651,-0.0866600569915682,0.00669723736340594,0.00662614174794657,-0.00406630029510053
1.1861167402284,0.611800209512766,-0.109416580218568,-0.0846321480794466,0.00606835983007169,0.00735936573212772,-0.00261543069330695
1.19931200304945,0.618651639511633,-0.109854532306026,-0.0822073367849936,0.00543203715255791,0.00813728049308592,-0.00104785079716678
1.20985077391753,0.623969769725103,-0.110176510129359,-0.0794975945409276,0.00477959447752892,0.00894394854859264,0.00061483647014563
1.21717195040185,0.627629932414108,-0.110374643129506,-0.0766964779419058,0.00409561039766571,0.00975675396338691,0.00234347281743999
1.22065640783267,0.629458570721686,-0.110424528073576,-0.074006916452697,0.00336255320245623,0.0105427178146144,0.00409750852255103
1.2197324838503,0.629174490548204,-0.110284813347466,-0.07150502162809,0.00256984309610034,0.0112541472083912,0.00581959816488762
1.21402456156159,0.626287836982811,-0.109899354273007,-0.0689314076144055,0.00172815600258464,0.0118265948309211,0.00742906821525389
1.20349488736307,0.619971824553622,-0.109201978775525,-0.0654480284506628,0.000886567311045798,0.0121850619408904,0.00881631511194127
1.18845710895491,0.608987590419028,-0.10812421186247,-0.0595026386894299,0.000142618930144844,0.0122657413923233,0.00984331262058723
1.16929993943266,0.591825100712173,-0.106607612037144,-0.0490595582686279,-0.000373099736988064,0.0120541261364805,0.0103585780860454
1.14589503758692,0.567192606807922,-0.104622317470751,-0.0323820755188256,-0.000550892779032732,0.0116212031060869,0.0102318254552565
1.11702341480597,0.534677885757613,-0.102185449326257,-0.0090680655372682,-0.000373198429520068,0.0111217662330824,0.00939706164243871
1.08036016597699,0.495015080370396,-0.0993610926047231,0.0195132601862053,5.50561672754126e-05,0.010736901600592,0.0078747367445715
1.03312557073897,0.449551112353008,-0.0962315297904054,0.0509510246648983,0.000553268468230136,0.010594371440596,0.00575476301647563
0.972846770669769,0.399224857473464,-0.0928561702899208,0.0831922909975112,0.000955295943263365,0.0107189220676348,0.00315954149729293
0.897628486948876,0.343721454672504,-0.0892329488515413,0.115616847227603,0.00118072759849409,0.0110208698520269,0.000222876508099569
0.805728785951618,0.281172575903975,-0.0852298819121989,0.149217441765752,0.00125510968173651,0.0112873027333658,-0.00289310573797454
0.694350811308875,0.208720529604108,-0.0804217885023736,0.185557615483996,0.0012660405263896,0.011155675933854,-0.00593396878311265
0.557781026904119,0.125025799244622,-0.073918755397333,0.223814793415023,0.00123189719953795,0.0101606728066359,-0.00845012851275229
0.387662560105768,0.0352141771752419,-0.0648108938620323,0.256894069343114,0.000960087909443995,0.00810227740688227,-0.00974900833618253
0.181595358595239,-0.0483541783623597,-0.0537438589672762,0.274415441690475,0.000238027518780465,0.00562695814330893,-0.00915443879538554
-0.0470645762219526,-0.117611138997786,-0.0433129654000107,0.275326261560422,-0.000724960538251577,0.00387471660102627,-0.00656650215983486
-0.27899047279051,-0.175138679647287,-0.0353543459963518,0.267788381632803,-0.00153299485238444,0.00318064421909877,-0.00254500361630979
-0.504219652002458,-0.222855000758385,-0.0295102240504064,0.254457577218865,-0.00220971966568962,0.00278942377151551,0.00213077017495259
-0.721941166482487,-0.256754332149781,-0.024657512824024,0.231299468360846,-0.00313933016078788,0.00141034847546447,0.00657534369064098
-0.929833373849393,-0.277768722917983,-0.0205190152249342,0.202696815131119,-0.00439843120804473,-0.00207883925471356,0.00952914648180836
-1.10767576375617,-0.297446839415228,-0.0178811967232714,0.185041812189973,-0.00531159693947641,-0.00701801498375248,0.00958287381484986
-1.23026885047224,-0.316123704841838,-0.0166293122790627,0.176612835398008,-0.00545184326426458,-0.0107962063438798,0.00653169015364987
-1.29921239772657,-0.320574842069912,-0.0158488344528249,0.159795865479825,-0.00530242221191633,-0.0122527922839939,0.00154123336705235
-1.32927776253942,-0.308217054945644,-0.0151697398092573,0.133342574124746,-0.00481405801519701,-0.0124375111458875,-0.00392857271904262
-1.32780784495936,-0.280217173493645,-0.0145832265690763,0.101829374171969,-0.003555110987517,-0.0127820156509744,-0.00829166927544871
-1.28612491511549,-0.225272039190411,-0.0143413665923978,0.0515552107463602,-0.00247144571475784,-0.0137318073007468,-0.00986100061965784
-1.19235158971662,-0.14229789182666,-0.0145875769786716,-0.0271499295445367,-0.00289086591758311,-0.0139265593563599,-0.00792424386582584
-1.0559099568212,-0.0537829078049806,-0.015113167061569,-0.113947695701223,-0.00416007263260628,-0.0123993377962209,-0.0035927616733253
-0.892453966171393,0.0279012226608481,-0.0159500207340443,-0.193196135368363,-0.00551101537923633,-0.0098879193464794,0.00150213719611857
-0.707446682835184,0.102892544043059,-0.0174079706026454,-0.264660059631466,-0.00702991551164581,-0.00731354115144714,0.00605527490676126
-0.502022824673749,0.163880518578123,-0.0196598551142518,-0.323522116530926,-0.00827184217086291,-0.00518850470839971,0.0089722754841702
-0.286003524847604,0.196807189647066,-0.0225969002554305,-0.357216591564539,-0.00809536058777817,-0.00341297202544382,0.00946918881414432
-0.0770072819555481,0.201892278184583,-0.0258563891491601,-0.364569936711142,-0.00635211465339742,-0.00141214259453524,0.00764308110524908
0.11525970156364,0.192378671874548,-0.0292132426536051,-0.35759078043304,-0.00406540977752807,0.000993026090686155,0.00436858314753038
0.289630407420716,0.176191572838942,-0.0327742894704907,-0.344458777910854,-0.00194597200725758,0.00351478815518564,0.000550974402790606
0.446003767864963,0.153638041966277,-0.0367118087617194,-0.325913633630218,-5.76616284986677e-05,0.00584177465805561,-0.00318635944928332
0.584181924193403,0.12397861034119,-0.0411446796598313,-0.301513961609619,0.00167300052285758,0.00773805799104232,-0.00643138114460282
0.704972109433956,0.0893243199764735,-0.0461119950240978,-0.273768198966988,0.00311782330837278,0.00903798125821834,-0.00887206448547802
0.810033977628457,0.0546501857024219,-0.0514177634310608,-0.247775045765031,0.0039820898863648,0.00974192170105464,-0.0102695833792537
0.901007221350599,0.0249303348898946,-0.0565701803878151,-0.227755395864622,0.00408341904917347,0.0100709516944694,-0.0105275164070014
0.979003291523353,0.00193512440673416,-0.0610699686806028,-0.214026149348252,0.00355694911646116,0.0103365481953873,-0.00975970889903893
1.04473858232148,-0.0160036798364768,-0.0647523837668182,-0.203651960559335,0.00274977080436136,0.0107431120727816,-0.00824172441121377
1.09892743666237,-0.0315955002176301,-0.0677761802240327,-0.193413305453047,0.0019704318149108,0.0113262954351063,-0.00628326326483138
1.14254598272251,-0.0466222978617502,-0.0703909220255706,-0.181675947584074,0.00136519481943441,0.012022459202712,-0.0041372406561641
1.17684615990012,-0.0616197048369305,-0.0727789825766455,-0.168356029531063,0.000945413693119401,0.012748014375011,-0.00197743743483286
1.20319623375465,-0.0764034356278287,-0.0750255105921956,-0.154121031160347,0.000659870283003511,0.0134349627223837,8.82317484118086e-05
1.2228877734405,-0.0905981347989908,-0.0771428420529467,-0.139726190531518,0.000447704749694389,0.0140355292822852,0.00199740203235055
1.23700562273023,-0.103912714858252,-0.0790995526773702,-0.125696353604197,0.000262815112931038,0.0145173933416432,0.00371642084678342
1.24638498301232,-0.116216557468692,-0.0808422907911116,-0.112255053630415,7.97737537250041e-05,0.0148595392614959,0.00522879695898172
1.25163492369685,-0.127519415169037,-0.0823120145909856,-0.0993731035501854,-0.000108909503251685,0.0150505135990388,0.0065281640518228
1.25319633319767,-0.137921589172625,-0.0834567491799291,-0.0868570324709091,-0.000298470068773185,0.0150880542931816,0.00761445922517197
1.25140810875756,-0.147564803688272,-0.0842411535006379,-0.0744389459634114,-0.000477801496875517,0.0149788282041302,0.00849210244922924
1.24656485365266,-0.156594450327014,-0.08465230559931,-0.0618511552214218,-0.000634404357646273,0.0147375195404368,0.00916922503309377
1.23895746924869,-0.165135421935725,-0.0847012778186946,-0.048878741103466,-0.000757881022398328,0.014385067405815,0.00965727916337071
1.22889418272164,-0.173280316325945,-0.0844207579432984,-0.0353883813762753,-0.000841879388365888,0.0139462669333677,0.0099706233986192
1.21670428488466,-0.181087498195511,-0.0838597274377165,-0.021335553659848,-0.000884640677720295,0.0134471620143113,0.0101259071341482
1.2027295383118,-0.188585607712497,-0.0830766406775218,-0.00675513896701009,-0.000888520861153681,0.0129126910645847,0.010141256092476
1.18730935116448,-0.195781430868798,-0.082132598951359,0.00825805349192367,-0.00085891265756421,0.0123649147079372,0.0100353644498905
1.17076526654765,-0.202668391153962,-0.0810856636953572,0.0235723367573442,-0.000802976834697153,0.011821964268981,0.00982663262890136
1.15338834218778,-0.209233981463111,-0.0799868969823371,0.0390408108911474,-0.000728475913471448,0.0112976729681165,0.00953245998285799
1.13543119905641,-0.215465268903561,-0.0788782195752859,0.0545186436522579,-0.00064287494736381,0.0108017365871822,0.00916874999879086
1.11710483915567,-0.221352351803567,-0.0777918127603823,0.0698749015444395,-0.000552755888376344,0.0103402111396662,0.00874963234955887
1.09857936623103,-0.226890068758265,-0.0767506264984078,0.0849992261432127,-0.000463516079128375,0.00991617094620915,0.00828737021543916
1.07998736967182,-0.232078430449568,-0.0757695456724384,0.0998043771167557,-0.000379285053611098,0.00953039460162238,0.00779240499972524
1.06142877254576,-0.236922243979309,-0.0748568444960831,0.114225877255324,-0.000302986964903472,0.00918199574235875,0.00727348958721457
1.04297619429321,-0.241430311762587,-0.0740156686932198,0.12821989180938,-0.000236485628256517,0.00886895719299032,0.00673786901346417
1.02468018271543,-0.245614474986534,-0.0732453887700215,0.141760229552039,-0.000180765070515051,0.00858855639534073,0.00619147821824362
1.00657394075926,-0.249488670063485,-0.0725427486168501,0.154835083650232,-0.000136114345419407,0.00833768761592355,0.00563913692965956
0.988677377860592,-0.253068088755387,-0.071902788582344,0.167443896816268,-0.000102298341862976,0.00811309509507436,0.00508473008573533
0.971000451267249,-0.256368479850866,-0.0713195547505708,0.179594558359928,-7.87056639463908e-05,0.00791153412207108,0.00453136820054749
0.953545841587947,-0.25940559818169,-0.0707866223597896,0.191301020156865,-6.44707635597475e-05,0.00772987649729608,0.00398152598365886
0.936311045510919,-0.262194789426418,-0.0702974668592731,0.202581343306751,-5.85711076597162e-05,0.00756517472826098,0.00343715983863578
0.919289981582049,-0.264750691441324,-0.069845715469453,0.21345614502971,-5.99020226822277e-05,0.00741469666720766,0.00289980608924546
0.902474202306276,-0.267087030985901,-0.0694253083595083,0.223947395661653,-6.73326016349604e-05,0.0072759397089106,0.00237066228257882
0.885853795775963,-0.269216495867182,-0.0690305936492363,0.234077509548907,-7.97461436813479e-05,0.00714663140513565,0.00185065400443605
0.869418047421664,-0.271150665031886,-0.0686563754874247,0.243868675168926,-9.60683283366384e-05,0.00702472150384708,0.00134048951249512
0.853155919233538,-0.272899982124042,-0.0682979299855468,0.253342375525083,-0.000115285901782432,0.00690836897122702,0.000840704243429028
0.837056391934179,-0.27447376088603,-0.0679510000314319,0.262519056962235,-0.000136458186317883,0.00679592645823342,0.00035169697279588
0.821108705588278,-0.275880213293615,-0.0676117769953249,0.271417911717878,-0.000158723277861351,0.0066859238655162,-0.000126240861937304
0.805302525511867,-0.277126493471979,-0.0672768749946372,0.28005674639475,-0.00018130040111401,0.00657705207471993,-0.000592901423763269
0.789628053811023,-0.278218752138016,-0.0669433016175308,0.288451914307598,-0.00020348955742754,0.00646814750253664,-0.00104814128785401
0.774076101717525,-0.279162197670844,-0.066608427701626,0.296618294532133,-0.000224669326254067,0.00635817784839741,-0.00149186595249078
0.758638133830753,-0.279961160967923,-0.0662699578174778,0.304569304518176,-0.000244293462247727,0.006246229212966,-0.00192401735778146
0.7433062924322,-0.280619162044452,-0.0659259024412342,0.312316936277588,-0.000261886758367703,0.00613149463789544,-0.00234456384801072
0.728073407596607,-0.281138976945117,-0.0655745523332667,0.319871808761811,-0.000277040513251397,0.00601326403525555,-0.00275349212482207
0.712932997397758,-0.281522703976262,-0.0652144553327441,0.327243230862919,-0.000289407840170949,0.00589091542818509,-0.00315080081807726
0.697879261087427,-0.28177182860812,-0.0648443955708285,0.33443927106642,-0.000298698979621507,0.00576390739607227,-0.00353649537704906
0.682907067205961,-0.281887286633308,-0.0644633749758423,0.341466830928694,-0.000304676721756793,0.00563177260491816,-0.00391058404214245
0.668011938030398,-0.281869525336157,-0.0640705968726567,0.348331720358045,-0.000307152003889027,0.00549411230100709,-0.00427307470090965
0.653190031250776,-0.281718562543472,-0.0636654514386081,0.355038733340107,-0.000305979719142427,0.00535059164826151,-0.00462397247092214
0.638438119452901,-0.281434043509225,-0.0632475027656941,0.361591723207568,-0.000301054751667081,0.00520093579564926,-0.00496327788183701
0.623753567661594,-0.281015295628685,-0.0628164772772462,0.367993676933394,-0.000292308239714348,0.00504492656771836,-0.00529098555551572
0.609134309195598,-0.280461381007039,-0.0623722532633288,0.374246788095857,-0.000279704058573276,0.00488239968109331,-0.00560708329902896
0.594578819802189,-0.279771146908961,-0.0619148513109132,0.380352528405374,-0.000263235509466095,0.00471324239624039,-0.00591155154515991
0.58008609004014,-0.278943274114856,-0.0614444254266116,0.386311717759234,-0.000242922197303388,0.00453739152234907,-0.00620436308598584
0.565655595953045,-0.277976323198646,-0.0609612546744536,0.392124592805936,-0.000218807078909513,0.00435483170184881,-0.00648548305274522
0.551287267887102,-0.276868778715812,-0.0604657351673187,0.39779087410593,-0.000190953663099657,0.00416559390604051,-0.00675486910688613
0.536981457447065,-0.275619091276218,-0.0599583722762113,0.403309831923467,-0.000159443345124562,0.00396975408119164,-0.00701247181045933
0.522738902524653,-0.274225717443929,-0.0594397729397046,0.408680350702769,-0.000124372859339732,0.00376743188933807,-0.00725823515029369
0.508560690363523,-0.272687157381379,-0.0589106379753891,0.413900992253928,-8.5851836017951e-05,0.00355878949345488,-0.00749209719385135
0.494448218706145,-0.271001990132686,-0.0583717543158358,0.41897005762025,-4.40004505019869e-05,0.00334403034234262,-0.00771399085640377
0.480403155054221,-0.269168906413686,-0.0578239871078553,0.423885647579138,1.05284473060369e-06,0.00312339791472607,-0.00792384476205127
0.466427394204155,-0.267186738764935,-0.0572682716340841,0.428645721653814,4.91735117810241e-05,0.00289717438812186,-0.00812158418104371
0.452523014163586,-0.265054488897705,-0.0567056050289788,0.433248155506236,0.000100223047280474,0.00266567920118035,-0.00830713202835394
0.438692230651073,-0.262771352053784,-0.0561370377786019,0.437690796520998,0.000154061032413833,0.00242926748365401,-0.00848040990817372
0.424937350443905,-0.260336738198174,-0.0555636650092988,0.441971517344567,0.000210547112530947,0.00218832833312343,-0.00864133918900592
0.41126072385894,-0.257750289856863,-0.0549866175832974,0.446088267119252,0.000269542903571778,0.00194328292212285,-0.00878984209461391
0.397664696731753,-0.255011896426554,-0.0544070530342889,0.450039120110488,0.000330913820552119,0.00169458242484625,-0.00892584279564785
0.384151562260584,-0.252121704787952,-0.053826146386184,0.453822321417388,0.000394530821508949,0.00144270575703881,-0.00904926848737744
0.370723513154604,-0.249080126080569,-0.0532450809109063,0.457436329431874,0.000460272058749412,0.00118815712842085,-0.00916005043866523
0.357382594539069,-0.245887838521275,-0.0526650388900901,0.460879854713723,0.000528024427916225,0.000931463411806307,-0.00925812499786659
0.34413065803872,-0.242545786168016,-0.052087192450698,0.464151894967178,0.000597685004804595,0.000673171337036015,-0.00934343454211041
0.330969317548065,-0.239055173581148,-0.0515126945544979,0.467251765800204,0.000669162358750883,0.000413844524033746,-0.00941592835644329
0.31789990719208,-0.23541745637992,-0.0509426702250677,0.470179126976,0.000742377731243507,0.000154060373677289,-0.00947556343034868
0.304923441907076,-0.23163432771615,-0.0503782080952816,0.472934003917983,0.000817266068710578,-0.000105593161982507,-0.00952230516075027
0.292040581113662,-0.227707700751396,-0.0498203523615195,0.47551680425712,0.000893776898560214,-0.000364520903891844,-0.00955612795149025
0.279251595884673,-0.223639687258121,-0.0492700952269679,0.47792832927058,0.000971875038296505,-0.000622123836032685,-0.00957701570104838
0.266556340033526,-0.219432572532918,-0.0487283699151141,0.480169780105725,0.00105154112829791,-0.000877802529259851,-0.00958496217190294
0.253954225417279,-0.215088786828187,-0.048196044325635,0.482242758761461,0.00113277198033647,-0.00113096056696515,-0.00957997123702582
0.241444201728796,-0.210610873559301,-0.0476739153985024,0.484149263854997,0.00121558073510692,-0.00138100793907068,-0.00956205700088638
0.229024741047083,-0.206001454601575,-0.0471627042458369,0.485891681257337,0.00129999682319319,-0.00162736436975111,-0.00953124379439633
0.216693827277103,-0.201263192998646,-0.046663052097611,0.487472769758391,0.00138606572577869,-0.00186946254657606,-0.00948756604548786
0.204448950571286,-0.196398753437907,-0.0461755170975465,0.488895641976764,0.00147384853280382,-0.00210675121980776,-0.00943106802894621
0.192287106753352,-0.191410760864884,-0.0457005719735666,0.490163740785111,0.00156342129763502,-0.0023386981430187,-0.00936180350106208
0.180204801745447,-0.186301757638614,-0.0452386025971228,0.491280811566109,0.0016548741884493,-0.00256479282835841,-0.00927983522675169
0.168198060877178,-0.18107415961099,-0.0447899074315336,0.492250870662798,0.00174831043779815,-0.00278454909461152,-0.00918523440819811
0.156262442939643,-0.175730211525737,-0.0443546978594689,0.493078170414801,0.00184384509260342,-0.00299750738954445,-0.00907808002573607
0.144393058799494,-0.170271942124349,-0.0439330993692693,0.493767161194841,0.00194160356717833,-0.00320323687253944,-0.0089584581029153
0.132584594346558,-0.164701119334187,-0.0435251535697801,0.494322450874543,0.00204172000214509,-0.0034013372483788,-0.00882646090881397
0.120831337489811,-0.159019205880565,-0.0431308209944575,0.494748762151859,0.00214433543223238,-0.00359144034844182,-0.00868218611097599
0.109127208967013,-0.153227315676151,-0.042749984650262,0.49505088816367,0.00224959576474905,-0.00377321145940323,-0.00852573589378717
0.0974657966886506,-0.147326171304368,-0.0423824542606698,0.495233646793917,0.00235764957008156,-0.00394635040515984,-0.00835721605704392
0.0858403932812187,-0.141316062862291,-0.0420279711461089,0.49530183406619,0.00246864568467233,-0.00411059239344128,-0.00817673510894207
0.0742440366020815,-0.135196808449628,-0.0416862136860661,0.495260176974682,0.00258273062481919,-0.00426570864163092,-0.00798440336876133
0.0626695529914122,-0.128967716564228,-0.0413568033053771,0.495113286074597,0.00270004580791577,-0.00441150680135105,-0.00778033209434349
0.0511096030351351,-0.122627550634988,-0.0410393109273187,0.494865608111994,0.00282072457611443,-0.00454783120584172,-0.00756463264892401
0.0395567296629074,-0.116174495922568,-0.0407332638385799,0.494521378929418,0.00294488901512108,-0.00467456296792165,-0.00733741572197263
0.0280034084495336,-0.109606129015352,-0.040438152914684,0.494084576837613,0.00307264655878594,-0.00479161995993706,-0.00709879061852292
0.0164421000383798,-0.102919390153891,-0.0401534401586568,0.493558876598543,0.00320408636808124,-0.00489895671058412,-0.00684886463160164
0.00486530465791045,-0.0961105586343208,-0.0398785665113377,0.492947604119953,0.00333927547128326,-0.00499656425670794,-0.00658774251247173
-0.00673438126114637,-0.0891752315515398,-0.0396129598970148,0.492253691919369,0.003478254650805,-0.00508446999150274,-0.00631552605347949
-0.0183642062190335,-0.0821083062349102,-0.0393560434766621,0.491479635382692,0.00362103406027126,-0.00516273755295025,-0.00603231380101853
-0.0300312024640517,-0.0749039666933392,-0.0391072440847331,0.49062744980354,0.00376758855661112,-0.00523146680063659,-0.00573820091419167
-0.0417421222993661,-0.0675556744913344,-0.0388660008338918,0.489698628169128,0.0039178527317885,-0.00529079393163174,-0.00543327918809467
-0.0535033716233978,-0.0600561645617362,-0.0386317738799021,0.488694099644278,0.00407171563034168,-0.00534089178949414,-0.00511763726321473
-0.0653209404984926,-0.0523974464876918,-0.0384040533431356,0.487614188696106,0.00422901514335273,-0.00538197042479195,-0.00479136104320793
-0.07720033044051,-0.0445708119285661,-0.0381823683916746,0.486458574817295,0.00438953207362228,-0.0054142779691334,-0.00445453434880887
-0.0891464782097118,-0.0365668489069138,-0.0379662964948903,0.485226252824971,0.00455298387558463,-0.00543810188962772,-0.00410723983754311
-0.101163675838214,-0.0283754638163186,-0.0377554728629967,0.483915493765346,0.00471901808279412,-0.00545377069537014,-0.00374956022597841
-0.113255486656061,-0.0199859121388847,-0.0375496000930638,0.482523806530173,0.00488720544920648,-0.00546165617299808,-0.00338157985840175
-0.125424657326452,-0.0113868388556405,-0.0373484580434421,0.481047900377592,0.00505703285014425,-0.00546217623423622,-0.00300338666865121
-0.137673025925888,-0.0025663297042871,-0.037151913963371,0.479483648702036,0.00522789600960383,-0.00545579846369366,-0.00261507459385881
-0.150001426285224,0.00648802546223832,-0.0369599329076442,0.477826054588248,0.00539909214802473,-0.00544304446068537,-0.00221674650981814
-0.162409599026702,0.0157890487341223,-0.0367725890407007,0.476069225193497,0.00556981264898975,-0.00542449525397015,-0.00180851796886516
-0.174896057609563,0.0253499050282322,-0.0365900749630854,0.474206323505172,0.00573913605639622,-0.00540079700235446,-0.00139052083246602
-0.187458021636009,0.0351839712252994,-0.0364127149420676,0.4722295665532,0.00590602134836737,-0.0053726688381455,-0.000962908929625818
-0.200091302477365,0.0453047188466911,-0.036240976176971,0.470130202070029,0.00606930202906324,-0.00534091121746853,-0.000525863845670085
-0.212790205033802,0.0557255697888682,-0.0360754810904526,0.467898502496651,0.00622768125349416,-0.00530641572398516,-7.96020186482968e-05
-0.225547436189119,0.0664597316465104,-0.0359170200608852,0.465523772312087,0.0063797284356993,-0.00527017622540281,0.000375616876720684
-0.238354024355217,0.0775200111843327,-0.03576656458903,0.46299437312558,0.00652387785604494,-0.00523330141969709,0.000839480039636395
-0.251199255774595,0.0889186044940614,-0.0356252808593045,0.460297772131961,0.00665842988839556,-0.0051970287570358,0.00131160989470095
-0.264070646131752,0.100666860890764,-0.0354945433536451,0.457420622941764,0.00678155577756494,-0.00516273922600594,0.00179155059297792
-0.276953900656092,0.112775023803553,-0.0353759496200299,0.454348877752182,0.00689130588709537,-0.00513197486087013,0.00227875129421894
-0.289832981001054,0.125251938650608,-0.035271333239663,0.451067959254653,0.00698562429597831,-0.00510645459626014,0.00277254786467167
-0.302690188562715,0.1381047293555,-0.0351827771983549,0.447562987845231,0.00706236908611266,-0.00508809182246418,0.00327214052229569
-0.315506329057119,0.151338437950452,-0.0351126254267416,0.443819085863924,0.00711934053792583,-0.00507901085895041,0.0037765679194488
-0.328260967011951,0.164955621290921,-0.0350634915270756,0.439821773240208,0.00715431854051355,-0.00508156146904786,0.00428467690971952
-0.340932790852903,0.178955897040107,-0.0350382627882911,0.435557471211445,0.00716511082597041,-0.00509832965761409,0.00479508741513335
-0.353500111044633,0.193335428347281,-0.035040096742027,0.431014130630117,0.00714961371305377,-0.00513214235016608,0.00530615179350225
-0.365941515187305,0.208086334376507,-0.0350724063914377,0.426181998985011,0.0071058870250203,-0.00518606275495691,0.00581590816477857
-0.378236703508049,0.223196011818755,-0.0351388288374254,0.421054534615281,0.00703224465152636,-0.00526337225938795,0.00632202729484052
-0.390367524414335,0.238646351276365,-0.0352431703538347,0.415629466204954,0.00692736175552431,-0.00536753363245893,0.00682175289231216
-0.40231922166998,0.254412833954181,-0.0353893191263598,0.409909978272649,0.00679039873824536,-0.00550212916891778,0.00731183563695401
-0.414081889256195,0.270463499179536,-0.0355811151004813,0.403905977042028,0.00662114058484721,-0.00567076636010706,0.00778846196775687
-0.425652104810016,0.286757784511043,-0.0358221651059041,0.397635353384432,0.00642014790436201,-0.0058769429649119,0.00824717971177608
-0.437034674706298,0.30324525974871,-0.0361155913140467,0.391125108936747,0.00618891263100305,-0.00612386337709241,0.00868282409509763
-0.448244370680734,0.319864305399423,-0.0364637030988077,0.384412148474913,0.00593000683152579,-0.00641419949996774,0.00908944955147886
-0.45930746975378,0.336540826703519,-0.0368675877375466,0.377543469571634,0.00564720740113778,-0.00674979267510061,0.00946027498686262
-0.470262829358876,0.353187143619563,-0.0373266254095961,0.370575409119706,0.00534557305090713,-0.00713129935537008,0.00978765250471639
-0.481162148820526,0.369701249485017,-0.0378379496367851,0.363571552441243,0.00503144390029588,-0.007557792825261,0.0100630715639942
-0.492069006803824,0.385966675040198,-0.0383958957443031,0.356598900025704,0.0047123299763231,-0.00802634651569683,0.0102772113281159
-0.503056251116265,0.401853210580996,-0.03899150530624,0.349721952411829,0.00439665563579366,-0.00853164042297395,0.010420052439279
-0.514201388869403,0.41721870428118,-0.0396121794015658,0.342994547033401,0.00409333551478669,-0.00906564831899161,0.0104810544130918
-0.525579813672021,0.431912045491276,-0.040241590271051,0.336449579473898,0.00381117688509535,-0.00961747538116221,0.0104493953779591
-0.537256023146256,0.445777244027126,-0.0408599598486607,0.330087149304633,0.00355813429722656,-0.0101734175858699,0.0103142570240374
-0.549273394706129,0.458658238840415,-0.0414447854345928,0.323862119908005,0.00334048268291639,-0.0107172997844749,0.0100651210659643
-0.56164351338913,0.470403748787652,-0.0419720331211874,0.317672452365174,0.00316201788272517,-0.0112311156027614,0.00969202791074078
-0.57433635054218,0.4808711818645,-0.0424177337321737,0.311349815671874,0.00302342854808457,-0.0116959419659218,0.00918573865070133
-0.587272629357647,0.489928416614412,-0.0427598204183051,0.304653768556102,0.00292200054523824,-0.0120930444599628,0.00853774319439364
-0.600319380204278,0.497452200297437,-0.0429799659749903,0.297270227384757,0.00285181046166129,-0.0124050437122574,0.00774007415825047
-0.613288968387155,0.503321940727098,-0.043065134496602,0.288814104128365,0.00280454673650206,-0.0126169966067692,0.00678492102433562
-0.625940819323307,0.507407672856753,-0.0430085667246738,0.27883519851511,0.00277108855570305,-0.0127172766054084,0.00566409963972357
-0.637983678256466,0.509550735083436,-0.0428099615035593,0.26682605679763,0.00274400968649471,-0.0126982321339438,0.00436854577519313
-0.649074193800709,0.509534871922885,-0.0424746632082175,0.252231020158454,0.0027212904137584,-0.0125567937241973,0.00288825149413182
-0.658803626738567,0.50704360109704,-0.0420116529457462,0.234457305857343,0.00271168603160693,-0.0122955722585886,0.00121366300122395
-0.666654936106052,0.501595694722665,-0.041429942578181,0.212889980003619,0.00274207468826111,-0.0119257025902535,-0.000659034143417954
-0.671889131963027,0.492441505047986,-0.0407323224846775,0.186901807036236,0.00286520192164039,-0.0114737736628925,-0.00271347286258671
-0.673273973895332,0.478381645081557,-0.0399041581411772,0.155785455058432,0.00315822617012374,-0.0109950897968731,-0.00488067373364422
-0.66854832221584,0.457445350310223,-0.0388960908880928,0.118366802661027,0.00368361441958582,-0.0105863374556608,-0.00698307281037954
-0.653825758723948,0.426505875846831,-0.0376192912812819,0.0720603227054876,0.00437783199613878,-0.0103579757057363,-0.00867792829805986
-0.624225187984493,0.381642708518186,-0.0360206078883553,0.0124328939135847,0.0049355135075248,-0.0103021405972258,-0.0094807481575625
-0.577268157381809,0.320539162408566,-0.0342472920833047,-0.0637630569957698,0.00494960701005419,-0.0101360510570108,-0.00896276350940233
-0.516122175743373,0.245095031655159,-0.0326374770976559,-0.153418835282632,0.00433112207514563,-0.00943772533333598,-0.0070266843456177
-0.447070176497621,0.159686030132982,-0.0314399526118545,-0.248068569747885,0.00339411727658159,-0.00803520303531527,-0.00395077396480808
-0.374423651845916,0.0667343487369225,-0.0306947227603882,-0.340746528212031,0.00243622214673019,-0.00611067310042882,-0.000200983842993882
-0.300356195171235,-0.0351997868009496,-0.0302914811917767,-0.428817071797379,0.00151275114642238,-0.00400444215537266,0.00367834706693907
-0.23031765271647,-0.14997211715735,-0.0299361715465497,-0.509835524544021,0.000707633144848054,-0.00210132176752323,0.007007643333723
-0.178093620554261,-0.278369935411934,-0.0294143050078452,-0.575941188250461,0.000416521263581956,-0.000704281176709175,0.00893538410290055
-0.15664263971009,-0.408547792011465,-0.0292888219692946,-0.616982745054516,0.000819680122093006,0.000359150219645218,0.00873785671510924
-0.157028769465655,-0.51590170772666,-0.0303267607540254,-0.631704077164996,0.00134859706133324,0.0017812091998891,0.00635215588656141
-0.157222267322398,-0.583757305694793,-0.0320515076395713,-0.626213887889108,0.00169312853609611,0.00395222433343281,0.0024004850635779
-0.150275730342878,-0.612749197287998,-0.0336803564456222,-0.602847825837103,0.00218540957546723,0.00652237099062349,-0.00222789339644895
-0.142071133493731,-0.608355925002226,-0.0353434435691523,-0.560192141363089,0.00305024068327556,0.00876121617155572,-0.00658313643463413
-0.1333339570367,-0.575321755901354,-0.0368859056931499,-0.502500514142533,0.00381582212678896,0.00997125006818195,-0.00962193740918765
-0.113813014437975,-0.520300394527268,-0.0360459795823996,-0.442360736856136,0.00350711031737628,0.0101747940660602,-0.0103736581201158
-0.0782237886947365,-0.45109402058927,-0.0308996036665274,-0.38569773367583,0.00200986025101757,0.0103347078477123,-0.00863382541978774
-0.0365470085280608,-0.372318424760865,-0.0235863784919589,-0.32477790515819,0.000351511976527018,0.0111585735055924,-0.0052016983711575
0.00115780163582404,-0.286188808094997,-0.0171676318012768,-0.254055922119808,-0.00077206963998836,0.0124510263301743,-0.00110483460591034
0.0333516471854148,-0.195899905934211,-0.0122337111344354,-0.177432232354512,-0.00148438091632024,0.0136362106188147,0.00286828845941294
0.0611743786861643,-0.10630683174535,-0.00767480301243349,-0.102452015009776,-0.00212899178997819,0.014139829228649,0.00610518878582226
0.0834014205108688,-0.0232758823278095,-0.00261169152632912,-0.034597422254307,-0.00276805422847273,0.0136928210600975,0.00818671141617321
0.0991265413456005,0.0522232407968241,0.00283043430897736,0.0274850647985665,-0.00328226965572769,0.0125036430318541,0.00912813562758895
0.109537373161345,0.123573569310921,0.00818924854964197,0.0883855344501733,-0.00363407006474426,0.0109277672781804,0.00921290429875987
0.115816723550591,0.191674420838129,0.0129312487165666,0.149532218071064,-0.00386310241177274,0.00925128871260264,0.00864654867611271
0.119081377641658,0.255664028638723,0.016649956813013,0.210025819952069,-0.00404713311806236,0.0076778476788528,0.0075911236919041
0.120361353140596,0.314583590720188,0.0192029877806657,0.26841153828011,-0.00426546802598764,0.00631046772576253,0.00618673282342119
0.120444388713053,0.367966525706769,0.0206824979014461,0.323581640343942,-0.00457193939199863,0.00516382550208232,0.00454832949619803
0.119832479080234,0.415856861053796,0.0213199841277627,0.37503074039495,-0.00498696780766142,0.00419434155933987,0.00276645741179887
0.118807100126801,0.458628381922167,0.0214035420772389,0.422751471673341,-0.0055028327399632,0.0033283984773604,0.000913524468181661
0.117543946889773,0.49679315754799,0.0212297200590906,0.466999957510847,-0.00609407445640788,0.00248140051853785,-0.000948026038248736
0.116235177581484,0.530845769196561,0.0210775936167444,0.508045279419774,-0.0067285246179025,0.00156950368395308,-0.00275811187530897
0.11519237352245,0.561124297382616,0.0211838549452374,0.545942577611248,-0.00737754627408703,0.00051880205967346,-0.00445314656839606
0.114900357446656,0.587666106207542,0.0217051367031744,0.580356370296636,-0.00802498652571903,-0.000724032627904551,-0.00596276822440788
0.115982076443279,0.610071974999557,0.0226708874766165,0.610486110547342,-0.00867361561179952,-0.00217867339968142,-0.00721030030646566
0.119041663829196,0.627440028435478,0.0239503128472371,0.635166802248661,-0.00934673902846237,-0.00381921644443042,-0.00811829043567334
0.1244010296897,0.638449258691367,0.0252670501468451,0.653179938397365,-0.0100828188197946,-0.00557133958061249,-0.00861961720588335
0.13183176707882,0.641615634432318,0.0262789288601539,0.663689880623404,-0.0109233341473891,-0.00732634857341719,-0.00867190993729884
0.140447468771298,0.635624138379395,0.02669769787447,0.666589946564348,-0.0118976706191906,-0.00897172016507263,-0.00826949970884142
0.148876563096962,0.619568966723355,0.0263885063867253,0.662549885471909,-0.0130103215485739,-0.01042531482341,-0.00744644763067361
0.155685744810048,0.593018211746309,0.0254003909660437,0.652748737247228,-0.0142333975898278,-0.0116555477603654,-0.00626861098542806
0.159890734500049,0.555992993280613,0.0239281784052817,0.638482802915416,-0.0155047126363258,-0.0126789066746043,-0.00481887642427198
0.161365702852081,0.509021728144415,0.0222420416345611,0.62086311862396,-0.0167329623851532,-0.0135407482753514,-0.00318229523119266
0.161005421932289,0.453309739916894,0.0206171616945268,0.60068388474377,-0.0178144644639934,-0.0142926942345699,-0.00143609225267779
0.160550549392809,0.390865750049444,0.0192758884862658,0.578420740346133,-0.0186625227383956,-0.0149774406260125,0.000353690549898725
0.162091844545687,0.324357385591216,0.0183482149697395,0.554298745769756,-0.0192384040154556,-0.0156245183059058,0.00212983490242119
0.16743515530127,0.256641474273342,0.0178613760209126,0.528411203499918,-0.0195638954650721,-0.0162535897675115,0.00383860098754847
0.177603668688034,0.190192523570268,0.0177646926262073,0.50088633009033,-0.0197037931387647,-0.0168783765962009,0.00542465883613017
0.192657077449819,0.126744765472384,0.0179770759584194,0.472062806123545,-0.0197279492169739,-0.0175057048624432,0.00682866992152165
0.211813915800729,0.0672816803197422,0.0184307504644527,0.442591490891992,-0.0196762261246029,-0.0181290481627289,0.00798863589003024
0.233755870599745,0.0122628400198116,0.0190895642101943,0.41338186089097,-0.0195453483907356,-0.0187210053046933,0.0088454133342919
0.257000810414715,-0.0381166108548979,0.0199379656592943,0.385375672686944,-0.0193016847535699,-0.0192315085139008,0.00935188608029722
0.280257468286979,-0.0837729405733,0.0209543509397867,0.359234614522784,-0.0189094991765233,-0.019596474221652,0.00948319473743227
0.302672627610026,-0.124705071648068,0.0220900900884081,0.335105908110411,-0.0183568721363219,-0.0197552050216404,0.00924337492010651
0.323899592324288,-0.161023606401603,0.0232684560499907,0.312599706093081,-0.0176651149171948,-0.0196682624937715,0.00866459593889991
0.3439907640126,-0.192962904793257,0.0244014061807549,0.290978435279923,-0.0168798888786429,-0.0193268095672725,0.00779930851757989
0.363198008105762,-0.220848076692492,0.0254107130778263,0.269435078574747,-0.0160534519867346,-0.018750406437395,0.00670943743075528
0.381784028137648,-0.245035863537053,0.0262413665660769,0.247322151616022,-0.0152293162321446,-0.0179770627388974,0.00545711229984319
0.39990595776544,-0.265862102733227,0.0268640899240775,0.224264389639273,-0.0144349581630978,-0.0170517234434648,0.00409908593887165
0.417578413614174,-0.283615384289568,0.0272708312975369,0.200163921590531,-0.0136820724117418,-0.0160175179081243,0.00268461793769486
0.434692661173527,-0.298538480956149,0.027468659351994,0.175141113580117,-0.0129711014607898,-0.0149111220261258,0.00125556820365958
0.451063227658181,-0.310848477393286,0.027475519046168,0.149452704470476,-0.0122969446210885,-0.0137615660644075,-0.000152520115113481
0.466480416325492,-0.320763709516377,0.0273186105563944,0.123413441070775,-0.011653984164369,-0.012591087141636,-0.00150916213247448
0.480756140270286,-0.328526988085961,0.0270342543246247,0.0973330851673874,-0.0110396580573232,-0.0114167045107431,-0.00278793348896189
0.493756963756033,-0.334417478759074,0.0266673666758822,0.0714721104208608,-0.0104564286560107,-0.0102516125428601,-0.0039659111152277
0.505421986796472,-0.33874725246358,0.0262689765991418,0.0460157462554617,-0.0099122644674284,-0.00910596851501289,-0.00502355560921587
0.515765485708623,-0.341842814321526,0.0258912563413625,0.0210648160685118,-0.00941987238917294,-0.00798706763184918,-0.00594491302772895
0.52486613730594,-0.344016276229495,0.0255808316061126,-0.00335891403891674,-0.00899501404054505,-0.00689917025897729,-0.00671793893400629
0.532846492452575,-0.345533909338097,0.0253720892472998,-0.0272962354937533,-0.00865432427837029,-0.00584333423533644,-0.00733474210873243
0.539847656586357,-0.346590299568355,0.0252823745751478,-0.0508273356010476,-0.00841307775330043,-0.0048175246626204,-0.00779160814862431
0.546004319154756,-0.347294069277382,0.0253103464990633,-0.0740469310005129,-0.0082832907525553,-0.00381710216808263,-0.00808875940413435
0.551424293207062,-0.347667294476196,0.0254377183561418,-0.0970420810314202,-0.00827241862662469,-0.00283562484201526,-0.0082298911206667
0.556175047264527,-0.34765701577565,0.025633655809084,-0.119875658265069,-0.00838275945500825,-0.00186580244558785,-0.00822156683424196
0.560277949920143,-0.34715481525552,0.0258605628237772,-0.14257677514743,-0.00861154056719374,-0.000900423659442481,-0.00807256075543357
0.563709519417196,-0.346019658860648,0.0260799309221185,-0.165138005072636,-0.00895156542767627,6.68860552951731e-05,-0.00779321714516442
0.566408034474801,-0.34409977517495,0.0262572289917477,-0.187518208337688,-0.00939223990768366,0.00104115713471097,-0.00739487250100166
0.568283427201039,-0.341250665905878,0.0263652710677888,-0.209649214633591,-0.00992077798265521,0.00202583792586008,-0.00688936562274201
0.569228379526859,-0.33734784527131,0.0263859417040658,-0.23144446690825,-0.0105234020491828,0.00302279474228659,-0.00628864660453836
0.569128872747751,-0.332294179523949,0.0263104777950695,-0.252807901646139,-0.011186392814074,0.00403248637660561,-0.00560448754553353
0.567872958996806,-0.326022547026014,0.0261386714371717,-0.273641726221923,-0.0118968957303385,0.00505423588967494,-0.00484829278495252
0.565357087751601,-0.318494939229717,0.0258773924186651,-0.29385224108664,-0.0126434428938528,0.00608652496400217,-0.00403100261800048
0.561489809038661,-0.309699159308439,0.0255387771783575,-0.313353334905552,-0.0134161915605227,0.00712724983528643,-0.0031630810977407
0.556193016406582,-0.299644077923916,0.0251383412899639,-0.332067680983682,-0.0142069082519027,0.00817389763067332,-0.00225457583296627
0.54940107193248,-0.288354103581934,0.024693181653468,-0.349925950646876,-0.0150087406966306,0.00922362335018176,-0.00131523613584219
0.54105819931211,-0.275863219666563,0.0242203650074373,-0.36686454125194,-0.0158158220052226,0.0102732278678309,-0.000354675449357899
0.531114490700186,-0.262208702310877,0.0237355606459999,-0.382822424013407,-0.016622747422183,0.0113190549041898,0.000617435706465436
0.519520806656699,-0.24742451172122,0.0232519675516563,-0.397737782587911,-0.017423958673792,0.0123568395030767,0.00159115957952095
0.506222811758712,-0.23153437843519,0.0227796031143868,-0.411545165052862,-0.0182130687655407,0.013381552239411,0.00255607737386202
0.49115443524677,-0.214544818405815,0.0223250506927276,-0.424173908783595,-0.0189821642015146,0.0143872913060615,0.00350108653281288
0.474231218193826,-0.196438719329378,0.0218917893064929,-0.435548603032114,-0.0197211345817475,0.0153672775165428,0.00441422658058158
0.455344334242432,-0.177170725221605,0.0214812281467266,-0.445592277844218,-0.0204171024039465,0.0163140024353536,0.00528255510197327
0.434356541997844,-0.156666310764932,0.021094515124335,-0.454232780311564,-0.0210540575849035,0.0172195641793222,0.00609210047929606
0.411101863321955,-0.134826960508928,0.020735058742623,-0.461412348687704,-0.0216128369664155,0.0180761968591769,0.00682792324729797
0.385391193839235,-0.111543890277049,0.020411488196174,-0.46709967496948,-0.0220716175009283,0.0188769586986762,0.00747432190410972
0.35702602426617,-0.0867218274351386,0.0201405034621028,-0.471302788243343,-0.0224070925105304,0.0196164958064724,0.00801521935169523
0.325821582033297,-0.0603121632339531,0.0199488113790652,-0.474080063859749,-0.0225964445965293,0.0202917543357311,0.00843475907999193
0.291638669049059,-0.0323513848209421,0.0198732328703414,-0.475545916098401,-0.0226200877784434,0.0209024886142578,0.00871812022948742
0.254420325559911,-0.00299691179611218,0.0199582469520352,-0.475867760005608,-0.0224649173477453,0.0214514220825279,0.00885252169536729
0.214225939374358,0.027450079415394,0.0202507979506354,-0.475252103331915,-0.0221275204510104,0.021943970527065,0.00882832614607481
0.171253079799357,0.0585446602588806,0.020793065850023,-0.47392026834568,-0.0216165716301708,0.0223875282342204,0.00864008655037112
0.12583799558915,0.0897259979515474,0.0216148034395487,-0.472077661734491,-0.0209536138400849,0.0227904242322607,0.00828732945341257
0.0784303626851306,0.120370000380262,0.022727349612287,-0.469883381996909,-0.0201717124487821,0.0231607403255832,0.00777487835840182
0.0295454713029936,0.149855538007125,0.024121185082567,-0.46742775567093,-0.0193120298379062,0.023505208951652,0.00711260824167101
-0.0202955004637693,0.177628605842769,0.0257678932269783,-0.464723388684057,-0.0184189917913851,0.0238283632841449,0.0063146681769082
-0.0706227265227178,0.203250300447248,0.0276260305000037,-0.461711239567636,-0.0175351234134025,0.0241320150202831,0.00539835334898428
-0.121059733618877,0.226420910903024,0.0296492994138459,-0.458278951771727,-0.0166966457564254,0.024415031508016,0.00438288599245221
-0.17134320453303,0.246980327013628,0.0317949773467292,-0.454286067674197,-0.0159305806203186,0.0246733155712754,0.00328834972765268
-0.221320434243412,0.264890853150664,0.0340308116846662,-0.44959049504403,-0.0152536116171722,0.0248998770860999,0.00213493572027411
-0.270929248706303,0.280210731376736,0.0363392460744545,-0.444072108712445,-0.0146725164092463,0.0250849176631644,0.000942551089578875
-0.320167154977209,0.293065679621761,0.0387185223669307,-0.437651416511042,-0.0141857410403196,0.0252159085221724,-0.000269247941991706
-0.369056005813812,0.303623090457665,0.041180677981843,-0.430302754651887,-0.0137856330639335,0.0252777075895624,-0.00148108665594191
-0.417606881301451,0.312070712021148,0.0437467021359499,-0.422062049921263,-0.0134609128589515,0.0252528218742135,-0.00267347423215545
-0.465788446677338,0.318599528127288,0.0464392466247577,-0.413028894491941,-0.0131990583156076,0.0251219651963576,-0.00382648877623981
-0.513501402095435,0.323389457312374,0.0492734794282086,-0.40336195475471,-0.0129883513609982,0.0248650765799974,-0.00491955441824473
-0.560561828821771,0.326596352412656,0.0522470574543703,-0.39326614735655,-0.0128193702293385,0.0244629321779687,-0.00593141871026926
-0.60669675578095,0.328339433215431,0.0553307978453651,-0.382970152878885,-0.0126857299439237,0.0238993814136317,-0.00684043225934844
-0.651555252094813,0.32868949558418,0.0584622802418227,-0.372694182497445,-0.012583919764041,0.0231640535538254,-0.00762520784981241
-0.694736838737496,0.327659658342456,0.0615449391917944,-0.362610610541413,-0.0125122071954028,0.0222551335821265,-0.00826567723450084
-0.735835465730759,0.325201482551335,0.0644547150368008,-0.352803623421224,-0.0124687909080686,0.0211815697503885,-0.00874446285450725
-0.77449223212231,0.321209351545351,0.0670546951353711,-0.343237054104357,-0.0124496448336938,0.0199639761299035,-0.00904835522397726
-0.810445344299821,0.315534566400447,0.0692156164179492,-0.333740182874944,-0.0124466895846998,0.0186336586556604,-0.00916958321129069
-0.843564207959909,0.308007892413247,0.0708375729448864,-0.324018101975021,-0.0124469220936614,0.0172296515105173,-0.00910654953267786
-0.873857838907682,0.298466349913768,0.0718671128876521,-0.313686645072731,-0.012432871697932,0.0157942580862492,-0.00886381660926553
-0.901455229223757,0.286778341335389,0.0723049677516448,-0.302324401555376,-0.0123843176473672,0.0143680713193257,-0.00845133870981186
-0.926563642336527,0.272861678099406,0.0722025843671958,-0.289529385733359,-0.012280798401288,0.0129855624263804,-0.00788314995908036
-0.949416248972839,0.256691465484961,0.0716490291532644,-0.274967653202268,-0.0121042502982776,0.0116720379916209,-0.00717583487329129
-0.970221189071645,0.238297916214216,0.0707522022968618,-0.258405155498776,-0.0118411837275973,0.0104422522126232,-0.00634709233660952
-0.989120878748272,0.217756691379702,0.0696189344810456,-0.239720079290875,-0.0114840517220467,0.0093004763231745,-0.00541459650025587
-1.00616552813417,0.195175623269428,0.0683377086484729,-0.218898271054224,-0.0110317489724128,0.00824153750322726,-0.00439523395091814
-1.02130057774381,0.170681701713904,0.0669662285774615,-0.19601759859669,-0.0104893938270108,0.00725227171440995,-0.00330471133775979
-1.03436521250475,0.144411460761059,0.065524582176812,-0.171228024946994,-0.00986765314837272,0.00631292336276545,-0.00215749655236636
-1.04509840523211,0.116506879996558,0.0639937592977759,-0.144733333624599,-0.00918187937391169,0.00539818581437322,-0.000967065071699077
-1.05314971484736,0.087117932924495,0.0623189297383027,-0.116778603965781,-0.00845126836065128,0.00447775557543982,0.000253551207722503
-1.05809387382561,0.0564120365770798,0.0604171251928373,-0.0876452404219873,-0.00769814154696746,0.00351645503909297,0.00149088971122527
-1.05945065171341,0.0245896694297986,0.0581896300647527,-0.0576527814913243,-0.00694732463721173,0.00247418361217554,0.00272982034873155
-1.05671409617438,-0.00809613143554436,0.0555401461248573,-0.0271636790892388,-0.00622545205248951,0.0013062231510149,0.003951917192414
-1.04939706946477,-0.0413213817072494,0.0524000494519295,0.00341649472409919,-0.00555989835122845,-3.52220717747991e-05,0.00513345882268113
-1.03709601129889,-0.0746829122356812,0.0487607631558625,0.033654995335112,-0.00497698970092243,-0.00159697722372496,0.0062431962191803
-1.01957377119768,-0.107713559474199,0.0447090417452309,0.0631377070065425,-0.00449930612841995,-0.00341687586684084,0.00724025045188792
-0.996841941639524,-0.139934497810654,0.0404530392377755,0.0915535674415089,-0.00414240281279778,-0.00551087260367493,0.00807285137583499
-0.96920008431951,-0.170948033753124,0.0363177522492282,0.118807635636294,-0.0039121667176997,-0.00785653766026705,0.00867905372964674
-0.937172179125045,-0.20054723385705,0.0326863479197523,0.145118881714844,-0.00380482433617995,-0.0103782621415909,0.00899082801996163
-0.901300707994787,-0.22878212939166,0.0298824912112422,0.171026096521676,-0.00381121491785489,-0.0129439057897073,0.00894246009435201
-0.861840256467239,-0.255906183306719,0.0280326888091576,0.197232493205664,-0.00392424726130191,-0.0153826320140935,0.00848238391045816
-0.818503378057055,-0.282170963312968,0.0269903057683437,0.224297924875715,-0.00414425363524369,-0.0175244598383682,0.00758484646175279
-0.770445185446467,-0.307537948607911,0.0263915746685501,0.25230241897491,-0.00447505920539742,-0.0192467172497313,0.00625654767125874
-0.716549780395394,-0.331453262192799,0.0258311250553309,0.280650452320503,-0.00490779887918458,-0.0205047777113396,0.0045359661730024
-0.655882229300349,-0.35280127379288,0.0250557613949497,0.308100754458051,-0.00539811291964046,-0.0213342945166745,0.00248806392259898
-0.588068359858281,-0.370048882159026,0.0240622405169702,0.332975458649307,-0.00584889444362831,-0.0218310356176888,0.000200100335529133
-0.51341228604447,-0.381530809204323,0.0230454690089714,0.353467759816757,-0.00611212644552841,-0.0221243096932129,-0.00221666433675555
-0.432657855836271,-0.385856020611966,0.0222151746226436,0.368058961187695,-0.0060222664177649,-0.0223535071588575,-0.00461778485681629
-0.34638817510757,-0.382441595042863,0.0215565209514417,0.376129160315963,-0.00546948927608647,-0.0226411825982829,-0.00681136580023263
-0.254265769079075,-0.372022725795688,0.0206816710471111,0.378639170290612,-0.00449966788237343,-0.0230448800524767,-0.00854931037183725
-0.154797065423539,-0.356593224303565,0.0189785276829544,0.378181466746688,-0.00337243745022783,-0.0234880530204018,-0.00955179195201724
-0.0465315150887884,-0.338159613031717,0.0161024104272575,0.377524007823598,-0.00246668399130477,-0.0237339801767786,-0.00959552861147903
0.0697912137792668,-0.316933292489465,0.0123742519092583,0.377345394650935,-0.00204622716085692,-0.0234915537584708,-0.0086280954066627
0.190628249875849,-0.290968932300421,0.00855314600617932,0.375634011337366,-0.00212812344009558,-0.0225959303352172,-0.00679399435721602
0.311597522395278,-0.257783520878528,0.00525034601283892,0.369446244482836,-0.00259797894634494,-0.0210787730728853,-0.00434797801178555
0.429829821979866,-0.216106263720592,0.00266695369492488,0.356901438019111,-0.00338207029915636,-0.0190885992749429,-0.0015604414390763
0.544515510129713,-0.166402132042489,0.000760932906145443,0.33790458205308,-0.0044762422215379,-0.0167855169525363,0.00131794719691682
0.655440062152249,-0.110389474617351,-0.000507670445996161,0.313836390914135,-0.00585173926302841,-0.0142966249764429,0.0040483869173197
0.7607691065737,-0.0501415321541335,-0.00112350619485523,0.286722068118897,-0.00735852916564904,-0.0117194866841017,0.00638960160407123
0.856067693504545,0.0128898141680842,-0.00115444378226113,0.258042012436138,-0.00871229611585792,-0.00912322719901197,0.00810437332939638
0.935938028268014,0.0785350689583323,-0.000861788465688272,0.22759339361018,-0.00958575139439826,-0.00652713681466473,0.00899518058230233
0.997285095474812,0.147620394655574,-0.000580841887765693,0.193408772470868,-0.00975707184951776,-0.00389112832352219,0.00895126661773224
1.04115860377976,0.220608175537291,-0.000471133132424221,0.153263602775497,-0.00921388992471385,-0.0011544018804425,0.00797897401634041
1.07132716831794,0.296322324214523,-0.000440302169045498,0.106582016247529,-0.00813484783693577,0.00170389938228351,0.00619919600012069
1.09107743669933,0.37205938736414,-0.000332689990148035,0.0549417528439669,-0.00677219484772324,0.00464278709919649,0.00381131315708315
1.10109800945781,0.444763393716412,-0.000151076724374745,0.00104212389843243,-0.00533387034573319,0.0075873672181025,0.00104406754517947
1.09963864408071,0.511951314887817,-8.62481793700781e-05,-0.052493768565019,-0.00394085691827112,0.0104551881632978,-0.00187306342990916
1.08428399141394,0.571817910186585,-0.000356526381523226,-0.103560631057509,-0.00266442116048144,0.013143013913746,-0.00470313843573666
1.05444680622127,0.62287260614543,-0.000992214319853486,-0.150468419563441,-0.00160643102971824,0.0155026250377832,-0.00717465187514042
1.01361558870689,0.663676907675363,-0.00173488968284752,-0.191920531177717,-0.00096403196604296,0.017374716537732,-0.00896910930451771
0.969155210382713,0.693024284254903,-0.0022107097184846,-0.227308897745405,-0.000985412904370103,0.0187059641539806,-0.00976796167690064
0.927592025400767,0.710323077981278,-0.00229392589324087,-0.256826618030891,-0.00176890545352696,0.0196426208267848,-0.00937534355881216
0.888697545081662,0.715526036406628,-0.0022041492452397,-0.280843529139658,-0.0030822801714672,0.0204432672990741,-0.00783440000349063
0.845843168896086,0.708624548756982,-0.0021473932442913,-0.299111161947895,-0.00446791473023981,0.0212695473668128,-0.00540877643785829
0.792488253363883,0.689414923339179,-0.00203379571873111,-0.310758877678226,-0.00554698564219722,0.0220903943682055,-0.00245086700909197
0.726830876681532,0.657800505963085,-0.00163504026161882,-0.31498763744201,-0.00620152394935583,0.0227377273457693,0.000703512029628731
0.651148793309208,0.61442947419005,-0.000864363221098094,-0.311898459631293,-0.00653380474678459,0.0229750051165554,0.0037592673725272
0.56858301268825,0.561332874232841,0.000183977818318572,-0.303170048122356,-0.00671132560822456,0.0225386802305009,0.00644339230353041
0.480478985842898,0.501960287830309,0.00145926264878641,-0.292131352683459,-0.00682509687343282,0.021221875772346,0.00849470926705581
0.385808134667711,0.439965502039059,0.00320855267724481,-0.282491502280128,-0.00685762072713901,0.019026378269885,0.00969746830778608
0.282963958744593,0.377175053689513,0.00593719046555841,-0.276012162407267,-0.00678048347483856,0.0162602042927749,0.00995454207424221
0.172286571534624,0.312732988040793,0.0100314911298223,-0.271291182309135,-0.00666370696726822,0.0134172711988629,0.00933402194257496
0.056714932076907,0.244544992175941,0.0154579861438438,-0.26517234958664,-0.00665871172729157,0.010910279498236,0.00802995755204806
-0.0596841026622494,0.171378450030146,0.021846320529213,-0.255175400752722,-0.00688944698333109,0.00890967476226567,0.00627427039843788
-0.173370774016118,0.0936994246562611,0.0287670057824487,-0.240678289798316,-0.00738078041592724,0.00737362911854441,0.00427236524106059
-0.281985848719814,0.0132439500817977,0.0359134608851481,-0.222620122291432,-0.00806670397616417,0.00615663931809315,0.00218160582923841
-0.384208460716314,-0.0677715828769617,0.0431179644520757,-0.202675360559839,-0.00883793523881238,0.00509372140791177,0.000114493938942707
-0.479362371871871,-0.147247186362309,0.050275874457783,-0.182569290340537,-0.0095864166261954,0.00403881850326737,-0.00185031725957138
-0.567069364815485,-0.223511534939742,0.0572615401919343,-0.163679216355932,-0.0102310659673821,0.0028754512830801,-0.00365664527730626
-0.647024070849619,-0.295434101932179,0.0638813020372719,-0.146842603468344,-0.0107264229021259,0.00151866619264991,-0.00526147105702309
-0.718889635876215,-0.362430674629247,0.0698762158095377,-0.132286218320217,-0.011060472929683,-8.23083675593854e-05,-0.00662850337165782
-0.782307166890879,-0.424417530733077,0.0749686913402761,-0.119642180827519,-0.0112467842654431,-0.00193920601998164,-0.00772497785910827
-0.837000408902553,-0.48172625695229,0.0789358731439031,-0.108056697691557,-0.0113140701369721,-0.00402067259231011,-0.00852169690826326
-0.882928630862498,-0.534968946134634,0.0816830123910257,-0.0964006904721043,-0.0112953437595143,-0.00625370284207651,-0.00899577817341166
-0.92041484835378,-0.584856276527383,0.0832856023966082,-0.0835563049003789,-0.0112188571051957,-0.00853409464735897,-0.00913487381393787
-0.950177100016374,-0.632004521936781,0.0839774744613249,-0.0687029587811919,-0.0111029488980825,-0.0107455880768017,-0.00894097716615805
-0.973230869605791,-0.676789356579463,0.0840852561239829,-0.0515037162497755,-0.0109559200975152,-0.0127825369655399,-0.0084319087662671
-0.990695648205969,-0.719290805300754,0.0839360679017487,-0.032127522127926,-0.0107802193210186,-0.0145684704878829,-0.00763956126507208
-1.00358578375276,-0.759331863220693,0.0837767563172865,-0.0111191729586166,-0.0105786091765082,-0.0160648608099887,-0.00660553941585939
-1.01266274438578,-0.796574201723479,0.0837317632884731,0.0108067390758389,-0.0103596364505035,-0.0172693725811797,-0.00537591743104931
-1.01838243153535,-0.830622710194274,0.0838037715239672,0.0329594067430017,-0.0101406727221614,-0.0182071628804742,-0.00399683402098277
-1.02092488106209,-0.861105238100258,0.0839036637220133,0.0547976416708223,-0.00994814231623864,-0.0189200822389978,-0.00251185564991849
-1.02027183039715,-0.887717121710341,0.0838919396869104,0.0759767426853106,-0.00981544527555265,-0.0194573230517615,-0.000961170353259923
-1.0163007560786,-0.910237041615342,0.0836189266117813,0.0963334887146571,-0.00977927941203766,-0.019868925830342,0.000617830723193539
-1.00887779038188,-0.928527279981849,0.0829584818449349,0.115834119726159,-0.00987484911935518,-0.0202018934908814,0.00218915052267571
-0.997943333092247,-0.942530264463515,0.0818345609606018,0.134505777978604,-0.010130227769901,-0.0204978460237364,0.00371645796082913
-0.98358740539686,-0.952268319622498,0.0802408320577283,0.152365076206158,-0.0105602086863817,-0.0207910058882591,0.00516145282934484
-0.966107056774414,-0.95784733779601,0.0782515352039328,0.169354007845468,-0.0111604525652625,-0.0211056110998592,0.00648276600823179
-0.946029471769478,-0.959459077802642,0.0760190933527343,0.18529462670584,-0.0119035162731529,-0.0214525143440102,0.00763597000797252
-0.924079116251918,-0.957372655981229,0.0737532059963318,0.199877154193396,-0.0127390096007441,-0.021825703803804,0.00857538113007777
-0.901074771030434,-0.951906143226169,0.0716798893633732,0.212695257745556,-0.0135998890824363,-0.0222005289463559,0.00925812107057219
-0.877768530960007,-0.943376490249784,0.0699878192886534,0.223330280880888,-0.0144149938072826,-0.0225358507809162,0.00965009278752696
-0.854675604665221,-0.932039003727701,0.0687793996729176,0.231462897652279,-0.0151246093707344,-0.0227813066074771,0.00973226475439914
-0.83196492514105,-0.918038570970285,0.0680469410706048,0.236969173470684,-0.0156931462513088,-0.022888344327748,0.00950480312322007
-0.809460780009608,-0.901393777462652,0.0676845055036103,0.239958430469166,-0.0161135709857928,-0.022821185662493,0.00898713299710839
-0.786750892951598,-0.882020098672128,0.067528294520493,0.240738456463941,-0.0164023704155587,-0.0225635382896102,0.00821389130794568
-0.763346076881773,-0.859779963314645,0.0674058606721759,0.239729991693435,-0.0165885689257681,-0.0221191341615827,0.00722860055353993
-0.738825127838785,-0.834538675421118,0.0671750295888412,0.237370786501935,-0.0167022407794076,-0.0215072032110345,0.00607744017248589
-0.712923777550136,-0.806209189664759,0.0667435538828375,0.234042441542938,-0.0167665153170095,-0.0207556908389092,0.00480471056749874
-0.685561108485917,-0.774778944650009,0.0660710091017416,0.230033561088804,-0.0167942843760754,-0.0198948674016033,0.00345040788300626
-0.656819051342523,-0.740320582931543,0.0651597114627414,0.225535980888449,-0.0167887382759771,-0.0189528113765793,0.00204953389000566
-0.626896307295448,-0.702992165392093,0.0640415908798606,0.220663233126467,-0.0167461245765966,-0.0179530777967911,0.000632512291517792
-0.596053788380107,-0.663032156196471,0.0627656258453485,0.215480114316081,-0.016659336367016,-0.0169141546108059,-0.00077384239146305
-0.564561849127877,-0.620752026540436,0.061387876868742,0.210035014514379,-0.0165214716528405,-0.0158500546381538,-0.0021451900171644
-0.532654374338589,-0.576526452446159,0.0599643488284404,0.2043895259703,-0.016328961913487,-0.0147714092104032,-0.00345861394270268
-0.500492374337337,-0.530778802001081,0.0585460128335602,0.198641592648827,-0.0160841048880428,-0.0136865611180972,-0.00469182459681758
-0.468139607240866,-0.483958644981201,0.0571751280163304,0.192939183437451,-0.0157968705367115,-0.0126023147719266,-0.00582274774862742
-0.435553591859675,-0.436508961313601,0.0558822772521443,0.187481896007787,-0.0154857673109113,-0.0115241673128414,-0.00682959466800165
-0.402595594974997,-0.388823866645644,0.0546840459830744,0.182508899702163,-0.0151774736252475,-0.0104560193040909,-0.00769145530712288
-0.36906135102225,-0.341202513964348,0.0535818003714371,0.178273801611014,-0.0149049740547798,-0.00939954326187836,-0.00838935992180393
-0.334729870021302,-0.293809634283141,0.0525623020347856,0.175010264912551,-0.0147041706970063,-0.00835353735915379,-0.00890762993933335
-0.299421776981653,-0.246655246860685,0.0516007158401291,0.172895499577224,-0.014609352214845,-0.0073136471047538,-0.00923522858138456
-0.26305383126535,-0.199603104702173,0.0506659014162274,0.172020471402529,-0.014648352643845,-0.00627274524341671,-0.00936678417994277
-0.22567551795325,-0.152409463166468,0.0497270015001003,0.172374571507051,-0.014838492636447,-0.00522202622232814,-0.00930302891330396
-0.187478101405046,-0.104783861883452,0.0487597222547827,0.173848597560775,-0.0151842881694994,-0.00415258633113117,-0.00905055300721958
-0.148774675098758,-0.056456463017591,0.0477507178248863,0.176254726912475,-0.0156774340962971,-0.00305705811951842,-0.00862095271079768
-0.10995796473629,-0.00723542903579496,0.0466991571093895,0.17935780587005,-0.0162989175968946,-0.00193084590415251,-0.00802957951901783
-0.0714476087324202,0.0429571832300139,0.0456155113251612,0.182910219967674,-0.0170225664400448,-0.000772669886360528,-0.00729414498738212
-0.0336390365801969,0.0940744867815423,0.0445183903442064,0.186683091317018,-0.0178190873458899,0.000415618718802568,-0.00643341002070061
0.00313717592817017,0.145954940929853,0.0434305840651474,0.190488787162582,-0.0186597313449328,0.00162975814134782,-0.00546612165068482
0.0386413402867984,0.19834566762031,0.0423753303837224,0.194192542499225,-0.0195190222236345,0.00286401380369574,-0.00441028544729679
0.0727361600921199,0.250930407699872,0.0413734325752236,0.197713407392766,-0.0203763352355884,0.00411201344235924,-0.00328279836781889
0.105386324176664,0.303355595492975,0.0404414214559918,0.201016205453329,-0.021216386416127,0.00536724679497594,-0.00209942424388243
0.136649469476111,0.355250979488061,0.0395906569250434,0.204096694466205,-0.0220288336319529,0.00662312105204081,-0.000875072439686695
0.166661023286545,0.406243931619625,0.0388271380742761,0.206961944088716,-0.022807210670473,0.00787258417378164,0.000375666056196155
0.195613907140727,0.455968471062298,0.0381518151740009,0.209607527631578,-0.0235473633204514,0.00910742979635416,0.00163777062917716
0.223732500398644,0.504070976584924,0.0375613136606857,0.211992915751884,-0.0242454896874442,0.0103174826931394,0.00289488003994178
0.251239299962326,0.55021469995499,0.0370491272116898,0.214016843732113,-0.0248958617748309,0.0114899403379578,0.00412828400923518
0.278313111580229,0.594084701530552,0.0366074466571574,0.21549565089372,-0.0254883719787789,0.0126092104787253,0.00531592169752784
0.305040154823206,0.635393872647926,0.0362297818253389,0.216149635444156,-0.0260062430776684,0.0136576073428778,0.00643155810549895
0.331364682335013,0.673889481421083,0.0359143102870994,0.215604761126925,-0.0264245574873953,0.0146171888298892,0.00744440100814487
0.357053053613434,0.70935850138806,0.0356673894079525,0.213418146496809,-0.0267105976908851,0.015472756412054,0.00831951232758476
0.381691846909065,0.741629402957604,0.0355059763261937,0.209133294572303,-0.0268270915932191,0.0162155613703701,0.00901939566454883
0.404740798083905,0.770568764215403,0.0354571675098495,0.202362637702339,-0.0267389568555109,0.0168466650118691,0.0095070030886437
0.425648405707047,0.796073278625406,0.0355533154788511,0.192880867970761,-0.0264227987924887,0.0173784993084251,0.00975000615245244
0.444010434529894,0.818060639396763,0.035822717974117,0.18069841087033,-0.0258765585226742,0.0178334077637629,0.00972555667393464
0.45972041370104,0.83646415073284,0.0362783969316864,0.166081143192219,-0.025125441042117,0.0182390297137083,0.00942420975736626
0.473049030827514,0.851233748884356,0.0369094961413196,0.149498554807018,-0.0242208949997448,0.0186219024553953,0.00885164883367008
0.484612723635887,0.862341199348194,0.0376795320006146,0.131513443239951,-0.0232321834788944,0.0190016046486335,0.00802757780703544
0.495241442348779,0.869783499938627,0.0385328146555576,0.112653276765574,-0.0222334077634719,0.0193873903820707,0.00698229252218932
0.505799149177021,0.873579434361832,0.0394066473842166,0.0933086539050931,-0.0212905274572952,0.0197778236013479,0.00575228569635592
0.517021222128396,0.873759097648189,0.0402448106734664,0.0736868421090968,-0.0204521211173159,0.0201624797372779,0.00437630388819949
0.529411276084638,0.870351186670168,0.0410082219499022,0.0538231032284745,-0.0197453980078676,0.0205241974344536,0.0028927155256032
0.543207350741082,0.863374947543362,0.0416805701288845,0.0336350004744787,-0.0191769425517804,0.0208406860935323,0.00133836742756693
0.558403993495912,0.852842903968308,0.0422686489783946,0.0130001859874207,-0.018736718224635,0.0210850349872078,-0.000251331728868941
0.574809147166568,0.838778516662652,0.0427981877978491,-0.0081582269640769,-0.018403865735054,0.0212253732483602,-0.0018415116367157
0.592118685034381,0.821250811147105,0.0433062026875029,-0.0297899596062912,-0.01815325504435,0.0212244272830349,-0.00339653432457146
0.609999089650881,0.800425231322702,0.0438307822335196,-0.0516501220422525,-0.0179621003891626,0.0210400259849526,-0.00487869306110575
0.628173480853186,0.776624851567747,0.0443994024356785,-0.0732610269561655,-0.0178159597484615,0.0206277118341643,-0.0062474064014199
0.646504123780665,0.750387373358538,0.045017739636663,-0.0939244856973072,-0.0177131025426202,0.0199463811461863,-0.00745952758950424
0.665055769288451,0.722492881701594,0.0456623391192269,-0.112806123829829,-0.0176658072125049,0.0189670255310553,-0.0084714186989272
0.684114434088512,0.693932656470767,0.0462813231761403,-0.129097695358745,-0.0176971957933503,0.0176830293825392,-0.00924310389490345
0.704136857073774,0.665801905682657,0.0468058710140113,-0.14222798954621,-0.0178333296949635,0.0161185626829464,-0.00974392521815482
0.72562675047657,0.639133616514493,0.0471706354195553,-0.152051961530358,-0.0180924870337785,0.014330767751369,-0.00995794123301918
0.748970011463987,0.614730151955825,0.0473356343467569,-0.158934098697543,-0.0184756161099023,0.0124031500653621,-0.00988672660824472
0.774287814786409,0.593060769350009,0.0472999865892183,-0.163680356680913,-0.0189620609835058,0.0104315812250912,-0.00954810436055985
0.801360058127775,0.574260483124455,0.0471018074067361,-0.167345458509325,-0.0195121795785726,0.00850793792962526,-0.00897134910302257
0.829635337866146,0.558212667295799,0.0468058926346334,-0.170996952571232,-0.0200751202983096,0.00670690961626449,-0.00819103230115587
0.858305417958918,0.544665217815111,0.0464859770584248,-0.175519348453608,-0.0205981857535517,0.0050789734924008,-0.00724178843230804
0.886405122438214,0.533333279898883,0.0462086770035505,-0.181503042660172,-0.0210346485584469,0.00364935909560461,-0.00615517354966193
0.91290379380951,0.523964319904688,0.0460232983179422,-0.189219002213262,-0.0213485377889658,0.00242099259446089,-0.00495857557986401
0.936769779420756,0.516362082964905,0.0459583618663005,-0.19865425029409,-0.0215164493518641,0.00137915761337512,-0.00367553054198222
0.957004138097386,0.510376116801922,0.0460235388044785,-0.209576969015972,-0.0215272572314412,0.000496184520823232,-0.00232678870704705
0.972649612583683,0.50586545686259,0.0462148260433822,-0.221605492179665,-0.0213807677950533,-0.000264786382130242,-0.000931722578636623
0.982785885547038,0.502643574934115,0.0465207656775469,-0.234265041200418,-0.0210861171348035,-0.000947297336086501,0.00049009945147405
0.986523759687677,0.500409815535991,0.04692783129639,-0.24702564883974,-0.0206602795276848,-0.0016001464446371,0.00191723724632923
0.983010809044387,0.498671864523581,0.0474234200889832,-0.259322816382616,-0.0201265954674622,-0.00227642147894781,0.0033246601925586
0.971460117548315,0.496665917351539,0.0479950572862389,-0.27056879584894,-0.0195128823396011,-0.00303194913613427,0.00468210271722791
0.951211217673278,0.493288102466755,0.0486246019178565,-0.280166818716173,-0.0188486040527963,-0.00392176766324645,0.00595269517594561
0.921825533591769,0.487063129762856,0.0492770076767656,-0.28754200447057,-0.0181608839480261,-0.00499319749593581,0.00709217733924746
0.883204071624242,0.476190364328171,0.049885393792431,-0.292198329198787,-0.0174699035040843,-0.00627482244483147,0.00804915602737192
0.835692611223909,0.458711962030363,0.0503382735364254,-0.293797478379617,-0.0167852422750972,-0.00776270910590654,0.00876708143331304
0.780117966285131,0.432823384335106,0.0504793620299591,-0.292232970313853,-0.0161053364948304,-0.00940843359024346,0.00918875017124986
0.717697915600863,0.397278880870687,0.0501308109939741,-0.287652832959153,-0.015421477876661,-0.0111163889140493,0.00926376334949809
0.64980834396798,0.351750183612207,0.0491410536327402,-0.280389465236322,-0.0147251882850874,-0.0127571108123908,0.00895796841458673
0.577670416294525,0.296946455545345,0.0474393859469272,-0.27080188731973,-0.0140147718431692,-0.014196394269586,0.0082618328420388
0.502088195471733,0.234382843854283,0.0450654991802466,-0.259099498871772,-0.0132963369903163,-0.0153296209910056,0.00719379094244097
0.423355717363637,0.165880669181618,0.0421515864973106,-0.245238121583063,-0.0125780540811351,-0.0161057592080677,0.00579669203279243
0.341356210411005,0.0930416328661481,0.0388646310598413,-0.228929667231898,-0.0118612034731892,-0.0165317909107147,0.00412951773059664
0.255774811242864,0.0169252106591187,0.0353410436826984,-0.209734362821283,-0.0111335124356102,-0.0166605417458843,0.00225911890276666
0.166318915180344,-0.0619851914929562,0.031646569259782,-0.187178399785007,-0.0103686419007851,-0.0165723161341563,0.000256062443885096
0.0728839811891105,-0.143568978956743,0.027779332116286,-0.160871542920782,-0.00953324949052207,-0.0163591180855994,-0.00180386913888757
-0.0243406107364285,-0.22768820932137,0.0237194916577273,-0.130645305559208,-0.00860190856255496,-0.0161133757228682,-0.00383342947383447
-0.124802726470805,-0.313718236842926,0.0195168611388139,-0.0967431836851558,-0.00757906467884877,-0.0159164182762931,-0.0057256586285661
-0.227541681820341,-0.400115923334796,0.0153848156340037,-0.0600356768300297,-0.00652272455885844,-0.0158194448999891,-0.00734846630300192
-0.331196630551067,-0.484289105647675,0.0117309358415131,-0.0221030308014691,-0.00555525449108241,-0.015815581793137,-0.00854992573469841
-0.434147611919942,-0.56310385043513,0.00904306593466042,0.015061726454024,-0.00484027778521585,-0.0158181663238333,-0.00918288798321668
-0.534812662429428,-0.634028966591482,0.0076408196834571,0.049778414055958,-0.00452028408125657,-0.015674896463835,-0.00914689881869979
-0.631940720089325,-0.696185929896432,0.00747121565878417,0.0813798137984352,-0.00465066749236689,-0.015229784172125,-0.00842422283102863
-0.724672412486648,-0.75036888556388,0.00814833661295703,0.110258383843827,-0.00518493378869256,-0.0143959613383125,-0.00708263152542214
-0.812360671189471,-0.798019818248512,0.00920708972444511,0.137229573486084,-0.00602082180842153,-0.0131847152227046,-0.00524611933962262
-0.894350698007456,-0.840074133689372,0.0103464448161406,0.162794200440367,-0.00706112298673012,-0.0116794707539492,-0.00306005425941076
-0.969853493544854,-0.87644911890932,0.0115011567617211,0.18677005190935,-0.00824454504522267,-0.00998894176839761,-0.000670941767266541
-1.03788816987835,-0.906276329669097,0.0127484250063464,0.208323774449995,-0.0095391104810865,-0.00821441657460326,0.00177726004612922
-1.0972276779167,-0.928607056551578,0.0141417382591335,0.226241562563282,-0.0109133430806904,-0.00644037815820602,0.00413734259621304
-1.14636742894584,-0.943270802142529,0.0155710004130011,0.239338641571319,-0.0123026887518942,-0.00473641158130226,0.00625211398441724
-1.18365574289306,-0.951511136817199,0.0167356577559009,0.24696825025689,-0.0135877669916751,-0.00315313182881099,0.00795552009494778
-1.20772218847127,-0.955903323321577,0.0172778594286728,0.249483916269409,-0.0146031528304321,-0.00170595130562152,0.00908876872433947
-1.21806877141736,-0.959245408395744,0.0170130684534042,0.248311508668649,-0.0151876561392438,-0.000360441674811517,0.00953096926709649
-1.21534539981543,-0.962902768801718,0.0160764525453534,0.245349050234363,-0.0152576683806633,0.000958209535875244,0.00923189842333199
-1.20096156158384,-0.965851192826606,0.0148431089744891,0.241955064070059,-0.0148541608907718,0.00232744166717551,0.00822860806960471
-1.17631678881501,-0.965278334257278,0.013691679235502,0.238302282184997,-0.0141233438577085,0.00378627739503919,0.00663479337508975
-1.14226474426817,-0.958220714228407,0.012820005621654,0.233588974913295,-0.0132435482375391,0.00532112151646845,0.00460853430149788
-1.09907995667327,-0.942917950317951,0.0122303479496022,0.226782994559949,-0.0123517870686137,0.00688167620838201,0.00231755636483844
-1.04674477328582,-0.919118958044971,0.0118299769322574,0.2172363474245,-0.0115121884218512,0.00840430191827914,-8.13410880321798e-05
-0.985298154464278,-0.887513988867983,0.0115350907460662,0.204846724529755,-0.0107305805877924,0.00982312446843639,-0.00244590730958544
-0.915144842132511,-0.848839791730745,0.0113164139469693,0.189851458076567,-0.00999650877974974,0.0110696378409403,-0.00464253746890702
-0.837321097049353,-0.803117928523308,0.0111851545220631,0.17248448091328,-0.00932989706763571,0.0120751089984169,-0.00654014122668722
-0.753661340775882,-0.749364703478887,0.0111487728546747,0.152714860960352,-0.00880844419407771,0.0127876934374114,-0.00801119603223338
-0.666701131888998,-0.686008161379106,0.0111768152198264,0.130230184760704,-0.00855237562242013,0.0132009369892657,-0.00894478390842098
-0.579178367724661,-0.611937134757345,0.0112087254698968,0.104693761158827,-0.00866215733308949,0.013372500630845,-0.00927078598232761
-0.493284602015662,-0.527579153316492,0.0111993287975989,0.0760936712081534,-0.00914621064650878,0.0134101347506392,-0.0089838862290826
-0.410150262302369,-0.435189179283961,0.0111571573136021,0.0449073947760383,-0.00989897635622427,0.0134273053027169,-0.00814952082798804
-0.32994592592441,-0.338121200998691,0.0111368795913977,0.0119788330388109,-0.0107504140901979,0.0134999555831037,-0.00688452773882145
-0.252450213168585,-0.239712217047581,0.0111975405273224,-0.0217469598105774,-0.0115432824853412,0.0136519318892999,-0.00532509660104716
-0.177598958151612,-0.142542501382678,0.0113674385308827,-0.0554372822639983,-0.0121823970442737,0.01386709085409,-0.00360044121689943
-0.105693255007246,-0.0482779676875292,0.0116376454070932,-0.0884614266485979,-0.0126397185146632,0.0141093518559741,-0.00181952933720028
-0.0372721535952917,0.0421655362311296,0.0119769992623584,-0.120391340092767,-0.0129325992768066,0.0143377950264892,-6.72220854797381e-05
0.0271580830066233,0.128413770977679,0.0123515645641468,-0.150965263092011,-0.0130969191338219,0.0145145829333511,0.00159527366801193
0.0873264801702595,0.21045273636279,0.012737196512179,-0.180032366057254,-0.0131673327080122,0.014607910569526,0.00312708912884314
0.143232244511119,0.288438188027369,0.0131227478463117,-0.207480152910191,-0.013167668181196,0.0145924536792076,0.00450171056716747
0.195067996269765,0.362513294765475,0.0135070294461242,-0.233165827087671,-0.0131092836838861,0.0144494056222049,0.00570046114074515
0.243137122071936,0.43269666022548,0.0138934547191064,-0.256882395595162,-0.0129938085331056,0.014167328926331,0.00670813733019467
0.287810992742782,0.498864442500455,0.0142846790320632,-0.278370642773427,-0.012817652407966,0.0137437443339402,0.00751163394580959
0.329513480506095,0.56080313740152,0.0146782662772944,-0.297366088740132,-0.0125768223283895,0.0131865188336866,0.00810073955204004
0.368707797974621,0.618295111149796,0.0150640400199519,-0.313660369077097,-0.012271059315338,0.0125140102098123,0.0084698533357346
0.405871981879553,0.671202169183489,0.0154236042367323,-0.327155105255488,-0.0119064494197469,0.0117533712231325,0.00861955408072382
0.441463185015916,0.719521111490535,0.0157320833160599,-0.337890571913369,-0.0114959777432231,0.0109371363689828,0.00855730701637023
0.475879643471858,0.763398180447046,0.0159615114279593,-0.346041061488092,-0.0110580808836768,0.0100988820466485,0.00829703690355799
0.50943098826501,0.803104477332603,0.016084841854415,-0.351880830631746,-0.0106138587918004,0.00926905077681183,0.00785773659240082
0.542323773368371,0.838986351474531,0.0160795059857285,-0.355733574874929,-0.0101839133854384,0.00847185080111113,0.00726156973761282
0.574663073261811,0.871409074035594,0.0159298085014783,-0.357920870668008,-0.0097856763059157,0.00772365024364139,0.00653197613908664
0.606466158291535,0.900708870117936,0.0156279613474331,-0.358721400611921,-0.00943171329048838,0.00703277540638238,0.00569214343175206
0.637682246638358,0.927161305039339,0.0151739837856684,-0.358346417081957,-0.00912908591525119,0.00640030834717122,0.00476399605796895
0.668212880874132,0.950967218579248,0.0145749093782513,-0.356931234691532,-0.0088795769505925,0.00582140196699495,0.0037676808698629
0.697929339317154,0.972253107899459,0.0138437576261331,-0.354539266386342,-0.0086804800635467,0.00528671681798023,0.00272144069298738
0.726685518991317,0.991081285543268,0.0129986235854227,-0.351174202959472,-0.00852567212290667,0.00478373300981929,0.00164174984191628
0.754326304469385,1.00746542180961,0.0120620854391389,-0.346796519254718,-0.00840676171817044,0.00429783344999672,0.000543605848218496
0.780692411585738,1.02138819654733,0.0110609723551029,-0.341341656639104,-0.00831419189390548,0.00381316119789586,-0.00055909812516058
0.805623161317827,1.03281900317502,0.0100263931069044,-0.334738354192619,-0.00823824262009596,0.00331331978168906,-0.0016531704288627
0.828958751206924,1.04173058414492,0.00899380732648108,-0.326926364586434,-0.00816991994958154,0.00278201747156969,-0.00272572225878199
0.850543464014439,1.04811399701363,0.00800283185495142,-0.317873095055892,-0.00810173408978511,0.00220376239385922,-0.00376380127994514
0.870230941641762,1.05199142399795,0.00709642604853123,-0.307588582743713,-0.00802836200287534,0.00156469938817903,-0.0047540863206581
0.887892154654415,1.05342613230372,0.00631911325181529,-0.296137749925791,-0.00794716830529238,0.000853642275605156,-0.00568267755034621
0.903425993799411,1.05252851187975,0.00571399976297088,-0.28364826280932,-0.00785852986199109,6.32951276751147e-05,-0.00653502463096903
0.916771506564644,1.04945676672627,0.00531857473618546,-0.270311800449201,-0.00776588574322242,-0.000808426663226907,-0.00729604168854373
0.927919790399932,1.04441078136097,0.005159620645901,-0.256376480908731,-0.007675428721731,-0.00175716236967495,-0.00795045557056994
0.93692267892583,1.03761821421065,0.0052479902506654,-0.242128961730974,-0.00759538123735053,-0.00277123703511059,-0.00848341423764836
0.943895002352623,1.0293131744362,0.00557439532095294,-0.227866560997047,-0.00753486679230781,-0.0038314828064233,-0.00888133829762325
0.949007792125349,1.01970982200698,0.00610752053756882,-0.213862464350826,-0.0075024923419715,-0.00491203293195049,-0.0091329325033085
0.952471546635998,1.00897535267022,0.00679553705484607,-0.200329932502925,-0.00750487196019291,-0.005982208269713,-0.00923020248549404
0.954511297255994,0.997208162916369,0.00757137713612415,-0.187393161222213,-0.00754540013927467,-0.00700935021842795,-0.00916927610007888
0.95533784463196,0.984426626993435,0.00836110505617682,-0.175071903805938,-0.00762357573789575,-0.00796216518072818,-0.00895084020507307
0.955121031381025,0.970571576323149,0.00909376092621912,-0.16328384252919,-0.00773506451777089,-0.00881395471254175,-0.00858008304404804
0.953970500520177,0.955521965495009,0.00971058630337925,-0.151863991133392,-0.0078724997027262,-0.00954510911181915,-0.00806615573945494
0.951927173677978,0.939119776375432,0.0101717772440711,-0.140596017509135,-0.00802682827479598,-0.0101444493008645,-0.00742128455533791
0.948965647630326,0.921198298190138,0.0104597224485275,-0.129247999939597,-0.00818889081781003,-0.0106093234924903,-0.00665973265579542
0.945005099555703,0.901608036823763,0.0105786901786014,-0.117605361702384,-0.00835091073856081,-0.0109446680955231,-0.00579680907673645
0.939924941703448,0.880236185178832,0.0105517308237741,-0.105495914937167,-0.00850764806673952,-0.0111614248396325,-0.00484806962930986
0.933581489473946,0.857017842226934,0.0104159451548931,-0.0928048109152984,-0.00865709385127846,-0.0112747397425688,-0.00382878206470325
0.925822872516187,0.831939102954641,0.0102172368553294,-0.0794796161832107,-0.00880069220489239,-0.0113022894389591,-0.00275366465791223
0.916500730802062,0.80503329600261,0.0100053681752514,-0.0655271570765465,-0.00894314763739814,-0.0112629472271068,-0.00163686738758915
0.90547843154716,0.776372005399017,0.00982974529084608,-0.0510041945097569,-0.00909189943539828,-0.0111758668378684,-0.000492148075036973
0.8926363858191,0.746052330342826,0.00973600871034492,-0.0360037197601585,-0.00925633343075077,-0.0110599543421378,0.000666805262556984
0.877875491533724,0.714181446702274,0.00976326692635182,-0.0206380998805192,-0.00944677267338917,-0.0109336238870975,0.0018259489184975
0.86111983333593,0.680859242323578,0.00994171539858517,-0.00501980805687656,-0.00967326126169082,-0.0108146851641048,0.00297039295205683
0.842319593568922,0.646159839612713,0.0102904302726998,0.0107596681929008,-0.00994414750811423,-0.010720181944453,0.00408388534304854
0.821454712991431,0.61011334942657,0.0108153074449497,0.026651731572888,-0.0102644996565082,-0.0106659900794033,0.00514832379475801
0.798539206529975,0.572690261095429,0.0115074072598542,0.0426713002926572,-0.010634461934232,-0.0106659995417957,0.00614337652190595
0.773625227704077,0.533792281185053,0.0123423017443866,0.0589124129318516,-0.0110477830053052,-0.0107307700664353,0.00704633675636
0.746805128825925,0.493254648548256,0.0132812794180951,0.0755533357549762,-0.0114909006159065,-0.0108656912085836,0.00783238274170298
0.718209204256643,0.450864964926968,0.0142752445411882,0.0928449120631126,-0.0119430809184906,-0.0110689082659937,0.00847543545882525
0.687997032082243,0.406401112834504,0.0152716408521363,0.111077561166305,-0.0123780775190354,-0.0113295584792054,0.0089497508439031
0.656341812916246,0.359685144951207,0.0162236707043472,0.130527663987871,-0.0127674762570144,-0.0116270765428759,0.00923220627373697
0.623409794195348,0.310642208054049,0.0170997695525574,0.151392538196202,-0.0130853076123744,-0.011932286916688,0.00930495324624217
0.589339757441968,0.259347290843385,0.0178904479258575,0.173731350997475,-0.0133128340602854,-0.0122105622590706,0.00915782445400947
0.554228896730238,0.206042714276721,0.0186099918135413,0.197431704395191,-0.013442048632127,-0.0124265726861558,0.00878979598544885
0.518129916344855,0.151117992658853,0.0192922538911451,0.22221471549596,-0.0134766984379907,-0.0125494411725307,0.00820904585146465
0.481060276188551,0.0950574677047089,0.0199820285857586,0.247677483072451,-0.0134305378208403,-0.0125568934649121,0.00743164170960341
0.443020400148384,0.038372442709142,0.0207249837251099,0.273358360668666,-0.0133235479279075,-0.0124374080099041,0.00647936665942719
0.40401557751374,-0.018462401638499,0.0215590790154153,0.29880452689281,-0.0131774735715487,-0.0121901738558496,0.00537739999198931
0.364076926878334,-0.0750536609471329,0.0225091419132001,0.323624437918494,-0.0130119999518566,-0.0118233949599324,0.00415246029804386
0.323279165093014,-0.131108894031912,0.0235847111361587,0.347515912985367,-0.0128424166999931,-0.0113518268736068,0.00283173466387292
0.281755477990424,-0.186432414403351,0.0247801702122964,0.370268602207941,-0.0126790574630413,-0.0107943731629519,0.00144264156053636
0.239711426034073,-0.24090158240424,0.0260758461166839,0.391744435915018,-0.012528410185534,-0.01017226446422,1.33024234626804e-05
0.197440053608917,-0.29442811650736,0.0274390245462756,0.411841335892369,-0.012395607448626,-0.00950796830719537,-0.00142647824877287
0.155339025528437,-0.346907902087193,0.0288244996249184,0.430445726484203,-0.0122879155665059,-0.00882463809563327,-0.0028439604846995
0.113927543253439,-0.39816282955942,0.030175124107043,0.447380348734028,-0.0122186765818547,-0.00814565137502151,-0.00420223843787367
0.0738560547090614,-0.447881043482934,0.0314236460890266,0.462357064113919,-0.0122107815372707,-0.00749365310004736,-0.00545944151560865
0.0358963189110567,-0.49556794851243,0.0324975823216246,0.474949637504798,-0.0122981684345089,-0.00688859182196325,-0.00656893186131375
0.000895933687505436,-0.540527061521897,0.0333284978641734,0.484605973230159,-0.0125233381688252,-0.00634462439004127,-0.0074811527154577
-0.0303155973597827,-0.581891453124902,0.0338654103908906,0.490716619005593,-0.0129291555445223,-0.00586648468432242,-0.00814759697673707
-0.0570691160636542,-0.618715779055732,0.0340893159090633,0.492739576004021,-0.0135450797963212,-0.00544669623994581,-0.00852669511993252
-0.0790246751639017,-0.650114218031628,0.0340233793204818,0.490350837859157,-0.0143715074785487,-0.00506525947815815,-0.00859033862489248
-0.0963243202526392,-0.675403007592579,0.0337331849206789,0.483561213975524,-0.0153693102464104,-0.00469264575816563,-0.00832886675330486
-0.109677176209418,-0.694198715751392,0.033314657119731,0.472738573544611,-0.0164616775930372,-0.00429535607092338,-0.00775252035145013
-0.120334543115982,-0.706444090272407,0.0328725340093425,0.458513049080221,-0.0175502858435237,-0.00384208453708556,-0.00688885270997
-0.12994003766803,-0.712365844764389,0.0324966883208846,0.441600770291829,-0.0185401860472757,-0.0033085810582278,-0.00577746560427216
-0.14028042420277,-0.712388385205553,0.0322447706988949,0.422620036776092,-0.0193630857108678,-0.00268034413742122,-0.00446436771741247
-0.153002570052952,-0.707029191606467,0.0321370829363589,0.401969505167448,-0.0199901626132118,-0.00195330749661282,-0.00299777667713745
-0.169378083647914,-0.696798657309148,0.0321645692390642,0.379801370989037,-0.0204314195062206,-0.00113318926958426,-0.00142601289554339
-0.190176899228601,-0.682127872146639,0.0323056910092209,0.356081622318858,-0.0207243799190987,-0.000234255569580505,0.000202784218608712
-0.215667252105418,-0.663347017084629,0.0325448185685437,0.330704741994242,-0.0209175893651119,0.000721954055591613,0.00183970498745108
-0.245719089053933,-0.640728029301641,0.0328843226287252,0.303624346653711,-0.0210539605435037,0.00170791019999388,0.00343344767234229
-0.279967709303551,-0.614587690805553,0.0333442564534562,0.274964699107154,-0.0211573573745919,0.00269207460751136,0.00492860347103819
-0.317991590857244,-0.585423858273592,0.0339469710438323,0.24508115721213,-0.0212246880492761,0.00364273830164146,0.00626463162124943
-0.359460615862526,-0.554031201436834,0.0346896858162107,0.214540034365002,-0.0212256042868289,0.00453447473484386,0.00737659829479725
-0.40421169973064,-0.521523567407462,0.035516080202151,0.184001102153671,-0.0211116089672362,0.00535631154537389,0.00819880472928447
-0.452216268966544,-0.48920124609637,0.0363051008402647,0.154022149588537,-0.0208341513529347,0.00611835250502599,0.00867181008730096
-0.503435803991494,-0.458266277135712,0.0368933670087566,0.12485887502084,-0.0203665849187834,0.0068523208267347,0.00875183884077235
-0.557621404891462,-0.429492729288619,0.037130187720642,0.0963663033372905,-0.0197204496622507,0.00760341562183774,0.00841967104368403
-0.614165088362976,-0.403026583242134,0.0369385709650572,0.0680735963187755,-0.0189473252156427,0.00841577100660899,0.00768526224355491
-0.672096776408261,-0.378440921220766,0.0363445458586646,0.0394069531757407,-0.0181250026598208,0.00931809214555573,0.00658584038229294
-0.730233143655661,-0.355022482408121,0.0354560110289791,0.00994730383295804,-0.0173356042751489,0.0103157592639533,0.00517859477570008
-0.787394217905226,-0.332135954840324,0.0344063244639028,-0.0203995249767261,-0.0166463749486632,0.0113909522170545,0.00353183079860003
-0.842585859393647,-0.309499280274746,0.0332968516747738,-0.051379530648923,-0.0160999880792677,0.0125073746419221,0.00171857400469366
-0.895095665473692,-0.287282739885077,0.0321658947324093,-0.0825024603509806,-0.015715199175829,0.0136147355974263,-0.000185413171269984
-0.944504867767904,-0.26602922467611,0.0309927507356617,-0.113242696487818,-0.0154950379190456,0.014650504428843,-0.00209945063762548
-0.990636870211598,-0.246436141650057,0.0297308947693473,-0.143276373691326,-0.0154388399723154,0.0155404925146351,-0.00393325497181665
-1.03344851834517,-0.229060064938648,0.0283561240696441,-0.172687835489057,-0.0155540129749883,0.0162033973146469,-0.00558247039101501
-1.07285628320174,-0.214046514579724,0.0269084084686229,-0.202037782238733,-0.0158617218162343,0.0165654929436687,-0.00692854984062503
-1.10851312506338,-0.201053866853501,0.0255000687055331,-0.232157872624526,-0.0163889718486091,0.0165871410777262,-0.00784820571717893
-1.13961844721833,-0.189539497087913,0.0242718970900784,-0.263629729382551,-0.0171431216851688,0.0162909314129776,-0.00823528601999562
-1.16488580354199,-0.179357137525021,0.0233170360265263,-0.296176993219002,-0.0180777672709646,0.0157691762453926,-0.00802923858547589
-1.18271156281977,-0.171232623395352,0.0226341446360792,-0.328429049903671,-0.0190728948947712,0.0151539729406595,-0.00723475384893419
-1.19142549422618,-0.166575738276275,0.0221550975580321,-0.358324118282166,-0.0199486637746497,0.0145614465946457,-0.00592014132505101
-1.18947519442252,-0.166552593470119,0.0218165658853039,-0.383886745588547,-0.020510096714553,0.0140445767408905,-0.00419824683890751
-1.17556205368966,-0.170990337082754,0.021599851651145,-0.403846528875556,-0.0206030771064254,0.0135787155724346,-0.00220444712686906
-1.14885596132139,-0.177904588217657,0.0215038909180751,-0.417813970543368,-0.0201612375419866,0.0130767534799196,-8.16282399447383e-05
-1.10927039743446,-0.184073749817522,0.0214904485436353,-0.426106271344372,-0.0192258603625353,0.0124179995579865,0.00202723586919531
-1.05756007843449,-0.186373524546864,0.0214706355152229,-0.42944999110406,-0.0179256184485703,0.0114802643331274,0.00398262641405098
-0.995044020672684,-0.183027421955197,0.0213627425614132,-0.428693962319881,-0.0164227588257088,0.0101733568136119,0.00565221826621472
-0.923063078163914,-0.174011723128075,0.0211802578260084,-0.424548312667368,-0.0148579251788002,0.00847261685736132,0.00691813918865767
-0.842517855512793,-0.160496253691741,0.0210692949039884,-0.417358873663894,-0.0133273949909575,0.00644229058255901,0.00768924193382309
-0.753777449704449,-0.143829244014428,0.0212450182272037,-0.406998880283153,-0.0118973056953273,0.00423078716619576,0.00791590844191566
-0.656976420952619,-0.124759185074367,0.0218615202019064,-0.392976388223744,-0.0106284106847111,0.00202860132366329,0.00760010927066771
-0.552447712579191,-0.1032933833193,0.0229163300783622,-0.374740029698836,-0.00958254658054498,5.66106933613483e-06,0.00679315661305609
-0.440989466191343,-0.0790842977483259,0.0242645781187398,-0.352016267913268,-0.0088065670971336,-0.00173741555955239,0.00558086371409051
-0.323856987581053,-0.0519267224319551,0.0257219083193381,-0.324997006167513,-0.00831137989027785,-0.00318196458048029,0.00406410999014427
-0.202586642991462,-0.022033642151592,0.0271728304207761,-0.294327429025189,-0.00806322078268813,-0.00437332168379372,0.00234374495737079
-0.0788085752781408,0.00997644160534425,0.0286185323821217,-0.260969006975717,-0.007990797687295,-0.00539226781087476,0.000513554271438946
0.0458758609743593,0.0432803704958134,0.0301495869074083,-0.226030083120983,-0.00800255601025164,-0.00633115171442736,-0.00133988833992468
0.169963652118447,0.0771211668084039,0.031864134530063,-0.19060057030031,-0.00800744702877504,-0.00727851713722089,-0.0031334757155148
0.292110416149215,0.111067337841407,0.0337652596808654,-0.155579118562557,-0.00793503455557674,-0.0083082490363913,-0.00478279380692139
0.411206740823114,0.145191539507806,0.0356787752791747,-0.12148646182912,-0.00775168130480681,-0.0094675886511739,-0.0061988263980441
0.526452845515806,0.180080930030726,0.0372402809679512,-0.0883143588973184,-0.00746818084505605,-0.0107619980730839,-0.0072888976064959
0.637374804161101,0.216596271925655,0.0379910647112763,-0.0555204729762644,-0.00713332147192244,-0.0121422294625074,-0.00796484744257379
0.743725718696995,0.255400822465133,0.037569330803244,-0.0222669271997562,-0.00681187319646825,-0.0135057529889767,-0.00815917946347508
0.845281191218835,0.296479449632262,0.0358961870368131,0.0121421902056954,-0.00655592261409238,-0.0147221218128913,-0.00784361233449319
0.941634016703052,0.338976333779725,0.0332200865306237,0.0478578156620515,-0.00638739439504071,-0.0156753601038588,-0.00703900983998122
1.03211421283058,0.381489056041219,0.0299777016901473,0.0843707589860712,-0.00630380841189686,-0.0162998640949785,-0.00580961296477999
1.11586597051712,0.422605005210087,0.0265770011006539,0.120722341048376,-0.006300663612849,-0.01659038394213,-0.00424607485578223
1.19200579893873,0.461329527334036,0.023248977161179,0.155856259324569,-0.00639203999905677,-0.0165876298602553,-0.00244836444045427
1.25976990575241,0.497218942085636,0.0200303375301203,0.188905895559121,-0.00661611523352935,-0.0163552274587527,-0.000516015479076315
1.31861046413002,0.530245989484737,0.0168466819344152,0.219331149327607,-0.00702388842170149,-0.0159613077479918,0.00145361037719753
1.36824344321229,0.560513416065757,0.0136336381867917,0.24692066849101,-0.00765627301858808,-0.0154682142654905,0.00336221046034754
1.40865421675317,0.587928720902064,0.0104411870958749,0.27170053864547,-0.00851699947701256,-0.0149266778245128,0.00510669479590286
1.44004861846589,0.611953047584102,0.00747783546470998,0.293776359992819,-0.00955141911497276,-0.0143693698558496,0.0065788899293847
1.4627310896787,0.631558622745856,0.00506387164340867,0.313139501276907,-0.0106447002592522,-0.0138024580086062,0.00767274015429443
1.47692632150062,0.64549550530431,0.00349890601767941,0.329512177734409,-0.0116497381320624,-0.0132002956555135,0.00830025380836473
1.48262536202045,0.652798693191036,0.00291066644485078,0.342339297095481,-0.0124380599079659,-0.0125116916257126,0.00841128168381607
1.47956207961674,0.653244430276193,0.00318640374906025,0.350969562886045,-0.0129453045934627,-0.0116799353149419,0.00800665824773543
1.46735283114186,0.647440786164494,0.00403596383625456,0.354919585961635,-0.0131816637996773,-0.0106666405760245,0.00713647754116814
1.44571860983579,0.636502161654999,0.0051332983041221,0.35404342797749,-0.0132043896960372,-0.00946523985721126,0.00588507835547493
1.41467181834157,0.62154920638465,0.00623726404144474,0.348525668727452,-0.0130766530019526,-0.00809886471035486,0.00435192354911193
1.37460515760271,0.603325536576553,0.00723522481970017,0.338759613675678,-0.012839142909658,-0.00660870545749014,0.00263673020336389
1.32628556317388,0.582071697135473,0.00811841169930432,0.325220852222443,-0.012504383675621,-0.00504216802576407,0.000831750564121401
1.27077839762195,0.557636741177597,0.0089280530050421,0.308401411740106,-0.0120685993067639,-0.00344600475918099,-0.000980084216610302
1.20932081278783,0.529731353427008,0.00970568136356906,0.288807978651016,-0.0115305151833734,-0.00186421779409362,-0.00272381518422278
1.14316018175424,0.49821330001143,0.0104639110674488,0.266992553183982,-0.0109078049867726,-0.000337641455420107,-0.00433038286799743
1.07338542174277,0.463306465711308,0.011180429648479,0.243575371927679,-0.0102452280119663,0.00109790157323764,-0.0057357209579729
1.00079666076406,0.425677010930577,0.0118102300433396,0.219228516817413,-0.00961175488569168,0.00241604306230803,-0.00688216730226051
0.925864095113619,0.386332871716603,0.012306977216853,0.194610968371631,-0.0090872242210586,0.00360543561750839,-0.00772235585162334
0.848805322746833,0.346379426767029,0.0126428684506727,0.170276671071218,-0.00874268122280209,0.00467310132620958,-0.00822455802930499
0.769762135229983,0.306732721891299,0.0128183183478373,0.14659997740759,-0.0086216260171737,0.0056425491903019,-0.00837746064123404
0.689005899823145,0.26791868972617,0.0128585732578624,0.123758396625277,-0.00872975775469747,0.0065463320218308,-0.00819224618119781
0.607082098889846,0.230043262017608,0.0128013326487215,0.101780429136368,-0.00903709315969484,0.00741596723020542,-0.00770086189664964
0.52483840745884,0.192926354503408,0.0126832484415188,0.0806306727184712,-0.0094903295799137,0.00827349470122212,-0.0069509893647188
0.44334402662329,0.156314537584071,0.0125316132772818,0.0602911015150849,-0.0100290049617344,0.00912754242666271,-0.00599943781678773
0.363753533354822,0.120069184054433,0.0123627951396486,0.0408092084298232,-0.0105989330073468,0.00997408219861657,-0.00490581987709037
0.287168319246886,0.0842627139297968,0.0121850608730578,0.0223040990277728,-0.0111595736245837,0.0108001799303962,-0.00372755735296211
0.21451577369294,0.0491660694493585,0.012002433231589,0.00493618839167148,-0.0116855629285469,0.011588799272,-0.00251617695128383
0.146438673806368,0.0151475278024134,0.0118174046008179,-0.0111463747537216,-0.0121645586832327,0.0123233976050723,-0.00131425416403445
0.0832005185784212,-0.017469843447932,0.0116319871306035,-0.0258638057199479,-0.0125936444393092,0.0129914944554759,-0.000152829508866643
0.0246567995684868,-0.0485223160688123,0.0114477025764463,-0.0392359995700805,-0.0129756426170677,0.0135863250893586,0.000949647550102464
-0.029659041780071,-0.0780331816601318,0.0112654098404723,-0.051372395345654,-0.013315896994686,0.0141061086420368,0.00198556801314469
-0.0803684277253,-0.106159268328261,0.0110854456943806,-0.0624332848896791,-0.0136198400157889,0.0145517831607852,0.0029541316971178
-0.128093005181317,-0.13311434767788,0.0109079918251618,-0.0725920207305602,-0.0138915431903985,0.0149248238224846,0.00385718219695964
-0.173369355690883,-0.159115848584489,0.0107334192892505,-0.0820148185988269,-0.0141331431126528,0.0152260775304464,0.00469647057317116
-0.216625630347166,-0.18436220819447,0.0105625031967335,-0.0908561144105843,-0.0143448130632978,0.0154555495369215,0.00547243734304218
-0.25819000208374,-0.209028810376987,0.0103965219610295,-0.0992611893555705,-0.0145249899036126,0.0156127242602173,0.00618393359415192
-0.29830891437871,-0.233270834082351,0.0102372775548959,-0.107369984652469,-0.0146707095079106,0.0156970980743255,0.00682837740927861
-0.337165111703573,-0.257226654328899,0.010087055981977,-0.115319237706855,-0.0147780057742753,0.0157087552230075,0.00740207928729234
-0.374892435921494,-0.281019278790224,0.0099485316901045,-0.123241996517648,-0.0148423678606914,0.0156489031067064,0.00790062817369091
-0.411587255354568,-0.304755268593983,0.00982461476120013,-0.131264505714972,-0.0148592518880644,0.0155203136766781,0.00831930016114575
-0.447317261814648,-0.328521525642864,0.00971824354451223,-0.139500958788399,-0.0148246279815923,0.015327625417921,0.00865347315656131
-0.482128437884919,-0.352380794866274,0.00963213463972139,-0.148046951652687,-0.0147355237009224,0.0150774657438561,0.00889903028348295
-0.516050822709574,-0.376366976132344,0.00956851322786746,-0.156972720865821,-0.0145905089834004,0.0147783662053272,0.00905272797982115
-0.549103466109812,-0.400481395594784,0.00952885616305056,-0.166317359745775,-0.0143900618200592,0.0144404652122262,0.00911249950337796
-0.581298738289838,-0.424691037356383,0.00951368448532948,-0.176085117140178,-0.0141367616544963,0.0140750221464136,0.0090776654152077
-0.612646011932706,-0.448929393501834,0.00952243839851098,-0.186244577270482,-0.0138352788226412,0.0136937959416378,0.00894903119858155
-0.643154572801248,-0.473100118880456,0.00955345937167959,-0.196731031569157,-0.013492158173288,0.013308363452651,0.00872886638772966
-0.672835760372837,-0.49708313720196,0.00960408162319728,-0.207451812902327,-0.0131154277770609,0.0129294586450008,0.00842077761475425
-0.701704176658396,-0.520742468834863,0.00967082624468329,-0.218293871976158,-0.0127140861831962,0.0125664069898073,0.00802950124893983
-0.729778042117811,-0.543934792684143,0.0097496700625228,-0.229132583749999,-0.0122975357011542,0.0122267062713704,0.00756065103604613
-0.757078810184768,-0.566517754337976,0.00983635513772634,-0.239840699056151,-0.0118750268778822,0.0119157769731976,0.00702045679932362
-0.783630238664571,-0.588357204713155,0.00992670209487786,-0.250296495182858,-0.0114551671061569,0.0116368775454834,0.00641552483740729
-0.809457156791929,-0.60933283123578,0.010016893560544,-0.26039044961371,-0.0110455281998131,0.0113911584877631,0.00575264123048866
-0.834584171684047,-0.629341942701181,0.0101037000567574,-0.270030075250891,-0.0106523691682328,0.0111778169307649,0.00503862892920981
-0.859034531590734,-0.648301421209972,0.0101846272670494,-0.279142837342447,-0.0102804751277295,0.0109943101566542,0.0042802606715405
-0.882829317280802,-0.666148025924817,0.0102579689078082,-0.287677277917097,-0.00993310301051347,0.0108365902611893,0.00348422364408055
-0.905987075303348,-0.68283731735438,0.0103227528479415,-0.295602589081023,-0.00961201949292457,0.0106993303261375,0.00265712854304823
-0.928523943648634,-0.698341481525634,0.0103785700233667,-0.302906911345045,-0.00931761526747658,0.0105761226884337,0.00180555471133395
-0.950454255099787,-0.712646295206363,0.0104252773936857,-0.309594609074722,-0.00904908092409599,0.0104596405041466,0.000936123429723668
-0.971791535650446,-0.725747410682458,0.0104625695260196,-0.315682716839024,-0.00880463181906161,0.0103417639095519,5.5592387092058e-05
-0.992549747191181,-0.737646076490303,0.0104894205509924,-0.321196682857299,-0.00858177113591091,0.0102136812962007,-0.000829034933636003
-1.01274455312076,-0.74834436711121,0.0105034114185162,-0.326165479623274,-0.00837758099026422,0.0100659844506849,-0.00171039110554019
-1.03239431777184,-0.757839988977502,0.0104999784530649,-0.330616127234261,-0.00818903024748248,0.00988878339805986,-0.00258062484218476
-1.05152049326344,-0.76612077755745,0.010471649137845,-0.334567699592378,-0.00801328443438509,0.00967187224139219,-0.00343128829887669
-1.07014701069264,-0.773159110023345,0.0104073689372259,-0.338024971314855,-0.00784799791706808,0.00940498005360464,-0.00425324360616188
-1.08829829877809,-0.778906633027148,0.0102920647232009,-0.340972022489099,-0.00769156210863554,0.00907813909951666,-0.00503660468143838
-1.10599562461078,-0.783289927930682,0.0101066272776096,-0.343366342890787,-0.00754327743340655,0.00868219384460055,-0.00577073470187191
-1.12325161720835,-0.786207963225893,0.00982851281325203,-0.34513423754338,-0.00740341351431544,0.00820945557781078,-0.00644432314800744
-1.14006311861703,-0.787532337845442,0.00943314170481398,-0.346168568142594,-0.00727312475743293,0.00765447716204399,-0.00704556717026315
-1.15640290674699,-0.787111288193773,0.00889619051804114,-0.346329967445317,-0.00715420056040571,0.00701488138751395,-0.00756247747357506
-1.1722113080141,-0.784778099943111,0.00819671752715638,-0.345452509880735,-0.00704865299169373,0.00629213053277869,-0.00798331644973313
-1.18738915817385,-0.780363862469911,0.00732083999298439,-0.343354301013405,-0.00695817919039102,0.00549208648024964,-0.00829715455957191
-1.20179381120337,-0.773713479541963,0.00626543546726233,-0.339852537838219,-0.00688357513169884,0.00462519764931261,-0.0084945019561884
-1.21523975692645,-0.764702730449732,0.00504114758078029,-0.334781428509003,-0.00682421049554299,0.0037061780668323,-0.00856794261846069
-1.22750477339626,-0.753253345996962,0.00367393432443621,-0.328010267282479,-0.00677768688354019,0.00275312210570248,-0.00851267829348484
-1.23834146802075,-0.739342934335915,0.00220457242338714,-0.319458367645614,-0.00673978221488361,0.00178611351616526,-0.00832689016543948
-1.24749281829687,-0.723007387865777,0.000685919283653975,-0.309103813016401,-0.00670473165997761,0.000825506922463923,-0.0080118526245431
-1.25470931565334,-0.704334987175383,-0.000821766861098198,-0.296984149131201,-0.00666582269645809,-0.000109857797171836,-0.00757178099881149
-1.25976491455065,-0.683453294477341,-0.00225670190845738,-0.283188896357965,-0.00661621184617088,-0.00100423435324808,-0.00701344931631191
-1.26246933912516,-0.660511458020911,-0.00356165907163655,-0.267845528004184,-0.00654982645280614,-0.00184612800629577,-0.0063456575125895
-1.26267525277879,-0.635661258551126,-0.00468930731910706,-0.251101782762738,-0.00646220868844963,-0.00262892717472127,-0.00557864775119928
-1.26027999323179,-0.60904001792811,-0.00560611773502584,-0.233107564562372,-0.00635118736712366,-0.00335102073128503,-0.00472356481148127
-1.25522262715635,-0.580757613699306,-0.0062945273948182,-0.213999290895255,-0.0062173105906152,-0.00401550341048815,-0.00379203324956021
-1.24747772004776,-0.550888735007711,-0.00675340229656692,-0.193888693451635,-0.00606401974832702,-0.00462961589406432,-0.00279589567571062
-1.23704737025349,-0.51947056802751,-0.00699706915634654,-0.172857126947849,-0.00589757823803352,-0.00520406376808273,-0.00174713155725903
-1.22395279220785,-0.486505538082273,-0.00705325065077896,-0.150955684353051,-0.00572677976358212,-0.00575232216562707,-0.000657959078218194
-1.20822620314047,-0.451968609876532,-0.00696015276710652,-0.128210976547225,-0.00556245235180985,-0.00628997477165752,0.000458886031176181
-1.18990313062075,-0.41581885135129,-0.00676276506764179,-0.104636273908862,-0.00541675236272459,-0.00683406859995212,0.00158970447717585
-1.16901466466576,-0.37801530477649,-0.00650821713824982,-0.0802476673482228,-0.00530221943925693,-0.00740239706369825,0.00271923364774188
-1.14557877407398,-0.338537405731379,-0.00623988250693344,-0.0550847313702141,-0.00523055495650659,-0.00801256001295735,0.00382991755483057
-1.11958976253827,-0.297409876418324,-0.00598995996524325,-0.0292345290312638,-0.00521111488782967,-0.00868060300484453,0.00490109495197529
-1.09100547151333,-0.254730755789169,-0.00577064377733745,-0.00285634479346077,-0.00524919889204658,-0.00941903560631694,0.00590820521210244
-1.05973315989506,-0.210698634605118,-0.0055648546325975,0.023797920440175,-0.00534439103926674,-0.0102341181296848,0.00682219896014347
-1.02561715124914,-0.165631320105485,-0.0053188338884713,0.0503758437884969,-0.00548945291514197,-0.0111225531257752,0.00760946090265769
-0.988433885788805,-0.119964345061821,-0.00494032336224661,0.0764394194300042,-0.00567049981659233,-0.0120681665315201,0.00823266331946016
-0.94790162178843,-0.0742171187723958,-0.00430659230266974,0.101511499480644,-0.00586920296837234,-0.0130397435555271,0.00865296259414998
-0.903710563735993,-0.0289214636267086,-0.00328484278030778,0.125153361591598,-0.00606728344670072,-0.0139915929789367,0.00883367583429416
-0.855572984748537,0.0154761887590737,-0.00176274490560778,0.147056424382918,-0.00625248639838946,-0.0148681264422068,0.00874496328935409
-0.803283232288993,0.0587073500465576,0.000319487951990247,0.16711433041394,-0.00642394426390269,-0.0156123799215147,0.0083683179846113
-0.746769961872114,0.100727474949442,0.00294778143146898,0.185438385949285,-0.0065942969193177,-0.0161763717142214,0.0076993650602653
-0.686124291348749,0.141687474289646,0.0060329755233285,0.202298486244198,-0.0067869250178818,-0.0165298008873954,0.00674804302632653
-0.621598928747271,0.181835023568844,0.00943003234375489,0.218004749753095,-0.00702884744878236,-0.0166640795273094,0.00553646689044792
-0.553587390004612,0.221380324497943,0.0129688774162617,0.232770852541536,-0.00734183636352619,-0.0165909012933381,0.00409584314613864
-0.482599414637471,0.260371557407757,0.0164847356049721,0.246604329004217,-0.00773492552554643,-0.0163369621517662,0.00246406592384076
-0.409244277257126,0.29861660901657,0.0198392257914469,0.259256930241971,-0.00820079696477326,-0.0159376282129569,0.00068514202926777
-0.334220510135251,0.335673496509369,0.0229301125204162,0.270254765052538,-0.00871749978060287,-0.0154319590832514,-0.00118910560535403
-0.25829479739915,0.370922627037377,0.025693321361339,0.279021606495924,-0.00925635810477501,-0.0148600043359218,-0.00309515976663116
-0.182243756189106,0.403725988145374,0.0281028836304982,0.28510054189652,-0.0097965701290358,-0.0142611894963439,-0.00495237424068085
-0.106745837542529,0.433653309873125,0.0301713012712192,0.288443794704426,-0.0103455317623627,-0.0136703946289849,-0.00665762620768163
-0.032264666842699,0.460691621061017,0.0319447385751181,0.289654387652814,-0.0109592792791697,-0.0131074429963816,-0.00808393822644505
0.0409542281066536,0.485264332783402,0.0334812098076146,0.289957864054822,-0.0117492156704687,-0.0125593140168202,-0.00908988850064344
0.112648265971798,0.507874856681289,0.0348105373162401,0.290710007373726,-0.0128562929749816,-0.0119646492618611,-0.00954578227289602
0.182154273877555,0.528423009416851,0.0359052527995956,0.292582772596706,-0.0143880460561344,-0.0112197660139387,-0.00937128164739758
0.248272907893649,0.545646017335038,0.0367021997543888,0.295019731891681,-0.0163507101474001,-0.0102163228024063,-0.00856294124114299
0.309704112016524,0.557217176424579,0.0371670573079339,0.296485963815636,-0.0186293015009478,-0.0088909973155375,-0.00719157348521028
0.3658454080172,0.560542303507689,0.0373422485369169,0.295337486734295,-0.0210338173834175,-0.00725147437501756,-0.00537388521059862
0.417395749919626,0.553777645178944,0.0373379459926201,0.290622240786587,-0.0233756146565261,-0.00536515590513721,-0.00324088041471632
0.466396730989191,0.536567436308344,0.037281283589732,0.282314470274566,-0.0255257508081389,-0.00332958949014296,-0.000919788960211127
0.515727407117705,0.510254346714422,0.0372617838422479,0.270961893853751,-0.027431684366862,-0.00125092143760679,0.001467603346906
0.568311232172686,0.477502285006721,0.037301982994676,0.257008760637134,-0.0290918488137772,0.000760507184330169,0.00379477236823486
0.626340304156688,0.441380782688437,0.0373695442061319,0.240130021357615,-0.0304997495508893,0.00258975386761145,0.00591555545180501
0.69072974413847,0.40415410203163,0.0374341117537086,0.218956355094553,-0.0315841285124524,0.00413434128673173,0.00765503232540387
0.760900559246142,0.366373386699124,0.0375417961540899,0.19159071233523,-0.0321934772988361,0.00534818606681931,0.00882072905617943
0.834946465698871,0.327105620945631,0.0378362204651576,0.156967665201141,-0.0321702191177426,0.00628438625275617,0.00924439737249467
0.910171061071332,0.285518569906715,0.0384673176310502,0.116185850187066,-0.0314853186746308,0.00708314084785265,0.0088410132007534
0.983756663031216,0.24255470814878,0.0394516786136835,0.0724427268782166,-0.0303087086071198,0.00789350026946981,0.00764391940535775
1.05321091378425,0.200969878008526,0.0406382529815864,0.0294093679042623,-0.0289307747163628,0.0087943410057912,0.00578691996146896
1.11651293178612,0.163748964995741,0.0418196441821369,-0.010455821393501,-0.027608449173563,0.00977664641756049,0.00345313573877519
1.17215000412624,0.132526763475376,0.042866552917577,-0.0463538939956226,-0.0264664863887056,0.0107728791413808,0.000832771324178165
1.2191221058215,0.107197104901779,0.0437704205329291,-0.0784536919129775,-0.025499511184622,0.0116841976849313,-0.00189039999649764
1.25674267065982,0.0866758753400581,0.0445862747807191,-0.106843528466628,-0.0246428798681466,0.0123859181901457,-0.00452997742048169
1.28400857872994,0.0702089417414522,0.0453330988642698,-0.130757102855743,-0.0238671245566602,0.0127308068659023,-0.00688116031135144
1.29864519583849,0.0584421873224513,0.0459275937107749,-0.148515961564387,-0.0232501416582262,0.012585590675748,-0.00871774147611676
1.29668607929393,0.0532991445125973,0.0462238397465278,-0.158497256914848,-0.022966243064665,0.0119143010377811,-0.00982263984715671
1.27378221058067,0.0562325840099226,0.0461598637591101,-0.160782506340985,-0.0231592752781443,0.0108557282149655,-0.010054341158998
1.22790113060754,0.0661836991288865,0.04587417204839,-0.158067975566485,-0.023791278969274,0.0096967432633294,-0.00940621744515185
1.16087404140412,0.0794897719442046,0.0456482875706518,-0.154618154196192,-0.0246328294423345,0.00873012321453506,-0.00800200471815232
1.07714368613173,0.0918760199988842,0.0457384331881709,-0.15410614808184,-0.0254098681816715,0.00812022677902816,-0.00603420947363994
0.981162673389577,0.100414792045925,0.0462760704015161,-0.15830394791736,-0.0259499508496809,0.00787363545145203,-0.00370302221795646
0.875688419597489,0.103995353014509,0.0472941189002428,-0.167287023878218,-0.0262205388485966,0.00788719303275418,-0.00118717652359417
0.761674949499121,0.102594243864449,0.0488046600010654,-0.180334310969233,-0.0262819986722671,0.00800402730443279,0.00135896239961019
0.639241224846015,0.096260165741301,0.0508476386810435,-0.196592833641953,-0.0262182046131286,0.00804661456887294,0.00379496420263024
0.509030968464966,0.0844538913091416,0.0534781341151213,-0.215195416162968,-0.02608189742836,0.00783704432018151,0.00598016751575499
0.37340314128975,0.0660446892310204,0.0566983679079828,-0.235026079205171,-0.0258677655085954,0.00722892145525507,0.00776518782451847
0.236786711526684,0.0400116096595488,0.0603748336931302,-0.25454745114332,-0.0255209445344287,0.00616260411596221,0.00899914973481612
0.104580119665649,0.00647526279968659,0.0642169952572816,-0.272058776997248,-0.0249822030782787,0.00471976515403797,0.00955806748818168
-0.0190801101344599,-0.0327800434228522,0.0678792432622012,-0.286349256083796,-0.0242452249503984,0.00312122110151818,0.00938436688544861
-0.132999556908406,-0.0749144307304576,0.0711355343899192,-0.297178645225455,-0.0233783647602707,0.00163818202889963,0.00851016902234611
-0.238572415500444,-0.117329014296835,0.0739753636396753,-0.305072736322071,-0.0224882796399324,0.000470267165373236,0.00704395840428809
-0.337919039674482,-0.158563428627648,0.0765413570370592,-0.310630733402095,-0.0216590156648736,-0.000321193736078107,0.00513211932471608
-0.432246258673816,-0.198309064809001,0.078988844602774,-0.313942476790223,-0.020915654488854,-0.000799127297253779,0.00292374451997801
-0.521373908401429,-0.236925384451551,0.0813933001828123,-0.314424721445961,-0.0202272482199677,-0.00109888850908879,0.000554137134864095
-0.604185633559326,-0.27500092220765,0.0837596557814705,-0.311012721218759,-0.0195334061019836,-0.0013838258905729,-0.00185490118757871
-0.679402851557791,-0.313149156252262,0.0861130278172461,-0.302574368512178,-0.018777144539761,-0.00181954443699631,-0.00418564583369304
-0.746287166646334,-0.351912173633573,0.0886125468488901,-0.288489307820093,-0.0179363150761816,-0.00255289945737835,-0.00631252924096921
-0.805080538948958,-0.391560480314179,0.0916050793937332,-0.269297854304073,-0.0170481171182075,-0.00367741372663228,-0.00809366503826753
-0.85700930653211,-0.431713699806504,0.0955258943161082,-0.247089446186603,-0.0162135702058115,-0.00518205057974354,-0.00937398739494428
-0.903685362306871,-0.471002138018271,0.100620824744578,-0.22508570288451,-0.0155648742069492,-0.00691174262235977,-0.0100100531751944
-0.946060362336663,-0.507208514117208,0.106650542426387,-0.206217675028079,-0.0151985058775946,-0.00859206812788125,-0.00991598489146347
-0.983665892488095,-0.538055124425343,0.112874890842267,-0.191551122967969,-0.0151175625646876,-0.00993724292535158,-0.00910330519991908
-1.01486838308843,-0.562112670157897,0.118410484560531,-0.179938163380678,-0.0152358703424789,-0.0107743654857462,-0.00767878834083771
-1.03790961854607,-0.579123665383611,0.122663576885087,-0.169126330556162,-0.015440288770815,-0.0110903550270734,-0.00580163971686747
-1.05180797069165,-0.589673298004885,0.125504098406704,-0.157175812306254,-0.0156546124298927,-0.0109893283853742,-0.00363680010393458
-1.05658750764719,-0.594667250171987,0.127158030952429,-0.143173370503388,-0.0158635819971154,-0.0106210034862301,-0.00133047134234393
-1.05296817741146,-0.594969362996947,0.127991945093943,-0.127159954018462,-0.0160989935436471,-0.0101308952257163,0.0009930825480222
-1.04186071835871,-0.591238757462369,0.128324831419218,-0.109657977896425,-0.0164083735307314,-0.00964100555864255,0.00322472657464665
-1.02391146967545,-0.583866645021317,0.128308714764644,-0.0911373660118691,-0.0168220093361706,-0.00924645640984046,0.00526219942528763
-0.999239418947715,-0.572945457307085,0.127882453245395,-0.0716117542575698,-0.0173273234075268,-0.00901219346237828,0.00700510731913011
-0.967465539514812,-0.558285828885009,0.126808947841998,-0.0504901343865205,-0.0178587810116896,-0.00896288699197031,0.00835649181459638
-0.928066070651025,-0.53953850035115,0.124801009553886,-0.026768957911439,-0.0183116144615622,-0.00907124071184963,0.00923331595858913
-0.880913182573276,-0.51642846610949,0.12169413757472,0.000479906000788816,-0.0185792928929225,-0.00925850265962257,0.00958402324607559
-0.826682455310899,-0.488994797595501,0.117568407439624,0.0315813708452588,-0.0185972706136416,-0.00941702079267177,0.00940422198603117
-0.76683728270169,-0.457678885891051,0.112736591366873,0.0660300150789237,-0.0183658219147733,-0.00944740830718196,0.00873918307366889
-0.703209314753485,-0.423207688215667,0.107615670381572,0.102694231370893,-0.0179389735102932,-0.00928911656790824,0.00767018235699403
-0.637481197823246,-0.386373476370334,0.102580719518114,0.140261898098468,-0.0173923556612147,-0.00892911660084655,0.0062931972939551
-0.570861281530283,-0.347851313769377,0.0978827981460441,0.177632282653571,-0.0167930468072525,-0.00839099775954123,0.00470113321569485
-0.504023218965978,-0.308118168403335,0.093641753925361,0.21409760033406,-0.0161845899715591,-0.00771702555692228,0.00297478253203034
-0.43722179207518,-0.267455235849382,0.0898802350843691,0.249329108006934,-0.0155868012782023,-0.00695353053558721,0.0011814685297886
-0.370472392395768,-0.225987692608029,0.0865639477139386,0.283253555327029,-0.0150040823157782,-0.00614316196928432,-0.000621922885753192
-0.303727791468811,-0.18372854633317,0.0836304662515239,0.315894575395399,-0.0144366233017191,-0.00532268779147613,-0.00238430066841248
-0.237029852830478,-0.140614960751524,0.0810040824128906,0.347221309837192,-0.0138913052301229,-0.00452335295495068,-0.00405581146018903
-0.170630031523565,-0.0965408520514423,0.0786018607583643,0.377027362531053,-0.0133905183904114,-0.00377106572178205,-0.00558441923388284
-0.105065534890978,-0.0513947185014053,0.076337920971004,0.40486143964772,-0.0129771316680459,-0.00308478737638097,-0.00691451851645624
-0.0411640686611011,-0.00510598979256433,0.074131043847736,0.43003546383346,-0.0127133566592462,-0.00247306998292103,-0.00798847415215792
0.0200502638222741,0.0423115585976985,0.0719161859408451,0.451729157842351,-0.0126717025516583,-0.00193047211744907,-0.00875161976713788
0.0775472163638938,0.0907457706766228,0.0696553072674625,0.469178811969141,-0.0129188356039245,-0.00143681184365731,-0.00916010801402377
0.130518153501983,0.140026565135842,0.0673407146374234,0.481889089728795,-0.0134974633779544,-0.000961641088716839,-0.00918930453917512
0.178539302747686,0.190017925757645,0.0649877568160544,0.489775173619496,-0.0144142528892277,-0.000473495904726911,-0.00883933717660874
0.221585298267649,0.240719300845902,0.0626209039562086,0.493166188723364,-0.0156396950754713,4.98851098235378e-05,-0.00813526309437855
0.259886858478089,0.292319177643586,0.0602613949613658,0.492674706554488,-0.0171191582623013,0.000615140691841058,-0.00712192423064855
0.293709419873102,0.345168718745103,0.0579221803776708,0.489006787374277,-0.0187883047325178,0.00121297456885355,-0.00585603420863863
0.323156001995447,0.399685458573893,0.0556102902294089,0.482802528923724,-0.0205851964614408,0.00182259750015877,-0.00439866668078844
0.34806376567658,0.456222380773471,0.0533333359772079,0.474560366543854,-0.022455235339593,0.00241762749366999,-0.00281017487550369
0.368010850689788,0.514937297219248,0.0511068802555264,0.464648095152605,-0.0243496310980136,0.00297072720733024,-0.00114796002305784
0.382414116977997,0.575685605734316,0.0489607577715183,0.453371205882715,-0.0262205057605783,0.00345609727851353,0.000533569030182547
0.39068605607315,0.6379506848879,0.0469431990713215,0.441060130757662,-0.0280158252524741,0.00385055079513716,0.00218188831364142
0.392418704907028,0.70082293976332,0.0451215003171079,0.428142427490544,-0.0296762943770376,0.00413458891805888,0.00374514112605555
0.387562001276977,0.763035740839995,0.0435776234799251,0.415173902120685,-0.0311353088342191,0.00429468307688738,0.0051717112072601
0.376559937619146,0.823060108459949,0.0423973150979215,0.402811258302566,-0.0323225199245597,0.00432706823347592,0.00641127740704229
0.36040439527074,0.879250279046996,0.041652862146337,0.391721440766867,-0.0331712606234447,0.00424206013941606,0.00741767253891871
0.34057322706651,0.930021218789539,0.0413827378216203,0.382443526047651,-0.0336292377725861,0.00406675587256985,0.00815324965342853
0.318845522642781,0.974028017894538,0.0415749636863049,0.375244568146759,-0.0336701178134821,0.00384377904512623,0.00859366914907502
0.297031747321545,1.01030930334951,0.0421621620729814,0.370026276356049,-0.0333018506956677,0.00362509863733438,0.0087314528210965
0.276698287709432,1.03836015642179,0.0430325143458802,0.366327096293232,-0.0325676856512683,0.00346242259722541,0.00857683050541757
0.258973748030571,1.05811985192514,0.0440533693535805,0.363423578656903,-0.0315386762407681,0.00339760356868668,0.00815544682908088
0.244486703127678,1.06988880782578,0.0450980914117994,0.360490210849904,-0.0303003839220647,0.00345641398161815,0.0075037969769744
0.233425503030724,1.0742103822684,0.0460662716195295,0.35675760700485,-0.028938681281764,0.00364711225836014,0.00666397691107865
0.225668148484431,1.07175514111505,0.0468922383912685,0.351622775127971,-0.0275288599851064,0.00396298802607855,0.00567915535301628
0.220922959836944,1.06323140239107,0.0475427935241723,0.344695519465345,-0.0261298420110712,0.00438690661370995,0.00459047305733127
0.218839911635246,1.04932831924758,0.0480086803169049,0.335790765225632,-0.0247830512767056,0.00489597631354558,0.00343539694967641
0.219078289874118,1.03068588265054,0.0482946810683793,0.32488805095539,-0.0235143976989004,0.00546523179055596,0.00224718368421031
0.221334985645777,1.00788220677648,0.0484116856229991,0.312078777462051,-0.0223377540354434,0.00607002093912977,0.00105502307769629
0.225345918117659,0.981429768149296,0.0483721054147272,0.297515524665687,-0.021258736467963,0.00668729163303639,-0.000115496816200105
0.230873653652187,0.951775528219265,0.0481885145577128,0.2813710068601,-0.0202780989524457,0.00729617746137023,-0.00124184793174364
0.237691349881137,0.919302876132485,0.0478745890889267,0.263809346559193,-0.0193944233565615,0.00787827515484121,-0.00230409004061025
0.245569536930874,0.884335232823356,0.0474471460795938,0.244969564690781,-0.0186060064123166,0.00841789473596669,-0.00328454521458299
0.25426919591707,0.847141925726207,0.0469281474329303,0.224959876517612,-0.0179119556801233,0.00890241836882022,-0.00416765056804809
0.263542321087212,0.807946853555339,0.0463457800680948,0.20386079891242,-0.0173125648574074,0.00932276743817992,-0.00493998923590403
0.273139467088496,0.766939838435369,0.045734076842256,0.181734697799699,-0.0168090828601188,0.00967387382588433,-0.00559047283702084
0.282822488413407,0.724289742670926,0.0451309554259825,0.158639051074406,-0.016403038144644,0.00995499572760873,-0.00611062264082743
0.292379741295291,0.680157710203248,0.0445749711548001,0.13464044705012,-0.0160953256027813,0.0101697191474883,-0.00649487347042727
0.30164056619239,0.634708537888821,0.0441014247198347,0.109826392837765,-0.0158852902141132,0.0103255418857815,-0.00674081133534439
0.310486059501747,0.588118369274654,0.0437386471037196,0.0843125652191131,-0.0157700296383026,0.0104330315252912,-0.00684926097007131
0.318854017041911,0.540577622066984,0.0435052425817698,0.058244207837553,-0.0157440777023589,0.0105046534471286,-0.00682416687956011
0.326737298912412,0.492289114584022,0.0434088146411686,0.0317917458568999,-0.0157995324980762,0.0105534447383351,-0.00667225614566656
0.334176336852059,0.443462395850457,0.0434463152607345,0.0051419617747156,-0.0159265843775228,0.0105917389962352,-0.0064025199059895
0.341247645219293,0.39430598035868,0.0436057755497843,-0.0215131182018797,-0.0161143137324329,0.0106301193367136,-0.00602558734367858
0.348050716531587,0.345019362235253,0.0438689123886903,-0.0479873277924821,-0.0163515890330415,0.0106767077792851,-0.0055530805858081
0.35469555124484,0.295786366172225,0.0442140177343708,-0.0741095970241779,-0.0166279055319845,0.0107368165035005,-0.00499703008250738
0.361292478857085,0.246770788635382,0.0446186092835542,-0.0997302421768616,-0.0169340500829606,0.0108129168867876,-0.00436940520212715
0.367945160582332,0.198114631466159,0.0450614902350617,-0.124724048817387,-0.0172625356431627,0.0109048411675662,-0.00368178473744767
0.374746968142402,0.149938724440838,0.0455240592452565,-0.14899052207769,-0.0176078009559397,0.0110101209508971,-0.00294516591484331
0.381780444230019,0.102345251978805,0.0459908756395225,-0.172452038282406,-0.0179662060063637,0.0111243791097284,-0.00216989301039144
0.389119290145767,0.0554216307309981,0.0464495950469529,-0.195050734884155,-0.0183358702585954,0.011241716153545,-0.00136567820881747
0.396832242836811,0.00924527250711351,0.0468904467182987,-0.21674489478259,-0.0187164021839993,0.011355059388369,-0.000541685842240055
0.404988219248903,-0.0361110744396809,0.0473054393200063,-0.237505408583262,-0.0191085610885839,0.0114564671074362,0.000293346434361853
0.413662145996257,-0.0805735445823903,0.0476874735101641,-0.257312701865862,-0.0195138810516219,0.0115373977755443,0.00113097204731097
0.422940902029819,-0.1240609416513,0.0480295206077128,-0.276154336770573,-0.0199342756384503,0.0115889650021682,0.00196290408765775
0.432928754056412,-0.166478047764915,0.0483240050199531,-0.294023364113033,-0.020371633112168,0.011602203369772,0.00278090362887043
0.443751552866959,-0.207708451270799,0.04856250559805,-0.310917414236836,-0.0208274058917214,0.0115683683812635,0.00357670094448983
0.455558803374113,-0.247607037564114,0.0487358650356846,-0.326838468984063,-0.021302195092537,0.0114792863750942,0.00434196053305775
0.468522569616355,-0.285992551868587,0.0488347614369017,-0.341793247430994,-0.0217953310721793,0.0113277578019877,0.00506829805733611
0.482832098276638,-0.322641000098826,0.0488507466341942,-0.355794147323985,-0.0223044539070607,0.0111080009302025,0.00574735296623902
