0.0592968225,-1.5690860141,-1.4795687841,-0.137132142,-1.09768027,0.135447267,0.0749668433
0.0598316404234209,-1.56908846676969,-1.47918007269988,-0.135095493818732,-1.0981154471254,0.133751059792131,0.0628789136387633
0.0608998608475999,-1.56909482994637,-1.47839558382181,-0.131032666018117,-1.09899312442019,0.130384324662865,0.0389977262238207
0.062498617558019,-1.56910805740132,-1.47720136581152,-0.124964802742873,-1.10032652325084,0.12539732456268,0.00391852749288899
0.0646235450918744,-1.56913266158061,-1.47557714906598,-0.116924057328381,-1.10213209097333,0.118862534465094,-0.0414537423547543
0.067268758561303,-1.56917477511692,-1.47349770454109,-0.106953902647308,-1.10442592034241,0.110870753496351,-0.0958971889239433
0.0704269140199598,-1.56924217512513,-1.47093555912917,-0.0951092279431864,-1.10721971204081,0.101525609895226,-0.157874272675608
0.0740893975621271,-1.569344227563,-1.46786570813045,-0.0814560454809236,-1.1105167395673,0.0909367391101574,-0.225548654260692
0.0782466668398147,-1.56949170570294,-1.46427286446663,-0.0660707164162838,-1.11430813844071,0.0792124001219293,-0.296822877386621
0.0828887244020677,-1.56969643446922,-1.46016138948069,-0.0490387613467709,-1.1185696236279,0.0664526756943948,-0.369398601871796
0.0880056499554578,-1.56997071107891,-1.4555672226063,-0.0304534961952152,-1.12325860264813,0.052744441001378,-0.440856473920275
0.0930524651149817,-1.57029607999282,-1.45074081011824,-0.0124161800265591,-1.12777829943569,0.0394334238584538,-0.497999777871404
0.0980205183659989,-1.57067231106512,-1.44573174102801,0.00499559391957353,-1.1320808003527,0.0264709396473524,-0.539620233544475
0.102901707654112,-1.57109808910063,-1.44059498342601,0.0217084201472185,-1.13612461481528,0.0138348447504565,-0.564972547097079
0.107687999824572,-1.57157133924258,-1.43538503581955,0.0376517028163437,-1.13987150192448,0.00153649729838503,-0.573744691705572
0.112371170112727,-1.57208942490421,-1.43015155923755,0.0527571637879704,-1.14328521315838,-0.010376103093489,-0.566031023939322
0.116942777362545,-1.57264916725925,-1.42493660350616,0.0669592077634683,-1.14633262803925,-0.0218181858212877,-0.542309671458918
0.121394397926942,-1.57324667671975,-1.41977314163783,0.0801963298989118,-1.14898741483287,-0.0326709643288639,-0.503429439453682
0.125717978018156,-1.57387704793724,-1.41468437475763,0.0924127528685453,-1.15123551775619,-0.0427874116048073,-0.450594632654016
0.129906395646421,-1.57453400385464,-1.40968359693413,0.103561220504086,-1.15308179362294,-0.052002245403237,-0.385361235526527
0.133953704722719,-1.57520961986697,-1.40477421820473,0.113603634990838,-1.15455545274774,-0.0601449415526568,-0.309603015278267
0.137855878691214,-1.57589427485994,-1.39995064872861,0.122515653694448,-1.15571400566728,-0.0670590047506421,-0.225508231166165
0.14160973115544,-1.57657679553335,-1.39519872176014,0.13027929186333,-1.15664142603605,-0.072615338377557,-0.135473836123976
0.145215259442661,-1.5772453267615,-1.39049908955685,0.136900338629203,-1.15744422188686,-0.0767426155414651,-0.0421183259020243
0.148668635206774,-1.57788703005376,-1.38582485321647,0.142361097577755,-1.15824115294842,-0.0794040467104434,0.0519268729212142
0.151977203194927,-1.57849226729852,-1.38115474000201,0.146726465212798,-1.15914559101265,-0.0806843421287123,0.144090246954837
0.155120598070699,-1.57904560386352,-1.3764462172122,0.149877300026272,-1.16028592216255,-0.0805839042000159,0.231464483644732
0.158141135406946,-1.57955271217032,-1.37170718853382,0.152127252893347,-1.16168426784904,-0.0794523618812449,0.31335160858548
0.160940101852681,-1.57997507891272,-1.36683316760506,0.152853729189625,-1.16357386634066,-0.0770479361453733,0.383330914945824
0.16368009794488,-1.58036809742132,-1.36193525558883,0.153155654624852,-1.16566311881083,-0.0741727489876613,0.44911817715028
0.166194931307636,-1.58066875561687,-1.35685908905725,0.152006243453005,-1.16831856161763,-0.0704221855915201,0.499334465720071
0.167848983955209,-1.5806323787677,-1.35102508965707,0.145581484997969,-1.17296232417385,-0.0643376480338897,0.489067754871521
0.168435137160199,-1.58016550911031,-1.34413147663601,0.132848674428333,-1.18011393997799,-0.0553652847979401,0.406693324714664
0.168642513580013,-1.57951180306088,-1.33656439337037,0.1179619802828,-1.18839704290033,-0.0448658675334322,0.301595911905194
0.16815347022925,-1.57855622914395,-1.32808160885365,0.0992998115354514,-1.19825403175383,-0.0314101996986618,0.166294079156439
0.167149897115006,-1.57736985278011,-1.31878358047483,0.0779830762874902,-1.20914716434331,-0.0151533626960312,0.0188282707481738
0.165451798707107,-1.57593200735608,-1.30867966665255,0.0533337900678444,-1.2207134014627,0.00446452165265281,-0.129214548510202
0.163216102183244,-1.5743071892094,-1.2979948378214,0.0262825169116655,-1.23241999678171,0.0265417359655126,-0.265484133940113
0.160212003376196,-1.57248214550533,-1.28698958786615,-0.0038490945501995,-1.24368942934127,0.0506865400061393,-0.371452359798539
0.156671957496404,-1.57050058559967,-1.27614779612301,-0.0359063516163028,-1.25438249330046,0.0755814872363589,-0.447148618725377
0.152318808263251,-1.56835277487969,-1.26596448696664,-0.0704302078945191,-1.2639202636803,0.100477788364269,-0.469943602486667
0.14746520186373,-1.56608260661413,-1.25683955814953,-0.106190148580053,-1.2725728034604,0.124775225191415,-0.455090204475424
0.141813826880442,-1.56371036020894,-1.24902504206898,-0.14341383126295,-1.27980692522403,0.147982557467985,-0.381254092381846
0.135690930192771,-1.56128259780981,-1.24242742944361,-0.181159304277213,-1.28615150647275,0.170424845043229,-0.272827711194995
0.128855136895299,-1.55883267508938,-1.23699502464719,-0.219100631247672,-1.29136538016865,0.191936876073743,-0.121063108942573
0.121613535067214,-1.55637975733829,-1.23245003661662,-0.256710943311092,-1.29615489095519,0.21315781797447,0.0485453215839559
0.113827463624616,-1.55393057606801,-1.22879940931463,-0.293000757122106,-1.30076071507211,0.233528548661542,0.226084752392116
0.105766243580175,-1.55147430577222,-1.22582313963249,-0.328009966823596,-1.30571708414527,0.253320840750637,0.395422637469546
0.0973451014085276,-1.54899633864355,-1.22366489883963,-0.360132570727422,-1.31128936533611,0.270934648598685,0.533446849273974
0.0887683029721198,-1.54649508478992,-1.22202852223951,-0.390432308513141,-1.31741185995297,0.287022771383524,0.64610558548531
0.079970115930663,-1.54396807327145,-1.22110688123241,-0.416284488845043,-1.32419141062823,0.299192461840912,0.699252914464226
0.0710902008466553,-1.54142789064846,-1.22050268007152,-0.440159387276063,-1.33130929727795,0.309485568712976,0.724926760785876
0.0621497754391144,-1.53890692914525,-1.22036438829324,-0.457892407440925,-1.33902988156538,0.314907329767073,0.67944006319686
0.0532145076204726,-1.53641059497253,-1.22037089959288,-0.472390700374218,-1.3472041776954,0.318093849826605,0.601562498264436
0.0444177322084413,-1.53403281078558,-1.22036028057672,-0.479631121163813,-1.35612721765867,0.316897998708994,0.468183159746781
0.0356191040995128,-1.53166463616844,-1.22029582539165,-0.486663962210103,-1.36546773144194,0.316410524659949,0.333628124075541
0.0268096362399916,-1.52931189600441,-1.22015223806172,-0.493503262148185,-1.37515005433491,0.316699341537414,0.19831792638254
0.0180146951413886,-1.52701131491924,-1.21983077193911,-0.499404453369658,-1.38504485726928,0.317341744728866,0.0630179873011645
0.0108715368849038,-1.52622264069818,-1.21550858061885,-0.473644131377962,-1.39251516432329,0.298690453687394,0.00890905263157746
0.00559874228095702,-1.52703352324426,-1.20596920573896,-0.418359274490513,-1.39805055512437,0.261490347021621,0.0620269194497862
0.00239693619254048,-1.52941527110646,-1.18868108044032,-0.337513236889646,-1.40488279563433,0.209659434297743,0.181957669108524
0.00158912618552682,-1.53325763473583,-1.15878060631042,-0.236993520318798,-1.41916663056964,0.148987755473772,0.279134420764776
0.00369487653314898,-1.53864909710081,-1.10787337767593,-0.124978185845264,-1.44905261026629,0.0863409781996261,0.267578147655494
0.0094617144464241,-1.54628856194188,-1.03133094540161,-0.0115682839260573,-1.49886759810259,0.0326544768624878,0.126996866765472
0.0192950097523175,-1.55657739276628,-0.9500868552433,0.0926011609899055,-1.55585369719995,-0.000650492199338601,-0.0721749348822944
0.0321872839574054,-1.56816679106376,-0.885355395309031,0.177656315334113,-1.60437805360202,-0.0135444607915391,-0.218825003122308
0.0465613369988442,-1.57940507666212,-0.834194103389347,0.235743849392613,-1.64286274347915,-0.011496258092462,-0.244308554961242
0.0610783145766616,-1.58910438502037,-0.78810134932247,0.261996342477423,-1.67525765189941,0.00216236710775926,-0.153163362228726
0.0746639865834866,-1.59629799309532,-0.739861132777038,0.254845921852913,-1.706843646228,0.0255194850510189,-0.00528459631424208
0.086408261348218,-1.60009145431344,-0.682363796508139,0.215803659986728,-1.74378231867132,0.0549029018730597,0.117281234807207
0.0952940894855179,-1.59962488220579,-0.60629802249269,0.148885856700816,-1.7926182043332,0.0839930392946261,0.150889392177084
0.0996897621295229,-1.59401300190819,-0.501577987564051,0.0600106188470674,-1.85864277682587,0.104592695926882,0.0843942528976962
0.0971707136487699,-1.58270325318354,-0.378807406195123,-0.0440007935793845,-1.93549986223577,0.107262439853315,-0.0376286060168449
0.0870546709105127,-1.56684419631159,-0.284298702209586,-0.155801508941054,-1.9982944924109,0.0909749391899956,-0.131924004349398
0.0714507334383428,-1.54849584187189,-0.231654213637744,-0.266455557196946,-2.03822718762806,0.0648523578162687,-0.110149468480882
0.0522753242993431,-1.52906285664421,-0.204201774655405,-0.365982665982003,-2.06334152248944,0.0365833087405654,0.0434781077852365
0.0309503506817584,-1.50939213434889,-0.188571141304191,-0.445215780801308,-2.08225615948973,0.0117916208379632,0.251406577795081
0.008840190853464,-1.49008056683606,-0.177310454414997,-0.496962858507389,-2.10119252619834,-0.00755875584031843,0.402210942160419
-0.0127357729447445,-1.47179442513562,-0.166053133792488,-0.516933397295971,-2.1233300155176,-0.0221105786458808,0.422874061801741
-0.0325937385302541,-1.45540817294926,-0.151561366381804,-0.504055030446919,-2.15006801671397,-0.0312471913243741,0.307694317912475
-0.0498110398503268,-1.44193142841292,-0.130617625278182,-0.460443672327835,-2.18182231123138,-0.0326618227735923,0.116318213049629
-0.0637811418139307,-1.43230893980961,-0.0989929784922643,-0.391164224176658,-2.21817198678276,-0.0254509799706517,-0.048765024792833
-0.0740130623459347,-1.42715083706272,-0.049151772944309,-0.303547791203207,-2.2603924263847,-0.0111366905393193,-0.0970141340618122
-0.0797615084980241,-1.42658975659525,0.0334066785762258,-0.206497110619781,-2.31501052726707,0.0101546083354804,-0.00842423780891536
-0.079480653142189,-1.43022050857079,0.170461381616252,-0.109697138590737,-2.3947704356286,0.0413671526086366,0.156943441201209
-0.0707168834195759,-1.43686629103384,0.368084532905169,-0.0217628591223225,-2.50659181560319,0.0843362070927311,0.30507252657746
-0.0528010320352157,-1.44474354152386,0.584878535444079,0.0519413321732523,-2.63249942839828,0.131877822173852,0.351116391701322
-0.028891298722952,-1.45324482386028,0.779162087897555,0.10837477521727,-2.75121231607656,0.170238383527443,0.248592030486203
-0.00304129900984307,-1.46326765831448,0.947256998747336,0.144764675242964,-2.85899407110927,0.191413403140144,0.0296759036145816
0.0216169544384931,-1.47611192569412,1.10357844251648,0.159202914035765,-2.96018918172072,0.193491758678145,-0.202000431042821
0.0428802112538562,-1.4928698875353,1.26448640094741,0.152047146016922,-3.06011428469763,0.175517606099608,-0.329801207957953
0.0593443143643741,-1.51422218788948,1.44303704959431,0.12587768097505,-3.16413044533843,0.13788065308919,-0.288956681886281
0.0703956603933607,-1.54058458215336,1.64813950221652,0.0843678587273585,-3.27730528577629,0.0860463878232754,-0.108396594218363
0.0762923537847753,-1.57207612099994,1.88064267805914,0.0310664800232775,-3.40298874593998,0.0297984004944786,0.0889957009575836
0.078099629334119,-1.60824387543115,2.12698409604739,-0.0315583046857888,-3.53857445062297,-0.0221028786458145,0.162595124432641
0.0771393366595794,-1.64758740850165,2.36050934643402,-0.101842169179685,-3.67247133651181,-0.0616263681477875,0.0607624745226146
0.0740712876591707,-1.68760056490418,2.55998333254883,-0.177316094351609,-3.79166838797176,-0.0806489413432987,-0.146530034907076
0.068914668543244,-1.72578557226804,2.72224646302997,-0.253741308750098,-3.88951082009964,-0.0772392124079939,-0.320375689310348
0.0615578854889146,-1.75999252432801,2.85454410687674,-0.325899785303297,-3.96637381450295,-0.0564331981970876,-0.349802351770188
0.0519783941562182,-1.78832557164074,2.96589465312069,-0.388774036358328,-4.02685218589369,-0.022362568703612,-0.22255448382188
0.0402984362205634,-1.80911733641913,3.06391989377586,-0.438488690075252,-4.07725714599928,0.0227752942076965,-0.0257349094138268
0.0268055462910716,-1.82105283131303,3.15446917275932,-0.472574765008838,-4.12406677095356,0.0732110320183289,0.113166233289374
0.0120624753871707,-1.82341316122945,3.24159911813318,-0.48923565000264,-4.17157570205178,0.120503528428201,0.105770691714739
-0.00307306656887135,-1.81609103292379,3.3279439704376,-0.487077781207342,-4.22196544546232,0.159185394539421,-0.0486849361032909
-0.0175531588554136,-1.79956246050216,3.4154641791397,-0.465185898740418,-4.27596436827688,0.186969244775691,-0.262659678762394
-0.0303701398894059,-1.77487976195337,3.50670716081045,-0.423436950545304,-4.33377295425935,0.200831399530383,-0.409082746183347
-0.0408043170253679,-1.74346528396089,3.60605008892954,-0.363510326693367,-4.39672314736483,0.197273280640342,-0.396432811494502
-0.0484731469371252,-1.70691889249639,3.72043292645956,-0.289253454628414,-4.46736115357746,0.175743113440682,-0.218073734366794
-0.0534386869481829,-1.66701240282146,3.86083983372597,-0.206459034079339,-4.550883965351,0.138337624943587,0.0392032803636318
-0.0562964940563102,-1.62603922779752,4.04190250835773,-0.122252415371577,-4.6557391017234,0.0844642117516543,0.235607451996327
-0.0576730163390202,-1.58725754029339,4.26971954928349,-0.0432075811860978,-4.78547440954747,0.00932224795945009,0.260249107156318
-0.0571172522392422,-1.55405236150774,4.52024034324244,0.0265506400414291,-4.92775835322387,-0.0856930505890111,0.090640962294829
-0.0527840693439663,-1.52784763921239,4.75351945151122,0.0854130678170811,-5.06137877359528,-0.182731517720752,-0.182070936746943
-0.0429579211748552,-1.50807224074211,4.95302604912942,0.131955566272994,-5.17339748887247,-0.260691138450386,-0.388627479037525
-0.0272171791315716,-1.49355441765436,5.124724309612,0.162928349363018,-5.26316554925274,-0.30967259065474,-0.39897752855768
-0.00631715764018436,-1.48331548902833,5.28129488195026,0.174385310779237,-5.33766662995325,-0.321557494830505,-0.199575361016735
0.0180952781106053,-1.47650905367376,5.4366813098732,0.163127218223097,-5.40838438633095,-0.285125773264289,0.106732052800868
0.0433530057223885,-1.47197358406105,5.60717006779744,0.127740749940176,-5.49080319374017,-0.19758314583124,0.358827469987726
0.0658338793455153,-1.46834461407497,5.80772128863015,0.0696434281228796,-5.5968619410771,-0.0680440680701679,0.428200126781768
0.0811537257674971,-1.46481117674485,6.03530091216211,-0.00805586498532338,-5.72395384864174,0.0941273074682889,0.290186598792737
0.0860886034252671,-1.462142240146,6.24801165028572,-0.101376940756219,-5.84502916439134,0.27817717337702,0.0408908438627021
0.0818011583178947,-1.46181307691905,6.4002844050747,-0.203282322865406,-5.93021119278816,0.459773858034486,-0.173396836882212
0.0714610373936677,-1.46425859693456,6.4944624371691,-0.303531430156614,-5.9800939357941,0.611384473095905,-0.253490948819165
0.0570318225746633,-1.469388494579,6.55245703048495,-0.391484514558056,-6.00830343977204,0.71561964666485,-0.185326465548219
0.0394502167146566,-1.47696658014034,6.58970145596672,-0.458050122112591,-6.02466667172871,0.764527243931549,-0.0290581593648779
0.0193728484622842,-1.48664135233839,6.61438620951197,-0.496783159328939,-6.03473175707158,0.756128301002363,0.124080194530793
-0.00238388874453622,-1.49796795471129,6.63123984053623,-0.504315373053667,-6.0418896958485,0.692344463811709,0.194966508863726
-0.0247437456762059,-1.5104010985356,6.64371601480466,-0.479991787258139,-6.04844633149636,0.578520751887531,0.144592795590651
-0.0464593613536027,-1.5233351831538,6.65527814205974,-0.425533314408896,-6.05590353097133,0.424442379156321,-0.00691946787475891
-0.0661778683182959,-1.53614556029936,6.67141209444586,-0.345187855499695,-6.06479088137897,0.245041134917999,-0.175965383272465
-0.0825688365811247,-1.54812976903615,6.70183353998574,-0.245851824706138,-6.07560472994432,0.0582833014071912,-0.254339108851938
-0.094365235364575,-1.55836556279189,6.76162332122734,-0.13658457361324,-6.09246587596274,-0.116840846916915,-0.190060714048645
-0.0999900987366223,-1.565536477624,6.86344168705698,-0.0277077240310046,-6.12258830103394,-0.260567255303238,-0.0408287164948608
-0.0982650836174649,-1.56825141863954,6.98715664210698,0.0710408020831642,-6.16065810374577,-0.3569289658941,0.0705084612822836
-0.0903151957307821,-1.56656550374289,7.09458343313065,0.151590190061625,-6.1919441225631,-0.396951204077984,0.0816773574021259
-0.0781382357251967,-1.56174939735824,7.17861929099609,0.207165598100677,-6.21406212752424,-0.377630445749643,0.0148887188567314
-0.0631680642324933,-1.55494361948617,7.24833444989259,0.232975747521484,-6.23008052614107,-0.301507462822753,-0.0733622470056466
-0.0465758127872065,-1.54701079330132,7.31322925423542,0.227043156949861,-6.24263140322158,-0.176620632615307,-0.123890002532302
-0.0296213490334655,-1.53879644608988,7.38212485379762,0.190275406431296,-6.25496176726677,-0.0152747176349348,-0.0979637367966931
-0.0137493523496003,-1.53144507554535,7.46505099578293,0.126332698438768,-6.2724467899935,0.167266333378971,0.00299407954530508
-0.000493027587532731,-1.52682852410147,7.57108079639409,0.0413479684249833,-6.3008064163494,0.352260281564061,0.135752734181367
0.00910106164903238,-1.52736951758491,7.68988080180356,-0.0570801255887769,-6.33500961205876,0.517929423184663,0.240296971294465
0.0151913433021466,-1.53365681145855,7.78476952021334,-0.160604262450854,-6.35589834683589,0.643840262929798,0.258093185225844
0.0182769149003965,-1.54386066244809,7.84360583191192,-0.25970805213286,-6.35757030879877,0.71607279869382,0.163605321142177
0.0184952236834004,-1.55622025133664,7.87951134349709,-0.344629513727875,-6.34692437579953,0.728696808531718,-0.000441135786863
0.01585117513167,-1.56952507049369,7.90495780647893,-0.407452287015512,-6.32971737634956,0.682663856448527,-0.150854824377112
0.0103977298863558,-1.58282849194419,7.9273031621457,-0.442985808265208,-6.3082984344624,0.584270219167625,-0.213381555243368
0.00228974730536086,-1.59535774440952,7.95083600296353,-0.448549296530902,-6.28312486732672,0.444095405917368,-0.15703928931192
-0.00811855556135828,-1.60653049299994,7.97847385702816,-0.423900217801604,-6.25482325892753,0.276709990751041,-0.00954702351365815
-0.0201951052169876,-1.61598552269351,8.01260740953976,-0.371598477231216,-6.22642121809308,0.099575280978888,0.146310266562458
-0.0331857769930403,-1.62344665169561,8.05677640945204,-0.296990687021538,-6.20388932600049,-0.0698469860726709,0.210795011755297
-0.0464755786782807,-1.62845549849286,8.11846373745058,-0.207702949769009,-6.1939385007413,-0.214468718027081,0.134853146653203
-0.0597580734177884,-1.63006423538988,8.21051879912205,-0.113143612022181,-6.20167145065524,-0.31625655748788,-0.0426708233826586
-0.0732937556134317,-1.62670053502029,8.34198199993424,-0.0230988390612724,-6.22628370307343,-0.36197891054343,-0.228315581085134
-0.0876948035167099,-1.61748421036471,8.49469112177579,0.0545116881784646,-6.25367499929736,-0.349311888223257,-0.331919536387339
-0.102572948170823,-1.60393309861131,8.63789494173477,0.114122098835223,-6.26745000019436,-0.283285928792952,-0.292175739706899
-0.116242232597732,-1.58865938198736,8.76322186334522,0.15158713112978,-6.26601451972724,-0.169913213428664,-0.109759122709516
-0.126658936660138,-1.57397472620166,8.87916015550969,0.164573168697363,-6.25812832731837,-0.0169914788634987,0.133985415196101
-0.131832183559284,-1.56171972617635,8.99907819203231,0.153163425213944,-6.2544034902973,0.159686672536698,0.313361025434995
-0.129982984143755,-1.55307690855406,9.13596256216994,0.119290420821116,-6.26113510469276,0.33882068934033,0.33675621405084
-0.119553333713149,-1.54860953421983,9.29893997381917,0.0664939548626204,-6.27983985548953,0.500769806164367,0.205913261233546
-0.099258592235761,-1.54824918744875,9.48523473767577,-0.000361827701882303,-6.3063630360649,0.62760328717796,0.0182627030656696
-0.0689346791934071,-1.55112589565212,9.66960073690342,-0.0762955165724429,-6.32711933937576,0.703006953910223,-0.101889110429533
-0.0306345259983102,-1.55632494021055,9.82022506558665,-0.155817274063621,-6.32731660471737,0.717640997586524,-0.0978441249360311
0.0124199505629069,-1.56365496908534,9.93120939583845,-0.232053461196522,-6.30514651929272,0.671482589577246,0.00316995590946186
0.0574601959820677,-1.57302346505871,10.0146658671077,-0.298278400093677,-6.26714625333668,0.571482461867668,0.128138367036492
0.10217421601217,-1.5840016557436,10.0826938933991,-0.349660766645987,-6.22047157292324,0.429049257067718,0.195634755278786
0.144351807521322,-1.59598240427626,10.1439531797648,-0.383475135394277,-6.17152366645337,0.258816490983922,0.155036785562596
0.181839866873201,-1.60835464943496,10.2052504307941,-0.39881879985703,-6.12497652539674,0.079248053611171,0.0186347331069676
0.212660382782191,-1.62057800122284,10.2731853899132,-0.396565420303165,-6.08183316620189,-0.0885075436133489,-0.14087135575516
0.23527837569389,-1.63221323591131,10.3542661364008,-0.379042753765649,-6.0398994210237,-0.22602901956856,-0.236507568735993
0.24877830764888,-1.64283688659018,10.4539044106596,-0.349704403428304,-5.99786963236532,-0.3201915442341,-0.219668963065647
0.252764120741319,-1.65197076608527,10.5759287438545,-0.313080298877007,-5.95826972164518,-0.361167857758123,-0.101823630388349
0.247260622979858,-1.65907302583455,10.7219449203353,-0.274299591177998,-5.92675718497972,-0.343603275981489,0.0535578266757629
0.232703056539174,-1.66353148532702,10.8903062945301,-0.238073432501988,-5.90862100946014,-0.270654418487395,0.162320239692826
0.209870416385396,-1.66470016178278,11.0759855590886,-0.207822117733689,-5.90486525246698,-0.153333494284467,0.163811617064216
0.17981785577468,-1.66200544257957,11.2721694872861,-0.185153552935797,-5.91110030150461,-0.00604485304378458,0.0560606326200082
0.143944833604562,-1.6550609985859,11.4729510166163,-0.169565888776822,-5.92011577890989,0.154397004795664,-0.098191600200089
0.104006741797096,-1.64368094630585,11.6746750542898,-0.159001726065458,-5.92632230069513,0.308458687845355,-0.206880132331584
0.0618816366693429,-1.62784789547595,11.875637616995,-0.151168327213446,-5.92833128045202,0.438454852186509,-0.210117548956075
0.0193452138868456,-1.60773712870693,12.0762280540403,-0.144366127513452,-5.92774011262165,0.532440643511886,-0.112865037972792
-0.0220856201042455,-1.58378148955823,12.2785916633227,-0.137989204380817,-5.92685099915647,0.583437656153541,0.0285487597335825
-0.0611972421172399,-1.55681289603855,12.4855302545901,-0.133017784312179,-5.92756015805203,0.588033397033455,0.140191781644191
-0.0969701799925251,-1.52808458046044,12.699120006372,-0.131829910917223,-5.93105969440953,0.546276776957086,0.165929067892506
-0.128558617402227,-1.49911083116891,12.918510980245,-0.137260371896082,-5.93719752551592,0.462624350813936,0.0966036152076996
-0.15530037292493,-1.4715432457883,13.1380457495483,-0.151640521825369,-5.94336689642719,0.346908416469936,-0.021814788597087
-0.176614417989299,-1.44706206889636,13.3477317497735,-0.176111342701544,-5.94381694213027,0.2132166625041,-0.113978624208526
-0.191956453092175,-1.42722324431001,13.5361780707808,-0.209984413713576,-5.93125334900012,0.0772203299856844,-0.123669350584607
-0.200818977663245,-1.41332956508992,13.6947801703639,-0.250498737290022,-5.90077377792001,-0.0453109132734232,-0.0507098916713536
-0.202742311211961,-1.40634893497799,13.8205801997811,-0.293377383368865,-5.85273960936997,-0.140689265626708,0.0507618306380923
-0.197438589230742,-1.40684502537934,13.9158475603709,-0.333594758950554,-5.79163874249794,-0.200592868855494,0.110391737760984
-0.184962246647509,-1.41491898333732,13.9857544938928,-0.366009759315051,-5.72228896913323,-0.222083283939629,0.0840712537390875
-0.165795069733939,-1.4301788690124,14.036378884892,-0.385984450005754,-5.64678229475824,-0.205233580889509,-0.0247830466104085
-0.140882541698336,-1.45174909297892,14.073708090812,-0.389748796611635,-5.56383937107604,-0.152887186261364,-0.166787271514473
-0.111601343160118,-1.47839067810949,14.1030297670056,-0.374656318798653,-5.47088092338406,-0.0719840203370298,-0.270119486707219
-0.0795565229815019,-1.50867382653479,14.128656848506,-0.339764831632052,-5.36731836087932,0.0277703693398128,-0.280496421299323
-0.0463414350774757,-1.54110218209657,14.1543351470722,-0.286330806326285,-5.25604672599879,0.136695093166958,-0.19316027768194
-0.0134095107986918,-1.57421659366092,14.183962367302,-0.217856205905519,-5.14240150437096,0.244987344113362,-0.0574644341718229
0.0179380129801496,-1.6065235778965,14.2229769188135,-0.139818383447097,-5.03246878090806,0.340896733335686,0.0495261812043883
0.0464030366627665,-1.63617788248924,14.2783026036628,-0.0588771622703214,-4.93133712866066,0.411090602960408,0.0704091840495015
0.0705214439735137,-1.66102291306331,14.3489026502819,0.0182863354653917,-4.83855740430802,0.444104644441131,0.00458531745589785
0.0888174000519784,-1.67961603720999,14.4190044484434,0.0858039277739103,-4.74600390474063,0.43565747296992,-0.0933698435737898
0.100208068407824,-1.69173490955942,14.4758956745623,0.138753888928277,-4.64710407400012,0.389441512718536,-0.150264626230847
0.104156001824073,-1.69761918682259,14.5182932171438,0.173002574275118,-4.54087310412413,0.312847567013625,-0.119131937866583
0.100649541009862,-1.69752832784809,14.5494091691379,0.18527967987169,-4.42887925764144,0.215068750784057,-0.00676620236382831
0.090116086502518,-1.69168326860913,14.5719315873569,0.173473422393304,-4.31367456768323,0.105888308366195,0.12876090173679
0.0732554683021478,-1.68034476425377,14.5868890096177,0.13727286515011,-4.19827811510523,-0.00643588790001716,0.210064441075164
0.05090979390625,-1.66398785663321,14.5951809811199,0.078786799401914,-4.08555570003476,-0.114840819109802,0.183596642169192
0.0240250185305315,-1.64341204748038,14.5999634419303,0.00262802914310842,-3.97758409061194,-0.210630880859174,0.0522419421593858
-0.0062549966070683,-1.61990924767482,14.6069575885503,-0.0844689300143578,-3.87428101955604,-0.283088161621966,-0.118583683450366
-0.0384527248257394,-1.59517681521318,14.6172289149578,-0.174664722955826,-3.77091305350157,-0.324011771896563,-0.237835087102165
-0.0709563499761953,-1.57064052053084,14.6256175431232,-0.260207141941123,-3.6612274831541,-0.330826884344508,-0.245098987007302
-0.102239711305053,-1.54728170171519,14.6282647870436,-0.334104163503867,-3.54326745877335,-0.303791597964078,-0.144128588478909
-0.130892964217488,-1.52588192240551,14.6238218578102,-0.390707306524598,-3.41908705288978,-0.245329431089914,0.00292959531053289
-0.155626521482806,-1.50719092192213,14.6116139130352,-0.426115098635738,-3.29174262030677,-0.162239094364871,0.113448053001288
-0.175301558462356,-1.49201671033497,14.5902132668356,-0.438151555884452,-3.1626835600551,-0.0644813902543838,0.131209198935123
-0.188939719937451,-1.48117106599511,14.5565508568061,-0.426502565817652,-3.03098611552057,0.0382987129833881,0.0556186706990176
-0.195739786128231,-1.47534026350305,14.5053012067389,-0.393127510169519,-2.89359328554691,0.137275616215139,-0.0608553065413063
-0.195190598297968,-1.47500029560403,14.4284147261683,-0.342409952675937,-2.74566668067288,0.223031832673845,-0.144188404106131
-0.1872211367182,-1.48039396909304,14.3148370172587,-0.280881779611589,-2.58082693592982,0.286265615046578,-0.143512590348431
-0.172271966913033,-1.49158350135909,14.1511722051097,-0.216573415239768,-2.39141513825554,0.319496053547497,-0.0634422914647324
-0.151362057715384,-1.50848868571216,13.9262823136893,-0.157556195910793,-2.17115204277538,0.316768968966312,0.0380286539544467
-0.126107801925673,-1.53062478070163,13.6415381282411,-0.109875657782342,-1.92058956638252,0.27349146265746,0.0926454501270842
-0.098298445978008,-1.55637406233623,13.3164566576392,-0.0762786990508459,-1.649846476582,0.190282024296897,0.0738255632981391
-0.0689536316354154,-1.58290697203782,12.9762953864467,-0.0566051153755817,-1.37221156846292,0.0771579223661695,0.00820211404038752
-0.0380219602112028,-1.60742613398572,12.6372887202748,-0.0493262761213711,-1.09568935184574,-0.0485833997719736,-0.0533243081776798
-0.00508350516614736,-1.62815174650144,12.3057135085553,-0.0528824302010139,-0.822131875057621,-0.168202293940139,-0.0720728684076994
0.02992604293053,-1.64437854992455,11.9832022481453,-0.0663654794585565,-0.551315036741667,-0.265499391540511,-0.0433517660692582
0.0664350583873795,-1.65619923015663,11.6715000810493,-0.0898629953275002,-0.284530237151827,-0.328559707012736,0.00527823431216684
0.103222306783056,-1.66426178376485,11.3761592361414,-0.124231568935212,-0.0259477737434124,-0.350859706067657,0.035021505736976
0.138456790566747,-1.66943294701298,11.1075151342988,-0.170039272740217,0.218385588404265,-0.33122208213674,0.0218776997135159
0.169967285226334,-1.67231141798314,10.8762292529318,-0.226120592995855,0.443899537225448,-0.272246198924517,-0.0289416828780518
0.195778133252492,-1.67299680722061,10.686895645174,-0.288701648366776,0.650684962203875,-0.17914491219414,-0.0898282849437577
0.21446836281922,-1.67128206682973,10.5364951041129,-0.351796250156616,0.843038373498729,-0.0599079986151028,-0.132780878608931
0.225167841713823,-1.66695659789049,10.4176955435596,-0.408550266767722,1.02613741045718,0.0746989890847212,-0.148351275005209
0.227424832903494,-1.65998719292518,10.3225623077894,-0.452585361384221,1.20339668310485,0.212109809420616,-0.148176224863322
0.221132351418623,-1.65058115188861,10.2444598640604,-0.478805602535038,1.37604463372887,0.339482939403377,-0.152644522918484
0.206531622858765,-1.63917972642978,10.178396697129,-0.483688954305354,1.54398939935463,0.445291887122943,-0.174827516757808
0.184252758460226,-1.62639243819546,10.1205245503674,-0.465353091940479,1.70677611584668,0.520403571234887,-0.211198430094887
0.155336886144972,-1.61289646085749,10.0673138056843,-0.4236630672715,1.86429318150935,0.558295529819642,-0.242790184463138
0.121202963031342,-1.59934095089678,10.0145730462663,-0.360429731648483,2.01747875178585,0.55485055316267,-0.244529528431993
0.0835735986078631,-1.58627216340957,9.95610757464381,-0.279590468380753,2.16926098708876,0.508645894143743,-0.199271295225016
0.0444280206780829,-1.57407878912113,9.88203598997323,-0.187179404317219,2.32535604340452,0.422322493992925,-0.113345417244394
0.00612641538526448,-1.56298109165795,9.77948832988912,-0.0907475506381201,2.49294747241519,0.304191801624301,-0.0259749531012332
-0.0284192711850665,-1.55323877626739,9.64699393328205,0.00207814223833544,2.67212296464137,0.167047830380835,0.0052941419328494
-0.0569844327514651,-1.54577718622541,9.51388044949157,0.0849058428206046,2.84707189717622,0.0226282488455879,-0.0384073703887394
-0.0794719415472027,-1.54183730444839,9.40576530377857,0.152132212710405,3.0057531127744,-0.11930165926344,-0.106458347055188
-0.0963781066550223,-1.54201087495967,9.32250082664961,0.198298806227778,3.15082171186565,-0.247947122233079,-0.137555650557077
-0.10786383326797,-1.54627574676385,9.25578580824907,0.218901561437983,3.28905476974638,-0.352747606998005,-0.108773704941101
-0.113997044861468,-1.55430172541596,9.19747357511451,0.211444255758997,3.42560404563866,-0.424506576555348,-0.0381834245682672
-0.115045368990758,-1.56560452358805,9.13981778958441,0.175894300019006,3.56361034835409,-0.455826455851132,0.035715104050699
-0.111668712351983,-1.57953348966586,9.07415453891391,0.114663933017722,3.70568163914049,-0.441238835808855,0.0790540759758252
-0.105099786225268,-1.59511244704197,8.99185401061354,0.0323413280774084,3.85432760132601,-0.376727330782695,0.0837821202749579
-0.0969783880433947,-1.61089609564851,8.89673387772772,-0.0648966577754348,4.00624671255694,-0.260263148766694,0.0740082942320776
-0.0879344129572467,-1.62562658143395,8.8136164617855,-0.169696207365333,4.14816760252934,-0.0979030336386309,0.0781369328491979
-0.0773480182176051,-1.63881624970313,8.75420229203791,-0.273614698807435,4.27379966763692,0.0917590080621345,0.103144088231254
-0.0648683320282182,-1.65008419543489,8.71297378506445,-0.367733855530946,4.38648068494638,0.284883660679821,0.144324852744132
-0.0507415261047137,-1.65899612829983,8.68367750979579,-0.443737015787445,4.49139631723018,0.459626843544721,0.192569473643339
-0.0356076855344026,-1.6652139343497,8.66268329358643,-0.494778071482427,4.59349997232591,0.599790353560972,0.239489648576153
-0.0203086722339275,-1.66853651951165,8.64823447757757,-0.516087843904247,4.69693080847437,0.695082139563365,0.27943376980873
-0.00571452885818639,-1.66888073137298,8.6398012255273,-0.505322952195624,4.80436156347174,0.739058042640019,0.306142246114145
0.00741349980168514,-1.66627121813834,8.63784630861312,-0.462719349111258,4.91642010958911,0.727115602339323,0.309208436827219
0.0184722809573492,-1.66084426147505,8.64405798414549,-0.391146914963568,5.03111993492138,0.65636817188433,0.275744774163171
0.0269541208859701,-1.65282725123194,8.66233862561193,-0.296074287631381,5.14315200278274,0.527974602502943,0.199307721362163
0.0322763794339401,-1.64242430476779,8.70076512479858,-0.18537970773453,5.24338675252024,0.351296215341279,0.0922412343712504
0.0334333568882673,-1.62953329162621,8.7710450843493,-0.0688158913125306,5.32122731538051,0.147616163921804,-0.0132018130515641
0.0288626694232942,-1.61378026758958,8.86758356291664,0.0433753989732266,5.37824046049997,-0.052473485200323,-0.0860947792774223
0.0184008841698504,-1.59601685099309,8.95409972727219,0.141811387357588,5.43494088104462,-0.22422468949104,-0.108989274281154
0.00398742583535451,-1.57816090957624,9.01771498800653,0.218338319260887,5.50035371826198,-0.35398441895384,-0.0806953283922598
-0.0123975252662795,-1.56173983797344,9.06727628107776,0.266630524208439,5.57163957107887,-0.432397624922872,-0.0260780239488318
-0.0291416561201864,-1.54784551357796,9.11221678719294,0.282880721748159,5.64468309916892,-0.453933779977834,0.0219092696420242
-0.0448293005930578,-1.53734427461308,9.15998728244698,0.266007383356407,5.71573329555838,-0.416988303141727,0.0422929515135152
-0.0581497268211505,-1.53093691967774,9.21802422109126,0.217679128778927,5.78089071514954,-0.323738974416353,0.034349810497443
-0.0677228115825242,-1.52912222914211,9.29542708719656,0.142258322157101,5.83564892308107,-0.181534962862189,0.0179370711233699
-0.0717128492600529,-1.53209113215449,9.39954751674443,0.0464416257670575,5.87645859437912,-0.00520202764713548,0.0263939700865022
-0.0680940235249816,-1.53945452471621,9.51487694877639,-0.0617027883753365,5.91087571347994,0.183844618079527,0.0796655836221452
-0.0571275117786092,-1.55037385547823,9.6019524714256,-0.173212320416829,5.95838508310926,0.364840356592789,0.140390598761711
-0.0410334880961703,-1.5642949164339,9.65392018853244,-0.278399083167509,6.02244061927759,0.520401621524416,0.148890604214464
-0.0215283016802784,-1.58069677011314,9.68520393273228,-0.368162623367474,6.09683441053889,0.635928109710359,0.0922387752420366
0.000119748236570868,-1.59895202674075,9.70687837451469,-0.435178283113352,6.1773695750678,0.701706299543579,0.00132456811836156
0.0226982033310326,-1.61834340611662,9.7251854455616,-0.474409770220211,6.26195780307447,0.713509211313574,-0.0793743115420143
0.0449888765707484,-1.63802764366413,9.74388894871854,-0.483364409230483,6.34937859461302,0.67198020422983,-0.115063091619274
0.0658534014463623,-1.65704217358232,9.76580823792851,-0.462174966500569,6.43858448694886,0.582015575794407,-0.0928585630462932
0.0843421494983698,-1.67437506955733,9.79371421035775,-0.413651311702181,6.5281791495674,0.452641337536246,-0.0276786137521907
0.099719045188766,-1.68907226411625,9.83123372606487,-0.343292995383033,6.61562121680771,0.29695264665489,0.0395132128920358
0.111336985704088,-1.70040112086913,9.88444024507396,-0.258926594420269,6.69636981124825,0.131202950855568,0.0613084601570068
0.118410541089958,-1.70806866510226,9.96346521955007,-0.169763275236615,6.76405125201215,-0.0270890401135522,0.0175956339073963
0.11984967342893,-1.71241542174915,10.0791043419335,-0.0850903355245497,6.81338627744723,-0.162247160973023,-0.0698584997736441
0.114730191761065,-1.71430046297702,10.2278902155303,-0.0126057435978654,6.84768154694208,-0.263716505303972,-0.155375346684171
0.10358018248903,-1.71414224745022,10.3871957532479,0.0427699437647082,6.88008326007201,-0.325211988554616,-0.190141526173134
0.0883572012015569,-1.71114262285451,10.5403248034117,0.0784499466686302,6.91983507743356,-0.342458528012883,-0.142578264471143
0.0711385224856393,-1.70389891990075,10.6870140874571,0.093303360645054,6.96649596827207,-0.313159756848975,-0.0223370316903681
0.0535266525054294,-1.69107016208221,10.8342679249901,0.0875075765589998,7.01470981772205,-0.238636177714874,0.117088844005134
0.0365788947852328,-1.67158181016793,10.9888501329749,0.0626037806570574,7.0591238342495,-0.125756054054985,0.202876025690586
0.0207923710879268,-1.64483403614637,11.1524552763743,0.0213146300328614,7.09856173416163,0.0141749702626157,0.182973137682644
0.00624318963870738,-1.61103843536489,11.3181800666027,-0.0326946605032294,7.13841050972205,0.167933937013273,0.0611540675223645
-0.00699590768748472,-1.57150976112624,11.4726340711128,-0.0947783329174402,7.188311838554,0.320299877515544,-0.0993425439698798
-0.0184883479825353,-1.52851612482641,11.6059432476456,-0.159524579318376,7.25436784059998,0.454249166560465,-0.217240999189055
-0.027584622043331,-1.48462054566133,11.7185018164329,-0.221585749107879,7.33452531600928,0.555477428349673,-0.245172829260635
-0.0338016833422789,-1.44217418975129,11.8168212902342,-0.276470396829004,7.42283211113508,0.615855345739284,-0.18840892662972
-0.0369700720968539,-1.40327523972736,11.9077836888574,-0.321114664399969,7.51407855083888,0.632390473685676,-0.092651807960581
-0.0371319021145688,-1.36987185405747,11.9971436833198,-0.354076259196552,7.60450937397529,0.605031125614369,-0.0174890272864492
-0.0343995119249656,-1.34368695150935,12.0897573050679,-0.375149119601664,7.69125974166468,0.535844032193608,-0.00593169235046867
-0.0289496324869464,-1.32602288730885,12.189484283111,-0.384840111411559,7.77199281869363,0.429634204989282,-0.062900127274368
-0.0210742777378992,-1.31764620232864,12.2991460907774,-0.384066535159892,7.84497825365415,0.294500332169773,-0.152999759600223
-0.011211567034556,-1.31878487878877,12.4205549600655,-0.374048025776101,7.90978248770933,0.14115539092231,-0.219148098756175
1.54159478222823e-05,-1.3292253242612,12.5541979254951,-0.356360667793555,7.96751412337479,-0.0180088285881137,-0.215733195207233
0.0118515596686435,-1.34845154723745,12.6992789519056,-0.332912604403752,8.01971306522125,-0.169260627708176,-0.138417373212009
0.0235736302635259,-1.37567639728592,12.854624197706,-0.305648215845397,8.06665854135266,-0.298954002246013,-0.0287986667635588
0.0345480815414358,-1.40974279648091,13.0195861687522,-0.27611202579806,8.10698689767683,-0.396207641476531,0.0513356815074165
0.044155629202618,-1.4490587146196,13.1947376754601,-0.245161025574265,8.13898952776057,-0.453849113376511,0.0580712417903298
0.0517501269888132,-1.49164289267184,13.3828192488536,-0.213047443124684,8.16175640511511,-0.467211117241362,-0.00824969387369117
0.0566364505713102,-1.53527108753783,13.589069065851,-0.179855806271595,8.17515948382681,-0.434308047582806,-0.102095066799253
0.0580852915000415,-1.57770840752943,13.8199855405333,-0.146185906561309,8.17889189847881,-0.358132199010848,-0.158701962917449
0.0554249028967795,-1.61689904629235,14.0809313521813,-0.113721492552089,8.17144749757035,-0.247133987218413,-0.132920405413747
0.0480989199616543,-1.65119583362464,14.3736535065355,-0.0853389707159191,8.15063896343682,-0.112943002470484,-0.0301050460445818
0.0358618672578073,-1.67975863915529,14.6953507432732,-0.0648639574325466,8.1152999494273,0.0313225942305033,0.0884909292842986
0.0192899234694431,-1.70273065906694,15.0394879176501,-0.0563924905036888,8.06689894076586,0.17205299962645,0.142331943083044
0.000371194484540862,-1.72083349328483,15.3956372835688,-0.0633159126529942,8.01110277141888,0.298175018237236,0.090629582076542
-0.0174218560241359,-1.73436017988924,15.7463919089095,-0.0875778340926831,7.95895076146455,0.402974301998475,-0.0399252663179805
-0.030497216601194,-1.74231758586319,16.065002648352,-0.128837790300502,7.92652908625582,0.481135619975348,-0.171964656058037
-0.0371688472365753,-1.74313550675584,16.3238153795548,-0.18342424926404,7.92834924737832,0.525421812920183,-0.229931196510423
-0.0378145379684743,-1.73616224758028,16.5122616205108,-0.244181253661972,7.96727490100122,0.528460639228481,-0.193626560526968
-0.0334873420559088,-1.72178311065927,16.6407423954402,-0.302402081744883,8.0345114271954,0.486933487543366,-0.101643628259847
-0.0251560341016127,-1.70085133304535,16.7276374184505,-0.350366409128654,8.1179280911231,0.403129804755041,-0.0188779932875068
-0.0136210369857498,-1.67453752846091,16.7891090383635,-0.382301599404849,8.20757805316656,0.284124259058935,-0.00101378467230046
0.000449681314147743,-1.64430982199119,16.8367889276408,-0.39429109179066,8.29706186073095,0.141231711421298,-0.0644893678560396
0.0164753243008713,-1.61182965638992,16.8791278201205,-0.384169088989702,8.3835713916145,-0.0102046792581416,-0.173726969006526
0.0339144219881688,-1.57879550729826,16.9234035053205,-0.351769582468227,8.46735339472195,-0.153248341766805,-0.259527116587651
0.0521473351922602,-1.54681995299473,16.9776219872523,-0.299567022224079,8.54911476658077,-0.272713984636239,-0.259984122966709
0.0703885790594627,-1.51751179148973,17.0526944768726,-0.232924334412067,8.62608539087071,-0.355832488225703,-0.15619972791847
0.0877512609169691,-1.49276196444418,17.1633337638912,-0.159538797781891,8.68984320117972,-0.393587302402988,0.016679697004103
0.103476700067246,-1.47490698474625,17.3215814129663,-0.0882592366459703,8.73004004951787,-0.38572394471045,0.187764031692939
0.117342397478842,-1.46601945263898,17.5215872824503,-0.0270448517139485,8.74491206126865,-0.341852616209034,0.281510396402063
0.129600621107318,-1.46631420820048,17.7391215246873,0.0188719179758569,8.74449102572567,-0.273773528747833,0.248181552542562
0.140063525094604,-1.47379726674656,17.954695470876,0.0469542349007883,8.74005218354914,-0.1889743581944,0.0934476089395571
0.147528607290953,-1.48550003823056,18.1658480141918,0.0565274666855898,8.73756832909883,-0.0925188619775373,-0.113926259528566
0.149888724801588,-1.49866719603691,18.3803799451867,0.0483212042418027,8.7385154398716,0.00850138018449561,-0.274620792258903
0.144656337551768,-1.51149098873628,18.6047170314359,0.0240652617933256,8.74200223240739,0.106370566350194,-0.317832287159174
0.129652415485258,-1.5233786720976,18.8348212216581,-0.014023719868598,8.74866867507452,0.19687031945496,-0.239485735501744
0.103981079740912,-1.53486085736514,19.0516521207636,-0.0635981098840895,8.76455014297617,0.277872150404638,-0.0984889047650812
0.0690277624227394,-1.54667824572558,19.2313956887987,-0.121358636439979,8.7976431527748,0.343668451775556,0.0212130811274549
0.027784998257436,-1.55867149569852,19.3672932459443,-0.181990988494951,8.84899123195647,0.38445476995058,0.0596434137951223
-0.0167709279247013,-1.5700248566235,19.4704435025567,-0.239100473322693,8.91262897282557,0.39256819284048,0.00817322819314684
-0.0622002015230234,-1.57995189824655,19.5553114176238,-0.287024236423095,8.98168156083304,0.366066974397654,-0.0919590132427678
-0.106382304914927,-1.58789870685037,19.6330940929202,-0.321789937330465,9.05124009949838,0.30755136013742,-0.17425216306958
-0.147297489996829,-1.59352406588314,19.7120399831982,-0.341506504480606,9.11836238409204,0.222338616913693,-0.182832674980949
-0.182978724721538,-1.5966593500533,19.7990639274164,-0.346507145574898,9.18110349224584,0.118187125472745,-0.102850746893509
-0.211638129467216,-1.59720252454396,19.9009429583739,-0.339021049480762,9.23694207935122,0.00500934817630552,0.0295099419429204
-0.231903704306466,-1.59503403316033,20.0243413483335,-0.322538810164815,9.28171343140239,-0.107250578382811,0.146488459398807
-0.242994004367534,-1.59013809167708,20.1741804668284,-0.30131280794342,9.31068136170263,-0.210386147654265,0.187595567664408
-0.244717027580397,-1.58281365951372,20.3513909654594,-0.279756730744829,9.32115696520651,-0.297034789515732,0.132244031187451
-0.237347540165863,-1.57382602976633,20.5513287826122,-0.261482170372701,9.31513842961435,-0.359451940255509,0.0104929019674008
-0.221377628188626,-1.56441552231262,20.764044404312,-0.248522611632612,9.29983336597732,-0.390790986832079,-0.1132031204131
-0.19729982983916,-1.55598410287603,20.9773085768926,-0.241085827462819,9.28454248967194,-0.387236871644836,-0.177134385115834
-0.165712221618139,-1.54966269905508,21.1809266064644,-0.237624602169325,9.27620663052711,-0.347712096425063,-0.154391850360418
-0.127597104055876,-1.54612379320437,21.3698663591255,-0.235359266138817,9.27697348985057,-0.27294809109659,-0.0623060184307182
-0.0844712074212111,-1.54563761546652,21.5451611808198,-0.231305094416599,9.28450271781553,-0.166840409573681,0.0472494573017385
-0.0383161322375045,-1.54825250086619,21.7128284638048,-0.223247459598451,9.29414686322091,-0.0382125033909884,0.113632504461169
0.00867276063261031,-1.5539563075058,21.8817773343386,-0.210307670394201,9.3014084935113,0.100274350200731,0.102177496215979
0.0543899295704377,-1.56267950632492,22.061676117055,-0.193329333415954,9.30299113602168,0.234670598110508,0.0259203612293456
0.0970279433905344,-1.57420180497833,22.2609527747193,-0.175025595120196,9.29653631284005,0.350910077017806,-0.0632965213755147
0.13515718666257,-1.58807295412547,22.4845706062128,-0.159598408970041,9.28051688173142,0.43612080338317,-0.108986083540642
0.167774719370959,-1.60348840256766,22.731332223121,-0.151954133638507,9.25544952452327,0.481062715281057,-0.0860770478159873
0.194264916449133,-1.61911839102251,22.9916662804431,-0.156580636821435,9.22541357327757,0.481166358224314,-0.0142624980958591
0.214132239713555,-1.63318965546107,23.2481294064138,-0.176098715965223,9.19792263227379,0.435653442146423,0.0576355741907215
0.226746816698512,-1.6439983047973,23.4806139442939,-0.21003090384606,9.18121702610109,0.346814439340544,0.081487411166018
0.231447185960443,-1.65044743004857,23.6747854522057,-0.254490934160629,9.18003801945314,0.220705827792595,0.0365242641900594
0.227854357327296,-1.65207810980605,23.8269075170301,-0.303000231017364,9.19397121439471,0.0685644995439011,-0.0563941116368763
0.216025610863626,-1.64876201854039,23.9414182927853,-0.34802430485789,9.22011333817721,-0.0935761727242354,-0.143951682665703
0.196434718449608,-1.64056490488272,24.0260138690337,-0.382552404685125,9.25600699311661,-0.24801123501983,-0.174759741807563
0.169968403804204,-1.62781881137855,24.0886374027638,-0.401087223889189,9.29982551777918,-0.378073809737275,-0.131966355337825
0.137949613416478,-1.61116981938675,24.1364681902241,-0.399984052649655,9.34930589270604,-0.469299344659775,-0.039199366651896
0.102061476552305,-1.59153463382435,24.175919566315,-0.377638100149469,9.40127984703558,-0.511067902142556,0.0568700198841753
0.0641704007338935,-1.56999495279315,24.2131514900046,-0.334675365229903,9.45205630757641,-0.498070197136081,0.112044374610571
0.0261673864318403,-1.5476687535959,24.2550651787316,-0.273943553202503,9.4979366116163,-0.430171308516604,0.105527657935555
-0.0101041658390261,-1.52563724554766,24.3106559171983,-0.200303518033322,9.53534770244381,-0.312178638877801,0.0509557618623671
-0.0427898412925974,-1.50502726931453,24.3913497709937,-0.120315301501817,9.56065714895812,-0.154877815784368,-0.00634555082717764
-0.0698222282072294,-1.48715538205864,24.5050238126246,-0.0415429960032652,9.57174796909075,0.024857351657382,-0.0131120654885244
-0.0890961248584522,-1.47317352670808,24.6419491826567,0.0287216619314062,9.57360188526627,0.20687059812638,0.0483345269845257
-0.0994660254496249,-1.46335329795816,24.7786934959487,0.0843930333585173,9.57676372128066,0.370894099240746,0.13596655292685
-0.101132569990738,-1.45731408302373,24.9018196223083,0.120694175549462,9.58707305733147,0.499204614057673,0.185958640246043
-0.0950975923166596,-1.45462610039139,25.0125502321239,0.134233358560918,9.60390626167885,0.57872252436776,0.162888448596158
-0.0828491791765048,-1.45497925728541,25.1189065773351,0.12331549200558,9.62339978364634,0.601226356621475,0.0718322878756765
-0.0663954724594547,-1.45815413642518,25.2306357557409,0.0882699471404002,9.64046769807022,0.562923547492375,-0.0519296233446278
-0.0483217884492949,-1.46409100049707,25.3544988792924,0.0316014758762956,9.65114014487861,0.464841325389752,-0.158923495653832
-0.0313210739839243,-1.47307143316136,25.483664067015,-0.0422940212617217,9.658415442096,0.314216502657696,-0.202782208078294
-0.016785149280289,-1.48541407259677,25.5951636131081,-0.12738675374752,9.67454193764152,0.126257829513946,-0.153577755068351
-0.00437458792514158,-1.50068784007107,25.6755808199904,-0.215759907995194,9.7073804922282,-0.0759232190390775,-0.0202170404554542
0.00655933421150718,-1.51781403374703,25.730649071546,-0.298062216634915,9.75290623092217,-0.266094906323943,0.130562681739268
0.0161600822631637,-1.53561560693512,25.7701686599235,-0.365247159516694,9.80298642120464,-0.423101811573456,0.217494045980022
0.0241376842711148,-1.55305670434207,25.8006806452277,-0.41012428016602,9.8519069749242,-0.533366332524017,0.207283373017613
0.0300033023111855,-1.56924681359797,25.8258370881214,-0.427945226195987,9.89731866369132,-0.587887566758922,0.124266889399551
0.033292523543118,-1.58346324638496,25.8478553417336,-0.416674979616231,9.93932002755452,-0.581756278361884,0.0236736924977859
0.0337546921182286,-1.59517589187222,25.8686697337084,-0.377093780191654,9.97928782737483,-0.515264633506234,-0.0377464446405329
0.0314096584552829,-1.60399003077579,25.8908030272979,-0.312564433427439,10.0185756399926,-0.393492772839588,-0.0255618637768869
0.0265059299198948,-1.60951870491873,25.918389414398,-0.228628425140653,10.0570611608866,-0.225689522900506,0.0527227121864819
0.0195326267090786,-1.61119286131098,25.9584785397293,-0.132590647139829,10.0920038284149,-0.0266322065238083,0.144867002388075
0.0112746335059475,-1.60810733564443,26.0176706216885,-0.0329823436475814,10.1206396502035,0.183368989604521,0.186418191312746
0.00245984762397332,-1.59944633274537,26.0871798998737,0.06122505366776,10.1486332226244,0.381785762913476,0.14590182632779
-0.00696488913797862,-1.58568571394026,26.1481305205861,0.141309712213452,10.1861583463005,0.545843461154039,0.0377816498221556
-0.0172928234116836,-1.56839042145008,26.19652920726,0.199411492558204,10.2338461354497,0.65747700964588,-0.0898055965902241
-0.0284253185745801,-1.54924345303607,26.2376566857164,0.229561322563921,10.2865767421994,0.707273266964886,-0.183910110695902
-0.0399853115028063,-1.52980298034048,26.2775444096453,0.228463036520295,10.3395185202561,0.69318826840224,-0.209457031222604
-0.0515359955931347,-1.511491877182,26.3218560453483,0.195682299082553,10.3896640319719,0.617827682982654,-0.155438854013784
-0.0627650741890608,-1.49564277092614,26.3766748786537,0.133674668867763,10.4353794814743,0.487054965614921,-0.0385078094017713
-0.0736291272476678,-1.48374007902085,26.4470719980741,0.0477585236134567,10.4759118395064,0.309948805351996,0.0912136092008037
-0.0841654064207926,-1.47749226944533,26.5247711256939,-0.0544968272759587,10.5159400709719,0.0995933205430467,0.163067179999255
-0.0938602246458409,-1.47739433669714,26.5831672101815,-0.164427600961445,10.5674541527757,-0.121139955506425,0.140262185520802
-0.101807935760967,-1.48249725506048,26.6145125798059,-0.273006855540392,10.6322982967426,-0.320426924806547,0.0614855068590277
-0.107185726748898,-1.49207608945852,26.6279707238649,-0.37137501170803,10.7053250751903,-0.471982794922017,0.00609879081305265
-0.1094460449602,-1.50558910598932,26.6315177274254,-0.45138854276706,10.7819009268461,-0.561848670791734,0.0336017358768674
-0.108435327098434,-1.52232143809357,26.6295751035491,-0.506139863528991,10.8573408587201,-0.585725637869923,0.152152507471173
-0.104360602078428,-1.54130837482767,26.6244271430044,-0.53055990771404,10.9269366063581,-0.545728097000335,0.318372410631202
-0.0976556802909957,-1.56135762922467,26.617605884371,-0.521869828560994,10.987098645734,-0.449820487744309,0.45501519367148
-0.0888273611490797,-1.58123475589108,26.6103556313396,-0.479992601221222,11.0371136019338,-0.309837350799242,0.481931565142146
-0.0783341630205382,-1.59994175751721,26.6034013412015,-0.407872264782898,11.0804115422974,-0.137290629346114,0.356911108898103
-0.0664864452251405,-1.61676260555537,26.5977720899688,-0.311530093257938,11.1238628860114,0.0565946728797601,0.116083853846377
-0.0534490637390727,-1.63096184983813,26.5977138467532,-0.199759325981437,11.1735621826505,0.25437811580676,-0.118602917705001
-0.0395490205090111,-1.64153171932522,26.6118061824662,-0.0828078671997257,11.228022345065,0.432853828012952,-0.220707592211127
-0.0254531304741009,-1.64702610553425,26.6441172911987,0.0291943319539167,11.2815606854888,0.575153497113012,-0.15889465570534
-0.012138799924949,-1.64645204598122,26.6771184107827,0.127465734266884,11.3379002854972,0.671749876860904,0.000108146560075801
-0.000665884069322353,-1.64049617114999,26.698148372374,0.205030978846505,11.399856534282,0.714675564029791,0.152908940086863
0.00825358408160768,-1.63029291350346,26.710523605183,0.256302327673889,11.4644272951979,0.701093974731317,0.215261367017197
0.0142559840702943,-1.61682572472948,26.7187200053096,0.277351302211316,11.5290578265279,0.63371000320696,0.153481859030017
0.0171296822992467,-1.60098279589905,26.7249165611863,0.266477752602187,11.5922770202442,0.519589885611608,-0.0047856580380768
0.0168154213751564,-1.5836426126571,26.7301401223863,0.224091176149393,11.6537076340027,0.369900634165704,-0.177420216318975
0.0134560725067444,-1.56568451260332,26.735556822189,0.152790194211262,11.7151637017657,0.198753883034123,-0.260543082107186
0.00725817960612957,-1.54796540709118,26.742949925285,0.0581505340429663,11.7802002711062,0.0230181010288066,-0.187157588939903
-0.00154258405653763,-1.53151262741602,26.7530071589205,-0.0514308867628442,11.8511375124587,-0.136130277402819,0.0186886073311118
-0.0125465999717851,-1.51743849678104,26.7591612089918,-0.16600809899814,11.9275905569608,-0.258179386777894,0.240227341540079
-0.0252122232588598,-1.50626152196967,26.756056885807,-0.275219069808468,12.0044072330144,-0.332441080280503,0.349877668165593
-0.038886897001398,-1.49821641059819,26.7453428379638,-0.369460265667111,12.0750889809445,-0.356650423543411,0.30134670065703
-0.0528037755495021,-1.49356507909236,26.729211538064,-0.441247658138731,12.1384483826571,-0.330189202309338,0.137987201889713
-0.0662055748391472,-1.49242109929952,26.7090829483495,-0.485699007393053,12.1992997846032,-0.255238781202486,-0.0465025063885652
-0.0784724927833936,-1.4946476143641,26.6856795159543,-0.500107662805681,12.2646025136317,-0.140263068453718,-0.157266458304497
-0.0890475307225918,-1.49995720345637,26.6583551690507,-0.483874306200834,12.338885470351,0.0027261377402235,-0.143229669261192
-0.0973677627485812,-1.50800528116785,26.6245137993863,-0.438688941213029,12.4228493803332,0.161765147394414,-0.0213132300572477
-0.103027865968791,-1.5185175279635,26.5783779031864,-0.368448663416675,12.515872828301,0.322941320748329,0.130057352488008
-0.105880932236986,-1.53141133200892,26.5091310492214,-0.279662751958724,12.6209200595938,0.468479825095614,0.215659427033927
-0.106047153424936,-1.54689169130554,26.3998945795398,-0.18155154963223,12.7472716256341,0.581157093617148,0.188686823646218
-0.104238207301883,-1.56570323742245,26.2342244810745,-0.0841299859736259,12.9056615153826,0.651191784447919,0.0893873051048868
-0.102050229861409,-1.58849777081496,26.0266651971113,0.0050108893566518,13.090747208995,0.678785286564413,0.00817828670179777
-0.100488335060738,-1.61334437146361,25.8282968852747,0.0815580702871588,13.2761223625785,0.667696682292345,-0.0156717760166057
