0,0,0,0,0,0,0
0.166917823475629,0.000168659384268821,0.000762262198057435,0.0437456814776818,0.000112111633828129,-0.000825101404689089,-0.000993098756159597
0.333382962956401,0.000538483923893052,0.00149613651100619,0.0874025541669063,0.00021380953282445,-0.00165912797846005,-0.00196198837865899
0.498951223585397,0.00131552230565252,0.00217385911739789,0.13089590539488,0.000293662436044602,-0.00250911133853492,-0.00288197479660048
0.663191788225953,0.00271361643639753,0.00276927082749018,0.174174467494458,0.000338590311117969,-0.00337832669558998,-0.00372761473739599
0.825685365469132,0.0049535157964426,0.00325937330249492,0.217210801482503,0.000333978598345239,-0.00426458149528087,-0.0044728684385289
0.986013673934531,0.0082567230648198,0.00362642432666184,0.259989954483066,0.00026480645956219,-0.0051589208287415,-0.00509180368426133
1.14374061151615,0.0128331360508904,0.00386021895568533,0.302486433011158,0.00011785377556749,-0.0060451401030857,-0.00555987220802054
1.29838873265639,0.0188620807310605,0.00395994142911652,0.344633546120142,-0.000115278151251922,-0.00690050468284254,-0.00585562162556135
1.4494176842855,0.0264666961517011,0.00393488245785311,0.38629302797406,-0.000435012095400564,-0.0076978888940186,-0.00596254807345016
1.59621292500253,0.0356817609852437,0.00380349031164816,0.427234696174702,-0.000831525405401673,-0.00840917196536141,-0.00587070952908709
1.57167252022573,0.0424704091331387,0.00348207149113363,0.422810565250191,-0.00129351854253445,-0.00810314847154149,-0.00469467854852739
1.54219451813915,0.0491161324263452,0.00322676601550944,0.41664174052168,-0.00175640280251944,-0.00767870958198287,-0.00341937982086944
1.50778736291867,0.0554573041065414,0.00304135900592951,0.40861211237091,-0.00220962721105945,-0.00715995162656437,-0.0020828505833279
1.46854820890046,0.0613790338878023,0.00292547518358477,0.398716343429512,-0.00265073668004913,-0.00657342003258649,-0.000720692391235894
1.42465379848029,0.0667961445301326,0.00287744286214526,0.387029634265351,-0.00308245500824035,-0.00594586941934193,0.000633725017116939
1.37630750491737,0.0716276844841137,0.00289559956865715,0.373658926727624,-0.00350903232078013,-0.00530281918537265,0.00194881938285361
1.32371034451367,0.0757715939494597,0.00297813649006092,0.358700628065807,-0.00393275524439625,-0.00466774668801617,0.00319426242942221
1.26703211636738,0.0790856132638379,0.00312188150498679,0.342203693261289,-0.00435117371720992,-0.00406127928133531,0.00434064333187751
1.20639707450583,0.0813813117705607,0.00332081713342707,0.324146626646836,-0.00475549823840948,-0.00350009218946025,0.00535950568416442
1.1418842180873,0.0824354184792957,0.00356519568444822,0.304432663294358,-0.00513050660410969,-0.00299544516208889,0.00622390245797051
1.07354540585333,0.0820189174167935,0.00384193640093822,0.282906939280794,-0.00545616524232057,-0.00255165248198533,0.00690953739679488
1.00143829182408,0.0799387247808497,0.00413650025977701,0.259394642151857,-0.00571085205368295,-0.00216504988064032,0.00739641372300669
0.925667196024166,0.0760812485853343,0.00443577826080427,0.233753136435209,-0.0058755872760809,-0.00182409418204757,0.00767071205790313
0.846419751520558,0.0704440916924998,0.00473096684618624,0.205924499747508,-0.00593819460209675,-0.00151097901685969,0.00772642730409641
0.763986334106904,0.0631443332605815,0.005019276604029,0.175972245976647,-0.00589613691152469,-0.00120462535867722,0.00756623649426346
0.67875584527159,0.0543995571988897,0.00530377559588635,0.144090374059804,-0.0057571293186282,-0.000884347983128814,0.0072012514763818
0.591188213187896,0.0444873696854347,0.00559146655792248,0.11058201989189,-0.00553740520845981,-0.000533210969181949,0.00664964995341738
0.501772918748266,0.0336961122889158,0.0058904051208349,0.0758159141051659,-0.00525833874335111,-0.000140249316893727,0.00593454993020671
0.410987665057607,0.0222805966653152,0.00620692844543647,0.0401754892636383,-0.00494258221110071,0.000298770720235102,0.00508170435908136
0.319265283095472,0.0104318851993038,0.00654377807280017,0.00401430692265086,-0.00461075828181774,0.000781849301485836,0.00411750786866283
0.226977074841898,-0.00173545389987949,0.00689947671880906,-0.032372539710094,-0.00427935153609118,0.00130198511361824,0.00306766101392815
0.134430533799691,-0.0141806917573206,0.0072688151947782,-0.0687587112506508,-0.00395990341339308,0.00184858676227484,0.00195654685811906
0.0418806193780347,-0.0269228337250496,0.00764410736953199,-0.104980182076365,-0.00365932080039217,0.00240867461397552,0.000807258054220807
-0.0504485729348979,-0.0400192828173552,0.00801683105747874,-0.14091669280952,-0.00338098265149313,0.00296773508486789,-0.00035788079956491
-0.142337762067277,-0.0535408907366621,0.00837932353333013,-0.176467287011648,-0.00312633262575738,0.00351032076495749,-0.00151651213779483
-0.233550369154785,-0.0675459946492876,0.00872616777864307,-0.21152514035013,-0.00289665032257811,0.00402061025929787,-0.00264542316055486
-0.323816203509477,-0.082054649350469,0.00905481523361525,-0.245952601175799,-0.00269469384160043,0.00448312444284508,-0.00371988781660335
-0.412816039012547,-0.0970244206430049,0.00936516755790518,-0.279557036326629,-0.00252595478615192,0.00488376320335876,-0.00471326575694818
-0.50016774378035,-0.112332027080344,0.00965815970608784,-0.312073545307694,-0.00239925947055399,0.00521129609201619,-0.00559702201230768
-0.585423429302526,-0.127767648380937,0.0099336475145333,-0.343163899827758,-0.00232637436247166,0.00545925618286627,-0.00634143127649451
-0.668086276580134,-0.143048143565303,0.0101881619530838,-0.372438102532715,-0.0023203109726748,0.00562785181941612,-0.0069171587030366
-0.747646362567058,-0.157850578508717,0.0104133602618448,-0.39949718184666,-0.00239231619080496,0.00572519912830421,-0.00729765022068404
-0.823628238191289,-0.171860045073147,0.010596137638014,-0.423988930755403,-0.00254808966821897,0.00576715714502743,-0.00746197165536825
-0.895639198945334,-0.184817569139333,0.0107209457068918,-0.445662050643377,-0.00278436667767311,0.00577539366717229,-0.00739748174811207
-0.963404226928119,-0.196549760485902,0.0107738591038855,-0.464400733973403,-0.00308725283157197,0.00577392664995304,-0.00710161697138777
-1.02677706369275,-0.206967184386345,0.0107468356657286,-0.480226864311427,-0.00343338455149727,0.00578502369849625,-0.00658226760078256
-1.08572488760691,-0.216033142008555,0.0106402181810775,-0.493269069505153,-0.00379397874742415,0.00582557810399693,-0.00585668360388566
-1.14029175683829,-0.223719230981037,0.0104621953948844,-0.503710063811458,-0.00414066667691127,0.00590478237573265,-0.0049493322550072
-1.19055288800798,-0.229969653250032,0.0102254210877267,-0.511731028127093,-0.0044512319393809,0.00602331942588202,-0.00388941496057809
-1.23657243346751,-0.234688383661496,0.00994227798742241,-0.517469674357181,-0.00471343362252937,0.00617376645116745,-0.00270870027581101
-1.27837516011653,-0.237749406264671,0.00962063946515742,-0.521001365218194,-0.00492592001641427,0.00634171255217626,-0.00144005938038205
-1.31593725462859,-0.239020098094595,0.00926140099434261,-0.522344332881394,-0.00509632417074224,0.00650718761852285,-0.000116771822937376
-1.34919686552805,-0.238386706356937,0.0088581512681416,-0.521484757371161,-0.00523743652637856,0.00664623361643109,0.00122755125780479
-1.37808018334656,-0.235775635960931,0.00839871742809965,-0.518414691809202,-0.00536262151034794,0.00673267442183716,0.00255868123907154
-1.40253547235196,-0.231169529147411,0.00786813947065711,-0.513174605317165,-0.00548151583578171,0.00674028877552753,0.0038414012395445
-1.42256637785645,-0.224619440847163,0.00725270132407039,-0.505891539802483,-0.00559680286438894,0.00664561381736281,0.00503933315378608
-1.43825558330985,-0.216253276686476,0.00654464245445311,-0.496802691872388,-0.00570267921160812,0.00643144139035876,0.00611525981503939
-1.44976996826544,-0.206277743731641,0.0057469071856479,-0.486253602339872,-0.00578548932141975,0.00609068397710095,0.00703223151505482
-1.45734170936209,-0.194969113716306,0.00487683937996352,-0.474663220398932,-0.00582672841346096,0.00562976332573695,0.0077556469569466
-1.46122511481241,-0.182648858432828,0.00396740942762825,-0.462456287310305,-0.00580802829688577,0.00507024229004623,0.00825622985820369
-1.46163881174029,-0.169645058852525,0.0030648238601355,-0.449977150504935,-0.00571691777101825,0.00444746637880344,0.00851340180684405
-1.45871055673612,-0.156247412288552,0.00222242419249306,-0.437411430977528,-0.00555148737606931,0.00380576578655747,0.0085181441817319
-1.45244616227549,-0.142669212509929,0.0014923109499916,-0.424745336295584,-0.00532217160906057,0.00319112822266348,0.00827436999643223
-1.44273507585271,-0.12902857800752,0.0009172163155698,-0.411779489361251,-0.00504988083268239,0.00264344705941151,0.00779824755335368
-1.42939063463527,-0.115354047615797,0.000525114603931674,-0.398191712179305,-0.00476123113485322,0.00219064758221687,0.00711568239866955
-1.41220909712381,-0.101609308101841,0.000327699317691138,-0.383623998182206,-0.00448267363955525,0.00184612080984674,0.00625880746906018
-1.39102591427461,-0.0877259670392929,0.000322291262213815,-0.367763561473044,-0.00423543897283148,0.00160942685840525,0.00526249326099869
-1.3657538512228,-0.0736330145009453,0.000495595827368088,-0.350397057163132,-0.00403247668177956,0.00146918390244442,0.00416161080735891
-1.33639758833914,-0.0592760318123972,0.00082756288933679,-0.331431441501236,-0.0038776296548958,0.00140673747355864,0.00298932545196958
-1.30304768672904,-0.044624390535923,0.00129411637218493,-0.310886233686145,-0.00376661264465985,0.00139951391090117,0.00177633816753144
-1.26586049616353,-0.0296683996728327,0.00186829781940637,-0.288866857404489,-0.00368911309295133,0.0014235107902568,0.000550818190582538
-1.22503169694773,-0.0144101287927437,0.00252007470218452,-0.265528870480307,-0.0036313909713245,0.00145486721901159,-0.000661250868397201
-1.18076790477841,0.00114815266908194,0.00321554884369841,-0.241040103972243,-0.00357892829533677,0.00147076049479284,-0.0018355476047817
-1.13326115299101,0.0170142820257747,0.00391653486376739,-0.215545876014874,-0.00351885137489938,0.00145000072120258,-0.00294888653046657
-1.08266808716265,0.033212306847628,0.00458145996366371,-0.189140640206515,-0.00344193734109314,0.0013736791808683,-0.00397882341833738
-1.02909791599631,0.0497821596983087,0.00516826927123259,-0.161849687852792,-0.00334404658780734,0.00122612002950289,-0.00490350319120639
-0.972610862753752,0.0667717952294304,0.00563948496448731,-0.133624093391986,-0.00322680515133621,0.000996203218524393,-0.0057018454473422
-0.913229464136691,0.0842222543218191,0.00596881562789328,-0.104351791966009,-0.00309737600555901,0.000678902617332757,-0.00635413484926513
-0.850962351689368,0.102148216056882,0.00614788384047917,-0.073885371336755,-0.00296724455490069,0.000276656402522035,-0.00684301762969611
-0.785836550147357,0.120518706873269,0.0061910382718038,-0.0420831325036328,-0.00285013564199116,-0.000199957544614003,-0.00715479077019347
-0.717931092319919,0.139243877017951,0.00613622838903297,-0.00885517376417434,-0.00275944428451825,-0.000732729625068303,-0.00728073576617274
-0.647402740236085,0.158173043027238,0.00604079120969509,0.0257972468001368,-0.00270578858902111,-0.00129772273071352,-0.00721815430993368
-0.574496065517588,0.177106184602145,0.0059725763322655,0.0617604313029091,-0.00269534126560428,-0.00186833809963261,-0.00697078563672821
-0.499534705744693,0.195816654533586,0.00599847487678394,0.0988112785547036,-0.00272938548251464,-0.00241888404582717,-0.0065484471048809
-0.422897333607597,0.214079204700696,0.00617331857548795,0.136642870867614,-0.00280514052777437,-0.00292781021093069,-0.00596599040622169
-0.344986258576662,0.231696137649562,0.00653182898896381,0.17490385830122,-0.00291749544714873,-0.00337992880382163,-0.00524187295200396
-0.266197363850261,0.248515794456546,0.00708506271921711,0.213239859457376,-0.00306106139039396,-0.00376733388373681,-0.004396716352621
-0.186898445507132,0.264440910755388,0.00782132259351546,0.251326759864039,-0.00323197428975798,-0.00408914111891796,-0.00345216524774552
-0.10741904193534,0.279427386896592,0.00871043002139629,0.288890126124368,-0.00342906817108075,-0.00435042296966543,-0.00243021172068758
-0.0280515208346057,0.293475758176766,0.00970985837353753,0.325709411790284,-0.00365427098238277,-0.0045607583855548,-0.00135300290021992
0.0509384828063838,0.306618183334612,0.0107713950327649,0.361608876824798,-0.00391225676865943,-0.00473271084333713,-0.000243050523710865
0.129294936276816,0.318903011776225,0.0118474080874549,0.396438402005596,-0.00420948636095575,-0.0048803756044848,0.000876294283159112
0.206749952661174,0.330378563890396,0.0128961835110207,0.430048081367651,-0.00455282092227603,-0.00501798580684443,0.00198025553059348
0.283000502683487,0.341077304991042,0.0138859853420699,0.462260573587799,-0.00494793120844089,-0.00515846914945817,0.00304210666408239
0.357686585218704,0.35100265195568,0.0147975053367834,0.49284660580783,-0.00539779760334586,-0.00531184809078196,0.00403289627840012
0.430375568118393,0.360121444109831,0.0156242694668762,0.52150981665084,-0.00590167578665454,-0.00548346655719503,0.00492164459907103
0.500558612341348,0.368366431465873,0.0163706031326011,0.547888028871604,-0.00645495245902881,-0.00567222383792677,0.00567623179866526
0.567664348261162,0.375652808620465,0.0170470901511604,0.571576240940573,-0.00705021964794902,-0.00586923608340648,0.00626512666010602
0.631090895575754,0.381910258783126,0.0176641836528472,0.592171404051921,-0.00767956580587882,-0.00605751645129239,0.00665991262905411
0.690250142505761,0.387126943386671,0.0182255410768336,0.60933086696546,-0.00833752840180005,-0.00621320100699935,0.00683827143766668
0.744610325217386,0.39139550696119,0.0187232637293892,0.622828033027851,-0.0090235731829019,-0.00630844136865565,0.00678678788611441
0.793720357753981,0.394947032938578,0.019137050013365,0.632586541171815,-0.00974272165828637,-0.00631545494063504,0.00650283848783406
0.83720538094495,0.398158771581041,0.0194381918656232,0.638680772411086,-0.0105032958974018,-0.00621070321365952,0.00599504337002829
0.874737253091316,0.401525481005471,0.0195978437410681,0.641304102006623,-0.0113116395196111,-0.00597812758474289,0.00528223509848104
0.905999458741821,0.405589497213952,0.0195977426551805,0.640719243131084,-0.0121647597609063,-0.00561087684416353,0.00439137289800601
0.930675305489184,0.410829826361444,0.0194408604251917,0.637210035689314,-0.0130428023081294,-0.00511169357739556,0.0033550557938725
0.94848564337775,0.417518628918669,0.019159100483735,0.631049126532264,-0.0139040075151814,-0.00449261341066601,0.00220919870581773
0.959284898222378,0.425569755717325,0.0188149265115013,0.622485031147281,-0.0146851330765989,-0.00377457227522425,0.000991164011771319
0.963194293576046,0.434427876881356,0.01849431642208,0.611742529937847,-0.0153096508094871,-0.00298697431631165,-0.000261610313707219
0.960718232805831,0.443061018754478,0.0182907540072665,0.599027102792898,-0.0157035121232938,-0.00216662957428359,-0.00151256011685049
0.952776886106075,0.45009779190859,0.0182841594099223,0.584528427059136,-0.0158142597249007,-0.001355261364086,-0.00272658281025321
0.940616928187238,0.45408690840399,0.0185222820017197,0.568425267368597,-0.0156262196462686,-0.000595300098940465,-0.00387029795357011
0.925624758055046,0.45378816944675,0.0190116623195791,0.550896593383462,-0.0151654418866058,7.5385529706027e-05,-0.00491209066910708
0.909117141809887,0.448385978402411,0.019720299734266,0.532137524642111,-0.0144929914045932,0.000628538254554354,-0.00582220585264561
0.892184710198791,0.437563819165772,0.0205885023197199,0.512370114679666,-0.0136904785061378,0.00104914700998445,-0.00657325250552885
0.875619823882444,0.421448617438083,0.0215422252065337,0.49183639981914,-0.0128437219077257,0.00133701110610272,-0.00714136587760623
0.859914730261029,0.400478539257825,0.0225049194756492,0.470769032418015,-0.0120290328471486,0.00150606795760885,-0.00750797443140344
0.845297261934537,0.375252361116243,0.0234066961838391,0.449347474161984,-0.0113041205421875,0.00158160857861185,-0.00766176332656896
0.831778924917182,0.346400711121456,0.0241910610311791,0.427657386319295,-0.0107039227019773,0.00159579137797689,-0.0076002037009549
0.819205270011177,0.314498475310532,0.0248193593827552,0.405671259303851,-0.0102409155691216,0.00158226664226135,-0.00733006306902259
0.807307447139831,0.280021818819489,0.0252725589637583,0.383259473916434,-0.00990902017633524,0.00157105476237953,-0.00686663901381345
0.79575435393219,0.243342787766706,0.0255500566757464,0.360228007154536,-0.00968975782654168,0.00158478153536019,-0.00623190886869534
0.78420130045306,0.204748384992206,0.0256658596209119,0.336368909619677,-0.00955900703383629,0.00163688992100476,-0.0054521226597073
0.772329808056072,0.164469846784136,0.0256432334439111,0.31150751795099,-0.00949286552718089,0.0017317692807703,-0.00455544551908384
0.759873802379918,0.122710303996701,0.025509187965812,0.285534527368511,-0.00947167685957657,0.00186621895387457,-0.00357008841620655
0.746631450456838,0.0796642247204034,0.0252899942231333,0.258418818403522,-0.00948198327536728,0.00203148964016891,-0.00252311746093382
0.732464264466445,0.0355266615986754,0.0250084270769251,0.230202866507934,-0.00951668654752306,0.00221527798829335,-0.00143991135621248
0.717287129935583,-0.00950625844421394,0.0246829361888148,0.200985973678241,-0.00957394856450937,0.0024033292858417,-0.000344120747791821
0.701053185693465,-0.055242676276061,0.0243285569030183,0.17090106711885,-0.00965537663077549,0.00258057698095759,0.000742050790822505
0.683736887391919,-0.101502998415081,0.0239591082893862,0.140089844343241,-0.00976393627518771,0.00273193753062677,0.00179741101041423
0.665318119037047,-0.148127679380193,0.0235900596878068,0.108679910042197,-0.00990192373328926,0.00284296947379738,0.00280132804151187
0.645769814110011,-0.194982437274415,0.0232413235882854,0.0767667223399676,-0.0100692594375144,0.00290060827149108,0.00373338384651054
0.625050924237599,-0.241959051786032,0.0229391366840056,0.0444026963630386,-0.0102623325695928,0.00289411764796472,0.00457323972131997
0.603107045567944,-0.28897069073802,0.0227162291593396,0.0115956949149557,-0.0104736261549126,0.00281627731367486,0.00530081313146487
0.579879359338444,-0.33594165309616,0.0226096487393344,-0.0216818003462349,-0.0106922871233964,0.00266465199786276,0.00589683414289071
0.555321597374344,-0.382792700751527,0.0226561116042235,-0.0554729821948739,-0.0109056772604895,0.00244263574194852,0.0063437898749149
0.529422431221127,-0.429424926891754,0.0228855129366873,-0.0898093443894135,-0.0111016956367017,0.00215986597393916,0.00662715856202281
0.502228772328121,-0.475706017771667,0.0233140790053402,-0.124681189338267,-0.0112713948305844,0.00183166168267728,0.00673672230155997
0.473863699496541,-0.521462728083058,0.0239391621308887,-0.160013475503406,-0.0114111963026112,0.0014773610959343,0.00666765581134317
0.444534360186563,-0.566482227652619,0.0247375157334634,-0.195653809747337,-0.0115240547170381,0.00111778345533122,0.00642111261243954
0.414527641292153,-0.61052210478033,0.0256678615340342,-0.231376041621485,-0.0116191975677714,0.000772339910780186,0.00600415331740045
0.384195395579911,-0.653325965177468,0.0266771141849593,-0.266897944755683,-0.0117105115720532,0.000456430938804011,0.00542905715657341
0.35393439273698,-0.694640033366259,0.0277084410233267,-0.301907227550072,-0.0118140473252076,0.000179633167154606,0.00471223402424351
0.324167311786405,-0.734226355537159,0.0287089408347938,-0.336088392227393,-0.0119452918467912,-5.51191711398732e-05,0.00387303070339827
0.295329619124547,-0.771869275507016,0.0296351754856914,-0.369143884151576,-0.0121167710526593,-0.0002514550850769,0.00293268347154612
0.267864754619216,-0.80737409728642,0.0304557688950267,-0.400805971470007,-0.0123363064065565,-0.000418865767473627,0.00191356500277238
0.242226667245949,-0.840557797267217,0.031151254136493,-0.430838781729537,-0.0126059645280856,-0.000571676166882368,0.000838751621992774
0.21888608116681,-0.871232830632462,0.0317120621131123,-0.459032624387458,-0.0129215355518764,-0.000727879179818453,-0.000268145567881841
0.198334063775099,-0.899185257151708,0.0321358633649238,-0.485194220253681,-0.0132722696002708,-0.000907863169997035,-0.00138298320154734
0.181073856058126,-0.924149239548909,0.0324254861883202,-0.509137300881202,-0.0136406228385758,-0.00113291363220664,-0.0024810157854879
0.167589711478828,-0.945781682589679,0.0325883584241032,-0.530678136081285,-0.0140019325935508,-0.00142328179344729,-0.00353681235770843
0.158281653154958,-0.963643615032299,0.032637822918468,-0.549639591109269,-0.0143242911812946,-0.00179563428003218,-0.00452416547820008
0.153361590273334,-0.977198793213138,0.0325957661854136,-0.565865126440179,-0.0145694036643768,-0.00225987557546333,-0.0054159609616705
0.152722893567006,-0.985842175437632,0.0324949816326956,-0.579240431653899,-0.0146956439133619,-0.00281569085036072,-0.006184021399294
0.155820765345917,-0.988967525671288,0.0323791575841118,-0.589716353501181,-0.0146643086013244,-0.00344962985459299,-0.00679913186939226
0.161620777806199,-0.986070164821863,0.0322989628913975,-0.597324327015615,-0.0144486363363758,-0.00413392963594659,-0.00723175492160386
0.168665656022421,-0.976861079251597,0.03230439790738,-0.602177188621501,-0.0140428346447532,-0.00482822287627961,-0.00745406931131142
0.175265357112006,-0.961351805700974,0.0324352853473619,-0.604452568925406,-0.0134668505552587,-0.00548455262758459,-0.00744352937813285
0.179756531135017,-0.939873105051447,0.0327125493763319,-0.604362262358026,-0.0127639014394099,-0.00605487596001544,-0.00718716599619578
0.180746269702162,-0.913014203093558,0.0331327569463984,-0.602114821999784,-0.0119914817925283,-0.00649908437318106,-0.00668500797548549
0.177271564797436,-0.881502817333473,0.0336679376281462,-0.597881023333882,-0.0112098723081825,-0.00679121368977105,-0.00595113064986122
0.168849919222811,-0.84606791443345,0.0342716328800565,-0.591770902638879,-0.0104726121749212,-0.00692223089892752,-0.00501193781203872
0.155436747816472,-0.807328331049896,0.034890109703221,-0.58382747246972,-0.00982128927862214,-0.00689918477538377,-0.00390253182284871
0.137325420092596,-0.765733188147515,0.0354754999116216,-0.574036671801716,-0.00928443944599809,-0.00674178340358661,-0.00266259901683457
0.115027075587815,-0.721557100493539,0.0359967579406576,-0.5623487605257,-0.00887890883415302,-0.00647799319260269,-0.00133300381017548
0.0891574060150144,-0.674936446552253,0.0364452057903039,-0.548705036309531,-0.00861190941952098,-0.00613997966261568,4.63452183824053e-05
0.0603444949295281,-0.62592727256827,0.0368332409019542,-0.533064960588302,-0.00848259177993615,-0.00576101454122362,0.00143737147889173
0.0291612628875643,-0.574568109852127,0.0371865026356539,-0.515430658855957,-0.00848268130886886,-0.00537330033841854,0.00280379005543042
-0.00391949009933774,-0.520936482975436,0.0375310218747738,-0.495866702975996,-0.00859629470558628,-0.00500626296140407,0.00411059559761814
-0.0385503582492629,-0.465192253593504,0.0378778208142189,-0.474512836503107,-0.00879944002026808,-0.00468478805606286,0.00532350943420788
-0.0745160348358961,-0.407602736914112,0.0382083756156395,-0.451586335237944,-0.00905993835265263,-0.00442707870048486,0.00640876950595752
-0.111720424852368,-0.348544908594726,0.0384652391712165,-0.42737026803266,-0.00933857219168992,-0.00424221324256196,0.00733358435896528
-0.150152931081721,-0.288481457742683,0.0385523186873094,-0.402185563685506,-0.00959207214680002,-0.00412796683893236,0.00806745794509236
-0.189835961630272,-0.227911857954323,0.0383477975931282,-0.376349085206406,-0.00977800216503866,-0.00406983034865952,0.0085843656668624
-0.230762294170377,-0.167307488314954,0.0377288932131618,-0.350126236543842,-0.00986075875045689,-0.00404215993913741,0.00886541937397207
-0.272837838437143,-0.107047809711395,0.036602370298577,-0.323691598013378,-0.00981709784852036,-0.00401184222913173,0.00890131106564339
-0.315847627120306,-0.0473775819206027,0.034930700072149,-0.297111104271037,-0.00963937497499734,-0.00394389404451036,0.00869369922643825
-0.35945671455475,0.0116011043112096,0.0327440094165989,-0.27035219597201,-0.00933534088346492,-0.00380751947356328,0.00825496020882685
-0.403244931399693,0.0699013236600951,0.0301333485504805,-0.243317734305317,-0.00892463563779133,-0.00358088636090205,0.00760631195951619
-0.446761995616856,0.127600791147916,0.0272284427171216,-0.21589100501846,-0.00843333555734082,-0.00325346692709791,0.0067749002896814
-0.489584259777344,0.184786559755068,0.0241685241547039,-0.187977261673032,-0.00788835816140337,-0.00282580272458668,0.00579070471752972
-0.531357595347176,0.241510652141141,0.0210756482437338,-0.15953164575065,-0.00731315649471874,-0.00230742537388414,0.00468398557953399
-0.571819414755857,0.297764398669657,0.0180367909058798,-0.130570391787806,-0.00672534622501816,-0.00171403719603636,0.00348364265847676
-0.610800353221124,0.353471787448271,0.0150967996008631,-0.101167580873225,-0.00613618480427804,-0.00106489796167474,0.00221651285221362
-0.648210969909005,0.408498123349252,0.0122611395043975,-0.0714424204181778,-0.00555145750676637,-0.000380949052837446,0.000907438448004156
-0.684018945559364,0.462668658600242,0.00950588219436125,-0.0415416184367628,-0.0049732442675955,0.000316206795806382,-0.000420134286585814
-0.718222084552734,0.515793144559707,0.0067923361137781,-0.0116203664685972,-0.00440216463585905,0.00100466582552062,-0.00174324356601752
-0.750819315801279,0.567692555479045,0.00408408243773664,0.0181762513529812,-0.00383981402727393,0.00166230496043448,-0.00303838072571074
-0.78178110999749,0.61822451656627,0.00136440834045546,0.0477300888125437,-0.00329116890882769,0.00226703287020412,-0.00428050792710909
-0.811020767150632,0.667303507979057,-0.00134814101087783,0.0769634042904882,-0.0027666984091119,0.00279764595745717,-0.00544230635290439
-0.838370731527779,0.714911247579708,-0.00398919294036045,0.105846491221942,-0.00228377384893712,0.00323558737781211,-0.00649387632729371
-0.863570454126233,0.761092314347741,-0.00644676630493982,0.134396279471005,-0.00186681404121136,0.00356764283598269,-0.00740315721685587
-0.886273751754085,0.805931022909304,-0.00857180125692297,0.162662907593098,-0.00154557092431469,0.00378917062321562,-0.00813731873640101
-0.906081402976735,0.849509255261324,-0.0102021382292635,0.190703354967602,-0.00135124299287549,0.00390695399122957,-0.00866521993873331
-0.922597702184398,0.891851882232906,-0.0111963505393924,0.21854559356665,-0.00131080024011692,0.00394042092968509,-0.00896069808059581
-0.935498226438209,0.932873569977831,-0.0114683006995447,0.246151976415835,-0.00144084430500894,0.00392013064297525,-0.00900601076443631
-0.944588644508106,0.97234621645657,-0.0110103759736157,0.27339420884744,-0.00174300542207683,0.00388326524535155,-0.00879447765889596
-0.949833288833932,1.00990135099857,-0.00989610622978159,0.300050235131651,-0.00220269183932546,0.00386709930392937,-0.00833147513697175
-0.951343517969924,1.04506983235604,-0.00826097026270729,0.325825793797803,-0.00279182288117148,0.00390236910278082,-0.00763350131291252
-0.949332179279668,1.0773467021393,-0.00626917357865302,0.350393705957825,-0.00347458495725641,0.00400849360834574,-0.00672574303487803
-0.944051947372717,1.10626001181308,-0.0040787618593222,0.373437578914879,-0.00421418479940743,0.00419169626503545,-0.00563902530364526
-0.935738380455457,1.13142485995479,-0.00181579678945006,0.394687228498744,-0.00497856035000419,0.00444585688233188,-0.00440702908505559
-0.924572387403899,1.15257239304248,0.000437230449079726,0.41393863239607,-0.00574381767541712,0.00475507476679838,-0.00306432603657262
-0.910667366380155,1.16955213129339,0.0026392543015945,0.431057564097527,-0.00649516080797008,0.00509674603279702,-0.00164537175372799
-0.894081319919951,1.18231402585482,0.00477872002371531,0.445971290418579,-0.00722579164164293,0.0054443160468645,-0.000184325003051829
-0.87484774127291,1.1908746169577,0.00685689790561057,0.458652937916879,-0.00793451177118204,0.00576940227613687,0.00128458762957286
-0.853020729612662,1.19527426941278,0.00887099270401725,0.469103631931964,-0.00862274595913918,0.00604347662680618,0.00272646335920506
-0.828726652914,1.19552899951547,0.0108007796361794,0.477335113780498,-0.0092915670671427,0.00623956163196211,0.00410518685270779
-0.802213573864685,1.19158276791563,0.0126017351555697,0.483354872522001,-0.00993921092566998,0.00633441949281386,0.00538328357211715
-0.773886240497658,1.18326956822046,0.0142067916046971,0.487155619328966,-0.0105595242335386,0.00631145928595596,0.00652247824509375
-0.744310687187523,1.17029755138319,0.0155373725366132,0.488710970272634,-0.0111417087317954,0.00616407874581226,0.00748520463851287
-0.714173460906981,1.15226810387834,0.0165218676677906,0.487979461618378,-0.0116715110892488,0.00589854151000958,0.00823711099675749
-0.684189753700232,1.12873683884322,0.0171165795029486,0.48491821554738,-0.012133614400678,0.00553507724595841,0.00875025256754315
-0.654972053312696,1.09930850374992,0.0173219095127655,0.479504290047485,-0.0125145257268146,0.00510606332383267,0.00900625011829477
-0.626892619188927,1.06374287720128,0.0171871471377087,0.471758165168576,-0.0128050421384718,0.00465109131243115,0.00899848437914178
-0.599984370830741,1.0220393760175,0.0168013291299927,0.461760683553753,-0.0130015972577203,0.00421005570630855,0.00873259986324799
-0.573917525454541,0.974473906271651,0.0162734800813773,0.449656030663389,-0.0131063515370954,0.00381634370414969,0.00822519698522735
-0.548062706932061,0.921576967853915,0.0157097313607455,0.435638252836569,-0.0131263430102659,0.00349211045679176,0.00750123062561777
-0.521620674621663,0.864062279562686,0.0151951474648278,0.41992648906257,-0.0130721026788367,0.00324660696358208,0.00659095347319653
-0.493777519201047,0.802728365244112,0.0147849502032516,0.402738712641161,-0.0129559401556172,0.00307727299966326,0.00552711978782715
-0.463841400858656,0.738360072154843,0.0145055230016892,0.384273420139108,-0.0127899967639435,0.00297250691929844,0.00434282868688863
-0.431330322425834,0.671652893105597,0.0143622692894387,0.364703918436852,-0.0125842987961559,0.00291488986471528,0.00307009358064387
-0.396000874688796,0.603172551359747,0.014350056014295,0.344183710743209,-0.0123452451392008,0.0028839720268927,0.00173907469350899
-0.357826247224913,0.53335113676279,0.0144624234029557,0.322857735924761,-0.0120750062445312,0.00285821302779657,0.000377871667378956
-0.316941434437032,0.462512335442273,0.0146971604656997,0.300873424409082,-0.0117721214002577,0.00281608564765856,-0.000987238233470252
-0.273574263468077,0.390914203789479,0.0150573961371937,0.278386817493303,-0.0114332795208421,0.00273662024284984,-0.00233124409006289
-0.227976719940313,0.318798368538109,0.0155485654244447,0.255561252736953,-0.011056004688999,0.00259979230028875,-0.00362966846914513
-0.180365689972191,0.246436191144364,0.0161723876750378,0.232557922511987,-0.0106417670940887,0.00238716311823522,-0.00485781266335224
-0.130879060248778,0.17416437424066,0.0169195359813686,0.209519480441992,-0.0101988956027519,0.00208309906128392,-0.00599015120925969
-0.0795520077667726,0.102403232392743,0.0177631113952469,0.186549500591525,-0.00974453650343698,0.00167671272929489,-0.0070000710402359
-0.0263187852407439,0.0316522366448056,0.01865535725098,0.163692833343562,-0.00930486367355041,0.00116438627220153,-0.00786018121401477
0.028956058547646,-0.0375404556334028,0.0195298964964112,0.14092329449852,-0.00891289211203151,0.000552357142345998,-0.00854341351886649
0.0864185114819216,-0.104633115474936,0.020310651286865,0.118144469424399,-0.00860372317891329,-0.000141535008134187,-0.00902500000145666
0.146148622045476,-0.169160408425821,0.020926387201916,0.0952069862624766,-0.00840795232516971,-0.00088799417234513,-0.0092851330901168
0.208087683018514,-0.230799791041817,0.0213269685464979,0.0719401338316146,-0.00834496920916505,-0.0016490281995318,-0.00931170957208861
0.27199394819688,-0.289411617803339,0.0214955827918805,0.0481904575421537,-0.00841844933351142,-0.00238314364565779,-0.00910230420664585
0.337443958282234,-0.345035835376167,0.0214519296579771,0.0238568226816686,-0.00861584140918895,-0.00305169544012962,-0.00866463136289928
0.403879351459929,-0.397843784301095,0.0212449913277828,-0.00108699246792503,-0.00891216296593143,-0.00362449686906194,-0.00801531929849787
0.470681371578224,-0.448060403159633,0.0209383507807617,-0.0265865884599282,-0.0092766783942905,-0.00408312005291836,-0.0071774642394338
0.537248468863851,-0.495881943650359,0.0205937289611002,-0.05251681350814,-0.00968012830458177,-0.00442137551615391,-0.00617783270199373
0.603056246497518,-0.541410795780798,0.0202579941177619,-0.0787023311753569,-0.0101004057836942,-0.00464354450852425,-0.00504448185872178
0.667690946361424,-0.584619755205731,0.0199565627742646,-0.10494276427401,-0.0105255949847907,-0.00476151075340517,-0.00380523617976903
0.730855782956247,-0.625345726422089,0.0196933549952761,-0.131037000231057,-0.0109542713572416,-0.00479186958874778,-0.00248705989482294
0.792355368395731,-0.663307491318582,0.0194557876754869,-0.15680276318171,-0.0113935863126367,-0.00475369251283436,-0.00111616901662785
0.852064506886169,-0.698141316918559,0.019222700019634,-0.182089256442539,-0.0118558111457379,-0.00466715982839531,0.000281341603320672
0.909886838410099,-0.729450668452904,0.0189732354377813,-0.206781998055328,-0.0123539190517885,-0.00455291194092972,0.00167857443860789
0.965708013572485,-0.756868948629578,0.0186950117129205,-0.230799702040723,-0.012896671895033,-0.00443174081531837,0.00304682103659084
1.01934717917013,-0.780133201595265,0.0183900482251626,-0.254083008737961,-0.0134837001517779,-0.00432412395854687,0.00435470595756429
1.07051408781739,-0.799163688107143,0.0180769820772785,-0.276575425451671,-0.0141013378280256,-0.00424912018081362,0.00556776733973255
1.11878159573161,-0.814135132629698,0.0177882892203255,-0.298197953722331,-0.0147203356479956,-0.00422231381932793,0.00664880357696215
1.16358758369129,-0.825517350516197,0.0175621031850175,-0.318822257878397,-0.0152968406757562,-0.00425289041619111,0.00755930687033608
1.20427572975431,-0.834057349853483,0.0174300150811595,-0.338250848347455,-0.0157776010144678,-0.00434050167828611,0.00826210389296255
1.24017696767136,-0.840686486275533,0.0174045179196511,-0.35621556029539,-0.0161092341823225,-0.00447312683359651,0.00872501236331867
1.27071233402683,-0.846359873421773,0.0174712351027524,-0.372401456078297,-0.0162493782474628,-0.00462725608411218,0.00892478624836068
1.29548655019827,-0.851871827660728,0.0175901106277075,-0.386493809982059,-0.0161761197172234,-0.00477110502330831,0.00885032405439297
1.31433812494067,-0.857710163547455,0.0177059493479788,-0.398232656852684,-0.0158921533556012,-0.00487032823963671,0.00850416850027436
1.32732887016526,-0.864001419802017,0.0177640634256632,-0.40745344924725,-0.015422226939922,-0.00489453738906274,0.00790187983413132
1.33468225833332,-0.870559584182072,0.0177243446274772,-0.414098693204366,-0.0148053400477167,-0.00482259013890611,0.00706961672283725
1.33669778296842,-0.877005764182362,0.0175684066295483,-0.418199461853372,-0.0140850469472634,-0.00464527929052326,0.00604077468701806
1.33367241432766,-0.882904764893144,0.0172983848114154,-0.419838936588846,-0.0133011867400972,-0.00436523521415985,0.00485262522258092
1.32584969587643,-0.887872012741122,0.0169297905329455,-0.419114591563022,-0.0124849175533108,-0.00399483718366631,0.00354363276559439
1.31340142304902,-0.891628336445379,0.0164825724698945,-0.416111554275781,-0.011657269487924,-0.00355330379091394,0.00215173832223055
1.29643639535158,-0.894004485863283,0.0159741396582519,-0.410892636703797,-0.0108304086818573,-0.00306393753297351,0.000713584933627118
1.27502581699854,-0.894910408339737,0.0154165378900497,-0.403504307187488,-0.0100105190872391,-0.00255200304599124,-0.000735525577987646
1.249235729863,-0.894287258841095,0.0148183182070896,-0.393994618083883,-0.00920137385159208,-0.00204321617478816,-0.00216122490367765
1.21915898976679,-0.892056944888104,0.0141903611769454,-0.382437693532798,-0.00840792188270194,-0.00156248393010059,-0.00352950963726346
1.18494221308384,-0.888080721877604,0.0135540171592104,-0.368959042595891,-0.00763937128754336,-0.0011324319547133,-0.00480629342963239
1.14680289472163,-0.882135080031177,0.0129491635970622,-0.353754941597282,-0.00691125235760431,-0.000771381124259019,-0.00595735548363766
1.10503370896454,-0.873912728274125,0.0124392188365165,-0.337099175679656,-0.00624591638296991,-0.000490769357186608,-0.006948946380501
1.0599900001249,-0.863052469632711,0.0121100613071073,-0.319330811993916,-0.00567099370514046,-0.000292475251659066,-0.00774923537488618
1.01206109283712,-0.849197103055914,0.0120608600106378,-0.300821072539052,-0.00521571004208485,-0.000166938108960116,-0.00833060052504928
0.961629597078237,-0.832067862393495,0.0123873162867971,-0.281923909478645,-0.00490563689972372,-9.31213980048608e-05,-0.00867243946346097
0.90902930266508,-0.811534874408208,0.0131612932527322,-0.26292311873913,-0.00475724547502923,-4.10033100293663e-05,-0.00876383112455382
0.854514861045278,-0.787659622390819,0.0144135322013098,-0.243993165689273,-0.00477405375191602,2.36024781958887e-05,-0.00860520895455198
0.798252437386116,-0.760692195131701,0.0161260756938956,-0.225187359329616,-0.00494578292875446,0.000133100337328051,-0.00820839833696686
0.74033364522726,-0.731023964822396,0.0182375095694722,-0.206456969450958,-0.00525082341073972,0.000312777841017054,-0.0075949281979688
0.680805566109747,-0.699112784902808,0.020658891761923,-0.187692729554647,-0.00566102817441272,0.000577523785192988,-0.00679312958254423
0.619705313582332,-0.665405787899551,0.0232943165820539,-0.168773433726042,-0.00614713862563469,0.000931114426447219,-0.00583487057187169
0.557088949766521,-0.630280936238031,0.0260594037872258,-0.149607269248642,-0.00668328456363091,0.00136760625911628,-0.00475271439426989
0.493049130268264,-0.594017303469054,0.0288932082413423,-0.130157535598982,-0.00724970221916408,0.00187383343924729,-0.00357795688181192
0.427720044726134,-0.556792511391223,0.0317622177853721,-0.110450960605117,-0.00783357204622818,0.00243201132000349,-0.00233962988593507
0.361272145179145,-0.518700396438261,0.0346576082969484,-0.0905714943917553,-0.00842836891095757,0.00302179749214535,-0.00106432367156657
0.293899379359411,-0.479779737725454,0.0375880001842503,-0.0706437763395247,-0.00903225516808691,0.00362158942422252,0.000223420709700011
0.225802340418967,-0.440047373384363,0.0405700003344955,-0.0508103371998104,-0.00964598456060094,0.0042091783354972,0.00150038605829915
0.157170157668182,-0.399531016774877,0.0436183440241267,-0.0312056541945281,-0.0102706498056943,0.00476208027140884,0.00274381998351179
0.0881637560807938,-0.358298962739751,0.0467369124983433,-0.0119296435033119,-0.0109055093190909,0.00525793734311466,0.00393060309331966
0.0189039298614422,-0.316484547623573,0.0499118162539816,0.00697622589251379,-0.011546143651962,0.00567537190325903,0.00503660173909718
-0.0505326892189747,-0.274301627477699,0.0531075841693957,0.0255460686419924,-0.0121832368008014,0.00599554353292029,0.00603637423413906
-0.120106133147984,-0.232047814779494,0.0562676878733614,0.0438944208401661,-0.0128024028677505,0.00620445999832256,0.00690343177109821
-0.189792324414345,-0.190090291659251,0.0593201263613646,0.0622031843083441,-0.0133854333630966,0.00629572618096125,0.00761122924590525
-0.259550187546784,-0.148832394318753,0.0621879329854716,0.0806875417408654,-0.0139131524219555,0.00627304648895053,0.00813496204060854
-0.329282393030713,-0.10866356788381,0.064802646934218,0.0995436108205806,-0.0143695396644496,0.00615149910882735,0.00845399050530928
-0.398799940189513,-0.0699035633327212,0.0671172184749333,0.118888842352133,-0.014746176915959,0.00595668907814044,0.00855441608881338
-0.467802556964243,-0.0327572101057225,0.0691141555169281,0.138712736934672,-0.0150456308705854,0.00572145057445427,0.00843110893295575
-0.535883443671178,0.00270463297604571,0.0708060071802069,0.158855333370139,-0.0152825106932866,0.0054806748880923,0.0080885411675952
-0.602558670816802,0.036531046810869,0.0722281904748195,0.179022113503388,-0.0154817102978678,0.0052656218006815,0.0075401600474412
-0.667312566497907,0.0688496661141186,0.0734271822497221,0.198830381284038,-0.0156743941566864,0.00509925557191106,0.00680656223120425
-0.729645685879274,0.099813215151004,0.0744485349522034,0.217871376984387,-0.0158930311924408,0.00499363355836031,0.00591310827136031
-0.789112164318896,0.129551041586237,0.0753283297668908,0.23576931944347,-0.0161668436755101,0.00494950850827912,0.00488765024579933
-0.845340274852209,0.158137704632157,0.0760898366762752,0.252223842693257,-0.016518623884693,0.00495761073507805,0.00375884345773694
-0.898035298656694,0.185583121671588,0.0767449635235739,0.267029958687852,-0.0169632138300703,0.00500078470967491,0.00255519083885989
-0.946969462016429,0.211842779278082,0.077298947934416,0.280076670561369,-0.0175074926584981,0.00505628015696812,0.00130474531893073
-0.991965320824643,0.236843329378164,0.0777563302280539,0.291328707107596,-0.0181514901732167,0.00509781680716733,3.52722500352091e-05
-1.0328776900737,0.260517693069295,0.0781263309447274,0.300796213139317,-0.0188902047421366,0.00509737316313236,-0.00122535846662408
-1.06957792321213,0.282843563085208,0.0784261723047396,0.308496787431755,-0.0197157637606529,0.00502688770617122,-0.00244876186861001
-1.10194216529651,0.303878658957096,0.0786813190868769,0.314414078780173,-0.0206195899115142,0.00486014738710706,-0.00360579256799434
-1.12984491869518,0.323785617597419,0.0789222871634644,0.318458751489637,-0.0215942342346174,0.00457507389538228,-0.00466662141716985
-1.15315917602114,0.342839403152174,0.0791784968448033,0.320440246271715,-0.0226345026609884,0.00415640367295522,-0.00560127198331223
-1.1717632857337,0.361411553756471,0.0794705450004691,0.320059639267586,-0.0237374952651315,0.00359843404566974,-0.00638072012042574
-1.18555554804323,0.379930390636576,0.0798032230993654,0.316933481112712,-0.0249013542147672,0.00290719032249191,-0.00697858868751795
-1.19447558356817,0.398823261981575,0.0801618443561749,0.310652170479652,-0.0261228414961219,0.0021011974182708,-0.0073733186386902
-1.19853074677635,0.418454783810814,0.0805138048022632,0.300865116889034,-0.0273943584574281,0.00121019998337267,-0.00755047832879849
-1.19782400201812,0.439078920213258,0.0808155414943525,0.287371815978553,-0.0287014263631154,0.000271714840997678,-0.0075046560888485
-1.19257813710983,0.46081885036949,0.0810228503721943,0.270190597244884,-0.0300217132863308,-0.000673945215023339,-0.00724032269105107
-1.18315082058129,0.483677108725589,0.0811010561322592,0.249581595353672,-0.0313262648904111,-0.00158894548354255,-0.00677127997717675
-1.17003498695613,0.507565017677407,0.0810316387793331,0.226016634636809,-0.0325827767537842,-0.00244219989267701,-0.00611877808188247
-1.15384113610824,0.532333736229238,0.0808136541041241,0.200108190481166,-0.033759971610984,-0.00321182818454105,-0.00530885643969147
-1.13526145615502,0.55779289870157,0.0804605081702025,0.172521856863176,-0.0348318024256269,-0.00388572545702256,-0.0043696734629264
-1.11501992472251,0.583713205393857,0.0799941587402471,0.143897256810012,-0.0357804144754264,-0.0044607319693623,-0.00332945743319433
-1.09381581830056,0.609818679591374,0.0794390679913042,0.114793944488466,-0.036597337020006,-0.00494107228059968,-0.00221537134103926
-1.07226982808685,0.635777923477195,0.0788175945486126,0.0856680717189908,-0.0372829348844232,-0.00533660304463893,-0.00105325181710743
-1.05088024515106,0.661200984910622,0.0781475287513759,0.0568769936923213,-0.0378444755087282,-0.00566115031843467,0.000132019482390925
-1.02999417326197,0.685643723694031,0.0774417675047811,0.0287043330885864,-0.0382932988981218,-0.00593098433967442,0.00131580666169139
-1.00979493925393,0.708617457599411,0.0767097137040932,0.00139613973552467,-0.0386415590049711,-0.00616332748742909,0.00247294051475681
-0.990304023438919,0.729600490706204,0.0759598583101181,-0.0248016538081776,-0.0388989846563033,-0.00637473501737115,0.0035770938783455
-0.971393865305683,0.748049564067994,0.0752029467829201,-0.0496142589757677,-0.0390701302641349,-0.00657923063602439,0.00460051182140534
-0.952807765090892,0.763412727093265,0.074455081347863,-0.0727266908892561,-0.0391526689378524,-0.00678623422558203,0.00551428852422888
-0.93418378173101,0.775148255695875,0.0737399824770938,-0.0937969439591297,-0.0391372975803424,-0.00699856953528753,0.00628935119515749
-0.915081118689219,0.78275513500989,0.0730895723845005,-0.11249526665362,-0.0390096457121906,-0.00721110980463046,0.00689820366939273
-0.89500913533865,0.78581740823482,0.0725422383338937,-0.128562564590772,-0.038754094135448,-0.0074107463693211,0.00731727025600456
-0.873459628192551,0.784057249450348,0.0721387165163322,-0.141871531514324,-0.0383586770577748,-0.00757816448281966,0.00752940718450504
-0.849941777549039,0.777383171106021,0.0719164228822519,-0.15246887996204,-0.0378195946718782,-0.0076913337278884,0.00752594948119567
-0.824016809044988,0.765916045531004,0.0719038620716907,-0.160580952271351,-0.0371437662549384,-0.00772989318861378,0.00730769652818072
-0.795327254640357,0.749980377118097,0.0721169364559532,-0.166578137553316,-0.0363485097826145,-0.00767915573268317,0.00688455527711703
-0.763615485765448,0.730060151843296,0.0725583457522296,-0.170909511460213,-0.035458556424165,-0.00753258681387969,0.00627401276617989
-0.728728551724383,0.706731270666974,0.0732201294947946,-0.174029187287713,-0.0345015755535225,-0.00729226284654186,0.00549895643515937
-0.690609741984418,0.680589024283086,0.0740883227016082,-0.176335348146773,-0.0335036992540457,-0.00696757920415373,0.00458544122005346
-0.649280822512909,0.652187959236465,0.0751481984666191,-0.178134329223011,-0.0324862223422075,-0.00657296726418509,0.00356085284656902
-0.604820353497162,0.622004562534281,0.0763886346319446,-0.179631350130648,-0.0314640149128398,-0.00612544514253599,0.00245267223842379
-0.557343222317185,0.59042522427107,0.0778045716423408,-0.180941712575272,-0.030445610084032,-0.00564258904198562,0.00128784204185849
-0.506985277122171,0.55775609612314,0.0793970621455126,-0.182113245662583,-0.0294346053703924,-0.00514117691035649,9.26241768999212e-05
-0.453895117823145,0.524248219018756,0.0811708467742786,-0.183151445075872,-0.0284319092313251,-0.00463646923295476,-0.00110720158966542
-0.398233812438011,0.490130562683831,0.0831297797149118,-0.184041425441293,-0.027438399157686,-0.00414191811059797,-0.0022859492665602
-0.340181692504881,0.455643311023511,0.0852707191166918,-0.184763626366242,-0.026457579590599,-0.00366902340452706,-0.00341759857434322
-0.279950651186973,0.421064460042017,0.0875769573717818,-0.185302799502929,-0.0254978495603397,-0.00322707741610555,-0.00447548422703848
-0.217798695835664,0.386722807551662,0.0900126656640226,-0.185651279778015,-0.0245739224358062,-0.00282262584023338,-0.00543227566618061
-0.154042306250012,0.352991769580105,0.0925202199615818,-0.185808347762203,-0.0237069151989121,-0.0024586288766071,-0.00626042409259521
-0.0890612136521472,0.320261478074055,0.0950222740982345,-0.185777501069603,-0.0229227111489006,-0.00213350797646271,-0.00693321492102035
-0.0232904862724514,0.28889192889549,0.0974296639775977,-0.185562844859913,-0.0222485033334622,-0.00184045822000416,-0.00742644494505521
0.0428025523673862,0.259157137872287,0.0996545663065185,-0.185165155266934,-0.0217079909376618,-0.00156749850780486,-0.00772054022312213
0.108754168897022,0.231196297633882,0.101626129231254,-0.184577875070328,-0.0213163562013378,-0.00129861220175282,-0.00780269772527866
0.174144806182989,0.204988988132227,0.103304089945735,-0.183783663162709,-0.0210765559775179,-0.00101597371406636,-0.00766849394951544
0.23863300776161,0.180365035837288,0.104685839056115,-0.182752665201786,-0.0209782581616866,-0.000702793799833726,-0.00732247458762053
0.301972583223474,0.15704757408197,0.105804430446316,-0.181443631691875,-0.0209998908409219,-0.000346004759875201,-0.00677753697933342
0.364008874443672,0.13471610128077,0.106718307968788,-0.179807978335019,-0.0211131415176578,6.1949300547412e-05,-0.00605330941443152
0.424657417953132,0.11307069876908,0.107496271289074,-0.177795250258888,-0.0212884262040317,0.00052257132199777,-0.00517401425758013
0.483873648706368,0.0918812413202963,0.108202313688147,-0.175357654277745,-0.0214997445826244,0.00103188336827348,-0.00416636650676999
0.541623365795526,0.0710131723543596,0.108884173195741,-0.172451755552627,-0.0217278300533705,0.00158163918785743,-0.00305791795037649
0.597861180611741,0.0504296517556123,0.109567666590621,-0.16903695752542,-0.0219612230149464,0.0021606380384442,-0.00187603319966076
0.652520530414647,0.0301753084438632,0.110257184733353,-0.165072219623909,-0.0221954897227575,0.00275575624993074,-0.000647490911184227
0.705515220637574,0.010348550439818,0.110941503089594,-0.160513533146183,-0.0224310937503672,0.00335256357391039,0.000601417436388522
0.756750182272778,-0.00893127506514704,0.111603490685955,-0.155314968556249,-0.0226704843428689,0.00393562585270204,0.00184446566860384
0.806137830029041,-0.027557094949054,0.112232026356249,-0.149435559953181,-0.0229149171376156,0.00448875581955146,0.0030549317500368
0.85361541016273,-0.0454640286177807,0.112834114317107,-0.142852984660676,-0.0231614830266919,0.0049955385868516,0.00420508180334255
0.899158357373943,-0.0626525020593726,0.113444784055321,-0.135583095513816,-0.0234008612199666,0.00544042045079744,0.00526589175467536
0.942784690826876,-0.0792005249175233,0.114131915908036,-0.127701744707785,-0.023616382448913,0.00581049496620571,0.0062072146206709
0.984546142346632,-0.0952607170802954,0.114993074466666,-0.119362340202628,-0.0237849668447636,0.00609784243074561,0.00699859705457909
1.02450480766021,-0.111038781060123,0.116142551458677,-0.110800561402453,-0.0238802606986654,0.00630192516137762,0.00761088357198527
1.06269822723891,-0.126753798039992,0.117689357788493,-0.102318271474239,-0.0238776902308719,0.00643122928990261,0.00801856655825936
1.09910162074312,-0.142587018171211,0.119710735707891,-0.0942439691004409,-0.0237603239054746,0.00650328836040675,0.00820255234705356
1.13359972421812,-0.158632394283635,0.122229107113311,-0.0868764806809485,-0.0235237395717042,0.00654259143477283,0.0081527123271205
1.16597942375596,-0.174864813198593,0.125200898580983,-0.0804279846156292,-0.0231780592857454,0.00657662930142859,0.00786946373254072
1.19594811562539,-0.191137598919662,0.12852212495101,-0.0749858035805183,-0.022746221584708,0.00663112590235935,0.00736384355689913
1.22317258837396,-0.207210126634958,0.132049089153423,-0.0705060233699036,-0.0222590143437869,0.00672585431630385,0.00665604537645015
1.24732583678692,-0.22279505357096,0.135626780409934,-0.0668390665352797,-0.0217486082410412,0.00687212384739482,0.00577292486430865
1.26812737545708,-0.237608874912582,0.139115555393571,-0.0637754106686709,-0.0212426400827519,0.00707225786039707,0.00474524292114996
1.28536717220272,-0.251411533370416,0.14240896831022,-0.0610948927958008,-0.0207603157703098,0.00732064144447291,0.00360532260311808
1.29891037587501,-0.264027786842788,0.145439983249764,-0.0586059040798427,-0.0203110420576268,0.00760555594359498,0.00238548389881717
1.30868499774958,-0.275350205716812,0.148176594373297,-0.0561673445625792,-0.0198952875793337,0.00791107324203709,0.00111729534360948
1.31465870437291,-0.28532853354973,0.150610110124425,-0.0536924565825348,-0.0195070016043893,0.00821859602948498,-0.000168520968756016
1.31680963769421,-0.29395136430253,0.152739657931473,-0.0511373091781337,-0.0191368430118701,0.00850797034174543,-0.00144178200425748
1.31509741236313,-0.301225943248534,0.154556354370474,-0.0484783512878029,-0.0187756086043366,0.00875836999249769,-0.00267238717857602
1.30943798637755,-0.307160255331198,0.156029971542704,-0.0456838855206029,-0.0184173255181611,0.00894927000500187,-0.00382995208155647
1.29968906321585,-0.311751010071444,0.157101069662431,-0.0426850598573965,-0.0180615555689023,0.00906183031089973,-0.00488375803421705
1.2856507008781,-0.314979722122183,0.157681112421118,-0.0393528109207108,-0.0177144335335653,0.00908084202866835,-0.00580322979773031
1.26708655751,-0.316818314382744,0.157662476427675,-0.0354878834982561,-0.0173880608803208,0.00899711040283103,-0.00655910562669565
1.24376596689581,-0.317243373999514,0.156938069069841,-0.0308298682100423,-0.017098115087998,0.0088097711963296,-0.00712532719142727
1.21552109130048,-0.316255543397687,0.155427103001866,-0.0250871327269459,-0.0168600435064767,0.00852774235654507,-0.00748143766020159
1.18230465306568,-0.313897536150607,0.153100027443872,-0.0179825786752348,-0.0166848074530554,0.00816948873507415,-0.00761498227196243
1.14422889912751,-0.310263306572658,0.149994031980937,-0.00930303299322335,-0.0165755368629002,0.00776069377088124,-0.00752321800946568
1.10157175926313,-0.305493961173245,0.146212973724634,0.00106297231851455,-0.0165263274390166,0.00733020424608072,-0.00721354476690395
1.054744114468,-0.29976048418105,0.141910767814056,0.0131107624965509,-0.0165235937065319,0.00690530172857312,-0.00670244921351108
1.00423095131071,-0.293239925557707,0.13726414764504,0.0267310151551654,-0.0165494479648774,0.00650761855774836,-0.00601329769108497
0.950523568719633,-0.286092709723257,0.132443519954366,0.0417404749639731,-0.0165858265198674,0.00615061517468547,-0.00517363060501911
0.894063079454269,-0.278447890670726,0.127590180514758,0.0579200117176154,-0.0166180911259753,0.00583886269244368,-0.00421265384960137
0.835205828176587,-0.270398689279185,0.122804022662646,0.0750486823584905,-0.0166372768763038,0.00556875895013474,-0.00315937440417642
0.774213229731204,-0.262007377076368,0.118141802290066,0.0929265683775605,-0.0166407925862312,0.00533005267344002,-0.00204153024218879
0.711261352482401,-0.253316539650782,0.113623227866618,0.111383941052157,-0.0166318214448612,0.00510761187140369,-0.000885233329842752
0.646463341294914,-0.244363624314106,0.109241381787775,0.130277884785567,-0.016617861212088,0.00488310982348234,0.000284861949121114
0.579898062806879,-0.235196181831645,0.104974458202142,0.149479422507364,-0.0166088252866421,0.00463655206648035,0.00144507318376101
0.511640710979048,-0.225885970515915,0.100796885959584,0.168855030574715,-0.0166150432882614,0.00434775207585246,0.0025720749635472
0.441791917498367,-0.216539965342846,0.0966886609099358,0.188246660081208,-0.016645397762836,0.00399793633933432,0.00364232259180405
0.370503398608805,-0.207306382212436,0.0926423502709363,0.207454846513039,-0.0167058225222952,0.00357163684963231,0.0046316724955634
0.297996988527249,-0.198373298647435,0.0886672553763042,0.22622971452542,-0.0167983821466146,0.00305888886412504,0.00551535785495181
0.224573041716013,-0.189957760098549,0.0847902061864181,0.244274460028386,-0.0169211571722446,0.00245752442944827,0.00626846429994834
0.1506041139426,-0.182284880874408,0.081052632899713,0.261264393182182,-0.0170691002872254,0.00177508399495508,0.00686699790295691
0.0765111375866709,-0.175559223810154,0.0775039829494234,0.276880754284693,-0.0172358174098529,0.00102966246647519,0.0072895092370926
0.0027240508554479,-0.169934735205697,0.074192576214784,0.290853233466537,-0.0174159335634196,0.000249030763846317,0.00751905083615071
-0.0703653083323388,-0.165492229000076,0.0711559799379071,0.302999809404572,-0.0176073874470103,-0.000532266101581706,0.00754505092203119
-0.142445391655312,-0.162233066914471,0.0684135169240802,0.31325075886488,-0.0178128834373472,-0.00127748275204451,0.00736460434086319
-0.21330946279801,-0.160093171165034,0.0659630222005034,0.32164766004427,-0.0180399434240186,-0.00195290745320025,0.0069828010653554
-0.282855449188741,-0.158974416498731,0.0637824660691398,0.328316833421827,-0.0182994868827923,-0.00253244610475032,0.00641200998852622
-0.351062999912437,-0.158784490225338,0.0618353327553992,0.333425828818043,-0.0186033949634836,-0.00300050000948526,0.00567037202116873
-0.417956951814859,-0.159474442975555,0.0600775573389115,0.33713656310595,-0.018961809839576,-0.00335274216293335,0.0047799615351869
-0.483568959658239,-0.161065750742223,0.0584638453254823,0.339567980053273,-0.0193808884830392,-0.00359509596333981,0.00376508002575915
-0.547906604394965,-0.163663360996571,0.0569520183222899,0.340776122076137,-0.0198614479168502,-0.00374163654152433,0.00265099615927108
-0.610934724221617,-0.167455403396751,0.0555051589628468,0.340754066969685,-0.0203986252168376,-0.0038121797021371,0.0014632614579779
-0.672569166551815,-0.17270213295989,0.054092157990677,0.339450062155962,-0.0209824383178233,-0.00383009769535025,0.000227580952822272
-0.732680251982635,-0.179716371828059,0.0526876645473028,0.336800218524641,-0.0215990329244103,-0.0038205772314815,-0.00102986588319922
-0.791101991229942,-0.188836105933842,0.051272413029948,0.33277131180931,-0.0222323928860949,-0.00380924402577479,-0.00228179834457211
-0.847643221160809,-0.200388319672618,0.0498345720516984,0.327408364500937,-0.0228663189971399,-0.0038208869029182,-0.00349907574054081
-0.902097061821421,-0.214642704933663,0.0483721668999806,0.320879380105184,-0.0234864645701864,-0.00387794415837439,-0.00465002885895778
-0.954246183413875,-0.231755999292995,0.0468959372395221,0.3135063454401,-0.0240821630664687,-0.00399848821541215,-0.00570017924190057
-1.00386218678632,-0.251712694081213,0.0454312735235355,0.305768316770954,-0.0246476715019786,-0.00419367652071762,-0.00661272149177903
-1.05069893493343,-0.274275049987256,0.0440175093517119,0.298262779602372,-0.0251823771474943,-0.0044650306183476,-0.0073501458358485
-1.09448160592237,-0.298961144183971,0.0427032345247072,0.291619481104953,-0.0256895813460976,-0.00480237002546255,-0.00787718568778431
-1.13489569127712,-0.325068280519695,0.0415377166052101,0.286378386387091,-0.0261738200110523,-0.00518352510107092,-0.00816481388020982
-1.17158231606216,-0.351746073513246,0.0405605818391486,0.282864772179196,-0.0266373118638842,-0.00557674868693109,-0.00819439868837592
-1.20414669657588,-0.378102037652331,0.0397933926165108,0.281106272309614,-0.0270767838726279,-0.00594587297599261,-0.0079607356633269
-1.23218347288633,-0.403305111573408,0.0392363455815893,0.280826090961609,-0.0274821169386257,-0.00625703104360986,-0.00747288451071368
-1.25531715690928,-0.426653047486511,0.0388709492756254,0.281515421738466,-0.0278376734301342,-0.0064849361257582,-0.0067525749277236
-1.27324902086373,-0.44758873085382,0.0386667068672928,0.282554549202242,-0.0281259972950704,-0.00661688029127115,-0.0058308910324678
-1.28579921786339,-0.465675629953529,0.0385884852738484,0.283337242633381,-0.0283325621522066,-0.00665367234535939,-0.00474443343639502
-1.29293317624252,-0.48055686836579,0.0386018745472044,0.283361377519991,-0.0284498924320576,-0.00660794815933655,-0.00353200455807245
-1.29476630920123,-0.491921467637866,0.0386756367148959,0.282270152648902,-0.0284798088036548,-0.00650099478748847,-0.00223236591876948
-1.29154662003296,-0.499490197551367,0.0387819692182025,0.279848039830838,-0.0284333206377118,-0.00635924428817612,-0.000883127718887736
-1.28361811503512,-0.503020683257314,0.0388960383557044,0.275986004501303,-0.0283283631561591,-0.00621115406604075,0.000479468862811127
-1.27137090352293,-0.502323594650115,0.0389961472063936,0.270632508243506,-0.0281860102002441,-0.00608466301196076,0.0018202256996647
-1.25518568287891,-0.497279695587299,0.0390652904190801,0.26374418058091,-0.0280259847561769,-0.00600503517126538,0.00310447509840248
-1.23538226878058,-0.487849994973031,0.0390940618533207,0.255246771695427,-0.0278623710868504,-0.00599277749081448,0.00429771093631946
-1.21218347127573,-0.474075752956194,0.0390841105849101,0.245014608539867,-0.0277004709587543,-0.00606144524955957,0.00536566336236106
-1.18570490897212,-0.456069266367103,0.0390507102855019,0.232874458961517,-0.0275356850066177,-0.00621546771403286,0.00627506668492467
-1.15597743492849,-0.433999252029505,0.0390227662531971,0.218635801522881,-0.0273550208891137,-0.0064485220773328,0.00699525336684405
-1.12300053779973,-0.408075625508325,0.0390390305120293,0.202142612574236,-0.0271412003340501,-0.00674325389793295,0.00750047939933882
-1.08681372120589,-0.378537516762771,0.0391405823804932,0.183332999103422,-0.0268784137030753,-0.00707304611083297,0.00777256323685886
-1.0475628281142,-0.345645903669178,0.0393614005611413,0.162286584826663,-0.0265579158712427,-0.0074059503773688,0.00780312789534653
-1.0055374435742,-0.309679982999761,0.0397202083866737,0.139241184725187,-0.0261814662252801,-0.00771000964864842,0.00759468884121482
-0.961165501032031,-0.270934916916765,0.0402166563542682,0.11457131256548,-0.0257613717591052,-0.00795850871621648,0.00716014507956995
-0.914968959752476,-0.229718878451349,0.040833176679481,0.0887365398874235,-0.0253173086693986,-0.00813367050003866,0.00652079785494372
-0.867498045977742,-0.186348159576201,0.04154140493992,0.0622184528112094,-0.0248713150401254,-0.00822799162164322,0.0057035126916421
-0.819267463060526,-0.141140856589741,0.0423104675272037,0.0354660549987318,-0.0244428063111207,-0.0082433692010672,0.0047378251387617
-0.770711341295828,-0.0944099706917982,0.0431142248284424,0.00886177907046348,-0.0240450114185504,-0.00818883962373574,0.00365361398525004
-0.722164049724567,-0.0464568319638401,0.0439355647255132,-0.0172896384245389,-0.0236834223511315,-0.00807791572073452,0.00247963742239278
-0.673865385723496,0.00243468702749659,0.0447671575526372,-0.0427544627773745,-0.0233561452893688,-0.00792626587138754,0.00124293080398671
-0.625984684956729,0.0520029412274921,0.0456091071678652,-0.0673534081538982,-0.0230556909441385,-0.00775008708432188,-3.11023582770248e-05
-0.578657481882317,0.102011917512031,0.0464644248154582,-0.0909427698744127,-0.0227716739127498,-0.00756517057611141,-0.00131812863861217
-0.532029947312879,0.15225217954648,0.0473334416863809,-0.113398779898001,-0.02249399238191,-0.00738643793299998,-0.00259406393873998
-0.486306597709392,0.202537315043846,0.0482082978516688,-0.134608455152215,-0.0222161217846719,-0.00722761765776404,-0.00383419009452217
-0.441796086210307,0.252693070861089,0.049068747140706,-0.154468233857493,-0.0219381428763465,-0.00710073024451154,-0.00501240850641204
-0.398946377888177,0.302536421402042,0.0498805676913183,-0.172889937375975,-0.0216689638578209,-0.00701512468697623,-0.00610085679011542
-0.358357081540192,0.351843672190877,0.0505977878711846,-0.189812131072276,-0.0214270214365614,-0.00697599024387556,-0.00707013755997582
-0.320754551498432,0.400310670918484,0.0511693296457431,-0.205213707298982,-0.0212386755699353,-0.00698254038662257,-0.0078903724182428
-0.286919529799751,0.447514023522659,0.0515494460815075,-0.21912598985,-0.0211338251102376,-0.0070263961057945,-0.00853314264437956
-0.257569286660285,0.492887277948643,0.0517096205120953,-0.231639934621048,-0.0211390757702147,-0.00709092444646128,-0.00897408948683176
-0.233214683756218,0.535726667303661,0.0516482134024917,-0.242906015754167,-0.0212699381040596,-0.00715221429281221,-0.00919561196537033
-0.214029011981719,0.575234790593624,0.0513941726019945,-0.253125814842714,-0.0215244593627351,-0.00718188977392361,-0.00918892042207049
-0.199768333119225,0.610597887561059,0.0510029468416618,-0.262535384932126,-0.0218806496011238,-0.00715121505608903,-0.0089548342363149
-0.189768683692211,0.641079968628289,0.0505457602723824,-0.271381835989137,-0.0222988663505877,-0.00703535907354813,-0.00850315275143635
-0.183019649221108,0.666110296786813,0.050095836776119,-0.279896005040906,-0.0227284724023233,-0.0068166086150437,-0.00785091466702934
-0.178290894431207,0.68534425751194,0.0497158973959491,-0.288266067558447,-0.0231166568669921,-0.00648579862658165,-0.00702015494031362
-0.174277496613653,0.698687268142077,0.0494500707786307,-0.296617674625655,-0.0234169176299285,-0.00604193402897425,-0.00603574462633617
-0.169733050088876,0.706282727597081,0.0493213218891489,-0.305005123347257,-0.0235953257883467,-0.00549054513408239,-0.00492368280521629
-0.163570861485196,0.708473704955443,0.0493337114329737,-0.313415352674512,-0.0236337658054042,-0.00484155357933682,-0.00370997039595275
-0.154925689688874,0.705750733750409,0.0494777126987872,-0.321782772773429,-0.023530243558905,-0.00410733717705675,-0.00242002337233599
-0.143177496080812,0.698697246539377,0.0497365727390656,-0.330010195983759,-0.0232968694938523,-0.00330142933446309,-0.0010785194553367
-0.12794333489979,0.687941634517561,0.0500919929417768,-0.337990128001792,-0.022956277484759,-0.00243800137641985,0.00029042533614226
-0.109044698455258,0.674121407783001,0.0505278436477824,-0.34562095104187,-0.0225371661310945,-0.00153202397300307,0.00166283765498812
-0.0864574624845388,0.657861707977915,0.0510310903215928,-0.352813852128692,-0.0220695226154101,-0.000599818976795926,0.00301430507623714
-0.0602516347483435,0.639767387769,0.0515896025777534,-0.359488357464121,-0.0215799975551956,0.00034040476752172,0.00431932554252049
-0.030528796080027,0.62042386869801,0.0521870769873545,-0.365556379257994,-0.0210878402016325,0.00126848893090648,0.00555071614503216
0.00263333724934431,0.600399187009071,0.0527961554935636,-0.370897657180387,-0.0206018354427432,0.00216314860000396,0.0066792552408196
0.0392185437372712,0.580237568055972,0.053371782832026,-0.37533246878726,-0.0201187299744105,0.00300391901204207,0.00767377802237631
0.0792811221125931,0.560437147140806,0.0538477725099497,-0.378601130786055,-0.0196236936207842,0.0037741298959119,0.00850197621429509
0.122918658155169,0.541409818129968,0.0541396678939487,-0.38036152756321,-0.0190932223167895,0.00446434592742993,0.00913211168912575
0.170208770840257,0.523430759289838,0.0541557708376314,-0.380214545392749,-0.0185004565273413,0.00507525481612769,0.00953568982788794
0.221122917058167,0.506593951617356,0.0538152670233561,-0.377759773222456,-0.0178220745644284,0.00561878788765234,0.0096908047383771
0.275444066452616,0.49079385164031,0.0530686268163196,-0.372671363460947,-0.0170450322964098,0.00611658792971138,0.00958545303085515
0.332721192948319,0.475746987726777,0.0519128335685785,-0.364771081807985,-0.0161709865470151,0.00659583728702383,0.00921982846138655
0.392284296789915,0.461052682149058,0.0503947799577336,-0.354071705747737,-0.0152168030256784,0.00708357692079469,0.00860674497499648
0.453319738943273,0.446275746457125,0.0486006584402969,-0.34077359400988,-0.0142110024931731,0.0076013273242648,0.00776994028201512
0.514980199479377,0.431026426859133,0.0466351312493487,-0.32521700532946,-0.0131876030747275,0.008161606933227,0.00674081494565462
0.576491822734765,0.415016890937148,0.0445978557044609,-0.307809846901058,-0.0121796060142866,0.00876696415693325,0.00555467101180868
0.63722856708249,0.398085390132299,0.0425647722876802,-0.288955818750053,-0.0112140422540229,0.00941105241648315,0.00424748390701677
0.696742064481375,0.38019068308821,0.0405784201226392,-0.269001148840702,-0.0103094810017401,0.0100806852662066,0.00285380538133671
0.754752322366896,0.361385635175943,0.0386479235875254,-0.248206766453832,-0.00947591592326575,0.0107578643966051,0.00140589652968881
0.811112554734846,0.341779287317118,0.036756915710623,-0.226743468663519,-0.00871639125758222,0.0114212178139087,-6.61424429335158e-05
0.865761622929425,0.321494539843778,0.0348769166020341,-0.204703772993763,-0.00802963807559951,0.0120468054148196,-0.0015335945258764
0.918673310897758,0.300626079822873,0.0329838069310016,-0.182124249516841,-0.00741312471284969,0.0126086341365522,-0.00296803917149769
0.969807300802134,0.279202270724194,0.0310751827377116,-0.159014077206302,-0.00686607256325881,0.0130794251164025,-0.00434024894764932
1.01906498345513,0.257155919236005,0.0291860036108278,-0.135387355185888,-0.00639202578889135,0.0134322002628998,-0.00561933839889071
1.06625422991655,0.234311148864693,0.0273989965342219,-0.11129686114344,-0.00600047504926454,0.0136430888777609,-0.00677244988912187
1.11106958814291,0.210395205715059,0.0258453374126301,-0.0868651239923788,-0.00570692176186487,0.0136953553911761,-0.0077652846147845
1.15309657180589,0.185082508626164,0.0246914142194194,-0.0623058296800806,-0.00553083148531397,0.0135840267378427,-0.0085637476090111
1.19184675787702,0.158070720487561,0.0241102973098241,-0.0379266343813648,-0.00549136581442265,0.0133197852229018,-0.00913677291677789
1.22682233863135,0.129175094472312,0.0242423301682339,-0.0141064666567709,-0.00560165611797556,0.0129303675866305,-0.00945997846100128
1.25759565015953,0.0984130323058478,0.0251560699227886,0.00875192634778391,-0.00586336353810582,0.0124580553751963,-0.00951928036870349
1.28387912966263,0.0660458466990954,0.0268242223626823,0.0302822116002555,-0.00626370549875701,0.0119531644894007,-0.00931330665716211
1.30556043181026,0.0325569194689769,0.0291253144988363,0.0502076448793778,-0.00677640376688581,0.0114651943711198,-0.00885369014239782
1.32269153670051,-0.00142871467419509,0.0318712029318139,0.068368902826357,-0.00736638306358536,0.0110344230408547,-0.00816311440041689
1.33543951396087,-0.0352541587502195,0.0348495186211888,0.0847195687446478,-0.00799644083672826,0.0106864147468811,-0.00727184826763918
1.34402040677026,-0.0683329268848637,0.037865540637869,0.0992959227852096,-0.00863355517560224,0.0104304197887533,-0.00621392966103422
1.34863894132637,-0.100217471302548,0.0407714567057571,0.112175806758698,-0.00925312512489486,0.0102610188017858,-0.00502398291724485
1.34944881353724,-0.130626391332305,0.0434786049239182,0.123441249646993,-0.00984060142905228,0.0101614877859762,-0.00373515053998207
1.34653879779926,-0.159437730407592,0.0459550201250651,0.133154215526613,-0.010390919787579,0.0101074002453424,-0.0023781549642656
1.3399407704958,-0.186661725838757,0.0482137437362881,0.141348451920426,-0.0109065439702854,0.010069536414604,-0.000981244128223946
1.3296540423451,-0.212405017107201,0.050297347520515,0.14803609132043,-0.0113948931487216,0.0100158346038989,0.000429275774146575
1.31567792507323,-0.236833255739202,0.0522623477725813,0.15322529238762,-0.011865670149278,0.00991259334578842,0.00182818610082303
1.29804698690418,-0.260134318568063,0.0541653390495976,0.156944560180207,-0.0123283836734382,0.00972542119738964,0.00319038981437643
1.27686266808039,-0.282481239104914,0.0560513482912191,0.159268766971424,-0.0127902174780941,0.00942051575069778,0.00449002309541092
1.25231472893589,-0.303993691936304,0.0579444748809631,0.160341040192581,-0.0132543884922592,0.00896679581773584,0.00569984047614705
1.22468634664284,-0.324699552478559,0.0598412080601693,0.16038369182161,-0.0137192122820549,0.00833919251285685,0.00679109733463277
1.19433545384137,-0.344502311081075,0.0617073897477308,0.159690818496587,-0.014178144092513,0.00752296385546764,0.00773415812974199
1.16164946123457,-0.363165050831323,0.0634802830830193,0.15859744871815,-0.0146210316710597,0.00651829102498847,0.0084999937758832
1.12697797673481,-0.380323340818503,0.0650768333118635,0.157426208087419,-0.0150365748287128,0.0053437799605835,0.00906253820212827
1.09055816064244,-0.39553430412902,0.0664076317416361,0.156422051913406,-0.0154155423221191,0.0040371981374677,0.00940154767207441
1.05245697927096,-0.408357095487709,0.0673938061310255,0.155694936123271,-0.0157538428311261,0.00265223724244646,0.00950527710761892
1.01255296490506,-0.418444703378895,0.0679821360317909,0.155192339733414,-0.0160543409233458,0.00125136702799584,0.00937214833525981
0.970568919328422,-0.425618968900189,0.068153850579479,0.154714787776661,-0.0163266487474532,-0.000103559687132491,0.00901084032538957
0.926146346562882,-0.429905277050018,0.0679248906011533,0.153970503704668,-0.0165848678037594,-0.00136032088050222,0.00843877860365522
0.878937303164008,-0.431519754414407,0.0673388192995394,0.152650235054755,-0.0168440471422245,-0.00248257634186705,0.00767956210703903
0.828685256072359,-0.430819134315054,0.0664558916856184,0.15049824541077,-0.0171164891345853,-0.00345223738489289,0.00676010845225117
0.775276975087083,-0.428233924014557,0.0653422505730523,0.147361844946488,-0.0174089036823532,-0.00426829639394146,0.00570819388759954
0.718760427245065,-0.424204701635784,0.0640619040083157,0.143212957010183,-0.0177209170111964,-0.00494338641980938,0.00455073932000935
0.659335396998626,-0.419134705812395,0.0626724537707096,0.138144846039666,-0.0180449606957134,-0.00549952547937291,0.00331289970409438
0.597327818573068,-0.413363434901807,0.0612241689241589,0.13235151242963,-0.0183672539615543,-0.00596415858796496,0.00201783358655622
0.533156897742418,-0.407159221601014,0.05976123040706,0.12609691645792,-0.0186694823275493,-0.0063670750080883,0.000686968074254475
0.467301557118961,-0.400726225630108,0.0583239251647702,0.119678879306981,-0.0189308696681228,-0.00673831119320446,-0.000659399529259661
0.40026739401742,-0.394219762123511,0.0569505904149248,0.113389527650633,-0.0191304340213933,-0.00710681949536038,-0.00200128931595133
0.33255337173657,-0.387764940648972,0.0556784180485163,0.107472788122159,-0.0192493459156608,-0.00749952043181943,-0.00331809971229025
0.264616393520225,-0.381474554332271,0.0545424861929408,0.102079802609559,-0.0192733504872356,-0.00794030965717714,-0.00458761562561319
0.19683267565842,-0.375462666315407,0.0535726505701251,0.0972255301232611,-0.0191951516220404,-0.00844863369751725,-0.00578506441391122
0.129458731958668,-0.369851467215713,0.0527884750141468,0.0927542751569901,-0.0190165464390193,-0.00903740877242736,-0.00688240595667103
0.0625985220360837,-0.364767990465427,0.0521928724846751,0.0883264813415505,-0.018749815451026,-0.00971030963694862,-0.00784816776029289
-0.00381049207359489,-0.360329197773658,0.0517661868141515,0.0834423510133105,-0.0184177075026488,-0.0104589089870512,-0.00864827399776871
-0.0699785019149582,-0.356614759472541,0.0514630652072107,0.0775139966530528,-0.0180512235322032,-0.0112606402309957,-0.00924828626196705
-0.136202468513955,-0.35363237352706,0.0512147524702444,0.0699841193484132,-0.0176848152110334,-0.0120789444586059,-0.00961714921879931
-0.202769227333129,-0.351286785742735,0.0509382219885335,0.060466040470105,-0.017349596193875,-0.0128667594020863,-0.00973184147753867
-0.269848739081877,-0.349367318440152,0.0505508038652909,0.048858808839843,-0.0170664570405098,-0.0135734045200644,-0.00958156676035186
-0.337415720710482,-0.347565576190268,0.0499860594450176,0.0353900423148414,-0.0168417479973925,-0.014153266626257,-0.00916991423039159
-0.405229422824528,-0.345521893774892,0.0492053496500945,0.0205660582394512,-0.0166674467358531,-0.0145734782178418,-0.00851410015288772
-0.472875317511638,-0.342885943074986,0.0482014313527363,0.00505016703821104,-0.0165257609374481,-0.0148180939355355,-0.00764170150616766
-0.539846048997105,-0.339371029874238,0.0469940082471941,-0.0104820674554688,-0.0163961316851769,-0.0148879160888829,-0.00658626716497189
-0.605628642357214,-0.334786938867766,0.0456201609585565,-0.0254625267407931,-0.016261930802301,-0.0147969513674145,-0.00538329448702806
-0.669772572426688,-0.329047182035775,0.044123489202233,-0.0394988861405973,-0.0161148986005161,-0.0145674128387428,-0.00406747071273065
-0.731928202167316,-0.322155080502789,0.0425448460739703,-0.052389661911956,-0.0159566719377964,-0.014225011787312,-0.00267135654028253
-0.79185767099347,-0.314176379962561,0.040916001361671,-0.0640985881595764,-0.0157977710358957,-0.0137955452335573,-0.00122524078891205
-0.84942629700732,-0.305204978491788,0.0392563393702787,-0.0747044175096525,-0.0156548224629734,-0.0133030229878495,0.000242239378510948
-0.904582492271465,-0.29532564489865,0.0375720833874623,-0.0843392081796822,-0.015546735186108,-0.0127690515097737,0.00170307378225489
-0.95733214006948,-0.284576396483831,0.0358575365020264,-0.0931238946184246,-0.0154903442427871,-0.0122129430296368,0.00312872122403261
-1.00771037282303,-0.27291388555104,0.0340980897002772,-0.101107584083617,-0.0154959012104751,-0.0116519379696599,0.00448904432916771
-1.05575203420565,-0.260187986309979,0.0322750479620806,-0.108217703990066,-0.0155628740220624,-0.0111009812185001,0.00575158270704956
-1.10146130001671,-0.246134944056103,0.0303723205299361,-0.114230931199376,-0.0156768025686925,-0.0105716659598886,0.00688147454254115
-1.14478337773165,-0.230399981561917,0.0283845607712034,-0.118777360930671,-0.0158083268464377,-0.0100703265197311,0.00784238661742503
-1.18558284273972,-0.212595612951878,0.0263252453076144,-0.121388141521274,-0.0159155683662903,-0.00959577318466736,0.0085987244408633
-1.2236372451421,-0.192390438252657,0.0242320444323925,-0.121586559115267,-0.0159504664613445,-0.00913771285291594,0.0091190752967126
-1.25865286789666,-0.16960625995471,0.0221664304460697,-0.119004287648238,-0.0158682075568561,-0.00867706673274318,0.00938027736082037
-1.29030425221255,-0.144289640338306,0.0202059247979844,-0.1134869991925,-0.0156371379325583,-0.00818888091565665,0.00937098369141123
-1.31828831976043,-0.11672770426174,0.01843049574792,-0.105149660943321,-0.0152456524823448,-0.00764735186353805,0.00909349015818819
-1.34237540385115,-0.0873995940010533,0.0169076903428087,-0.0943591775559846,-0.0147034832876394,-0.00703133263986377,0.00856314966055369
-1.36243955342964,-0.0568824125257586,0.0156818641119461,-0.0816525508385293,-0.0140372343796636,-0.00632836636881635,0.00780563944752494
-1.37845959768999,-0.0257465321686805,0.0147707099195462,-0.0676236309960224,-0.0132823805484128,-0.0055360503857755,0.00685310320306678
-1.39049609494694,0.00552776804662908,0.0141687954570698,-0.0528172789636691,-0.012474883142427,-0.00466081217403497,0.00574036618768291
-1.3986567710072,0.0365962171035829,0.0138552109638842,-0.0376574992619545,-0.0116448786374766,-0.00371513888812456,0.00450206033153853
-1.40306412837422,0.0672594188773787,0.0138018166164046,-0.0224176837577551,-0.0108134734206324,-0.00271455438343043,0.00317096683640808
-1.40383476625987,0.0974446919410663,0.0139795112057421,-0.00722706164844475,-0.00999246428615901,-0.00167530527299264,0.00177747807973499
-1.40107254042086,0.127172683950463,0.0143613748523324,0.00789844721961357,-0.00918619418343599,-0.000613161382828056,0.000349887994990649
-1.39487448102481,0.156517610170571,0.0149227610660458,0.0230121324763481,-0.00839470041272585,0.000456741288674023,-0.0010847946109708
-1.38534500598412,0.185565842701539,0.0156391392987409,0.0381870043418497,-0.00761748723415531,0.00151939684941011,-0.00249977107847902
-1.37261315739629,0.214374636522149,0.016482850297623,0.0534657351092648,-0.00685743695704864,0.00255928991627613,-0.00386733082321396
-1.35684728846075,0.242932140311357,0.0174200932382667,0.0688138103452931,-0.00612441101629157,0.00356016834082223,-0.0051578879927546
-1.33826108731168,0.271121585645627,0.0184094881891346,0.0840809953736361,-0.00543795476303494,0.00450569121367004,-0.00633941463314661
-1.31710587516514,0.298696174223841,0.0194033848588053,0.0989791636253364,-0.00482829414962004,0.00538119390050238,-0.0073775610476349
-1.29364653521859,0.325274839553517,0.0203525145764607,0.113087039428864,-0.00433468902029657,0.0061764206303892,-0.00823677505489785
-1.26812396396926,0.350369856511059,0.0212134819582156,0.125891282492607,-0.004000486257866,0.00688854878848929,-0.00888263551595165
-1.24071415574157,0.373451635201305,0.0219571452536791,0.136865384093839,-0.00386513923590088,0.00752435469215921,-0.00928531602196174
-1.21149938304865,0.394042569792174,0.0225748256429313,0.145572809385893,-0.00395492610940666,0.00810028626562317,-0.00942359944618095
-1.18046609037764,0.41181504083211,0.0230794652745661,0.151764671618421,-0.0042754072663877,0.00863980586088568,-0.00928837780211045
-1.14753397396795,0.426658902616392,0.0235007078008284,0.155436056461059,-0.004808740066069,0.00916853573811536,-0.00888444421658998
-1.11260688629602,0.438691296674087,0.023875576710429,0.156817486748535,-0.00551727515895589,0.0097088412194055,-0.00822986823426122
-1.07562627692894,0.448205086260059,0.0242382490144511,0.156304814813924,-0.00635216301656268,0.0102757415941194,-0.0073531639817026
-1.0366094160388,0.455578097068319,0.0246122772822672,0.154356170931401,-0.00726370058858359,0.0108752532295076,-0.00628928133930579
-0.995663280519776,0.461177148713311,0.0250069028434229,0.15139315059282,-0.00820999801374204,0.0115050150242402,-0.00507568425568387
-0.952976108567671,0.46528523208504,0.0254172772607165,0.14773377007556,-0.00916196032913238,0.0121561685378377,-0.00374943258600281
-0.908793855210685,0.468064340837152,0.0258274347819534,0.143566681752513,-0.0101043406507836,0.0128153254144952,-0.00234558993747947
-0.863388839600098,0.469552021116009,0.0262148316864958,0.13896127214567,-0.0110337618700529,0.0134658772465572,-0.000896812298586573
-0.817024600234001,0.469682159983245,0.0265556734079539,0.133901365632113,-0.0119549101330227,0.0140884797276276,0.000566240390616537
-0.76991851715251,0.468320041502482,0.0268306274435271,0.128330116195028,-0.0128759029205696,0.0146610091934016,0.00201404024256419
-0.722202429608061,0.465304239929217,0.0270305911015434,0.122196306510109,-0.0138035202450777,0.0151585462165846,0.00341718328817852
-0.673883873981496,0.460491250971399,0.0271619755128363,0.11549494034659,-0.0147388374786334,0.0155540357015956,0.00474548904350103
-0.624814271169741,0.453799813732538,0.0272505236761894,0.10829609262184,-0.0156738581775996,0.0158201938047735,0.0059674509733732
-0.574675709756523,0.445250826959414,0.0273422586456363,0.100756099695081,-0.0165899435962767,0.0159329702497372,0.00705031036146311
-0.523000340502965,0.434995179181172,0.0275000366494217,0.0931056386163255,-0.0174589168129927,0.0158763445199567,0.0079610403280081
-0.469233518536256,0.423318923898621,0.0277948340479753,0.0856124741186237,-0.0182474057015948,0.0156474961333296,0.00866843817733905
-0.412838782404606,0.410615674900347,0.0282925171735879,0.0785237032929051,-0.0189240346386972,0.0152606532165746,0.00914623001364923
-0.353423200337292,0.397324691178224,0.0290391617759007,0.0720020937467621,-0.0194677042115511,0.0147477274092402,0.00937661621101139
-0.290843380193229,0.383847792080049,0.0300497117440601,0.0660780218881375,-0.0198741071068005,0.0141546069226256,0.00935323017696498
-0.225251089675784,0.370472311786825,0.031304426243222,0.0606362846274248,-0.0201578044434261,0.0135336577602597,0.00908242226376375
-0.157058800089083,0.357329203752822,0.0327546575314321,0.055443759715062,-0.0203488918394489,0.012934674811001,0.00858230729741814
-0.0868397935228617,0.344401443967773,0.0343355657347438,0.0502063921534625,-0.0204856247947327,0.0123971316106636,0.00787989750277115
-0.0152030464537523,0.331575816191699,0.0359808547490872,0.044633040084036,-0.020605851796236,0.0119457187144996,0.00700732539525563
0.0573139241468341,0.318715366911806,0.0376348570143358,0.0384850570948323,-0.0207399891216622,0.0115895520632725,0.00599827930417943
0.130307903725395,0.305727342706708,0.0392595083267791,0.0316005870122295,-0.020907000177924,0.0113241058194077,0.00488539390997829
0.203524392182878,0.292609396241723,0.0408361763039805,0.0238936765655521,-0.0211134251445313,0.0111344280810047,0.0036988140368816
0.276834934034668,0.279467953985734,0.0423637627290255,0.0153352035670599,-0.0213546588347027,0.0109984278478311,0.00246577916061234
0.350194126252399,0.266510758882338,0.0438547890916935,0.00592451008541809,-0.021617476523531,0.0108895573297449,0.00121092228000679
0.423590651593288,0.254018747472473,0.0453306728959643,-0.00434045750324564,-0.0218829789013645,0.0107787088424831,-4.30332514924104e-05
0.497001601280376,0.242303410657504,0.0468168280711402,-0.015488382371521,-0.0221294881764229,0.0106355150177786,-0.00127443085493714
0.570354496375658,0.231655039190076,0.0483377089394272,-0.0275903413975766,-0.0223351871020701,0.0104294146659235,-0.00246189291543178
0.643498911826928,0.222287560062781,0.0499117610392251,-0.0407619914659568,-0.0224804581007371,0.0101308990706956,-0.00358375207143399
0.716188840257954,0.214286895646586,0.051546348221227,-0.0551490455953291,-0.0225498850961767,0.00971327365168376,-0.00461784203419138
0.788077022252323,0.207571819919883,0.0532330740890704,-0.0708950467928142,-0.0225337843571492,0.00915507135140943,-0.00554174949225537
0.858722251269005,0.201877626507628,0.054944371017343,-0.0880943631847343,-0.0224290089642578,0.00844294802265211,-0.00633355563974843
0.927609539929474,0.196771462617938,0.0566325739653657,-0.106738629591015,-0.0222387338508329,0.00757453751117271,-0.00697298975493246
0.994181451843323,0.19170241068059,0.0582326651474285,-0.126669808485265,-0.0219710742375115,0.00656047237737413,-0.00744280822334106
1.05787574698201,0.186079373671298,0.0596691371035,-0.147554699987745,-0.0216366830047895,0.00542472391729068,-0.00773013125110998
1.11816340972959,0.179359811283498,0.0608662320320369,-0.168892151081955,-0.0212458841546692,0.00420272265575808,-0.00782747028951883
1.17458056681999,0.171126771359747,0.061759448823267,-0.190055387501856,-0.0208061586188078,0.00293731313271274,-0.00773325276990356
1.22674985999771,0.161134547422826,0.0623054443158056,-0.210361193033731,-0.0203207768246565,0.00167327425830852,-0.00745178029594839
1.27438977056031,0.149313729718717,0.0624876908717974,-0.229149589091456,-0.0197890055858978,0.000451589790955959,-0.00699268513421938
1.3173128347707,0.135739639356442,0.0623164560910848,-0.245855500096162,-0.0192077607381581,-0.00069531521137377,-0.00637003642059258
1.35541626063698,0.120578500330509,0.0618234071869195,-0.260058204854143,-0.0185741138115394,-0.00174653165009315,-0.00560128787519571
1.38866881791604,0.104029261744922,0.0610526022816248,-0.271502348345973,-0.0178878516829252,-0.00269356622373483,-0.00470624634672316
1.41709624199731,0.0862759681694274,0.0600503284300743,-0.280092264980677,-0.0171533778541715,-0.00353946999743301,-0.00370619604445749
1.44076875469025,0.0674593254215777,0.0588562943985265,-0.285867452049744,-0.0163805799384402,-0.00429679565419223,-0.00262327328217671
1.4597896714303,0.0476689447805236,0.0574978776835713,-0.28896828915278,-0.0155845696022778,-0.00498502577995982,-0.00148011742171637
1.47428615556632,0.026953234427834,0.0559884183528791,-0.289600472796656,-0.0147844788018948,-0.00562796493355468,-0.000299788976096393
1.48439986861801,0.005341403683874,0.0543296702244386,-0.288003136832281,-0.0140015665322507,-0.00625134345717575,0.000894102436584205
1.49027663552862,-0.0171282064890255,0.0525180173125108,-0.284422750784713,-0.0132569205566781,-0.00688065660277073,0.00207714133224016
1.49205391126075,-0.0403788805441288,0.0505535778400537,-0.279092439697925,-0.0125690127534632,-0.00753911132679481,0.0032238255515072
1.48984580776767,-0.0642704426126967,0.0484508210297693,-0.272215440047489,-0.0119513785234705,-0.00824551439148852,0.00430738374991635
1.4837273908384,-0.0885834601583312,0.0462486887230147,-0.263951905969745,-0.0114107524902237,-0.00901202305626737,0.00529983209287105
1.47372197914694,-0.113017970982817,0.0440175071056027,-0.254409622426189,-0.0109460673308421,-0.00984188512953791,0.00617242772117474
1.45979590203355,-0.137211044091569,0.0418595573908862,-0.243640468509865,-0.0105487276006979,-0.0107275724733691,0.00689666861604982
1.44186706549308,-0.160774478332181,0.0399008032550548,-0.231645422162525,-0.0102044310440121,-0.0116499803745237,0.00744593082291578
1.41982878127852,-0.183348050623522,0.0382732992266203,-0.218389451068154,-0.00989640728228478,-0.0125794185557721,0.00779766625070526
1.39358712829365,-0.204656612253205,0.0370913932979496,-0.203825279400166,-0.00960940586239436,-0.0134788344745747,0.00793584004987762
1.36310257403742,-0.224554191371121,0.0364283860188631,-0.187921322769818,-0.00933327459234839,-0.0143090067119543,0.00785303855323791
1.32842295634045,-0.243039594731511,0.0363016991078896,-0.170686783565012,-0.00906490043471866,-0.0150346022418663,0.00755161285919347
1.2896974207175,-0.260237269336659,0.0366721934573385,-0.152187438239077,-0.0088078133563667,-0.0156294828116674,0.00704345749468985
1.2471672799939,-0.276350156905864,0.0374577697926904,-0.132548777853167,-0.00856966478184371,-0.0160798312103286,0.00634847409528407
1.20113870868083,-0.291601085837758,0.0385558778699254,-0.111947553496236,-0.00835860276444358,-0.0163845074207137,0.00549220573258794
1.15194741459503,-0.306180796961865,0.039867012317806,-0.0905958997200092,-0.00817983924472357,-0.0165530388403602,0.00450331102446186
1.0999257900657,-0.320214912699676,0.0413124670608978,-0.0687229758150749,-0.00803340614383809,-0.0166022877439356,0.00341144109782964
1.04537868896725,-0.333753517439663,0.042842971684248,-0.0465577045886549,-0.00791351252980237,-0.0165529107603529,0.00224581278979099
0.988570176265683,-0.346780527550605,0.0444382448678998,-0.0243141928234916,-0.00780940308199629,-0.0164264097553601,0.00103451602741047
0.929719093577391,-0.359236661488328,0.0460995697804047,-0.00217956588124143,-0.00770733480248161,-0.0162430967383507,-0.000195575925700954
0.869001196170478,-0.371049656562166,0.0478382572751562,0.0196965975432836,-0.00759322204064751,-0.0160209428612333,-0.00141848197587189
0.806555409715665,-0.382166379377757,0.0496627266688438,0.0412119012136657,-0.00745557149623361,-0.0157750340370395,-0.00260857979520043
0.74249324033129,-0.392582014466355,0.0515665956989901,0.0623191183356006,-0.00728835319498041,-0.0155173047275513,-0.00374005902918
0.676911765488072,-0.402361843850642,0.053519942853337,0.0830302744126915,-0.00709345485695966,-0.0152562594471246,-0.00478656671460871
0.609910462374675,-0.411650518905889,0.0554657129858702,0.103413175618382,-0.00688227855173222,-0.014996514234001,-0.00572126115651523
0.541611911299473,-0.42066428552422,0.0573228689922904,0.123576635206019,-0.00667597466321712,-0.0147381932523975,-0.00651747720180858
0.472183605767072,-0.429663458197494,0.058996768485215,0.143642690098405,-0.00650386721218201,-0.0144764143935238,-0.00715011081229972
0.401856404279476,-0.438907783287924,0.0603953494938664,0.163708684855714,-0.00639996247402688,-0.01420126832551,-0.00759763108668624
0.330933440501802,-0.448603928539639,0.0614473029957353,0.183807668532576,-0.00639803573619958,-0.0138986702176499,-0.00784434715212569
0.259785037436285,-0.458860004722842,0.0621168059275363,0.203879156795674,-0.00652646110704711,-0.0135522113064485,-0.00788233643131201
0.18882972520702,-0.469662341384178,0.0624098548420332,0.223760804840185,-0.00680427840864281,-0.0131457144394524,-0.00771244273529035
0.118506786461013,-0.480882807282259,0.0623700687979339,0.243204468100043,-0.00723966539694839,-0.0126658248755346,-0.00734403413207289
0.0492491029297928,-0.492313959619933,0.062065779726499,0.261911133050047,-0.00783108969753785,-0.0121038940529797,-0.00679364645962518
-0.0185356575271683,-0.503719970850042,0.0615731900157127,0.279573352343606,-0.00857042710454655,-0.0114566929121566,-0.00608298850876995
-0.0844716397922961,-0.514887718363478,0.0609609572004859,0.295913649601121,-0.00944675801912158,-0.010725943101697,-0.00523688166436364
-0.148210108821013,-0.525665221498091,0.0602800333349094,0.310711755662903,-0.0104495819087945,-0.0099170400170757,-0.00428157327000697
-0.209417719387358,-0.535980354775724,0.0595601475337434,0.323818921323128,-0.0115706338880327,-0.00903749790854652,-0.00324362660950079
-0.267763064845666,-0.545838434809574,0.0588122389283404,0.335161335261728,-0.012804036693699,-0.00809558565663453,-0.00214938343667983
-0.322906293959802,-0.555300933895129,0.0580349569389719,0.344735900107273,-0.014144949934866,-0.00709943112339726,-0.00102486786873385
-0.374495279117722,-0.56444906645463,0.0572229679501675,0.352600760666396,-0.0155871229860426,-0.00605665221111005,0.000104055056931232
-0.422170699208968,-0.57333728086806,0.0563750148388176,0.358861725168675,-0.0171198907778744,-0.00497440537712262,0.00121146039920097
-0.465581033401089,-0.581942216517048,0.0555000034702937,0.363654206757946,-0.0187252118354556,-0.0038596282029669,0.00227126983222448
-0.504407330607833,-0.590114788013538,0.054619921798049,0.367120420983967,-0.0203754108882233,-0.002719231417416,0.00325743857237754
-0.538395648223364,-0.597544377865627,0.053768965469369,0.369382573851934,-0.022032279678178,-0.00156004127253318,0.00414452421219412
-0.567393354152933,-0.603745164066287,0.0529890898108778,0.370515550089027,-0.0236480842942211,-0.000388419921273901,0.00490865382378062
-0.591383233361504,-0.608071668102785,0.0523230580899149,0.370524868814684,-0.025168695903738,0.000790349757037439,0.00552879502902949
-0.610509223998577,-0.609765613935246,0.0518068848015843,0.369337324372865,-0.0265385952590254,0.00197267452453162,0.00598813461755118
-0.625088298492602,-0.608027756171453,0.0514637697493284,0.366809688622566,-0.0277069408334826,0.00315695525374279,0.00627530468152203
-0.635605989893678,-0.602101595389714,0.0513011485502554,0.362756158920841,-0.0286335149953858,0.00434335240219592,0.00638520891991299
-0.642696217948992,-0.591352674883479,0.0513113596581497,0.356988732337237,-0.029293308806861,0.00553296958312558,0.0063192843429172
-0.64710840032272,-0.575329161448234,0.0514751716472974,0.349359577996332,-0.0296788312653813,0.00672663960297699,0.00608515791540278
-0.649666125787721,-0.553795828403248,0.0517666284732376,0.339793635287635,-0.0297998341882747,0.00792365568796925,0.00569578776932383
-0.651221418744508,-0.526740579586836,0.052157587212783,0.328303184447015,-0.0296807688323603,0.00912080199595615,0.00516827235995533
-0.652608580031172,-0.494358551416564,0.0526209166225055,0.314982824837954,-0.0293567686508411,0.0103119112095856,0.00452255799625067
-0.654600661098445,-0.457020784676994,0.0531320713937713,0.299989201852993,-0.0288690937341548,0.0114879718371805,0.00378025440570358
-0.657871825298631,-0.415234914211175,0.0536694346790883,0.283513719895159,-0.0282608904001053,0.0126376415573027,0.00296370960905798
-0.662967885386787,-0.369603566932821,0.0542140690836529,0.265756515515227,-0.0275738231904156,0.013747942351125,0.00209540410056921
-0.670286457937987,-0.320784561999357,0.0547494738489673,0.24690778918874,-0.026845820549374,0.0148049428394253,0.00119764206761628
-0.680066942901191,-0.269455450041001,0.0552616963304798,0.227139310871288,-0.0261099003706705,0.015794326217495,0.000292458414031266
-0.692389777474774,-0.216283906275759,0.0557398725800308,0.206605993391176,-0.0253938698259501,0.0167018510470283,-0.000598366272702163
-0.707184039020757,-0.161904712440462,0.0561770328584096,0.185455275717636,-0.0247206068043953,0.0175137865689361,-0.00145329350805763
-0.724242582637145,-0.106903636341602,0.0565708495784842,0.163840794850735,-0.0241086132707957,0.0182174241688156,-0.00225111580634705
-0.743244459146773,-0.0518084489941598,0.0569239642542002,0.141936347896671,-0.0235725735529664,0.0188017391000514,-0.0029712250066828
-0.763784255215787,0.00291287606645946,0.0572435613782509,0.119946065639863,-0.0231237153147939,0.0192581984256473,-0.00359411178292368
-0.785407151082346,0.0568470578853581,0.0575400000475973,0.0981072370030795,-0.0227698686495376,0.0195816111687517,-0.00410210850160186
-0.807647104056691,0.109624441468466,0.0578245860116414,0.0766835672347471,-0.0225152506708921,0.0197708346429488,-0.00448033267058759
-0.830063325658306,0.160904051446405,0.0581068567103215,0.0559487300952265,-0.0223601214365723,0.0198291042624919,-0.00471771951521902
-0.852269195857184,0.21035803530054,0.0583920402866579,0.0361628370683896,-0.0223005573110139,0.0197638019725499,-0.00480797139496133
-0.873947551609125,0.257659444005269,0.058679386516365,0.0175468204632167,-0.0223285777577574,0.0195855874967454,-0.00475022101395705
-0.894849541143162,0.302476978911263,0.0589619227029111,0.000260933779767526,-0.0224327824328306,0.0193070051171301,-0.00454924064905693
-0.914777777493162,0.344478585123853,0.0592277080484609,-0.0156074478113382,-0.022599462035157,0.0189408152025947,-0.0042151197844046
-0.933559636243743,0.383343492484572,0.0594622309558347,-0.0300443092443016,-0.022813995107445,0.0184983901811413,-0.00376246438231485
-0.95101847490506,0.418779904748718,0.0596512280677146,-0.0430989109316715,-0.0230622334307826,0.017988463346752,-0.00320927637377203
-0.966950519656527,0.450544316822619,0.0597831850851015,-0.0548670142490416,-0.0233316048142563,0.0174164058045592,-0.00257572309973826
-0.981112685125103,0.478458573777578,0.059851013359593,-0.0654723042386486,-0.023611774365414,0.0167840694060624,-0.00188298812140272
-0.993222524426793,0.502421659214432,0.0598527058446486,-0.0750501535072799,-0.0238948317525646,0.0160901173960146,-0.00115232737456179
-1.00296899165857,0.522414890518985,0.0597911117328659,-0.0837361494778569,-0.0241750991001687,0.015330726197764,-0.000404378954149914
-1.01003002576385,0.538500110473404,0.0596730837999681,-0.0916599141882743,-0.0244486937444612,0.014500524116525,0.000341290904258124
-1.01409323905032,0.550811710833025,0.0595083339858322,-0.0989434086671496,-0.0247130087427903,0.0135936675603157,0.00106645828895477
-1.0148753645695,0.559543355710449,0.059308217702197,-0.10570215271631,-0.0249662242376715,0.0126049582561676,0.00175439531230109
-1.01213766724351,0.564930958531401,0.0590846296161827,-0.112047722599217,-0.0252069381949056,0.0115309239335856,0.00238996737139074
-1.0056952523412,0.567233652209302,0.0588491076975231,-0.118090142043785,-0.0254339528841017,0.0103707736985261,0.00295971962500782
-0.995419070082808,0.566714712009592,0.058612187103987,-0.12393921912111,-0.0256462064145216,0.00912712629110613,0.00345197791649297
-0.981230982601946,0.563624862485694,0.0583830469453529,-0.12970442954264,-0.025842815443232,0.00780641290312199,0.00385696960109743
-0.963093052908049,0.558190164945282,0.0581694531052783,-0.135493379254097,-0.0260231636901782,0.00641886950154946,0.00416695166531382
-0.940993531737785,0.550606340083466,0.0579779910883744,-0.141409270668007,-0.0261869696310629,0.00497808035388819,0.00437632210791993
-0.914932486196262,0.541040277376497,0.0578145343564374,-0.147547979035179,-0.026334268641977,0.00350009721123603,0.00448168556843799
-0.884910345418022,0.529638293556252,0.0576848674092828,-0.153995391069925,-0.0264652726052252,0.00200223306514373,0.00448184914028259
-0.850921970038444,0.516539335590652,0.0575953469826401,-0.160825481170498,-0.0265800990742621,0.000501688370075449,0.00437773564179963
-0.812957456214801,0.501890246277366,0.0575534585499406,-0.168099254356639,-0.026678387745034,-0.00098580307811814,0.00417221621499438
-0.771009926298446,0.485860182889793,0.0575681691415602,-0.175864400347297,-0.0267588621295122,-0.00244712848601985,0.0038698825092897
-0.72508869523146,0.468651361323253,0.0576499787108645,-0.184155117755363,-0.0268188937615362,-0.00387261693992966,0.00347678851618209
-0.675235782295113,0.450504483799745,0.0578106516881173,-0.192991502305153,-0.0268541440725639,-0.00525645742255651,0.00300020102197935
-0.621542974716168,0.431698068148277,0.058062632180029,-0.2023778682154,-0.026858340378011,-0.00659671208216347,0.00244839558680474
-0.564167023288202,0.412542054352627,0.0584182101674074,-0.212299675214778,-0.0268232405891472,-0.00789497552910379,0.00183053100915123
-0.503340799745927,0.393366726327411,0.0588885427903511,-0.222719138706795,-0.0267388273601237,-0.00915576067885862,0.00115662541433206
-0.439378474816247,0.37450832213862,0.0594826662347803,-0.233570084179188,-0.0265937546824044,-0.0103856954121918,0.000437644139745836
-0.37267308528903,0.356292937757417,0.0602066787084027,-0.244753143883209,-0.026376052864866,-0.0115925989206305,-0.000314305560544433
-0.303685370972906,0.339020625191632,0.0610633402805353,-0.256132943411688,-0.0260740815329637,-0.0127844843217619,-0.00108569664026534
-0.232923252074329,0.322951566251782,0.0620523351789319,-0.267539103382994,-0.0256776721537975,-0.0139685044367331,-0.0018612687888354
-0.160913087439054,0.308296473839027,0.0631714510508825,-0.278772934465941,-0.02517937416103,-0.0151498486626941,-0.00262375231297991
-0.0881659621949826,0.295212801689468,0.0644187632189649,-0.289620926124747,-0.0245756615860573,-0.0163306010770672,-0.00335372722253836
-0.0151451362105248,0.283807379792811,0.0657956469897076,-0.299874840245464,-0.0238679367299151,-0.0175086138723411,-0.00402973142691963
0.05775730343006,0.274144077805051,0.0673099750723008,-0.309355999129433,-0.0230631511333941,-0.0186765163640418,-0.00462872853497423
0.130226616103092,0.266253175690954,0.068978419255484,-0.317939084869336,-0.022173908620582,-0.0198210771452487,-0.00512701518430014
0.202010015448396,0.26013784762885,0.0708265058693936,-0.325568874191232,-0.021217980458384,-0.0209232025761466,-0.00550158013548513
0.272881969449151,0.255774113424353,0.0728853606664138,-0.332263400914658,-0.0202172732795803,-0.0219588493653368,-0.00573182739563262
0.342600163493067,0.253103761957682,0.0751850175652515,-0.338099710921072,-0.0191963985072192,-0.0229009820166,-0.00580145680172416
0.410867163084216,0.252024002624636,0.0777455802658822,-0.343183590335019,-0.0181810743400766,-0.0237224194664822,-0.00570019459664561
0.477312026724474,0.25238054375721,0.0805687971238008,-0.347610651550854,-0.0171966139359438,-0.0243990776965066,-0.00542503430545504
0.541498980154565,0.253970308048039,0.0836329756459996,-0.351430123974095,-0.0162666984459412,-0.0249128893933055,-0.00498072462842064
0.602959868508525,0.256555864233683,0.0868932223854408,-0.354622284066603,-0.0154125128499372,-0.0252537094344308,-0.00437941929151945
0.661238757809824,0.259888148097736,0.0902871184927289,-0.357095736988144,-0.0146521884907936,-0.0254198209152106,-0.00363962089228929
0.715934330332462,0.263730085031502,0.0937439961657498,-0.358703897983606,-0.0140003952939534,-0.0254170850413683,-0.00278471068976183
0.766729146580605,0.267873381298491,0.0971949101768614,-0.359274511596977,-0.013467907886491,-0.0252571418581978,-0.00184140125848061
0.813401389792179,0.272143582675152,0.100580491079845,-0.358643725152989,-0.0130610241582043,-0.024955218960386,-0.000838377476083535
0.855820587085451,0.276392646603666,0.103854808053525,-0.356686888710902,-0.012780813472672,-0.0245280304352771,0.00019474566404062
0.893932319270801,0.280482097634982,0.106984665138263,-0.353340621596558,-0.0126222912644728,-0.0239920581575684,0.0012281586565908
0.927737615766666,0.284262270737868,0.109944925327365,-0.348613057530246,-0.012573724767418,-0.0233623032775556,0.00223239903645328
0.957271773982694,0.287554143557599,0.112711347564098,-0.342580993439273,-0.0126163538123306,-0.0226514624331242,0.00317886021255161
0.982585539853796,0.290139812885224,0.115252961117016,-0.335374009197141,-0.012724827242498,-0.0218694353190344,0.00404042159830434
1.00373042196304,0.291766001006112,0.117526242619651,-0.327147448178865,-0.0128685832706257,-0.0210231094269642,0.00479229294137236
1.02074901671655,0.292161822120154,0.119473104601382,-0.318048510957027,-0.0130142091397576,-0.020116428253857,0.00541306144449636
1.03367081341334,0.291067903005479,0.121023866111175,-0.308182272005211,-0.0131285326847452,-0.0191507866013802,0.00588580960265548
1.04251363337336,0.288270001171414,0.122105004538588,-0.297585836324061,-0.0131819189043825,-0.0181257703182907,0.00619908143514972
1.04729009544765,0.283628134106231,0.122649932964708,-0.286217665756498,-0.0131510995936929,-0.0170401658437851,0.00634746134766526
1.04801781286197,0.277093329181836,0.122609984130535,-0.273965221738723,-0.0130209549319857,-0.0158930654650191,0.00633161262463197
1.04473074845511,0.268707917411008,0.121962604555873,-0.260668545368422,-0.0127849607360655,-0.0146848307586879,0.00615776300544593
1.03748900414699,0.258590447663536,0.120714691941264,-0.246152965531671,-0.0124443955067898,-0.0134177098885819,0.00583676340352974
1.02638445869264,0.246910276012892,0.118900499461879,-0.230262296309057,-0.0120066902678484,-0.0120960008260253,0.005382920555545
1.01154150718674,0.233858752223775,0.116575121465448,-0.212885384784803,-0.0114834257312973,-0.0107257900381496,0.00481280969406856
0.993113349886244,0.219623171759602,0.11380552951524,-0.193972033186652,-0.0108884208459542,-0.00931439433184025,0.00414422122139971
0.971275267055697,0.204367519879071,0.110661367060172,-0.173537800390577,-0.0102362020990632,-0.00786968213439434,0.00339532774589437
0.946217865307124,0.188221871789838,0.107207471175844,-0.151659973436249,-0.00954098794073114,-0.00639945591779926,0.00258410497868962
0.918140602142642,0.17127979202901,0.103499093917675,-0.128467594017939,-0.00881616568538561,-0.00491100391745199,0.00172798815354605
0.887248159282344,0.153602588732983,0.0995803607378702,-0.104128961796778,-0.00807419544298213,-0.00341089452795095,0.000843736124233664
0.853748198244886,0.135228117033685,0.0954854980019962,-0.0788385815046517,-0.0073268109856897,-0.00190499262802067,-5.25491041975098e-05
0.817850963901247,0.116182432568394,0.0912422455946135,-0.052804984324135,-0.00658541440828139,-0.000398650299695388,-0.000945293536372694
0.779769405039154,0.0964925495973474,0.0868765062304919,-0.0262396970229999,-0.00586155768094386,0.00110301768548285,-0.00181926443677399
0.739718861703597,0.0761989090823551,0.0824172820918404,0.00065283903814301,-0.00516742060002849,0.00259486910921821,-0.00265937340802355
0.697915233502302,0.0553662686225187,0.0779009520342301,0.0276847989054046,-0.00451619716204518,0.00407157076662405,-0.0034505142100551
0.654571532379425,0.0340917523851832,0.0733740976228371,0.0546940380927447,-0.00392230862625003,0.00552759542668154,-0.00417747600011667
0.609892418527284,0.0125087211573426,0.0688941634705317,0.0815524120002667,-0.00340134986725021,0.00695741549823499,-0.00482496917864309
0.564067434168715,-0.00921483719076509,0.0645275379382727,0.108172255598857,-0.00296968798398366,0.0083558696116426,-0.00537779249887623
0.517264881833123,-0.0308842705190437,0.0603450967238406,0.134509453224494,-0.00264365706328912,0.00971864340192636,-0.00582116725831656
0.469627556957063,-0.0522927607332608,0.0564156154186902,0.160561204111928,-0.00243833872807761,0.0110427530734631,-0.0061412441950214
0.421272759863301,-0.0732411904931271,0.052798130972173,0.186357061070467,-0.00236601223004875,0.0123269051756614,-0.00632577457465826
0.372297640120919,-0.0935606846175215,0.049534693799697,0.211942958401219,-0.00243446559971087,0.0135716050342386,-0.00636490093912875
0.322789913473121,-0.11313370386284,0.0466451606207205,0.237359850510468,-0.00264546994127194,0.0147789301744462,-0.00625198543781292
0.272842150658804,-0.131908912637436,0.0441254111713501,0.262620544717986,-0.00299377550005545,0.0159519541908322,-0.0059843543842938
0.222566598975931,-0.14990577482272,0.0419496752468736,0.287689670207061,-0.0034669454672474,0.0170938965638139,-0.00556382471198653
0.172106983920922,-0.16720709774347,0.040076601892794,0.312471595569148,-0.00404617946328558,0.0182071466581331,-0.00499690525319812
0.121644296108404,-0.183940930362612,0.0384576113869702,0.336809193528568,-0.00470803027113008,0.0192923297253079,-0.00429463537877385
0.0713952793799536,-0.200256333531825,0.0370454017013391,0.360493609957217,-0.00542667885468193,0.0203475552489513,-0.00347212106769405
0.0216039497260001,-0.216299212653494,0.0358004420825212,0.383282456956698,-0.00617629780620895,0.021367906793781,-0.00254790390246263
-0.0274722755214771,-0.232194229904643,0.0346939397970504,0.404922472449569,-0.00693305471596388,0.0223451577315005,-0.00154332605208438
-0.0755798127784406,-0.248037097000635,0.0337068207346248,0.425172880147364,-0.00767645957149113,0.0232676662707895,-0.000482022582315697
-0.122487589853512,-0.263899086905317,0.032825341895416,0.443826770840071,-0.00838996935183281,0.0241204291525922,0.000610402032011828
-0.168005349169475,-0.279843332829094,0.0320348063252036,0.460729150775341,-0.00906095969961179,0.0248853598943814,0.00170654408612038
-0.211999522453077,-0.295950478436908,0.0313133290799236,0.475790717306688,-0.00968030861777023,0.0255419447018676,0.00277733223579675
-0.254403837564392,-0.312349388293353,0.0306277143183587,0.488995827751642,-0.0102418966084774,0.0260684724477732,0.00379229995148056
-0.295220980179863,-0.329246868753708,0.0299332435968563,0.500402290392242,-0.0107423102610937,0.0264439980456968,0.0047202138704741
-0.334511371232153,-0.346948460495045,0.0291783998149169,0.510129885695332,-0.0111809124076568,0.0266510046133077,0.00553025552949419
-0.372366601729433,-0.365861657704891,0.028314237360915,0.518335878430486,-0.0115602123538115,0.0266784216786907,0.00619384797412311
-0.408868813451441,-0.386474521885342,0.0273063917889004,0.52517953410834,-0.0118861623176037,0.0265243022759251,0.00668700115890928
-0.444042852145602,-0.409307621547743,0.0261462374194582,0.530783338521528,-0.0121677598692692,0.026197270748942,0.00699276113937029
-0.477812688790786,-0.434844001618179,0.0248573459331901,0.535202834550382,-0.0124153516084375,0.0257160118316941,0.00710311453150459
-0.509974665467754,-0.463447479597669,0.0234947997030056,0.538416573199844,-0.0126374911664501,0.0251066702988591,0.00701970499018416
-0.540195811491962,-0.495280535200011,0.0221375329510193,0.540340399952674,-0.0128370329469625,0.024398801485611,0.00675304056424113
-0.568038389414299,-0.530231003709371,0.02087621509828,0.540859694287266,-0.0130079920455768,0.0236210513109257,0.00632039577442328
-0.593005863601611,-0.567856969338023,0.0197998950955175,0.539865116780453,-0.0131350152385957,0.0227977123147063,0.00574306430717365
-0.614602902315055,-0.607365514487675,0.0189838147957149,0.537277254174556,-0.0131966407601351,0.0219467654313781,0.00504377360243266
-0.632400622147697,-0.647647243685211,0.0184798060767248,0.53305318575509,-0.0131718583645078,0.0210793294710574,0.00424488632924612
-0.646095525491999,-0.687381299376423,0.0183104944068135,0.527178591705209,-0.0130475478703376,0.0201999990289798,0.00336761468173753
-0.65554834002415,-0.725198701783477,0.0184686106201741,0.519655957006347,-0.0128234918795332,0.0193075279325667,0.00243206328220265
-0.660792463076223,-0.75985968349039,0.0189218198849978,0.510498751079071,-0.0125127469727038,0.01839558970584,0.00145767669696292
-0.66201182929773,-0.790388963590138,0.0196214835526066,0.499734495549378,-0.0121376363743231,0.01745363301943,0.000463673806244363
-0.659498903070079,-0.816133188699071,0.0205121128372848,0.487412393464925,-0.0117237170634805,0.0164679628300012,-0.000530761342368958
-0.653607559746013,-0.836741204501138,0.0215383187251572,0.473608381814397,-0.0112944371291363,0.0154231145885781,-0.00150655081973259
-0.644711718297241,-0.852095046123732,0.0226476854533841,0.458422483364985,-0.0108680530095877,0.0143034755437318,-0.00244495719265954
-0.633173964229273,-0.862226288864392,0.0237899868954142,0.441967638342418,-0.0104569021536473,0.0130950484020813,-0.00332787499161318
-0.61932331117568,-0.867243266435799,0.0249144657862293,0.424352472974454,-0.0100682202018468,0.0117872317492467,-0.00413812581546958
-0.603439742904481,-0.867281341291158,0.0259672498674031,0.405662105707641,-0.00970552200183845,0.0103744801915474,-0.00485975651851713
-0.585744025474563,-0.862477946710748,0.0268906188590254,0.385941343857397,-0.00936983764767967,0.00885767598296138,-0.00547836470746592
-0.566392743926241,-0.852968149736568,0.0276250720974134,0.365184064663056,-0.00906048106084042,0.00724500522066689,-0.00598146943197281
-0.54547939838899,-0.838893842874263,0.0281141991915842,0.343331483280671,-0.00877534479281267,0.00555212188072854,-0.00635891760243363
-0.523042722665278,-0.820419690539112,0.0283114319997009,0.320280748485682,-0.00851091035347777,0.0038014438151767,-0.00660328808227476
-0.499081658780628,-0.797748502716166,0.0281869988391233,0.295902864637789,-0.00826221824493109,0.00202054331336195,-0.00671022552303144
-0.473575648627922,-0.771131302923624,0.0277331619943517,0.270067343029314,-0.00802302116285982,0.000239786796639285,-0.00667863802671727
-0.44650643315064,-0.74086789058222,0.0269660840006304,0.242668628078949,-0.00778623004246051,-0.0015104552267143,-0.00651069762515694
-0.417877787836617,-0.707297593915119,0.025923569894029,0.213649304041979,-0.00754465544862999,-0.00320258494557645,-0.00621162649382761
-0.387729809035378,-0.670781955796591,0.0246590384708589,0.183015693758989,-0.00729193882377041,-0.0048141033931815,-0.00578929119178766
-0.356145971058741,-0.63168315940597,0.0232330688608789,0.150843551593162,-0.00702351479390781,-0.00632916444265831,-0.00525366682847299
-0.323252589583497,-0.590341980353285,0.0217043632983537,0.117273831045058,-0.00673743848163386,-0.00773921939539476,-0.00461624934869332
-0.289213141480664,-0.547060533406486,0.020121968020505,0.0825012695527025,-0.00643497552129965,-0.00904282075559692,-0.00388951560780425
-0.254218730113218,-0.502090755917696,0.0185199978297149,0.0467587205056095,-0.00612088368685327,-0.0102447779303998,-0.00308649018769753
-0.218477846564489,-0.455630558846146,0.0169154608364187,0.0103010686773295,-0.00580339222382399,-0.0113549355445196,-0.00222047859735261
-0.182206776216809,-0.407826730276144,0.0153091308999072,-0.0266087984975031,-0.00549389853421441,-0.0123868114802397,-0.00130498494507355
-0.14562187996931,-0.358784075990884,0.013689036214481,-0.0637105031333807,-0.00520641276774445,-0.0133562761824152,-0.000353816764845225
-0.108933371062095,-0.308578601925177,0.0120359100122269,-0.100753113066167,-0.00495674132933108,-0.0142803283902915,0.000618649527431877
-0.0723406172653544,-0.257274835249025,0.0103300010167661,-0.137499252467475,-0.00476139934441841,-0.0151759756480369,0.00159707169561004
-0.0360280761308378,-0.204945721422874,0.00855853915485626,-0.173727583041683,-0.00463620564325397,-0.0160591154076779,0.00256466499046214
-0.000161535473645093,-0.151694766355637,0.00672307296549342,-0.209234991836284,-0.00459455314008401,-0.0169433161664562,0.00350270907696712
0.0351153747125896,-0.0976786553935697,0.00484556501556732,-0.243839254645215,-0.00464541296657863,-0.0178383928841086,0.00439013031852925
0.0696837034328385,-0.0431277226426207,0.00297177632033139,-0.27738265320436,-0.00479128364615682,-0.0187487933111512,0.00520329738225616
0.103449715551868,0.0116413059253699,0.0011701993228457,-0.309735758782395,-0.00502647157724148,-0.0196719168615225,0.00591621231942688
0.136341913601307,0.0662270323220675,-0.000474883934040748,-0.340800077102652,-0.00533627887643145,-0.0205967281965012,0.00650130897700267
0.168303154978098,0.120166202204041,-0.00187642974090417,-0.370507556955492,-0.00569771105004694,-0.0215032038629784,0.00693101884175331
0.199277259895569,0.172979965780899,-0.0029617456170954,-0.398815260637616,-0.00608206686953631,-0.0223632117251795,0.00718009047926088
0.229191147868604,0.224237643804441,-0.00368918581131497,-0.425694719639124,-0.00645915600297041,-0.0231431913706908,0.00722835486882574
0.257935667278562,0.273622517704937,-0.00405861369866911,-0.451117405555456,-0.00680208104356257,-0.0238084385137654,0.00706333180747292
0.285350036597269,0.320978926391145,-0.00411112622450507,-0.475039571700782,-0.00709096945168633,-0.0243280997971587,0.00668197317578933
0.311215090552532,0.36632344218965,-0.00391747937462973,-0.497390311375361,-0.00731420751772478,-0.024679550891726,0.00609106978102911
0.335259058924112,0.409814241117438,-0.00355926966215014,-0.518065860697001,-0.00746668401175513,-0.0248509987766106,0.00530633211061429
0.357176989287387,0.451685671698721,-0.00310958271929941,-0.536931361917801,-0.00754583803368892,-0.0248418506250323,0.00435061530048005
0.376662337897402,0.492163803787849,-0.00261930376582597,-0.553829964876362,-0.00754729405597205,-0.0246612212255102,0.00325194966743364
0.393446499126582,0.531382582673795,-0.0021124727983796,-0.568598415478868,-0.00746215534180547,-0.0243254292518715,0.00204190749618243
0.407338862762709,0.569322701915721,-0.00159070158752029,-0.581088439226991,-0.00727752889040063,-0.0238553253151953,0.000754534940268356
0.418256532558272,0.605795583443464,-0.00104386566615531,-0.591192562205564,-0.00698060434226679,-0.0232739221181922,-0.000574219165151019
0.426232883939104,0.640486534343956,-0.000462439324592696,-0.598871510691271,-0.00656492624491214,-0.022604396995755,-0.00190681739774827
0.431400544474517,0.67304871868302,0.000153577345560954,-0.604177677417174,-0.00603623321772747,-0.0218683202878727,-0.00320446751289304
0.433955348746905,0.703213688140024,0.000792614613747246,-0.607267596935877,-0.00541538681824698,-0.0210840148248318,-0.00442771223649397
0.434114004854601,0.730873495799671,0.00143670740969307,-0.608395617621245,-0.00473742906484215,-0.0202650803072821,-0.00553746390628848
0.432076088644715,0.756104503658588,0.00207117949135129,-0.607883767419925,-0.00404746179718702,-0.0194192697411451,-0.00649661651622182
0.427994136317113,0.779129830789599,0.0026946422368595,-0.606068294621929,-0.00339472885571517,-0.0185479864515106,-0.00727223335975374
0.421952547885282,0.800239359136447,0.00332533673179469,-0.603232257950811,-0.002826161655337,-0.0176466996688359,-0.00783805866700454
0.413957851954046,0.819696023429596,0.00400123454008462,-0.599542186753544,-0.00238044645830006,-0.0167064504538436,-0.00817682795950881
0.403944737976905,0.837656908036744,0.00477342653185978,-0.595009691316058,-0.00208363365799778,-0.0157162983597858,-0.00828174619114853
0.391799518486457,0.8541298328238,0.00569469924692209,-0.589491875203126,-0.0019471251858174,-0.0146661670107132,-0.00815669167106574
0.377396369459461,0.86897320283812,0.00680698086120553,-0.582730193846449,-0.00196831309519107,-0.0135493398453519,-0.00781511603657987
0.360636218126117,0.881932596031524,0.00813167008462271,-0.574413457249871,-0.00213339164487089,-0.0123639708821015,-0.00727800503401802
0.341477600023839,0.892697770642111,0.00966555882005001,-0.564244588415417,-0.00242132991102712,-0.0111133473751538,-0.00657144698266725
0.319953020798001,0.900961425892014,0.0113828119025776,-0.551993848951914,-0.0028078998365133,-0.00980505804471932,-0.00572430117392338
0.296170274346411,0.906465286259679,0.0132413632622509,-0.537529669296382,-0.00326893694214134,-0.00844950318939785,-0.00476627939092576
0.270302579362735,0.909026402815037,0.0151909555043755,-0.520826759546136,-0.00378244223362305,-0.00705826397173211,-0.00372656943653242
0.242572932948301,0.908543434122939,0.0171801025495201,-0.501956598416409,-0.0043295138790952,-0.00564275746885447,-0.00263299643029856
0.213237224310644,0.90498704841735,0.0191601660206872,-0.481067109303623,-0.00489433129029812,-0.00421341794118766,-0.00151163944887524
0.182568736904919,0.898380273309616,0.0210859664324784,-0.458357462317987,-0.00546350186022228,-0.0027794440212031,-0.00038678410763296
0.15084493034652,0.88877479394658,0.0229134642980404,-0.434052205646071,-0.00602507213277974,-0.00134899492413546,0.000718917281657531
0.118336038674196,0.876227470881372,0.024595796495976,-0.408376707981628,-0.00656745059666932,7.0376529331026e-05,0.00178420120691915
0.0852948593822846,0.860781047289453,0.0260793480127788,-0.381535235399986,-0.00707844152509846,0.0014712829941923,0.00278896715250201
0.0519471600594001,0.842451223442557,0.0273015406224236,-0.353692244384391,-0.00754455032384065,0.00284625147733815,0.0037141510640605
0.0184829471890413,0.821222253630581,0.0281917117574395,-0.324958202762603,-0.00795070466980112,0.00418778135273838,0.00454175129646422
-0.0149504708571869,0.797051687500416,0.028675763978336,-0.295381482196328,-0.00828050636894256,0.00548873265707305,0.00525503159013025
-0.0482519664535499,0.769884121969846,0.0286842939276387,-0.264948374836677,-0.00851708020404575,0.00674296200791627,0.00583889752831088
-0.0813648162553145,0.739672461015854,0.0281627992457597,-0.23359293507549,-0.00864449467840914,0.00794604199736419,0.00628041758500924
-0.114268464098891,0.70640267370186,0.0270815782885365,-0.201216681641316,-0.00864960040812029,0.00909586007304773,0.00656943329574195
-0.146964002822964,0.670117537082609,0.0254426370299062,-0.167716346450952,-0.00852398266943624,0.0101929037195874,0.0066991798599528
-0.179455281084831,0.6309327454615,0.0232812601585183,-0.133014900786252,-0.00826563615964762,0.0112401127976998,0.00666681717360118
-0.211729340222416,0.589041717501413,0.0206613178495268,-0.0970900040623541,-0.00787996058977998,0.0122422924161674,0.00647377185666565
-0.243740430080505,0.544706103069526,0.0176651237016336,-0.0599932499869009,-0.0073797868719662,0.013205178548222,0.00612579233473494
-0.275401286037714,0.498234476776099,0.0143802411031914,-0.0218561752810242,-0.00678437034980574,0.0141343482363461,0.00563268004086918
-0.306583357543658,0.449954031100393,0.0108864792744471,0.017117918641079,-0.00611754520538816,0.0150341817564206,0.00500772543096801
-0.337125223122141,0.400182088104996,0.00724608273547369,0.0566734344189331,-0.00540543591046507,0.0159070435001568,0.00426695577210809
-0.366846535828829,0.349203644003484,0.00349897613273226,0.0965278168688759,-0.00467419368189251,0.0167527632561191,0.00342835171186172
-0.395564098296593,0.297259191407959,-0.000336435972552713,0.136396701977582,-0.00394816430918744,0.0175684094193088,0.00251119079894296
-0.423106624840467,0.244543623723546,-0.00425768542200113,0.176013962056524,-0.00324871872345814,0.0183482679115583,0.00153562530176021
-0.44932644324226,0.191215791542622,-0.00826930062764696,0.215143875591397,-0.00259380339190771,0.0190839691716971,0.000522541414508587
-0.47410673024933,0.137416122575654,-0.0123721925549232,0.253584643559243,-0.00199809864261057,0.0197647170021656,-0.000506334860695768
-0.49736398079398,0.0832897878607297,-0.01655304471311,0.291164049588282,-0.00147357724122111,0.020377664345729,-0.00152817306648
-0.519045640602917,0.0290124625929805,-0.0207754186270767,0.327729003654715,-0.00103019600843981,0.0209085448286228,-0.00251874882802713
-0.539122811710636,-0.0251850056661195,-0.0249744205896273,0.363131254824313,-0.000676424693710994,0.0213426940901677,-0.00345229679750087
-0.557578401177706,-0.0789979250334137,-0.0290568671734813,0.397212238718937,-0.000419320519175002,0.0216665572730353,-0.00430169365230384
-0.574391083826887,-0.13204111058989,-0.0329085262515138,0.429790260679331,-0.000263912886599654,0.0218696320514307,-0.00503914928997662
-0.589517300654659,-0.183860142871838,-0.0364088010460139,0.460653845977723,-0.000211825547294414,0.0219465822285744,-0.00563752206486858
-0.602874619171078,-0.233963352654852,-0.0394509510524232,0.48956429239355,-0.000259338571687393,0.0218990091684124,-0.00607223063177041
-0.614331370353021,-0.281871088435597,-0.0419631958767282,0.516268735929332,-0.00039543062961037,0.0217362434516221,-0.00632352572859392
-0.623707462807074,-0.327170965896999,-0.043924178658433,0.540521883181255,-0.000600578206429557,0.0214746427931295,-0.00637867732772926
-0.630788582736226,-0.369562102069745,-0.0453668469199916,0.562110730598034,-0.000847025810757497,0.0211352834988015,-0.00623353759986247
-0.635352321561471,-0.408872377219408,-0.046368472589782,0.580874977584052,-0.00110080358341564,0.0207405159271359,-0.00589306393266286
-0.637200592840488,-0.445041122859488,-0.0470297690239407,0.59671690178299,-0.00132512310581028,0.0203102775088206,-0.00537069570138764
-0.636190924292002,-0.478071611618566,-0.0474501403312101,0.609598550452565,-0.00148427717382942,0.0198591070982851,-0.00468683231547
-0.632260744770452,-0.5079672622488,-0.0477068916069663,0.619529300911799,-0.00154708930566772,0.0193944766712163,-0.00386688262822406
-0.625441574084273,-0.534668018624959,-0.0478437111344962,0.626549937602296,-0.00148931834851828,0.0189165449038655,-0.00293936015050173
-0.61586301898941,-0.558000236266038,-0.0478698637481794,0.630720198015507,-0.00129499693112496,0.0184190464395629,-0.00193434978074229
-0.603747102524808,-0.577648036713749,-0.0477683325844317,0.632114865364695,-0.000957183395801751,0.017890862694202,-0.000882474373704362
-0.589392141035212,-0.593151023005875,-0.0475096573290596,0.630830772487496,-0.000478842632078989,0.0173178633875131,0.000185669369146879
-0.573142379188439,-0.603933568617562,-0.0470680957549836,0.627003507682746,0.000125554506324142,0.0166847190582245,0.00123974483809145
-0.555338538905168,-0.609374146118065,-0.0464371404058265,0.6208295104137,0.000827662718653855,0.0159765038242216,0.00224979499864133
-0.536247430955801,-0.608923350024534,-0.0456414324149967,0.612585221244219,0.00158302702196239,0.0151799724412852,0.00318653475716739
-0.515979180911485,-0.602269164737926,-0.0447416539900006,0.602631227971488,0.0023309978220658,0.0142844671312936,0.0040221395241007
-0.494417137880428,-0.589522335431894,-0.0438290053044147,0.59138895303643,0.0029993469733346,0.0132825453438474,0.00473176426702035
-0.471197584227921,-0.571359634819786,-0.0430079688720898,0.579284210595722,0.00351500096726698,0.0121705703672297,0.00529571045948807
-0.445768305301992,-0.549045012461977,-0.0423709539522519,0.566667931575813,0.00381910843072776,0.010949522666865,0.00570165820971515
-0.417520195421213,-0.5242794557027,-0.0419738159295373,0.553741996327818,0.00388101018794195,0.00962601746022969,0.00594601861190633
-0.385943387579386,-0.498909326569421,-0.0418225561120772,0.540522630595318,0.0037047373130125,0.00821307024964224,0.00603364872447304
-0.350743802797092,-0.474599330618886,-0.041876338870914,0.526857513793114,0.00332505480044197,0.00672994076724238,0.00597593593875167
-0.311881768926282,-0.452589804493926,-0.0420636369513851,0.512485811961468,0.00279552267393569,0.00520067599042893,0.0057880551186933
-0.269538777048432,-0.433601911555541,-0.0423030148684859,0.497113044680472,0.00217440507782433,0.00365157915748733,0.00548643368995489
-0.22404710084146,-0.417878022357168,-0.0425205780476371,0.480474256757109,0.00151365544526277,0.00210829259610794,0.00508707227518557
-0.175817869781083,-0.405299568741451,-0.042660265154207,0.462372766431889,0.000853215341302874,0.00059324048233254,0.00460479868535273
-0.125287413271944,-0.395522511005251,-0.0426871821768081,0.44269500368572,0.00022007332150403,-0.000876090344765909,0.00405317587794466
-0.0728856191002481,-0.388092625458515,-0.0425861998694569,0.421408613188274,-0.000369757502968304,-0.00228790471541409,0.00344472488908459
-0.0190211235909214,-0.382526717918121,-0.0423582243525744,0.398551385556897,-0.000908155375998226,-0.00363602339277984,0.00279122653257488
0.035923818444007,-0.378361410483637,-0.0420159077082138,0.374216517862932,-0.0013918980026732,-0.00491922984327687,0.00210399409334718
0.0915945056402814,-0.37517736246177,-0.0415797756819927,0.348537114453553,-0.00182032660882936,-0.00614029743662861,0.00139409150288991
0.147664353891582,-0.372607713679137,-0.0410751854964147,0.321671401275488,-0.00219379924185232,-0.00730490062994799,0.000672508889195267
0.203836331960716,-0.370337598532776,-0.0405301272956766,0.293788920369667,-0.00251284681115339,-0.00842053760149169,-4.96899342584569e-05
0.259845497207189,-0.368099806435304,-0.0399737194522453,0.265057983421477,-0.00277787004747632,-0.0094955282902795,-0.000761239380553132
0.315462116478166,-0.365669561667886,-0.0394351196550738,0.235634331673869,-0.00298921022843009,-0.0105380998035792,-0.0014505679222837
0.370494500598441,-0.362860358568314,-0.0389425865943089,0.205651401253925,-0.00314745002360055,-0.0115555502694884,-0.0021057317499201
0.424790429213638,-0.359521703603136,-0.0385224510605135,0.175212737529514,-0.00325382409606478,-0.0125534776175516,-0.00271440945462561
0.478235957990875,-0.355538932804224,-0.0381978508131093,0.144387430124654,-0.00331063651966369,-0.0135350774454973,-0.00326398662853492
0.530750539140969,-0.35083469558387,-0.037987221778268,0.113209630671441,-0.00332159390676552,-0.0145005465803426,-0.00374176099952719
0.582277912838264,-0.345371249010411,-0.0379027074024927,0.0816831409106765,-0.00329197609067737,-0.0154466688192994,-0.0041352939164667
0.632772734537737,-0.33915208882148,-0.0379487749737808,0.0497914247827572,-0.00322858503979352,-0.016366678966429,-0.00443291587371375
0.682184128764794,-0.33222148827487,-0.0381214364987606,0.0175125342892879,-0.00313945054228022,-0.0172505071681674,-0.00462436592032278
0.730438455609142,-0.324660749390098,-0.0384084391774194,-0.0151628721243213,-0.003033322197225,-0.0180854638925446,-0.00470150742207104
0.777424508202217,-0.316580785252632,-0.0387906199913786,-0.0482134466682362,-0.00291903348746051,-0.0188573462094325,-0.00465902854130223
0.82298414272768,-0.308111619796234,-0.0392442997391194,-0.0815726693657458,-0.00280486218064087,-0.0195518328572556,-0.00449501655576057
0.866911239285158,-0.2993909216188,-0.0397443033118045,-0.115121207540239,-0.00269801769465593,-0.020155965024828,-0.00421131384088177
0.908958732095238,-0.290553764642768,-0.0402668857659947,-0.148687876269207,-0.00260433659334079,-0.0206594382353992,-0.00381359862685297
0.948852155114631,-0.281726208473486,-0.0407918703059076,-0.182058755414079,-0.00252819368739586,-0.0210554899403194,-0.00331120153821274
0.986306347499384,-0.273024417719734,-0.0413035074165372,-0.214992030927936,-0.00247255351653503,-0.0213412652785251,-0.00271672383427972
1.02104038865143,-0.264559509039522,-0.0417898938559953,-0.247234805818703,-0.00243903282371,-0.0215176483910062,-0.00204554897310652
1.05278782572461,-0.256447564024633,-0.0422412555767525,-0.278538322321335,-0.00242784880571762,-0.0215886870884844,-0.00131534170784678
1.0812995717493,-0.248822890462373,-0.0426476603076954,-0.308668901019044,-0.00243757814839802,-0.0215607702076087,-0.000545590660365866
1.10633908930775,-0.241852115366029,-0.0429969126868733,-0.33741350841441,-0.00246474760761761,-0.0214417302865129,0.000242794702091054
1.12767121730368,-0.235746205868608,-0.0432733986703666,-0.364580460567578,-0.0025033923853894,-0.021240007125879,0.0010278684533731
1.14504650659825,-0.230766805570763,-0.0434584807544822,-0.389996758724666,-0.00254483013358376,-0.0209639341407839,0.00178708288279386
1.15818573020515,-0.227223158341319,-0.0435328395089821,-0.413504761342487,-0.00257798104517387,-0.020621189830462,0.00249785023556151
1.16676862193576,-0.225455217902938,-0.0434806773977642,-0.434960678601618,-0.00259055801093772,-0.0202183867793288,0.00313828827406479
1.17043228730846,-0.225799151561394,-0.0432951866755954,-0.454237140638329,-0.00257130569589675,-0.0197607652200928,0.00368815045716486
1.16878435895935,-0.228533248182249,-0.042984089703502,-0.47123078054874,-0.00251312885043268,-0.019251945852312,0.00412986056683761
1.16143458118372,-0.233806333609098,-0.0425736165082087,-0.485873744778451,-0.00241644396789734,-0.0186937036489225,0.00444949027959784
1.14804416756517,-0.241557343434832,-0.0421091713751832,-0.498145191775491,-0.00229156957019333,-0.0180857368857839,0.00463747440247401
1.12838801253262,-0.251443663209176,-0.0416514802612651,-0.508077443572957,-0.00215875466777632,-0.0174254942178385,0.00468890237599421
1.1024176314638,-0.262803346207978,-0.0412681385911712,-0.515751641910218,-0.00204487591118417,-0.0167082138534857,0.00460335296168776
1.0703063524371,-0.274676611186708,-0.0410220676317974,-0.521280932641607,-0.00197703952675011,-0.0159273877095275,0.00438440051572919
1.03245851430108,-0.285899439603333,-0.0409599473256815,-0.524785230633714,-0.00197490632795346,-0.015075815172568,0.00403902755215143
0.989471555290213,-0.295256214485605,-0.0411042583408156,-0.526365990735539,-0.0020445895228127,-0.0141471563254369,0.00357714123965685
0.942057344262941,-0.301651725011211,-0.0414516364020302,-0.526090564963156,-0.00217659912228639,-0.0131376096887478,0.00301124873935608
0.890945188902192,-0.304251839551574,-0.0419778791712819,-0.523991012639834,-0.00234852835923461,-0.0120471806393111,0.00235619347242446
0.8367961280941,-0.302556049283608,-0.0426474569316052,-0.520075751683625,-0.00253108203412859,-0.0108801537016626,0.00162881262206257
0.780150135590417,-0.296394496468218,-0.0434240489843332,-0.514347427979942,-0.00269492893218927,-0.0096447155781075,0.000847448012552066
0.721412492955754,-0.28586901911684,-0.0442790139382333,-0.506820060326999,-0.00281617890521693,-0.00835199570157668,3.13547909253113e-05
0.660871489069166,-0.27126895199604,-0.0451961316697354,-0.497531165255201,-0.00287946314400434,-0.00701490835266887,-0.000799886391983644
0.598733188072751,-0.252988163120124,-0.0461724386298313,-0.486547751329427,-0.00287873835998823,-0.00564709953027187,-0.00162685994555882
0.535160099188214,-0.231458398558016,-0.0472159131541499,-0.473967154049949,-0.00281653135807212,-0.00426213556544286,-0.00243066905779644
0.470304917807554,-0.207103198597521,-0.0483410803373882,-0.459914102524867,-0.00270239312640328,-0.00287292286061668,-0.00319316852069773
0.404335039694692,-0.180310162797458,-0.0495635727994093,-0.444535049173789,-0.00255110004149205,-0.00149127556913486,-0.00389712532978824
0.33744663977965,-0.15141703622802,-0.0508945598377406,-0.427990311720799,-0.00238086569167566,-0.000127546761538803,-0.00452636328577269
0.26986901615575,-0.120707477127918,-0.0523359001545272,-0.410444652757243,-0.0022116367173614,0.001209717140467,-0.00506594012987006
0.201860428338804,-0.0884134896300042,-0.0538768026670346,-0.392056886399053,-0.00206346026462256,0.00251408555866474,-0.00550238766919645
0.133697453232757,-0.0547228235265908,-0.0554927176941772,-0.372969818492037,-0.00195491374452904,0.00378145722218264,-0.00582402843221226
0.0656600526584929,-0.0197901340280136,-0.0571469033372456,-0.353301869856228,-0.00190163538543749,0.00501010148348324,-0.00602135988437546
-0.00198485858933171,0.0162492479989359,-0.0587946924438911,-0.333142001617392,-0.00191505911500481,0.00620046492697722,-0.00608747793843684
-0.0689984621221685,0.0532646009017381,-0.0603898567230091,-0.312549001397118,-0.00200150276448404,0.00735472357033832,-0.00601848699401703
-0.13518091266546,0.091116263503617,-0.0618918791983663,-0.291555599885604,-0.00216176429746058,0.00847612160425934,-0.0058138279517127
-0.200376036883312,0.129645473373219,-0.0632725565696544,-0.270176837981857,-0.00239132910276877,0.00956819354973703,-0.00547645021909097
-0.264469101942598,0.168669241722303,-0.0645204161504338,-0.248421228937189,-0.00268118963656565,0.0106339981533261,-0.00501277271563816
-0.327378498583445,0.207980819550198,-0.0656419892939635,-0.226302697734763,-0.00301915427109484,0.0116754854364138,-0.00443242179492484
-0.389043569080648,0.247355034945223,-0.0666598258247548,-0.203851023561276,-0.00339141606601619,0.0126930683248633,-0.00374778526372927
-0.449411538204664,0.286556847018742,-0.0676079807513135,-0.181118841449065,-0.00378410348165667,0.0136854007089175,-0.0029734664793128
-0.508426488552665,0.325351270091054,-0.0685262396418275,-0.158183977936471,-0.00418455788665942,0.0146493052828332,-0.00212574290785271
-0.566022405686985,0.363513180442404,-0.0694543752715178,-0.135146579137551,-0.00458215906629222,0.0155797622520755,-0.0012221203244714
-0.622121193985843,0.400836324403592,-0.0704274047356161,-0.112121250522648,-0.00496862127931901,0.016469887191749,-0.000281040788026822
-0.676635386930158,0.43714154499168,-0.0714722989187037,-0.0892249445948214,-0.00533777642230904,0.0173108764593483,0.000678241919789113
-0.729474350703612,0.472284554283682,-0.0726061305717287,-0.0665617606962736,-0.00568493432329504,0.0180919670051915,0.0016356484897499
-0.780552050738,0.506163280015843,-0.0738353603922274,-0.0442062857349396,-0.00600596484392998,0.0188005201352572,0.00257018727784081
-0.829794020265923,0.538724035989474,-0.0751559072505514,-0.0221877877245473,-0.0062962939817419,0.0194223800408908,0.00345988883556204
-0.877140783898057,0.569964560484146,-0.0765537544470714,-0.000478424547620156,-0.00655004954674192,0.0199426525255695,0.00428187812037505
-0.922546073310945,0.599931581938552,-0.0780061386713041,0.0210105379459479,-0.00675962962512979,0.0203470110123382,0.00501271547414348
-0.965968409658293,0.628709943084939,-0.0794834757243293,0.0424205435278985,-0.00691594519125747,0.0206234898975391,0.00562912628497835
-1.00735709842503,0.656401961107816,-0.0809522673272538,0.0639230566931485,-0.00700948509000717,0.0207645497989098,0.00610918754768065
-1.04663527378262,0.683098051506075,-0.0823789418268187,0.085683343531161,-0.00703211893137991,0.0207689728186136,0.00643392178990772
-1.08368474658746,0.708843597226733,-0.0837341426643471,0.107816763930201,-0.00697924705227485,0.0206430175023003,0.00658908394393511
-1.11833812860724,0.733610501165689,-0.0849965129937341,0.130348395042481,-0.0068516481608788,0.0204003267811022,0.00656677304022373
-1.15038209093792,0.757282596000382,-0.0861548446676778,0.153188381925245,-0.00665633478931078,0.0200603877020519,0.00636645177192643
-1.17957182130755,0.779660715834003,-0.0872077867790309,0.176131733322098,-0.00640599641599033,0.0196457986705364,0.00599508009634641
-1.20565281005604,0.800486989647934,-0.088161098152111,0.198883253521336,-0.00611710117414022,0.0191790022012368,0.00546633757708465
-1.22838311134668,0.819481206078538,-0.0890232171263704,0.221099655812443,-0.00580718793200849,0.0186792664075647,0.00479918752178775
-1.2475496873629,0.836378955639282,-0.0898003918748181,0.242436056320284,-0.00549209158239925,0.0181605266142035,0.00401619068725387
-1.26297492627448,0.850962148035538,-0.0904925368403423,0.262584682856068,-0.00518374428815777,0.0176303455529897,0.00314194900206187
-1.2745125032649,0.863076130339816,-0.0910905337333118,0.28129825231622,-0.00488890566554496,0.0170899156447126,0.00220190831209362
-1.28203591759497,0.872632916416796,-0.0915753139375744,0.298396442827415,-0.00460887610135799,0.0165348616408801,0.00122158041818309
-1.28542259795721,0.879601821236538,-0.09191858870884,0.313757919142293,-0.00434002917840888,0.0159565430110935,0.000226111245823748
-1.28453820035751,0.883991063738017,-0.092085052088355,0.327302857830708,-0.00407491458382224,0.0153436415179492,-0.000759931045445558
-1.27922516619583,0.885823891270728,-0.0920358301430516,0.338971416995148,-0.00380367597449655,0.0146839007596855,-0.00171268341197456
-1.26929906441762,0.885112611699339,-0.0917329161041378,0.348703236917873,-0.00351556456350774,0.0139659383780834,-0.00260914660608661
-1.25455507025842,0.881833719480076,-0.0911441875837979,0.356422272225749,-0.00320037503323851,0.0131810458024522,-0.00342745981590714
-1.23478740605466,0.875908914602252,-0.0902485243085605,0.362030819186006,-0.00284967902822928,0.0123248581316412,-0.00414734242331819
-1.20981955028458,0.867195033741303,-0.0890401177011153,0.365414510558997,-0.00245776383580178,0.0113986652426047,-0.00475071140917123
-1.17954325510394,0.855487522705495,-0.0875311843533588,0.366458785617548,-0.00202223298780969,0.0104101149758008,-0.00522244050147737
-1.1439581379803,0.840537877792819,-0.0857522060824739,0.365073686731682,-0.00154425882972101,0.00937303944556948,-0.00555117004816054
-1.10320460200209,0.822084419989282,-0.0837494800437243,0.361221860601781,-0.00102851929624379,0.00830628850564173,-0.00573004059654848
-1.05758020854799,0.799890098243832,-0.0815802069975366,0.354942074274132,-0.000482867957794047,0.00723164236628396,-0.0057571931279309
-1.00753557211604,0.773780571697259,-0.0793061985845964,0.346361860114288,8.22037888284584e-05,0.00617115002894428,-0.00563590957132163
-0.953648102303085,0.743673445302043,-0.0769874342500364,0.335694889016233,0.000654261289243342,0.00514439269568568,-0.00537431756140622
-0.896580136603931,0.709594015274659,-0.0746768406486985,0.32322396844064,0.00121972770870631,0.0041662195612607,-0.0049846884310088
-0.837028799832374,0.671674781790006,-0.0724169971085633,0.309273810689157,0.00176473486130174,0.00324533664294299,-0.0044824320810407
-0.775677780892437,0.630141702522755,-0.0702390133319577,0.294180733393175,0.00227595298770415,0.0023838935226462,-0.00388496034793465
-0.713157869268965,0.585291764878069,-0.0681631873368245,0.278265806363026,0.00274132106645952,0.00157795132962679,-0.00321059152037403
-0.650020273995096,0.537467574811142,-0.0662008129753539,0.261816020399303,0.00315060978570452,0.000818555951881903,-0.00247763718961041
-0.586723311784079,0.487033672868438,-0.0643564798309997,0.245075161178281,0.00349577964413778,9.30985886910027e-05,-0.00170375332458691
-0.523630459120929,0.434357381458162,-0.062630334418595,0.228243498545649,0.00377113531205165,-0.000613297105796175,-0.000905574904986237
-0.461017217801474,0.379795767946536,-0.0610200276472767,0.211484110745253,0.00397331639521883,-0.00131651485734834,-9.86071821592405e-05
-0.399083504278048,0.323688539242539,-0.0595221849184566,0.194932895364572,0.00410118349831736,-0.00203236292493889,0.000702686570961438
-0.337969279859283,0.266356462715717,-0.0581334030030634,0.178709709801549,0.00415566521035243,-0.00277564315894268,0.00148467185618348
-0.27777143253854,0.208104354390968,-0.0568508065524165,0.162928458651588,0.00413961785324965,-0.003559312582805,0.0022342780001901
-0.218560298982502,0.14922743203868,-0.055672204513801,0.147704446657716,0.00405772423288181,-0.004393679688423,0.00293874952097588
-0.160394704583792,0.090019810486472,-0.0545959411823513,0.133157954073665,0.00391643059266833,-0.00528561009741444,0.00358547442554039
-0.103333835715697,0.0307830444112783,-0.0536204364272644,0.119413127488828,0.00372388107000813,-0.00623776031620639,0.00416193645286712
-0.0474450967008585,-0.0281671151573975,-0.0527435635666296,0.106592251697917,0.00348979487714025,-0.00724791989974235,0.00465582666453039
0.00719311070892255,-0.0864981271176066,-0.0519619647969452,0.0948059497892602,0.00322521681895049,-0.00830858824117128,0.00505532811925008
0.0604939854233731,-0.14386413508479,-0.0512704616262693,0.0841408305639697,0.00294208912105302,-0.00940693893916726,0.00534956194572038
0.112369713186088,-0.199916418001939,-0.05066171562739,0.0746469421894141,0.00265263490123489,-0.0105253080166105,0.00552915243379809
0.162742046916988,-0.254320177155848,-0.0501262879508126,0.0663279668361431,0.00236860971431623,-0.0116422799193952,0.00558684318738992
0.211553750738924,-0.306775219822624,-0.0496531241606162,0.0591368635493009,0.00210054149588882,-0.0127343279944947,0.00551807488295626
0.258778190065364,-0.357036529279067,-0.0492303660134824,0.0529786878071231,0.00185712032857148,-0.0137778294539964,0.00532143302295116
0.304424660962186,-0.404930175603517,-0.0488462959705736,0.0477206873830985,0.00164489136299826,-0.0147511642163131,0.00499889640421212
0.348538021518585,-0.4503608636115,-0.0484901816498527,0.0432079351835067,0.00146833758151628,-0.0156365644056239,0.0045558586721415
0.391192440262464,-0.493309351459894,-0.0481528217300012,0.0392813207197575,0.0013303311163468,-0.016421425839114,0.0040009436255049
0.432480601248714,-0.533820871402033,-0.0478267534917252,0.0357942168661602,0.00123282181845311,-0.0170989309565927,0.00334568106964099
0.472500060377262,-0.571987206102722,-0.0475061348074834,0.0326244726037177,0.00117755291043038,-0.0176679649763101,0.00260412194299113
0.511339019280791,-0.607926659452439,-0.047186481657613,0.0296795951324897,0.00116657897269205,-0.0181324591827628,0.00179247366215673
0.549062723757838,-0.641765048162949,-0.0468643896273985,0.0268943354632077,0.00120240104236797,-0.0185003362139892,0.000928804189594393
0.585701154850195,-0.673619771555066,-0.0465373694788606,0.0242212845929377,0.0012876181190535,-0.0187822408239023,3.28330959950883e-05
0.621238841266734,-0.703588207440386,-0.046203915226705,0.0216162463433878,0.00142409827230045,-0.0189902138722315,-0.000874206258674416
0.655606840834061,-0.731739445753503,-0.0458637591210098,0.0190209976947123,0.00161177677531099,-0.0191363724728607,-0.00176968809676232
0.68867848159893,-0.758108982511796,-0.0455182828672394,0.0163468716240839,0.00184729301943987,-0.0192316461129815,-0.00262978084338514
0.720270654756432,-0.782695480710612,-0.0451709374467812,0.0134631408779021,0.00212276734506372,-0.0192845883967117,-0.00342980571574434
0.750152971402045,-0.805459535161841,-0.0448274958860257,0.0101942970549725,0.00242507977771514,-0.0193003265301039,-0.00414487745398336
0.778066635148351,-0.826325360987743,-0.0444959688075914,0.00632943872372502,0.00273600615286953,-0.0192797890741851,-0.00475090798418661
0.803752238715958,-0.845186138033491,-0.0441860320796718,0.00164458335299799,0.00303344333365635,-0.0192194016656623,-0.00522597342705713
0.826983168351014,-0.86191409324082,-0.0439079741654717,-0.00406501379784576,0.00329369655105899,-0.0191114833765854,-0.00555191958999679
0.847597175312542,-0.876374275662903,-0.0436713081219932,-0.0109496911283863,0.00349444363685885,-0.0189454281902264,-0.00571594466797363
0.865517889745229,-0.888439778771883,-0.0434833743685309,-0.0190769843263054,0.00361768360072997,-0.0187095667515179,-0.00571181732188752
0.880759934890164,-0.898004986545024,-0.0433483247564147,-0.0284187105792623,0.00365188566176576,-0.0183933417078955,-0.00554042846266019
0.893416150973869,-0.904993470149807,-0.0432667775755612,-0.0388575613999143,0.00359277931374553,-0.0179892730000878,-0.00520953997103951
0.903631464395051,-0.909358962087129,-0.0432362222686371,-0.0502107780160065,0.00344268868467878,-0.017494234115712,-0.00473282033498287
0.911571448096291,-0.911079774883704,-0.0432520019170835,-0.0622633111470563,0.00320878566210276,-0.0169097966422833,-0.00412843614392979
0.91739455917207,-0.910149046634936,-0.0433085586447801,-0.0748011533433093,0.00290091644185553,-0.0162416788368137,-0.00341753105217134
0.921233942439262,-0.906563569491246,-0.0434006195472053,-0.0876372942004668,0.00252963628133602,-0.0154985986789262,-0.00262286701274308
0.923191295475865,-0.900313842223879,-0.0435241119938886,-0.100626415888835,0.00210487557158954,-0.0146909024599456,-0.00176778284508034
0.923341778003125,-0.891377132152331,-0.0436767375537911,-0.113668070162472,0.00163537771514158,-0.0138292996822656,-0.000875503660856759
0.921747066880377,-0.879714872416701,-0.0438582550164547,-0.12670054377969,0.00112882184062982,-0.0129239118336998,3.12500712878573e-05
0.918472495992025,-0.865275076992504,-0.0440705581541091,-0.139688656335287,0.000592412180896944,-0.0119836989244119,0.000930448724192325
0.913604239139768,-0.848000367848741,-0.0443176255328476,-0.152608797847724,3.36742052051556e-05,-0.0110162215150444,0.00180083934998684
0.907262643094781,-0.827841713464937,-0.0446053582313772,-0.165434066507927,-0.000538788699881269,-0.0100276328434312,0.00262202629549431
0.899608219630499,-0.804777046882531,-0.0449412490342166,-0.178121790737013,-0.00111478158547574,-0.00902277977954176,0.00337462097685359
0.890838033780408,-0.778832898373678,-0.0453337979469613,-0.190605230803754,-0.00168239283101126,-0.00800531810302605,0.00404050792026662
0.88117144093145,-0.750105330600402,-0.0457915824349028,-0.202790651733386,-0.00222833146465586,-0.0069777890237837,0.00460324089231241
0.870826503641476,-0.718775461252901,-0.0463219751985951,-0.214560290154376,-0.00273871381153823,-0.00594165892192349,0.00504854712180884
0.859991008781253,-0.685114831489006,-0.0469296370953254,-0.225780855107474,-0.0032001913117787,-0.00489736652960413,0.00536488490947519
0.848793956653665,-0.649477246520447,-0.047615048874765,-0.236316134722336,-0.00360122531024513,-0.00384443660242644,0.00554397599697723
0.837284048934307,-0.612276604237525,-0.0483734302755751,-0.246041289862851,-0.00393326327039066,-0.00278170361443682,0.00558122574035939
0.825420752291697,-0.573954021464986,-0.0491943888492845,-0.254855909914467,-0.00419157822188589,-0.00170765105042859,0.0054759566586776
0.81308049844217,-0.53494049675199,-0.050062498088358,-0.262693034921626,-0.00437560344837535,-0.00062082468129639,0.00523140932753559
0.800076783299357,-0.49562259136975,-0.0509587836598872,-0.269522276891935,-0.0044887112900392,0.000479753074937558,0.0048545047261401
0.786189616877684,-0.456317646505419,-0.0518628746513814,-0.275346686730965,-0.00453751377868078,0.00159424220105865,0.00435540514452132
0.771197863160506,-0.417262192844261,-0.0527554210317942,-0.280194589358083,-0.00453086354875545,0.00272176429597283,0.00374694497964872
0.754907935537007,-0.378613616263432,-0.0536203299152633,-0.284108720890683,-0.00447877878071952,0.00386030434911137,0.0030440196772252
0.737174080021526,-0.340462270085047,-0.0544464441200157,-0.287135430842676,-0.00439150281865542,0.00500669690892586,0.00226301917491579
0.717907845289018,-0.302849602887114,-0.0552284053631097,-0.289316314115247,-0.00427885007562037,0.00615663970952715,0.00142137122388338
0.697076775908025,-0.265787838757271,-0.0559665778903049,-0.290683779981862,-0.00414991157883176,0.00730468777084859,0.00053722921293608
0.67469403741909,-0.229277718924888,-0.0566660027128583,-0.291261007696806,-0.00401311653389428,0.00844421465731292,-0.000370694546057232
0.650801616279799,-0.193322242924091,-0.0573344149349957,-0.291065817806696,-0.00387658378448103,0.00956737247875534,-0.00128317844604173
0.625450005734611,-0.157935627094448,-0.0579794043943168,-0.290117286806016,-0.00374864992729344,0.0106651221488377,-0.00218047507880472
0.598677507036943,-0.123147639365935,-0.0586048994834491,-0.288443572217986,-0.00363842722107085,0.0117274292177712,-0.0030422951921941
0.570492082681692,-0.0890038109583645,-0.0592072938132778,-0.286089083219051,-0.00355621762566444,0.0127437106784636,-0.0038478686359647
0.54085903993088,-0.0555622234256458,-0.0597717972573506,-0.283119180081042,-0.00351359991419415,0.0137035781207267,-0.00457616247267425
0.50969786815063,-0.0228875688702844,-0.0602698831647937,-0.279620811264508,-0.00352302539403021,0.0145978486135938,-0.00520633219979532
0.476890531569016,0.00895680362882322,-0.0606588579417199,-0.275697811561398,-0.00359682241559543,0.0154196876708026,-0.00571845858443341
0.44230241323579,0.0399177322202541,-0.0608845570642542,-0.271460796531724,-0.00374564572568897,0.016165663376675,-0.00609457922853945
0.405813716955579,0.0699604791099958,-0.0608875950174787,-0.267012704998135,-0.00397659121803698,0.0168364254206079,-0.00631994543118144
0.367355710401584,0.0990744313372813,-0.060612607061887,-0.262432654203681,-0.00429139025163431,0.017436752135696,-0.00638434053207293
0.326943228929832,0.127274428189408,-0.0600186942905838,-0.25776193782849,-0.00468520516853898,0.0179748369844119,-0.00628321407592767
0.284694232499732,0.154596725850516,-0.0590883770059463,-0.25299607955191,-0.00514647939436446,0.0184608889886702,-0.00601836391101091
0.240830197140377,0.181090122739653,-0.0578323899006335,-0.248085546569568,-0.00565802948580919,0.0189053313278814,-0.00559797422850206
0.195656812933369,0.206804297786567,-0.0562887821679873,-0.242945127261382,-0.00619918725481275,0.0193169952044993,-0.00503597843527227
0.149530780310041,0.231778280531948,-0.0545166415971744,-0.237469371047973,-0.00674848027366078,0.0197016857184201,-0.00435090437653971
0.102821851909712,0.25603141852097,-0.0525863279611384,-0.2315494678034,-0.00728621158578563,0.0200613212743528,-0.00356447674797875
0.0558793747196004,0.2795579687781,-0.0505688572555339,-0.225087076375116,-0.00779641316920739,0.0203936656707511,-0.00270026986666423
0.00900926114109661,0.302324878285507,-0.0485267058631599,-0.218001912745805,-0.00826789967528295,0.0206925200449057,-0.00178261781080732
-0.0375367987178478,0.324271547261351,-0.0465073569685172,-0.21023214480441,-0.00869442091380336,0.020948208745958,-0.000835866461955886
-0.0835615089138394,0.345310395415288,-0.044539892771921,-0.20172858297114,-0.00907410126352536,0.0211482363404974,0.000116060588804336
-0.128914901455532,0.365327812470163,-0.0426342884091629,-0.192445017449079,-0.00940844098413644,0.0212780781739875,0.00104988099498724
-0.17348361601707,0.384185893435055,-0.0407828378394962,-0.182327605007838,-0.00970115552511228,0.0213221279368943,0.00194308501324986
-0.217179511289232,0.401726704488092,-0.0389633240596182,-0.171306665380128,-0.00995710504570457,0.0212648872446995,0.00277410345280384
-0.259929189689879,0.417779557339431,-0.0371435366741943,-0.159293051945672,-0.0101814685118062,0.0210923575141615,0.00352261052688402
-0.301665586508784,0.432173270093272,-0.0352870561253861,-0.146181628318214,-0.0103792979568247,0.0207936300819896,0.00417001862519857
-0.342321739966465,0.44475247349272,-0.0333598322433961,-0.131862070719275,-0.010555458025994,0.0203624496031467,0.00470016233798302
-0.381826945021278,0.45539636834426,-0.031336854905344,-0.116235830131078,-0.0107148888200049,0.0197984862145487,0.00510010211815095
-0.420105334358246,0.464036300390229,-0.02920776289262,-0.0992358420054746,-0.0108630255476233,0.0191079809345432,0.0053609131515207
-0.457075930885973,0.470666710778109,-0.0269800503341773,-0.0808438332348819,-0.0110061394579328,0.0183034617995056,0.0054782734210614
-0.492654738895194,0.475347141594618,-0.0246790318744763,-0.0611008446845043,-0.0111514381571711,0.0174025238613027,0.00545270480655547
-0.526757454416636,0.478192933768835,-0.0223443024980029,-0.0401076193863634,-0.0113067994001037,0.0164258037720059,0.00528937066579557
-0.559303056697287,0.479357482226528,-0.0200235014918243,-0.0180150392725396,-0.0114801913425396,0.0153945811641749,0.00499746661994948
-0.590217521249547,0.479010042938501,-0.0177647881006476,0.00499264036808194,-0.011678910207265,0.0143284596783166,0.00458932657164497
-0.619437095379939,0.477314076546783,-0.0156096458133452,0.0287172074391735,-0.0119088167726975,0.0132435194787281,0.00407941956892756
-0.646911375604514,0.474410762989639,-0.0135873386961526,0.0529639589231666,-0.0121737431800631,0.0121511795116085,0.00348341157733143
-0.672605603161366,0.470409510201041,-0.0117116953690262,0.0775540031914441,-0.0124751539215257,0.0110577875764511,0.00281740600676855
-0.696502405092083,0.465385924072578,-0.00998031497475161,0.102329977752886,-0.0128120849710649,0.00996483692835674,0.00209742002286924
-0.718602786437992,0.459385930376429,-0.00837585810309068,0.127155407061547,-0.0131813194107598,0.00886963078734081,0.00133909573626304
-0.738926434944762,0.452434379937968,-0.00686893003955681,0.151909002417306,-0.0135777360271988,0.00776622416511415,0.000557612826175079
-0.75751093215147,0.444546238516332,-0.00542208828345981,0.176475665354897,-0.0139947581807373,0.00664650697513942,-0.000232249282304337
-0.774409669387971,0.435739032597856,-0.00399462794940766,0.200736098505752,-0.0144248495114998,0.00550135030349405,-0.00101595515464602
-0.789687982786425,0.42604539702646,-0.00254790387521647,0.224556932562005,-0.0148600179353663,0.00432177735973819,-0.00177902005298835
-0.803417066440252,0.415524743461621,-0.00105091037183358,0.24778307453566,-0.0152923041750207,0.0031001394444705,-0.00250683427677773
-0.815665448908588,0.404272949346905,0.000514245612532458,0.270234089994347,-0.0157142402204568,0.00183127380242478,-0.00318455977153594
-0.826488324105504,0.392428734523517,0.00214760617368504,0.291706101644499,-0.0161192626269468,0.000513587040111459,-0.00379714979086128
-0.835915516358295,0.380175066714803,0.0038282151354927,0.311980146724946,-0.0165020558505432,-0.000850039738691777,-0.00432953456941248
-0.843939968796998,0.367734208431743,0.00551353181341859,0.330837010223917,-0.0168587997756429,-0.00225167401675061,-0.00476700061499626
-0.850509091308793,0.355355592910228,0.00714220905734005,0.348077003285817,-0.0171872908713322,-0.00367825875866561,-0.00509576352515413
-0.855521610507584,0.343297157355152,0.00864049531650117,0.363541491009575,-0.0174869202061197,-0.0051121939358345,-0.00530369653216574
-0.858832067917819,0.331802643426523,0.00993164995857593,0.377131662049517,-0.0177585192601019,-0.00653263434672955,-0.0053811349651712
-0.8602636164692,0.321079060018995,0.0109468015104469,0.388819717230133,-0.018004118551248,-0.00791741741935948,-0.00532164197762026
-0.85962784594508,0.311279317386959,0.0116350131211582,0.39864892858177,-0.0182266972580014,-0.00924536698907069,-0.0051226101755181
-0.856748231893511,0.302494197334471,0.0119702972880124,0.406721599988805,-0.0184300087360457,-0.010498591967677,-0.00478559542070894
-0.851482759627525,0.294755572639799,0.0119540592343197,0.413177262596028,-0.018618546668654,-0.0116643731383169,-0.00431633476835481
-0.843741137119335,0.288049633615095,0.0116126996710398,0.418165974973098,-0.0187976569384126,-0.0127363221334009,-0.00372446982010918
-0.833493714221824,0.282336356120147,0.0109913986906674,0.421822844525556,-0.0189737377748273,-0.0137146789444737,-0.00302306141437303
-0.820771141389038,0.277570084410968,0.0101459416910435,0.424249128593452,-0.0191544059875731,-0.0146058067954759,-0.00222801424873836
-0.805655875457274,0.273716406839689,0.00913461566993004,0.425503352851705,-0.0193484737713517,-0.0154210806923611,-0.00135752784500072
-0.788268127875222,0.270761945135247,0.00801178383033779,0.425603617484606,-0.0195655834901982,-0.0161754113014006,-0.000431658651521934
-0.768749337220106,0.268715416730596,0.00682401863231758,0.424540246821222,-0.0198153805530594,-0.0168856024714193,0.000527969621407341
-0.747246147396826,0.267599832804192,0.00560893835437557,0.422296533814528,-0.0201061693112806,-0.0175686500166427,0.00149831932708169
-0.723897668401671,0.26743681400035,0.00439632976742254,0.418874432166901,-0.0204431006921218,-0.0182400036889398,0.00245501136502373
-0.698828111480873,0.268224731401549,0.00321077980684319,0.414320958353942,-0.0208260747688778,-0.0189117643389614,0.00337241065723208
-0.672146704435146,0.269913474781343,0.00207484356428252,0.408750117615992,-0.0212477307031462,-0.019590825559857,0.00422385196716568
-0.643955649437969,0.272380012388044,0.00101168995918633,0.40235399790699,-0.0216920784927253,-0.02027708188091,0.00498215805053489
-0.614365510265051,0.275410746599303,4.6230718453933e-05,0.395396759909459,-0.0221344438698992,-0.0209620177899845,0.00562059996157652
-0.583514839311715,0.278697677706428,-0.000795944991284522,0.38818734107358,-0.0225432892768218,-0.0216281678368459,0.00611438602701867
-0.551588656284736,0.281854313942759,-0.00149184676284049,0.381032202569855,-0.0228840517446184,-0.0222499901327915,0.00644261669720292
-0.518829127682599,0.284452573891028,-0.00202568692046251,0.374177146446472,-0.0231244132911635,-0.0227964650234168,0.00659042009927735
-0.485533156047261,0.286074471745087,-0.00239317363475743,0.367754107013284,-0.0232396846226811,-0.0232352014759013,0.0065507810377585
-0.452035612882216,0.286365519235969,-0.00260374625607166,0.361750286473539,-0.0232166851280005,-0.0235371985252631,0.00632553473938769
-0.418681821874466,0.285074760135602,-0.00267976086586939,0.356010382311105,-0.0230549337361109,-0.023681019771116,0.00592519671555807
-0.385796486658287,0.282071261394482,-0.00265289830481177,0.350270640690697,-0.0227649901917138,-0.0236552877982922,0.00536767483506156
-0.353656716665857,0.277336143955234,-0.00255911116032893,0.344212425841657,-0.0223648402223539,-0.0234590379698254,0.00467625933827128
-0.322474158857531,0.270937537850589,-0.0024337023874836,0.337518401678566,-0.0218757344109152,-0.0231002157071984,0.00387743029943634
-0.292387576477443,0.262999514332432,-0.00230765105896565,0.329917448760018,-0.021318730756273,-0.0225930907659554,0.00299893453855144
-0.263464164198441,0.253674547779398,-0.00220551228984603,0.321211473291601,-0.0207126039953546,-0.0219554345839313,0.00206836694294087
-0.235706671563259,0.243124870901186,-0.0021445902759656,0.311284243033702,-0.0200731770008084,-0.0212060860651508,0.00111228058979539
-0.209063452143798,0.231513504618349,-0.00213483351133082,0.300096391550922,-0.0194137222527181,-0.0203631923762164,0.000155714847221204
-0.183439695959211,0.219002793987019,-0.00217899553050524,0.287672093971467,-0.0187459515802012,-0.0194431481811774,-0.000778016248812737
-0.158709015970368,0.205756748348106,-0.0022728745083787,0.274081985288237,-0.0180811363836499,-0.0184600844162125,-0.00166742603707139
-0.134725433743184,0.191943620949731,-0.00240572484982525,0.259425603342852,-0.0174310253315395,-0.0174257193057626,-0.00249296038514039
-0.11133594138551,0.1777359668609,-0.00256109880652139,0.243815209794313,-0.0168083484940588,-0.0163494025608823,-0.00323717224345018
-0.0883935363016726,0.163306764965178,-0.00271836973457894,0.227362004932805,-0.0162268152699827,-0.0152382456504136,-0.00388498258913484
-0.0657700262957964,0.148821701508568,-0.00285501486998671,0.210165440980613,-0.0157006221690951,-0.0140973005270079,-0.0044240001424095
-0.043367197907811,0.134428963116096,-0.00294945912542812,0.192306167329618,-0.0152435749196036,-0.012929791917577,-0.00484483791539262
-0.0211246041705913,0.120248736624451,-0.00298401565221675,0.173843021002679,-0.0148680015316234,-0.0117374248850972,-0.00514134918488457
0.000977499140039476,0.106364885845722,-0.00294732351041525,0.15481426398716,-0.0145836787860117,-0.0105207841316786,-0.00531071729415836
0.0229207810361379,0.0928206108060634,-0.00283574244593091,0.135242489642831,-0.014396969122905,-0.00927979581085682,-0.00535336045719939
0.0446564867502562,0.0796191015831874,-0.00265341378256876,0.115142280743845,-0.0143103302092886,-0.00801421150458433,-0.00527266083744699
0.0661165660821136,0.0667288479153872,-0.00241102538665326,0.0945289649628571,-0.0143222505209293,-0.00672403950340978,-0.00507455712276376
0.0872261210284015,0.0540925187549254,-0.00212362133723045,0.0734270097356021,-0.0144275984713076,-0.00540987446603991,-0.0047670695509795
0.107915008376506,0.0416375382699644,-0.00180796430169439,0.0518765425425747,-0.0146182660045713,-0.00407307653299753,-0.00435981468772903
0.128127087681435,0.0292866582819692,-0.00147998191706712,0.0299374270380058,-0.0148839873467324,-0.00271580778613479,-0.00386356744862059
0.147826146332463,0.0169668794920675,-0.00115274441304231,0.00769065114938502,-0.0152131840212863,-0.00134095074253835,-0.00328990097161785
0.166998325852228,0.00461557988882519,-0.000835237388421891,-0.0147626137385843,-0.0155936985768884,4.80480013253947e-05,-0.00265091191094012
0.185650804864149,-0.0078166920840582,-0.000532045123966285,-0.0373035538208939,-0.0160133000702871,0.00144734373161006,-0.00195902979148013
0.203808536565064,-0.0203665684818979,-0.000243918253981133,-0.0597989514838235,-0.0164600668299,0.00285279112591512,-0.00122694281910168
0.221509175523379,-0.0330613659391317,3.09360323121395e-05,-0.0821051767290026,-0.0169225774102626,0.0042599724771831,-0.000467600993012395
0.238796564701742,-0.0459251702499159,0.0002950723058119,-0.104072870817721,-0.0173899357458172,0.00566415162616277,0.000305724346917568
0.255713020768946,-0.0589866052426792,0.0005498226418988,-0.125552549693441,-0.0178516847147751,0.00706017143977888,0.0010793485849667
0.272290501732533,-0.0722873005141579,0.000793434478646177,-0.14640123198807,-0.0182976470901979,0.00844232918677194,0.00183907786783428
0.288541451584332,-0.0858897593684426,0.00101968589330534,-0.166490518261523,-0.018717802639944,0.00980428872845768,0.00257014060129668
0.304449830679406,-0.0998832387297537,0.00121731970070102,-0.185715852183881,-0.0191022463051828,0.0111390801384658,0.00325718472788202
0.319963762096171,-0.11438618687684,0.00137057929856181,-0.204006333005887,-0.0194413059879578,0.012439235431178,0.00388438062626419
0.334991541504155,-0.129543898818089,0.00146098939609275,-0.221333663659988,-0.019725868858656,0.0136970821736852,0.0044356692570048
0.349402790328581,-0.145520417501122,0.0014702946542713,-0.23771801910961,-0.019947921080255,0.0149051726000119,0.00489518553079575
0.363036729882879,-0.162484718285699,0.00138417162493905,-0.253228603403063,-0.0201012877784129,0.0160568013450855,0.00524787546887819
0.375718055977639,-0.180592320107887,0.00119602326590946,-0.267976801094895,-0.0201824683519703,0.0171465116466891,0.0054802923872018
0.387279393599398,-0.19996500578295,0.000909966448211824,-0.282101351163856,-0.0201914187977916,0.018170481357649,0.00558151900126136
0.397586887544258,-0.220672434948395,0.000542150212101909,-0.295746973767172,-0.0201320779765196,0.01912668013919,0.00554411157956288
0.40656356739192,-0.242719710366516,0.000119875679474192,-0.309040150216702,-0.0200124332922996,0.020014725037957,0.005364921848947
0.414204847381236,-0.266044045051037,-0.000321415010585226,-0.322067472278024,-0.019843996090898,0.0208354350226274,0.00504564727591255
0.420581802509288,-0.290521189336824,-0.000742549239652605,-0.334861752855061,-0.0196406668078732,0.0215901438764379,0.00459299565120304
0.425831410998753,-0.315979335123684,-0.00110525294517876,-0.34739936468987,-0.0194171374692188,0.02227989536213,0.00401843547403802
0.430136651479453,-0.342215539181443,-0.00137581379825903,-0.359609051561227,-0.0191871108054746,0.0229046571970001,0.00333759778701398
0.433702027269995,-0.369008674147696,-0.00152706416134615,-0.371389282421309,-0.0189616919821099,0.0234626714838706,0.00256946547303821
0.436730633264268,-0.396124112667876,-0.0015387096253341,-0.382629202457192,-0.0187483048466484,0.0239500226323272,0.00173550532317808
0.439407324082142,-0.423308544732008,-0.00139671067593669,-0.393227884560494,-0.0185503983530522,0.0243604698741692,0.000858866857322991
0.44188982131951,-0.450277462864437,-0.00109276089148008,-0.403107622092907,-0.018368045494331,0.0246855678691598,-3.62878384352326e-05
0.444307085527769,-0.476701492737754,-0.000624771235111714,-0.412218915866351,-0.0181993145941451,0.0249150907622581,-0.000925321494137871
0.446762959519094,-0.502199560400082,1.27279000078427e-06,-0.420536844495362,-0.0180420495792812,0.0250377669772612,-0.0017835670684568
0.449342769530075,-0.52634546213706,0.000768447543521697,-0.428050301390015,-0.017895500208732,0.0250423150087421,-0.00258675694627542
0.452121235962581,-0.548690812659046,0.0016460566076148,-0.43474675505762,-0.0177612135319958,0.0249187357786325,-0.00331152151854278
0.455170123934692,-0.568801865051895,0.00258822004418799,-0.440595880700397,-0.0176427831610654,0.0246597547447775,-0.0039360442467702
0.458564191938129,-0.586303554100881,0.00353519707882463,-0.445535630621859,-0.0175444416393675,0.0242622265255117,-0.00444092248285837
0.462383394330148,-0.600921364186461,0.00441817412519836,-0.449464083421916,-0.0174689173470462,0.0237282264016261,-0.00481021383004177
0.466709696568437,-0.612511716636151,0.00516725217971242,-0.452239774101412,-0.0174152995215081,0.0230655189191035,-0.00503254313696179
0.471618184957774,-0.621073690573386,0.00572118772061593,-0.453691650808002,-0.0173777012806439,0.0222871554364103,-0.0051020502600952
0.477164411457316,-0.626739073287576,0.0060365193745515,-0.453637586250757,-0.0173452537834648,0.0214101473674453,-0.00501892945221981
0.483371668048158,-0.629742813809382,0.00609354048614278,-0.451907803371767,-0.0173034906460876,0.0204534226226061,-0.00478938123302137
0.490222174768612,-0.630380698624413,0.00589738694328935,-0.448367904070976,-0.0172366999525617,0.019435494394271,-0.004424950135483
0.497654753431408,-0.628963810378338,0.0054740262430313,-0.442936334908698,-0.0171305396452016,0.0183723457530816,-0.00394138836080143
0.505569076952438,-0.62577885912386,0.00486248151875663,-0.435592944734175,-0.016974220722872,0.0172759246966558,-0.00335728865474591
0.513834572712908,-0.621060614356826,0.00410555038076593,-0.426378169104675,-0.0167618142260177,0.0161534331474157,-0.00269273897473918
0.522301086106843,-0.614978570263913,0.00324131865448798,-0.415384816502998,-0.0164925690549562,0.0150073750960946,-0.00196818393285103
0.530808751774505,-0.607636537669886,0.00229711888414798,-0.40274578349864,-0.0161704006617883,0.0138361917738563,-0.00120358319009181
0.539195458014439,-0.599081708516405,0.00128666104820023,-0.388620948935714,-0.0158028475800812,0.0126352665587651,-0.000417873965253694
0.547301476898745,-0.589319262960498,0.000210247006421752,-0.373185620981534,-0.0153998087880191,0.0113981122093683,0.000371306625740733
0.554971654495571,-0.578329038983921,-0.000942542968547227,-0.356621628731288,-0.014972309774803,0.0101176088939858,0.00114770658033854
0.562055992955221,-0.566081708614869,-0.00218852507615535,-0.339111038855063,-0.0145314536960728,0.00878721427951654,0.00189642142990299
0.56840965926707,-0.552552952833917,-0.00354579599890198,-0.320831847448161,-0.0140876336292097,0.00740210072213321,0.00260379675011303
0.573893181887181,-0.537734676375523,-0.00502859183354547,-0.301954643387492,-0.0136500179891135,0.00596017826418998,0.00325732185261652
0.578373476946761,-0.521642888125368,-0.00664278493022956,-0.282639454782194,-0.0132262897265958,0.00446295326748956,0.00384555293689232
0.581725946361233,-0.504322011716657,-0.00838258445626761,-0.263032291053048,-0.0128226000778599,0.00291615075989952,0.00435809111494263
0.583837414444007,-0.48584540744877,-0.0102288961134223,-0.243261289372427,-0.0124436865481622,0.00133001247295323,0.00478562704727042
0.584609679251641,-0.466312362867413,-0.0121496421881416,-0.223432992456489,-0.0120931076063761,-0.000280812123601944,0.00512005333999169
0.583962794488507,-0.445841699886928,-0.0141021042495538,-0.203629386687462,-0.0117735320779363,-0.00189784106286686,0.00535463165692391
0.581837458399311,-0.424562778401865,-0.0160370679325137,-0.183906645599543,-0.011487025610962,-0.00349980342158442,0.00548419356336937
0.578195848504253,-0.402605173219599,-0.0179041756723343,-0.164296299821678,-0.0112352761193285,-0.00506407854245835,0.00550534547444353
0.573020308449383,-0.380088173685622,-0.0196576848704242,-0.144809162651577,-0.0110197032339584,-0.00656838236400453,0.00541664342735058
0.566310075576995,-0.357111843431754,-0.0212616725770833,-0.125441914957773,-0.0108414253979783,-0.00799249259112198,0.00521870867216869
0.558076265819906,-0.333750720803811,-0.0226938359741709,-0.106185553536575,-0.0107010767801261,-0.00931978435357236,0.00491426037295617
0.54833600554141,-0.310050947037837,-0.0239473465973158,-0.087034559622344,-0.0105985035393758,-0.0105383786404386,0.00450805875683237
0.537106672954973,-0.286030820048376,-0.0250306458310618,-0.0679953946942594,-0.0105323939909609,-0.0116417780537624,0.00400676772034097
0.52440115785193,-0.261684103352304,-0.0259655003782383,-0.0490930115375965,-0.0104999138167315,-0.0126289586829149,0.00341876092722442
0.510225267517593,-0.236985231044809,-0.0267839626483105,-0.0303744532482482,-0.0104964290990898,-0.0135039860472084,0.00275390894197191
0.494577578999096,-0.211895125817188,-0.027524965969802,-0.0119089322616103,-0.010515380773166,-0.0142752777995128,0.00202338250526579
0.477452091326652,-0.186366786145498,-0.0282311959369515,0.0062157436334185,-0.0105483634671936,-0.0149546645312255,0.00123950499498687
0.458843705525006,-0.160350198774115,-0.0289466207939695,0.0239002550974314,-0.0105854400785268,-0.0155563829615555,0.000415675134095439
0.438756349874689,-0.133796657776322,-0.029714743309343,0.041044041276218,-0.0106157043981806,-0.0160960922071679,-0.000433634230114214
0.417212634716164,-0.10666277729215,-0.0305772967730393,0.057558254045896,-0.0106280705141207,-0.0165899249952015,-0.001292813791219
0.39426491511621,-0.0789152981632618,-0.0315729929093121,0.0733805885520247,-0.0106122767645225,-0.0170535799777925,-0.00214501761897214
0.370004989655556,-0.0505370294236133,-0.032735729308979,0.0884906443351975,-0.0105600144287496,-0.0175013481179317,-0.00297207334112181
0.344571658174526,-0.0215347522698785,-0.0340919880310473,0.102923758855149,-0.0104661120755015,-0.0179450722754851,-0.00375446970504141
0.31815146885715,0.00805173230920667,-0.0356572234818589,0.116779980268673,-0.0103295696363916,-0.018392943257331,-0.00447150186512414
0.290972136063886,0.0381402872068331,-0.0374318509666414,0.130224750065488,-0.0101542928639553,-0.0188483009927972,-0.00510168423257686
0.263284956064116,0.0685997264752149,-0.0393976718367327,0.143477353005788,-0.00994924487680683,-0.0193085611493758,-0.00562351419761693
0.235337664397175,0.0992487822530489,-0.0415162159775119,0.156785520825904,-0.00972784757686078,-0.019764632838259,-0.00601664045423572
0.207340852314511,0.129863669287078,-0.0437302998872956,0.170387754111451,-0.00950654838891651,-0.0202011482726026,-0.0062633719020716
0.179435796923947,0.160195296513132,-0.0459695692829314,0.184470136582855,-0.0093027327059817,-0.0205977854823955,-0.00635033655995515
0.151672666913347,0.189993972124059,-0.0481594575652963,0.199128138845993,-0.00913239271859534,-0.0209316480524812,-0.00626996285408484
0.124006953359012,0.219036188656878,-0.0502316544175761,0.214344807385798,-0.00900813732738606,-0.0211803333897302,-0.00602143108036867
0.0963161753597818,0.247146571359932,-0.0521333246426083,0.229992324721297,-0.00893804630951378,-0.021325012846809,-0.00561085275659022
0.0684323381758911,0.274208742091655,-0.0538325334184295,0.24585637931489,-0.00892559324364189,-0.0213527910313782,-0.00505065060275569
0.0401803865859955,0.300162916771321,-0.0553186977364085,0.261675259821098,-0.00897046897736099,-0.0212578667394587,-0.0043583577555095
0.0114119416552836,0.324991835885855,-0.0565984618139242,0.277181665540304,-0.0090698416259729,-0.0210413918862001,-0.00355517452279294
-0.0179733895908227,0.348699823061553,-0.057688672498395,0.292136415319875,-0.00921951581214035,-0.0207103074186741,-0.0026646153815069
-0.0480221455116711,0.37129050637588,-0.0586085232791096,0.306347543572419,-0.00941457865403666,-0.0202756157146724,-0.00171145979909834
-0.0787352935946023,0.392748058934433,-0.0593726824522885,0.319673570965614,-0.0096493607624671,-0.0197505548854479,-0.000721076700609117
-0.110086754843981,0.413025085855503,-0.0599865791950194,0.332013550539349,-0.00991677235533376,-0.019148992258928,0.000280930035357033
-0.142047091376999,0.432038729914346,-0.0604444109393196,0.343288597871653,-0.0102072533375707,-0.0184841789105201,0.00126887891766477
-0.174607053326676,0.449675650312101,-0.0607300128390576,0.353420516218246,-0.0105076934876759,-0.0177678773699113,0.0022171229429526
-0.207795780213646,0.465805329419122,-0.0608203413602277,0.362312825471768,-0.0108007227986032,-0.0170097843351584,0.00310026765827716
-0.241689004664476,0.480300342452277,-0.0606910197800367,0.369839172705472,-0.0110647625162201,-0.0162171778398846,0.00389361875011593
-0.27640382503292,0.493060508752638,-0.0603229511398396,0.375842763419529,-0.0112751139986577,-0.0153947509460155,0.00457392928041716
-0.31207915101729,0.504036349928195,-0.0597086288329653,0.38014851225918,-0.0114061443296072,-0.0145446613918964,0.0051204355671798
-0.348844523035454,0.513246047791729,-0.0588565719324098,0.382586408916124,-0.0114343056065852,-0.0136668549973695,0.00551607038535314
-0.386783876753126,0.520780575101896,-0.0577925818323858,0.383021077169578,-0.0113413979790093,-0.0127596971564837,0.00574865116592918
-0.42590342649672,0.52679445760845,-0.0565573334419293,0.381379981135115,-0.0111172981639666,-0.0118208663518751,0.00581179995758723
-0.466112337095536,0.531483620528465,-0.0552008889922044,0.377672195996382,-0.0107614364391278,-0.0108483479313965,0.00570538393683843
-0.507221442422308,0.535056164426497,-0.0537756971484254,0.371992377610087,-0.0102826484113296,-0.00984130531721745,0.00543537549260139
-0.548959735343276,0.537703867680859,-0.0523299715351702,0.36450903277259,-0.00969750326109296,-0.00880062072237867,0.00501317111284444
-0.591003284017235,0.539581273224049,-0.0509029699475733,0.355440900657037,-0.0090276252625754,-0.00772900365463745,0.00445452873503192
-0.633008619719491,0.540795977343418,-0.0495228656069046,0.345028281751794,-0.00829672095989375,-0.00663071033338502,0.00377834374473568
-0.674642813392634,0.541409618165673,-0.048207020578941,0.333506415217357,-0.00752796314499274,-0.00551102874600239,0.00300547307190617
-0.715605030324179,0.541446224260104,-0.0469639283137655,0.321086254001946,-0.00674215740743199,-0.00437572888087749,0.00215775964139661
-0.755637510039234,0.540903482389016,-0.045795946603718,0.307945118263711,-0.00595684536319699,-0.00323064452090961,0.00125733223165637
-0.794526642783645,0.539763211115703,-0.04470211070605,0.294227068023148,-0.00518628077682801,-0.00208147342551809,0.00032618626707388
-0.832096239450864,0.537998900576537,-0.0436805896497314,0.280050943193743,-0.00444208277523967,-0.000933789450754054,-0.000613999819668499
-0.868195789187353,0.535580143326023,-0.0427306075885709,0.265523207215035,-0.00373431589354649,0.000206814636361228,-0.00154188723064748
-0.902685852122696,0.532474775503632,-0.04185375909787,0.250752295065746,-0.00307272820125597,0.00133458127005861,-0.00243642783548616
-0.935422851210091,0.52865043648958,-0.0410547056231463,0.235861466977813,-0.00246788164609258,0.00244357003898338,-0.00327683530487546
-0.966244983184216,0.524076785802337,-0.0403411936791597,0.220997308319132,-0.00193191194017659,0.00352786594285489,-0.00404266346219233
-0.994961280434785,0.518728962242926,-0.0397233341632617,0.206331590494142,-0.0014786821466288,0.00458204207214846,-0.00471406443858338
-1.02134628879109,0.512591918602913,-0.0392121444408104,0.192055137111761,-0.0011231644376699,0.00560180985547857,-0.00527227291703552
-1.04514258048858,0.505664208704762,-0.0388174983527462,0.178363691880068,-0.000880024966937042,0.00658470710986779,-0.00570032173596104
-1.06607290758797,0.497959623852675,-0.0385458326617556,0.165437810779795,-0.000761579872118495,0.00753058203453664,-0.00598393455369701
-1.08386160268238,0.48950517972015,-0.0383981520198501,0.153420642010659,-0.000775527122132725,0.00844168375905044,-0.0061124866405932
-1.09826248421744,0.480335286238308,-0.0383689088141527,0.142398829799486,-0.000923005885874234,0.00932222635983754,-0.00607987479198255
-1.10908770422942,0.470483228535244,-0.0384461648170332,0.132391595182943,-0.00119754517271577,0.0101774637991342,-0.00588512805920106
-1.11623084613876,0.459972315332253,-0.0386130833153922,0.123351230092211,-0.00158526781275019,0.0110124712701496,-0.00553262936211623
-1.11967851107351,0.448809318384538,-0.0388503780151176,0.11517512488453,-0.00206636814711333,0.0118309233873146,-0.00503189900109686
-1.11950763151123,0.436982052623266,-0.0391390492806815,0.107726217374755,-0.00261751368679747,0.0126341294368489,-0.00439699249579686
-1.11587002658571,0.424461849593519,-0.0394626989822056,0.100856521842509,-0.00321457439792297,0.013420503026167,-0.00364564435992798
-1.10896843106485,0.411210229018241,-0.039808904410184,0.0944280269054054,-0.00383505243102962,0.0141854518265123,-0.00279833171370251
-1.09903011793555,0.397188773603227,-0.040169477077059,0.0883265208992697,-0.00445974281181967,0.0149215903344737,-0.00187741643483981
-1.08628276779106,0.382370911049019,-0.0405397130358415,0.0824660828393848,-0.00507341243483649,0.0156191267309185,-0.000906469940715304
-1.07093535762171,0.3667545912273,-0.0409169349334205,0.0767843256994217,-0.0056645377914836,0.0162663203201678,9.01843306183111e-05
-1.05316438300426,0.350374753993174,-0.0412986823377396,0.0712303261333532,-0.00622432702221345,0.0168499886327231,0.00108774225105558
-1.03310423933186,0.33331405684788,-0.0416808991056117,0.0657484235428076,-0.006745359198792,0.0173561268305043,0.00206108576178901
-1.01084069580927,0.31570972718925,-0.042056461011984,0.0602618325297228,-0.00722022320807654,0.0177707532332569,0.002984958566018
-0.986406720117501,0.297753563131171,-0.0424143582826876,0.0546602941361598,-0.00764053892493003,0.0180810705324388,0.00383427806539583
-0.959781863916891,0.279682261425618,-0.0427398430910787,0.0487958342857921,-0.0079966968204389,0.0182769514177078,0.00458470211199684
-0.930897080767929,0.261756267588952,-0.0430157295891626,0.0424896105785973,-0.00827851913108489,0.0183525989378434,0.00521352776851421
-0.899647380627983,0.244228206112821,-0.0432248178214377,0.0355505964629775,-0.00847681612761756,0.0183080684128626,0.00570091661952136
-0.865913001203184,0.227305756862012,-0.0433530495769513,0.0278034304024097,-0.0085855016285671,0.0181502180391447,0.00603131838573605
-0.829586653943333,0.211117443496245,-0.0433926333372122,0.0191190912866709,-0.00860364897297428,0.0178926756154859,0.00619483430607894
-0.790601692434467,0.195691271943887,-0.0433442266143311,0.00943985375615754,-0.00853677173778761,0.0175546277505895,0.006188191792651
-0.748953316973117,0.180953306680979,-0.0432173990789588,-0.00120925307546853,-0.0083967907251964,0.017158561422455,0.00601503979057007
-0.704707673650581,0.166747580279138,-0.0430292099605771,-0.0127260711584916,-0.00820059963067399,0.0167274522377428,0.00568545603656231
-0.657995418430161,0.152871151388295,-0.042801276448897,-0.0249519199911487,-0.00796760667439186,0.0162820086761229,0.00521477216385801
-0.608992469344221,0.139113961695712,-0.0425562324011799,-0.0377003878466059,-0.00771694488087561,0.0158385283878206,0.00462201238124169
-0.557893980971339,0.125292941853762,-0.0423145437725404,-0.0507860151374344,-0.00746504654413318,0.0154076656751444,0.00392829527048643
-0.504887062003831,0.111273026852888,-0.0420922821663665,-0.0640461978523089,-0.00722402724115806,0.0149940885712819,0.00315546600344221
-0.450128815439694,0.0969732294485641,-0.0419001851311627,-0.0773530296334946,-0.00700104074878358,0.0145968603259438,0.0023251128675499
-0.393731909377421,0.0823594973349351,-0.0417438404465803,-0.0906150133863105,-0.00679849095586532,0.01421025912878,0.00145797933681502
-0.335759850603565,0.0674287371289309,-0.0416247856322804,-0.10377089728608,-0.00661488122154469,0.0138248383332894,0.000573716169831866
-0.27622974947197,0.0521881516915189,-0.0415420166670454,-0.116778438118156,-0.0064460103725008,0.0134285226343513,-0.000309137207391659
-0.215123516740315,0.0366343467085317,-0.041493756672681,-0.129601390446822,-0.00628630966617584,0.0130077333847281,-0.00117303308235124
-0.152405194265129,0.0207352031132585,-0.0414791395714384,-0.142197219176482,-0.00613012158258439,0.0125485046336121,-0.00200125759033033
-0.0880429090622479,0.00441711030403962,-0.0414995513342319,-0.154507486441058,-0.00597277523712432,0.0120375915954746,-0.00277781038389077
-0.0220345195419944,-0.0124400918941935,-0.0415595569092868,-0.166452816885119,-0.00581137215050037,0.0114636122443879,-0.00348738367296923
0.0455661651913252,-0.0299989082885854,-0.0416671609165943,-0.177933240247034,-0.00564519404505333,0.0108181543970286,-0.00411548430335375
0.114625768686523,-0.048449949257316,-0.0418333951570143,-0.188834580798089,-0.00547570939695765,0.0100967847571523,-0.00464872406171987
0.184915027489835,-0.0679886279273826,-0.0420711509274438,-0.199039984671248,-0.00530618046815989,0.00929978917773932,-0.00507526413949284
0.256104162294937,-0.0887859486019973,-0.0423934708611549,-0.208445019658113,-0.00514095996442977,0.00843249180356204,-0.00538536973668722
0.327772945352011,-0.110958671680149,-0.0428115206992189,-0.216973025887466,-0.00498461333389548,0.00750498321286894,-0.00557197878249803
0.399435527356591,-0.134545400079973,-0.0433327003610621,-0.22458729354322,-0.00484106751212475,0.0065312084762041,-0.0056311748958265
0.470576089892995,-0.159494412348601,-0.0439592839102714,-0.231296649275144,-0.00471297923120018,0.00552747987043506,-0.00556245137536441
0.540688533716995,-0.185666533771613,-0.0446879404455222,-0.237152855062331,-0.00460147312023653,0.00451063593914234,-0.00536870327172697
0.609311982167738,-0.212852344434295,-0.0455102190803388,-0.242240113799298,-0.00450629553512533,0.00349614720989237,-0.00505594437859945
0.676055329219089,-0.240799342385656,-0.046413853620032,-0.246659084260746,-0.00442632110571937,0.00249647698428665,-0.00463281442407511
0.74060743169146,-0.269242560063229,-0.0473845553993736,-0.250508981994526,-0.00436026212103593,0.00151992441049467,-0.00410998350072603
0.802733337172124,-0.297932130585274,-0.0484078842143639,-0.253871320929451,-0.00430739363531667,0.000570048717974817,-0.00349956564987662
0.862260038232972,-0.326653122499503,-0.0494708446307389,-0.256797980365922,-0.00426812539320895,-0.000354348629814485,-0.00281463008920835
0.919057007666127,-0.355235672751934,-0.0505630049329768,-0.259305079830887,-0.00424430862806232,-0.00125878797029772,-0.00206886130080602
0.973016729774225,-0.383555878381614,-0.0516770865096451,-0.261372941641869,-0.00423923379636321,-0.00215235497893444,-0.00127638000873963
1.02403897970452,-0.411529375869697,-0.052809071915448,-0.262951504361689,-0.00425733352248817,-0.00304674124858948,-0.000451706749155718
1.07202096980725,-0.439100132818763,-0.0539579386546615,-0.263970136555651,-0.00430364554687344,-0.00395515822921019,0.00039016720480646
1.11685387834734,-0.466226814061206,-0.0551251185682061,-0.264350627668627,-0.00438311047245731,-0.00489115677020338,0.00123364605576051
1.15842463626935,-0.492868393551361,-0.056313712292584,-0.264021929867396,-0.00449978403694945,-0.00586735265595128,0.00206238257509661
1.19662156099554,-0.518970361148214,-0.0575274543592019,-0.26293517380305,-0.00465604917704803,-0.00689405400818529,0.00285917140984235
1.23134155101983,-0.544452419245498,-0.0587693651679131,-0.261077018974465,-0.00485191821356382,-0.00797781202503416,0.00360594094942621
1.26249731125369,-0.569199009631699,-0.0600400945862825,-0.258479185716127,-0.00508453179938783,-0.00911998087358965,0.00428390702675426
1.29002236504957,-0.593053971185829,-0.0613360257538861,-0.255221549611877,-0.00534796782315708,-0.0103154550427975,0.00487394975156642
1.3138727281263,-0.615821183219298,-0.062647419252464,-0.251426611065475,-0.00563346767676271,-0.01155184381471,0.00535726191334664
1.33402461203155,-0.63727272855271,-0.063957058090252,-0.247244257442103,-0.0059301389918013,-0.0128093917026621,0.00571628210837507
1.35046830803514,-0.657164932430026,-0.0652399511015444,-0.242827876624959,-0.00622609554580707,-0.0140619133416674,0.00593586309527369
1.36319951142962,-0.67526067640927,-0.0664645663017067,-0.238305703115543,-0.00650986020369216,-0.0152788464558541,0.006004544371075
1.37221072119094,-0.691354350336147,-0.0675957562841469,-0.233753802072294,-0.00677173296685647,-0.0164282529549426,0.00591572545640814
1.37748534304932,-0.705294137373757,-0.0685990130619409,-0.229177761939265,-0.00700477494531827,-0.0174802881688175,0.00566850698965222
1.37899645229793,-0.716996458686043,-0.0694451919590313,-0.224508314323483,-0.00720513649301994,-0.0184104538084247,0.00526801498707713
1.37671071074408,-0.726449465432893,-0.0701145964525271,-0.219612047757872,-0.00737165693695971,-0.0192019652286721,0.00472514484019722
1.37059591851366,-0.733705469032368,-0.0705994310259356,-0.214313723647061,-0.00750490633883354,-0.0198468084458944,0.00405580841730786
1.36062918114486,-0.738864874146587,-0.0709040555401167,-0.208423515577991,-0.0076060205222731,-0.0203454334441318,0.00327987864166187
1.34680302646977,-0.742055844478598,-0.0710430402908171,-0.201762080206496,-0.00767572996546259,-0.0207053763104255,0.00242006247517822
1.32912692371082,-0.743413278664576,-0.0710374029179362,-0.194178146460823,-0.00771388823710171,-0.0209392720412356,0.00150088815186781
1.30762431342526,-0.743060008153375,-0.070909677017313,-0.185556574372799,-0.00771964179699587,-0.0210627306063967,0.000547909333078465
1.28232547297462,-0.741090999643226,-0.0706784425884201,-0.17581755006446,-0.00769219696586289,-0.0210923945446448,-0.000412867052514769
1.25325907825255,-0.737561218890492,-0.0703530320365618,-0.164909761550311,-0.00763200738289841,-0.0210443408579285,-0.00135539126720485
1.22044487203057,-0.732477151190522,-0.069929141445608,-0.152801066755064,-0.00754211029209958,-0.0209328305517971,-0.00225392623680131
1.18389085406464,-0.725793068032477,-0.0693862572926886,-0.139470188911042,-0.00742930262823077,-0.0207693540526813,-0.00308346715608486
1.14359694769015,-0.717413328471255,-0.0686878221799849,-0.124902043042647,-0.00730484216138687,-0.0205619148496112,-0.00382032964355908
1.09956679764056,-0.707202779538544,-0.0677849112396457,-0.109088135812241,-0.00718441698251377,-0.020314574613918,-0.0044429661678958
1.05182557149364,-0.695005348755925,-0.0666234472112707,-0.0920316615407495,-0.00708723772187792,-0.0200273287089149,-0.00493299036721208
1.00044074820637,-0.680669620744901,-0.0651540171197695,-0.0737555370130004,-0.00703431048642972,-0.0196964392039024,-0.00527629276343218
0.945539916233151,-0.664076700029384,-0.0633421691927183,-0.054310411751232,-0.00704617214998661,-0.0193152831693279,-0.00546404037101404
0.887320054633803,-0.645164000954117,-0.0611764844618344,-0.0337796832888307,-0.00714055927857753,-0.0188756540516008,-0.00549332012269779
0.826045271061357,-0.623939046142168,-0.0586721040509965,-0.012279616680226,-0.00733053400699967,-0.0183693061133619,-0.00536724267771927
0.762033043528652,-0.600479691856802,-0.0558687074345246,0.0100456289256138,-0.00762345429129849,-0.017789418357317,-0.00509445304248051
0.695632915622008,-0.574921440551496,-0.0528236986554836,0.0330325193657951,-0.00802091622649248,-0.0171316766265899,-0.00468815479108294
0.627203485604265,-0.547436259032199,-0.0496027588238574,0.0565077270990238,-0.0085195062115008,-0.0163947882097037,-0.00416486591381155
0.55709331693939,-0.518208990975249,-0.0462703441830413,0.0802963528898029,-0.00911202271682857,-0.0155804237902598,-0.00354315499263268
0.48562853441858,-0.48741635223708,-0.0428821884634114,0.104227152884007,-0.0097887762720714,-0.0146927048572243,-0.0028425501493926
0.413109220698651,-0.455212741275901,-0.0394809910599353,0.128134181405815,-0.0105386843209386,-0.013737468143307,-0.00208273566957113
0.339812562047838,-0.42172348151926,-0.0360953703798896,0.151855213767687,-0.0113499928399343,-0.0127214861169699,-0.00128304956656447
0.266001230219555,-0.387045579165973,-0.0327415803031017,0.175228002849144,-0.012210618784057,-0.0116518048338832,-0.000462243041953032
0.191934223346649,-0.35125450597572,-0.0294271147476664,0.198085742971469,-0.0131081946510327,-0.0105352641880004,0.000361576133869361
0.117877807104177,-0.314415495488626,-0.0261553006556344,0.220253287347783,-0.0140299561082226,-0.00937820824661212,0.00117090223078098
0.0441144307405002,-0.27659762206522,-0.0229300456989416,0.241545490749761,-0.0149626228593224,-0.00818634234985875,0.00194877354003924
-0.0290521593512787,-0.237889018658828,-0.0197600154805204,0.261768846932268,-0.0158924114359903,-0.00696468211034751,0.0026787646862652
-0.101296473692349,-0.198411668680667,-0.0166616456925781,0.280727073370331,-0.0168052874118983,-0.00571754823636348,0.00334507649397762
-0.172276065773786,-0.158333634889752,-0.0136604770892822,0.298230383042878,-0.0176874948943842,-0.00444857426105412,0.0039327470744849
-0.241641002122758,-0.117876927977915,-0.0107905296881516,0.314107567466104,-0.0185263511642572,-0.00316073444916,0.00442798451434847
-0.309046632541041,-0.0773189469095898,-0.00809168201144401,0.328218788961803,-0.0193111964472183,-0.00185640757294124,0.00481859498723193
-0.374167633764182,-0.0369864697454067,-0.0056054331732335,0.340466912423501,-0.0200343507564817,-0.000537509777237321,0.00509446543158098
-0.436710382168307,0.00275829376780003,-0.00336974499596506,0.350804346341611,-0.020691845903587,0.000794299483891119,0.00524803718790237
-0.496421437304168,0.0415380417130934,-0.00141398821494522,0.359234055711231,-0.0212837649068347,0.00213734120082332,0.00527471412297793
-0.553089714950573,0.0789846039505146,0.000244995758690303,0.365803544844755,-0.0218140152308095,0.00348961270181647,0.00517313825671488
-0.606541924740382,0.114763366187957,0.00160492687712148,0.370593058820537,-0.0222895147897709,0.00484850297585777,0.00494529303519382
-0.656632483455088,0.14859446334201,0.00267791908540337,0.373700487265283,-0.0227188802585518,0.00621057629481408,0.00459641699068262
-0.703230576460552,0.180268421202631,0.0034883853896682,0.375226143443073,-0.0231108099936566,0.00757145244458734,0.00413473979389957
-0.746207988202785,0.209655620819496,0.00406973239445697,0.375260490860063,-0.0234724232412696,0.00892578048844696,0.00357108280637909
-0.785431369625087,0.236710591349568,0.00446073961748101,0.373876975212184,-0.0238078368188749,0.0102672733856202,0.0029183879308371
-0.820761603199423,0.261472990343004,0.00470239252616116,0.371130674446415,-0.0241172299937325,0.0115887526476924,0.0021912452354626
-0.852061414243939,0.284066921989883,0.00483559349336995,0.367062133377466,-0.0243965888861133,0.0128821551239277,0.00140548227086004
-0.879210574415684,0.304699102090861,0.00489976813042612,0.361704760834793,-0.0246382336845171,0.0141384770342958,0.000577857398597367
-0.902126701126865,0.3236550055514,0.00493206947058681,0.35509388340331,-0.0248321284288802,0.0153476722819055,-0.000274127643591014
-0.920788225251502,0.341291056680044,0.00496674305510914,0.347275525252022,-0.0249678315631964,0.0164985605721851,-0.00113231171891684
-0.935256068169544,0.358021129210914,0.00503426333555822,0.338313610438894,-0.0250368215651503,0.0175788425423786,-0.00197789696381103
-0.945689827993694,0.374296511279692,0.00516001811939141,0.328294362369463,-0.0250347934094251,0.0185753201777861,-0.00279147459962752
-0.952355535361145,0.390580479870201,0.00536254333923866,0.317327217831097,-0.0249634868746584,0.019474418150246,-0.00355313043628615
-0.955622723180942,0.407320132255187,0.00565153198946538,0.305541556019347,-0.0248316322550743,0.0202630553492835,-0.00424271122744907
-0.955948941257169,0.424918593557514,0.00602604153104699,0.293078438444844,-0.0246546997609352,0.0209298282590456,-0.00484032288211326
-0.95385168778637,0.443710686147467,0.0064734921675346,0.280077293499997,-0.0244533487931012,0.0214663791877685,-0.00532710620474043
-0.949868656842736,0.463944021035106,0.00697010864702104,0.266658353220689,-0.0242507026633867,0.0218686990612156,-0.00568628194101586
-0.944510061071252,0.485766804679206,0.0074833161328969,0.25290350159235,-0.0240688685936181,0.0221380432499525,-0.00590437880889675
-0.938209723600903,0.509223130271784,0.0079761626486439,0.238839879543881,-0.0239253840428147,0.0222811396659002,-0.00597246633886024
-0.93128415065959,0.534256236684768,0.00841316365382104,0.224431366573162,-0.023830414599724,0.0223094941753947,-0.00588714718830178
-0.923908990352716,0.560719685771007,0.00876630280498041,0.209581963866956,-0.0237854357549966,0.0222378347901513,-0.00565106654139564
-0.91611875400378,0.588395244680506,0.00901963692994219,0.194151971846195,-0.023783753485023,0.0220819942276028,-0.00527279130407536
-0.907829564330375,0.617014924392038,0.00917127856823783,0.177983907264444,-0.0238126776091182,0.0218567004404811,-0.00476607606213201
-0.89887814467594,0.646283548997479,0.00923236500861403,0.160932050305725,-0.0238566765719829,0.0215737357098159,-0.00414869403009115
-0.889066999085636,0.675898494152778,0.00922358258021035,0.142888954970024,-0.0239006457068031,0.0212407723103031,-0.00344110271647029
-0.878205448092721,0.705563933788285,0.00917045027855895,0.123803898366946,-0.0239325278779027,0.0208609545123161,-0.002665197494855
-0.866139821250218,0.734998685599146,0.00909868741872329,0.103691359741916,-0.0239448685835185,0.0204331238478754,-0.00184331885963616
-0.852770307117115,0.763938152977408,0.00903066392053866,0.0826304072571295,-0.0239352513609958,0.0199525010221286,-0.000997566321092055
-0.838055476522699,0.792131852794851,0.00898340512933068,0.0607574952397161,-0.0239058228761031,0.0194116478181837,-0.000149382018361411
-0.8220075542394,0.819338567182215,0.00896812637108055,0.038255476150877,-0.0238622393169578,0.0188015908910714,0.000680681808396837
-0.804681923751933,0.845321119229108,0.0089909298745586,0.0153409918123471,-0.023812365950201,0.0181130418876391,0.00147310994125884
-0.786164144187417,0.869842680370301,0.00905413993079436,-0.0077485039060497,-0.0237650044699966,0.0173376769508586,0.00220957189286043
-0.766556814422739,0.892665826584287,0.00915774412439792,-0.0307675970144779,-0.0237288315913644,0.0164694193641489,0.00287313049424486
-0.745968393681898,0.913555399730512,0.00930051651936016,-0.0534754377887788,-0.0237116579336054,0.0155056391100548,0.00344853978939518
-0.724505082414288,0.932284822607934,0.00948056985618717,-0.0756475575764606,-0.0237200346753174,0.0144481197452642,0.00392262459949059
-0.702266707182683,0.948645171080774,0.00969528948715102,-0.0970862584357488,-0.0237591646337461,0.0133036303549193,0.00428470309492662
-0.679346571528628,0.962454772997353,0.00994079896607929,-0.117628369910124,-0.0238330220335044,0.012083941462435,0.0045269861848995
-0.655835051211776,0.973567365045538,0.0102112521347036,-0.137149180135457,-0.0239445602698309,0.0108052117244425,0.00464488128610994
-0.631825294771563,0.981876033608575,0.0104982830194319,-0.155561685626696,-0.0240958641018933,0.00948677284843639,0.00463713506567567
-0.607419530286309,0.987311809081721,0.0107908882618394,-0.172811202447541,-0.0242881533979374,0.00814947992776784,0.00450578265418391
-0.582734004044095,0.989836657059659,0.0110758640536751,-0.188866354324017,-0.0245215901785972,0.00681388027573324,0.00425590903716605
-0.557900982721512,0.989432088039968,0.0113387469102557,-0.203708271014974,-0.0247949084601457,0.00549848313925762,0.00389526647459347
-0.533067012389348,0.98608575307811,0.0115650737653518,-0.217320207949316,-0.0251049458007635,0.00421837004153001,0.0034338167745187
-0.508387372223489,0.979778663666448,0.0117417194656551,-0.229679611300889,-0.025446186542247,0.0029842907479256,0.00288327228343626
-0.48401741593789,0.970475448576227,0.0118580966273967,-0.240754085095984,-0.0258104346457991,0.00180228343053522,0.00225669805953155
-0.460102091901139,0.958119576786726,0.0119070876291184,-0.250502023462709,-0.0261867236535801,0.000673771650721438,0.00156821581929563
-0.436764875061228,0.942634200667344,0.0118856715784636,-0.258877875657793,-0.0265615293078013,-0.000403959141196781,0.000832822276442558
-0.414097466611541,0.923928903299053,0.0117952901973505,-0.26584152642013,-0.0269193212911625,-0.00143700893013202,6.63110037554026e-05
-0.392150980028816,0.901911446271302,0.0116420194167813,-0.27137067599149,-0.0272434321130779,-0.00243391939337816,-0.000714735106323646
-0.370929171980407,0.876503816821861,0.0114365935305507,-0.275474834173826,-0.0275171962813728,-0.00340459443368349,-0.00149292842464347
-0.350383113912961,0.847660145446827,0.0111942311196681,-0.278208682894115,-0.0277252362683058,-0.00435911993982225,-0.00225009808701035
-0.330406937816077,0.815384824108847,0.010934115590807,-0.279682312608717,-0.0278547745973113,-0.00530651816813777,-0.00296741272205763
-0.310833982379245,0.779747750911453,0.0106782788483188,-0.280065124886273,-0.0278968080346991,-0.00625349807794713,-0.00362566776831241
-0.291433931549945,0.740894253401845,0.0104496455471071,-0.279580528994861,-0.0278470116913437,-0.00720331376165955,-0.00420578994356628
-0.271912574091811,0.699046422581857,0.0102691390058533,-0.278489289439868,-0.02770623245503,-0.00815489299079539,-0.00468958096755361
-0.251917655669637,0.654494372040406,0.0101520977646904,-0.277061972192167,-0.0274804977406239,-0.0091024346593539,-0.00506067518970777
-0.231054315890764,0.607576871848981,0.0101046748740526,-0.275543976761665,-0.0271804883010737,-0.0100356496302429,-0.0053056147842075
-0.208912107308289,0.55865360468959,0.010121231000042,-0.274120054263367,-0.0268205030946859,-0.0109407280928474,-0.00541487836013662
-0.185101901198525,0.508073689266998,0.0101837277697484,-0.272886873211331,-0.0264170291361066,-0.011801955886694,-0.0053836615051975
-0.159296899382064,0.456147129572083,0.0102636734760138,-0.271841186839679,-0.0259871455477061,-0.0126037298510587,-0.00521223844057795
-0.131269055192646,0.403125093538424,0.0103263723790053,-0.270886809214182,-0.0255470385904097,-0.013332590548186,-0.00490582603542454
-0.1009128399806,0.3491930429013,0.0103364628237799,-0.269858295604986,-0.0251109155471868,-0.0139788863511437,-0.0044740056809665
-0.0682515731204588,0.29447658812814,0.010263330118072,-0.268554421074178,-0.0246904747464991,-0.0145377814808889,-0.00392986076035025
-0.0334264362843855,0.239056734341457,0.0100851293559045,-0.266772820451626,-0.0242949300124589,-0.0150095033255655,-0.00328903080666277
0.00332770765469681,0.182989228888017,0.00979069976206852,-0.264338254113625,-0.0239314258341824,-0.0153989001466524,-0.00256885511036576
0.0417136260126715,0.126322805147244,0.00937931232474216,-0.261119981544783,-0.0236055947126365,-0.0157144993104551,-0.0017877108444215
0.0814043030342912,0.0691125625127376,0.0088587059799962,-0.257037043935249,-0.023322010128162,-0.0159672938393121,-0.00096457736888504
0.122072451769702,0.0114266622301912,0.00824212071206053,-0.252052750895601,-0.0230843513946014,-0.0161694512364866,-0.000118801713383377
0.163414370219974,-0.0466535398719821,0.00754506733075547,-0.246161295989579,-0.0228952089096173,-0.0163330809399487,0.000729991407953588
0.205166936961326,-0.105038547084738,0.00678245877334592,-0.239369937174163,-0.0227555487670506,-0.0164691215815796,0.00156191910145848
0.247117335798106,-0.163638693115359,0.00596657728867981,-0.231680550772273,-0.0226639625365924,-0.0165863747917598,0.00235687005992735
0.289105231738787,-0.222372387992474,0.00510618085859919,-0.223074041214451,-0.0226158725368365,-0.0166906798892147,0.00309462942880266
0.33101735192949,-0.281171892172315,0.00420689556105857,-0.213501171611247,-0.0226029382516341,-0.0167842614914011,0.00375518092838015
0.372774618938066,-0.339984162103276,0.0032728294440837,-0.202882468295039,-0.0226128960672145,-0.0168653044487849,0.00431925157224237
0.414313064424698,-0.398765265127804,0.00230909291039716,-0.191118680034312,-0.022630037795358,-0.0169278652606374,0.0047691248061675
0.455561141838957,-0.457468364690054,0.0013246270357084,-0.178110878760014,-0.0226364000494057,-0.0169622330714532,0.00508967752882434
0.496417795308543,-0.516027428321951,0.000334539878880208,-0.163786555557122,-0.0226135567263502,-0.0169558169837799,0.0052695102498585
0.536736382480333,-0.574340501784617,-0.000638856660128696,-0.148125473984504,-0.0225446816083212,-0.0168945176039784,0.00530196246517269
0.576318778152828,-0.632257444288153,-0.00156678762621213,-0.131178345753911,-0.0224164321120947,-0.0167644032963075,0.00518578723386522
0.614921647057151,-0.689575872697311,-0.0024165230754434,-0.113072915603206,-0.0222202008405024,-0.0165533841902562,0.00492531750197401
0.652273233296433,-0.746046690699721,-0.00315506047584197,-0.094005792955495,-0.0219524820949009,-0.0162525493857423,0.00453008495877887
0.688095974764377,-0.801387614185937,-0.00375304932438709,-0.0742226661716057,-0.0216143810699564,-0.0158569235691322,0.0040139945672724
0.722129504263836,-0.855300835770294,-0.00418810243062535,-0.0539926484326965,-0.0212105502809456,-0.0153655687910364,0.00339425786434471
0.754149112542667,-0.907490227530948,-0.00444695036711155,-0.03358317022337,-0.0207479487808536,-0.0147811285055901,0.00269030420939116
0.783977218679264,-0.957674556850585,-0.00452634417495809,-0.013240498400839,-0.0202347930225205,-0.0141090276567168,0.00192284075925722
0.811487499977969,-1.00559471796506,-0.00443294194117221,0.00682155079987379,-0.019679923031409,-0.0133565606676925,0.00111314615247831
0.836602995039556,-1.05101486799603,-0.0041825419890141,0.0264245575124743,-0.0190926432680899,-0.012532052016981,0.000282602173073844
0.859290169285,-1.0937188135847,-0.00379896208838957,0.0454216688053038,-0.0184829592188912,-0.0116441914707352,-0.000547589694385614
0.879550453926571,-1.13350339520258,-0.00331269468625845,0.0636894054747412,-0.0178620329785514,-0.0107015588397701,-0.0013565894157664
0.897410654543433,-1.17017138626055,-0.00275930217518806,0.0811176785207544,-0.0172426509119305,-0.00971230407015378,-0.00212408389569064
0.912912664135148,-1.20352572172466,-0.00217742658230724,0.0976003550229097,-0.0166394856277027,-0.00868391857225374,-0.00283051166220665
0.92610302554504,-1.23336684351141,-0.00160632675419042,0.113028285424695,-0.0160689791792385,-0.00762304888512767,-0.00345739639341136
0.937023102505657,-1.25949437899257,-0.00108301175328284,0.127286169131733,-0.0155487476419649,-0.00653533543246231,-0.00398780644895507
0.94570058232972,-1.28171295546086,-0.000639258414865602,0.140253910774113,-0.0150965046304587,-0.00542529273559018,-0.00440691932090408
0.952144075303223,-1.29984190452434,-0.000298995288870721,0.15181236088334,-0.014728637757025,-0.00429628149589914,-0.00470263717409693
0.95634170803482,-1.31372659187059,-7.65990715154742e-05,0.161852341513043,-0.0144586690322413,-0.00315061676218434,-0.0048661725134503
0.958264735133943,-1.32324944359447,2.34702476473898e-05,0.170285143490847,-0.0142959063713518,-0.00198983565948887,-0.00489251802260866
0.957875579260507,-1.32833792143973,5.56175373775045e-06,0.177052175160092,-0.014244568857395,-0.000815098094516693,-0.00478072493991111
0.955139055445272,-1.32896797744975,-0.000119513451937952,0.182131659763559,-0.014303576844926,0.000372347686484757,-0.00453394690955506
0.950034381535091,-1.32516219624743,-0.000337525786209995,0.18554098471325,-0.0144670343163611,0.0015707267718997,-0.0041592450816304
0.942565439555858,-1.31698321853829,-0.000633878785233218,0.187334471068546,-0.0147252644231154,0.00277740622861396,-0.0036671908209597
0.93276754234221,-1.30452460204604,-0.000996032159486794,0.18759757700263,-0.0150661409665952,0.00398871060205513,-0.00307133457703076
0.920709042331031,-1.28790077764098,-0.00141486382228295,0.1864392035069,-0.0154764027156437,0.00519987440890591,-0.00238761983532357
0.906488087822062,-1.26723919073033,-0.00188480703794755,0.183984150479798,-0.0159426918230729,0.00640508575667361,-0.00163382131732745
0.890224428672918,-1.24267562790888,-0.00240284744118435,0.18036711140024,-0.0164521389670159,0.00759756510949094,-0.000829060987821029
0.872047172758946,-1.21435369210733,-0.00296664729264688,0.175728847907127,-0.0169924497844488,0.00876964485648373,6.57256782065319e-06
0.85207949654057,-1.18242826530089,-0.00357217548050036,0.170214191310813,-0.0175515633476874,0.00991285582061222,0.000852310187971574
0.830421271500583,-1.14707150438793,-0.00421128023566991,0.16397066563918,-0.0181170430237937,0.0110180656843301,0.00168693252463706
0.807131341230575,-1.10847963579391,-0.00486966913694564,0.157146188402557,-0.0186754300134151,0.0120757396967113,0.00248900377762032
0.782212320594042,-1.0668789328287,-0.00552575982865347,0.149884507011044,-0.0192118297812093,0.0130763931265894,0.00323717788197946
0.755600521848329,-1.02252772093037,-0.00615080261330339,0.142317500968267,-0.0197099673471717,0.01401125117677,0.00391064005943973
0.727165339521785,-0.97571350557341,-0.00671053140749096,0.134554913306586,-0.0201529033953018,0.0148730762394567,0.00448972610840731
0.696720755065751,-0.926743806243688,-0.00716832534324666,0.126673251942917,-0.0205244393114203,0.0156570277901022,0.00495672125349771
0.664049987952717,-0.875931327207961,-0.00748949621648319,0.118706826533244,-0.0208110469281044,0.0163613620929947,0.00529678737280106
0.628940853954925,-0.823575697170377,-0.00764593755477517,0.110644187194261,-0.0210039449957168,0.0169877661942956,0.00549890990193756
0.591225443923953,-0.769945249342391,-0.00762012654992676,0.102432274019512,-0.0211007976515432,0.0175411754654,0.00555671072330833
0.550815703913289,-0.715263613268355,-0.0074075137504906,0.0939885823890252,-0.0211065381950438,0.0180290568821557,0.00546896874278242
0.507725710252682,-0.659703924661801,-0.00701669407437127,0.0852189023247967,-0.0210329911247478,0.0184602613057281,0.00523972342957992
0.462075747198866,-0.603392740792778,-0.00646736189932611,0.0760364114981679,-0.0208973256614761,0.0188436811484382,0.00487792938917127
0.414077748116749,-0.546421906693453,-0.00578664192584322,0.0663772971323756,-0.0207196780280409,0.0191869599077805,0.00439672453112912
0.36400737802932,-0.488864886267189,-0.00500476559431415,0.056209396255337,-0.0205204962144709,0.0194954623415268,0.0038124593796102
0.312170426791394,-0.430792523102707,-0.00415107164368624,0.0455325680313889,-0.0203181519203766,0.019771602224283,0.00314366084519425
0.258872366577688,-0.372284732112436,-0.00325107410361953,0.0343719804321116,-0.0201272416412199,0.0200145576642624,0.00241009160693502
0.204396368260894,-0.313435026993985,-0.00232492250627145,0.0227669177384807,-0.019957724724788,0.020220301933409,0.00163199524981462
0.148992646267757,-0.254347792214982,-0.00138723968020621,0.0107584033210048,-0.0198148673106007,0.0203818888473037,0.000829557741111119
0.0928787656741341,-0.195129720621476,-0.000448085604935219,-0.0016213652345254,-0.019699812542921,0.0204899384136685,2.25571203403731e-05
0.0362486679346327,-0.135878281495369,0.000485307126776524,-0.0143554728595147,-0.0196105538003895,0.0205333121843183,-0.000769860127756397
-0.0207131772820736,-0.0766701399815916,0.00140640632319847,-0.027443265939244,-0.0195430582294973,0.0204999589432417,-0.0015293533072273
-0.0778159807317892,-0.0175530458522783,0.00230722927343613,-0.0408953853590083,-0.019492363829667,0.0203779551284788,-0.00223858166131571
-0.134848934159108,0.0414564391346166,0.00317653006831122,-0.0547234446922018,-0.0194534881180357,0.0201567041156979,-0.002881472384005
-0.191572729626453,0.100368069369496,0.00399866623041551,-0.0689259759849894,-0.0194220265738957,0.019828191120844,-0.0034435840700493
-0.247717927923256,0.159205742240726,0.0047534210818723,-0.0834730336735691,-0.0193943220481607,0.019388066164295,-0.00391253920289937
-0.302990272908619,0.217989130243269,0.00541692337084084,-0.0982926107178186,-0.0193672689954711,0.0188364065741242,-0.00427847032496051
-0.357081516242938,0.276711993529147,0.00596361141261941,-0.113261909788583,-0.0193378301202742,0.0181779497070814,-0.00453439887260944
-0.409683893748043,0.335321813985117,0.00636895402692095,-0.128206061618093,-0.0193024996030093,0.0174217545109095,-0.00467648302505746
-0.460505967205382,0.393705896234212,0.00661243266781987,-0.14290538902344,-0.0192569260726841,0.0165803156991454,-0.00470409103714084
-0.50928688620282,0.451687361296306,0.00668017342620576,-0.157110229045213,-0.0191958282021541,0.0156682343777605,-0.00461968106860436
-0.55580690985211,0.509032125030392,0.00656667903558598,-0.170560713067582,-0.0191132705660175,0.0147006657583386,-0.00442850763378465
-0.599892342379035,0.565464660414266,0.00627530822340493,-0.183007716757039,-0.0190032300527412,0.0136917748270551,-0.00413819447071734
-0.641414696196831,0.620688651232235,0.00581745209429587,-0.194231366131677,-0.0188603238198278,0.0126534315845206,-0.00375823414890456
-0.680285549616551,0.674408471742919,0.00521064888707908,-0.204054577925237,-0.0186805462459687,0.0115943135311271,-0.0032994788620145
-0.716448564999269,0.726347428454218,0.00447606487810888,-0.212350294902461,-0.0184618487480942,0.0105194656341963,-0.00277366991392731
-0.749871019851604,0.776260766132364,0.00363584810322957,-0.219042698898492,-0.0182044737718012,0.00943030249523401,-0.00219304333709231
-0.780536220441242,0.823942396456404,0.00271080817413145,-0.224103503173733,-0.0179109998002234,0.00832496598427261,-0.00157002789737204
-0.808437886116698,0.869225868921261,0.00171875665803781,-0.227545018132039,-0.0175861248074604,0.00719893880397435,-0.000917040043861461
-0.833576923045717,0.911980861124631,0.000673689920284951,-0.229411679099994,-0.0172362536033622,0.00604582007901509,-0.000246368788304892
-0.855960236920652,0.952106508853087,-0.000414148500042061,-0.229771318690479,-0.0168689648099403,0.00485818890133447,0.000429865351793301
-0.875601259524665,0.989523231573403,-0.00153740326502911,-0.228707086399829,-0.0164924388241336,0.00362851144547381,0.00109969830698408
-0.89252107052031,1.02416381324066,-0.00269010459052668,-0.226310265831017,-0.0161149003616781,0.0023500598299143,0.00175128309719882
-0.906749770711084,1.05596509996731,-0.00386575273008496,-0.222674115129967,-0.0157441292035485,0.00101782368641704,0.00237285031903207
-0.918327362450342,1.08486097066812,-0.00505526609489777,-0.217888546891993,-0.0153870669833384,-0.000370617607755043,0.00295269667269828
-0.927303104519745,1.11077659263159,-0.0062451074714948,-0.21203536910981,-0.0150495300443586,-0.00181431280573432,0.00347922586563245
-0.933733955976393,1.13362553612006,-0.00741593074184417,-0.205184326293045,-0.0147360560991735,-0.00330831795180238,0.00394106428595561
-0.937681532029858,1.15330957395445,-0.00854207640310748,-0.197390026260505,-0.0144498773177747,-0.00484333391035729,0.00432726418112833
-0.939208055004483,1.16972166989033,-0.00959217556731693,-0.188690238424378,-0.0141930149575489,-0.00640570311814216,0.00462759815344942
-0.938372262273435,1.18275257558041,-0.0105309771476737,-0.179106171979502,-0.0139664767642101,-0.00797785100994415,0.00483293754110656
-0.935225728461705,1.1923001158926,-0.0113222849537928,-0.168645084538942,-0.0137705081053965,-0.00953920746487466,0.00493568976308138
-0.929810675552273,1.19828036307417,-0.0119326338725479,-0.157305393312611,-0.0136048406877934,-0.0110675686106903,0.00493025708130024
-0.922159803091899,1.20063896280512,-0.0123351021419059,-0.14508390774816,-0.0134688707813985,-0.0125407673302344,0.0048134660360398
-0.912298388629041,1.19936078403104,-0.0125125476916765,-0.13198430519359,-0.0133617113344911,-0.0139384407339911,0.00458491318721418
-0.900248117344088,1.19447591848765,-0.0124596283577221,-0.118025514105985,-0.0132820883383996,-0.0152436369393131,0.00424717860147568
-0.886032169701915,1.18606143920958,-0.0121832392402892,-0.103248604687117,-0.0132281042935463,-0.0164440253762908,0.00380588083900742
-0.869679923788799,1.17423816304204,-0.0117013735804412,-0.0877207976857423,-0.0131969261642145,-0.0175325376001596,0.00326957015680292
-0.851230380911556,1.15916361568042,-0.0110407989367019,-0.0715357471499002,-0.013184502087662,-0.0185073872607488,0.00264948873508676
-0.830733129990078,1.14102231328548,-0.0102341706694182,-0.0548097216228529,-0.0131854157492904,-0.0193715245823055,0.00195924394506165
-0.808246376189753,1.12001495411701,-0.00931723664792719,-0.0376738861418017,-0.0131929769654062,-0.0201316679821285,0.00121444838294834
-0.783832215397964,1.09634796800277,-0.00832661849549938,-0.0202633261990978,-0.0131996121067247,-0.0207970925074273,0.000432372368505322
-0.757549604471381,1.07022394541495,-0.00729836066293726,-0.00270376810136254,-0.0131975630708983,-0.0213783347982073,-0.000368365973878093
-0.729446349241988,1.04183343206801,-0.00626713877495697,0.0149026899325624,-0.0131798529938507,-0.0218859375952533,-0.00116807269501457
-0.699551784785274,1.01134815449767,-0.00526579237487828,0.0324911275443133,-0.0131414197282794,-0.0223293050070228,-0.00194623979599152
-0.66787220182278,0.978915847274525,-0.00432476348062147,0.0500444289057445,-0.0130802670160764,-0.0227157070166422,-0.00268184955260652
-0.634391020933249,0.944656990715272,-0.00347110032634309,0.0675983528140344,-0.0129984382078915,-0.023049462818316,-0.00335379140054246
-0.599075559556845,0.908664539965332,-0.00272691544212589,0.0852383987528192,-0.0129025998865666,-0.0233313636209767,-0.0039414638786963
-0.56189077451642,0.87100745484726,-0.0021075036217913,0.103086648218069,-0.0128040351511452,-0.0235584222368285,-0.00442560987840077
-0.522818605114631,0.831738710096351,-0.00161963580180199,0.121278737424051,-0.0127179287088765,-0.0237240602792578,-0.00478937525666483
-0.481879270803407,0.790907470855421,-0.00126070630971922,0.139934055492759,-0.0126619746431959,-0.0238188130870841,-0.00501949268450911
-0.439149160899393,0.748573695718421,-0.00101930244294539,0.15912522926852,-0.0126545273158442,-0.0238315337344292,-0.00510740096669881
-0.394769989748788,0.704822358446942,-0.000877362328467418,0.178854512796042,-0.012712678974721,-0.0237509357625687,-0.00505006200282845
-0.348945882516051,0.659773938627372,-0.00081352298579321,0.199043556560117,-0.0128506909654655,-0.0235671763869795,-0.00485027099162947
-0.301928912028673,0.613588990290715,-0.000806797162180507,0.219539290779315,-0.0130790958777696,-0.0232731444964558,-0.00451637758972453
-0.253996985825918,0.566465929345757,-0.000839589007227703,0.240133612455971,-0.0134045442088701,-0.0228651806658648,-0.00406149113128472
-0.205430290021719,0.51863363904853,-0.000899326557159128,0.260590785594158,-0.0138302281615843,-0.0223431449335672,-0.00350237158282473
-0.156491877252389,0.470341205133971,-0.000978496423755236,0.280675031050392,-0.0143565518700152,-0.0217099176699409,-0.00285824562104421
-0.107416032634329,0.421847485984459,-0.00107336956747387,0.300172126967151,-0.0149817087017788,-0.0209705506933062,-0.00214974541127881
-0.0584054597574575,0.373412716507375,-0.00118202058553184,0.318901717988648,-0.0157019334424501,-0.0201313246503823,-0.00139807811204337
-0.00963600020941976,0.325292953020442,-0.00130231430374153,0.336719746687081,-0.0165113390622818,-0.0191989067712487,-0.000624438464823412
0.0387334942758125,0.277737579677702,-0.00143041722819345,0.353512693482935,-0.0174013970767056,-0.0181797333250677,0.000150387066380496
0.0865489851748075,0.230989191321046,-0.00156016842207695,0.369186340757983,-0.0183602133714391,-0.0170796478023138,0.000906309042403276
0.133649377919437,0.185284732220532,-0.00168338310535707,0.383652171098043,-0.0193718025986025,-0.0159037674728708,0.00162420195425688
0.179857010591603,0.140856356155514,-0.00179090690946971,0.396814432999522,-0.0204155720505239,-0.0146565227051742,0.00228621423163245
0.22497180249534,0.0979300907692854,-0.00187403100962095,0.408560613382451,-0.021466203079111,-0.0133418165651609,0.00287615264095784
0.268769467214452,0.0567199947928003,-0.00192576982950174,0.418757305110633,-0.0224940614394348,-0.011963265387266,0.0033799316492626
0.311003427787801,0.0174157385047949,-0.00194155123166416,0.427252654115215,-0.0234662126976237,-0.010524511109801,0.00378603925526259
0.351409604373038,-0.0198374641722361,-0.0019190930814966,0.433885220711237,-0.0243480508316962,-0.00902960256808073,0.00408594159484392
0.389713230749516,-0.0549653362740417,-0.00185758591867286,0.4384975398613,-0.0251054759487587,-0.00748342532127249,0.00427433779298478
0.425637622309582,-0.0879927865478698,-0.00175663155047974,0.440951787028897,-0.0257074953503011,-0.0058921298441273,0.00434919618147626
0.458915076755877,-0.119066124724394,-0.00161552050225988,0.441143945610621,-0.0261289851901415,-0.00426345146952565,0.00431154412128456
0.489300338151441,-0.148460234798794,-0.0014332748968883,0.439013712893128,-0.0263532408829674,-0.00260681020561403,0.00416505093831878
0.516585720926425,-0.17656428330918,-0.00120949188794541,0.434548254504556,-0.0263738275177174,-0.000933107363206961,0.00391550031634828
0.540615439418847,-0.203845736363899,-0.000945619775905231,0.427779633134657,-0.0261952799103853,0.00074577217363314,0.00357027845301044
0.561295756654306,-0.230799814003049,-0.000646113276661045,0.418777244991399,-0.0258324242195347,0.00241764036909649,0.00313798632167004
0.578598154213343,-0.257896288578405,-0.000319024285628288,0.407637462311722,-0.0253084428688691,0.00407069533665669,0.00262822593457439
0.592554434585697,-0.285535253026639,2.41290500980185e-05,0.394472590520878,-0.0246521175923793,0.00569405217689725,0.00205154060909038
0.603245653603325,-0.314019124166294,0.000369106503030616,0.379401356817439,-0.0238948733825635,0.00727801450802686,0.00141944908424006
0.610787833773851,-0.343541902457137,0.000700077639599031,0.36254210701898,-0.0230681646265091,0.00881407230881324,0.000744502911445693
0.615318248902619,-0.374192248079621,0.00100093578595549,0.344009681074251,-0.0222015674272641,0.0102946856013128,4.03206480244414e-05
0.61698477133334,-0.405964779553437,0.00125666485458334,0.323916002325062,-0.0213216800783723,0.0117129502332711,-0.000678422300669188
0.615939967243846,-0.438774676611561,0.00145468712324739,0.302374186894253,-0.020451759334958,0.0130622592910735,-0.00139605072851776
0.612339777855365,-0.47247212228513,0.00158612742417088,0.27950508929046,-0.0196118813677582,0.014336059827436,-0.00209599659258859
0.606345937140122,-0.506855255154229,0.00164689499096541,0.255444911309947,-0.0188193823092745,0.015527788471215,-0.0027609696316113
0.598130271456587,-0.541681709559216,0.00163842935050947,0.230351924418992,-0.0180893243563773,0.0166310319209986,-0.00337322097107772
0.587878815668561,-0.576679890756509,0.00156791096090465,0.204410243829004,-0.0174347756902233,0.017639915946417,-0.00391493985434856
0.57579377550922,-0.611561568694724,0.00144773286220314,0.177828765987671,-0.0168667625468358,0.0185496749641981,-0.00436882294178017
0.562091263839358,-0.646036609444144,0.00129409895889641,0.150833813572465,-0.0163938361401271,0.0193572827033289,-0.00471883226047586
0.546994194738857,-0.679830125761084,0.00112478581019138,0.123655525503528,-0.0160213423801831,0.0200619917953245,-0.00495111687280114
0.530720602368636,-0.712700489039988,0.000956355745254642,0.0965095891008598,-0.0157506012572187,0.0206656027988385,-0.00505501061416367
0.51346938067999,-0.744455385387829,0.000801368910062822,0.0695777974165628,-0.0155783023692206,0.021172323176462,-0.00502395994244017
0.495406816826614,-0.774962494489706,0.000666283877317198,0.0429920882288643,-0.0154964252288127,0.0215881682087445,-0.00485620622189567
0.47665732887571,-0.804151910811718,0.000550644950260722,0.016826308756509,-0.0154928763001766,0.0219199752889116,-0.0045550734677014
0.457301213068379,-0.832009224492393,0.000447824755841844,-0.00890177675221185,-0.0155528192266946,0.0221742084354952,-0.00412879236624576
0.437380157755938,-0.858561062442029,0.000347124255930326,-0.034218790787354,-0.0156604625945065,0.0223557922674723,-0.00358991011986374
0.416908679795912,-0.883856023991334,0.000236651153844106,-0.0591776604181968,-0.0158009128311063,0.0224671666064299,-0.00295442594707318
0.395888592669253,-0.907945439768898,0.000106250922448319,-0.0838378858525735,-0.0159617125424919,0.0225076962153556,-0.0022408386487445
0.374322846552727,-0.930866959507004,-5.01250478840423e-05,-0.108248666710658,-0.016133786233614,0.022473460822574,-0.00146926503597099
0.352226096048497,-0.952633221940577,-0.000232972369917936,-0.132437923415157,-0.0163117004625187,0.022357403198719,-0.000660727129596237
0.329630719320432,-0.973225861264992,-0.000436800257470102,-0.15640807539416,-0.0164932982814417,0.0221497941943578,0.000163376300219069
0.306588290530144,-0.992594612690274,-0.000650653041710834,-0.18013786818809,-0.0166788823691515,0.0218389804886883,0.000981652024479924
0.283167645476665,-1.01066074665073,-0.000859465362451192,-0.2035883077536,-0.0168701686857169,0.0214124058718179,0.00177302328620665
0.259451304159829,-1.02732450148636,-0.00104612299006278,-0.226710398231342,-0.0170692369370379,0.0208578962678938,0.00251704909467453
0.235532031085516,-1.04247603530175,-0.00119406110719537,-0.249452431264075,-0.0172776609140936,0.0201651537912564,0.00319431701024331
0.21151108619613,-1.05600927832421,-0.00129011681238669,-0.271765037351642,-0.0174959333299368,0.0193273344709317,0.00378694292222881
0.187499212617918,-1.06783774541712,-0.00132718079106138,-0.293603017677114,-0.0177232118289874,0.018342508036349,0.00427917081004706
0.16362028909257,-1.07790941785968,-0.00130604669927933,-0.31492367960428,-0.0179572942594677,0.0172147235692407,0.00465802010680943
0.140016651274493,-1.08621728638309,-0.00123585626902372,-0.335682425636878,-0.0181946559875513,0.0159544279426221,0.00491389579469847
0.116853814781681,-1.09280072256452,-0.00113277022448423,-0.355826856270236,-0.0184303416356615,0.0145780686277315,0.00504106249625851
0.0943216215114107,-1.09773359018488,-0.00101695848433924,-0.375291011078285,-0.0186575754104057,0.0131068922900762,0.00503790197898714
0.0726286498018801,-1.10109654449142,-0.000908572475769293,-0.393991065164725,-0.0188671168493786,0.0115651366460272,0.00490691295294223
0.05198770815051,-1.102935190381,-0.000823835038218275,-0.411823423778672,-0.0190466336292996,0.00997795972775449,0.0046544636253823
0.0325922796841393,-1.10321008953932,-0.000772550893571268,-0.428665286535677,-0.019180558909599,0.00836946915692688,0.00429034213143609
0.0145871671747932,-1.10175037894359,-0.000758074410564046,-0.444377369280278,-0.019250954987022,0.00676113287943201,0.00382716756580419
-0.00195961499835891,-1.09822621767497,-0.000780061432675875,-0.458808198127177,-0.0192396692976052,0.00517069451848288,0.00327972067340898
-0.0170740137487896,-1.09215415778319,-0.000839337380677192,-0.471799381862136,-0.0191315423952676,0.00361156887516798,0.00266424467146437
-0.0308733039113676,-1.08294165975777,-0.00094328796111914,-0.483191368498754,-0.0189178025065007,0.00209262052206886,0.00199776482011482
-0.0435403851524988,-1.06996362383365,-0.00110978895860588,-0.492829245899633,-0.0185984302255124,0.00061824537894201,0.00129747988916357
-0.0552805215161459,-1.05265093939147,-0.00136814729473761,-0.500568124815373,-0.0181825211981348,-0.000811262708337107,0.000580277680310359
-0.0662733764004567,-1.03056640082039,-0.00175666960790629,-0.5062777326916,-0.0176864780399167,-0.00219903951125445,-0.00013759123001691
-0.0766346283695026,-1.00344962817897,-0.00231769150693222,-0.509845981976394,-0.0171307614042177,-0.00355067423477192,-0.000840682366053485
-0.0863964068809938,-0.971226302368896,-0.00309155616667483,-0.511181735761496,-0.0165364007319338,-0.00487299625308219,-0.0015144062655231
-0.0955079227906511,-0.93398936493871,-0.0041109440204722,-0.510217340075571,-0.0159223055096784,-0.00617275146543374,-0.00214501866411781
-0.103851557170902,-0.891965463231907,-0.00539643830310551,-0.506911600538102,-0.01530386502788,-0.007455318808514,-0.0027196170144163
-0.111267419369507,-0.845478395228418,-0.00695370727255882,-0.501253493477647,-0.0146927589686408,-0.0087236070487007,-0.00322619554475193
-0.117580241147574,-0.79491645913876,-0.00877242394676703,-0.493266302059723,-0.0140975739762871,-0.00997724800322059,-0.00365378935009399
-0.122624508232314,-0.740706037928091,-0.0108269842835712,-0.483011337495361,-0.0135247601413616,-0.0112121805439675,-0.00399271504486448
-0.126265360431211,-0.68329024972826,-0.0130790424606199,-0.470589628865087,-0.012979552207815,-0.0124206884875312,-0.00423489101198746
-0.128413779138261,-0.623111142260819,-0.0154817231791435,-0.456140216934194,-0.0124666456222512,-0.0135919185228718,-0.00437420134284584
-0.129035019523369,-0.560594204527582,-0.0179850643193369,-0.439834067569746,-0.0119905578311432,-0.014712841555631,-0.00440685163750149
-0.128149763419633,-0.496135322336589,-0.0205418971985931,-0.421863784360418,-0.0115557130591592,-0.0157695502210371,-0.00433165958556478
-0.125828194478233,-0.430090857826672,-0.0231131373379005,-0.402430254489267,-0.0111663378640041,-0.0167487101438854,-0.00415022645362748
-0.122178249614295,-0.362772163684459,-0.0256714733030354,-0.381728478681857,-0.0108262722657238,-0.0176389449101071,-0.00386695432995315
-0.117330368123072,-0.294445032680999,-0.0282028172541645,-0.359935104218205,-0.01053877323239,-0.018431940319815,-0.00348890143713196
-0.11142159530607,-0.225334213993202,-0.0307053580831219,-0.337199949913469,-0.0103063554275018,-0.0191231102140161,-0.00302549768430033
-0.104581800532968,-0.155631735353388,-0.0331866747369409,-0.313642726695783,-0.0101306657609415,-0.0197117544373541,-0.00248816709025405
-0.0969243750350487,-0.0855073615110994,-0.0356598166282006,-0.289355295098501,-0.0100123635498074,-0.0202007444185383,-0.00188991779585498
-0.0885423407154776,-0.0151191324361168,-0.0381393350820089,-0.26440834511886,-0.00995096140503309,-0.0205958269547215,-0.00124495362245995
-0.0795099988024034,0.0553775592896331,-0.040638194839294,-0.238861220433073,-0.00994460148795987,-0.020904698530338,-0.000568349560544946
-0.069889090417715,0.125823627196478,-0.0431661115468785,-0.212772829194073,-0.00998975089993052,-0.0211359721180821,0.000124194752244264
-0.0597379772892948,0.196053067540116,-0.045729505897745,-0.186212110835695,-0.010080846960625,-0.0212981632044284,0.000816531343283693
-0.0491218690719214,0.265892774023846,-0.0483328245863101,-0.159266328916262,-0.0102099432970909,-0.0213987618146529,0.00149220322797847
-0.0381220633106173,0.335164709797874,-0.0509806853348819,-0.132045952413718,-0.01036644484697,-0.0214434460857293,0.00213459433985898
-0.0268422048866188,0.403689494998391,-0.0536801079619887,-0.104685215424916,-0.0105370403927738,-0.0214354850192398,0.00272714549069929
-0.0154098186585215,0.471290324606271,-0.0564420298069948,-0.0773378468308357,-0.0107059391108616,-0.0213753770162985,0.00325368770789806
-0.00397199675074966,0.537796458499915,-0.0592814626605551,-0.0501682218956522,-0.0108554953158855,-0.0212607933310639,0.00369892723865497
0.00731490590008059,0.603045523808656,-0.062215909270054,-0.0233388999901549,-0.0109672287748897,-0.0210868662716093,0.00404908064335443
0.0183002472298167,0.666884506693445,-0.0652621755322816,0.0030033958819729,-0.0110231565360838,-0.0208468461321408,0.00429261266858848
0.0288560483532151,0.729168440890626,-0.0684320842142311,0.0287406336226493,-0.0110072320459216,-0.020533037992496,0.00442097537165109
0.0388920060492376,0.789756519639134,-0.0717280955761289,0.0537920114157933,-0.0109066261582756,-0.0201378872909387,0.00442921991426638
0.048364850472766,0.848506863067249,-0.0751400417897823,0.0781157831778178,-0.0107126182390954,-0.0196550614523558,0.0043163698895934
0.0572796401931822,0.905270424974498,-0.0786438107415455,0.101703701263866,-0.0104209330004542,-0.0190803216819501,0.00408548474098331
0.0656826284707229,0.959886329044708,-0.0822024136398073,0.124569286419193,-0.010031523440978,-0.018412068687412,0.00374341938224616
0.0736476630322285,1.01217946449337,-0.0857690900800303,0.146732741455224,-0.00954792503427124,-0.0176514933283956,0.00330034430596691
0.0812593622266154,1.06196024894552,-0.089291573194169,0.168205744399594,-0.00897638336676133,-0.0168023518955721,0.00276912465692024
0.0885966583844912,1.10902638869486,-0.092716492348033,0.188978974354277,-0.00832497680006898,-0.0158704747675038,0.00216466346406839
0.0957195561362591,1.15316565637788,-0.0959929905741218,0.209014122158398,-0.00760289733094826,-0.0148631426604712,0.0015032880055828
0.102660722035288,1.19415891467762,-0.099075018203667,0.228240988954972,-0.00681997187800561,-0.013788463682101,0.000802222644056867
0.109422212041888,1.23178244769123,-0.101922165005389,0.246559288938973,-0.00598642064330332,-0.0126548423350025,7.91549221410157e-05
0.115976672753167,1.26580912734524,-0.104499277163747,0.263844247456912,-0.00511279096433955,-0.0114705869934527,-0.000648122995630855
0.122271884836852,1.29600929462214,-0.106775426360915,0.279955087282857,-0.00420997892527755,-0.0102436691169541,-0.00136202788350805
0.128237191742577,1.32215087895802,-0.108722743193691,0.294745202110503,-0.00328923647094514,-0.0089815960002996,-0.00204548718440689
0.133790633939425,1.34400092386822,-0.110315766805116,0.308073345502787,-0.0023620899262163,-0.0076913723118649,-0.00268225312110733
0.138845549030006,1.36132807978223,-0.111531565616068,0.319814650371909,-0.00144011368665226,-0.00637950053890818,-0.00325723949308515
0.143315807458851,1.37390757080122,-0.11235080555909,0.329870675148692,-0.000534550168990635,-0.00505200369015634,-0.0037568756354805
0.14711893261626,1.38152810858019,-0.11275953356764,0.338177288995445,0.000344197916098079,-0.00371445542819928,-0.00416945613802695
0.150176679032648,1.38400025235924,-0.1127512615417,0.344709401397002,0.00118713829278577,-0.00237202094366951,-0.00448545601424102
0.152413051988344,1.38116573397149,-0.112328857319278,0.349481962656525,0.00198723498130335,-0.0010295180071521,-0.00469778214126889
0.1537500808217,1.37290605708766,-0.111505697629208,0.352546975969957,0.00273983537774572,0.000308499932644583,-0.00480193693591986
0.154102185767827,1.35914959059939,-0.110305771948027,0.353987141126578,0.00344289656929683,0.00163764132777832,-0.00479608494081888
0.153370291595144,1.33987648481311,-0.108762657363067,0.353907341388487,0.00409695830796497,0.00295356800368691,-0.00468102539517515
0.151436920557909,1.31512090819757,-0.106917518217173,0.352425515664034,0.00470484819449548,0.00425189861115915,-0.00446008176976919
0.148163392782903,1.28497106819676,-0.104816520114313,0.349664621533097,0.0052711478391531,0.00552814024748262,-0.00413892518415612
0.14338983508329,1.24956754982554,-0.10250811275916,0.345746977098038,0.00580148688347042,0.0067776570565134,-0.0037253485455698
0.13693820388328,1.20910076593693,-0.10004061342964,0.340791655033443,0.00630176035638408,0.00799567269319972,-0.00322900855411349
0.128618106103657,1.16380852030753,-0.097460415901858,0.334914916313289,0.00677737984593973,0.00917729263035218,-0.00266115404789498
0.1182349290761,1.11397439987689,-0.0948109643330597,0.328232990765521,0.00723266543107387,0.01031752508789,-0.00203435918763211
0.10559976309078,1.05992743395069,-0.0921324549201364,0.320866106850282,0.00767046501765014,0.0114112803379711,-0.00136227849746118
0.090540728514239,1.00204298689974,-0.0894620820805465,0.312942538258218,0.00809205301476046,0.0124533379784308,-0.000659435307542022
0.0729154724057527,0.940744265364932,-0.0868345564123782,0.30460153998603,0.00849731637738118,0.0134382883652023,5.89543438282667e-05
0.0526246488557227,0.87650340595065,-0.0842826118712816,0.295994360008286,0.00888519103950549,0.0143604753357115,0.000777131928635184
0.029625976757952,0.809840432206263,-0.0818372343497453,0.287282777316754,0.00925426699018758,0.0152139811277056,0.0014789426168151
0.00394804391946579,0.741318642502183,-0.0795274655214032,0.278635094684144,0.00960345124368412,0.0159927076281298,0.00214800815870153
-0.0242977045681024,0.671534691633703,-0.0773797056893622,0.270219684435632,0.00993255472444924,0.0166905970286661,0.00276796253740986
-0.0549090707491768,0.601102353540086,-0.0754165749916871,0.262196506340445,0.0102426689339319,0.0173020133760325,0.00332278433194691
-0.0875920594991977,0.530630070370818,-0.0736555219546742,0.254707312837312,0.0105362217051024,0.0178222688206743,0.00379724966058693
-0.121969279142428,0.460693817203095,-0.0721074629697546,0.247865508554803,0.0108166500332986,0.0182482273411938,0.00417750931357665
-0.157599204578389,0.391808685656136,-0.0707758073513888,0.241746947226334,0.0110877066277374,0.0185788744391475,0.00445176433430719
-0.194005466672625,0.324404079803311,-0.069656207003801,0.236383133449414,0.0113525116547615,0.0188157157790664,0.00461097965098303
-0.230712383210307,0.258807814656575,-0.0687372389129943,0.231758192961475,0.0116125473243427,0.0189628751677263,0.00464954361313397
-0.267280328842513,0.195243302283192,-0.0680020205365134,0.227810563385406,0.0118668427601831,0.0190268163040209,0.00456576636849029
-0.303333448741752,0.133841086605924,-0.0674304934529869,0.224439518129459,0.0121115761068874,0.0190156948501893,0.00436212128110417
-0.338573475582565,0.0746621548617635,-0.0670018927279457,0.221515595652675,0.0123402244036005,0.0189384333094554,0.00404517396501174
-0.372777076126698,0.0177272252123525,-0.0666968813708402,0.218893250865749,0.0125442530466375,0.0188036817851121,0.00362520600008276
-0.405778576414013,-0.036955394965155,-0.0664988990750727,0.216423537181821,0.0127141863627479,0.0186188333215159,0.00311559826634141
-0.437443946038543,-0.0893696930189559,-0.0663945635028114,0.213965024831391,0.0128408177205361,0.0183892458033371,0.00253208122428837
-0.467643629434232,-0.139483078362781,-0.0663732256716865,0.211391833032096,0.0129163027780572,0.0181177622516253,0.0018919654643277
-0.496231035421665,-0.187248670166928,-0.0664259829082835,0.208598497906847,0.0129349374830161,0.0178045608681275,0.00121344263447844
-0.523031173175251,-0.232615746055925,-0.0665445641915865,0.205502170799682,0.0128935279353184,0.0174473302414422,0.000515007640723926
-0.547840632268609,-0.275543836370052,-0.0667204359825737,0.202042852155403,0.0127913583528017,0.0170417334854786,-0.000184991190248442
-0.570437354122538,-0.316015914956348,-0.0669443563278332,0.198182291834216,0.0126298452550627,0.0165821144272335,-0.000868700533956447
-0.590596606395265,-0.354047128834802,-0.0672064256693535,0.193901791951755,0.0124120081344048,0.0160623833474315,-0.0015190541508071
-0.608108906234158,-0.389687162082097,-0.0674965561640213,0.189198872917077,0.0121419022639888,0.0154770092463556,-0.00212005543040587
-0.622795784747226,-0.423016049872165,-0.0678051757462295,0.184082607412625,0.0118241415536604,0.0148220223316056,-0.0026570860156813
-0.634519840347225,-0.45413454933895,-0.0681238991057523,0.178567458529803,0.0114635935146573,0.0140958983461926,-0.00311725360412141
-0.643187912606022,-0.483151783633579,-0.0684460146566707,0.172666175125166,0.0110652916613327,0.0133002067462547,-0.00348976827295198
-0.648746947056563,-0.510172831156922,-0.0687665957303805,0.1663824938939,0.0106345304419117,0.0124398883068611,-0.0037663098443526
-0.651174598658012,-0.535289274305148,-0.0690822420228579,0.159705069941566,0.0101770709170623,0.011523090318422,-0.00394133492714614
-0.650467110969194,-0.558574456490695,-0.0693904978277541,0.15260392231535,0.0096993427471081,0.0105605441459545,-0.00401226677204117
-0.646628065412722,-0.580084378812042,-0.0696891519392208,0.145030499347956,0.00920854197912405,0.00956457176461767,-0.00397952752606677
-0.639660171380655,-0.599863099186209,-0.0699755607180291,0.136921480122343,0.0087125459421057,0.00854786826071056,-0.00384639377326718
-0.629562105686655,-0.617951217771989,-0.0702462130147946,0.128205823634133,0.00821963978574077,0.00752226866269068,-0.00361869394872393
-0.616330206620241,-0.634395018858705,-0.0704965982423337,0.118813669686117,0.00773809611554191,0.00649768686985382,-0.00330438958596354
-0.599963647089736,-0.649254089608041,-0.0707213479150898,0.108685386626072,0.00727569190497111,0.00548136645258575,-0.00291309847983507
-0.580471590129869,-0.662606483615071,-0.0709146021499203,0.0977792924333873,0.00683926626109782,0.00447751493011774,-0.00245562229407928
-0.55787994139057,-0.674550624820884,-0.0710704206147346,0.0860768280191985,0.00643439740887574,0.00348730830034483,-0.00194352501191556
-0.53223648732301,-0.685204603408246,-0.0711831409542923,0.0735847003914972,0.00606525469695546,0.00250920774022918,-0.00138879467771969
-0.503613463322795,-0.694703560148305,-0.0712475782690732,0.0603339666851453,0.00573463921222299,0.00153949994751736,-0.000803599116656883
-0.472107431293966,-0.703196113030609,-0.0712590317055613,0.046376460624225,0.00544419651964523,0.000572974740760555,-0.000200130818570707
-0.437837040205755,-0.710840843853254,-0.0712131439905886,0.0317792181328357,0.00519476416321092,-0.000396329581737574,0.000409475287465633
-0.400939167750583,-0.717803064096373,-0.0711056528644006,0.0166175973107637,0.00498679940670933,-0.001374362857038,0.00101317557736363
-0.361564774200588,-0.724252682898686,-0.0709321963685669,0.000967918086310891,0.00482083492350034,-0.00236631122201636,0.00159902962935813
-0.319874997169477,-0.730362623589683,-0.0706882228084086,-0.0150996445459135,0.00469790058751198,-0.00337587994608275,0.00215521883230105
-0.276038626076119,-0.736308049517943,-0.0703691353295475,-0.0315270789211126,0.00461985986428108,-0.00440463475103387,0.00267009843082012
-0.230231582707349,-0.742266099173078,-0.0699707041017802,-0.0482726773237373,0.00458961122642715,-0.00545143758687512,0.0031323071018879
-0.182638833802601,-0.748415857120599,-0.0694897146179724,-0.0653125746953902,0.00461111589551387,-0.00651202753898773,0.00353095206963788
-0.133458913431642,-0.75493852204202,-0.0689247618914366,-0.0826391767881859,0.00468923135590769,-0.00757881047653255,0.00385587912712359
-0.0829107399942111,-0.762017636050268,-0.0682770175340016,-0.100256374918494,0.00482935274167067,-0.00864092074315722,0.00409802337435554
-0.0312420402938231,-0.769839507194297,-0.0675507846027151,-0.118172043845887,0.00503689355462093,-0.00968460093399746,0.00424982099127318
0.0212617604420786,-0.778593582256295,-0.0667536456680496,-0.136388968842725,0.00531666057926193,-0.0106939018918744,0.00430564359175094
0.0742693720518987,-0.788472876734605,-0.0658961422092123,-0.154895961990757,0.00567219535514192,-0.0116516521372496,0.00426220587737979
0.127397346159905,-0.799673901191423,-0.0649910264796465,-0.173661147464102,0.00610514719144296,-0.012540583197384,0.00411889125879107
0.180206369492816,-0.812395237335214,-0.0640522890034406,-0.192629163336741,0.00661471695242123,-0.0133444571207357,0.00387794897964367
0.232200381877877,-0.826833481190902,-0.063094274268202,-0.211723283809809,0.0071971704400465,-0.0140490378287038,0.00354453653969778
0.282828432923186,-0.843174628365899,-0.0621311934181607,-0.230852320089223,0.00784537985764006,-0.0146427811444587,0.00312660606031277
0.331489306595238,-0.861578853906987,-0.0611772528973703,-0.249920990569311,0.00854833584178352,-0.0151171879664957,0.00263465742541667
0.377539608412649,-0.882156824566076,-0.0602474253446313,-0.26884148915436,0.00929059445563004,-0.0154668442511315,0.00208139466774545
0.420307019960855,-0.904936375257941,-0.059358645446005,-0.287543397498252,0.010051688193981,-0.0156892350759681,0.00148132231294207
0.459111585901506,-0.929820406455975,-0.0585310241933259,-0.305979114081057,0.0108056351341724,-0.0157844609618186,0.000850310071251905
0.493298290431796,-0.956539322950366,-0.0577885244791225,-0.324122369985737,0.0115207932392239,-0.0157549789767513,0.000205139585796917
0.522283286277831,-0.984604900033307,-0.057158536315652,-0.34195839338601,0.012160397178805,-0.0156054554908863,-0.000436963027221501
0.545613176156585,-1.01327601971792,-0.0566699301104678,-0.359465811606532,0.0126841284918833,-0.0153427527581432,-0.00105880690094221
0.563031778258113,-1.04154946446733,-0.0563494964341167,-0.376592586771763,0.0130509578454943,-0.0149759981378616,-0.00164371878709984
0.574542227610198,-1.06818798079232,-0.0562171176268344,-0.393230565197775,0.0132232108384939,-0.0145166040040572,-0.00217600708050765
0.580447144265335,-1.09179287157076,-0.0562805642642712,-0.409195338981943,0.0131713827147776,-0.0139780686948803,-0.00264137936856589
0.581348904716443,-1.11091791347508,-0.0565312298758499,-0.424218618153127,0.0128787647101731,-0.0133754071724349,-0.00302729276260898
0.578098843139493,-1.12420779228211,-0.0569421958041037,-0.43795821146602,0.0123446629530962,-0.0127241594073355,-0.00332323826467163
0.57169886250793,-1.13053377350778,-0.0574696264938933,-0.450026302279187,0.0115851361646612,-0.0120391021468286,-0.00352098799190788
0.563175284602872,-1.12909583932651,-0.0580575421770713,-0.460030603545624,0.0106308074102799,-0.0113329487237907,-0.00361484285931771
0.553455912823686,-1.11946993006508,-0.0586449652876931,-0.467618773744945,0.0095222431851462,-0.0106154008932033,-0.00360189899588037
0.543279590359013,-1.101595497033,-0.0591736521859679,-0.472515458433391,0.00830416728450566,-0.00989282293840106,-0.00348230449249994
0.533154183748069,-1.07571523555459,-0.0595945190606295,-0.47454416746582,0.0070200081120004,-0.00916858838289518,-0.00325943313658379
0.523362009347957,-1.04228972247828,-0.0598715251693161,-0.47363187030178,0.00570791528815217,-0.00844392945617145,-0.00293989451276149
0.513998593141031,-1.00190958140696,-0.0599826968545829,-0.469799091357559,0.00439868297242053,-0.00771898479855648,-0.00253333133026793
0.505026300776628,-0.955221122496861,-0.0599187964311706,-0.463141163726596,0.00311538585787668,-0.0069937488225031,-0.00205201144923791
0.496327432774111,-0.902872939061174,-0.059680593377771,-0.453806753863058,0.00187419559535319,-0.00626873407597708,-0.00151027377412222
0.487747588652642,-0.845483854409201,-0.0592757374245695,-0.441978334144073,0.000685801546481068,-0.00554528830805538,-0.000923911334219809
0.479125995487507,-0.783628433005983,-0.0587160091924151,-0.427857122251903,-0.000443012013027243,-0.00482560628366014,-0.0003095690680268
0.47031354043499,-0.717834953696134,-0.0580154160267651,-0.411653136027839,-0.0015079101318836,-0.00411252480646515,0.00031579119981624
0.461181007512839,-0.648590648377025,-0.0571892792359851,-0.393579530870322,-0.00250581505175308,-0.00340919216307478,0.000935337923644632
0.451620654631158,-0.57635023900021,-0.0562542395442926,-0.373849859256286,-0.00343403548971288,-0.00271868756919311,0.0015327348623706
0.441543812804473,-0.501544580475292,-0.0552289158630511,-0.352676584725441,-0.00428973103631322,-0.00204364254887286,0.00209244704289354
0.430876701249968,-0.424587354675376,-0.0541348523656003,-0.330269471018535,-0.0050697003382664,-0.0013859021120912,0.002600016202679
0.419556146631205,-0.345878748909346,-0.0529973500930692,-0.30683299284765,-0.00577046197690919,-0.000746257805797623,0.00304233036275531
0.407526368137297,-0.265805821712776,-0.051845798268916,-0.282562494259816,-0.00638857394540602,-0.000124283168460509,0.00340790104108776
0.394737437137631,-0.184739907907223,-0.0507132077517535,-0.257639363725848,-0.00692111066634811,0.000481700638886935,0.00368714576593163
0.381145766028215,-0.103032226570529,-0.0496348491226877,-0.232226152100617,-0.00736619692645055,0.00107450978220616,0.00387265934840964
0.366716196115508,-0.0210089380561051,-0.0486460805624219,-0.206462573380196,-0.00772348394843556,0.00165783282340307,0.0039594436082187
0.351425306441564,0.0610327011900998,-0.0477797308873671,-0.18046360182407,-0.00799446988787972,0.0022358388495861,0.00394506466201199
0.335264819327136,0.142826054077233,-0.0470634939390187,-0.154320170030495,-0.00818259131311474,0.00281270523845108,0.00382970810221706
0.318244343103967,0.224134006866684,-0.0465178693622338,-0.12810266202943,-0.00829306759665354,0.0033921266778164,0.00361611989012408
0.300392708293464,0.304745234903765,-0.0461550449602697,-0.101866630288793,-0.00833253040126011,0.00397686821270425,0.00330943829784542
0.281757522595189,0.384468636259444,-0.0459788879841143,-0.0756596658413548,-0.00830851357938938,0.00456841138521159,0.00291694074087463
0.26240284391725,0.463126965720144,-0.0459859231069513,-0.0495280634104035,-0.00822889738254696,0.00516671686647042,0.00244774058920813
0.24240567826277,0.54055097782246,-0.0461670260640753,-0.0235222107957423,-0.00810141069720357,0.00577010754618571,0.00191247809806297
0.221851571194018,0.616574605936302,-0.0465093215698258,0.00230034513353889,-0.00793325776013667,0.00637524600103525,0.00132303848942762
0.200830556320005,0.691032133900817,-0.0469979544267922,0.0278743311800732,-0.00773092685279507,0.0069771912456943,0.000692327230986923
0.179434043196227,0.763757702544834,-0.0476173915430184,0.0531287336572198,-0.00750018983954648,0.00756951715885172,3.41105883074954e-05
0.157753097826811,0.834586952734505,-0.0483520757190196,0.0779908972842181,-0.00724626759745554,0.00814449226886141,-0.000637088291722057
0.13587835081907,0.903360803079195,-0.0491864600103164,0.10239204667334,-0.00697411029808692,0.00869333869190468,-0.0013060618549786
0.113901465808438,0.969929731594725,-0.050104467368319,0.126273107732993,-0.00668871151535316,0.00920659795009654,-0.00195700106002308
0.0919178387496821,1.03415749295117,-0.051088635604291,0.149589608316046,-0.00639536065889608,0.00967462635422498,-0.00257363309510989
0.070030146606723,1.09592254832822,-0.052119204826189,0.172314210504326,-0.00609973347239831,0.0100882290443723,-0.00313946314242005
0.0483522382182046,1.15511677155611,-0.0531734947633611,0.194435704663421,-0.00580773627175772,0.010439412664617,-0.00363816422204047
0.0270124858059462,1.21163986689675,-0.0542257903314521,0.215953549355922,-0.00552504235573089,0.0107221704208328,-0.00405413857803996
0.00615588143042803,1.26539065520161,-0.0552479479282617,0.236868129036427,-0.00525633553932655,0.0109331780521398,-0.00437324586059236
-0.0140558756076921,1.3162558282041,-0.0562106916153092,0.257167850158474,-0.00500435286421527,0.0110722298455663,-0.0045836460474546
-0.0334465958645784,1.36409866742018,-0.057085425520378,0.276815531506013,-0.00476891446303015,0.0111422606135124,-0.00467666165654074
-0.0518298825940758,1.40875038785325,-0.0578462133479907,0.295737279001611,-0.00454618439046218,0.0111488609752141,-0.00464753162506241
-0.0690146508689354,1.45000667162278,-0.0584715217434475,0.313816979359077,-0.00432839847679679,0.0110993082531906,-0.00449592945315122
-0.0848106929211741,1.48763073628442,-0.0589453919873384,0.330898392820934,-0.00410420690292075,0.0110012626458332,-0.00422615544378541
-0.0990331381057009,1.52136219452956,-0.0592578753997099,0.346794833853848,-0.00385963373515026,0.0108613703687287,-0.00384697735686234
-0.111505185062528,1.55092996813411,-0.0594048230192113,0.361304571662077,-0.00357950939288422,0.0106840455048573,-0.00337116641800588
-0.122059249961212,1.57606551522205,-0.0593872543315596,0.3742285393122,-0.00324913239157299,0.0104706430176138,-0.00281482124633041
-0.130537543406288,1.59651367769253,-0.0592106300349416,0.385386920575858,-0.00285590414598723,0.0102191429949405,-0.00219658809777625
-0.136793644287014,1.61203886883337,-0.0588842661062934,0.394631843814582,-0.00239073511033564,0.00992435527711704,-0.00153686254202434
-0.140696800519433,1.62242575617565,-0.0584209793737718,0.401854729935101,-0.00184911106181704,0.00957857419375704,-0.000857017511242496
-0.142140473728009,1.62747598427575,-0.0578369273837879,0.406988398134915,-0.00123179106669024,0.00917257789903327,-0.000178663454013854
-0.141055896118364,1.62700284644008,-0.057151461146747,0.410004830078092,-0.000545150408482561,0.0086968491215543,0.000477081666368041
-0.137430398267162,1.62082679665805,-0.0563867903770909,0.410910060665158,0.000198818152170147,0.00814289485227637,0.00109033778553486
-0.131329037985253,1.60877549253443,-0.0555673378191551,0.409737901649369,0.000982863156669783,0.00750454096867226,0.00164322958275926
-0.122916577308896,1.59069044194282,-0.0547187294956918,0.406543696722709,0.00178524845156446,0.00677905985917647,0.00212064485930697
-0.11247562835624,1.56644140922288,-0.0538664984938499,0.401398956797029,0.00258100473168663,0.00596798425498691,0.00251091195222905
-0.100416086379284,1.53594845278444,-0.0530346831491763,0.394387374402255,0.00334367701025425,0.0050774772226715,0.00280629450727668
-0.0872711060862846,1.49920744082321,-0.0522444653510277,0.385601806894313,0.0040474796229887,0.00411816873122905,0.00300320008998077
-0.0736766791136662,1.45631486735215,-0.0515130373079486,0.375142027095265,0.00466963182560506,0.00310446045056845,0.00310204008345165
-0.0603348581192354,1.4074854242324,-0.0508527909771013,0.363112651757508,0.00519252385819517,0.00205339151457987,0.00310674880726565
-0.047964640604649,1.35305792883045,-0.0502709287610338,0.349621224421588,0.00560532857305487,0.000983245836332043,0.00302405216156084
-0.0372479154571874,1.29348652907363,-0.049769514000639,0.334776423109862,0.0059047551863496,-8.78802986848016e-05,0.00286263009931246
-0.0287795337603222,1.22931903802864,-0.049345979135232,0.318686909132657,0.00609483638450249,-0.00114333984199263,0.00263232856372509
-0.0230295049628612,1.1611657048552,-0.0489939819026126,0.301460830224759,0.00618585841094292,-0.00216887481823656,0.00234353367675064
-0.0203220939444626,1.08966533124276,-0.048704505922473,0.283206243110493,0.00619272449946768,-0.00315316142795949,0.00200675893744789
-0.0208323656890101,1.01545337806402,-0.0484669953208241,0.264031929907458,0.00613309895552811,-0.00408796589975514,0.001632428512665
-0.0245971735658794,0.939136712764416,-0.0482703949040048,0.244048394084333,0.00602564517148557,-0.00496797328394304,0.00123080359022374
-0.0315355898934416,0.861276735750663,-0.0481040010191171,0.22336869535814,0.00588856110286345,-0.0057903819926509,0.000811986072107164
-0.0414735621641949,0.78238022569985,-0.0479580732309657,0.202108815862164,0.00573849402510632,-0.00655435931560404,0.000385943019721943
-0.05416859269538,0.702897112270579,-0.0478242587635761,0.180387694056167,0.00558983070578518,-0.00726044606046169,-3.74845334700596e-05
-0.0693317752142719,0.623222481248243,-0.0476958306637666,0.158326771853807,0.00545429929126186,-0.00790997246688796,-0.000448609276462275
-0.0866460164583887,0.543701687954331,-0.0475678105361459,0.136049301684172,0.00534081375259355,-0.00850453575874669,-0.000837968588662938
-0.105780325076031,0.464636527155329,-0.0474369513233168,0.113679278950982,0.0052554909378133,-0.00904556337757326,-0.0011964397503975
-0.126400707179924,0.386292112316584,-0.0473016125515907,0.0913401531497832,0.00520179614591379,-0.00953398403513284,-0.00151539618115772
-0.148178361774312,0.308903629029995,-0.0471614969595594,0.0691532275854056,0.00518078241997213,-0.00997001194539955,-0.00178689915516204
-0.170795796448749,0.232682819543778,-0.0470172530614458,0.0472357962022695,0.00519140113645491,-0.0103530467539057,-0.00200391610052532
-0.193951309238408,0.157824252879295,-0.0468699907388174,0.0256991428469062,0.00523086504348322,-0.0106816899555765,-0.00216055350340058
-0.217361916377042,0.0845109644082763,-0.0467207368472744,0.00464647966930868,0.00529503562617953,-0.0109538614974185,-0.00225228681181341
-0.240764901954231,0.012919511630546,-0.0465699699096798,-0.0158289215740414,0.00537881082655464,-0.0111670106230038,-0.00227616998993338
-0.263917727461736,-0.0567763914788108,-0.0464172552226306,-0.0356453237019932,0.00547647297053966,-0.0113183792292225,-0.00223100196331818
-0.286596572000727,-0.124403883605035,-0.0462611110522982,-0.054733658875183,0.00558197443375821,-0.0114052966643981,-0.0021174352058928
-0.308593800719688,-0.189791203798357,-0.0460991367145469,-0.0730382011983187,0.00568914349225666,-0.0114254690817117,-0.00193801525673371
-0.32971460291395,-0.252770390344646,-0.0459283396503092,-0.0905167993791861,0.00579180452792689,-0.011377218175224,-0.0016971455483254
-0.349773501505038,-0.313182168757403,-0.0457456147740989,-0.107140743609239,0.00588383245802135,-0.0112596484047784,-0.00140098335626414
-0.368591497208429,-0.370882527604954,-0.0455482885137446,-0.12289440066943,0.00595917535084864,-0.0110727333502432,-0.00105727858481024
-0.385994393962825,-0.425750116603089,-0.045334608902357,-0.137774704975354,0.0060118831629807,-0.010817320216352,-0.000675169088821951
-0.401812849063038,-0.477693561098352,-0.0451041078889009,-0.151790581818374,0.00603618093830386,-0.0104950701723322,-0.00026494659875231
-0.415884440746045,-0.526657890638732,-0.0448577960613088,-0.164962328408899,0.006026612324428,-0.01010835861731,0.000162197175393197
-0.428057405019557,-0.572629128662571,-0.0445981542764555,-0.177320796209634,0.00597825447553646,-0.00966015111469338,0.000594441091299221
-0.438195242102012,-0.615636102158728,-0.0443289186153915,-0.188906081557504,0.00588698189261028,-0.00915386635202534,0.00101962221227281
-0.446182033048417,-0.655749879318624,-0.0440547810713247,-0.199765744990573,0.00574975124982048,-0.00859325453272663,0.00142554327240397
-0.451926902624129,-0.693080075317038,-0.0437809974523127,-0.209952130640263,0.00556484791768952,-0.00798228105785703,0.00180030224468762
-0.455367362795557,-0.727769061707705,-0.0435130245344254,-0.21951893610892,0.00533205361780725,-0.00732503238190139,0.00213264204895496
-0.456471011797524,-0.759984771412985,-0.0432562323660777,-0.228517163693223,0.00505269977061804,-0.00662564550577641,0.00241231227578031
-0.455235428095637,-0.789912859575814,-0.0430157106396157,-0.236990769355412,0.00472959451979529,-0.00588826266020958,0.00263042688312458
-0.451686588308189,-0.81774905248114,-0.0427961695710794,-0.244972544847753,0.00436684009036296,-0.00511701415515121,0.00277979608606589
-0.445876326032467,-0.843692169779168,-0.042601906169065,-0.252480826553218,0.00396957827598982,-0.00431602858614361,0.00285520793749315
-0.437879340733366,-0.867937883167477,-0.0424367932888155,-0.259517555468872,0.00354371033221183,-0.00348946509918993,0.00285363685888509
-0.427790038066857,-0.890672868083744,-0.0423042508540258,-0.266067989920009,0.00309563006495213,-0.00264155830839574,0.00277436245907577
-0.41571942422835,-0.912069284782716,-0.0422072003745198,-0.272102200679073,0.00263199137445153,-0.00177666718776067,0.00261899305508754
-0.401791855190477,-0.932279353194466,-0.0421480111992976,-0.277578060733214,0.00215950651141172,-0.00089931824960982,0.00239139768089351
-0.386141458448366,-0.951430286178063,-0.0421284739922549,-0.2824452268431,0.00168475581040149,-1.42383033331239e-05,0.00209755979048732
-0.368908118103094,-0.969620148588563,-0.0421498372593996,-0.286649446781072,0.00121398589708677,0.000873624085152035,0.00174537106096407
-0.350233039089941,-0.986915193404504,-0.0422129201174531,-0.290136458546404,0.000752882500626077,0.00175908725092779,0.00134438431391354
-0.330254271374374,-1.00334948556634,-0.0423183075209431,-0.292854983060897,0.00030632161902756,0.00263673476920186,0.000905542863044057
-0.30910250107277,-1.01892682106953,-0.0424665888937249,-0.294758399313313,-0.000121881010403757,0.00350092733625307,0.00044089704715556
-0.286897590797671,-1.0336248615027,-0.0426586028460973,-0.295805090176181,-0.000529189795798261,0.00434583674427958,-3.66868317950131e-05
-0.263746216185953,-1.04740082311777,-0.0428956403335628,-0.295957695161422,-0.000914502372284123,0.00516551408815543,-0.000513826563303093
-0.23974088634577,-1.06019794931449,-0.0431795730882808,-0.295181807776545,-0.00127820244021478,0.00595400469769292,-0.000976939128905031
-0.214960442209977,-1.0719516997158,-0.0435128780287523,-0.293444750895707,-0.00162208650001385,0.00670551644359282,-0.00141257937078541
-0.189472043180969,-1.08259480850951,-0.0438985476814926,-0.290715124424047,-0.00194915002287019,0.00741463771670561,-0.00180780937672406
-0.163334511559764,-1.09206061768848,-0.04433988992872,-0.286963688677467,-0.002263234111299,0.00807658705137162,-0.00215060050647754
-0.136602727253056,-1.10028437957993,-0.0448402302293284,-0.282165842723721,-0.00256855335681387,0.00868746085571636,-0.0024302606500486
-0.109332582705408,-1.10720256887971,-0.0454025405578993,-0.276305542700285,-0.00286914829038877,0.00924443392117541,-0.00263786706644373
-0.0815858903853262,-1.11275090331214,-0.0460290456637089,-0.269380148945631,-0.00316832853269479,0.00974586701587433,-0.00276667350128937
-0.053434478767347,-1.11686166887996,-0.0467208560483218,-0.261405239125906,-0.00346818624345295,0.0101912830697121,-0.00281245110903434
-0.0249628073858707,-1.11946135545995,-0.047477698924941,-0.252418363120133,-0.00376925933999522,0.0105811976684651,-0.00277372209985794
0.00373138597633816,-1.12046932838791,-0.0482978097907881,-0.242480806751995,-0.00407040344392607,0.0109168179875276,-0.00265185313939274
0.032538537982012,-1.11979805973838,-0.0491780348343269,-0.231676861723142,-0.00436889456523778,0.0111996544086444,-0.00245099297889822
0.0613405540089234,-1.11735482089694,-0.0501141546779623,-0.220110613371251,-0.00466073868009726,0.011431107281553,-0.0021778601995308
0.0900153342261528,-1.11304461337628,-0.0511014125094512,-0.207900870741983,-0.00494112552010379,0.0116120991460976,-0.00184140823579693
0.118441744104234,-1.10677362377584,-0.0521351822181114,-0.195175177060143,-0.00520494041390178,0.0117428106396664,-0.00145240784945599
0.146504240437423,-1.09845254850506,-0.0532116888811144,-0.182063956638394,-0.00544724817709708,0.0118225586444353,-0.00102299105737201
0.174096525745824,-1.08799924244368,-0.0543286780432484,-0.168695668367344,-0.00566368259152445,0.0118498302571437,-0.000566194445983766
0.201123857403916,-1.07534047604221,-0.05548593197293,-0.155193487030206,-0.00585070645573366,0.0118224643426385,-9.55276787589988e-05
0.227503877554325,-1.06041275664715,-0.0566855347723698,-0.141673593169894,-0.00600573898230426,0.0117379540187368,0.000375421115212923
0.253166066541503,-1.0431626480992,-0.0579318188335778,-0.128244827633918,-0.00612717399880752,0.0115938345760927,0.000833342885642187
0.278050014248658,-1.02354681308363,-0.0592309380844689,-0.115009171370668,-0.00621432476455517,0.0113881104475736,0.00126553523130058
0.302102848255928,-1.00153236327745,-0.0605900739673667,-0.102062478284093,-0.00626733535003685,0.0111196743257757,0.00166020841167287
0.325276182151051,-0.977097761557407,-0.062016324955749,-0.089494905859328,-0.0062870898853978,0.0107886672297906,0.00200677502405689
0.347522978903252,-0.950234322824303,-0.0635153937606289,-0.0773906573486516,-0.0062751374530212,0.0103967303785681,0.00229612178360824
0.368794774032862,-0.920948247062158,-0.0650902522593969,-0.0658268979423144,-0.00623363595068434,0.00994710914274343,0.00252085423875616
0.389039616916622,-0.889262697304303,-0.0667399873767868,-0.0548719359421986,-0.00616530407357096,0.00944458255384266,0.00267549850593173
0.408201111253655,-0.855219644985944,-0.068459047656152,-0.0445830041212106,-0.00607336541082106,0.00889521806101057,0.00275664184735987
0.426218658136173,-0.818880829969314,-0.0702370331817896,-0.0350040638159747,-0.00596146604507105,0.0083059732805812,0.0027629951173957
0.443028925759554,-0.780327663067245,-0.0720590986108285,-0.0261640886174881,-0.00583355582493118,0.00768419466976287,0.00269536774143617
0.458568264055554,-0.739659887876017,-0.0739069057309462,-0.018076154333502,-0.00569373257233565,0.0070370770203271,0.00255655551047549
0.472775803888146,-0.696993467802031,-0.0757599873151455,-0.0107374919534604,-0.00554606261005769,0.00637115616095664,0.00235115373950871
0.485596489385483,-0.6524576009489,-0.0775972480307778,-0.00413041304930266,-0.00539439384509406,0.00569189080192489,0.00208531482040949
0.496983821936561,-0.606191848794994,-0.0793984051364055,0.00177610451237379,-0.00524218762658522,0.00500338323161896,0.00176647623526913
0.506901692473028,-0.558343508599791,-0.0811451074524711,0.00702451516847304,-0.00509238862138144,0.00430825108499357,0.00140308512119097
0.515325231140907,-0.50906578760179,-0.0828216415553894,0.0116667900483991,-0.0049473475392017,0.00360765673297226,0.00100433776633751
0.522240262019188,-0.458516541000619,-0.0844151072177033,0.0157627292711129,-0.004808800455143,0.00290146853030975,0.000579948300988158
0.527641766899094,-0.406857924510651,-0.0859151508663933,0.0193785975424872,-0.00467790541802348,0.00218853173389398,0.000139952009591428
0.531531197794969,-0.354256291310798,-0.0873132922951718,0.0225860458070359,-0.00455532342409039,0.0014670144185298,-0.00030546032949767
0.533913029717862,-0.300882106202825,-0.0886019945541075,0.0254611662078323,-0.0044413309767782,0.000734799277039144,-0.000746084962447424
0.534791063304012,-0.246909555148674,-0.0897736554658473,0.0280834656771125,-0.00433594923893778,-1.01068056075891e-05,-0.00117183658415829
0.534164499141203,-0.19251517755545,-0.0908196146757049,0.0305345181438197,-0.00423906986623852,-0.000769174120184631,-0.00157288160583068
0.532024916195599,-0.137875739453001,-0.0917294368780849,0.0328961446196783,-0.00415056855374584,-0.00154298778554014,-0.00193978512983791
0.528354082505651,-0.0831649528421999,-0.0924905111659413,0.0352480391401035,-0.0040703901683864,-0.00233095173426709,-0.00226367914386813
0.523123443095219,-0.0285495134686769,-0.0930881288659548,0.0376649495687908,-0.00399860220457654,-0.00313108740256681,-0.00253645488741747
0.516295532333925,0.0258151255687015,-0.0935060715474724,0.0402136686414776,-0.00393541503010107,-0.00393995437643074,-0.00275097551546909
0.507827515024854,0.0797885920827033,-0.0937277027472298,0.0429502376427843,-0.00388117483851159,-0.00475271337134171,-0.0029012992453943
0.497676495170985,0.133248412509993,-0.0937374342108794,0.0459178166432981,-0.0038363383641302,-0.00556333783021516,-0.00298289676372804
0.485805927378938,0.18609123270947,-0.0935223688387826,0.0491456344277452,-0.00380144160806451,-0.00636496108562223,-0.00299284336273639
0.472191823177178,0.238232001540569,-0.093073804346391,0.0526492432190804,-0.0037770716433089,-0.00715032038210782,-0.00292996400767109
0.456828608770214,0.289601245285298,-0.092388513352537,0.0564321484613578,-0.00376385585740683,-0.00791225269886187,-0.00279492112730494
0.439732919448131,0.340140695680693,-0.091469452587873,0.0604884717170723,-0.00376246315963177,-0.00864417103259745,-0.00259023225661172
0.420945142361562,0.3897980145873,-0.0903258657776764,0.0648061603898144,-0.00377361242471985,-0.00934046131421512,-0.00232022028277382
0.400528835184814,0.438521679113261,-0.0889728367480349,0.0693701278300049,-0.00379807536158056,-0.00999675400810507,-0.00199090663353396
0.378567948521052,0.486256661630396,-0.0874303184948682,0.0741646490997044,-0.00383665220666292,-0.0106100337729031,-0.00160985904811517
0.355162933274785,0.532941827263439,-0.0857218950776803,0.0791745831201,-0.00389010635736375,-0.0111785882012569,-0.00118601237002214
0.330426409543899,0.57850928935153,-0.0838734421706881,0.0843851768356867,-0.00395904585301663,-0.0117018088456771,-0.000729475106141161
0.304479148949123,0.622885575789881,-0.0819118517254244,0.0897805076317213,-0.00404375085634754,-0.0121798746525303,-0.000251330097745892
0.277447189030129,0.665994491707785,-0.0798640002516564,0.0953409576522959,-0.00414396181733021,-0.0126133656729567,0.000236568344970068
0.249460061325741,0.707760556618374,-0.0777559514434376,0.101040238622886,-0.00425865079165581,-0.0130028427009768,0.000721807915432797
0.22065029079211,0.748112455055643,-0.0756124443768397,0.106842735590659,-0.00438581467171839,-0.0133484437225189,0.00119165331681456
0.191153780087299,0.786985675161191,-0.0734566195035292,0.112701934634451,-0.00452233345805181,-0.0136495403714103,0.00163331797461589
0.16111039826993,0.824323418156957,-0.0713098835577505,0.118560569422678,-0.00466393491180669,-0.0139044904323893,0.00203428598652046
0.13066417045867,0.860075558209251,-0.0691918563404647,0.124352924852211,-0.00480529934807518,-0.0141105251566092,0.00238269122900798
0.0999623981939355,0.894195472626453,-0.0671203116038641,0.130009282379492,-0.00494031577478605,-0.014263793747961,0.0026677480411242
0.0691534036937404,0.926635497104269,-0.0651110937105889,0.135462058421197,-0.00506247431689543,-0.0143595793182655,0.00288021256392274
0.0383828385138495,0.957341665815746,-0.0631779742370482,0.140652629632447,-0.00516534550905229,-0.0143926680962383,0.00301283629784609
0.00778902323828286,0.986249184012708,-0.0613324891663826,0.145537593596166,-0.00524307497827653,-0.0143578353652677,0.00306076311252156
-0.0225019519368935,1.01327961865475,-0.0595837814333426,0.150093132672047,-0.00529081080586911,-0.0142503796903354,0.0030218182131787
-0.0523804593620452,1.03834085937051,-0.0579385088566219,0.154316546449177,-0.00530499585748461,-0.0140666298837646,0.00289664959510601
-0.0817561554441093,1.06132987308724,-0.0564008346587684,0.158224579668018,-0.00528348746464909,-0.0138043456404463,0.00268870263880662
-0.110558986495949,1.08213804364241,-0.0549725228530559,0.161848959077343,-0.00522551102952363,-0.0134629602063491,0.00240403591267181
-0.138738440193336,1.10065803326122,-0.0536531146848719,0.165230103758473,-0.00513148998820465,-0.0130436412711633,0.00205100825057039
-0.166261499394338,1.11679104515944,-0.0524401578314952,0.168410304287963,-0.00500281700530209,-0.0125491836492832,0.00163988145595668
-0.193109955919967,1.13045325884403,-0.0513294491390422,0.171427598167343,-0.00484163105529706,-0.0119837717845021,0.0011823846320938
-0.219277786086836,1.1415809998069,-0.0503152885271845,0.174311322015758,-0.00465065001569888,-0.0113526690591558,0.000691279228449901
-0.244768993957513,1.15013379432797,-0.0493907227317688,0.17707974332302,-0.0044330778834601,-0.0106618797380217,0.00017994876641685
-0.269596116365187,1.15609563184482,-0.0485478180593719,0.179739835799257,-0.00419258198453428,-0.00991782763825691,-0.000337975492599891
-0.293779220922242,1.15947455144912,-0.047777989971443,0.182288831485886,-0.00393331226532798,-0.00912707419500737,-0.000848953996596497
-0.317344994498712,1.16030083821932,-0.0470724162416568,0.184716963002889,-0.00365992361295728,-0.00829608481304164,-0.00133985080630526
-0.340325463130763,1.15862432563968,-0.0464225474886368,0.18701074468674,-0.00337756149398064,-0.00743104436140656,-0.00179822668875278
-0.362755905177544,1.15451110019963,-0.0458206874870391,0.189156132073123,-0.00309177800563355,-0.00653771712376982,-0.00221261941789902
-0.384671718010903,1.14803992779663,-0.0452605805333682,0.191141007800584,-0.00280835984050085,-0.00562134826001228,-0.00257281175925355
-0.406104334661652,1.13929888773022,-0.0447379208891211,0.192956632443478,-0.00253306833778829,-0.00468660851504864,-0.00287008178373673
-0.427076495725442,1.12838236389208,-0.0442506768373413,0.194597850308689,-0.00227131026410335,-0.00373758473456688,-0.00309742466728454
-0.447597435839102,1.11538861962665,-0.0437991443073108,0.196062078656045,-0.0020277757874343,-0.0027778203337837,-0.00324973244423599
-0.467658738432569,1.10041836333146,-0.0433856990820625,0.197347364570245,-0.00180609242564462,-0.00181040766310189,-0.00332391937143873
-0.487231381276761,1.08357410694079,-0.0430142587833753,0.198449884794668,-0.00160854629288249,-0.000838125634505573,-0.00331898277895992
-0.506264372695525,1.06496027576705,-0.0426895394560124,0.199361409056526,-0.00143591643621595,0.000136389816974341,-0.00323599527841536
-0.524685098484336,1.04468393629386,-0.0424162381013664,0.200067254821592,-0.00128745225286627,0.00111046145983881,-0.00307803054862638
-0.54240096569966,1.02285541452586,-0.0421982684255311,0.200545071601992,-0.00116100096499755,0.00208119547007999,-0.00285002891664986
-0.55930190653414,0.999588564263852,-0.042038179386365,0.20076470446407,-0.00105326828822955,0.0030453355812099,-0.00255861466447052
-0.575263108638078,0.975000217001542,-0.0419368309737358,0.200689125798516,-0.000960173341427717,0.00399916292503177,-0.00221187835518399
-0.590147297040721,0.949208244270788,-0.0418933350585696,0.200276186604695,-0.000877244753317888,0.00493844999876639,-0.00181913692059197
-0.603806337814651,0.92232825533796,-0.0419052303304121,0.199480883616026,-0.000800001645684267,0.00585847043002551,-0.00139068367385675
-0.616082048269072,0.894468765236764,-0.0419688034964525,0.1982577125019,-0.000724269833483372,0.00675406003739957,-0.000937535916988228
-0.626806579248805,0.86572517025814,-0.0420794618121563,0.196562764693761,-0.000646399628035567,0.0076197223528826,-0.000471184370715266
-0.635802882914591,0.836172908704438,-0.0422320591477017,0.194355283889642,-0.00056337253372022,0.00844977028050635,-3.34408861949242e-06
-0.642886056937714,0.805860641041814,-0.042421113597701,0.191598579074968,-0.000472806310710212,0.00923849727183496,0.000454296210491014
-0.64786615567265,0.774804225297355,-0.0426408825800984,0.188260275364953,-0.000372886581511559,0.00998036998597131,0.000890331240323794
-0.650552911664741,0.742982482030289,-0.042885309639045,0.184312023611083,-0.00026226531975995,0.0106702335733111,0.00129390643566337
-0.65076259232944,0.710335874719258,-0.043147904699267,0.179728907970686,-0.00013996926722586,0.0113035199322112,0.00165499635323937
-0.648326356539518,0.676768481063302,-0.0434216177497648,0.174488701318616,-5.35361186657611e-06,0.0118764395579776,0.00196469003087545
-0.643099484632409,0.642153771599581,-0.0436988000407012,0.168571237518009,0.000141880270330616,0.0123861402514465,0.00221547329724653
-0.634970202130529,0.606343717275155,-0.0439713076947467,0.161958023031979,0.000301606687004468,0.0128308099127168,0.00240149171495963
-0.623867032767203,0.569180480325455,-0.0442307867921808,0.154632228569503,0.000473163080221182,0.0132097086187807,0.00251877386089644
-0.60976329256166,0.530508904299495,-0.0444690992460368,0.146578996604864,0.000655244646795034,0.0135231136309903,0.0025653915445239
-0.592678483194197,0.49018851626583,-0.0446788519425598,0.137786130382627,0.000845851796258162,0.0137721850898215,0.00254153811552498
-0.572676244934969,0.448103162051309,-0.0448539167798023,0.128245009833191,0.0010423258888358,0.0139587598333553,0.00244951069347156
-0.549859680318725,0.404167396582863,-0.0449898632668241,0.117951703625519,0.00124148768344577,0.0140851027215517,0.00229359454338553
-0.524364705111783,0.35832890134044,-0.0450842040741472,0.106908097749105,0.00143986617835114,0.0141536389275515,0.00207985739804625
-0.496353207199267,0.31056773492431,-0.0451364641359861,0.095123088290954,0.00163398413715436,0.0141667132285697,0.00181587599747386
-0.466006351287608,0.260892701565874,-0.0451480272703287,0.0826135837462946,0.00182065170730231,0.014126386960267,0.00151041824529945
-0.433519632134535,0.209336670477885,-0.045121876945352,0.0694054221950613,0.00199722281247815,0.0140343140265564,0.00117311230042778
-0.399099213564104,0.155951441179232,-0.0450622343386891,0.0555339539317988,0.00216177672997776,0.0138916864339265,0.000814123498199885
-0.362959945188453,0.100803412005222,-0.0449742014057748,0.0410443094924833,0.00231320813409701,0.0136992629136563,0.000443857759224272
-0.325324606407311,0.043970491973135,-0.0448634582131019,0.0259912550026416,0.0024512263368504,0.0134574726206293,7.26990658694328e-05
-0.286423584997823,-0.0144597729995297,-0.0447360160169207,0.0104385247514451,0.00257627764338607,0.0131665714510695,-0.000289219541799545
