0
0.01
0.02
0.0300000131054979
0.0400000363021413
0.0500000643443445
0.0600000906382921
0.0700001069794025
0.0800001036855875
0.0900000691572804
0.0999999903834941
0.109999852849183
0.119999640688814
0.129999336765534
0.139998922869787
0.149998379964843
0.15999768829084
0.169996827529087
0.179995777056508
0.189994516099653
0.199993023890699
0.209991279871958
0.219989263835334
0.22998695607216
0.239984337524472
0.249981389808661
0.259978095311512
0.269974437202763
0.279970399443596
0.28996596674238
0.299961124461107
0.309955858545304
0.319950155391988
0.32994400167485
0.339937384222939
0.349930289827531
0.359922705067797
0.369914616185161
0.379906008931287
0.389896868460244
0.399887179279345
0.409876925244141
0.419866089549551
0.429854654793737
0.439842603061554
0.449829916031685
0.459816575123868
0.469802561671427
0.479787857076398
0.489772443013778
0.499756301608167
0.509739415635372
0.519721768673237
0.529703345290049
0.539684131081728
0.549664112765118
0.559643278148914
0.569621616031558
0.579599115953203
0.589575767907275
0.599551561848037
0.609526487098646
0.619500531489237
0.629473680354909
0.639445915037489
0.649417210926748
0.659387535133358
0.669356844070016
0.679325081191812
0.689292175359338
0.699258039336145
0.709222568676444
0.719185640719096
0.72914711408263
0.739106829224987
0.749064610360418
0.759020269217181
0.768973610844855
0.778924441285633
0.7888725771406
0.798817855557455
0.808760143985073
0.818699347693622
0.828635414733223
0.838568336953373
0.848498147672501
0.858424916294661
0.86834874111291
0.878269741367255
0.88818804942871
0.89810380396003
0.908017144251337
0.917928205839139
0.927837117455905
0.937743999066118
0.947648960809992
0.957552102623976
0.967453514422708
0.977353276582071
0.987251460749474
0.997148130669749
1.00704334317
1.01693714908207
1.02682959414932
1.03672071985071
1.04661056413078
1.05649916204769
1.06638654626618
1.07627274750572
1.08615779481965
1.0960417158138
1.10592453676864
1.11580628267244
1.1256869772253
1.13556664279498
1.14544530035816
1.15532296944101
1.16519966783997
1.17507541090177
1.18495021048613
1.1948240747605
1.20469700892771
1.21456901561404
1.22444009441038
1.23431024107519
1.24417944673012
1.25404769717863
1.26391497222911
1.27378124499398
1.28364648106509
1.29351063757518
1.30337366202047
1.3132354908188
1.32309604748406
1.33295524033499
1.34281295951131
1.35266907313184
1.36252342221788
1.37237581401415
1.38222601286761
1.3920737277743
1.40191859510394
1.41176015391395
1.4215978103132
1.43143078474261
1.44125803281134
1.45107812512642
1.46088906688093
1.47068804341034
1.48047113980229
1.49023333171045
1.49996960090726
1.50967783561103
1.51936087715399
1.52902442295947
1.53867391279571
1.54831339455779
1.55794564358482
1.56757253823839
1.5771953666627
1.58681503170866
1.59643218112499
1.60604729012714
1.61566071441358
1.62527272512902
1.63488353235915
1.64449330132126
1.65410216376464
1.66371022609801
1.67331757535866
1.68292428357387
1.69253041100994
1.70213600858897
1.71174111971776
1.7213457816831
1.73095002672254
1.74055388289988
1.75015737479731
1.75976052409262
1.76936334999998
1.77896586960621
1.78856809818606
1.79817004980406
1.80777173906115
1.81737318614902
1.82697442979438
1.83657555423126
1.8461767238192
1.85577817140624
1.86538007185042
1.87498241567529
1.88458506906376
1.89418790175572
1.90379083226134
1.91339381692372
1.92299683251461
1.9325998659086
1.94220290938082
1.95180595864415
1.96140901202247
1.97101207002999
1.98061513517392
1.99021821198264
1.99982130727503
2.00942443082854
2.01902759645142
2.02863082355481
2.03823413909357
2.04783758014314
2.05744119705085
2.06704505745091
2.07664925150158
2.08625389890109
2.09585915838564
2.10546524043704
2.11507242410165
2.12468107669528
2.13429167173151
2.14390478913475
2.15352106749177
2.16314107492999
2.17276512380138
2.18239315452054
2.1920247945213
2.20165952493809
2.2112968237581
2.22093623540883
2.23057738714132
2.24021998153257
2.24986378192575
2.25950859821211
2.26915427511674
2.27880068314759
2.28844771180703
2.29809526457108
2.30774325506386
2.31739160411954
2.32704023748501
2.33668908437596
2.3463380771587
2.35598715328918
2.36563626159788
2.37528537688852
2.38493452915768
2.39458385367458
2.40423365666546
2.41388445378551
2.42353689142747
2.43319151410892
2.4428485485407
2.45250792024862
2.46216943353554
2.47183290963864
2.48149822628695
2.49116530804333
2.50083410886923
2.51050459983781
2.52017676237901
2.52985058490812
2.53952606127122
2.54920319008678
2.5588819745768
2.56856242265264
2.57824454718197
2.58792836637842
2.59761390424871
2.60730119115087
2.6169902643442
2.62668116861195
2.63637395686358
2.64606869075382
2.65576544128695
2.6654642894164
2.6751653265974
2.68486865529561
2.69457438947666
2.70428265500699
2.71399359001808
2.72370734516504
2.73342408378503
2.74314398188831
2.7528672278921
2.76259402209115
2.77232457554579
2.78205910854651
2.79179784814139
2.80154102475241
2.81128886760831
2.82104159892835
2.83079942688007
2.84056253734051
2.85033108497826
2.86010518400104
2.86988489940078
2.87967023941593
2.88946114974652
2.89925751026992
2.9090591341054
2.91886576940617
2.928677103441
2.93849276856978
2.94831235012979
2.95813539587374
2.96796142732344
2.97778995348852
2.98762048715581
2.99745256483136
3.00728577018694
3.017119760703
3.02695429547633
3.03678926067796
3.04662468723871
3.05646075503533
3.0662977792791
3.07613617926914
3.08597643437809
3.09581903632659
3.10566444708729
3.11551306858439
3.12536522635215
3.13522116526325
3.14508105377218
3.15494499302625
3.16481302786674
3.17468515790801
3.1845613476792
3.19444153547867
3.2043256408204
3.21421357058394
3.22410522413579
3.23400049748794
3.24389928674529
3.25380149103623
3.26370701501633
3.27361577109413
3.28352768142931
3.29344267978015
3.30336071329013
3.3132817441119
3.32320575100828
3.33313273086237
3.34306270016325
3.35299569646004
3.3629317798239
3.3728710343368
3.3828135695607
3.39275952199531
3.40270905646737
3.41266236733897
3.42261967945916
3.43258124862329
3.44254736142305
3.45251833404517
3.46249450972728
3.47247625433047
3.48246394941604
3.49245798228878
3.50245873233912
3.51246655350074
3.52248175325647
3.53250456979903
3.54253515057395
3.55257353728114
3.56261966330796
3.57267336878267
3.58273443434897
3.59280262928025
3.60287776399533
3.61295973529908
3.62304855598947
3.6331443655987
3.64324742451702
3.65335809618108
3.6634768218687
3.67360409184388
3.68374041488185
3.69388628718258
3.70404216154028
3.71420841793359
3.72438533681371
3.73457307707579
3.74477166076594
3.75498096613085
3.76520073030333
3.7754305613809
3.78566995836014
3.79591833655401
3.80617505537968
3.81643944547556
3.82671083278739
3.83698855781449
3.84727198989931
3.857560536432
3.86785364782475
3.87815081939961
3.88845159113797
3.89875554600228
3.9090623077332
3.91937153830773
3.92968293534488
3.93999622957163
3.950311182289
3.9606275830312
3.97094524737235
3.9812640150747
3.99158374870046
4.00190433258519
4.01222567235421
4.02254769479146
4.03287034797557
4.04319360161694
4.05351744747011
4.06384189975827
4.07416699574011
4.08449279660282
4.09481938909134
4.10514688840953
4.11547544295242
4.12580524177959
4.13613652604082
4.14646960652564
4.15680489082834
4.1671429241591
4.17748444394105
4.18783043181145
4.19818211218876
4.208540815506
4.21890766645702
4.22928320959355
4.23966720878187
4.25005876718443
4.26045668561677
4.27085984636401
4.28126745244678
4.29167908303992
4.30209462844636
4.31251418851304
4.32293798564232
4.33336630673844
4.34379946921276
4.35423780249511
4.36468164015253
4.3751313235491
4.3855872207065
4.39604976118525
4.40651947737132
4.41699703279305
4.42748321286729
4.43797885449676
4.44848470066451
4.45900119169482
4.46952825914156
4.48006522953964
4.49061091129466
4.50116382611782
4.51172246405441
4.52228546251631
4.53285168296677
4.543420209447
4.55399030480162
4.56456135160155
4.57513279541047
4.58570410218798
4.59627474005563
4.60684419098296
4.61741198945952
4.62797777123641
4.63854130629369
4.64910249664631
4.65966133929779
4.67021787338014
4.68077213513508
4.69132413602811
4.70187386615059
4.71242131724101
4.72296652156972
4.7335096123723
4.74405091251474
4.75459100963685
4.76513065888056
4.7756704029297
4.78621027377725
4.79674997239838
4.80728919046527
4.81782772184598
4.82836543638595
4.83890223991558
4.84943805179987
4.85997279375915
4.87050638324548
4.8810387290444
4.89156972839157
4.90209926476259
4.91262720536778
4.92315339758284
4.93367766409746
4.94419979675493
4.95471954904724
4.96523662685752
4.97575067635829
4.98626126698488
4.99676786660508
5.00726980526573
5.01776622288734
5.02825599402926
5.03873761882932
5.04920906107674
5.05966750344567
5.07010897666282
5.0805278202386
5.09091601766224
5.10126283600843
5.11155621309196
5.12178778251389
5.13195867220613
5.14207832098804
5.15215824230626
5.16220815810991
5.17223528083691
5.18224477078946
5.19224032454825
5.20222462978378
5.21219967797123
5.22216697373126
5.23212767597478
5.24208269468267
5.25203275802785
5.26197845948458
5.27192029093646
5.28185866594025
5.2917939362124
5.30172640359748
5.3116563291778
5.32158394049445
5.33150943730045
5.34143299640448
5.35135477626986
5.36127492257178
5.37119357604039
5.38111088396632
5.39102701764454
5.40094219981241
5.41085674844902
5.42077114255535
5.4306861054729
5.44060267486298
5.45052219346566
5.46044615454814
5.47037591307139
5.48031237249779
5.49025576742575
5.50020560344434
5.51016077514898
5.52011984494198
5.53008139073962
5.5400442803185
5.55000777873879
5.55997150332541
5.56993530484096
5.5798991457154
5.5898630116541
5.59982686789618
5.6097906562193
5.6197543162491
5.62971780830866
5.63968112097492
5.64964426016259
5.65960722730539
5.66956999742549
5.67953250430636
5.6894946351929
5.69945623419917
5.70941711123498
5.71937705343221
5.72933583561121
5.73929322698802
5.7492489924462
5.75920288905634
5.76915466159525
5.77910404259579
5.78905076330493
5.79899457732258
5.8089352927042
5.81887280320795
5.82880710676839
5.83873830361912
5.84866657379834
5.85859214051658
5.86851522971514
5.87843603411924
5.8883546859158
5.89827123887351
5.9081856596041
5.918097831554
5.92800758188952
5.93791474256512
5.94781923103937
5.95772106410219
5.9676201798798
5.97751614112761
5.98740809829228
5.99729516068794
6.00717676336798
6.01705270329708
6.02692296675437
6.03678756418804
6.04664644810239
6.05649949512544
6.06634651643178
6.07618727297389
6.08602148565691
6.09584883896479
6.10566897948932
6.11548151103328
6.12528598744224
6.13508190391486
6.14486868766263
6.15464568918916
6.16441217569327
6.1741673285269
6.18391024632359
6.1936399551449
6.20335542635997
6.213055602003
6.2227394268748
6.23240588564282
6.24205404282499
6.25168308283542
6.26129234689286
6.27088136353072
6.28044986963434
6.2899978196658
6.29952538217578
6.30903292374368
6.31852098294123
6.32799023738447
6.33744146742436
6.34687552034641
6.35629327740212
6.36569562559193
6.37508343458359
6.38445753850541
6.393818721323
6.40316770439745
6.4125051348026
6.42183157367798
6.43114748495304
6.44045322518193
6.44974903492293
6.45903503109802
6.46831119814904
6.47757737513011
6.48683323669736
6.49607826861324
6.50531174443449
6.51453272120857
6.52374008994898
6.53293273451032
6.54210984109296
6.55127130880756
6.56041804331886
6.56955185082169
6.57867489960691
6.58778908437614
6.59689566584407
6.60599527214937
6.61508810764679
6.62417417901053
6.63325343724307
6.64232583006742
6.65139130285423
6.66044978347093
6.66950116850913
6.67854531523725
6.68758203822011
6.69661110860018
6.705632254556
6.71464516228881
6.72364947734169
6.7326448063035
6.74163071886618
6.75060675017691
6.75957240307498
6.76852714983619
6.77747043322423
6.78640166711479
6.79532023750897
6.8042255051175
6.81311681097729
6.82199348602635
6.83085486533164
6.83970030679615
6.84852921359293
6.85734105884268
6.8661354104693
6.87491195345631
6.88367050674219
6.89241103229277
6.90113363469945
6.90983855117839
6.91852613324563
6.92719682311114
6.93585112824641
6.94448959813541
6.95311280624461
6.96172133861295
6.9703157890003
6.97889675875173
6.98746485913837
6.99602071399714
7.00456496139271
7.01309825404665
7.02162125915936
7.03013465868965
7.03863915150132
7.0471354587824
7.05562433414666
7.06410657959709
7.07258306789656
7.08105477007884
7.08952278364531
7.09798835261709
7.10645286695818
7.11491782906838
7.123384781234
7.13185519757448
7.14033035188665
7.14881117657625
7.15729813274967
7.1657911237215
7.17428949810597
7.18279217916817
7.19129790494446
7.19980549448785
7.20831403611313
7.21682294766687
7.22533193289875
7.23384089235865
7.2423498366856
7.25085882372042
7.25936792128824
7.26787718893459
7.27638667110721
7.28489639619456
7.29340637805092
7.30191661861715
7.3104271110433
7.31893784351834
7.32744880406884
7.33595998637171
7.34447139616748
7.35298305719045
7.36149501479116
7.37000733481895
7.37852009563533
7.38703337214344
7.3955472133258
7.40406161825782
7.41257651856409
7.42109177587737
7.4296071993135
7.43812258122608
7.44663774216573
7.4551525722472
7.4636670569987
7.47218128210733
7.48069541876111
7.48920969678878
7.49772437423406
7.50623971031007
7.51475594535472
7.52327328847559
7.53179191173341
7.54031194899972
7.54883349767423
7.55735662188995
7.56588135625591
7.57440770957872
7.58293566832991
7.59146519981438
7.59999625503414
7.60852877141083
7.61706267532051
7.62559788442227
7.63413430951866
7.64267185564219
7.65121042190672
7.65974989973419
7.6682901690121
7.6768310919125
7.68537250406622
7.6939142029922
7.70245593386505
7.71099737390204
7.71953811988258
7.72807769119516
7.73661557389233
7.74515133787186
7.75368481168804
7.76221613762164
7.77074539298209
7.77927182649209
7.78779349269893
7.79630787039694
7.8048129745713
7.81330807166678
7.82179358666561
7.83027051422077
7.83873986955775
7.84720241031238
7.8556585809909
7.86410856335805
7.87255235100907
7.8809898119036
7.889420730417
7.8978448321192
7.90626179693334
7.91467126567801
7.9230728432854
7.93146610089964
7.93985057819421
7.94822578690088
7.95659121630684
7.96494634144622
7.97329063455883
7.98162358014325
7.98994469361397
7.99825354282379
8.00654977103161
8.01483311886987
8.02310344282738
8.03136072748794
8.03960509073679
8.04783678272392
8.05605618219705
8.06426379524565
8.07246026182965
8.08064637349126
8.08882310122812
8.09699162333881
8.10515332896711
8.11330975687923
8.1214624299393
8.12961259399542
8.13776096422023
8.14590763372888
8.15405220695198
8.16219405809533
8.17033256283743
8.17846722589814
8.18659771033968
8.19472380679369
8.20284537826397
8.2109623041419
8.21907443581402
8.22718156976634
8.23528344350883
8.24337976463309
8.25147028921111
8.25955495793614
8.26763405268863
8.27570825213314
8.28377843713115
8.29184527309159
8.29990887857762
8.30796887352032
8.31602472028503
8.32407603187819
8.33212266932061
8.34016468448115
8.34820223498155
8.35623552890856
8.36426478730521
8.37229020989696
8.38031194957677
8.38833010268034
8.39634471315014
8.40435578387653
8.41236328908646
8.42036718449919
8.428367414121
8.43636391375612
8.44435661149211
8.45234542541497
8.46033025885254
8.46831099390017
8.47628748497738
8.4842595557398
8.49222700397325
8.50018961902716
8.5081472130871
8.51609966046173
8.52404693066044
8.53198909778516
8.53992631759851
8.54785878225192
8.55578667609188
8.56371015164068
8.57162932795194
8.57954430135117
8.58745515821546
8.59536198540372
8.60326487827035
8.61116394706521
8.6190593218658
8.62695115524102
8.63483962246258
8.64272491922946
8.65060725773543
8.65848686164718
8.66636396022706
8.67423878071351
8.68211153729426
8.68998241408048
8.69785153929365
8.70571894914273
8.71358454374279
8.72144804481505
8.72930897513317
8.73716668685416
8.74502045774358
8.75286964236193
8.7607138238465
8.76855290032259
8.77638707363644
8.78421675539783
8.79204243658986
8.79986457431216
8.80768352958096
8.81549955897601
8.82331284295085
8.83112353116515
8.83893179215936
8.84673786171167
8.85454208668119
8.86234495929125
8.87014713348953
8.87794941460709
8.88575271923257
8.89355801221773
8.90136623609837
8.90917824908905
8.91699478156713
8.92481641262922
8.93264356308435
8.94047649997702
8.94831534859337
8.95616010860301
8.96401067061793
8.97186682916981
8.97972828974817
8.98759467162494
8.99546551237184
9.00334028139065
9.01121840675212
9.01909931363752
9.02698246759972
9.03486741405267
9.04275380764766
9.05064142801484
9.05853018056205
9.06642008292512
9.07431124100375
9.08220382097123
9.09009802389138
9.09799406710276
9.10589217331559
9.11379256589149
9.12169546781499
9.12960110207111
9.13750969206756
9.14542146160698
9.15333663455768
9.16125543454509
9.1691780849158
9.17710480906395
9.18503583105103
9.19297137637705
9.20091167274954
9.20885695065118
9.21680744367161
9.22476338857092
9.23272502507284
9.24069259550773
9.24866634437558
9.25664651790108
9.26463336357574
9.27262712963364
9.28062806436884
9.28863641523444
9.29665242772268
9.3046763440674
9.3127084016807
9.32074883111666
9.32879785337956
9.33685567635536
9.34492249045127
9.35299846370313
9.36108373682156
9.36917841879276
9.37728258361139
9.38539626883691
9.3935194764881
9.40165217666691
9.40979431400422
9.41794581633072
9.42610660440062
9.43427660132778
9.44245574074687
9.45064397418802
9.45884127976371
9.46704767498864
9.47526323563301
9.48348811980744
9.49172259359737
9.49996705234596
9.50822203129388
9.51648820079805
9.52476634492805
9.53305732646033
9.54136204488657
9.5496813951563
9.55801623375159
9.56636735578335
9.57473548381268
9.583121266376
9.59152528215088
9.59994804470137
9.60839000298719
9.61685153429183
9.62533292874229
9.63383436718784
9.64235589597125
9.65089740303498
9.65945860001024
9.66803901460423
9.67663799748366
9.68525474661467
9.69388834946581
9.70253783942713
9.71120225778968
9.71988070947771
9.72857240136171
9.73727665729494
9.74599291186174
9.75472069126416
9.76345959149254
9.77220926109951
9.78096939052672
9.78973970589765
9.79851996404752
9.80730994693295
9.81610945570905
9.82491830635142
9.83373632946829
9.84256337684276
9.85139933563999
9.86024414768396
9.8690978260628
9.87796045865962
9.8868321931182
9.8957132101883
9.90460370074206
9.91350385638513
9.92241387121589
9.93133394679229
9.94026429541181
9.94920514114117
9.9581567197003
9.9671192777994
9.97609307175335
9.98507836465217
9.99407542133495
10.0030845008652
10.012105847466
10.0211396832345
10.0301862088856
10.0392456207538
10.0483181492826
10.0574041142667
10.0665039799683
10.0756183913119
10.0847481856252
10.0938943879638
10.1030581974491
10.1122409672422
10.1214441841071
10.1306694571489
10.1399185224532
10.1491932631677
10.158495739774
10.1678282244726
10.1771932354288
10.1865935674228
10.1960323157208
10.2055128877055
10.2150389958423
10.2246146260361
10.2342439835695
10.2439314326708
10.2536814664105
10.2634987541971
10.2733882978183
10.2833556527306
10.2934070450713
10.303549127683
10.3137882302812
10.3241292631943
10.3345746630833
10.3451237498161
10.3557726750043
10.366514937376
10.3773422727427
10.3882456460652
10.3992161049337
10.4102453660152
10.421326122526
10.4324521257805
10.4436181070523
10.4548195924823
10.4660526518861
10.4773136299421
10.4885989347214
10.4999049794912
10.5112283405502
10.52256608016
10.5339160499505
10.5452769628684
10.5566481772328
10.5680293540086
10.5794201962627
10.5908203478409
10.6022294037885
10.6136469564286
10.6250726290101
10.6365060813063
10.6479469915127
10.6593950294787
10.6708498431703
10.6823110776499
10.6937784243421
10.7052516653444
10.71673067699
10.7282154085943
10.7397058781463
10.7512021853905
10.7627045172403
10.7742131402767
10.7857283900218
10.7972506637884
10.8087804181193
10.8203181698091
10.8318645001228
10.843420063273
10.854985603959
10.866561993183
10.8781502971582
10.8897518929084
10.9013686245265
10.9130029474398
10.9246579545605
10.9363371868608
10.9480442522428
10.9597824435261
10.9715545996226
10.9833633335828
10.9952115411259
11.0071028424893
11.019041275563
11.0310296233498
11.0430672693148
11.0551498525199
11.0672709539538
11.0794239146289
11.0916027779283
11.103802536011
11.1160190620962
11.1282489508823
11.1404893565196
11.1527378527534
11.1649923154549
11.1772508252445
11.1895116011629
11.2017729933103
11.2140335553142
11.2262921526512
11.2385479724417
11.2508003404916
11.2630484999472
11.2752916036893
11.2875288824586
11.2997597644925
11.3119838668093
11.324200917335
11.3364106730737
11.3486128648948
11.3608071804971
11.3729932978995
11.3851709893754
11.3973403083528
11.4095018242704
11.4216567572339
11.4338067187758
11.4459528596558
11.4580949354041
11.4702313224538
11.48235996102
11.4944791678309
11.5065878377013
11.5186852776514
11.5307709750793
11.5428444254648
11.5549050288061
11.5669520255304
11.5789844425471
11.5910010340207
11.6030002212717
11.6149800616231
11.6269383018232
11.6388725803205
11.6507807970201
11.6626615353335
11.6745142277912
11.686338682282
11.69813396259
11.7098974124742
11.7216248388789
11.7333118436034
11.7449551495998
11.7565529428769
11.7681043409558
11.7796086977485
11.7910652591468
11.8024732643655
11.8138323047972
11.825142663787
11.8364054457196
11.8476224826234
11.8587961438062
11.8699291795735
11.8810246249608
11.8920856620055
11.9031153042876
11.9141159351383
11.9250889568255
11.9360347090717
11.9469525791817
11.9578412776595
11.9686992504261
11.9795250350055
11.9903174209603
12.001075451909
12.0117983648647
12.0224855270332
12.0331363897927
12.0437504597646
12.0543272810081
12.064866422492
12.0753674668389
12.0858299985963
12.096253592753
12.1066378079703
12.1169821935238
12.1272863237864
12.1375498756341
12.1477727576388
12.1579552773319
12.1680982937708
12.1782032620498
12.1882720755109
12.1983066922737
12.2083086655344
12.2182787665886
12.2282168307907
12.2381218466587
12.2479922266098
12.2578261426906
12.2676218002408
12.2773775786836
12.2870920498078
12.2967639332892
12.3063920525599
12.3159753310346
12.3255128364208
12.3350038521682
12.3444479371343
12.3538449373662
12.3631949408377
12.3724982060233
12.3817551204997
12.3909662288179
12.4001323044388
12.4092543665014
12.4183335372377
12.427370750462
12.4363664776309
12.4453206554012
12.4542328352403
12.4631024205895
12.4719288568008
12.4807117256733
12.4894507607726
12.4981458174683
12.5067968255274
12.5154037410902
12.5239665073518
12.5324850296588
12.5409591702581
12.5493887671863
12.5577736782644
12.5661138425348
12.5744093395878
12.5826604197756
12.590867484933
12.5990310227333
12.6071515230905
12.6152294121518
12.6232650237538
12.6312586064427
12.6392103523957
12.6471204343249
12.6549890411709
12.6628164078311
12.6706028371371
12.6783487137451
12.6860545104706
12.6937207880241
12.7013481892546
12.7089374290421
12.7164892809893
12.7240045618285
12.7314841145822
12.7389287914603
12.7463394375747
12.753716876889
12.7610619019872
12.7683752695254
12.7756577029914
12.7829099036447
12.7901325687245
12.7973264136103
12.8044921921379
12.8116307080295
12.8187428116824
12.8258293802963
12.8328912844486
12.8399293481843
12.8469443107891
12.8539367968372
12.8609072976858
12.8678561643524
12.8747836094858
12.8816897153498
12.8885744450232
12.8954376549206
12.9022791078865
12.9090984870491
12.9158954110882
12.9226694516821
12.9294201532335
12.9361470540053
12.9428497066332
12.9495276950561
12.9561806449518
12.9628082258362
12.9694101448671
12.9759861346869
12.9825359393013
12.9890593026097
12.9955559636026
13.0020256605303
13.008468143987
13.0148831964791
13.0212706543601
13.0276304273709
13.0339625116805
13.0402669941583
13.046544047782
13.0527939199339
13.05901691643
13.0652133842185
13.0713836951808
13.0775282325462
13.0836473805816
13.0897415176157
13.0958110120138
13.1018562205
13.107877488244
13.1138751501194
13.11984953267
13.1258009563718
13.1317297379577
13.1376361926588
13.1435206362339
13.1493833868167
13.1552247665796
13.1610451032763
13.1668447316905
13.1726239950197
13.1783832461851
13.184122849107
13.189843179848
13.195544627662
13.2012275958536
13.2068925024434
13.2125397805851
13.2181698787081
13.2237832603584
13.2293804037475
13.2349618009546
13.2405279568469
13.2460793876936
13.2516166195116
13.2571401861847
13.2626506274136
13.2681484865019
13.2736343081174
13.2791086360164
13.2845720108553
13.290024968118
13.295468036225
13.3009017349005
13.3063265737697
13.3117430512816
13.317151653907
13.3225528556289
13.3279471176996
13.3333348886272
13.3387166043536
13.3440926885915
13.3494635532694
13.3548295990462
13.3601912158576
13.365548783473
13.3709026720353
13.3762532425747
13.3816008474954
13.3869458310038
13.392288529524
13.397629272065
13.402968380582
13.4083061703
13.4136429500475
13.4189790225724
13.4243146848743
13.4296502285317
13.4349859400497
13.4403221011961
13.4456589893621
13.4509968779197
13.4563360365903
13.4616767318117
13.4670192271308
13.4723637836209
13.477710660345
13.4830601148972
13.4884124040675
13.4937677846726
13.4991265146234
13.5044888543228
13.5098550684801
13.5152254284603
13.5206002152686
13.5259797232667
13.5313642646887
13.5367541749632
13.5421498187367
13.5475515964189
13.5529599509536
13.5583753744069
13.5637984139588
13.569229676959
13.5746698347746
13.5801196253756
13.5855798547087
13.5910513970949
13.596535194804
13.602032257047
13.6075436584675
13.6130705371688
13.6186140923136
13.6241755812637
13.6297563163559
13.6353576613464
13.6409810276638
13.6466278706041
13.6522996854652
13.6579980037146
13.6637243892067
13.6694804343808
13.6752677564778
13.681087993726
13.686942801426
13.6928338480582
13.6987628113287
13.7047313742001
13.7107412209369
13.7167940331158
13.7228914855692
13.7290352421687
13.7352269512686
13.7414682406886
13.7477607119793
13.7541059338507
13.7605054344728
13.7669606926925
13.7734731280922
13.7800440900336
13.7866748459686
13.7933665692489
13.8001203269216
13.8069370678874
13.8138176118493
13.820762639403
13.8277726837169
13.8348481242346
13.8419891828852
13.8491959233404
13.8564682536916
13.8638059325632
13.8712085783568
13.8786756806245
13.8862066122863
13.893800641091
13.9014569389025
13.9091745880908
13.9169525852332
13.9247898434778
13.9326851955817
13.9406373998077
13.9486451500955
13.9567070904153
13.9648218319045
13.9729879704448
13.9812041025981
13.9894688386354
13.9977808126721
14.0061386905414
14.014541176367
14.0229870185498
14.0314750155969
14.040004021734
14.0485729522746
14.0571807884889
14.0658265817915
14.0745094571303
14.083228615487
14.0919833355383
14.1007729747061
14.109596970103
14.1184548401804
14.1273461883687
14.1362707099481
14.145228203
14.1542185834862
14.1632419037205
14.1722983735114
14.1813883837209
14.1905125319326
14.1996716481393
14.2088668155486
14.2180993805185
14.2273709499775
14.2366833836008
14.2460387935504
14.2554395592786
14.2648883548106
14.274388181528
14.2839423936481
14.2935546885723
14.3032290287213
14.3129694878628
14.3227800551166
14.3326644480891
14.342625974663
14.3526674600571
14.3627912417147
14.3729992330292
14.3832930543199
14.3936742048613
14.4041441852315
14.4147044069815
14.4253557781757
14.4360981471412
14.4469300869902
14.4578493196885
14.4688534995085
14.4799408248324
14.491110253872
14.5023614662788
14.5136947850417
14.5251111570814
14.5366121868287
14.5482001868789
14.5598782220396
14.571650139684
14.5835205854186
14.5954950006584
14.6075795928416
14.6197812631643
14.6321074732362
14.6445660333388
14.6571648027479
14.6699113073348
14.6828122994511
14.6958733023715
14.709098191419
14.7224888637504
14.7360450406907
14.7497642331684
14.7636418818802
14.7776716570291
14.7918458754371
14.806155973141
14.8205929690174
14.835147867245
14.8498119675155
14.8645770716447
14.8794355901194
14.8943805625756
14.9094056153186
14.9245048883396
14.9396729643323
14.9549047998644
14.9701955899422
14.9855404732267
15.0009341901173
15.0163713170536
15.0318478331942
15.0473629568999
15.0629187079175
15.0785183274274
15.0941658488242
15.1098660608725
15.1256241736693
15.1414456257682
15.1573363331793
15.1733029149115
15.1893515111025
15.2054829998344
15.2216849686161
15.2379308077564
15.2541976434953
15.2704842640422
15.2868028514878
15.3031630074778
15.3195683556925
15.3360203820435
15.3525215757356
15.3690764472469
15.3856915025869
15.402374952972
15.4191362349682
15.4359849030817
15.4529281630607
15.4699668537742
15.4870924787526
15.5042916893988
15.5215589365729
15.5389024267098
15.5563349677026
15.5738611862837
15.5914736320371
15.6091576333959
15.6268974555817
15.6446792218364
15.6624908235561
15.680320660111
15.6981565287638
15.7159855202508
15.7337959011342
15.7515812858356
15.7693438339383
15.787090993692
15.8048276919427
15.822552391713
15.8402599670768
15.857947167388
15.875614522254
15.8932640155546
15.9108970984251
15.928514477297
15.9461162712485
15.9637017922098
15.9812700139966
15.9988194597844
16.0163474926407
16.0338501064926
16.051322125235
16.0687574706531
16.0861492897439
16.1034895378401
16.1207674787828
16.1379680550666
16.1550737311123
16.1720712943843
16.1889581378223
16.2057420844777
16.222436390049
16.2390550206757
16.2556103228013
16.2721124878607
16.2885697849034
16.3049889606843
16.3213755666528
16.3377341201966
16.3540680249089
16.3703792025672
16.3866676734622
16.4029319441238
16.4191708380257
16.4353850092855
16.4515756009844
16.4677414370722
16.4838792442547
16.4999874555152
16.51606829519
16.5321257612138
16.5481623757778
16.5641775520538
16.5801679578387
16.5961285930433
16.6120535507855
16.6279370062934
16.6437761427151
16.6595761066669
16.6753480444335
16.6910913951062
16.7067895589653
16.7224234149651
16.7379776513875
16.7534407182647
16.7688040933831
16.7840622387596
16.7992129794883
16.8142577654969
16.8292014301329
16.8440514047429
16.8588166397771
16.8735065546072
16.8881302245175
16.9026958578177
16.9172105212845
16.9316800401915
16.9461090007355
16.9605007936037
16.9748576524527
16.9891806368987
17.0034694913499
17.0177223631411
17.0319355934028
17.0461042097825
17.0602237912198
17.0742930196421
17.0883147461566
17.1022947533381
17.1162398078983
17.1301564849694
17.1440508266394
17.1579283178556
17.1717937551709
17.1856508532113
17.1995018806271
17.2133474583201
17.22718590314
17.2410125112624
17.2548206449524
17.268604541938
17.2823608878624
17.2960880049743
17.3097843413284
17.3234476532342
17.3370750300192
17.3506633004365
17.3642092917477
17.3777096928654
17.3911606270427
17.4045571790574
17.4178930601463
17.4311605123596
17.4443505077939
17.4574532150179
17.4704585305637
17.4833563085428
17.4961360494933
17.5087863561103
17.5212950360396
17.5336507578534
17.5458463152654
17.5578819841566
17.5697665979136
17.58151546505
17.5931467000232
17.6046780684554
17.6161252248314
17.6275011295038
17.638816127973
17.6500782964478
17.6612938451101
17.6724674996151
17.6836028454329
17.6947026381936
17.7057690757348
17.7168040098185
17.7278090716061
17.7387857058216
17.7497351429443
17.7606583586557
17.7715560645557
17.7824287517723
17.7932767804329
17.8041004864475
17.8149002732659
17.8256766671994
17.8364303130505
17.8471618888043
17.8578719822709
17.8685609999934
17.8792291258586
17.8898763163775
17.9005023152768
17.9111066722893
17.9216887560488
17.9322477557961
17.9427826687226
17.9532922697542
17.9637750616831
17.974229206826
17.9846524515865
17.9950420738984
18.0053949066585
18.0157075043908
18.025976492795
18.0361990442576
18.0463732783578
18.0564983195883
18.0665739129467
18.0765998410509
18.0865755509806
18.0965001951976
18.1063729861929
18.1161936351211
18.1259626784425
18.1356815896947
18.1453526757444
18.1549788333318
18.1645632640119
18.1741092217328
18.1836198263614
18.1930979437427
18.2025461165274
18.2119665267423
18.2213609752757
18.2307308718387
18.2400772401852
18.2494007586715
18.2587018744385
18.2679810428542
18.2772391285515
18.2864779071291
18.2957003579244
18.3049101509196
18.3141101345091
18.3233011467993
18.3324825115051
18.3416532572282
18.3508127594649
18.3599607964042
18.3690974107203
18.3782227775583
18.3873371198684
18.3964406618341
18.4055336064289
18.4146161272692
18.4236883686523
18.4327504497768
18.4418024705986
18.4508445175004
18.459876667253
18.4688989882399
18.4779115383409
18.4869143597698
18.4959074722501
18.5048908671315
18.5138645056029
18.5228283236907
18.5317822447195
18.540726197391
18.549660135683
18.5585840564533
18.5674980119584
18.5764021166569
18.5852965489927
18.5941815498454
18.6030574191881
18.6119245120849
18.6207832348157
18.629634041456
18.6384774310965
18.6473139456315
18.6561441678671
18.664968718827
18.6737882515856
18.6826034364421
18.6914149278769
18.7002232991319
18.7090289273268
18.7178318178987
18.726631382121
18.73542623656
18.7442141707466
18.7529924613656
18.7617585642678
18.7705108891355
18.7792492200458
18.7879745970169
18.7966887748214
18.8053935642926
18.8140903799631
18.8227801069864
18.8314631966345
18.8401398511089
18.8488102025186
18.8574744440727
18.8661329038788
18.8747860660627
18.8834345502737
18.8920790646074
18.9007203487536
18.909359122442
18.917996049286
18.9266317200413
18.9352666537088
18.9439013118505
18.9525361198272
18.961171489197
18.9698078367599
18.9784455976114
18.9870852316497
18.9957272241316
19.0043720816625
19.0130203248971
19.0216724791938
19.0303290643533
19.0389905846412
19.0476575202829
19.0563303214135
19.0650094050182
19.0736951549879
19.0823879248697
19.0910880425538
19.0997958157726
19.1085115371791
19.1172354880913
19.1259679408768
19.1347091611167
19.1434594110379
19.152218953615
19.1609880538352
19.1697669751509
19.1785559775788
19.1873553279827
19.1961653221232
19.2049863049596
19.2138186773149
19.2226628887894
19.2315194244758
19.2403887928388
19.2492715185936
19.2581681410401
19.2670792167662
19.2760053251089
19.2849470751287
19.2939051131311
19.3028801303041
19.3118728701142
19.3208841352909
19.329914794102
19.3389657855589
19.3480381230485
19.3571328958569
19.3662512679519
19.3753944740089
19.3845638129526
19.3937606410102
19.4029863679174
19.4122424623593
19.4215304739535
19.4308520784616
19.4402091499861
19.4496038607162
19.4590388066018
19.4685171532654
19.4780427861271
19.4876204372126
19.4972557616182
19.5069553493589
19.516726671616
19.5265779626849
19.5365180300729
19.5465559760873
19.5567008119176
19.5669609615522
19.5773436872457
19.5878545146459
19.5984967672779
19.6092713149325
19.6201765847703
19.6312088099653
19.6423624322817
19.6536305624251
19.6650054267209
19.6764787704001
19.6880422225555
19.6996876438851
19.7114074689348
19.7231950189344
19.7350447181688
19.746952126564
19.7589137276673
19.7709265003304
19.7829874920211
19.7950937292023
19.8072424820482
19.8194315257233
19.8316591813067
19.8439242068987
19.8562256673669
19.8685628438051
19.8809351895593
19.8933423196371
19.9057840184089
19.9182602546697
19.9307711980776
19.9433172332062
19.9558989657368
19.9685172098423
19.9811729388997
19.9938671815901
20.0066008676083
20.0193746819849
20.0321890514916
20.0450443923108
20.057941624044
20.0708827442892
20.0838711536764
20.0969115809389
20.1100097726642
20.1231722661803
20.1364064365265
20.1497208099435
20.1631255551492
20.176633089207
20.1902587954416
20.204021904292
20.2179466172775
20.2320635172346
20.2464111149039
20.2610368561129
20.2759958302635
20.2913440580024
20.307123999992
20.3233471021328
20.3399872543404
20.3569922511135
20.374302313614
20.3918626242435
20.4096273273094
20.4275581035984
20.4456204398725
20.4637808664704
20.482010450492
20.5002954936848
20.5186374461226
20.5370387215677
20.5554987786912
20.5740145451673
20.5925821047394
20.6111980300731
20.629859425295
20.6485637583382
20.6673090542119
20.686094401671
20.7049202601017
20.7237880687595
20.7426998045169
20.7616582389273
20.7806673347257
20.7997323536224
20.8188599024331
20.8380581231195
20.8573370392618
20.8767089876224
20.8961890047215
20.9157948997724
20.9355464654499
20.9554629626411
20.9755582884891
20.9958351716402
21.0162824286436
21.0368780133714
21.0575950536675
21.0784062302269
21.0992849825856
21.1202049220117
21.1411412891975
21.1620805566169
21.1830338886853
21.2040190849479
21.225023228474
21.2460289802762
21.2670321459421
21.2880325042548
21.3090293722483
21.3300214045814
21.3510070178163
21.3719845578996
21.392952056405
21.4139058427107
21.4348368098004
21.4557279168795
21.4765657299217
21.497352098645
21.518092926653
21.5387904272082
21.5594385971326
21.5800251866429
21.6005323469158
21.6209351122788
21.6412032359261
21.661312034398
21.6812530563894
21.7010315641182
21.7206574433655
21.7401395136203
21.7594840156091
21.7786947944821
21.7977737648561
21.81672166985
21.8355397483276
21.854232136167
21.8728074387962
21.8912780572515
21.9096575023931
21.9279573981194
21.9461855211871
21.9643441266129
21.9824267802417
22.0004151658859
22.0182839692015
22.0360187120762
22.0536291657995
22.0711395497168
22.0885718454759
22.1059401595792
22.1232524804634
22.1405131254345
22.1577241038419
22.1748858388041
22.1919976495105
22.2090579781166
22.2260639794119
22.2430103117907
22.2598892391562
22.27669340701
22.2934119533634
22.3100308642602
22.3265410157238
22.3429347487086
22.3592017341729
22.3753285408808
22.3912995918009
22.4070985034791
22.422709969466
22.438122314326
22.4533302537411
22.468336713976
22.4831524802376
22.4977933981251
22.5122761763133
22.5266144580599
22.5408166472067
22.5548863522846
22.5688257041147
22.5826411077623
22.5963467087421
22.6099607284357
22.6234994752243
22.6369748107389
22.6503947329129
22.6637648208946
22.6770893510197
22.690371879428
22.7036154632615
22.7168227134036
22.7299957932376
22.7431364223936
22.7562459323147
22.7693254237613
22.7823760328127
22.7953991797217
22.8083966269059
22.8213704165991
22.8343227726963
22.8472555948537
22.8601692281365
22.8730610887778
22.8859253235414
22.8987535217959
22.9115357908956
22.9242621700063
22.9369242390797
22.9495165881472
22.9620377024458
22.9744895119735
22.9868751894378
22.9991959834909
23.0114490797694
23.0236275708705
23.0357214608329
23.0477185257981
23.0596049644871
23.0713662433048
23.08298845516
23.0944602378669
23.1057748910368
23.1169319352937
23.1279373632087
23.1388024281346
23.1495415668634
23.1601703058302
23.1707037051051
23.1811554578985
23.1915375013332
23.2018599288032
23.2121310308582
23.2223573560205
23.2325437541599
23.2426934481476
23.2528082622023
23.2628891244465
23.2729367377759
23.2829521158356
23.2929369423386
23.3028937453419
23.3128255717336
23.322735334926
23.3326253555871
23.3424972717241
23.3523521870347
23.3621908739817
23.3720139148278
23.3818217645822
23.3916147726145
23.4013931900044
23.4111571707465
23.4209067682947
23.4306419293025
23.4403624895276
23.4500681813132
23.4597586667346
23.4694336112899
23.4790928030623
23.4887362998996
23.4983645595177
23.5079784955352
23.5175794228271
23.5271689001685
23.5367485151394
23.5463196644098
23.5558833645872
23.5654401041795
23.5749897330218
23.5845313896974
23.5940634928105
23.6035838575717
23.6130900192386
23.6225798019604
23.632052030605
23.6415071044814
23.6509471193197
23.6603754566163
23.6697960760958
23.6792128528798
23.6886291626379
23.6980477288336
23.7074706442478
23.7168994696242
23.7263353443755
23.7357790806225
23.7452312342318
23.7546921562157
23.7641620287478
23.773640889081
23.7831286423597
23.7926250636069
23.8021297890547
23.8116422985956
23.8211618955184
23.8306876993771
23.840218681605
23.8497537866178
23.8592921759722
23.8688335824668
23.8783786315442
23.8879287861051
23.8974855276552
23.9070491019918
23.9166182120851
23.9261910537646
23.9357663235495
23.9453434270658
23.9549222165022
23.9645026982289
23.9740848832498
23.9836687612707
23.9932543307605
24.0028416422987
24.0124308351816
24.0220221586628
24.0316159782587
24.0412127683358
24.0508130884245
24.0604175397929
24.0700266999181
24.0796410375091
24.0892608201192
24.0988860244533
24.1085162659092
24.1181508850211
24.1277893821688
24.137431966162
24.147079727912
24.1567343967614
24.1663979821884
24.1760725194154
24.1857599552067
24.1954621202476
24.2051807274098
24.2149173585387
24.2246734263398
24.2344501160736
24.2442483286887
24.2540686654623
24.2639115056388
24.273777214086
24.2836664602868
24.2935805570818
24.303521694947
24.313492990673
24.3234983554515
24.3335422482831
24.343629381363
24.3537643997661
24.3639515103598
24.3741940251369
24.3844938384791
24.3948509794482
24.4052635202315
24.4157281544729
24.4262414871418
24.4368014201029
24.4474076212881
24.4580608558735
24.4687620029733
24.479511483692
24.4903091747421
24.5011545685234
24.5120469698014
24.5229856358585
24.5339698476372
24.5449989235307
24.5560721783715
24.567188806208
24.578347646976
24.5895468206049
24.6007833642089
24.612053346347
24.6233531162598
24.6346813286659
24.6460394388079
24.6574298908267
24.6688548405283
24.680316014452
24.6918146271902
24.7033514136451
24.7149268247508
24.7265412006944
24.7381948394257
24.7498879913001
24.7616208257774
24.7733933969113
24.7852056262148
24.7970573276092
24.8089483164503
24.820878684665
24.8328493222423
24.8448623001382
24.8569196914209
24.8690212197218
24.8811651725548
24.8933512717586
24.9055812118897
24.9178577084548
24.930183704102
24.9425620592101
24.9549955446914
24.9674869661079
24.9800393427297
24.9926561181605
25.0053413629848
25.0180998523544
25.0309368327083
25.0438573923431
25.0568658156122
25.0699659576899
25.0831632938903
25.09646733564
25.1098922357221
25.1234551576225
25.1371739350437
25.151065453551
25.1651448343096
25.1794249214597
25.1939167768095
25.2086337425457
25.2235991663795
25.2388501648749
25.2544284423549
25.2703627818434
25.2866590561338
25.30330238452
25.3202625539195
25.3374948769279
25.3549391544079
25.3725324175717
25.3902356883628
25.4080399538082
25.4259535339097
25.4439834238606
25.462129093757
25.4803861880487
25.4987495226685
25.5172135227676
25.5357706472249
25.5544075208868
25.5731024583188
25.5918419433464
25.6106441067015
25.6295220607068
25.6484848370705
25.6675426785229
25.686705962421
25.7059860406932
25.725394766952
25.7449424149991
25.764633712389
25.7844687076761
25.8044633287268
25.8246423286056
25.8450121645078
25.8656064276285
25.8864840985356
25.9077021906741
25.9292959574607
25.9512771529436
25.9736395714161
25.996333305694
26.0192603507679
26.0423524777032
26.0655953691744
26.0890118908557
26.1126425331804
26.1364830237585
26.1604459615739
26.1844880480104
26.2086169259986
26.2328416248378
26.2571637109428
26.2815871527423
26.3061306639485
26.3307970679801
26.3555142647882
26.3802781792981
26.4051144537837
26.4300399742427
26.4550596691222
26.4801625332507
26.5053278093383
26.5305522218231
26.5558373089037
26.5811860672679
26.6065925199751
26.632056654205
26.657591877599
26.6832135726736
26.7089280114687
26.7347344151644
26.7606309350389
26.7866147873609
26.8126808806771
26.8388224707383
26.865031028763
26.8912952813975
26.9176016196407
26.943940401536
26.970318897678
26.9967170975806
27.0231032002685
27.0494928036114
27.0759090271872
27.1023758914049
27.1289252846499
27.1555913170643
27.1823821427415
27.209240530866
27.2360581421594
27.2627911782331
27.2894521995229
27.3160552637752
27.3426033379392
27.3690886461098
27.3954954610649
27.421805799155
27.4480052569878
27.4740849537517
27.5000407887972
27.5258730315261
27.5515860801831
27.5771873453521
27.6026856529141
27.6280899857292
27.6534087148878
27.6786489049726
27.7038149521891
27.7289059338008
27.753913237596
27.7788209762461
27.8036120114784
27.8282894762976
27.8528384552287
27.8772334761209
27.9014583451363
27.9254947694787
27.9493213284671
27.9729137661734
27.9962456506941
28.0192917385513
28.042033703298
28.0644651605471
28.0865928447335
28.1084334188542
28.1300080221872
28.1513367980468
28.1724343652127
28.1933081501216
28.2139681360929
28.2344553160529
28.254840579584
28.2751423964978
28.2953300409653
28.3153802273971
28.3352818954286
28.3550272419541
28.3746071726207
28.3940098583969
28.4132198471878
28.4322163950182
28.45097145732
28.4694521228819
28.4876339471251
28.5055146800579
28.5231033046721
28.5404011425201
28.5574023128958
28.5741032546091
28.5905099232062
28.6066390753609
28.6225147329715
28.6381633623612
28.6536103058496
28.6688779872238
28.6839853795009
28.698948104454
28.7137787152597
28.728486880525
28.7430793127003
28.7575594667661
28.7719273718141
28.7861803854806
28.8003157699808
28.814334733035
28.8282447872188
28.8420572914687
28.855782390992
28.8694262984082
28.8829918023936
28.8964797440387
28.909890129578
28.9232227699089
28.936477580236
28.9496546350421
28.9627540464919
28.975775738146
28.9887192304046
29.001583620304
29.0143679535687
29.0270720203656
29.0396972069542
29.0522467349727
29.0647250118756
29.0771366728771
29.0894860261296
29.101776930647
29.114012783628
29.1261964683634
29.1383302975723
29.1504160200861
29.1624549218472
29.1744480085697
29.1863962351859
29.1983007506693
29.2101631295011
29.2219855419952
29.2337707911533
29.245522166505
29.2572431621962
29.2689371980442
29.2806074608652
29.2922568722007
29.3038881186119
29.3155036932302
29.3271059293712
29.3386970150418
29.3502789640277
29.3618534956139
29.3734217483082
29.3849837531018
29.3965377065037
29.4080794408291
29.4196030054741
29.4311031372799
29.4425785100038
29.4540328216354
29.4654728474179
29.476905771531
29.4883377388185
29.4997736666854
29.5112176122738
29.5226731925387
29.5341438715372
29.545633092088
29.5571442812454
29.5686807666469
29.5802456306737
29.5918415153402
29.6034703809431
29.6151332282677
29.6268298409106
29.6385587133169
29.6503174786449
29.6621041549955
29.6739189642191
29.685765197671
29.6976474942452
29.7095694051899
29.72153329523
29.7335412386936
29.7455952373879
29.7576970743129
29.7698482339802
29.7820499413272
29.7943032488654
29.8066090756441
29.8189681060424
29.831380577189
29.8438461751983
29.8563642369522
29.8689341372094
29.8815555486764
29.8942284322203
29.9069528487934
29.9197287551098
29.9325559237917
29.9454341164132
29.9583636040003
29.9713458001006
29.9843828505954
29.997475638604
30.010624064119
30.0238302968821
30.0370996786076
30.050439232317
30.0638562346946
30.0773575512236
30.0909494596594
30.1046376346797
30.1184270879856
30.1323219293932
30.1463248605358
30.1604364244674
30.1746543016542
30.1889733454441
30.2033873178403
30.2178928302207
30.232493780785
30.2472003224556
30.2620191009664
30.2769501753805
30.2919934747018
30.3071495911294
30.3224179866677
30.3377971874615
30.3532860766501
30.3688848055627
30.3845949542166
30.4004190746941
30.4163595609606
30.4324168857059
30.4485883115206
30.4648685137815
30.4812520045339
30.4977363542965
30.5143244247868
30.5310229991299
30.5478387822325
30.5647770866721
30.5818435788555
30.5990454480985
30.6163912543919
30.6338901873292
30.6515508070171
30.6693784877145
30.6873711532972
30.705518794939
30.7238205250544
30.7422966820427
30.7609604437852
30.779833023968
30.7989547214125
30.8183769037366
30.8381547372911
30.8583401526814
30.8789723394428
30.900063322875
30.9215825289991
30.9434673309302
30.9656740772472
30.9881810802846
31.0110038367186
31.034154976287
31.0576211073357
31.0813756517038
31.1053887205247
31.129631890157
31.1540789900341
31.1786975194596
31.2034400498472
31.2282542845728
31.2531735636239
31.2782340874183
31.3034494589543
31.3288253038477
31.3543658392773
31.3800706431013
31.4059166581528
31.4318502065588
31.4578672253074
31.4840375347256
31.5104326459523
31.537081377738
31.563960035221
31.5910118032506
31.6182156078059
31.6456245899596
31.6733247065018
31.701389359677
31.7297711491863
31.7582215437044
31.7866045242146
31.8150415619868
31.8436269741746
31.8723864759737
31.9013234066783
31.9304062617598
31.9594791780656
31.9884041943241
32.0172899147924
32.0462411930356
32.0752729798353
32.1043854521068
32.1335813033076
32.1628488448821
32.1921382880355
32.2215142266184
32.250995483968
32.2804965372692
32.3100185868755
32.3395597854636
32.369089250251
32.3986001646441
32.4282097514816
32.4578738283753
32.4874916439676
32.5170914836845
32.5466933181667
32.5762859622428
32.6058401921178
32.6353372965492
32.6647959481525
32.6942454388263
32.723687887019
32.7531085837859
32.7824945227554
32.8118278003669
32.8410995482424
32.8703056005086
32.8994345656065
32.9284655817667
32.9573736348503
32.9861366617503
33.0146882793993
33.0428026971903
33.0702661986723
33.0972509093274
33.1239715524433
33.1505307392154
33.1769764737532
33.2033338258938
33.2296094860383
33.2557883486267
33.2818517535505
33.3078087129747
33.333679732738
33.3594909496171
33.3853084366301
33.4111466212947
33.4369507828024
33.4626927064017
33.4883562393857
33.513903716584
33.5392658309714
33.5643680442832
33.5891702812582
33.6136629357743
33.6378312378547
33.6616454421971
33.6850806617271
33.708140056668
33.7308586974423
33.7532884146618
33.775481404405
33.7974822063068
33.8193263638582
33.8410421796735
33.8626536627764
33.8841786163634
33.9056189586992
33.9269685865326
33.9482183709284
33.9693566637958
33.9903733214859
34.0112612008426
34.0320129272558
34.0526183495257
34.0730649724841
34.0933363523895
34.1134024654218
34.1332129809279
34.1527277970853
34.1719627344677
34.1909687413602
34.2097906218667
34.2284571660931
34.2469874964658
34.2653975582253
34.2837024602569
34.3019162326241
34.3200510918864
34.3381170502082
34.3561218527875
34.3740710243151
34.3919678972997
34.409813764679
34.4276089136175
34.4453559311057
34.4630643593142
34.4807500018528
34.4984253863516
34.5160874886135
34.5337187283863
34.5513065174182
34.5688493418017
34.5863494542907
34.6038083842334
34.6212258182048
34.6385996619586
34.655926365657
34.6732011834877
34.6904183267963
34.7075710943562
34.724652098511
34.7416537179978
34.7585688902799
34.7753922491069
34.7921213674765
34.8087575939742
34.8253059847652
34.8417743051024
34.8581716305109
34.8745071807024
34.8907896650853
34.9070270197861
34.9232262691313
34.9393933573431
34.9555329888676
34.9716486190859
34.9877427791788
35.0038181312933
35.0198800314394
35.0359400618181
35.0520141653028
35.0681109248755
35.0842270630725
35.1003579850931
35.1165030419406
35.132663813163
35.1488425367814
35.1650416523157
35.1812638108132
35.1975120388232
35.2137899376129
35.2301018536087
35.2464529868146
35.262849424199
35.2792980786083
35.2958064835122
35.3123823735811
35.3290330081763
35.3457643038338
35.3625799999211
35.3794811688307
35.3964662790181
35.4135317626273
35.4306728335191
35.4478842786664
35.4651610583085
35.4824986769494
35.4998933594626
35.5173420903325
35.5348425719537
35.5523931489512
35.5699927227595
35.5876406453581
35.6053366206042
35.6230810739844
35.6408774552116
35.6587367069645
35.6766759124918
35.6947057327227
35.7128208950085
35.7310026059163
35.7492313556632
35.7674985771852
35.7858056431866
35.8041588477718
35.8225673499016
35.8410424128146
35.8595968665946
35.878244977196
35.8970025348676
35.9158864785821
35.9349127904394
35.9540909945573
35.9734162540596
35.9928679197817
36.0124245878116
36.0320815993343
36.051844868782
36.0717157202335
36.091688011465
36.1117523128963
36.1318986474028
36.1521164067212
36.1723935922626
36.1927201568317
36.2130996511445
36.2335491440393
36.2540724916855
36.2746888783408
36.2954176286807
36.3162690716057
36.337256507076
36.3583937546425
36.3796946314059
36.401173710337
36.4228454971152
36.4447210901451
36.4668032676409
36.4890838657993
36.5115468030252
36.5341758578322
36.5569703626613
36.5799452608336
36.6031018853686
36.6264203285431
36.6498692852967
36.6734256665756
36.697084212871
36.7208460027676
36.7447102707276
36.7686755280289
36.7927449047966
36.8169359434171
36.8412845444506
36.8658256911602
36.8905664009424
36.9154703054646
36.940481150577
36.9655657734616
36.9906682981382
37.0158240311478
37.0411176227848
37.0666054520884
37.092320890267
37.1182692154974
37.1444068149586
37.1706585827645
37.1969922024391
37.2234275278779
37.2499805054196
37.2766489538692
37.303425249001
37.3303011457072
37.3572409821107
37.3841403170993
37.4109495820967
37.4377149143754
37.4644721412772
37.4912234743489
37.5179675873592
37.5447038002064
37.5714308532886
37.5981472069565
37.6248542610363
37.6515616832927
37.6782749228282
37.7049368744655
37.7314219835364
37.7576962306137
37.7838227806608
37.8098394725016
37.8357464406444
37.8615361134625
37.8872002686141
37.9127244662973
37.9380842313148
37.9632847120049
37.9883871429445
38.0134256815592
38.0384342674217
38.0634391307207
38.0884489097875
38.1134579382594
38.1384437959483
38.1633603754733
38.1881433899495
38.2127399422988
38.2371401564681
38.261367079729
38.2854506255524
38.309414367329
38.3332751020478
38.3570445315736
38.380728195441
38.4043247481791
38.4278301748109
38.4512428634399
38.4745618648308
38.4977833848567
38.5209003340105
38.5439049599441
38.5667937010908
38.5895685146757
38.6122312273909
38.6347814376915
38.6572189653598
38.6795430518336
38.7017508806452
38.7238394496569
38.7458088661611
38.7676624895795
38.7894049923979
38.8110449829055
38.8325961331534
38.8540693635345
38.8754687682141
38.8967934179018
38.918041049747
38.9392108724048
38.9603046814099
38.9813255304038
39.0022724062063
39.0231337198771
39.0438909255319
39.0645353826823
39.0850737525185
39.1055149868505
39.1258624969264
39.1461168591101
39.166280307042
39.1863588529528
39.2063628013728
39.2263058653039
39.2462001326546
39.2660484763576
39.2858484261189
39.3056016498786
39.3253136175682
39.3449899061793
39.3646343449244
39.3842480976543
39.4038283860888
39.4233671205993
39.4428517428429
39.4622694505689
39.4816103316633
39.5008703948058
39.5200573594705
39.5391900749772
39.5582904010476
39.5773762579228
39.5964601790802
39.6155508705401
39.6346540862927
39.6537722060819
39.6729051118557
39.6920525016537
39.711214826887
39.7303929236155
39.7495876246959
39.7687997574621
39.7880305536821
39.8072822784154
39.8265582845908
39.8458622748319
39.8651983243444
39.8845717826757
39.9039896661346
39.9234603460667
39.9429926731804
39.9625946165707
39.9822726300848
40.0020334453103
40.0218863305713
40.041841436623
40.061905707521
40.0820811065385
40.1023657774674
40.1227558145157
40.1432459903815
40.1638294055404
40.1844972291435
40.2052398146981
40.2260485201259
40.2469163199839
40.2678374573215
40.2888079295437
40.3098254831576
40.3308887698325
40.3519973973405
40.3731511889209
40.3943496046498
40.4155930759507
40.4368843113898
40.4582274389791
40.4796266705407
40.5010859883689
40.5226096898584
40.5442034583541
40.5658749895181
40.5876329774581
40.6094872081077
40.631451044158
40.6535421910086
40.6757812225954
40.698189724833
40.7207896667217
40.7436060830543
40.7666706573527
40.7900174478715
40.8136707612406
40.8376338019646
40.8618856455613
40.8863889180239
40.9111019912467
40.935988745651
40.9610226366951
40.9861846590229
41.0114597459205
41.0368356684962
41.0623032489973
41.0878552846649
41.1134839647768
41.1391812756309
41.1649437559316
41.1907731525647
41.2166720589762
41.2426427240862
41.2686894003788
41.2948201021364
41.3210452452255
41.3473772022125
41.3738362967874
41.4004543078034
41.4272721129348
41.4543350074336
41.4816853452841
41.5093528582504
41.5373432207284
41.5656290027898
41.5941574997341
41.6228699248055
41.6517158090214
41.6806600033652
41.7096818614671
41.738765734654
41.7678974222239
41.79706548854
41.8262604458408
41.8554728841736
41.8846939826565
41.9139193455843
41.9431483259876
41.9723791108636
42.001607794471
42.0308301848718
42.0600477970861
42.0892786584154
42.118502683414
42.1476547394763
42.1767059314768
42.2056541223293
42.2344981305071
42.2632312782915
42.291845527611
42.3203384863685
42.3487159320697
42.3769887710521
42.4051685566344
42.4332646966091
42.4612838575443
42.4892310036327
42.5171115373933
42.5449331182492
42.5727015971538
42.6004108630693
42.6280486397509
42.6556090239484
42.683090463532
42.7104859883177
42.7377824547161
42.7649736513122
42.7920693284689
42.8190745846425
42.8459740852623
42.8727419467141
42.8993575930243
42.925812525591
42.9521084974296
42.9782531495614
43.0042577488272
43.0301392945235
43.0559240666773
43.0816371843416
43.1072820720804
43.1328526912161
43.1583507529335
43.1837829503438
43.209156280236
43.2344772144179
43.2597531549006
43.2849943641059
43.3102122519649
43.3354160640616
43.3606105601291
43.3857946744816
43.4109611088229
43.4360976732452
43.461191504385
43.4862351337525
43.5112283137087
43.5361699207124
43.56104633127
43.5858306318218
43.6104950806585
43.6350216083969
43.659400544458
43.6836228983662
43.7076718802766
43.731518146519
43.7551299253929
43.7784958766878
43.8016287023783
43.8245485950734
43.8472756004221
43.8698318209771
43.8922415504024
43.9145276859069
43.9367085679086
43.9587974904115
43.9808043887063
44.002737925588
44.0246065139044
44.0464181768907
44.0681800680505
44.0898986127217
44.111580613924
44.1332310937604
44.1548510003197
44.1764410997064
44.1980017995522
44.2195313061844
44.241023795465
44.262469629145
44.2838590383074
44.3051860017415
44.3264478292009
44.3476416063219
44.3687623120758
44.3898049261905
44.4107695107892
44.4316651550552
44.4525075377279
44.4733110806083
44.494083723123
44.5148278821524
44.5355435451828
44.5562302149889
44.5768877436639
44.5975175129603
44.6181251148465
44.6387231481998
44.6593296312311
44.6799613902835
44.7006287853301
44.7213350927337
44.7420782541758
44.7628524426891
44.7836486568672
44.8044548196669
44.8252561000796
44.846035788905
44.8667799419546
44.887489529605
44.9081825948789
44.9288774106188
44.9495840402961
44.9703081722641
44.9910555666403
45.011834364866
45.0326558617575
45.0535321721407
45.0744694733501
45.0954689035925
45.1165443210243
45.1377289591889
45.1590626579255
45.1805761779564
45.2022794712477
45.2241554969098
45.2461659854441
45.2682724181571
45.2904537677382
45.3127025264975
45.3350128952462
45.3573758811555
45.3797802677938
45.4022190600979
45.4246950345223
45.4472155588593
45.4697856595077
45.4924077083168
45.5150840836195
45.5378188433318
45.5606180410445
45.5834893142043
45.6064413268617
45.6294834157777
45.6526255132845
45.6758782603878
45.6992531500617
45.7227624801192
45.7464189399824
45.7702350565005
45.7942232875083
45.8183969159868
45.8427696948341
45.8673525941426
45.8921500813476
45.9171610097446
45.9423839405496
45.9678189514724
45.993465019343
46.0193193687135
46.0453791648914
46.0716427276591
46.0981096693416
46.1247805552599
46.1516564859543
46.178738717314
46.2060283456953
46.2335261032828
46.2612323578564
46.2891474406492
46.3172723437688
46.3456096227036
46.3741642268258
46.402944134512
46.4319608590738
46.4612304888764
46.4907772018268
46.5206362076099
46.550854792543
46.581517042706
46.6127573151267
46.6447230060783
46.6775132070143
46.7111393782684
46.7455589871173
46.7807034510895
46.8164759949537
46.8527768608417
46.8895194429012
46.9266213077698
46.9639874978216
47.0015222976122
47.039179037853
47.0769612195752
47.1148691565933
47.1528755498982
47.1909635687039
47.2291933791444
47.2676823999949
47.3065740558506
47.3460341124629
47.3862107203186
47.4271474631825
47.4687190398349
47.5107188599699
47.5529792560474
47.5953951358124
47.6379043997536
47.6804783365731
47.7231159659184
47.7658285962623
47.8086472188104
47.8516201437048
47.89480315404
47.9382579460934
47.9820405543673
48.0261778053648
48.0706470939004
48.1153891003863
48.1603407306943
48.2054394558219
48.2506394255746
48.2959074962499
48.3412426679294
48.3866811936168
48.432271124789
48.4780554268157
48.5240609179085
48.5702854040358
48.6167000110577
48.6632734215083
48.7099651781856
48.7567105047059
48.8034434338993
48.85011512514
48.8967189176715
48.9433013461964
48.9899341814691
49.036684133218
49.083563193237
49.1305466255257
49.1775608618625
49.2244548715498
49.2710766135991
49.3173797014207
49.3632581064854
49.4086420058623
49.4533658004637
49.4970897391242
49.5398194001642
49.5812647307811
49.6212948037505
49.6603495661869
49.6988187598883
49.7368298479991
49.7743836480333
49.8114986829232
49.8481415899374
49.8842176834494
49.9197604321745
49.9548163754831
49.9893109119749
50.0233011769314
50.05681150757
50.0897462108328
50.1220210278363
50.1535358234986
50.1840825803078
50.2132893995062
50.2411203724633
50.2679531711578
50.2940725783726
50.3196286180006
50.3447261558554
50.3694488614271
50.3938558271198
50.4179791062251
50.4418298637203
50.4654193270827
50.4887752114334
50.5119282813192
50.5348979215486
50.557692470388
50.5803118541834
50.6027553754564
50.6250302602847
50.6471500301538
50.6691280566338
50.6909748592968
50.7126968641267
50.7342924477106
50.7557440231035
50.7770182542696
50.7981037355397
50.8190453152447
50.8398868220899
50.8606468329266
50.8813350117632
50.9019633281986
50.9225489708046
50.943110433975
50.9636638281921
50.984221652011
51.0047929327628
51.0253840286003
51.0460004036366
51.0666494272264
51.0873410172472
51.1080818958348
51.1288747220888
51.1497252300454
51.17064292026
51.1916387196398
51.2127244070463
51.2339134541704
51.25522188614
51.2766685111877
51.2982747588736
51.3200645130426
51.3420641001502
51.3643023352643
51.3868101413133
51.4096184089777
51.4327513802353
51.4562147796094
51.4799978238154
51.5041269600703
51.528647467053
51.5535906242309
51.5790093179413
51.6049333187105
51.6313624674753
51.6582823238949
51.6856760015935
51.7135292294765
51.7418319761296
51.7705791962846
51.7997720407573
51.8294188044905
51.8595338993782
51.8901355222848
51.9212446539047
51.9528857901979
51.9850874841395
52.0178823905173
52.0513087003366
52.0854141683704
52.1202623479845
52.1559394230354
52.1925587043418
52.2302589370362
52.2691899268069
52.3094687960169
52.3511682443377
52.3943582584621
52.4390476955046
52.4851794493442
52.5326538477787
52.5813116936278
52.630977643737
52.680977643737
52.730977643737
52.780977643737
52.830977643737
52.880977643737
52.930977643737
52.9809776437369
53.0309776437369
53.0809776437369
53.1309776437369
53.1809776437369
53.2309776437369
53.2809776437369
53.3309776437369
53.3809776437369
53.4309776437369
53.4809776437369
53.5309776437369
53.5809776437369
53.6309776437369
53.6809776437369
53.7309776437369
53.7809776437369
53.8309776437369
53.8809776437369
53.9309776437369
53.9809708054932
54.0309708054932
54.0809708054932
54.1309708054932
54.1809708054932
54.2309708054932
54.2809708054932
54.3309708054932
54.3809708054932
54.4309708054932
54.4809708054932
54.5309006733988
54.5808828746593
54.630881291776
54.680881291776
54.730881291776
54.780881291776
54.830881291776
54.880881291776
54.930881291776
54.980881291776
55.030881291776
55.080881291776
55.130881291776
55.180881291776
55.230881291776
55.280881291776
55.330881291776
55.3808812917759
55.4308812917759
55.4808812917759
55.5308812917759
55.5808812917759
55.6308812917759
55.6808812917759
55.7308812917759
55.7808812917759
55.8308812917759
55.8808812917759
55.9308812917759
55.9808812917759
56.0308812917759
56.0808812917759
56.1308812917759
56.1808812917759
56.230800887839
56.280800887839
56.330800887839
56.380800887839
56.430800887839
56.480800887839
56.530800887839
56.580800887839
56.630800887839
56.680800887839
56.7306706034718
56.7806382584866
56.8306382584866
56.8806382584866
56.9306382584866
56.9805503310444
57.0305503310444
57.0805503310444
57.1305503310444
57.1805503310444
57.2305503310444
57.2805503310444
57.3305503310443
57.3804051044203
57.4300289893653
57.4794321797578
57.5286289935542
57.5780014653261
57.627369446505
57.6765149870517
57.7258340187862
57.7755057972127
57.8254226330222
57.8754226330222
57.9253805255978
57.9750595572449
58.0245070457344
58.0737805732034
58.1228489431431
58.171720746359
58.2205590970838
58.2695786798162
58.3190948830529
58.3688924817351
58.4188877537238
58.4688877537237
58.5188877537237
58.5688877537237
58.6188877537237
58.6688877537237
58.7188877537237
58.7688877537237
58.8188877537237
58.8688877537237
58.9188877537237
58.9688877537237
59.0188877537237
59.0688877537237
59.1188877537237
59.1688877537237
59.2188877537237
59.2688877537237
59.3188877537237
59.3688877537237
59.4188877537237
59.4688877537237
59.5188877537237
59.5688877537237
59.6188877537237
59.6688877537237
59.7188877537237
59.7688877537237
59.8188877537237
59.8688877537237
59.9188877537237
59.9688877537237
60.0188877537237
