0,0,0,0,0,0,0
0.166917823475629,0.000168659384268821,0.000762262198057435,0.0437456814776818,0.000112111633828129,-0.000825101404689089,-0.000993098756159597
0.333382962956401,0.000538483923893052,0.00149613651100619,0.0874025541669063,0.00021380953282445,-0.00165912797846005,-0.00196198837865899
0.498951223585397,0.00131552230565252,0.00217385911739789,0.13089590539488,0.000293662436044602,-0.00250911133853492,-0.00288197479660048
0.663191788225953,0.00271361643639753,0.00276927082749018,0.174174467494458,0.000338590311117969,-0.00337832669558998,-0.00372761473739599
0.825685365469132,0.0049535157964426,0.00325937330249492,0.217210801482503,0.000333978598345239,-0.00426458149528087,-0.0044728684385289
0.986013673934531,0.0082567230648198,0.00362642432666184,0.259989954483066,0.00026480645956219,-0.0051589208287415,-0.00509180368426133
1.14374061151615,0.0128331360508904,0.00386021895568533,0.302486433011158,0.00011785377556749,-0.0060451401030857,-0.00555987220802054
1.29838873265639,0.0188620807310605,0.00395994142911652,0.344633546120142,-0.000115278151251922,-0.00690050468284254,-0.00585562162556135
1.4494176842855,0.0264666961517011,0.00393488245785311,0.38629302797406,-0.000435012095400564,-0.0076978888940186,-0.00596254807345016
1.59621292500253,0.0356817609852437,0.00380349031164816,0.427234696174702,-0.000831525405401673,-0.00840917196536141,-0.00587070952908709
1.57167252022573,0.0424704091331387,0.00348207149113363,0.422810565250191,-0.00129351854253445,-0.00810314847154149,-0.00469467854852739
1.54219451813915,0.0491161324263452,0.00322676601550944,0.41664174052168,-0.00175640280251944,-0.00767870958198287,-0.00341937982086944
1.50778772814806,0.0554573162676707,0.00304135977801139,0.408612211179773,-0.00220962755846825,-0.0071599534993128,-0.00208285161016454
1.46854217036404,0.06137880282557,0.00292546296810259,0.398714703984429,-0.00265072905841455,-0.0065733906330916,-0.00072068065183209
1.42466233112868,0.0667965318752615,0.0028774595779383,0.387031956331028,-0.00308247125079246,-0.00594590652644884,0.000633723265118111
1.37629044411,0.0716268545713291,0.00289556524993737,0.373654279191687,-0.00350899852587748,-0.00530274695568953,0.0019488187539003
1.32375090448617,0.0757737993893026,0.00297822022910826,0.358711682146392,-0.00393285429268513,-0.00466790338695206,0.0031943113376426
1.26695354537886,0.079080932196456,0.00312170711615825,0.342182304748161,-0.00435094802993687,-0.0040610009771512,0.00434046816414499
1.20658047915138,0.0813931269130257,0.00332125490062267,0.324196493588014,-0.00475609958878669,-0.00350069299200035,0.00536007790489553
1.14147771045455,0.0824071355444682,0.00356411217751013,0.304322550177841,-0.00512895400742791,-0.00299423138396207,0.00622218972119385
1.07448657679772,0.0820886078508125,0.00384474611015157,0.283160504294246,-0.00546024553673186,-0.00255425016522553,0.00691440573414061
0.999236388025854,0.0797667233094332,0.00412902676828715,0.258806876732611,-0.00570003192705808,-0.00215941521210683,0.00738280788434788
0.93090367108892,0.0765070761877407,0.00445612079995481,0.235130699079013,-0.0059044252134512,-0.0018366296734913,0.00770810123616884
0.834357171021507,0.0694370172165323,0.00467719285647021,0.202818723849131,-0.00586453928183077,-0.00148373793381399,0.00762931588506078
0.794040480531411,0.065679591841325,0.00517521965963158,0.183450450556524,-0.00609890695104289,-0.00126808701137415,0.00783489938085738
0.620970890277347,0.0495517624745663,0.00495784682537353,0.130332298495419,-0.00533261702644001,-0.000770108720445817,0.00664029776088813
0.782045647104768,0.0599172732316189,0.00699786034147337,0.15213210805121,-0.00710315645929235,-0.000848137978403587,0.00866336510925549
0.364532534347629,0.0231469234653502,0.0046943169946674,0.0487909731249199,-0.00402911346610778,4.43146947226516e-05,0.00439322110160103
0.73928216949911,0.04293513251571,0.0103552997870222,0.0846689692630413,-0.00851452522653255,0.000257943840896748,0.00905004109428701
0.275581456090238,0.00870015949181061,0.00572552202919912,0.00224792112677662,-0.00401359210457351,0.000701391652977047,0.00355528916598468
-0.0986447192483207,-0.0246782680012668,0.00357591596257835,-0.0877507136574222,-0.00114622750588666,0.00168727113870017,-0.000876733274414358
-0.420324702190386,-0.0619187685129481,0.00357479538804332,-0.193287751676928,0.000258264067209897,0.00303197025183887,-0.00423908729292054
-0.801770964977792,-0.115813406695572,0.00542779483557112,-0.344679490325825,0.000562383625334817,0.00483307361292745,-0.00714178865625326
-0.974775602128372,-0.13295835215677,0.00554081771993806,-0.391682175553438,-0.000123296362086695,0.00507497743027444,-0.00618142335291409
-1.32699478144878,-0.173631891449051,0.00649062989721458,-0.507572743696315,-0.00149040885329939,0.00658734885652068,-0.00516674830505384
-1.2805965905496,-0.15408339033559,0.0047441304277021,-0.457494623438831,-0.00261257987128512,0.00656076654462234,-0.000417588653055318
-1.70790926786731,-0.196729933165029,0.00516268123041617,-0.583253498224855,-0.00418492078000421,0.00887937478186191,0.00321596966434158
-1.36078305276935,-0.133526339394795,0.00215590144012078,-0.427769081303343,-0.00392409401548916,0.0065915137645453,0.00625550169314207
-1.86289452884154,-0.162464345065815,0.00127409986826733,-0.560734384131637,-0.00544737138767606,0.00735344799295033,0.00993653455842728
-1.27121800111889,-0.0848249145634956,-6.57470472553885e-05,-0.356758639132034,-0.00327465516168459,0.00351558042334287,0.00595609985878662
-1.79674514092938,-0.102782532284149,0.000513730041011887,-0.49027806265391,-0.00407240779490964,0.00403843323759424,0.00620141141366675
-0.960485408226106,-0.0282886679431142,0.00325833175147273,-0.22891005835382,-0.00216243647252023,0.00222268781957749,-0.000635496762952144
-2.16862538002638,-0.0477318253657593,0.00921828518829321,-0.497816115454576,-0.00517767734758774,0.00502392002488762,-0.00373247531799522
-0.707319479844907,0.0232273063114078,0.00711391205520435,-0.11121816255702,-0.00200450954608767,0.0012744762076343,-0.00475297375703101
-0.226597994564527,0.0799732015016604,0.00742813704602597,0.0600102159846813,-0.0012164538754043,-0.00113310729209215,-0.00538847757493598
0.143892757644841,0.143835603921865,0.00733573209376736,0.223242996610403,-0.00124378011501865,-0.00367163027757073,-0.00402240931542677
0.504463593889253,0.200089515584791,0.0077727832177697,0.38123858629217,-0.00196390848096651,-0.005396236658803,-0.00045511821730357
0.817651961292226,0.244092075670451,0.00812654318843941,0.508977766955021,-0.00358594639401802,-0.00640165884828156,0.00324705687581818
1.05995451584773,0.281869248664967,0.00810288071961382,0.594661743481785,-0.00617533316887089,-0.00704829640979437,0.00479563473880325
1.24616530814855,0.339424403090598,0.00803022096469629,0.653383220967745,-0.00952036158861581,-0.00666853192990412,0.00348844116750994
1.17648659203199,0.353356677061275,0.00796622533221679,0.577416361790437,-0.00979266095883728,-0.003824342444319,-0.000668746362047328
1.15494971130504,0.360771952393562,0.0112794276910355,0.528349491457634,-0.00818408556435327,-0.00172002054286719,-0.00454962245581149
0.936640853377735,0.244963445443675,0.0138377385843279,0.374552180791337,-0.00555773410118986,-0.000489542492422265,-0.00610192034589719
0.852108364938552,0.14885064737503,0.017633700674197,0.286549135141333,-0.00559819237796189,9.41212372287527e-05,-0.00548471284701532
0.563730241479525,-0.0137757979152592,0.018005503638989,0.116227623305798,-0.00586972541355043,0.00134703922386256,-0.00161297786197984
0.488654785378777,-0.146425894087752,0.0234329031136182,0.0152142084503516,-0.00803569223043451,0.00282433596737208,0.0014025686793544
0.155779653357817,-0.28051160939691,0.021298521636288,-0.14198152024201,-0.00811866148284309,0.00318840807117657,0.00453634993444074
-0.0745398511634884,-0.446432649168407,0.0241494782256889,-0.294004733268445,-0.0100626919460976,0.00300983487869505,0.00615890557375486
-0.290985157491532,-0.600069328461684,0.0260153477996278,-0.436827059847059,-0.0115409482690999,0.00205464607362372,0.00486744764120465
-0.445020449451489,-0.745516738471411,0.0261706665338182,-0.560647921124275,-0.0131874646196332,0.00101707003085592,0.00125858462358518
-0.49934705352523,-0.860806098379822,0.0257700920863253,-0.649252579282089,-0.0131601710483846,-0.000592976330274729,-0.00305186260825164
-0.513058766506131,-0.885339940933479,0.0266411991708555,-0.68961271102282,-0.00911207115397685,-0.00255458264401629,-0.00585517039006048
-0.549104826940087,-0.795812682579375,0.0259409936358566,-0.668824993630115,-0.00541780076648972,-0.00366694800971248,-0.00523896967077809
-0.5835317633501,-0.615470583232988,0.0243187126623432,-0.588819539213966,-0.00436670646606386,-0.0034345453768078,-0.00152418509437265
-0.602487206370404,-0.380267224936199,0.0232229407840972,-0.47022764558598,-0.00505813547945665,-0.00264854468972354,0.00314402408687729
-0.599489676344702,-0.110807052503906,0.0225874419780503,-0.325943638273559,-0.00617856381355677,-0.00239181563252724,0.00648089507818968
-0.579409777456228,0.165425674757223,0.0200123115362773,-0.176282982047555,-0.00627647742138176,-0.00247834108894311,0.00687087029969313
-0.544629180842823,0.425076780217863,0.0153523196054956,-0.0324364625739898,-0.00518403146625216,-0.0017435412909847,0.00433989328846947
-0.486633217182944,0.658802663988165,0.0118901289857612,0.107831717331771,-0.00378630396847249,-1.72935464986615e-05,0.000123019761188266
-0.407008939494539,0.858580019527233,0.0100679496717129,0.238993661642122,-0.00249891753766547,0.00175191012942069,-0.00430283239807437
-0.311111969435289,1.01992256407993,0.00993311361619912,0.356698457058214,-0.00177021590510988,0.00245720115666052,-0.00724782298608499
-0.192758593036536,1.13273446924954,0.0145165053425383,0.463433743641646,-0.00283664193554902,0.00207517520105509,-0.00695093382624863
-0.0625436944710818,1.18539113852341,0.0223415950175366,0.55066033516464,-0.00604141056409874,0.0021373452331165,-0.00330176172103416
0.0531382454972733,1.15664330080356,0.028037568196126,0.595871623606918,-0.0105488580729179,0.00311346625756262,0.00183141552937583
0.117787077753094,1.0417735101606,0.0291177888509746,0.589489970315205,-0.0159001058320283,0.00401208407116416,0.00611897696610176
0.103015667642421,0.824133207138087,0.027379187922186,0.528248371517891,-0.0193036057336325,0.00420583633616345,0.00766631266445091
0.0745370774077703,0.503662130094042,0.0288431189983692,0.425481467552198,-0.0175081519198471,0.0041021232251151,0.00536651421474794
0.118055137140206,0.152403875365812,0.0338755161792235,0.309027662651472,-0.0139349651485992,0.00420712229836853,0.000377802919224616
0.22122024900997,-0.191409892124482,0.0405329145003149,0.185404608050678,-0.0110822542802824,0.00372803228855784,-0.00495419237334425
0.352528167487517,-0.510300810312532,0.0482034258198461,0.0650011555764284,-0.00903985608465708,0.00151035048517645,-0.00843462572070576
0.504096892400357,-0.77087459017437,0.0518130657888129,-0.0415081533248196,-0.00909423026311738,-0.00177879911896054,-0.00844598576140324
0.659013326297879,-0.949972771137798,0.0496310952541312,-0.140171606045117,-0.0111318490198971,-0.0037901985951346,-0.00493743581857836
0.790895755566175,-1.0426165125405,0.0454505812715072,-0.231328562048151,-0.0139744676329421,-0.00414950212227921,0.000578496000578241
0.891529435345544,-1.04136137124252,0.0405465631290339,-0.308639803924184,-0.0181524791962616,-0.00443923004880632,0.00589906629798472
0.918323157150674,-0.921805401958888,0.0366193195368405,-0.370371605707815,-0.0218817692232523,-0.00563281912319479,0.00843611148639513
0.865472659052911,-0.763988417673955,0.0378124664473865,-0.42314165678032,-0.0218777898548114,-0.0062833485513778,0.00648449280095727
0.721347447583344,-0.602078205769275,0.0411299410902694,-0.444395366284332,-0.0179991252697955,-0.00491580770035153,0.00144062350175967
0.52938016328644,-0.469561839638594,0.0457735554073221,-0.434349376032048,-0.0133539799968738,-0.00294960587103962,-0.00382238383781226
0.300606823440797,-0.350851466928995,0.0520665480864601,-0.394447056164807,-0.00970295002909078,-0.00169816594988973,-0.00710324084329814
0.0471207135531676,-0.225170978869959,0.06425128116746,-0.342561527488119,-0.00834247591688105,-0.000937256929484036,-0.00691487723795338
-0.216455528962011,-0.0934439436162065,0.0828406580234009,-0.286985866886573,-0.00900195077912954,0.00051286401812934,-0.00351787809097288
-0.470329803532128,0.0283675145121499,0.103612439259334,-0.22750428432507,-0.0104247866345506,0.00263505948086586,0.00127188373275336
-0.701008003037365,0.132682273411425,0.123946374915059,-0.164840071252202,-0.0118368200010475,0.00434318889022645,0.00543106853078311
-0.893660780593407,0.207218635444313,0.139495630857416,-0.0938183325930326,-0.0125095666118405,0.00480551686375777,0.00717479451022983
-1.03102474451462,0.245446557888025,0.146044656458061,-0.00861015859522003,-0.0119701459886838,0.00460513127418165,0.00564986923275119
-1.1012672356418,0.261745831993361,0.145092164878788,0.0812211524657836,-0.0110243864583145,0.0047428683935212,0.00164082997289449
-1.11043611094395,0.267977749015904,0.140510426384981,0.164749660956735,-0.0106820069163644,0.00484105579999807,-0.00305928634655509
-1.05378909970106,0.264225702702663,0.133968438772883,0.237045777137121,-0.0111753679061048,0.00373116108192889,-0.00648648018937089
-0.951951494948752,0.26627353829692,0.130250071229865,0.282724752214217,-0.0131557607854522,0.00153873737755864,-0.00683712793973171
-0.795022527765986,0.281247141619241,0.125290162501193,0.288588605964933,-0.0163092084226898,-0.000125757833665231,-0.00380620923319896
-0.588012708876166,0.305257503538451,0.116883633161274,0.26731415701052,-0.0197823269763763,-0.000839429052876775,0.000969196759557793
-0.340570065898298,0.333418314292761,0.106236189940047,0.229398858352124,-0.0232973162503198,-0.00188349423448852,0.00545396990433857
-0.0684522488378518,0.36311091383852,0.0956260697607503,0.190704193173242,-0.0264551833255784,-0.00422437786432252,0.00766197140329746
0.216999701450639,0.393021856983896,0.0867276668681647,0.16904173644344,-0.028259368972806,-0.00664373224287262,0.00628670269100306
0.483513573594244,0.423692637535473,0.0815164186105459,0.156009414411584,-0.0291444841590165,-0.00751605327485762,0.00198037638982592
0.703955979106972,0.439735845457405,0.0806667679984516,0.13327367339272,-0.0295878303752485,-0.00741231621908245,-0.00324266175059754
0.872436286178924,0.419821724797037,0.0826961196435124,0.0878136562085383,-0.0295640994433439,-0.00731339517987106,-0.0071265938841881
0.9857247528836,0.359221989186062,0.0845707228401129,0.00760258274817757,-0.0303244885332032,-0.00687059142544482,-0.00763141586518393
1.05887795162686,0.25128291575964,0.0849223451730854,-0.0974950833546879,-0.0319825046998981,-0.00485703298177168,-0.00439569585778851
1.12458904855798,0.108335189313318,0.0843474755756061,-0.201816804021821,-0.0326712302978752,-0.00134260086260325,0.00107576560565969
1.17888734063924,-0.0256543447109342,0.0829984941159384,-0.283149290625257,-0.0314832086631863,0.00227974139789271,0.0064219624150147
1.18630570868565,-0.121137522563163,0.0821514820727612,-0.320656654647087,-0.0274425504896619,0.00490194339603746,0.00894370426314076
1.12902399651724,-0.174979377293309,0.0859537868840787,-0.320718046179599,-0.0205764802304434,0.00713257575829521,0.00694634107173506
0.989417304741332,-0.211098568582709,0.0896527685075523,-0.296165536017583,-0.0143552680120306,0.0098762577297655,0.00184931575002057
0.766000075069868,-0.238168287523336,0.088638918663608,-0.239842631234373,-0.0103543721629152,0.012344304358062,-0.00379899465735737
0.489906627914765,-0.255382048983194,0.085253017477833,-0.158680080025845,-0.00781388883305031,0.0133016327835717,-0.00781842229480878
0.163906941094759,-0.274338147503191,0.0724814110164284,-0.060834420839572,-0.00667157218365256,0.0121503318936028,-0.00840891741422978
-0.187080420081408,-0.302846707591555,0.0493826906516458,0.0485751188500335,-0.00647299766876793,0.0106463342919828,-0.00529960545450661
-0.534828546705901,-0.322218815708991,0.0266674591799674,0.168260611977682,-0.00550855620142785,0.00972274752920485,-0.000105486366586185
-0.858919430025812,-0.329321616129015,0.00809687580240517,0.285349196697804,-0.00423427795999237,0.00822623718393051,0.0050719899267915
-1.13424493070283,-0.328615541971605,-0.00585317822274036,0.37901867461369,-0.00365000644236545,0.00464202979928723,0.00820271471082502
-1.33139562099131,-0.313254416463376,-0.0102917891670874,0.437840181669553,-0.00336593449929725,-0.000151865245280332,0.00778314594746577
-1.43364386734756,-0.275068037148888,-0.00789243980256434,0.465693072615723,-0.00344734265288727,-0.00354978503684552,0.00385256285188644
-1.45604040193725,-0.230682245894744,-0.00490518804621507,0.466087560515275,-0.00417933371196169,-0.00533855184231122,-0.00187745865994032
-1.38585091553623,-0.19393286613522,-0.00295747639666252,0.422842178092311,-0.00435017530229402,-0.00748349500880764,-0.00715708490464395
-1.24156078580473,-0.184186612992801,-0.00235172423455528,0.34145488371384,-0.00375575981733176,-0.0109537882010745,-0.00941917836185024
-1.05453920289403,-0.198077661450911,-0.000853231709474291,0.252115885564684,-0.00335825321507433,-0.0132148405329738,-0.00714053615803679
-0.832459815057451,-0.203031960012272,0.000772848568391054,0.161338388516455,-0.00341571496453741,-0.0127482012700217,-0.00205615852693106
-0.545169154506285,-0.192383203731292,0.00153457396939181,0.0525237668608862,-0.00393444972252112,-0.0106758621104551,0.00360951886435187
-0.265409944315059,-0.188027835639305,0.00239267662486721,-0.0571501276817996,-0.00505646422065969,-0.00942354656737688,0.00779178910613339
0.0794289009308029,-0.149524474986743,0.00135401715209131,-0.17390184390336,-0.00502663335289354,-0.00775994877229928,0.00848257823318202
0.417399046755419,-0.0961351429990978,-0.000799894871069444,-0.29394254898202,-0.00352804352336084,-0.00582866598318725,0.00581383953883698
0.727584602321875,-0.0333180546372382,-0.000563815427303728,-0.397400575032627,-0.00114215982266866,-0.00218384592752788,0.00038610047998938
0.992474638982207,0.030485590752083,0.00242244858861658,-0.477613194227192,0.000686818566268477,0.00189815322620929,-0.00517311728467107
1.1886583032937,0.107579893617166,0.00709459051169041,-0.517147082809043,0.00104673187306227,0.00517301528843528,-0.0083119845515226
1.29805984389037,0.192388349383174,0.00941156744811325,-0.511114927507982,-0.000973176979813878,0.00763567375982806,-0.00723371708946838
1.31443194689136,0.282343111536675,0.00729065335324388,-0.461573270594634,-0.00367909647521496,0.0102139636268929,-0.00244302106783795
1.25864067316053,0.378130803906716,0.00287272884683641,-0.377648731678716,-0.00523266765009616,0.0123934365340914,0.00363205099070467
1.12517896557335,0.468409066788976,-0.00438735738252181,-0.263418407241269,-0.00582387885113399,0.0124840645767169,0.00831287804667483
0.947113111178689,0.546494309299514,-0.00909181749510506,-0.147287982571034,-0.00511410019608588,0.0103457253616904,0.0090589416200181
0.744394085528296,0.605800340324133,-0.0083078773407686,-0.0373020819311844,-0.0039710850850225,0.00857943300898246,0.00574044877581244
0.508009924045986,0.638843486009094,-0.00879065172282618,0.0801050781776761,-0.00382098798999493,0.00807205491995382,0.000518639211449636
0.247635947208883,0.641228942418828,-0.0117345748415494,0.195356675862055,-0.00371859913863415,0.00741190315473202,-0.00470073012861919
-0.0130014260143706,0.612785230828543,-0.0179447524374751,0.292023174211933,-0.00247680408335951,0.00492301492026962,-0.00830045836237409
-0.27576684962893,0.540355898895598,-0.0314462123863131,0.371814874330104,-0.000369923809384051,0.000343473114591863,-0.00862607787288812
-0.524271853983478,0.442886932493356,-0.0464535067322892,0.442146432879678,0.0027431028476339,-0.00372445559190434,-0.00513362709431911
-0.715198608019265,0.349959630028895,-0.0549421923344267,0.486571965071855,0.00768122521820748,-0.00630536911417333,0.000456091657437651
-0.807642979458238,0.262001111311698,-0.0581076057260376,0.480073274899228,0.0131685840862428,-0.00926868445911515,0.00597449714095751
-0.776936260532716,0.154088311868938,-0.0579400327746536,0.411462013121365,0.0165276028777459,-0.0138378581453371,0.00941048897066221
-0.649024727732715,-0.0156005368281456,-0.0569199194274663,0.307310976345513,0.0168790297959483,-0.0176432830279846,0.00878728315453147
-0.522335957075846,-0.25272360880553,-0.0582833148070361,0.212554792836066,0.0153761087532199,-0.0175956738495323,0.00390629525487268
-0.459159236684532,-0.516670938232999,-0.0608560682349961,0.128218968488027,0.0142242891564481,-0.0147172490794575,-0.00290157071832383
-0.437579717888773,-0.77507393304063,-0.0641891166334919,0.0470788751408917,0.0151309283431668,-0.0112471335175712,-0.00884860187339297
-0.455106548855388,-0.981126141944537,-0.0666451836213189,-0.01238001089133,0.0166571503053336,-0.00856922852506787,-0.0112667607892351
-0.513287381167921,-1.08168947605106,-0.0651683714700528,-0.0544651745105018,0.0162611745705025,-0.0056771930652272,-0.00905479776582405
-0.56107022193184,-1.07184489782233,-0.0614425469364208,-0.103875333012795,0.0147498963519533,-0.00130898391223629,-0.00332556931668723
-0.581762318757685,-0.993158385182061,-0.0588749257084182,-0.158011671960293,0.0141918497004391,0.00321639491424211,0.00341809221825516
-0.542089910069326,-0.799467467665609,-0.0553119023010863,-0.209100920378089,0.0139248797511452,0.00662778156422837,0.0090304366457568
-0.441142821596329,-0.56308574711924,-0.0545699180676379,-0.262989670155884,0.0154842928302981,0.00801411329719832,0.0107577664317215
-0.272131780316156,-0.316014240824718,-0.0545424865960521,-0.311333696556497,0.0186913763944776,0.00878540431898256,0.0071213046077533
-0.0623642382535899,-0.0689319134977232,-0.0573239774887644,-0.353501065240611,0.0204029177088744,0.0104543814605042,0.000689006494237739
0.175446612701809,0.1545496583931,-0.0628503916437664,-0.373920374539803,0.019516181655535,0.0117845125639248,-0.00592946493401069
0.404413406649947,0.32897582343306,-0.0708330051974662,-0.376863245106429,0.0174866226695416,0.0109803935736221,-0.0101582317537791
0.611220046923224,0.475527666973341,-0.0846032310601527,-0.38444177950127,0.0133752583750341,0.00862744519053895,-0.0093202665915006
0.782923132934511,0.584704091937433,-0.102153748673112,-0.384666769075785,0.00950117911227406,0.0079479293385724,-0.00404940825197105
0.905600966083981,0.63741898133305,-0.117954372972844,-0.352370330677034,0.00777604380099889,0.00839591471935021,0.00243103855428961
0.966224175528243,0.636218300250369,-0.129376211100772,-0.292313921722511,0.00663347442414739,0.00759897652069881,0.00751331335058016
0.965127904789895,0.592608167085941,-0.130324323512117,-0.208986599959195,0.00573929327066302,0.00459321941476164,0.00925749490216767
0.864584614653686,0.484476641454371,-0.114234433872279,-0.0761211947259454,0.00521966333843457,0.00103815777517724,0.0066881397158842
0.773854653105437,0.385169712199053,-0.104112712213633,0.0679231530851231,0.00480844152795457,-0.000830907557596505,0.00196315025015194
0.552546345126012,0.222560437776258,-0.0827919165647248,0.224743095879157,0.00384790842611161,-0.00212704719060586,-0.00421455738102961
0.368363305712325,0.0951915317869303,-0.0682410098634884,0.376436676879293,0.00459946275708053,-0.00472749823120948,-0.00869566841865419
0.14263806416858,-0.0219498557916952,-0.053890709432563,0.476887178195305,0.00582062695701343,-0.00801928150277602,-0.00901114507145399
-0.0679024251925072,-0.104048287936434,-0.049345406721356,0.536914649826484,0.00748844122906941,-0.00928942012446011,-0.00499914817086403
-0.280373675434402,-0.149947827186238,-0.0458594226541185,0.562317113218273,0.010271003152085,-0.00821020167119399,0.00153219744468537
-0.504339836385752,-0.131580450892748,-0.0404238954835861,0.544724137152281,0.0132171068188758,-0.00682568549873212,0.00802517879738803
-0.738509563711717,-0.0297159083887437,-0.0354465273389894,0.504633720948856,0.0148610994889933,-0.00636802282729274,0.0111474946364992
-0.935311188908145,0.104452636963081,-0.0356011843204688,0.487905382345156,0.0147404171501938,-0.00530205945939776,0.00822265614871207
-1.02975954939384,0.200540382651128,-0.0390828827446629,0.465271993917635,0.0129521059074727,-0.00265079324547299,0.00168216424927353
-1.01100389192913,0.237709115153213,-0.0406477155435806,0.403629410738638,0.0111666315158496,0.000156870706822203,-0.00504496459320363
-0.910215765495472,0.231026392711165,-0.0394066721688867,0.309185145656791,0.0105775592677731,0.00130516150958702,-0.00931944715121703
-0.731031232091785,0.197371583814452,-0.0372690715811072,0.166769576877437,0.00947959927010038,0.000770988444641467,-0.00933703410141351
-0.472739547328468,0.135121664219987,-0.0342297672943923,-0.0235932863628521,0.00722779038561581,0.000931605033723021,-0.00492699633428462
-0.241096971571238,0.0650021399170665,-0.0327559862571279,-0.207465440139765,0.00624911514138971,0.00219109417581108,0.000854817291167787
0.0267386163320153,-0.0276780841843688,-0.0300099583796796,-0.382528979386638,0.00547219813540054,0.0029684774818744,0.00660915516235471
0.282183644897486,-0.136586485877534,-0.028561027134677,-0.532676082561521,0.00585358813562097,0.00190470710382451,0.00957255622393755
0.476612520603971,-0.288690980973614,-0.025079530545277,-0.621565273867671,0.00915079951458182,-0.000142944295696959,0.00782889639669112
0.585065105642075,-0.50273911884379,-0.0225295962932883,-0.660892704988878,0.0122358611734775,-0.00148402056063486,0.00237737732636308
0.620774691746063,-0.684573899167389,-0.0262347137661401,-0.667922054478806,0.0113405969471716,-0.00198487951011145,-0.00440953912490903
0.610286074422166,-0.759018820666612,-0.0323027769195188,-0.635423396739878,0.0101464926478308,-0.00313370033782366,-0.00983300172463083
0.576151033273332,-0.735408811190656,-0.0341826078416507,-0.579216661299618,0.00839637663750782,-0.00507805982156869,-0.0104767746082324
0.531706119714182,-0.65118287303339,-0.0293543293422836,-0.513411524270593,0.00533594774923007,-0.00479576942433828,-0.00603853734658645
0.453555055241213,-0.525868774968522,-0.022446895222156,-0.412912670506538,0.00258400706396506,-0.00242489686324549,0.000289409892267786
0.342845070593282,-0.363376552908158,-0.0130673055344165,-0.281066324261262,5.14031674946668e-05,-1.00972587341007e-05,0.0059303885084504
0.208515188023661,-0.179792062653418,-0.00261001012874042,-0.131298795431982,-0.00197821861264562,0.00093848053390712,0.00902680373486057
0.0311936049759031,0.0234682020116229,0.00158307488003067,0.0543276229031096,-0.00192001865787675,0.000866539849640301,0.00805687666204278
-0.155329965698495,0.217877994948007,-0.000585351169387882,0.251087023184235,-8.60917211203743e-05,0.00160379001894937,0.00372061021407384
-0.329046885436511,0.395180435919162,-0.0042737444251967,0.434348332488578,0.0018351480063027,0.00324190119807308,-0.00212265147331448
-0.482819228137042,0.547381872173077,-0.00827305871250314,0.591544682616459,0.00300870378186278,0.00429997161521586,-0.00714112444457802
-0.588008253096229,0.666355164869216,-0.00806430798333971,0.700348931253774,0.00234435311520538,0.0039824309881938,-0.00862919333607693
-0.613872250966349,0.736655225156771,-0.00433927301373864,0.740432005728824,-0.000502123135797245,0.00388576517032032,-0.00531624669138709
-0.576849125197543,0.733562875823681,-0.00316195897469596,0.720227004849624,-0.00396650021302839,0.00465338358197687,0.00107997421037851
-0.490481837709149,0.657580312982497,-0.00335746724701061,0.650191920831893,-0.00661236281982689,0.00425530654381935,0.00734096092211449
-0.357153764728688,0.544365815532814,-0.00302086417345858,0.550724790571741,-0.00703744444522569,0.00137430675288586,0.00995538776820168
-0.205987447654271,0.412541460905321,0.000377897876644278,0.448154522360695,-0.00514528481513813,-0.00134354240556141,0.00745759298088714
-0.0388433394841546,0.267431682072473,0.00647492094464246,0.326861734134695,-0.00343260679709758,-0.0017247048282636,0.00212723314628508
0.141237611959675,0.113415320993334,0.0132087453071792,0.183276955175399,-0.00248278015692035,-0.00120400608828506,-0.00357903641482832
0.322064064448948,-0.0390964216657844,0.019577841376071,0.0350865127313804,-0.00140087830965344,-0.00159514327995755,-0.00782316275563726
0.509023028965758,-0.184100181924976,0.0225089693691862,-0.125109343546949,-0.00106685194831727,-0.00330050362724913,-0.00886648508717094
0.686997236268257,-0.312806571441444,0.0215985612737989,-0.301450876804243,-0.0025210097863412,-0.0042358656850769,-0.00574012000483699
0.837398311061971,-0.414605190575001,0.0203632841480499,-0.466772148610781,-0.00498334288805629,-0.00336148558687316,-0.000239651783494071
0.936784499904041,-0.461176261038941,0.0177316785891757,-0.598367297507817,-0.00844235037196571,-0.0016513195087322,0.00530068935106254
0.977828414473873,-0.427798437070643,0.0153144728200956,-0.68561130501448,-0.0115709289099438,-5.03715760046566e-05,0.00809331932455658
0.909516060403336,-0.348598374123863,0.0164435593496229,-0.701324287392178,-0.0100330956746949,0.0017999554471569,0.00630211899760526
0.739029554594381,-0.304931785196951,0.0181303783915279,-0.654727305732988,-0.0061102132044908,0.00379761179285624,0.00108134846583549
0.499764814344541,-0.285886246068261,0.0182165582632945,-0.562989684964172,-0.00311003863251608,0.00501804763101592,-0.00481561723032615
0.214701945996624,-0.263034849552869,0.0192967620349464,-0.441021527981265,-0.00138494330839812,0.0043536430180691,-0.00851185075021151
-0.0786344252650322,-0.224529596124953,0.0238655771895189,-0.318164564515629,-0.00158405335399612,0.00282399605452886,-0.00809858245570571
-0.35808871420013,-0.178768268140293,0.0290629304576028,-0.198728501956795,-0.00271653531333211,0.00263140289365135,-0.0043689652997147
-0.62085246685613,-0.131680433703246,0.0324222803731083,-0.070586790062477,-0.00356181362009625,0.00357106041316779,0.000753442854423764
-0.855212019709111,-0.0815098161999472,0.035799680660879,0.0566457230566537,-0.00453040211939366,0.00404492372493351,0.00563367810256098
-1.05733623500451,-0.0277096050087015,0.0416671586464354,0.178571477308677,-0.00587002732005078,0.00253384194239595,0.00854197364200261
-1.22020817362888,0.0217413305544801,0.0479389041203674,0.307386265724174,-0.00665408619680118,-0.000475271496644608,0.00760211397824885
-1.33220826650353,0.057005794856151,0.0509709129285289,0.430719930678921,-0.00724224117650701,-0.00250129855582447,0.00323449185122566
-1.34779731911919,0.0788705243519581,0.0507638514562317,0.517107312472079,-0.00847760276588444,-0.00339373971742555,-0.00235305603681443
-1.27986602077205,0.0870033339573177,0.0502386315717454,0.560355763360016,-0.0106919272946731,-0.00484486632583938,-0.00653807826728768
-1.08280887909912,0.0714454956849135,0.0467212394583139,0.534174323838665,-0.0144167540262679,-0.00735498322114806,-0.00729244202401648
-0.769667555342822,0.0287779736101833,0.0409792890384973,0.454421429566923,-0.0189434977825537,-0.00963730748284837,-0.00446981817834952
-0.360942340477893,0.00695895742255894,0.0369713568511536,0.345936419103581,-0.0208060555733603,-0.0102241116268799,0.000458494928175985
0.0392989038083552,0.0486345237912933,0.0374461713275278,0.245144438739385,-0.0212287732029968,-0.00980790451866919,0.00510413258547686
0.396622823825403,0.138741728894428,0.0403232195855832,0.154674156795506,-0.0210445699304854,-0.0088648303291705,0.00747699751581886
0.681399201496498,0.241664211946092,0.0440479167597436,0.087669330521313,-0.0199215645587684,-0.00696451213959984,0.00655167315035082
0.886376048699772,0.337159686361204,0.0462099147055526,0.0301623361352554,-0.0183568988556506,-0.00354750916962163,0.00299420378192372
1.01079181139368,0.411795022715412,0.0460383265104534,-0.0306822803959551,-0.0169907223811691,0.000709306795475097,-0.00174281948153959
1.06933841394267,0.456263955148535,0.0446163689612189,-0.0917195818993875,-0.0163607066529809,0.00465072927068095,-0.00582507645600289
1.05922775564093,0.461928097593641,0.0424380518499266,-0.15529079652369,-0.0171378920792485,0.00766992693245336,-0.00728749342210715
0.999241889901044,0.434529999762637,0.0408670354985662,-0.224844593723592,-0.0201085744514024,0.0103255424965378,-0.00513265003075604
0.876893876251703,0.347867349908159,0.0394763526419913,-0.287410510779683,-0.02340801615942,0.0130932406620444,-0.000382448924206223
0.716139060390813,0.190731177026978,0.0394895591143004,-0.334008687164054,-0.0249577453804294,0.0150512031986128,0.00477697114630137
0.548180076228964,-0.0180249395089593,0.0428995826131545,-0.369651586148674,-0.0231960966891361,0.0147312961131957,0.00797970531959981
0.395314404122271,-0.243220974400986,0.0525317827180221,-0.406333008916446,-0.0181815882085591,0.0127801996149935,0.00713646155047418
0.267678960058498,-0.430692477821006,0.0661998240685453,-0.434147699431958,-0.0133660214239792,0.0113866043358203,0.00266666128691037
0.158313961133277,-0.555577011685329,0.0792608439719225,-0.435744491784127,-0.0106446931480997,0.0102319903570897,-0.00288630870992352
0.0549775230726903,-0.620058465874074,0.0894041322584923,-0.412910548090218,-0.00889445342751837,0.00746479014109156,-0.00709495413938466
-0.0467497579993728,-0.618170349034315,0.0890782366222709,-0.366383603429844,-0.00751615084962379,0.00272260493547832,-0.00812936190423815
-0.139402554228546,-0.553047213700106,0.0750125364117792,-0.282670141691003,-0.00612378127965686,-0.00173685479995497,-0.00562997997678645
-0.216837781358823,-0.445969060303184,0.0558713975858736,-0.162879518352264,-0.00405522289311886,-0.00447451799758535,-0.00085296528129189
-0.284688708532786,-0.320146511209979,0.035560140904591,-0.0312836761789172,-0.00213524640869783,-0.00660228077566443,0.00425194899833919
-0.338100592954385,-0.165732416572729,0.0117424753470647,0.102222983450051,-0.00127682638904555,-0.00943857274878525,0.00783936140138786
-0.381752199005053,-0.0231803870477554,-0.00213318816633979,0.222232353312013,-0.00114391824225367,-0.0127292614604601,0.00814285470783609
-0.404910473146355,0.101725154188301,-0.00320446286023877,0.329373634658675,-0.00103283245202684,-0.0139876627128494,0.0046677715998042
-0.418779970308273,0.212263947988624,-0.00129374719132425,0.420343183605385,-0.000917026378855883,-0.0130741231717622,-0.00101461509475033
-0.429627375788097,0.301275110893205,0.00153711859991304,0.483554093555442,0.00041076001970915,-0.011622694715823,-0.00665082422364957
-0.435072941297084,0.36871019041943,0.00308207815591728,0.523970104737828,0.00273590304852671,-0.0108276563035799,-0.00941976167479971
-0.438611007831443,0.426648393056757,-0.000419086360165124,0.553776195295485,0.0031116538664188,-0.00946038083963073,-0.00721183500592749
-0.447390877357023,0.456951400774706,-0.00364168728733918,0.555930159079399,0.00152333951305846,-0.00614905163599455,-0.00155731916074678
-0.461164346256002,0.453273438224695,-0.00435584819437787,0.521948361898787,-0.000969717728032354,-0.00200295979398798,0.00447297873141743
-0.474921462556996,0.419490748254693,-0.00341098049289448,0.458858463344768,-0.00311297009405706,0.00143192344002268,0.0081645202147565
-0.481325771959736,0.336120896714653,-0.00438484553023884,0.362710200574828,-0.00319666430113686,0.00391484699308938,0.007793898663038
-0.475668438346278,0.216959367664412,-0.00906799816404042,0.235838449794575,-0.00152026007376015,0.00658582012336147,0.00373910102083351
-0.451632577864075,0.0906599565211613,-0.0156986216354229,0.0985259401326764,0.000313273329485946,0.0094628009578487,-0.00184851092085508
-0.409837843783466,-0.0376904152128846,-0.0239040957487248,-0.0377066721078552,0.0017095714239113,0.0113007497082502,-0.00667863064976229
-0.356270270025634,-0.149564565115363,-0.0293475499366236,-0.165555013763044,0.0022141026433278,0.0110952568209667,-0.00863012577033945
-0.291442790468437,-0.21621676592861,-0.0283346979004301,-0.272302784075221,0.00180863226513276,0.0101717762988383,-0.00670237697006236
-0.196380658186446,-0.241983235559742,-0.02491006859014,-0.349678059066993,0.00198440786682692,0.0099604365898672,-0.0018417251120604
-0.0785277488582577,-0.230757616498706,-0.0217172426378055,-0.401684850818109,0.00338416684119906,0.00972211987739719,0.00377269958895005
0.0505252626057798,-0.169907066819582,-0.0194801677726791,-0.438402414211201,0.00471377107303937,0.00751022435128549,0.00778117388217296
0.191711033999112,-0.100652668965079,-0.02008703286779,-0.471796039562327,0.00457216244225532,0.00318746598171258,0.0081191798857016
0.354258050701851,-0.0735601582914366,-0.020113013373935,-0.484818375183483,0.00337305976005892,-0.000623736922229234,0.00490016291312748
0.530927160649357,-0.075133879031091,-0.0175552115467701,-0.461872480321515,0.00177376078961779,-0.00282621699835515,-0.000151397181143034
0.701624118991115,-0.0854817977901044,-0.0130652083889436,-0.413546499350161,0.000672127443345564,-0.00479380772676383,-0.00498887306282197
0.854277059306722,-0.0894103864354045,-0.0099084050258592,-0.348534628593982,0.000417737673170117,-0.00765016054849563,-0.00754687970727412
0.988762339170009,-0.0748392468685212,-0.0142917626542803,-0.259489738076546,0.000209518411625673,-0.0101788860783354,-0.00637546592381676
1.09171596204183,-0.0513927532230237,-0.0239354518138228,-0.151105409800906,-5.50804914017029e-05,-0.0107139578164564,-0.00214531297488633
1.14574816280037,-0.0282319577261982,-0.034465560917775,-0.0413894019277741,-0.000567101086237824,-0.00989404401271407,0.00299047760363423
1.14477353836243,-0.00807559013681827,-0.0439300330545835,0.059997458414822,-0.0016691911349376,-0.00894228300861819,0.00680869115084511
1.08525723465875,-0.00374968339717648,-0.0449180887244958,0.146333809823004,-0.00221458483212115,-0.00785672796694802,0.00744925536699457
0.95468307006036,-0.0161232878864022,-0.0361746876530844,0.210152816759911,-0.00155359453630534,-0.00557811272787371,0.00457340191051117
0.761463815811389,-0.0307434709620659,-0.0252480582462095,0.250547631076534,-0.000381359977114356,-0.00220801867489699,-0.000311436733751501
0.517403449398813,-0.0449053720606843,-0.0142681477127699,0.270455471246524,0.0012564840067512,0.00124860372475623,-0.00514477382420794
0.243556010563659,-0.0546894567339582,-0.00574231577860338,0.277856749641254,0.00273113279816583,0.00385658157097178,-0.0077720689820874
-0.0442751896495563,-0.0421093014786712,-0.00413282635637701,0.276436475820378,0.00242081015819798,0.00583685431165895,-0.0067459557074153
-0.335072372966927,-0.00745172119425133,-0.00658340717262894,0.262867474685044,0.000814766457198444,0.00809860855369336,-0.00270291183725945
-0.616380896608342,0.0359440606854803,-0.00891549451120108,0.237908927722927,-0.000722199061486421,0.0103175514473039,0.00243901663515723
-0.874734398475486,0.0839810500491025,-0.0104363046949672,0.204041553555278,-0.00191187187004298,0.0112086840153995,0.00657495762278143
-1.11021683153445,0.121688757744668,-0.00988953463407978,0.153788353500164,-0.00218227307655992,0.0100422098508052,0.00766207889005827
-1.31576667727209,0.131893436862806,-0.00735510222871239,0.0907576406848754,-0.00163571032584922,0.00823090779440324,0.00503523491225996
-1.46603342266301,0.124017703058149,-0.00496594922599194,0.0337670053009073,-0.00151266250229312,0.00702914535505102,0.000286033586673636
-1.54392224570396,0.108904507979422,-0.00334196779698893,-0.0140849938976633,-0.00168779047944553,0.005424330930432,-0.0044308763419579
-1.54782557772463,0.100552108682185,-0.00257775463570231,-0.0559151213375655,-0.00154493680244668,0.00212948887428398,-0.00715042131992922
-1.46328997386838,0.11110486587341,-0.0035231893212558,-0.0819462242759583,-0.0013852040104292,-0.00215376479532144,-0.00670858568404637
-1.28600207960846,0.124629067387979,-0.0058474619639137,-0.0821823950672046,-0.00110241272698566,-0.00538128751074631,-0.00335736331196392
-1.04066495780546,0.126655522937997,-0.00860486965855477,-0.0638497945485237,-0.000480171080233409,-0.00730330339583652,0.0014248466957343
-0.744612706354487,0.12188633470017,-0.0122445136133032,-0.0396497275047352,-0.000210219582596742,-0.00922565349028113,0.00572199501101762
-0.424758016915316,0.103234801349511,-0.0159240731002132,-0.0189021045248167,-0.000108087238002326,-0.011750906614935,0.00761713350117508
-0.103022350302948,0.0545002228138816,-0.0174080857119092,-0.00223014414291414,0.0010279761197453,-0.0134209564984392,0.00613354874740155
0.214002908065944,-0.0111852900430105,-0.0176276694792195,0.0131687616776388,0.00295020782054129,-0.0129639901459764,0.00205441300680838
0.514502717317604,-0.0748888142555578,-0.0177650486964855,0.0241189091227021,0.00533845733241822,-0.0110910277613678,-0.00288682818501105
0.786262793090541,-0.131807962644785,-0.0178760864860905,0.0308983498847626,0.00830464470909382,-0.00918021565644028,-0.00672387679897614
1.0249360827676,-0.170575639578049,-0.0190053601218112,0.0414785235474844,0.010138240166031,-0.00709659887535547,-0.00754656127280064
1.23939346155141,-0.18240861728074,-0.0222460005849105,0.0498154177313636,0.00966914682615667,-0.00400742596630759,-0.00485747728187875
1.40577771506844,-0.171784874141118,-0.0258157233884297,0.0411462332884469,0.00803228979910266,0.000244462765057415,-0.000127886560130322
1.51510945086028,-0.147126222306196,-0.0286235244889744,0.0173794528721132,0.00634027574652237,0.00469421690126522,0.00446958187147251
1.55990024794249,-0.117033321775963,-0.0298937959805282,-0.014728922368081,0.00546988304526497,0.00843214053639646,0.00691728423995735
1.52361015880935,-0.0838851142967583,-0.0285924280365093,-0.0539410841480117,0.00609900606534579,0.0113736629929098,0.0060205914004422
1.40645372606988,-0.0457177361761068,-0.0247399105791885,-0.0926529615674092,0.00716496984428471,0.0139525552972241,0.00213553963501023
1.2354301869982,-0.0101896878059024,-0.0193652095353275,-0.117753861575616,0.00728959163497682,0.0159034958171437,-0.00287602975286147
1.00779035803724,0.0196789903848987,-0.012770888713417,-0.12731897673683,0.00616439478331795,0.0159258825758419,-0.00667574439479375
0.753963085634563,0.0440538816785855,-0.00719881743447891,-0.131389523561285,0.00371196462566314,0.0137788060495267,-0.00724897342605595
0.478022265608568,0.0552136041388048,-0.00317622105373882,-0.127921797707542,0.000826755564380499,0.0111814683133313,-0.00454871505544107
0.173990430082869,0.0503782611310063,0.00189350827980391,-0.109543883304948,-0.0011187199963998,0.00911401039964801,-0.000259681106494398
-0.153677366727601,0.036229084377696,0.00839972607926003,-0.0800490389728291,-0.00246792577143681,0.00642054960157201,0.00403487031213597
-0.478106079918455,0.0255326029472057,0.0159889223269552,-0.0554046323898837,-0.00399083835622633,0.00220786402016043,0.00685092240156218
-0.797430339961604,0.0194816391272672,0.0268824595120875,-0.0361422223684728,-0.00555757643330097,-0.00320146764466782,0.00695041784203911
-1.09704280240117,0.00670091104091843,0.0409637769425605,-0.0157356995068782,-0.0071450343348167,-0.00759925114346089,0.00407265026473164
-1.35173536878963,-0.0152229144900406,0.0547128715408016,0.00240596537112931,-0.0087337128403459,-0.0103576353731828,-0.000490169358894317
-1.53009578463721,-0.0371155401237592,0.0658649850963468,0.00709858333567812,-0.00936402838458883,-0.0126427786812503,-0.00489181019420676
-1.629828612403,-0.0533526242517211,0.0723212073887112,-0.000204085663965554,-0.00904629934168246,-0.0152621248967344,-0.00714416015233818
-1.61179027014516,-0.0621061001139833,0.0701988592364754,0.00148697766024798,-0.00887401642758447,-0.0167316928848983,-0.00591448078590468
-1.51516100906777,-0.0606170004222663,0.0634574987628603,0.0195152637439673,-0.00942966162920811,-0.0160393881266562,-0.00179376377688127
-1.32547265896419,-0.0440953187907025,0.0536649094533426,0.0476116162889395,-0.0106854740583827,-0.0135700075345741,0.00335877910676637
-1.10659303666242,-0.0203072673064547,0.0451121453672843,0.0850425181427254,-0.012671484104348,-0.0111595339393343,0.00696509785485962
-0.820293683981669,-0.00204300619262279,0.039726942176372,0.123510975810417,-0.0129284442318834,-0.00830185359859067,0.00707143740338013
-0.538754086254069,0.0134774932087772,0.0390316979474539,0.151559293639432,-0.0117537317942471,-0.00487088982430468,0.00411014929133957
-0.220246574818996,0.0391033399471017,0.037624407156767,0.164041069137661,-0.00996357143609798,-0.000527518945907573,-0.000596469019199284
0.0967001009849355,0.0712325309848603,0.0370582692030777,0.169620484923154,-0.00840358258421819,0.0036501792126349,-0.00507496698918307
0.40738784395825,0.108000836721603,0.0366465980939135,0.170645659145302,-0.007491269749298,0.00699940358207401,-0.00761751421303988
0.695187295483714,0.167541231204015,0.0351822662031533,0.172269234155907,-0.0084685722750202,0.00968766487005681,-0.0068059792470821
0.93247813536018,0.242067624803984,0.0340179248163352,0.170944805694207,-0.0102394110580038,0.0125469882112102,-0.00296229120743094
1.10504670554182,0.294440570521989,0.0340302211453071,0.162047748291745,-0.0110792768750184,0.015261358603896,0.00213773108907977
1.21549566181769,0.306152368309,0.0346767592543463,0.14297454760508,-0.010992372482725,0.0165366871645511,0.00635623901534349
1.26559210013451,0.263250992342039,0.0357263257118296,0.0979646502267521,-0.0100606496512858,0.015486192299456,0.00780428434700556
1.2647531185211,0.156556586631455,0.0362384804467677,0.0175717484715247,-0.00887531056574854,0.0131927471099311,0.00571936354635532
1.24779170005399,0.0139192244953876,0.0357400049052759,-0.0765329446747745,-0.00887051958638504,0.0109861241442919,0.0013823679311709
1.22099021500031,-0.135397093278834,0.0349431685704119,-0.170602817502463,-0.00959304217271039,0.00800472555241223,-0.00313265533707786
1.17412189916661,-0.267920515090665,0.0345688874743155,-0.258799067931926,-0.0095408606493079,0.00292828059120321,-0.00609735693878523
1.09047105266897,-0.357062437518703,0.0339531305345218,-0.320893269530059,-0.00796593693224001,-0.00373211524885849,-0.00647189660949407
0.951386568834143,-0.39006124677864,0.0321644793417048,-0.340382193822324,-0.00491326935078715,-0.00957940342679604,-0.00414518824888894
0.738884809210955,-0.377733461060819,0.0284176034097343,-0.321717657998758,-0.00120609319892416,-0.0132353185177387,3.52279316155339e-05
0.452560344248946,-0.33845908520943,0.0204856323675054,-0.274876861496874,0.00161338160792,-0.0154587033727106,0.00447166132660376
0.115336432108996,-0.282994276200906,0.0078066304815823,-0.212683077802138,0.00318065226524334,-0.0170814968419288,0.00708700366180985
-0.224826107210207,-0.221494218333012,-0.00467816187790742,-0.156103531794186,0.00496823870417046,-0.0174793958225488,0.00641681544637473
-0.550724263852983,-0.152743248884694,-0.015239112626605,-0.102981359243268,0.00729135506318983,-0.0157761237287271,0.0030155122152478
-0.851793294875904,-0.0729072672419455,-0.0254062494658159,-0.0452086353891564,0.00955346300572943,-0.0123960802742924,-0.0015815797542462
-1.11712345560058,0.0133100211245041,-0.0336978989609283,0.0118154611925415,0.0120469527877729,-0.00873635179928878,-0.0055410782679316
-1.31873832489938,0.11231386445685,-0.0384481305668907,0.0758259528599931,0.0139893383178691,-0.00504550572989292,-0.00717311011033062
-1.45875217147812,0.2171367206424,-0.0429676727215681,0.149355213612512,0.0141340257847824,-0.00105720843638015,-0.00553177154954164
-1.52647926526346,0.306071048390273,-0.0476909328284029,0.213748842375209,0.0131183018196946,0.00365486551055429,-0.00145799276381599
-1.51499133989329,0.369114460837139,-0.0497799440628552,0.257523160864311,0.0125024415199445,0.00845963939648874,0.00308364288490954
-1.41128930005831,0.399523711474273,-0.0478043410840451,0.277688149550239,0.0129368419753227,0.0122541933833961,0.00611132351123525
-1.23071142148928,0.384841373101312,-0.0423557172424042,0.268336046756409,0.0149750206249491,0.0145159838349327,0.00611510195822832
-0.973575188117572,0.316536625447657,-0.0348657405452468,0.233184625448832,0.0174694576912438,0.0156821129620151,0.00301480953161881
-0.683619006560052,0.217916489476483,-0.0288183201674125,0.200303609441139,0.018993696863783,0.0163034411645976,-0.00140853977925856
-0.37108366157433,0.100071048036786,-0.0249500212790929,0.176356327651602,0.0191134572872002,0.015431076356311,-0.00513769957622575
-0.0778905501406829,-0.0120286316761123,-0.0236281577318246,0.159695277701567,0.0185318781419265,0.0127289045079724,-0.00652095988167048
0.18853927994112,-0.0978628560628919,-0.0233828635383594,0.142753445070379,0.0177139031926303,0.00916777889393879,-0.0051455487754048
0.436671214501595,-0.159251694155674,-0.0229539556840169,0.121903482021099,0.0174072111917436,0.00597415675578589,-0.00184530426005924
0.66023301339476,-0.203096279416628,-0.0220771812332503,0.0906104392894821,0.0175579353510785,0.00284274512111003,0.00207011788966425
0.846144915878544,-0.232402008682545,-0.0212434649962315,0.0408294173042418,0.0177709130740256,-0.00118757919750806,0.00519818538226849
0.982493180517683,-0.253790077056903,-0.0211593148897153,-0.0266235146028202,0.0177820308457799,-0.00621272645672379,0.00626781547871998
1.07607141313901,-0.270510187499688,-0.0222170388300067,-0.0915548262793908,0.0179085926775998,-0.0105664968417041,0.00459254743563458
1.12839034370633,-0.264992253466891,-0.0230529321355708,-0.142387805112941,0.0183174227440396,-0.01303542796065,0.00073386673670545
1.13716360514037,-0.225827249384571,-0.0228277519995921,-0.18445147305612,0.0193663044578153,-0.0143761278669915,-0.00372328166150323
1.10819448127978,-0.147438476664901,-0.0216964267642657,-0.222280043619484,0.0208823677142266,-0.0157375705156374,-0.00683886875568307
1.06404908472601,-0.0235813197444859,-0.0213396068037151,-0.263300235412631,0.0209330053590946,-0.0167165379848707,-0.00677908296228381
1.00426668569987,0.112086304006909,-0.0236861984230839,-0.31386013860036,0.0179314981692736,-0.0157529005936832,-0.0032824241942821
0.897257885712231,0.214435276848681,-0.0266182908250051,-0.363307003854666,0.0129184229119498,-0.0127912556248023,0.00174852006962946
0.731289957741284,0.270506908520907,-0.0270262711215268,-0.392191369989761,0.00776233804489924,-0.00878904531291796,0.00582626511749828
0.524396160691995,0.274598849906734,-0.0228242641076665,-0.381514207290084,0.00474382879033397,-0.00434793663793297,0.00698414754064004
0.287919896265183,0.229954533755317,-0.0117176329432673,-0.329195618923508,0.0047709876818676,0.000617265710023553,0.00481633541515019
0.0315839749042254,0.155068769910496,0.00547666756345691,-0.250602056071706,0.00643800518887956,0.00591540428908438,0.000505580887995383
-0.221386556691391,0.0633106148622556,0.024228652567793,-0.155913806905003,0.00827544198307766,0.0107519801886117,-0.00413294254044661
-0.453082938048375,-0.0358145326598161,0.0402390335396778,-0.0545761968262615,0.0091841281829955,0.0142661547350407,-0.00721524263737254
-0.662590080800285,-0.123110361164607,0.0526386509272835,0.0314538423884857,0.00814475671068775,0.0162810776139956,-0.00709484805382958
-0.84405796669322,-0.187711912251414,0.0623326804139279,0.0966241986850207,0.0059634116340066,0.0176546970351602,-0.00362654965563407
-0.983229357202677,-0.233143542882858,0.0680098135081353,0.153735522326712,0.00422790955506719,0.0187735433772442,0.00142392515919329
-1.06610547110733,-0.256841506976292,0.0694803335833726,0.202369034051088,0.0027158554638648,0.0182188544202246,0.00594863305285906
-1.09892683775492,-0.267505793884279,0.0720170789867201,0.246768184367032,0.00101947818751526,0.0145959247168087,0.00779872848892391
-1.07304032301678,-0.267226487261164,0.0749675417825168,0.296154010520923,-0.0010478427944919,0.00905050806094096,0.00613220439628806
-0.984985688632579,-0.231488665947672,0.0729376895641332,0.339258553200102,-0.0042069585904216,0.00377769220549448,0.00224432003650265
-0.847239509661087,-0.146209266032104,0.0673653865135781,0.362501386346856,-0.00828891472208773,-0.0015036449295737,-0.00212643276648897
-0.684001492659649,-0.0183009505316898,0.0625062792702095,0.360816769111194,-0.0120950324184149,-0.00810404759311712,-0.00553704807462558
-0.522202211464213,0.144555967368466,0.0589444590888033,0.326883816442815,-0.0147242906499775,-0.0159188801379857,-0.00682630370759523
-0.389028017866257,0.327267598851153,0.0562140350964993,0.268819144822677,-0.0158722770057233,-0.0224778718398327,-0.00533063104548501
-0.290525133437241,0.482683011661425,0.0557210092913205,0.211398970712302,-0.015736826066603,-0.025706769042018,-0.00147827351025202
-0.206474217276398,0.562449711661248,0.0569916017343084,0.158321514764146,-0.0155970877239885,-0.0261127932361887,0.00317741934930488
-0.110302139009807,0.554114322933996,0.0582526427007276,0.104842101841203,-0.0160076888012158,-0.0246799349367565,0.00650546496932415
0.0234228131089143,0.478637370179688,0.0590275686142837,0.0611493206774852,-0.0152737719553675,-0.0212872142061969,0.00675322133030291
0.203198106143578,0.358548645589775,0.0585861661053945,0.0176082824455559,-0.0129296496135695,-0.0156982502811923,0.00427685981173144
0.417235863420252,0.206064527743266,0.0565686256776356,-0.0437009380980072,-0.0103782381778406,-0.00853019751164561,0.000650566172945304
0.650555971028373,0.0467141326724378,0.0541555258176635,-0.117916350500782,-0.00886705145955514,-0.000682851118484279,-0.00272583266831909
0.888679366470299,-0.0928633083184326,0.0520028757131659,-0.192365989870743,-0.00903351507676761,0.00743214677893515,-0.0048581944590989
1.11668909093743,-0.191448408682802,0.0500718030592784,-0.261745545898229,-0.0110012722096594,0.01543500504961,-0.00496525790806814
1.3132981447523,-0.230748677425025,0.0484054485194056,-0.325355480918386,-0.0134515677220219,0.0227277479162181,-0.002628076107611
1.43508549877335,-0.213508751972265,0.04820607671624,-0.372617828000552,-0.0133749282865227,0.0285176373300425,0.00129799385362653
1.43422960122404,-0.182429836083809,0.0491891972021327,-0.386827464227078,-0.00962453655410818,0.0316342013107039,0.00453962676815826
1.31541028184797,-0.1631466073972,0.0514122846319712,-0.367613295861046,-0.00444938262869249,0.0313446952834004,0.00491707464217033
1.10550527503643,-0.156105118866314,0.0553454604143489,-0.318623014991373,-0.00077294445018446,0.0286712308885273,0.00254129499126677
0.812427505002479,-0.160682425200271,0.0585484659191664,-0.235884013556431,0.000458418279107299,0.0242505913927854,-0.000785838753363282
0.471694100163949,-0.173628992409984,0.0611820284123028,-0.133545001706503,0.000342219539326053,0.0181475861048229,-0.00348099795036606
0.101686728773991,-0.190050290234159,0.0628420200528601,-0.0235369966978343,1.00744712544154e-05,0.0102007477539018,-0.00480767328023533
-0.26643621080976,-0.212028723452525,0.0637793484014888,0.0840243051978962,-8.30433426235637e-05,0.00170162529987257,-0.00470590110643587
-0.61964118557177,-0.235663485748054,0.0629971661282676,0.187320413136778,0.000110857000104916,-0.00635637019199758,-0.00325332441441962
-0.936021802924537,-0.260526735460636,0.0616589029747507,0.278613049662113,0.000294722103718262,-0.0132630594823751,-0.000723733657986659
-1.188594295486,-0.285949444441557,0.0596317767570692,0.343530820020596,-0.000412477994252063,-0.0192589144731187,0.00241980570074011
-1.34746339151167,-0.311630229363673,0.0564441381965025,0.367639192085082,-0.00320956593700589,-0.0249442774674016,0.00518160482649124
-1.39755228071799,-0.334755246481195,0.0532695093845226,0.355055216495983,-0.00797965226025242,-0.0298657708641954,0.00583044600539352
-1.34255443925033,-0.345282552283775,0.0516118240587157,0.323535457026746,-0.0120060585345388,-0.032008954881311,0.00322307661612616
-1.19773820535736,-0.313491868133096,0.0520050882526151,0.273352243019721,-0.0124775292655951,-0.0307789438110395,-0.00109765321581065
-1.00198272863476,-0.214078230745746,0.0537620911805231,0.205519762433166,-0.00983877213526555,-0.0268992356328939,-0.00447874049502916
-0.798777105704098,-0.0705966356440616,0.056420756903173,0.137295007669601,-0.00727751752538118,-0.0212921508421622,-0.00532586462047235
-0.589324922672321,0.0972438649140136,0.0590574091775446,0.0704487434103465,-0.00674123053170296,-0.0142852218976427,-0.00370918280780511
-0.391798552807311,0.270835958625648,0.0614212805407856,0.00607943804487123,-0.00834247888519082,-0.0067264360993658,-0.000655147386694292
-0.212423429069851,0.425671998365888,0.0631420368874205,-0.0468601029453893,-0.011236745846651,0.000874482206694504,0.00275143183114554
-0.0514729864435521,0.537221195862105,0.0641087962354303,-0.0773521311440019,-0.0143063065622494,0.00806283030573955,0.00551720461683538
0.0922619100505914,0.583026054237609,0.0635729592054163,-0.0883061313837172,-0.0161328679182303,0.0143348075013538,0.00661819020101197
0.220753114696148,0.555251086648508,0.0623359367395511,-0.100820197197413,-0.0159157439303095,0.0194509229346731,0.00515335114472713
0.352021310478373,0.459469857684414,0.0615789819414412,-0.127949858237692,-0.0145034047284071,0.0234423778161502,0.00123928557709692
0.50639594574492,0.308248934173472,0.0622173164088111,-0.166851564980063,-0.0132650576754987,0.0257888591490716,-0.0035209249272856
0.68908691608051,0.127956415446764,0.065068619445361,-0.219827264081082,-0.0123231093729513,0.0252569312365458,-0.00681101010703879
0.879377395275996,-0.0271279074038782,0.0691835120111935,-0.280263673749132,-0.0114418968264005,0.0219013050807366,-0.0068435415103414
1.04544041130178,-0.133299342817442,0.0728462035404919,-0.323650678287237,-0.00960182886268291,0.0178153192240091,-0.00383389786516701
1.16405413470336,-0.194931718613023,0.0761337340204576,-0.336636371034812,-0.00613702806167654,0.0140044531688819,0.000667620026362686
1.21377144072248,-0.214830946621546,0.0770243984165435,-0.322632968168368,-0.0021325149568908,0.00953893119769523,0.004962006040193
1.18077244495042,-0.207172354200518,0.0725728392851725,-0.292648758376278,0.00137562641618643,0.00351093096307899,0.00740782348629761
1.0825752373661,-0.187760604275444,0.0661094939023112,-0.254919936099052,0.00410594212603525,-0.00257498965086225,0.00680903111182066
0.94144116531002,-0.151521366927907,0.0612494136069836,-0.200710760493114,0.00582105758776704,-0.00655608408855658,0.00359271703577308
0.751459023496483,-0.0949622527524578,0.0549239978576009,-0.125283578776633,0.00668523603471848,-0.00876893077761611,-0.000806714131612373
0.515448299682649,-0.030408047417505,0.0451223786964323,-0.041608154791001,0.00763176780262893,-0.0108451634124599,-0.00495191363880214
0.251085888619147,0.034691001038272,0.0315032546172193,0.0418199544153766,0.00934098531094998,-0.0138821010379909,-0.00741631932499729
-0.0442820730872079,0.106338644272196,0.0116852514981434,0.135666753671581,0.0111008884446531,-0.0166983368428808,-0.0067811588139071
-0.342303207331725,0.176162018792508,-0.0103678838514109,0.235420602722538,0.0124788497148229,-0.0176545465883526,-0.00317001595080845
-0.62250633039769,0.22567509085522,-0.0305344813163041,0.317770494553537,0.0132601474597546,-0.0165568964742064,0.00179449483452162
-0.862725822515951,0.247858231763707,-0.045781609187968,0.368528598169141,0.0137040408336792,-0.0144924925832209,0.00589010339514448
-1.02945877232881,0.237904624320293,-0.05136062404296,0.383605926449429,0.0156662417889974,-0.0119409702860206,0.00715121871142038
-1.09687827029587,0.181661997476195,-0.0478437235452541,0.362324297363705,0.0202455010302752,-0.00839589484114354,0.00506788355459482
-1.07638191262429,0.0683313643511011,-0.0414291347435254,0.31575149135376,0.0254431458202229,-0.00378984906459101,0.00081957583236333
-1.01007946246167,-0.0924804840483285,-0.0365847242115048,0.268653808793847,0.0291033947735654,0.0012585489659043,-0.00370423842070189
-0.940449546077932,-0.264569553754936,-0.0348956080221761,0.238212321558672,0.0303381552812385,0.00604656370276269,-0.00669825733217141
-0.894908990421248,-0.398191229087209,-0.0354328370496016,0.213028527434159,0.0289520026978727,0.0100086227369608,-0.00686303177334849
-0.860742683719287,-0.469908783128719,-0.0360288048854248,0.169558861811302,0.025954167392534,0.013288775189963,-0.00402871241001811
-0.804455569746553,-0.485897162344029,-0.035635811844143,0.109096400334999,0.0233532510811768,0.0159635343908176,0.000477410551840082
-0.711957503197835,-0.45536829228802,-0.0341605660344359,0.0403453462306331,0.0220663411868385,0.0171727708634353,0.00465885176364706
-0.583686551982369,-0.397111670196566,-0.0330483278036062,-0.0300813662267058,0.0220073907215788,0.0160559045666304,0.00661698881206246
-0.419949892943432,-0.32630725577591,-0.0332949085221839,-0.0847285306429742,0.0228378065693338,0.0133799352276217,0.00541073930753474
-0.218011061143389,-0.229124630164691,-0.033210990579323,-0.118037929349836,0.0237553897100121,0.0105466291987268,0.00187611319103947
0.0204420690859001,-0.0986654544031217,-0.0320965873914498,-0.142574817879261,0.0243886213152332,0.00731371983288979,-0.00230897513448748
0.282766681356955,0.0500207097568559,-0.0310982855180198,-0.17014543557121,0.025150612535306,0.0025724451495458,-0.00556788001019307
0.560708308440684,0.206035107990427,-0.0311260472394088,-0.210886897710121,0.0258825567412952,-0.00390811444140399,-0.00665547330904242
0.855051055955671,0.354931176045364,-0.0329271782937673,-0.269716324768864,0.0256310603788581,-0.0103912943286743,-0.00491059325665166
1.1416355466267,0.466268534868065,-0.0371076659980628,-0.336083365855813,0.02340919351655,-0.0151453016187052,-0.000795762877060557
1.3571737747823,0.527978793359703,-0.0417225492494425,-0.388334046234856,0.0189029214353873,-0.0184111245871907,0.00408320648223462
1.45669172547777,0.541064793709303,-0.0435640443367511,-0.398673032467477,0.0133494643703078,-0.0208868552930944,0.00726472647809597
1.46006327709579,0.495657120732071,-0.0462250213444737,-0.355791054021102,0.00946773577729386,-0.021646045500108,0.00653703246466345
1.37366451886977,0.403041572764158,-0.0507010981237318,-0.272816809770905,0.00842752769682507,-0.0194621840033163,0.00232919385181186
1.20296758107197,0.288397659612447,-0.0526963769528457,-0.164632292187883,0.00974113041658431,-0.0154904035830218,-0.00289084461361041
0.952276604669541,0.159123085168775,-0.052524616936179,-0.0427700278997443,0.0117961086137629,-0.0108534976079999,-0.00672885485502391
0.671666394741681,0.043978686587675,-0.0504461300133031,0.0674261382701184,0.0124780378694711,-0.00621276627132135,-0.00763940370411953
0.325463674983235,-0.0510539680441215,-0.040453733125509,0.169344454396726,0.0105393041924112,-0.000676855887429105,-0.00525893253059963
-0.0247452577069273,-0.1266254402197,-0.0284559672136439,0.270210344569494,0.00773176018997283,0.00514264530832773,-0.000982736499388211
-0.375149792787978,-0.183975424450351,-0.0166299489302179,0.354745496346613,0.00463579367710129,0.0109013053898322,0.00406881353106188
-0.691498529642799,-0.221129063509103,-0.0078305712112716,0.413356658904614,0.00253515207424248,0.0157996035489618,0.00795450992275762
-0.954645243199503,-0.252262656849014,-0.00350858497974615,0.452289336066068,0.00286478388219394,0.0190080044027604,0.00844849637165482
-1.15431891162197,-0.281846147556339,-0.00169395437761242,0.478123965842168,0.00533586067437826,0.0211046160104755,0.00458906043926165
-1.28046862430016,-0.286115188652749,-0.000133127523975751,0.468993351915079,0.00692501683172295,0.022713587783805,-0.00140295833109665
-1.31221006780021,-0.261638200304387,0.00178410111190991,0.413844198050853,0.00674658867527412,0.0220591848511246,-0.00647818471867464
-1.27017269904127,-0.203123416336074,0.00216956181932266,0.327708109016205,0.00544698107744331,0.0180008302752638,-0.0081138764507867
-1.15371794301098,-0.11077904262243,-0.00148175758127712,0.209297761259434,0.00390079307025919,0.0125415723194636,-0.00588559376399235
-0.973904342456122,-0.0138522283515755,-0.00458492809098896,0.0639754814239726,0.00376653216430735,0.00808223954446139,-0.00163036081471478
-0.722803546266479,0.0795194363761534,-0.00563511015608278,-0.0966301255200278,0.00455624523226052,0.00364778929244204,0.00298732631447499
-0.463194306358169,0.166590069827754,-0.00693322873020312,-0.245512823303674,0.0049275117821431,-0.00200480206612963,0.00646227137740806
-0.181334684551164,0.230873299980241,-0.00672258765515032,-0.366500436462949,0.0045331890354711,-0.00931438984145665,0.0075827822196799
0.102684097704185,0.254746473851759,-0.00381665165924467,-0.465634488910037,0.00429558771028143,-0.0160532889543281,0.00573827312241791
0.378537000953323,0.236652847968838,-0.00207768467848569,-0.544157539369249,0.00419459623623679,-0.0202195400457198,0.0012388037630395
0.612808117203123,0.18921321161277,-0.00425286057981685,-0.588322741134667,0.00458856210538304,-0.022608827708512,-0.00427822361167146
0.779264594014834,0.128668343367988,-0.00955307836884895,-0.588052216638389,0.00608674973510242,-0.0246541922692928,-0.00821563316915028
0.874010030755656,0.0852281036414236,-0.0119432790997548,-0.559473014983717,0.0067376794034249,-0.0251644604877839,-0.00785007139453599
0.901375019592093,0.0539751509799888,-0.00846383075143646,-0.502513378642766,0.00496976686351077,-0.022456869316792,-0.003530209509639
0.858124036727647,0.0141437284593454,-0.0034926756942129,-0.401688216443442,0.00147942402495433,-0.0176565302199526,0.00196819634798439
0.754631927454269,-0.032777287507099,0.00158196592281397,-0.26894956241164,-0.00224274870094531,-0.0122079785426493,0.00619222242249117
0.615872604989057,-0.089354846329458,0.00182213951548975,-0.124670832107776,-0.00397440886434002,-0.00668458368284614,0.00759305695286986
