0.407865994598023,0.3065961716453,0.630999528980579
0.406904786025387,0.306637297772251,0.630982801496669
0.404986478694319,0.306719583161186,0.630955879858511
0.402119468326758,0.306843116443104,0.630931683598598
0.398316745793608,0.307008099192298,0.630929218583377
0.393596258405221,0.307214957334664,0.630973117318641
0.387981217037765,0.307464518242741,0.631093018136442
0.381500242602842,0.307758239303456,0.631322795594222
0.374187279110305,0.308098428126274,0.631699672373372
0.366081267311732,0.308488338366613,0.632263257550368
0.357225650125581,0.308931980026368,0.633054558561037
0.348607578861404,0.309376254074292,0.634000697724307
0.340258806429761,0.309819460818132,0.635082945116571
0.332208318060203,0.310258931355773,0.636280849205691
0.324482990985879,0.310690814906177,0.637572524583272
0.317107911278385,0.311110153305214,0.638934940901404
0.310106302775846,0.311511204824613,0.640344274441038
0.303499109146141,0.311887957216763,0.641776362494375
0.29730433584792,0.312234754926235,0.643207268847712
0.291536309406867,0.312546947228701,0.644613931152965
0.286205046480643,0.312821444232919,0.645974823721334
0.281315932752945,0.313057060140825,0.647270541575973
0.276869876493391,0.313254545653782,0.648484204785754
0.272864010886739,0.31341627314494,0.649601606388506
0.269292880091811,0.313545628155552,0.650611083921474
0.266149899446363,0.313646246302909,0.651503167752152
0.263428783865391,0.31372127825924,0.652270122722439
0.261124643122069,0.313772845886304,0.652905523514155
0.259234545876854,0.313801781136931,0.653403979530257
0.257757509586202,0.313807650770643,0.653761065301499
0.25669401771072,0.313788998553586,0.653973444225592
0.256045251652741,0.313743702799046,0.654039122244412
0.255812244832915,0.313669346187997,0.653957744628707
0.255995139084812,0.313563514531123,0.653730851093006
0.256592668564181,0.313423967519763,0.653362025553169
0.257601935981043,0.313248649317402,0.652856906675766
0.25901849793203,0.313035528152478,0.652223054115224
0.260836748870634,0.312782273907185,0.651469687014384
0.263050566968265,0.312485807371548,0.650607330531841
0.265654129594483,0.312141788384652,0.649647430344515
0.268642730172612,0.31174414964558,0.648602016939603
0.272013367441694,0.311284815808142,0.647483506210732
0.275764877520657,0.310753753494953,0.646304697462778
0.279897463272648,0.310139458357541,0.645078974366693
0.284411639702928,0.309429895903787,0.643820642542383
0.289306807293096,0.308613792601915,0.642545277055922
0.294579803431032,0.307682064436369,0.64126993422568
0.300223792889658,0.306629109091295,0.640013118689107
0.306227730465291,0.305453698625844,0.638794474890109
0.312576427347089,0.304159289976741,0.637634256046247
0.319251073731864,0.302753702557837,0.6365526778683
0.326229978551961,0.301248261190208,0.635569273492151
0.333489289532242,0.299656623295696,0.63470233752616
0.341003516448832,0.297993564528531,0.63396850024041
0.348745756347663,0.296273977377487,0.63338242607549
0.35668759232717,0.294512261418565,0.632956594998788
0.364798709874774,0.292722180502833,0.632701106270054
0.373046354874007,0.29091715260287,0.632623445530193
0.381394840621723,0.289110834340096,0.632728180836276
0.389805368402132,0.287317778038072,0.63301660036539
0.398236408836292,0.285553900113325,0.633486362546047
0.406644759796007,0.283836537852362,0.63413127323106
0.414987165997141,0.282183999734832,0.63494130400447
0.423222148728641,0.280614696464512,0.635902907148933
0.43131158314943,0.279146094843815,0.636999587810274
0.439221646309129,0.277793784201759,0.638212611799552
0.446922996724134,0.276570873063656,0.63952170138712
0.454390298498663,0.275487789350888,0.640905607186477
0.46160135850918,0.274552422983645,0.642342512952917
0.468536170545838,0.273770472608498,0.643810294749759
0.475176095054879,0.273145845408604,0.645286694412394
0.481503307229402,0.272680989496354,0.646749477180679
0.487500561855717,0.272377087178085,0.648176633294732
0.493151266068452,0.272234087175761,0.64954666328714
0.498439816536086,0.272250597289313,0.650838962834644
0.503352134884475,0.272423693462717,0.652034298157099
0.507876313436576,0.272748726120883,0.653115337546718
0.512003260165838,0.273219216598491,0.65406718082133
0.515727211777685,0.27382693062514,0.654877810629791
0.519045981077867,0.274562186553637,0.655538385399226
0.521960833849796,0.275414403052236,0.656043310505674
0.524475960344419,0.276372823034661,0.656390064960617
0.526597605664137,0.27742728846471,0.656578817291494
0.528333020827891,0.278568909479009,0.656611917965641
0.529689451484988,0.279790488073967,0.656493384473932
0.530673368767834,0.281086617846462,0.656228486299186
0.531290071148973,0.282453463444336,0.655823494411725
0.53154368120164,0.283888295585299,0.655285602902192
0.531437466520246,0.285388898796414,0.654622980756667
0.530974355780602,0.286952975888871,0.65384488369683
0.530157502654394,0.288577655971104,0.65296175151247
0.528990763022941,0.290259185531905,0.651985230234273
0.527478980665613,0.291992855092978,0.650928082668506
0.525628015703582,0.293773189821228,0.649803979321294
0.52344449692279,0.295594407773358,0.648627190727004
0.520935337290624,0.297451117615714,0.647412229306191
0.518107122146403,0.299339184656121,0.64617351030592
0.514965553433926,0.301256643710718,0.644925110956562
0.511515187070102,0.3032044957877,0.643680696391492
0.507759698679489,0.305187218984479,0.642453644088769
0.503702825124819,0.307212876015352,0.641257338574906
0.499349957461381,0.309292810909116,0.640105542166088
0.494710157006469,0.311441054807485,0.6390127040229
0.48979821304754,0.31367363417704,0.637994073161027
0.484636320087602,0.316007932817488,0.637065533817068
0.479255017383795,0.318462096864563,0.636243159118015
0.47369313868486,0.321054259858371,0.635542545525934
0.467996608195638,0.323801230426256,0.634978023130205
0.462216008783485,0.326716365744963,0.63456183851193
0.456403036147231,0.329806715757369,0.634303398425417
0.450606308466092,0.333070052601913,0.634208659952124
0.444867418933698,0.336492770030302,0.634279748397879
0.439218294775926,0.340049501777201,0.634514853237705
0.433680599641889,0.343704649223196,0.634908386166922
0.428267178913423,0.347415249857943,0.63545131465181
0.422984827895549,0.351134258647029,0.636131557089076
0.417837351931922,0.354813484231433,0.636934359826705
0.412828045356936,0.358405853729411,0.637842644196105
0.407961135475346,0.361867035299647,0.638837366764006
0.403242174200587,0.365156577546178,0.639897947574428
0.398677665016133,0.368238681478145,0.641002789651139
0.394274337080191,0.371082632027663,0.642129863431543
0.390038439142057,0.373662875188423,0.643257293212219
0.385975284758427,0.375958751953846,0.644363877299044
0.382089115519387,0.377953956844423,0.645429496859397
0.378383222868586,0.379635833862152,0.64643540406533
0.374860207314965,0.380994633887678,0.64736441061698
0.37152224846738,0.382022838073538,0.64820101407685
0.368371287134288,0.38271461734631,0.648931501491229
0.365409060329882,0.383065462860654,0.649544061845473
0.362636968467161,0.383071994599375,0.650028926259659
0.360055787519854,0.38273193568395,0.650378540581892
0.357665268242436,0.382044225256646,0.650587760624515
0.355463690472742,0.381009229842568,0.650654046710953
0.353447461498518,0.379629000240647,0.65057762283565
0.351610857090632,0.37790750961843,0.650361559277408
0.349945993390742,0.375850805370332,0.650011740115524
0.348443079546272,0.373467016645544,0.649536691006637
0.347090935229799,0.370766189588035,0.648947268769899
0.345877678894295,0.367759966318485,0.648256245522518
0.344791428896971,0.364461171298465,0.647477846260174
0.343820838648572,0.36088339997169,0.646627308067074
0.342955321043434,0.357040705731245,0.64572051672305
0.34218489445179,0.352947451355883,0.644773747240753
0.341499672985957,0.348618342577143,0.643803500817516
0.340889097288886,0.344068613589229,0.64282640461582
0.340341043129958,0.339314301558633,0.641859129640631
0.339840955195602,0.3343725355512,0.640918285888524
0.339371145609482,0.329261772537829,0.640020268042402
0.338910386361461,0.324001932956348,0.639181042855605
0.33843392373842,0.318614412775234,0.638415885194131
0.337914054133174,0.313121969718648,0.63773907960828
0.337321412965188,0.307548488793601,0.63716360682015
0.336627106274209,0.301918620790059,0.636700831924921
0.335805696489055,0.296257265532422,0.636360209390091
0.334838783809675,0.290588874039511,0.636149025522931
0.333718534326446,0.284936617967152,0.636072210571708
0.332450192870172,0.279321623015481,0.636132255415962
0.331052675779237,0.273762583773538,0.636329245138322
0.329556891297281,0.268276016104705,0.636660978990531
0.328002234140802,0.262877123379666,0.637123116066303
0.32643228070843,0.2575809285485,0.637709296489703
0.324890783350633,0.252403192689296,0.638411230483694
0.32341870190299,0.247360778727272,0.639218787300845
0.322052505701985,0.242471401455732,0.640120127035723
0.320823579430757,0.237752950900976,0.641101901587786
0.319758368641428,0.233222687888218,0.642149522931813
0.318878877955808,0.228896595484652,0.6432474727018
0.318203211635371,0.224789083413176,0.644379614116465
0.317745956959974,0.220913133218688,0.645529466615792
0.317518320503293,0.217280862417488,0.646680414169288
0.317528025684957,0.213904381141029,0.647815838448294
0.317779066944748,0.210796721520678,0.648919194532002
0.318271486619731,0.207972560000692,0.649974072397677
0.319001376289517,0.205448461491853,0.650964301335035
0.319961276639038,0.203242480729426,0.651874146391966
0.321141041865358,0.201373149893323,0.652688614119089
0.322529068953917,0.1998580941731,0.653393841118483
0.32411363862909,0.198712648710909,0.653977504342185
0.325884054305744,0.197948833480248,0.654429183867038
0.327831331109867,0.197574892749037,0.654740628232572
0.329948341382356,0.197595407372393,0.654905905373525
0.332229483424553,0.198011835591086,0.654921450933314
0.334670044160773,0.198823271971684,0.654786041223963
0.337265455642305,0.200027225644038,0.654500720050987
0.340010619125573,0.201620271426626,0.654068702650724
0.34289942186683,0.203598484191292,0.653495272484962
0.345924523317817,0.205957611388437,0.652787680522364
0.349077448014162,0.208692969160817,0.651955052226785
0.352348988690901,0.211799071436263,0.651008303482285
0.35572988314241,0.215269030564597,0.649960061456239
0.359211675017909,0.21909380706232,0.648824579830104
0.362787601349638,0.223261437801031,0.647617629795453
0.366453288468096,0.227756424250771,0.646356340910209
0.370207019112181,0.232559487153946,0.645058964483585
0.374049396780874,0.23764785424349,0.643744542664832
0.37798239018914,0.242996119516354,0.642432491627151
0.382007946562856,0.248577521269738,0.641142139601267
0.386126523214824,0.254365312298534,0.639892283366582
0.390335915762918,0.260333837262537,0.638700823769153
0.394630643767805,0.26645903148733,0.637584510274907
0.399001958468978,0.272718263669878,0.636558782557788
0.403438358759897,0.279089657835062,0.635637666047231
0.40792640134355,0.28555116065153,0.634833671219653
0.412451574788547,0.292079644356698,0.63415766092044
0.416999046525958,0.298650280505703,0.633618674887991
0.421554155188775,0.305236330328048,0.633223724387785
0.42610258950808,0.311809405063332,0.632977586126622
0.430630264679845,0.318340164579493,0.632882631819189
0.435122978592701,0.324799341164939,0.632938728690879
0.439565999072382,0.331158895514135,0.633143237735762
0.44394378065763,0.33739304773621,0.633491121300697
0.448240002778563,0.343478912570686,0.633975151124843
0.452438030278662,0.349396544706549,0.634586186520952
0.456521725987795,0.355128376120259,0.63531347689361
0.46047635741893,0.360658248347972,0.636144940343927
0.464289242147855,0.365970401564855,0.637067383551964
0.467949848009508,0.371048786929498,0.638066653174143
0.471449282425702,0.375876913838018,0.63912773537043
0.474779349393137,0.380438220829965,0.640234837038425
0.477931489743616,0.384716785387597,0.641371484213091
0.480895899909313,0.388698129386276,0.642520662049902
0.48366099539338,0.39236992008612,0.643665003969192
0.486213241174106,0.395722453511251,0.64478702258194
0.488537281171569,0.398748883124804,0.645869366331892
0.490616279575924,0.401445198365982,0.646895084317948
0.492432415192432,0.40380996941807,0.64784788594664
0.493967511522394,0.405843874582859,0.648712389573125
0.495203812026837,0.407549032543926,0.649474362524985
0.49612490560098,0.408928184821945,0.650120961143153
0.496716766140439,0.409983816140008,0.650640980873309
0.496968798713816,0.410717353786332,0.651025120842761
0.496874705819636,0.411128629838929,0.651266254591689
0.496432939565311,0.411215789124413,0.651359681542565
0.495646536926636,0.41097575248113,0.651303319852529
0.494522269728803,0.410405198081257,0.651097799128515
0.493069248504132,0.409501850916136,0.650746426498848
0.491297310714384,0.408265754886619,0.650255028261384
0.489215598736641,0.40670020922618,0.64963169930647
0.486831650641695,0.40481217918932,0.648886509269014
0.484151138284231,0.402612171433943,0.648031212114245
0.481178189593815,0.40011371169724,0.647078988565589
0.477916101345364,0.397332627278831,0.646044228106716
0.474368205842542,0.394286323278322,0.644942338350814
0.470538680161583,0.390993186847178,0.643789560478045
0.466433143989275,0.387472192229986,0.642602770183473
0.462058956472349,0.383742731103798,0.641399251829003
0.457425181034083,0.379824657328074,0.640196444654496
0.45254224165212,0.375738505484861,0.639011670948097
0.447421349688114,0.371505809113786,0.637861864368055
0.442073838467375,0.367149405882725,0.636763320516437
0.436510592870667,0.362693583327528,0.635731490067146
0.430741777769369,0.358163915686638,0.634780826633081
0.424777028549307,0.353586695642635,0.633924688794214
0.418626152192058,0.348987982102519,0.633175280254177
0.412300226252127,0.344392429185855,0.63254359935814
0.40581283413225,0.33982216281582,0.632039364599279
0.399181107623319,0.335295971947237,0.631670890865502
0.392426295087708,0.330828981986466,0.631444911405576
0.385573713382581,0.326432835526658,0.631366365430111
0.378652111891772,0.32211628547256,0.631438189802818
0.371692614556977,0.317886039104119,0.631661157293774
0.364727475365288,0.313747673908993,0.632033792888052
0.35778888341742,0.309706458843893,0.63255237983314
0.350908007259367,0.305767943942919,0.633211046538456
0.344114400750434,0.301938220394032,0.634001910030542
0.337435821469432,0.298223801140459,0.634915244199652
0.330898442138698,0.294631130328948,0.635939642386574
0.324527364155534,0.291165800257899,0.637062153995479
0.318347272759407,0.28783163335704,0.638268392710521
0.31238302139635,0.284629858329948,0.639542635727008
0.306659927341017,0.281558642583285,0.640867951288098
0.301203627904996,0.278613199129356,0.642226395618032
0.296039485169192,0.275786545853539,0.643599303578393
0.291191689896506,0.273070787984211,0.644967664432997
0.286682325807501,0.270458604828644,0.646312540977224
0.282530656982136,0.267944545253826,0.647615475120931
0.278752799618694,0.265525814278451,0.64885883274759
0.275361796253131,0.263202420293862,0.650026066880881
0.272367995691292,0.260976752304056,0.651101905173666
0.269779589557199,0.25885278781157,0.652072484445023
0.267603160743056,0.256835169071184,0.652925459186498
0.265844133176031,0.254928351242181,0.653650106871005
0.264507052898517,0.253135961186185,0.654237445202965
0.26359566353896,0.251460441677601,0.654680368662454
0.263112765348067,0.249903007588015,0.654973803756498
0.263059869256754,0.248463904012494,0.655114874398982
0.263436683689554,0.247142926379001,0.65510305935561
0.2642405052771,0.245940125820553,0.654940313757963
0.265465625845692,0.244856579079578,0.654631117655087
0.267102903652583,0.243895059499932,0.654182411889263
0.269139659101755,0.243060425437066,0.653603389989955
0.271560016850674,0.242359571566126,0.65290513918469
0.274345713573721,0.241800881984979,0.652100161872362
0.277477241981262,0.241393264635464,0.651201848921956
0.28093506525041,0.241144981017445,0.650223998334066
0.284700584064357,0.241062549578298,0.649180461279105
0.288756606677762,0.241149963760282,0.6480849534826
0.29308723007917,0.241408349965703,0.646951013285939
0.29767721245375,0.241836056974911,0.645792043880675
0.302511036374148,0.242429071552121,0.644621361289227
0.307571902159828,0.243181615059406,0.643452181344635
0.312840867756191,0.244086782556914,0.642297506931261
0.318296295942368,0.245137115149891,0.641169909012375
0.323913708323522,0.246325030267934,0.640081222848956
0.329666087290999,0.247643063717097,0.639042201169918
0.335524610090703,0.249083903989622,0.638062177642363
0.34145973475052,0.250640228778216,0.637148796477824
0.347442485704884,0.252304393990756,0.6363078555813
0.353445719355454,0.254068076282504,0.635543290451154
0.359445115822421,0.255922020143556,0.634857295709283
0.365419677499378,0.257856062624363,0.634250547995489
0.371351637744517,0.259859570140325,0.633722470130413
0.377225872193905,0.2619223057338,0.633271474224859
0.383029087218233,0.264035576008673,0.632895145079833
0.388749139614024,0.266193355052498,0.632590365078284
0.394374763641217,0.268393029679395,0.632353417161867
0.399895778961991,0.27063549455109,0.632180114106713
0.405303631498479,0.27292451365388,0.632065984958626
0.410591986340741,0.275265474331101,0.632006514683519
0.415757093062683,0.277663813844873,0.631997400105713
0.420797752264403,0.280123459341142,0.632034769097852
0.425714864154924,0.282645595386825,0.632115315390635
0.430510676238405,0.285227985952477,0.632236323718254
0.435187932569047,0.287864958044465,0.632395590207688
0.439749149054494,0.290548022119202,0.632591271367218
0.444196198351907,0.293266973961554,0.632821713594072
0.448530291935146,0.296011209966247,0.633085317891268
0.452752313657801,0.298770918217944,0.633380478825832
0.45686332261376,0.301537814997148,0.633705605303298
0.460864953880412,0.304305206477003,0.634059193122663
0.464759454324424,0.307067360214812,0.63443989096758
0.46854921500896,0.309818408617962,0.634846497437645
0.472235860785163,0.31255117639482,0.635277851954161
0.475819141212064,0.31525634279218,0.635732626440165
0.479295947774707,0.317922209374179,0.636209066439175
0.482659731484518,0.320535120545203,0.636704750852264
0.485900453610829,0.323080382691291,0.637216432726618
0.489005044874852,0.325543419542499,0.637739997106184
0.49195823497947,0.327910895225539,0.638270539566126
0.494743566345124,0.330171597831131,0.638802542157483
0.497344412972448,0.332316960551203,0.639330107560591
0.499744862955159,0.33434117347119,0.639847207313748
0.501930369168463,0.336240895694763,0.640347903372416
0.503888114405568,0.338014618520727,0.640826511037575
0.505607072312103,0.339661766361524,0.641277683672506
0.507077778205357,0.341181661545559,0.641696414985418
0.50829186050522,0.34257252162803,0.642077972624476
0.509241426132004,0.343830689624815,0.642417795680471
0.509918435004079,0.344950293621059,0.642711404036158
0.51031422215747,0.345923467687992,0.642954372401341
0.510419309964315,0.34674113668811,0.643142409944075
0.510223586286493,0.347394206018563,0.643271556775455
0.50971682137458,0.347874868009811,0.643338469844141
0.508889395610592,0.3481777014343,0.643340738944984
0.507733055294691,0.348300317613396,0.64327716303681
0.506241525498449,0.348243457217661,0.643147931744542
0.504410874344268,0.348010597482822,0.642954688061488
0.502239606981872,0.347607234578271,0.642700481086828
0.499728537017275,0.347040042141295,0.642389640305135
0.496880521799059,0.346316089009901,0.642027611084456
0.493700156776067,0.345442254143254,0.64162078693826
0.490193512765973,0.344424926794862,0.641176362613157
0.486367978193083,0.343270034917988,0.640702217792151
0.482232241769047,0.341983402902607,0.640206827142421
0.477796420899297,0.34057139351455,0.639699180410538
0.47307230735542,0.339041732285474,0.639188688123457
0.468073666163306,0.337404348319947,0.638685046564388
0.462816493955572,0.335672011622113,0.638198042801954
0.457319132533554,0.333860536477944,0.637737297636382
0.451602156688897,0.331988387868787,0.637311968023357
0.445688016829181,0.330075682241363,0.636930451754088
0.43960050000349,0.328142772556665,0.636600144225561
0.43336414165374,0.326208762119623,0.636327283388573
0.427003738621768,0.324290318965736,0.636116889222524
0.4205440707636,0.322401045839669,0.635972773142941
0.414009856474062,0.320551463976609,0.635897575611969
0.407425885191689,0.318749488196228,0.635892792687923
0.400817216960878,0.31700117136774,0.635958769575694
0.394209323312958,0.315311486587429,0.636094661893394
0.387628057327225,0.313684965032272,0.63629838531501
0.38109937282887,0.312126078570778,0.63656658733002
0.374648757524654,0.310639323817239,0.636894679571089
0.36830040266554,0.309229020104982,0.637276964571038
0.362076203116093,0.307898880131995,0.637706875755087
0.355994759768937,0.3066514532901,0.63817732348249
0.350070620126314,0.305487576625669,0.638681106040517
0.34431400759338,0.304405986044488,0.639211311696108
0.338731220405051,0.303403223207084,0.639761620805464
0.333325717598739,0.302473908587802,0.640326430112007
0.328099695375034,0.301611347278253,0.640900768198309
0.323055782010854,0.300808327765321,0.641480037002008
0.318198433408154,0.300057914587384,0.642059670295787
0.313534719789294,0.299354052389634,0.64263482050229
0.309074399964751,0.298691879838275,0.643200163792333
0.304829383569817,0.298067754139576,0.643749865397512
0.300812807781209,0.29747906709016,0.644277696318904
0.297037985278776,0.296923970766635,0.64477725661955
0.293517441409121,0.296401128050316,0.645242244860075
0.290262191641001,0.295909574947198,0.645666714363779
0.287281346225595,0.295448742410206,0.646045268128236
0.284582079316734,0.295018643332306,0.646373160049177
0.28216996225332,0.294620188462275,0.646646288044496
0.2800496249131,0.294255554263264,0.64686108438227
0.278225664920959,0.293928489755572,0.647014330229729
0.276703669680948,0.293644427414585,0.647102943550577
0.275491160748105,0.293410269973541,0.647123807104589
0.2745982389013,0.293233775218613,0.647073707915964
0.274037731779356,0.293122557294037,0.646949442656432
0.273824742400032,0.29308284434655,0.646748102476223
0.273975650558463,0.293118232388582,0.646467495751614
0.274506775735218,0.293228703361238,0.646106619325006
0.275433002462615,0.293410109427986,0.645666070144138
0.27676665724402,0.293654191120882,0.645148308710973
0.278516822702663,0.293949053244072,0.644557733216392
0.280689131784005,0.294279924969315,0.643900576776389
0.283285958365557,0.29463000227246,0.643184679938629
0.286306842245486,0.294981200157235,0.642419207602475
0.289748958957756,0.295314700742513,0.6416143755181
0.293607454380599,0.295611245869351,0.640781233761588
0.297875495187955,0.295851176704424,0.639931530179926
0.302543932042148,0.296014267746635,0.639077650256326
0.307600536681967,0.296079444941429,0.638232603570734
0.313028866699723,0.296024521672418,0.637410003519252
0.318806936953553,0.295826126359863,0.636623971564978
0.324906014894289,0.295460010143897,0.635888899242808
0.331289951379418,0.294901881093118,0.635219030148043
0.337915424169562,0.294128791261306,0.634627881222211
0.344733251801576,0.293120924807371,0.634127589845357
0.351690579495695,0.291863473761272,0.633728315161132
0.358733417567634,0.290348234821855,0.633437807950887
0.365808916660335,0.288574652501821,0.63326119578965
0.372866946843265,0.286550214520033,0.633200949102218
0.379860882165408,0.284290270307667,0.633256945945531
0.386747784067698,0.281817423111064,0.63342655769205
0.39348830895732,0.279160641446457,0.633704718744863
0.400046641724842,0.276354190213146,0.634083991360519
0.406390650252284,0.273436436874192,0.634554669434559
0.412492335135839,0.270448562007807,0.635104975137223
0.418328546333326,0.267433196797556,0.635721391891323
0.423881855009151,0.264433018287448,0.636389151578548
0.429141396149212,0.261489353710484,0.637092857886347
0.434103438659266,0.258640875718826,0.637817186841902
0.438771419950608,0.25592250289631,0.638547569257894
0.443155239784965,0.25336463772857,0.639270742340039
0.447269767174876,0.25099285539927,0.639975073696547
0.451132747803561,0.24882808823835,0.640650614999765
0.454762518247695,0.246887244564831,0.641288919618008
0.458176025812403,0.245184096717606,0.641882726918039
0.461387561527011,0.243730218088176,0.642425644681148
0.464408381767901,0.242535766521748,0.642911939989279
0.467247135119623,0.241609986231902,0.643336493960159
0.469910830760322,0.240961393226013,0.643694915103682
0.472406023875983,0.240597683382045,0.643983762497988
0.474739929401147,0.240525441988054,0.644200811241555
0.476921258695423,0.240749741918426,0.644345294810862
0.478960662533052,0.241273708148576,0.64441807318297
0.480870738036542,0.242098111854029,0.644421694216579
0.482665616357218,0.243221045787564,0.644360334476002
0.484360202013627,0.244637724987419,0.644239623405108
0.485969192812203,0.246340449709249,0.644066371777518
0.487506070232105,0.248318753415948,0.643848241733386
0.48898229551694,0.250559730886986,0.64359340912125
0.490406942260992,0.253048498251247,0.643310274045057
0.49178690807382,0.255768687920841,0.643007265758415
0.49312767312675,0.258702849635323,0.642692760145891
0.494434364299087,0.261832641383539,0.64237508760375
0.495712735913825,0.265138762936089,0.642062571796889
0.49696967475177,0.268600690386975,0.641763523823915
0.498212988280578,0.272196365712382,0.641486130787944
0.499450469824837,0.275902033570362,0.641238216149078
0.500688448394732,0.279692381616201,0.641026893474909
0.501930150893908,0.283541049040444,0.640858167804722
0.503174213678758,0.28742146046857,0.640736550898808
0.504413606886275,0.291307855762408,0.640664749504722
0.505635123668121,0.295176341206389,0.640643467061708
0.50681947712739,0.299005787393248,0.640671337667939
0.507941966195109,0.30277843459259,0.640744993386442
0.508973627528091,0.306480122869904,0.640859255353699
0.509882778875732,0.31010012737463,0.641007435460761
0.510636862664004,0.313630639408001,0.641181735153036
0.51120449322063,0.317065986880994,0.641373725857839
0.5115575754229,0.320401731594735,0.641574886356113
0.511673290778858,0.323633808933258,0.641777153823478
0.511535659620604,0.326757873819932,0.641973420876533
0.511136337570488,0.329768969373127,0.642157892147748
0.510474360129263,0.332661540782664,0.642326217588953
0.509554755952721,0.335429704862459,0.642475359531586
0.508386272641741,0.338067606530977,0.642603223360895
0.506978765229976,0.340569689000538,0.642708159856413
0.505340918988998,0.342930773995088,0.642788490260769
0.503478835119168,0.34514594742914,0.642842187942045
0.501395678346306,0.347210321496308,0.642866783837357
0.499092244064124,0.349118770898185,0.642859483992526
0.496568092540413,0.350865729052022,0.642817431959133
0.49382285394917,0.352445104445583,0.642738029964033
0.490857379032967,0.353850356370625,0.642619243193366
0.487674521804924,0.355074757440764,0.642459835842139
0.484279442094311,0.356111860837588,0.642259513093171
0.480679392607918,0.356956172360467,0.642018963993107
0.47688301813829,0.357603990683797,0.64173981541806
0.472899263535715,0.358054319437868,0.641424518575783
0.468736073516772,0.358309679003063,0.641076197960215
0.464399160699919,0.358376580195755,0.640698497883723
0.459891178251367,0.358265411593091,0.640295461269955
0.455211601751293,0.357989585383355,0.639871466491426
0.450357462645786,0.357563995961684,0.639431230241466
0.445324812221833,0.357003107166653,0.638979862102083
0.440110541717839,0.356319167407072,0.638522938088231
0.434714071626076,0.355521038654995,0.638066554293574
0.429138507251846,0.354613909969917,0.637617329995382
0.423391077241364,0.353599866478621,0.63718234721622
0.417482906450362,0.352479051494033,0.636769032355732
0.411428330834655,0.351251073299226,0.636384998167767
0.405244015715666,0.349916353565079,0.636037868331891
0.398948115999273,0.348477222926475,0.635735102845358
0.392559657621923,0.346938674873155,0.635483833073679
0.386098252199188,0.345308755974474,0.635290703709672
0.379584192200767,0.343598593840125,0.635161708273321
0.373038909216663,0.341822059968427,0.635101998374741
0.36648570533878,0.339995057780453,0.635115648087321
0.359950585050528,0.338134442345975,0.635205366433784
0.353462934987488,0.336256635049901,0.63537217419256
0.347055754656396,0.334376091926117,0.635615092260425
0.340765179426747,0.332503888066776,0.635930916904595
0.334629191496111,0.330646735137334,0.636314165847287
0.328685665887974,0.328806696804082,0.636757253900292
0.322970154145665,0.326981693936931,0.637250898164496
0.317513937947779,0.325166657217308,0.637784682611725
0.312342808472503,0.323354997169152,0.63834766407463
0.307476781082836,0.321540006461284,0.6389288996937
0.302930666818737,0.319715893984858,0.639517816667585
0.298715220280833,0.317878310997171,0.640104404092912
0.294838519315353,0.316024386765984,0.640679256913837
0.29130728030983,0.314152394954172,0.641233529027522
0.288127912221907,0.312261214056742,0.641758856853065
0.285307210230712,0.31034974205394,0.642247304467286
0.282852658239803,0.308416399815542,0.642691365911122
0.280772343930636,0.306458826926583,0.643084045348892
0.279074500902233,0.304473845409754,0.643419023125733
0.277766698126901,0.302457739940891,0.643690903614544
0.276854715961672,0.300406869686918,0.643895526070673
0.276341195998659,0.298318575793404,0.644030300234548
0.276224236415034,0.296192272219209,0.644094505000469
0.276496212453045,0.29403051269249,0.644089467903528
0.277143189133717,0.291839745382233,0.644018538934616
0.278145282276024,0.289630458713669,0.643886800671141
0.279478140547538,0.287416544697664,0.643700524514726
0.281115368175623,0.285213959158106,0.643466472286129
0.283031327486104,0.283039037925227,0.64319120915595
0.285203576209092,0.280906973148513,0.642880593725883
0.2876143365513,0.278830870917981,0.642539538707083
0.290250776084597,0.276821558399407,0.642172033279661
0.293104278426317,0.274888039706198,0.641781341100988
0.29616911201989,0.273038336430064,0.641370263959865
0.2994409320479,0.271280414275565,0.640941382100893
0.302915446507946,0.269622945118945,0.640497223296498
0.306587436538997,0.268075727620865,0.640040352363933
0.310450203863556,0.266649657561667,0.639573400407813
0.314495443842102,0.265356197743059,0.639099066517539
0.318713503239656,0.264206360611825,0.638620125485643
0.32309395796306,0.263209302612443,0.63813946555618
0.327626417616514,0.262370744580039,0.63766016285453
0.332301419948061,0.261691558758379,0.637185577940908
0.337111225469339,0.261166946194348,0.636719441561298
0.342050289590538,0.260786589569186,0.636265889655323
0.347115220224939,0.260535949621332,0.635829417970938
0.352304150485564,0.260398511092505,0.635414752208657
0.357615643304494,0.260358426702774,0.635026658835572
0.363047413214484,0.260402847371038,0.634669739984357
0.368595208820067,0.260523357383923,0.63434825573215
0.374252119005575,0.260716273282039,0.634066002393088
0.380008399944793,0.260981928163273,0.633826256119816
0.385851756188142,0.261323295473397,0.633631775025445
0.391767908564181,0.2617443660088,0.633484842938023
0.397741256066577,0.262248627533491,0.633387332899779
0.403755466252559,0.262837884005336,0.633340766897961
0.40979387982047,0.263511547424571,0.633346348921585
0.415839670159383,0.264266462831675,0.633404951059285
0.421875750697252,0.265097281548522,0.633517037673661
0.427884473370703,0.26599735970784,0.633682522068048
0.433847213326691,0.266960104740737,0.633900564975473
0.439743984880029,0.267980605467364,0.634169344879766
0.445553267079892,0.269057265511591,0.634485853563797
0.451252208137735,0.270193050756613,0.634845788105621
0.456817301039847,0.271395928761503,0.635243609793777
0.462225476781502,0.27267819757846,0.635672809199913
0.467455391840267,0.274054696617851,0.636126355308456
0.472488576473146,0.275540275651342,0.636597236598318
0.477310132193435,0.277147185466383,0.637078959437251
0.481908820132211,0.278883079921591,0.637565880977394
0.486276586921607,0.280750068792295,0.638053315373429
0.490407730517598,0.28274488176045,0.638537430111361
0.494297962795833,0.284859887501673,0.639015006754799
0.497943592066132,0.287084564177344,0.639483160430146
0.501340973204649,0.289407028739556,0.639939100345816
0.504486296137708,0.291815329827314,0.640379985342869
0.507375722502583,0.294298321944776,0.640802897579248
0.510005832741476,0.296846029915556,0.641204930242169
0.512374300488055,0.299449478911151,0.641583362007008
0.514480658365699,0.302100024016337,0.641935870147285
0.51632696167773,0.304788285971542,0.642260716499364
0.517918113332069,0.307502896197803,0.6425568315148
0.519261621002265,0.310229356667046,0.642823731447439
0.520366654230308,0.312949376923543,0.643061241259608
0.521242462442973,0.315640994421153,0.643269058776059
0.521896450357516,0.318279583057808,0.643446262893208
0.52233237241567,0.320839564355571,0.643590905796396
0.522549099440227,0.323296394541486,0.643699810925109
0.522540218893715,0.325628339264848,0.643768631040486
0.522294458012255,0.327817686502199,0.643792140321904
0.521796704771741,0.329851288534175,0.643764679868788
0.521029323033577,0.331720535019296,0.643680663475143
0.519973501737391,0.333420966375216,0.643535070185967
0.51861048209739,0.33495174210946,0.643323881773426
0.516922609263049,0.336315124211368,0.643044450079553
0.514894223103706,0.337516064793602,0.642695794051952
0.512512428179146,0.338561924917175,0.6422788290804
0.509767772853564,0.339462306353786,0.641796525708567
0.506654834559492,0.340228948737493,0.641253985927347
0.50317266659917,0.340875627501609,0.640658418184446
0.499325027538513,0.341417981601281,0.640018991850334
0.495120304484975,0.341873205797277,0.639346561768887
0.490571071150786,0.342259563255031,0.638653274166945
0.485693292346633,0.342595710293234,0.637952091603812
0.480505281862652,0.342899871117469,0.637256297061829
0.475026603981155,0.343188944425675,0.636579044462586
0.469277141748927,0.343477652940646,0.635933009038768
0.463276516790969,0.343777851735291,0.635330159772685
0.457043947586646,0.344098090074715,0.634781639802352
0.450598514004588,0.344443480308387,0.634297713510067
0.443959700606014,0.344815877101619,0.633887729839785
0.437148048222647,0.345214322620814,0.633560060114948
0.430185755225532,0.345635677321793,0.633321988119775
0.423097117925549,0.346075335930792,0.63317955117487
0.41590875690931,0.346527923234637,0.63313734649568
0.408649620816715,0.34698787059249,0.633198324840864
0.401350780926727,0.347449788061551,0.633363594851672
0.394045030377342,0.347908567582979,0.633632259971727
0.386766291285912,0.348359182356987,0.634001308619735
0.379548825787485,0.348796190910914,0.634465578703123
0.372426257311034,0.349213014614293,0.635017818415133
0.365430445455451,0.349601130597489,0.635648863074536
0.358590320114659,0.349949391496517,0.636347938186108
0.351930850634599,0.350243717642924,0.637103079120484
0.345472370040822,0.35046736851633,0.637901629655676
0.339230453474917,0.350601867352824,0.638730753507176
0.333216442746498,0.350628450026055,0.639577878351854
0.327438537780957,0.350529715032004,0.640431002430285
0.321903208540742,0.350291063343688,0.641278830678609
0.316616596123897,0.349901586569547,0.642110757022461
0.311585606013544,0.349354254148454,0.642916750839238
0.306818522729835,0.34864546808918,0.643687222701206
0.302325125722562,0.347774206292367,0.644412935455798
0.298116400246246,0.34674102706283,0.64508500138983
0.294203988516159,0.345547176892963,0.64569497786063
0.290599524178797,0.34419397219331,0.646235051338338
0.287313960945766,0.342682548920548,0.646698286215912
0.284356969630921,0.341014004854344,0.647078907174352
0.281736449454641,0.339189899961316,0.647372579757397
0.279458185900177,0.337213020750793,0.647576649945917
0.277525683449241,0.335088252616115,0.64769030113269
0.275940198403114,0.332823347833474,0.647714589624889
0.274700982635972,0.330429350215685,0.647652333333118
0.273805715526819,0.327920472064692,0.647507855894838
0.273251050920992,0.325313334154614,0.647286626262163
0.273033156504919,0.322625656174178,0.646994868385807
0.273148101550971,0.319874659421845,0.64663922918169
0.273591975205974,0.317075535706671,0.646226574649155
0.274360686142955,0.314240302431289,0.645763939701528
0.275449476357045,0.311377226329418,0.645258607062958
0.276852242559336,0.30849082800273,0.644718255844241
0.278560780239055,0.305582346613075,0.644151111009114
0.28056405235023,0.302650483145912,0.643566037174948
0.282847555336217,0.299692246703255,0.642972542868427
0.285392828610521,0.296703775404023,0.642380683906187
0.288177140089131,0.293681063686619,0.641800871257533
0.291173381685075,0.29062058118871,0.641243598495858
0.294350217936784,0.287519804383486,0.640719108897252
0.29767253711327,0.284377697593165,0.64023702522595
0.301102244805948,0.2811951765099,0.639805968269761
0.304599407026211,0.277975570108768,0.639433193282094
0.308123693964531,0.274725073238483,0.639124274798674
0.311636010976382,0.271453160337494,0.638882867008918
0.315100153039311,0.268172916318108,0.638710557554829
0.318484304540114,0.264901235027347,0.63860681902384
0.321762235099807,0.261658836766124,0.638569049326087
0.324914101680258,0.258470062368024,0.638592684965195
0.327926833027608,0.255362414446684,0.638671372143609
0.330794122786264,0.252365840636501,0.638797187185864
0.333516085226433,0.249511789953136,0.638960904181176
0.336098638755162,0.246832114385948,0.639152309108726
0.338552688242609,0.24435792005843,0.639360554782057
0.340893184217873,0.242118483798422,0.639574542336813
0.343138144167246,0.240140337620016,0.639783307026439
0.345307723212217,0.238446590452207,0.63997638232136
0.347423413501361,0.237056514098799,0.640144118092718
0.349507431320011,0.235985378960212,0.640277935543807
0.351582319196019,0.235244492056112,0.640370511744771
0.353670750646138,0.234841369197501,0.640415897864877
0.355795483551656,0.23477996601702,0.640409585096818
0.35797937309081,0.235060899145,0.640348538415496
0.360245336914666,0.235681607625307,0.640231218817778
0.362616173190025,0.236636432483913,0.64005760869931
0.365114169624863,0.237916623056726,0.639829243660905
0.367760501701583,0.239510304403459,0.639549240566259
0.370574483014907,0.241402453394014,0.639222300856247
0.373572776767911,0.24357492817186,0.638854664311853
0.376768688182336,0.246006579361174,0.638453993301843
0.380171630735274,0.248673449248894,0.638029179136319
0.383786808153848,0.251549046204504,0.637590075946662
0.387615100027776,0.254604672081056,0.637147178696765
0.391653099561607,0.257809781516979,0.636711267619571
0.395893235782333,0.26113236118302,0.636293041319905
0.400323918343624,0.264539329437219,0.6359027567632
0.404929663993793,0.267996967723738,0.635549888976488
0.409691191491137,0.271471400702245,0.635242818756283
0.4145854990644,0.274929140369299,0.634988554281248
0.419585959847152,0.278337699693778,0.634792492492696
0.424662482203452,0.281666264882091,0.634658227701416
0.429781781090921,0.2848863955053,0.634587416814795
0.434907793342013,0.28797270338984,0.6345797113433
0.440002246124566,0.290903449825124,0.634632764803665
0.445025358892784,0.293661000781571,0.634742319868805
0.449936631838219,0.296232093201593,0.634902373164022
0.454695655313104,0.298607889918713,0.63510540839414
0.459262869906309,0.300783830822657,0.635342682304276
0.463600217092639,0.302759316137498,0.635604544424526
0.467671642732262,0.304537277337548,0.635880771413464
0.471443444337643,0.306123698116099,0.636160899886486
0.474884481013594,0.307527141338568,0.636434546780194
0.477966286490477,0.308758320699427,0.636691712004802
0.480663136886124,0.309829732609476,0.636923062806304
0.482952124697428,0.310755340229775,0.637120201785876
0.484813280067697,0.311550282858816,0.6372759204161
0.486229762456751,0.312230574430129,0.63738443737663
0.487188124469653,0.312812757427821,0.637441616933063
0.487678629082945,0.313313493357989,0.637445158069546
0.487695585653077,0.313749095014828,0.63739474134826
0.487237660492461,0.31413503258024,0.637292118289846
0.486308113538364,0.314485466260194,0.6371411277356
0.484914910917448,0.314812864592484,0.636947625176555
0.483070662730312,0.315127756203381,0.636719314798257
0.480792339876258,0.315438636971912,0.636465481091175
0.478100741750218,0.315752023424875,0.636196628389353
0.475019725324704,0.316072617449076,0.635924051885691
0.471575262014906,0.316403534510962,0.635659378548302
0.467794443155147,0.316746549097202,0.635414124520254
0.463704582032136,0.317102323731301,0.635199311818972
0.459332543508806,0.317470606376455,0.63502517133884
0.454704375941678,0.317850400425215,0.634900937043847
0.449845247326431,0.318240127937255,0.634834716142195
0.444779625257997,0.318637817047728,0.634833408294907
0.439531604420568,0.319041345373456,0.634902645329859
0.434125277087574,0.31944876030861,0.635046729514455
0.428585052771569,0.319858673656072,0.635268559683776
0.422935852715689,0.32027069486277,0.635569547276839
0.417203128283026,0.320685831926336,0.635949536237263
0.411412680104203,0.321106764344819,0.636406749574075
0.405590289724399,0.321537892472144,0.636937788560238
0.399761216287873,0.32198510141947,0.637537705664406
0.393949648531626,0.322455241509542,0.638200158874374
0.388178222187636,0.322955402006031,0.638917636218805
0.382467702464153,0.323492112479239,0.639681721565743
0.376836890122816,0.324070624342619,0.64048336329766
0.371302751822906,0.32469439884861,0.641313110041687
0.365880722598291,0.325364870789809,0.642161290589596
0.360585098194395,0.326081492067752,0.643018132677917
0.355429433301436,0.326842006139246,0.643873830783863
0.350426882667141,0.327642873493986,0.644718582014393
0.345590452983076,0.328479760094229,0.645542610764336
0.340933162697206,0.329348009364919,0.646336198724787
0.33646812678345,0.330243036038765,0.647089730101505
0.332208591246847,0.331160600205386,0.647793755498239
0.328167939068086,0.332096938191267,0.648439073688704
0.324359679503155,0.333048742119767,0.649016828756544
0.320797418717816,0.334012992799611,0.64951862110807
0.317494797877958,0.334986663040755,0.649936632577106
0.314465375484352,0.33596632172413,0.650263768122903
0.311722431160952,0.336947684249351,0.650493816384947
0.309278676138903,0.337925169796888,0.650621629143017
0.307145874866548,0.338891537266129,0.650643313992846
0.305334408272976,0.33983767411988,0.650556426760337
0.303852836164032,0.340752600457527,0.650360142490214
0.302707535244831,0.341623721288363,0.650055379248531
0.301902490344717,0.342437314941283,0.649644850691783
0.301439294379283,0.343179193262185,0.649133032556931
0.301317369664772,0.343835424357138,0.648526043426698
0.30153437126587,0.344392987528834,0.647831456770335
0.302086689278081,0.344840243447457,0.647058073664826
0.302969945550087,0.345167149073132,0.646215689806004
0.304179386456818,0.345365211754538,0.645314885809202
0.305710099986282,0.345427239168267,0.644366859453529
0.307557020379082,0.345346983007087,0.643383306500407
0.309714715730879,0.345118785954127,0.642376346137222
0.31217697977797,0.344737324466765,0.64135847862564
0.314936272053198,0.344197500811315,0.640342555468026
0.317983077197669,0.343494484655157,0.63934173558989
0.321305287186659,0.342623846118275,0.638369395929682
0.324887742325306,0.341581670875477,0.63743896547492
0.328712078282509,0.340364522812593,0.636563663730975
0.332756990959132,0.338969144656865,0.635756150993525
0.336998933630921,0.337391878486831,0.635028134183168
0.341413119922812,0.335627936618353,0.634390004060873
0.345974581085613,0.333670811179646,0.633850588243998
0.350658990091681,0.331512201840393,0.633417077848368
0.355443054947832,0.329142794119814,0.633095129623656
0.360304464121304,0.326554005047067,0.632889082383277
0.365221545072696,0.323740466544982,0.632802183349794
0.370172877448551,0.320702660994963,0.632836715899876
0.375137048201569,0.317448941743052,0.632993958692467
0.38009259442852,0.313996311040418,0.633273971994674
0.38501805247977,0.310369760050645,0.633675270281225
0.38989199719638,0.30660046740028,0.634194472657968
0.394693011166917,0.302723436074401,0.634826016452947
0.399399607377524,0.29877512777426,0.635561989401155
0.403990180399053,0.294791439075899,0.63639210429341
0.408443065335601,0.290806131994709,0.637303819410933
0.412736756459653,0.286849691983075,0.638282598172241
0.41685029951272,0.282948550599137,0.639312295356282
0.420763833896578,0.279124635373827,0.640375648964105
0.424459226934094,0.275395245909727,0.641454844535926
0.427920714620805,0.271773269955373,0.642532105142997
0.431135447572421,0.268267734331464,0.64359025069559
0.434093844419039,0.264884639642874,0.644613170227817
0.436789681510756,0.261627973597609,0.645586163364065
0.439219893915682,0.258500758230129,0.646496130660272
0.441384117059914,0.255505978352371,0.647331621026213
0.443284045094145,0.252647266778548,0.648082769598398
0.444922708194785,0.249929276919254,0.648741174251638
0.446303771556977,0.247357737185732,0.649299760535718
0.447430936841029,0.244939237515415,0.649752674351426
0.448307493133995,0.242680832506613,0.650095224814568
0.448936028863119,0.240589560825209,0.650323880668062
0.449318290360375,0.238671975377803,0.650436309158071
0.449455157842679,0.236933766135037,0.650431436662594
0.449346708044113,0.235379541582069,0.650309507346261
0.448992340400671,0.234012819565168,0.650072118261552
0.448390957681868,0.232836262713078,0.649722215658188
0.447541205034433,0.231852172746323,0.649264045908125
0.446441780762987,0.231063224572057,0.64870306505651
0.445091831957655,0.230473369343116,0.648045822253123
0.443491433877694,0.230088767743446,0.647299842105604
0.44164212355835,0.229918545511666,0.646473536612452
0.439547420459812,0.229975125877672,0.645576174419894
0.437213235129411,0.23027393046949,0.644617920461517
0.434648062343997,0.230832378176243,0.643609933364258
0.431862895073347,0.231668326955673,0.642564479347457
0.428870874496908,0.23279831077114,0.641495003111727
0.425686776066064,0.234236010751037,0.640416100480493
0.422326476428409,0.235991304281396,0.639343365461992
0.418806525444312,0.238069995485774,0.63829312415006
0.415143876173673,0.240474063213934,0.637282101074324
0.41135575101957,0.243202097055576,0.636327075441228
0.407459594430077,0.246249604185837,0.635444570241263
0.403473100008608,0.249609045586489,0.634650583524687
0.399414366227038,0.253269684821918,0.63396033618484
0.395302252754951,0.257217447503251,0.633387994654403
0.391156924604078,0.261434921857359,0.63294633823491
0.38700041757871,0.265901475851924,0.632646369116406
0.382856942062955,0.270593392595924,0.632496891960836
0.378752655428641,0.275483996184863,0.632504111401587
0.374714790940001,0.280543866598915,0.632671308964382
0.370770269564187,0.285741297087572,0.632998660868392
0.366944133155625,0.291043080051625,0.633483236914376
0.363258220350147,0.29641556454017,0.634119179371654
0.359730418836446,0.301825800629826,0.634898015672424
0.35637461841451,0.307242540453238,0.635809031218748
0.353201265639802,0.31263691371685,0.636839629652489
0.350218278314816,0.317982701651417,0.637975632211111
0.347432050545485,0.323256246383842,0.639201500642411
0.344848340107692,0.328436113370272,0.640500496137981
0.342472926580114,0.333502656869174,0.641854803376692
0.340312015492199,0.338437627473336,0.643245654145377
0.338372417547389,0.343223922554713,0.644653482622449
0.336661551039563,0.347845531850986,0.646058137952216
0.335187309934594,0.352287682989994,0.64743917152232
0.333957823848887,0.356537150762762,0.6487762067381
0.332981121525998,0.360582661281593,0.650049387412079
0.332264704717939,0.364415299431829,0.651239886641536
0.331815048527366,0.368028818241933,0.652330441896109
0.33163706523243,0.371419756651825,0.653305867080446
0.331733595007921,0.374587300254456,0.654153483033512
0.33210500709239,0.377532866301657,0.654863409627082
0.332748997664969,0.380259452493098,0.655428678475738
0.333660647506723,0.38277084227409,0.655845153838574
0.334832754279574,0.385070795440502,0.656111285234308
0.336256394081693,0.387162359877919,0.656227748079481
0.337921611525624,0.389047413538037,0.656197048362065
0.339818109326652,0.390726494354167,0.656023166577382
0.341935814846655,0.39219891398073,0.655711295933145
0.344265238981648,0.393463094008596,0.655267696604698
0.346797596359154,0.39451702646273,0.654699653590762
0.349524706184478,0.395358745975244,0.654015499907627
0.352438728213847,0.395986707782355,0.653224654820062
0.355531804872336,0.396399986463206,0.652337628364029
0.358795681715963,0.39659824071283,0.651365955912456
0.362221371264651,0.396581427493914,0.650322045739043
0.365798914769498,0.396349296139852,0.649218945123201
0.369517284462674,0.39590074983496,0.648070053549033
0.373364452749765,0.395233222525269,0.646888831297575
0.37732763208871,0.394342265777523,0.645688562625285
0.381393656675949,0.393221546620007,0.644482228813155
0.385549439496092,0.391863397729641,0.643282522870154
0.38978240787034,0.390259931816857,0.642101996800259
0.39408081433431,0.388404567159616,0.640953286011503
0.398433848697898,0.386293678247263,0.639849322685469
0.402831536510188,0.383928049116563,0.63880344696846
0.40726447646848,0.381313886918316,0.637829354490456
0.411723516247802,0.378463310140697,0.636940867708113
0.416199474206803,0.375394387811228,0.636151565688214
0.420682982461916,0.372130909518988,0.635474334799276
0.425164467287665,0.368702081926311,0.634920905156128
0.42963421219435,0.365142276640759,0.634501418826417
0.434082382445959,0.361490815129541,0.634224046097007
0.438498844185331,0.35779159775985,0.634094637664068
0.442872614267958,0.354092218314307,0.634116385701664
0.447190867356495,0.350442146411342,0.634289476263905
0.451437628022818,0.346889730612144,0.634610753725942
0.455592536951938,0.343478236095137,0.635073472779992
0.459630243983359,0.340241741827708,0.635667250886511
0.463520865603789,0.337202108126626,0.636378314772792
0.467231535657915,0.334368021942635,0.637190051377104
0.470728611817955,0.33173635508804,0.638083771161792
0.473979880237175,0.329295199276727,0.639039533688194
0.4769562243042,0.327027490426748,0.640036898960237
0.479632536127131,0.324914249392856,0.641055528322976
0.481987933669878,0.322936909800775,0.642075621924381
0.484005491790288,0.321078650529547,0.643078219347259
0.485671713532087,0.319324921056436,0.644045403801176
0.48697592001517,0.317663432504108,0.644960448032712
0.487909674863002,0.316083857105775,0.645807931740882
0.488466307780149,0.314577407165916,0.646573851391776
0.488640567486795,0.313136395777743,0.647245735821135
0.488428413719314,0.31175383259412,0.647812774926018
0.48782694636819,0.310423079897508,0.648265963555844
0.486834462038691,0.309137581728621,0.648598257716207
0.485450621176602,0.307890675295344,0.64880473508535
0.483676700196373,0.306675493533384,0.648882746536192
0.481515892542701,0.305484966112132,0.648832040416192
0.478973611802595,0.30431192046656,0.648654837880796
0.476057741705406,0.303149273450929,0.648355836991768
0.472778776889058,0.301990288888018,0.647942127235991
0.469149808540504,0.300828859982808,0.64742300525038
0.465186332976301,0.29965976350825,0.646809696343503
0.460905896061001,0.298478830559724,0.646115002036473
0.456327624393141,0.297282990142497,0.645352907053289
0.451471723269695,0.296070166162353,0.64453818524562
0.446359030963428,0.29483903962487,0.643686040277245
0.441010703548899,0.293588716894522,0.642811804142891
0.435448069320614,0.292318363064388,0.641930699288534
0.429692648055538,0.29102686219371,0.64105765405114
0.423766291330858,0.289712553908152,0.640207151217551
0.417691376409041,0.288373073003559,0.639393087981227
0.411490982120705,0.287005291200934,0.638628631464208
0.405188989758313,0.285605334010341,0.637926064229833
0.398810080371924,0.284168626702078,0.637296624942652
0.39237963477623,0.282689918320401,0.636750357023625
0.385923574029326,0.281163248929377,0.636295980256803
0.379468194635316,0.279581868059482,0.635940796214462
0.37304004345721,0.277938178232585,0.635690629760865
0.366665838401398,0.276223846705625,0.635549799757463
0.36037238325736,0.274430262529502,0.635521107406255
0.354186378080673,0.272549468770549,0.63560583369484
0.348134028774697,0.270575548816898,0.635803746533778
0.342240433609846,0.268506228379358,0.636113126540905
0.336528847909766,0.266344276607116,0.636530820180746
0.331020030536752,0.264098272674777,0.637052318410754
0.325731881658228,0.261782492729268,0.637671845751994
0.320679473998787,0.259415978115925,0.638382440000036
0.315875423575628,0.257021102616899,0.639176011083046
0.311330435344505,0.254622042461182,0.640043382595152
0.307053845092422,0.2522434677244,0.6409743307169
0.30305404244125,0.249909607262478,0.641957636804537
0.299338745688763,0.247643687614849,0.642981163741907
0.295915161817882,0.245467657286794,0.644031957973555
0.292790088739698,0.24340208109979,0.645096373754056
0.289970009164169,0.241466102461926,0.646160215190686
0.287461201626506,0.239677402140235,0.647208894155776
0.285269867526173,0.238052116885498,0.648227605818571
0.283402251793582,0.236604713798796,0.649201526089667
0.281864722708027,0.235347843316583,0.650116035215214
0.280663775251715,0.234292212441002,0.650956968522675
0.279805931808969,0.233446526849877,0.65171088963763
0.279297532587234,0.232817543633277,0.652365374802964
0.27914443187675,0.232410256195787,0.652909291281059
0.279351639078393,0.232228204279619,0.653333050117334
0.279922958287835,0.232273873601999,0.653628814949564
0.280860681395604,0.23254912997167,0.653790654164924
0.282165376034659,0.233055627370132,0.653814632244362
0.283835785507256,0.233795137880064,0.653698845397268
0.285868830834147,0.234769767810635,0.653443414282848
0.288259683545477,0.235982041530355,0.653050450938962
0.29100186661222,0.237434846538578,0.652524017417213
0.29408734135561,0.239131238823225,0.651870090125567
0.297506548282456,0.241074109213206,0.651096537141027
0.301248386330857,0.243265714653254,0.65021310649448
0.305300134890524,0.245707089207281,0.64923141243725
0.309647342954915,0.248397372055104,0.648164895523095
0.314273726350826,0.251333123099056,0.647028723662935
0.319161123423457,0.25450773373494,0.6458395988224
0.324289557366988,0.257911065534805,0.644615441896372
0.329637435054078,0.261529442005615,0.643374949319956
0.3351818788268,0.265346062947243,0.642137046453785
0.340899145943607,0.269341809001548,0.640920295872006
0.346765056989197,0.27349628703671,0.639742338696287
0.352755346548276,0.277788884592226,0.638619442359602
0.358845874939119,0.282199595510763,0.637566197794135
0.365012690193975,0.286709454759876,0.636595365690673
0.371231983148159,0.291300543478795,0.63571783425032
0.377480013821402,0.2959556439101,0.634942633751374
0.383733093573745,0.300657699857696,0.634276958714564
0.389967686986327,0.305389260747403,0.633726169142295
0.396160659934205,0.310132067090161,0.633293767391151
0.402289656800183,0.314866890326499,0.632981367784945
0.408333548843037,0.3195736850857,0.632788687184257
0.414272864052397,0.324232054222168,0.632713585028098
0.420090092727217,0.328821969492031,0.63275217192444
0.425769769030516,0.333324636579312,0.632898989446455
0.431298261906783,0.337723349673698,0.633147244667529
0.436663268961755,0.342004160324392,0.633489066686287
0.441853084300817,0.346156200854844,0.633915744695776
0.446855786033697,0.350171561623064,0.634417912103158
0.451658534390526,0.354044716568126,0.634985658753756
0.456247165363107,0.357771599570779,0.635608578279037
0.460606201758295,0.361348521217292,0.636275780918127
0.464719300714461,0.364771151635796,0.636975914809615
0.468570048500693,0.368033768364772,0.63769723601444
0.472142935851476,0.371128890515374,0.638427751210865
0.475424322182648,0.374047321203511,0.639155434180466
0.47840322486862,0.376778531828527,0.639868496431309
0.481071831653371,0.379311265777764,0.640555679566585
0.483425706050293,0.381634222584058,0.641206534362714
0.485463715822755,0.383736698939932,0.641811657059259
0.487187752693793,0.385609097472283,0.642362863571379
0.488602325503258,0.387243254415894,0.642853293531199
0.489714104161506,0.388632574506779,0.643277445828435
0.490531474973075,0.389771991087398,0.643631154493933
0.491064145998942,0.390657790666761,0.643911518243825
0.491322819338204,0.391287354685485,0.644116799190636
0.491318929084029,0.391658877599428,0.644246306598695
0.491064431606557,0.391771119579909,0.644300280444195
0.490571630139836,0.391623243693255,0.644279787104335
0.489853017920973,0.391214770529822,0.644186635614436
0.48892113266339,0.390545660430902,0.644023318123941
0.487788425794957,0.389616507508515,0.643792972715928
0.486467159120575,0.388428807385993,0.643499361859846
0.484969345072554,0.386985247511275,0.64314685640045
0.483306742522558,0.385289968584959,0.642740413951095
0.481490909347945,0.383348758155126,0.642285542136393
0.479533298107465,0.381169157497174,0.641788240485306
0.4774453664658,0.378760484170118,0.641254918872729
0.475238662572713,0.376133788294193,0.640692293981445
0.472924839877112,0.373301766778592,0.640107267646551
0.470515557505582,0.370278655913095,0.639506792163232
0.468022232879046,0.367080111238136,0.638897728222249
0.465455634313927,0.363723068682852,0.6382867018088
0.462825333820415,0.360225567725012,0.637679967637034
0.460139082370668,0.356606511187772,0.637083288457873
0.457402214490549,0.352885342125338,0.636501841196816
0.45461722241282,0.349081637559032,0.635940160976369
0.451783641754908,0.345214648933703,0.635402131160795
0.448898347832047,0.341302849827221,0.634891020964798
0.445956270721001,0.337363569566074,0.634409562714537
0.442951423439024,0.333412783980364,0.633960051475616
0.439878043073587,0.329465099209797,0.633544444373645
0.436731610820715,0.325533912594362,0.633164438434287
0.433509558846237,0.321631686638227,0.632821514051097
0.430211570516849,0.317770246522125,0.632516943019461
0.426839492282265,0.313961015595563,0.632251770713901
0.423396963473855,0.310215131105483,0.632026787938907
0.419888912093257,0.306543420979914,0.63184250799599
0.416321062790706,0.302956259539627,0.631699159804746
0.412699570820057,0.299463347860486,0.631596700787238
0.409030848620199,0.296073480433484,0.631534846022945
0.405321601771683,0.292794363853134,0.631513104663709
0.401579045556926,0.289632546318831,0.631530811831616
0.397811236339735,0.286593499331041,0.631587144702827
0.394027426848417,0.283681865931546,0.631681115198892
0.390238344988354,0.280901855560319,0.631811538083366
0.386456305615902,0.278257729418208,0.631976980998926
0.382695094969041,0.275754290442816,0.632175710091728
0.37896961454093,0.273397278227683,0.632405649045912
0.375295325519121,0.271193578606031,0.632664368736191
0.371687582704569,0.269151191106895,0.632949118778536
0.368160974280959,0.267278947611821,0.633256902372932
0.364728782591331,0.265586028330634,0.633584584942027
0.361402651766971,0.264081361146623,0.633929018665328
0.358192500113998,0.262773006653341,0.634287161685924
0.355106662959664,0.261667621630749,0.634656173218614
0.352152208843341,0.260770064676075,0.635033472697268
0.349335346734948,0.260083170327079,0.635416759938268
0.346661835953231,0.25960768350443,0.635804001429414
0.344137319891306,0.259342321932965,0.636193393449539
0.341767523696544,0.259283923056749,0.636583315064868
0.339558279762211,0.259427632682306,0.636972283318653
0.337515370506105,0.259767101649142,0.637358919842681
0.335644204871313,0.26029467004856,0.637741933527378
0.333949373450876,0.26100153194006,0.638120118626999
0.332434155977999,0.261877883968458,0.63849236257353
0.331100079578992,0.262913066573965,0.638857653772488
0.32994663794561,0.26409570588028,0.639215077848149
0.328971269822006,0.26541385918811,0.639563792162603
0.328169651955266,0.266855160008305,0.639902973424268
0.327536289947116,0.268406953437422,0.640231741031972
0.32706530860491,0.270056412027438,0.640549067223098
0.326751281242239,0.271790626478766,0.640853691007963
0.326589922446612,0.273596672815863,0.641144053728419
0.326578509242322,0.275461665536534,0.641418269478329
0.32671597404144,0.277372812553268,0.641674135650889
0.327002696985002,0.279317491756616,0.641909180825757
0.327440085789539,0.281283370273088,0.642120741859005
0.328030055107366,0.283258585256802,0.642306060358237
0.328774509128153,0.285231998099709,0.64246238987767
0.329674904230633,0.287193521037076,0.642587107455403
0.330731936631733,0.289134496145978,0.642677824908557
0.331945372395659,0.291048083600864,0.642732495469461
0.333314015820181,0.292929593596279,0.642749510099569
0.334835796488623,0.294776682767978,0.642727776023868
0.336507941947736,0.296589338931107,0.642666769201951
0.338327194400171,0.298369605971688,0.642566553580752
0.340290025221274,0.300121050523079,0.642427763921897
0.342392804530759,0.301848033914367,0.642251555036839
0.344631894526396,0.303554906496044,0.642039526883763
0.347003653385238,0.305245266224473,0.64179363963165
0.349504356290203,0.306921408645357,0.641516133634168
0.352130054775584,0.308584046696843,0.641209466287433
0.354876402514475,0.310232314273848,0.640876271786223
0.357738473668657,0.311864009053232,0.640519343296425
0.360710592879391,0.313475992409552,0.640141631530745
0.363786187106142,0.315064651539842,0.639746250491779
0.366957662619896,0.316626336342913,0.63933648024156
0.370216307233524,0.318157702697234,0.638915757641495
0.373552218810229,0.319655916893023,0.638487648517959
0.376954265217834,0.321118698091314,0.638055798024807
0.380410088141914,0.322544196420153,0.637623859976189
0.383906169019871,0.323930723075851,0.637195410086647
0.387427979488963,0.325276368356673,0.636773852312054
0.390960236784413,0.326578563548114,0.636362331145151
0.394487274208587,0.327833661282304,0.635963664940732
0.39799351688923,0.329036621509046,0.635580314969149
0.401464025364738,0.330180889638949,0.635214400905717
0.404885040092722,0.331258533164904,0.634867765490861
0.408244438498308,0.332260660945914,0.634542080164516
0.411532013329491,0.333178091042437,0.634238972177892
0.414739503435104,0.334002172988218,0.633960145685043
0.417860353429411,0.334725628040557,0.633707467990783
0.420889234880181,0.335343262282837,0.633482998810215
0.423821410995778,0.335852437430343,0.633288953483279
0.426652054136674,0.33625324356204,0.633127606500376
0.429375625247331,0.3365483877092,0.633001154698699
0.431985402067604,0.336742871942479,0.632911566688726
0.434473211311219,0.336843570442167,0.632860445511797
0.436829391541195,0.33685882238113,0.632848926443062
0.439042995284217,0.336798138801519,0.632877623529802
0.441102230254288,0.336672082625342,0.632946629073392
0.442995132790599,0.336492327320066,0.63305556124609
0.444710450627843,0.336271837985767,0.633203647112287
0.446238677336362,0.336025058899182,0.633389822066938
0.447573125948615,0.335767950858197,0.6336128231181
0.448710868552983,0.335517722716398,0.633871254147534
0.449653333071629,0.335292162819313,0.634163607787606
0.450406375087635,0.335108595329687,0.634488240681598
0.450979749087644,0.334982627505809,0.634843313392128
0.451386063824562,0.334926954717325,0.635226717290536
0.45163945390661,0.334950496127739,0.635636013244709
0.451754265108249,0.335058037665836,0.636068399993269
0.451744009294925,0.335250407080153,0.636520717985345
0.451620728756126,0.335525068346888,0.636989483365442
0.45139478058517,0.335876948286691,0.637470940818724
0.451074958898265,0.336299304461486,0.637961123561308
0.450668832930306,0.336784487408867,0.638455911759817
0.45018318181004,0.337324511842318,0.638951084576107
0.449624431151552,0.337911408974308,0.639442364275915
0.448999024903574,0.338537376029941,0.639925452963874
0.448313689430578,0.339194767908466,0.640396063733784
0.447575564831248,0.339875991518637,0.640849948734398
0.446792194482371,0.340573367292685,0.641282927044875
0.445971381214294,0.341279015877063,0.641690915256687
0.44512093797905,0.341984812369797,0.642069963099849
0.444248379140026,0.342682428507859,0.64241629521542
0.443360610097492,0.343363459437879,0.642726358432565
0.44246367311357,0.344019611513624,0.64299687216211
0.441562594685971,0.344642915316305,0.643224878232622
0.440661358029455,0.345225925747687,0.64340778618283
0.439762999532126,0.345761877545245,0.64354341062932
0.438869807190716,0.346244776902482,0.643629998686369
0.437983585710291,0.346669424430902,0.643666247043276
0.437105950121705,0.347031377756848,0.643651309675658
0.4362386121091,0.347326871741647,0.643584797846501
0.435383631325268,0.347552719521339,0.643466774377416
0.434543611797817,0.347706219175623,0.643297744788588
0.433721829823563,0.347785088009934,0.643078647890095
0.432922283281215,0.347787440101619,0.642810848224244
0.432149654103435,0.34771181391229,0.642496132214701
0.431409175655283,0.347557245144439,0.642136709307665
0.430706399707736,0.347323368851173,0.641735218295894
0.430046863629613,0.347010523429608,0.641294737647212
0.429435670454802,0.34661982075939,0.640818796682698
0.428877012284532,0.346153144107506,0.640311382431575
0.428373688821194,0.345613041130632,0.639776935272329
0.427926692048914,0.345002495487188,0.63922032603657
0.427534937109728,0.344324586238091,0.63864680870899
0.427195209780976,0.343582074930924,0.638061946616119
0.426902368060462,0.342776987596927,0.637471515487364
0.426649782835295,0.341910272882099,0.636881392487923
0.426429944004006,0.340981610828577,0.636297444184904
0.426235113522293,0.339989419033195,0.635725426663309
0.42605789289446,0.338931062265802,0.635170907252928
0.425891595427568,0.337803231685092,0.634639210834763
0.425730364538339,0.33660243253903,0.63413538683454
0.42556904093924,0.335325508791134,0.633664188038893
0.425402836273576,0.333970134443871,0.63323005048579
0.425226908229851,0.33253520537469,0.632837064921396
0.425035949409987,0.331021067989315,0.632488934065004
0.424823899216883,0.329429526656039,0.632188915467706
0.424583866524725,0.327763596411718,0.631939756254773
0.424308310206939,0.326027018543726,0.631743632091815
0.423989470466456,0.32422363140938,0.631602106138159
0.423619982727812,0.322356756764265,0.631516122123304
0.423193553923346,0.320428788498482,0.631486038082404
0.422705554075167,0.318441129398682,0.631511695420839
0.422153387790177,0.316394517954463,0.631592506235078
0.421536562383522,0.314289659459479,0.631727535346113
0.420856447207581,0.312127977383248,0.631915555444822
0.420115795183126,0.309912272510395,0.632155063357194
0.419318145560975,0.307647124139338,0.632444258467932
0.418467233555113,0.305338960839994,0.632780995481245
0.417566503298595,0.302995825004187,0.633162729294736
0.416618773526051,0.300626922479215,0.633586469131691
0.415626059673834,0.298242074211164,0.634048753982296
0.414589524214043,0.295851177908874,0.634545654589527
0.413509512792303,0.293463759508484,0.635072801057274
0.412385634556839,0.291088661038485,0.635625431018415
0.411216855524117,0.288733882323905,0.636198451518905
0.410001588314082,0.286406572121146,0.636786507990849
0.408737775650693,0.284113149244776,0.63738405522315
0.407422975673675,0.281859524000764,0.637985427366524
0.406054462656043,0.279651382946745,0.6385849060976
0.404629356577572,0.277494494937285,0.639176787646486
0.403144789519239,0.275394994056608,0.639755450167559
0.401598107455546,0.273359597376102,0.640315422799684
0.399987094583131,0.271395721927894,0.640851456833177
0.398310197265178,0.269511479496496,0.641358597941237
0.396566718212748,0.267715545017062,0.641832256928939
0.394756951229374,0.266016913533051,0.642268275371966
0.392882233272589,0.264424576944438,0.642662982276008
0.390944902644288,0.262947161500477,0.643013238630718
0.38894816722403,0.261592568053537,0.643316468328175
0.386895901502682,0.260367650068242,0.643570675888808
0.384792403080492,0.2592779518966,0.643774453338011
0.382642146624179,0.258327516213089,0.643926979798111
0.380449575970735,0.257518758670977,0.64402801763656
0.378218973799853,0.256852402750834,0.64407790815539
0.375954443866045,0.256327469231498,0.64407756795917
0.373660033057557,0.255941321542313,0.644028484579522
0.37134000859986,0.255689778676458,0.643932706754785
0.368999286429826,0.25556731530523,0.643792822004672
0.366643980424319,0.255567371806071,0.643611912119111
0.364282007446039,0.255682787548389,0.643393477524775
0.361923646391382,0.255906347978683,0.643141324798791
0.359581921719617,0.256231399991691,0.642859418877856
0.357272679754076,0.256652450129605,0.642551711708704
0.355014264930514,0.25716563161826,0.642221969696527
0.352826786823618,0.257768927596296,0.641873628840308
0.350731078787421,0.258462079796632,0.641509704557365
0.348747545608633,0.259246187837661,0.641132771234119
0.346895136599649,0.260123087532003,0.640745008036252
0.345190640555912,0.26109465378108,0.640348289809274
0.343648396285042,0.262162183003162,0.639944292373712
0.342280390941344,0.263325973098386,0.639534583401505
0.341096623424403,0.264585156255659,0.639120681066485
0.340105566175176,0.26593777626949,0.638704077236405
0.339314565309223,0.26738105377508,0.638286234664913
0.338730061031341,0.268911754644795,0.637868575082842
0.338357570278775,0.270526565847471,0.63745247627107
0.338201438281183,0.272222384919932,0.637039291745906
0.338264426905735,0.273996442359418,0.636630397989728
0.338547257411385,0.275846202174265,0.6362272632935
0.339048253864175,0.277769026641478,0.635831521939392
0.339763229866043,0.279761645142511,0.635445030842686
0.340685717771252,0.281819523962254,0.635069885853118
0.341807559785116,0.283936276678709,0.6347083829797
0.343119783525047,0.286103264352123,0.634362924226414
0.344613601717279,0.28830950111872,0.634035883921754
0.3462813366758,0.290541910898607,0.633729463510388
0.348117089109313,0.292785897565882,0.633445566306663
0.350117038864808,0.295026122469853,0.633185717759315
0.352279356387439,0.297247350214519,0.632951044096125
0.354603787593659,0.29943523078294,0.632742307621353
0.357091030012752,0.301576923584892,0.632559984975557
0.359742037101845,0.303661519732863,0.632404368048532
0.362557375476958,0.305680266624591,0.632275666440443
0.365536727573749,0.30762663318527,0.632174094203662
0.368678591528784,0.309496270784062,0.632099930111843
0.371980189454866,0.31128692459173,0.632053547931803
0.375437559920965,0.312998336513669,0.632035419557183
0.379045782860313,0.314632158802119,0.6320460983836
0.382799266921802,0.316191872986918,0.632086192439369
0.386692022059119,0.317682688438904,0.632156336442678
0.390717845407183,0.319111384996794,0.6322571694152
0.394870367386962,0.320486068888961,0.632389320437809
0.399142935075567,0.321815830478226,0.632553400534608
0.40352834681166,0.323110321038108,0.632749994768599
0.408018486880031,0.324379293571399,0.632979646575886
0.412603932626995,0.325632169063939,0.633242826907171
0.417273611667074,0.326877687736005,0.6335398838355
0.422014572222568,0.328123684122204,0.633870973041341
0.426811901973194,0.329376993847124,0.634235974399705
0.431648797949757,0.330643465713237,0.634634403426585
0.436506764344437,0.331928027187833,0.635065327612558
0.441365902094427,0.333234738656626,0.635527296818723
0.446205254978251,0.334566774194398,0.636018294666392
0.451003187493833,0.335926283241438,0.636535715170941
0.455737782972581,0.337314116455978,0.6370763664187
0.460387259174335,0.338729437223063,0.637636501026416
0.464930398104991,0.340169283045295,0.638211871202212
0.469346975966709,0.341628179932066,0.638797804144804
0.473618161540816,0.343097935316938,0.639389291261511
0.477726834863389,0.344567726351659,0.639981082769649
0.481657772845453,0.346024550775425,0.6405677785562
0.485397662152132,0.34745402114916,0.64114390746308
0.4889349324541,0.348841384090519,0.641703990542056
0.492259445477586,0.350172572331441,0.642242588452496
0.495362111058529,0.351435082509019,0.642754337618605
0.49823451620651,0.352618524037679,0.643233982606372
0.500868642259374,0.353714781397921,0.643676412716773
0.503256714682375,0.354717833502172,0.644076709068731
0.505391193253783,0.355623345080931,0.644430205340874
0.507264878072304,0.356428171531551,0.64473256154776
0.508871086324954,0.357129906220417,0.644979846781471
0.510203845816097,0.357726562980265,0.645168624062738
0.511258052134488,0.358216442217684,0.645296028801922
0.512029542747228,0.358598186159857,0.645359831699839
0.51251505306532,0.358870992309348,0.645358477763985
0.512712034404747,0.359034924338334,0.645291095167896
0.512618334032415,0.359091237697248,0.645157471560111
0.51223176243098,0.359042625044304,0.644958000947237
0.51154960169245,0.358893288958828,0.644693611232555
0.510568135257796,0.358648770680404,0.644365689322114
0.509282295735486,0.358315506063076,0.64397602552314
0.507685524454918,0.35790013848268,0.643526799095345
0.505769909116499,0.35740868019548,0.643020620768144
0.503526617213564,0.356845660051083,0.642460636150897
0.500946584281712,0.356213409828488,0.641850678972961
0.498021365766612,0.355511617630469,0.641195449736799
0.49474403313385,0.354737222039081,0.640500687594268
0.491109996091041,0.353884653263035,0.63977330335718
0.487117658655886,0.352946367007359,0.639021448584215
0.482768856830439,0.351913577018223,0.63825450685591
0.478069067370923,0.350777077278146,0.637483005110908
0.473027411684424,0.349528050826943,0.636718452537027
0.467656501927673,0.348158781456586,0.635973120557795
0.461972187237645,0.346663209295966,0.635259779712175
0.455993258458071,0.345037296025861,0.634591408379554
0.449741161659801,0.343279187351053,0.633980885421455
0.443239755866498,0.341389178973253,0.633440675164215
0.436515130408617,0.339369508737029,0.632982510075583
0.429595474151861,0.337224013214619,0.632617075199187
0.422510965730316,0.334957702158159,0.632353699751541
0.415293636132814,0.332576317417697,0.632200065337345
0.407977148735684,0.330085950015971,0.6321619458556
0.400596452685313,0.327492784641834,0.632242998950769
0.393187294445161,0.324803020642597,0.632444629735488
0.385785612981909,0.322022983240478,0.632765942171128
0.378426882732381,0.319159395578796,0.633203782059486
0.371145489294765,0.31621974417301,0.633752861385527
0.363974215948387,0.313212649895249,0.63440594206105
0.35694388678874,0.310148159731641,0.635154052617482
0.350083167835519,0.307037897344211,0.635986715513947
0.343418488002591,0.303895042161659,0.636892173121087
0.336974019910901,0.300734135747541,0.637857612497875
0.330771660316079,0.297570733826087,0.638869398232377
0.324830967992884,0.294420932612971,0.639913326004319
0.31916904619398,0.29130080391824,0.640974906319825
0.313800389220032,0.288225780852195,0.642039678979353
0.308736740997338,0.285210048145453,0.643093546351175
0.303987030458719,0.282266006015798,0.644123100755362
0.299557448702893,0.279403886708395,0.64511591206545
0.295451711733335,0.276631597586298,0.64606074044627
0.291671513121192,0.273954836123106,0.64694764832758
0.288217121230828,0.271377470937405,0.647768004935819
0.285088032797195,0.268902122455038,0.648514400514911
0.282283574609097,0.266530827829074,0.64918050770582
0.279803357124541,0.26426565842442,0.649760936583048
0.277647522845792,0.262109177855332,0.650251124823556
0.275816784855245,0.260064677252615,0.650647287687178
0.274312296516903,0.258136182189109,0.650946431630349
0.273135421957784,0.256328271391186,0.651146417120041
0.272287483190054,0.254645774448492,0.651246045579848
0.271769548695959,0.253093422418655,0.651245143142485
0.271582306605871,0.251675517897046,0.651144618526853
0.271726039849567,0.250395676637558,0.650946481222709
0.272200695178206,0.249256675989491,0.6506538166811
0.273006015938222,0.248260428472532,0.650270725083915
0.274141691231643,0.247408081358317,0.649802238113344
0.275607464198115,0.246700224567528,0.64925423255208
0.277403142068541,0.246137169691128,0.648633359598499
0.279528462069543,0.245719244565847,0.647947004187435
0.281982791161785,0.245447035406075,0.647203279589648
0.284764670309205,0.245321507403174,0.646411050946562
0.287871250217862,0.245343950214485,0.645579969481126
0.291297695304006,0.245515727341521,0.644720490455813
0.295036648375621,0.24583785385226,0.6438438450441
0.299077844436634,0.246310474884105,0.642961940693561
0.303407938862279,0.246932354992195,0.64208717558382
0.308010578918798,0.247700503741626,0.641232167948762
0.31286670810598,0.248610049350465,0.640409416687462
0.317955059041792,0.249654429677593,0.63963092249487
0.3232527678817,0.25082590524063,0.63890780643364
0.328736032029956,0.252116324920252,0.638249964474293
0.334380729894609,0.25351800861828,0.637665792052212
0.340162924478405,0.255024572396923,0.637162002340964
0.346059182239546,0.256631526408646,0.636743546637247
0.352046659071702,0.258336527487895,0.636413627225666
0.358102939849811,0.260139250701572,0.636173776581354
0.364205666171417,0.26204092868797,0.636023966883158
0.370332041479509,0.264043667534347,0.635962714480727
0.376458350619651,0.266149672365063,0.635987155885369
0.382559655067912,0.268360510533152,0.636093091865707
0.388609808577824,0.270676517983167,0.636275017857367
0.394581871334993,0.273096422907647,0.636526174114404
0.400448892801897,0.275617221624881,0.636838650854419
0.406184917376625,0.278234295286779,0.637203569803193
0.41176599017867,0.280941710180935,0.637611338909873
0.417170938690494,0.283732613284986,0.638051952300881
0.42238177997883,0.286599630791372,0.638515293610204
0.427383716416299,0.289535201512654,0.638991402449317
0.432164786069645,0.292531817475188,0.639470677813796
0.436715293818,0.295582183294945,0.639944010953282
0.441027160242554,0.29867933078248,0.640402856503095
0.445093302374069,0.30181673086772,0.640839260900268
0.448907123926905,0.304988433962234,0.641245871089455
0.452462158592155,0.308189248417884,0.641615946008605
0.455751884018694,0.31141494195234,0.641943389682128
0.458769706410215,0.314662429188582,0.642222818969786
0.461509101959828,0.317929895658956,0.642449671242243
0.463963888383414,0.321216809279405,0.642620347899507
0.46612858652889,0.324523786490758,0.642732379778982
0.467998820929347,0.327852309874888,0.64278459226584
0.46957170298409,0.331204330039843,0.642777243705697
0.470846144983881,0.334581816241301,0.642712112439803
0.471823067728822,0.337986336977383,0.642592515449654
0.472505485329399,0.341418747502726,0.642423253109477
0.472898471793333,0.344879036694849,0.642210486470776
0.473009029193319,0.348366348044732,0.64196156245427
0.472845882110597,0.351879148572755,0.641684805951933
0.472419217930719,0.355415483876847,0.641389296023352
0.471740380156063,0.358973232793397,0.641084637402268
0.47082150740124,0.362550263995252,0.6407807307521
0.469675101368565,0.36614440129629,0.640487538324892
0.468313510178586,0.3697531274554,0.640214838370539
0.466748335669518,0.373373000903265,0.639971963741359
0.464989815930018,0.376998824431584,0.639767527913543
0.463046287700968,0.380622677044835,0.639609152659873
0.460923873997398,0.384232975622353,0.639503220488415
0.458626540508877,0.38781374657068,0.639454675698276
0.456156602251404,0.391344252267032,0.639466888467919
0.45351565130547,0.394799053517711,0.63954158196007
0.450705756752394,0.398148530074592,0.639678812659779
0.447730704231149,0.40135984111632,0.639876995448758
0.444597022294179,0.40439827101384,0.640132974438195
0.441314589700971,0.40722884915072,0.640442148422268
0.437896717062151,0.409818057218803,0.640798657005881
0.434359720720117,0.412135379377771,0.641195619417592
0.430722120800839,0.414154455298181,0.64162540096989
0.427003664653741,0.415853679903537,0.642079872831785
0.423224384063448,0.417216228690274,0.642550634975191
0.419403845872095,0.418229621655957,0.643029187757629
0.41556067921238,0.418885023848235,0.643507056530134
0.411712385434021,0.419176503073454,0.643975888762197
0.40787538054689,0.419100433439034,0.644427549775512
0.404065188942431,0.418655170056749,0.644854240847946
0.40029669703073,0.417841043987718,0.645248653778899
0.396584378808439,0.416660647913253,0.645604161397177
0.392942417643861,0.415119308227835,0.645915026874888
0.389384670030993,0.413225576051592,0.646176599641604
0.385924450705401,0.41099153452181,0.64638545710349
0.382574164804092,0.408432733794407,0.646539454136779
0.379344863490255,0.405567644079407,0.6466376592258
0.376245836697153,0.402416651338758,0.646680184171712
0.37328435991669,0.399000767950258,0.646667944183116
0.370465672662838,0.39534033023488,0.646602404443715
0.3677931975893,0.391453960397822,0.64648536934354
0.365268941006125,0.387357982318341,0.646318852152342
0.362893976368249,0.383066343294677,0.646105034947807
0.36066891278644,0.378590967023933,0.645846302810988
0.358594281628849,0.37394238653787,0.645545320395517
0.356670816333218,0.369130487695108,0.645205114950424
0.354899635894339,0.364165218663926,0.644829135337869
0.353282361911972,0.359057165258706,0.644421267360386
0.351821201431485,0.353817937515413,0.64398579821523
0.350519017005405,0.348460349924868,0.643527334774044
0.349379387567688,0.342998404275595,0.643050690206119
0.348406645353123,0.337447102454946,0.642560760191812
0.347605860680733,0.331822130656236,0.642062412861007
0.34698274271888,0.326139468472786,0.641560414670218
0.34654343232692,0.320414986630112,0.64105940746236
0.346294181661671,0.314664103216113,0.640563940574052
0.346240940192472,0.308901566150024,0.640078547949531
0.346388891085434,0.303141415457145,0.639607847001466
0.346741998924762,0.297397151121041,0.639156626933517
0.347302634113894,0.291682093879435,0.638729892573324
0.348071330083745,0.286009885508281,0.63833283662174
0.349046708405553,0.280395043725881,0.637970727569434
0.350225579113736,0.274853475761762,0.637648718675357
0.3516031943697,0.269402868282662,0.637371600466651
0.353173608345341,0.264062904584686,0.637143530615516
0.354930077755194,0.25885529953397,0.636967778505107
0.356865426640446,0.253803673448912,0.636846517848279
0.358972295629217,0.248933297740737,0.636780691942281
0.361243199654414,0.244270736028714,0.636769965680914
0.363670330949124,0.239843382051246,0.636812768279698
0.366245070090357,0.235678873530776,0.636906421046745
0.36895721203637,0.231804354856674,0.637047334346219
0.371793979284684,0.228245583077884,0.637231246244801
0.374738976782695,0.225025923525325,0.637453463448207
0.377771326918808,0.222165348828501,0.637709058187531
0.380865275714455,0.219679606678553,0.637992980910307
0.383990537565136,0.217579719469422,0.638300074414288
0.387113506715036,0.215871903660958,0.63862501663485
0.390199216220778,0.214557871956876,0.638962257593642
0.393213654712014,0.213635371957409,0.639306024599882
0.39612589583427,0.213098785584525,0.639650435840778
0.398909552282044,0.212939673399321,0.639989703156251
0.401543310124243,0.21314723903791,0.640318357817437
0.404010599766864,0.213708738783949,0.640631426876608
0.406298683870545,0.214609846495609,0.640924520068873
0.408397530577087,0.215834941476541,0.641193832511303
0.410298808798992,0.217367268330337,0.641436100055758
0.411995240789242,0.219188945408467,0.641648551141147
0.413480422617791,0.221280856934996,0.641828886163532
0.414749104450799,0.223622522869603,0.641975294005016
0.415797822716507,0.226192074230557,0.642086495380575
0.416625700026602,0.228966456833523,0.642161789562957
0.417235182489691,0.231921940075254,0.642201077021297
0.417632479600968,0.235034926293947,0.642204835668227
0.417827522262213,0.238282959015348,0.642174041253585
0.417833361025538,0.241645746083611,0.642110039240746
0.417665068297321,0.24510597988808,0.642014390850568
0.417338341342869,0.248649771487869,0.641888724278121
0.416868079589251,0.25226660980144,0.641734620434212
0.416267202793538,0.255948875705027,0.641553552082993
0.41554589504747,0.259691039541711,0.641346880584473
0.414711341567603,0.263488718662489,0.64111590123326
0.413767915177805,0.26733776463053,0.640861920088611
0.412717697328582,0.271233504181667,0.640586343008021
0.41156119291925,0.275170197908387,0.640290760149186
0.410298109306725,0.27914072640647,0.639977013965387
0.408928101635134,0.283136475798763,0.63964724377726
0.407451423963974,0.287147375015972,0.63930390419043
0.405869458361807,0.291162032641788,0.638949757440919
0.404185117686663,0.295167926147252,0.638587841358303
0.402403131355597,0.299151606065733,0.638221415321518
0.400530228680037,0.303098888468312,0.637853886792991
0.398575233841197,0.306995018909435,0.637488721144017
0.396549082909374,0.31082479898017,0.637129337816409
0.394464768919144,0.314572672734885,0.636778996606692
0.392337217907385,0.318222775031349,0.636440679039131
0.390183098809423,0.321758948092257,0.636116971385538
0.388020574031562,0.325164737311639,0.635809957602776
0.385869005142212,0.32842338351131,0.635521131952032
0.383748637135051,0.331517837218732,0.635251341919995
0.381680290306272,0.334430830798426,0.635000771938345
0.379685084318865,0.337145054065658,0.634768977143032
0.377784198869254,0.339643482806778,0.634554974016909
0.375998640350912,0.341909898659811,0.634357391059787
0.374348947284075,0.343929604248225,0.63417467699174
0.372854755096062,0.345690277552117,0.634005355323986
0.371534179617116,0.347182838467666,0.633848302012302
0.370403071101668,0.348402150421479,0.633703009609198
0.369474296967015,0.349347387438929,0.633569792994638
0.368757262482795,0.350021976778913,0.633449895991394
0.368257823636352,0.350433152371106,0.633345478122889
0.3679785992394,0.35059126734709,0.633259490543767
0.367919526122796,0.350509063063029,0.633195476805869
0.368078408391503,0.350201062201515,0.633157345654108
0.368451232053202,0.349683168470756,0.633149155842219
0.369032134596586,0.348972455883846,0.633174932782959
0.36981308271061,0.348087053021663,0.633238514435841
0.370783457641545,0.34704599529911,0.633343409297779
0.371929821017657,0.345868939854762,0.633492648293057
0.373236098439266,0.344575706096792,0.633688624051114
0.374684275632801,0.343185693614127,0.633932928631094
0.376255505641062,0.341717297647329,0.634226214115546
0.377931364811708,0.340187456010485,0.634568101951437
0.379694946648346,0.338611414894654,0.634957156069901
0.381531559914629,0.33700272290207,0.635390918456811
0.383428947319017,0.335373394779035,0.635865992661245
0.38537708574296,0.333734155680098,0.63637815555964
0.387367715068603,0.332094684464919,0.636922479949424
0.389393760244911,0.330463804208517,0.637493456541781
0.39144878069126,0.328849601344186,0.638085110013549
0.393526530755486,0.327259480172514,0.638691107997278
0.395620666133386,0.325700173333206,0.639304863885586
0.397724594495346,0.324177732680571,0.639919634675824
0.399831446290025,0.322697522019386,0.640528614593144
0.401934131666617,0.32126422652705,0.641125024525947
0.404025448156473,0.319881885862641,0.641702196822507
0.406098207892067,0.31855395072822,0.642253654825459
0.408145360133269,0.317283357113272,0.642773186644706
0.410160092878938,0.316072609155154,0.643254912991643
0.412135905071316,0.31492386058493,0.643693349235241
0.414066647480942,0.313838985758307,0.644083462070758
0.415946535287426,0.312819633673972,0.644420721251385
0.417770138522833,0.311867261359899,0.644701146790702
0.41953235795494,0.310983146029587,0.644921351806044
0.421228393989272,0.310168377928909,0.645078580868662
0.42285371510437,0.309423837604387,0.645170743399003
0.424404030924828,0.308750162275965,0.645196441247443
0.425875272873552,0.308147706309149,0.645154989719316
0.427263584062826,0.307616500375531,0.645046430970759
0.428565318589412,0.307156213169187,0.644871539082502
0.429777048869888,0.306766119114469,0.644631815858169
0.430895579592604,0.30644507452064,0.644329476963119
0.431917965483967,0.306191503948493,0.643967428037666
0.432841530546594,0.306003398250105,0.643549230745236
0.433663886224331,0.305878325303531,0.643079059022308
0.434382946176977,0.305813454359972,0.642561646052581
0.434996935758314,0.305805594774157,0.642002222829235
0.435504394760792,0.305851249677988,0.641406449504135
0.435904172416787,0.305946684698778,0.640780341040269
0.436195414142395,0.306088010772059,0.640130189076618
0.436377539841643,0.306271278415196,0.639462482221882
0.436450213855597,0.306492578387188,0.638783827223742
0.436413306858053,0.306748140680537,0.638100873512844
0.436266850248497,0.307034420792845,0.637420243409476
0.436010983854902,0.307348160080013,0.636748469710044
0.435645898016496,0.307686406676492,0.636091941445471
0.435171771170022,0.308046485821419,0.635456857398555
0.434588703657093,0.308425913703898,0.634849185683001
0.43389664737408,0.308822256505392,0.634274626607622
0.433095329157335,0.309232944623278,0.633738575492678
0.432184164017777,0.309655059052493,0.633246082322313
0.431162153743799,0.31008511078333,0.632801806198436
0.430027768828317,0.310518834097329,0.632409964401524
0.428778819402553,0.310951011568766,0.632074278190194
0.427412335701249,0.311375344526086,0.631797919871463
0.425924500737314,0.311784380328749,0.631583467643056
0.424310703515834,0.31216950889939,0.63143287559195
0.422565799715242,0.312521044995342,0.631347465183137
0.420684659940848,0.312828415604388,0.631327940712934
0.418663033049692,0.31308046630306,0.631374424300834
0.41649864767471,0.313265879584879,0.63148649758236
0.414192348381339,0.313373662919199,0.631663231270058
0.411748981079692,0.313393628938875,0.631903185038304
0.409177772505942,0.313316777635159,0.632204370758159
0.406492098004853,0.313135515232966,0.632564187961135
0.403708726840577,0.31284369711427,0.632979353220309
0.400846772367593,0.31243653435722,0.633445848321566
0.397926601009055,0.31191042997376,0.633958905466981
0.39496888871373,0.311262806614468,0.634513036445494
0.391993914836944,0.310491964735043,0.635102102532789
0.389021100519174,0.309596985199155,0.635719415908589
0.386068751241843,0.308577672771623,0.636357861621389
0.383153947589598,0.307434528996824,0.637010030123409
0.380292531929278,0.30616874193836,0.637668352529597
0.377499150280455,0.304782182869278,0.638325233012847
0.374787321169232,0.303277403550121,0.638973174614149
0.3721695135266,0.301657630959007,0.639604896146355
0.369657223059733,0.299926758632697,0.640213438814988
0.367261041238908,0.298089335224563,0.640792261815532
0.36499071380523,0.296150551583805,0.641335326573764
0.362855187185317,0.294116227764385,0.641837169533777
0.360862641917788,0.291992801011919,0.642292963511862
0.35902051233073,0.289787315131882,0.642698567743809
0.357335491925666,0.287507410432836,0.643050566698984
0.355813523887742,0.28516131234927,0.643346297788408
0.354459776639536,0.282757814503925,0.643583867962469
0.353278604936572,0.280306250816929,0.643762159257337
0.352273498197464,0.277816449191762,0.64388082333892
0.351447019351356,0.275298658339344,0.643940265250392
0.350800739577308,0.272763439533755,0.643941616828573
0.350335176197305,0.270221516901897,0.64388670073554
0.350049743932115,0.26768358498672,0.643777986308007
0.349942730474746,0.265160079333407,0.643618539051827
0.350011307983962,0.262660925828811,0.643411965713126
0.350251590514965,0.260195295168582,0.643162356684499
0.350658743227239,0.257771397778099,0.642874226980216
0.351227142979179,0.255396358300214,0.64255245598741
0.351950581677487,0.253076204065522,0.642202225168903
0.352822495686511,0.250815987067531,0.641828952022216
0.353836198576675,0.248620035185462,0.641438218439551
0.354985093020072,0.246492300830714,0.641035692311664
0.356262841743092,0.244436751623039,0.640627042788554
0.35766348654817,0.242457736000223,0.640217851629186
0.359181515102099,0.240560261877657,0.639813525065942
0.360811885361375,0.238750146413782,0.63941921165126
0.362550020546026,0.237034026615494,0.63903973171468
0.36439178648614,0.235419251324197,0.638679522501956
0.366333456115265,0.233913699526564,0.638342600533263
0.368371657605145,0.232525580538391,0.638032539555865
0.370503296156657,0.231263266930234,0.637752459628719
0.372725437449087,0.230135193237028,0.637505021234542
0.375035144571692,0.229149828017792,0.63729241842066
0.377429269018782,0.22831570188778,0.637116366761797
0.379904209127869,0.227641456711852,0.636978084749863
0.382455660730984,0.227135876481642,0.636878270234077
0.385078391688353,0.226807867875391,0.636817075903997
0.387766070984207,0.226666374190956,0.636794089071204
0.390511174648646,0.226720224117796,0.636808321020897
0.393304977919963,0.226977931257245,0.636858210171344
0.39613762985794,0.227447468370119,0.636941641600216
0.398998296363782,0.22813604165716,0.637055983635362
0.401875351827288,0.229049886402544,0.637198140567321
0.404756598333311,0.230194098459555,0.63736461934245
0.40762949339162,0.23157250859858,0.637551607393608
0.410481371056315,0.233187600218924,0.637755058499308
0.413299645772709,0.23504046628736,0.637970783579404
0.416071992425103,0.237130798679075,0.63819454351147
0.418786499360848,0.239456902151608,0.638422141269288
0.421431793456683,0.242015725562494,0.638649510868191
0.42399713764366,0.244802904099972,0.638872800740462
0.426472501867214,0.247812807934085,0.63908844924405
0.428848608452664,0.251038594485607,0.639293250063726
0.431116952565912,0.254472263141417,0.639484405372581
0.433269798085399,0.258104712742452,0.639659564802575
0.435300149037752,0.261925803273071,0.639816848627432
0.437201697030336,0.265924423821358,0.639954854143629
0.438968746082966,0.270088568920947,0.640072645099026
0.440596118088939,0.27440542473091,0.640169725170557
0.442079044909462,0.278861465072693,0.640245997895016
0.443413056479692,0.283442555376464,0.640301716894445
0.444593877982232,0.288134060122959,0.640337431558712
0.445617351878402,0.292920947277984,0.640353934070546
0.446479401373426,0.297787882018489,0.640352213516302
0.447176049363055,0.302719302764057,0.640333421496193
0.44770350021601,0.307699475277076,0.640298851169724
0.448058281575642,0.31271252680726,0.640249928354571
0.448237430870032,0.317742468645545,0.640188210115516
0.448238699994963,0.322773222926945,0.640115384063428
0.448060744837648,0.327788674184828,0.640033261388937
0.447703266629386,0.332772766413826,0.639943758775675
0.447167080394669,0.337709660709661,0.639848868382612
0.446454100377802,0.342583956764221,0.639750619826841
0.445567249922799,0.347380964949472,0.639651041919888
0.444510319955615,0.352086997464078,0.63955213337498
0.443287811679884,0.356689631265957,0.639455849834528
0.441904802997129,0.361177887586522,0.639364109654341
0.440366872911932,0.365542277344968,0.639278814092228
0.438680104827229,0.369774681150927,0.63920187109876
0.436851171329882,0.373868065711512,0.639135208208246
0.434887483602215,0.377816075253831,0.639080760598745
0.43279737459388,0.381612569721272,0.639040425730974
0.430590278923375,0.38525119625015,0.639015984230973
0.42827687608309,0.388725073213256,0.639008995274061
0.425869174517301,0.392026638749429,0.639020680812469
0.423380528277375,0.395147677499759,0.639051814874389
0.420825590716474,0.398079502176726,0.639102631839843
0.418220217611465,0.400813239921044,0.639172762387596
0.415581333797103,0.403340161317388,0.639261199659218
0.412926773490465,0.405651991543283,0.639366292902334
0.410275097080001,0.407741154536476,0.639485762613303
0.407645379090244,0.409600917737073,0.639616730410948
0.405056956208029,0.411225422912675,0.639755758232119
0.402529123092653,0.412609606208562,0.639898894341719
0.400080768470115,0.413749025819165,0.640041726999705
0.397729954565502,0.414639628259564,0.640179449505962
0.395493457221713,0.415277492445881,0.640306941779692
0.393386298472203,0.415658593098244,0.640418873048469
0.391421313415558,0.415778620748335,0.640509827694364
0.389608795348619,0.415632884617435,0.640574452362763
0.387956255728922,0.415216309604385,0.640607618304273
0.386468320318318,0.414523522506493,0.640604589684126
0.385146763787111,0.413549009617824,0.640561187199894
0.383990667041693,0.412287320623408,0.64047393702535
0.382996668588037,0.410733292679301,0.64034019738659
0.382159275134378,0.408882272917131,0.640158258241189
0.381471197026776,0.406730324989788,0.639927412697788
0.380923679155853,0.404274413403869,0.639648001352483
0.380506805371097,0.401512566564805,0.6393214323189
0.380209762317152,0.398444024374972,0.638950180278292
0.380021055765264,0.395069378719036,0.638537767545538
0.379928678151095,0.391390715360242,0.638088729179914
0.379920231380108,0.387411763533723,0.637608562708133
0.379983012160305,0.383138056334344,0.637103661633027
0.380104070914955,0.378577100156985,0.636581230549167
0.380270258597707,0.373738546282471,0.636049178866201
0.380468278461692,0.368634352341596,0.635515990025334
0.3806847627668,0.363278916313201,0.634990563832794
0.380906396173259,0.357689160998881,0.63448203118964
0.381120107709879,0.35188454367645,0.633999543131013
0.381313350238311,0.345886964477462,0.633552039514689
0.381474478433074,0.339720549760673,0.633148006673146
0.381593221562321,0.333411295118666,0.632795237313009
0.381661224664063,0.326986568112812,0.632500609073465
0.381672602257762,0.320474493461249,0.63226989937659
0.381624417928492,0.313903270703485,0.63210765246456
0.381516981865469,0.30730050080238,0.63201710921028
0.38135386169577,0.300692615416841,0.63200020166551
0.381141542539081,0.294104500932486,0.632057603777035
0.380888750295883,0.287559381114555,0.632188819848648
0.380605546818403,0.281078967378268,0.632392286487406
0.380302378229541,0.274683816516297,0.632665464845195
0.379989271608815,0.268393775950456,0.633004908712271
0.379675320015246,0.26222837072746,0.633406307913507
0.379368495867369,0.256207005912903,0.633864520345346
0.379075732224803,0.250348914125851,0.634373614575837
0.378803148110718,0.244672848469245,0.634926945319711
0.378556282052917,0.239196584046332,0.635517276628539
0.37834022907141,0.233936333431664,0.636136955000881
0.378159630991311,0.228906199897698,0.636778120324119
0.378018528322218,0.224117788266368,0.637432930085354
0.3779201288836,0.219580068243723,0.638093764838004
0.377866574144631,0.21529953987392,0.638753383156962
0.377858784558962,0.211280690190388,0.639405003405355
0.37789644138887,0.207526665714554,0.640042306142972
0.37797812310496,0.204040036221074,0.640659370177779
0.378101572458251,0.200823507444225,0.64125057086898
0.378264039704082,0.197880461673545,0.641810475898663
0.378462636195965,0.195215255742921,0.642333769960985
0.378694640699685,0.192833266868236,0.642815228215611
0.378957721192452,0.190740727358608,0.643249744081157
0.379250058456269,0.188944417755026,0.6436324047145
0.379570377253371,0.187451293390534,0.643958599965735
0.379917902866084,0.186268107472085,0.644224148171415
0.380292265524147,0.185401074166044,0.644425423469424
0.380693374626968,0.184855594889191,0.644559472732342
0.381121281090929,0.184636054531724,0.64462411421466
0.381576041545348,0.184745683018056,0.644618013676405
0.382057593805617,0.185186471691215,0.644540736508204
0.382565649638018,0.185959131717423,0.644392776291806
0.383099608556286,0.187063082088121,0.644175561320766
0.38365849520721,0.188496456778882,0.643891441060044
0.384240922627177,0.190256123494876,0.643543654524702
0.38484508400694,0.192337709593964,0.643136282311101
0.38546877630249,0.194735634273118,0.64267418360451
0.386109459659232,0.197443149330303,0.642162919149443
0.38676435676056,0.200452393831491,0.641608660980249
0.387430595338327,0.203754470245248,0.641018089857159
0.388105394673504,0.207339551112001,0.640398281848363
0.388786292419832,0.211197025350798,0.639756586461819
0.389471401128072,0.215315690026621,0.639100500369291
0.390159674656739,0.219683986084264,0.638437542880142
0.390851154301305,0.224290263348004,0.637775141716129
0.391547155420495,0.229123042584064,0.637120539323264
0.392250351336135,0.234171223038286,0.636480729878576
0.392964716818156,0.239424170232051,0.635862433825278
0.393695311826367,0.244871620074005,0.635272109488253
0.394447916723502,0.250503359802711,0.634715990840248
0.395228565959967,0.256308694836937,0.634200129748176
0.396043055522305,0.262275772565605,0.633730414563277
0.396896506637435,0.268390888635287,0.633312538862358
0.39779304764654,0.274637927076989,0.632951905656541
0.398735633366312,0.280998072838206,0.632653470416973
0.399725973150309,0.287449889964663,0.632421544959861
0.400764504688266,0.293969797659321,0.632259597700751
0.401850343412372,0.300532914326136,0.632170090600153
0.402981159778683,0.307114182108327,0.632154388505053
0.404152981550904,0.313689629535591,0.632212763399458
0.405359972301142,0.320237578511491,0.632344495925342
0.406594283598893,0.326739566694978,0.632548052365485
0.407846097795706,0.333180763129515,0.632821292584596
0.409103954235941,0.339549729910419,0.633161651315791
0.410355379833781,0.345837529213608,0.633566239401387
0.411587744317066,0.352036355349358,0.634031835272915
0.412789173174755,0.358138013944292,0.634554772853963
0.413949321790384,0.364132607804456,0.635130765763735
0.415059858970322,0.370007704454839,0.635754725614498
0.416114602948822,0.375748097865872,0.636420629217188
0.417109350914896,0.381336111221406,0.63712147063445
0.418041505345064,0.386752277218374,0.63784930933059
0.418909615224577,0.391976196656493,0.638595404344084
0.419712929106703,0.396987399712876,0.639350411190139
0.420451020333315,0.401766089064513,0.640104613718609
0.421123509132306,0.40629370348373,0.640848165257849
0.421729880486094,0.410553289665396,0.641571319333874
0.422269382114604,0.414529702262018,0.64226463734109
0.422740981697864,0.418209668772736,0.64291916709863
0.423143363178857,0.421581760257867,0.64352659118998
0.423474945794938,0.424636305685448,0.644079347181804
0.423733914245445,0.42736528065717,0.644570723387906
0.423918252862595,0.429762192980866,0.644994934164272
0.424025780156035,0.431821979405294,0.645347178148715
0.424054182558175,0.433540921173473,0.645623681916274
0.424001047530709,0.434916580501768,0.645821730352309
0.423863896625821,0.435947756000388,0.645939683960849
0.423640218807734,0.436634452195801,0.645976982464075
0.423327503566912,0.43697785676103,0.645934133570122
0.422923272215503,0.436980318224886,0.645812685633552
0.422425104531093,0.436645317335241,0.645615183281793
0.421830656787027,0.435977426581587,0.645345105844099
0.421137666478566,0.434982254869462,0.645006789599476
0.420343939055469,0.433666377916109,0.644605336334701
0.419447313115859,0.432037259556304,0.644146512315143
0.418445603212909,0.43010317447466,0.643636643260712
0.417336523936768,0.42787314797397,0.643082511885626
0.416117605275544,0.42535693214162,0.642491264617177
0.414786116914573,0.422565038491988,0.641870332845833
0.41333902697153,0.419508843498287,0.641227371320162
0.411773026813684,0.416200774247082,0.640570212179843
0.410084655729731,0.412654566690151,0.639906828149048
0.408270555139266,0.408885570611821,0.639245293652581
0.406327870336633,0.40491105672199,0.638593729323983
0.404254798691126,0.400750466455272,0.637960214753888
0.402051258878564,0.396425537982184,0.63735265711651
0.399719629819795,0.391960245644137,0.636778609605391
0.397265484845102,0.387380504628501,0.636245042569955
0.394698229996049,0.382713616651327,0.635758080506818
0.392031547826637,0.377987462750549,0.635322727971261
0.389283550793678,0.373229482996439,0.634942615460865
0.386476562003147,0.368465517374979,0.634619801019246
0.383636466996158,0.3637186145522,0.634354663500729
0.380791620999468,0.359007942259179,0.63414591802014
0.377971354999973,0.354347948864127,0.633990772038356
0.375204202814428,0.349747921577405,0.633885221170825
0.372516064050611,0.34521205295102,0.633824457961751
0.369928603649432,0.340740056681443,0.63380333823024
0.367458227685707,0.336328269118625,0.633816826140263
0.36511591780973,0.331971054874994,0.633860332432552
0.362908025497242,0.327662242648929,0.633929880407125
0.360837855921354,0.323396295830528,0.634022081548329
0.358907616248808,0.319168995533674,0.634133961788746
0.357120191384672,0.314977561154636,0.634262724552274
0.355480301329291,0.310820295040854,0.6344055473105
0.353994834550709,0.306695947985859,0.634559482756006
0.352672416728131,0.302603028905605,0.634721490380006
0.351522455767775,0.29853923725348,0.634888581006176
0.350553963682782,0.294501118009004,0.635058029980541
0.349774418095144,0.290483962995791,0.635227607206026
0.349188839705513,0.286481929476807,0.635395779290505
0.348799169547162,0.282488321517501,0.635561853586963
0.348603955158123,0.278495975592748,0.635726049790774
0.348598305828291,0.274497700379224,0.635889498222544
0.34877405265538,0.270486733891377,0.636054173179402
0.349120044225811,0.266457193976075,0.636222774507959
0.349622517732922,0.262404508068992,0.636398571472134
0.350265502696624,0.258325814065638,0.636585221270982
0.351031234834763,0.254220326169319,0.636786571658815
0.351900575980887,0.25008965820422,0.637006454434919
0.352853448392546,0.245938093250514,0.637248475074318
0.353869296051829,0.241772784124742,0.637515803853907
0.354927581382141,0.237603865969555,0.637810975250161
0.356008315182528,0.233444461808521,0.638135704377328
0.357092603637245,0.229310565460424,0.63849073087636
0.358163183030795,0.225220794081497,0.638875701065088
0.359204903761133,0.221196014031724,0.639289097816074
0.360205122739893,0.217258856772965,0.63972822454398
0.361153968603835,0.213433154153722,0.640189245193672
0.362044456026865,0.209743331640109,0.64066727714028
0.362872441965144,0.206213802525007,0.641156529227183
0.363636434313465,0.202868404604353,0.641650473683444
0.364337278983291,0.199729913797162,0.642142038866749
0.364977762265232,0.196819658334655,0.642623809770913
0.365562170275853,0.194157244812445,0.643088224718756
0.366095846358087,0.191760395416847,0.643527759190991
0.366584781931856,0.189644886021952,0.643935090663885
0.367035268263107,0.187824568395824,0.644303241147739
0.367453627610556,0.186311456306564,0.644625696546483
0.367846033432148,0.185115854428716,0.644896503845754
0.368218421280966,0.184246509809746,0.645110348498962
0.36857648464218,0.183710767490554,0.645262615309129
0.3689257429949,0.183514714128761,0.645349436692565
0.369271662792553,0.183663296106384,0.64536773244868
0.369619806245168,0.184160401533832,0.645315245034741
0.369975978831667,0.185008899112063,0.645190573727032
0.370346345783684,0.186210630967314,0.644993209886846
0.370737491721242,0.187766361482118,0.644723573778577
0.371156406511956,0.18967568896399,0.644383051267162
0.371610393237197,0.191936931330283,0.64397402651884
0.372106908155108,0.194546999980098,0.643499905033239
0.372653354096742,0.197501276971104,0.642965120447486
0.373256854674116,0.200793509696301,0.642375118803815
0.373924035637297,0.204415734960275,0.641736315350155
0.374660832741766,0.208358241401647,0.641056021168013
0.375472335549216,0.212609576055997,0.640342339582947
0.376362667404939,0.217156598098955,0.639604034880685
0.377334896059958,0.221984579776985,0.6388503781092
0.378390968064998,0.227077351110936,0.638090976447327
0.379531662329877,0.232417481095075,0.637335593651308
0.380756562135586,0.237986484211649,0.636593969389464
0.382064048290177,0.243765038107398,0.635875644794155
0.383451317539923,0.249733197242848,0.635189800354308
0.384914429597622,0.255870589013071,0.63454511048941
0.38644838281931,0.262156581885909,0.633949617348315
0.388047215741615,0.26857042121079,0.633410624392348
0.389704128089078,0.27509133297434,0.63293460913141
0.391411613322864,0.281698600536273,0.632527153552174
0.393161594589037,0.288371622026591,0.632192890599123
0.394945557146616,0.295089956911654,0.631935465296716
0.396754672457747,0.301833369437508,0.631757509547195
0.398579911496847,0.308581874760951,0.631660630110846
0.400412146971379,0.315315791158301,0.631645409634549
0.402242245721264,0.322015799328527,0.63171142075813
0.404061153433877,0.328663007779793,0.631857253286042
0.40585997402465,0.335239021820827,0.632080554191377
0.407630045706071,0.341726012815276,0.632378079871684
0.409363015079272,0.348106784049707,0.632745759665813
0.411050909722172,0.354364829753927,0.633178769230933
0.412686208848533,0.360484384349554,0.633671612021107
0.414261910804224,0.366450459778971,0.634218206844272
0.415771595565684,0.372248869710117,0.634811979333962
0.417209480059819,0.377866240381167,0.635445955166053
0.418570464063541,0.383290008707597,0.636112852969999
0.419850164752547,0.388508409077648,0.636805175127444
0.421044938470512,0.393510450583055,0.637515294942539
0.422151889169627,0.39828588673859,0.638235539030429
0.423168863921029,0.402825179608754,0.63895826411442
0.424094436779366,0.407119459780288,0.639675927708597
0.424927883043573,0.411160483252607,0.64038115242889
0.425669146168761,0.414940585841614,0.641066783867043
