0
0.01
0.02
0.03
0.04
0.05
0.06
0.07
0.08
0.09
0.1
0.11
0.12
0.129999997766976
0.140000025522519
0.150000118639887
0.160000251714446
0.170000334970267
0.18000029549665
0.190000143575262
0.199999934921421
0.209999692328172
0.21999942856275
0.22999925504498
0.23999939630875
0.250000035105283
0.260001171738682
0.2700026831928
0.280004482062045
0.290006519625687
0.300008609725556
0.310010331745556
0.320011195472138
0.330010957476672
0.340009820355446
0.350008365589138
0.360007244903197
0.370006804797361
0.380006897142836
0.390007017134921
0.400006661713416
0.410005631472246
0.42000405986919
0.430002204118657
0.440000220827454
0.449998121279474
0.459995891401105
0.469993602761329
0.479991388501074
0.489989326761489
0.499987374499916
0.509985421676998
0.519983400408905
0.529981334933413
0.539979296716123
0.549977330421881
0.559975432229022
0.569973590622652
0.579971830078214
0.589970202606101
0.599968732772992
0.609967372840295
0.619966015159937
0.629964558231108
0.639962972182428
0.649961307748734
0.65995964048898
0.669958002546341
0.679956372590373
0.689954732465082
0.699953116771568
0.7099515803722
0.719950111797592
0.729948610027381
0.739946973036187
0.749945192069594
0.759943324115118
0.769941390086945
0.779939356933491
0.78993723454858
0.799935150685586
0.809933299988974
0.819931826961007
0.829930754721389
0.839929999312333
0.849929426444846
0.859928901037163
0.869928312190379
0.879927582901607
0.889926675989807
0.899925598568347
0.909924398555513
0.919923145818071
0.929921900001193
0.939920675739473
0.949919423461613
0.95991803881997
0.969916399493685
0.979914413138588
0.989912052855769
0.99990936152894
1.00990642414194
1.0199033265159
1.02990012507276
1.03989684212993
1.04989348466242
1.05989006937038
1.06988663675604
1.07988324546243
1.08987995138865
1.09987678401043
1.10987373546002
1.11987077219138
1.12986786681101
1.13986503012585
1.14986231917028
1.15985981041516
1.16985755195787
1.17985552637663
1.18985365167087
1.19985182530372
1.20984998762083
1.21984816473667
1.22984645885803
1.23984498495073
1.24984379206653
1.25984282537631
1.26984196272229
1.27984110351565
1.28984023915719
1.29983943826381
1.3098387507008
1.31983811842949
1.32983738541554
1.33983641387253
1.3498352033946
1.35983390029894
1.36983268663017
1.37983164562157
1.38983071081792
1.39982972283979
1.40982853388893
1.41982707796163
1.42982536722629
1.43982343565898
1.44982128508503
1.45981887533536
1.46981615891852
1.47981312426883
1.48980980917493
1.49980627488436
1.50980256642032
1.51979869532782
1.5297946588987
1.53979047699316
1.54978621114419
1.55978194531376
1.56977774365517
1.57977362192525
1.58976955754647
1.59976553013994
1.6097615566471
1.61975769219829
1.62975399669248
1.63975049541072
1.64974716390152
1.65974394848987
1.66974080726089
1.67973774294791
1.68973480564505
1.69973206379725
1.70972956101106
1.71972728304241
1.72972515248904
1.73972305257394
1.74972086782074
1.75971852438739
1.76971601429513
1.77971339598641
1.78971077137738
1.79970824596385
1.80970588542286
1.81970368802818
1.82970158985806
1.83969950689428
1.84969739262651
1.85969526726027
1.86969318681607
1.87969117125903
1.88968916309479
1.89968706962308
1.90968485016762
1.91968255174579
1.92968025300618
1.93967798481743
1.94967571565592
1.95967340444828
1.96967104701826
1.97966866360287
1.98966625409157
1.9996637834654
2.0096612172855
2.01965856077216
2.02965585179362
2.03965311898904
2.04965035868471
2.05964755476859
2.06964470927894
2.07964184065682
2.08963895421741
2.09963602600451
2.1096330217365
2.1196299310346
2.12962678169077
2.13962362414381
2.14962050904233
2.15961748157203
2.16961459126699
2.17961189499992
2.18960943816596
2.19960722693226
2.20960522056987
2.2196033594559
2.22960160810815
2.23959997499085
2.24959848865248
2.25959714779903
2.26959588184185
2.27959454411072
2.28959293403787
2.29959083339867
2.30958805350213
2.31958449856966
2.32958023369615
2.33957552156428
2.34957077826602
2.35956642640233
2.36956270320333
2.37955954699067
2.38955667191661
2.39955380199246
2.40955086506094
2.4195479526433
2.42954510988496
2.43954222886371
2.44953917037477
2.45953592311214
2.46953258518278
2.4795292169701
2.4895257736328
2.49952218153505
2.50951843248859
2.51951458300572
2.52951068387505
2.53950673995379
2.54950273908499
2.55949870204593
2.56949469019906
2.5794907645247
2.58948694406297
2.59948320701711
2.60947952811024
2.61947590802495
2.62947236685341
2.63946891602007
2.64946554406809
2.65946223239481
2.66945897907133
2.67945580243329
2.68945272022164
2.69944972846908
2.70944680273371
2.7194439203032
2.72944108032647
2.73943830251222
2.74943560758252
2.75943299966656
2.76943046537262
2.77942798749595
2.7894255558564
2.79942316143582
2.80942077823139
2.81941835000472
2.82941579740398
2.83941304276304
2.84941003382092
2.85940675004377
2.86940319506075
2.87939939171147
2.88939539134459
2.89939128449604
2.90938718897492
2.91938320269967
2.92937933576231
2.93937546319181
2.94937134367887
2.95936671356708
2.9693614106794
2.97935544411468
2.98934895023715
2.99934206258503
3.00933481090803
3.01932714059022
3.02931901956603
3.03931050762322
3.04930171648142
3.05929271785425
3.06928350743512
3.07927405822657
3.08926439814267
3.09925463217435
3.10924489771837
3.11923530722942
3.12922592897878
3.13921680790122
3.14920798937153
3.15919951637519
3.16919140430533
3.17918362198194
3.18917610008544
3.19916876191379
3.20916155213355
3.21915444226596
3.2291474129515
3.23914043170372
3.24913344634139
3.25912639877589
3.26911924818318
3.27911198562961
3.28910463294114
3.29909723283146
3.30908984209082
3.31908253256424
3.32907539256913
3.33906851724392
3.34906198658093
3.35905584247553
3.36905008083216
3.37904466484704
3.38903955087728
3.39903471030205
3.40903013606392
3.41902583379486
3.4290218066386
3.43901804361912
3.44901451653536
3.45901118325961
3.46900799218267
3.4790048850367
3.48900179695636
3.49899865791018
3.50899539936677
3.5189919684381
3.52898834547132
3.53898455639291
3.54898066906751
3.55897676817928
3.56897291554088
3.57896911377258
3.58896529543027
3.59896134803175
3.60895716511313
3.61895269432094
3.62894795265896
3.63894299884815
3.64893788276705
3.65893261103513
3.66892715510739
3.67892149292506
3.68891564461066
3.69890966484165
3.70890359419534
3.71889741218889
3.72889104167105
3.73888441308518
3.74887753716515
3.75887051235818
3.76886344588323
3.77885636272859
3.78884920480862
3.79884192940067
3.80883458384432
3.818827247615
3.82881991057697
3.83881246430191
3.84880483874265
3.85879710533497
3.86878940762077
3.87878183090919
3.88877439646665
3.89876716199176
3.90876025490661
3.91875377974687
3.92874772381738
3.93874197407619
3.94873641418963
3.95873099628376
3.96872573372166
3.97872065242903
3.9887157610263
3.99871106080105
4.00870657354015
4.01870235364356
4.02869847056056
4.03869497215864
4.04869185143721
4.05868903453393
4.06868639527189
4.0786837909699
4.08868110435982
4.09867827750433
4.10867532440327
4.11867231729401
4.12866935013631
4.13866649275533
4.14866375551842
4.15866108118254
4.16865836820587
4.17865551406795
4.18865245470141
4.19864917899383
4.20864571150913
4.21864207734949
4.22863827352937
4.23863426497678
4.24863000398217
4.25862545301887
4.26862058906221
4.2786153877518
4.28860980922392
4.29860381241378
4.30859740000059
4.31859065605732
4.32858373025747
4.33857676610573
4.34856983347604
4.35856293291366
4.36855606605217
4.37854928637905
4.38854266893629
4.39853623799162
4.40852994575496
4.41852373428144
4.42851761430047
4.43851167876846
4.44850604322086
4.45850077428148
4.46849586691652
4.4784912732622
4.4884869398923
4.49848281618205
4.50847883363763
4.51847488630147
4.5284708393881
4.53846656629677
4.54846198906749
4.55845709439889
4.56845191316766
4.57844647611707
4.58844077246023
4.59843473475542
4.6084282578209
4.61842123771947
4.62841360708987
4.63840534807624
4.64839648140885
4.65838704876487
4.66837710808973
4.6783667458006
4.68835608851712
4.69834528975278
4.70833448769848
4.71832376503828
4.72831314718764
4.73830264152292
4.74829227984366
4.75828212701747
4.76827225108319
4.77826268382334
4.78825340183238
4.79824433750028
4.80823541014716
4.81822655952187
4.82821776842136
4.8382090685884
4.84820052985529
4.85819223608084
4.86818425383481
4.87817660370542
4.88816924549136
4.89816208587948
4.90815500885812
4.91814791713459
4.9281407645749
4.93813356338619
4.94812636280139
4.95811921140689
4.9681121258125
4.97810508341759
4.98809804138467
4.99809096548473
5.00808384752347
5.01807669940539
5.02806953264159
5.03806234425326
5.0480551241912
5.05804787771913
5.06804063930333
5.07803345960613
5.08802636989297
5.09801935260719
5.10801234568723
5.11800528030238
5.12799812042199
5.13799086957929
5.1479835432122
5.15797614100283
5.16796865212083
5.17796108735659
5.18795349805163
5.19794595469897
5.2079385013844
5.21793112756005
5.22792377821685
5.23791638446458
5.24790888377079
5.25790122142586
5.26789335347292
5.27788527186336
5.28787704079899
5.29786880534247
5.30786074098604
5.31785296967951
5.32784551261676
5.33783832488956
5.34783137028047
5.35782464359275
5.36781810906148
5.37781162855474
5.38780496781103
5.39779788094361
5.4077902056824
5.41778190925773
5.42777308670233
5.43776393830777
5.44775473593102
5.45774576921684
5.46773726593087
5.47772931073638
5.48772180986684
5.49771453690845
5.50770724939591
5.5176998110472
5.52769224129851
5.53768465980826
5.54767717294182
5.55766979340255
5.56766245109135
5.57765507126486
5.58764764132199
5.59764020927688
5.60763282470435
5.6176254852367
5.62761813701221
5.63761072607574
5.6476032515609
5.65759577312168
5.66758836974118
5.67758108700478
5.68757391736782
5.69756682357461
5.70755977783529
5.71755277881171
5.72754583441386
5.7375389338515
5.74753204052743
5.75752511506211
5.76751814641488
5.77751116073461
5.78750419825452
5.79749727723407
5.80749037452639
5.81748343662386
5.82747640926669
5.83746926132718
5.84746198747539
5.85745459539497
5.86744709630684
5.87743951101219
5.88743188556564
5.89742429546249
5.90741682158725
5.91740950588683
5.92740231734547
5.93739515778374
5.94738790878112
5.95738048593579
5.96737285776184
5.97736501637199
5.98735693273108
5.99734855081419
6.00733984374268
6.01733089702997
6.02732194569194
6.03731331813252
6.04730530879399
6.05729805606158
6.06729149846713
6.07728542944344
6.08727961289987
6.09727389121205
6.10726822355956
6.11726263944711
6.1272571509016
6.13725169522665
6.14724616121995
6.15724047333981
6.16723465254787
6.17722879087374
6.18722295915659
6.19721713734073
6.2072112303268
6.21720514557253
6.22719885097235
6.23719236079872
6.24718567728828
6.25717876013889
6.2671715618359
6.27716408905314
6.28715641798152
6.29714864443934
6.3071408252216
6.31713297528884
6.32712511264167
6.33711728756138
6.3471095593413
6.35710195547718
6.3670944644741
6.37708706698109
6.38707975983155
6.39707254411351
6.40706539673099
6.4170582639646
6.42705108865112
6.43704384584053
6.44703655516689
6.45702926621244
6.46702203650183
6.4770149207884
6.48700797101008
6.49700123083162
6.50699471923708
6.5169884140709
6.52698225250559
6.53697615218386
6.54697003825427
6.55696385940087
6.56695758670584
6.57695120428306
6.58694470448521
6.59693809359197
6.60693140309389
6.61692469512349
6.62691805320599
6.63691155717862
6.64690525118064
6.65689911785294
6.66689307223778
6.67688698102213
6.68688070167465
6.69687412509159
6.70686720051186
6.71685992954014
6.72685233183662
6.73684440258441
6.74683608905949
6.75682730391765
6.7668179683967
6.77680805638324
6.78679760670172
6.79678669411723
6.80677538418556
6.81676371560678
6.82675173154882
6.83673953402229
6.84672730698159
6.85671527715542
6.86670364108513
6.87669251768681
6.88668195904514
6.89667199571577
6.9066626668227
6.91665401166566
6.92664603844027
6.93663870325911
6.94663191947807
6.95662558814959
6.96661962707523
6.97661397955144
6.98660860135459
6.99660344005809
7.00659842419143
7.01659347061251
7.02658850513774
7.03658348068643
7.04657837832725
7.05657318967072
7.06656789344568
7.07656244525019
7.08655679036192
7.09655089087369
7.10654474482309
7.11653838164329
7.12653183847906
7.13652514128345
7.14651830890879
7.15651137575175
7.16650440658585
7.17649748576318
7.18649068905316
7.19648406452411
7.20647763885172
7.21647144028272
7.22646551338087
7.23645991438816
7.24645469453465
7.25644988875013
7.26644551929856
7.27644160777396
7.28643818182838
7.29643526961011
7.30643288407277
7.31643100768556
7.32642958592516
7.33642853094377
7.3464277317637
7.35642706544263
7.36642640524371
7.37642562714404
7.38642461706168
7.39642328004177
7.40642155028217
7.41641939697807
7.426416821535
7.43641384382528
7.44641048133806
7.45640673061157
7.46640256140193
7.47639792977822
7.48639280583852
7.49638720164235
7.50638118083339
7.51637484023612
7.52636827126864
7.53636152500408
7.54635460612758
7.55634750219254
7.56634022606338
7.57633283338481
7.58632539439902
7.59631794103999
7.60631044188722
7.6163028422807
7.62629514452082
7.63628744563995
7.64627987236222
7.65627246406963
7.66626514577175
7.67625785220984
7.68625065497449
7.69624368944456
7.70623695753019
7.71623031207538
7.72622367068126
7.73621712943234
7.74621081173954
7.7562047014088
7.7661986716953
7.77619261657342
7.78618651627532
7.79618040436471
7.80617430888613
7.81616822558921
7.8261621331108
7.8361560240507
7.84614992414939
7.85614388842306
7.8661379779773
7.8761322314591
7.88612664617971
7.89612117717839
7.90611575370605
7.91611030469805
7.92610478150898
7.93609916911932
7.94609348284829
7.95608775531045
7.96608202186368
7.9760763120974
7.98607064987487
7.99606505797417
8.00605956025499
8.01605417624342
8.02604890966269
8.03604373800474
8.04603861137361
8.05603346431912
8.06602823527341
8.07602288219107
8.0860173838616
8.09601172636457
8.10600588658856
8.11599983036429
8.1259935333423
8.1359870112722
8.14598033164565
8.15597358498634
8.16596682712792
8.1759600359825
8.1859531291056
8.19594604278885
8.20593881105189
8.215931560943
8.22592440807012
8.23591735182458
8.2459103122481
8.25590331238349
8.2658965832924
8.27589036633668
8.28588458862072
8.29587892971789
8.30587330886402
8.31586802171506
8.32586323748459
8.33585871302569
8.34585411584035
8.35584935447749
8.36584456069004
8.37583990814389
8.3858354786093
8.39583123130983
8.40582704582868
8.41582279050181
8.42581837873245
8.43581379152594
8.44580906579229
8.4558042626948
8.4657994345277
8.47579460698189
8.48578978087781
8.49578494680627
8.50578009912944
8.51577524021157
8.52577037395637
8.53576549596811
8.54576058945906
8.55575563228967
8.56575061199847
8.57574553966096
8.58574045284562
8.59573540309528
8.60573043175309
8.61572554587984
8.62572070811846
8.63571584876621
8.64571089737012
8.65570581896265
8.66570063411167
8.67569540834592
8.68569021375019
8.6956850854278
8.70568000204332
8.71567490717964
8.72566975844849
8.73566456680434
8.74565938817673
8.75565426376564
8.76564915261224
8.77564392105904
8.7856384220589
8.7956326195592
8.805626649737
8.81562073503329
8.82561500690139
8.83560942811148
8.84560394127605
8.85559868452482
8.86559394763334
8.87558985800039
8.88558619441962
8.89558257518734
8.90557877523424
8.91557482218372
8.92557085808605
8.93556697408298
8.94556316086014
8.95555936296882
8.96555554889251
8.97555173378673
8.98554795051077
8.99554420414018
9.00554044875144
9.01553660243626
9.02553258634133
9.03552836167121
9.04552394285868
9.05551938189592
9.06551473663525
9.07551004160734
9.08550529607954
9.09550047255493
9.10549553690851
9.11549046852133
9.12548527138648
9.13547997521184
9.14547463212179
9.15546931372631
9.16546410886694
9.17545911539201
9.18545441851965
9.19545005800578
9.20544599948516
9.21544213320448
9.22543831272395
9.23543442103049
9.24543042969637
9.25542641484698
9.26542251610566
9.27541885792937
9.28541547610931
9.29541229202453
9.30540915264319
9.31540591666458
9.32540253818578
9.33539909544722
9.34539573992324
9.35539258786534
9.36538962158582
9.37538667573036
9.3853835389788
9.39538011723274
9.40537653374377
9.415373060243
9.42536990300594
9.43536701564936
9.44536412397564
9.45536096415139
9.46535751240791
9.47535396885898
9.48535050770653
9.49534707090811
9.50534343807484
9.51533948656921
9.52533533009641
9.53533117526599
9.54532708286551
9.55532292215699
9.5653185511603
9.57531398804031
9.58530937924104
9.5953048336757
9.60530033523665
9.61529582300818
9.62529132018488
9.63528695419148
9.64528285159198
9.65527902982618
9.66527539494643
9.67527183223821
9.68526829357228
9.69526480864226
9.705261430487
9.71525817490261
9.72525500341681
9.7352518539572
9.74524868691938
9.75524550973769
9.76524236573181
9.77523929754424
9.78523631114877
9.79523336132235
9.80523036688034
9.81522724686374
9.82522395860773
9.83522051858666
9.84521699571141
9.85521347924047
9.86521003613229
9.87520667974117
9.88520336723959
9.89520002981993
9.90519661806159
9.9151931322395
9.92518961109453
9.93518608503273
9.94518253345608
9.95517889143078
9.9651751071725
9.97517119709609
9.98516723893793
9.99516330534391
10.0051594056041
10.0151554926945
10.0251515205395
10.0351474839511
10.0451434019045
10.0551392737015
10.0651350682812
10.0751307625119
10.0851263799418
10.0951219758616
10.1051175831583
10.115113187488
10.1251087626571
10.1351043137014
10.1450998665341
10.1550954225033
10.1650909533161
10.1750864507115
10.1850819627218
10.1950775672617
10.205073327839
10.2150692935316
10.2250655315128
10.235062127908
10.2450591453914
10.2550565897033
10.2650544255998
10.2750526173632
10.2850511452423
10.2950499888078
10.3050491064338
10.3150484406007
10.325047943754
10.3350475961241
10.3450473971578
10.3550473360768
10.3650473638922
10.3750473857173
10.385047275249
10.3950468975337
10.4050461272994
10.415044856974
10.4250430017692
10.4350405114073
10.4450373869715
10.4550336899977
10.4650295306531
10.4750250329143
10.485020299473
10.4950153986043
10.5050103766291
10.5150052756425
10.5250001357694
10.5349949832037
10.544989819941
10.5549846273332
10.56497938079
10.5749740623526
10.5849686634803
10.5949631825433
10.6049576232856
10.6149519986975
10.6249463355948
10.634940674053
10.6449350588145
10.6549295268692
10.6649240979146
10.6749187728861
10.6849135394612
10.6949083800609
10.7049032775237
10.7148982173374
10.7248931877562
10.7348881803231
10.7448831913501
10.754878223339
10.7648732845609
10.7748683854757
10.7848635335454
10.7948587278794
10.8048539563161
10.8148491954828
10.8248444138944
10.8348395768845
10.8448346521833
10.8548296147334
10.8648244501672
10.8748191558918
10.8848137394713
10.8948082147036
10.9048025964076
10.9147968954056
10.9247911150958
10.9347852505675
10.9447792903043
10.9547732188383
10.9647670202107
10.9747606821995
10.9847542015322
10.9947475903667
11.0047408829999
11.0147341385515
11.0247274374806
11.0347208683094
11.044714506894
11.0547083951706
11.0647025280391
11.0746968579982
11.084691318143
11.0946858541211
11.1046804469419
11.1146751073557
11.1246698372926
11.134664588456
11.1446592743256
11.1546538540007
11.164648395767
11.1746430126588
11.1846377463298
11.1946325699457
11.2046274821298
11.214622534732
11.2246177751567
11.2346131956121
11.2446087400602
11.2546043447954
11.2645999674654
11.2745955885256
11.2845911976669
11.2945867843195
11.3045823385149
11.3145778580083
11.3245733522075
11.3345688391163
11.344564337296
11.3545598574858
11.3645553985042
11.3745509488538
11.3845464915167
11.3945420093818
11.4045374888393
11.4145329214028
11.4245283043116
11.4345236409869
11.4445189416791
11.454514223368
11.4645095081425
11.4745048194543
11.4845001775277
11.4944955953424
11.5044910770001
11.5144866191798
11.5244822148244
11.5344778571938
11.5444735422984
11.5544692690677
11.5644650375375
11.5744608465797
11.5844566926727
11.5944525699367
11.6044484707607
11.6144443857309
11.6244403026967
11.6344362059237
11.6444320768964
11.6544278974045
11.6644236541995
11.6744193425043
11.68441496592
11.6944105322895
11.704406047864
11.7144015132094
11.724396924172
11.7343922778335
11.7443875811054
11.7543828567325
11.7643781412557
11.7743734741335
11.7843688818735
11.7943643647122
11.8043598971828
11.8143554471987
11.8243510126455
11.8343466587623
11.8443425278441
11.8543387852181
11.8643354880864
11.8743324699533
11.884329463199
11.8943263731995
11.9043232977758
11.9143203494424
11.9243175489623
11.9343148347633
11.9443121175113
11.9543093264716
11.9643064298261
11.9743034312881
11.9843003539167
11.9942972242252
12.0042940626035
12.0142908828545
12.0242876956468
12.0342845126112
12.0442813473849
12.054278212957
12.064275117717
12.074272062445
12.084269040465
12.0942660405281
12.1042630506758
12.1142600610562
12.1242570640546
12.134254051792
12.1442510130287
12.1542479318577
12.164244789703
12.1742415707485
12.1842382686368
12.1942348912115
12.2042314603213
12.2142280061438
12.2242245581213
12.234221136397
12.2442177473913
12.2542143853679
12.2642110387353
12.2742076976138
12.2842043588329
12.2942010261892
12.3041977067241
12.3141944058118
12.3241911244717
12.3341878608056
12.3441846143626
12.3541813905155
12.3641782011062
12.3741750597845
12.3841719743299
12.394168940028
12.4041659388766
12.4141629463526
12.4241599425214
12.4341569212078
12.4441538909058
12.4541508648631
12.4641478462719
12.4741448200264
12.4841417619635
12.4941386641452
12.5041355598066
12.5141325174562
12.5241295940092
12.5341267821062
12.5441240236301
12.5541212975948
12.5641186557156
12.5741161417743
12.5841137133112
12.5941112542156
12.6041086349943
12.6141057550097
12.6241025494281
12.6340989832155
12.6440950478843
12.6540907676481
12.6640862049932
12.6740814560901
12.6840766311095
12.6940718251318
12.7040670933201
12.7140624410876
12.7240578340927
12.7340532222942
12.7440485653884
12.7540438490855
12.7640390876304
12.7740343155962
12.7840295760405
12.7940249109091
12.8040203564785
12.8140159418907
12.8240116876839
12.8340076032185
12.8440036835114
12.8539999083425
12.8639962464313
12.8739926641726
12.8839891354141
12.893985647896
12.9039822024532
12.9139788057794
12.9239754603498
12.9339721572333
12.9439688755252
12.9539655879056
12.9639622685628
12.9739588983388
12.9839554644205
12.9939519560179
13.003948361059
13.0139446680674
13.0239408726759
13.0339369841495
13.043933025229
13.0539290229778
13.063924995798
13.0739209460338
13.0839168635414
13.0939127382198
13.1039085704097
13.1139043682898
13.1239001342449
13.1338958528453
13.1438914942643
13.1538870338347
13.1638824724612
13.1738778394534
13.1838731778234
13.1938685302793
13.2038639442012
13.2138594907933
13.2238552696307
13.2338513820458
13.2438478885985
13.2538447951287
13.2638420837479
13.273839756362
13.2838378448869
13.293836381487
13.3038353783185
13.3138348511207
13.3238348584619
13.3338355057273
13.3438369035827
13.3538391151303
13.3638421240334
13.3738458344298
13.383850090758
13.3938547056077
13.4038594858909
13.4138642547602
13.4238688691427
13.4338732307517
13.4438772893951
13.4538810334588
13.4638844725593
13.4738876212851
13.4838904909552
13.4938930919741
13.503895439079
13.5138975516593
13.5238994495981
13.5339011485702
13.5439026611639
13.553904002108
13.5639051907994
13.5739062483248
13.5839071919934
13.5939080337681
13.6039087835964
13.6139094538141
13.6239100598807
13.6339106176609
13.6439111417989
13.6539116473685
13.6639121519318
13.6739126741664
13.68391322819
13.6939138182766
13.703914440407
13.7139150865091
13.7239157467155
13.7339164085676
13.743917057236
13.7539176823784
13.7639182876501
13.7739188942772
13.7839195368116
13.793920255006
13.8039210880735
13.8139220689146
13.8239232170215
13.8339245313069
13.8439259869892
13.8539275399332
13.8639291375407
13.8739307309352
13.8839322854149
13.8939337848263
13.9039352309933
13.9139366375015
13.9239380194536
13.9339393812028
13.9439407069195
13.953941959234
13.9639430871825
13.9739440432105
13.9839448024338
13.9939453739526
14.0039457983439
14.013946131559
14.0239464241021
14.0339467070648
14.0439469917387
14.0539472794331
14.0639475715241
14.0739478717117
14.0839481802599
14.0939484885036
14.1039487812588
14.1139490465917
14.1239492861183
14.1339495162925
14.1439497599561
14.1539500355709
14.1639503518115
14.1739507091722
14.1839511025412
14.1939515195496
14.2039519367738
14.213952320935
14.2239526409155
14.2339528855585
14.2439530736859
14.2539532454647
14.2639534396632
14.2739536752775
14.2839539530172
14.2939542705815
14.3039546320422
14.3139550398763
14.3239554804324
14.333955921825
14.3439563292902
14.3539566836822
14.3639569868207
14.3739572533661
14.383957499883
14.3939577396126
14.4039579842628
14.4139582463281
14.4239585375819
14.4339588634698
14.4439592180226
14.4539595830571
14.4639599333071
14.4739602444554
14.4839605006767
14.4939606983092
14.5039608445645
14.5139609527242
14.523961036551
14.5339611071772
14.5439611737332
14.5539612466439
14.5639613411953
14.5739614780545
14.58396167972
14.5939619634443
14.6039623339572
14.6139627792973
14.6239632724905
14.6339637793266
14.643964269525
14.653964726509
14.6639651512664
14.6739655580487
14.6839659634915
14.6939663748749
14.7039667849341
14.7139671765412
14.7239675350032
14.7339678594276
14.7439681642982
14.7539684678034
14.7639687740617
14.7739690619714
14.7839692923213
14.7939694329968
14.8039694853027
14.8139694884029
14.8239694928017
14.8339695200778
14.8439695503186
14.8539695576879
14.8639695564278
14.8739695961903
14.8839697070208
14.8939698644192
14.9039700203197
14.9139701520902
14.9239702676636
14.9339703735842
14.9439704511931
14.9539704635697
14.9639703822061
14.9739702070923
14.9839699683308
14.9939697127801
15.0039694876437
15.0139693298765
15.0239692635416
15.0339693015773
15.0439694481287
15.0539697004548
15.0639700498009
15.0739704833628
15.0839709879764
15.0939715538918
15.1039721775348
15.1139728617456
15.1239736134068
15.133974439876
15.1439753467032
15.1539763376193
15.163977416972
15.1739785920723
15.1839798724501
15.1939812638234
15.2039827581842
15.2139843246635
15.2239859078175
15.2339874369607
15.2439888452699
15.2539900907992
15.263991168854
15.2739921078754
15.2839929487387
15.2939937171865
15.3039944058372
15.3139949791637
15.3239954026045
15.3339956796717
15.3439958711862
15.3539960767148
15.3639963808951
15.37399679807
15.3839972631724
15.393997692882
15.4039980828719
15.4139985458815
15.4239992140828
15.4340000643781
15.4440008810081
15.454001474971
15.4640019126259
15.4740024084954
15.4840030397751
15.4940036912223
15.5040042421871
15.5140047056434
15.5240051927327
15.5340058028902
15.5440065593561
15.554007420972
15.5640083323881
15.5740092647484
15.5840102243924
15.594011235689
15.6040123184136
15.6140134780984
15.6240147136371
15.6340160344851
15.6440174741006
15.6540190895104
15.664020944507
15.6740230815193
15.6840254929002
15.6940281043313
15.7040307812572
15.7140333618213
15.724035707463
15.7340377499059
15.7440395115498
15.7540410872725
15.764042596266
15.7740441283526
15.784045710774
15.7940473103971
15.8040488668062
15.8140503363003
15.8240517229682
15.8340530802176
15.8440544820694
15.8540559803478
15.8640575718796
15.8740591965871
15.8840607710757
15.8940622404089
15.9040636169768
15.9140649779659
15.9240664159023
15.9340679677649
15.9440695698813
15.9540710802404
15.9640723725027
15.9740734503979
15.9840744898429
15.9940757375926
16.0040772892472
16.0140789205053
16.0240802196801
16.0340810649223
16.0440819469008
16.0540834458352
16.0640853442536
16.0740869318954
16.0840880973324
16.0940893423574
16.1040909962187
16.1140929288711
16.1240948497684
16.1340966210229
16.1440983080054
16.1541000496906
16.1641019227676
16.1741038982646
16.1841058853663
16.1941078025627
16.2041096224191
16.214111369743
16.2241130875352
16.2341148009831
16.2441165027458
16.2541181644935
16.2641197626817
16.2741213006122
16.2841228130774
16.2941243535859
16.3041259730842
16.3141277034246
16.324129554074
16.3341315219742
16.3441336064205
16.3541358187896
16.364138180019
16.3741407061948
16.3841433895187
16.3941461852792
16.4041490139664
16.4141517806361
16.4241544049544
16.4341568481964
16.4441591218885
16.4541612717434
16.4641633436898
16.4741653519559
16.484167269209
16.4941690475171
16.5041706578382
16.5141721205085
16.5241735010838
16.5341748686195
16.5441762431336
16.5541775761959
16.564178790675
16.5741798568341
16.5841808387998
16.5941818538973
16.6041829650285
16.6141841135094
16.6241851839572
16.6341861487222
16.6441871204716
16.6541882282655
16.6641894670582
16.6741907191645
16.6841919146373
16.6941931135063
16.7041944198552
16.7141958583513
16.7241973614946
16.7341988578425
16.7442003441495
16.7542018736222
16.7642034936067
16.7742052044404
16.7842069722783
16.7942087716961
16.8042106143706
16.8142125426201
16.8242145994447
16.8342168018577
16.8442191355474
16.8542215694924
16.8642240751681
16.8742266365649
16.8842292466654
16.8942318975626
16.9042345732132
16.9142372510981
16.9242399103731
16.9342425401197
16.9442451409739
16.9542477190385
16.964250276118
16.9742528029034
16.9842552800821
16.9942576862864
17.0042600079003
17.0142622433923
17.0242643993438
17.0342664800888
17.0442684791516
17.0542703793162
17.0642721627686
17.0742738241176
17.084275375916
17.0942768404471
17.1042782330103
17.1142795507386
17.1242807793289
17.134281914552
17.1442829772807
17.1542840022659
17.1642850089751
17.1742859864015
17.1842869134012
17.1942877921272
17.2042886485287
17.214289500004
17.2242903331232
17.2342911236755
17.2442918688048
17.2542925918933
17.264293317191
17.2742940531537
17.2842948019482
17.294295578001
17.3042964107796
17.3142973285374
17.3242983412335
17.334299435265
17.3443005780203
17.354301722442
17.3643028046665
17.3743037386084
17.3843044174293
17.3943047289099
17.4043045852799
17.414303960251
17.4243029205393
17.4343016363061
17.4443003605859
17.4542993775992
17.4642989347616
17.4742991839878
17.484300153522
17.4943017579605
17.5043038372941
17.5143062063399
17.5243086981418
17.5343111901087
17.5443136104729
17.5543159286828
17.5643181384006
17.5743202419505
17.5843222425618
17.5943241450022
17.6043259599805
17.6143277057675
17.6243294033284
17.6343310667413
17.6443326965806
17.6543342823936
17.6643358143168
17.6743372942064
17.6843387349726
17.6943401470521
17.7043415247868
17.7143428493097
17.7243441096607
17.7343453176926
17.7443464956037
17.7543476498967
17.7643487651466
17.7743498278514
17.7843508460353
17.7943518391019
17.8043528141119
17.8143537624568
17.8243546774134
17.8343555685729
17.8443564583771
17.854357368957
17.8643583165518
17.8743593159039
17.8843603871462
17.8943615581041
17.9043628597604
17.9143643200896
17.9243659600574
17.9343677939186
17.944369831604
17.9543720805551
17.9643745449251
17.9743772216639
17.9843800960829
17.9943831382121
18.0043863014708
18.0143895246286
18.0243927375456
18.0343958699756
18.044398861703
18.0544016711959
18.064404279699
18.0744066891037
18.0844089137104
18.0944109694172
18.1044128645135
18.1144145962986
18.1244161545702
18.1344175300542
18.1444187228292
18.1544197459897
18.1644206216436
18.1744213720606
18.184422010891
18.1944225397592
18.2044229529831
18.2144232460098
18.2244234203458
18.2344234790809
18.2444234138182
18.2544231944656
18.2644227738952
18.2744221129852
18.2844212136892
18.2944201386728
18.304419000019
18.3144179242733
18.3244170209379
18.3344163811428
18.3444160967361
18.3544162592394
18.3644169206478
18.3744180545244
18.3844195720546
18.3944213826975
18.4044234347323
18.4144257011489
18.4244281473072
18.4344307231811
18.4444333822797
18.4544361010486
18.4644388812919
18.4744417362154
18.4844446748104
18.4944476942778
18.5044507831896
18.5144539296163
18.5244571282339
18.5344603828674
18.5444637041151
18.5544671041121
18.5644705922179
18.5744741735715
18.5844778507959
18.594481627397
18.6044855107079
18.6144895129186
18.6244936497838
18.6344979375473
18.6445023894828
18.6545070127683
18.6645118056451
18.6745167543694
18.6845218284378
18.6945269749217
18.7045321138593
18.7145371392444
18.7245419289532
18.7345463648933
18.7445503585346
18.7545538718524
18.764556922397
18.7745595676096
18.7845618749013
18.7945638939368
18.8045656475391
18.8145671451847
18.824568406091
18.8345694693367
18.8445703767776
18.8545711393053
18.8645717184393
18.8745720551988
18.8845721450085
18.8945721095958
18.9045721867721
18.9145726000917
18.9245733798477
18.9345743024598
18.9445750526166
18.9545754820656
18.9645756900836
18.974575847689
18.9845760005522
18.9945760746469
19.0045760231942
19.0145759145325
19.0245758925762
19.0345761015436
19.0445766739976
19.0545777783641
19.0645796388932
19.0745824689314
19.0845863529924
19.0945911767198
19.1045966708989
19.1146025457883
19.1246086250537
19.1346148985832
19.1446214733931
19.1546284675455
19.1646359156115
19.1746437359489
19.1846517654453
19.1946598300523
19.2046678058907
19.2146756397775
19.2246833274689
19.2346908733192
19.2446982612993
19.2547054558871
19.2647124276918
19.2747191813386
19.2847257618849
19.2947322298607
19.304738615732
19.3147448777141
19.3247508839953
19.3347564266207
19.3447612600396
19.3547651522848
19.3647679436349
19.3747696099556
19.384770316132
19.3947704250919
19.4047704267319
19.4147707928707
19.4247718259099
19.4347735939379
19.444775995764
19.4547788922817
19.4647821791882
19.4747857379035
19.4847893476918
19.4947927039656
19.5047955545493
19.5147977843922
19.5247993232922
19.534800009884
19.5447996436632
19.5547982275624
19.5647961398624
19.5747940348572
19.5847925397334
19.594792000231
19.6047924664158
19.6147938885436
19.6247963108217
19.6347998668761
19.6448045990704
19.6548103075425
19.6648165909408
19.6748230399569
19.6848294162254
19.6948356912867
19.7048419513179
19.7148482648588
19.7248546087861
19.7348608847636
19.7448669920339
19.7548728965821
19.764878651271
19.7748843622016
19.7848901292159
19.7948959991267
19.8049019566177
19.8149079515043
19.8249139415582
19.8349199236777
19.8449259369482
19.8549320388494
19.8649382704006
19.874944631598
19.8849510813508
19.8949575612686
19.9049640282906
19.9149704751046
19.9249769238595
19.9349833952937
19.9449898707798
19.9549962721625
19.9650024771377
19.975008366727
19.9850138800023
19.9950190423594
