0
0
5.55111512312578e-08
9.99200722162641e-08
7.7715611723761e-08
-9.99200722162641e-08
-5.77315972805081e-07
-1.47659662275146e-06
-2.94209101525666e-06
-5.10702591327572e-06
-8.09352584951739e-06
-1.20126131264442e-05
-1.69309011255336e-05
-2.28927987677707e-05
-2.98872038229092e-05
-3.78697073699641e-05
-4.67625937972116e-05
-5.64215341114505e-05
-6.66799948589869e-05
-7.73492381256347e-05
-8.81739126157299e-05
-9.8943075954594e-05
-0.000109368070155824
-0.000119215748384249
-0.000128264066034944
-0.000136324285193723
-0.000143240974637138
-0.000148903112062726
-0.000153255186319257
-0.000156274992946237
-0.000157995838634406
-0.000158539847916472
-0.00015798473640416
-0.000156497037551162
-0.000154209978120434
-0.000151301193795916
-0.000147859502419578
-0.000144007028524129
-0.000139810385491046
-0.000135269573320329
-0.000130362387551486
-0.000125022214803039
-0.000119182441693511
-0.000112720943690192
-0.000105548902951114
-9.75441949435663e-05
-8.86513085163187e-05
-7.87703235971549e-05
-6.78790357255821e-05
-5.59996493620929e-05
-4.31099600461948e-05
-2.93431945408429e-05
-1.48103751484996e-05
3.10862446895044e-07
1.5842882561401e-05
3.14859249783694e-05
4.69735361718904e-05
6.19948536950687e-05
7.62390151010095e-05
8.93618512520788e-05
0.000101074704161874
0.000111022302462516
0.000118927090397847
0.000124411592139495
0.00012712053631958
0.00012667644710973
0.000122868382135266
0.000115829568159143
0.00010591527654924
9.36140054363932e-05
7.93587418002062e-05
6.3549165929544e-05
4.65405491922866e-05
2.8643754035329e-05
1.02584607475364e-05
-8.24895707296491e-06
-2.64455124465712e-05
-4.39093206239249e-05
-6.0240701316161e-05
-7.50510764646606e-05
-8.80184813922824e-05
-9.89208714941014e-05
-0.000107613917776916
-0.000114019904629004
-0.00011820544543184
-0.000120314869178628
-0.000120570220474292
-0.000119271259535481
-0.000116773257730074
-0.000113475895346937
-0.000109789954905182
-0.000106137321154165
-0.000102917674382752
-0.000100408570347099
-9.88986670336089e-05
-9.85767023564676e-05
-9.94870852366603e-05
-0.000101629815674187
-0.000104871666906092
-0.00010893508317622
-0.000113553610958661
-0.000118305365504057
-0.000122746257602557
-0.000126421095814067
-0.000128863586468242
-0.000129618538124987
-0.000128308474955929
-0.000124589227823435
-0.000118238752122579
-0.000109123821090407
-9.72000258059325e-05
-8.25617352262498e-05
-6.53532783445598e-05
-4.58189042262802e-05
-2.42583730880597e-05
-9.38138455808257e-07
2.38142838782096e-05
4.94160268260657e-05
7.46513961757955e-05
9.78772618509538e-05
0.000118638432411444
0.000138195010990216
0.000157535096079187
0.00017633117188609
0.000193617344379504
0.000208638661902683
0.000221045404202869
0.000230770957898585
0.00023795410086791
0.000242805775485522
0.000245636844198316
0.000246802578374172
0.000246580533769247
0.000245337083981667
0.000243360886997834
0.000240929498573905
0.000238276065545051
0.000235622632516197
0.000233091324020052
0.000230859775740555
0.000228972396598692
0.000227518004436433
0.000226496599253778
0.000225930385511219
0.000225774954287772
0.000225974794432204
0.000226463292563039
0.000227073915226583
0.00022761792450865
0.00022779556019259
0.000227140528608061
0.000224975593710042
0.000220357065927601
0.000212430073531777
0.000201383354436757
0.000188971061021448
0.000177158288039436
0.000166577862614758
0.000157029944602982
0.00014800383141278
0.000139055433834301
0.000129851684960158
0.000120170540185427
0.000109889874977398
9.89541781848402e-05
8.74411654194773e-05
7.54285522930331e-05
6.31272811801864e-05
5.07593966858622e-05
3.86024545662167e-05
2.69673172681451e-05
1.61204383175573e-05
6.29496454962464e-06
-2.35367281220533e-06
-9.74775815620887e-06
-1.58761892521397e-05
-2.07278638697517e-05
-2.43249864695372e-05
-2.66675570514963e-05
-2.77888823063677e-05
-2.77999845366139e-05
-2.68673971959288e-05
-2.4846791291111e-05
-2.03503880413791e-05
-7.69384556065233e-06
3.01647595790655e-05
0.000134514621663584
0.000375333097935027
0.000781585907105864
0.0011549539102873
0.00113145048885599
0.000722588655577283
0.000288857826546973
1.69864122767649e-05
-0.000116973097874506
-0.000176147985087027
-0.000200106597958438
-0.000207367456539487
-0.000205990779988952
-0.000199806837741789
-0.000190969462465773
-0.000180877535171931
-0.000170397029819469
-0.000159916524467008
-0.000149469325805285
-0.000138900002610853
-0.000127997612509034
-0.00011669554211835
-0.000105171427122741
-9.37583344295945e-05
-8.30446822419617e-05
-7.36188887628941e-05
-6.61470878071668e-05
-6.11621864265999e-05
-5.91859894427671e-05
-6.06292793747798e-05
-6.5847327590518e-05
-7.51732009973693e-05
-8.88733531212438e-05
-0.000107003295113373
-0.000129052324382428
-0.00015351053761492
-0.00017812418207086
-0.000200728322852228
-0.000220223839164646
-0.00023662183323836
-0.000250499621046174
-0.000262667665396066
-0.000274003042477489
-0.000285382828479896
-0.000297695201822989
-0.000311739523084498
-0.00032825964169092
-0.000347910589226785
-0.000371336295046376
-0.000399158484043483
-0.000431821245427955
-0.00046903592121339
-0.000508393327436352
-0.000542121902924464
-0.00055051518899063
-0.000489819296234373
-0.000277056155795208
0.000206235029054369
0.00102822195202634
0.0020044077508885
0.00263589150506505
0.00256415999544402
0.00199428251690392
0.00135716993199253
0.000870892247206712
0.000543798339691648
0.000322131210594989
0.000160971236340401
3.43391981516561e-05
-7.1009864655025e-05
-0.000161604063464438
-0.000240718556199226
-0.000310007575166082
-0.000370359298784706
-0.000422295531876671
-0.000466160443579611
-0.000502331509721898
-0.000531152899441167
-0.000553135315328745
-0.00056887827781793
-0.000579103431874728
-0.000584587933616376
-0.000586253268153314
-0.000584921000523764
-0.000581468206917179
-0.000576672043450799
-0.000571209746169643
-0.000565569813204547
-0.000560085311462899
-0.000554978285549623
-0.000550237633234474
-0.000545707923294003
-0.000541211520044271
-0.000536404254347644
-0.000531008570447966
-0.000524735810358834
-0.000517397236166062
-0.000508937336718418
-0.000499456032088119
-0.000489197571340583
-0.00047866155483689
-0.00046850301416157
-0.000459543514352845
-0.000452782256132878
-0.000449318360296047
-0.000450295356557717
-0.000456901183554237
-0.000470190553159
-0.000491051643791707
-0.000520061771425162
-0.000557254242750105
-0.000601940719491267
-0.000652300435888264
-0.000705013825097467
-0.000754818429982151
-0.000794075916132897
-0.000812627742874383
-0.000798305865856719
-0.000738198391303513
-0.000621247497889499
-0.000441746639268104
-0.000202715622066307
8.21787082827541e-05
0.000389999144090325
0.000692967905280284
0.000964495150412858
0.0011845968650448
0.00134254829475822
0.00143668410501618
0.0014721890373437
0.00145820022723342
0.001405386917952
0.00132412969477969
0.00122362120436037
0.00111147757664298
0.000993727322651239
0.000875022276858317
0.000758870744022033
0.00064787064602001
0.000543987077605834
0.000448685533172011
0.000363131746894396
0.000288224999422937
0.00022474244687487
0.000173272507453248
0.000134336985979644
0.000108291153821938
9.53348511245622e-05
9.55124868085022e-05
0.000108713038571295
0.000134647848426539
0.000172917236085368
0.000222954987805224
0.000284106072001578
0.000355493412484975
0.000436084501842515
0.000524624788056371
0.00061952665220133
0.000718780590602819
0.000819899703685678
0.000919730958059972
0.0010142886530673
0.0010985434784061
0.00116628928736873
0.00120996546115748
0.00122076793118708
0.0011890377571433
0.0011050493853304
0.000960709289898887
0.000751820827815664
0.000480737671892939
0.000158928425975091
-0.000192124094411383
-0.000542721423357762
-0.000859901039262922
-0.00111460840557243
-0.00128801413978863
-0.00137496680707727
-0.00138299371954531
-0.00132824862220104
-0.00123033805365935
-0.00110821352095059
-0.000977529168721958
-0.000849853520890065
-0.000732702787331618
-0.000630318020000686
-0.000544397860124946
-0.000474942307704396
-0.000420885548635397
-0.000380562248381011
-0.0003521627434111
-0.000333821859044292
-0.000323896465204143
-0.000320865556346916
-0.000323352455922077
-0.000330135918602537
-0.000340094619133424
-0.000352196050101838
-0.000365585339778818
-0.000379629661040326
-0.000393907129137006
-0.000408184597233685
-0.000422439860869872
-0.000436717328966552
-0.000451005899293477
-0.000465227856238926
-0.000479094541816494
-0.000492150764586086
-0.000503819208574896
-0.000513455944428642
-0.000520428145023288
-0.000524091881004551
-0.000523781018557656
-0.000518773912716597
-0.000508182385061673
-0.000490896212568259
-0.000465627536527791
-0.000430910862547762
-0.000385247389544929
-0.000327304849889742
-0.000255895304945852
-0.000170252700826268
-6.98663349396611e-05
4.57189841540639e-05
0.000177280412572145
0.000326494387081766
0.000496469532151878
0.000692590429451911
0.000923428000731974
0.00120259358027397
0.00155134793899947
0.0020013102286498
0.00259214871789482
0.00335281802321674
0.00424972279589042
0.00510909092810152
0.00559003954236914
0.00532285326926285
0.00417842427324899
0.00241457964733627
0.000532207611314561
-0.0010138334616272
-0.00200682803708219
-0.00247208920001185
-0.00256321630587308
-0.00244705367080655
-0.00224631424572408
-0.00203234096218807
-0.00183909554252182
-0.00167896807568013
-0.00155301327353641
-0.00145596867895392
-0.00137827527169065
-0.00130807586984361
-0.00123470123014613
-0.00115255582855411
-0.00106272768363169
-0.000971456248777258
-0.000886768436458851
-0.00081574746957358
-0.000762911955831669
-0.000729305504876265
-0.000712629955046395
-0.000708133551796664
-0.000710176362161974
-0.000713717973610528
-0.000715560943831406
-0.000715172365772787
-0.00071554984160116
-0.000723643367450677
-0.000750122186587987
-0.000807731659335786
-0.000907274255723678
-0.00105110364856387
-0.00122652998868489
-0.00140358835665211
-0.00154253276818395
-0.00161048951952125
-0.00159813273725717
-0.00152454715518502
-0.00142640343980815
-0.001338751332014
-0.00127894361767744
-0.00124104060361674
-0.00119863008407606
-0.00110665920871611
-0.00089331875230414
-0.0004500511074923
0.000324318349953501
0.00132933664076518
0.00206674677372121
0.00203282946031891
0.00140278899607438
0.000731714688839702
0.000290578672235142
5.55111512312578e-05
-6.10733685846299e-05
-0.000117128529097954
-0.000141919809237834
-0.000150601753290402
-0.00015155654509158
-0.000148736578609032
-0.000143418610321078
-0.000135613742457963
-0.000125233157177718
-0.000112554410236498
-9.78550573904613e-05
-8.12794276328077e-05
-6.26831919703363e-05
-4.16666701141821e-05
-1.81077375316363e-05
7.54951656745106e-06
3.41726646979623e-05
6.02184968556685e-05
8.42992342597881e-05
0.000105893072088747
0.000125399690631411
0.000144073641905607
0.000163746793901964
0.000186384241374071
0.000213973283536006
0.000248578935213573
0.000292399437995527
0.000347899486996539
0.000417160750387779
0.000499805752340876
0.000589961413055562
0.000676486644479724
0.000749428297197596
0.000805566724437767
0.000847061309983133
0.00087779783441988
0.000901251295815086
0.000919914144859035
0.000935368449361818
0.000948524592203626
0.000959832213709433
0.000969491154023672
0.000977651293254667
0.000984451409280496
0.000990157955627069
0.000995103999201774
0.000999722526984215
0.00100444652595399
0.00100967567639998
0.00101572084076906
0.00102277630809056
0.00103091424286106
0.0010401179917352
0.00105033204356175
0.00106151198941973
0.00107364117596376
0.00108671960319384
0.00110076392445535
0.00111581299755414
0.0011320999693254
0.00115021325797215
0.00117140741551225
0.0011979195413403
0.00123330790025022
0.00128294597168122
0.0013548828725618
0.00146109235821257
0.0016190215834655
0.00185265136565249
0.002191397063811
0.00266400235204856
0.0032844449382452
0.00403056477082941
0.00482474615814965
0.00553400103520119
0.00600123284399956
0.00609597372580595
0.00575607339570183
0.00500212093967889
0.00392871846166543
0.00268281508120083
0.0014327261599334
0.000330985239216375
-0.000518696197104873
-0.00107783226788172
-0.00136731181932248
-0.00144554368475269
-0.00138350442213664
-0.00124624199848711
-0.00108360542760977
-0.00092780783056412
-0.000794431187500777
-0.000685712597814359
-0.000595457017027456
-0.000515060216699226
-0.000438588054763045
-0.000365063534957244
-0.000297883939737176
-0.000242389441851287
-0.00020335955142059
-0.000183547621546154
-0.000183253412444628
-0.000200922611881538
-0.000233901786828028
-0.000279321010765443
-0.000334743344154731
-0.000398636679221909
-0.000470656846829343
-0.000551769741008457
-0.000644195807808501
-0.000750921547165717
-0.000874711414411422
-0.00101616492997891
-0.00117136300659126
-0.00132973632105404
-0.00147438727893245
-0.00158596469290728
-0.001650468650638
-0.00166719971161911
-0.00165227831416814
-0.00163543623088458
-0.00165260027884528
-0.0017385870521025
-0.00191976434749108
-0.00219717577465417
-0.00250981457838861
-0.0027149504866486
-0.00274861244875524
-0.00300230951211233
-0.00407376354871758
-0.00556310553179173
-0.00634754471207088
-0.00615565376449467
-0.00551444445662241
-0.00488686868749255
-0.00442006431455866
-0.00408754141645318
-0.00383086895539009
-0.00361248808644632
-0.00341683348281663
-0.00323974180815867
-0.00308169045837303
-0.00294444468806887
-0.0028289925957381
-0.00273341349554812
-0.00265190092108014
-0.00257532883907174
-0.00249377185568278
-0.00239946951197112
-0.00228893570763944
-0.00216350271031729
-0.00202811101246425
-0.00188926652100463
-0.00175315317818558
-0.00162430069394759
-0.00150518486563556
-0.00139663836051795
-0.00129836141837814
-0.0012096101897896
-0.00112957421194437
-0.00105758735102768
-0.00099316110890868
-0.000935751476305313
-0.000884836648396004
-0.000839872615898685
-0.000800826072122618
-0.000768973773546122
-0.000747835127157259
-0.000743860528729101
-0.000766153807063574
-0.000825362000966834
-0.000932304233813852
-0.00109723896635217
-0.00133076327735182
-0.00164530056245837
-0.00205583883250426
-0.00257782684087715
-0.00321940807346266
-0.00396502830568579
-0.00474819628060175
-0.0054189042142383
-0.00573057712394132
-0.00539293054657719
-0.0042178649461988
-0.00228542740288162
3.07032177460087e-05
0.0022368384922089
0.00394411725501698
0.0049777126864825
0.00535958499803257
0.00523852627942745
0.00481428230614256
0.00427160529170578
0.00373852060420177
0.0032778446623638
0.00290380497425247
0.0026056101720684
0.0023652579894673
0.00216650031248378
0.00199756322594169
0.00185084170212235
0.00172179492885505
0.00160785273983777
0.00150762735628973
0.00142036937766932
0.00134559585696081
0.00128286270495437
0.00123150378783521
0.00119061982495339
0.00115901732655743
0.00113534737167242
0.00111821663040246
0.00110634834626921
0.00109870446074467
0.00109456332886282
0.00109340869691721
0.00109497411138193
0.00109913744772427
0.00110584874590813
0.00111510800593351
0.00112690412557015
0.0011411982470122
0.0011579293079933
0.00117698628621099
0.00119817489263596
0.00122127308266329
0.00124595334050071
0.00127184374143496
0.00129850574737134
0.00132548416686973
0.00135231825737492
0.00137861388971317
0.00140409905924344
0.00142862388585741
0.00145223277847606
0.00147514778170432
0.00149771861579495
0.00152042267664854
0.00154378732020177
0.00156832324904599
0.00159449675685153
0.00162270752390725
0.00165328861712055
0.00168649538778709
0.00172253322716642
0.00176159087317274
0.00180386261483534
0.00184959270121965
0.00189907534142719
0.00195271576686196
0.00201108574238162
0.00207496242410343
0.00214543383059151
0.00222403762073498
0.0023128832182806
0.00241487385643779
0.00253385090687175
0.00267464383973959
0.00284294254804252
0.00304460345823543
0.00328432281371249
0.00356334961537641
0.00387642140609046
0.00420854462390707
0.00453285742274545
0.00481067408131253
0.00499488783667346
0.0050363768711037
0.00489291385186164
0.00453949100531759
0.00397880617342139
0.00324917870386798
0.00242443842779494
0.001601235810611
0.000874678107720683
0.000312544434777351
-5.93414206662146e-05
-0.00025461299735241
-0.00031186719873233
-0.000277650125113382
-0.000194044780243985
-9.28146448586631e-05
5.41788836017076e-06
8.92841356403551e-05
0.000153899115673539
0.000198374650040023
0.000223937535182017
0.000232663888155571
0.000226790808355304
0.00020835000391628
0.000179045667181299
0.000140121247937941
9.2281737806843e-05
3.52440299167256e-05
-3.25406368517633e-05
-0.00011419198919782
-0.000213951079075514
-0.000335548255847584
-0.000479144501852602
-0.000638089581173062
-0.00079720674506234
-0.000933658705903895
-0.00102066688434377
-0.00103465014333892
-0.000965577617861868
-0.000824529333698365
-0.000641497965858662
-0.000453742599049178
-0.000293254309724489
-0.000179412040779425
-0.000118344223309919
-0.000106115116693672
-0.000133082433961818
-0.000187549975549928
-0.000258226773297565
-0.000335698135955909
-0.000412780920555633
-0.000484623452479127
-0.000548450174164827
-0.000603261884890571
-0.00064946936717547
-0.000688604728793507
-0.000723232584931566
-0.000756927853728939
-0.000794486698652008
-0.000842392822164584
-0.000909583519614898
-0.00100854880002998
-0.00115674136935695
-0.00137813094269745
-0.00170446989855577
-0.00217535989222029
-0.00283325585215266
-0.00370239394698046
-0.00471932493084637
-0.00556606982726748
-0.00548662226762531
-0.00374739128616852
-0.0014022671912528
-0.00122553078796273
-0.0033021585466031
-0.00498999730424998
-0.00519528864373342
-0.00454453141784938
-0.00376244591038244
-0.00319326787234786
-0.00294204660633568
-0.00301627611776212
-0.0033643532404426
-0.00385776965927676
-0.00427818891424181
-0.00436377600721016
-0.00392973431573296
-0.00299820168692122
-0.00181844539426379
-0.00072943873163922
2.53574938824386e-05
0.000380750986295197
0.000408240108384916
0.000231992203225673
-3.21076498721595e-05
-0.000301492164567208
-0.000528732613247485
-0.000693822777009245
-0.000794919685631612
-0.000840294500648042
-0.000842459435546061
-0.000814515122016246
-0.000767930163902975
-0.000712274683678515
-0.000655830945106572
-0.000607947026054489
-0.000582511816560327
-0.000603017635825154
-0.000708344494171342
-0.000955874268626644
-0.00141407441311969
-0.00213154494055345
-0.00307307512770194
-0.00404571376400042
-0.00470649630379683
-0.00476327310927616
-0.00426146340437583
-0.00357480711699054
-0.00305390157606666
-0.00277316503094482
-0.00252902143671463
-0.00198620009328465
-0.000985272974318718
0.000144428913273487
0.00077367556805541
0.000667721433700308
0.000200728322852228
-0.000179767312147305
-0.000340050210212439
-0.000371158659362436
-0.000389738241679538
-0.000443639569525089
-0.000506572561675966
-0.000517691445267587
-0.000434668967486118
-0.00026166291355878
-3.27848859171809e-05
0.000218797202578003
0.000470501415605895
0.00070331518386979
0.000899913477070413
0.00104941610956644
0.00115074616502397
0.00121097576410989
0.00124110166588309
0.00125231491843181
0.00125390253735702
0.00125252586080649
0.00125249810523087
0.0012563450280112
0.00126531007893504
0.00127980959163665
0.00129971033935306
0.00132450717060806
0.00135335076478782
0.00138514200109796
0.00141841538514598
0.00145134460005636
0.00148169254643449
0.00150678358679102
0.00152352575000236
0.00152849399803756
0.00151826884398076
0.00148974721447814
0.00144089740139464
0.00137149736012532
0.00128402843913022
0.00118430820705839
0.00108144049271175
0.000986905002164917
0.000912520059515032
0.000867927951730962
0.000858507709367018
0.00088467011494231
0.00094251273452528
0.00102524100320522
0.00112434506149839
0.00123047128042231
0.00133437150218185
0.00142793554758214
0.00150526258124728
0.00156324952982345
0.00160160218420913
0.00162225788358228
0.00162858615482264
0.00162450608520714
0.00161387569974636
0.00160008117866539
0.0015858259150292
0.00157319712812409
0.00156375468129966
0.00155864765538638
0.00155878088214934
0.0015648704554394
0.00157740487338742
0.00159653956721684
0.00162182489660267
0.0016518120204978
0.00168358105234745
0.00171220815303741
0.00173055458851934
0.00172929448538639
0.00169780856040802
0.00162598823294502
0.00150695012024471
0.00134020017306113
0.00113444253990735
0.000908911834685
0.000692673696178758
0.000521854781609932
0.000434857705400304
0.000465633087642914
0.000635658192749133
0.000946981382199397
0.00137964639712607
0.00189523952087711
0.00244499420709587
0.00297967761575535
0.00345797834810924
0.0038516356770657
0.00414680512150767
0.0043422543338778
0.00444582148872996
0.00447032966199856
0.00443002301508955
0.00433808544642034
0.00420519730148783
0.0040390357725073
0.00384434151179391
0.00362340712989351
0.00337677663608815
0.00310396153224701
0.00280432899124605
0.002477956728697
0.00212659889697875
0.00175456316142686
0.00136949340756587
0.000982780523628435
0.000609395867101625
0.000266797695047671
-2.71616062974545e-05
-0.000256966670164616
-0.000412353484691153
-0.000490313345480331
-0.000495564700386808
-0.000439409619801268
-0.000337313510456738
-0.000206223926824123
-6.21114271126544e-05
8.1690210151919e-05
0.000215377715662157
0.000332872618358238
0.000431499280750813
0.00051130211176087
0.000574285063947855
0.00062370109077392
0.000663485932861363
0.000697919499970112
0.000731453786428915
0.000768468622069918
0.000813077383199357
0.000868494165473521
0.000936145605479055
0.00101433306198828
0.00109666720149448
0.00117045817482619
0.00121571641642504
0.00120530807556918
0.00110734199587625
0.000891575702155478
0.000541611200333136
7.25364213138846e-05
-0.000455824267220351
-0.000946331901729991
-0.00129845023622011
-0.00144931844303642
-0.00139510070162885
-0.00118346443755968
-0.000888467077686528
-0.000583993964298202
-0.000325911519993838
-0.000145922163241607
-5.48394663013596e-05
-5.06039654624146e-05
-0.000126509913656037
-0.000277333711551364
-0.00050220938518919
-0.000805167044148902
-0.00119341203586032
-0.00167367231185267
-0.002246536290329
-0.00289922530427589
-0.00359946517036747
-0.00429620783393148
-0.00493189933337135
-0.00545778977567579
-0.00582351944444781
-0.00591822146844834
-0.00551134693438371
-0.00431005231504855
-0.00218136619878351
0.000620714590837679
0.00346822570662653
0.00565595348334114
0.00675509648218053
0.00676895206552786
0.00603255223552424
0.00497974994573269
0.00394475563325614
0.00309079428717496
0.00244290143669446
0.0019514057036929
0.00154229962134877
0.00115341070028308
0.000762367946549602
0.00039540593022025
0.000105859765398009
-6.3815619455454e-05
-0.000118527410108982
-0.000146604950401752
-0.000355737661550393
-0.00106242792341504
-0.00253952414652758
-0.00470143923791966
-0.00688092915979155
-0.00808004774199844
-0.00760121965370786
-0.00550808287869131
-0.00250650611377523
0.000541222622274518
0.00290041324291224
0.0039783287775208
0.00336423111590989
0.00105666586591724
-0.00227680096998029
-0.0054032778251667
-0.00715520975802519
-0.00714193149065068
-0.00587890847114636
-0.00424401624954385
-0.00289100965389366
-0.00205638839290145
-0.00166227032138977
-0.00151649803825649
-0.00147308831799364
-0.0014961698546756
-0.00163681290743511
-0.00194174676337866
-0.00233768560065073
-0.00263798982658159
-0.00272253330990679
-0.0025862645358643
-0.00210671480260771
-0.00107226449941322
0.000166799907219684
0.000864264215749699
0.000872246719296754
-0.000424538182386414
-0.00421607193601403
-0.010998146837693
-0.0185551685127905
-0.0213246198477179
-0.0168990155202664
-0.00951944079119471
-0.00364601682179
-0.000767441665772139
-0.000221433982261487
-0.000686506407276966
-0.00127963195595271
-0.00167588165567167
-0.00183929538266625
-0.00182801551673606
-0.00172284408961332
-0.00160019775208298
-0.00150295331735606
-0.001417965744821
-0.00128577148927889
-0.00104301012271435
-0.000673860967026485
-0.000246758169453187
8.08131339624651e-05
0.000102817754310536
-0.000343725048423948
-0.00125540688955539
-0.00237974084882353
-0.0032947422567986
-0.00366222607794953
-0.00343175488026759
-0.00280858669654549
-0.00207517336647811
-0.00144413370151142
-0.00101086916615145
-0.000778821451774547
-0.000705935310207906
-0.000740185690517592
-0.000835342905958214
-0.000948874312456383
-0.00102557962122773
-0.000977917746780577
-0.000690592028007586
-7.70272734484934e-05
0.000836941627113674
0.00188383753041421
0.00282593948242038
0.00347309403458951
0.00375472430924617
0.00371313535474371
0.00345160011683276
0.00308191805409308
0.00269387845364122
0.00234675612276192
0.0020740187345325
0.00189220306090476
0.00180770398650054
0.00181952231059768
0.00191881510680503
0.00208789652234032
0.0023007373783912
0.00252555198976268
0.00272882827445642
0.00287974644130884
0.00295435342856365
0.00293829960362757
0.00282708856325087
0.00262176391707669
0.00231921148952097
0.00189993021315615
0.00132145960840546
0.00052895465785241
-0.000510774755824173
-0.00176150760644589
-0.00308331138398898
-0.00424027479795086
-0.00495631313768286
-0.00499604246861907
-0.0042386760767954
-0.00273395750483019
-0.000744865280566387
0.00126064714223162
0.00276554334988077
0.0034856229014224
0.00350791062864175
0.00313008508001644
0.0026253665907916
0.00215107376355661
0.00177215464525204
0.00150453538516615
0.00134177113864098
0.00126749166717843
0.00126167964964452
0.001304306662675
0.00137753142226416
0.00146672118894742
0.00156070711909706
0.00165151226028115
0.00173379643975125
0.00180436221519642
0.00186157200765535
0.00190495397234258
0.00193486338062598
0.00195219396204038
0.00195828353533045
0.00195472527053653
0.00194325666669215
0.0019256984895577
0.00190383264708771
0.001879274513783
0.00185340076619411
0.00182721060504321
0.00180127579518796
0.0017756962567006
0.00175016667824934
0.00172409864163114
0.00169690927975807
0.00166833769021935
0.00163880020664919
0.00160972346563426
0.00158364987790094
0.00156396562367433
0.00155413459879128
0.00155639390264639
0.0015701495659215
0.00159068869187706
0.0016087964294087
0.00161192170722302
0.00158672519567915
0.00152222123794843
0.00141235356743152
0.00125715549081917
0.00106249453679652
0.000838590308305243
0.000598238125704142
0.000354866136476062
0.000120958798532911
-9.31366095358044e-05
-0.000279942735659233
-0.000434730029752473
-0.000554656320872482
-0.000637379038437302
-0.000679556411142812
-0.000676020350809381
-0.000619654327849162
-0.000501820807130571
-0.00031257774146809
-4.02455846426619e-05
0.00032923663795259
0.000811978262404978
0.00142200695663064
0.0021603607791576
0.0029955815605831
0.00383942877490995
0.0045333015119553
0.00487209161903479
0.00468302618905625
0.00392958443562463
0.00276323963710468
0.00147210021950173
0.000364580587941532
-0.000334060556994586
-0.000535105293408833
-0.000291106028171839
0.000246491715927277
0.00090239482553045
0.00153717594209013
0.00206193950802458
0.00243032816094058
0.00263224997354428
0.00268743360898327
0.00263352117890747
0.00251227927350328
0.00235960140315683
0.00220118923088819
0.00205263583907822
0.00192159621548171
0.00181052950409821
0.00171886949118516
0.00164455671303188
0.00158505986114221
0.00153778101363855
0.00150035539547844
0.00147064027622434
0.00144680933900077
0.00142724165819175
0.00141053835278626
0.00139547817745722
0.00138092870471951
0.0013659240405417
0.00134952604646799
0.00133082433961818
0.00130890298599695
0.00128272947819141
0.00125112697979546
0.0012127077120283
0.00116590070931011
0.00110903508598881
0.00104063424544165
0.000959832213709433
0.000866956506584415
0.000764194263425111
0.000656025234135882
0.000549127410209849
0.000451694237568745
0.000371708219759626
0.000315036885467634
0.000283728596173205
0.000275313105646546
0.000283606471640496
0.000300492963845045
0.000318411963462495
0.000332500693644988
0.000341793260361101
0.000349098527863134
0.000358824081558851
0.000371747077565487
0.000375366404625765
0.000328692628670524
0.000145294887232694
-0.00030812019602422
-0.00115902842878768
-0.00239597230944355
-0.00374292818960953
-0.00472356598280044
-0.00486506390728891
-0.0039472425328313
-0.00231250574245223
-0.000709254877051535
0.000325561799741081
0.000773614505789055
0.000881972272992471
0.000783528797398958
0.000478517225843689
4.58411086867727e-05
-0.000381006337590861
-0.000733746396974766
-0.00101224584270199
-0.00124836807557926
-0.00148528966903427
-0.001766742308007
-0.00212984074821065
-0.00259889887388454
-0.00317620374445937
-0.00382568421386509
-0.00444716485858976
-0.00485788076431959
-0.00484832174407757
-0.00435065317105909
-0.00354276608049986
-0.00271935807205637
-0.00211606288047506
-0.00182408532722889
-0.00179065651195742
-0.00190217841478102
-0.00206463734997442
-0.00222739604538447
-0.00237276864822888
-0.00249974485555526
-0.00261246579924546
-0.00271280775621108
-0.0027958191317623
-0.00284919865478628
-0.00285867995941658
-0.00281058509798982
-0.00268063349295744
-0.00249954501541083
-0.00254026799595408
-0.00297101232504815
-0.00342014194743001
-0.00360930174636565
-0.00357766039016383
-0.00341789929692027
-0.00319396731285337
-0.00295484747780961
-0.00273595590627451
-0.00255433452167608
-0.00241142661394633
-0.00230084840069367
-0.00221711538017644
-0.00216355822146852
-0.00216073825498597
-0.00225746088489132
-0.00254114507214354
-0.00312936343505044
-0.00408808542573524
-0.00520067322540285
-0.00565997249069028
-0.00434865476961477
-0.00163475899483956
-7.90367771230649e-05
-0.000438926672785556
-0.0011546652523009
-0.00155139234792045
-0.00172992731251043
-0.00178587145072129
-0.00174662506680079
-0.00163338231828902
-0.00146732626049584
-0.00126211263662412
-0.00102393649115129
-0.000756739115814753
-0.000469269068048561
-0.000183186799063151
6.01296790136985e-05
0.000200739425082475
0.000178934644878836
-2.42805775485522e-05
-0.000343880479647396
-0.000629107876903845
-0.000716016135271502
-0.000522715204454016
-6.31827923314177e-05
0.000600386407256792
0.00137362343721747
0.00213699058448924
0.00277431411177531
0.00318997050996472
0.00330340199639068
0.00304712921561645
0.00239001041180131
0.00137214684059472
0.000113276055202505
-0.00122328813745298
-0.00247908360506699
-0.00349285045331271
-0.00403130862025591
-0.00387181398053826
-0.00306199510191618
-0.00193065563536265
-0.000833277891132411
2.35145236615608e-05
0.000590361093344427
0.000911437592066022
0.00106281095035854
0.00111540776615016
0.00112062026325077
0.0011094403173928
0.00109714459739507
0.0010884126933064
0.00108111852803461
0.00106864517235294
0.00104140029932864
0.000988314985406191
0.000899469387860563
0.000770311592290795
0.000607269790009468
0.000432615054890562
0.000284167134267932
0.000205246930562453
0.000226224594612745
0.000348465700739098
0.00054417581552002
0.000772065744669703
0.000995215021504237
0.00119064202941388
0.00135128019884689
0.00148411283262817
0.00160604862742275
0.00173872027886546
0.00190367721586426
0.00211865525123756
0.00239447350836031
0.00273204792122783
0.00311976555700255
0.00353286844223533
0.00393605148474307
0.00428876933966649
0.00454976611941049
0.00467746397170288
0.0046270376419244
0.00435060321102299
0.00380877551720005
0.00299594793418123
0.00196928584550449
0.000857530713105348
-0.000176547665375892
-0.00101386676831794
-0.00161928248587628
-0.00196615501657504
-0.00195511939971027
-0.00150160994749626
-0.000670485889031625
0.000342226247340705
0.00132578392708638
0.0021351087564625
0.00270327094042955
0.00301883518183388
0.00309990366709201
0.00297842861485265
0.00269504418781707
0.00229895547043668
0.00184683379700346
0.00139734335213859
0.00100192076857297
0.000695327129207612
0.000490391061092055
0.000379735132227665
0.000344968498211529
0.00036953218263136
0.000447747394716203
0.000584560178040761
0.0007882916541746
0.00106237796337894
0.00139981359836838
0.00177945991275408
0.00216457962665118
0.00250619525132834
0.0027528757051698
0.00286290435802528
0.00281139556079779
0.00258952304044158
0.00220010121232406
0.00165595315237965
0.000982797176973804
0.000229072316670909
-0.000515087972274841
-0.00110771947170463
-0.00139731004544785
-0.00130798150088651
-0.000885014284079944
-0.000260630406145879
0.000414912548762914
0.00102435282478552
0.00150199852555488
0.00182875381504743
0.00201629268836712
0.00209012251950469
0.00207672212759746
0.00199659178079514
0.00186212711916767
0.00167836855524683
0.00144540490687461
0.00116149867501747
0.000827188317842342
0.000450223192061117
5.07760500312315e-05
-0.00033539837573926
-0.000659672316771776
-0.000873245920018917
-0.000947730782741019
-0.000891892115717496
-0.000749994510940155
-0.000580924197635113
-0.000433370006547307
-0.000326283444707087
-0.000232397434629661
-6.60027588139656e-05
0.000312572190352967
0.00105278563644617
0.00220473084233674
0.00357375240511715
0.00469431715721669
0.00507824338136231
0.00458973969941212
0.00355874774093934
0.00248300269234392
0.00166958669112205
0.00116818221762571
0.000902189434270895
0.000781358311385816
0.000741129380088523
0.000742994554769894
0.000765754126774709
0.000797983901179578
0.000833566549118814
0.000869004868064849
0.000902067309738186
0.000930977517299425
0.00095394803167892
0.000968947144741605
0.000973421343530845
0.000964250901347441
0.000937594446526191
0.000888833451284654
0.000812439004960197
0.000702105040772949
0.000550715029135063
0.000350985907004997
9.64339719189411e-05
-0.000216116013973533
-0.000582633941093036
-0.000986166703853542
-0.0013925194330966
-0.00175252035106155
-0.00201647587516618
-0.00215708562123496
-0.00218304263555069
-0.00212344586358881
-0.00199129601696768
-0.0017662871165669
-0.0014311440921233
-0.00103943520457506
-0.00072375438975314
-0.000575828273952084
-0.000510047559743043
-0.000284172685383055
0.000386701781707188
0.00180326864551716
0.00425748325483255
0.00763431540207193
0.0105425446150775
0.00951020373562983
0.000933708665940003
-0.0117005405364523
-0.0191710203267803
-0.0177506342957656
-0.00983058079384591
-0.00278490563943024
1.92179605562615e-05
1.63313806922361e-05
-0.00088502538631019
-0.0018506862708989
-0.00272595279682264
-0.00355157014908514
-0.0043675285610334
-0.00516994225208123
-0.00591275917116718
-0.00650460796336461
-0.00679322154084616
-0.00658271215314699
-0.00574111869156013
-0.00436548575066809
-0.00284742229794688
-0.00171619385369581
-0.00133387745293589
-0.0016738721519971
-0.00238772335237059
-0.00307855962944359
-0.00350107720592518
-0.00357307516907213
-0.00329345439809003
-0.00269181343881542
-0.00190731874738503
-0.00147747369894091
-0.00269564370825037
-0.00713096248716738
-0.0140743749987848
-0.0183199122538724
-0.0153463908247886
-0.00775605135672208
-0.00128638211194243
0.00154360968451783
0.00188209448026555
0.00137060363059049
0.00078053119523247
0.000280508949401792
-0.000165434332899395
-0.000632860430727078
-0.00118915988167601
-0.00186007875768723
-0.00257491805655263
-0.003100308898496
-0.0030412117268952
-0.00206309413997019
-0.000351152440458691
0.00123242527294565
0.00186404225388515
0.00149504852942073
0.000646704911844154
-0.000136246569581999
-0.000562105917367717
-0.000594091442707168
-0.000331801253139474
9.48241485332346e-05
0.000570132829835757
0.000991862147969869
0.00125847110510335
0.00127292620888397
0.000973832126049956
0.000384536846809169
-0.00035145220067534
-0.000991617898904451
-0.00129054544828477
-0.00112346798530893
-0.000544353451203961
0.000264677169070637
0.00110074171999486
0.00182208692578456
0.00236927144570132
0.0027432500715463
0.00297235569490795
0.00308840730767201
0.00311632941674134
0.00307330272342199
0.00297185609454687
0.00282314727151345
0.00263892241392227
0.00243224884677318
0.00221750950935018
0.00201036964853074
0.00182742154741788
0.00168512426235168
0.00159804947053033
0.00157686641522048
0.00162698188255206
0.00174745773406926
0.00192627025441539
0.00212648787467629
0.00226546004178374
0.00221383467113867
0.00186181070560565
0.00124125709710654
0.000563821211940763
8.20454815197991e-05
-7.84150522292748e-05
5.27522470150643e-05
0.000367533781187035
0.000755584483869143
0.00113805631585251
0.00147071244072094
0.00173533409864035
0.00192962867906488
0.00205939709729819
0.00213347117750118
0.0021607216016406
0.00214882001081662
0.00210381712051344
0.00203045358304621
0.00193277061022457
0.001814848271664
0.00168160485536362
0.00153943524594524
0.00139654954267598
0.00126281207712964
0.00114906417714167
0.00106583075698552
0.00102156616499371
0.00102086117337308
0.001062921972661
0.00114101506021314
0.00124308341398205
0.00135369493392545
0.00145699008413658
0.00153966284166529
0.00159329771598493
0.00161530788744813
0.00160846336250131
0.00157940882594687
0.00153692059079447
0.00149039669494755
0.00144905754062563
0.00142145184511833
0.0014151568805687
0.00143586809109308
0.00148542289579723
0.00155908619348111
0.00164359081900045
0.00171905267798422
0.00176629266768202
0.00177687864422182
0.00175879311115068
0.00173300818140376
0.001723055031988
0.0017454038214737
0.00180543358041518
0.00189898652358522
0.00201628158613687
0.00214558926181496
0.00227545760012049
0.00239540609570099
0.00249561482590366
0.00256604182347075
0.0025954571825082
0.00257062149344733
0.00247619147408784
0.00229651853089763
0.00202042271801872
0.00165086833092687
0.00121819221376995
0.000788763498960066
0.000450206538715747
0.000261096699816221
0.000204786188007233
0.000225719443136541
0.0003129163594906
0.000486899409679609
0.000719929671433306
0.000934663457741181
0.00106766262497615
0.00110631503957848
0.00107895914425171
0.00102757802267206
0.000986632997523884
0.000973876534970941
0.000989691661956726
0.00102056141315643
0.00104432018588341
0.00103720365629556
0.000985245218743103
0.000903088714920841
0.000856825721484711
0.000963962243361038
0.00131916144674449
0.00184807169567591
0.00226502705480414
0.00230551688851222
0.00198870364620518
0.00155291335346419
0.00121567755861918
0.00106468722727016
0.00109099396183865
0.00124962817871221
0.00149463774690162
0.00179042891623737
0.00211209938427714
0.0024413748800356
0.00275766076640593
0.0030205449252918
0.00314432924142238
0.00298113200791761
0.00235663710768108
0.00119812493259985
-0.00032229219293356
-0.00181614723260282
-0.002798195009035
-0.00275658385007205
-0.00154967150223229
0.000340072414672932
0.00221649365528265
0.00357108786985805
0.00412325729115537
0.00372105679602441
0.00232628361018783
0.00018819390490421
-0.00187038162735575
-0.00265234501028999
-0.00191019422501881
-0.000598809890561824
0.000852584669530643
0.00211202166866542
0.00274583689119368
0.00280981904410282
0.00261113353161591
0.00236640707029778
0.00216747730874545
0.00207009964725557
0.00216218154491798
0.00257999177577517
0.00342510464435009
0.00447550885240844
0.00487958562445101
0.00370756758627522
0.00116974208097531
-0.00164257496493292
-0.00405946387616041
-0.0061113003546609
-0.00793374255181334
-0.00930437948909457
-0.0100529584656783
-0.0111014641923646
-0.0141810230225303
-0.0190602533756135
-0.0211161310659236
-0.0154816492958787
-0.0037917446960023
0.00826181345559007
0.0152985180079668
0.0118558829420579
-0.0060815352753707
-0.0305448888404669
-0.0393544086207953
-0.0227256435891832
-0.00249408271812968
0.00754234452671199
0.00866208216265818
0.00464293048452191
-0.000915334474882457
-0.00551819701044565
-0.00780721043369681
-0.00764632801519838
-0.0067903016542914
-0.00780916442622015
-0.00814230904921942
-0.00369284602896869
0.00416457979213192
0.0106192943327699
0.00931678068027963
-0.00442755831997488
-0.0250330867146431
-0.0380914855213632
-0.0354619555942293
-0.0189009696782705
-0.00570247182807293
-0.000732003346826104
-0.000146460621408551
-0.000818423107062927
-0.0013258616426981
-0.00147474255030033
-0.00153592694118743
-0.00165314428812735
-0.00176726411282857
-0.00173804304282044
-0.00145459200240339
-0.000894972984610831
-0.000133415500869205
0.000688216150734888
0.0014083401111975
0.00190503168795431
0.00213910000823603
0.00214921413999036
0.00201317851278304
0.00181361592410667
0.00162618807308945
0.00152228230021478
0.00157083235308164
0.00182827086803172
0.00231287211605036
0.00296865865223594
0.00363827856730836
0.00407543998548476
0.00401528810201057
0.00326065285882748
0.00173575598338971
-0.000376976228011472
-0.00245298226175805
-0.00369560493318488
-0.00370772301749867
-0.00263303823189176
-0.000899408325594209
0.00103714259402921
0.00282095458103981
0.00423633905732856
0.00519913001539862
0.00572174529978042
0.00587059845180704
0.00573266434322761
0.00539860933734815
0.00495924412646787
0.00450607884339149
0.00412777589886559
0.00389899779129621
0.00386394249929367
0.00402193278681295
0.00432419655638228
0.004687839005868
0.00502357599962977
0.00526390597777038
0.00537821454038578
0.00537080935281153
0.00526827470537228
0.0051051718408246
0.00491377494249434
0.00471894190390287
0.0045369263901307
0.0043764103452304
0.00424035806467771
0.00412802569904613
0.00403673761084633
0.00396327415330688
0.00390484311552086
0.00385960707838251
0.00382688325473168
0.00380686038248257
0.00379999920419039
0.00380633857766099
0.00382457954195559
0.00385123599677684
0.00387990750638778
0.00390074639256
0.00390034116115601
0.00386219389802989
0.00376808584334754
0.00360072527350042
0.0033479830019445
0.00300852120993511
0.00259789967316237
0.0021525836668701
0.00172891145844289
0.00139498967932639
0.00121698207067311
0.00124399934797736
0.00149658618830983
0.00196186955569999
0.00259625654308593
0.00333340022251605
0.00409341449625344
0.00479012385312672
0.00533545985170747
0.00564355229215607
0.00563960544930353
0.00527766719216061
0.00456469306797658
0.00357833762620885
0.00246291875782845
0.00139981359836838
0.000563704638523177
8.09075029195583e-05
-4.9960036108132e-08
0.000282046608290898
0.000818189960227755
0.00146830880787263
0.00210195749694719
0.00262245780646708
0.00297563085283059
0.00315083514834669
0.00317441628538973
0.00309569037071356
0.00296901392360382
0.00283953971447204
0.00273635558656338
0.00267258437602891
0.00265005795085926
0.00266514588176392
0.00271378475247275
0.00279395395708093
0.00290468760155704
0.00304247738114327
0.00319918536106911
0.00336722871807638
0.00355490081815901
0.00379830611407783
0.00412306855324118
0.00440054659378575
0.00421443990816783
0.00316995318883073
0.00159247059983159
0.000400612876205741
7.49622586226906e-05
0.000339905881219238
0.000719602155641041
0.000851085868447399
0.000362798679987009
-0.00111347597808731
-0.00365996122297929
-0.00679268863379434
-0.00941714484170575
-0.0101567421140203
-0.00815081335758805
-0.00414748235755269
-0.000473054928562533
0.00124343868534993
0.00119250165298013
0.00016734391650175
-0.00106114006470648
-0.00187856397104724
-0.00204170014228566
-0.00171793690384447
-0.0012989054276602
-0.00117590381876198
-0.00164391833479272
-0.00295510282910527
-0.00539071010052794
-0.00903922492412335
-0.0130823574195915
-0.0157207580286922
-0.0162809987713786
-0.0166563651760043
-0.0181141768251791
-0.0155834456450066
-0.00528741495031682
-0.00289925861096663
-0.00782600650950371
-0.0174131820074308
-0.0353238327477357
-0.0369076991191264
-0.0181061388104808
-0.00326469962175224
0.00235371722112632
0.00187319049160806
1.7696955012525e-05
-0.00133948407921025
-0.00193735028020114
-0.00202848848829262
-0.002214706196213
-0.00327800009358725
-0.00541114930641129
-0.00744041495082115
-0.00783525466729884
-0.00654722942527997
-0.00470645744599096
-0.00323188142914432
-0.00252129428446324
-0.00278432832345743
-0.00396928045987011
-0.00538724620469111
-0.00593868287879218
-0.00501902963634393
-0.00302512459526838
-0.000874345040813296
0.000797184540601847
0.0018524626277383
0.00239590569606207
0.00251779708193567
0.00218832729714791
0.00126681998224853
-0.000348643336423038
-0.00234251507080785
-0.00352901041722475
-0.00219958495861761
0.00158039137332366
0.00455694371126469
0.00520382625879279
0.00502133890023515
0.0046665005193347
0.00421841450659599
0.00388358234459929
0.0038335112861887
0.00409778877497047
0.00458857396523626
0.00514202014301191
0.00556100721027519
0.00567061952949643
0.00536970468090203
0.00465899541168824
0.00365800723045595
0.00261206611895659
0.00182363013578879
0.00149221746070793
0.00160672586346777
0.00199753547036607
0.0024680923971232
0.00288362111966478
0.00318649551189765
0.0033711478053533
0.00345351525155024
0.00345054540495937
0.00337133099215237
0.0032164881869079
0.00298252533781351
0.00266950350713557
0.00229039565091682
0.00187931892270399
0.00149346091049551
0.00120361498545662
0.00107366338042425
0.0011371181773967
0.00138313249742339
0.0017605750191052
0.00219836371329052
0.00263012944756724
0.00301051961137944
0.00331871197190026
0.00355313556354986
0.00372328279318879
0.00384270393283259
0.00392423871176106
0.00397750166136746
0.00400757205198943
0.00401410016337422
0.00399042465737409
0.00392240684377043
0.00378746478624237
0.00355510620941857
0.00319093085288102
0.00266667243842278
0.0019772572468213
0.00116223142221372
0.000322003534947157
-0.000387267995449747
-0.000792138576954926
-0.0007594147533041
-0.000231209495993312
0.000778732633932577
0.00219445572824384
0.0038783753986138
0.00563855628854526
0.00723488491338742
0.00838492053567563
0.00881678619002457
0.00838918379209019
0.00718812787070533
0.00549347789480237
0.00363381547074937
0.00183556503330351
0.000224187335362558
-0.000959310408887859
-0.00133398847523836
-0.000769440067216465
0.000431787938737216
0.00179845027759029
0.0029788727040625
0.00382367471019052
0.00433019176071525
0.00455868676141336
0.00457511806217781
0.00442806902256621
0.00414792644676254
0.00375575126554395
0.00327242677400363
0.00272234457199261
0.0021282198225947
0.00150268686383015
0.000848987546930857
0.000179589676463365
-0.000456090720746261
-0.000964361923649903
-0.00124440457938135
-0.00125867094524779
-0.001084021761244
-0.000890021389921003
-0.000840261193957303
-0.000980404646355737
-0.00119411147636583
-0.00126486598972519
-0.00101173514011066
-0.000406852329604135
0.000413080680772282
0.00123936416684955
0.001902222823702
0.00232359687046824
0.00250388598743712
0.00247988296564472
0.00228937979684929
0.00195305993599959
0.00146617162855023
0.000789301957127009
-0.000165267799445701
-0.00153067558628095
-0.00336829453218002
-0.00520066212317261
-0.00548509015985132
-0.00395004029485335
-0.00427193835861317
-0.0059982907529843
-0.00657091048239522
-0.00622641938008428
-0.00544588818485181
-0.00445299352946904
-0.00343507444711122
-0.00249807952101833
-0.00167722502553147
-0.00100813801751087
-0.000576716452371784
-0.00051147974744481
-0.000901834162903015
-0.00168586256066305
-0.00267305066969925
-0.00379808406947291
-0.00525581800303598
-0.00709025060885438
-0.00863876747914105
-0.00881009709630121
-0.00719789783332203
-0.00450316450795185
-0.00171062053411219
0.00063119509619014
0.00228034258142884
0.00261896060393951
-0.000205746530923534
-0.00870014060794233
-0.0204586569907406
-0.0235137687099041
-0.0126760046903485
0.00293923774208338
0.0124566135184523
0.0117202803018301
0.00438974412375615
-0.00520459231267978
-0.012621792500056
-0.0134994793121734
-0.00879865069691732
-0.00334928751399843
0.000201705319113898
0.00156149537744454
0.0015605960967946
0.00106200603866569
0.000521227505601018
7.58837437331294e-05
-0.000269417821385787
-0.000532041077860868
-0.000700051128177392
-0.0007183920125442
-0.000532185406854069
-0.000202438066310151
2.22710738739806e-05
-9.2192919964873e-05
-0.000454125625992674
-0.000754751816600674
-0.000822009127432466
-0.000690791868152019
-0.000457911486506646
-0.000184607884534671
0.000106581410364015
0.000402888833406223
0.000684940992812244
0.000920363785184009
0.00106139541600214
0.00111688436277291
0.00140383260571753
0.00250451881456115
0.00372553099481365
0.00316908721487152
0.00211410888795172
0.0023346546917935
0.00289471779879591
0.00240328867917583
0.000387923027034276
-0.0027019164683395
-0.00556730217482482
-0.00645463682502623
-0.00476130246340745
-0.00174882330838955
0.00121244125850239
0.00321979110040616
0.00394506649570303
0.00370613539857345
0.0030038860288073
0.00217522666545733
0.00135677025170367
0.000575017811144107
-0.000171040959173752
-0.000860844728833854
-0.00142608147513101
-0.00175252035106155
-0.00173765446476182
-0.00140235600909477
-0.000947830702813235
-0.000625410834231843
-0.000525146592877945
-0.000546662715095181
-0.000546640510634688
-0.000449440484828756
-0.000251598741840553
1.32671651442706e-05
0.000302535774210355
0.000581945602817768
0.000833910718256448
0.00105647712800305
0.0012562506590541
0.00144142475733133
0.00161841651191708
0.0017910117833253
0.00196079819048123
0.00212773132446387
0.00229040120203194
0.00244612108346587
0.00259138266400782
0.00272218914076916
0.00283441048409827
0.00292369461973863
0.0029849456240072
0.00301138003422352
0.00299327229669188
0.00291706658828161
0.00276615397254432
0.00252414755763652
0.00218226547943345
0.00174942282882284
0.00126086918683654
0.000777855557743123
0.000372823993899374
0.000102529096324133
-1.774136393351e-05
-2.22044604925031e-05
2.34923192010683e-05
5.81201753391269e-05
5.84199355557757e-05
5.18363130197486e-05
0.000102529096324133
0.000279409828607413
0.000624100771062785
0.00113403730850337
0.00176478831548366
0.00244599895893316
0.00310176329065825
0.00366862096257137
0.00410793621341554
0.004410161125179
0.00458970639272138
0.00467352823108058
0.00468967087385863
0.00466068295068567
0.00460208537944595
0.00452371473613766
0.0044314996117123
0.00432895941315792
0.0042181036441491
0.00410004252771046
0.00397513133520988
0.00384340337333811
0.00370447006403651
0.00355766527349033
0.00340191208536567
0.00323565618742805
0.00305655500909552
0.00286133339244543
0.00264547272976756
0.00240316655464312
0.00212698747503737
0.0018079093777601
0.00143662859386495
0.00100883745801639
0.000533240118727463
3.09197112358106e-05
-0.000481614748082393
-0.00100470742836478
-0.0015318635249173
-0.0020038304349157
-0.00230013785795791
-0.00229388730232927
-0.00191890947576212
-0.00117940102128955
-9.69335722800224e-05
0.00134796618311839
0.00320864446123892
0.0053822279966198
0.00702582436673538
0.00572302205625874
-0.00158861812593614
-0.0126417765144993
-0.0166395675016417
-0.00930608923255249
0.00197801774959316
0.00925423071507225
0.0108982267654767
0.00933347843457
0.00694225787967184
0.00498261432113623
0.00393247656660378
0.00378078679474925
0.00420694590275161
0.00488868945325294
0.00551997336728505
0.00508850739322497
0.00188421500624258
-0.00371837005630482
-0.00768480834523189
-0.00717722548060351
-0.00453302950731427
-0.00322228910221156
-0.00376028097548442
-0.00468094452088508
-0.00478046491281248
-0.0041299630382241
-0.00358837404235146
-0.0036788794233189
-0.00429325464068597
-0.00508242337105003
-0.00575655079160242
-0.00614726047842851
-0.00616131590192026
-0.00577156100689535
-0.00530064880877035
-0.00626232399270066
-0.0109602105169415
-0.017434698129648
-0.0229538610341251
-0.0157165169767381
-0.0036990188689856
0.00108386633002056
-0.000108690834110803
-0.00663913368725844
-0.0191877624899917
-0.0312067705010577
-0.0302243341465669
-0.0229530616735474
-0.0176514136640549
-0.0163459246138586
-0.0205702566091759
-0.0218386420058891
-0.0119446452728766
-0.00347133433109548
7.07656155896075e-05
0.00051112447607693
0.000134514621663584
-9.17932396760079e-05
-7.16315895488151e-05
0.000103850261723437
0.000356492613207138
0.000637634389732966
0.000919153642087167
0.00118549614569474
0.00142724720930687
0.00163586921786418
0.00180068182586979
0.00190940596667133
0.00195222726873112
0.00192941218557507
0.00185956805509591
0.00178297376862702
0.00175376380084913
0.00181986647973531
0.00200014449447394
0.00227488028414768
0.00259772203747843
0.00292043056404623
0.00321443982542746
0.00347869510974874
0.00373425734778721
0.00401111366343798
0.00433413305245267
0.00471247485478443
0.00513457609763179
0.00556927282069353
0.00597293881021699
0.00630110963406594
0.00652145004664817
0.00662370713833127
0.00662327970246679
0.00655744347710652
0.00647504827533396
0.00642089714730787
0.00641712794013927
0.00645044573310827
0.00647837339329271
0.00645614117722459
0.00636323216340884
0.00620727913513974
0.00600672844797145
0.00576866332480108
0.00548260881139129
0.00514819853414394
0.00481646944550107
0.00457838211787021
0.00449259518475742
0.00454030701924069
0.00465162908191985
0.00475713357594998
0.00481640838323472
0.00481934492313485
0.0047747805709264
0.00469863037366736
0.00460589344442042
0.00450623427461494
0.00440218417274707
0.00428880819747235
0.00415491530070256
0.00398615029872929
0.0037706449074193
0.00350636741863752
0.00320753423821429
0.00290597546026561
0.00264518407178116
0.00246908604673024
0.0024100499373958
0.00247977749445738
0.00266573429996697
0.00293601809531197
0.00325087734509566
0.00357460727684611
0.00388212795243703
0.00415985579316214
0.00440287251102234
0.00461092275472197
0.00478466710696068
0.00492267338003671
0.00501902963634393
0.00506190644955495
0.00503341812674307
0.00491230389698671
0.00468045602275424
0.00433347802086814
0.00388902243741995
0.0033816616173965
0.00285312884429345
0.00238465913682262
0.00214078754723346
0.00226954011139924
0.00273936429096011
0.00336780603404918
0.00397871735557942
0.00448295844890367
0.004850730928041
0.00504728481232064
0.0049825366055245
0.00449132953050935
0.00335326211242659
0.00133570932092653
-0.00178094206049195
-0.00594403415377087
-0.00941293709644242
-0.00769944108469645
-0.0012152501227547
0.00100194297303347
-0.00133226762955019
-0.00379213327406092
-0.00527011767559316
-0.00600386407256792
-0.00631842356213497
-0.00617138562475361
-0.0054318438635903
-0.00430270263862553
-0.00327370353048195
-0.00273482347878939
-0.00278517209295615
-0.00334969829651754
-0.00413158396384006
-0.00442953451695871
-0.00371520592068464
-0.0024713564528156
-0.00139975808721715
-0.000800126631617104
-0.000824462720316887
-0.00148111523046168
-0.00255794274650611
-0.00336142225165759
-0.00234240404850539
0.00100455199714133
0.000229871677248639
-0.00655789866854661
-0.00979351044705368
-0.00907538488803539
-0.00753791473684373
-0.00634803321020172
-0.00561680701949285
-0.00543644018691225
-0.00584482462429037
-0.00625908214146875
-0.00580339110101136
-0.00445128378601112
-0.00301613178876892
-0.00213171702512227
-0.00186768378540592
-0.00217581508366038
-0.00340639738638515
-0.00596922511419962
-0.00799222910075059
-0.0051751936069877
-0.0010638823155773
-0.000371480624039577
-0.000559796653476496
-0.000782507392216303
-0.00122686305559228
-0.00181918924369029
-0.00188972171244473
-0.000989053283717567
-0.00344392292461748
-0.0100585206830317
-0.0104526498567736
-0.00685702605807137
-0.00398561184056234
-0.00246328513142657
-0.00172989400581969
-0.00155981894067736
-0.0021297075214477
-0.00349764661677909
-0.00504468689044302
-0.00569898572777561
-0.00497818453126797
-0.00347676332168589
-0.00212175832459138
-0.00133610900121539
-0.00100436325922715
-0.000860456150775235
-0.000744571071464861
-0.000637112584911392
-0.000589772675141376
-0.000640953956576595
-0.00073808736900105
-0.000676259048759675
-0.000133293376336496
0.00101796349127881
0.00227040608535845
0.00288485901833724
0.00292160740045233
0.00296607183258857
0.00327707860847681
0.00374905662070546
0.00419416723573818
0.00447316628182648
0.00450189885370378
0.00423004964389406
0.00363483687593202
0.00273910893966445
0.00164448454853527
0.000547173417686508
-0.000301569880178931
-0.00067585936847081
-0.000460631532916977
0.000251632048531292
0.00116683329665079
0.00197749594477159
0.00253003173966704
0.00282827095077209
0.00294811952628038
0.00296399571553252
0.00291831003806919
0.0028223423598206
0.00267195154890487
0.00246790921032414
0.00223394636122975
0.00202454164544008
0.00191540117100431
0.00197759031372868
0.00224793517134003
0.00271273559171448
0.00331367711048358
0.00397094024329192
0.00460972371385537
0.00517608733652253
0.00563735724767866
0.00597116800449271
0.0061518679039807
0.00614477357885335
0.00591939830485444
0.00548303624725577
0.00490757434690181
0.00430013802343865
0.00370802277771531
0.00307917025210713
0.00242165176800313
0.00193927096603375
0.00183228987538087
0.00207666106533111
0.00249273934826988
0.00290987234308204
0.00323746585095819
0.00345421469205576
0.00357459617461586
0.00362332386316666
0.00362255780927967
0.00358767460184595
0.00352683438009649
0.00344143602504232
0.00332576188810663
0.00316598969263282
0.00293910451532042
0.00261538568580022
0.00216977547040642
0.00160645940994186
0.000986621895293638
0.000430844249166284
6.68798350034194e-05
-5.92303983637521e-05
-1.7874590696465e-05
6.57807142090405e-05
4.11004563716233e-05
-0.000384337006664737
-0.00174292802412879
-0.00436333191800031
-0.00712255809887097
-0.00734443617034231
-0.00383555409655401
0.00174875669500807
0.00645079545336102
0.00893324303419263
0.0102962194326039
0.0117404197474968
0.0126849863946177
0.0109639852752252
0.00576944048091832
-0.000448652226481272
-0.00489471796427665
-0.00689946988430279
-0.00721681603366164
-0.00685956846879776
-0.00640560937625878
-0.00583209036619792
-0.00491593432627724
-0.00369531072408336
-0.00248814302494793
-0.0016076917574992
-0.00119366738715598
-0.00124831256442803
-0.00171334058052253
-0.002473132809655
-0.00331246141627162
-0.00412072598265922
-0.00575441916339514
-0.010615064383046
-0.0203267402909546
-0.0237764696819909
-0.0171111347313513
-0.0120289112004457
-0.011129119847908
-0.0122420518167132
-0.0141331391034782
-0.0153061563423762
-0.0132175381750699
-0.00768378694004923
-0.00291897617188397
-0.00275848233144416
-0.00661846133453992
-0.0121274323916509
-0.0152157397792507
-0.00431030766634422
0.00574384984020071
-0.000133071331731571
-0.000113864473405556
0.00305988567816939
0.00534208233204936
0.00586524162571322
0.00455040449764965
0.00155568891102575
-0.00172197811565411
-0.00338900019158928
-0.00346691564345747
-0.00325557358848982
-0.00361417562544375
-0.00447164527628274
-0.00582549564143164
-0.00771951391698167
-0.00911021258431788
-0.00786658516105376
-0.00447217818333456
-0.00188368209919076
-4.57411886145564e-06
0.00171774816593029
0.00294589908023113
0.00351305651236089
0.00354479778863492
0.00311306536104894
0.00217954543302312
0.00110996767332949
0.000619027051840249
0.000932420807231438
0.0016959322834964
0.00251269005602239
0.0032061908683545
0.00375121045337323
0.00412861966836431
0.00423581170139187
0.00391429111346042
0.0031088798202461
0.00201095806673379
0.00104588560034813
0.000672006894575361
0.000955235890387485
0.00153419499326901
0.00205033767741725
0.00236159980460116
0.00245126141606988
0.00227873275804313
0.00177877712559393
0.00109849906948511
0.000833655366960784
0.00163351554505198
0.00282475154378403
0.00244491094036903
0.000518773912716597
-0.00105927489002511
-0.00151908485790386
-0.00122837295890577
-0.000664845956066529
-8.27338197950667e-05
0.000435174118962323
0.000882416362202321
0.00127488020140731
0.00162962976446579
0.00195845561989927
0.002265787557576
0.00254827270396163
0.00279586354068329
0.00299549274274113
0.00313706838284133
0.00322053494983265
0.00325985904936488
0.00328080895783955
0.00331206173598275
0.00337482264356481
0.00347660789046245
0.00361196628162475
0.0037677416742099
0.00392932908432897
0.00408482692115797
0.00422646917463965
0.00434958735695545
0.00445033454532506
0.00452343718038151
0.00456045201602251
0.00454905002555961
0.00447392123348322
0.00431980007320476
0.00407708311556121
0.00374892894505763
0.00335768635117972
0.00294771429487639
0.00258301713351727
0.00233812968986058
0.00227928231844032
0.00244011477690265
0.00280657719287092
0.00332203153874389
0.00390695809038277
0.00447964443317517
0.00496986340969841
0.00532460742164176
0.00550813838984254
0.00549902345881037
0.0052858994958882
0.00486452544912197
0.00423904800150865
0.00343145512005094
0.00250133247448048
0.00157097668207484
0.00083929529992588
0.000556260593143065
0.000937144806201218
0.00203345673632782
0.0036370628730964
0.00531885091525908
0.00662258026196128
0.00728618831935535
0.00732304217265778
0.00693147206298761
0.0063445471099044
0.00573307512574672
0.00518723397568976
0.00474291161900453
0.00441461867062287
0.00421394030780675
0.00414627221445585
0.00419033696630322
0.00428425073195626
0.00434843272500984
0.00433812985534132
0.00426938484565653
0.00418964862802795
0.00413333811621897
0.00410543821161014
0.00409087208552705
0.00406803479791051
0.00401488842172171
0.00390684151696519
0.00370539154914695
0.00333553185072333
0.00267484923099914
0.00168285385626632
0.000843847214326843
0.000845257197568117
-0.000677247147251592
-0.00476269024218823
-0.00580366865676751
-0.00308595371478759
0.000272404321322028
0.00190085724938172
0.00110362829985888
-0.00133177913141935
-0.0050197179746192
-0.00621167561831726
-0.00227033947197697
0.00133386635070565
0.0021503021585545
-0.0036232128408642
-0.0199390948196765
-0.0172765801664809
0.00808688671583013
0.00143201006608251
0.00243252085141421
-0.00395778965156524
-0.0146785250620951
-0.0230689689573182
-0.0207601491553078
-0.0113653975120087
-0.00476803041493667
-0.00285909074193569
-0.00353297391342267
-0.00775328690139077
-0.0208191019979154
-0.0353485907211848
-0.025092683486605
-0.00325843796389336
0.00491537921476493
-0.0199475325146636
-0.0604245542490389
-0.0399294153297092
-0.0107557296402661
-0.0020516699450468
-0.00586075632469374
-0.00863775717618864
-0.00805111532997671
-0.00483200146561558
-0.00614293060863247
-0.0070352390579842
-0.00634265973076253
-0.00635220764877431
-0.00428286295317548
-0.00405968592076533
-0.00743407557735054
-0.00642899067315739
-0.0033924862918866
-0.000270583555561643
-0.000873212613328178
-0.00821291923358558
-0.0208858264016953
-0.022388446652144
-0.00826492208005902
0.000802491406659556
0.00329305471780117
0.00304456460042957
0.00164612767861172
-0.000228228547172193
-0.00165771840698881
-0.00177122760902648
-0.00040242253973588
0.00171358482958794
0.00362022634092796
0.0048793191709251
0.00554690737786245
0.00586751758291371
0.00608273431623729
0.00634676755595365
0.00670293820448364
0.00711095626826364
0.00750118855918913
0.00782079956351822
0.0080521922463106
0.00820615797536561
0.00830366886361844
0.00835834734758123
0.00836352098687598
0.00828296320420918
0.00804646349550353
0.00756086304676273
0.00676018130363332
0.00571739322552389
0.00478580508556092
0.00457845983348193
0.00547913936443933
0.00701991798024437
0.0084188545024233
0.00953676027037886
0.0104565134328993
0.0110570330669191
0.0112353903958251
0.0110268350006493
0.0105074282608086
0.00968334301632012
0.00845818970418577
0.00671711575250811
0.00454013493467187
0.00242602604672015
0.00120423671035041
0.00144267930934916
0.00294287927360415
0.00497251129161214
0.00684556855645724
0.00822178991555234
0.00906839048298025
0.00950357570417282
0.00967030899801102
0.00967692592723779
0.00958677581763823
0.00942852462770816
0.00920936660264715
0.00892491636150794
0.00856557047512752
0.00812214739909223
0.00759319274123982
0.00699585944730075
0.00637903063704925
0.00582969228446473
0.00545349321257049
0.00531206190146349
0.00534264854579192
0.0053595905491477
0.00520625764721672
0.00492600404911059
0.00473566741376885
0.00473199257555734
0.00451669812662203
0.00335337313472905
0.00106925579501649
-0.00144771972188096
-0.0025436319717187
-0.00102314823280381
0.000975819425264035
0.000974564873246209
0.000992295134949472
0.00188126181299708
0.00272486477825851
0.00316187076521146
0.00347093465080661
0.0041975090070423
0.00550257617248917
0.00579316594695456
0.00371056518844171
0.00227280416709164
0.00284823276075485
0.00342053052548863
0.000820743473184393
-0.00917148579304694
-0.0204945616033569
-0.00608175731997562
0.00163622448923206
0.00858497717359796
0.00321864757069079
-0.0134453337352625
-0.032642244462977
-0.0380250053666487
-0.0267058597458458
-0.0174884995374214
-0.0160143232008636
-0.0258903787297982
-0.0185787607520638
0.00971485114575898
0.0197031724269436
-0.00523276977304477
-0.0123067778190489
0.00916133835460187
-0.000498689978201128
-0.00220949925022751
-0.00358388874133198
-0.0046921355689733
-0.00214412931853758
-0.0105504716074734
-0.0218335349799759
-0.0195566673966141
-0.0160394808546016
-0.0106523678766735
-0.00458497684263648
-0.00423920898384722
-0.0154857460188396
-0.0282171619403471
-0.0127885924072757
0.0151182399932281
0.0196210603320424
-0.00355473428470532
-0.0333719496481422
0.0182456272312947
0.0156584967214712
-0.012213186018073
-0.0174127157137605
-0.0175857550743785
-0.0221981766301838
-0.0343787442957932
-0.0321813908854551
-0.00909097241930112
0.00310347303411618
0.00470794514484396
0.000854538662053983
-0.00417932355389894
-0.00331645821916027
0.00157107660214706
0.000943534139707936
-0.00122037935312846
0.00298356894745666
0.00850264303409176
0.00793258791986773
-0.00289501755901256
-0.0187646231886163
-0.020928236921236
-0.00746233075332725
0.00800171040538089
0.0146045286975038
0.0129686705818699
0.00826678725474039
0.00382175402435792
0.000921451803748141
8.30890911629467e-05
0.0013175571744739
0.00386367604576776
0.00646325215569732
0.00824496027007626
0.00905583386057174
0.00909591291176071
0.00862477866903077
0.0078842377071453
0.007073597263485
0.00633455510268277
0.00575903769117758
0.00541149347554892
0.00534049471312414
0.0055691451450457
0.00607244254879902
0.00675561828700211
0.00744311279277099
0.0078855810770051
0.00779522002503086
0.00693402002482912
0.00529434274199048
0.00335668159934244
0.0021590396137583
0.00270727884554844
0.00502119457124195
0.00812704348263082
0.0109649067603357
0.0129258936887311
0.0138114297776326
0.0136358035973672
0.0125254140392883
0.0107703734819609
0.00889562867811833
0.00753850315504678
0.00716064985084586
0.00780873143924055
0.00894160301356806
0.00954470946723518
0.00910123088004866
0.00824579293734473
0.00775183250922851
0.00777014008690458
0.00812381273362917
0.00862511173593816
0.0091221474818326
0.00947254497063454
0.00954484269399813
0.00924408327662718
0.00853809245526804
0.0074749206824265
0.00619496676179665
0.00493787233324383
0.00402554656275811
0.00378602704742548
0.00439250857908746
0.00565101299088155
0.00692665924617586
0.00752747864041226
0.00734758920373224
0.00681128486945681
0.00610130834743927
0.00509892128519596
0.0041092462765846
0.00372025743544668
0.00414569489848304
0.00526441112924658
0.00698376911856258
0.00901685393017715
0.00942752542698599
0.00476862993536997
-0.00151312296026163
-0.0012466472298911
0.00844739833638641
0.0150592205372391
0.00870687966170181
-0.000750000062055278
-0.0151189283315034
-0.0188829840652716
0.0410013356599848
0.0589326587530081
-0.070122729844968
-0.104737707395941
-0.0070814465402691
0.030061220179789
0.000633293417706682
-0.0260367283289042
-0.032526914495179
-0.0168257852095621
-0.0020019097490831
-0.00340749650717953
-0.00968161106840171
-0.00892781404360221
-0.00522635268396243
-0.0109981801443837
-0.024192337022555
-0.0304877456613895
-0.0586870552155005
-0.0894009088980852
-0.0576545922115201
-0.00910835851186675
-0.00577773384691227
-0.00147328815813808
-0.00307780467778684
-0.0154066759350258
-0.0168505653874718
-0.0305073966089253
-0.00649744702485577
0.0101290309473256
0.00741775529888855
-0.00402295974311073
-0.0142250655699172
-0.0116394893723282
-0.00555211432384795
-0.00125928156791133
0.00134965372211582
0.00241653363985961
0.00121380683282268
-0.00145383705074664
-0.000355471208024483
0.00775772779348927
0.0167809099949068
0.0193922655711276
0.0152094004057801
0.00918741749345031
0.00528239674224551
0.00465250060699418
0.00718812787070533
0.0127664767646252
0.0184451565132804
0.00772466535181593
-0.0241003772494253
-0.0350897311207632
-0.0215890527677232
-0.00758991758331717
0.000297017965777968
0.00470189442935975
0.00770808972205828
0.00976136949049078
0.0101648023331791
0.00739565075846826
0.000815880696336535
-0.00652752296659287
-0.00872218963721139
-0.00317250670178737
0.00583417758548421
0.0126277766021587
0.0155449542127428
0.0156904822468107
0.0144688705461249
0.0127957089368635
0.0111478049014124
0.00975144409665063
0.00873001670953499
0.00819586620792734
0.00829618596043247
0.00920039600060818
0.0109747877452548
0.0133160593662751
0.0153667301105997
0.016051038276288
0.0147554413132411
0.0115468523631534
0.00694350132945942
0.00184076087705876
-0.00240927278127856
-0.00431177316073672
-0.00319414494853731
7.59392548843607e-05
0.00377615716473656
0.00669276856157808
0.00854641912795273
0.00948835454650521
0.00964945900960856
0.00908924047138271
0.00792179655206837
0.00640337782797928
0.00491556795267911
0.00385714793438297
0.00350082185462952
0.00389629439823125
0.00487569984386482
0.00614357453798675
0.00738816785528229
0.00836677394033813
0.00894928575689846
0.00912908637573651
0.00902977692618379
0.00892464990798203
0.00921891452065893
0.01025546314537
0.011856116088893
0.0130123911645796
0.0126187948978895
0.0107606479282651
0.00859510240758254
0.00713513692573997
0.00667353949879157
0.00699929003644684
0.00777492514814071
0.00877028449863815
0.00993274351657192
0.0113078768571029
0.0126923915821919
0.0127902244351219
0.00847306669271575
-0.00250874876428497
-0.0142674538849974
-0.0153541845904215
-0.00608659789236299
0.00195385929657732
0.00432738289646295
0.00551976242491037
0.00872735217427589
0.0114684040042334
0.00764792673635384
0.000207500683302442
0.0039481085067905
0.0267405875220561
0.0374779318690344
-0.0151666457171018
-0.0532762278737664
-0.0212363682194905
-0.00515421039182229
-0.0192574844959381
-0.0168435265734956
0.00578641579096484
-0.0405438127515367
-0.0311525250040745
0.0257934784642089
0.0205552685983434
-0.00610891337515795
-0.00118960397088586
-0.0470627758986097
-0.0302905034388345
-0.17686134778927
-0.11781093878227
0.105564246233314
-0.0451636728016069
-0.0461899185566494
-0.0113316689365206
0.00689832635458743
-0.00111073372721648
-0.0341376482637656
-0.0498143082339197
-0.0470744110359078
-0.0367879726681508
-0.0435427027767332
-0.0256604959503193
-0.00206901162869144
-0.0358355345397854
-0.000824229573481716
0.0164920965772808
0.0223385754338778
0.022455037829161
0.0209269934714484
0.0211908934844018
0.0192982740898628
0.0138697719975767
0.00505855357602059
-0.0187037940690971
-0.0460613547303979
-0.0115871978678683
0.0185714110756408
0.0143800527041549
0.00854385451276585
0.0123742793789461
0.0206762607035671
0.0281499046295153
0.0332339045172603
0.0362488039584719
0.0378440390136348
0.0385313336792592
0.0386611631597589
0.0384835496802793
0.0381873199728489
0.0378958420199638
0.0376338737950732
0.0373137298836923
0.0367567087877774
0.035641067874792
0.0333073124636485
0.0287039947366452
0.020746138140737
0.00941939859444574
-0.00120246035351101
-0.00173958625282467
0.0137986955195402
0.0435983915636484
0.0766279928399172
0.0785015163984326
0.0335059091582934
-0.0300872882164072
-0.0602892846757186
-0.0438294511795334
-0.0256239474083486
0.00179749548578911
0.0027468027852251
-0.00945123979079199
-0.010261280714019
-0.0118357101897004
-0.0176615388980395
-0.0264669397509465
-0.0281065171137129
-0.037169622935096
-0.086904505813834
-0.0841794856043521
-0.0579292835922729
-0.045092396483426
-0.0216649587159168
-0.012968492946186
-0.0133980604388739
-0.0209221751035216
-0.0261193511263969
-0.0218943307928043
-0.0160239599367173
-0.0148805190391954
-0.0128425048373515
-0.0086669116328153
-0.00649438280930781
-0.00731523730479466
0.00130537802789377
0.00978281899932654
0.0163071556258387
0.0202854844033595
0.0210189199378874
0.0210783612786258
0.0281949352753941
0.0381408682414985
0.0192999838333208
0.00632081054163791
0.00627597973590355
0.00234139374555298
-0.0024171553647534
0.0150203849358377
0.0486120477205532
0.0592365045903875
0.0502265784518841
0.0432102797987
0.0393495458439475
0.0367051500305138
0.0343982398121057
0.032048474984947
0.02955451439135
0.0265492072770712
0.0218921103467551
0.0111045173056823
-0.0159595670012891
-0.0193596472186641
0.00514674969309681
0.0289790635932263
0.0943086275739802
0.0650260512102818
-0.0835750357808251
-0.0723311410766314
-0.0390776522252168
-0.0274953171341963
-0.0193559168693014
-0.0136813005369163
-0.0145385703476109
-0.014659584657295
-0.00771540609179056
-0.0213439266261162
-0.0630759222630672
-0.0665563826274251
-0.0671537270235945
-0.0272524003364083
-0.0167690972219248
-0.0165084168557428
-0.0180030435004142
-0.0231980878950822
-0.034942249094172
-0.048957571330277
-0.0607859318435544
-0.0533185273710046
-0.0307874392646568
-0.0226756613486145
-0.00792945709093829
0.0122259757873167
0.020183299476173
0.0179595671667698
0.0158558277618681
0.011674194944078
0.00484490225716172
-0.0105687680829192
-0.00774165176409269
0.00670681288283959
0.0144217748854203
0.0225768959083439
0.0230382823929176
0.0226438645611893
0.0311449754875071
0.0369931862920225
0.0377537112683513
0.0360287133460702
0.0290823809478979
0.0167271307915939
0.00750064454990707
0.00367996744188304
0.00655000498284153
0.00705808744783099
-0.00501640951000581
0.00391777721375774
0.0177696746206379
0.0204503303180559
0.0278318923463416
0.0301793923185301
0.0359534624294611
0.045203440990349
0.0366690677822135
0.016549361880891
-0.00456250592861807
-0.0126995081117798
-0.0108789199870785
-0.0160756075118229
-0.0235892416711181
-0.0170552238998312
-0.00789521781285885
-0.00611530825977979
-0.0146847201065725
-0.0295999891264387
-0.0964542890002917
-0.102223496334375
-0.0381847664598922
-0.0131262334335247
-0.0111681996983748
-0.0148059120519406
-0.0104767527986382
-0.00686590784226837
0.000706568137331942
0.0245268028109535
-0.00151840762185884
-0.0219995799355388
-0.0235475416943132
0.0039395375850404
0.014695067385162
0.024380431007387
0.0264376742720174
0.0238750574865776
0.0216585638312949
0.0192754923133975
0.0146371137432766
0.00782447440172973
-0.000310751424592581
-0.00765842944616679
-0.00602222716139522
0.0117557741319274
0.0282323275868634
0.0258627119720245
0.0278707945611245
0.045290815542387
0.0547675460538244
0.049623971598578
0.038345393527095
0.0243867370741668
0.0124017462965753
0.00362605501180724
-0.00191728855014617
0.00403079791766459
0.0135327082873005
0.0259346100150992
0.0394047683371923
0.0473980188431256
0.0258090659954746
-0.0519271958765444
-0.0827700796790509
0.00660580479205919
0.128675536892331
0.0628469942753895
0.0166956004576946
-0.00144348977215714
-0.00469608796294096
-0.00460913529565232
-0.0052249538029514
-0.00489659424118827
-0.00468840521961056
-0.00263324917426644
0.000735478344893181
0.00488082907423859
0.00850202130919797
0.00651876330692858
0.112188680567726
-0.0918425557827618
-0.0766463115198235
-0.0425027790740273
-0.0279850143058979
-0.0203115080310567
-0.0190990112614031
-0.0210119699417533
-0.0308156389294822
-0.0560819168882176
0.00170385927589223
-0.167606484247074
-0.00315683035267966
0.0468898475602941
-0.0988047199612652
-0.0289008150744507
0.0529774224489188
-0.0750900008839039
-0.098689745264835
-0.0268482347465238
-0.086463303183848
-0.0881877459946168
-0.141982359203041
-0.101144315145518
-0.0953667145253689
-0.0386785936612455
0.00402626820772412
0.0182386328262396
0.0162384328206144
0.00691358081894577
0.0232334151917257
0.0434417612993343
0.0384236864547916
0.0349278383993123
0.0359449359166319
0.0373233666195461
0.036411251791435
0.0325127036404638
0.0286935142312927
0.0307785574804598
0.0402503363972073
0.0505644637271985
0.0553914913936637
0.0549984058295649
0.051728399341755
0.0467164973372292
0.0412274214767194
0.0380572240388233
0.040480929719422
0.0490951279630281
0.059332827540004
0.0622804252614628
0.054573123797752
0.045535175630107
0.0424586588110287
0.0439344560732025
0.0458711291173586
0.0457476279080993
0.0430933955186674
0.0384027698530076
0.0334175798144543
0.0345266482071338
0.0434369873403284
-0.0102819530667375
-0.0297912583491211
-0.00447306636175426
-0.0112765574655782
0.00119191323477708
-0.0316288106816387
-0.0220368834291662
0.00422615276107763
-0.0038832714821524
0.00189881443901641
-0.0912066200342565
-0.080136852709245
0.00136670674777406
-0.00521003240550044
0.009153544588969
-0.0130021549082926
-0.0403496125400693
0.0121700649557965
0.0102956976277824
0.0014894974142976
-0.00720941084608739
-0.0134789734929086
-0.00319142490212698
-0.00340578676372161
-0.00378250764043742
-0.00153745904896141
-0.0266339617027711
-0.0159414037526062
-0.0132478250591817
-0.00245157227851678
0.00863782378957012
-0.0141320510849141
-0.0185807591535081
0.0111367137733964
0.00469275729386709
0.000278554956878452
0.0031750824192045
0.00148794310206313
-0.0400381283682805
-0.00102240438337731
0.0393952204191805
0.0439024594456328
0.044793124764908
0.0385915521761149
0.0475124606325039
0.0867044436247966
-0.0933530808211458
-0.0413912237817726
-0.00835853608549542
-0.0201249017450778
0.000563571411760222
-0.0509245756674659
-0.0166535008006008
0.0373220787608375
0.015527468200105
-0.0590166804315118
0.0263549848611433
-0.01588296161259
-0.0586350745734876
-0.15058272406776
-0.104438790948791
0.094839314179751
-0.0231188179711239
-0.0216086926130288
0.0026389779250735
-0.00383277853899244
-0.0577658143541271
-0.0945289846399078
-0.0239990471939677
0.00709639014218055
-0.00450655068817696
0.00725879356622272
-0.0146608281070826
-0.028517921357718
-0.0158802082594889
0.012811507410504
-0.0357148755014691
0.0640350661385014
-0.121214571713324
-0.0672309097282664
0.0441046976717985
-0.0550299139590038
-0.0703874514229597
-0.00113298259662997
-0.0099511732187807
-0.0103468567047571
-0.00349611450900511
-0.00498590058128912
-0.0510491426908288
-0.0443850955988978
-0.0244313458352963
-0.0180667703020276
-0.0115085496688039
-0.0147366119307435
-0.0164344537978423
-0.0121296750421607
-0.00542659250868383
0.000243782771747192
0.00365627528253754
0.00513645792565853
0.0055242588281601
0.00554125634266711
0.00559602364447187
0.00582408565819037
0.0062026606073573
0.00665392740906157
0.0071051386996146
0.00751024242795495
0.00784934894859646
0.00812037104225283
0.00833054736304462
0.00849051384754773
0.00861102300575567
0.00870148675335258
0.00876951844475116
0.00882102169086352
0.00886044848601841
0.00889107676371736
0.00891531848346006
0.00893493057319006
0.00895116480936053
0.00896492879931543
0.00897688590129064
0.00898749963340606
0.00899711416479931
0.00900596541785603
0.00901423102827437
0.00902203867170215
0.00902947716596714
0.00903661451224025
0.00904349650720349
0.0090501606209159
0.00905663877226459
0.00906294622681969
0.0090691051890559
0.00907512537339983
0.00908102343322525
0.00908680630739411
0.00909248509816507
0.00909806535665325
0.00910355818506048
0.00910897191008075
0.00911431069505397
0.00911958009108105
0.00912478842485598
0.0091299384719008
0.0091350330078086
0.00914007758368029
0.00914507358729111
0.00915002101864104
0.00915492404106999
0.00915977849125227
0.00916458298138423
0.00916933196037917
0.00917402404043344
0.00917865089489567
0.00918320419707186
0.0091876783958611
0.00919206238903314
0.00919634229879307
0.00920050702291064
0.00920454129582993
0.00920842985196657
0.00921215465021419
0.00921569903722741
0.00921904080853153
0.00922216053523073
0.00922503601286451
0.00922764503697238
0.00922996262752918
0.00923196380453817
0.00923362358795998
0.009234914222219
0.00923580795175383
0.00923627979653929
0.00923629644988466
0.00923583015621432
0.00923484899661275
0.00923332243995389
0.00923121856732223
0.00922850545981646
0.00922514981071743
0.00922111276224769
0.00921636239547752
0.0092108612403905
0.00920457043918077
0.00919744974625303
0.00918945614047573
0.00918054660070311
0.00917067116689907
0.00915978543014262
0.00914782694039218
0.00913474157427174
0.00912046549395029
0.00910492237160554
0.00908803449162576
0.0090697185872699
0.00904987473847996
0.00902839192295346
0.00900515495504806
0.00898003615911591
0.00895289675727895
0.00892360907388934
0.00889199547326314
0.00885794493309788
0.00882135753332136
0.00878218886501259
0.00874049166377233
0.00869649352530644
0.00865066074328524
0.00860383986278634
0.00855742698924189
0.00851360648645993
0.00847562575678751
0.00844813663469779
0.00843751735146725
0.00845205849752517
0.00850182979571912
0.00859775861616185
0.00874961769703475
0.00896248353309659
0.00923192911005799
0.0095393276611162
0.00984984871443828
0.0101162050958266
0.0102887309783029
0.0103288100294918
0.0102197417195526
0.00997061877505701
0.00961321577896967
0.00919436748958447
0.00876672623384422
0.00837940827835837
0.00806980038348115
0.00785821407944809
0.0077468143011572
0.0077226669503716
0.00776338993091485
0.0078434536643357
0.00793898835560469
0.00803050403952454
0.00810326250544335
0.00814599498966118
0.00814818212901969
0.00809667888290733
0.00797136801011789
0.00773963115818788
0.00734713401229214
0.00669992950008691
0.00562803137427181
0.00384008380649448
0.00102806652080289
-0.00241349162877214
-0.00510391728880677
-0.00844726510962346
-0.0141090028549229
-0.0239362529796949
-0.0320536708287023
-0.00196218596926201
-0.0156096691128482
-0.0693857193923009
-0.0241421327373814
-0.0145809364582306
-0.0425015800331607
-0.0571236613566839
-0.10851712861637
-0.038662251178323
-0.0100028652028072
-0.0309453129787585
-0.0265610866634347
-0.0613726180986873
-0.0705372871223631
-0.0431302771275455
-0.0519286613709369
-0.074766970392659
-0.0940926669912301
0.128813693045515
-0.14283847438179
-0.00806708033707082
0.000669220234783552
-0.0263635557828934
-0.0411171763303741
-0.0566186875161634
-0.0807500510902059
-0.0564162272453927
-0.037136849151409
-0.0435723235270302
-0.0486592988124812
-0.0428011404096651
-0.0391017662693116
-0.0330632854428359
-0.0253351561951831
-0.020598123207094
-0.0227834417998451
-0.0333019167797488
-0.040470382600688
-0.0303440161886215
-0.0250898857245829
-0.0277309397667125
-0.0324945181873204
-0.0352259998948057
-0.0354466123120289
-0.0341036754392121
-0.0320360626915317
-0.0297414981531574
-0.0274486766649318
-0.0254388288212226
-0.0241423325775258
-0.0235889141553258
-0.0232804442390488
-0.0228139229729862
-0.0221552554080517
-0.0214381679075615
-0.0207759531800633
-0.0202172056873451
-0.0197665273038439
-0.019409956975025
-0.0191295035367745
-0.0189089049973461
-0.0187350523983554
-0.0185978010769361
-0.0184893489407756
-0.0184036785810804
-0.0183361006933467
-0.0182829168471415
-0.0182411932780866
-0.0182085818645277
-0.0181831966150696
-0.0181635234630733
-0.0181483494898771
-0.0181367004747983
-0.0181278027311436
-0.0181210366156961
-0.0181159438145073
-0.0181121062592382
-0.0181092266182645
-0.0181070772958805
-0.0181054796155564
-0.018104297574979
-0.0181034258764328
-0.0181027859369465
-0.0181023170411976
-0.0181019737394195
-0.0181017218575619
-0.0181015353747966
-0.0181013944285127
-0.0181012835796821
-0.0181011899479842
-0.0181011024745459
-0.0181010096234786
-0.0181008993818068
-0.0181007558117443
-0.0181005583568492
-0.0181002774509125
-0.0180998695740442
-0.0180992717232868
-0.0180983881093653
-0.0180981688294679
-0.0180981693173692
-0.0180981694257838
-0.0180981700871428
-0.0180981703798864
-0.0180981701305143
-0.0180981704666152
-0.0180981703582006
-0.0180981706292442
-0.0180981704449295
-0.018098170813559
-0.0180981707701875
-0.0180981712580888
-0.0180981713448176
-0.0180981708352448
-0.0180981710412453
-0.0180981707918733
-0.0180981710412453
-0.0180981708677734
-0.0180981712038744
-0.0180981711171313
-0.0180981715291324
-0.0180981714640893
-0.0180981718110331
-0.0180981715291324
-0.018098171897762
-0.0180981718110331
-0.0180981722013343
-0.0180981720929196
-0.0180981726133354
-0.018098172483235
-0.0180981729602792
-0.0180981729385934
-0.0180981734048089
-0.0180981733397516
-0.0180981738710102
-0.0180981737734385
-0.0180981742613255
-0.0180981741962682
-0.0180981747275268
-0.0180981745540549
-0.0180981749985847
-0.0180981749118416
-0.0180981753563714
-0.0180981750202704
-0.0180981750853135
-0.0180981746191122
-0.018098174716684
-0.018098174217954
-0.0180981742830113
-0.0180981747275268
-0.0180981745865836
-0.0180981749768989
-0.0180981748142699
-0.0180981751828995
-0.0180981749443703
-0.018098175226271
-0.018098174879313
-0.0180981749226845
-0.0180981754539431
-0.0180981753780571
-0.0180981757792011
-0.0180981755623719
-0.0180981758334156
-0.0180981754756289
-0.0180981756057292
-0.0180981761912022
-0.0180981761478307
-0.0180981765815176
-0.0180981763429884
-0.0180981765815176
-0.0180981772754052
-0.018098177297091
-0.0180981777741351
-0.0180981776006632
-0.0180981778500353
-0.0180981774271913
-0.0180981774488771
-0.0180981780343501
-0.0180981779367642
-0.0180981782511935
-0.0180981789992813
-0.0180981790534958
-0.0180981795197113
-0.0180981792378105
-0.0180981793462394
-0.018098179877498
-0.0180981798449693
-0.0180981801810702
-0.0180981809074865
-0.0180981809400151
-0.0180981812869589
-0.0180981810484298
-0.018098181189373
-0.0180981816989458
-0.0180981814604309
-0.0180981815363168
-0.0180981821326327
-0.0180981819808466
-0.0180981821651613
-0.018098182859049
-0.0180981827397915
-0.0180981829566207
-0.018098183509565
-0.0180981833903076
-0.018098183607151
-0.0180981841492525
-0.0180981840408236
-0.0180981842359813
-0.0180981847347113
-0.0180981845720822
-0.0180981846696682
-0.0180981850924979
-0.0180981848322972
-0.0180981848106114
-0.0180981852334554
-0.0180981848648258
-0.0180981847130397
-0.0180981849949262
-0.0180981855587135
-0.0180981853743987
-0.0180981854719704
-0.0180981859381859
-0.0180981855587135
-0.0180981855587135
-0.0180981857863998
-0.018098186426073
-0.0180981861441865
-0.0180981862742868
-0.0180981866212306
-0.0180981862200724
-0.0180981860357576
-0.0180981861767009
-0.0180981865561733
-0.0180981861441865
-0.0180981861008149
-0.0180981862200724
-0.0180981866971166
-0.0180981864802874
-0.0180981866103878
-0.0180981870332317
-0.0180981876512192
-0.0180981874343757
-0.0180981875644903
-0.0180981878138482
-0.0180981883884783
-0.0180981881499491
-0.0180981880415345
-0.0180981882692208
-0.018098188746265
-0.0180981882692208
-0.0180981880632203
-0.0180981880957489
-0.0180981884318498
-0.0180981888763654
-0.0180981885077358
-0.0180981883776354
-0.0180981884643785
-0.0180981887245792
-0.018098189407624
-0.0180981892233092
-0.0180981892992094
-0.0180981895919388
-0.0180981899497255
-0.0180981906002557
-0.018098190318355
-0.0180981902424691
-0.018098190415941
-0.0180981907845705
-0.018098191326672
-0.0180981908279279
-0.0180981905351985
-0.0180981904267838
-0.0180981904918269
-0.0180981909688853
-0.0180981916627729
-0.0180981914134009
-0.0180981913375149
-0.0180981913808722
-0.0180981916519301
-0.0180981920530883
-0.0180981926060184
-0.0180981922048744
-0.0180981919338166
-0.0180981918579306
-0.0180981918687735
-0.0180981920422454
-0.0180981925518182
-0.0180981932023343
-0.0180981928553905
-0.0180981926710757
-0.018098192573504
-0.0180981926060184
-0.018098192736133
-0.0180981929638051
-0.0180981932565487
-0.0180981937986502
-0.0180981932999202
-0.0180981929204478
-0.0180981928879191
-0.0180981929204478
-0.0180981930180195
-0.0180981933324347
-0.0180981937010642
-0.0180981941347511
-0.0180981946334811
-0.0180981951538968
-0.0180981947852672
-0.0180981944600092
-0.0180981943841232
-0.0180981943624374
-0.0180981943732803
-0.0180981945467522
-0.0180981947419099
-0.018098194969582
-0.0180981953598973
-0.0180981957502127
-0.018098196140528
-0.0180981968127298
-0.0180981964766289
-0.0180981961513709
-0.0180981958152699
-0.0180981956201123
-0.0180981954141117
-0.0180981953382116
-0.0180981952406398
-0.0180981951105252
-0.0180981953490544
-0.0180981955008406
-0.0180981957393698
-0.0180981959562132
-0.0180981961188422
-0.0180981963573714
-0.0180981965742006
-0.0180981968669442
-0.0180981970946164
-0.0180981976367178
-0.0180981980812476
-0.0180981985691346
-0.0180981990136644
-0.0180981995123943
-0.0180981999352383
-0.0180982004014396
-0.0180982009760697
-0.0180982015832143
-0.01809820210363
-0.0180982026782601
-0.0180982032637331
-0.0180982037516202
-0.0180982042178357
-0.0180982046081368
-0.0180982051936098
-0.0180982058116115
-0.0180982062778128
-0.0180982067440141
-0.0180982072102296
-0.0180982075354876
-0.0180982078390599
-0.0180982083378041
-0.0180982086955908
-0.0180982090425346
-0.0180982093461068
-0.0180982094762072
-0.018098209584636
-0.0180982095954789
-0.0180982098556797
-0.0180982098990512
-0.018098209920737
-0.0180982098448368
-0.0180982097255793
-0.0180982094003213
-0.0180982092160065
-0.0180982089666344
-0.0180982086522192
-0.0180982093569497
-0.0180982098339939
-0.0180982102026235
-0.0180982107121963
-0.0180982111350403
-0.0180982114386126
-0.0180982116446131
-0.0180982117638706
-0.0180982117530419
-0.0180982114711412
-0.0180982112759835
-0.0180982109724113
-0.0180982105604102
-0.018098211069983
-0.0180982114819841
-0.0180982119481854
-0.0180982123059721
-0.018098212479444
-0.0180982125119726
-0.0180982123927151
-0.0180982120891429
-0.0180982118831423
-0.0180982125878728
-0.0180982131191314
-0.0180982134660752
-0.0180982136395471
-0.0180982135853327
-0.0180982136178613
-0.0180982134010179
-0.0180982130215455
-0.0180982136829186
-0.0180982141165913
-0.0180982145719639
-0.0180982148104789
-0.0180982148321647
-0.0180982146478499
-0.0180982142141772
-0.0180982150273223
-0.0180982155911096
-0.0180982158946819
-0.0180982159814249
-0.0180982157971101
-0.018098215385109
-0.018098215059851
-0.0180982156127953
-0.0180982158730103
-0.0180982158404817
-0.0180982157103671
-0.0180982155043807
-0.0180982161440539
-0.0180982165018406
-0.0180982166536268
-0.018098216556055
-0.018098216393426
-0.0180982160573109
-0.0180982165126835
-0.0180982166427839
-0.0180982168704702
-0.0180982167512127
-0.0180982162958401
-0.0180982167837271
-0.0180982169138417
-0.0180982170764707
-0.0180982169246846
-0.0180982164150976
-0.0180982167837271
-0.0180982168379415
-0.0180982168704702
-0.0180982165452122
-0.0180982171306709
-0.0180982173258286
-0.0180982175101434
-0.0180982173041571
-0.0180982179872018
-0.0180982182907741
-0.0180982183341456
-0.0180982182148739
-0.0180982189629759
-0.0180982192665624
-0.0180982192990768
-0.0180982191906622
-0.0180982198845498
-0.0180982201664506
-0.0180982201339219
-0.0180982201013933
-0.0180982207302236
-0.018098221044653
-0.0180982209036955
-0.0180982205025515
-0.0180982211096961
-0.0180982212723251
-0.0180982210988532
-0.0180982206001232
-0.0180982210229672
-0.0180982210771674
-0.0180982208169667
-0.0180982213048537
-0.01809822153254
-0.0180982214024397
-0.0180982220854844
-0.0180982222697992
-0.0180982223023278
-0.0180982219445411
-0.0180982223456851
-0.0180982223673709
-0.0180982221396988
-0.0180982226275859
-0.0180982227360005
-0.0180982224432711
-0.0180982231046301
-0.018098223202216
-0.0180982229203153
-0.0180982233323164
-0.0180982235925171
-0.018098223440731
-0.0180982239936753
-0.0180982241021042
-0.018098224026204
-0.0180982246225199
-0.0180982246333627
-0.0180982241779901
-0.0180982246658772
-0.0180982246550343
-0.0180982242755761
-0.018098224774306
-0.0180982248068347
-0.0180982243623049
-0.0180982245574626
-0.018098224514091
-0.0180982251104069
-0.0180982252188215
-0.0180982248393491
-0.0180982253164075
-0.0180982252838788
-0.018098224774306
-0.0180982252513502
-0.0180982252079787
-0.0180982257826088
-0.0180982258259803
-0.018098225598294
-0.0180982259452378
-0.018098225760923
-0.0180982264006104
-0.0180982266391254
-0.0180982263355531
-0.018098226606611
-0.0180982265523966
-0.0180982270728123
-0.0180982270402836
-0.0180982268125973
-0.0180982271378696
-0.0180982269101833
-0.0180982271920698
-0.0180982273004986
-0.0180982279293289
-0.0180982279727004
-0.0180982276474424
-0.018098228016072
-0.0180982277666999
-0.0180982282654298
-0.0180982283196442
-0.0180982288509028
-0.0180982287316453
-0.0180982283847015
-0.0180982285148019
-0.0180982280486006
-0.0180982283955444
-0.0180982281244866
-0.01809822834133
-0.0180982282871156
-0.0180982286991167
-0.0180982285906879
-0.0180982291870038
-0.0180982292737468
-0.0180982297724768
-0.0180982296206906
-0.0180982302712067
-0.018098230249521
-0.0180982307916224
-0.0180982309000512
-0.0180982315722531
-0.0180982315614102
-0.0180982312036235
-0.0180982312361522
-0.0180982307048936
-0.0180982309759372
-0.0180982305314217
-0.0180982306181505
-0.0180982313337239
-0.0180982314313098
-0.0180982318975111
-0.0180982320059258
-0.018098232656456
-0.018098232569713
-0.0180982332094004
-0.0180982332202433
-0.0180982335888729
-0.01809823357803
-0.0180982340442313
-0.0180982337731876
-0.0180982341960174
-0.018098233979174
-0.0180982340767599
-0.0180982337840163
-0.0180982339575024
-0.0180982345971756
-0.0180982346297043
-0.0180982351175913
-0.0180982349549623
-0.0180982354862209
-0.01809823515012
-0.0180982352802204
-0.0180982349441194
-0.0180982350633769
-0.0180982355946355
-0.0180982356380071
-0.0180982359632651
-0.0180982358331647
-0.0180982360825368
-0.0180982356054784
-0.0180982357789503
-0.0180982363427376
-0.0180982362017943
-0.0180982366354812
-0.0180982363535804
-0.018098236299366
-0.0180982368631533
-0.0180982366571527
-0.0180982368414675
-0.0180982364945237
-0.0180982364945237
-0.0180982370691538
-0.018098236884839
-0.018098237047468
-0.0180982367113671
-0.0180982366354812
-0.0180982369173677
-0.0180982366679956
-0.0180982368306246
-0.0180982375570409
-0.0180982374919978
-0.0180982377521985
-0.0180982373944119
-0.0180982373510545
-0.0180982376004124
-0.0180982372534686
-0.0180982371992542
-0.0180982377955701
-0.018098237546198
-0.0180982375895695
-0.018098238131671
-0.0180982377955701
-0.0180982377413557
-0.0180982383268287
-0.0180982380124135
-0.0180982382184141
-0.0180982386629296
-0.0180982384027288
-0.018098238554515
-0.0180982389773447
-0.0180982387496726
-0.0180982388689301
-0.0180982392158739
-0.0180982389014588
-0.0180982389339874
-0.0180982393893458
-0.0180982389448303
-0.0180982388147157
-0.018098239139988
-0.0180982396170322
-0.0180982395519749
-0.0180982396820895
-0.018098239963976
-0.018098239703761
-0.0180982396061893
-0.0180982400398761
-0.0180982406687065
-0.0180982404627059
-0.0180982406253349
-0.018098240950593
-0.0180982406578636
-0.0180982405277632
-0.0180982406687065
-0.0180982411565935
-0.0180982408204926
-0.0180982408313355
-0.0180982410807076
-0.0180982414710229
-0.0180982411891222
-0.0180982411891222
-0.018098241536066
-0.0180982420673246
-0.0180982418504811
-0.0180982418396525
-0.0180982419046956
-0.0180982424684828
-0.0180982420998532
-0.0180982420347959
-0.0180982421540676
-0.0180982427395264
-0.018098242284168
-0.0180982420131244
-0.0180982421865963
-0.0180982423709111
-0.0180982429888985
-0.0180982426744833
-0.0180982427612122
-0.0180982428913268
-0.0180982431623704
-0.0180982438345723
-0.0180982435743715
-0.0180982435201571
-0.0180982436394146
-0.0180982440839443
-0.0180982447344604
-0.018098244354988
-0.0180982442248876
-0.0180982442357305
-0.0180982445826743
-0.0180982450597327
-0.0180982447561462
-0.0180982445826743
-0.0180982445826743
-0.0180982446802602
-0.0180982451681473
-0.018098245688563
-0.0180982452332046
-0.0180982450488898
-0.0180982449729896
-0.0180982451898331
-0.0180982454717196
-0.0180982461005641
-0.0180982456560344
-0.0180982455042482
-0.0180982453958336
-0.0180982455693055
-0.0180982457861347
-0.0180982460571926
-0.0180982465776083
-0.0180982471630813
-0.0180982469137092
-0.0180982466860229
-0.0180982467185515
-0.0180982467293944
-0.0180982470004523
-0.0180982472714959
-0.0180982479328549
-0.0180982485616994
-0.0180982483340131
-0.0180982481280125
-0.0180982481280125
-0.018098248106341
-0.0180982481930698
-0.018098248507485
-0.0180982487568571
-0.018098249255587
-0.0180982496675881
-0.0180982493206443
-0.0180982489194861
-0.0180982486917998
-0.0180982484099133
-0.0180982484532848
-0.0180982484532848
-0.0180982486050709
-0.0180982487026426
-0.0180982490712722
-0.0180982493965303
-0.0180982498085314
-0.0180982503181042
-0.0180982509577916
-0.018098251510736
-0.0180982511746208
-0.0180982507843197
-0.0180982506216765
-0.0180982503723186
-0.0180982502638898
-0.0180982501446323
-0.0180982501446323
-0.0180982501446323
-0.0180982502530611
-0.01809825033979
-0.0180982505457905
-0.0180982505566334
-0.0180982508168341
-0.0180982509144201
-0.0180982512396781
-0.0180982515215646
-0.0180982518685227
-0.0180982521829378
-0.0180982525732531
-0.0180982529418827
-0.0180982533321838
-0.0180982536899705
-0.018098254069443
-0.0180982544163868
-0.0180982548934452
-0.0180982551861746
-0.0180982556090186
-0.0180982558475336
-0.0180982562378489
-0.018098256552264
-0.0180982568450077
-0.0180982570726798
-0.0180982574196378
-0.0180982576798385
-0.018098257961725
-0.0180982580918396
-0.0180982583628833
-0.0180982585905696
-0.0180982587206699
-0.0180982589375134
-0.018098259045928
-0.0180982591001424
-0.0180982590350851
-0.0180982590350851
-0.0180982589049847
-0.0180982588399416
-0.0180982584929978
-0.0180982582544686
-0.0180982578099389
-0.0180982574521522
-0.0180982580159395
-0.0180982586339411
-0.0180982592953001
-0.0180982598048729
-0.0180982601735025
-0.0180982603903459
-0.0180982606071893
-0.0180982606505466
-0.0180982607047611
-0.0180982605638178
-0.0180982604554032
-0.0180982601084452
-0.0180982597723442
-0.0180982592302428
-0.0180982597723442
-0.0180982603036028
-0.0180982606505466
-0.0180982609216045
-0.0180982609758189
-0.0180982610517049
-0.0180982608240186
-0.0180982605963464
-0.0180982602277169
-0.0180982598590873
-0.0180982604987605
-0.0180982608999187
-0.0180982612143339
-0.0180982612793912
-0.0180982613119198
-0.0180982610083333
-0.0180982608240186
-0.0180982605312892
-0.0180982610733906
-0.0180982614962346
-0.0180982616371779
-0.018098261788964
-0.0180982616371779
-0.0180982614203344
-0.0180982610625477
-0.0180982616697065
-0.0180982621142221
-0.0180982622551653
-0.0180982622334938
-0.0180982620383361
-0.0180982617455925
-0.018098262374437
-0.0180982628189525
-0.0180982631008533
-0.0180982630141102
-0.0180982629490671
-0.0180982624720087
-0.0180982631116962
-0.0180982635562117
-0.0180982636537976
-0.0180982636863263
-0.0180982633393683
-0.0180982640657845
-0.0180982645970431
-0.0180982647271577
-0.0180982648030437
-0.0180982644669427
-0.0180982640766274
-0.0180982643476852
-0.0180982645753716
-0.0180982645645287
-0.018098264282628
-0.0180982648897867
-0.0180982651608304
-0.018098265355988
-0.0180982653451451
-0.0180982649765156
-0.0180982654860884
-0.0180982656487316
-0.0180982655728315
-0.0180982654427311
-0.018098266017347
-0.018098266364305
-0.0180982663751337
-0.0180982662125047
-0.0180982658005178
-0.0180982661149329
-0.0180982662884048
-0.0180982662016618
-0.0180982656920889
-0.0180982661799902
-0.0180982662775619
-0.0180982660607185
-0.0180982667979777
-0.0180982671232357
-0.0180982672858647
-0.0180982668955636
-0.0180982674051364
-0.0180982677303945
-0.0180982676761801
-0.0180982674051364
-0.0180982678821806
-0.0180982679689237
-0.0180982677954518
-0.0180982683050246
-0.0180982686302826
-0.0180982687170115
-0.0180982683375532
-0.0180982688579689
-0.0180982690422837
-0.0180982687170115
-0.0180982692699558
-0.018098269345856
-0.0180982691398555
-0.0180982698012144
-0.0180982699963721
-0.0180982698988004
-0.0180982695518566
-0.0180982698337431
-0.0180982697903715
-0.0180982694867993
-0.0180982698120573
-0.0180982698662717
-0.0180982693566989
-0.0180982696602712
-0.0180982696819569
-0.0180982692807987
-0.0180982696927998
-0.0180982698120573
-0.0180982694000704
-0.0180982697470142
-0.0180982697687
-0.0180982692265985
-0.0180982694976421
-0.0180982695301708
-0.0180982701156438
-0.0180982703650017
-0.0180982702782728
-0.0180982706794168
-0.0180982708745745
-0.0180982707119455
-0.0180982710914179
-0.0180982710263748
-0.0180982705276307
-0.0180982707878456
-0.0180982706360595
-0.0180982709504747
-0.0180982710372035
-0.0180982707444741
-0.018098270917946
-0.0180982708420601
-0.0180982714275189
-0.0180982713841615
-0.0180982710914179
-0.0180982714925761
-0.0180982713624758
-0.0180982718828915
-0.0180982719587774
-0.0180982715251048
-0.0180982717744627
-0.0180982717202625
-0.0180982723057213
-0.0180982723599357
-0.0180982719479346
-0.0180982723382499
-0.0180982720346776
-0.0180982725117218
-0.0180982724575216
-0.0180982729887802
-0.0180982730104517
-0.0180982738019253
-0.0180982738886684
-0.0180982736284534
-0.0180982739645543
-0.018098273660982
-0.0180982739862401
-0.0180982739211828
-0.0180982743765554
-0.0180982743331839
-0.0180982749945429
-0.0180982752872865
-0.0180982748102281
-0.0180982749945429
-0.0180982748102281
-0.0180982749186569
-0.0180982746475991
-0.0180982750812859
-0.0180982747126563
-0.0180982750270715
-0.0180982749511855
-0.0180982753089722
-0.0180982750921288
-0.0180982755366443
-0.0180982755041299
-0.0180982759161168
-0.0180982758835881
-0.0180982763389608
-0.0180982761221173
-0.0180982765341184
-0.018098276479904
-0.0180982770762199
-0.0180982769569482
-0.0180982773364207
-0.0180982772171632
-0.0180982774773639
-0.0180982772496918
-0.0180982776616787
-0.018098277564107
-0.0180982778351506
-0.0180982775966356
-0.0180982779435794
-0.0180982775424212
-0.0180982777375789
-0.018098277401478
-0.0180982776400072
-0.0180982782254659
-0.0180982782579946
-0.0180982788434676
-0.0180982786808386
-0.0180982790494681
-0.0180982788543105
-0.0180982792120972
-0.0180982787567245
-0.0180982788651534
-0.0180982794722979
-0.0180982795265123
-0.0180982800143994
-0.0180982799601992
-0.0180982804264005
-0.018098280046928
-0.0180982801770284
-0.01809827972167
-0.0180982798734561
-0.018098280307143
-0.0180982801228282
-0.0180982804264005
-0.0180982800794567
-0.0180982801661855
-0.0180982807516585
-0.0180982806757726
-0.018098281055245
-0.0180982807299728
-0.0180982808167158
-0.0180982813479744
-0.0180982813696602
-0.0180982816515467
-0.0180982812612314
-0.0180982814347033
-0.018098282041862
-0.0180982817057611
-0.0180982819768047
-0.0180982815973323
-0.0180982817599755
-0.0180982820960764
-0.018098281716604
-0.0180982818575472
-0.0180982824755489
-0.0180982822695483
-0.0180982824430203
-0.0180982831043792
-0.018098283126065
-0.0180982834187944
-0.0180982829525931
-0.0180982830068075
-0.0180982833971086
-0.0180982830176504
-0.018098282963436
-0.0180982833971086
-0.0180982831043792
-0.018098283288694
-0.018098283711538
-0.0180982833645942
-0.0180982835163803
-0.0180982839934245
-0.0180982835705805
-0.0180982836681665
-0.018098284036796
-0.0180982837548953
-0.0180982839283672
-0.0180982841885822
-0.0180982837657382
-0.0180982837657382
-0.0180982841018391
-0.0180982846114262
-0.0180982844704687
-0.0180982847306836
-0.0180982852402565
-0.0180982851101561
-0.0180982851318419
-0.0180982855438288
-0.018098285283628
-0.0180982852402565
-0.0180982854137284
-0.018098285944987
-0.0180982857389864
-0.018098285944987
-0.0180982864979313
-0.0180982859775156
-0.0180982857823579
-0.018098285944987
-0.0180982864654027
-0.0180982862485735
-0.0180982861835162
-0.0180982864112025
-0.0180982870291899
-0.0180982868665609
-0.0180982870617186
-0.0180982873110906
-0.0180982879182352
-0.0180982877230775
-0.0180982878640208
-0.0180982882977077
-0.0180982888398091
-0.0180982885470797
-0.0180982886012799
-0.0180982888940235
-0.018098289512011
-0.0180982890458097
-0.0180982889157093
-0.018098289013281
-0.0180982894144393
-0.0180982891325385
-0.018098289110867
-0.0180982891542243
-0.0180982893927535
-0.0180982899240121
-0.0180982896312827
-0.0180982896854829
-0.0180982897613831
-0.0180982900649553
-0.0180982906178997
-0.0180982903034845
-0.0180982903251703
-0.0180982905962139
-0.0180982908672718
-0.0180982913226302
-0.0180982910624294
-0.018098291008215
-0.0180982911383154
-0.0180982913551588
-0.0180982917888457
-0.0180982912792587
-0.0180982911166296
-0.0180982911274725
-0.0180982913009444
-0.018098291593688
-0.0180982920382036
-0.0180982917129455
-0.018098291506945
-0.0180982914527306
-0.0180982917237884
-0.0180982918972603
-0.0180982923526187
-0.0180982918430459
-0.0180982916262025
-0.0180982915286307
-0.0180982917454742
-0.0180982920165178
-0.0180982923309472
-0.0180982927646198
-0.0180982923851474
-0.018098292092418
-0.0180982920598893
-0.0180982922225184
-0.0180982922658899
-0.0180982925369335
-0.018098292916406
-0.0180982935127219
-0.018098293241664
-0.0180982930356777
-0.0180982930681921
-0.0180982930139919
-0.0180982930248348
-0.0180982932633498
-0.0180982936753509
-0.0180982941415522
-0.0180982947920825
-0.0180982945210246
-0.0180982942282952
-0.0180982939572374
-0.0180982938488228
-0.0180982939138801
-0.0180982941523951
-0.0180982944017671
-0.0180982948029254
-0.0180982951173405
-0.0180982955726989
-0.0180982961690148
-0.018098295659442
-0.0180982952908124
-0.0180982950305975
-0.0180982949221828
-0.0180982949221828
-0.0180982947920825
-0.0180982948029254
-0.0180982948788113
-0.0180982951281834
-0.0180982954859701
-0.0180982959196569
-0.0180982962666008
-0.0180982967111163
-0.018098296993017
-0.0180982973833181
-0.0180982978278479
-0.0180982983807922
-0.0180982978820623
-0.0180982976001616
-0.0180982973833181
-0.0180982971881605
-0.0180982968520595
-0.0180982965810159
-0.0180982963424867
-0.0180982960931289
-0.0180982958979712
-0.0180982957678566
-0.0180982956377562
-0.0180982955184987
-0.018098295561856
-0.0180982956485991
-0.0180982955076558
-0.0180982953667126
-0.0180982951823978
-0.0180982952149122
-0.0180982952040694
-0.0180982951715549
-0.0180982951390263
-0.0180982952474409
-0.0180982953124982
-0.0180982951390263
-0.0180982949221828
-0.0180982948462827
-0.0180982947161823
-0.0180982945210246
-0.0180982944559815
-0.0180982943150241
-0.018098294087352
-0.0180982939789232
-0.0180982938054512
-0.0180982935777791
-0.018098293165778
-0.0180982926995625
-0.0180982922875756
-0.0180982918213601
-0.0180982924827333
-0.0180982930898779
-0.0180982935560934
-0.0180982940981949
-0.0180982945318675
-0.018098294998083
-0.0180982953450268
-0.0180982957353422
-0.0180982957353422
-0.0180982957895424
-0.0180982958437568
-0.0180982957570137
-0.0180982957136564
-0.0180982954859701
-0.0180982953016553
-0.0180982949330257
-0.0180982945643962
-0.0180982953124982
-0.0180982958437568
-0.0180982963967011
-0.0180982969496455
-0.0180982970363743
-0.0180982971231174
-0.0180982971773176
-0.0180982970255315
-0.0180982968303738
-0.0180982966135446
-0.0180982961473291
-0.0180982967328021
-0.0180982972749035
-0.0180982977736335
-0.0180982981531059
-0.0180982983482636
-0.0180982984675211
-0.0180982985000497
-0.018098298478364
-0.0180982980880486
-0.018098298565107
-0.0180982989445795
-0.018098299226466
-0.0180982994107808
-0.0180982995083525
-0.0180982994433094
-0.0180982992698375
-0.0180982989770939
-0.0180982996709957
-0.0180983000612969
-0.0180983003431976
-0.0180983004949837
-0.0180983004841409
-0.0180983003431976
-0.018098300050454
-0.0180983007118272
-0.0180983012214
-0.018098301546658
-0.0180983017201299
-0.0180983014707721
-0.0180983010696139
-0.0180983006467699
-0.0180983011238141
-0.0180983014274005
-0.0180983015249723
-0.0180983014382434
-0.0180983011346569
-0.0180983017201299
-0.0180983021104453
-0.0180983024248604
-0.0180983025116035
-0.018098302370646
-0.018098302045388
-0.0180983025766466
-0.0180983028802331
-0.0180983030753907
-0.0180983030320192
-0.018098302717604
-0.01809830329222
-0.0180983037692783
-0.0180983039861076
-0.0180983039102216
-0.0180983037584355
-0.0180983044197944
-0.0180983048101098
-0.018098305048639
-0.0180983050377961
-0.0180983047558954
-0.0180983053847399
-0.018098305699155
-0.018098305775041
-0.0180983056883122
-0.0180983061111561
-0.0180983064364142
-0.0180983064147284
-0.018098306121999
-0.0180983056449406
-0.018098305872627
-0.0180983059701987
-0.0180983057208408
-0.0180983053088397
-0.018098305612412
-0.0180983057208408
-0.0180983054931545
-0.018098305048639
-0.0180983053630541
-0.0180983054280972
-0.0180983053196826
-0.0180983047992669
-0.0180983051787393
-0.0180983051570536
-0.0180983049185244
-0.0180983055690547
-0.0180983057967268
-0.0180983058075697
-0.0180983055256831
-0.0180983059701987
-0.0180983061761992
-0.0180983060786275
-0.0180983055798976
-0.018098305872627
-0.0180983059268414
-0.0180983057099979
-0.0180983061870421
-0.0180983063388283
-0.0180983062087279
-0.0180983057967268
-0.0180983059918844
-0.0180983059051556
-0.0180983055256831
-0.0180983059268414
-0.0180983060027273
-0.0180983057642123
-0.0180983061653563
-0.0180983062304136
-0.0180983059810416
-0.0180983064581
-0.0180983065990432
-0.0180983066315719
-0.0180983074230312
-0.0180983078567181
-0.0180983079434469
-0.018098307694089
-0.0180983081819761
-0.0180983083229194
-0.0180983080085042
-0.0180983084313482
-0.0180983084747055
-0.0180983081602903
-0.0180983085397628
-0.018098308518077
-0.0180983092011218
-0.0180983095047083
-0.0180983093854366
-0.0180983099492238
-0.0180983101443815
-0.0180983099383809
-0.0180983103829107
-0.0180983105997541
-0.0180983103395391
-0.0180983107515402
-0.0180983107190116
-0.0180983102419674
-0.0180983103937535
-0.0180983103178534
-0.0180983108599548
-0.0180983109466979
-0.0180983105455397
-0.018098310935855
-0.0180983108924835
-0.0180983103720678
-0.0180983104479537
-0.018098310426268
-0.0180983110334267
-0.0180983111526842
-0.0180983109141692
-0.0180983113044846
-0.0180983111852129
-0.0180983117815288
-0.0180983119116291
-0.0180983115213138
-0.0180983118249003
-0.0180983116405855
-0.018098312182687
-0.018098312182687
-0.0180983116622713
-0.0180983118357432
-0.0180983114887994
-0.0180983117923716
-0.0180983116188997
-0.0180983120959439
-0.0180983120417295
-0.0180983117923716
-0.0180983120742582
-0.0180983119658435
-0.0180983123778446
-0.0180983123886875
-0.018098313006675
-0.018098313093418
-0.0180983127139456
-0.0180983128115173
-0.018098312507945
-0.0180983128223602
-0.0180983125404737
-0.0180983129199461
-0.0180983128006744
-0.018098313169304
-0.0180983131042609
-0.0180983138957203
-0.0180983140149777
-0.0180983136680339
-0.0180983139390918
-0.0180983135813051
-0.0180983138089914
-0.0180983135379336
-0.0180983138957203
-0.0180983135813051
-0.0180983138631916
-0.0180983136355195
-0.0180983139282489
-0.0180983137222483
-0.0180983141017208
-0.0180983140366635
-0.0180983145354077
-0.0180983144811933
-0.0180983149799232
-0.0180983149690803
-0.0180983155003389
-0.0180983154569674
-0.0180983159665544
-0.0180983159231829
-0.01809831641107
-0.0180983162918125
-0.018098316736328
-0.0180983166495992
-0.0180983170832718
-0.0180983169748572
-0.0180983175169587
-0.0180983174735871
-0.0180983179181169
-0.018098317744645
-0.0180983180590601
-0.0180983177663165
-0.0180983179940029
-0.0180983175928446
-0.0180983178747454
-0.0180983175169587
-0.0180983176579019
-0.0180983182542178
-0.0180983183626324
-0.0180983189589483
-0.0180983189047339
-0.0180983192842064
-0.0180983190348343
-0.0180983193709494
-0.0180983190239914
-0.0180983193492636
-0.0180983190023198
-0.0180983191215773
-0.0180983197612505
-0.0180983197178932
-0.0180983200973515
-0.0180983199238796
-0.0180983202057803
-0.0180983197504077
-0.0180983200973515
-0.0180983208129248
-0.0180983208346106
-0.0180983214092407
-0.0180983212466117
-0.0180983214851409
-0.0180983211273542
-0.01809832114904
-0.0180983217019843
-0.0180983217344988
-0.018098322135657
-0.0180983219621851
-0.0180983220814426
-0.01809832272113
-0.018098322623544
-0.0180983230355451
-0.0180983226452298
-0.0180983227536586
-0.0180983234150176
-0.018098323469232
-0.0180983239896477
-0.0180983236969041
-0.018098323870376
-0.0180983243474344
-0.0180983242064912
-0.0180983243582773
-0.0180983241089052
-0.01809832429322
-0.0180983247594213
-0.0180983245751065
-0.0180983248244786
-0.0180983253557372
-0.018098325203951
-0.0180983254749947
-0.0180983251388938
-0.0180983251931082
-0.0180983256809952
-0.0180983254749947
-0.0180983254966804
-0.0180983259086815
-0.0180983256159521
-0.0180983257135239
-0.0180983264616259
-0.0180983263206826
-0.0180983265375261
-0.0180983271229849
-0.0180983269928845
-0.0180983272530995
-0.0180983278494011
-0.0180983279253013
-0.0180983281963449
-0.0180983277409865
-0.0180983276217148
-0.0180983278060296
-0.0180983283915026
-0.0180983281963449
-0.0180983285866603
-0.0180983292480192
-0.0180983291612904
-0.0180983293998196
-0.0180983299202353
-0.0180983297033919
-0.0180983297576063
-0.018098330353908
-0.0180983301587503
-0.0180983302671791
-0.0180983306141229
-0.0180983302129647
-0.0180983302021218
-0.0180983307333804
-0.018098330440651
-0.0180983303864366
-0.0180983306358087
-0.0180983311453815
-0.0180983307984377
-0.0180983308634808
-0.0180983314381109
-0.0180983311236957
-0.0180983310694813
-0.0180983312754819
-0.0180983318826407
-0.0180983315682113
-0.0180983317200116
-0.0180983321103128
-0.0180983317958976
-0.0180983316983259
-0.0180983318175834
-0.0180983322404273
-0.0180983320235839
-0.0180983320235839
-0.018098332348842
-0.0180983328909434
-0.018098332511471
-0.0180983324897852
-0.0180983328801005
-0.0180983334113591
-0.0180983331945157
-0.0180983331620013
-0.018098333422202
-0.018098333845046
-0.0180983337799887
-0.0180983338342031
-0.0180983341919898
-0.0180983346907198
-0.0180983343871475
-0.0180983342028327
-0.0180983345823051
-0.018098335091878
-0.018098334755777
-0.0180983345389336
-0.0180983346473482
-0.018098334831663
-0.0180983354930362
-0.0180983353520787
-0.0180983353087214
-0.0180983355038649
-0.0180983359917661
-0.0180983356556652
-0.0180983356122937
-0.0180983357749227
-0.018098336002609
-0.0180983364904961
-0.0180983360893379
-0.0180983359917661
-0.0180983360893379
-0.0180983364362817
-0.0180983370109118
-0.0180983365230247
-0.0180983364688103
-0.0180983366097536
-0.0180983369675403
-0.0180983375313275
-0.0180983370000689
-0.0180983368916543
-0.018098336989226
-0.0180983372060695
-0.0180983376180706
-0.0180983382035294
-0.0180983380951147
-0.0180983381276434
-0.0180983381493292
-0.0180983383444868
-0.0180983387022735
-0.0180983383553297
-0.0180983381384863
-0.018098338073429
-0.018098338160172
-0.0180983383336439
-0.0180983388649025
-0.0180983395154186
-0.0180983392118463
-0.0180983390058458
-0.018098338897417
-0.0180983391359462
-0.0180983396672048
-0.0180983403285779
-0.0180983399599484
-0.0180983396780476
-0.018098339732262
-0.0180983398623624
-0.0180983400358343
-0.0180983403502495
-0.0180983408706652
-0.0180983405779358
-0.0180983403394066
-0.0180983402201491
-0.0180983401550918
-0.0180983402635206
-0.0180983406321502
-0.0180983410766657
-0.0180983415537241
-0.0180983411850946
-0.0180983410441513
-0.018098340892351
-0.0180983408273079
-0.0180983409248796
-0.0180983410441513
-0.0180983413910951
-0.0180983419440253
-0.0180983424752981
-0.0180983420958256
-0.0180983416621388
-0.0180983414995097
-0.0180983415103526
-0.018098341477824
-0.0180983415862386
-0.0180983419440253
-0.0180983423993979
-0.0180983428222419
-0.0180983432450716
-0.0180983437654874
-0.018098343375172
-0.0180983431258142
-0.0180983429957138
-0.0180983428222419
-0.0180983429414994
-0.0180983430065567
-0.0180983432017001
-0.0180983433101289
-0.0180983437438016
-0.0180983442859031
-0.0180983447412757
-0.0180983452833772
-0.0180983457495785
-0.0180983453809489
-0.018098345131591
-0.0180983447521186
-0.0180983444485321
-0.0180983444160177
-0.0180983442750602
-0.0180983441666456
-0.0180983441341169
-0.018098344383489
-0.0180983444810607
-0.0180983446220182
-0.0180983447846472
-0.0180983449906336
-0.0180983454351633
-0.0180983457495785
-0.0180983460856794
-0.0180983464326232
-0.0180983469855676
-0.0180983475710406
-0.0180983481456707
-0.0180983487094579
-0.0180983493382882
-0.0180983499346041
-0.0180983494467171
-0.0180983489262871
-0.0180983486227149
-0.0180983482757711
-0.0180983479288273
-0.0180983475601977
-0.0180983473541971
-0.0180983471373537
-0.0180983468229385
-0.0180983464759947
-0.0180983463242086
-0.0180983460965223
-0.0180983458037929
-0.018098345467692
-0.0180983453159058
-0.0180983450231622
-0.0180983446979042
-0.0180983444268605
-0.0180983443401175
-0.0180983441449598
-0.0180983438739162
-0.0180983435378153
-0.0180983432992861
-0.0180983430715997
-0.0180983427680275
-0.0180983423343406
-0.0180983420307683
-0.0180983416512959
-0.0180983413043521
-0.0180983408381508
-0.0180983415537241
-0.0180983421283401
-0.0180983427138131
-0.0180983433860149
-0.0180983438956019
-0.018098344459375
-0.0180983448713761
-0.0180983453484203
-0.0180983458037929
-0.0180983461290509
-0.0180983462916799
-0.0180983466386238
-0.0180983468663101
-0.0180983470614677
-0.0180983470180962
-0.0180983470723106
-0.0180983470723106
-0.0180983469096816
-0.0180983469096816
-0.0180983467470526
-0.0180983465193663
-0.0180983461073652
-0.0180983458254786
-0.0180983464434661
-0.0180983469855676
-0.0180983473325114
-0.0180983478204126
-0.0180983482432424
-0.018098348449243
-0.0180983485685005
-0.0180983487311437
-0.0180983487311437
-0.0180983486660864
-0.0180983485901862
-0.0180983484384001
-0.0180983481781993
-0.0180983476035692
-0.0180983482649282
-0.0180983488178725
-0.0180983491106019
-0.0180983495009173
-0.0180983497611322
-0.0180983499237612
-0.018098349782818
-0.0180983497394465
-0.0180983495659746
-0.0180983492298736
-0.0180983490130302
-0.0180983495985032
-0.0180983500321759
-0.0180983502815479
-0.018098350606806
-0.0180983507477492
-0.0180983507802779
-0.0180983508344923
-0.0180983507043919
-0.0180983502923908
-0.018098350769435
-0.0180983512790078
-0.0180983516042801
-0.0180983517343805
-0.0180983519295381
-0.0180983518970095
-0.0180983516476374
-0.0180983512356505
-0.0180983518861666
-0.0180983523632108
-0.0180983526234257
-0.0180983528511121
-0.0180983528944694
-0.0180983526776402
-0.0180983524174252
-0.0180983521680531
-0.0180983527209975
-0.0180983530679413
-0.0180983533932135
-0.0180983534690995
-0.0180983532630989
-0.018098353187213
-0.0180983528727836
-0.0180983533823706
-0.0180983536317285
-0.0180983538594148
-0.0180983539678294
-0.0180983538052004
-0.018098353588357
-0.0180983541846729
-0.0180983546508884
-0.0180983550303466
-0.0180983550954039
-0.0180983550520324
-0.0180983546725599
-0.0180983553122473
-0.0180983557784486
-0.0180983559952921
-0.0180983560928638
-0.0180983560278207
-0.0180983556375054
-0.018098356255507
-0.0180983566891797
-0.0180983567759228
-0.0180983567108655
-0.0180983565048649
-0.0180983560928638
-0.0180983564398218
-0.0180983567976085
-0.0180983568409658
-0.0180983566458082
-0.0180983563422359
-0.0180983568951802
-0.0180983570903379
-0.0180983572746527
-0.0180983571011808
-0.0180983567325512
-0.0180983573939102
-0.0180983577083254
-0.0180983577950684
-0.018098357502339
-0.0180983571662239
-0.0180983576758109
-0.0180983577625398
-0.0180983578492828
-0.0180983576866538
-0.0180983581420122
-0.0180983585756991
-0.018098358749171
-0.0180983586624279
-0.0180983583588556
-0.0180983588792714
-0.0180983591069577
-0.0180983592912725
-0.0180983590093717
-0.0180983595840019
-0.0180983600827318
-0.0180983602887324
-0.0180983601694749
-0.0180983599743172
-0.0180983603754754
-0.0180983605272615
-0.0180983603321039
-0.0180983600393603
-0.0180983605489473
-0.0180983607115763
-0.0180983607549337
-0.01809836048389
-0.0180983609284056
-0.018098361307878
-0.0180983612970351
-0.0180983609934628
-0.0180983616114645
-0.018098361893351
-0.0180983618066222
-0.0180983615897787
-0.0180983620776658
-0.0180983622077662
-0.0180983622294519
-0.0180983618174508
-0.0180983621318802
-0.0180983623053521
-0.0180983621210373
-0.0180983626197673
-0.0180983630968115
-0.0180983631618687
-0.0180983628582965
-0.018098363465441
-0.0180983636605987
-0.0180983635955556
-0.0180983633461835
-0.0180983637798704
-0.0180983637690275
-0.0180983635738698
-0.0180983641810144
-0.0180983643761721
-0.0180983643436434
-0.0180983640183854
-0.0180983644087007
-0.018098364549644
-0.0180983643761721
-0.0180983648640591
-0.0180983651242741
-0.0180983650917454
-0.0180983645930155
-0.0180983649291164
-0.0180983649508022
-0.018098364473758
-0.0180983650267024
-0.0180983650809026
-0.0180983648315447
-0.0180983653844891
-0.018098365460375
-0.0180983652543745
-0.0180983658073188
-0.0180983660566909
-0.0180983659374192
-0.0180983655362752
-0.0180983658723761
-0.0180983659482621
-0.0180983656121612
-0.0180983658723761
-0.0180983660024765
-0.0180983657747902
-0.0180983660892196
-0.0180983662301628
-0.0180983658398475
-0.0180983661542626
-0.0180983662843772
-0.0180983658723761
-0.0180983661651055
-0.0180983662843772
-0.0180983658290046
-0.018098366121734
-0.0180983662193199
-0.0180983659157476
-0.0180983661000624
-0.0180983660783767
-0.0180983656121612
-0.0180983658723761
-0.0180983659049048
-0.0180983664253205
-0.0180983667722643
-0.0180983666529926
-0.0180983671517367
-0.0180983674661519
-0.0180983673252086
-0.0180983678347815
-0.0180983680949822
-0.0180983677697242
-0.018098368040782
-0.0180983680733107
-0.0180983676613096
-0.0180983678347815
-0.0180983677914099
-0.0180983683768829
-0.0180983686587695
-0.0180983684527689
-0.01809836886477
-0.018098369027399
-0.018098368702141
-0.0180983689298273
-0.0180983688539271
-0.0180983693851857
-0.0180983695586576
-0.0180983694610859
-0.018098369948973
-0.0180983698947585
-0.0180983695478147
-0.0180983697429724
-0.0180983696454007
-0.0180983703176025
-0.0180983704151743
-0.0180983702091879
-0.0180983705236031
-0.0180983702959168
-0.0180983710114901
-0.0180983711632763
-0.0180983707404465
-0.0180983711090761
-0.0180983710440188
-0.0180983716945349
-0.0180983718246495
-0.0180983715319059
-0.0180983719764356
-0.0180983718138066
-0.0180983723450652
-0.0180983724643227
-0.0180983720198071
-0.018098372269165
-0.018098372106536
-0.018098372594423
-0.0180983727136947
-0.0180983733533679
-0.0180983734617826
-0.0180983732232676
-0.01809837360274
-0.0180983733750537
-0.018098374003884
-0.0180983740255698
-0.0180983735485256
-0.018098373765369
-0.018098373515997
-0.0180983739171552
-0.018098373841255
-0.0180983743616707
-0.0180983744375709
-0.0180983740255698
-0.0180983740364127
-0.0180983738087406
-0.0180983741448415
-0.0180983740472556
-0.0180983744809424
-0.0180983744700995
-0.0180983750338868
-0.0180983750772441
-0.0180983746435714
-0.0180983747845147
-0.0180983744484138
-0.018098374849572
-0.0180983747411432
-0.0180983749796724
-0.018098374925458
-0.0180983754350308
-0.0180983753591448
-0.0180983760638753
-0.0180983762265043
-0.0180983758578748
-0.0180983760205038
-0.0180983756301885
-0.0180983759771323
-0.0180983757711459
-0.018098375998818
-0.0180983759120892
-0.0180983763240761
-0.0180983763782905
-0.0180983767469201
