-1.32523838816464,0.00524890031338536,0.0406319586801476
-1.96754630373196,0.0147568700747833,0.115215726651172
-2.58387544951402,0.0312769855027836,0.236772936678241
-3.16300563136417,0.0557013480592366,0.403179839741225
-3.04027897139698,0.0689441758662573,0.463619838645668
-2.88286931623588,0.0811419511623384,0.490703523884606
-2.69365965222458,0.0912079241547457,0.49579870017628
-2.47397099404122,0.0972269433054003,0.489919434749035
-2.22419113575223,0.0965285989621558,0.480118640017843
-1.94590951024776,0.0869462990851734,0.465723803656637
-1.64425975977241,0.0685113044357213,0.437653670006243
-1.32776215501979,0.0437115246210254,0.38373123687797
-1.00496634206489,0.015699642816218,0.296934336704536
-0.680991058530366,-0.0137581349883549,0.179808972305535
-0.356997188588282,-0.0448256471254906,0.0429372749577446
-0.0319663375609058,-0.0787873968419388,-0.0988667700257831
0.294935960265016,-0.116813842346367,-0.229184214128257
0.622380602573943,-0.158859044962867,-0.331855610885751
0.946169262627176,-0.203055722270814,-0.394570978090895
1.25966775168157,-0.246143939826592,-0.414261058111174
1.5555304221369,-0.285044357391055,-0.40009768893926
1.82805752290315,-0.318006175113026,-0.368768161694192
2.07413001624442,-0.343674463976329,-0.334008624089957
2.29207650992238,-0.359628106802427,-0.299770742664277
2.48006725851983,-0.362903120629135,-0.261349803903814
2.6357108710322,-0.351697226255914,-0.210035658649998
2.75698110622553,-0.326285605937332,-0.137023836218979
2.84314858593849,-0.288957839925534,-0.0372600426106934
2.89448299604391,-0.243314361033523,0.0852004465183544
2.91115727122184,-0.192864298127661,0.213837640479811
2.89312801721174,-0.139698959796214,0.325108213510434
2.84126609597224,-0.0845802069941374,0.400717801671567
2.75784451467775,-0.0280173705691126,0.434988604306927
2.64577465077252,0.0292315537692151,0.432724700761089
2.50761407859345,0.0865188217019106,0.403705012731859
2.34486358401392,0.143790556871853,0.358875509205553
2.15774070329555,0.20159985341816,0.308100622279074
1.94589248811056,0.260458948941433,0.257838809768831
1.71019348135328,0.319833671116501,0.208838499347879
1.45455779898493,0.377660010103599,0.156023579082897
1.18574276565185,0.431158748486155,0.0921978920791421
0.910657118159339,0.478420258659282,0.013567213732542
0.633646836069858,0.519255622739926,-0.0771068353158205
0.356112798294412,0.554718804548925,-0.17116604481903
0.078090846057466,0.586041833436636,-0.256409573675254
-0.199750440530768,0.613758707043083,-0.319217875656979
-0.474504218533199,0.637282328131852,-0.346978258198015
-0.74017673999832,0.655233825426561,-0.332396933091522
-0.988238283501301,0.666911772111112,-0.278771417165379
-1.20959857170394,0.674204468290372,-0.200964064770416
-1.39622666021079,0.681770826047245,-0.118126379939396
-1.54114034757697,0.694143155271982,-0.0434730675609541
-1.63918708183718,0.710906226277427,0.0197884026265724
-1.69147114337156,0.723099444586615,0.075412038871543
-1.70940301703826,0.715760514713855,0.129502293559624
-1.71006689167544,0.676966234821434,0.187386258741693
-1.70614447832105,0.604141702999069,0.250532008468095
-1.70187888801948,0.502292471024109,0.313045384271834
-1.69575194351162,0.379052089868828,0.361630828391353
-1.68430061899595,0.241380916343008,0.381806250920895
-1.66467366261044,0.0945813524100566,0.365845039639933
-1.63551218721434,-0.0575362942348436,0.31565402746055
-1.59656335972908,-0.21235223661349,0.240222140940507
-1.54791019174979,-0.368287874330698,0.151755128052203
-1.48939014565171,-0.524664293334493,0.0628589289164436
-1.42043949627768,-0.681293911700491,-0.0156355025020011
-1.34055970467193,-0.837615525358107,-0.0770598282073663
-1.25039583125636,-0.991649044508218,-0.120917302629439
-1.15271375993189,-1.13965249206663,-0.152472266931762
-1.0521890078202,-1.27709980809808,-0.178819971224262
-0.954061392115226,-1.40019800590169,-0.20374503159321
-0.863050008918325,-1.50639469617321,-0.225166853158643
-0.783303524313638,-1.59340382002274,-0.236121634191903
-0.718516797608761,-1.65758878729498,-0.22736877144336
-0.670642224340459,-1.69284979526847,-0.190244590393745
-0.636334175767858,-1.69139633176852,-0.120164476478357
-0.603376078466345,-1.64778446252908,-0.0210775947890995
-0.553410258047483,-1.56437121707954,0.091388809944302
-0.472266469487666,-1.45158963112115,0.193201222721221
-0.35738259181253,-1.32079067308271,0.263322147471081
-0.215718837374588,-1.17734952794063,0.293960326179871
-0.0573483548433879,-1.02045798532405,0.290436724929005
0.109430312878673,-0.847212405606116,0.265003332741586
0.280048214569043,-0.656154776896346,0.232135626631231
0.453431231677993,-0.448845708002312,0.205195230976682
0.63004747291759,-0.229930512154506,0.191152856656444
0.808779000002566,-0.00576921961919892,0.184923981121801
0.984940002125956,0.217867559513662,0.17055573383687
1.15196810155216,0.437284798570451,0.131912875530984
1.30515282234584,0.650531723517646,0.0634934688567607
1.44328202756749,0.856302331547395,-0.0279693885730686
1.56748445683123,1.05335571970583,-0.128618244861111
1.6793258782838,1.24069401845189,-0.222245451504767
1.77930016577934,1.41807773147215,-0.292462248034777
1.86572492287105,1.5861484524904,-0.324693995601672
1.93446301586486,1.74529556665468,-0.310986283492709
1.98052652453431,1.89329497931342,-0.256474691116077
2.00116409547061,2.02398973899734,-0.180220486106306
1.9972596486046,2.1296321340886,-0.105052656035727
1.97120730283809,2.20505982295945,-0.044352331967741
1.92413990339116,2.2491301901229,0.00186849964278116
1.85547952921097,2.26285612738779,0.0420877650328977
1.76443978515291,2.24687526466824,0.087855786110967
1.65203984876799,2.19966356717398,0.150488615012167
1.5225158651718,2.11706327144771,0.236349480895165
1.38273067985197,1.99444423816558,0.339376143984971
1.23876615920102,1.83131585939958,0.437907381616948
1.09203604710448,1.63420648946116,0.503936084964977
0.939127820189586,1.41421809919901,0.518824884805742
0.775601454658712,1.18166282594828,0.480688138880314
0.59944922852928,0.942580523177726,0.400082252263056
0.411361291661221,0.698890902012159,0.292673057584971
0.212723882843007,0.450677096797993,0.175480081526258
0.00345506091283994,0.198639638276487,0.0657152842615145
-0.218633737579375,-0.0541901657331888,-0.0220512125617011
-0.455731701992648,-0.302095537299963,-0.0821088618006914
-0.705844684554408,-0.538252101746571,-0.122622553037881
-0.960753041639134,-0.757450026620946,-0.161483476635033
-1.20972473084772,-0.957472210948193,-0.213397511201915
-1.44535911485632,-1.1378188595016,-0.280376346737892
-1.66536893737959,-1.29748058763458,-0.353033014366947
-1.87008758545281,-1.43389569457769,-0.4168615200928
-2.05932623192093,-1.54399101361254,-0.45621317048729
-2.23030494053434,-1.62705793895017,-0.45573443696146
-2.37665746755465,-1.6877311499717,-0.403754794886603
-2.48977763596243,-1.73578581375667,-0.300294406593512
-2.56325505041978,-1.78044126404223,-0.163596379979478
-2.59658384999909,-1.82359030225818,-0.0240077273792741
-2.59350651436116,-1.86013336078762,0.0929867984250125
-2.55734004663231,-1.88440279856956,0.177943871942841
-2.48884123874327,-1.8941703449676,0.23522048835285
-2.38731831411894,-1.88952742742344,0.275558387616791
-2.25250790856832,-1.87004577223805,0.311245985402932
-2.08587347200556,-1.83313386973299,0.352959814646704
-1.89120882147968,-1.77484082851606,0.404547913426389
-1.67438279415459,-1.69314172762038,0.457294076940577
-1.44206914085808,-1.5909239109018,0.491397221056056
-1.2000518578214,-1.47464878005541,0.487559550892112
-0.952204304853217,-1.34971883587305,0.438513369589753
-0.700636244314316,-1.21788512576795,0.350437668193708
-0.44637472962198,-1.07829057774967,0.237224613721695
-0.189680163234972,-0.929637934664168,0.115290504828828
0.0700890254009733,-0.771772549387736,0.00127648516455039
0.334239289828866,-0.606632819398358,-0.0897859784527499
0.603090331428101,-0.438493028216396,-0.14857476837516
0.87313396430826,-0.272821800764163,-0.176953615880844
1.13580993607497,-0.11381082731313,-0.188875315814463
1.38071885506652,0.037249706289701,-0.201997750184528
1.60070607153207,0.18086420199467,-0.226180620187036
1.79334540929789,0.317154161927416,-0.259687049269734
1.95863650267213,0.445265943296527,-0.293547292103203
2.0966518170062,0.564582169145508,-0.316873656048065
2.20683443876847,0.676355427716929,-0.319509143269535
2.2883828070006,0.784271573767634,-0.293784233370148
2.34101543664493,0.8928487934574,-0.237896914847869
2.36577435191318,1.00408410421567,-0.159828308733509
2.36548668327858,1.11520965495445,-0.0767881155118537
2.34445072156864,1.2203285817913,-0.00737441375425191
2.3073696440169,1.31417171664168,0.0379469248550861
2.25798493379939,1.39372222328051,0.060016572923524
2.19779765445967,1.45724219387091,0.0677560976201407
2.12530660564002,1.50313221192614,0.0737168317069741
2.03621646878699,1.52959096949294,0.0906177587469789
1.92485364084468,1.53474035141695,0.127196169081522
1.78680166488071,1.51745899287643,0.182490212582576
1.62180469408384,1.47906115304098,0.242821534533101
1.43441499245548,1.42401612229333,0.287604098781346
1.23107003570421,1.35790774129542,0.301315374206374
1.01638027578984,1.28445572391402,0.280699882495585
0.7918989545847,1.20461312023538,0.232894734947311
0.557145072258825,1.11786267723271,0.170136415253669
0.3111207487502,1.02410411118833,0.106297261171188
0.0536975856667445,0.924995349569221,0.0549178804396179
-0.212959929237876,0.824019606795113,0.0257662464850944
-0.483535587082939,0.724779353196994,0.0193464753383643
-0.750709213133861,0.628523373421148,0.024144579279997
-1.00812496574229,0.533652623754677,0.022424116217359
-1.25227728080752,0.438095799521598,0.00155068306497447
-1.48167515122516,0.341679404575291,-0.0394935203160138
-1.69519677630976,0.246194105904837,-0.0921368493333549
-1.89159549094651,0.153964423401019,-0.14334101351572
-2.07003235394424,0.0663814789306857,-0.178980346970065
-2.2305745429237,-0.016983752340369,-0.186047384563799
-2.3736548686299,-0.0981991316575357,-0.156797473814086
-2.49826358298287,-0.179187197554371,-0.0950854996550296
-2.60052344922019,-0.259323984837299,-0.01870039574456
-2.67508274278217,-0.335357661370554,0.0491064157172382
-2.71837210859722,-0.404276843641523,0.09338546363885
-2.72991114154672,-0.465438004902874,0.113215665791574
-2.71085846421745,-0.519896470490384,0.117472016726125
-2.66189277471036,-0.568735740730384,0.118753382035512
-2.58179831050048,-0.612058393585578,0.129473241650339
-2.46752406637911,-0.648881272412352,0.15798074801815
-2.31660860087858,-0.677898633701112,0.203092919889456
-2.13115432401734,-0.69885285346121,0.250966401151811
-1.91925094325641,-0.713307821210354,0.280690282169835
-1.69086160449615,-0.72365786839556,0.276605644198809
-1.45221629463429,-0.731374883666421,0.235983517558681
-1.20443178486841,-0.736461227494793,0.166814293002708
-0.945864773283806,-0.738247328831319,0.0817992860608491
-0.674783897561064,-0.736430095006073,-0.00528809793076118
-0.391074623788608,-0.731640578095461,-0.0808263251585833
-0.0972968427111528,-0.725312770531872,-0.133355409711452
0.201125185041872,-0.718880256061148,-0.158267503413406
0.497479646754661,-0.712933952443292,-0.162227797359148
0.786487348494436,-0.707449277745019,-0.160783383525388
1.06541053287904,-0.703066902640139,-0.168352540894786
1.33255083326295,-0.701864898309536,-0.189680676352163
1.58547519780681,-0.706891788962222,-0.21950778981775
1.82074616493906,-0.721258930162986,-0.246950563756514
2.03468921869276,-0.747288279317246,-0.258956448158287
2.22412763522553,-0.785344828563022,-0.242400028997014
2.3862568552142,-0.832231500617779,-0.188392430686321
2.5174607118011,-0.880458741241568,-0.100214217651188
2.61273877292079,-0.920375970595412,0.00248833610658952
2.66808910715109,-0.944179661336601,0.0932522385288172
2.68384808256365,-0.947629542819413,0.155228295404389
2.66477470455878,-0.928603705583812,0.187208947100614
2.61746830454898,-0.88554137418572,0.19834308682413
2.54769471713907,-0.817096748912633,0.201739118431894
2.45858982971849,-0.722322280752686,0.210387121091337
2.35057465142403,-0.601298101018965,0.232473304341514
2.22380629230204,-0.456636641751725,0.265424344357807
2.08167785218242,-0.294790412687419,0.294403942240257
1.93131164796656,-0.124722599693008,0.300672170942243
1.77983393190702,0.0457332461648373,0.273883910309471
1.63077406818355,0.212049450335658,0.216802497216383
1.48382362417067,0.3722263722508,0.141289089584617
1.33668401854546,0.525143100582546,0.0629450401308269
1.18727889043529,0.669524994581489,-0.0015334795989668
1.03594009317223,0.802916393338337,-0.0363962546250191
0.886492833203217,0.91996869928958,-0.0322670904794211
0.743819678738821,1.01178256635111,0.00554011775154035
0.608175457659255,1.06953019762744,0.054606708395604
0.472333979253181,1.09095047725049,0.0865912380074779
0.32589419271938,1.082635575214,0.0837253013341024
0.161960290175339,1.05542996778612,0.0452606724440189
-0.0202872268970714,1.01824195101317,-0.0179214213706752
-0.217490070778486,0.975464158167606,-0.0908447788914527
-0.425577745637954,0.928413104856226,-0.157461990815818
-0.642767552784292,0.878451428282241,-0.20073806423664
-0.870640865983781,0.829145627237297,-0.205582784829792
-1.11156270859001,0.785233996741166,-0.167865440470365
-1.36272733248627,0.748513810521526,-0.10348843024815
-1.61269465075518,0.71517299044017,-0.0439109029057532
-1.84701116476791,0.678817937458503,-0.0158731087886175
-2.05750881051872,0.635755884635105,-0.0254991574044395
-2.24417417008768,0.586532715854526,-0.0612539421338634
-2.41055486084052,0.533817442872186,-0.104994100748339
-2.55974235660001,0.479519499965227,-0.137825383750659
-2.69260841110022,0.422422556489147,-0.141100976479266
-2.80182485672501,0.356593083043206,-0.100001053465786
-2.89533565284465,0.278702321332307,-0.0141431048092127
-2.9553836364928,0.187562655973081,0.0950697272587686
-2.97990331599974,0.0922317413277569,0.192824453162977
-2.97100906108285,0.00293665831412272,0.254904924183447
-2.9315123220298,-0.0764924754813668,0.278880453494545
-2.86244193350473,-0.148283623490237,0.275949952074199
-2.76361472909952,-0.216584808314338,0.259753302972721
-2.63532681107869,-0.28460699597346,0.242496145003293
-2.47941890490366,-0.353050252154426,0.235799532006847
-2.29896683257722,-0.418877616401003,0.249722901866947
-2.0966828879685,-0.475780022093095,0.286337280555279
-1.87365599010916,-0.518304975274196,0.332470265526439
-1.63050759938098,-0.546877147782543,0.363123687555961
-1.36976387508086,-0.567192092333097,0.357002424577187
-1.09613310069257,-0.58456205240852,0.308146551640267
-0.814916685497854,-0.600429437297015,0.22396345748565
-0.530690382103653,-0.613215253792134,0.117463795472415
-0.246563396134089,-0.620527980224343,0.00283657261213248
0.0364608616496169,-0.620835013763655,-0.104299402399311
0.320077915546002,-0.61461853132637,-0.18597225851725
0.608249538414906,-0.604690731856039,-0.225999690932812
0.903625922012019,-0.594403070380284,-0.221516042881093
1.20179705006038,-0.584033954752055,-0.192582784506575
1.49098814898669,-0.569789789436561,-0.172515841954342
1.76022254664786,-0.548046481082771,-0.183215160892186
2.0053843727241,-0.519037164036404,-0.22388988075489
2.22735117875061,-0.485873666150665,-0.279556994537036
2.42814114895722,-0.451716064129245,-0.331642077253048
2.60936409896407,-0.417365180506288,-0.361497244190587
2.77196725930267,-0.379475216945647,-0.351203042863015
2.91523188533872,-0.330889896225266,-0.289220199750502
3.03531144618955,-0.265748603362992,-0.181625256936586
3.12625266338853,-0.186768148215937,-0.0564428925610064
3.18403068845635,-0.104869237338188,0.0514916151011394
3.20846785818472,-0.0296253957148604,0.122431573182994
3.2010267257195,0.0370818201384888,0.157157444765015
3.16271691826715,0.0989198296249488,0.167410047056622
3.09413241315939,0.160538264439094,0.1672027250769
2.99630501900162,0.224618397728776,0.171061746508076
2.87111115229605,0.290043848424981,0.194448930333493
2.72078980424465,0.351074500533562,0.249138462262695
2.54711017558465,0.399841300220068,0.331951924275383
2.35186414299398,0.432756505730822,0.417920207296068
2.13883207032797,0.454121813150942,0.472685356370605
1.91389020406788,0.470950620152679,0.47578300365285
1.68247370970056,0.485983652438093,0.429362289769033
1.44778216552689,0.497022237157277,0.349202035338395
1.21053715756643,0.500206780126999,0.25446014846358
0.968708074732986,0.492847849982533,0.164127431502586
0.717123683695423,0.475040525276799,0.095949455589288
0.449042700054903,0.45013763273331,0.061274293885352
0.161525875039369,0.423007639217865,0.0556191559019329
-0.139015086877415,0.396137016084011,0.0556776919004962
-0.439617328192786,0.367674960956986,0.0335053125336252
-0.730607322247374,0.334537620961705,-0.0236862492933414
-1.01036885907758,0.296227558331345,-0.109535164348104
-1.2822770598617,0.255135542978244,-0.208481531138616
-1.55057042343812,0.214861927060577,-0.304598654532165
-1.81863029047239,0.178647995333705,-0.38382603115379
-2.08816241679325,0.148062284452798,-0.433050701770472
-2.35713030013137,0.122037569830158,-0.441084306978756
-2.61714845507282,0.097521046446396,-0.404258911486054
-2.8545056007257,0.0724727045403377,-0.332708182299637
-3.05675652845372,0.0482730243364273,-0.247596448432941
-3.21840497233811,0.0278952025528256,-0.168392423731154
-3.33963773461944,0.0122294887964989,-0.10337452640047
-3.42194625061924,-0.000938830316141504,-0.0507519438827155
-3.46597206976425,-0.0152257426748012,-0.00408714950853872
-3.47159238168005,-0.0332675585015081,0.0449674399938082
-3.43804263960322,-0.0547513721006978,0.106626339196321
-3.36326734839855,-0.0756928466198859,0.190720793545777
-3.24435744909979,-0.0905189537583362,0.298393580180464
-3.08128319560024,-0.0969568688299838,0.41295858946061
-2.88093672522459,-0.0988050992306311,0.503819333465537
-2.65490179268518,-0.101939374423138,0.545406453380595
-2.4125919314457,-0.108508025313196,0.531228883696329
-2.157913458942,-0.116299325998025,0.471050815266204
-1.89058949983143,-0.121732007274408,0.381520297287811
-1.60815483445257,-0.12248468414019,0.280959268322491
-1.30709846323198,-0.118997360846351,0.18785709178551
-0.984495533141825,-0.11497243974912,0.117624880414821
-0.641519630648451,-0.115769920470219,0.0752075094095927
-0.286740150645765,-0.12432923720586,0.0493245423445466
0.0661562080055259,-0.1383201312777,0.0184307852449337
0.405968337664361,-0.152679218447865,-0.0334727207626946
0.728403002494868,-0.16448619117028,-0.10724271410477
1.0339454628229,-0.174648549266957,-0.192053131231212
1.32416552875802,-0.186456646820886,-0.273201414065303
1.6001177157251,-0.203508260034554,-0.336228008382879
1.86223212286408,-0.227653453703103,-0.367369330642402
2.10953027288107,-0.25676611870424,-0.354870872903067
2.33753953156224,-0.283865865802873,-0.294795311648218
2.53777257300599,-0.300401367454073,-0.198311183058648
2.70161404602658,-0.302517945224064,-0.0907448777463267
2.82527540875263,-0.293515806271922,0.000983476669495387
2.91028047720236,-0.279414949755739,0.0616547520322997
2.96015767666782,-0.263228180665821,0.0908609400213462
2.97749332264062,-0.243706365498763,0.0978595077141731
2.96298241380628,-0.218152590288545,0.0963435810697426
2.91555778969506,-0.186091554833748,0.101903059582874
2.83298100569727,-0.151427313654604,0.128159480937225
2.71385990464579,-0.121236922856724,0.178251292130824
2.56125835953982,-0.100727912640565,0.237185523511961
2.38407966473338,-0.0885618725237637,0.277243096262509
2.19248436754457,-0.0785187230304538,0.276666751532541
1.99187605124241,-0.0655788969887807,0.232750508870643
1.78221734217243,-0.0490760731787523,0.158298499403712
1.561150562634,-0.0313978190779738,0.0713918062320107
1.32632984921174,-0.0153011271119183,-0.0107262671380178
1.07621684733017,-0.00145043679249384,-0.0732218920769483
0.811107208206909,0.0134470219003084,-0.105068187950907
0.535186047233363,0.0362925965711894,-0.102817491655611
0.257542677956457,0.0729722333586785,-0.0741332818941813
-0.0107534364541436,0.121949077751553,-0.0352753772668519
-0.26200398243222,0.173914876461848,-0.0020368160155558
-0.494114436275192,0.219635613051788,0.0181604720017132
-0.70796127397227,0.256497999905135,0.0266915927821481
-0.904139176470507,0.287161379698944,0.028947993690782
-1.08229445494363,0.314997367203522,0.030603930128157
-1.24192368481118,0.341368563844799,0.0375708278821861
-1.38243426455893,0.364780320529064,0.0574469099542831
-1.50185949524497,0.381194346681308,0.0981736176366036
-1.59597102743516,0.386279288507471,0.161251490003534
-1.66052774294759,0.379324680875845,0.233901143229229
-1.69574225638622,0.364824130329263,0.291169234416831
-1.70722430300028,0.34863603300845,0.310399385624075
-1.70177691110162,0.333114715851903,0.283675611470996
-1.68370528889615,0.316660626592037,0.217636425455983
-1.65424763957811,0.296255548098929,0.12667157330991
-1.61179628635574,0.269633317417593,0.0282469394254545
-1.55245030753918,0.236669597666963,-0.05867148198516
-1.47133185682838,0.200145461004574,-0.116945493817746
-1.36564816872273,0.164814319426424,-0.139553824539125
-1.23920636113214,0.134032219278808,-0.137602554689409
-1.1027538382486,0.106687266985501,-0.135770830311887
-0.967129576821542,0.0789195934144503,-0.154149921988337
-0.836936423775748,0.0487081705543018,-0.195329978774281
-0.711216267753585,0.0175862871132418,-0.247700084551157
-0.587223937947274,-0.0109030107315048,-0.294950280887183
-0.462509523772224,-0.0334195280427775,-0.321310726192711
-0.335484085580713,-0.0487825592004707,-0.312459629243159
-0.206751815436456,-0.05930505655053,-0.257540602855422
-0.0815226290175699,-0.069774889537592,-0.155958323985899
0.0305919709258529,-0.0830901415693549,-0.0242267231138665
0.121232978415865,-0.0966978595077934,0.108167554784539
0.188654015244723,-0.105385629259992,0.21453191480785
0.236176045139173,-0.108011336269819,0.283373439951963
0.26768335383885,-0.110538898046455,0.31800525498079
0.285773760283417,-0.121484191574139,0.329959364314799
0.291606900699301,-0.144438635713787,0.334704397810885
0.28459181347914,-0.175290894898645,0.348882867207235
0.262707008520602,-0.204836779354169,0.383227114306059
0.225045281622423,-0.224723875808052,0.431530713670829
0.175421135763071,-0.233654227547728,0.468014570945605
0.121894929898576,-0.237426247415662,0.463419109375086
0.0712266573027661,-0.242061155267729,0.405800593890179
0.0252779081334391,-0.248789250622672,0.30398789037514
-0.0176024968810144,-0.255095673968167,0.17685625178765
-0.0601573699215337,-0.257846395854767,0.0440060004832235
-0.105248548850074,-0.255460942420325,-0.0774282829871808
-0.155306880791905,-0.248583719875556,-0.17383642516521
-0.210786320602461,-0.240306072891988,-0.237088809374737
-0.268348519115033,-0.23508808321178,-0.268504876786358
-0.32087588665349,-0.23533253038031,-0.27958113371557
-0.361157092473719,-0.239521489487071,-0.28526733221016
-0.38584537828108,-0.244098825497146,-0.294406420162203
-0.395436345536302,-0.246817608706576,-0.306378151771829
-0.391476154195874,-0.248215169135544,-0.315032760835887
-0.374645975022948,-0.250969923232664,-0.313736864199099
-0.344775667728814,-0.257931056447237,-0.297217808688652
-0.301620624677831,-0.268548963571611,-0.260557462181944
-0.245050318369446,-0.275225264206971,-0.198269194020016
-0.173849924299804,-0.265841073420465,-0.106429705875179
-0.084489308933976,-0.233606573103511,0.0115373328976025
0.0261406177439158,-0.182730877516998,0.139294896115486
0.155248879517941,-0.123735718934743,0.250801477532963
0.294015204834458,-0.064914669891135,0.324051752270521
0.433658673481377,-0.00817497349469451,0.351890960609348
0.569817501384996,0.0489060294776012,0.341021398058638
0.702406782932325,0.109206622704348,0.306054250818421
0.834168185791766,0.173541932027027,0.265529538613885
0.969306621250538,0.239517204564864,0.238047155659161
1.11055915772852,0.30201436194989,0.234162878287911
1.25469046781947,0.356328549546574,0.24698228582244
1.39150087972272,0.401990516149145,0.253693842225508
1.50999236672966,0.442320758948957,0.232434152946149
1.60499726448194,0.480110891833367,0.17735370207004
1.67717446580535,0.515220008572099,0.097820685918719
1.72934771948362,0.545501919549987,0.00924330564833753
1.76397984130209,0.568477191038736,-0.0734972773473097
1.78253172927249,0.582440398573011,-0.137947359010273
1.78583178337239,0.587317505845412,-0.174343706578481
1.77384519234429,0.585104857341345,-0.177196906354295
1.74434176816903,0.578987024049318,-0.148265994277494
1.69270310512901,0.571137867135248,-0.0979379425836185
1.6143531404326,0.560956392796378,-0.0421698037413035
1.50781410698178,0.545778785627188,0.00384085802922829
1.3752273960432,0.523450315040822,0.031065781746272
1.22046099487937,0.49409132081124,0.0381972143735236
1.04719521403342,0.459743574347254,0.0301966795599126
0.857839651505065,0.422640861088931,0.0167838223677529
0.65252441915833,0.383149955742092,0.0115042304392975
0.4284654096946,0.33833840352759,0.0281319701798448
0.182142164696379,0.282827758114232,0.0715299677297285
-0.0847016035665915,0.212980771124081,0.128240048745338
-0.361256396019212,0.13120247307622,0.1701894653442
-0.633411565008181,0.0444749752846313,0.173889535408008
-0.893185169443058,-0.0417503087542859,0.135438821013738
-1.14059355851817,-0.126649324227467,0.0677105794164376
-1.37920607449746,-0.211979572003694,-0.0105290612630796
-1.61221641329589,-0.298631583667314,-0.0818190682556743
-1.84068147506173,-0.384489593069904,-0.132773503904477
-2.06245376498789,-0.464422733736923,-0.156077345751732
-2.27166398243459,-0.532707269179458,-0.152670582338129
-2.46017196040642,-0.586677155167941,-0.131391158556411
-2.62090887987127,-0.628368029989576,-0.103930779007429
-2.75023054793071,-0.662344577809515,-0.0781793168488316
-2.84731665298429,-0.692138944455836,-0.0554937616016422
-2.91217073209508,-0.718572690028551,-0.0330189693638798
-2.94440223508787,-0.740222241823088,-0.00756075375072846
-2.94320613269793,-0.754488376133286,0.022164397723181
-2.90801574081762,-0.758418976408134,0.0555450955364452
-2.83912646938409,-0.749482388782234,0.0915902513332106
-2.73767982161313,-0.726787341014862,0.130873491160875
-2.6048212155879,-0.692647028788968,0.176400126583707
-2.44065724844095,-0.65301720915521,0.231465135825949
-2.24446487282911,-0.614878958830406,0.294307265583352
-2.01691986696931,-0.581498688560776,0.353815669141094
-1.76248817598282,-0.550226285750832,0.392171318610515
-1.48901325993717,-0.515462037310837,0.393974561224123
-1.20461384220435,-0.473205985635281,0.354052691467427
-0.91493762976522,-0.422645270596748,0.278583078725814
-0.622137789035308,-0.364855934229095,0.181928215357579
-0.324535607030761,-0.301156305125611,0.0830914657258658
-0.016885393131027,-0.232474806527755,0.00142913583252022
0.306519284184982,-0.159618187061494,-0.0509102371310045
0.644909062988808,-0.08376442779712,-0.0776566965271235
0.986581502152372,-0.00639961287288042,-0.0981600714502328
1.31524455487387,0.0713773554203238,-0.132718173776023
1.62108216547423,0.149299716353289,-0.187490868546843
1.90331989199888,0.227627418717278,-0.253976729828221
2.16501636237923,0.30641186048227,-0.317759765904464
2.40841468508824,0.384744330506234,-0.365408031879165
2.63350772971904,0.460240623352069,-0.386789811912247
2.83772886140609,0.529057127590211,-0.375288112882249
3.01560025101396,0.586956679975454,-0.328295727636456
3.15935645246335,0.63148418694395,-0.248395287293616
3.26143141583932,0.663804983709893,-0.144110768408461
3.31777752781253,0.688113048619793,-0.0291994808022118
3.32949363562333,0.708537295522074,0.080087722337461
3.30107437099741,0.726214085337464,0.169665600086052
3.2367267426609,0.738945982956486,0.231804417925749
3.13813039607361,0.742951353520613,0.266227752503097
3.0048717488042,0.73484012887836,0.279202837819931
2.83618539902713,0.713269627687657,0.283029718098796
2.632808659739,0.68066847196514,0.294591567040856
2.39863896405731,0.644047236508612,0.328064333306355
2.14127304661402,0.611963575527358,0.380993040484491
1.86973527292768,0.587505991881901,0.427133545659611
1.59039320567233,0.565164379821614,0.432974464692892
1.30545970279936,0.536817114308214,0.384263325539597
1.01510583546685,0.498377603462066,0.291794407359746
0.719755972701144,0.450454099017475,0.178067449728141
0.420513221090552,0.396333053260483,0.0649636945640734
0.118395048267864,0.340557376331911,-0.031060982434491
-0.186172013331575,0.287755195139934,-0.100338117515761
-0.49261741333512,0.240544796912363,-0.141212743998415
-0.798484705630645,0.197090014882637,-0.160249720534488
-1.09841487796693,0.151117254252362,-0.1686174875616
-1.3854625947883,0.0959660720090565,-0.175204445291852
-1.6536734144945,0.029136360004611,-0.182114581104272
-1.8992483681981,-0.0471701550483801,-0.186214530049325
-2.11984401332311,-0.128718194463539,-0.183570623148727
-2.31361629047337,-0.211596452313411,-0.172290776002343
-2.47895584295813,-0.292883183315493,-0.152848865548421
-2.61458448953218,-0.370299409257675,-0.127090715588933
-2.71943966854085,-0.441743883312602,-0.0969375349544009
-2.79220947688872,-0.505208822031982,-0.0632219788397131
-2.83079403238242,-0.559293153219831,-0.0250104580692733
-2.83231528639444,-0.604171525915353,0.0199066068545298
-2.79447668343902,-0.642221826175157,0.072626721864056
-2.71820230157016,-0.677080108370846,0.129437796968636
-2.60939306804287,-0.710956988396213,0.179941889569675
-2.47696711799235,-0.742466992158552,0.210382785453488
-2.32804286226198,-0.767515146147632,0.210608841374432
-2.16487326850646,-0.782262362908426,0.178843148389925
-1.98564904140108,-0.785071080845659,0.12180698648821
-1.78712004278075,-0.776569128638149,0.0529893639414065
-1.56720059762224,-0.759023020444349,-0.00876739694626868
-1.32753002033357,-0.735533406424853,-0.0427360585461964
-1.07516935632549,-0.708336867199843,-0.0360650153846969
-0.820471858837142,-0.67644612088196,0.0036301096211146
-0.571034346995533,-0.635663711971691,0.0491002949441443
-0.328630059723511,-0.582302806148437,0.0741107791893565
-0.0926428906634559,-0.515891011362236,0.0712634345867824
0.135850002928141,-0.438096114454642,0.0500115602526888
0.353472106759195,-0.35102190057529,0.0252556976097213
0.556030253742152,-0.257359496507918,0.0095458904358174
0.740208084526776,-0.161740586418716,0.0107891624745537
0.904802279659364,-0.0710360571349134,0.0321632590025969
1.05099764329584,0.0084085129076292,0.0720911346597582
1.18120697317773,0.0752517000845346,0.124504303627622
1.29688809751833,0.134408276379927,0.180040723674999
1.39691179242288,0.192854353871375,0.227748087569283
1.47815747723595,0.25416957973519,0.25692134342785
1.53796069457416,0.316934310036205,0.259586015984609
1.57595035296911,0.37699592263392,0.232863620844366
1.59379597030172,0.430133614796249,0.179552481590625
1.59368197703057,0.473184171252278,0.107348444586744
1.57681644088759,0.504345175237684,0.0282536148985039
1.54248414491496,0.523806995852583,-0.0422255641747133
1.48809027195562,0.534583340961957,-0.0887129810846972
1.41147562565193,0.542038477974194,-0.104253723732615
1.31482328992716,0.550496790290081,-0.0989738981976641
1.20558586348346,0.558984682796604,-0.0972881102577843
1.09162112172478,0.5618769908231,-0.120040453945226
0.975941691626488,0.554130146053598,-0.169595709684429
0.857146583868321,0.534270466791524,-0.232098916992039
0.7332742144235,0.503563003111481,-0.287954280546624
0.604835023358257,0.464454455240471,-0.319016651541465
0.47600555095337,0.419430418589245,-0.312018197797254
0.353886645796797,0.369707533528525,-0.262083746539447
0.245305153582405,0.31466028250467,-0.176302685329387
0.152422770333877,0.254392838903265,-0.0722944206347537
0.0715501984664096,0.193321064790332,0.0303955885140724
-0.00235694849214681,0.138424446576793,0.11923179830043
-0.0704842786877169,0.0943741863944169,0.190649913352283
-0.129794853309097,0.061963413488288,0.245908226698091
-0.175968675283586,0.0396718608067408,0.286562659693938
-0.205777854200956,0.0256979737975003,0.313339487613961
-0.217929227073167,0.0191333136215789,0.328071971659268
-0.213367738054805,0.0200495378010313,0.33620247171077
-0.19561484110467,0.0285903679158731,0.346644449120088
-0.170366794845815,0.0434817123775966,0.366352093232701
-0.143196733864768,0.0612950308156109,0.391511995020186
-0.116484041846707,0.0780019948350353,0.404715404569821
-0.0891425737778594,0.0917736707938789,0.385123193532013
-0.0595414569113155,0.10374792334056,0.322366806318773
-0.02764661044664,0.116413047754544,0.220464947086743
0.00529389538469922,0.132062646098026,0.0930391684861346
0.0379564875517043,0.152064550002894,-0.0413588089129241
0.0698824062812276,0.176029426624638,-0.161069822048361
0.10191338345331,0.200479318796639,-0.244731342998146
0.135531551528683,0.218890996011399,-0.279914696705044
0.171201265446178,0.226071785955418,-0.273983191372978
0.206834675163183,0.223248407173873,-0.252995483204026
0.238255576312097,0.216516724716292,-0.242726732905167
0.261612429100411,0.210290155745305,-0.251526201216811
0.275133924002275,0.204294130237824,-0.271190125653483
0.278684849721902,0.195198562351147,-0.287514390943687
0.272070410238414,0.178893016171926,-0.287773670583042
0.253394381813685,0.151968606203006,-0.262567584061186
0.218243851708331,0.113353040374286,-0.205874122243662
0.160641576316107,0.0663839881661523,-0.116808189111902
0.0760980026577858,0.0192076001636817,-0.0027055197153563
-0.035108441145658,-0.0194340662359854,0.119878199619588
-0.166664595896035,-0.0478110200192019,0.228657327906909
-0.307464849548732,-0.0745759895913506,0.303175090157885
-0.44648396112315,-0.111813645532754,0.333110359435249
-0.579031421005858,-0.165017725916932,0.321167200739188
-0.707207321419895,-0.231766005652109,0.279389342025621
-0.834837194346582,-0.307176765845559,0.225586114563661
-0.962487188855533,-0.388131625192296,0.182056810541858
-1.08484108454869,-0.473938919979784,0.170133981890473
-1.19233578044844,-0.56450692223175,0.195615114276856
-1.27852280105869,-0.657772347356208,0.235945802360123
-1.34599030570796,-0.749180845910909,0.252401184341063
-1.40136112313054,-0.834312176128073,0.221830853522289
-1.44703091997609,-0.911315551598006,0.14965819875381
-1.48060463048789,-0.980727157858763,0.0569462714784536
-1.49830605495313,-1.04386269349636,-0.0346015760440197
-1.49654754138906,-1.10092200255604,-0.108302986110991
-1.47223062083888,-1.1495286790332,-0.152516265575981
-1.424280190954,-1.18502907865161,-0.160969081589869
-1.35511381344743,-1.20270886819384,-0.135321133972124
-1.26956993807762,-1.20077577378657,-0.0867182471740728
-1.17141311327795,-1.18160844816895,-0.0318866008860232
-1.06030232066865,-1.14931933433578,0.0150154850820346
-0.932599800095249,-1.10620069952406,0.0475554632834919
-0.785423712658505,-1.05126711805652,0.0656828119565577
-0.620293157811304,-0.980806178821137,0.0716460701448633
-0.443122471132451,-0.890071547698695,0.0674452143557769
-0.260458127472139,-0.775453186993336,0.0548659793022009
-0.0755364459658499,-0.635795739397307,0.0373926174613235
0.112785343473337,-0.472720124496932,0.0224083964606302
0.308122283204126,-0.291035126337947,0.0207213839987177
0.512406306359821,-0.0988174550626697,0.040276248198449
0.721437642387909,0.094942256578565,0.0759942029152558
0.925010927907741,0.284853667000137,0.106914835606064
1.11362406764203,0.470833817179058,0.109123552747476
1.28434694607059,0.654626654061908,0.0721869788952516
1.43968004830313,0.836183450168994,0.00213965114868331
1.58351079111448,1.01351153420445,-0.0853826154809155
1.7185128932724,1.18431557030971,-0.170228265536375
1.84424896167312,1.34733494742047,-0.229056038114204
1.95517470781208,1.50259438968007,-0.239455461876906
2.04137910688172,1.65027782997682,-0.19249895468373
2.09512864691538,1.78872426495964,-0.105744237885538
2.11762935365523,1.91343305124946,-0.0162448590396554
2.11626482828278,2.01874927322168,0.0462229793452109
2.09637265665594,2.10086812449243,0.0756198809229971
2.05792923472385,2.15880886101082,0.0830667101548262
1.997352682698,2.19275631504283,0.0835472718481329
1.91027659830892,2.20204155793877,0.0893445084360578
1.79381186132477,2.18399821110751,0.109781599839279
1.64867894677879,2.13399103864765,0.15145132269433
1.48090163080978,2.04764665699647,0.215461805081615
1.3008725843804,1.92497549379016,0.293506223216518
1.11853155482066,1.77238002106524,0.367614464739262
0.938336984011594,1.59930136538696,0.416137658337855
0.759238090484602,1.4126974955411,0.423261624941038
0.578966368079493,1.21477667337246,0.385159775164055
0.397524799358449,1.00458413118842,0.308658342459159
0.217286654872634,0.780404432547139,0.206435887867482
0.0407792411503619,0.541140598383329,0.0944623675098
-0.1319000032746,0.287173801078834,-0.00819126253252032
-0.304228852265379,0.0216032366256998,-0.0818809497573864
-0.481156544004526,-0.248882008895023,-0.115601512132349
-0.663765251970281,-0.515836844325425,-0.118939963312183
-0.845824462701342,-0.773620480441071,-0.121049248865091
-1.01796928969299,-1.02125724798001,-0.149062489550746
-1.17496670074895,-1.25904028832207,-0.208311838623102
-1.31769812068636,-1.48564196050765,-0.284602377398035
-1.45010027625355,-1.69842835605374,-0.357264945424699
-1.57501779720521,-1.8941890826049,-0.407073182500849
-1.69105395406579,-2.06947396113924,-0.418131235846934
-1.7913765233253,-2.22133453891631,-0.380113462746175
-1.86634058192514,-2.34829244305389,-0.29403206244395
-1.91066099299858,-2.45051397678016,-0.176798092780146
-1.92928012975661,-2.52848448730032,-0.0556671681639993
-1.93354432586229,-2.58135656612193,0.0469870280030453
-1.93101573068785,-2.60696397409844,0.123999185862047
-1.92105489574442,-2.60320920368145,0.179766877578858
-1.89834658990572,-2.56898534295547,0.221104004308604
-1.85749026060117,-2.50401125840311,0.252764232459291
-1.79514632098875,-2.40807666099734,0.278339250036804
-1.7107755309095,-2.28035804007128,0.302628003557695
-1.60720823916593,-2.11969358015316,0.331895858015137
-1.49050482815235,-1.92664080551445,0.369962221221162
-1.36761835263364,-1.70640530640019,0.411722666478977
-1.24244669757949,-1.46904296338802,0.441139742885133
-1.11423607887034,-1.22480340544612,0.439243360887948
-0.980324291954966,-0.978991208098915,0.395616980039788
-0.839548006813333,-0.731602635654364,0.312260520595564
-0.692966683681235,-0.480304920648183,0.199746827032904
-0.542624502321967,-0.222880867687098,0.0730127272816307
-0.39003271758074,0.0415979486680554,-0.0496884516579591
-0.235069408539136,0.311659049317193,-0.147345830860019
-0.075796482765032,0.582316820135922,-0.201874382970716
0.0896352746563485,0.84579627128148,-0.210473871757194
0.259197881906775,1.09517667422615,-0.193625266763525
0.425944307073113,1.32739090723045,-0.183121292782438
0.582804363214385,1.54165739721428,-0.198478102858294
0.727703326223078,1.73679172281303,-0.237829389801775
0.863415137906519,1.91091414013776,-0.286367530113986
0.993863658448851,2.06195938903286,-0.326112597014491
1.12060771002218,2.18774756611269,-0.339622295506816
1.24102440702946,2.28604173784645,-0.312368982941399
1.34919910134597,2.35572192924909,-0.239644283014557
1.44018811853454,2.39918256734063,-0.134890102159093
1.51406536963217,2.42264872024016,-0.0269614712383138
1.57411735110558,2.43185753009481,0.0571201061145155
1.62161429969045,2.42774601861361,0.106727118772183
1.65420131746892,2.40693698380082,0.126414303746013
1.66801765268882,2.36460770956434,0.126785799123705
1.65997566661909,2.29622921411492,0.119046562775911
1.62922132469976,2.19803905783785,0.115410302109977
1.5782369488664,2.06772152580115,0.130498472285
1.51284656316735,1.90622612752009,0.177060194765212
1.43940963013338,1.7193449452851,0.253604839197614
1.36038486154411,1.51556166868739,0.334621096111732
1.27406020070627,1.30070548595444,0.382463574294989
1.17947753114485,1.07616579015746,0.374783363040465
1.07897570836979,0.841917433834122,0.315159564122663
0.976207580163167,0.598849239337772,0.222025098288159
0.873720984422817,0.348652716603422,0.116897187970925
0.771473401441455,0.0929031779245298,0.0207084251721896
0.665958231644402,-0.167582006229572,-0.0473287567307786
0.551281171191336,-0.432542338773054,-0.0753121367170425
0.423988625845527,-0.700611909539898,-0.0682576216483708
0.288515023655572,-0.966999976845954,-0.0501054223311407
0.155098050765685,-1.22385577245765,-0.0483225190445525
0.030868768142759,-1.46435702800733,-0.0746863859716052
-0.084359685788954,-1.68586551296713,-0.122830615485546
-0.194754389557216,-1.88920490696519,-0.178707014563753
-0.304140521075695,-2.07618992262101,-0.228858809651872
-0.414022681159283,-2.24754825960587,-0.26182899267886
-0.523045059645817,-2.40135847357329,-0.266629357518861
-0.626970403146784,-2.53207373137793,-0.23333386939604
-0.7196744382595,-2.6315578639397,-0.158344908069171
-0.79591642761077,-2.69314811305755,-0.051522955196491
-0.854714269650826,-2.71608095943215,0.0632371894864137
-0.899870915822473,-2.70528890258321,0.159122130267813
-0.936363723263018,-2.66627248879035,0.220402740687264
-0.966636386162565,-2.60080766816141,0.246101382289349
-0.990322206131488,-2.50703025796031,0.24421260926406
-1.00587639150652,-2.38195222709397,0.226578171358255
-1.01144035349337,-2.22397506708427,0.208391793945132
-1.00462249750734,-2.03489667928505,0.207523974685044
-0.982903350974034,-1.82080567326693,0.236336648993416
-0.946222059459663,-1.59002752376035,0.287006985829646
-0.899543055304483,-1.3485665064995,0.328332117161008
-0.850478278837313,-1.09828755324067,0.327549208520769
-0.803853127137309,-0.83964525899021,0.273946265386877
-0.760178825636725,-0.574139303694656,0.178740471072082
-0.71786034820734,-0.304259028379314,0.061959659289775
-0.674883800358099,-0.0322242364367356,-0.0562203237944803
-0.62892052835586,0.241370193464108,-0.157532987337767
-0.577333869868349,0.518227435445696,-0.226606713664613
-0.518686425252803,0.800994764121741,-0.255177910008657
-0.455469141120629,1.08922216672134,-0.247966657257346
-0.394664199147674,1.37569783768207,-0.222659531633072
-0.343754178543416,1.64842447907075,-0.199843647450264
-0.306464928847342,1.89723750985756,-0.191147106961349
-0.282976134390551,2.11751644276272,-0.196175068960876
-0.272243137341261,2.30828052956865,-0.207364685717553
-0.272629004085421,2.46877808941881,-0.21506709662228
-0.280838545355539,2.59678659158443,-0.20893169807681
-0.291133239020217,2.6884620785969,-0.177611305426507
-0.296355180364105,2.73883532792832,-0.111446406563226
-0.290571000420704,2.74339233312745,-0.0108027804679262
-0.271038701415403,2.70200574397593,0.10527698612314
-0.23743274932205,2.62307890433023,0.203779358931205
-0.189965321348864,2.5214658418299,0.258398047966089
-0.129262302624773,2.41041953098556,0.264920221208268
-0.0573221560938918,2.29618998807353,0.237198971788218
0.0223206367014434,2.17835341690762,0.195310982551985
0.105119373414056,2.05260226223016,0.158599778938593
0.185615499585368,1.91395500330752,0.143181795096234
0.256917384474276,1.76006596325569,0.15819823454053
0.311226287705591,1.59300556677095,0.199561409715659
0.343101719767304,1.41698387196203,0.248213878369459
0.353224071385929,1.23359749012505,0.279579721354061
0.348279291178799,1.04027383157573,0.277301372973127
0.336931198257607,0.833245171479957,0.238922525331233
0.325619997036773,0.610789967225094,0.172069018378849
0.316840892926735,0.373833961517187,0.0877680270658351
0.309946063751091,0.124490924999892,-0.00356489650915676
0.303277565531099,-0.135748263966874,-0.0920928425104304
0.296748864704531,-0.406768628519325,-0.166398547707086
0.294055383521795,-0.688434339095878,-0.212811737420075
0.302460439403646,-0.976997176258497,-0.220012912530047
0.327925048098343,-1.26234339701762,-0.188864484183961
0.368384222575737,-1.53114856922586,-0.138212601644644
0.413817454959849,-1.77492475964528,-0.0953814387737547
0.454701883615416,-1.99345485451795,-0.0781595527883326
0.488387927949333,-2.190125733809,-0.0875514430325913
0.517875422565507,-2.36664212361659,-0.114192016962939
0.547788571206028,-2.52210670158766,-0.146109058966805
0.581604681629215,-2.65472691463175,-0.170211323839022
0.619719642973115,-2.76330901292135,-0.169526258903064
0.657553272865213,-2.84724008459859,-0.123896614501699
0.686129371657425,-2.9051897258924,-0.0222147507014004
0.698735966139897,-2.93430762453119,0.118312924736121
0.698489473325507,-2.93170114125371,0.252465634832399
0.694372544080756,-2.89670881232008,0.339452093973527
0.690626547663728,-2.83100120586891,0.369025488189558
0.684689245025874,-2.73737142649781,0.354659174844279
0.671834996146193,-2.61855140527331,0.316629461885293
0.648790434946822,-2.47541183071095,0.275011014978525
0.615264310575109,-2.30498757962022,0.249422318242038
0.574321774389222,-2.10060644336545,0.255074271164627
0.530801528242874,-1.85719500244226,0.291484814968439
0.487382697793358,-1.58002152346716,0.334998356524214
0.441884779852636,-1.2859052939397,0.351061906787992
0.389934177845752,-0.99176497491761,0.318421300915772
0.329716002603332,-0.704585093461404,0.238770850405864
0.262919848678349,-0.42269828199295,0.127490750630139
0.192440128139765,-0.141455674149477,0.00222042995290548
0.120070061154378,0.14347983610013,-0.120824237697807
0.045084495560684,0.434907814339471,-0.224941036005572
-0.0362705354821404,0.732519269703071,-0.292058124303307
-0.128971298573846,1.03030366885947,-0.308566076022569
-0.23419420540167,1.31612277341797,-0.277396825054541
-0.345550524995963,1.57770850917473,-0.224254439910708
-0.453154760311588,1.81056829765573,-0.183908872271737
-0.551790870070969,2.01750687104198,-0.176489511544026
-0.6432399527134,2.20186019069091,-0.19961381174704
-0.732567001483111,2.36391090840905,-0.238193273330386
-0.824178021126822,2.50176914757509,-0.274031039891357
-0.919468152520434,2.61352497819725,-0.287110846024882
-1.01486370604109,2.69882661668416,-0.255091352937069
-1.10126887978584,2.75902522637555,-0.162312507664864
-1.16929206389564,2.79554656785846,-0.0199434088213307
-1.21892556493113,2.8081843347884,0.126994633851613
-1.25953746520419,2.79614542922734,0.230685402229854
-1.29784382842441,2.76011061870496,0.275996449364868
-1.33238292329508,2.7020124046981,0.277243721491058
-1.35778948635464,2.62360834080051,0.256063818656754
-1.36895210805931,2.52519607186241,0.229885328133446
-1.36231894387941,2.40445487616761,0.21201053853147
-1.33652584711092,2.25592635290648,0.213654594716943
-1.2933307884268,2.07311126630046,0.24147517046772
-1.23745511984125,1.85467519816827,0.290541538407228
-1.17363960015633,1.61055210172469,0.340767778123987
-1.1030748879005,1.35827017914649,0.366598407702392
-1.02376637603178,1.11038332936014,0.353570830097573
-0.933666969350562,0.868370609139419,0.303395208852565
-0.832137714263545,0.627397723612101,0.22621898675437
-0.719442400804328,0.38234810102227,0.132842501238505
-0.595809318708914,0.129972424010155,0.0329563687442592
-0.460461986378119,-0.13113621299878,-0.062425404916389
-0.310801546029671,-0.400022234125159,-0.138277899759154
-0.143012735680951,-0.671391683870463,-0.177446822747317
0.0440660254037003,-0.934465289684626,-0.171066533488813
0.243515692716427,-1.17719038322642,-0.132142768693658
0.44138794892627,-1.39447856932191,-0.0934566498932665
0.626706698049539,-1.58964911018298,-0.0838890337525474
0.797952902373634,-1.76698234634731,-0.110246630333908
0.959619592899079,-1.92672405710229,-0.161768339245154
1.11654980573276,-2.0658903418,-0.222054298703011
1.27122390980209,-2.18054442679919,-0.273532034166037
1.42265429918029,-2.26777556773863,-0.295540044159853
1.56497145250567,-2.32714223710172,-0.265869051958597
1.6880395366149,-2.36103859791619,-0.174822998976801
1.78413984685851,-2.37288881742627,-0.0445497500482759
1.85492905826377,-2.36400281444116,0.0763105689248224
1.90697614694708,-2.33341686659498,0.149244942299602
1.94273267408132,-2.28092831746905,0.168695606285892
1.95969107051425,-2.2084880745661,0.150873530987687
1.95389535614971,-2.1187514627315,0.116040954595859
1.9218738564525,-2.0128618237747,0.0824272450205436
1.86125026866357,-1.88854045675291,0.0675570787745801
1.77165720010398,-1.73978250330618,0.0867967083269133
1.65625757863121,-1.56126975630081,0.143763986649812
1.52189041672977,-1.35704079897371,0.219723727978721
1.37551624849102,-1.14284477146336,0.279569594666208
1.22001844370027,-0.934865076553396,0.295716117451235
1.05465487339066,-0.738785696799583,0.263541848477702
0.878185752792152,-0.551454052609327,0.195358840040367
0.6903187134498,-0.367611871862198,0.108365955552949
0.491145541970804,-0.183633088302941,0.0201464647450466
0.279905000349094,0.000957850598309136,-0.0492548824792722
0.0546315649346285,0.181333555251539,-0.0772188369071015
-0.185343561652667,0.345823102757826,-0.0489745789244895
-0.434491853823412,0.480767568111194,0.0240394707943889
-0.67988701983842,0.582011160069304,0.101024345495081
-0.907589748253214,0.659159530207357,0.14015140265717
-1.10913550962064,0.725627771420418,0.127861033317445
-1.28187523874943,0.788538160187127,0.0765261501353676
-1.42624157521054,0.847680078123127,0.0060637646909257
-1.54321627204916,0.899337481281816,-0.065648501456678
-1.63257517339834,0.940938505241725,-0.120775537028759
-1.69216489230677,0.975784282538759,-0.138361248768577
-1.71910673193293,1.01522432550772,-0.101372167825924
-1.71382820951445,1.07255729337108,-0.0157002851887691
-1.68383630749517,1.14946464881845,0.0792373854079421
-1.64021294755415,1.23184927509064,0.134555871731893
-1.58909128313887,1.30418671040164,0.129301790335334
-1.52978315406106,1.36194920690053,0.0751111274799737
-1.4596240442043,1.4096753173681,-0.00473285400222262
-1.37733322607123,1.45476537520232,-0.0899366801388734
-1.2829297702032,1.50407985011583,-0.164163439372056
-1.17672244108139,1.56172999443766,-0.210833981687167
-1.05984128810477,1.62595463487056,-0.213083067490416
-0.937110413668842,1.6877870551591,-0.163403200656461
-0.819254657536602,1.73716986233004,-0.0766029222237339
-0.719423026697478,1.77264781703328,0.013999361393752
-0.645497362860945,1.7993428647255,0.0806366040710635
-0.594863739747837,1.81539644948351,0.117062907724803
-0.553893330651684,1.80668573851546,0.131894864327515
-0.503537246502131,1.75690612274035,0.136714822968265
-0.430211911850461,1.6590021649732,0.143654545335523
-0.333306518324655,1.51644561244515,0.168024676953511
-0.223998755861339,1.33767915827744,0.223946883603084
-0.117271006436492,1.13093625784409,0.308944946455284
-0.0211897562138619,0.902974661702769,0.393546654120717
0.0670529497609942,0.660873355794136,0.438074813223421
0.153451412390589,0.412335262423817,0.422025659069293
0.239562450123401,0.163525690626649,0.350966169441919
0.322880321280326,-0.0820428375036458,0.243483269087828
0.400110810580015,-0.323262945313178,0.120450822892467
0.468939462162347,-0.561707007016197,0.00272138103688702
0.528491660300747,-0.802177435126196,-0.0892017996227325
0.579460456038875,-1.05068629129956,-0.140482233779474
0.62381856141492,-1.30787689567569,-0.152417431421666
0.663545101239566,-1.56318296771453,-0.146824767440204
0.699086856968888,-1.79974056817493,-0.152092868576623
0.729563323154164,-2.00652043468023,-0.182224557357191
0.754272146466877,-2.18241943816683,-0.231920091505435
0.773310257631165,-2.33121484440397,-0.286267490655868
0.78699391781365,-2.45676435059785,-0.329246877005902
0.794704298694511,-2.56108222670952,-0.345267631347394
0.793911265738369,-2.64261720282668,-0.318356967375205
0.780953315782662,-2.6941546730358,-0.236571472510726
0.754578239112234,-2.70424825308898,-0.104066437264713
0.718947240470282,-2.66524053720191,0.0505758611248863
0.680671659143601,-2.58021668570627,0.186517788867332
0.642846253800236,-2.45826508374464,0.275955491995134
0.604205382669371,-2.30470694183215,0.314992971969924
0.56264920491582,-2.1187958786526,0.315035001882212
0.518025449765169,-1.89778332514084,0.292490188232259
0.473291177800516,-1.6415596283789,0.265907151504779
0.434606269384533,-1.35644526680254,0.254801812407461
0.409131748670088,-1.05703223517601,0.272090550414117
0.400127415426477,-0.762286818074913,0.312053554266498
0.403533005289646,-0.485841990411296,0.348462886593357
0.410966198736932,-0.229692755687527,0.351811354236366
0.416185581230904,0.0116485675733725,0.309599083835379
0.417647218105243,0.243017858833249,0.229362446018597
0.416487104036228,0.465181654539409,0.128274339476884
0.414200498617197,0.676240320223066,0.0239366654569949
0.411863137450876,0.874299442607323,-0.0687372003434658
0.409948911538148,1.05934280586277,-0.138022150784396
0.407756412593367,1.23347068375009,-0.177235170993269
0.402740586092511,1.39909749423462,-0.188302116750414
0.390908223347867,1.55577524658003,-0.182886824487815
0.368686581191248,1.69866823655653,-0.176927200457162
0.334552582037564,1.82093065908151,-0.181756081890527
0.288743849792012,1.91750858391199,-0.199747750078381
0.232021809442549,1.98687196849619,-0.226550861924196
0.165187267766965,2.03035183615259,-0.254988965769248
0.0892309626121208,2.05033754287077,-0.276426050823093
0.00468714481509162,2.04813318869378,-0.2799474203157
-0.090559456322968,2.02245964426645,-0.253107111413032
-0.20296285763648,1.97076591922009,-0.188254211167942
-0.33973530049694,1.89447117331761,-0.0928099088217102
-0.499369941090707,1.80318860486351,0.00773800959635025
-0.666874521409093,1.70998900581224,0.0834747392912977
-0.822965174720935,1.62127574803303,0.11917902451453
-0.956807784824389,1.53411436833246,0.119096915225627
-1.06811077973777,1.44199151841365,0.0982209150827606
-1.1613180438149,1.34039806525701,0.0751189655049393
-1.24029064489794,1.22948855018656,0.071490204345093
-1.30547963737254,1.11523752469407,0.110253333515086
-1.35323920361659,1.00713111487023,0.201863083484284
-1.37918741004562,0.909732143988703,0.324951595246749
-1.38430608002064,0.816386352301956,0.431236113672546
-1.37479732639216,0.716759594042054,0.482211638498772
-1.35500807350397,0.607579169403749,0.472410144149806
-1.32427003525286,0.492479437518739,0.418107421369729
-1.27949042679889,0.376757777725818,0.339052251622902
-1.21823469633625,0.264595898138878,0.251941338091343
-1.14045180472216,0.158585884109222,0.172359851139409
-1.04930437998352,0.0592783753109025,0.11618552625876
-0.950491335657799,-0.0357818973956947,0.0943467249558367
-0.848924729184165,-0.131599999936888,0.102227570125865
-0.744916429649314,-0.231947047090884,0.115429959899354
-0.634939840576367,-0.33563705520677,0.103252530961401
-0.51650812233811,-0.438273505759015,0.0495089604699392
-0.391006948354043,-0.536618763957231,-0.0414107522847413
-0.262670625072908,-0.629968490330865,-0.153695883820389
-0.136140649675188,-0.718769536200939,-0.269076799907762
-0.0142478274524823,-0.803216297198165,-0.368124019424175
0.104332239936271,-0.883122599081757,-0.428087934608384
0.226607441992038,-0.958660596592107,-0.426714751919193
