0
0.01
0.02
0.03
0.04
0.05
0.06
0.07
0.08
0.09
0.1
0.11
0.12
0.129999995704087
0.140000058194833
0.150000106238148
0.160000238030386
0.170000230262852
0.180000353684703
0.190000047862196
0.200000241045938
0.209999259317081
0.220000373059635
0.229997584849322
0.240002886083127
0.24999331698417
0.260013507076885
0.269979677054502
0.280041215899114
0.28995405344118
0.300059059224987
0.309988454972598
0.320004335230411
0.330013126224171
0.340017749930039
0.350020281169405
0.360022285549082
0.370024412022395
0.380026631481803
0.390028742241623
0.400030585480483
0.410032059585772
0.420033135158599
0.430033844304164
0.440034267114998
0.450034508816623
0.460034673732592
0.470034845366865
0.480035072137568
0.490035369249357
0.500035724997193
0.510036115822463
0.520036519252737
0.530036922428304
0.540037328255716
0.550037753021832
0.560038226438848
0.570038780897464
0.580039445799911
0.59004023424135
0.600041136007418
0.610042114814032
0.620043116931945
0.630044087536843
0.640044988327468
0.650045810033455
0.660046568305573
0.670047297627731
0.680048032101632
0.690048800990483
0.700049614410495
0.710050470540751
0.720051343590833
0.730052204403309
0.740053002199517
0.750053707968295
0.760054275801146
0.77005472781867
0.780055065032724
0.790055397309165
0.800055781051461
0.810056364764253
0.820057206102261
0.830058371830468
0.840059842829761
0.850061554489192
0.86006340023913
0.870065259899782
0.880067033518544
0.890068663045477
0.900070139444407
0.910071492966623
0.920072767853029
0.930073996062685
0.940075177708183
0.950076278332043
0.960077236795802
0.970077983662889
0.980078460814418
0.990078635866628
1.00007850960642
1.01007811255904
1.020077496536
1.03007671923477
1.0400758338243
1.0500748833095
1.0600739024508
1.07007292505465
1.08007198743592
1.09007112400044
1.10007035776186
1.11006969480298
1.12006913081548
1.130068665893
1.1400683154889
1.15006810870586
1.16006807420344
1.17006822573718
1.1800685551354
1.19006903526627
1.20006963314595
1.21007032367707
1.22007110032994
1.2300719763781
1.24007297759388
1.25007413143721
1.26007545504861
1.27007694814782
1.2800785892218
1.2900803373345
1.30008213574384
1.31008392222492
1.32008564143308
1.33008725566358
1.34008875638128
1.35009016113873
1.36009150849065
1.37009283774008
1.38009417277003
1.39009550920496
1.40009681307822
1.41009802818337
1.42009908887901
1.43009993441111
1.44010052035763
1.45010082120139
1.46010083076372
1.47010055532451
1.48010000892245
1.49009920736889
1.50009816720874
1.51009690822628
1.52009545668924
1.53009384860323
1.54009213065377
1.55009035227877
1.56008855817918
1.57008678148934
1.58008504535494
1.5900833692054
1.60008177384776
1.61008028229757
1.62007891431633
1.63007768257768
1.64007659073119
1.65007563698605
1.6600748189234
1.67007413814461
1.68007360111704
1.69007321838651
1.70007299777979
1.71007293955821
1.7200730302302
1.73007323885891
1.74007351698802
1.75007380517412
1.76007404398595
1.77007419068545
1.78007423398717
1.79007420033134
1.80007414554133
1.8100741338415
1.82007421542327
1.83007441017448
1.84007470776626
1.85007508026694
1.86007549535124
1.87007592239399
1.88007633710716
1.89007671707543
1.90007704702401
1.91007732078758
1.92007754141717
1.93007772247639
1.94007787940342
1.95007802442702
1.96007815900449
1.97007827419468
1.98007835332298
1.99007838083616
2.00007834315671
2.01007823598703
2.02007805938127
2.030077821771
2.04007753224334
2.05007720396167
2.06007684491985
2.07007646146141
2.08007604878191
2.09007560100477
2.10007510268812
2.11007454682198
2.12007392749026
2.13007325967888
2.14007256768462
2.15007190044332
2.1600713112469
2.17007086437512
2.18007060639593
2.1900705733954
2.20007076842578
2.21007118346612
2.22007178898101
2.23007256174121
2.24007347346957
2.25007450386744
2.26007561938767
2.27007676305114
2.28007783216864
2.29007867211803
2.30007909075605
2.31007891156145
2.32007804617135
2.33007655407563
2.34007464919177
2.35007262938823
2.36007077717741
2.37006927419605
2.3800681762981
2.39006743127848
2.40006692594079
2.41006653524944
2.42006615413772
2.43006571395386
2.4400651797023
2.45006453872596
2.46006379141243
2.47006293852269
2.48006197946542
2.4900609123861
2.50005973511902
2.51005845022427
2.5200570643453
2.5300555925975
2.54005405399105
2.55005247678221
2.56005089164351
2.57004933431068
2.58004783235964
2.59004640810241
2.60004506898456
2.61004381637078
2.62004264375769
2.63004154687234
2.640040521453
2.65003956850955
2.66003868922354
2.67003788658211
2.68003716140861
2.69003651319038
2.70003593918287
2.71003543458625
2.72003499435925
2.73003461450952
2.74003429412456
2.75003403644654
2.76003384833971
2.77003373437722
2.78003369322137
2.79003371215114
2.8000337636505
2.81003380938922
2.82003380009358
2.83003368087254
2.84003339304105
2.85003287807057
2.86003208874847
2.87003100415964
2.88002964470961
2.89002807962192
2.90002641496966
2.91002475197386
2.92002314046152
2.93002154685743
2.94001985893079
2.95001792027654
2.960015581281
2.97001273850282
2.9800093441646
2.990005398744
3.00000093383641
3.00999599721239
3.01999063892456
3.02998490694941
3.03997884157366
3.0499724759287
3.05996583868049
3.06995896045781
3.07995187920578
3.08994464805732
3.09993733704963
3.10993003145625
3.11992282470057
3.12991580710311
3.13990905510033
3.1499026218514
3.15989653265446
3.16989078459306
3.17988535093753
3.18988018780018
3.19987524327224
3.20987046369594
3.21986579779576
3.22986119926751
3.23985662516901
3.2498520357671
3.25984739502043
3.26984267369468
3.27983785579212
3.28983294541583
3.2998279734089
3.30982299690409
3.31981809520543
3.32981335796493
3.33980887102901
3.34980470338548
3.35980089762485
3.36979746910487
3.37979440935442
3.38979169541034
3.39978929940776
3.40978719484819
3.41978536097038
3.42978378171689
3.43978244231186
3.44978132375225
3.45978039741241
3.46977962123735
3.47977893873443
3.48977828266637
3.49977758213105
3.5097767742372
3.51977581564539
3.52977469269459
3.53977342155718
3.54977204057288
3.55977059263103
3.56976910774695
3.57976759074752
3.58976602038901
3.59976435522576
3.60976254597004
3.61976054695137
3.62975832505717
3.6397558636157
3.64975316424412
3.6597502441416
3.66974713124945
3.67974385618725
3.68974044108682
3.69973689313402
3.70973320241271
3.71972934893566
3.72972531351315
3.73972108962192
3.74971668670371
3.75971212994434
3.7697074522957
3.77970268853714
3.78969786679282
3.79969300572993
3.80968810826899
3.81968316586271
3.8296781578455
3.83967306748312
3.84966788536706
3.85966263610866
3.86965736252183
3.87965215877699
3.88964710323899
3.89964232009776
3.90963784440645
3.91963376481236
3.92963001835362
3.93962663453098
3.94962349213747
3.9596205847833
3.9696178284876
3.97961522407214
3.98961277010606
3.99961050424249
4.00960847550221
4.01960673480271
4.02960531892947
4.03960423844313
4.0496034702046
4.05960295765149
4.06960261953638
4.07960236595051
4.08960211599089
4.09960181599786
4.10960144890127
4.11960102994797
4.12960059207729
4.1396001665535
4.14959976622353
4.15959937835237
4.1695989672365
4.17959848434868
4.18959787851714
4.19959710625149
4.20959613643866
4.21959495081325
4.22959354153881
4.23959190454723
4.24959002994011
4.25958789421967
4.26958545637724
4.27958266609823
4.28957948276033
4.29957589549682
4.30957193601407
4.31956767308707
4.32956319939651
4.33955861149418
4.34955399827403
4.35954943148262
4.36954496246778
4.37954062173529
4.38953642107715
4.39953236032698
4.40952843506294
4.41952464979656
4.42952102348557
4.43951759632336
4.44951441933246
4.45951154462506
4.46950900561317
4.47950680612733
4.48950491023596
4.4995032458253
4.50950171267504
4.51950019876119
4.52949859515065
4.53949681023398
4.54949477679877
4.55949245109437
4.56948980767741
4.57948682905405
4.58948349402822
4.59947977117197
4.609475614513
4.61947096781023
4.62946577205858
4.63945997930456
4.64945356743568
4.65944655689874
4.66943901582611
4.67943105383183
4.68942280289472
4.69941439347525
4.70940593767753
4.71939752452108
4.72938922278704
4.73938108699403
4.74937316191345
4.75936548203412
4.76935806762051
4.77935092089397
4.78934402281904
4.79933733740118
4.80933082052693
4.81932443416143
4.82931816044292
4.83931200979902
4.84930601904861
4.85930023752559
4.86929470666773
4.87928944176695
4.88928442385286
4.89927960461824
4.90927491952706
4.91927030365254
4.92926570485251
4.93926109042888
4.94925644981397
4.9592517887212
4.96924712252465
4.97924246537648
4.98923782252106
4.99923318663207
5.00922854073622
5.01922386519948
5.02921914728378
5.03921438753539
5.04920960024373
5.05920480997248
5.06920004232275
5.07919531872959
5.08919064626356
5.09918601693995
5.10918140485628
5.11917677480306
5.12917208882986
5.1391673176723
5.14916244520235
5.15915747363625
5.16915242108665
5.1791473185637
5.18914220461613
5.1991371156592
5.20913207807618
5.21912709707264
5.22912215045254
5.23911718759393
5.24911213791045
5.25910693296467
5.26910153145415
5.27909594139389
5.28909022662755
5.29908449314021
5.30907886575824
5.31907345645457
5.32906834515639
5.33906356530815
5.34905910054695
5.35905488681551
5.36905081470856
5.37904673463655
5.38904247071457
5.39903784662776
5.40903272086259
5.41902703587615
5.4290208504382
5.43901433924608
5.44900775287387
5.45900134154587
5.46899528026494
5.47898962818994
5.48898433627755
5.49897929536043
5.50897438745102
5.51896952041412
5.52896463918628
5.5389597229373
5.5489547761006
5.55894981698959
5.56894486721711
5.57893994077427
5.58893503980955
5.59893015415497
5.60892526730583
5.61892036393895
5.62891543574992
5.63891048677449
5.64890553161557
5.6589005921178
5.66889569290722
5.6788908580805
5.68888610611886
5.69888144523572
5.70887687031619
5.71887236347998
5.72886789927909
5.73886345225328
5.74885900353879
5.75885454398295
5.76885007362301
5.77884559799496
5.78884112278871
5.79883664802494
5.8088321640857
5.8188276508102
5.82882307870385
5.83881841579378
5.84881363466796
5.85880872328842
5.86880369234974
5.87879857821925
5.88879343719297
5.89878833112336
5.90878330926444
5.91877839315232
5.92877357034958
5.93876879628558
5.94876400424682
5.95875911356675
5.96875404297145
5.97874871807652
5.98874308708785
5.9987371380153
6.00873091824587
6.01872454687918
6.02871820810288
6.03871212155064
6.04870649097786
6.05870145742974
6.0686970667402
6.07869326971171
6.08868994683585
6.09868694322689
6.10868410521744
6.11868130832541
6.12867847197788
6.13867556047432
6.14867257176681
6.15866951867735
6.16866641379804
6.17866326296188
6.18866006230846
6.19865679856552
6.20865345030309
6.21864998406269
6.22864636133503
6.23864253857111
6.24863847936894
6.25863416245335
6.26862958703452
6.27862477655131
6.28861977104393
6.29861462400826
6.30860939000278
6.3186041227366
6.3285988668913
6.33859366128568
6.34858853392035
6.35858350722489
6.36857859092272
6.37857378887363
6.38856908806464
6.39856446920678
6.40855989675506
6.41855533686586
6.42855075369734
6.43854613235097
6.44854147361776
6.45853681082366
6.46853219227363
6.47852768287934
6.48852333772549
6.49851919792909
6.5085152713558
6.51851153894155
6.52850795295744
6.53850445174615
6.54850096738299
6.55849743852892
6.56849381666218
6.57849007185552
6.58848619759143
6.59848221175617
6.60847815677081
6.61847409350063
6.62847008863022
6.63846619690073
6.64846244417484
6.65845881548303
6.66845525605725
6.67845168216668
6.68844799858418
6.69844411438826
6.70843995244809
6.71843545186507
6.72843056598052
6.73842525827378
6.74841949827294
6.75841326035361
6.76840652330519
6.77839927329278
6.78839150724571
6.7983832395154
6.80837450769503
6.81836537959261
6.8283559558673
6.83834636884741
6.84833677343674
6.85832733462371
6.86831821150689
6.87830954195922
6.8883014335801
6.89829395798241
6.9082871520014
6.91828102031458
6.9282755417398
6.93827067538294
6.94826636524421
6.95826254546702
6.96825914401555
6.97825608556478
6.98825329527738
6.99825070104184
7.00824823615568
7.01824584088789
7.02824346358765
7.03824105858571
7.04823858575899
7.05823600862394
7.06823329314933
7.07823040725402
7.08822732368368
7.09822402140906
7.10822048962633
7.11821672989906
7.12821275796569
7.13820860413467
7.14820431072779
7.15819993021167
7.16819552084663
7.17819114283442
7.18818685512175
7.19818271196933
7.20817876269012
7.21817505159985
7.22817161910289
7.23816850430841
7.24816574556106
7.25816338209929
7.26816145328215
7.27815999518506
7.28815903798734
7.29815859995999
7.30815868377953
7.31815927091627
7.32816031850509
7.33816175821427
7.34816349709383
7.35816542214024
7.36816740725658
7.37816932392712
7.38817105264769
7.39817249408834
7.40817357611184
7.4181742555022
7.42817451214095
7.43817433926518
7.44817373312106
7.45817268501539
7.46817118247116
7.47816921464463
7.48816678054179
7.49816389573338
7.50816059400661
7.51815692379357
7.52815294253842
7.53814870924488
7.54814427885964
7.55813969874199
7.56813500460499
7.57813022135402
7.58812536308003
7.59812043770842
7.60811545233101
7.61811041997908
7.62810536269284
7.63810031331127
7.64809530879074
7.65809038659955
7.66808557730779
7.67808090140122
7.68807636872084
7.69807198132805
7.70806773444373
7.71806362543637
7.72805964558422
7.73805579543094
7.74805205962949
7.7580484338242
7.76804488860834
7.77804140051125
7.78803793123295
7.79803444905628
7.80803092965744
7.81802736584311
7.82802377033123
7.83802017422317
7.84801661981749
7.85801314859865
7.86800979128544
7.8780065606704
7.88800344893589
7.89800043121276
7.90799747158204
7.91799453102219
7.92799157438364
7.93798857554543
7.94798552068776
7.95798241044408
7.9679792600102
7.97797609761819
7.98797296121135
7.9979698904933
8.00796691832139
8.01796406158591
8.02796131601693
8.03795865772208
8.04795604958904
8.05795344900375
8.06795081262072
8.07794809630231
8.08794525371605
8.09794223829495
8.10793901145051
8.1179355537233
8.12793187011304
8.13792798834769
8.14792394733829
8.15791978525402
8.16791553022591
8.17791119788558
8.18790679269514
8.19790231267563
8.20789775906187
8.21789314287193
8.22788849408781
8.23788386138643
8.2478793140898
8.25787492835365
8.267870784551
8.27786694239897
8.28786344689663
8.29786029445119
8.30785748270197
8.31785492493065
8.32785261558294
8.33785042173695
8.34784836699199
8.35784637658449
8.36784445987966
8.3778426064395
8.38784080446325
8.39783902969691
8.4078372485324
8.41783542496172
8.42783353117665
8.43783155045655
8.4478294809424
8.45782733127215
8.46782511748159
8.47782285956418
8.48782057760293
8.49781828866127
8.50781600217521
8.51781371779591
8.52781142546783
8.53780910985191
8.5478067550702
8.55780435154224
8.56780190045631
8.57779941640847
8.58779692492241
8.59779445482518
8.60779202792314
8.61778964874276
8.62778730212158
8.63778495786672
8.64778258202861
8.65778014913184
8.66777764975601
8.6777750910546
8.68777249190956
8.69776987564246
8.70776726407595
8.71776467297616
8.72776210931152
8.73775957007605
8.74775704095433
8.7577544958238
8.76775189675668
8.77774919768311
8.78774635254247
8.79774332768788
8.80774011751071
8.81773676012652
8.82773334475868
8.83773000508929
8.84772689058823
8.85772414543582
8.86772185116054
8.87772002646192
8.88771860397684
8.89771746496946
8.90771646967632
8.91771549559638
8.92771447137822
8.93771337701113
8.94771223164879
8.95771107573992
8.96770994520239
8.97770885787634
8.98770780954407
8.99770677537298
9.0077057169507
9.01770459088165
9.02770335692076
9.03770198662327
9.04770046835968
9.057698806662
9.06769701896005
9.07769512692847
9.08769314796176
9.09769108949065
9.10768894937686
9.11768672032636
9.12768439908749
9.1376819951017
9.14767953963764
9.15767708926838
9.16767472211284
9.17767252380538
9.18767056376842
9.1976688717643
9.20766742701172
9.21766616906193
9.22766502488311
9.23766393639413
9.24766287531493
9.2576618415022
9.26766085315797
9.277659934225
9.28765910462324
9.29765837602486
9.30765774946807
9.31765721614006
9.32765675814059
9.33765635103749
9.34765596600517
9.35765557422853
9.36765515064818
9.37765467938491
9.38765415852996
9.39765359977316
9.40765302670478
9.41765246798296
9.42765194500845
9.4376514659687
9.44765101819392
9.45765057309586
9.46765009029555
9.47764952794167
9.48764885146703
9.49764803841575
9.50764708153345
9.51764598434016
9.52764475942246
9.53764341958149
9.54764197909912
9.5576404447071
9.56763882389988
9.57763712034073
9.58763534466982
9.59763351326941
9.60763165795187
9.61762982058867
9.62762805340075
9.63762640443223
9.64762491243242
9.65762359240942
9.66762243865571
9.67762142792905
9.68762052965214
9.69761971611242
9.70761896579358
9.71761826463107
9.72761760594947
9.73761698733043
9.74761640874512
9.75761587011684
9.76761536935646
9.77761489958143
9.78761444787012
9.7976139946259
9.80761351571842
9.81761298599189
9.82761238443741
9.83761169993162
9.84761093461972
9.85761010407854
9.86760923479508
9.87760835763212
9.88760749979321
9.89760667643265
9.90760588623939
9.91760511123366
9.92760432327161
9.93760349082105
9.94760258739334
9.95760159689926
9.96760051683346
9.97759935780215
9.9875981409585
9.99759689201194
10.0075956338392
10.0175943783648
10.0275931236356
10.0375918529156
10.0475905411869
10.0575891646521
10.067587707692
10.0775861688052
10.0875845571371
10.0975828922688
10.1075811914128
10.1175794747589
10.1275777473617
10.1375760186738
10.1475742727935
10.1575725203054
10.1675707254848
10.1775689410621
10.1875671030583
10.1975653906972
10.207563626288
10.2175622895759
10.227560791695
10.2375603154444
10.2475591737935
10.2575600749374
10.2675591553828
10.277561685799
10.2875608983474
10.2975646304988
10.3075644025873
10.3175682527277
10.327569247161
10.3375724652797
10.3475746175991
10.3575774113032
10.3675800438714
10.3775827253537
10.3875853002253
10.3975876737948
10.4075897124178
10.4175912788685
10.4275922544484
10.4375925632191
10.4475921859616
10.4575911623763
10.4675895782196
10.4775875438483
10.487585176324
10.4975825816972
10.5075798485812
10.5175770400488
10.5275741998213
10.5375713508068
10.5475685006979
10.5575656463794
10.5675627754929
10.5775598720873
10.5875569188986
10.5975539033337
10.6075508211713
10.617547680205
10.6275445002559
10.6375413119144
10.6475381522998
10.6575350573808
10.6675320570117
10.6775291687926
10.687526397254
10.6975237345972
10.7075211643043
10.7175186657748
10.7275162190327
10.7375138075149
10.7475114209998
10.757509055482
10.7675067126785
10.7775043977946
10.7875021173262
10.7974998746293
10.8074976679743
10.8174954876135
10.8274933152231
10.837491125545
10.8474888896611
10.8574865793637
10.8674841720355
10.8774816530179
10.8874790176971
10.8974762702525
10.9074734207295
10.9174704811252
10.9274674617325
10.9374643669175
10.9474611935999
10.9574579303717
10.9674545583488
10.977451055135
10.9874474013034
10.9974435870437
11.0074396202133
11.0174355312956
11.0274313733617
11.0374272162031
11.0474231359973
11.0574192023183
11.0674154667434
11.0774119544931
11.0874086610711
11.0974055566977
11.1074025917605
11.1173997091923
11.1273968531252
11.1373939782226
11.1473910559125
11.1573880747013
11.167385045145
11.1773819940541
11.187378963707
11.197376002044
11.2073731553741
11.2173704576631
11.2273679306271
11.2373655725155
11.2473633683064
11.2573612854992
11.2673592871359
11.2773573331436
11.2873553905691
11.2973534342823
11.3073514506897
11.3173494369091
11.327347397917
11.3373453434297
11.3473432846562
11.3573412309901
11.3673391882545
11.3773371563236
11.3873351296311
11.3973330975931
11.4073310464451
11.4173289617607
11.4273268312638
11.4373246476735
11.4473224100977
11.4573201248106
11.4673178043896
11.4773154648684
11.4873131233044
11.4973107942872
11.5073084882616
11.5173062100906
11.5273039596168
11.5373017325754
11.5472995215858
11.5572973177742
11.5672951120037
11.5772928969501
11.5872906681183
11.5972884253357
11.6072861730404
11.6172839195288
11.6272816752201
11.6372794510287
11.6472772572023
11.6572751021889
11.6672729920661
11.6772709291754
11.6872689106887
11.6972669280804
11.7072649674856
11.7172630129763
11.7272610486258
11.737259061065
11.7472570419584
11.7572549888534
11.7672529051908
11.7772508009228
11.7872486926343
11.7972466046989
11.8072445668384
11.817242617615
11.8272408033265
11.8372391733364
11.8472377748438
11.8572366412477
11.8672357679984
11.8772351038781
11.8872345592251
11.8972340650892
11.9072335802574
11.9172330902434
11.9272325940471
11.9372320891739
11.9472315676396
11.957231015293
11.9672304127616
11.977229740416
11.9872289823713
11.9972281287918
12.0072271789651
12.0172261422071
12.0272250354821
12.0372238820351
12.0472227063512
12.0572215314531
12.0672203755291
12.0772192501164
12.087218159899
12.0972171031888
12.1072160739851
12.1172150633652
12.1272140607838
12.1372130552747
12.1472120366329
12.1572109953333
12.1672099238281
12.1772088173065
12.1872076748153
12.1972065001537
12.2072053015071
12.2172040902388
12.2272028793278
12.2372016812549
12.2472005060508
12.2571993600439
12.2671982454133
12.2771971602477
12.2871961001212
12.2971950592242
12.3071940319408
12.3171930145048
12.3271920053513
12.3371910050181
12.347190015735
12.35718904075
12.3671880831333
12.3771871454116
12.3871862290419
12.3971853343553
12.4071844600867
12.4171836036627
12.4271827610107
12.4371819272118
12.4471810959694
12.4571802596586
12.4671794113439
12.477178543682
12.4871776524616
12.4971767359292
12.5071757988588
12.5171748517875
12.5271739146664
12.5371730115014
12.5471721782577
12.5571714390588
12.5671708216739
12.5771703206898
12.587169921981
12.5971695791295
12.6071692311304
12.6171688041083
12.6271682221848
12.6371674179846
12.6471663480969
12.6571650001717
12.6671633996482
12.6771616050888
12.6871596932088
12.6971577389439
12.7071558000466
12.7171539068197
12.7271520629636
12.7371502512419
12.7471484443464
12.7571466140358
12.7671447391847
12.7771428096072
12.7871408277105
12.7971388072132
12.807136769651
12.8171347387581
12.8271327353709
12.8371307732557
12.8471288562387
12.8571269794727
12.8671251312721
12.8771232968438
12.8871214617551
12.8971196155562
12.9071177527217
12.9171158728988
12.9271139792769
12.9371120765844
12.947110168403
12.9571082554972
12.967106333992
12.9771043964319
12.9871024325035
12.9971004324048
13.0070983890712
13.0170963012982
13.0270941748492
13.037092021582
13.0470898582139
13.0570877022366
13.0670855694022
13.0770834707354
13.0870814112623
13.0970793904724
13.1070774036162
13.1170754438845
13.1270735049663
13.1370715816
13.147069671768
13.1570677738329
13.1670658882187
13.1770640142747
13.1870621502562
13.1970602922749
13.2070584345544
13.2170565749206
13.2270547161475
13.2370528753564
13.2470510813436
13.2570493778846
13.2670478101335
13.2770464197189
13.2870452267519
13.2970442256285
13.3070433760079
13.3170426054257
13.3270418407057
13.3370410188426
13.3470401524199
13.3570393083387
13.3670386205369
13.3770382337374
13.3870382665657
13.3970387834246
13.407039788018
13.4170412282359
13.4270430116799
13.4370450242722
13.4470471508016
13.4570492892166
13.4670513627163
13.4770533222466
13.4870551461219
13.497056836005
13.5070584093695
13.5170598924759
13.5270613140622
13.5370627004814
13.5470640708911
13.557065435059
13.5670667923943
13.5770681321295
13.5870694359816
13.5970706815002
13.6070718472086
13.617072918586
13.627073891733
13.6370747763343
13.6470755943247
13.6570763757947
13.6670771533393
13.6770779552178
13.6870788009237
13.6970796983489
13.7070806449215
13.7170816298021
13.7270826381743
13.7370836541907
13.7470846632588
13.7570856546005
13.7670866210237
13.7770875603215
13.787088475743
13.7970893763551
13.8070902765878
13.8170911955567
13.827092154673
13.8370931751198
13.8470942747912
13.8570954655563
13.8670967525995
13.8770981329228
13.8870995964835
13.8971011293114
13.9071027158135
13.9171043411965
13.9271059973885
13.9371076839558
13.9471094101732
13.957111197734
13.9671130791352
13.9771150952635
13.9871172839519
13.9971196691137
14.0071222383706
14.0171249186087
14.0271275628893
14.0371299580587
14.0471318769843
14.0571331460341
14.0671337226914
14.0771336773134
14.0871331754149
14.0971323647966
14.1071314104361
14.1171303740072
14.1271293419243
14.1371282647045
14.1471271787814
14.1571259821336
14.1671247024071
14.1771232491008
14.1871216658846
14.1971199142323
14.2071180586383
14.217116114393
14.2271141502887
14.2371122031797
14.2471103198715
14.257108519991
14.2671068141174
14.2771051938851
14.2871036431816
14.2971021401608
14.3071006632355
14.3170991939181
14.327097719542
14.3370962318279
14.3470947276105
14.3570932064524
14.3670916709805
14.3770901257061
14.3870885775159
14.397087035038
14.4070855084372
14.4170840080836
14.4270825429606
14.4370811189903
14.4470797376863
14.4570783960491
14.4670770867725
14.4770758001011
14.487074525511
14.4970732543212
14.5070719811017
14.5170707051398
14.5270694308988
14.5370681665795
14.5470669232893
14.5570657118964
14.567064540176
14.5770634091563
14.5870623093789
14.5970612182198
14.6070600983553
14.6170588990662
14.6270575608989
14.6370560250485
14.6470542459428
14.6570522041715
14.6670499146562
14.6770474257372
14.6870448091603
14.6970421418856
14.7070394872971
14.7170368819817
14.7270343305686
14.737031812169
14.7470292945483
14.7570267520371
14.7670241822913
14.7770216226778
14.787019145715
14.7970168498194
14.8070148294171
14.8170131507001
14.8270118305143
14.8370108394186
14.847010114896
14.8570095797114
14.8670091644646
14.8770088126879
14.8870084885967
14.8970081676589
14.9070078384727
14.91700749337
14.9270071301761
14.9370067451869
14.9470063378839
14.9570059070882
14.9670054522481
14.9770049748962
14.9870044768902
14.9970039616428
15.0070034337215
15.0170028972948
15.0270023560022
15.0370018116996
15.0470012634043
15.0570007080415
15.0670001395249
15.0769995506948
15.0869989338298
15.0969982822003
15.1069975907033
15.1169968561472
15.1269960762715
15.1369952486177
15.1469943690956
15.1569934310409
15.1669924256897
15.1769913445082
15.1869901826191
15.1969889435158
15.2069876424636
15.2169863071192
15.226984974974
15.2369836874392
15.2469824822626
15.2569813860238
15.2669804103502
15.2769795510656
15.2869787917798
15.2969781102348
15.30697748494
15.3169769019387
15.3269763591304
15.3369758658667
15.346975441528
15.3569751084971
15.3669748851394
15.376974777338
15.3869747714469
15.3969748306435
15.4069748979276
15.4169749038244
15.4269747826609
15.4369744889352
15.4469740131521
15.4569733852092
15.4669726710334
15.4769719410716
15.4869712323595
15.4969705078364
15.5069696635445
15.5169685894382
15.5269672175849
15.5369655181697
15.5469635017617
15.5569611989099
15.5669586514146
15.5769559056455
15.5869530053328
15.5969499876582
15.6069468832093
15.6169437115634
15.6269404835986
15.6369372027948
15.6469338683454
15.6569304804954
15.6669270435619
15.6769235700622
15.6869200819941
15.6969166101903
15.7069131919328
15.7169098673204
15.7269066749692
15.7369036497135
15.7469008189602
15.7568982023502
15.7668958115178
15.7768936506544
15.7868917195462
15.7968900146219
15.8068885318114
15.8168872660053
15.8268862096412
15.8368853506309
15.8468846701405
15.8568841414984
15.8668837305373
15.8768833959817
15.8868830905834
15.8968827630779
15.9068823607209
15.9168818324451
15.9268811311055
15.9368802150287
15.9468790485522
15.9568776028915
15.9668758581694
15.9768738058664
15.9868714527938
15.9968688236995
16.0068659608991
16.0168629206296
16.0268597669728
16.0368565633082
16.0468533652373
16.0568502161315
16.0668471470186
16.0768441773613
16.0868413195626
16.0968385819415
16.1068359735315
16.1168335034073
16.1268311819266
16.1368290174034
16.1468270112127
16.1568251530004
16.1668234137976
16.1768217408061
16.186820053309
16.1968182413579
16.2068161694059
16.2168136842292
16.2268106280514
16.2368068565915
16.2468022581535
16.2567967709349
16.2667903906315
16.2767831681237
16.2867751967814
16.2967665963284
16.3067574975136
16.3167480333557
16.3267383344924
16.3367285239201
16.3467187113545
16.3567089839064
16.3666994010353
16.3766899896263
16.3866807523845
16.3966716807568
16.4066627764149
16.4166540673724
16.4266456165243
16.4366375118296
16.4466298437499
16.4566226777834
16.4666160339601
16.4766098810108
16.4866041446236
16.496598723885
16.5065935123942
16.5165884168198
16.526583371982
16.5365783463737
16.5465733427685
16.5565683886384
16.5665635259153
16.5765587970742
16.5865542333475
16.5965498449481
16.6065456167726
16.616541508126
16.6265374566055
16.6365333891227
16.646529232095
16.6565249231603
16.6665204207915
16.6765157077559
16.6865107880505
16.6965056803582
16.7065004047256
16.7164949749578
16.7264893918584
16.736483642684
16.7464777050724
16.7564715523871
16.7664651592101
16.7764585055767
16.7864515778524
16.7964443700084
16.8064368813071
16.8164291144441
16.8264210721469
16.8364127542632
16.8464041567261
16.8563952734836
16.8663861056017
16.8763766787493
16.8863670647549
16.8963573953993
16.9063478541989
16.9163386483629
16.9263299687016
16.9363219552901
16.9463146764959
16.9563081207862
16.9663021983248
16.9762967485235
16.9862915551167
16.9962863720713
17.0062809619613
17.0162751450096
17.0262688473528
17.0362621230455
17.0462551365504
17.0562481007768
17.066241200546
17.0762345365082
17.0862281137744
17.0962218686426
17.1062157142851
17.1162095787329
17.1262034272495
17.1361972687644
17.1461911475107
17.1561851282073
17.1661792776009
17.1761736514464
17.1861682839061
17.196163185111
17.2061583427112
17.2161537268229
17.226149297356
17.2361450116369
17.2461408316412
17.2561367290899
17.2661326902084
17.2761287155211
17.286124816727
17.2961210089985
17.3061173033239
17.3161137013466
17.3261101948222
17.3361067682794
17.3461034018692
17.3561000756795
17.3660967727461
17.3760934804357
17.3860901891575
17.3960868869788
17.4060835503118
17.4160801363339
17.4260765792514
17.4360727966878
17.446068706974
17.4560642527059
17.4660594225589
17.4760542615111
17.486048868445
17.4960433857071
17.506037980185
17.5160328110316
17.5260279900446
17.5360235522465
17.5460194548549
17.5560156007844
17.5660118736454
17.5760081620355
17.5860043744022
17.5960004405148
17.6059963119101
17.6159919665658
17.6259874188429
17.6359827365056
17.6459780469197
17.6559735335265
17.6659694075372
17.6759658657136
17.6859630408596
17.6959609677411
17.7059595684934
17.7159586710375
17.7259580477324
17.7359574663374
17.7459567338826
17.7559557296827
17.7659544157909
17.7759528294664
17.7859510613178
17.7959492263229
17.8059474408012
17.8159457976305
17.8259443629518
17.8359431713872
17.8459422324908
17.8559415356796
17.8659410565578
17.8759407607186
17.8859406046926
17.8959405393304
17.9059405092742
17.9159404559604
17.9259403185949
17.9359400374097
17.9459395600577
17.9559388490233
17.9659378909713
17.9759367044664
17.9859353352832
17.9959338454042
18.0059322950132
18.0159307293239
18.025929175209
18.0359276426859
18.0459261300306
18.0559246268476
18.065923112264
18.0759215510026
18.0859198906932
18.0959180641228
18.1059160013359
18.1159136492062
18.1259109915113
18.1359080609239
18.14590493808
18.1559017375436
18.1658985873037
18.1758956042319
18.1858928690938
18.195890407743
18.2058881910085
18.2158861493867
18.2258841963664
18.2358822499932
18.2458802458392
18.2558781404743
18.26587590898
18.2758735415415
18.2858710426732
18.2958684342381
18.3058657592525
18.3158630867353
18.3258605072928
18.3358581220719
18.3458560247526
18.3558542827088
18.3658529231377
18.3758519337348
18.3858512708415
18.3958508791141
18.4058507195432
18.4158507882193
18.4258511286787
18.43585182908
18.4458530059086
18.4558547697757
18.4658571874009
18.4758602463279
18.4858638422912
18.4958677909348
18.5058718618153
18.5158758083689
18.525879389965
18.5358823927602
18.5458846463763
18.5558860494252
18.5658865835999
18.5758863198872
18.5858854016493
18.5958840182914
18.6058823636097
18.6158806068138
18.6258788669172
18.6358772132641
18.6458756686433
18.6558742273833
18.6658728617382
18.6758715386847
18.6858702179885
18.6958688740679
18.7058674853913
18.7158660694626
18.7258646537716
18.7358633155046
18.7458621168499
18.7558611547805
18.7658604593104
18.775860083855
18.7858599771294
18.7958601368192
18.8058604482827
18.8158608961159
18.8258613570812
18.835861846167
18.8458622688279
18.8558626715523
18.8658629959634
18.8758632952017
18.8858635432378
18.8958637819138
18.9058640171925
18.9158642848375
18.9258646148363
18.935865043158
18.9458655990257
18.9558662965605
18.9658671256489
18.9758680473249
18.9858689924444
18.9958698727577
19.0058705953272
19.0158710781122
19.0258712644189
19.0358711289719
19.0458706764425
19.0558699315036
19.065868926833
19.0758676885001
19.0858662257609
19.0958645233845
19.1058625395396
19.1158602102236
19.1258574598823
19.1358542203753
19.1458504529775
19.155846171184
19.1658414517502
19.1758364324405
19.1858312909313
19.195826214327
19.2058213690282
19.215816880311
19.225812827346
19.2358092510575
19.2458061673643
19.2558035782675
19.2658014804141
19.2757998684657
19.2857987343477
19.295798066053
19.3057978440417
19.3157980379341
19.3257986054247
19.3357994926192
19.3458006358527
19.3558019681052
19.3658034239818
19.3758049463366
19.3858064887314
19.3958080172889
19.4058095077673
19.4158109417532
19.4258123034764
19.4358135759623
19.445814741063
19.4558157785213
19.4658166684562
19.4758173924506
19.4858179353182
19.4958182868759
19.5058184422689
19.5158184037486
19.5258181810302
19.5358177899655
19.5458172545223
19.5558166058528
19.5658158811551
19.5758151233471
19.585814381344
19.5958137065025
19.605813153912
19.6158127799746
19.6258126421605
19.6358128001661
19.6458133152087
19.6558142516479
19.6658156762316
19.6758176542341
19.6858202457299
19.6958234988636
19.7058274422885
19.7158320795528
19.7258373851806
19.7358433032877
19.745849748525
19.7558566092167
19.7658637521141
19.7758710276495
19.7858782779472
19.7958853450618
19.8058920806087
19.8158983553021
19.8259040672937
19.8359091486597
19.8459135678531
19.8559173276418
19.8659204598436
19.8759230177825
19.8859250664721
19.8959266751004
19.9059279106182
19.9159288337876
19.9259294977288
19.93592994836
19.9459302253642
19.9559303647389
19.9659303991241
19.975930359739
19.9859302755762
19.9959301733541
