0
0.01
0.02
0.03
0.04
0.05
0.06
0.07
0.08
0.09
0.1
0.11
0.12
0.129999996597297
0.140000041843275
0.150000144729537
0.160000237694171
0.170000278414474
0.180000266774503
0.190000168338973
0.199999950560757
0.209999671946933
0.219999436504546
0.229999337562766
0.239999503046971
0.250000077298115
0.260001124103254
0.270002614455514
0.280004466791588
0.290006510964271
0.300008458916026
0.310009966832161
0.32001075549358
0.330010744293993
0.340010160615346
0.350009507612255
0.360009276746536
0.370009583594332
0.380010101278835
0.390010378388633
0.400010196766944
0.410009598408178
0.420008664737378
0.43000740171486
0.440005833033825
0.45000408247918
0.460002302555233
0.470000570959638
0.479998894144435
0.489997268488767
0.499995694586319
0.509994154178398
0.519992614762774
0.529991061374187
0.539989508583532
0.549987984452997
0.559986517088438
0.569985135941285
0.579983870687878
0.589982735290753
0.599981712958021
0.609980755899411
0.619979802023364
0.629978798198501
0.639977716526897
0.649976560503088
0.659975357318145
0.669974142517461
0.679972946551289
0.689971788788456
0.699970675375544
0.7099695978245
0.719968531468853
0.729967439606651
0.739966281329781
0.749965018801733
0.759963626855531
0.769962106920014
0.779960499861486
0.789958884724156
0.799957365153331
0.809956049350594
0.819955024342782
0.829954327716282
0.839953931636289
0.84995374725917
0.859953646921532
0.869953499610327
0.879953208472739
0.889952737347568
0.8999521128044
0.909951400569533
0.919950666017481
0.929949936931392
0.939949185344331
0.949948338638973
0.95994730948449
0.96994602584395
0.979944446097274
0.989942559929496
0.99994038315007
1.00993795382741
1.01993532667703
1.02993256151691
1.03992970857814
1.04992680057658
1.05992385985267
1.0699209139722
1.07991800408897
1.08991517498314
1.09991245316712
1.10990983474691
1.11990729868424
1.12990483749562
1.1399024785518
1.14990027398452
1.15989826715264
1.16989646340211
1.17989482832032
1.1898933116689
1.19989187725297
1.20989051887101
1.21988925519059
1.229888114017
1.23988711894031
1.24988628559162
1.2598856211425
1.26988512102191
1.27988476113721
1.28988449440403
1.29988425874469
1.30988399367961
1.31988365346193
1.32988321354844
1.3398826731168
1.34988205468245
1.35988139882027
1.36988074683495
1.37988011873952
1.38987949882007
1.39987883717809
1.40987806488493
1.41987711232452
1.42987592476332
1.43987446755924
1.44987272578753
1.45987069966457
1.46986839885164
1.47986583687823
1.48986302745042
1.49985998454573
1.50985672492387
1.51985327410899
1.52984967041803
1.53984596443234
1.54984220979661
1.5598384508174
1.56983471464395
1.57983101486141
1.58982736449523
1.59982378666629
1.60982031255041
1.61981696863835
1.62981376527859
1.63981069654037
1.64980775129477
1.65980492596829
1.66980222945226
1.67979967918905
1.68979729208611
1.69979507584096
1.70979302436349
1.71979111538966
1.72978931035262
1.73978755574882
1.74978578853583
1.75978394890673
1.76978199986369
1.77977994709275
1.78977784578736
1.79977578238258
1.80977383342484
1.8197720242473
1.82977031964711
1.83976866092112
1.84976701824244
1.85976540334485
1.86976382628046
1.87976225349263
1.8897606300323
1.89975893562532
1.90975719076208
1.91975541158782
1.92975359508454
1.93975174889736
1.94974989564259
1.95974804178155
1.96974616656002
1.97974424559021
1.98974226796017
1.99974022748387
2.00973811695136
2.01973593667792
2.0297336973232
2.03973141150046
2.04972908849947
2.05972673611997
2.0697243595285
2.07972195554065
2.08971951239295
2.09971701614999
2.10971445738584
2.119711835824
2.12970916461832
2.13970647506924
2.14970381575768
2.1597012464356
2.16969882636075
2.17969660214313
2.18969459648163
2.19969280712407
2.20969121395325
2.21968979193881
2.2296885199033
2.23968738164996
2.24968636211774
2.25968543433781
2.26968454110478
2.27968357283568
2.28968235801498
2.29968068348238
2.30967835398561
2.31967528845787
2.32967159821978
2.33966758882934
2.3496636447049
2.35966005080371
2.36965688289622
2.37965405454842
2.38965146197819
2.39964905336946
2.40964676384007
2.41964447217676
2.42964208465972
2.43963959560098
2.44963702363085
2.45963435431622
2.46963157275282
2.47962868641711
2.48962569887445
2.49962260055
2.5096193894232
2.51961607849977
2.52961268476455
2.53960922638318
2.54960572961446
2.55960222945414
2.56959876155382
2.5795953541463
2.58959202431727
2.59958877824576
2.60958561375868
2.61958252423925
2.62957950460567
2.63957655436706
2.64957367593679
2.65957087191221
2.66956814472906
2.67956549514834
2.68956292216908
2.69956042233259
2.7095579904417
2.71955562122365
2.72955331105222
2.73955105970054
2.74954887163638
2.75954675525935
2.7695447172651
2.77954275421336
2.78954084794197
2.79953896628575
2.80953706941383
2.81953511156271
2.82953304257735
2.83953080686279
2.84952834776567
2.85952561880843
2.86952259867577
2.87951931209701
2.88951583955859
2.89951230346359
2.90950882281476
2.91950544708619
2.92950211161656
2.93949864680945
2.94949484789594
2.95949056203973
2.96948573345048
2.97948037590351
2.98947451222422
2.99946815185507
3.00946131907871
3.01945406952145
3.02944646303349
3.03943853396087
3.04943030013475
3.05942178630071
3.06941302951636
3.07940407164167
3.08939496328509
3.09938577532761
3.1093765996145
3.11936753543886
3.1293586728682
3.13935008297284
3.1493418135866
3.1593338848225
3.1693262879435
3.17931899047408
3.18931194623989
3.19930510458648
3.2092984162877
3.21929183542305
3.22928531954277
3.23927882858577
3.24927232418461
3.25926577031749
3.26925913726456
3.27925240910781
3.28924559279873
3.29923872352549
3.3092318640153
3.3192250976716
3.32921851448146
3.33921219575016
3.34920620132892
3.35920056320571
3.36919528623531
3.37919035530711
3.38918574584288
3.3991814333892
3.40917739871781
3.41917362945844
3.42917011698593
3.43916685031287
3.4491638106989
3.45916096630023
3.46915826938531
3.47915565726387
3.48915305714762
3.49915039520989
3.50914760996411
3.51914466633541
3.52914156520944
3.53913834233058
3.54913505305125
3.55913174587514
3.56912843769485
3.57912510449917
3.58912169322036
3.59911814635314
3.60911442190665
3.61911049689571
3.62910635717056
3.63910199039261
3.64909739110368
3.65909257270162
3.66908756940747
3.67908242039913
3.68907714793153
3.69907174630876
3.70906619090818
3.71906045713027
3.72905453260809
3.73904841925454
3.74904213188236
3.75903569687564
3.76902914843787
3.77902251978664
3.78901583564366
3.7990091097933
3.80900234429917
3.81899552845889
3.82898864139617
3.83898166343634
3.84897459116138
3.8589674472527
3.86896028639673
3.87895319366513
3.88894627012966
3.89893961071445
3.90893328424772
3.91892732260021
3.928921716303
3.9389164212116
3.94891137592248
3.95890652203693
3.96890182000293
3.97889725800251
3.98889285457989
3.99888865362677
4.00888471164158
4.01888108191024
4.02887779808111
4.03887486137386
4.04887223515161
4.05886984757213
4.06886760390961
4.07886540587604
4.08886317405135
4.09886086743583
4.10885849137169
4.11885608793059
4.12885371037836
4.13885139259787
4.1488491296215
4.15884687821514
4.168844576485
4.17884216748957
4.18883961243782
4.1988368875507
4.20883397445446
4.21883085526667
4.22882751658473
4.23882395333742
4.24882016094674
4.25881611831448
4.26881177641524
4.27880706999149
4.28880195088047
4.29879641987377
4.30879053197252
4.31878437191238
4.32877802701048
4.3387715785542
4.34876510555583
4.35875867893079
4.36875234640323
4.37874612984464
4.38874003747981
4.39873407153055
4.40872823137575
4.41872252077935
4.42871696175376
4.43871160110225
4.44870649917441
4.45870170942583
4.46869726106568
4.47869314850438
4.48868932696502
4.49868571548674
4.50868220817389
4.51867869233241
4.52867506662922
4.53867125340686
4.54866720138819
4.55866288061026
4.56865827206715
4.57865335740194
4.58864810838494
4.59864248245061
4.60863642389343
4.61862986932469
4.62862275726491
4.63861504172026
4.6486067075073
4.65859778418001
4.66858835230247
4.67857853306575
4.68856846109738
4.69855825502742
4.70854800423697
4.7185377770599
4.72852763552495
4.73851763979966
4.74850784198388
4.75849827958013
4.76848897335567
4.77847992588252
4.78847111865821
4.79846251313775
4.80845406002862
4.81844571712271
4.82843746871175
4.83842933694584
4.84842137731342
4.85841365745235
4.86840622588006
4.8783990864637
4.88839219236277
4.89838546391782
4.90837882006771
4.91837220439493
4.92836559195938
4.93835897844898
4.94835236515816
4.95834575338903
4.96833914744116
4.97833255720087
4.98832599019039
4.99831943872164
5.00831287655142
5.01830627265316
5.02829961216546
5.03829290669639
5.04828618503746
5.05827947564561
5.06827279712681
5.07826616149
5.08825957573323
5.09825303303838
5.10824650453671
5.11823994692716
5.12823332131169
5.13822660587127
5.14821979338806
5.15821288705475
5.16820590370379
5.17819887548828
5.18819184337401
5.1981848430565
5.20817789611605
5.21817100438029
5.22816414331762
5.23815725784074
5.24815027123713
5.2581431116706
5.26813574422993
5.27812819262909
5.28812053797739
5.29811289507979
5.30810538119287
5.31809809214762
5.328091090436
5.33808439907293
5.348077997259
5.35807181931561
5.36806576005629
5.37805967807198
5.38805340301616
5.39804675760658
5.40803959882024
5.4180318677586
5.42802363467481
5.43801510261673
5.44800655941411
5.45799828427346
5.46799044713967
5.4779830570386
5.4879759879366
5.49796907024642
5.5079621838121
5.51795529072468
5.5279483983647
5.53794150801769
5.54793460490229
5.55792768560893
5.56792077465878
5.57791390367173
5.58790707887094
5.59790027411868
5.60789345558219
5.61788660683145
5.62787973193256
5.6378728435498
5.6478659559284
5.65785908685257
5.66785226109891
5.6778455054297
5.68783883892858
5.69783226621481
5.70782577690408
5.71781934949377
5.72781295722331
5.73780657521704
5.74780018709055
5.7577937879002
5.76778738203605
5.77778097758712
5.787774579881
5.79776818657683
5.8077617852765
5.81775535273432
5.82774885733058
5.83774226487721
5.84773554836154
5.85772869848516
5.86772173143782
5.87771469085637
5.88770763995837
5.89770064309431
5.90769374367387
5.91768694953879
5.92768023210082
5.93767353748569
5.94766679991344
5.95765994881833
5.96765291181805
5.97764562093353
5.98763802692483
5.99763012210904
6.0076219617662
6.01761367631901
6.02760546212894
6.03759754560288
6.04759012604876
6.05758331848837
6.06757712355656
6.07757144161824
6.08756612152667
6.09756101680372
6.10755601677602
6.11755104916911
6.12754606644094
6.13754103795614
6.14753595365313
6.15753082145895
6.16752565302419
6.17752044729643
6.18751518851123
6.19750985607615
6.20750443040165
6.21749888508464
6.22749318053981
6.23748727035748
6.24748111757465
6.25747470683003
6.26746804421278
6.27746115515852
6.28745408222125
6.29744687890484
6.3074396003786
6.31743229561119
6.32742500652356
6.33741776873364
6.34741061041493
6.35740355082268
6.3673966009532
6.37738976242497
6.38738302517743
6.39737636623188
6.40736975216463
6.4173631449101
6.4273565114626
6.43734983437437
6.44734312042209
6.45733640332105
6.46732973847997
6.47732318995153
6.48731681417126
6.49731064542655
6.5073046871401
6.51729891197968
6.52729326890466
6.53728769494311
6.54728212600743
6.55727650555855
6.56727079135995
6.5772649589153
6.58725900516686
6.59725295105244
6.60724684145734
6.6172407399261
6.62723471587035
6.63722882410265
6.64722308320341
6.65721746187491
6.66721188205507
6.67720624003207
6.68720043523763
6.69719439196586
6.70718806306102
6.71718141589514
6.72717441477572
6.73716701410505
6.7471591675362
6.75715084199834
6.76714202260814
6.77713270541705
6.78712288910628
6.79711258051388
6.80710181230015
6.8170906578905
6.82707923030618
6.83706766740474
6.8470561209015
6.85704474952935
6.8670337103097
6.87702314009737
6.88701313952087
6.89700376920916
6.90699505701039
6.91698700452963
6.92697958996659
6.93697277114768
6.94696649044864
6.95696068151676
6.96695527415527
6.976950196517
6.98694537611655
6.9969407424021
7.00693623015492
7.01693178176447
7.02692734817806
7.03692288724744
7.04691836064343
7.05691373170913
7.06690896574526
7.07690403146695
7.08689890297702
7.09689356151517
7.1068879976999
7.11688221466976
7.12687622989686
7.13687007494717
7.14686379338072
7.15685743709518
7.16685106367554
7.17684473240003
7.18683850118727
7.19683242408422
7.20682654964657
7.21682092108822
7.22681557812016
7.23681055866301
7.24680590085475
7.25680164326222
7.26679782339057
7.27679447537729
7.28679162579687
7.29678928886423
7.30678746117233
7.31678611709515
7.32678520583542
7.33678465080282
7.34678435155397
7.35678418922106
7.3667840352184
7.37678376278496
7.38678326001632
7.39678244080117
7.40678125104076
7.41677966687852
7.42677768447877
7.43677530549272
7.44677252370574
7.45676932033291
7.46676567034911
7.47676155692037
7.48675698520827
7.49675198616611
7.50674660807258
7.51674090260616
7.52673491659298
7.53672869365389
7.54672227881881
7.55671571705515
7.56670904333015
7.57670227522482
7.58669541772268
7.59668847662078
7.60668146738463
7.61667441210038
7.62666733516035
7.63666026727832
7.6466532481148
7.65664631675761
7.66663949809608
7.67663280471105
7.68662624679351
7.69661982960274
7.70661354828698
7.71660739797488
7.72660137991567
7.73659549203684
7.74658972486012
7.75658406582234
7.7665784955322
7.77657298327836
7.78656749171452
7.79656198655614
7.80655644530239
7.81655086404899
7.82654526096396
7.83653967340542
7.84653414834114
7.85652872811196
7.86652343784283
7.87651827845251
7.88651322732603
7.89650824625269
7.90650329307768
7.91649833095842
7.92649333389803
7.93648828794448
7.94648318991035
7.95647804693146
7.96647287738381
7.97646771135659
7.98646258802648
7.99645754764182
8.00645261977326
8.01644781200441
8.02644310524912
8.03643845948234
8.04643382799697
8.05642917123489
8.0664244605988
8.0764196689675
8.08641475676373
8.09640966987069
8.10640435796981
8.116398803511
8.12639303584711
8.13638711205248
8.14638107743158
8.15637494311397
8.16636870193815
8.1763623600765
8.18635594038979
8.19634945501429
8.20634289245471
8.21633625185784
8.22632958319434
8.23632296958215
8.24631647448166
8.25631014388835
8.26630405352631
8.2762982835261
8.28629284259115
8.29628770022694
8.30628285314558
8.31627826630245
8.32627385860766
8.33626957401891
8.34626539551936
8.35626131851112
8.36625733939747
8.37625345244824
8.38624964273991
8.39624587886681
8.40624211459462
8.41623829922226
8.42623439336633
8.43623038022314
8.44622626596757
8.45622207132138
8.46621782093755
8.4762135372406
8.48620923904632
8.49620494120561
8.50620065176848
8.51619636762753
8.52619207333914
8.53618774705529
8.54618337046562
8.55617893757138
8.56617445891545
8.57616995888209
8.58616546903895
8.59616101794967
8.60615662004401
8.61615226745569
8.62614792996221
8.63614356575202
8.64613913946223
8.65613463813922
8.66613007435497
8.67612547482656
8.68612086360508
8.69611625325644
8.70611164889455
8.71610705679486
8.72610248543217
8.73609793475556
8.74609338479772
8.75608879646397
8.76608412572643
8.77607933667934
8.7860744029251
8.79606930701316
8.8060640569268
8.81605871207973
8.82605338867495
8.83604822520341
8.8460433422351
8.85603882891719
8.86603473402977
8.87603103854394
8.88602764936731
8.8960244341064
8.90602126701961
8.91601806419244
8.92601479273629
8.93601146596976
8.94600812584042
8.95600481765267
8.96600156847876
8.97599837695829
8.98599521486454
8.99599203742498
9.00598879521046
9.01598544364129
9.02598195045011
9.03597829945565
9.04597449381544
9.05597055309909
9.06596650519081
9.07596237398014
9.0859581695721
9.09595388590882
9.1059495069396
9.11594501798762
9.12594041746261
9.13593572577926
9.14593098989402
9.15592628329736
9.16592169923876
9.17591733281235
9.18591325187013
9.195909467087
9.205905920798
9.21590251030758
9.22589913841434
9.23589576146103
9.24589240217508
9.25588911964358
9.26588596143462
9.27588293283379
9.28588000363529
9.29587714122341
9.30587433814824
9.31587161120663
9.32586897271729
9.33586640198041
9.34586384344947
9.35586123765959
9.36585856137025
9.37585583998191
9.3858531199457
9.39585042714091
9.40584775482806
9.41584509116125
9.42584244924173
9.43583985151785
9.44583728563218
9.45583469216236
9.46583200873988
9.47582920992278
9.48582629495477
9.49582325346245
9.50582007006426
9.51581675236117
9.52581332486622
9.5358098018243
9.54580618178213
9.55580246567323
9.56579866119093
9.57579477563179
9.58579081780739
9.59578681094027
9.60578279740111
9.61577883124957
9.62577496826805
9.63577125697036
9.64576772872039
9.65576438872251
9.66576121728411
9.67575818025595
9.68575524298277
9.69575238032887
9.70574957771511
9.71574682772864
9.72574412678349
9.73574147340013
9.74573886719426
9.75573630663028
9.76573378612461
9.77573129363798
9.78572880943076
9.79572630788495
9.80572376156094
9.81572114656346
9.82571844891906
9.83571566846995
9.84571282023278
9.85570993050531
9.86570702967556
9.87570414278844
9.88570128176453
9.89569844252347
9.90569560740216
9.91569275207737
9.9256898518576
9.93568688502261
9.94568383525523
9.95568069526764
9.96567746963171
9.97567417513035
9.98567083507947
9.99566747131694
10.0056640978136
10.0156607166473
10.0256573172501
10.035653878833
10.045650378481
10.0556468007944
10.0656431435368
10.0756394155933
10.0856356323616
10.0956318121939
10.1056279716608
10.1156241217756
10.1256202663603
10.1356164032996
10.1456125265566
10.1556086298305
10.1656047135127
10.1756007902662
10.1855968897899
10.1955930616425
10.2055893717749
10.2155858957302
10.2255827086782
10.2355798741095
10.2455774349237
10.255575408858
10.2655737895797
10.2755725503082
10.2855716534585
10.2955710564252
10.3055707182421
10.3155706033476
10.3255706824797
10.335570929505
10.3455713169683
10.355571809946
10.3655723579774
10.3755728876889
10.385573298445
10.3955734665849
10.4055732560339
10.4155725410758
10.4255712317769
10.4355692917194
10.4455667405923
10.4555636419541
10.4655600848089
10.4755561671975
10.4855519844934
10.4955476217003
10.505543146378
10.515538605315
10.5255340262433
10.5355294227219
10.545524797135
10.5555201419559
10.5655154421048
10.5755106802745
10.5855058423789
10.5955009224931
10.6054959256163
10.6154908696015
10.6254857840745
10.6354807058674
10.6454756723078
10.6554707143525
10.6654658510779
10.6754610882812
10.6854564195418
10.6954518304344
10.7054473030823
10.7154428202318
10.7254383685503
10.7354339402652
10.7454295334752
10.7554251512733
10.7654208002967
10.7754164874858
10.7854122167698
10.7954079859097
10.8054037840695
10.8153995912252
10.8253953796812
10.8353911178672
10.8453867754304
10.8553823284252
10.8653777624624
10.8753730738846
10.8853682678058
10.8953633544251
10.9053583449673
10.9153532482813
10.9253480683071
10.9353428030166
10.9453374440437
10.9553319774753
10.9653263869247
10.9753206587112
10.9853147892427
10.9953087919725
11.0053027030346
11.0152965796118
11.0252904928239
11.0352845153338
11.0452787072469
11.0552731045255
11.0652677147523
11.0752625210443
11.085257492782
11.0952525929458
11.1052477817023
11.1152430178603
11.1252382638903
11.1352334922127
11.1452286901229
11.1552238592403
11.1652190168643
11.1752141928513
11.1852094291609
11.1952047681445
11.2052002460271
11.2151958834686
11.2251916827984
11.2351876291174
11.245183692724
11.2551798358493
11.265176019239
11.2751722087386
11.2851683797648
11.2951645193213
11.3051606260194
11.3151567065044
11.3251527722419
11.3351488351223
11.3451449047268
11.3551409863542
11.3651370795795
11.3751331781273
11.3851292707928
11.395125343212
11.405121381204
11.4151173739859
11.4251133170158
11.4351092136719
11.4451050749817
11.4551009182179
11.4650967636931
11.475092630998
11.4850885360266
11.4950844890275
11.5050804947142
11.515076553455
11.5250726629377
11.535068819373
11.5450650183522
11.5550612550106
11.5650575247294
11.5750538236616
11.5850501492349
11.5950464996266
11.6050428720457
11.6150392600897
11.6250356525255
11.6350320342906
11.6450283903008
11.6550247100119
11.6650209898725
11.675017230722
11.6850134324147
11.6950095901261
11.7050056953347
11.7150017418763
11.7249977326037
11.7349936813476
11.7449896085264
11.7549855326274
11.7649814646911
11.7749774090846
11.7849733708
11.7949693642082
11.8049654156203
11.8149615570304
11.8249578137275
11.8349542030034
11.8449507411774
11.8549474608109
11.8649444095541
11.8749416123735
11.8849390267842
11.8949365813998
11.904934228299
11.9149319436609
11.9249297006631
11.9349274663908
11.9449252077777
11.9549228977947
11.964920519904
11.9749180665502
11.9849155385912
11.994912944164
12.0049102974147
12.0149076176779
12.0249049260748
12.0349022422675
12.0448995810048
12.0548969503942
12.0648943520648
12.0748917835005
12.0848892402253
12.0948867172663
12.1048842091193
12.1148817084953
12.1248792053433
12.1348766865428
12.1448741367911
12.1548715406781
12.1648688854156
12.1748661637111
12.1848633759597
12.1948605310575
12.2048576449501
12.2148547373731
12.2248518275219
12.2348489303844
12.2448460548101
12.2548432034828
12.2648403744208
12.2748375631414
12.2848347645827
12.294831974705
12.3048291916007
12.314826416157
12.3248236522631
12.3348209058589
12.344818183895
12.3548154927901
12.3648128372195
12.3748102195181
12.3848076393144
12.3948050935745
12.4048025765798
12.4148000797654
12.4247975926838
12.4347951048555
12.4447926073146
12.4547900947456
12.4647875652177
12.4747850204127
12.4847824653456
12.4947799096432
12.5047773669212
12.5147748559982
12.5247724007219
12.5347700246991
12.5447677493919
12.5547655877702
12.5647635372261
12.5747615728823
12.5847596448251
12.5947576803466
12.6047555899387
12.6147532812924
12.624750673106
12.6347477099394
12.6447443783241
12.6547407136722
12.6647367925512
12.6747327136877
12.6847285725918
12.6947244384618
12.7047203440784
12.7147162894122
12.7247122547558
12.7347082146656
12.7447041489032
12.7547000466878
12.7646959091322
12.7746917507564
12.7846875991067
12.79468349153
12.8046794685803
12.8146755649048
12.8246718010597
12.8346681801767
12.8446646899136
12.854661308652
12.8646580126893
12.8746547817338
12.8846516013915
12.8946484629409
12.9046453614824
12.9146422941052
12.9246392579544
12.9346362483607
12.9446332571085
12.9546302710917
12.964627272553
12.9746242409541
12.9846211561673
12.9946180016404
13.0046147671599
13.0146114499726
13.0246080549227
13.0346045931121
13.0446010795939
13.0545975297319
13.0645939559248
13.0745903655166
13.0845867609422
13.0945831406775
13.104579500364
13.114575832707
13.124572127278
13.134568371262
13.1445645513199
13.1545606557113
13.1645566785993
13.1745526256678
13.1845485187956
13.1945443984471
13.2045403225366
13.214536362003
13.2245325929132
13.2345290871035
13.2445259037032
13.2545230809585
13.2645206370476
13.274518574443
13.2845168901153
13.2945155905315
13.3045147018175
13.3145142763
13.3245143978575
13.3345151699183
13.3445166903834
13.354519026869
13.3645221946808
13.3745261425919
13.3845307529445
13.3945358578382
13.4045412676155
13.4145468027222
13.4245523167555
13.4345577074756
13.4445629142216
13.4545679082069
13.4645726812433
13.4745772365876
13.484581582914
13.494585728624
13.504589679753
13.5145934404205
13.5245970143791
13.534600405618
13.5446036193608
13.554606662556
13.564609543638
13.5746122717523
13.5846148576451
13.5946173123926
13.6046196472983
13.6146218741311
13.6246240062443
13.6346260587738
13.6446280487968
13.6546299954863
13.6646319181268
13.6746338345019
13.6846357582901
13.6946376979346
13.7046396554046
13.7146416262914
13.7246436014277
13.7346455692554
13.7446475178876
13.7546494418654
13.7646513456565
13.7746532456883
13.7846551706428
13.7946571591814
13.8046592514455
13.8146614815688
13.824663869479
13.834666417092
13.8446691070553
13.8546719040775
13.8646747636406
13.8746776390909
13.8846804882853
13.894683280886
13.904686001502
13.9146886449856
13.9246912071008
13.9346936729452
13.9446960086227
13.9546981597497
13.9647000604189
13.9747016519525
13.9847029021739
13.9947038138074
14.0047044198107
14.0147047693477
14.0247049147543
14.0347049049932
14.0447047834661
14.0547045865771
14.0647043408987
14.0747040637001
14.0847037655992
14.0947034566544
14.1047031481618
14.1147028528187
14.124702582845
14.1347023509556
14.1447021709314
14.1547020570326
14.1647020220877
14.1747020744127
14.1847022151898
14.19470243701
14.2047027237458
14.214703053612
14.2247034051665
14.2347037641027
14.2447041279582
14.2547045064861
14.264704916041
14.2747053726764
14.2847058878646
14.2947064668346
14.3047071088749
14.3147078069423
14.324708547642
14.3347093121312
14.3447100794375
14.3547108297674
14.3647115464991
14.3747122176758
14.3847128366819
14.3947134022207
14.4047139165809
14.4147143812863
14.4247147939187
14.4347151455633
14.4447154209072
14.4547155991706
14.4647156577437
14.4747155755399
14.4847153375709
14.4947149380928
14.5047143825986
14.5147136886107
14.5247128850633
14.5347120099284
14.5447111073154
14.5547102227961
14.5647093987193
14.5747086674479
14.584708045954
14.5947075333704
14.6047071145886
14.6147067709746
14.6247064930068
14.6347062911822
14.6447061979757
14.6547062588561
14.6647065143526
14.6747069820372
14.6847076482315
14.6947084719227
14.7047093975113
14.7147103694517
14.7247113433547
14.734712292762
14.7447132133205
14.7547141236754
14.7647150612233
14.7747160682751
14.7847171727655
14.7947183728287
14.8047196378296
14.8147209232138
14.8247221889627
14.8347234072857
14.8447245595412
14.8547256336473
14.8647266270829
14.874727549985
14.8847284195945
14.8947292519853
14.9047300594569
14.9147308522577
14.9247316379611
14.9347324183213
14.944733188896
14.9547339441885
14.9647346819698
14.9747354037117
14.9847361160674
14.9947368325536
15.0047375728384
15.0147383587716
15.0247392100108
15.0347401417422
15.0447411630047
15.0547422757099
15.06474347595
15.0747447543521
15.0847460971958
15.0947474872745
15.1047489018996
15.1147503118982
15.1247516822454
15.1347529750824
15.1447541566913
15.1547552066248
15.1647561286268
15.174756956872
15.1847577563656
15.1947586120082
15.2047596120267
15.2147608318285
15.2247623170607
15.2347640728942
15.2447660588788
15.2547681944856
15.2647703751308
15.2747724952134
15.2847744745782
15.2947762812201
15.3047779469536
15.314779567778
15.3247812882671
15.3347832689451
15.344785643582
15.3547884775341
15.3647917529688
15.374795381821
15.3847992368816
15.3948031852814
15.4048071139522
15.414810942961
15.4248146275135
15.4348181522012
15.4448215223089
15.4548247542854
15.4648278695215
15.4748308908781
15.4848338405833
15.4948367382379
15.5048395997226
15.5148424384731
15.5248452665986
15.5348480932692
15.5448509241556
15.5548537618217
15.5648566060752
15.5748594531463
15.584862295469
15.5948651226989
15.6048679238848
15.6148706897765
15.6248734151391
15.6348760999852
15.6448787508566
15.6548813809291
15.6648840082704
15.6748866526377
15.6848893317562
15.6948920582448
15.7048948370723
15.7148976648175
15.7249005294104
15.7349034117948
15.744906289115
15.7549091401937
15.7649119519312
15.7749147262098
15.7849174861072
15.7949202775789
15.8049231643393
15.8149262144085
15.8249294832481
15.8349329985545
15.8449367542886
15.8549407130575
15.8649448143207
15.8749489844181
15.8849531465121
15.8949572300452
15.904961178655
15.9149649580216
15.9249685587064
15.9349719886197
15.9449752591689
15.9549783628822
15.9649812555862
15.9749838521055
15.9849860501645
15.9949877606358
16.0049889326594
16.0149895539732
16.0249896491302
16.034989284803
16.0449885642191
16.0549875970996
16.0649864877578
16.0749853277975
16.0849841892016
16.094983113598
16.1049821183965
16.1149812031784
16.1249803546442
16.1349795518335
16.1449787757421
16.1549780129516
16.1649772594886
16.1749765229731
16.1849758231306
16.1949751904668
16.2049746625447
16.2149742751773
16.2249740526257
16.2349739983643
16.2449740913547
16.254974290865
16.2649745508821
16.2749748382815
16.2849751440129
16.2949754816321
16.3049758752061
16.314976346665
16.3249769100787
16.3349775736682
16.3449783432925
16.3549792233147
16.3649802157371
16.3749813194343
16.3849825312146
16.3949838478437
16.4049852669408
16.4149867857354
16.4249883995234
16.4349901007957
16.4449918787769
16.454993718712
16.4649956004767
16.4749974973113
16.484999375497
16.4950011966392
16.5050029211956
16.5150045115769
16.5250059337141
16.5350071574042
16.5450081559116
16.5550089054627
16.5650093864913
16.5750095847922
16.5850094923514
16.5950091082036
16.6050084401398
16.6150075077798
16.6250063464221
16.6350050094879
16.6450035674977
16.6550021015807
16.6650006933415
16.6749994105571
16.6849982907719
16.6949973247943
16.7049964466437
16.714995536104
16.7249944371495
16.7349929890039
16.7449910599776
16.7549885728511
16.7649855131113
16.7749819206426
16.7849778702631
16.794973450946
16.8049687469299
16.814963821142
16.8249587033053
16.8349533912614
16.8449478685354
16.8549421344365
16.8649362307862
16.8749302550002
16.8849243574944
16.8949187180163
16.9049135077977
16.9149088504319
16.9249048003009
16.9349013430448
16.9448984109346
16.9548959074194
16.9648937331502
16.9748918074397
16.9848900769658
16.994888516884
17.004887127487
17.014885926464
17.0248849368785
17.03488417378
17.0448836344614
17.0548832916228
17.0648830922437
17.0748829600818
17.0848828038403
17.0948825318989
17.1048820687096
17.1148813676721
17.1248804179613
17.1348792451328
17.1448779053367
17.1548764737521
17.1648750281425
17.1748736316271
17.1848723194423
17.1948710949546
17.2048699359718
17.2148688049214
17.2248676585586
17.2348664516637
17.2448651391235
17.2548636787558
17.2648620374847
17.2748601973753
17.2848581557701
17.2948559156885
17.3048534710675
17.3148508005765
17.3248478844889
17.3348447415911
17.34484145422
17.3548381440527
17.3648349024865
17.3748317396164
17.3848286100003
17.3948254873744
17.4048223915481
17.4148193347656
17.4248162801128
17.434813188637
17.4448100687983
17.4548069373514
17.4648037896063
17.4748006763714
17.484797749401
17.4947952053593
17.5047932565095
17.5147921452389
17.5247920998556
17.5347932555086
17.5447956319786
17.5547991450986
17.564803609602
17.5748087458486
17.58481420981
17.5948196463438
17.6048247414922
17.6148292627526
17.6248330780991
17.6348361587455
17.6448385623657
17.654840392818
17.6648417534464
17.6748427197786
17.6848433425772
17.6948436628697
17.7048437172921
17.7148435283666
17.7248431020495
17.7348424377842
17.7448415368015
17.7548403987761
17.7648390163793
17.7748373784615
17.7848354730333
17.7948332872587
17.8048308088498
17.8148280322251
17.824824970338
17.8348216611442
17.8448181680206
17.8548145743195
17.864810971156
17.8748074440345
17.8848040630414
17.894800875575
17.9047979036943
17.9147951442381
17.9247925721068
17.9347901457871
17.9447878155206
17.9547855315407
17.9647832519422
17.974780951968
17.9847786332011
17.9947763292561
18.0047741042562
18.0147720438454
18.0247702397021
18.0347687727827
18.044767697661
18.0547670333037
18.0647667607134
18.0747668270457
18.0847671552882
18.0947676563753
18.104768241127
18.1147688306213
18.1247693618875
18.1347697921469
18.1447700982409
18.1547702727561
18.164770319859
18.1747702477881
18.1847700649409
18.1947697767057
18.204769382094
18.214768871713
18.2247682286304
18.2347674289585
18.2447664416583
18.2547652293649
18.2647637499806
18.2747619586029
18.284759808525
18.2947572546
18.3047542584753
18.3147507929395
18.3247468481463
18.3347424383215
18.344737607609
18.3547324321474
18.3647270185021
18.3747214977765
18.3847160156076
18.3947107179157
18.4047057353597
18.4147011713449
18.4246970948651
18.4346935386829
18.4446905038911
18.4546879694609
18.4646859057665
18.4746842875741
18.4846831032965
18.4946823572595
18.5046820627825
18.5146822265692
18.5246828285884
18.5346838061951
18.5446850533126
18.5546864371909
18.5646878268993
18.5746891197893
18.5846902536686
18.5946912023038
18.6046919627069
18.6146925462379
18.6246929762369
18.6346932861572
18.6446935139028
18.6546936952876
18.6646938620454
18.6746940441847
18.6846942732337
18.694694580961
18.7046949962122
18.7146955438042
18.724696246332
18.7346971254631
18.744698199859
18.7546994830922
18.7647009831125
18.7747027026468
18.7847046399289
18.7947067880406
18.804709133866
18.8147116577636
18.8247143338527
18.8347171306877
18.8447200115593
18.854722934526
18.8647258528692
18.8747287170532
18.8847314763574
18.8947340803027
18.9047364808797
18.9147386350251
18.9247405061939
18.9347420662244
18.944743295889
18.9547441855405
18.9647447353397
18.974744955041
18.9847448636622
18.9947444886679
19.0047438642073
19.014743029198
19.0247420231094
19.0347408799851
19.0447396224895
19.0547382565227
19.064736770381
19.0747351390495
19.0847333342684
19.0947313381705
19.1047291584287
19.1147268376825
19.1247244552888
19.1347221203986
19.1447199543434
19.1547180681
19.1647165453917
19.1747154319996
19.1847147382595
19.19471444905
19.2047145320128
19.2147149483261
19.2247156627005
19.2347166503403
19.244717897243
19.2547193981692
19.264721152519
19.2747231593986
19.2847254103326
19.2947278874501
19.3047305614697
19.314733392839
19.3247363381931
19.334739355368
19.3447424076145
19.3547454652458
19.3647485048602
19.3747515084483
19.3847544619771
19.3947573550995
19.4047601812834
19.4147629374588
19.4247656236209
19.4347682426891
19.4447707998807
19.4547733024445
19.4647757600668
19.4747781839446
19.4847805859931
19.4947829783346
19.504785372754
19.5147877802286
19.5247902102922
19.5347926688313
19.5447951553531
19.5547976582544
19.5648001483592
19.5748025730123
19.5848048540568
19.5948068954416
19.6048086028678
19.6148099145244
19.6248108330469
19.6348114402539
19.6448118793097
19.6548123087353
19.664812858508
19.6748136213973
19.6848146781957
19.694816112162
19.7048179735135
19.7148202178044
19.7248226943115
19.7348252217329
19.7448276905809
19.7548300906187
19.7648324433548
19.7748347381147
19.7848369665778
19.7948392128324
19.8048416621916
19.8148444965108
19.8248478101692
19.8348516484532
19.8448560850956
19.8548611983988
19.8648669800085
19.8748733137248
19.8848800533848
19.8948870908383
19.9048943452767
19.9149017251046
19.9249091348009
19.9349165134375
19.9449238518942
19.9549311747618
19.9649385125026
19.9749458881925
19.9849533205004
19.994960831126
