0
0.01
0.02
0.03
0.0400000038839467
0.0500000105422438
0.0600000193657567
0.0700000299710388
0.0800000403260833
0.0900000479005961
0.100000049491924
0.110000041107654
0.120000018821022
0.129999977759352
0.13999991233078
0.14999981655969
0.159999683967301
0.169999507680665
0.179999280418464
0.189998994562734
0.199998642042615
0.209998214537122
0.219997703696252
0.22999710078806
0.239996397108744
0.249995583749052
0.25999465179906
0.269993592301822
0.279992396359954
0.289991055043365
0.299989559427913
0.30998790059747
0.319986069699841
0.329984057765694
0.33998185586815
0.349979454957067
0.359976845825697
0.369974019132107
0.379970965345814
0.389967674630768
0.399964136891301
0.40996034166238
0.419956278062009
0.429951934847406
0.439947300363374
0.449942362576702
0.459937109085198
0.469931527132797
0.479925603687638
0.489919325670908
0.499912679815532
0.509905652942006
0.519898231998458
0.529890404191178
0.539882157205605
0.549873479285354
0.559864359272117
0.569854786818672
0.579844752361312
0.589834247153863
0.599823263356895
0.609811793880649
0.619799832270853
0.629787372439277
0.639774408559864
0.649760934573263
0.659746943687913
0.669732428088405
0.679717378225744
0.689701782271947
0.699685625565027
0.709668889929926
0.719651553241578
0.729633589138302
0.73961496664207
0.749595650516984
0.759575601313935
0.769554776558388
0.779533131747361
0.789510622283819
0.799487205034769
0.809462840580404
0.819437495064879
0.82941114245343
0.839383765267109
0.849355355374394
0.859325914422922
0.869295452952333
0.879263989509015
0.889231549372118
0.899198162777817
0.909163863649575
0.919128688153502
0.929092673300663
0.93905585608347
0.949018272416492
0.958979956701368
0.968940941295735
0.978901256373883
0.988860929724942
0.998819986798653
1.00877845076844
1.01873634258294
1.02869368118408
1.03865048375753
1.0486067658695
1.05856254159111
1.06851782385284
1.07847262456699
1.08842695472321
1.09838082467683
1.10833424409196
1.11828722218893
1.12823976770919
1.13819188895761
1.14814359380621
1.15809488965127
1.16804578337559
1.1779962812351
1.18794638885626
1.19789611112799
1.20784545226916
1.21779441576287
1.22774300426393
1.23769121962945
1.24763906270025
1.25758653320778
1.2675336296415
1.27748034895029
1.28742668638004
1.2973726351608
1.307318186258
1.31726332789222
1.3272080451579
1.3371523194124
1.34709612763457
1.35703944148392
1.36698222630197
1.37692443956212
1.38686602912908
1.3968069306291
1.40674706397719
1.41668632846599
1.42662459606314
1.43656170147126
1.44649742755312
1.45643148495644
1.4663634822304
1.4762928885401
1.4862190055966
1.49614100988374
1.50605820854109
1.51597054017369
1.52587878424674
1.53578408013337
1.54568741350985
1.55558947521052
1.56549071594517
1.57539142638045
1.58529179574776
1.59519194952126
1.60509197256318
1.6149919229432
1.62489184129523
1.63479175616326
1.64469168792569
1.65459165116383
1.66449165647199
1.67439171165298
1.68429182252508
1.69419199349611
1.70409222809302
1.71399252921392
1.72389289942445
1.73379334111588
1.7436938567078
1.7535944486662
1.76349511961486
1.77339587246999
1.78329671045636
1.79319763719906
1.80309865684919
1.81299977415883
1.82290099467394
1.8328023249036
1.8427037725398
1.852605346628
1.86250705770495
1.87240891772135
1.88231093976799
1.8922131377337
1.9021155260098
1.91201811936394
1.92192093313432
1.93182398358676
1.94172728855775
1.95163086808317
1.96153474517799
1.97143894675886
1.98134350460076
1.99124845660942
2.00115384839832
2.01105973535685
2.02096618531048
2.0308732820342
2.04078112996477
2.05068986094455
2.06059964322054
2.07051069457297
2.080423300984
2.09033784427023
2.10025484238364
2.11017500877067
2.12009933419882
2.13002918642169
2.13996637830072
2.14991304462351
2.15987106790288
2.16984112499848
2.17982227296589
2.1898126087558
2.19981015058075
2.20981325956795
2.21982069768051
2.22983155554023
2.23984516543461
2.24986103176396
2.2598787812334
2.26989812808988
2.27991885021966
2.28994077253039
2.29996375539867
2.30998768616597
2.3200124731733
2.33003804105346
2.34006432750558
2.35009128070216
2.36011885723238
2.37014702063824
2.38017574004677
2.39020498924564
2.40023474581315
2.41026499040535
2.42029570624271
2.43032687855966
2.44035849422066
2.45039054133038
2.46042300902521
2.47045588717325
2.48048916613744
2.49052283661654
2.50055688948902
2.51059131570657
2.52062610618554
2.53066125171403
2.54069674290779
2.5507325701992
2.56076872376256
2.57080519343314
2.58084196872846
2.59087903881006
2.60091639237104
2.61095401760637
2.6209919020822
2.63103003273969
2.64106839558625
2.65110697562063
2.66114575650195
2.67118472030754
2.68122384715761
2.69126311474672
2.70130249782828
2.71134196754038
2.72138149088138
2.73142102998347
2.74146054129322
2.75149997475249
2.76153927315693
2.77157837166923
2.78161719745836
2.79165566947741
2.80169369900651
2.81173119045458
2.82176804253421
2.83180415019261
2.84183940731
2.85187370892434
2.86190695502228
2.87193905304851
2.88196992091659
2.89199948941898
2.90202770423461
2.91205452663119
2.92207993376685
2.93210391848549
2.9421264879262
2.95214766200796
2.96216747131401
2.97218595519629
2.98220315961772
2.99221913503876
3.0022339346916
3.01224761308315
3.02226022473395
3.03227182279861
3.04228245859958
3.05229218092588
3.06230103546289
3.07230906471756
3.0823163077467
3.09232280011673
3.10232857402644
3.11233365842606
3.12233807909817
3.13234185889544
3.14234501787273
3.15234757361648
3.16234954134884
3.17235093412365
3.18235176302175
3.19235203728366
3.20235176442234
3.21235095037369
3.22234959959013
3.23234771500786
3.24234529812273
3.25234234906765
3.26233886658858
3.27233484793616
3.2823302889059
3.29232518379748
3.30231952525617
3.3123133043024
3.3223065101984
3.33229913026989
3.34229114992788
3.35228255244116
3.36227331878491
3.37226342747331
3.38225285432065
3.39224157220981
3.40222955066497
3.41221675559419
3.42220314868402
3.43218868692228
3.44217332181025
3.4521569984965
3.46213965464721
3.47212121902328
3.48210160975851
3.49208073200317
3.50205847492096
3.51203470806949
3.52200927599232
3.53198199151114
3.5419526261921
3.551920896685
3.5618864460774
3.57184881554711
3.58180740142313
3.59176138752417
3.60170963243854
3.61165047499514
3.62158137797509
3.63149823368326
3.64139396157296
3.65125588673752
3.66106427909749
3.67081004405954
3.68051506502555
3.69020046082049
3.69987666459361
3.70954852268978
3.71921843237776
3.72888766102262
3.73855691537883
3.74822660402005
3.75789696717516
3.76756814623678
3.77724022189204
3.78691323691879
3.7965872100735
3.8062621446797
3.81593803439857
3.82561486674131
3.8352926257975
3.84497129400161
3.85465085356241
3.86433128756538
3.8740125804758
3.88369471896176
3.89337769246423
3.90306149345766
3.91274611776496
3.92243156491624
3.93211783835356
3.94180494556929
3.95149289817935
3.96118171203261
3.97087140717603
3.98056200788558
3.990253542601
3.99994604392701
4.00963954844537
4.01933409655186
4.02902973234641
4.03872650341467
4.04842446064407
4.05812365795685
4.0678241520707
4.07752600216507
4.08722926961129
4.09693401766275
4.10664031113693
4.11634821614609
4.12605779974637
4.13576912985084
4.14548227493505
4.15519730409523
4.1649142873178
4.17463329577259
4.18435440273822
4.19407768487211
4.20380322386086
4.21353110880065
4.22326143898559
4.2329943276179
4.24272990572311
4.25246832647765
4.26220976993527
4.27195444751442
4.2817026061489
4.29145453157653
4.30121055101471
4.31097103415191
4.32073639221279
4.33050707511762
4.34028356625269
4.35006637473623
4.3598560249881
4.36965304370205
4.37945794509863
4.38927121455911
4.39909329233936
4.40892455777696
4.41876531559916
4.42861578538605
4.43847609559939
4.44834628131277
4.45822628698533
4.46811597246107
4.47801512288173
4.48792346013117
4.49784065561768
4.50776634301356
4.51770013043378
4.52764161155139
4.53759037512345
4.54754601320637
4.5575081275982
4.56747633476338
4.57745026975789
4.58742958878067
4.59741397097295
4.60740311951785
4.61739676205369
4.62739465065626
4.63739656151287
4.64740229457179
4.65741167281036
4.6674245416345
4.6774407681339
4.68746024050782
4.69748286733659
4.70750857709742
4.71753731776526
4.72756905655003
4.73760377966038
4.74764149236796
4.75768221915274
4.76772600391276
4.77777291061134
4.78782302393633
4.79787645036317
4.80793331934731
4.81799378499073
4.82805802782459
4.83812625724755
4.84819871419175
4.8582756743915
4.86835745188972
4.87844440307472
4.88853693074448
4.89863548805345
4.90874058137836
4.91885277174305
4.92897267376108
4.93910095172256
4.94923831298918
4.95938550010302
4.96954328332148
4.97971245616554
4.98989383644484
5.00008827321571
5.01029666042427
5.02051995601943
5.03075920477283
5.04101556367343
5.05129032770474
5.06158495368742
5.07190107940765
5.08224053304403
5.09260532389258
5.10299760386487
5.11341958277856
5.1238733824806
5.13436082205062
5.14488315043393
5.15544078120692
5.16603311542693
5.17665853252371
5.1873145701579
5.19799823141402
5.20870631753375
5.21943569973152
5.23018349563382
5.24094715518646
5.25172448114672
5.26251361098678
5.27331298063875
5.28412128219689
5.29493742276574
5.30576048758222
5.31658970823797
5.32742443617058
5.33826412088895
5.34910829200675
5.35995654447678
5.37080852664833
5.38166393018324
5.39252248138891
5.40338393264764
5.41424805314313
5.42511461787939
5.43598339471963
5.4468541317793
5.4577265481331
5.4686003304587
5.47947513579893
5.49035059784567
5.50122633301708
5.51210194419996
5.52297702129476
5.53385113912843
5.54472385274585
5.55559469062546
5.5664631454519
5.57732866205879
5.58819062183703
5.59904832318601
5.60990095656611
5.62074757289415
5.63158704291779
5.6424180035495
5.65323878516616
5.66404730997669
5.67484094651374
5.68561629587773
5.69636887268107
5.70709261875921
5.71777915250351
5.72841660751957
5.73898787566603
5.74946820810902
5.75982301841906
5.77000971180207
5.77999131828447
5.78975986224009
5.79934158265518
5.80877643739767
5.81810042128808
5.82734067346486
5.83651656625553
5.84564185323708
5.85472643242086
5.8637775704955
5.87280071601868
5.88180003755356
5.89077878329275
5.89973952593263
5.90868433249707
5.91761488429773
5.92653256358649
5.93543851736128
5.94433370536487
5.95321893685005
5.96209489926885
5.97096218123562
5.97982129101014
5.98867267191445
5.99751671523846
6.00635377150203
6.01518416054463
6.02400818096479
6.03282611949416
6.04163826047581
6.05044489581126
6.05924633528175
6.06804291696344
6.07683501728982
6.08562305981924
6.09440752198598
6.10318893894541
6.11196790420295
6.12074506690705
6.12952112631512
6.13829682431689
6.14707293724532
6.1558502679027
6.16462963890475
6.17341188787115
6.1821978647809
6.1909884314382
6.19978446307557
6.20858685190142
6.21739651241396
6.22621438844864
6.23504146191907
6.24387876296768
6.25272738149579
6.26158847985223
6.27046330609642
6.27935320766948
6.28825964482766
6.29718420310855
6.30612860415221
6.31509471368449
6.32408454551449
6.3331002603675
6.34214415753295
6.35121865834259
6.36032627951713
6.36946959461105
6.37865118194574
6.38787355754238
6.39713909227696
6.4064499140816
6.41580780033839
6.42521406933822
6.43466948593368
6.44417419764143
6.45372771813089
6.46332896368348
6.47297634138817
6.48266787275516
6.49240133422895
6.502174394088
6.5119847301824
6.52183012113324
6.53170850948704
6.54161803949005
6.55155707469602
6.56152420073576
6.57151821820051
6.5815381289922
6.59158311874776
6.60165253732688
6.6117458778632
6.62186275459976
6.6320028787592
6.6421660320215
6.65235203610225
6.66256071846736
6.67279187493305
6.68304523337934
6.69332042538621
6.70361697303208
6.71393429613688
6.72427173851074
6.73462860601166
6.74500420641105
6.75539788318325
6.76580904056321
6.77623716063386
6.7866818139606
6.79714266487154
6.80761947102077
6.81811207670007
6.82862040056647
6.83914441807246
6.84968414011223
6.86023958985538
6.8708107801254
6.88139769627415
6.89200028982107
6.90261848781511
6.9132522194666
6.9239014546225
6.93456624216524
6.94524672896044
6.95594313786989
6.96665567608975
6.97738434187364
6.9881285989701
6.99888693480228
7.00965645031276
7.02043282436462
7.03121094951972
7.0419860078494
7.05275429961579
7.06351344618684
7.07426214787955
7.08499982514837
7.09572631740598
7.1064416794261
7.11714605602205
7.12783961021985
7.13852248383727
7.14919477797864
7.15985654569813
7.17050779139791
7.1811484739913
7.19177851166084
7.202397786557
7.21300614842637
7.22360341606716
7.23418937525026
7.24476377121845
7.25532629470355
7.26587656047921
7.27641407956628
7.28693822679215
7.29744820720457
7.3079430232584
7.31842144313511
7.32888196852704
7.33932280037809
7.34974180299689
7.3601364658124
7.37050385767365
7.38084056570412
7.39114261142322
7.40140534312306
7.41162330756798
7.421790108203
7.43189825923762
7.44193904682101
7.45190241105393
7.46177686107795
7.47154942700126
7.48120564477867
7.49072956248012
7.50010378245976
7.50930963396389
7.51832770173107
7.52713907092636
7.53572762670338
7.54408332455169
7.55220542575541
7.56010394468834
7.56779813505676
7.57531270800488
7.58267372191416
7.58990563102107
7.59702981914272
7.60406422970588
7.61102358700221
7.61791984949335
7.62476270060061
7.63155999290417
7.6383181197526
7.64504231442968
7.65173688618577
7.65840540531896
7.66505084771771
7.67167570798739
7.67828208844697
7.68487176938295
7.69144626491289
7.69800686776994
7.70455468567419
7.71109067110531
7.71761564616886
7.72413032360352
7.73063532467625
7.73713119464211
7.74361841599998
7.75009741981508
7.75656859534593
7.76303229804525
7.76948885616959
7.77593857615407
7.78238174684148
7.78881864275305
7.79524952653813
7.80167465069546
7.80809425867096
7.81450858544936
7.82091785768164
7.82732229354312
7.83372210245066
7.84011748483483
7.84650863211785
7.85289572723893
7.85927894585941
7.86565845842801
7.87203443331287
7.87840704094865
7.88477645899808
7.8911428784858
7.89750651064646
7.90386759441014
7.91022640455372
7.91658326036134
7.92293853520482
7.92929266713182
7.93564617129716
7.94199965476041
7.94835383457605
7.95470956037108
7.96106784243301
7.96742988681428
7.97379713821449
7.98017133230477
7.9865545572739
7.99294932346873
7.99935863769082
8.00578607470204
8.01223583256229
8.01871275317647
8.0252222825897
8.03177034785295
8.03836313351451
8.04500676546413
8.05170693512524
8.05846852388537
8.06529529006412
8.07218966554791
8.07915267875598
8.08618399302916
8.0932820386329
8.10044420912053
8.10766709958778
8.11494676149662
8.12227895101199
8.12965934908778
8.13708373855109
8.14454813002555
8.15204883943315
8.15958252450552
8.1671461908298
8.17473717799806
8.18235313441623
8.18999198734522
8.19765191206132
8.20533130318309
8.21302874908961
8.22074301013989
8.22847300081381
8.23621777523923
8.24397651574595
8.25174852352083
8.25953321086139
8.26733009410596
8.27513878665119
8.28295899185496
8.29079049567969
8.29863315929019
8.30648691213493
8.31435174590261
8.32222770973438
8.33011490686947
8.33801349269213
8.3459236738989
8.35384570851951
8.36177990621255
8.3697266286797
8.37768628996854
8.38565935709317
8.39364635144861
8.40164785183009
8.40966449953094
8.41769700588825
8.4257461629104
8.43381285788766
8.44189809344734
8.45000301501056
8.45812894778409
8.46627744538021
8.47445035253124
8.48264988496621
8.49087873058913
8.49914017852979
8.50743828576237
8.51577809462195
8.52416592025857
8.53260973074959
8.54111964506131
8.54970856131065
8.55839288044751
8.56719315489472
8.57613418486405
8.58524357747364
8.59454745077475
8.6040631119014
8.61379206754927
8.62371892481303
8.63381724227996
8.64405735254317
8.65441167463251
8.66485688033741
8.67537415108288
8.68594865742815
8.69656884774686
8.7072257658142
8.71791246029615
8.72862349669125
8.73935456991958
8.75010221011794
8.76086357020186
8.77163627917969
8.78241834358384
8.79320807984738
8.80400406281509
8.81480508056856
8.82561009223926
8.83641819154012
8.84722857977054
8.85804054655907
8.86885345146281
8.87966669956016
8.89047971028282
8.90129188512975
8.91210258182104
8.92291109937305
8.93371667230867
8.94451846947944
8.95531559286596
8.96610707455048
8.97689187108297
8.98766885386809
8.99843679337986
9.00919433289003
9.01993994792399
9.03067188695774
9.04138809198772
9.05208609966359
9.06276292720119
9.07341495107063
9.08403779104242
9.09462621665324
9.10517410719232
9.11567451627108
9.12611991867153
9.13650272374796
9.14681608291895
9.15705487048043
9.16721653113951
9.17730143220555
9.18731256951057
9.19725479780336
9.20713393245017
9.21695599859867
9.22672673579471
9.23645133730212
9.24613435292945
9.25577968698502
9.2653906408429
9.27496997014306
9.28451994136436
9.29404238244302
9.30353872796316
9.31301006118479
9.3224571554665
9.3318805173506
9.34128043103829
9.35065700364597
9.36001020971858
9.36933993318118
9.37864600560162
9.38792824009336
9.39718646076117
9.40642052795285
9.41563035949284
9.42481594746141
9.43397736953566
9.44311479308816
9.45222847044461
9.46131872458698
9.4703859263189
9.47943046609372
9.48845272477848
9.49745304763434
9.50643172461296
9.51538897781582
9.52432495603759
9.53323973477811
9.54213332068928
9.5510056591934
9.55985664469056
9.56868613296368
9.57749395470818
9.58627992932277
9.59504387735406
9.60378562969653
9.61250503201447
9.62120194336862
9.62987622913131
9.63852774965549
9.64715634745991
9.65576183633676
9.66434399666086
9.67290257989067
9.6814373244743
9.68994798309434
9.69843435886898
9.70689634606091
9.71533396959507
9.72374741750479
9.73213706204473
9.74050346676862
9.74884738019057
9.75716971748657
9.76547153401704
9.77375399367897
9.78201833529277
9.79026583982577
9.79849780043085
9.80671549645118
9.8149201723353
9.8231130213734
9.83129517438419
9.83946769252742
9.84763156394399
9.85578770345945
9.86393695518012
9.87208009746577
9.88021785036924
9.88835088481129
9.89647983307297
9.90460529981344
9.91272787242297
9.920848129654
9.92896664774666
9.93708400337297
9.9452007732406
9.95331753072856
9.96143484002749
9.96955324870518
9.97767327954547
9.98579542285683
9.99392013033483
10.0020478114632
10.0101788329924
10.0183135217879
10.0264521705256
10.0345950449458
10.0427423912898
10.0508944424669
10.0590514220994
10.0672135465396
10.075381025563
10.0835540629328
10.0917328579051
10.0999176079172
10.1081085125817
10.1163057784384
10.1245096241993
10.1327202858617
10.1409380216489
10.1491631164305
10.1573958855607
10.1656366780384
10.1738858793194
10.1821439144062
10.1904112523185
10.1986884139507
10.2069759852794
10.2152746381584
10.2235851611683
10.2319085023208
10.2402458253375
10.2485985820448
10.2569686035874
10.2653582158095
10.273770386388
10.2822089123157
10.2906786576396
10.2991858401849
10.3077383323385
10.3163458524066
10.3250197401722
10.333771776141
10.3426115700974
10.3515431294699
10.3605629175249
10.3696612490339
10.3788257534586
10.3880443307149
10.3973065741181
10.4066040597174
10.4159301295447
10.4252795457797
10.434648169127
10.4440327034889
10.4534305043872
10.4628394376359
10.4722577731649
10.4816841021071
10.4911172698742
10.5005563201283
10.5100004491284
10.5194489695596
10.5289012833432
10.5383568621332
10.5478152340717
10.5572759749024
10.5667387025221
10.576203073821
10.5856687836106
10.595135564724
10.6046031878491
10.6140714591176
10.6235402133682
10.6330093027439
10.6424785828809
10.6519479010911
10.661417090457
10.670885970639
10.6803543529506
10.6898220460768
10.699288859558
10.708754604018
10.7182190885727
10.7276821165514
10.7371434801072
10.7466029543867
10.7560602909415
10.7655152107518
10.7749673970314
10.7844164884233
10.7938620728402
10.8033036807824
10.8127407764655
10.8221727437503
10.8315988637962
10.8410182814908
10.8504299572196
10.8598325985321
10.8692245642417
10.8786037295988
10.8879672979965
10.8973115424847
10.9066314660785
10.9159203992795
10.9251696540267
10.9343685890637
10.9435057829349
10.9525718965612
10.9615632039614
10.9704828688257
10.9793387807285
10.9881402849797
10.996896051099
11.0056133069212
11.0142978207052
11.0229541422947
11.0315858767007
11.0401959163702
11.0487866193327
11.0573599396563
11.0659175219137
11.0744607694972
11.0829908949661
11.0915089586319
11.1000158991219
11.1085125577589
11.1169996978403
11.1254780189832
11.1339481668566
11.1424107389044
11.1508662866488
11.1593153159165
11.1677582858677
11.1761956078362
11.1846276446087
11.1930547102448
11.2014770705413
11.2098949445227
11.218308507457
11.226717895785
11.2351232139585
11.2435245421852
11.2519219439016
11.260315471784
11.268705171745
11.2770910851158
11.2854732494242
11.293851698272
11.3022264608149
11.3105975608585
11.3189650155368
11.327328833679
11.335689013736
11.3440455416619
11.3523983891681
11.3607475128254
11.3690928543283
11.3774343417203
11.3857718910916
11.39410540747
11.4024347844037
11.4107599021903
11.4190806254101
11.4273968007624
11.4357082556094
11.4440147974925
11.4523162141124
11.4606122738177
11.4689027267796
11.4771873072741
11.4854657377413
11.4937377347317
11.5020030167315
11.5102613128151
11.5185123714248
11.526755967305
11.5349919062986
11.5432200267822
11.5514401989628
11.5596523219494
11.5678563204321
11.5760521399881
11.5842397412385
11.5924190919752
11.6005901584673
11.6087528980214
11.6169072555678
11.6250531663243
11.6331905646021
11.6413193975931
11.6494396419708
11.657551321982
11.6656545264248
11.673749423925
11.6818362727087
11.6899154233475
11.6979873119205
11.7060524437177
11.7141113689036
11.7221646541779
11.7302128548447
11.7382564914699
11.7462960340722
11.7543318951713
11.7623644312297
11.7703939504354
11.778420724089
11.7864449992009
11.7944670106619
11.8024869922591
11.8105051858954
11.818521848907
11.8265372583794
11.8345517120367
11.8425655256388
11.8505790276542
11.8585925524293
11.8666064336037
11.8746209984744
11.8826365641555
11.8906534353199
11.8986719032488
11.9066922455126
11.9147147259768
11.9227395944591
11.9307670860663
11.9387974201627
11.9468307992641
11.9548674080021
11.9629074125917
11.9709509610314
11.9789981843294
11.9870491989263
11.9951041106161
12.0031630196712
12.0112260267301
12.0192932380673
12.0273647692981
12.0354407464533
12.0435213042737
12.0516065821055
12.0596967186485
12.0677918463879
12.0758920867557
12.0839975467295
12.0921083168818
12.1002244711923
12.1083460685657
12.1164731558344
12.1246057721597
12.1327439546583
12.1408877449068
12.149037195882
12.1571923788992
12.1653533898756
12.1735203547481
12.1816934338735
12.1898728256245
12.1980587698914
12.2062515521434
12.2144515082625
12.2226590300568
12.2308745706207
12.2390986486805
12.247331850875
12.2555748314875
12.2638283094976
12.2720930632046
12.2803699228195
12.2886597610819
12.2969634819472
12.3052820072249
12.3136162610385
12.3219671524221
12.3303355581423
12.338722308539
12.3471281816059
12.3555539108218
12.364000211315
12.3724678264025
12.3809575917828
12.3894705105418
12.3980078305527
12.4065711163155
12.4151623089106
12.4237837697254
12.4324383017305
12.441129139575
12.4498598944999
12.4586344377922
12.4674567084628
12.4763304428627
12.4852588519211
12.4942443028635
12.5032880857133
12.5123903298271
12.5215500862067
12.5307655332538
12.5400342318366
12.5493533637131
12.5587199204449
12.5681308390308
12.577583097228
12.5870737859539
12.5966001677774
12.6061597251201
12.6157501922331
12.625369561838
12.6350160605115
12.6446880956154
12.6543841875209
12.6641029047606
12.6738428160561
12.6836024660337
12.6933803748828
12.7031750571904
12.7129850541803
12.7228089736432
12.7326455315521
12.7424935902648
12.7523521871992
12.7622205479767
12.7720980796264
12.7819843434531
12.7918790148256
12.8017818417184
12.8116926139139
12.8216111482952
12.8315372864595
12.8414708969241
12.8514118748391
12.8613601359897
12.8713156057781
12.8812782049533
12.8912478334649
12.9012243531041
12.9112075703421
12.9211972218948
12.9311929685721
12.9411944035264
12.9512010791382
12.9612125505926
12.9712284259682
12.9812484091372
12.9912723250116
13.0013001248376
13.0113318759094
13.0213677408743
13.0314079520778
13.0414527841857
13.0515025299835
13.0615574813146
13.0716179165472
13.0816840921451
13.0917562340503
13.1018345239597
13.111919076423
13.1220099047631
13.1321068789911
13.1422096817958
13.1523177729052
13.1624303716439
13.1725464648354
13.1826648413416
13.1927841469561
13.2029029486264
13.2130197932453
13.2231332512269
13.2332419421348
13.2433445484126
13.253439828212
13.26352663454
13.2736039423661
13.2836708789394
13.293726749071
13.3037710473635
13.3138034542387
13.3238238150445
13.3338321061268
13.3438283931461
13.3538127870167
13.3637854036007
13.3737463307772
13.3836956076689
13.3936332175013
13.4035590943282
13.4134731395564
13.4233752427287
13.4332653006264
13.4431432305576
13.4530089769026
13.4628625116024
13.4727038298436
13.4825329438954
13.492349875592
13.5021546487247
13.5119472814739
13.5217277785476
13.5314961206887
13.5412522491411
13.5509960416389
13.5607272774925
13.5704455921777
13.5801504264339
13.5898409772658
13.5995161606355
13.6091745933457
13.6188146000103
13.6284342486919
13.6380314165013
13.6476038826526
13.6571494398863
13.666666007897
13.6761517273144
13.6856050151103
13.6950245735836
13.7044093590277
13.7137585277786
13.7230713811743
13.7323473250953
13.7415858482406
13.7507865126573
13.7599489441998
13.7690728139328
13.778157809367
13.7872036016808
13.796209818362
13.8051760290964
13.8141017504281
13.8229864709216
13.8318296958066
13.8406310067607
13.8493901286675
13.8581069930231
13.8667817868149
13.8754149776597
13.8840073097011
13.8925597696976
13.9010735292916
13.9095498712144
13.917990110286
13.9263955184739
13.9347672621679
13.9431063565606
13.9514136403101
13.959689771049
13.9679352406005
13.9761504068892
13.9843355370654
13.9924908549372
14.0006165850949
14.008712987722
14.0167803809316
14.0248191509095
14.0328297527193
14.040812705869
14.048768587451
14.0566980252552
14.0646016912821
14.0724802951807
14.0803345769922
14.0881652984064
14.0959732317914
14.1037591471421
14.1115237967816
14.1192678981271
14.126992114403
14.1346970334504
14.1423831447637
14.1500508157854
14.1577002693181
14.1653315647126
14.172944585594
14.1805390356377
14.1881144425803
14.195670168986
14.203205427598
14.2107192989032
14.2182107496278
14.2256786512736
14.2331217985947
14.2405389285323
14.2479287400826
14.2552899158636
14.2626211463457
14.2699211574995
14.2771887425824
14.2844227987155
14.2916223675088
14.2987866781118
14.3059151888209
14.3130076216237
14.3200639830353
14.32708456518
14.3340699236967
14.3410208338061
14.3479382294265
14.3548231342837
14.3616765944587
14.3684996200997
14.3752931422339
14.3820579881134
14.3887948759084
14.3955044294402
14.4021872129372
14.4088437864973
14.4154747804283
14.4220809863265
14.4286634560045
14.4352235926163
14.4417632105789
14.4482845411498
14.4547901679677
14.4612828993713
14.4677656054257
14.4742410578158
14.4807118041837
14.487180092925
14.4936478454238
14.5001166641382
14.5065878623316
14.5130625034652
14.5195414423232
14.52602536337
14.532514814737
14.5390102369579
14.5455119871798
14.5520203592277
14.5585356003361
14.5650579250389
14.5715875266427
14.5781245865721
14.5846692819249
14.5912217910889
14.5977822978905
14.604350994002
14.6109280799113
14.6175137644544
14.6241082631286
14.6307117955027
14.6373245820139
14.6439468408308
14.6505787848801
14.657220619481
14.6638725407484
14.6705347347665
14.6772073774675
14.6838906350583
14.690584664814
14.6972896161543
14.7040056317148
14.7107328484704
14.7174713990187
14.7242214130245
14.7309830191811
14.7377563480662
14.7445415361113
14.751338730917
14.7581480979534
14.7649698285791
14.7718041489109
14.7786513291781
14.7855116930466
14.7923856263334
14.7992735847229
14.8061760998912
14.8130937837572
14.8200273308011
14.8269775184085
14.8339452056393
14.8409313307068
14.8479369074759
14.8549630211394
14.8620108231564
14.8690815253525
14.8761763928725
14.8832967359272
14.8904439003163
14.8976192569893
14.9048241916277
14.9120600956142
14.9193283606465
14.9266303797354
14.9339675577841
14.9413413345985
14.9487532231956
14.9562048647039
14.9636981008608
14.9712350645018
14.9788182889608
14.9864508382486
14.9941364625759
15.0018797848955
15.0096865269103
15.0175637824155
15.0255203446891
15.0335670850989
15.0417173584387
15.0499873622597
15.058396284931
15.0669659294078
15.0757193382956
15.0846779578621
15.0938574273408
15.1032633063089
15.1128890297611
15.1227175175087
15.1327254695889
15.1428879894489
15.1531818762444
15.1635872847687
15.1740881897789
15.184672171987
15.1953298854281
15.2060544137249
15.2168406264168
15.2276845942656
15.2385830932168
15.2495332142367
15.2605320935973
15.2715767665464
15.2826641295692
15.2937909758529
15.3049540585594
15.3161501439759
15.3273760365445
15.33862858437
15.3499046909267
15.3612013596978
15.3725157782665
15.383845419694
15.3951881229251
15.4065421185568
15.4179059879056
15.4292785699834
15.4406588482463
15.4520458513119
15.4634385904354
15.4748360393673
15.4862371507405
15.4976408965339
15.5090463176357
15.5204525678684
15.5318589378183
15.5432648466152
15.5546697955286
15.5660732847727
15.5774747076323
15.5888732463099
15.6002678034089
15.6116569932106
15.6230391933155
15.6344126303368
15.6457754647545
15.6571258512799
15.6684619715063
15.6797820490332
15.6910843588965
15.7023672393495
15.7136291072764
15.7248684759237
15.7360839740166
15.7472743600123
15.7584385173695
15.7695754057398
15.7806839450062
15.7917628379577
15.8028103806015
15.8138243377733
15.8248019465904
15.8357400671323
15.8466354561415
15.8574851090262
15.8682865938395
15.8790382950035
15.8897395088533
15.9003903820437
15.9109917332848
15.9215448251156
15.9320511452657
15.9425122343105
15.9529295667509
15.9633044722615
15.9736380760613
15.9839312464354
15.994184551124
16.0043982321466
16.014572206061
16.0247060885933
16.0347992405531
16.0448508313765
16.054859917732
16.0648255309387
16.0747467635888
16.0846228420461
16.0944531711192
16.1042373409578
16.1139750931825
16.123666253828
16.1333106493801
16.1429080281896
16.1524580096708
16.1619600762998
16.1714136116706
16.18081797336
16.1901725784563
16.1994769770293
16.2087308959319
16.2179342488355
16.2270871217491
16.2361897494404
16.2452424970972
16.2542458549649
16.2632004455223
16.2721070379806
16.2809665623689
16.2897801156393
16.2985489545996
16.3072744727357
16.3159581612105
16.3246015568245
16.3332061812421
16.3417734771852
16.3503047468059
16.3588010966224
16.3672633929559
16.3756922312114
16.3840879221683
16.3924504983853
16.4007797411631
16.4090752251098
16.4173363734007
16.4255625152519
16.4337529384473
16.4419069330636
16.4500238264357
16.4581030113404
16.466143970317
16.4741462980318
16.482109722451
16.4900341240232
16.4979195512281
16.5057662296849
16.5135745624203
16.5213451188512
16.5290786114653
16.5367758601835
16.5444377456419
16.5520651543342
16.5596589186105
16.5672197557141
16.5747482099931
16.5822446026102
16.5897089925818
16.5971411520442
16.6045405574148
16.6119063967509
16.6192375928206
16.6265328411602
16.6337906625108
16.6410094689704
16.6481876423377
16.6553236225616
16.6624160012847
16.6694636141005
16.6764656230411
16.6834215807329
16.6903314692462
16.6971957092536
16.7040151398445
16.7107909730243
16.7175247302394
16.7242181690965
16.7308732085211
16.737491859091
16.7440761629397
16.7506281454759
16.7571497793975
16.7636429600064
16.7701094898994
16.7765510710916
16.7829693022034
16.7893656795115
16.7957416004339
16.8020983690127
16.8084372030112
16.8147592421311
16.8210655571093
16.8273571591236
16.8336350088651
16.8399000249507
16.8461530912834
16.8523950632003
16.8586267724328
16.8648490308843
16.8710626332028
16.877268358474
16.8834669709256
16.8896592199004
16.8958458392122
16.9020275460303
16.9082050394878
16.9143789989768
16.920550082486
16.9267189247554
16.9328861355398
16.9390522979035
16.9452179666689
16.9513836671048
16.9575498939904
16.9637171111503
16.9698857516792
16.9760562190954
16.9822288893889
16.9884041142956
16.9945822256603
17.0007635409313
17.0069483695501
17.0131370199605
17.0193298066615
17.0255270568454
17.0317291160331
17.0379363522717
17.0441491587199
17.050367954646
17.0565931849938
17.0628253187446
17.0690648463566
17.0753122764479
17.0815681317936
17.0878329446017
17.0941072511378
17.1003915857101
17.1066864741532
17.1129924272848
17.1193099348176
17.1256394605777
17.1319814398988
17.1383362801614
17.1447043650705
17.1510860631662
17.1574817402659
17.1638917754765
17.17031657981
17.1767566163089
17.1832124208029
17.1896846225919
17.1961739647385
17.2026813235496
17.2092077270667
17.215754371883
17.2223226372574
17.2289140947996
17.2355305118974
17.242173846258
17.2488462295002
17.2555499373044
17.2622873448408
17.2690608666132
17.2758728819935
17.2827256494189
17.2896212147024
17.2965613208002
17.3035473276916
17.3105801511958
17.3176602279554
17.3247875114587
17.3319615001883
17.3391812954436
17.3464456840561
17.3537532380548
17.3611024225458
17.3684917025809
17.3759196401147
17.3833849740231
17.390886678646
17.3984239994385
17.405996467272
17.4136038945915
17.4212463571066
17.4289241638448
17.4366378178169
17.4443879687308
17.4521753594156
17.4600007681289
17.4678649496688
17.4757685784376
17.4837121968717
17.4916961719623
17.4997206621609
17.5077855953478
17.515890657774
17.52403529265
17.5322187065268
17.5404398823322
17.5486975987518
17.5569904574662
17.5653169213688
17.5736753667943
17.5820641503146
17.5904816867377
17.5989265296757
17.6073974435499
17.6158934571184
17.6244138929056
17.6329583722116
17.6415267995631
17.6501193329409
17.6587363466097
17.6673783927974
17.6760461664099
17.684740474561
17.6934622103257
17.7022123287313
17.710991822722
17.7198016964236
17.7286429351035
17.7375164719559
17.7464231545053
17.7553637153606
17.764338753395
17.7733487313482
17.7823939928766
17.7914747974187
17.8005913657937
17.8097439248698
17.818932737774
17.8281581078413
17.8374203457273
17.846719695388
17.8560562235523
17.8654296889092
17.8748394191605
17.8842842296208
17.8937624098804
17.9032717881125
17.9128098589025
17.9223739454401
17.9319613615539
17.9415695469731
17.951196161838
17.9608391383843
17.9704966947131
17.9801673194056
17.9898497351079
17.9995428487711
18.009245694855
18.0189573792711
18.0286770324488
18.0384037810143
18.048136741738
18.0578750328855
18.0676177906613
18.0773641783379
18.0871133818246
18.096864594061
18.1066169945272
18.1163697304788
18.1261219040591
18.135872565832
18.1456207125951
18.1553652857265
18.1651051660179
18.1748391643955
18.1845660124339
18.1942843582837
18.2039927697666
18.2136897365785
18.2233736574406
18.2330427990561
18.2426952248625
18.2523286987481
18.2619405720855
18.2715276613238
18.2810861231722
18.2906113420011
18.300097858877
18.3095393945907
18.3189290420739
18.3282597076841
18.3375248300442
18.346719272459
18.3558401129748
18.3648870062595
18.3738619651188
18.3827687042223
18.3916118481778
18.4003962568273
18.4091265718239
18.4178069743832
18.4264410980653
18.4350320390084
18.4435824197816
18.4520944765366
18.4605701496177
18.4690111647439
18.4774190981534
18.485795423204
18.4941415397216
18.5024587895781
18.5107484617337
18.5190117900669
18.5272499466349
18.535464031831
18.5436550620632
18.5518239557049
18.5599715181408
18.5680984267296
18.5762052175071
18.5842922753183
18.5923598293375
18.6004079553625
18.6084365852455
18.6164455226618
18.6244344631643
18.6324030159023
18.6403507236219
18.6482770779377
18.6561815276168
18.6640634795201
18.671922293538
18.6797572746512
18.6875676657631
18.6953526445103
18.7031113264309
18.7108427753696
18.7185460214573
18.7262200854192
18.7338640074182
18.7414768768838
18.7490578587083
18.7566062104191
18.7641212844724
18.7716025104912
18.7790493545367
18.7864612546142
18.7938375340436
18.8011772963413
18.808479305022
18.8157418508357
18.822962606392
18.8301384654726
18.8372653620062
18.8443380636
18.8513499415452
18.8582927354962
18.8651563706158
18.8719289583019
18.8785972277204
18.8851477422137
18.8915691743676
18.8978553353196
18.9040076468499
18.9100353856902
18.9159533802827
18.921778644753
18.9275276557413
18.9332148987281
18.9388524333626
18.9444500156359
18.9500154351058
18.9555548877868
18.9610733105725
18.966574656381
18.972062112035
18.9775382671957
18.9830052449957
18.9884648025074
18.993918408628
18.9993673045207
19.0048125508947
19.0102550649786
19.0156956498588
19.021135017664
19.0265738080161
19.0320126029101
19.0374519386446
19.0428923155743
19.0483342060747
19.0537780611067
19.0592243155393
19.0646733924924
19.0701257068347
19.0755816678889
19.0810416815273
19.0865061516943
19.0919754815822
19.0974500744479
19.1029303343095
19.1084166665873
19.113909478726
19.1194091809456
19.1249161871041
19.1304309156685
19.1359537908015
19.1414852434569
19.1470257125431
19.1525756459672
19.1581355016087
19.1637057482277
19.169286866294
19.1748793489517
19.1804837032733
19.1861004521825
19.1917301373235
19.1973733233591
19.2030306039787
19.208702610104
19.2143900204977
19.2200935748206
19.2258140891674
19.231552474103
19.2373097548969
19.2430870939826
19.2488858156802
19.2547074332791
19.260553678986
19.2664265373939
19.2723282833535
19.2782615251068
19.2842292535182
19.2902348975725
19.2962823860944
19.3023762134024
19.308521504778
19.3147240745278
19.3209904640385
19.3273279425549
19.3337444471157
19.3402484367601
19.3468486406752
19.3535536985013
19.3603717219173
19.367309846375
19.3743738678965
19.381568053196
19.3888951681448
19.3963567014641
19.4039532059734
19.411684654895
19.4195507161376
19.4275508729846
19.4356843475593
19.4439498248222
19.4523450281067
19.4608662677431
19.4695081339387
19.4782634838921
19.4871237584286
19.4960795240522
19.5051210658183
19.5142388858938
19.5234240446837
19.5326683497312
19.541964431204
19.551305747008
19.5606865519125
19.5701018537897
19.5795473705197
19.589019491453
19.5985152411786
19.6080322379802
19.6175686379618
19.6271230607723
19.6366945012908
19.6462822396562
19.6558857637532
19.6655047107992
19.6751388258943
19.6847879301537
19.6944518920574
19.7041305990184
19.713823928837
19.723531721279
19.7332537488762
19.7429896847932
19.7527390680573
19.7625012685998
19.7722754620148
19.782060628203
19.7918555860362
19.8016590631664
19.8114697794647
19.8212865096787
19.8311080990658
19.8409334260578
19.8507613237149
19.8605904693015
19.8704192465325
19.8802455893483
19.8900668389445
19.8998796816682
19.9096802677168
19.9194645887532
19.929229062389
19.9389710843403
19.9486892679428
19.9583832939194
19.9680535308399
19.9777006402619
19.987325294352
19.9969280318044
20.0065092243414
20.0160691123615
20.0256078695574
20.0351256654497
20.0446227065082
20.0540992479001
20.0635555784767
20.0729919876124
20.0824087273109
20.0918059809103
20.101183845343
20.1105423277245
20.119881353616
20.1292007821511
20.138500423762
20.1477800572989
20.1570394450474
20.1662783451661
20.1754965213566
20.1846937492047
20.1938698175358
20.2030245203594
20.2121576336314
20.2212688704187
20.2303578126705
20.2394238265136
20.2484659766818
20.2574829583247
20.2664730571361
20.2754341369186
20.2843636455668
20.2932586306299
20.3021157612317
20.3109313608254
20.3197014610094
20.3284218890981
20.3370884025062
20.3456968765854
20.354243539304
20.3627252267994
20.371139612949
20.379485356379
20.387762119107
20.3959704424955
20.404111505344
20.4121868170687
20.4201979032371
20.4281460325142
20.4360320151724
20.4438560890997
20.4516178974905
20.4593165541407
20.4669507875239
20.4745191493304
20.4820202663986
20.4894531070621
20.4968172224953
20.5041129232481
20.5113413593812
20.518504494042
20.5256049851976
20.5326460086426
20.539631061273
20.5465637765842
20.5534477722504
20.5602865371217
20.56708335587
20.573841265403
20.580563035238
20.5872511651803
20.5939078942068
20.6005352164916
20.6071349009899
20.6137085123968
20.6202574317675
20.626782875896
20.6332859149219
20.639767488305
20.6462284192228
20.6526694278519
20.6590911434932
20.6654941157644
20.6718788248045
20.6782456904996
20.6845950807989
20.6909273192011
20.6972426916525
20.7035414529606
20.7098238329647
20.7160900424087
20.722340278595
20.7285747306744
20.7347935843784
20.7409970261393
20.7471852462529
20.7533584410176
20.7595168136963
20.7656605740679
20.7717899367007
20.7779051177782
20.7840063305939
20.7900937799477
20.7961676554593
20.8022281242072
20.8082753228872
20.8143093498957
20.8203302578543
20.8263380471025
20.8323326607859
20.8383139821444
20.8442818344524
20.8502359837869
20.856176144712
20.8621019885921
20.8680131542188
20.8739092603344
20.8797899199555
20.8856547562138
20.891503419871
20.8973356084545
20.9031510869189
20.9089497096762
20.9147314431472
20.9204963875903
20.9262447964345
20.9319770907978
20.9376938669843
20.9433958946254
20.9490841045024
20.9547595660696
20.9604234564308
20.9660770236736
20.9717215483439
20.9773583068114
20.9829885397162
20.9886134275733
20.99423407427
20.9998514983378
21.0054666308653
21.0110803188061
21.016693331962
21.0223063723235
21.0279200845029
21.033535066353
21.0391518792252
21.0447710573494
21.0503931161807
21.0560185594657
21.061647884843
21.0672815880057
21.0729201654034
21.0785641154073
21.0842139382821
21.089870135001
21.095533205221
21.1012036447776
21.1068819427711
21.1125685786568
21.118264019281
21.1239687161456
21.129683102891
21.1354075929373
21.1411425774355
21.1468884233584
21.1526454718361
21.1584140367603
21.1641944038625
21.1699868304783
21.1757915462057
21.181608754905
21.1874386383429
21.1932813617563
21.199137081295
21.2050059533394
21.210888145295
21.2167838472038
21.2226932835788
21.2286167248405
21.234554497727
21.2405069946879
21.2464746819424
21.2524581063864
21.2584579015483
21.2644747926284
21.2705096007568
21.2765632465444
21.2826367526386
21.2887312455883
21.2948479564138
21.3009882201782
21.307153474036
21.3133452538623
21.3195651891716
21.3258149961358
21.3320964690047
21.3384114697499
21.3447619164485
21.35114977099
21.3575770273259
21.3640457016794
21.3705578265236
21.3771154504027
21.3837206459144
21.3903755274893
21.3970822803042
21.4038432008653
21.4106607482764
21.4175376041557
21.4244767374056
21.4314814677663
21.4385555203373
21.445703059004
21.452928684069
21.4602373751464
21.4676343595245
21.4751248886682
21.4827139180731
21.4904057079804
21.4982033931117
21.5061085986359
21.5141211890314
21.5222392155991
21.5304590765225
21.5387758473658
21.5471837023026
21.5556763416666
21.5642473636029
21.5728905495644
21.5816000605117
21.5903705564002
21.5991972575071
21.6080759637008
21.6170030435374
21.6259754006594
21.6349904230672
21.6440459205883
21.6531400559424
21.6622712747556
21.6714382394698
21.6806397713839
21.6898748041256
21.6991423501325
21.7084414796722
21.7177713102813
21.7271310033366
21.7365197644645
21.7459368454086
21.7553815471025
21.7648532248767
21.7743512987563
21.7838752714823
21.7934247551997
21.8029995042384
21.8125994481173
21.8222247183743
21.8318756657957
21.841552868232
21.8512571309699
21.8609894810088
21.8707511555689
21.8805435853977
21.890368374066
21.9002272746459
21.9101221638706
21.9200550126895
21.9300278513549
21.9400427278279
21.9501016609205
21.9602065944629
21.9703593651605
21.9805617033321
21.9908152871106
22.0011218635918
22.0114834364467
22.0219025037722
22.0323823205217
22.042927156907
22.0535425168468
22.0642352657445
22.0750135924866
22.0858867060497
22.0968641455661
22.1079546154611
22.1191644122079
22.1304958155162
22.141946098083
22.1535076992091
22.1651695292269
22.1769188067393
22.1887427562418
22.2006297970597
22.2125701577215
22.2245560097758
22.2365812823017
22.2486413203369
22.2607325030484
22.2728518817141
22.2849968809971
22.2971650999635
22.3093542204936
22.3215619995353
22.3337863042656
22.3460251563881
22.3582767709142
22.3705395888589
22.3828123090987
22.3950939151741
22.4073836793522
22.4196811241344
22.4319859442699
22.4442979244236
22.456616890606
22.4689426991789
22.4812752388269
22.4936144248233
22.5059601816537
22.5183124207984
22.5306710184505
22.5430357929836
22.5554064799175
22.5677827025132
22.58016394038
22.5925495009072
22.6049384970437
22.6173298322675
22.6297221950841
22.6421140711434
22.654503773226
22.6668894751404
22.679269235981
22.6916410217421
22.7040027441455
22.716352327047
22.7286877870613
22.741007296927
22.753309199741
22.7655919610261
22.7778540720577
22.7900939352228
22.8023097602134
22.8144994831707
22.8266607052027
22.8387906419209
22.8508860790332
22.862943339219
22.874958282243
22.8869263758244
22.898842866968
22.9107030504986
22.9225025804571
22.9342377330378
22.9459055269441
22.9575036478357
22.9690301863021
22.9804832553953
22.991860580799
23.0031591560275
23.014375033596
23.0255032909305
23.03653817606
23.0474734123114
23.0583026221976
23.0690198218303
23.0796199304508
23.0900992295234
23.1004557053765
23.1106892179521
23.1208014680756
23.1307957763139
23.1406767236342
23.1504497241674
23.1601205985486
23.1696951970256
23.179179099952
23.188577402993
23.1978945840716
23.2071344439318
23.2163001106237
23.2253940968116
23.2344183965543
23.2433746061893
23.2522640532285
23.2610879184733
23.2698473390076
23.2785434843327
23.2871776021307
23.2957510345029
23.3042652092006
23.3127216121537
23.3211217485188
23.3294670990068
23.3377590770462
23.3459989909264
23.3541880132742
23.362327159113
23.3704172720102
23.3784590173101
23.3864528803208
23.3943991678402
23.4022980111098
23.4101493687839
23.4179530293224
23.4257086124422
23.4334155699596
23.441073187212
23.4486805867559
23.4562367360788
23.4637404609911
23.4711904662092
23.4785853635402
23.4859237071992
23.4932040347757
23.5004249105101
23.5075849667914
23.5146829384562
23.5217176846262
23.52868819359
23.5355935680091
23.5424329904411
23.5492056711204
23.5559107823961
23.5625473851049
23.5691143525534
23.575610297501
23.5820335067486
23.5883818877395
23.594652930981
23.6008436923591
23.6069508003703
23.6129704936952
23.6188986960586
23.6247311354801
23.6304635136131
23.6360917282185
23.6416121428226
23.6470218886473
23.652319168823
23.6575035242133
23.6625760156224
23.6675392843778
23.6723974744097
23.6771560261274
23.6818213777491
23.6864006237804
23.6909011787691
23.6953304831274
23.6996957711445
23.7040039060373
23.7082612764975
23.7124737435073
23.7166466251852
23.7207847078417
23.7248922739476
23.7289731395285
23.7330306961498
23.737067953841
23.741087582895
23.7450919533044
23.7490831710264
23.7530631109921
23.7570334467998
23.760995677225
23.764951149787
23.7689010816488
23.7728465780641
23.7767886486928
23.7807282219353
23.7846661575546
23.7886032577689
23.7925402769085
23.7964779298503
23.8004168992806
23.8043578419255
23.8083013937723
23.8122481744187
23.8161987905523
23.8201538386353
23.8241139068798
23.8280795765344
23.8320514225961
23.8360300140071
23.8400159134225
23.844009676644
23.8480118517977
23.8520229784173
23.8560435864902
23.8600741955344
23.8641153138255
23.8681674378005
23.8722310517399
23.8763066277072
23.8803946257827
23.8844954946214
23.8886096722596
23.8927375871919
23.8968796596915
23.9010363033248
23.9052079266148
23.9093949348664
23.913597732084
23.9178167229792
23.9220523150661
23.9263049208391
23.9305749600458
23.9348628620595
23.9391690684085
23.9434940354588
23.9478382373006
23.9522021688503
23.9565863492403
23.9609913254452
23.9654176762188
23.9698660162717
23.974337000708
23.9788313297214
23.9833497534511
23.9878930770193
23.9924621657104
23.9970579502127
24.0016814319732
24.0063336885962
24.0110158792767
24.0157292503158
24.020475140583
24.0252549869719
24.030070329796
24.0349228179511
24.0398142138146
24.0447463976817
24.0497213715017
24.054741261673
24.0598083207125
24.0649249274017
24.0700935852527
24.0753169189921
24.0805976689766
24.0859386836962
24.0913429104624
24.0968133851399
24.102353221578
24.1079656023564
24.1136537725463
24.1194210386537
24.1252707751681
24.1312064413605
24.1372316105112
24.1433500138075
24.1495655998312
24.155882609953
24.1623056677828
24.1688398794427
24.1754909382986
24.1822652247293
24.1891698878344
24.1962128910846
24.2034029995354
24.2107496816012
24.218262897353
24.2259527486638
24.2338289788359
24.24190033372
24.2501738317572
24.258654032097
24.2673424229816
24.2762370592181
24.2853325459715
24.2946203954634
24.3040897038633
24.3137280299075
24.3235223339743
24.3334598496347
24.3435287978822
24.3537188941326
24.3640216341275
24.3744303689136
24.3849401991838
24.3955477318904
24.4062507441712
24.4170477961974
24.4279378318495
24.4389198111855
24.4499924223756
24.4611539118197
24.4724020438047
24.4837341664755
24.4951473371845
24.5066384589057
24.5182043945135
24.5298420501641
24.5415484376835
24.5533207347403
24.5651563543361
24.5770530183401
24.5890088135674
24.6010222067567
24.6130920057803
24.6252172703701
24.6373971882113
24.6496309428096
24.6619176027876
24.6742560541443
24.6866449808037
24.6990828824837
24.711568114165
24.7240989417482
24.7366736245456
24.7492905395763
24.7619483417999
24.7746461199991
24.7873834936241
24.8001606162315
24.812978085196
24.8258367843114
24.8387376992939
24.8516817455624
24.8646696364124
24.8777018032516
24.8907783669826
24.9038991512498
24.9170637225694
24.9302714379719
24.943521483511
24.9568128952591
24.9701445712742
24.9835152974478
24.9969238020677
25.0103688184741
25.0238490996812
25.0373633354862
25.0509099778419
25.0644870385708
25.0780919366791
25.0917214482645
25.1053717795015
25.1190387577861
25.1327181151621
25.1464057982968
25.1600981900336
25.1737921209858
25.1874846432671
25.2011726901584
25.214852798762
25.2285209819802
25.2421727416668
25.2558032032633
25.2694073607863
25.2829803866815
25.2965179278496
25.3100163231222
25.3234727423762
25.3368852751073
25.3502529581389
25.3635756810782
25.3768539368106
25.3900884862965
25.4032800635094
25.4164292109857
25.4295362644399
25.4426014515446
25.4556250446591
25.4686075005305
25.481549539913
25.4944521424072
25.5073164608307
25.5201436745456
25.532934812154
25.5456905781771
25.5584112219329
25.5710964798789
25.5837456053192
25.5963574687382
25.6089306857544
25.6214637205514
25.6339549346298
25.6464025903861
25.6588048477119
25.6711597924955
25.6834655136148
25.6957202168811
25.7079223449684
25.7200706619941
25.7321642656479
25.7442025024098
25.7561847837969
25.7681103321388
25.7799779154915
25.7917856475426
25.8035309072023
25.8152103798201
25.8268201793699
25.838356000841
25.8498132705739
25.8611872845831
25.8724733373328
25.8836668441675
25.8947634560975
25.9057591573325
25.9166503270369
25.9274337415315
25.9381064985018
25.9486658649708
25.9591090830423
25.9694331955686
25.9796349591514
25.9897108898257
25.9996574478174
26.0094713284252
26.0191497989668
26.0286910115842
26.0380942303025
26.0473599339224
26.0564897876724
26.0654865047526
26.0743536377164
26.0830953416401
26.0917161452047
26.1002207531863
26.1086138912379
26.1169001946024
26.125084136514
26.1331699885165
26.1411618045035
26.1490634205081
26.1568784634765
26.1646103643956
26.1722623723323
26.1798375681502
26.1873388772752
26.1947690817686
26.2021308320484
26.2094266586194
26.2166589839221
26.2238301339853
26.2309423495533
26.237997796161
26.2449985726584
26.2519467177115
26.2588442141332
26.2656929907969
26.2724949222892
26.2792518264401
26.2859654601295
26.2926375137049
26.29926960452
26.3058632700035
26.3124199607611
26.3189410341608
26.3254277486846
