-0.667163279291907,0.000606460850419336,0.00529334494523245
-0.998284091115546,0.00173839963421901,0.0156614009091548
-1.32644029982395,0.00373591976049603,0.0341361533825514
-1.6505821278962,0.00684870120524173,0.0624251152541251
-1.96959036784775,0.0113305254027794,0.10170215945731
-2.28226132485773,0.0174252455821074,0.152559776518405
-2.58730197771477,0.0253446593320128,0.215034333973762
-2.88333915289334,0.0352359835777899,0.288711216050461
-3.16894350115389,0.0471361094835506,0.372892599854227
-3.11282189386629,0.0541375812683876,0.41040870521334
-3.04739467849477,0.0610011048835566,0.438067086287858
-2.97306863392385,0.0675752134968544,0.45701757817933
-2.89022146931586,0.0737175238908605,0.468651956840185
-2.79918280018623,0.0792784131986383,0.474465831864797
-2.70022107109276,0.0840810966540857,0.475958390561553
-2.59353497220407,0.0879051079168587,0.474535772524435
-2.47925846168564,0.090481759203473,0.471393079411377
-2.35749550316539,0.0915090328882609,0.467371630890016
-2.22839243251242,0.090688569811374,0.462813375697345
-2.09223295128998,0.0877793124930425,0.457454460827394
-1.94952021058578,0.0826535844099362,0.450406800112921
-1.80100855355529,0.0753364563713718,0.440263207015111
-1.64766739049823,0.0660122257457595,0.425327533042001
-1.49058814947051,0.0549928869270085,0.403926803016024
-1.33086323785803,0.0426575307245027,0.37472773770564
-1.16946954729086,0.0293815436902929,0.33697581101541
-1.0071812069169,0.0154756168079853,0.29060516289055
-0.844527167777631,0.00114801402486907,0.236217228105268
-0.681796905573168,-0.0135067474957976,0.174967500519941
-0.519085003342322,-0.0284971895541348,0.108415888333863
-0.356357409317212,-0.0439103586115368,0.038386790118521
-0.193520553321667,-0.0598808165094693,-0.0331374827662943
-0.0304831171957081,-0.0765577891857687,-0.104087854873704
0.132794608151846,-0.0940727013783026,-0.172358921072986
0.296264089589546,-0.11250815369645,-0.235861876243923
0.459761144043368,-0.131869509362125,-0.292602726460232
0.622980891054129,-0.152061814873206,-0.34080099428751
0.785452024092752,-0.172877566901701,-0.379051373526854
0.946518669595577,-0.194002678560121,-0.406512167964471
1.10534684006365,-0.215045949540634,-0.423079222618192
1.26097125184629,-0.235589879555615,-0.429482038404408
1.41238318222342,-0.255248974017165,-0.427236698843604
1.55863872135161,-0.273712456382297,-0.418424065954879
1.69895296087433,-0.290750757203524,-0.40532659092256
1.83274885619967,-0.306181350830547,-0.390020640723713
1.95964963343327,-0.319813173310185,-0.374043507642042
2.07942667618459,-0.331401890583046,-0.358218950895544
2.19192885706993,-0.340641359363933,-0.342655828309424
2.29701914344143,-0.347194247384054,-0.326872947457869
2.39453446812233,-0.350743801215942,-0.309978131495059
2.48427283991039,-0.351042608107465,-0.290841354327054
2.56600345014078,-0.34794303923433,-0.26823340729626
2.63949092799098,-0.341407602725738,-0.240933859518958
2.70452428675357,-0.331506209500594,-0.207833500027312
2.76094117965617,-0.318408021962448,-0.168061635344771
2.80864032570205,-0.302371095792396,-0.121156089221091
2.84757817764141,-0.28372779757123,-0.0672645045108947
2.87775223808058,-0.262861953435641,-0.00732699095060685
2.89917971950187,-0.240176209338582,0.0568404901747919
2.91188330523017,-0.216054020002278,0.122640435555186
2.91589184780687,-0.190826101891197,0.186992801462688
2.91125516757387,-0.164751755368247,0.246779601908882
2.89806414423949,-0.1380194293661,0.299304373694624
2.87646576542916,-0.110763016786143,0.342628189528805
2.84666845865319,-0.083083682069303,0.375705952358137
2.8089368687298,-0.0550682277349325,0.398333659026656
2.7635766931076,-0.0267986346623046,0.410976975412996
2.71090944315747,0.00164748015302677,0.414562980113987
2.65124017570754,0.0302025917081322,0.410294110195595
2.58482750299813,0.0588173310438851,0.399510399319043
2.51186732816128,0.0874675905895979,0.383598807790913
2.43249444906256,0.116158199088564,0.363931724826122
2.34679556329728,0.144920914522775,0.341811021678696
2.2548243530293,0.17380444512512,0.3183987273617
2.1566188348369,0.202855268044833,0.294628385082605
2.05223289665061,0.232091102052894,0.271107580007221
1.94179212641402,0.261473081119652,0.248035879818988
1.82556237946458,0.290885169583819,0.225168170110894
1.7040009588405,0.320128613488432,0.201849382760841
1.57776208592149,0.348935468073142,0.177131564826944
1.44764932535866,0.376999853099485,0.149960100258305
1.31452951315476,0.404019772611075,0.119390697047477
1.17923485192848,0.429738367004485,0.0847855094798055
1.04247974064806,0.453973546663704,0.0459439393350987
0.904810745562761,0.47662964972101,0.00314814879355316
0.766595216043868,0.497691264497162,-0.0428681044127614
0.628042780919887,0.517204468804097,-0.0909993176613499
0.48924775244782,0.535252480888749,-0.139864493341242
0.350239775184834,0.551931175727265,-0.187895688866678
0.211034310082769,0.567327500811569,-0.233408888587022
0.0716793420998432,0.581501543746294,-0.274661451475831
-0.0677015370848808,0.594472144430672,-0.309911043460373
-0.20686818443276,0.606206919876954,-0.337496071176979
-0.345425446790584,0.616619514877686,-0.355955225681899
-0.482791668070455,0.625578967243358,-0.364191860502629
-0.618183307188438,0.632936318355799,-0.361666863756155
-0.750626610400455,0.638570299544197,-0.348575603177738
-0.879002688952573,0.642446723660333,-0.325942447348614
-1.00212081233644,0.644677756504576,-0.295568133275755
-1.11880055214833,0.645561935119007,-0.259802861930251
-1.22793625570169,0.645588327951974,-0.221183236495597
-1.32852430754639,0.645397154034163,-0.182030917443472
-1.41965413355566,0.645698497448848,-0.144128197503467
-1.50048797925846,0.647154372838146,-0.108549244304335
-1.57026966391341,0.650228787825141,-0.0756599473833706
-1.62839989796801,0.655015547292501,-0.0452429796571112
-1.67459008361376,0.661073696889277,-0.0166815991153002
-1.70905911819077,0.667330924345084,0.0108555461852461
-1.73268575972498,0.672128864608028,0.0382614551899487
-1.7470122664175,0.673448153009444,0.0663759880451738
-1.75404849577979,0.669266270774576,0.0958952957485429
-1.75593151697074,0.657924110679745,0.127282389128339
-1.75457492378014,0.638372474624157,0.160662580996949
-1.75143219087262,0.610240508048546,0.195710202791636
-1.74741912687526,0.573753226340686,0.231561298724723
-1.74296351918176,0.529568491786516,0.266803409150126
-1.73812036724187,0.478598877665431,0.299583199206111
-1.73270142227761,0.421857616379839,0.327834087575006
-1.72639006467399,0.360344178537217,0.349576141671402
-1.71882923165857,0.294971180715061,0.363207381214794
-1.7096797348813,0.226527635570356,0.367709642346932
-1.69865227858872,0.155670176479551,0.362729854222575
-1.68552011626803,0.0829323107197927,0.348544994224558
-1.6701202366987,0.0087420135868102,0.325951157125341
-1.65234815920295,-0.0665601116632525,0.296123976445513
-1.63214774083662,-0.14270655422969,0.260485512707395
-1.60949494157196,-0.219493142210461,0.220594032217397
-1.58437562151366,-0.29677123740833,0.178057562117981
-1.55676161555873,-0.374437831425146,0.134463259935019
-1.52659374077869,-0.452420352476202,0.0913117897530429
-1.49378107330142,-0.530655529054766,0.0499473250590214
-1.45822086013521,-0.609064202305131,0.0114788421926532
-1.41983437233722,-0.687524953208354,-0.0233030352199499
-1.37860674478987,-0.765849244282704,-0.0539986195589601
-1.33461888525166,-0.84376125640185,-0.0806375207920379
-1.28806499057686,-0.920888482036997,-0.103658880890676
-1.23925459991654,-0.996769674488807,-0.12382054399289
-1.18860048592935,-1.07088370843126,-0.142044771742291
-1.1365945641649,-1.14269444576007,-0.159229799984676
-1.083776496861,-1.21169906323732,-0.176069497461075
-1.03070232776641,-1.27746490330584,-0.192920672911597
-0.977920905541619,-1.33964421334427,-0.209740395254988
-0.925963174874726,-1.39796434274545,-0.226092871270909
-0.875344729851031,-1.45219831690855,-0.241207590017462
-0.826577516032236,-1.50212420927246,-0.25406379799124
-0.78018354185105,-1.54748138690812,-0.263480631852355
-0.736701457949359,-1.58792903810613,-0.2682027744827
-0.696675361564629,-1.62301025281166,-0.266982916587575
-0.660613874792929,-1.65212529092054,-0.258670367760558
-0.628907796214765,-1.67452117067945,-0.242317280796596
-0.601700670114487,-1.6893109465231,-0.217309182752947
-0.578723328439802,-1.69553991862734,-0.183515259951986
-0.559133431890867,-1.6923114331655,-0.14143868471712
-0.541433579565108,-1.67896447891862,-0.0923317804880218
-0.52354861855341,-1.65526062611057,-0.0382289518447221
-0.50309525411686,-1.621507820989,0.0181521222711197
-0.477783336153348,-1.57855220238538,0.0736720516865726
-0.445810359499543,-1.52761943649308,0.12517426480309
-0.406112517528448,-1.4700575804678,0.169941314718882
-0.358413621653299,-1.40707681370176,0.206066334726042
-0.303103538918462,-1.33957154800705,0.23262887231146
-0.241025806234006,-1.26806150122399,0.249652486131004
-0.173252524326253,-1.19273557564827,0.257911060357208
-0.100896262126141,-1.11355326414312,0.258687364797618
-0.0249776058406022,-1.03035855000528,0.253565016869177
0.0536539814429164,-0.942978434848603,0.244284161163408
0.13435654007224,-0.851297132846785,0.232644928152835
0.216698710646382,-0.755308871509325,0.220418088942255
0.30043420405011,-0.655155000710442,0.209221691322293
0.385448674935223,-0.551147929015213,0.200342366962961
0.471681083718259,-0.443778964457267,0.194514694682528
0.559028566523347,-0.33370371729633,0.191712186665517
0.647254564839365,-0.221700296696849,0.191032788631654
0.73592800272444,-0.108602441143648,0.190758978359113
0.824418636488166,0.00478029438328484,0.188624675534837
0.911956042653325,0.11773614995735,0.182240554033618
0.997733972661872,0.229699986493365,0.169557692440397
1.08102318539675,0.340267600625931,0.149231994569456
1.1612563498655,0.449178303868759,0.120800116861295
1.23806652945523,0.556277858887588,0.0846591310887736
1.31128165741267,0.661477465900788,0.04190836254552
1.3808896378484,0.764720460712891,-0.00586394812583638
1.44698919492067,0.865961785213177,-0.0567800454459019
1.509735354424,0.96515917763916,-0.108819985022101
1.56928464041087,1.0622719918587,-0.159909527970077
1.62574609902419,1.15726548878213,-0.207964573253422
1.6791458623851,1.25012085749409,-0.250922692312877
1.72940949793109,1.34084865390256,-0.286797451838739
1.77635539963374,1.42949371217115,-0.313785071958593
1.81968816515189,1.51611187118206,-0.330435447978031
1.85899166125906,1.6007074730886,-0.335873844688248
1.8937412015112,1.68314525703038,-0.330028825891069
1.92335797741138,1.76307300052177,-0.313791714292603
1.94730565992734,1.83989361343316,-0.289019368109461
1.96519588768921,1.91280567667848,-0.258319821346853
1.97685459280822,1.980901865761,-0.224636806197431
1.98231795433632,2.04329081939773,-0.190741178555739
1.98176472223296,2.09920317281667,-0.158785759550722
1.97542127547278,2.14805529468967,-0.130049005264038
1.96348123763226,2.1894665071209,-0.104904082410865
1.94606354813898,2.22324110321188,-0.0829613026970806
1.9232075475565,2.24932754054826,-0.0632888953027581
1.89489067824482,2.26776295359245,-0.04462616941826
1.86105679035059,2.27860913883765,-0.0255423994370276
1.82165366046471,2.28188941557625,-0.00453894873139335
1.77668247576471,2.27753589156669,0.0198745852312566
1.72625782836018,2.26535431631785,0.0490836701121708
1.67066683818312,2.24501066540233,0.0842097557335035
1.61040947370292,2.2160461982949,0.12587394763452
1.5462017954467,2.17793179468513,0.173915581187877
1.4789291058251,2.13016782760477,0.227151467975649
1.40954652264933,2.07241739970397,0.283293413957829
1.33894074806561,2.00463739056616,0.339118889642068
1.26778443971275,1.92716100849817,0.390902874814756
1.19642458597283,1.84069979067755,0.435004887732687
1.12484008092506,1.74626503611491,0.468432703248659
1.05268148410778,1.64503729111368,0.489220120822911
0.979378750621113,1.5382237512858,0.496545752574187
0.904281726474047,1.42693620164082,0.490622987381518
0.826792697859619,1.31210896040775,0.472455708674318
0.746458790377732,1.19446263103572,0.443564283508679
0.663009253038696,1.0745090446536,0.405757744290489
0.576340073860315,0.952586003168735,0.360985413874865
0.486460380201663,0.828908707333011,0.311263321609766
0.393420159835019,0.703627369128254,0.258646222257274
0.29723919359227,0.576885191947173,0.205205821522288
0.19785530733627,0.448874344384397,0.152977266059791
0.0951070444612565,0.319887227236303,0.103846546316245
-0.0112382495452583,0.190357686672496,0.0593712542597134
-0.121407802391369,0.0608828786431634,0.0205555646553894
-0.235508123745931,-0.0677848115264537,-0.0123661836555574
-0.353398825624824,-0.19478347244794,-0.04005666137361
-0.474598783693607,-0.319223139371942,-0.0640326119771679
-0.598269139035407,-0.440287276422035,-0.0864127883440432
-0.723295079219023,-0.557326416342992,-0.1094958726315
-0.848447694592259,-0.669913861344241,-0.135284739022607
-0.972569675620538,-0.777844195254161,-0.165100937845003
-1.09471856019407,-0.881074503519264,-0.199390481695954
-1.21422644301902,-0.979628000329116,-0.237736943429648
-1.33068057043334,-1.0734941887411,-0.279023559166615
-1.44386570159876,-1.16256278366225,-0.321657016927404
-1.55370812000827,-1.24661131775732,-0.363778262066108
-1.66022811019522,-1.32533609000866,-0.403415955229047
-1.76347981619121,-1.39839833145176,-0.438569447694686
-1.86346685727333,-1.4654711169969,-0.46723828503869
-1.96005091020334,-1.52629715875264,-0.487440872313318
-2.05288163193086,-1.58077007329245,-0.497275838975815
-2.14136312074777,-1.62902746296057,-0.495069068410259
-2.22465717133624,-1.67151704245252,-0.479618783774087
-2.30172637344112,-1.70899290768011,-0.450506194149631
-2.3714277412081,-1.74242014821476,-0.408387073385837
-2.43265730848973,-1.77280076119973,-0.355141387376924
-2.48451628000436,-1.80096986897851,-0.293767238295451
-2.52644279994198,-1.82743208079197,-0.227985021557993
-2.55825594331928,-1.85229728899966,-0.161640833439795
-2.5800968021647,-1.87533395413982,-0.0980934558981049
-2.59229828613382,-1.89610626839168,-0.0397722884739127
-2.59524113723815,-1.91413185353274,0.0119946263087951
-2.58924624748309,-1.92900255110066,0.056901179351245
-2.57452519549191,-1.94044086120829,0.0954310846632168
-2.55118332929847,-1.94829598967725,0.128587180853889
-2.51925483729123,-1.95250036329862,0.157662435626119
-2.4787486543553,-1.95300946683005,0.184081585903469
-2.42969113071992,-1.94974212998487,0.209298554944101
-2.37216078379963,-1.94253351357796,0.234710364832923
-2.30631644122941,-1.93111094852603,0.261545290004149
-2.23242111671964,-1.91510188389265,0.290699577140591
-2.15086161619315,-1.89408040771444,0.32252949104766
-2.06215996421078,-1.86765051304315,0.356645814710186
-1.96696965106704,-1.83554991009762,0.391790692938106
-1.86605107881444,-1.79774393417549,0.425880450549797
-1.76022525964367,-1.75447316456165,0.456256426711449
-1.65031217022495,-1.70623003030591,0.480106838513587
-1.53706740223205,-1.65366795754965,0.494945262484776
-1.42113263563074,-1.5974754239535,0.499003519908688
-1.30301116713187,-1.53825950325701,0.491437747434308
-1.18307022272111,-1.47647218804125,0.472328384433232
-1.06156274197367,-1.41238914691814,0.442528023354926
-0.938656538824732,-1.34612998469051,0.403442342358488
-0.814459808658084,-1.2777008522583,0.356818741636109
-0.689036863627602,-1.20704310778609,0.304585056379884
-0.562413490791627,-1.13407895334755,0.248747172950327
-0.434575744004046,-1.05875136904714,0.191330491649202
-0.305468671459248,-0.981058235972019,0.134337995995478
-0.175003013037312,-0.901081486974315,0.0796958342471713
-0.0430781018616954,-0.819009317508881,0.0291633530949556
0.0903730329292348,-0.735148889514659,-0.0158018838246271
0.225316507427506,-0.649924759999691,-0.0542135779582561
0.361539281069704,-0.563858427113446,-0.0857258984123443
0.498581914951841,-0.477526621982059,-0.110746024128456
0.635711302419177,-0.391502035235237,-0.130427682086558
0.771956042456267,-0.306289174618911,-0.146505962773868
0.906205954660193,-0.222273621517209,-0.16098618058176
1.03734953351237,-0.139701384893938,-0.175760992499422
1.16440472475937,-0.0586942350188682,-0.192264821766151
1.28660266565578,0.0207069839355209,-0.211259117808897
1.40340865753883,0.098488684574361,-0.232785324367066
1.5144925492249,0.17461944904392,-0.25625945948529
1.61967426535866,0.249026544259549,-0.280644832061528
1.71886505628572,0.321597741045883,-0.30463657488101
1.81201260010268,0.392203657271858,-0.326812819415696
1.89905215105463,0.460731571544092,-0.345736783052828
1.97986876823253,0.527122000379522,-0.360020022138681
2.05427797735024,0.591401015247017,-0.368372845550446
2.12202870292161,0.653701165081731,-0.369670984918932
2.18282322730066,0.714261768463772,-0.363058300059843
2.23634542430773,0.773400089937263,-0.348086900245258
2.28229130596798,0.831451831333136,-0.32487212261008
2.3204021320186,0.888692281732376,-0.294216631590362
2.35050174462316,0.94526220211598,-0.25764517990339
2.37253593107577,1.00112722866574,-0.217301678577685
2.38660643057751,1.05609022341353,-0.175698939495725
2.3929902481427,1.10985368144276,-0.135367521711146
2.39213845406764,1.16210526491266,-0.0984950271219615
2.38465381271147,1.21258852969287,-0.0666524462588558
2.37125025229457,1.26113069339813,-0.0406652917318295
2.35269832507384,1.30762280661518,-0.0206288893783472
2.32976208642139,1.35196976722641,-0.00602272975761235
2.30313402869979,1.39403604776662,0.00413442655712676
2.27337575839902,1.43360743731703,0.0111336542991562
2.24087162664074,1.47037670074204,0.016449723130796
2.20580082860135,1.50395008690616,0.021637883425442
2.1681310834766,1.53386620602607,0.028237599080193
2.12763536711623,1.55961964071077,0.0376627922654233
2.08393144551033,1.58068608130933,0.0510635928083121
2.03654196301736,1.59655100550103,0.0691599398779973
1.98496943401629,1.60674664213637,0.0920707424850202
1.92877569255936,1.6108998945883,0.119186607062158
1.86765041057372,1.60878659009689,0.149146036450588
1.80145253626445,1.60037893328298,0.179960150930012
1.73021343731002,1.5858681862784,0.209285790494738
1.6541027283407,1.56564974687212,0.234788684095878
1.57337019403634,1.54027060451718,0.254499328645803
1.4882839986669,1.51035338219738,0.267068724846361
1.39908257723473,1.4765182816208,0.271875605068277
1.30594846779364,1.43932177172735,0.268993515725382
1.20900288793414,1.39922223099655,0.259065827747118
1.10831426378411,1.35657336331537,0.243147197871595
1.00391330424542,1.31164004369807,0.222556967539168
0.895809661587593,1.26462866176181,0.198766611588271
0.784009000673795,1.21572422503795,0.173320952340403
0.668532039218903,1.16512703745862,0.147777256380871
0.549438702115098,1.11308276066542,0.123639686467359
0.426859282902664,1.05989966260144,0.10226879154012
0.301031168854417,1.00594759847976,0.0847566179925732
0.172334542130475,0.951635467103511,0.0717762919714142
0.0413153851409458,0.897368310864625,0.0634367937052653
-0.0913174421898957,0.843492522491376,0.0591913776049658
-0.224729926255864,0.790244396015204,0.0578505065641258
-0.358033253065909,0.737719846282702,0.0577286694132497
-0.490371029451152,0.685877929304247,0.0569114069523263
-0.620998980545626,0.634578634042924,0.0535820753183397
-0.749334979299319,0.583642105014139,0.0463225762817462
-0.874969712403595,0.532909527580952,0.0343137046320328
-0.997643507382712,0.482288213176046,0.0174019387007095
-1.11720472882834,0.431772228245455,-0.003953064749663
-1.23356628037945,0.381439245091905,-0.028804912394354
-1.34667146431396,0.331430087108104,-0.0558693065984281
-1.45647342618588,0.281918981975138,-0.0836570701271875
-1.5629271460651,0.23308136372936,-0.110574934569689
-1.66598976739712,0.185063972384775,-0.134998338398273
-1.76562392817004,0.137960609633193,-0.155334676610135
-1.86179794376249,0.0917964755380157,-0.170100905420729
-1.95447623302871,0.0465243871483498,-0.178035214368018
-2.04359508593627,0.00203643238293686,-0.178248441683676
-2.12902376106985,-0.0418068671223877,-0.170398345253319
-2.21051925859732,-0.0851322165017376,-0.15484387322602
-2.28769206634846,-0.128003358400216,-0.132717951563352
-2.36000284923628,-0.170380852902637,-0.105860555098944
-2.42680199541101,-0.212108456443773,-0.0765890297189102
-2.48740649318814,-0.252934439374274,-0.0473425833686328
-2.54119095351287,-0.292561445348546,-0.0202936375273026
-2.58766265689953,-0.330705905714137,0.00296443719717504
-2.62649860530281,-0.367145607673069,0.0215782890838933
-2.65753912124395,-0.401742233566879,0.0354333987925152
-2.68074814629436,-0.434437927170448,0.0450352286205619
-2.69615745183412,-0.465233740025382,0.051338954525658
-2.70381223339855,-0.494160629942124,0.0555826478355973
-2.70372869999075,-0.521251618784025,0.0591503470968916
-2.69586635933271,-0.546520000479521,0.0634629909551223
-2.6801123178538,-0.56994544469978,0.0698769385392163
-2.65627737788794,-0.591469054755767,0.0795656246722183
-2.62411091870303,-0.610999315062009,0.0933698035576946
-2.58334695283961,-0.628431580386186,0.111623693856738
-2.53378522789237,-0.643680978504876,0.13399254004429
-2.47539198188476,-0.656722292730188,0.159380776200603
-2.40838498163144,-0.667623322075508,0.185973278251933
-2.33326628858721,-0.676556870666311,0.211442779236571
-2.25078285741312,-0.683782770574572,0.233297830127791
-2.16182471978945,-0.68960383860052,0.249284523766581
-2.06729416470647,-0.694310749258388,0.257727957698213
-1.9679867278936,-0.698134387069622,0.257725118893798
-1.86451436469419,-0.70121901246464,0.24916387796681
-1.75728089867833,-0.703619737633016,0.232605375442327
-1.64650156240716,-0.705319413486117,0.209099183464409
-1.53224891475379,-0.706256234562408,0.179996971920741
-1.41450718435825,-0.706353829030455,0.146805133911681
-1.2932231190557,-0.705548369633656,0.111087810675052
-1.16834830839623,-0.703809846818502,0.0744098696696916
-1.03987396803602,-0.701156596001307,0.0382979226505014
-0.907861045854614,-0.697662514756813,0.00419502293979832
-0.772468035726322,-0.69345649058274,-0.0266102834583481
-0.633975330304015,-0.688713405794902,-0.0530884764267445
-0.492800779249684,-0.683636842540595,-0.074598010469428
-0.349498430217404,-0.678435595763079,-0.0910097295741895
-0.204733601571254,-0.673298910823714,-0.102782141887337
-0.059233535928499,-0.668377452216727,-0.110941747353656
0.0862775614812193,-0.66377676794599,-0.116943791500211
0.231142422388433,-0.659566164179504,-0.12242927113462
0.374815679618807,-0.655800191781396,-0.12893594910137
0.516879283479402,-0.652545440527699,-0.137640873038619
0.657029467195303,-0.649904507314924,-0.149197275692459
0.795045841550961,-0.648031877699519,-0.163689083739235
0.93075604878563,-0.647140384111724,-0.18068448704572
1.0640061198874,-0.647499671228692,-0.199345513838501
1.19464078009093,-0.649428670786421,-0.218548680717202
1.32249275651761,-0.653282964524722,-0.236986169089937
1.44737712636131,-0.659436163039467,-0.253237667851502
1.56908557252437,-0.668252938468571,-0.265822353937919
1.68737548501641,-0.680051016247493,-0.273254279935008
1.80194949280341,-0.695050843828726,-0.274130070282997
1.91242370733488,-0.713315925696484,-0.267272472445426
2.01828820142772,-0.734693521177491,-0.251933397616503
2.11887175128991,-0.758772796082291,-0.228025151148771
2.21333087056112,-0.784880546781415,-0.196307545082952
2.30068378195468,-0.812127520354238,-0.158434951340507
2.37989707762183,-0.839499769192568,-0.116790548654374
2.45000899483693,-0.865967627989323,-0.0741137148900342
2.51025305421926,-0.890574895942696,-0.0330243571411759
2.5601449580207,-0.912481814037259,0.00440042635104229
2.59951465011931,-0.9309603978735,0.0368744574763307
2.62848754751496,-0.945361755873526,0.0639424191605011
2.64742933200116,-0.955080324361408,0.0858626846434506
2.6568687950088,-0.95953212692773,0.103418906370185
2.65741172134971,-0.958152916073243,0.117732044909916
2.64966114792294,-0.950414969423327,0.130106672984061
2.63415798957052,-0.935857589563617,0.141908420507824
2.61134752112496,-0.914123700336941,0.154446896987697
2.58156903330903,-0.884994235284746,0.168835297599599
2.54506635283518,-0.848414905828296,0.185814108901411
2.50202393379761,-0.804514770721314,0.205557243869041
2.45263347076815,-0.753617307953168,0.22751343385298
2.39718231566932,-0.696240350566017,0.250356077265677
2.336134070869,-0.63307554583302,0.272101997956408
2.27016264046068,-0.564939179158653,0.290407147386774
2.20011601336661,-0.492697177711239,0.302974398385144
2.12691818615996,-0.417181260857057,0.307956120628396
2.05144670547713,-0.339120009875364,0.304236839404667
1.97442954160623,-0.259102300681199,0.291537176165157
1.89638964460785,-0.17757622116201,0.27035315145259
1.81764153581834,-0.0948734343661031,0.241794327489116
1.73832671246811,-0.0112434320702505,0.207394086901704
1.65846936087545,0.0731154925535755,0.168945324624885
1.57803801545954,0.158034989305586,0.12838417370339
1.49700625293838,0.243364230407967,0.0877174113738097
1.4154114628764,0.328959820606609,0.0489716027755492
1.33341249067931,0.414668645659315,0.0141341236580139
1.25134368914421,0.50029468352354,-0.014942745742654
1.16975584736249,0.585545165853174,-0.0366928154269841
1.08942660273444,0.669960193591666,-0.0500387646337116
1.01131939367395,0.752841863703111,-0.0546127190678566
0.936476442853389,0.833209865899836,-0.0509296745656731
0.86585067626955,0.90981320542468,-0.0404350135028264
0.800108967239779,0.981216133110455,-0.0253688093303565
0.73945973641052,1.04595092660603,-0.00844855208416875
0.683558030483854,1.10270285360561,0.0075563786806878
0.631517213945418,1.15047913848743,0.0202411588711198
0.582020175615545,1.18872080352684,0.0278649841220831
0.533494321940541,1.21733875656669,0.0294793777424755
0.484303768775082,1.23667869969983,0.024895412681897
0.432919074371806,1.24743506080556,0.0145439825225723
0.378040472342483,1.25053954935484,-0.000703691400418156
0.318666444815987,1.24704824611165,-0.0196996698915149
0.254110315473874,1.23804481406792,-0.0411350696104937
0.183972955739742,1.22456914902351,-0.0636013263385204
0.108082325058255,1.20757327433271,-0.0856109234453206
0.0264132136414537,1.18790123882092,-0.105605165271442
-0.0609960997041934,1.16628641402948,-0.121982713001792
-0.154110598959996,1.14335713028003,-0.133180822925662
-0.252928520898055,1.11964074096246,-0.137830117801743
-0.3574588049817,1.09555772963159,-0.13498159621123
-0.467641416286989,1.07140342950384,-0.124372189375471
-0.583224482242761,1.04732323586052,-0.106659065776219
-0.703634750360719,1.0232950908062,-0.0835282189123578
-0.8278951085344,0.999134889859374,-0.0575905642389527
-0.954640517275023,0.974532976240024,-0.0320337812498519
-1.08225232084834,0.94911614672188,-0.0100908641396605
-1.20907893527081,0.922517247905493,0.00552669302640268
-1.33366824456011,0.894432171245978,0.0130580989036186
-1.45493288352595,0.864651800641597,0.0118719731046414
-1.57220695592278,0.833068121713677,0.00239105304012126
-1.68520335127048,0.799661111761573,-0.0141489111074293
-1.79391366381671,0.764474400457021,-0.0359874810636946
-1.89849603896379,0.727585096531319,-0.0610834269127728
-1.99917928731397,0.689070193852551,-0.0872747727549501
-2.09619053458403,0.648971130146942,-0.112363469139369
-2.1896991082624,0.607259777217702,-0.134163318885263
-2.27976558733869,0.563812964672751,-0.150561179230836
-2.36629041547344,0.518406678430051,-0.159636642740028
-2.44896832500444,0.470742861843356,-0.159865029780633
-2.52726613354636,0.420517399192042,-0.150391736128016
-2.60044640136807,0.367525122035104,-0.131316365634563
-2.66765049517127,0.311777586606554,-0.103878705893137
-2.72803123704713,0.253590797702427,-0.0704264941319887
-2.78089702125465,0.193597958167891,-0.0340975854401918
-2.82581423208741,0.132666883017495,0.00173646072016592
-2.86262825676271,0.0717457000993143,0.0340995146682125
-2.89140097450793,0.011695178259802,0.0609045078760809
-2.91230056106684,-0.0468322600007959,0.0811711279968039
-2.92549506884014,-0.103437555435661,0.0949570115169637
-2.93108685706888,-0.157952951222619,0.103098867607823
-2.92909761520323,-0.210383389880856,0.106894620621285
-2.91948928769361,-0.260841500060789,0.107829018244396
-2.90219830675191,-0.309493249927253,0.107391466461615
-2.87716738209767,-0.356517598094866,0.106987517727219
-2.84437123386789,-0.402075417025196,0.107916431507435
-2.80384091409586,-0.446281221748426,0.111375128912863
-2.75568778407812,-0.489173308145914,0.118448249249835
-2.70012013865159,-0.530682153956653,0.130051785676301
-2.63744001477699,-0.570602474645467,0.146813813921631
-2.5680133271672,-0.608580520811022,0.16890138388188
-2.49221866905516,-0.644131590505921,0.19583549422038
-2.41039272773903,-0.676698661989298,0.226365967826945
-2.32279410773573,-0.705748625435216,0.258485655831553
-2.22959982184304,-0.730882490963651,0.289630597161822
-2.13093463700789,-0.751922883429126,0.317042248582019
-2.0269193043261,-0.768947282068958,0.338193628971838
-1.91771806466435,-0.782258315914126,0.351150188230979
-1.80356982962907,-0.792308391215167,0.354769249609098
-1.68479744309068,-0.799609532691016,0.348715216252355
-1.56179802580077,-0.804655840525009,0.333335244105299
-1.43502174689397,-0.807872865097144,0.309471174314527
-1.30494664276213,-0.809595411382435,0.278277467979952
-1.17205538367501,-0.810068298650311,0.241088872188923
-1.03681497062837,-0.809461913992693,0.19935211960653
-0.899656367460664,-0.807894553756389,0.154612884392039
-0.760948997625056,-0.805454018731551,0.108534357770878
-0.620969186507988,-0.802213074616926,0.0629162999599421
-0.479868845582087,-0.798236246831421,0.0196804660766527
-0.337657807260702,-0.793578379910747,-0.0192107539884247
-0.194216355947521,-0.788276867719861,-0.0519279437914823
-0.0493519848175202,-0.782339526714573,-0.0770450600471062
0.0970955571173885,-0.775730455392349,-0.0938716834992308
0.245116593359796,-0.768358039744319,-0.10275883653964
0.394402948752051,-0.760070957861629,-0.105246869744324
0.544286623645752,-0.750668525147203,-0.103932353409002
0.693790150415454,-0.739927754072467,-0.102021043487722
0.841783850615033,-0.727641037766246,-0.102678704813179
0.987188350792783,-0.713651299542978,-0.108399980759266
1.12913991354938,-0.697872212629647,-0.120603916158022
1.26706664765886,-0.680289221647041,-0.13954176549106
1.4006773777778,-0.660945983041362,-0.164461260706175
1.52990115357327,-0.639923651396568,-0.193896763299618
1.65481761519691,-0.617316981715829,-0.225961604223156
1.77559899244192,-0.593206625226271,-0.258570349112193
1.89246458051363,-0.567626029070293,-0.289574307233939
2.00563984136023,-0.540524725970299,-0.316833726776877
2.11531399182326,-0.511735343385553,-0.338271762896798
2.22159495404502,-0.480956633344562,-0.351960085039394
2.32446367452461,-0.44776718254127,-0.356273916743997
2.42373289809,-0.411682546141414,-0.35012461892601
2.51901874303996,-0.37225884471085,-0.333232775054318
2.60973901358684,-0.329227463225876,-0.306356492987649
2.69515205768891,-0.282622315526398,-0.27136268519646
2.77444042949779,-0.232847507728068,-0.231053056347043
2.84682284788605,-0.180645019794562,-0.188740603313973
2.9116603084643,-0.126962199596747,-0.14768309751802
2.96852089900051,-0.0727656068946211,-0.110550143545126
3.01718696470467,-0.0188696358214697,-0.0790816507833373
3.05761377401897,0.0341677763109236,-0.0540021707945164
3.08986420063954,0.0860680568468725,-0.0351505977536444
3.11404501302166,0.136792141178506,-0.0217244237198668
3.1302612124226,0.186469480740756,-0.0125354046834754
3.13859475885989,0.235322831536617,-0.00620813551828356
3.139106677032,0.283603384191208,-0.00129669686236697
3.13185559425885,0.331539175389328,0.00367006521611486
3.1169225194983,0.379292793676989,0.0101820197509713
3.09443135345153,0.426922942947568,0.019737433730346
3.06455663611093,0.474347685186176,0.0337865073044858
3.02751551250547,0.521313856253506,0.0535971132972334
2.98354696744748,0.56738460932126,0.0800346304341754
2.93288738724792,0.611961307010314,0.113285259989115
2.87575498514849,0.654351920552001,0.152597654327608
2.81235418207504,0.693882511285404,0.196152330924696
2.74290260889524,0.73002489979841,0.241163118865812
2.66767054917463,0.762495617141091,0.284248742141012
2.58701240776285,0.791284814256066,0.32200070245552
2.50137183562909,0.816603219595909,0.351575989547879
2.41125664646099,0.838773456092892,0.371127119961481
2.31719499047299,0.858113007729037,0.379961941452998
2.21969046938198,0.874849172679723,0.37844691751275
2.11918730887438,0.889081975041939,0.367755237953514
2.01604685873319,0.900788877163541,0.34957990531044
1.91052985092944,0.909855211613571,0.325896557577701
1.80277840013019,0.916115509622071,0.298806770187543
1.69279585437708,0.919396830408295,0.270446947799823
1.58042811894317,0.919560059197292,0.24292124103362
1.46535639215469,0.916537113753795,0.218209998905363
1.34711645219139,0.910361189595792,0.198016202933073
1.22516003691622,0.901184613295763,0.183539908384919
1.09896644970455,0.889277341692372,0.175212794214586
0.968193048751702,0.875000466105116,0.172471842457055
0.832825467206209,0.858754995551914,0.173681248878567
0.693268148476282,0.840916711152691,0.176295559265088
0.550322824076865,0.821777455663854,0.177278891232589
0.405045947430773,0.801515136618375,0.173681359998631
0.258533299898459,0.780203764266155,0.163191689899766
0.111713266799636,0.757856967232443,0.144494047964633
-0.0347820195027049,0.734485713417226,0.117352740161283
-0.180643113126698,0.710149933760753,0.0824642193097938
-0.325826864530801,0.684992218677307,0.0411847716407388
-0.47045880436287,0.659250585125269,-0.0047554236173175
-0.614733485176999,0.633251535414115,-0.0534809197742114
-0.758835344630053,0.607384761411264,-0.103118298889008
-0.90288327004412,0.582059990115204,-0.151871227897335
-1.04688973634559,0.557649050447059,-0.19804806752403
-1.19072463108515,0.534420781418987,-0.240071165998116
-1.33408309184331,0.51248092464716,-0.276495497758266
-1.47646536786331,0.491729747682618,-0.306057508412072
-1.61717852915703,0.471848384166433,-0.327761469679698
-1.75536374712726,0.452321008233321,-0.340991570258362
-1.89004561615862,0.432494207529588,-0.345619648225436
-2.02019516518563,0.411665946489574,-0.342068974057398
-2.14479831721283,0.389186673893978,-0.331300296631775
-2.2629229059257,0.364548568862665,-0.314707162409868
-2.37377787802178,0.337440532624576,-0.293935916156061
-2.47675742857214,0.30775705908709,-0.270669867325723
-2.57146014130421,0.275563847590117,-0.246426505342332
-2.65767635255286,0.241036091257271,-0.222408961950228
-2.73534473897857,0.204390991868286,-0.199432443123764
-2.8044919975649,0.165833551993757,-0.177922641559802
-2.86517739831111,0.125526198230254,-0.157964746686654
-2.91745923698639,0.0835828332208002,-0.139373852852088
-2.96138502716973,0.0400809096624361,-0.121760931257887
-2.99699317516323,-0.00491692409371773,-0.104579818321519
-3.02431003273902,-0.051338302289036,-0.0871549038222904
-3.04333618305277,-0.0990776057365152,-0.0687020237229062
-3.05402658731337,-0.147975846092322,-0.0483632569710185
-3.05627622249602,-0.197806631054526,-0.0252780173691421
-3.04992246322153,-0.248271751178267,0.0012939269417343
-3.03477050273163,-0.299009926668838,0.0317985052287953
-3.01064371445849,-0.34962043019468,0.066188991991813
-2.97745396225006,-0.399699362442859,0.103757663091895
-2.93527770506749,-0.448881188294183,0.143068309575421
-2.88441428374508,-0.496874013233878,0.18204878150747
-2.8254003706241,-0.543477078002456,0.218255568542652
-2.75896666221842,-0.588574863243187,0.249254933478496
-2.68594476605529,-0.632111505868488,0.273013142525038
-2.60715297690646,-0.674056699577684,0.288184977251754
-2.5232960651022,-0.714375631722744,0.294237387479557
-2.43490354063096,-0.753011141127222,0.291412887118142
-2.34231243708166,-0.789880234534619,0.280586976513995
-2.24568520168947,-0.824882823493845,0.263087176454147
-2.14504655579188,-0.857918819870604,0.240524636568493
-2.04032495081094,-0.888909663337672,0.214660575787669
-1.93139122201031,-0.91782016376103,0.187304447019503
-1.81809460037955,-0.944676946421032,0.160225419077862
-1.70030168292812,-0.969578762828409,0.135055525118374
-1.57794479178235,-0.992694136143534,0.113169737268479
-1.45108190351062,-1.01424277685095,0.0955439554699667
-1.31996106435898,-1.03446013320934,0.0826129270168757
-1.18507251081915,-1.05355016564744,0.0741698969090843
-1.04716574158288,-1.07163779404052,0.0693573844546014
-0.907213966340715,-1.08873678022487,0.0667834380735088
-0.766325112994583,-1.10474633588989,0.0647587708061637
-0.625621066553108,-1.11948008063937,0.0616027416400001
-0.486121756871578,-1.13271826222458,0.0559364067535051
-0.348668303232443,-1.14426552182961,0.0468872490728027
-0.213901772922841,-1.15399700122351,0.0341682137787385
-0.0822919187814111,-1.16188264235411,0.0180399620036907
0.0458043312003926,-1.16798835623032,-0.000803307525736653
0.17007807089582,-1.17245791654564,-0.0213763763875253
0.290215150290934,-1.17548036286315,-0.0425363585463354
0.405863482443236,-1.17724630765039,-0.0630876457180568
0.516622286481615,-1.17789532227118,-0.0818565356378667
0.622050053558189,-1.17745749593717,-0.09774559438934
0.721686680489029,-1.17579576111734,-0.109782983312448
0.815086004439825,-1.17256019287007,-0.117180314019785
0.901856038361822,-1.16716831488164,-0.119404759066004
0.981704219039185,-1.15882401953983,-0.116259181748716
1.05448310554121,-1.14657968819531,-0.107951962405652
1.12022940661849,-1.12943347346071,-0.0951315146121521
1.17918845783032,-1.1064419085264,-0.0788636860104522
1.23181861062044,-1.07682272684264,-0.0605435372433372
1.27877497301459,-1.04002734697064,-0.0417513863278266
1.32087699797254,-0.995774463627082,-0.02407870174062
1.35906585693609,-0.944048075095515,-0.00895629266055836
1.39435595682456,-0.885070457754176,0.00248613490439525
1.42778235890588,-0.819261460555864,0.00951081179505095
1.46034558893679,-0.747193156661084,0.0118082848695498
1.49295691305092,-0.669545620870659,0.00948582130085637
1.52638915912143,-0.587067183281824,0.00302059206894417
1.5612381537947,-0.500540661228267,-0.00680898559523735
1.59789796492449,-0.410755933898362,-0.0190038221924239
1.63655092852202,-0.318488895065502,-0.0324315601885399
1.67717180312036,-0.224486946055656,-0.045919392513612
1.71954472369318,-0.12946148327735,-0.0583517165150164
1.76329162260622,-0.0340879093187077,-0.0687695515569319
1.80791067467234,0.0609868725278097,-0.0764635785041456
1.85282195812393,0.155130951016165,-0.0810470105033815
1.89741558236126,0.247711254304962,-0.0824912960599102
1.94109512078371,0.338079866267257,-0.0811100116522482
1.98330841665527,0.425568475618561,-0.0774858272521346
2.02355963162077,0.509495248020664,-0.0723503916783612
2.06140090518393,0.589185093772027,-0.0664419571955937
2.0964080257029,0.664000198569412,-0.0603736086296001
2.12814928199518,0.733374532996406,-0.0545416644472075
2.15615777042277,0.796845104878367,-0.0490903868471463
2.17991567881968,0.854074431647496,-0.0439318435530824
2.19885453626012,0.904861710926556,-0.0388059357988773
2.21237115164963,0.949143219932326,-0.0333596138901989
2.21985515641233,0.986984095013545,-0.0272260015224576
2.22072211301133,1.01856391684651,-0.0200904152656478
2.21444547775278,1.0441578493341,-0.0117374161976181
2.20058153946255,1.06411445119239,-0.00207859874981389
2.17878417642059,1.07883159176446,0.00883607818341156
2.14880926667631,1.08873270504921,0.0208197168670586
2.11051082151527,1.09424624611537,0.0335594588531512
2.06383154798109,1.09579093527411,0.0466348136843699
2.00879039252987,1.09376832813614,0.0595419640246291
1.94546896774434,1.08856259705289,0.0717229676158514
1.87399901285756,1.08054613847143,0.0825985634154559
1.79455318400616,1.07008869122384,0.0916028185026303
1.70734133254471,1.05756735347774,0.0982174699856434
1.61261320453036,1.04337490721823,0.102003758117435
1.51066676231911,1.02792425907774,0.102629909493952
1.40185985594072,1.01164754107918,0.099893148781597
1.28662232123181,0.994989355142173,0.0937359999408499
1.16546557173311,0.978394432121693,0.084257391919614
1.03898752833766,0.9622907756602,0.0717194754322437
0.907871225854984,0.947069753607531,0.0565508364463689
0.772875876456935,0.933065000243322,0.0393459056939907
0.634819334061249,0.920532276720526,0.0208588532345973
0.494551623267189,0.909632939539611,0.00198841260049766
0.3529207252957,0.900423983877206,-0.0162516220732769
0.210734574703174,0.89285756126109,-0.03278223521658
0.06872650442298,0.886791774033139,-0.0465341376559603
-0.0724662220667835,0.882012236455065,-0.0565482816782489
-0.21230169224884,0.878260653081322,-0.0620944938300737
-0.350306324015705,0.875264069777551,-0.0627902630771649
-0.486026708823785,0.872757663606165,-0.0586918806922737
-0.618975733879208,0.870496306680028,-0.0503263310067113
-0.74859425004719,0.868254917498554,-0.0386399024380316
-0.874246280942034,0.865822613430403,-0.0248598779261294
-0.995253008641876,0.862997896136047,-0.0102931741466862
-1.11095426471933,0.859590193563204,0.00389152089761619
-1.22077485410469,0.855428158893805,0.0168455021475599
-1.32427274780984,0.850370251594816,0.0281470946027791
-1.42115629924373,0.844311296933465,0.0378217065219393
-1.51127107275555,0.837180234740207,0.0462875839198152
-1.59456654787276,0.828927883567843,0.0542531985974518
-1.6710553569439,0.819507054012362,0.0625918262359929
-1.74077469125128,0.808849821290318,0.0722103336246011
-1.80375443105727,0.79684776941759,0.0839202308447209
-1.85999335261127,0.783341119917523,0.0983153201455196
-1.90944425686885,0.768121527730708,0.115663207777128
-1.95201046234673,0.750950792043852,0.135824775462935
-1.98755684275459,0.731593414149446,0.158220766142159
-2.01593660471726,0.709855958688613,0.181862144126528
-2.03702951353527,0.685622436835597,0.205448411841823
-2.05078153295471,0.658875022731888,0.227519274966245
-2.05723267773382,0.6296936550655,0.246628422880394
-2.0565226415544,0.59823510260055,0.261502246160228
-2.04887306718707,0.564699057019287,0.271154037979653
-2.03455663705578,0.529292583442168,0.274941135200023
-2.01386948094797,0.492203179896052,0.272569891040499
-1.98711868313631,0.453585222062568,0.264063859625493
-1.95462135095055,0.413557427134203,0.249711805749865
-1.91669884795114,0.372205077089204,0.230008033550014
-1.87365686327772,0.32958352341722,0.205594307254699
-1.82576391968737,0.285725061366058,0.177211477427747
-1.77325154361412,0.24065240398478,0.145665785726993
-1.71633702593464,0.194396216503268,0.111807243547304
-1.65524391424433,0.147010258676801,0.0765118259929946
-1.59020173671367,0.0985809886967863,0.0406604955407453
-1.52143339822044,0.0492332088600824,0.00511222639712866
-1.44914714215746,-0.000867170102899742,-0.0293300991907519
-1.37353893397885,-0.051514906439422,-0.0619615859980346
-1.29480117795429,-0.102474029092221,-0.0922230190548349
-1.21313400227483,-0.153493764737935,-0.1197484507644
-1.12875801432239,-0.204330068905954,-0.144403171632402
-1.04192812222602,-0.254769173374083,-0.166300634208367
-0.952946457222607,-0.304648386663973,-0.185787576391937
-0.862170335863682,-0.353869240584838,-0.203390736505295
-0.77001093814549,-0.402399406102255,-0.219726407450205
-0.67692025959542,-0.450262512457744,-0.235384090853147
-0.583367914884605,-0.49751851620947,-0.250804273649596
-0.489812847596706,-0.544240105652463,-0.266173629336391
-0.396676474650891,-0.590491679914453,-0.281356676679535
-0.304322626723579,-0.636316504309017,-0.295872931192467
-0.213046419509325,-0.681735090126824,-0.308917670033366
-0.12307136394598,-0.726755093213021,-0.319417841051914
-0.0345528789122307,-0.771390776224964,-0.326114557592641
0.0524127261234239,-0.815688494923539,-0.327668424397728
0.137772671720291,-0.859753680428329,-0.322789343611186
0.221492976334566,-0.903773727841232,-0.310393111104793
0.303522714647776,-0.948030708987318,-0.289779312315806
0.383749228231991,-0.992898171066823,-0.260808151568973
0.461952410414026,-1.03881860623657,-0.224033453965185
0.537771749039223,-1.08626236218678,-0.180737209580593
0.610700263539211,-1.13567308960967,-0.132822253097878
0.680111961817117,-1.18740640878427,-0.0825601542833736
0.745316319189528,-1.24166504171345,-0.0322476798077315
0.805622912449272,-1.29842835797438,0.0161331970765335
0.860399311112658,-1.35737427498771,0.0611567813780396
0.909115232697845,-1.41780363060644,0.102043872173647
0.951376182476975,-1.47859786455303,0.138606160471276
0.986950593298404,-1.53825290582105,0.171093636277104
1.01578635868953,-1.59501549510054,0.200007886269448
1.03800635820027,-1.64710146555957,0.225933342741034
1.05387748722398,-1.69292790612659,0.249415805153415
1.06376042147726,-1.73128037597364,0.270894630814097
1.06805622858257,-1.76137195723052,0.290678913024885
1.06716402533441,-1.78280387807523,0.308950839304238
1.06145506875166,-1.79547160330122,0.325779692639458
1.05126061643929,-1.7994628502094,0.341134360498609
1.03686794801629,-1.79497685350029,0.354888015738842
1.01852034838149,-1.78227441263935,0.366814295332467
0.996419882864265,-1.76165528197475,0.376579133526629
0.970734368576171,-1.73345474886121,0.383735930886132
0.9416105435387,-1.69805126422557,0.387733053216805
0.90919366513877,-1.65587807133863,0.387940828885672
0.873650540205397,-1.60743230609754,0.383700136430211
0.835189048785971,-1.55327347834854,0.374387144518262
0.794066291087109,-1.49400424837972,0.359482227652313
0.750580188116957,-1.43023054645373,0.33862853117168
0.705048013558023,-1.36251064883432,0.311670348654995
0.657783509522059,-1.29131425640595,0.278670327716137
0.609085274924175,-1.21701236905885,0.239911414924205
0.559236887963786,-1.13989485093718,0.195887974915551
0.508504453866717,-1.0601848008813,0.147285725549071
0.457123065516612,-0.978028635247925,0.0949544313952435
0.405285494026914,-0.893486935395661,0.0398868728478917
0.353145590152188,-0.806553633525071,-0.0167884619986222
0.300828219618478,-0.717191100784374,-0.0738081624174743
0.248434178875135,-0.625359324440527,-0.129779117605561
0.196041042593997,-0.531039452145742,-0.183197370930372
0.143705396564778,-0.434260219286086,-0.23249236297103
0.0914706591504978,-0.335129713073999,-0.276109860092116
0.0393829555542709,-0.233868615755105,-0.312642400693708
-0.0124843648766751,-0.130836174889804,-0.34100309973017
-0.063999835538635,-0.0265376796649082,-0.360617625504099
-0.114942911572267,0.0783971603165244,-0.371584880318569
-0.164982470681837,0.183268917797041,-0.374742061160643
-0.213674289500282,0.287388457888576,-0.371579981539431
-0.260482002331361,0.390161857301239,-0.363997730169975
-0.304817596242885,0.491153754491964,-0.353948038553945
-0.346090411252894,0.590107615984581,-0.343072316070935
-0.383752787369532,0.686915062148299,-0.33242683663145
-0.417336256815363,0.781541614381574,-0.322357986166967
-0.446479463320234,0.873928108185982,-0.312524402698636
-0.470951080730074,0.963895712210946,-0.302021833464448
-0.49066554770259,1.05108869637944,-0.289557839567382
-0.505681315838651,1.13498609301397,-0.273639896756207
-0.51617055933624,1.21499086309519,-0.25276352400581
-0.522361220339341,1.29056564805066,-0.225601889984195
-0.524468848714098,1.36135352666268,-0.191199375949291
-0.522641881725504,1.42722815428217,-0.149160057711384
-0.516935419926628,1.48825716520211,-0.0998026589765816
-0.507315508415035,1.54460463239368,-0.0442358706509496
-0.493688442915051,1.59641795206532,0.0156924759070244
-0.475946985183869,1.64374052878446,0.0775903685415075
-0.454022470359733,1.68647418564301,0.138828335931684
-0.427928971373592,1.72439439811005,0.196880892353509
-0.397787198569762,1.75720370840984,0.249614881102077
-0.363823419525882,1.78459974580401,0.295465057235081
-0.326348222942887,1.80633542353128,0.333483908890991
-0.285725811899188,1.82225729831339,0.363291487428436
-0.242344284996707,1.83231798285609,0.384968302216134
-0.196592990499737,1.83656568918401,0.398931991845778
-0.148848095854522,1.83511747337855,0.405825565252464
-0.0994643977087269,1.82812357299156,0.406429901044301
-0.0487705971760456,1.81573028935132,0.401600944999459
0.00293409392308923,1.79804855553903,0.392224469575306
0.0553830302765967,1.7751347420884,0.379178458271279
0.108344915581906,1.74698813819415,0.363294170286032
0.161625460279883,1.71356596810054,0.345310715398756
0.215066303485607,1.67481245347736,0.325823402487536
0.268538994921155,1.63069422723662,0.30523179962185
0.321932033550744,1.58123362391855,0.283698225766108
0.375130702806696,1.52653371755904,0.26112950494314
0.427993178633227,1.46679486867951,0.237193462793164
0.480330828284626,1.40232637271294,0.211376131305756
0.531901985685635,1.33355203165924,0.183075943819224
0.582422874200839,1.26099650301237,0.151720014111102
0.631589266481145,1.18523692511693,0.116880368775202
0.679096883161793,1.10682320685745,0.0783696452430858
0.724656836337406,1.02620220462609,0.0363049041784756
0.768012054226619,0.943682702271252,-0.00886394126838135
0.808956807144878,0.859444639404238,-0.0563607256322533
0.847350927193118,0.77356990797518,-0.105119332500656
0.883119600765439,0.686075574357508,-0.153838827552139
0.916239021182339,0.596946968659915,-0.201046224352722
0.946714763210133,0.506174452316233,-0.245162286688472
0.974559038200435,0.41379466091632,-0.284574376002751
0.999769259829999,0.319932619186357,-0.317725812028908
1.02230749138676,0.22483822418743,-0.343230553514626
1.04208096368095,0.128909371434353,-0.360014196559039
1.05892601812153,0.0326940697204972,-0.367467429221109
1.07260075287179,-0.0631342774447489,-0.365579716299702
1.08279241586299,-0.157828065265737,-0.355007079233523
1.08914285339761,-0.250633779984548,-0.337029721485294
1.0912893709152,-0.340859256122747,-0.313380896351014
1.08891160680181,-0.427919043258796,-0.28597287108831
1.08177179195701,-0.511343593118891,-0.256588717832341
1.06973874858727,-0.590751340563517,-0.226624934092165
1.05279325474089,-0.665795477435408,-0.196948721014007
1.03101980193942,-0.736102922367799,-0.167887969345783
1.00459269674848,-0.801220656098708,-0.139327399207161
0.973762226370023,-0.860578632151469,-0.110860907550358
0.938840623745605,-0.91347399463512,-0.0819515873477335
0.900181351451576,-0.959081642755097,-0.0520681192752777
0.858141474630136,-0.996500836057598,-0.0207869498920462
0.813018617905873,-1.02485283402552,0.0121349756702815
0.764964267676076,-1.04344330064164,0.0467061674973921
0.713894398363172,-1.05198547503503,0.0826583359744368
0.659439363270563,-1.05084059837909,0.119420327741874
0.600979772588781,-1.04118389293703,0.156124797553266
0.537786020934244,-1.0249869592999,0.191666483201293
0.469222615572737,-1.00476169228456,0.224815538338311
0.394934458586891,-0.983126574178323,0.254362365166342
0.314940532227238,-0.962354962938016,0.279252121397358
0.229615299439342,-0.944067663101949,0.298673323174172
0.13959335086713,-0.929142052909029,0.312089834446831
0.0456519326976538,-0.91780386431289,0.319228987818171
-0.0513887425955604,-0.909813028228849,0.320047545981887
-0.150732642296676,-0.904660086578063,0.31469318770297
-0.251645349599751,-0.901724246306132,0.303470705101665
-0.353470918603522,-0.900378020648071,0.286815345818749
-0.455636464539668,-0.900043947620316,0.265272365027712
-0.557649809838332,-0.900216749029333,0.239480836223075
-0.659093113353419,-0.900464844937365,0.210159741905
-0.759614279381187,-0.900422534528902,0.178094335814363
-0.858917768668064,-0.8997809809513,0.144120546672731
-0.956756176141426,-0.898282688774994,0.10910480896302
-1.05292332268906,-0.895721260653585,0.0739168427403477
-1.1472478169576,-0.891945096157447,0.0393938672031143
-1.23958399947456,-0.886861487954135,0.00629705130581997
-1.32979585569091,-0.88043658856394,-0.0247356475202697
-1.41773102952131,-0.872688087709167,-0.0532326200759281
-1.50318761694689,-0.863671083984779,-0.078917999032794
-1.58588441590877,-0.853461955999594,-0.101718268471476
-1.66544988734039,-0.842146734349357,-0.121740771433402
-1.74143987819018,-0.829817439278825,-0.13922446774873
-1.81337953152167,-0.81657404029694,-0.154469240612397
-1.88080927597035,-0.802525584644592,-0.167754862757771
-1.9433117976197,-0.787786022408081,-0.179263482760324
-2.00051052250441,-0.772466977045811,-0.189019385333751
-2.0520509982593,-0.756675639045766,-0.196856503379891
-2.09758652238607,-0.740525142540951,-0.202418372143205
-2.13677898505893,-0.724156947949243,-0.205188788388583
-2.169305531717,-0.707766214751204,-0.204546847149102
-2.194849576539,-0.691617987719161,-0.199838739259071
-2.21306696117021,-0.676047333946263,-0.190460566532519
-2.22354141673269,-0.661443608419133,-0.175948240415122
-2.22575761966842,-0.648221659186625,-0.156068971365408
-2.21911351769071,-0.636779765546856,-0.130903299534473
-2.20297303380315,-0.62743986622982,-0.100900551486186
-2.17674541422176,-0.6203669617574,-0.0668896380382628
-2.13997561666626,-0.615473155298315,-0.0300340909016082
-2.09243554438866,-0.612325095785439,0.00826659873750013
-2.0342078148633,-0.610086214939562,0.0465132567150375
-1.96574551727092,-0.607529140630888,0.0832554858763339
-1.88788101443876,-0.60314152986191,0.11722490082529
-1.80175948202174,-0.595318222643214,0.147430795090679
-1.70869692752955,-0.582594630995924,0.17320595818707
-1.60999797217937,-0.563852754946585,0.194202703085769
-1.5067909743322,-0.538439959614925,0.210350393410146
-1.39993019018291,-0.506178322778528,0.22179238171216
-1.28998161177276,-0.467284845978081,0.228820235048131
-1.17727517297156,-0.422246824244095,0.23181768537456
-1.06198894592433,-0.371695437821079,0.231219146201902
-0.944234007944781,-0.316304385805774,0.227481323111291
-0.824121322441012,-0.256722296793604,0.22106286604036
-0.70180495244129,-0.193535898805315,0.212406300126045
-0.577503995212679,-0.127256380319674,0.201917809556784
-0.451508391672169,-0.0583213735835404,0.18994286050869
-0.32417364484346,0.0128931801862891,0.176738548589404
-0.195908259599065,0.0860552935356853,0.162446397354465
-0.0671566991522216,0.16085640989254,0.147071692321112
0.061619915902541,0.236991092868648,0.130476696865292
0.189963381669879,0.31414016170566,0.11239452271672
0.317436281375483,0.391960411130361,0.0924675743858975
0.443636393497295,0.470083069454774,0.0703092960971112
0.56820629566726,0.548121258131363,0.0455817441931991
0.690837576517962,0.625684415494326,0.0180763791694969
0.811270016822373,0.702395917125161,-0.0122162571395484
0.929286943451264,0.777909671707195,-0.0450596680213646
1.04470851667544,0.851922556088884,-0.079953028643061
1.15738466731048,0.924181442791438,-0.116140334013497
1.26718889306123,0.99448545619173,-0.152641459584389
1.37401312267082,1.06268501956972,-0.188298414259361
1.47776308299622,1.12867932713621,-0.22183220045299
1.57835254689208,1.1924126534869,-0.251909424530965
1.67569454526564,1.25386854703578,-0.277221032995233
1.76968756442713,1.3130594426755,-0.296576228148876
1.86019588901091,1.37000882817768,-0.30901141395841
1.94702595234083,1.42472461881113,-0.31390662597244
2.02990418168087,1.47716590669292,-0.311091562240647
2.10846409634026,1.52720937545775,-0.3009135577345
2.18225117437531,1.57462586324165,-0.284236887799428
2.25074900967338,1.61907716198213,-0.262352339801102
2.3134232188855,1.6601386631565,-0.236800022106756
2.36977188297802,1.6973445303717,-0.209139065491787
2.41936856357887,1.73024372458754,-0.180720223658978
2.46188650197577,1.75845102847591,-0.152517763585114
2.49710016583398,1.78168031316509,-0.125054498447582
2.5248672742843,1.7997544301331,-0.0984208563823874
2.54509880976481,1.8125938262527,-0.0723624518194542
2.55772500514133,1.82019045872847,-0.0464004037077996
2.56266419317276,1.82257483162129,-0.0199536909432168
2.55980106226631,1.81978374494264,0.00755434774597774
2.54897846745597,1.81183372013675,0.0366104971158702
2.53000436542712,1.79870252586456,0.0675440909504796
2.50267255246635,1.78031932357879,0.10047207697142
2.46679414264149,1.75656369080205,0.135254103905044
2.42223680299048,1.72727504088008,0.171460548261977
2.36896792764117,1.6922738881107,0.208361917654719
2.30709575515328,1.65139390853126,0.244950479764421
2.23689866506336,1.60451842759055,0.280001776547357
2.15883386664824,1.5516121091485,0.312174983624159
2.0735212947986,1.49273899553353,0.340139578337744
1.98170622210357,1.42806284498941,0.362706470075765
1.88421053759858,1.3578323051015,0.378939117197072
1.78188336907956,1.28235752492308,0.388225400378379
1.6755590325113,1.20198601507258,0.390302112150499
1.56602546953379,1.11708332257826,0.385236038680223
1.45400312972493,1.02802096779442,0.373374550781868
1.34013230962773,0.935170854536481,0.355281855787537
1.22496723286931,0.838904002523953,0.331675271783025
1.10897555347815,0.739591179115164,0.303370882984415
0.992542181066572,0.637603597944571,0.271242153024508
0.875977241944763,0.533313473689452,0.236190550071309
0.759527884025728,0.427095085792795,0.199124225786194
0.643393227370229,0.319327278515718,0.160939450393897
0.527741702441825,0.21039829488449,0.122499755323029
0.41272892982571,0.100712638911782,0.0846089247603271
0.298514049038167,-0.0093013242815455,0.0479764689651473
0.185271856670026,-0.11918555786867,0.0131774383358193
0.0731985237780401,-0.228451298248204,-0.0193878245847174
-0.0374905060050109,-0.336585356172089,-0.0495253032876802
-0.146570222872035,-0.443064935018874,-0.0772603542347893
-0.25382150838547,-0.547380035868233,-0.102824038104341
-0.359049121991709,-0.649060340400236,-0.126609559271609
-0.462098382107671,-0.747701832177949,-0.149102560602525
-0.562866834513705,-0.842987754324599,-0.17079553172045
-0.661308021978363,-0.934699192066174,-0.192100315324296
-0.757425962406131,-1.02271271339709,-0.213272430819328
-0.851261062187682,-1.10698584157211,-0.234357239316289
-0.942870472827983,-1.1875346027374,-0.25516274122564
-1.03230675078718,-1.26440857923033,-0.275259031061984
-1.11959798144605,-1.3376677973908,-0.29400175970501
-1.20473073564969,-1.40736304381724,-0.31057668586251
-1.28763601099138,-1.47351905368238,-0.324063840796282
-1.36817882082441,-1.53611993812653,-0.333521375138824
-1.44615366487209,-1.59509764888352,-0.338088635064013
-1.52128898926199,-1.65032561709684,-0.337103636523795
-1.59326363286603,-1.70162095425179,-0.330221962467986
-1.66173516202286,-1.74875746289475,-0.31751431461164
-1.72637622278651,-1.79148939426481,-0.299513903194872
-1.78691037568884,-1.82958203327427,-0.277188488086875
-1.84313736888248,-1.86284146064427,-0.251828297087027
-1.89494046923456,-1.8911351253567,-0.224866614364286
-1.94227458040682,-1.91439726558248,-0.197673396695541
-1.9851406313424,-1.93261829483776,-0.171371709944739
-2.02355605004325,-1.94582274308144,-0.146717006407496
-2.05753048648526,-1.95404303174834,-0.124055907113374
-2.08705316163329,-1.95729631419262,-0.10335662123994
-2.1120928775302,-1.95556884268163,-0.0842873634067503
-2.13260888989137,-1.94880971959691,-0.0663157829022873
-2.14856874354697,-1.93693378659045,-0.0488081135814312
-2.1599687612837,-1.91983274820941,-0.0311160730188887
-2.16685268550982,-1.89739335600786,-0.0126477954657752
-2.16932446023313,-1.86952164436007,0.00707603947261069
-2.16755149177063,-1.8361714635787,0.0283784988943752
-2.16175593926837,-1.79737437334298,0.0513940824747
-2.15219359787841,-1.75326635797323,0.0760491020786897
-2.1391226737799,-1.70410557158135,0.102057755980749
-2.12276770884242,-1.65027542776817,0.128936894178028
-2.10328627959453,-1.59226961630952,0.156040547029605
-2.08074645190201,-1.53065960574988,0.182612088943707
-2.05512089072513,-1.46604984996516,0.20784859931906
-2.02629957736256,-1.39902963129479,0.230969703903894
-1.99411783914908,-1.33013114621535,0.251282480188759
-1.95839287754314,-1.25980160404971,0.268235057147047
-1.9189601333439,-1.18839262493166,0.281453879785493
-1.87570193257688,-1.11616557892989,0.290762761502412
-1.8285638376527,-1.04330812798475,0.296185061338884
-1.77755745154902,-0.969955846923589,0.297932725584519
-1.72275103881229,-0.89621337685932,0.296386833256384
-1.66425117962131,-0.822171586702299,0.29207350953066
-1.60217939251729,-0.747919429381039,0.285636854603995
-1.53664772880348,-0.673550912143924,0.277807648836211
-1.46773757337615,-0.599168712846768,0.269364148415211
-1.39548593599561,-0.524886154409071,0.261080264841056
-1.31988313697226,-0.45082868222254,0.253657729844124
-1.24088504088722,-0.377135198372082,0.247643128033266
-1.15844075753531,-0.303958654504295,0.243337617379342
-1.07253319635488,-0.231464751306247,0.24071541679971
-0.983225097451566,-0.159827586436944,0.239373710853262
-0.890698937141218,-0.0892218659640502,0.238537515725304
-0.7952778066835,-0.0198126140291456,0.237134805596594
-0.697417691676813,0.0482554735620001,0.233939516591394
-0.597669814974753,0.114866334458675,0.227758131446334
-0.496622166772441,0.179936247174469,0.217619054960631
-0.39483639606199,0.243411976651105,0.20292150699951
-0.292796825745185,0.305263768152501,0.183514236991929
-0.190882455332907,0.36547456351585,0.159697120980161
-0.0893638913807767,0.424027133099142,0.132159447293596
0.0115799812859701,0.48089083126721,0.101879457968125
0.111834044406538,0.536009929443345,0.070009117116155
0.211316155782373,0.589295697231666,0.0377601254750683
0.309949832766371,0.640624560419274,0.00629812579061698
0.407643758226807,0.689843289421729,-0.0233537577866307
0.504277526128974,0.736779137594546,-0.050401191261892
0.599690358734185,0.781251858883123,-0.0743495958613356
0.693672889036537,0.82308917916296,-0.0950499326910692
0.785969400901429,0.862151397213753,-0.112707934086471
0.876294687017088,0.898360674833577,-0.127847515943228
0.964356505864384,0.931717636317447,-0.141225368429348
1.04987320849199,0.962295173425622,-0.153706230478542
1.13258527598057,0.990214903313185,-0.166122187594887
1.21226406413769,1.0156178254241,-0.179145687698186
1.28871785848181,1.03863720388658,-0.193201256512243
1.36179371958654,1.05937841097489,-0.208428386281498
1.43137404730478,1.07790755113031,-0.224693339829904
1.49736966496039,1.09424945127352,-0.241636526281005
1.55971188176715,1.10839351565025,-0.258737343851635
1.61834633917404,1.12030540782711,-0.275380020933455
1.6732291688086,1.1299414870386,-0.290909196808096
1.72432522233312,1.13726382007307,-0.304670440000009
1.77160665464817,1.1422538962016,-0.316036293241607
1.81505030963516,1.14492410571221,-0.324422076964659
1.85463257868676,1.14532632598449,-0.329297547139656
1.8903214842532,1.14355714050599,-0.330200594101017
1.92206682859359,1.13975906274284,-0.326757836481283
1.94979036503761,1.13411702573354,-0.318714248071629
1.97337882863742,1.12684964759264,-0.305970113816928
1.99268274712155,1.11819548106005,-0.288619199331681
2.0075233795807,1.10839585433641,-0.266978262675863
2.01770791812246,1.09767710952242,-0.241596399369984
2.02305110798715,1.08623624685533,-0.213234840416932
2.02339873958071,1.0742334637929,-0.182813772293318
2.01864767955896,1.06179353374774,-0.151331257020293
2.00875777284084,1.04901528193442,-0.119767161357291
1.99375327130992,1.03598592697811,-0.088988953334165
1.97371451587711,1.02279589217127,-0.0596746403417781
1.94876260294668,1.00954995131914,-0.0322619570817871
1.91904071526853,0.996372205364529,-0.00692525751324333
1.88469546390759,0.983404281281677,0.0164242383730851
1.84586072015601,0.970797520401019,0.0381210457928451
1.80264575086696,0.958700446238022,0.0587148373412337
1.7551298472128,0.947242884238419,0.0789259050598215
1.70336615594551,0.936517810615852,0.0995811175532342
1.6473981085702,0.926562171628335,0.12152291566044
1.5872909650815,0.917338481689618,0.14548742433762
1.52317777414594,0.908720101921568,0.171958196297644
1.45531288368075,0.900484055753134,0.201018219530333
1.38411896705436,0.892315376566815,0.23223912551285
1.31020883249068,0.883825194066886,0.264653154768243
1.23436602669729,0.874581108105855,0.296840360089031
1.15748044716555,0.864144288045489,0.327128963765092
1.08045235441181,0.852105262564941,0.35386366213746
1.00409148519392,0.838111352221387,0.37566839460097
0.929039114735378,0.821882401670755,0.391633944577722
0.855729675253528,0.803215668467528,0.401393679225366
0.784392526941631,0.781983456099575,0.405092202357782
0.715082485195914,0.758127657014196,0.403280352383724
0.647723739775141,0.731654235595082,0.396777442684364
0.58215465114218,0.702628975882436,0.386533126060436
0.518166576581401,0.671174285045528,0.373507078919514
0.455534805988238,0.637465663490894,0.358572766338386
0.39404265083152,0.601726124652147,0.342445323078212
0.333500356987019,0.564217021643426,0.325632338298154
0.273759874502893,0.525224724387465,0.308407874349011
0.214725072073244,0.485043501926379,0.290811278285936
0.156356334303466,0.44395651972156,0.272671934655842
0.0986683841365727,0.40221758903523,0.253657950963987
0.0417212263854217,0.360036633168168,0.233342366373808
-0.0143943986091083,0.317571240866943,0.211276639216254
-0.0695743681246687,0.274925383076516,0.187059809919421
-0.123718118586768,0.232154805524346,0.160393549429918
-0.176742340729184,0.189277369016315,0.131117562483721
-0.228589637429669,0.146285822986186,0.09922466457965
-0.279231648724059,0.103160681861678,0.0648589610518839
-0.328667343174256,0.059881284006932,0.0283026455371872
-0.376919282229945,0.0164342358807598,-0.0100425710226543
-0.42403154558035,-0.0271824277871003,-0.049675641279061
-0.470067373804321,-0.070961445750544,-0.0900168223577329
-0.515098624706018,-0.114892956139582,-0.130426049343288
-0.559193111761092,-0.158971585562481,-0.170217038073432
-0.602405714224501,-0.203204250974405,-0.208670290274836
-0.644771387092292,-0.247618786118856,-0.245048581136806
-0.686297308878037,-0.292271087753839,-0.278617444875962
-0.726954890734064,-0.337248732687021,-0.308673169904016
-0.766673558316783,-0.382669352904513,-0.33458011466075
-0.805338570526837,-0.428672643766269,-0.355817156675031
-0.84279550874176,-0.475406020976058,-0.372030119623375
-0.878862899666613,-0.523005120787254,-0.383082939225164
-0.913353141524379,-0.571572038831967,-0.389096670404371
-0.946099112753373,-0.621155295572123,-0.390463124012804
-0.976981587943134,-0.6717360978077,-0.387821372177121
-1.00595081914477,-0.723224433487692,-0.381991378182551
-1.03303633722044,-0.77546624806764,-0.373869454018716
-1.05834196657733,-0.828259571503175,-0.364301837195695
-1.08202753622388,-0.881374178551539,-0.35396074904891
-1.10428302625787,-0.93456755682903,-0.34324791913752
-1.1253026405452,-0.987590270686291,-0.332243076006422
-1.1452652454808,-1.0401767448181,-0.32070298666605
-1.164324334029,-1.09202235206889,-0.308105574088575
-1.18260688055798,-1.14275332838223,-0.293727441192831
-1.20021788039802,-1.19190088733158,-0.27674243105251
-1.21724663807859,-1.2388926193766,-0.256331356275384
-1.23377207754347,-1.2830716615287,-0.231795391769786
-1.24986585799043,-1.32374575907542,-0.202665678838131
-1.26559324906306,-1.36025814487311,-0.168798919309232
-1.28101173292026,-1.39206356518414,-0.130444613364624
-1.29616682061842,-1.41878999431952,-0.0882673086753632
-1.31108477667822,-1.44027063026836,-0.0433099128406241
-1.32576332717007,-1.45653948591439,0.00310583165587366
-1.34016327697565,-1.46779397785251,0.049529443846462
-1.3542045803781,-1.47433598686633,0.0945535779277597
-1.36776925282419,-1.47650708639273,0.136970154790964
-1.38071062567206,-1.474632519925,0.175877753715293
-1.39286599156795,-1.46898350052607,0.210723505821584
-1.40406872985685,-1.45976055843575,0.241282925535599
-1.41415686709189,-1.44709484949371,0.267596427116285
-1.42297701999228,-1.43106137781998,0.289887004246634
-1.43038441672713,-1.4116977473954,0.308480407605425
-1.4362408020619,-1.38902361166415,0.323741207630746
-1.440412004138,-1.363057790411,0.336029543318136
-1.44276647813899,-1.33383168374308,0.345676866278963
-1.44317540201488,-1.30139860816225,0.352975395817541
-1.44151422911551,-1.26583914923219,0.358174975030882
-1.43766532121615,-1.22726294918774,0.361481829207606
-1.43152102734952,-1.1858073582114,0.363055517259677
-1.42298664931125,-1.1416335365123,0.36300263521635
-1.41198279562882,-1.09492069436026,0.361368058531284
-1.39844681099386,-1.04585915897256,0.358126360804376
-1.38233301049112,-0.994643289895464,0.353177049514535
-1.36361157710742,-0.941464735836101,0.346347273651103
-1.34226609123591,-0.886506711514648,0.337404455268202
-1.31828987217363,-0.829939651565527,0.326079281495673
-1.29168136633116,-0.771918274119404,0.312097102172042
-1.26243925764311,-0.712580043960319,0.295213930533401
-1.23055788167626,-0.652044711311782,0.275252315590718
-1.19602402395152,-0.590414821335294,0.252132884377057
-1.15881605104655,-0.527777022018299,0.225898758446055
-1.11890651312274,-0.464204225318415,0.196731939058803
-1.07626869295718,-0.399758500137353,0.164962101111546
-1.03088675496523,-0.334494477215478,0.131068688625858
-0.982766549985855,-0.268462445836619,0.0956763338484451
-0.931942637590713,-0.201710794859797,0.0595423839765679
-0.878478051190452,-0.134289038964456,0.0235342923550955
-0.822462170709215,-0.0662556629748069,-0.0114057555468817
-0.764016171352274,0.00230688418202917,-0.0443132035272802
-0.703302664105195,0.0712744631614391,-0.0742758310301086
-0.640522785326692,0.140467446562196,-0.100530946515665
-0.575896440235693,0.209643335224657,-0.122574482323628
-0.509634637818899,0.278497912225838,-0.140261490752706
-0.441913362653841,0.346678539560043,-0.153870466724889
-0.372854914994743,0.413810749634451,-0.164102978426424
-0.302521488860315,0.47953367848164,-0.172000861252284
-0.230923904731703,0.543535246036661,-0.178786255004359
-0.158043416752245,0.605576664556941,-0.185656461487803
-0.0838598148903264,0.665499468040634,-0.193582914309934
-0.00837652536723621,0.723214178799258,-0.203161504212816
0.0683646655396768,0.77867587940632,-0.214541802591152
0.146282465583312,0.831854389816683,-0.227436185652185
0.22526711608728,0.882706497461609,-0.241189774799778
0.305199456002419,0.931155268423389,-0.254884774439074
0.385972923465227,0.977078931634456,-0.267456839204096
0.467513577122067,1.02031018760161,-0.277810491282793
0.549793617273084,1.06064575594837,-0.284929045364225
0.632834359579503,1.09786524351552,-0.287978215149152
0.716695588351081,1.1317571622338,-0.286400655864617
0.801450402986293,1.16214807293456,-0.279992956268886
0.887148393379433,1.18892896818673,-0.268950777266815
0.973774431646393,1.21207215317528,-0.253866330833076
1.06121379739955,1.23163343338627,-0.235668346458414
1.14923431472495,1.24773830793848,-0.215507621695226
1.23749187897804,1.26055626925542,-0.194606703703496
1.32555827807461,1.27027145510834,-0.174103250225624
1.41296292585581,1.27705869120926,-0.154917960696281
1.49923632048057,1.28107088517555,-0.137669205158752
1.58394416531308,1.28243857263603,-0.122642011127434
1.66670591963217,1.28127782724114,-0.109805141320082
1.74719738202503,1.27770066791708,-0.0988612769729777
1.82514116045436,1.27182273476267,-0.0893132201557773
1.90029047697543,1.2637654001446,-0.0805321804782441
1.97241109508877,1.25365228726127,-0.0718199806978223
2.04126430805175,1.24160227531369,-0.0624628788349968
2.10659228327699,1.22772214850813,-0.0517789719828133
2.16810613568106,1.21210190045557,-0.0391630249313221
2.22547721480448,1.19481466511483,-0.024131989275612
2.27833293139345,1.17592164903149,-0.00637186169888015
2.32625929024927,1.15548065631306,0.0142173261444867
2.36881238766089,1.13355533472406,0.037485537783165
2.40553997267753,1.11022164392091,0.0630154776363118
2.43601175802441,1.0855687812518,0.0901337510453805
2.45985421190623,1.05969339697337,0.117956276096552
2.47678302172023,1.03268848449182,0.14546711864992
2.486626053283,1.00463023500458,0.171621671702822
2.48933149844282,0.975566922294017,0.195458378110716
2.48495976876401,0.945513191174611,0.21620066190282
2.47366191324356,0.914451452043018,0.233333184009868
2.45565008078553,0.88234014484824,0.24664347047363
2.43116560693375,0.849127044655887,0.256227698966565
2.40044923410896,0.814765264644239,0.262465534137193
2.36371579646834,0.779229500595649,0.265971178091969
2.32113430194609,0.742530236208806,0.267526528909946
2.272814183175,0.704723725092487,0.267999327786598
2.21879904838069,0.66591545726518,0.268246945146641
2.15907017077078,0.626254958090564,0.269007325949651
2.09356236043569,0.585920703143591,0.270783696792187
2.02219288304258,0.545095769972785,0.273737935066831
1.94490177413476,0.503938209632601,0.277616057866954
1.86169731283455,0.462553226976338,0.281732554773123
1.77269570315094,0.420975538856165,0.285033135891089
1.67814303455448,0.379168476011345,0.286236676394062
1.57840994264206,0.337040740271346,0.28403175899323
1.47395752467282,0.294475112540472,0.277282961624557
1.3652826929874,0.251358938173467,0.265197767042242
1.25285749846479,0.207606240640413,0.247419508346599
1.13707824335344,0.163165675344349,0.224037678368515
1.01823503873245,0.118014113342673,0.195531065248006
0.896505055169915,0.0721398538796241,0.162672166221956
0.771965671756427,0.0255209521386672,0.12642122883187
0.644620874901171,-0.0218962078996841,0.0878299236294732
0.514434410375527,-0.070214129856585,0.0479639834445847
0.381365959832395,-0.119594197331531,0.00784570162370779
0.245408718075597,-0.170257150734358,-0.0315877058687833
0.106627433145657,-0.222472446197185,-0.0695153223650547
-0.0348056988353129,-0.276535723815561,-0.105257754473782
-0.17858124786439,-0.332734907057042,-0.138297972784336
-0.32423392956176,-0.391307541563591,-0.168296115410878
-0.471140197990034,-0.452394684631389,-0.195094018894521
-0.618535374942361,-0.515999131853045,-0.218704382028413
-0.765550103258822,-0.58195691310312,-0.239281071939352
-0.911261228616244,-0.649929500339592,-0.25707103696976
-1.05474826307512,-0.719420142792623,-0.272353627785391
-1.19514494943584,-0.789811935312977,-0.285377707648856
-1.33167698749503,-0.860419780044552,-0.296308678109604
-1.46368147281981,-0.930545652183579,-0.305195486691861
-1.59060796623321,-0.999526592285317,-0.311962213672342
-1.712004827058,-1.06676804706499,-0.316422441651374
-1.827496378656,-1.13175979626074,-0.318309550171583
-1.93675737088908,-1.19407643448221,-0.317313907949363
-2.0394913712506,-1.25336783751058,-0.313118662759494
-2.13541809714257,-1.30934581494372,-0.305428313990133
-2.22427083861252,-1.36177105690429,-0.293987328935142
-2.30580153524171,-1.41044169805328,-0.278589257582161
-2.37978793695721,-1.45518211529039,-0.259079554029576
-2.44603875644075,-1.49583099736931,-0.235357716624478
-2.50439555881553,-1.53222939880241,-0.207385401364416
-2.55473305460077,-1.56421149962792,-0.175206265122066
-2.59696000098931,-1.59160129546169,-0.138979990625028
-2.63102094989591,-1.61421696495107,-0.0990275782413785
-2.65689786012712,-1.63188289923736,-0.0558788151853042
-2.67461019185157,-1.64444736372181,-0.010307600651491
-2.68421377151997,-1.65180270699827,0.0366610693592678
-2.68579955317641,-1.65390399716327,0.0837852300213124
-2.67949334679138,-1.65078180642057,0.129684791349048
-2.66545603041761,-1.64254558391989,0.172956167940652
-2.64388171181175,-1.62937573374731,0.212302555197825
-2.61499164552603,-1.61150565217067,0.246654790860568
-2.5790230200851,-1.58919739489141,0.275261172724151
-2.53621437447786,-1.56271602930176,0.297734355929326
-2.48679079132335,-1.53230694730279,0.31405454796181
-2.43095235701086,-1.4981786541031,0.32453606837707
-2.36886772611798,-1.46049118471566,0.329766817372622
-2.30067393715418,-1.41934960820418,0.330528646580352
-2.22648300452824,-1.37480241648839,0.327703740348298
-2.14639659557941,-1.32684634636262,0.322170950353568
-2.06052960619165,-1.27544010025628,0.31469791572408
-1.96904080738912,-1.22052834912224,0.305839483029678
-1.87216481776411,-1.16207432841424,0.295858477357209
-1.77023651112309,-1.10009536501624,0.28468791980387
-1.66369864405145,-1.03469254388478,0.271950675123331
-1.55308708753121,-0.966065314011307,0.257041457192258
-1.43899509390362,-0.894505505581802,0.239259441678471
-1.32202505941151,-0.820370901457456,0.217963788072902
-1.20273983365535,-0.744045552300473,0.192716809250449
-1.08162621328384,-0.665897253842627,0.163384539950465
-0.959077881973359,-0.586242775846474,0.130179192973339
-0.835399178202149,-0.505327400892985,0.0936453883515728
-0.710825418268362,-0.42332030724271,0.0546047461671083
-0.585552897755059,-0.340323472072326,0.0140782083153108
-0.459771443430893,-0.256389844830682,-0.0267968229501469
-0.333693879578902,-0.171546515980734,-0.0668434014565113
-0.207578818844408,-0.0858195580430269,-0.104911223771302
-0.0817446852939437,0.000741944968346676,-0.139931954882198
0.0434257175589076,0.0880445488400618,-0.170965740449922
0.167489908959562,0.175933675554897,-0.19724093107376
0.289958498008129,0.264183476859638,-0.218187605899762
0.410313858184115,0.352495441896769,-0.233463510566561
0.528031606368794,0.440507300005286,-0.242969493444419
0.64260125166411,0.527812376566685,-0.246850866165153
0.753542597363132,0.613987518035522,-0.245481723203495
0.860415471043573,0.698625347276481,-0.239430862769249
0.962821959018782,0.781364678758874,-0.229410347786593
1.06040221914765,0.861912174698645,-0.216210521086335
1.15282638131988,0.940048956546852,-0.200627827406428
1.23978628428042,1.01561854408869,-0.183393595801271
1.32099100217645,1.08849657323128,-0.165112188170205
1.39616938885245,1.15854815460827,-0.146215525729144
1.46508077282782,1.22558425438216,-0.126938320007347
1.52753161843782,1.28933179121002,-0.107315247206375
1.58339279688418,1.3494303346393,-0.0871987914086285
1.63261093066208,1.40545973118869,-0.0662952676920954
1.67520936630079,1.45699054461832,-0.0442169689972517
1.71127886971818,1.50363988740231,-0.0205499828450496
1.74096172214928,1.5451143452975,0.00506173409525504
1.76443459998839,1.58123008802347,0.0328174529969665
1.78189333827412,1.61191013259027,0.0626541661455439
1.79354045888794,1.63716598627867,0.0941531236343566
1.79957453203075,1.65707227751896,0.126486457223974
1.80018066438073,1.67174112983269,0.158433277624665
1.79552312522137,1.68130075767413,0.18848232626552
1.78574188456341,1.68588048952277,0.215012914180155
1.7709544081036,1.6856028427607,0.23651715476828
1.75126271302265,1.68058209948004,0.251809237343065
1.7267636321258,1.67092716861784,0.260171724733536
1.69755944817413,1.65674563111459,0.261412291752027
1.66376570894748,1.63814514896029,0.255833633570262
1.62551429739117,1.61522952376143,0.244140643405808
1.58295219332125,1.58808944912066,0.227316138854667
1.53623985980252,1.55679238070082,0.206491953760246
1.48555345637846,1.52137732700407,0.182831987312886
1.43109205051994,1.48185814463627,0.157433879615186
1.37308571694202,1.43823368463046,0.131249927870363
1.31179887339353,1.39050068422304,0.105027022008694
1.24752676277155,1.33866725966913,0.0792680065426155
1.18058664058862,1.28276659685847,0.054219377543267
1.11130676108898,1.22287002130997,0.0298901596606111
1.04001549324504,1.15909670495051,0.00610297083555562
0.967031984615112,1.09161611832052,-0.0174281789560485
0.892659911315839,1.02064190126016,-0.0410056560819215
0.817185734944498,0.94641800384419,-0.0648584720242754
0.740882101982836,0.869200773681616,-0.0890717161064552
0.66401608986406,0.789241544575159,-0.1135467099698
0.586860667000227,0.706773262727887,-0.137995339992675
0.509707262859435,0.622003264518088,-0.161964018869466
0.432877030496957,0.535112643567731,-0.184877349231781
0.35672845131329,0.446261950610125,-0.20608983604673
0.281658875322129,0.355603265406609,-0.22493541855465
0.208097361044327,0.26329981106073,-0.240767886263524
0.136485844703973,0.169555236235237,-0.252989028392522
0.0672462788736362,0.0746542419128015,-0.261064771705523
0.000734436565041206,-0.0209876736025427,-0.264532171153288
-0.0628119810730335,-0.116776282663311,-0.263001744316215
-0.123313405807106,-0.211914442856189,-0.256160245582998
-0.18085295710615,-0.305428055045392,-0.243778391827271
-0.235629900816251,-0.396254702822198,-0.225726396379366
-0.287871798834379,-0.483375123445625,-0.201998150558905
-0.337741865040383,-0.565938666854026,-0.172743006577021
-0.385281502867752,-0.643335675796834,-0.138302052525015
-0.430403620167228,-0.715202386871644,-0.0992425295777342
-0.472922930350531,-0.781378174484836,-0.0563799628144427
-0.51259815121687,-0.841846197040384,-0.0107751021219736
-0.549168611459839,-0.896678744209095,0.0363051908628491
-0.582380658624892,-0.945994352581748,0.0834663407288136
-0.612006763139389,-0.989925865374694,0.129295815453436
-0.637860817237921,-1.02859757711379,0.172486100732564
-0.659810428715797,-1.06211123626708,0.211948091084818
-0.677784745328114,-1.09054162366867,0.246895018745128
-0.691776071073906,-1.11394171261427,0.276885630180968
-0.70183482420751,-1.13235579167992,0.301825025336658
-0.708059080476658,-1.1458375726383,0.321928230815746
-0.710580977823906,-1.15446951933082,0.337653649513184
-0.709552483557687,-1.15837946576507,0.349612570226175
-0.705132856480908,-1.15775104091326,0.35846013594035
-0.697479738505475,-1.1528252121505,0.364775196272137
-0.686745282191886,-1.14389164423796,0.368942008161812
-0.673077843465949,-1.13127059196989,0.3710537093248
-0.656628420891138,-1.11528845596448,0.370861464216056
-0.637559388900417,-1.09625210021569,0.367789303696021
-0.61605183067075,-1.07442757216348,0.361020842724591
-0.592307880222159,-1.05002764582913,0.349643740003964
-0.566546138547117,-1.02320980425376,0.332819378055271
-0.538990563929426,-0.994082623262117,0.309937591457222
-0.509855721658309,-0.962716654723554,0.280723435566085
-0.47933283065325,-0.92915613071585,0.245280760577963
-0.44758052638078,-0.893429970422923,0.204076752818407
-0.414724034487464,-0.855563719423336,0.157885169640045
-0.380862904228073,-0.81559346068999,0.107708906804077
-0.346083182014858,-0.773577197672584,0.0546976201330605
-0.310467213770558,-0.729594123420574,7.00028271158198e-05
-0.274100669156631,-0.683733998982765,-0.0549512776896338
-0.237082158459537,-0.636091587234908,-0.109187904976627
-0.199534563346467,-0.586768935250534,-0.161540935578054
-0.161612876787372,-0.535877324037857,-0.21101710558128
-0.123506871519986,-0.483536540531466,-0.256748299289562
-0.085439187679825,-0.429873375224886,-0.298004933197559
-0.0476598015847286,-0.375021292294343,-0.334203799582892
-0.0104380107340047,-0.319122479517912,-0.36491098097657
0.0259467532598105,-0.262332444521439,-0.389840469592715
0.0612137157967209,-0.204826916900414,-0.408849365720992
0.0950877111759616,-0.146810198675749,-0.421930471873826
0.127303328003056,-0.0885234391733016,-0.429202441721567
0.157606020665023,-0.0302509258716106,-0.430896706515156
0.185750507219756,0.027677473430666,-0.427339390547802
0.211497727852154,0.0848892368486737,-0.418926467836606
0.234611404978848,0.140977683461974,-0.406091374004972
0.254855578032867,0.195515102099192,-0.389266306291764
0.271994246338752,0.248068408108653,-0.368840566634792
0.285794080700273,0.298214747803412,-0.345120483882918
0.296031040490343,0.345554783015546,-0.318295598476029
0.302501512662709,0.389722280766934,-0.288415242489266
0.30503817153458,0.430389656323843,-0.255379545885549
0.303530023097411,0.467269883039404,-0.218950003410429
0.297944841786738,0.500115426583418,-0.178786614244926
0.288350506707069,0.528714957860337,-0.134519611823315
0.2749295540086,0.552888965332604,-0.085861000946988
0.257979201278308,0.572486737651118,-0.0327519780696276
0.237888475911714,0.587389028164052,0.0244737828138304
0.215087760300961,0.597520928857638,0.0849502439029987
0.189977008512714,0.602874592360865,0.14721529759917
0.16285550732287,0.603531079724082,0.209272009455461
0.133886840650874,0.599662712528594,0.268793691435839
0.103121767547152,0.591504415795288,0.323440078305469
0.0705686985849545,0.579304595935933,0.371201000144697
0.0362717957461573,0.563283146220739,0.410665848402242
0.000356926233652474,0.543618296629345,0.441147884758052
-0.0369678553326328,0.520462474936305,0.462653439055759
-0.0754441216555884,0.493971329581561,0.475738843778728
-0.114804848405161,0.464329132339001,0.481317602737703
-0.154809285468271,0.431761855322237,0.480469657789002
-0.195263493919855,0.39653713533105,0.474281616427501
-0.236025834429295,0.3589544420287,0.463727079805907
-0.276999769312007,0.319329716377766,0.449585824140635
-0.318117421718624,0.277978361740733,0.432398318818023
-0.359317922958402,0.235199749374329,0.412453603435099
-0.400525122549535,0.191265555117393,0.389809765134579
-0.441629477346817,0.146413294760331,0.364344965650206
-0.482478186216328,0.100845217428936,0.335832813766123
-0.522875808249229,0.0547316277316017,0.304030852034471
-0.562594866092099,0.00821690910703904,0.268767328662406
-0.601393344685389,-0.0385736016508509,0.230011524250923
-0.639034099914088,-0.0855272828821984,0.187916823974513
-0.675300827491353,-0.132538890020011,0.142832475669631
-0.710005317183647,-0.179505562433873,0.0952868235832643
-0.742982827264852,-0.22632054080108,0.0459507208934711
-0.774078571284949,-0.272864584308942,-0.00440687185646563
-0.803142499690232,-0.318999150472311,-0.0549603419173648
-0.83005263958851,-0.364571186359381,-0.10486415295175
-0.854738679933141,-0.409424307224431,-0.153289068925825
-0.87715518792886,-0.453393460650999,-0.199449372683242
-0.897236669237356,-0.496287321216377,-0.242612499315556
-0.914888148363512,-0.537882987235939,-0.282101018240179
-0.930000062258025,-0.577933910141044,-0.317295279292204
-0.942459802228329,-0.616179200380557,-0.347635387209639
-0.952152106534297,-0.652348808442252,-0.372621082448822
-0.958952800344127,-0.686165710229801,-0.391811784844134
-0.962721069936894,-0.717347681783055,-0.404830703150382
-0.963293513036043,-0.74561075346463,-0.411376668795103
-0.960481233067301,-0.770675329771817,-0.411245754335484
-0.954069906487797,-0.792274848319553,-0.404362174025924
-0.943822610700836,-0.810166372738899,-0.390814933359926
-0.929485089403156,-0.824141903170053,-0.37089323055113
-0.910793987267562,-0.834038592562796,-0.345110835468404
-0.887489240491104,-0.839745315272474,-0.31420864280021
-0.859333434548318,-0.841201458842244,-0.279126608314558
-0.826140840245595,-0.838383632594207,-0.240941990692489
-0.787815623633394,-0.831278715798919,-0.200779207112825
-0.744390386574692,-0.819849682112654,-0.159705062796024
-0.696046168453235,-0.804010189002836,-0.118627999674394
-0.643095010131077,-0.783626025097902,-0.0782194880642194
-0.585923693768799,-0.758548662051208,-0.0388707764115864
-0.524921894973266,-0.728666100176336,-0.00069226590662657
-0.460427643421655,-0.693947089344418,0.0364419937427939
-0.392709825540846,-0.654463153164744,0.0728065669312599
-0.321986348956761,-0.61038770279376,0.108701560253539
-0.24846379450313,-0.561980047288558,0.144310739395036
-0.172382410555765,-0.509562373295028,0.179567136819933
-0.0940532090203375,-0.453494928504222,0.214059377071108
-0.0138773874027018,-0.394152666969927,0.247010205793482
0.0676576186240768,-0.331906075068219,0.277343940296585
0.150005309905026,-0.267108305672275,0.303833481647329
0.232603402375075,-0.200089374078428,0.325290270562273
0.314920943915973,-0.131156246365633,0.340745841698968
0.396496552045848,-0.0605964123025946,0.34957956693023
0.476959559923577,0.0113175324399503,0.351569779440266
0.556032616226608,0.084323901034586,0.346872063969261
0.633519873847911,0.158169096033343,0.335946988534694
0.709287291791125,0.232605872574397,0.319465144083775
0.783241068955429,0.30739235223069,0.298212881285802
0.855308133896739,0.382291446079439,0.273013217655378
0.925420552431009,0.457070443190912,0.244667910614332
0.993504115521633,0.531500586982738,0.213920697248612
1.05947081896265,0.60535662035904,0.181438644270516
1.12321489347136,0.678416463676948,0.147807469335662
1.18461202018591,0.750461241047376,0.113536683587467
1.24352152254121,0.821275934337063,0.0790709154764771
1.29979072885118,0.890650541881162,0.0448042800160653
1.35326019273793,0.958381176630493,0.0110952640720565
1.40376791192354,1.02427000897728,-0.0217197939772455
1.45115019694101,1.08812260327236,-0.0533158908879323
1.49523981877187,1.14974278614291,-0.083371855332133
1.53586382430096,1.20892719684594,-0.111566471950263
1.57284559661303,1.26546322299511,-0.137578513202528
1.60601350699361,1.31913285554315,-0.161090731840963
1.63521040247581,1.36971854329081,-0.181796971071001
1.66029566000469,1.41700432816397,-0.199410616670114
1.68113702232903,1.46076925654191,-0.213672723050415
1.69760096907815,1.50077965868795,-0.224359560776516
1.70955196136998,1.53678911784057,-0.231290138325781
1.71686089985538,1.56854704173396,-0.234333423480005
1.71941378614381,1.59580835600859,-0.233413885025997
1.71711317079171,1.61833738059822,-0.228514255963199
1.70987364018459,1.63590650449164,-0.219675877992706
1.69761778671913,1.64829520221044,-0.206997800097006
1.68027691820698,1.65529346402551,-0.190635456904566
1.65779533348753,1.65670878359699,-0.170798948872488
1.63013450617795,1.65237326850083,-0.147750709504657
1.59727479174535,1.64214836912954,-0.121802672603289
1.55921476462207,1.62592701729269,-0.0933133904526411
1.51597029921474,1.60363501902416,-0.0626855402365134
1.46757488904809,1.57523307018082,-0.0303638045210723
1.41408158889426,1.54071971979831,0.00316734890690065
1.35556589953387,1.50013450366272,0.0373867426656121
1.29212861328051,1.45356007739511,0.0717411896630522
1.22389800044403,1.4011224497687,0.105652398860468
1.15103163325591,1.34298930214145,0.138526408419762
1.07371832085117,1.27936650417746,0.169765548537529
0.992180726619347,1.21049306066591,0.198782563797227
0.906679017496478,1.13663473544974,0.225016153080982
0.817515320536035,1.05807663872,0.247946865198753
0.725038015785318,0.975115436082662,0.267112120599412
0.629644031724844,0.888052364812239,0.282119178826383
0.531776681813645,0.797188534097244,0.292655142624977
0.431916873372197,0.702823703613112,0.298493559457854
0.330567115240083,0.605258628312306,0.299497714241567
0.228230117284755,0.504799491759589,0.295621096246956
0.125386678847585,0.401762245112433,0.286905794541915
0.0224773596781375,0.296474688582373,0.273479446085627
-0.0801083428227886,0.189275333331238,0.255551054306847
-0.182034659428768,0.0805095308550391,0.233405724675216
-0.283015612496195,-0.0294758167184751,0.207398165882208
-0.382807096807697,-0.140337423391819,0.177944932170229
-0.481197476002703,-0.251739584315376,0.145515522231802
-0.577998449865634,-0.363356428113391,0.110622672684371
-0.673037108824545,-0.474872467065381,0.0738122490312258
-0.766149535390402,-0.585981777975873,0.035653152744867
-0.857175908189816,-0.696386245206982,-0.00327245473996016
-0.94595698509071,-0.805793325549292,-0.0423784047317694
-1.03233180072033,-0.913913736178441,-0.0810831703698493
-1.11613624536083,-1.0204592287506,-0.11881791212433
-1.19720233301259,-1.12514059453423,-0.155033937664004
-1.27535782506291,-1.22766580283909,-0.189209595807249
-1.35042591665921,-1.32773824381454,-0.220856580434708
-1.42222535989927,-1.42505527634306,-0.249525714213936
-1.49057092838617,-1.51930732874278,-0.274812176459357
-1.55527462578925,-1.61017789759026,-0.296360214338833
-1.61614769255433,-1.69734461888602,-0.313867273066817
-1.67300276026247,-1.78048082354535,-0.327087312582412
-1.7256559290794,-1.85925737492122,-0.335833113815436
-1.77392855196305,-1.9333445904943,-0.339977387841296
-1.81764902498172,-2.00241458555056,-0.339452624335249
-1.85665471622762,-2.06614441652681,-0.334249669911264
-1.8907942713491,-2.1242201023338,-0.324415047109455
-1.91992908648351,-2.17634060198808,-0.310047021520268
-1.94393393264154,-2.22222156825111,-0.291290777337787
-1.96269646271225,-2.26159846312562,-0.268333282890593
-1.97611569699747,-2.2942287558343,-0.2413987046861
-1.98410064373367,-2.31989383175349,-0.2107454782082
-1.98656980221336,-2.3384004925516,-0.176665984223042
-1.98345231387756,-2.3495818067942,-0.139489477672327
-1.97469181272289,-2.3532976622344,-0.0995883500335804
-1.960253277974,-2.34943532141212,-0.057386869343041
-1.9401325669859,-2.33791084789207,-0.0133704942313905
-1.91436709861514,-2.31867218224859,0.0319071353435501
-1.88304510302958,-2.29170406817329,0.0778229522529633
-1.84631063982221,-2.25703422638812,0.123692069666116
-1.80436222943511,-2.21473917560926,0.168785976569162
-1.7574447886239,-2.16494800149877,0.212360731307561
-1.7058360373666,-2.1078422582183,0.253691736673198
-1.6498303878375,-2.04365170488225,0.292109295660865
-1.58972327234655,-1.97264612616906,0.327027989513591
-1.52579914718223,-1.89512540725524,0.357963869442934
-1.45832509727097,-1.81141029245083,0.384536270427748
-1.3875505790627,-1.72183607961639,0.406455073148984
-1.31371255666947,-1.62675071831019,0.423498249660192
-1.2370437650269,-1.52651685819925,0.435487074820125
-1.15778130823186,-1.42151604034882,0.442266845805504
-1.07617302907187,-1.31215247894693,0.443699139669936
-0.992479582042513,-1.19885353063754,0.439667937797687
-0.90697174307135,-1.08206533782236,0.430097860980337
-0.81992382405284,-0.962243688037258,0.41497931201888
-0.731605117837432,-0.839841766145899,0.394393682585287
-0.642271715186141,-0.71529751285855,0.368532307270168
-0.552160530234332,-0.589023155715809,0.337704986518806
-0.461486636595407,-0.461398816917571,0.302336913288339
-0.370443822430304,-0.332770649585738,0.262955373739393
-0.279207990324911,-0.203453369869033,0.220169561060989
-0.187942145261079,-0.0737357724391905,0.174647063181441
-0.0968019999597238,0.0561120669625526,0.127090323542072
-0.00594137331533905,0.185831123752331,0.0782153689259453
0.0844830757981677,0.31516610900949,0.028734058605746
0.174307944501737,0.443858908581995,-0.0206598444760459
0.263360035008099,0.571642908168733,-0.0693009727990472
0.351454021671702,0.698238909259526,-0.116559807204568
0.438391889516396,0.8233534833269,-0.161848382058064
0.523963848542838,0.946679883001514,-0.204625135367127
0.607949755868473,1.06789923104022,-0.244399048638576
0.6901196649697,1.1866800131327,-0.280732749944052
0.770233413203713,1.30267603760314,-0.313244641187366
0.848041016212851,1.41552593521432,-0.341610830296204
0.923284754856531,1.52485538439871,-0.365567210908416
0.995702466716074,1.63028094775344,-0.384911330500978
1.06503064843399,1.73141302943771,-0.399503300417922
1.13100722386947,1.82785762044405,-0.409265579967919
1.19337451735923,1.91921757059303,-0.414181814671011
1.2518833220744,2.00509466433643,-0.414295074200844
1.30629857189606,2.08509319398963,-0.409705704307641
1.35640619886709,2.15882435967535,-0.400568737734959
1.40202059778822,2.22591079183734,-0.387090857617877
1.44299244394504,2.28599129894145,-0.369527050659493
1.47921674990451,2.33872649485089,-0.348177038027684
1.51064088923362,2.38380603574592,-0.323381316336184
1.53727209767847,2.42095809284646,-0.295516309385183
1.55918324131624,2.44996057167598,-0.264987748023855
1.57651542942144,2.47065296608473,-0.23222136829379
1.58947628609485,2.48294745803281,-0.197650408417331
1.59833326228139,2.48683781949705,-0.161700218273287
1.6034017158841,2.48240415150265,-0.124771458294524
1.60502870143726,2.46981253307819,-0.0872247578291915
1.60357384068162,2.44930892974946,-0.0493706353734123
1.59938918033387,2.42120782098214,-0.0114685714194592
1.59280041487881,2.38587764670403,0.0262621393259619
1.58409150268182,2.34372587440038,0.0636198313429149
1.57349415153641,2.29518677809949,0.100389846608561
1.56118247952985,2.24071382686027,0.136312848685938
1.54727224323353,2.18077701600713,0.171060909550203
1.5318230829228,2.1158631924525,0.204229456739846
1.51484216114256,2.04647617869844,0.235349635579461
1.49628792395195,1.97313318171841,0.263920194254049
1.47607364384965,1.89635527485812,0.289452458699448
1.45407132941007,1.81665195401126,0.311518304255665
1.43011709248177,1.73450202738746,0.329790513445304
1.40401878403076,1.65033433981996,0.344067482439075
1.37556631591042,1.56451232921727,0.35427885103686
1.34454409383518,1.47732517532039,0.36047341345097
1.31074423983268,1.38898650670172,0.362794239054765
1.27397925386858,1.29964018508555,0.361447657743239
1.23409262554171,1.20937110001887,0.356672456716838
1.19096664946662,1.11821871997878,0.348714157020508
1.14452699580674,1.02619100868143,0.337807019798697
1.09474443227418,0.933277257247631,0.324164454436855
1.04163419400669,0.839458858069816,0.307976840026552
0.985253590251725,0.744717671043452,0.289414819254799
0.925698742159542,0.649042379625148,0.268635926948225
0.863100713502456,0.552433014006711,0.245792444162522
0.797621430643453,0.454904151095719,0.221038930568871
0.729449523510865,0.356487147851194,0.194538428690102
0.658796131308217,0.257231684958681,0.166466879346632
0.585890709413223,0.157206830043242,0.137015726811325
0.510976923036384,0.0565017688398725,0.106392987955662
0.434308646694786,-0.0447737739466021,0.0748231745686577
0.356146018484064,-0.146489475774309,0.0425464631399487
0.276751624621862,-0.248494761067646,0.00981748592413678
0.196386717310981,-0.350619643273188,-0.023096017159415
0.115307477867941,-0.452676083509603,-0.0559145267471776
0.0337613853610845,-0.554459856114568,-0.0883480014972003
-0.0480162136580701,-0.655752906635589,-0.120097132705525
-0.129805211563919,-0.756326230092221,-0.150854793673537
-0.211403392841755,-0.855943264691479,-0.180307999271486
-0.292628446338223,-0.954363804415617,-0.208140792245537
-0.373319114745216,-1.05134844223318,-0.234038544678693
-0.453335138978573,-1.14666321259102,-0.257694101214161
-0.532555672125231,-1.24008433007655,-0.27881614997229
-0.610875731640579,-1.33140236663437,-0.297139885079551
-0.688200503099702,-1.42042557755831,-0.312439749378065
-0.764437433524913,-1.50698172168066,-0.324543465251461
-0.83948647424483,-1.59091796330578,-0.333345996017876
-0.913229127591,-1.67209828285462,-0.338821395791844
-0.985517431117292,-1.75039817858141,-0.341030031375533
-1.05616423731402,-1.82569654275213,-0.340118386413134
-1.1249363368115,-1.89786509704313,-0.33630886836576
-1.191551853438,-1.96675621350009,-0.329877715312378
-1.25568297704254,-2.0321904646431,-0.321120260000292
-1.31696443548799,-2.09394561867485,-0.310304319887914
-1.37500747685379,-2.1517494187021,-0.297614299637021
-1.42941821713256,-2.20527863614911,-0.283090591875068
-1.4798183722684,-2.25416703678918,-0.26657133272192
-1.52586559376133,-2.29802469252434,-0.247646819158197
-1.56727001393956,-2.33647015863497,-0.225641113105372
-1.60380290268421,-2.36917389392437,-0.199639831552149
-1.63529438269664,-2.39590733777375,-0.168585702545056
-1.66161929481403,-2.41658546292158,-0.131459065929946
-1.68267521886965,-2.43128578636393,-0.0875427095377128
-1.69836197301517,-2.44022656659284,-0.0367346437266552
-1.70857485592087,-2.44369721837938,0.0201753014137696
-1.71321949581943,-2.44195434066346,0.0813844390028227
-1.71224424806345,-2.43511921520916,0.144215958174668
-1.7056727332035,-2.42312012702458,0.205534050626781
-1.6936160454885,-2.40570559329207,0.262323510786064
-1.67625540379001,-2.3825198670685,0.312233882871455
-1.65380405066911,-2.35320457402216,0.353906643047668
-1.62646746310593,-2.31748625933154,0.387014081046293
-1.5944175380539,-2.27522551057726,0.412060836347705
-1.55778575562401,-2.22642442460194,0.430064640695404
-1.51667164070043,-2.17120388118838,0.442230290315605
-1.47116065962736,-2.10976838403542,0.449690510905548
-1.42134653268557,-2.04237397169553,0.453342529862734
-1.36735383898114,-1.96930764816884,0.453777361201031
-1.30935579553514,-1.89087748589663,0.451282259377248
-1.24758185466114,-1.80740669560122,0.445891679589124
-1.18231272801379,-1.71922591652856,0.437463840153367
-1.1138650355505,-1.62666278812316,0.425764728199692
-1.04257190232589,-1.53003302568364,0.410547019550369
-0.968766182341456,-1.42963777857156,0.391616214888347
-0.892769926676571,-1.32576835674205,0.368879894184519
-0.814889383891731,-1.21871431736017,0.342378480528832
-0.735412271905798,-1.1087685097221,0.31229796035
-0.654605172432885,-0.99622552534018,0.278967297531081
-0.572711006754997,-0.881374081907052,0.242844795281455
-0.4899488642096,-0.764488033248628,0.204498203717902
-0.40651850989853,-0.645821217266382,0.164582044780941
-0.322609101562004,-0.525607583900232,0.123812763046688
-0.238408678648885,-0.404063313285675,0.0829394204447806
-0.154110993203003,-0.281387686283389,0.0427074133607244
-0.0699182611431998,-0.157762230632094,0.00381457741038267
0.0139575509253176,-0.0333538696681871,-0.0331370551721574
0.0972932959401029,0.0916741415514017,-0.0676882719538163
0.179853905429801,0.217144708748681,-0.0995612486972526
0.261394749982251,0.342848834487535,-0.128681515939047
0.341667650236005,0.468532641591944,-0.15517554291453
0.420428251447486,0.593891801279894,-0.179339835935125
0.497441150829221,0.718572996877014,-0.201584622192573
0.572480230655621,0.842180117930168,-0.222362973472802
0.645323725272565,0.964282404788674,-0.242101101875897
0.715746000235611,1.08442191782699,-0.261144885828536
0.783509628783063,1.20211875572416,-0.279731698365882
0.848361318060406,1.31687296057497,-0.297987630100763
0.91003363170448,1.42816189184335,-0.315941655253659
0.968253508574867,1.53543272841084,-0.333543056162666
1.0227574663658,1.63809043653342,-0.350666749398643
1.07331370715684,1.73548456543338,-0.36709311690819
1.11975148782709,1.82690199245836,-0.3824532859799
1.16199648921098,1.9115758545324,-0.396137227196052
1.2001072566155,1.98872340446023,-0.407171692573223
1.23430172204362,2.05762558860918,-0.414089712108245
1.26495690300876,2.11775816904692,-0.414835321163816
1.29256249083316,2.16897385517529,-0.406775589976298
1.31761485597356,2.21171019990083,-0.386918129421142
1.3404574195433,2.24715636788644,-0.352432619192126
1.36110743204189,2.2772670021159,-0.301508585618945
1.37914508697501,2.30450317558778,-0.234409124570386
1.39374801044475,2.33126359283895,-0.154325660305182
1.40390189269545,2.35915505813431,-0.0674686688430253
1.4087163989885,2.3884323698449,0.0179888503856613
1.40769674692689,2.41792430121047,0.0938874720861269
1.40084342835555,2.44549205139547,0.154113127451081
1.38856577920892,2.46875229719969,0.195760216250652
1.37149947460399,2.48571128088172,0.219095599094687
1.35033515421005,2.49511371088711,0.226677725138969
1.32571005044942,2.49650798453369,0.222246623905205
1.29815159251136,2.49012354810467,0.209840331626848
1.26803672492208,2.47666066638186,0.193300396762714
1.23554367408619,2.4570695894376,0.176113085000235
1.20059967256803,2.43237016807203,0.161436227443627
1.16284602754422,2.4035280227837,0.152147036535539
1.12164595210363,2.37136282608684,0.150775383914549
1.07616051260959,2.33644639101806,0.159245432543322
1.02551415362661,2.29897315421155,0.17843608260309
0.969050443191027,2.25864695983909,0.207687287823307
0.906624286868862,2.21467552739562,0.244494483219872
0.838808600473353,2.1659450728201,0.284663609264873
0.766879261901348,2.11134736273612,0.323050596553451
0.692538163306619,2.05011939746908,0.354699802375144
0.617491535685975,1.98203642557209,0.375934075804929
0.543083163029001,1.90739480385192,0.384966358525985
0.470120819837655,1.82684237874087,0.381887584967356
0.398903710989297,1.74116602016648,0.368193680901794
0.329370670902275,1.65112249689099,0.346143357625187
0.261277425765586,1.5573475604943,0.31818489350321
0.19434286339222,1.46033532858501,0.286564592605056
0.12834100177544,1.36045895354714,0.253124915242576
0.0631404065949744,1.25800081899012,0.21924691371955
-0.00129430876680818,1.15317238391573,0.185880629617095
-0.0649208178948259,1.04612024882332,0.153617617399434
-0.127642145179818,0.936927726376745,0.122775702482607
-0.189325963293501,0.825623493078306,0.093479155856823
-0.249818181225587,0.712202403379429,0.065726019598957
-0.308952867620619,0.596654032996383,0.0394394019305341
-0.366560359799841,0.478989886774805,0.01450299358117
-0.422473724291057,0.359261685659175,-0.00921679477439856
-0.47653222616371,0.237569213196194,-0.0318585316955422
-0.528580971532312,0.114061207475449,-0.0535598382624423
-0.57846748177236,-0.0110662746275493,-0.0744552532501905
-0.626037532806677,-0.137571613920765,-0.0946762952871749
-0.671132923561269,-0.265170173546129,-0.114352724404691
-0.713592405659694,-0.393540031331823,-0.133613927015028
-0.753254865417857,-0.522332661543579,-0.152588732593527
-0.789962587248505,-0.651187773170553,-0.171401064724415
-0.823561385963804,-0.77974929535759,-0.190157994195142
-0.853896006243049,-0.907678177545861,-0.208926327417899
-0.880801244700101,-1.03465841629434,-0.227694134533135
-0.904092183610646,-1.16039508404918,-0.246315205149795
-0.923558402115739,-1.28460491883568,-0.264437797565806
-0.93896694042062,-1.40700002756238,-0.281425135180293
-0.95007747245903,-1.52726387012687,-0.296284496051515
-0.956670897726833,-1.64501764038603,-0.30763362387274
-0.95859049288232,-1.75977833465597,-0.31374436663283
-0.955792082615245,-1.87091837507477,-0.312706759660476
-0.948395131547855,-1.97764758050304,-0.302741856477499
-0.936719899604167,-2.0790436765023,-0.282648839125648
-0.921290434776257,-2.17414955170325,-0.25230146511727
-0.902784486491319,-2.26212762682638,-0.21303211143826
-0.881927097938403,-2.34242454788592,-0.167708373323854
-0.859351981002356,-2.41487458912483,-0.120373746000581
-0.835478439559651,-2.47968405628719,-0.075498780227965
-0.810451307699741,-2.53729569073247,-0.0370852403523965
-0.784161106308592,-2.58819361694785,-0.00794318196699526
-0.75632301646448,-2.63273131772848,0.010644287911776
-0.726573697462232,-2.67103572162851,0.0188590571314219
-0.694552494970152,-2.70299061944015,0.0180394454449063
-0.659955829629412,-2.72827262381296,0.0103144438773092
-0.622572285218681,-2.74641072147104,-0.00168809715210262
-0.582313591375706,-2.75685596552851,-0.0150200895499224
-0.539252727571791,-2.75906098369756,-0.0265193413639139
-0.493669008092638,-2.75257379454013,-0.0329340515200323
-0.446084603436612,-2.73714574777333,-0.0311701698461303
-0.397262499463223,-2.71284262425399,-0.0187319047775904
-0.348131140595957,-2.68013036391317,0.00567146480685738
-0.29962043882631,-2.63989021320739,0.0415309248329972
-0.252443846573907,-2.59331851262271,0.0862642274785333
-0.206917810400837,-2.5417051190372,0.13554208192198
-0.162918006312158,-2.48615330770815,0.184222899131306
-0.120001409282806,-2.42735307707614,0.227544821093894
-0.0776244803703181,-2.36549879424402,0.262075869239018
-0.0353460568860703,-2.30036462282018,0.286112803152623
0.00705902476497673,-2.23147804458704,0.299549237447672
0.0495839078972579,-2.15830808137613,0.303438673492379
0.0920376006888556,-2.08040745095099,0.299488549049478
0.134115560622635,-1.99748669026263,0.289630687176282
0.175463966695593,-1.90943040424082,0.275721704261749
0.215724874651439,-1.81628018656644,0.259371221117382
0.254561487573542,-1.71820692721374,0.241871451632992
0.291668659435881,-1.61548517585922,0.224195396616845
0.326774644790485,-1.50847144177925,0.207033159872142
0.35963855152023,-1.39758350215494,0.190842426596954
0.390045978486889,-1.28327780474274,0.175896997491304
0.417804297893617,-1.16602579587698,0.162324921867568
0.442738799006031,-1.04629250327588,0.15013392753718
0.464690990034877,-0.924521173295684,0.13922628003571
0.483520117379398,-0.801126042775217,0.129407886243243
0.499108115466043,-0.676492638981698,0.120397468298638
0.511367042458718,-0.550983015963792,0.111841088817832
0.520247035140598,-0.424942614359559,0.103335352773404
0.525742247534806,-0.298705773386546,0.0944596598773534
0.527892725918214,-0.172598412386888,0.0848148634232254
0.526781241240416,-0.0469376959314887,0.0740634521547024
0.522525518803017,0.0779704965340531,0.0619656605415606
0.515267743151168,0.201834982511468,0.0484068328961566
0.505163817019972,0.324382464318682,0.0334132255865657
0.492374957875088,0.445359738919371,0.0171554129009277
0.47706329529448,0.564534464655608,-6.03269206762469e-05
0.459392101115305,0.681693965950843,-0.017812006835582
0.439529787829432,0.796640981710446,-0.035593183831415
0.417655991429035,0.90918490754301,-0.052855880012515
0.393967605118499,1.01912762866797,-0.0690654110648143
0.3686826681631,1.12624515779207,-0.0837657658370658
0.342040139622597,1.23026931039387,-0.0966507762602131
0.314293969543812,1.33087645308848,-0.107631423689339
0.285700419720031,1.42769017838965,-0.11688470232661
0.256499016015775,1.52030122648914,-0.124867249010398
0.226889696147969,1.60830220774189,-0.132280371271423
0.197010680149058,1.69132894160686,-0.139983054298069
0.166922286450773,1.76909807622471,-0.148863175162376
0.136600621593399,1.84143314132904,-0.159688483173345
0.105942348546997,1.90827609328646,-0.172962323741707
0.0747791807825814,1.96968403435456,-0.188803443078441
0.0429002071973224,2.02581153234021,-0.206859098376368
0.010081579855936,2.07687580304698,-0.226252932888868
-0.0238744119608133,2.12310263019562,-0.245569413572968
-0.0590878686360737,2.16465553721271,-0.262886079116237
-0.0955371008303261,2.20155750844748,-0.275879434070361
-0.132988881361596,2.23362147250916,-0.282041332468174
-0.170941462796482,2.26040999698935,-0.279037081172102
-0.208609589675123,2.28124915038366,-0.26520034436667
-0.244983189605356,2.29531905528265,-0.24008565335092
-0.278975079912297,2.30182579245843,-0.204904069865242
-0.309634160693903,2.30022064763387,-0.162610007916717
-0.336354943399581,2.29038815153426,-0.117471203048446
-0.358996969814907,2.27271288294885,-0.0741690933403638
-0.377863699582618,2.24798459125482,-0.0367344909143641
-0.393560187254441,2.21718593125572,-0.00772642297837444
-0.406800204037929,2.18126184006572,0.0120801812182287
-0.41823496401009,2.14095686667362,0.0234994382098568
-0.428342363232292,2.09675241734264,0.0284290429872469
-0.437380789760059,2.04888744613743,0.0292693768750312
-0.445393072338862,1.99742696363002,0.0284309289953414
-0.452242591095841,1.94234611887976,0.0279983101732848
-0.457666990654898,1.88360890812743,0.0295499316950064
-0.461339283467453,1.82123040992891,0.0340994590646994
-0.462928961296825,1.75531797752694,0.0421188043125129
-0.462156580558551,1.68609019998519,0.0536095261583433
