0.0968903103673179,0.306843757954137,0.712898158045058
0.09725542232037,0.306838339227896,0.712686836142361
0.0983508321007435,0.30682215363576,0.712055079851422
0.100176737041276,0.306795410999565,0.711009501642298
0.102733373294169,0.306758454785239,0.709561076120595
0.106020882198339,0.306711752878082,0.707725067263083
0.110039125260807,0.306655885118521,0.705520924793937
0.114787452044652,0.306591528124894,0.702972146836623
0.120264425378281,0.306519438201164,0.700106106041604
0.12646750918317,0.306440433389385,0.696953836179253
0.133392725576581,0.306355375925648,0.693549775927778
0.141034289529331,0.306265156436252,0.689931466479187
0.149384230726767,0.306170681127801,0.686139199954369
0.158432013368247,0.306072862964522,0.68221561645953
0.168164165950243,0.305972617406463,0.678205248682674
0.178563934542548,0.305870862765261,0.674154014294804
0.18961097331841,0.305768524625122,0.670108658614587
0.201281086109649,0.305666543719074,0.6661161523956
0.213546032860292,0.305565885534879,0.662223052043294
0.226373413322723,0.305467550414592,0.658474832498096
0.239726638458654,0.305372582484541,0.654915205725155
0.253564997607457,0.305282075818294,0.651585440122904
0.267843826106794,0.305197176329062,0.648523698152795
0.28251477430199,0.305119078070978,0.6457644107275
0.297526174641133,0.305049012924881,0.64333770728759
0.3128234991598,0.304988233079895,0.641268919876445
0.328349895446324,0.304937986307199,0.639578177824801
0.344046785235838,0.304899484730727,0.638280106937843
0.359854506636919,0.30487386855538,0.637383643413933
0.375712978897309,0.304862166905474,0.63689196835513
0.391562367916531,0.304865258432003,0.636802563969845
0.407343731071354,0.304883834568858,0.637107387801886
0.422999621475999,0.304918368207181,0.637793156850067
0.438474634835022,0.304969090133867,0.638841729603716
0.453715885043713,0.305035974919095,0.640230571009628
0.468673398680383,0.305118737146945,0.641933283308266
0.483300422372658,0.305216838073567,0.643920184569494
0.49755364077458,0.305329501983979,0.646158916583058
0.511393306322494,0.305455741230376,0.648615064311854
0.524783285522067,0.305594388142848,0.65125277071935
0.537691028935267,0.305744131256718,0.654035332671296
0.550087474092986,0.30590355465703,0.656925765940005
0.561946892519883,0.306071177742118,0.659887330251365
0.57324669282865,0.306245493553075,0.662884007986844
0.583967192136736,0.306425003924394,0.665880932808269
0.594091367652398,0.306608250018282,0.668844766787577
0.603604599546192,0.306793837141464,0.671744026567118
0.612494414884987,0.306980453049159,0.674549360476028
0.620750240918041,0.307166879161528,0.677233779457538
0.628363174541647,0.307351994195184,0.679772845189693
0.635325773134551,0.307534769582807,0.682144818887778
0.64163187072757,0.307714255675494,0.684330774209709
0.647276422214007,0.307889557039702,0.686314677384516
0.652255377406517,0.308059794150396,0.688083437341334
0.656565585951371,0.308224047451111,0.689626928208092
0.660204733481551,0.308381278236415,0.690937986136351
0.663171308901266,0.308530219555464,0.692012382015799
0.665464602151248,0.308669230450102,0.692848771225999
0.667084731374765,0.308796110747207,0.693448621225853
0.66803269777929,0.308907885699424,0.693816117435862
0.668310465799785,0.309000596130201,0.693958047628809
0.667921065045562,0.309069174247579,0.693883664819266
0.666868708969538,0.309107537826657,0.693604528391132
0.665158923256165,0.30910905415746,0.693134322702675
0.662798675682077,0.309067437942554,0.692488651695277
0.659796500741928,0.308977919579332,0.691684807811586
0.656162617723452,0.308838268757574,0.690741514999676
0.651909046622433,0.308649229256073,0.68967864865694
0.647049726490842,0.308414213351253,0.688516937967996
0.64160063349722,0.308138488842365,0.687277655772584
0.635579887945915,0.307828253838832,0.68598229907879
0.629007836833696,0.307489890785454,0.684652262051833
0.621907101015823,0.307129497054092,0.683308503871074
0.61430258054998,0.30675265577674,0.681971215561321
0.606221415115206,0.306364365970632,0.680659491540927
0.597692898177997,0.30596905919187,0.679391012724055
0.588748345063799,0.305570653982025,0.678181748659616
0.579420916359563,0.305172620865165,0.67704568637253
0.569745399507966,0.304778044926971,0.675994593387434
0.559757953693169,0.304389681066486,0.675037821932047
0.549495825546324,0.304010000991061,0.674182160421207
0.538997045182101,0.303641232686109,0.673431736995351
0.528300114152336,0.303285393601122,0.672787978277166
0.517443696842074,0.302944318724564,0.672249624593615
0.506466326541386,0.302619684493242,0.671812801075218
0.495406135124504,0.302313029198359,0.671471142331549
0.484300612477865,0.302025770333606,0.67121596705829
0.47318639969467,0.301759219216701,0.671036497978787
0.462099117358263,0.301514593147653,0.67092012184753
0.45107322930497,0.301293025378356,0.670852683819003
0.440141940829851,0.301095573168481,0.670818810160688
0.429337130086272,0.300923224215848,0.67080225306099
0.418689310355079,0.30077690171949,0.670786251117302
0.408227620288445,0.300657468294006,0.670753899019288
0.397979838757325,0.300565728896122,0.67068851997336
0.387972419604758,0.300502432849447,0.670574034558172
0.378230541284929,0.300468274998332,0.670395319950736
0.368778165584519,0.300463895974154,0.670138553796887
0.359638099049754,0.300489881540901,0.669791537380229
0.350832050936238,0.300546761007972,0.669343993150746
0.342380681405877,0.300635004760729,0.668787832059803
0.334303634155832,0.30075502108047,0.668117386490443
0.326619548640713,0.300907152611136,0.667329604882181
0.319346047813723,0.301091673109217,0.666424204386416
0.3124996987059,0.301308785515971,0.665403778116954
0.306095944573844,0.301558622979607,0.664273853798135
0.300149008734285,0.301841255340018,0.66304290089047
0.294671771755884,0.302156704940732,0.661722283684464
0.289675625042305,0.302504977749045,0.660326158436269
0.28517030495735,0.302886119099105,0.658871313432708
0.281163712436782,0.303300308528667,0.657376951992603
0.277661723240013,0.303748015672702,0.655864419869358
0.274667993495025,0.304230248258198,0.654356880343476
0.272183764245239,0.304748927957424,0.652878942488653
0.270207668701266,0.305307408197342,0.651456250347916
0.268735552256313,0.305911040079861,0.650115041971537
0.267760340547546,0.306567390348253,0.648881684266268
0.267272046910489,0.30728520399085,0.647782177527669
0.267258055212863,0.30807109834488,0.646841606763478
0.267703685783741,0.308924718263724,0.646083531819641
0.268592705609534,0.309836083617857,0.64552938789433
0.269907378040523,0.310788036795043,0.645198017545727
0.271628157321205,0.31176144641987,0.645105361487196
0.273733463863459,0.312739016557143,0.645264231468522
0.276199740895903,0.313706537100983,0.645684108737239
0.279001719033173,0.314652647190948,0.646370970599722
0.282112769154786,0.315568197629374,0.647327167104119
0.28550527597834,0.316445688383196,0.648551362693987
0.289151007090869,0.317278880526093,0.650038547696808
0.293021469728076,0.318062552663275,0.651780118358706
0.297088251864784,0.318792351774353,0.653764020964577
0.301323343809952,0.319464699073131,0.655974953790155
0.305699435413958,0.320076725293575,0.658394619450303
0.310190183376247,0.320626220141321,0.661002019327116
0.314770443238289,0.321111587273079,0.663773781116235
0.319416461451303,0.321531800166477,0.666684510189721
0.324106024176304,0.321886356608577,0.669707155457674
0.3288185609969,0.322175230947503,0.672813380740718
0.333535203366383,0.322398824130949,0.675973933371778
0.338238799108906,0.322557912110405,0.679159002720189
0.342913885641707,0.322653593540287,0.682338562570196
0.347546625558709,0.322687237891742,0.685482692604425
0.352124709010478,0.322660435171768,0.688561875711944
0.356637227777911,0.322574948402649,0.691547269289183
0.361074526029783,0.322432669911319,0.694410950039984
0.365428032814995,0.322235582334929,0.697126133188524
0.369690081109971,0.321985725098061,0.699667368280839
0.373853718138165,0.321685166979222,0.702010715104165
0.377912512743946,0.321335985177047,0.70413390515746
0.381860368530067,0.320940250687676,0.706016496061735
0.385691363768476,0.320500017935388,0.707640030331464
0.389399668226531,0.320017310298892,0.708988210619785
0.392979633995265,0.319494079674256,0.710047085477925
0.396426092371978,0.318932114572998,0.710805152890562
0.399734439739672,0.318332946150168,0.711253185281543
0.402899954497067,0.317697886947756,0.711383848703211
0.405916958039004,0.317028166118019,0.711191581771005
0.408778576009996,0.316325011891499,0.710672811558458
0.411476872928339,0.315589672668289,0.709826235329103
0.414003033251656,0.314823422996633,0.708653043477548
0.416347509067154,0.314027575076351,0.707157087359906
0.418500150321859,0.313203499019259,0.705345013878822
0.42045034185967,0.312352651215463,0.703226378834816
0.422187163451232,0.311476609837821,0.700813742337862
0.423699582212828,0.310577116816757,0.698122744640066
0.424976682387621,0.309656125699906,0.695172158027692
0.426007934217334,0.308715854657493,0.691983908964843
0.426783500851587,0.307758843372199,0.688583063504029
0.427294579045456,0.306788011835883,0.684997768172698
0.427533765695029,0.305806718198577,0.681259137937627
0.427495438125098,0.304818811977237,0.677401082584473
0.427176131928286,0.303828678432194,0.673460063130098
0.426574896865099,0.302841270224358,0.669474771242299
0.425693609916511,0.301862123965704,0.665485727215363
0.424537225908049,0.30089736232879,0.661534796122504
0.423113950404776,0.299953686979126,0.657664626764304
0.421435326033642,0.299038373647644,0.653918023487398
0.419516230171111,0.298159288083147,0.65033726563764
0.417374786949631,0.29732495130851,0.646963392714984
0.415032198525851,0.296544697291267,0.643835474703306
0.412512500741928,0.2958289919844,0.640989887007043
0.409842251033118,0.295190030775154,0.638459608135462
0.407050169833145,0.294642819838664,0.636273555662055
0.40416679307934,0.294207100886568,0.634455970664266
0.401224271761533,0.293910716675044,0.633025851548943
0.398256602622827,0.293795270652284,0.631996428609548
0.395300804871359,0.293924765072962,0.631374685614042
0.392399700693563,0.294395712578357,0.631161054496085
0.389606094961867,0.295339666838117,0.631349770681107
0.38698430107827,0.29689693627786,0.631930824351196
0.384600026562395,0.299148565268265,0.632893652149293
0.382498308424163,0.302053498792338,0.634229714879366
0.380691136529917,0.30546576226175,0.635930636074504
0.379168149872615,0.309210448992574,0.637983909045397
0.377914249449833,0.313139086010998,0.640370404213705
0.376919016824383,0.317142827866032,0.643064376103954
0.376178212501916,0.321145123721301,0.646034553736771
0.375692095978395,0.325091352713566,0.649245349719845
0.375463340027681,0.328941048111268,0.652657922365258
0.375495429792857,0.332663024427208,0.656231093972428
0.375791643056201,0.33623254183153,0.65992217195187
0.376354479887826,0.339629715352603,0.663687707416289
0.377185380950337,0.342838633735958,0.667484210160911
0.378284603885904,0.345846852524997,0.671268826701441
0.379651171468118,0.348645055123909,0.674999977935731
0.381282847501662,0.351226759276784,0.678637944790442
0.38317612913926,0.353588004107918,0.682145385530912
0.38532626367893,0.355726993849094,0.685487768219431
0.387727304278055,0.35764370223797,0.688633706343729
0.39037221560862,0.359339457371077,0.691555193099777
0.393253032139315,0.36081653216432,0.694227737914863
0.396361063155903,0.362077763156821,0.696630415446521
0.399687132747774,0.363126213285821,0.698745840996135
0.4032218411335,0.363964885564792,0.70056008695449
0.406955835521648,0.364596486365624,0.702062552940143
0.410880082819919,0.365023230275101,0.703245798484106
0.414986140681914,0.365246673534012,0.704105342416694
0.419266423362067,0.365267560046574,0.704639428888922
0.423714445045251,0.365085664566143,0.704848759579921
0.428324975432036,0.364699627969172,0.70473620418039
0.433093930008278,0.364106816269704,0.704306547664248
0.438017658557823,0.363303314945885,0.703566434354272
0.443091341769952,0.362284255358781,0.702524767561838
0.448306946559158,0.361044560587878,0.701193650838305
0.453652160948125,0.359579792216574,0.699589378967699
0.459111048724877,0.357886617393042,0.697732753860467
0.464665400571818,0.355962866243411,0.695648643651218
0.470295613073239,0.353807501448247,0.693365239958187
0.475980919988933,0.351420714213115,0.690913348821231
0.481699300617289,0.348804169796059,0.688325785931127
0.487427353641917,0.345961348943482,0.685636838225074
0.493140279085978,0.342897924257811,0.682881748605872
0.498812007664292,0.33962212428711,0.68009620158404
0.504415462053818,0.33614505936463,0.677315805612884
0.509922912184094,0.33248101316872,0.674575578421197
0.515306390366617,0.328647743558505,0.671909445757235
0.520538157493009,0.324666885537399,0.66934976415318
0.525591250243861,0.320564610168236,0.66692687683739
0.530440177373105,0.316372773645678,0.664668709159849
0.535061852534897,0.31213090564216,0.662600402308108
0.539436827113131,0.307889552365678,0.660743962301258
0.543550773661237,0.303715695795043,0.659117848726711
0.547395869025407,0.299701065159954,0.65773632221301
0.550971042158018,0.295973538835975,0.656608205686547
0.554278818412876,0.292708881678272,0.655734603707631
0.557315432254832,0.290132300543682,0.655105552464275
0.560053574990669,0.288488799444797,0.654697463915669
0.56242823546762,0.287967929136057,0.654476050417732
0.564345415992002,0.288617391992644,0.654407581274135
0.565714439023117,0.29032290070789,0.654471297919338
0.566474335263529,0.29287447929353,0.654661772011474
0.566595573268113,0.296051558311948,0.654981561981234
0.566068040245956,0.299669803797793,0.655432976656775
0.564890099701036,0.303589709808051,0.65601377076992
0.563063012828113,0.307708282595516,0.656716235502697
0.560589157623021,0.311948082383065,0.657527880461361
0.55747195951925,0.316248588294374,0.658432568601325
0.553716341608169,0.320560442387075,0.659411647621722
0.549329197588316,0.324841888376164,0.660444954894034
0.544319730775136,0.329056647668878,0.661511688490934
0.538699637052904,0.333172673317783,0.662591162812434
0.532483154150892,0.337161416577327,0.663663465266747
0.525687009949604,0.34099737946028,0.664710023252333
0.518330301637495,0.344657817029055,0.665714084967867
0.510434333352121,0.348122510625502,0.666661114529614
0.502022435328927,0.351373569413817,0.66753910093615
0.493119782796271,0.354395240247641,0.668338780846256
0.483753228428548,0.357173719412617,0.66905377619297
0.47395115789715,0.359696967399094,0.669680648945259
0.463743374163509,0.361954531517094,0.670218876597698
0.453161012611833,0.3639373823805,0.670670753139796
0.44223648593038,0.365637770070898,0.671041221310685
0.431003455014232,0.367049104776118,0.671337642878897
0.419496820069488,0.368165865326527,0.671569514514666
0.407752724337578,0.368983537579126,0.67174813754371
0.39580856185856,0.369498583085949,0.671886250463963
0.383702980171355,0.369708437061288,0.671997633573802
0.371475868693807,0.369611533355507,0.672096695389074
0.359168324267227,0.369207352972984,0.672198050705744
0.346822586113137,0.368496491713613,0.672316100200256
0.334481933893373,0.367480741762305,0.67246462133625
0.322190544051219,0.366163181531234,0.672656380066807
0.309993301764691,0.364548267828714,0.672902772371672
0.297935567402915,0.362641924406843,0.673213504055725
0.286062898961938,0.360451621277847,0.673596316427574
0.274420733933308,0.357986439785777,0.674056764477065
0.263054036576938,0.355257119431633,0.674598052936022
0.25200691918601,0.352276083956943,0.675220934100575
0.241322247783258,0.349057446067568,0.675923669531871
0.231041244756744,0.345616992713281,0.676702055697032
0.221203101284356,0.341972155600741,0.677549511402939
0.211844611420137,0.338141974512713,0.678457222638619
0.2029998376535,0.334147063954972,0.679414338306204
0.194699813637563,0.330009595942925,0.680408208538602
0.186972285965128,0.325753313762154,0.681424655785157
0.179841493587914,0.321403593023183,0.682448267504318
0.173327982133881,0.316987567280579,0.683462697805264
0.167448451867225,0.312534335313962,0.684450963338792
0.162215643968004,0.30807526497105,0.68539571565474
0.157638280723539,0.303644401433797,0.686279467970687
0.15372109279325,0.299278972067457,0.687084749057668
0.150464990847822,0.295019949450148,0.68779415225009
0.147867467442853,0.29091258235187,0.688390246914993
0.145923339169294,0.28700672762122,0.688855329725805
0.144625940220074,0.283356721453224,0.689171023477734
0.143968827483714,0.280020446879448,0.689317791262456
0.143947925037275,0.277057248498586,0.689274523095775
0.144563820790283,0.274524497870346,0.689018446009783
0.145823693439535,0.272472974434441,0.688525650265554
0.147742229896483,0.270941732354424,0.687772443833809
0.15034103421264,0.269953552044768,0.686737517329812
0.153646449332084,0.269512143156112,0.685404593382015
0.157686237725071,0.269601843552425,0.683765003892519
0.162485920545048,0.270189815629573,0.681819621779481
0.168065584887593,0.27123004840385,0.679579779256578
0.174437682989265,0.272668135021454,0.677067111582273
0.181605961615135,0.274445866121899,0.674312522731088
0.189565357284496,0.276505004695543,0.671354594650339
0.198302549341156,0.278789981697623,0.668237759582021
0.207796856936937,0.281249538167043,0.665010478320756
0.218021235139182,0.283837498360671,0.661723571466498
0.228943215286159,0.286512910790481,0.658428769066979
0.240525712679481,0.289239780886768,0.655177488732779
0.252727679550618,0.291986576477258,0.65201982180682
0.26550461361243,0.29472563866508,0.64900369480216
0.278808948041496,0.297432587735113,0.646174171984668
0.292590352956738,0.300085780310185,0.643572869332609
0.306795977036962,0.302665850191129,0.641237456394487
0.321370653771918,0.305155349200694,0.639201228957712
0.33625709243374,0.30753849377255,0.637492740972734
0.351396070334108,0.309801016030164,0.636135488686729
0.366726640532758,0.311930113249082,0.635147643652155
0.382186367123545,0.313914486008659,0.634541834522961
0.397711598323258,0.31574445281474,0.634324980459791
0.41323778480187,0.317412127545008,0.634498181562176
0.428699846970753,0.318911645999426,0.635056673789688
0.444032590114287,0.320239429204092,0.635989857025142
0.459171161478722,0.321394473817603,0.637281405030462
0.474051539773286,0.322378663522504,0.638909465109635
0.488611045405668,0.323197098861023,0.640846953588673
0.502788860592416,0.323858445806722,0.643061951322032
0.516526551758665,0.324375304537816,0.645518201932064
0.529768592407902,0.324764598610706,0.648175714949056
0.542462891468662,0.325047980149661,0.650991476629946
0.554561339858833,0.325252237794452,0.653920273077497
0.566020394075474,0.325409679627786,0.656915632633658
0.576801718924683,0.325558441643595,0.659930896372197
0.586872908163661,0.32574264218271,0.662920424615252
0.596208288610383,0.326012264182245,0.665840940764302
0.604789784201219,0.326422603387919,0.668652996739175
0.612607767163608,0.327033081576993,0.671322511931833
0.619661752315842,0.3279052088488,0.673822285755995
0.625960706651792,0.329099519363371,0.676133314230719
0.631522675883485,0.330671438992914,0.678245666844062
0.636373422314646,0.332666299640906,0.680158633167425
0.640543887298297,0.335114077848975,0.68187987867566
0.644066577436191,0.338024805383829,0.683423503700911
0.646971385014406,0.341385786295665,0.68480718244403
0.649281725278491,0.345161553365036,0.686048887674517
0.651011969129376,0.349296847901024,0.687163918396237
0.652166825867003,0.35372202724716,0.688162893361753
0.652742694827428,0.35835961469477,0.689051045107532
0.652730385289811,0.363130549053294,0.689828714143889
0.652118310171002,0.367959078778879,0.690492624210374
0.650895362476015,0.372775888961584,0.691037435300037
0.649053022054812,0.377519607217109,0.691457182778152
0.646586591660771,0.382137128758592,0.691746398379358
0.643495692059486,0.38658324321987,0.691900870114092
0.639784237205113,0.390819942923065,0.691918091653383
0.635460106747809,0.394815647404681,0.691797483232949
0.630534686326422,0.398544454242489,0.691540459435677
0.625022391509432,0.401985443134158,0.691150396878387
0.618940243836173,0.405122019261811,0.690632531544778
0.612307531075251,0.407941273234645,0.689993798620434
0.605145557517015,0.410433346429372,0.689242619585164
0.597477471678987,0.412590810680238,0.688388641152566
0.589328147700387,0.414408088532593,0.687442435443769
0.580724092743696,0.415880949809404,0.68641517766986
0.571693354344994,0.417006114333646,0.685318321608915
0.562265408378481,0.417780977096545,0.684163294195165
0.552471018472262,0.418203451460104,0.682961226874052
0.542342066856748,0.418271907443685,0.681722734783999
0.531911365574125,0.41798516987642,0.680457747524531
0.521212461763134,0.41734253820993,0.679175389012389
0.510279452565184,0.416343795662801,0.677883900301871
0.499146823320834,0.414989188022679,0.676590598610059
0.487849318490651,0.413279368725808,0.675301867828798
0.476421848973488,0.411215323439891,0.674023179429544
0.464899433178696,0.408798300993293,0.67275914634677
0.45331716392584,0.406029785210128,0.671513614568947
0.441710189510981,0.40291154165609,0.670289796349761
0.430113696315941,0.399445763641135,0.66909044464619
0.418562881259902,0.395635324070729,0.667918061099156
0.407092906124361,0.391484118076729,0.666775121655555
0.395738829318276,0.386997461068547,0.665664297293669
0.384535514662498,0.382182494465158,0.664588644979996
0.373517518974354,0.377048550552606,0.663551747054347
0.362718961193098,0.371607439350945,0.662557785161428
0.352173375227153,0.365873640525375,0.661611545274804
0.341913547393769,0.359864406489292,0.660718360313543
0.331971337616185,0.353599802576362,0.659884003732107
0.322377482095266,0.34710272165334,0.659114549910584
0.313161374270772,0.340398910980562,0.65841621520235
0.30435082141162,0.333517038348867,0.6577951883146
0.295971776328043,0.326488804252972,0.657257452128885
0.288048048959185,0.319349082497196,0.65680859326926
0.280601010027487,0.312136050502273,0.656453592485037
0.273649307509831,0.30489126353494,0.65619658939716
0.267208622052033,0.297659644008507,0.656040619143062
0.26129148436445,0.290489403282046,0.65598732412833
0.255907160831391,0.283431984253469,0.656036648322467
0.251061580833848,0.276542193023809,0.656186521349847
0.246757231962562,0.269878756295463,0.65643253458912
0.242992888797893,0.263505580506581,0.656767606289666
0.239762962106747,0.257493985336096,0.657181639353365
0.237056144415678,0.251926109951864,0.657661215276981
0.234852877054503,0.246899458228909,0.658189473041302
0.233121024609176,0.242531960178709,0.658746529396961
0.231809243237426,0.238965683273835,0.659311108854813
0.23083841591141,0.2363653222771,0.659864315797261
0.23009392999077,0.234905750097875,0.660396211342188
0.229425303717565,0.234744123725484,0.660914314357145
0.228661600090236,0.235979785800497,0.661450332680932
0.227645615273291,0.238617505150908,0.662059608834662
0.226276270822099,0.242555082891514,0.662810390601058
0.224537820481942,0.247605062909457,0.66376676946834
0.222499402641616,0.253539540591421,0.66497395912152
0.22028696554546,0.260135269019301,0.666452496681905
0.218045190924096,0.267201639648928,0.668201268009302
0.215907582484204,0.274588350318812,0.670204472589981
0.213982184789578,0.282179892787804,0.672437797983035
0.21235019862187,0.289885645250085,0.674871914197717
0.21107112788838,0.297630958360956,0.677473696930413
0.210189315396558,0.305350977917953,0.680206328018793
0.20973916931642,0.312986975425888,0.683029209047412
0.209748167969523,0.320484417390269,0.685898200814755
0.210237636833696,0.327792150381581,0.688766395715908
0.2112216952754,0.334862389448058,0.691585466507401
0.212705032903667,0.341651419614118,0.694307530712692
0.214680461272894,0.348120954732514,0.696887346550823
0.217127442383385,0.354239932553461,0.699284491512085
0.220012783371785,0.359986237809425,0.701465028726534
0.22329412928996,0.365347624650398,0.703402167938703
0.226925773723091,0.370321198712941,0.70507568595264
0.230865150956179,0.374911311418403,0.706470329810632
0.235077960857452,0.379126386576028,0.707573830243215
0.239540545207761,0.382975613511503,0.708375240815907
0.244239385213482,0.386466361088469,0.708864064445714
0.249168592261061,0.389602735033674,0.709030243204015
0.254326582239072,0.392385236927901,0.70886479442074
0.259712877109828,0.394811199589503,0.708360762482813
0.265325518741347,0.396875603531412,0.707514187660934
0.271159194921214,0.39857195415453,0.706324892900564
0.277203977600062,0.399893022839308,0.704796986602596
0.283444536152048,0.400831354885844,0.702939040751592
0.289859751708484,0.401379501023597,0.700763933416627
0.296422773128892,0.401529949991287,0.698288364099124
0.303101690035049,0.401274752879901,0.69553208070943
0.309861115246235,0.400604860982394,0.692516914058111
0.316665003531694,0.399509272103705,0.689265805948965
0.323480879399188,0.397974212181151,0.685802128412997
0.330285177406493,0.395982757364536,0.682149677106127
0.337068563368501,0.39351544668292,0.678333687554528
0.343839143943255,0.390552374498951,0.674382951462762
0.350621116550055,0.387076796587945,0.670332568599857
0.357447600581018,0.383079481931706,0.666226280228411
0.364349168332598,0.378562397671109,0.662117173958537
0.371342219028053,0.37354047756853,0.658066150520262
0.378421522054184,0.368041226945041,0.654138573816772
0.385558726540206,0.36210299594505,0.650400220570566
0.392705439430344,0.355773185417424,0.646913587014374
0.399797592483294,0.349107446759034,0.643735035798846
0.406757583749479,0.342170591360722,0.640912647909419
0.413491533321918,0.335039776914003,0.638484255878892
0.419881127235522,0.327810295947938,0.636475062654734
0.425774932219353,0.320602565868662,0.634894726571652
0.430994505055798,0.313563406339181,0.633735394462411
0.435376620547362,0.306847298377585,0.632974592576524
0.438845519407539,0.300571111425063,0.632585911424988
0.441453758602873,0.29477226001311,0.632551896468308
0.443343128128959,0.289414916423455,0.632868108345129
0.44466866305288,0.284435945358125,0.633537040407537
0.445552252721443,0.279784058866741,0.634560347268772
0.446076777163206,0.275432265265082,0.635934762134122
0.44629864575074,0.271373464709794,0.637651198141332
0.446261079355224,0.267612122550007,0.639695047583
0.446002062180814,0.264157925323263,0.642046578824324
0.445557250199098,0.261022291957331,0.644681214321118
0.44496000990477,0.258216798355678,0.647569833688075
0.444240590712992,0.255752427492153,0.650679260520959
0.443425657204846,0.253638928080179,0.65397298561451
0.442538652494184,0.251883955965356,0.657412081717404
0.441600910313376,0.250491961333497,0.660956218154116
0.440633086289866,0.249462987897351,0.664564680775331
0.439656328921573,0.248791690712275,0.668197320006073
0.43869267632864,0.248466936964162,0.671815366818236
0.437764446050834,0.248472277822376,0.675382066223753
0.436892792236225,0.24878734588182,0.678863089749337
0.436095950829863,0.249389910536856,0.682226717046535
0.435387796864799,0.250258070499265,0.685443823728375
0.434777157424889,0.251372024888637,0.688487757462315
0.434267989798646,0.252715059221306,0.691334200525648
0.433860238742858,0.254273685697781,0.693961095506589
0.433551046432584,0.256037126611823,0.696348667155975
0.433336001880794,0.257996437112211,0.698479532009739
0.433210212819522,0.260143539774479,0.700338864722907
0.43316909055549,0.262470350937208,0.701914588107886
0.433208817530883,0.264968077566691,0.703197566866856
0.43332651005072,0.267626686039306,0.704181805142027
0.433520104366218,0.270434502091061,0.704864669831002
0.433788000131548,0.273377906478015,0.705247177356391
0.434128515751723,0.276441194139506,0.705334366025857
0.434539285770099,0.279606985203364,0.705135650475214
0.435016889000177,0.282858086341852,0.704664695513799
0.43555704239595,0.286181268257795,0.703938015304431
0.436155143588627,0.289570454992994,0.702972447432622
0.436806377502626,0.293025800597129,0.701783456343287
0.437505339431022,0.296550261164081,0.700385296914528
0.438245799193987,0.300147122001693,0.698791951830944
0.439020867944285,0.303818993950545,0.697017858542853
0.439823464088011,0.307567459125579,0.695078256300665
0.440646901693827,0.31139284913399,0.692989273426401
0.441485442461902,0.315294017898937,0.690767874799516
0.442334683930446,0.319268125548072,0.688431746884299
0.443191701809672,0.32331047979948,0.685999165274727
0.444054920860445,0.327414465945566,0.683488867013558
0.444923745202642,0.331571571455581,0.680919932650249
0.445798023162052,0.335771489418338,0.678311670855158
0.446677447648424,0.340002270913153,0.675683491775193
0.447561001222627,0.344250489792656,0.673054754144311
0.448446549683983,0.348501382312135,0.67044457489898
0.449330673237404,0.352738928007444,0.667871597139133
0.450208800540934,0.356945846636659,0.665353721957949
0.451075674834904,0.361103500508418,0.662907820452352
0.451926127358236,0.365191712768754,0.660549452746755
0.452756058949431,0.3691885387833,0.658292628532197
0.453563444298367,0.373070052804663,0.65614964464583
0.45434910028186,0.37681022168346,0.654131025173933
0.455116941667578,0.38038091314668,0.652245565368016
0.45587352385624,0.383752015586386,0.650500443770679
0.456626847799629,0.386891537184601,0.648901326136245
0.457384618954777,0.389765440435745,0.647452354871604
0.458152301261535,0.392336903667078,0.646155913272084
0.45893128735347,0.394564718123046,0.645012079559899
0.459717287713626,0.396400627959517,0.64401773407503
0.460498680388827,0.397785591807619,0.64316534353563
0.461254165527776,0.398645227941362,0.642441524557289
0.461948770776229,0.398885233698159,0.641825621474833
0.462527274174057,0.398388523893641,0.641288781621932
0.462904848811687,0.397017186892153,0.640794396063224
0.462956661333903,0.394623361254852,0.640301129644721
0.462511136282824,0.391071964780718,0.639769594627447
0.46135379575241,0.386273093320567,0.639172424153892
0.459246839179409,0.380214311262854,0.638505247400091
0.455962953261478,0.372978996314247,0.637794442356889
0.451324255905075,0.364741440726337,0.637098270145053
0.445234222941025,0.355739962706061,0.636500756898506
0.437693195032027,0.346238315203763,0.636100402164591
0.428794123005622,0.336488451582117,0.635997005499492
0.418701687998687,0.326704520144079,0.636279719074277
0.407622642464241,0.317051782691026,0.637018499328976
0.395776609833209,0.307648220813839,0.638259847537015
0.383374265333136,0.298573175198267,0.640026442572785
0.370605314211895,0.289877229967546,0.642319449794424
0.357634641074986,0.281589804531191,0.645122177625019
0.34460314870917,0.273723723640136,0.64840411950821
0.331630063070947,0.266277953119329,0.65212484748041
0.318814846531681,0.259240219408614,0.656237470808403
0.306238356220271,0.252590612248759,0.660691445437714
0.293963850417147,0.246306139301846,0.665434552998095
0.28203860784745,0.240365307034848,0.67041397570135
0.27049646648359,0.234751611439459,0.675576578554764
0.259361001522361,0.229455270489687,0.680868682126541
0.248648757046128,0.224473192904331,0.686235676388688
0.238372007354801,0.219807664504439,0.691621768705938
0.228540788344489,0.21546440409081,0.696970025577138
0.219164208429756,0.211450560664688,0.702222727149919
0.21025121449927,0.207773026622437,0.707321954105908
0.201811038371222,0.204437237013909,0.712210283669285
0.193853520910381,0.201446472270095,0.716831475066053
0.186389447234462,0.198801596080357,0.721131056034416
0.17943095729959,0.19650113163152,0.725056764052518
0.172992035622823,0.194541589437398,0.728558838484938
0.167089036612748,0.192917990449926,0.73159019776749
0.161741165578542,0.191624563435037,0.734106568898667
0.156970812862409,0.190655624053526,0.736066662764732
0.152803632057109,0.190006651876425,0.737432507059894
0.149268269734818,0.189675557875208,0.738170054500045
0.146395700857086,0.189664068029782,0.738250170613246
0.144218203954276,0.189979036902286,0.737650063064706
0.142768119764983,0.190633366361006,0.736355132542001
0.142076656708011,0.191646085876765,0.734361101666391
0.142173092396407,0.193041129802621,0.73167613296696
0.143084707279453,0.194844510217365,0.728322531001538
0.144837621440436,0.197079957964837,0.724337611827992
0.14745841275405,0.199763564136017,0.719773470010307
0.15097611770997,0.202898208749928,0.714695652517382
0.155424149900022,0.206468319966443,0.70918103558765
0.160841885342826,0.210434711782705,0.703315359214019
0.167275966398037,0.214728172667955,0.697190884121627
0.174781316070779,0.219239662937169,0.690904629450473
0.183420800577301,0.223805451087462,0.68455780112097
0.19325989307824,0.228189556224703,0.678257313639085
0.204349619824212,0.232076894748792,0.672120058618058
0.2166936603713,0.235106493247523,0.666278043939411
0.230213255922065,0.236971060449723,0.66087721691463
0.244745313307579,0.237550661165268,0.656062097482063
0.260089454591307,0.236974517887961,0.651952210018911
0.276063199701263,0.235547289313967,0.64862936097835
0.292520242991793,0.233611588932129,0.646142433462049
0.309338475079278,0.231452397377023,0.644518068335828
0.326405784606238,0.229270278678353,0.643767207303325
0.34361470586842,0.227194306002056,0.643887029354124
0.360862434625328,0.225305039896627,0.644861146198496
0.378051319013913,0.223653725687267,0.646659694073238
0.39508826300126,0.222274581020115,0.649239589597892
0.411883725937854,0.221191413153866,0.652544857392709
0.428351328208739,0.220420776030899,0.656507078237464
0.444408499998639,0.219973487707631,0.661046139940683
0.459978029949218,0.219855608258949,0.666071464281573
0.474990090213982,0.220069360696921,0.671483793857281
0.489384283421812,0.22061408362447,0.677177524818278
0.503111339432527,0.221487117470451,0.683043490579325
0.516134198729582,0.222684486640142,0.688972035601101
0.528428327043227,0.22420128625815,0.694856165422613
0.53998121473501,0.226031763498032,0.700594529000634
0.550791124389511,0.228169161878749,0.706093995552795
0.560865249670439,0.230605448230582,0.71127163697118
0.570217517723533,0.233331055907051,0.716056009982208
0.578866292305838,0.23633475671285,0.720387730003182
0.586832211799375,0.239603729110855,0.724219416743379
0.594136335551551,0.243123836519664,0.727515151152913
0.600798693602613,0.246880081447127,0.730249607097222
0.606837258286484,0.250857168459076,0.732407012357041
0.612267297778768,0.255040095845127,0.733980063959269
0.617101038272122,0.259414700562692,0.734968885437816
0.621347552334684,0.263968098150685,0.7353800787616
0.62501279891481,0.268688981059141,0.735225896371411
0.628099757191687,0.273567758674623,0.734523539981395
0.630608614270017,0.278596535152857,0.733294580882683
0.632536981658451,0.283768925154572,0.731564489828629
0.633880127209173,0.289079704353746,0.729362262081473
0.634631219579282,0.29452428548415,0.726720124156137
0.634781594277469,0.300098009617586,0.723673311869239
0.634321065479803,0.305795254849821,0.720259912699676
0.633238325329417,0.311608400883173,0.716520765836992
0.631521487020969,0.317526751125175,0.7124994084383
0.629158830293632,0.323535596751529,0.708242044890222
0.626139786688307,0.329615680279917,0.703797500082924
0.622456151842515,0.335743331096331,0.699217105024681
0.618103445022837,0.341891453874688,0.694554464387306
0.613082285703559,0.348031348949063,0.689865078260918
0.607399667219929,0.354135104620075,0.68520583227731
0.601070101694688,0.360178157938831,0.680634415262817
0.59411677144864,0.366141675698639,0.676208753393131
0.586573004536502,0.372014650034235,0.671986556315437
0.578484561182379,0.377795902074364,0.668025060033991
0.569913368984451,0.383496362849775,0.66438102947972
0.560943467506182,0.389141881406108,0.661111034376392
0.551689906356392,0.394776213189837,0.658271881355728
0.542310824587896,0.400462546422468,0.655920781990035
0.533021186429167,0.406279861290311,0.654114284167243
0.524102811438904,0.412308428016105,0.65290432503964
0.515899968228017,0.418599770808612,0.652329693209767
0.508787618238286,0.425134749333634,0.652403067020077
0.503108647028748,0.431788096525704,0.653098053609886
0.499097819861779,0.438325254696203,0.654344109963728
0.496826109299603,0.444442767598149,0.656034727907546
0.496190345890194,0.449835772211196,0.658046341006149
0.496947615614965,0.45426167694749,0.660259516801705
0.498774996017006,0.457576814718684,0.66257461312285
0.501331671025693,0.459740023520805,0.664918496503389
0.504306423175511,0.460791376997699,0.667243205963204
0.507443275082913,0.460820721708909,0.669519894921175
0.510547430973697,0.4599388328012,0.671731666869685
0.513478804443164,0.458257525694084,0.673867661666316
0.516140546038527,0.455879082066729,0.675919180619924
0.518467441059905,0.452892420346476,0.677877628525129
0.520416369365618,0.449373091620811,0.679733708936479
0.5219593002127,0.445384958075222,0.681477353570496
0.523078511621771,0.440982308379664,0.683098029081034
0.5237635021295,0.436211814772583,0.684585211788384
0.524009089576086,0.431114117908491,0.685928918288304
0.523814292943246,0.425725018694075,0.687120232798036
0.523181695581375,0.42007633982394,0.6881517952888
0.522117069654929,0.414196545350021,0.689018221010216
0.520629102273207,0.408111203472984,0.689716421853669
0.518729110642793,0.401843361412425,0.690245800414855
0.516430674368783,0.395413880006496,0.690608293671581
0.513749152989389,0.388841754728833,0.690808257236059
0.510701096932247,0.382144432074473,0.690852202141558
0.507303596599985,0.37533811758421,0.690748419461222
0.503573639957434,0.368438064428348,0.690506546802425
0.499527556743922,0.36145882919294,0.690137138299548
0.495180614447854,0.354414483124333,0.689651293062896
0.4905468018736,0.347318771820919,0.689060378248392
0.485638800265983,0.340185222681031,0.688375858359085
0.480468110704806,0.333027206101687,0.687609219648127
0.475045287725719,0.325857962458567,0.686771963159412
0.46938022472672,0.318690610988054,0.685875633920279
0.463482443996526,0.311538158451292,0.684931855769947
0.457361357933651,0.304413524585877,0.683952348233768
0.451026483073046,0.29732959782464,0.682948910606748
0.444487601293481,0.290299328795551,0.681933366746027
0.437754871248675,0.283335861092109,0.680917470882455
0.430838897380697,0.276452689423551,0.67991277986023
0.423750764774222,0.269663825893663,0.67893050095003
0.416502046633012,0.262983947302801,0.677981327115989
0.409104789455625,0.256428492900139,0.677075273594172
0.401571479959496,0.250013684606903,0.676221530510166
0.393914998487128,0.243756451797711,0.675428345420805
0.386148566334041,0.237674259675694,0.674702946460029
0.378285697689492,0.231784860233178,0.674051510901143
0.370340169904522,0.226106003048496,0.673479176141639
0.362326026573993,0.22065515371352,0.672990081866349
0.354257626059701,0.21544926736466,0.672587425515881
0.346149743669832,0.210504653538741,0.67227350986299
0.338017730057966,0.205836950069616,0.67204976218956
0.32987772365457,0.201461203670731,0.671916708742823
0.32174691207177,0.197392037835452,0.671873894352724
0.313643837764535,0.19364387793103,0.671919743606486
0.305588746329522,0.190231198899012,0.672051365369821
0.297603981202937,0.187168761257751,0.672264305982838
0.289714434407987,0.184471803162829,0.672552258159232
0.281948068784393,0.182156157630876,0.672906733146281
0.274336530389902,0.180238261767985,0.673316704270697
0.266915869384888,0.178735017270364,0.673768232256243
0.259727380244632,0.177663446891174,0.674244088830045
0.252818553120501,0.177040069787639,0.674723407829885
0.246244090789811,0.176879892154135,0.675181415210422
0.240066881575249,0.17719488667517,0.67558932304052
0.234358721863536,0.177991833777868,0.675914516153326
0.229200458456574,0.179269451274607,0.676121203579727
0.224681101851431,0.18101488621139,0.676171727227475
0.220895412914675,0.183199908339643,0.676028681946457
0.217939576296739,0.185777499086496,0.675657870273735
0.215904905930672,0.188679857222518,0.675031888875393
0.214870044892696,0.19181896245444,0.674133876974132
0.214892665742044,0.195090605430751,0.672960753326489
0.216002052693241,0.198382202034664,0.671525221744681
0.218194056381426,0.201583890566907,0.669855961177491
0.221429783838983,0.204601499142066,0.667995700310367
0.225639017856383,0.207369056306879,0.665997280842768
0.230728576359232,0.209857819574766,0.663918332033194
0.236594466056082,0.212078874464182,0.661815714326801
0.243135103157962,0.21407783691515,0.659741147199503
0.250262065608935,0.21592291099102,0.657739086173303
0.257905674781985,0.217690098429767,0.655846992059172
0.266014872734578,0.219450050441448,0.654097176614742
0.274552982013972,0.221259566538514,0.652519003451078
0.283491833638637,0.223158341251195,0.651140486985431
0.292806350747652,0.225169750089078,0.649988913776087
0.302470681595833,0.227303847067499,0.649090602760265
0.312456075209561,0.229561019352721,0.648470148503411
0.322730177582965,0.231935349477697,0.648149495501086
0.333257265401296,0.234417285974773,0.648147087876781
0.343998981623649,0.236995579731048,0.64847722027867
0.354915261053027,0.239658616102594,0.649149626704303
0.365965256758298,0.242395322357139,0.650169292662975
0.377108168193697,0.245195814160651,0.651536453815193
0.388303924592816,0.248051902410245,0.653246738311888
0.399513699247693,0.250957533347941,0.655291409779328
0.410700232232582,0.253909189309395,0.657657666354372
0.421827930844767,0.256906236722701,0.660328945112715
0.432862709935834,0.259951171696589,0.663285171218577
0.443771539985808,0.263049680314766,0.666502881554542
0.454521702248426,0.266210400071023,0.669955152181653
0.46507981949866,0.269444244389353,0.673611280547637
0.475410839340085,0.272763146934722,0.677436230256597
0.485477275553227,0.276178124931325,0.68138994506669
0.49523910878946,0.279696690096907,0.68542676636029
0.504654730320249,0.283319875797581,0.689495300148045
0.513683107245583,0.287039459511924,0.693539102221816
0.522286954712574,0.290836202564312,0.697498414202741
0.53043624945129,0.294679907451076,0.70131288310591
0.538111140109536,0.298531687250153,0.704924833820469
0.545303397316089,0.302348154719079,0.708282414792491
0.5520159939245,0.306086591612768,0.711341941575998
0.558260982594026,0.309709880385767,0.714069014743299
0.564056259887352,0.313190168000365,0.716438346949473
0.569421939968617,0.316510713200126,0.718432540111746
0.57437696796042,0.319665884595641,0.720040231902796
0.578936413539324,0.322659659796019,0.721254082710598
0.583109681519609,0.325503181089364,0.722069023335024
0.586899683867427,0.328211965597572,0.722481053196774
0.590302854349814,0.330803278531188,0.722486705537685
0.593309780318396,0.333294004524719,0.722083132548767
0.595906194099987,0.335699157272458,0.721268654282926
0.598074098890958,0.338031008477506,0.720043575034759
0.599792870468,0.340298722714468,0.71841108510477
0.601040244981143,0.342508354114359,0.716378108027935
0.601793155302697,0.344663074727851,0.713956001053336
0.602028408878565,0.346763540613976,0.711161057877992
0.601723212934315,0.348808342332058,0.708014794428887
0.60085555627047,0.350794520676949,0.704544022556679
0.599404458789943,0.35271815046561,0.700780735998591
0.59735010684805,0.354575003380899,0.696761849631079
0.594673908429464,0.356361296666809,0.692528846898274
0.591358527820097,0.358074523046847,0.688127399185347
0.58738799144284,0.359714348562724,0.683607021005585
0.582747987736822,0.361283573796992,0.679020812970503
0.577426505171062,0.36278919786645,0.674425319188451
0.571414959160186,0.36424371835347,0.669880491313738
0.564709960117152,0.365666949177695,0.665449718569012
0.557315905876893,0.36708883303853,0.661199868196119
0.549248710041091,0.368553939261198,0.657201300717735
0.54054130471757,0.370128508951921,0.653527887275273
0.531252195677783,0.371910844451188,0.650257146984874
0.521479318231515,0.374044934490651,0.647470669051847
0.511382217577468,0.376733881819154,0.645254766639031
0.501213763510647,0.380241129096804,0.643700277172658
0.491351935189032,0.384852969762123,0.642897736873992
0.482296022461578,0.390770497680232,0.64292041788692
0.474567156109888,0.397945518119776,0.643789712447667
0.468495994398241,0.405983105985056,0.645436497342212
0.4640156250388,0.414265119958532,0.647698417542062
0.460648209355988,0.422260826115187,0.650381295994297
0.457732615857339,0.429769685585976,0.653350067095229
0.45472750082323,0.436897385830672,0.656572914057989
0.451372828767634,0.443845992616267,0.660088792038811
0.447656040428708,0.450739934241564,0.663944700538179
0.443693682134,0.457580371477199,0.66815390688382
0.439631888016151,0.46427948940706,0.672685072412071
0.435593432446129,0.470711739895367,0.677470240093371
0.431660695477716,0.476752903949732,0.682419427534197
0.427878332411002,0.482301280983567,0.687434489183552
0.4242635494453,0.487284632876626,0.692419106116619
0.420816975868182,0.491658622106711,0.697284537561508
0.417531145640413,0.495401527353816,0.701952118502021
0.414396048368546,0.498508191249948,0.706353751273013
0.411402274969492,0.500984579353051,0.710431364563109
0.408542499121306,0.502843349660543,0.714135929223402
0.4058118850788,0.504100363509705,0.717426323657606
0.403207779055622,0.504771914178272,0.720268168817097
0.400728843586037,0.504872453080472,0.722632679497191
0.398373667083848,0.504412669157611,0.724495573781367
0.396138835232875,0.503397886789502,0.725836121787233
0.394016497516879,0.501826872377499,0.726636476939915
0.391991610225011,0.499691256049361,0.726881488562563
0.390039277727917,0.49697584728575,0.726559204201104
0.388122902519087,0.493660120308427,0.725662202621293
0.386194120930796,0.489721073869928,0.724189761450354
0.384195672412917,0.485137587808244,0.722150716157532
0.382068325154416,0.479896345431154,0.719566766612231
0.379762462133602,0.47399921882062,0.716475870298381
0.377253223423937,0.467471216445557,0.712934954634571
0.374554583053086,0.460366046141321,0.709020202829894
0.371724010558679,0.452763767740164,0.704822179654349
0.368850903705789,0.444755858663838,0.700434310138968
0.366032043073239,0.436421120203089,0.695938240697949
0.363347156831513,0.427805205999544,0.69139404485677
0.360845614977708,0.418914881638439,0.686840485118569
0.358545305983285,0.40972680024146,0.682303167355401
0.356438650630285,0.40020288575796,0.677804677747629
0.354500875761767,0.390305036953166,0.673372312596617
0.352697825216752,0.380005710941922,0.669041952161112
0.350992093457142,0.369293850088579,0.664858505458992
0.349347038826294,0.358177004727653,0.660874045399938
0.347728722166821,0.346680973124414,0.657144778235982
0.346106166435359,0.33484825015504,0.653727711081333
0.344450486174604,0.322736264026732,0.650677508948242
0.342733358200042,0.310415962535162,0.648043710136514
0.340925033492162,0.297970926477388,0.645868271900052
0.33899169214489,0.285496908699628,0.644183363891321
0.336891550544471,0.273101529802577,0.643009396885726
0.334569140628876,0.260903757175038,0.642353433362345
0.331948505886686,0.249032610467735,0.642208322415113
0.328929709408781,0.23762397147985,0.642553064915134
0.325397682704326,0.226813189512856,0.643354980114648
0.321250798755388,0.216720449555568,0.644574128550074
0.316440357180028,0.20742969273163,0.646169836683829
0.310992406175708,0.198972508210487,0.648107574916958
0.304991680601406,0.191333347302545,0.650362764004837
0.298544674368576,0.184475252892544,0.652919239653187
0.291755509631226,0.178363791079416,0.655764121550835
0.284724053684528,0.172972844622866,0.658882930282272
0.277551588337138,0.168277704196679,0.662256990587129
0.270341506418412,0.164248237554296,0.665862736577412
0.263194392141122,0.160847668635895,0.669671883296397
0.256201837002881,0.158035547375494,0.673651880875398
0.249442113704277,0.155771883390458,0.6777664882034
0.242978513586627,0.154020542124734,0.681976420482425
0.236859852052847,0.152751324394924,0.68624000344011
0.231122305302761,0.151940878036022,0.690513748940868
0.225791865207265,0.151572786404548,0.694752792823857
0.220886939277783,0.151637086246746,0.698911196361463
0.216420816186567,0.152129286482089,0.702942188871157
0.212403817654694,0.153048811914031,0.706798504000608
0.208844979395674,0.154396744548268,0.710433017428476
0.205753087762986,0.156172805142685,0.713799905564732
0.203136894432428,0.158371709567521,0.716856484814861
0.201004387436683,0.160979330351736,0.71956573305043
0.199361153856385,0.163969448353398,0.721899228934972
0.19820814262129,0.167302182517128,0.723839906105304
0.197539471655828,0.170925206320657,0.72538373706427
0.197341149356162,0.174778290181878,0.726539474603634
0.197591445275453,0.178800471406756,0.7273260991525
0.198263046539416,0.182937802627278,0.727768537040177
0.199326359180819,0.187149181360703,0.72789297702818
0.200752879937847,0.191408700164172,0.727723163717026
0.202517731462865,0.195704586487714,0.727278405822362
0.204600987975492,0.200035977619999,0.726573244197909
0.206987909500159,0.20440900502873,0.725618251794059
0.209668439593699,0.208833243048521,0.72442136244738
0.212636333437246,0.213319014038112,0.722989274224961
0.21588818759607,0.217875626258194,0.721328668160484
0.219422529721631,0.222510404156216,0.719447137571701
0.223239036075135,0.227228298983102,0.717353819738723
0.227337885259361,0.232031874513922,0.715059771722595
0.231719223034745,0.236921501920616,0.712578151162346
0.236382698741328,0.241895645180328,0.709924262887195
0.241327032075994,0.246951161779506,0.707115521511445
0.246549575598044,0.252083578785344,0.704171364158917
0.252045849751853,0.257287329744957,0.701113130206207
0.257809043211877,0.26255595504574,0.697963908166632
0.263829491716709,0.267882277950144,0.694748335166971
0.270094175433882,0.273258572504964,0.691492322252023
0.276586310553713,0.278676739071882,0.688222669628914
0.283285155751046,0.284128498145519,0.684966531760542
0.290166206216255,0.289605603182333,0.681750695719628
0.297201997009941,0.295100057048696,0.678600652385467
0.304363762440187,0.300604295276745,0.675539474887935
0.311624158239603,0.306111276273245,0.672586579652587
0.318961085814165,0.311614405185274,0.669756537884012
0.326362287986032,0.317107232552953,0.667058225234589
0.333829788385428,0.322582931394888,0.664494710343228
0.341382582133112,0.328033667712268,0.662064297765345
0.349055735218768,0.333450091336996,0.659762918123089
0.356894852995611,0.338821187969974,0.65758753019187
0.364946820421295,0.344134577012376,0.655539572419964
0.373249699098126,0.349377087039359,0.653627249736782
0.38182511368989,0.354535290908119,0.651865874484515
0.390675024354361,0.359595755381456,0.650276328912739
0.399782716860626,0.364544963458093,0.648882384221309
0.409116531305287,0.369369024172489,0.64770777105696
0.418634633925629,0.374053314082782,0.64677366183146
0.428289569399934,0.378582135400952,0.646096870635372
0.438031903042676,0.382938399510387,0.645688787787084
0.447812713266654,0.387103297243303,0.645554899823519
0.457584966057932,0.391055910669423,0.645694686495531
0.467303924491593,0.394772749284747,0.646101697023008
0.47692676939469,0.398227246139534,0.646763654424965
0.486411584456296,0.401389318501213,0.647662496618742
0.495715834128042,0.404225174925702,0.648774325886442
0.504794468887983,0.40669762294891,0.650069302319652
0.5135978462122,0.408767174606035,0.651511581703158
0.522069750920897,0.410394226225256,0.653059457966382
0.530145901448378,0.411542472770792,0.654665908460899
0.537753384285431,0.412183502265932,0.656279733545204
0.544811420595775,0.412302250288499,0.657847414142463
0.551233739638244,0.411902764190162,0.659315691530791
0.556932680674707,0.411013588595446,0.660634740987686
0.561825037182903,0.40969198764621,0.661761703369473
0.565839541817671,0.408026031939262,0.662664250652913
0.568925545122492,0.406133283395011,0.663323741195978
0.571061668251111,0.404154756862759,0.663737352881326
0.572262242795695,0.402243652036783,0.663918497579127
0.572579023135198,0.400550269180016,0.663895058460395
0.572096784176653,0.399206635047329,0.663705634332223
0.570923714014052,0.398315006896222,0.663394709247041
0.569179490685341,0.397942851318485,0.663007989388353
0.566984312696496,0.398124217711562,0.66258887451015
0.56445104066651,0.398865415962809,0.662176433594651
0.561681051111238,0.400152361088874,0.661804727941969
0.558763260880089,0.401957485717406,0.661503054285704
0.555775268256259,0.404245016233858,0.661296633001721
0.55278549810701,0.406974193476529,0.661207338422623
0.549855402614019,0.410100557862787,0.661254182202283
0.54704101338181,0.413575745157797,0.661453381855741
0.5443934110957,0.417346419031266,0.661817965900769
0.541957966786019,0.421353038990579,0.66235698211517
0.539772508796585,0.425529129722792,0.663074478497963
0.537864850574294,0.429801564816722,0.663968499545388
0.536250311153245,0.434092104354046,0.665030359471276
0.534929895428879,0.438320079889764,0.666244402818688
0.533889633967658,0.442405803127049,0.667588349429265
0.533101251864863,0.446274103242289,0.669034182893496
0.532523964173671,0.449857440151157,0.670549433162656
0.532106928169566,0.45309827092593,0.672098666674664
0.531791816290113,0.455950655189175,0.67364503817934
0.531515112317267,0.45838134114923,0.675151848839477
0.531210005040518,0.460370681915241,0.676584147522684
0.530808054409154,0.461913659487394,0.677910460699317
0.530241037129549,0.46302106626642,0.679104711322518
0.52944346851616,0.463720579592339,0.680148283706419
0.52835621201249,0.464057160094902,0.68103203478146
0.526931354782777,0.46409200031638,0.681757891088116
0.525138233866173,0.463899174146489,0.682339550282071
0.522970218627171,0.463559126231592,0.682801728318367
0.520451518327906,0.4631481355479,0.683177319885914
0.51764255864619,0.462723122704198,0.683501790852277
0.514640941375909,0.462302529577395,0.683804395568893
0.511573071155337,0.461847774231225,0.684097121117173
0.508572035190453,0.461255309979686,0.684365042458576
0.505744502330765,0.46037019305393,0.684564105627869
0.503140582377883,0.459020634662794,0.684629846769869
0.500742258367074,0.457056885478697,0.684493193366383
0.498473117636759,0.454376316253801,0.684095217019429
0.496219629498684,0.450929978150749,0.683395786957712
0.493853276056969,0.44671669822649,0.682376134732751
0.491248073268948,0.441771986515769,0.681037500905861
0.488292095084608,0.43615620251955,0.679397824951443
0.484893349169229,0.429944225088095,0.677487767236202
0.480981144393945,0.423217820662218,0.675346919292467
0.476504657130821,0.416061189415926,0.673020754836966
0.471430638085487,0.408559417278497,0.670558544211105
0.465741956406844,0.400798910562388,0.668012122369577
0.459438078797103,0.392868504395558,0.66543515178567
0.452537836963368,0.384859799199664,0.662882391583325
0.445084022055774,0.376865305564741,0.660408460757173
0.43714842136886,0.368973197409655,0.658065672279986
0.428834940959449,0.361258089665038,0.655900773735416
0.420277833637853,0.353768496991176,0.653950919011616
0.411632479545681,0.346513392869262,0.652239841603407
0.403058117487129,0.339451871638088,0.650775691486359
0.394694899660925,0.332490312287462,0.649551915781495
0.386640218076519,0.325490150107275,0.648551748684749
0.378930168980924,0.318286768127065,0.64775563020292
0.371531021679849,0.310716926965079,0.647149735783695
0.364343109487698,0.302649393611917,0.646733215350431
0.357216382539026,0.29401203739026,0.646521944936049
0.349973917888508,0.284809566643876,0.646547564444018
0.342438047816172,0.275129132272763,0.646851954925039
0.334454110010891,0.265134755678551,0.647478514849082
0.325909019003786,0.255054144500505,0.648462144638075
0.316744925343039,0.245161732487393,0.649819657665317
0.30697052518533,0.235759554941203,0.651541790301245
0.296672468880538,0.227154025973451,0.653587705561022
0.286026068088592,0.219624176944835,0.655883260558145
0.275298881976537,0.213378292052562,0.658325067862876
0.26483557785301,0.208503409404637,0.66079247455541
0.255013416327705,0.204924828753204,0.663167542835551
0.246171042846782,0.202401349794753,0.665358535222158
0.238534699026854,0.200571329390464,0.667318265179009
0.232174335878815,0.199035341887338,0.669049976496431
0.227004340999576,0.197441135407757,0.670599945969444
0.222818868600611,0.195544703329093,0.672041191595407
0.219343263410567,0.193241289665924,0.673453127892938
0.216288461634878,0.190571202359944,0.674900491795928
0.213402030820465,0.187706157719409,0.676414051264522
0.210512709979426,0.184919392739363,0.677975684714586
0.20756545590914,0.182541139458476,0.67951076043342
0.204642824162491,0.180902041771869,0.680890548082406
0.201968399332616,0.180270084319727,0.681945953094245
0.199889474890052,0.180788182050698,0.682491938045316
0.198836127302896,0.182418804003631,0.682361323502244
0.199250929907686,0.184904431882876,0.681446532764581
0.201485026846259,0.187763062053585,0.679744147504721
0.205674426092173,0.190348205459974,0.67738725955991
0.211645478090616,0.191989140403184,0.674641334702524
0.21891716367355,0.192174137951755,0.671848382854869
0.226822930605796,0.190686698053981,0.669338212381499
0.23469012328588,0.187626595628769,0.667352552181138
0.241986578348255,0.183331507610001,0.666013253045272
0.248392740731648,0.178262932661414,0.665330740021292
0.253807583534215,0.172903133893321,0.665233098641744
0.258309678979687,0.167680692084395,0.665600382189391
0.262093899525333,0.162929680732691,0.666295260671383
0.265405014810801,0.158881043331636,0.667184844573478
0.268486001708579,0.155677059019865,0.668152122195531
0.271548681206815,0.153395693761546,0.669098999168363
0.274764135625543,0.152074015162856,0.669944625946275
0.278265641696706,0.151725287593333,0.670622340688414
0.282157058859118,0.1523488365301,0.671077300114074
0.286521788247006,0.153934007526548,0.671265697067524
0.291429512219521,0.156460176097709,0.671155667087263
0.296939339672052,0.15989473180525,0.670729469270535
0.303098918394457,0.164190822244782,0.669986134116469
0.309939917534558,0.169286535442969,0.66894345656329
0.317471276885007,0.17510697473905,0.667638077291579
0.325672696412998,0.181570056015605,0.66612264724965
0.334491511025864,0.188595618363923,0.664459888533463
0.343845580636085,0.196115774896052,0.662714650021742
0.353632692986834,0.204083190853606,0.660946217502209
0.363744013564812,0.212474260330758,0.659203318807901
0.37407721048574,0.221286169937607,0.657523121493602
0.384545375037926,0.230529342913479,0.655933748550163
0.395080177337142,0.240218136247527,0.654458591685661
0.405630071506161,0.250362417880321,0.653120541516393
0.416155567230473,0.260961492667043,0.651944876778635
0.426623578578519,0.272000700151348,0.650960355358722
0.437002236788605,0.283450323289409,0.650198641608587
0.447256853295138,0.295266222105571,0.649692501893505
0.457347205829798,0.307391666469686,0.649473277250129
0.467226050722582,0.319760028048236,0.649568103785593
0.476838709403918,0.332298201421767,0.649997283173011
0.486123695195268,0.344930794160405,0.650772163408874
0.495014612604652,0.357585194708061,0.651893903029559
0.503443951987688,0.37019749601327,0.653353557923404
0.511349847118198,0.382718762489335,0.655133993366309
0.518687141487212,0.39512008286576,0.657214036990702
0.52544372345333,0.40739317741347,0.659574779904264
0.531661194903426,0.41954140672077,0.662206662651179
0.537454498504524,0.431555163842748,0.665113786036535
0.543017601409837,0.443368486091609,0.668309293299054
0.54859362408822,0.454804409254091,0.67179472837709
0.554387146571721,0.465538324812806,0.675521467652306
0.560425773789556,0.475132176266245,0.679349090652074
0.566451578257318,0.483175957802492,0.683038445802371
0.571968304418281,0.489472954888627,0.686311038341281
0.576449075454929,0.494116084193492,0.688944516586275
0.579532821789487,0.497400954383393,0.690831295225022
0.581085017178152,0.499681974823824,0.691974714628686
0.581155317234144,0.501271748205261,0.692451878442799
0.579905023070216,0.502398770137725,0.692373134087374
0.577543668471785,0.503202825261508,0.691851477584968
0.574287437323571,0.503748924186024,0.690985259799111
0.570339799775575,0.504046280446364,0.689852062124387
0.565888213711846,0.50406304093986,0.688508589051926
0.561107491833008,0.503732291371564,0.686991329916983
0.556160221471539,0.502949996457043,0.685314944033604
0.551186844975371,0.501570003411098,0.683468500895513
0.546282399790941,0.499404717060807,0.681412866797478
0.541464093149941,0.496241503301749,0.679084712478492
0.536643220517264,0.491881167347162,0.676412017855816
0.531621232629977,0.486193110889099,0.673340648510127
0.526124472161284,0.479165798207258,0.669862916130732
0.519872559887308,0.470923994209994,0.666033682837611
0.512652584324175,0.461698117411463,0.661964404694595
0.504364466864496,0.45176105807941,0.657798845624046
0.495022044112239,0.441368235518634,0.653684726509845
0.484723593208842,0.430727157759078,0.649753999165478
0.473618251728328,0.419996584858122,0.646114778158717
0.461886896299228,0.409298680260507,0.64285052156424
0.449741661844036,0.398725990724609,0.640020443414161
0.437435473910106,0.388330936859292,0.637657182138539
0.425261682639551,0.37809625507947,0.635761895280729
0.413520224329286,0.36790200352415,0.634302495019869
0.40244433775914,0.357519088433463,0.633223618895853
0.392116823865453,0.346654084206233,0.632471364811611
0.382427862287088,0.335044411417417,0.632023407178177
0.373113887260243,0.322567574769764,0.631905924747814
0.363867298283486,0.309302719828208,0.63218355629586
0.354454163779987,0.295502849202113,0.632927850490951
0.344775726653625,0.28149819809586,0.634185736789745
0.33485843704806,0.267594950464728,0.635965680689757
0.324803287463274,0.254020135414344,0.638242216928946
0.31473410698588,0.240917963139812,0.640968288779522
0.304765212042412,0.228373101506089,0.644086072808755
0.29498868011173,0.21643730718183,0.647533194858633
0.285473744601649,0.205148995864356,0.651245145404569
0.276271664581678,0.194544695307996,0.655155523489828
0.267422421585104,0.184664493660655,0.659195294340512
0.258961885237802,0.175553475219888,0.663291728561038
0.250929263040277,0.167260016205278,0.667367451849174
0.243374906101089,0.159830674765694,0.671340092830488
0.236367968208515,0.153300707808569,0.675123305508529
0.230001975454993,0.147679534890375,0.678630297766397
0.224394339396144,0.142932477173958,0.681781052044406
0.2196744810445,0.138963985365335,0.684513637795283
0.215956669023136,0.135611730119747,0.686798057438001
0.213299342331145,0.132662354555146,0.68864826559599
0.211662008593059,0.129896320911322,0.690125144100253
0.210882172104903,0.127159128724351,0.69132179688461
0.210701689660861,0.124434240115077,0.692327454594062
0.210853027255139,0.121867457057674,0.693183654051547
0.21116120942441,0.119707972998819,0.693863704252585
0.211589277241183,0.118202762229574,0.694292235304639
0.212209126324979,0.117518180044461,0.694385635894577
0.213140550804882,0.117718902898024,0.694084454558894
0.214500447209754,0.118786058330539,0.693366602654261
0.216375837074145,0.120648498980009,0.692245220655228
0.218817014344559,0.123211934404723,0.690758842769833
0.221842571934418,0.12637993207769,0.688960048354348
0.225448992437429,0.130065827593716,0.68690623428573
0.229620122886992,0.13419715221455,0.684653754363885
0.234334484933747,0.138715136057132,0.68225507697467
0.239570077167847,0.143571608174916,0.679758003157362
0.24530701403352,0.148724861430308,0.677206037411507
0.251528413410965,0.154135355876023,0.674639271288579
0.258219785231673,0.159761729704645,0.672095372564717
0.265367006992823,0.165557463889932,0.669610404435121
0.272952902681834,0.171468621068526,0.667219249294894
0.280952531324964,0.177433254243052,0.664955424656484
0.289327590902268,0.183383239976085,0.662850105636859
0.298020876706079,0.18924926672159,0.660930264621992
0.306952426309446,0.194969270530359,0.659216057223308
0.316019548841513,0.200499541303255,0.657717942817285
0.325102798145873,0.205826075040111,0.656434444798877
0.334078460212409,0.210972216211323,0.655351681761971
0.342835303779619,0.215998584721141,0.654445493184017
0.351290611698047,0.220993737276192,0.653686029526821
0.35940007134669,0.226058079894438,0.653043529761476
0.367158725370312,0.231286483753831,0.652493465758019
0.374594047992942,0.236754837698604,0.652019668950613
0.381754733578056,0.242513097044948,0.651615059616379
0.388699038898761,0.248584512188925,0.651280475393146
0.395485335083693,0.254969111172259,0.651022482645531
0.402166045556263,0.261649198993369,0.650851006969275
0.40878497492049,0.268595025854588,0.650777346578127
0.415377300965563,0.275769382799147,0.650812807238021
0.421971161537964,0.283130481099173,0.650967919369229
0.428589727584433,0.290632976404434,0.6512520115047
0.435252797856357,0.298227384818537,0.651672826102071
0.441977174669003,0.3058584260626,0.652235860445105
0.448775333954303,0.313463065500786,0.652943185326056
0.45565220998203,0.320969242682681,0.653791640706893
0.462600344009807,0.328296434322586,0.654770543592246
0.469594247510995,0.335359174335327,0.65585936518116
0.476585546125112,0.342074228304532,0.657026179022608
0.483501037045953,0.348371096185666,0.658227888158042
0.490245730040012,0.354203948528991,0.659413065976312
0.496711792323147,0.359561574412337,0.660527521412436
0.502792156359001,0.364471500507991,0.661521574686512
0.508395337807023,0.368995946636816,0.662357075721864
0.513457140209396,0.373220310979442,0.663012074323921
0.517946088571711,0.37723776161827,0.663481935295994
0.521861951011596,0.381134578813669,0.663777064434303
0.525229078367572,0.384979802505215,0.663918486793493
0.52808740484666,0.388820523984069,0.66393284870177
0.530483712289504,0.392682168385666,0.663848089412495
0.532464781145042,0.396572074648314,0.663690425338002
0.534073012774142,0.40048456467232,0.663482745576068
0.535344381593623,0.40440610662407,0.663244181104908
0.536308220430553,0.408319732045313,0.66299047783959
0.536988259903945,0.412208339401032,0.662734807653713
0.537404408154368,0.416056832797295,0.662488721126932
0.537574875649345,0.419853211584502,0.66226303157495
0.537518361835606,0.423588784352632,0.662068494176559
0.537256093260159,0.42725767507128,0.66191619581177
0.536813520974552,0.430855761195096,0.661817601126683
0.536221444804018,0.434379167551071,0.661784216234004
0.535516238906933,0.437822463916961,0.661826845466355
0.534738723324064,0.44117680336585,0.661954443428292
0.533931097305361,0.444428417331086,0.662172622039239
0.533131309369683,0.447558170695101,0.662481984374594
0.53236448145886,0.45054325298134,0.662876656011639
0.531631894671144,0.453362363437963,0.663343691431169
0.530900012701073,0.456005406424725,0.663864372674595
0.530094900032869,0.458486805696469,0.664418442797091
0.529109087513531,0.460857588028548,0.664991355075376
0.527824334683105,0.463207615157534,0.665582358639055
0.526143580228441,0.465651306331071,0.666209145980692
0.524016604015282,0.468300242959106,0.666905702381936
0.521447251103897,0.471235930710414,0.667714196582315
0.518482962381028,0.474495062529102,0.66867524388116
0.515196424099368,0.478069818467638,0.669820538466556
0.511668477017312,0.481917694982704,0.671169202911632
0.507976225206806,0.485974076787057,0.672727176157635
0.504186391217564,0.490163438449567,0.674488437725071
0.50035260085824,0.494407802438257,0.67643713188817
0.496515257246578,0.498632500444955,0.678550002988146
0.492702951466458,0.502769718207739,0.680798774351842
0.488934620396703,0.506760340891514,0.683152242428747
0.485221887623838,0.510554562215929,0.685577968693699
0.481571229863336,0.514111655333984,0.688043543458159
0.477985787935927,0.517399230942248,0.690517458928135
0.474466770665967,0.520392229680926,0.692969660798251
0.471014478224005,0.523071820206713,0.695371854832429
0.467629007631836,0.525424310080828,0.697697637290253
0.4643107114459,0.527440128054463,0.699922504462481
0.461060473679577,0.529112903283053,0.702023782631397
0.457879853813453,0.530438646715592,0.703980508183491
0.454771135367144,0.531415029144744,0.705773279373148
0.451737302714849,0.532040746119728,0.707384096194729
0.448781959357971,0.532314959999343,0.708796202656332
0.445909193382373,0.532236812126101,0.709993945570007
0.443123390883622,0.53180500249451,0.710962665292673
0.440428996256508,0.531017439420358,0.711688635530651
0.437830218989839,0.529870966907032,0.712159070593234
0.435330690716709,0.528361181851089,0.712362217936555
0.432933083347643,0.526482356108644,0.712287550521011
0.430638709126731,0.524227478902391,0.711926066378326
0.428447135264934,0.521588432314823,0.711270691575038
0.426355857550116,0.518556306260898,0.710316768102661
0.424360085862616,0.515121849070156,0.709062591853861
0.422452696322883,0.511276035837234,0.707509950369863
0.420624396605893,0.507010719912531,0.705664598640011
0.418864130955213,0.502319315264419,0.703536607084581
0.417159720256503,0.497197442132319,0.701140521485995
0.415498694262083,0.491643460566481,0.698495291678137
0.413869234357922,0.485658820394021,0.695623953366764
0.412261115236192,0.47924817539338,0.6925530822358
0.410666520890415,0.472419242656638,0.68931207483502
0.40908061971152,0.465182428927147,0.685932338210444
0.407501814563718,0.45755028420407,0.682446482372714
0.405931629451983,0.449536868420862,0.678887602700618
0.404374243649321,0.441157123446905,0.675288715413979
0.402835725962822,0.432426330296451,0.671682375318928
0.401323050123639,0.423359708022664,0.668100470668695
0.399842988074842,0.413972187219426,0.664574162953522
0.398400989000355,0.404278378241149,0.661133923528806
0.397000170010117,0.394292759421904,0.657809613270601
0.395640580514843,0.384030133273141,0.654630550806333
0.394318961312783,0.373506430771188,0.651625513146256
0.39302929100238,0.362739965364454,0.648822604617094
0.391764459325082,0.351753218522504,0.646248916420633
0.390519351298056,0.340575136984129,0.643929889935663
0.389295347059153,0.329243699233169,0.641888315182634
0.388105628497401,0.317808166128682,0.640142976150374
0.386979794980479,0.306330095718391,0.638707122350904
0.385965599263088,0.294882219799294,0.637587163903565
0.38512595974556,0.283545040495382,0.636782098284071
0.384531156710656,0.272402279892144,0.636283980025734
0.384248184181429,0.261536806045026,0.636079285934519
0.384329897832538,0.25102721593177,0.636150736825425
0.384805959428783,0.240943084087982,0.636479338147661
0.38567742752254,0.231337284192646,0.637046705877645
0.386917230780477,0.222237925278033,0.637837443148898
0.388477195954872,0.213645726388318,0.638840647019182
0.390298691775453,0.205539733395188,0.640049701222728
0.392322259927061,0.197888032195222,0.641460555342168
0.394493574832969,0.190657785381461,0.643069507193963
0.396765884153547,0.183821450416855,0.644871389548691
0.399100293320743,0.177359209187382,0.646858495781815
0.401465081915982,0.171258995328189,0.649020162435078
0.403834705767571,0.165515426422594,0.651342790262551
0.406188756953628,0.160128430736564,0.653810108711519
0.408510972929777,0.155101921340991,0.65640355596793
0.410788322753388,0.150442622673966,0.659102704592796
0.413010183526198,0.146159052738142,0.661885698125999
0.4151676173418,0.142260643577319,0.664729679716317
0.417252753338846,0.138756992894751,0.667611197777761
0.419258267830975,0.135657249358874,0.670506573922177
0.421176941546385,0.132969630058408,0.673392220538099
0.423001263806992,0.130701052218996,0.676244901432837
0.424723056076319,0.128856843328076,0.679041937758333
0.426333106090466,0.127440486415529,0.681761370615703
0.427820837652471,0.126453368634386,0.684382098874935
0.429174081542279,0.125894532133694,0.6868840140874
0.430379043082967,0.125760468379079,0.689248152396911
0.431420559951509,0.126045034244341,0.691456874563598
0.432282693431303,0.12673957992448,0.693494069544762
0.43294960129876,0.127833350276826,0.695345357665183
0.433406534138562,0.129314155834202,0.696998253537761
0.433640730497414,0.131169233615445,0.698442244827729
0.433641998207143,0.133386168075371,0.699668754489467
0.433402856016223,0.135953743390712,0.700670976878361
0.432918227654995,0.138862645018212,0.701443601953593
0.432184776692796,0.142105993211001,0.701982457455858
0.431200015131872,0.145679742995641,0.702284103265726
0.429961314355097,0.149583005791322,0.702345408551408
0.428464917512699,0.153818332910401,0.702163138254297
0.426705026463887,0.158391950681211,0.701733580262069
0.424673038556209,0.163313848349076,0.701052268793889
0.422357054721062,0.168597493214737,0.700113912461696
0.419741865939079,0.174258815000682,0.69891271450613
0.416809690416994,0.180314092064858,0.697443333699745
0.413541839723507,0.186776721827396,0.695702663924826
0.409921109566111,0.193653693499106,0.693692286089861
0.405934197327431,0.200943413922655,0.691420971540677
0.401573412028974,0.208636347746046,0.68890643992356
0.396837655123664,0.216718506644997,0.686176004765209
0.391733536968321,0.225176410119172,0.683266392058594
0.386277817779954,0.234001747815005,0.680223269581369
0.380502019814235,0.24319414721087,0.677100756985572
0.374459183489766,0.252760393049669,0.673960657861807
0.368231166619932,0.262708227051563,0.670870602476591
0.361932478086325,0.273033464067467,0.66789996148778
0.355704342643401,0.283701731276507,0.665112756453262
0.349693230669442,0.294630458560962,0.662558337911196
0.344014347439921,0.305680167317236,0.66026300982516
0.338711966271018,0.316663661003342,0.658227456095877
0.333739332327642,0.32737688375649,0.656433803002054
0.328980023173114,0.337644367758392,0.654861195371965
0.324308067908195,0.347356360856906,0.653501419156258
0.31965066713876,0.356473431965333,0.652363917936431
0.315016964146079,0.364999519514434,0.651467650651114
0.310489116634856,0.372946436071583,0.650826749279923
0.306195528495495,0.380308767324103,0.650438129517394
0.302285431661494,0.387052724447959,0.650274546665974
0.298913669233837,0.393113688488817,0.65028249112573
0.296236632719933,0.398397784384404,0.6503833136729
0.294416517917484,0.402789271593964,0.650477538462127
0.293627222567426,0.406174424690346,0.650455386264964
0.294046372634784,0.408498498999154,0.650219508707568
0.295807539441065,0.409859361051523,0.649723416153451
0.298902667668208,0.410581343780161,0.649009971090376
0.30310200448817,0.411135111217132,0.64820471198924
0.308007987077115,0.411872928637028,0.647443053296157
0.313220088119661,0.412822791515314,0.646797295138901
0.318467565688036,0.413716751569173,0.646263471201374
0.323655047656166,0.414146729266533,0.645789488469303
0.328842021372326,0.413714909205151,0.645312721246371
0.334184296597273,0.412130088800487,0.644792210353911
0.339868989640148,0.409243758368685,0.644227178023976
0.346067873091708,0.405040800989037,0.643659279611709
0.352914929896024,0.399609244325278,0.643162830521001
0.360501126731967,0.393109296532081,0.642829837402439
0.368876616595797,0.385751593602657,0.64275505431703
0.378051558752847,0.377784660309512,0.643023459035131
0.387988988034451,0.369483750413615,0.643700575360575
0.398588139902381,0.361128722659862,0.64482568441796
0.409666529662498,0.352961047769657,0.64640878717932
0.420961715636164,0.345124878926309,0.648432961287762
0.43217452612278,0.337623039266508,0.650862867288228
0.443045891990639,0.330330329360505,0.653656658950804
0.453419241678226,0.323069050012824,0.656774972316396
0.463247715892291,0.315694064011235,0.660182484793451
0.472557086593482,0.308133332026182,0.663844103585717
0.481403592674985,0.30037867289995,0.667721538218111
0.489853731211052,0.29245442442208,0.671774018073293
0.497991481166046,0.284392254022653,0.675962516716399
0.505941699465873,0.276229873275372,0.680252566371356
0.513883624442,0.268039950380964,0.68460786074756
0.522019839178515,0.259980109635348,0.688968003929801
0.530479134119169,0.252334140398417,0.693212625579884
0.539182229542984,0.245492080217984,0.69713394503631
0.547780505893867,0.239825788011621,0.700460107690085
0.555776537144548,0.235525135887394,0.702940296911127
0.562742983425234,0.232553253437496,0.704422307652585
0.568445231620507,0.230744912952101,0.704861358555731
0.572824043208282,0.229925928848511,0.70428293761545
0.575918214456956,0.229975552506651,0.702744661243384
0.577792916006845,0.230835324005505,0.70031518335346
0.578496363251158,0.232490097580468,0.697069486890109
0.57804457516882,0.234937077592035,0.693095377518095
0.57642656217327,0.238145926234384,0.688506190879207
0.573623411331127,0.242006826047627,0.683454901403934
0.569637936335127,0.246271008802774,0.678141810326803
0.564527885106034,0.250521745907827,0.672800737692861
0.558422440664861,0.254274472201006,0.667645117829731
0.551488581404263,0.257344632250284,0.662770065333187
0.543814452895658,0.260385960199539,0.65807080981858
0.535291806577307,0.264685622560918,0.653369667232939
0.525724378814493,0.270969979022923,0.648709478261952
0.515042134114542,0.279008527584859,0.644376406213957
0.503366780962806,0.288127134629452,0.640705032074821
0.490958886597643,0.297662058442283,0.637941263388986
0.47814043790988,0.307115968103265,0.636210483680417
0.465198547348697,0.316141587083638,0.63553088509449
0.45226351064363,0.324501705467732,0.635834436468769
0.439286574763087,0.332048478012585,0.637000742883329
0.426166674664411,0.338699090549257,0.638894747977985
0.412868833901651,0.344425402045773,0.641388353158541
0.399469778733228,0.349279140357283,0.644372421380334
0.386172295843342,0.353430006703118,0.64776702415911
0.373288238766236,0.357160141544299,0.651519408175503
0.36113454043864,0.360744210992742,0.655571791638837
0.349808772809075,0.364187292814633,0.659796493157177
0.339008565283666,0.367008024857063,0.663950925224211
0.328241655159919,0.368515891857239,0.667765245201462
0.317237521454285,0.368377687971406,0.671099325644905
0.306031479343067,0.366705291997673,0.673957716652519
0.294819461558452,0.363803428477335,0.6764042102204
0.283826556170276,0.359973659958642,0.678497248424267
0.273239059711979,0.355441376079388,0.680270787612383
0.263185313621691,0.350356797143917,0.681741723006006
0.253743289481378,0.344822669717486,0.682923314446554
0.244956508841792,0.338921763224108,0.683834222290946
0.236849148718146,0.332735648719882,0.684501319613157
0.229438722369351,0.326355352384657,0.684957625121125
0.222747351719557,0.319886191325321,0.685236901827067
0.216811612660203,0.313447793714719,0.685366367531782
0.211688347572665,0.307168596430248,0.685359512429174
0.20745190521918,0.301173323055861,0.685211843305384
0.204178743770555,0.295562840905902,0.684902511511143
0.201918221273952,0.290388271011539,0.684403556766323
0.200653183797848,0.285625116371481,0.68369595994924
0.200263382963813,0.281160117718823,0.682787840284144
0.200520233245998,0.276812008818655,0.681724999144084
0.201140714562558,0.272397620255625,0.680582897104138
0.201878106960457,0.267809815892274,0.679442020182984
0.202580962083109,0.26304962630562,0.678364791668556
0.203191323004532,0.258202747377962,0.677386827975287
0.203711654814649,0.25339601394817,0.676519510411089
0.204172695613891,0.248762345907467,0.675756456765582
0.204613190075429,0.244421040492039,0.675079839353471
0.205070338284588,0.240470042382542,0.674465320537351
0.205577030662867,0.236985170420542,0.673885514322872
0.206162465605673,0.234022433566032,0.673312275562173
0.206853876323762,0.23162115216018,0.672718211958171
0.20767812327326,0.229806865935979,0.672077743444421
0.208662666622982,0.228593769602325,0.671367899737542
0.209835894627668,0.227986741147489,0.670568931667553
0.211226996921276,0.22798308592857,0.669664750200772
0.212865615705318,0.228574067004452,0.6686431938728
0.214781459892658,0.229746226654313,0.667496138554533
0.217003986552768,0.231482467103388,0.666219481896269
0.219562177680859,0.233762855500805,0.664813045646006
0.222484386682052,0.236565138431095,0.663280438156964
0.225798203132259,0.239864980717524,0.661628908327121
0.229530283840362,0.243635970608449,0.659869205095374
0.233706116565351,0.247849451011652,0.658015438231196
0.238349711119549,0.252474239779879,0.656084920991736
0.243483239940608,0.257476289529366,0.654097967036185
0.2491266633337,0.262818311178816,0.652077615229151
0.25529736010659,0.268459353070834,0.650049266757483
0.262009732914606,0.274354303686446,0.648040236245169
0.269274671355294,0.280453291659422,0.646079235525128
0.277098654706767,0.286701014797255,0.644195816647301
0.285482203088287,0.293036156326346,0.642419792041836
0.2944174052568,0.29939123737748,0.640780623058121
0.3038844408453,0.305693466865021,0.639306731984536
0.313847436794592,0.311867277919521,0.638024667940039
0.324250635730219,0.317839107173542,0.636958073374533
0.335016504550319,0.323544384924639,0.636126481611683
0.346047614713135,0.328935635488297,0.635544122870555
0.357233338702544,0.333989446137898,0.635219062190209
0.368460561833912,0.338709699688493,0.635153020406749
0.379625608903122,0.343125540216481,0.635342055568915
0.390643855957021,0.347284656666693,0.635777968419505
0.401454635928417,0.351244257325346,0.636450035023211
0.412021170890102,0.355062492514765,0.637346620768037
0.422326960548543,0.358792193285826,0.638456384598191
0.432370641588282,0.362477515159444,0.639769009759809
0.44216102376285,0.366153106290578,0.641275571524572
0.45171332736697,0.369844934421919,0.642968718353354
0.461046961241842,0.373571790209894,0.644842807661865
0.470184648550374,0.377346592773255,0.64689403922351
0.479152377080373,0.381176864873608,0.649120515834747
0.487979521160776,0.385064053745999,0.651522072775999
0.496698513194444,0.389001694087855,0.654099678361371
0.505343565507937,0.392972720746371,0.656854226099429
0.513948105330591,0.396946571392562,0.659784624969087
0.522540812397213,0.400877112311082,0.662885276088764
0.531140556471328,0.404702781399969,0.66614332878394
0.539751202313601,0.408350307739456,0.669536480051711
0.548357957677408,0.411742435160749,0.673032283657068
0.556927048542343,0.414808235547672,0.676589640344531
0.565409483271466,0.41749289663709,0.680162298914907
0.573747914857708,0.419763775184781,0.683703302717425
0.581884357104678,0.421611274679377,0.687169020312778
0.589766570230004,0.423045365738212,0.690521832867282
0.597351962001017,0.424089823646973,0.693731266185477
0.604608968840677,0.42477620013172,0.69677387451016
0.6115165390523,0.425138788643643,0.699632362983205
0.618062505472928,0.425211050827492,0.702294383735411
0.624241512613783,0.42502345416755,0.70475130629181
0.630052948933662,0.424602441733145,0.706997135948445
0.63549913759416,0.423970216005859,0.709027663797353
0.640583896903428,0.423145069574875,0.71083987746244
0.645311494856681,0.42214207024373,0.712431631180993
0.64968597757243,0.420973974435856,0.713801557291802
0.653710833152572,0.419652289831644,0.714949191007352
0.657388948651344,0.418188434673322,0.715875272124048
0.660722818284922,0.416594948565203,0.716582177430847
0.663714958194075,0.414886698863856,0.717074423229674
0.666368470754727,0.413081998286874,0.717359156665844
0.668687674666388,0.411203503705876,0.71744652702118
0.670678673253776,0.409278702990302,0.717349794755262
0.672349672425436,0.407339712441482,0.71708499792863
0.673710784673235,0.405421993103674,0.716669953443517
0.674772981042277,0.403561445913549,0.71612233219892
0.67554582855313,0.401789208301852,0.715456554417558
0.676033804953598,0.400123549930987,0.714679431431419
0.676231540858183,0.398559055513171,0.71378507920501
0.676119435056513,0.397055482195355,0.712750838415538
0.675662183952588,0.395532084640043,0.711537250356855
0.67481229096457,0.393874721308165,0.710094748210744
0.673517642727947,0.391957830554437,0.70837608413173
0.671729236908158,0.389672794110433,0.706349029368919
0.669405766401579,0.386949124438499,0.704003647931204
0.666514977231634,0.383761209428595,0.701352712827918
0.663033528930429,0.380122861123719,0.698427596678162
0.658946562236815,0.376075861802843,0.695272545940069
0.654247107045196,0.371677528266287,0.691939120324716
0.648935053510894,0.366990024614188,0.688481568103616
0.643015618910741,0.362072597715621,0.684953430823896
0.6364975966679,0.356977005236156,0.681405446632037
0.62939182737939,0.351745778851818,0.677884626797213
0.621710228080905,0.346412542981799,0.67443420967163
0.613465494651199,0.341003464325067,0.67109412203831
0.604671406319539,0.335539036973394,0.667901616563617
0.595343567061303,0.330035707262307,0.664891853811153
0.58550039709452,0.324507181782339,0.662098294986488
0.575164220288241,0.31896552735351,0.659552838867958
0.564362390242542,0.313422284251567,0.65728567770716
0.553128538877955,0.307889781103647,0.655324865044609
0.541504128012923,0.302382772284479,0.653695569361593
0.529540436105443,0.29692051063457,0.652418925233498
0.517300870792777,0.291529378218086,0.651510320538417
0.50486303910363,0.286246080529845,0.650976947898183
0.492319317576848,0.281121032420407,0.650814608867153
0.479773849301139,0.276220898865089,0.651004209249805
0.467333351977836,0.271628437753187,0.651509163200191
0.455089666063002,0.267437132288615,0.652275831021854
0.443094869553295,0.263738071287053,0.65323954380536
0.431336318247021,0.260598128205986,0.654337613704061
0.419727515949671,0.258033492080854,0.655526801734706
0.408131158909192,0.25599063180943,0.656797073300643
0.39641113564094,0.254349779584733,0.658172129212058
0.384484530140781,0.252955350359584,0.6596949436614
0.37234492916014,0.251660500579905,0.661406559919175
0.36005272707111,0.250364337535561,0.663328889912461
0.347707665728477,0.249026384751431,0.66545739732385
0.335421173116945,0.247658332932837,0.667763021299291
0.323297805794166,0.246304251777165,0.670199122960827
0.311426684598675,0.245020581714587,0.67270940572689
0.299880066548233,0.243861664314372,0.67523449838712
0.288716003104097,0.242871741955135,0.677716355823369
0.277983012246706,0.242082086729336,0.680100418424209
0.267725613471257,0.241511479925225,0.682335787939139
0.257990124374344,0.241168683307742,0.684373768364711
0.248830236068801,0.241056207812645,0.686165192510759
0.240311537930546,0.241175270064991,0.687657204464915
0.232513399798137,0.241532165708483,0.688790716412007
0.225525714371464,0.242146254321037,0.689500517148016
0.219437541709589,0.243059050294994,0.68972059059984
0.214315753729893,0.244341787995403,0.689396884658316
0.210176389696406,0.246094511730472,0.688507272239237
0.206961292179612,0.248425778504959,0.687082257082656
0.204540915388711,0.251408360003955,0.685212691172908
0.202752669895842,0.255028976880101,0.683033468373829
0.201455687198585,0.259168064083864,0.680688447609289
0.200573808326933,0.263631937764418,0.678293548962864
0.200112005653487,0.268221586248663,0.675914263713739
0.200144011663854,0.272791487997705,0.673567103473351
0.200782020807781,0.277263696837667,0.671240033437966
0.202146125656646,0.281603393660245,0.668916346967304
0.204343166450899,0.285783715112478,0.666590867534565
0.207453029653027,0.289764733621843,0.664277126539346
0.211516238752396,0.293501544380766,0.662009144287276
0.216524377019799,0.296973945610845,0.659839914857428
0.222424025654626,0.300202042226359,0.657835304633692
0.229134534538637,0.303227814796729,0.656064241698186
0.236565930719939,0.30608597254681,0.654589716708297
0.244629982517601,0.308787824308461,0.653463042285769
0.253248147861674,0.311318473082194,0.652720762243176
0.262361152209698,0.31364057525298,0.652383498812578
0.271941067600423,0.315702635135612,0.652457173770009
0.282001888964063,0.3174545206107,0.652937710837671
0.292599575514991,0.318873794650896,0.653819745651729
0.303809834871901,0.32000107613787,0.655107495258262
0.315677578422704,0.320968013034378,0.656821954730277
0.328151907509258,0.321984896160962,0.658995749923709
0.341043704407334,0.323266774713652,0.661651384457895
0.354041557193762,0.32493023179109,0.664772077228644
0.366797515837523,0.326933900791036,0.668286838753256
0.379048150414043,0.329112992985977,0.672086452257323
0.390683176365356,0.331275554167922,0.676057742470879
0.40171912428587,0.333275854226463,0.680106025133683
0.412229810666319,0.335030530190393,0.684156053798101
0.422291413971998,0.336501649163017,0.68814244123409
0.431957576012052,0.337673753912491,0.692000516457272
0.44125663484405,0.338535424046986,0.695661785780654
0.450199878627365,0.339066849200714,0.699054015221246
0.458793148900351,0.339233247827789,0.702104847055195
0.46704823313014,0.338985164222742,0.704748238035634
0.474992858248022,0.338268272785024,0.706933146556637
0.482676965050928,0.337045410229593,0.708632275068861
0.490168623765034,0.335329726030644,0.709845361453728
0.497530159536295,0.333217856807516,0.710588958676017
0.504770416345119,0.330900096543538,0.710866794809277
0.511784686589035,0.328627323342466,0.710626225612209
0.518317252059676,0.326637173583134,0.70972814242566
0.524001618824222,0.325067288140745,0.707974391261032
0.528488865501923,0.323908826756105,0.705200316104517
0.531565733288003,0.323037670934044,0.701360330981597
0.533173124226326,0.322289476414143,0.696540805938911
0.533349683094961,0.321523523158556,0.690916861174793
0.532164470547409,0.32065341453912,0.684700879947281
0.529674422688756,0.319644844070699,0.678109621594929
0.525912769279044,0.318488430132824,0.671352449074353
0.520900863012224,0.317158290729653,0.664632145738554
0.5146769183519,0.315569187742881,0.658150253110604
0.507343069424612,0.313559175847535,0.652113049564592
0.499131685563002,0.31095282711967,0.64673407702815
0.490451785826529,0.307754466906581,0.642217589078266
0.481782881634111,0.304373618654431,0.638698629438362
0.473354416002492,0.301610412132267,0.63617555280292
0.464963097201859,0.300404952470312,0.634546448588521
0.456342578416078,0.301684092080152,0.633748276754881
0.447792569470135,0.306296442672091,0.633850481457788
0.440082245777599,0.3144275033015,0.635015667094238
0.433564737446403,0.325137250803537,0.637376718974014
0.428040622514071,0.337141866807079,0.640957739291881
0.423234138407265,0.349501257413489,0.645680923907385
0.418983766248836,0.361658714781969,0.651403385344381
0.415214690516022,0.373296886627449,0.657947112349718
0.411877981791474,0.384216640680647,0.665114972528861
0.408901413770658,0.394252359583464,0.672693909933188
0.40615862908482,0.403211350062665,0.680446533361544
0.403475137851247,0.410845113779224,0.688095791555202
0.400699921657345,0.416879335660502,0.695317786690702
0.39783841126065,0.421121955528839,0.70176847971567
0.395144792593818,0.423623785582784,0.707168152178527
0.393012619516543,0.424775577457714,0.711420361898887
0.391709553838141,0.425182596605921,0.714651205648239
0.39124197804028,0.425352396380109,0.717086544326293
0.391447209088836,0.425489652212563,0.718886763565322
0.392137101168831,0.425547579863901,0.720096574117633
0.393165287624955,0.425379899596428,0.720691859330416
0.394432489953931,0.424847114925533,0.720639341661833
0.395872506602666,0.423855489805463,0.719930541737993
0.397438336594752,0.422352415747225,0.718586596226665
0.399090352470273,0.420303548799977,0.716645496081548
0.400784142236713,0.417671883335364,0.714148842366276
0.40245983652354,0.414407107269543,0.711136107172728
0.404036881054458,0.410444156389348,0.707644042875919
0.405417706697287,0.405709831249225,0.703708434260701
0.406504400312593,0.40013958738185,0.699368101340371
0.407233205597764,0.393709198145545,0.694672495499884
0.407626026417074,0.386482790757661,0.689693396939364
0.407833972228755,0.378653531005559,0.6845341835569
0.408115427385694,0.370509748355016,0.679318804960118
0.408728070603346,0.362300321839514,0.674156423788693
0.409825204727062,0.35412008701913,0.669117449483373
0.411437414164619,0.345917993544509,0.664244130298603
0.413511471601311,0.337575945872298,0.659574362534147
0.415955577778951,0.328981308630941,0.655156789127609
0.418671772263432,0.320066842607385,0.651053444484226
0.421573979977839,0.310820518059888,0.64733435725647
0.424594595362512,0.301276675960775,0.64406952379735
0.427683877537732,0.291500539179744,0.641321980950618
0.430806317640786,0.281573687488933,0.639143380888987
0.43393677096357,0.27158310292362,0.637571931730213
0.437057585325113,0.261613577783618,0.636632089709579
0.440156740138001,0.251742551336557,0.636335459385192
0.443225840603473,0.242036512189642,0.63668248240038
0.446256247065089,0.232548620682795,0.637664464242137
0.449233082437028,0.223318600512706,0.639265269066924
0.452128660872902,0.214376494374242,0.641461781698146
0.454897432064471,0.205750237156581,0.644222443684799
0.457475284417534,0.197474722593473,0.647504133575375
0.45978602103067,0.189598342945807,0.651249106385826
0.461754748120264,0.182183070479877,0.655384527789049
0.463323007071568,0.175297246721471,0.659826054291224
0.464458517168954,0.169004728885113,0.664484308512434
0.465155945107268,0.163355856462638,0.669271348491057
0.465430629848558,0.158383410929053,0.674104859517806
0.465309812324008,0.154103227776503,0.678909691290166
0.464825012271683,0.150517340402983,0.683617677711465
0.464007054258506,0.147617703640199,0.688166871688044
0.462883652898434,0.145389441621379,0.692500911270075
0.461478797618296,0.143813309089128,0.696568766196894
0.459813126676306,0.142867433205774,0.700324827917409
0.457904689934433,0.142528516047727,0.703729201444039
0.455769748321797,0.1427726650921,0.706748059971866
0.453423450539214,0.143575968558825,0.709353966409408
0.45088034563218,0.144914884119753,0.711526111664217
0.448154747765565,0.146766474964011,0.713250452842022
0.44526098844459,0.1491085063334,0.714519753417589
0.442213589381647,0.151919404827326,0.715333534760459
0.439027377645351,0.155178078557264,0.715697947758698
0.435717549648106,0.158863596418192,0.71562556755689
0.432299674952879,0.162954727975452,0.71513510557436
0.428789615344016,0.16742935224735,0.714251022592631
0.425203319927867,0.172263754978021,0.713003015901664
0.421556443192366,0.177431853628325,0.711425343372971
0.41786372035172,0.182904424788836,0.709555938157382
0.414138025537525,0.188648471262321,0.70743525961598
0.410389041464035,0.194626967953859,0.705104821383669
0.406621504975824,0.200799366769385,0.702605346745442
0.402833100356926,0.207123384539178,0.699974550852093
0.3990123027172,0.213558637812475,0.697244681259559
0.395136849517964,0.220072428781836,0.694440200341578
0.391173938880787,0.226647196723165,0.691576338593922
0.387083379146824,0.233287802625888,0.688659501604415
0.382824228322806,0.240025509167811,0.685690304406014
0.378363795418718,0.246915579691772,0.68266903760769
0.373686123317879,0.254027816415283,0.679601970234224
0.368796840320629,0.261432948615569,0.676506141135381
0.363723051394493,0.269189697391262,0.67341098261818
0.358509251905975,0.277336132862212,0.670356719157646
0.353211341193821,0.285886142133536,0.667390715180512
0.347890477367003,0.294829781651244,0.664563188498697
0.342607651092758,0.304135814802281,0.661923273890145
0.337419233369082,0.313755250387608,0.659515877046837
0.332373559555849,0.323625359805033,0.657379409522956
0.327508674702532,0.333673984787478,0.655544361443043
0.322851421215201,0.343823898753116,0.654032638012497
0.318417927099744,0.353996777006163,0.652857550629587
0.314215265540405,0.364116247573383,0.652024285180783
0.310243770125318,0.374109666294567,0.651530612753414
0.306499370946911,0.383908600875094,0.651367614576061
0.30297540641475,0.39344833068471,0.651520273021735
0.29966358416768,0.402666838110621,0.651967898856266
0.29655400308508,0.411503757849681,0.652684473593551
0.293634344711458,0.419899604772244,0.653639048293056
0.290888498606276,0.42779537121273,0.6547963348859
0.288295048261437,0.435132313123159,0.656117541649659
0.285826262232112,0.441851493876257,0.657561344696439
0.283448502449137,0.447892564133932,0.659084699511976
0.281125127869739,0.453191581105619,0.660643113959821
0.278822686318657,0.457678659232314,0.662190242104115
0.276520045534635,0.461277690902544,0.66367733859306
0.274218160875662,0.46391109784665,0.665053906662828
0.271946488364128,0.465510910878627,0.666270901272775
0.269762403517258,0.466033450491454,0.667286487152613
0.2677430270521,0.465471562328147,0.668072373684829
0.265972641173943,0.46385906975479,0.668617938576545
0.264530487761833,0.461266273773837,0.668930481810203
0.263482424990313,0.457789305383263,0.669031926811089
0.262877400352963,0.453537505601883,0.668953597103134
0.262747817024458,0.448622147970394,0.66873084873909
0.263112180128038,0.443148167723537,0.668398748851847
0.263978560620105,0.437209120030898,0.667989250409178
0.265347899821339,0.430884720007916,0.667529779912917
0.267216656978168,0.424240014798788,0.667042917458284
0.26957862900891,0.417325341231525,0.666546835622022
0.272425930439728,0.410176542788799,0.666056255665223
0.275749161651149,0.402815313934341,0.665583777120402
0.279536782024285,0.395249926673018,0.66514148040169
0.283773705545627,0.38747693095004,0.664742665117658
0.288439209278669,0.379484672579546,0.664403463844524
0.293504454037969,0.371259566616211,0.664143872204082
0.298930332297351,0.362795790224379,0.663987502969763
0.304666988405314,0.354107939289375,0.66395924743941
0.310656890549048,0.345243648880576,0.66408036717208
0.316842809545158,0.336289749108485,0.664361814030776
0.323179394460738,0.327364787042141,0.664798557448851
0.329643357545812,0.318597292667148,0.665368479839663
0.336236754895772,0.310099845288603,0.666037036846141
0.342982226103857,0.301952043342611,0.666765100774929
0.349913782879946,0.294197384646798,0.667516132877137
0.357067554495421,0.286850056274103,0.668260539435398
0.364475001100995,0.279905210845589,0.668977160688907
0.372159228799747,0.273348361225118,0.669652821256494
0.380134000829057,0.267162019002201,0.670280983669077
0.388404507531945,0.261329253283038,0.670860319727298
0.396968706102613,0.255834672031882,0.671393666307889
0.405818089607874,0.250663750010583,0.671887444123318
0.414937100507912,0.245801559197317,0.672351282799816
0.424300979657384,0.241231870956578,0.672797398681334
0.433872543184133,0.236937394167423,0.673239252888477
0.443599132395962,0.232901631411134,0.673689197283617
0.453411577733219,0.229112382118152,0.674155227323844
0.463226953252938,0.225566178429487,0.674637570003161
0.472955636761524,0.222272097554734,0.675126367492609
0.48251099226076,0.219253119904701,0.675601672172499
0.491818322322838,0.216544055391611,0.676036104303864
0.500820044931488,0.214186619043339,0.676399335432014
0.509476075365666,0.212223323902579,0.676662908610001
0.517760482135739,0.210691808688165,0.676804125744154
0.525656403007706,0.209620415113286,0.676808428733624
0.533150963967023,0.209025028662985,0.676670317557687
0.540231169832351,0.208906814168349,0.676393120063651
0.546880934156921,0.209250539744857,0.675987875909047
0.553078778642807,0.210023569149528,0.675471351227684
0.558795270298273,0.211176175116396,0.674862905362659
0.563988979131671,0.212644356545768,0.674179754144152
0.568599776446193,0.214356303318415,0.673430368458375
0.572539084125776,0.216242022001759,0.672606687130806
0.575678799852951,0.218241313913839,0.671677764304474
0.577843781303371,0.220299529411509,0.670589588859285
0.578814732135703,0.222340812598279,0.669275318408569
0.57834701428485,0.224224944230072,0.667675089976038
0.576207481289168,0.225720268992269,0.665758971061014
0.57222509406172,0.226531506776617,0.663546151201741
0.566340722264985,0.226385994299381,0.661116149236614
0.55863926165779,0.22513221979395,0.658609020938717
0.549353766767704,0.22279454327119,0.656209855303812
0.538826431619921,0.219560781151849,0.65411340542556
0.527423053059461,0.215715788064335,0.652480098207205
0.515450878288307,0.21156117405648,0.651410554374422
0.503134478792973,0.207361198994911,0.650949031545025
0.490639033869377,0.203322497354125,0.651099902851234
0.478099340871959,0.199592155677605,0.651841590032902
0.465631681566689,0.19626052684159,0.653135190728398
0.453326618843576,0.193364718209087,0.654931311052504
0.441230816792539,0.190895445404283,0.657178139113451
0.429332202974592,0.188812391013313,0.659830462487211
0.417565294173106,0.187069752929908,0.662855611263208
0.405843483179398,0.185644042575933,0.666231581677909
0.394103203184983,0.184549381229877,0.669937238727346
0.382333919301965,0.183832769998653,0.673940358424923
0.37058200650107,0.183556198923797,0.678189690058553
0.358936497542883,0.183777680926703,0.682612926244838
0.347510427747649,0.184538133943502,0.687118902250633
0.336425939955509,0.185854707618524,0.691601657174752
0.325804501996719,0.187718479482558,0.695945008116255
0.315759792945768,0.190094817161289,0.700027594329462
0.306389884218425,0.192926278517357,0.703729220252649
0.297766331609485,0.19613939512886,0.706939421634905
0.289920233172026,0.199657263985957,0.709568234530101
0.282829157267964,0.203418758103623,0.711557027788817
0.276413446283453,0.207401226926897,0.712884572945884
0.270551875486503,0.2116372220385,0.713562730612649
0.265118228138713,0.21621341139735,0.713620644968434
0.260024015987274,0.22124981823397,0.713084592241693
0.255246369128129,0.226872936637,0.711963857777596
0.250833508518379,0.233198164543697,0.710247277378863
0.246896602015296,0.24032484455893,0.707907715163598
0.243600645379016,0.248336888193284,0.704909378587419
0.241160420684845,0.257298997711769,0.701215359803623
0.239836792327912,0.267238804009663,0.696797937077697
0.239917484911824,0.278107824296907,0.69165865468959
0.241659914962436,0.289723958781671,0.685863978847875
0.245184442521973,0.301732158492743,0.679588443444635
0.250372036371546,0.313676929377649,0.673123789406478
0.256908324120364,0.325215558898994,0.666804496352033
0.264488418901118,0.336261559717427,0.660899618441996
0.272964272384901,0.346901047306403,0.655579990815221
0.282328191217099,0.357224418077436,0.650956660958451
0.292626011956696,0.367218476026167,0.64711977237425
0.303889107317707,0.376725090869715,0.644147083200838
0.316098523474391,0.385430143106002,0.642090848383762
0.329151864790325,0.39287681283682,0.64096239023708
0.342805367819028,0.398551260055021,0.640731449692912
0.356617456559748,0.402107765872026,0.641348359827974
0.370008831862747,0.403648819690264,0.642770743315259
0.382505076269701,0.403754982671031,0.644962762671333
0.393952356302471,0.403168112104773,0.647877660617144
0.404485566970125,0.402454032079249,0.651452899034825
0.414367787087277,0.401898187153439,0.655619352789503
0.423870121192499,0.401552205408016,0.660310501546692
0.433208709986172,0.401304080749036,0.66546314410059
0.442515453082885,0.400937591051885,0.671010640782426
0.451829254592212,0.400179101926613,0.676872411553957
0.461088151014791,0.398738460544304,0.682939470952374
0.47010462634785,0.396364530771551,0.689053502649694
0.478544209640754,0.392932331099229,0.694988652809212
0.485987039088529,0.388526554063818,0.700471181728837
0.492099791076816,0.383422985507113,0.705254539531477
0.496763543065047,0.377955895590158,0.709185700017511
0.500047652702919,0.372399083594859,0.712207156650318
0.502114093496963,0.366928183978201,0.7143234417382
0.503142071291351,0.361633323277531,0.715570918869287
0.503289814919309,0.356545541731697,0.716000786524799
0.502682226418132,0.351660170481575,0.715671752333631
0.501411740859574,0.346951953786725,0.714646726765526
0.499544457820638,0.342383623952059,0.712990400696443
0.497128995686466,0.337911369981615,0.710768567197872
0.494207321721182,0.333488105836429,0.70805018354609
0.490825963047071,0.329065024925347,0.704910476241248
0.487045781228174,0.324593934022159,0.701432484236044
0.482948165046391,0.32003407534518,0.697704968494675
0.478633596294437,0.31536692876631,0.693814884857919
0.474205588992878,0.310620198675187,0.68983299179536
0.469732897021149,0.305895169116259,0.685793883817983
0.465194939293138,0.301378006205303,0.681679744653304
0.460444584633259,0.297306587108733,0.677427113393322
0.455236853223339,0.293890021445567,0.672968695604662
0.449321242705473,0.291232411111811,0.668287971587513
0.442530327548049,0.289317935343228,0.663446309570315
0.434814606536908,0.288056011402117,0.658570588653186
0.426229558903411,0.287344075193963,0.653820182548932
0.416903638942101,0.287111355783865,0.649355231672648
0.407013858567769,0.287334258909882,0.64531655073681
0.396786991548442,0.288037381702828,0.641815637068518
0.38653305799668,0.289299477277739,0.638927053080428
0.376700557097416,0.291269795209999,0.636676512920967
0.367909988555455,0.294173419093775,0.63502723860392
0.360889839326566,0.298259910475825,0.633883966186851
0.356270275886193,0.303667225009107,0.633138663564721
0.354306615694059,0.310281246291057,0.632743241999376
0.354757992715113,0.317765915124618,0.632743599118434
0.357083614511532,0.325749563869083,0.633240785178859
0.36074130202042,0.333946639185302,0.634330765565196
0.365326913459561,0.342153983302151,0.636073277925324
0.370569005195342,0.350207097168093,0.638486357016936
0.376280039957229,0.357947118841793,0.641548264586581
0.382310555228045,0.365204386045801,0.645198606701542
0.388514232211998,0.371796925432856,0.649338558399373
0.394725843275646,0.377546731498105,0.653834316651804
0.400759645510377,0.382317253791142,0.65853014233496
0.406437767892751,0.386066628381909,0.663275844218282
0.411646479580786,0.388893424620519,0.667964943112699
0.41639088472267,0.391033338963119,0.672564265584577
0.420796706446897,0.392776287123135,0.677107238116223
0.425040656936349,0.39434444934575,0.681647573980718
0.42926498579841,0.395825669098233,0.686210548916916
0.433538213455419,0.397193652278563,0.690774785084074
0.437863359718754,0.398366026918963,0.695280967997321
0.44220404503215,0.399252923460641,0.699649548929099
0.446508160997341,0.399782794030273,0.703796413021488
0.450723034964682,0.39991048305808,0.707643363405794
0.454802858992648,0.399615665708519,0.711123838019274
0.458710964766526,0.39889764894044,0.71418529263867
0.46241933638519,0.39776988155772,0.716789670908692
0.465907024603921,0.396255610913523,0.718913021545598
0.469158439749777,0.394385027372649,0.720544916261089
0.472162039372803,0.392193687574947,0.721687979641449
0.474909686114062,0.389721698574202,0.722357548682423
0.477396831648297,0.387012859135446,0.722581155733824
0.479623502882778,0.384112702576251,0.722397142952834
0.481595602908203,0.381064631695241,0.72185151809586
0.483325389730713,0.377904757409209,0.720992807044035
0.484830036750372,0.374657982654056,0.719866321346015
0.486128574190359,0.371337677411637,0.718510274953352
0.487238845238889,0.367948507046919,0.716954909369509
0.488175734388964,0.364490103014486,0.715223748301161
0.488950715266857,0.360959913041922,0.713335508806816
0.489572161918569,0.357354893158961,0.711305788293147
0.490045928726,0.353672345778736,0.709148284406186
0.490375938856964,0.349910270121915,0.706875600166664
0.490564687895228,0.346067471489898,0.704499752582215
0.490613648203251,0.342143563669731,0.702032486153257
0.490523587564553,0.338138928999459,0.699485461371687
0.49029482127492,0.334054663937942,0.696870363006793
0.489927414591883,0.329892520371505,0.694198956133341
0.489421348264223,0.325654845000157,0.6914831073955
0.488776655818766,0.321344516152751,0.688734782752676
0.487993537959808,0.316964876874894,0.685966029309759
0.487072456880135,0.31251966383016,0.683188946650743
0.486014211472698,0.308012933160921,0.680415651866048
0.484819993313844,0.303448986442227,0.677658241615515
0.483491422905135,0.298832302159394,0.674928753924709
0.482030566055181,0.294167480388777,0.672239131727772
0.480439931468213,0.289459210138606,0.669601189285511
0.478722452576871,0.284712269809077,0.667026581537285
0.476881459158999,0.279931570777523,0.664526775056425
0.474920647020101,0.275122252109964,0.662113017798782
0.472844056392363,0.270289830508172,0.659796303295994
0.470656071075465,0.265440404148919,0.657587323648897
0.468361450065212,0.26058090255674,0.655496404865427
0.465965400900043,0.255719367636512,0.653533417953341
0.463473698995318,0.250865244299288,0.6517076600259
0.460892849821512,0.246029653048315,0.650027701647784
0.458230281183284,0.241225611427925,0.648501199903401
0.45549454163964,0.236468166235334,0.647134681435329
0.452695468898153,0.231774393491298,0.645933306067243
0.449844279964772,0.227163218952863,0.644900629674061
0.446953524533931,0.222655009850398,0.644038394278598
0.444036837484781,0.218270891970489,0.643346382941214
0.441108429911998,0.214031760146747,0.64282238472655
0.438182277988978,0.209956981517495,0.642462317524393
0.435271015075797,0.206062846940901,0.642260549129804
0.432384616248301,0.202360911898818,0.642210434474507
0.429529091106863,0.198856479585997,0.64230504500869
0.426705550050757,0.195547588680886,0.642538005552454
0.423910104568038,0.192424915395842,0.642904285948965
0.421134956879993,0.189472901777652,0.643400746728225
0.41837058777604,0.18667214175622,0.64402624685615
0.415608248835404,0.184002681470618,0.644781211656905
0.412841524795198,0.181447606803719,0.645666715200154
0.410066229777555,0.178996197997232,0.646683297495206
0.407279231757628,0.176645972238333,0.64782983652498
0.404477659942222,0.174403121521354,0.649102764645805
0.401659325864386,0.172281295829553,0.650495763570271
0.398823897966881,0.170299232576017,0.651999892918571
0.395973856658439,0.168478011664776,0.653604009546796
0.393114686846004,0.166838592403503,0.655295330511516
0.390254364241091,0.165399974547433,0.657060030090503
0.387402469462839,0.164178052177248,0.658883800027244
0.384569248443234,0.163185074980787,0.660752330836997
0.381764813509333,0.162429574743377,0.662651692397072
0.378998563288727,0.161916612835358,0.664568606842895
0.376278825298801,0.161648226040515,0.666490617377833
0.373612688135861,0.161623975753667,0.668406163850838
0.371005977235751,0.161841531224842,0.670304580603669
0.368463328081998,0.16229723841388,0.672176034724839
0.365988316528003,0.162986642310614,0.674011423738322
0.363583613835116,0.163904943553157,0.675802250976171
0.361251142376425,0.165047381101086,0.677540494455572
0.35899221613646,0.166409542097525,0.679218481279476
0.356807657201943,0.167987608448559,0.680828774755823
0.354697886548343,0.169778555594494,0.682364076457254
0.352662992883727,0.171780323325068,0.68381714076622
0.350702788454196,0.173991979808453,0.685180695933474
0.348816864946884,0.176413898509522,0.686447363766353
0.34700466613904,0.179047962922953,0.6876095702614
0.345265596476211,0.181897805720042,0.688659442266491
0.343599185737031,0.184969076525283,0.689588691016963
0.342005328127743,0.18826971591686,0.690388492503887
0.34048460790952,0.191810192624036,0.691049386994
0.339038710993194,0.195603637715336,0.691561234821258
0.33767090124342,0.199665786465549,0.691913280837416
0.33638651102502,0.204014619289294,0.692094392507641
0.335193359290388,0.208669581866436,0.692093542480339
0.33410197151245,0.213650266577373,0.691900600641987
0.333125442479122,0.218974462534954,0.691507476400374
0.332278771395735,0.224655553207806,0.690909597599578
0.331577538051206,0.230699404123994,0.690107609229925
0.33103592267331,0.237101193577061,0.689109005324512
0.330664336633742,0.243843090292222,0.687929191006291
0.330467285966937,0.250894060518309,0.686591330064907
0.330442330862753,0.258212905123217,0.685124502220724
0.330580815657082,0.26575447634154,0.683560329148663
0.33087032590143,0.27347732402961,0.68192906066355
0.331298003622284,0.281350095252633,0.680256481541559
0.331853552237702,0.289354734743368,0.678562540427219
0.332531140236292,0.297486223015183,0.67686172212983
0.333330038792962,0.305749880129555,0.675164561998754
0.334254253729968,0.314157576657756,0.673479584588318
0.335311532530798,0.322723865898495,0.671815143178678
0.336512068800552,0.3314625971154,0.670180881710977
0.337867124737612,0.340384243035356,0.668588715410935
0.339387707886352,0.349493997569042,0.667053324673013
0.341083378591733,0.358790610934284,0.665592209056269
0.342961219270583,0.368265879007464,0.664225377896246
0.345024959173605,0.3779046718829,0.662974769960257
0.347274218622853,0.387685370725416,0.661863498061648
0.349703817687956,0.397580584012641,0.660915006088087
0.352303086678308,0.40755802889059,0.660152208563243
0.355055117070358,0.417581481168563,0.659596660760154
0.357935896470707,0.427611707209309,0.659267783640852
0.36091327573027,0.437607284375839,0.659182143041105
0.363945722514955,0.447525191223326,0.659352754660699
0.366980840340754,0.457321006615892,0.659788353060484
0.36995372075332,0.466948508995159,0.660492524270966
0.372785436120314,0.476358438394013,0.661462567709664
0.375382488333516,0.485496236753288,0.662687956319579
0.377638844955054,0.494298851697965,0.664148377052866
0.379442983710543,0.502691385499893,0.665811669815733
0.380692003653885,0.510585590032286,0.667632603161562
0.381311670780369,0.517883384094393,0.669554086038573
0.381275266258347,0.524488059777352,0.671512366105023
0.380610131869826,0.530322196683944,0.673446269248013
0.379385854071564,0.535346130874936,0.675308111903069
0.377690716410355,0.539568461568848,0.677072306924867
0.375611039424898,0.543042386391984,0.678737828080476
0.373223079957026,0.545846927119078,0.680322400866054
0.370595706703276,0.548059059599794,0.681849719330888
0.367795638604582,0.549728572988808,0.683335059092142
0.364889149779828,0.550866191657947,0.68477568644741
0.361939604213492,0.55144691861835,0.686149036165269
0.35900335142675,0.551422761806231,0.687417241058726
0.356126474184778,0.550737390919147,0.688534647672756
0.35334349077154,0.549337974903861,0.689455410296416
0.350677930243604,0.547182684093612,0.690139550089549
0.348144203621732,0.544244289996437,0.690556937190047
0.345750218788135,0.540510899795633,0.690689210956398
0.343500371694095,0.535984705353211,0.690529832493997
0.341398635392838,0.530679310323542,0.690082533749148
0.339451426136152,0.524616084173129,0.689358577483091
0.337669882393931,0.517820111057961,0.688373461149456
0.336071287832853,0.510316433103363,0.687143813446484
0.334679612072941,0.50212717606117,0.685685091190483
0.333525394541851,0.493269722912301,0.684010312153259
0.332645277939321,0.483755528497486,0.682129656180365
0.332081307588544,0.473588698667363,0.680050560560217
0.331879665506056,0.462763316991968,0.677778060441035
0.33208793324128,0.45125893109464,0.675315596424987
0.332749586617474,0.439034972552806,0.672667215578138
0.333894835269445,0.426027612853917,0.66984269122744
0.335528976525224,0.412156629837167,0.666866881344109
0.337623483695834,0.397353305281211,0.663792584598182
0.340119288288234,0.381615816351367,0.660711219410265
0.342950162511218,0.365071198313139,0.65774895321445
0.346078608662815,0.347978209517765,0.655037622254552
0.349515258853145,0.330628082664646,0.652674994264613
0.353302358199468,0.313225382901811,0.650710635195194
0.357480707918401,0.295855932216695,0.64916468036643
0.362067714756968,0.278531235716187,0.648052703125592
0.367052482118279,0.261246593880779,0.647397800056675
0.372401178340189,0.244019842312388,0.647229595458169
0.378065828168947,0.226906820600938,0.647576583443337
0.383992690966009,0.210000326778233,0.648457442645275
0.390128860295852,0.193420646618854,0.649874456767362
0.396426973344599,0.177303693563052,0.651810103745625
0.402848039242673,0.161790207929994,0.654226671344897
0.409361988910988,0.147017772211244,0.657068118218484
0.415945403094979,0.133116680081864,0.660262949845584
0.422576482599188,0.120210203699084,0.663726616631763
0.429228555826561,0.1084188087654,0.667362230000692
0.43586456639931,0.0978662775158989,0.671059539194229
0.442435315582563,0.0886841642682437,0.674693894721569
0.448883525930851,0.0810105484459368,0.678128458360276
0.455153902099071,0.074980510943234,0.681222936104316
0.461205096191291,0.0707090684681298,0.683849555109347
0.467011803844333,0.068270421344693,0.685912153287741
0.47254059507567,0.0676775558458018,0.687359862410855
0.477700932342875,0.0688673389999117,0.688186944892188
0.482318428589479,0.0717079963857839,0.688416730502017
0.48618569090567,0.076049023691326,0.688079101889437
0.489153941948469,0.0817882066911256,0.687198535715926
0.491170784197577,0.0888960947318439,0.685799431243541
0.492251517342057,0.0973866696401887,0.683919027467934
0.492434095489885,0.107270305874406,0.681616111991643
0.49174714123475,0.118518765718268,0.678970490565374
0.490193900669175,0.1310522060545,0.67607415127299
0.487749141164762,0.144746549939365,0.673019001227059
0.484366636320901,0.159452283590192,0.669887469485258
0.479993257249558,0.175012453817786,0.666749743975198
0.474583644675484,0.191272458189973,0.663666570980802
0.468111668473578,0.208084818547381,0.660694136547907
0.460582134585309,0.225320200597107,0.657889793396593
0.452055155534556,0.242895453954256,0.655321232857727
0.442699180595638,0.260815308037193,0.653081096717495
0.432867845631386,0.279187349016701,0.651297255715203
0.423118392335743,0.29811798874442,0.650106060131566
0.4139735060659,0.317414222938806,0.64955023523941
0.405368133006593,0.336308241463314,0.649454637645328
0.396536620318378,0.3538434181735,0.64951324077934
0.386856710401334,0.369615258384554,0.649567827881008
0.376381012281323,0.383727366332541,0.649656595125555
0.365615953796735,0.396366374375981,0.649861910028587
0.355172914330816,0.407603557466549,0.650204605517714
0.345607849912519,0.417399100539539,0.650631169908247
0.337437894593406,0.425675485251899,0.651040728535903
0.331215635395001,0.432400784064615,0.651315894796472
0.327540324641723,0.437680066981124,0.651364544127718
0.326907155153666,0.441841451012535,0.651191074797011
0.329417580206595,0.445399303156359,0.650957254898618
0.334638189825916,0.448764364618086,0.650926880481844
0.341848864022754,0.451965292526688,0.651320776430654
0.350409396741207,0.454738693540414,0.652248901380794
0.359897170756817,0.456762437467898,0.653737539375638
0.37002591535123,0.457765218504736,0.655769322662217
0.380516038887101,0.457562724626609,0.65830236171675
0.391022016590905,0.45610691067754,0.661272310444519
0.401144393475533,0.453551892491809,0.664587522354523
0.410542153959695,0.450276847589538,0.668128285661911
0.419133962153895,0.446744748538237,0.671761368207883
0.427237454675498,0.443106705040229,0.675366983564301
0.435341615113544,0.438815370346572,0.678847579943368
0.443531630389525,0.432950572659632,0.682103743869936
0.451321214522198,0.425080885238042,0.685015543188882
0.458101741780117,0.415486884701249,0.687450247155042
0.463513320242116,0.404766336980368,0.689283349821915
0.467475078448661,0.393482706371327,0.690417102517556
0.470070612130149,0.382042701195295,0.690789511097063
0.471447634880354,0.3707035678901,0.690375783571001
0.471763749908738,0.359613649068761,0.689185676609957
0.471162413967018,0.348849444394346,0.687258807212291
0.469763913311243,0.33844392624368,0.684659198740712
0.46766512479512,0.328408170616873,0.681470127740184
0.464946476252415,0.31874634805698,0.677790281462285
0.46168334521869,0.309460508477131,0.673731517210838
0.457952984475391,0.300541530273425,0.669416680942507
0.453822045663242,0.291950845630766,0.664974171868523
0.449306470181856,0.283612994000885,0.660527374124115
0.444325663472103,0.275445064226258,0.656183798082009
0.438705590711852,0.267421637319535,0.65203510325483
0.432262016657066,0.259626555911201,0.648172302151975
0.424911469584983,0.252244528246373,0.644701647726164
0.416728311050992,0.24551319183927,0.641741848943594
0.407944044456008,0.239693744931078,0.639401272051438
0.398957864974199,0.235078415447218,0.637747611113638
0.390421435857923,0.232000562440732,0.636778398832754
0.383402940951618,0.230781345224012,0.636399430568095
0.379491209533191,0.231508078941517,0.636447689032815
0.380420807463816,0.233642364823029,0.63682583082747
0.387003594791565,0.235979168823613,0.637684601657433
0.398438699819389,0.237423188868555,0.639386666205856
0.412982521335892,0.237661358063513,0.642247991902683
0.42896906236803,0.236985981784648,0.646372179728626
0.445181603369835,0.235860847592112,0.651659381187858
0.460782542606926,0.234694763806585,0.657868214256219
0.475220372588769,0.233759628770131,0.664677674451872
0.488237060002533,0.233127008654622,0.671764117895854
0.499882441566071,0.232627868870816,0.678884286993521
0.510377989555991,0.231965067202375,0.685896498972866
0.519871058195316,0.230961169168645,0.692687148302362
0.528338899455489,0.229663882377083,0.699099350181794
0.5356770153973,0.228247941593693,0.704938430717108
0.541798074954965,0.226894353979782,0.710015211195228
0.546668217667901,0.225738336189341,0.71418081918309
0.550306482442713,0.224867634371649,0.717344931283633
0.552777283635495,0.224334945443604,0.719483362154605
0.554182539792627,0.224166298471547,0.720635764635584
0.554646929378262,0.224364721873502,0.720889077535571
0.554295580269112,0.224913749356675,0.720349987231605
0.553235374601582,0.225780896887191,0.719121017574721
0.551547852601122,0.226919546437337,0.717289965502799
0.549290715105294,0.228270824257948,0.714929728878309
0.546502124210082,0.229768110609165,0.712101998868586
0.543204947369102,0.231344686136033,0.70886116111755
0.539410608557225,0.232942479382135,0.705257437520115
0.535123023053884,0.234518902112872,0.701339379607652
0.530342803523855,0.236049728006342,0.697155886620417
0.52507130630952,0.237527834512642,0.692757645548412
0.519313793153652,0.238959034686943,0.688197772391313
0.513081245373763,0.240356657040185,0.683531613001986
0.506390945454243,0.241736270211705,0.678815949295428
0.499266424633586,0.243111445022115,0.674108000411142
0.491737494614188,0.244490965950005,0.669464516702342
0.483840816491271,0.24587755227074,0.664941025786355
0.475620962301842,0.247267959292514,0.660591061540235
0.467131377347725,0.248654281277539,0.656465105497762
0.458434198737389,0.250026283677904,0.652609039989155
0.449597689815799,0.251374524082007,0.649062151100117
0.440690380504826,0.25269375719763,0.645855085295824
0.431772193508008,0.253985594077261,0.643008538470736
0.422884962075766,0.255258692291713,0.640533607487072
0.414046973855225,0.256524478679249,0.638434353205333
0.40525617157909,0.257788049185614,0.636712038070631
0.396501751583274,0.259038840178837,0.635369141266531
0.387775920998881,0.260251030666706,0.634410950741107
0.379076179445277,0.261399739719474,0.633844358350149
0.370400456570415,0.262481912772739,0.633675848767808
0.36174796922267,0.263521281349256,0.633910285907621
0.353128961359323,0.264554766998485,0.634549754507894
0.344572825576194,0.265617143782698,0.635591502904185
0.336127959342373,0.266735271060658,0.637025541623387
0.327856437460356,0.26792991396833,0.638832807509587
0.319828527209944,0.26921942004377,0.640984149793691
0.312119031346381,0.270621956378251,0.643440009204782
0.304804697305713,0.272155509928437,0.646150804821347
0.29796076686766,0.273836046073671,0.649058407251579
0.291654788286257,0.275674731645329,0.652099330031092
0.285936865966229,0.277675420502315,0.655210128427037
0.280827680833631,0.279833613444456,0.658334720302707
0.276308664679517,0.28213757496462,0.661431920888532
0.272320999804127,0.28457122627887,0.664480041953724
0.2687781372891,0.287117436626979,0.667475517406249
0.265588651203488,0.289760275787819,0.670425420036735
0.262678485707636,0.292485799907731,0.673337626953373
0.260002715762935,0.295281982189662,0.676213356066224
0.257545287781745,0.298138529576798,0.6790441916261
0.255311590829183,0.30104683080908,0.681812803947812
0.253319318860951,0.303999916460881,0.684495545823626
0.25159077313898,0.306992296815546,0.687065484809495
0.250147588694915,0.310019669301032,0.689495101056264
0.249007721409594,0.31307856983124,0.691758358347524
0.248184137506948,0.316166048444723,0.693832113350264
0.247684618874094,0.319279416348973,0.695696946875795
0.247512204534014,0.322416075506959,0.697337544209403
0.24766592483666,0.325573419225171,0.698742754194148
0.248141607843573,0.328748783688926,0.699905438712353
0.248932632752721,0.331939431076816,0.70082219819226
0.250030571747882,0.335142549533625,0.70149303267623
0.251425703768185,0.338355260571439,0.701920976029527
0.253107407595058,0.341574628709187,0.702111724456363
0.255064453320661,0.344797671025432,0.702073269462803
0.257285215457266,0.348021365875672,0.701815538796772
0.259757831088145,0.35124266069007,0.701350045594589
0.262470324960666,0.354458479047797,0.70068954491278
0.265410721802471,0.357665727400876,0.699847697121074
0.268567165586002,0.360861302387607,0.698838738543495
0.271928066365651,0.364042100585525,0.697677160811699
0.275482297224692,0.367205033558323,0.696377401629762
0.279219465028114,0.37034705148477,0.694953551550917
0.283130275052705,0.373465177071429,0.693419085127608
0.287206996575844,0.376556547346913,0.691786631313341
0.291444008560381,0.379618453653397,0.690067807575925
0.295838360099235,0.382648361496711,0.688273152618316
0.300390224088138,0.385643884749604,0.686412198994965
0.305103072007422,0.388602687953162,0.684493721345981
0.309983381732408,0.391522300284619,0.682526170804299
0.315039741112637,0.394399846188631,0.680518259368453
0.320281339864892,0.397231724818788,0.678479600297959
0.325716022688531,0.400013292347532,0.676421265107753
0.331348235355644,0.40273860587341,0.67435611121641
0.337177255876629,0.405400271751629,0.672298778214196
0.343196034827613,0.407989413492972,0.670265330441946
0.349390811157242,0.410495750378187,0.668272606406046
0.355741500521536,0.412907769884177,0.666337391446115
0.362222737444542,0.415212986786519,0.664475547962486
0.368805409662845,0.417398301156515,0.662701225755661
0.375458531464642,0.419450483959731,0.661026249664451
0.382151321837864,0.421356820362015,0.659459755263485
0.388855345536819,0.423105918268892,0.658008119047229
0.395546520869435,0.424688638880365,0.65667520190261
0.402206704676437,0.426099031121876,0.655462884488957
0.408824475277224,0.427335071198648,0.654371814625408
0.415394724498357,0.428398960430155,0.653402216289501
0.421916823817745,0.429296769025164,0.652554551680189
0.428391475432051,0.430037359439887,0.651829819309546
0.434816803989229,0.430630743121667,0.651229340754156
0.441184583905265,0.431086208933066,0.650754028021798
0.44747753766691,0.431410599194672,0.650403280470895
0.453668351368707,0.431606986036776,0.650173769973626
0.459720590549795,0.431673816478918,0.650058400534098
0.465591276042369,0.431604473551087,0.650045683379552
0.471234623831937,0.431387195051423,0.65011968389299
0.476606365476794,0.431005366178471,0.650260601385135
0.481668075179128,0.430438283279953,0.650445948936779
0.48639096932016,0.429662509424554,0.650652210011253
0.49075869516031,0.428653877781689,0.650856764658499
0.494768712853895,0.427390054732569,0.651039814485847
0.498432033394304,0.425853396596401,0.65118601360688
0.501771308189915,0.424033687820828,0.65128554953428
0.504817531688462,0.421930292905239,0.651334512740332
0.507605847769862,0.419553314272673,0.651334524295905
0.510171082530166,0.416923507873396,0.651291723239751
0.512543632716177,0.414070923048882,0.651215316968758
0.514746229974456,0.411032449911778,0.65111594955307
0.516791912149587,0.40784862996975,0.651004140534304
0.518683312174233,0.404560182917741,0.650888999333112
0.52041316961654,0.401204713191383,0.65077734486491
0.521965815720032,0.397813992468179,0.650673276289716
0.523319298073866,0.394412092720436,0.650578166878606
0.524447795579781,0.391014499829613,0.650491000698596
0.525324014359958,0.387628199374223,0.650408945628154
0.525921330722487,0.384252615888978,0.650328054027278
0.526215538644222,0.380881216607877,0.65024399800541
0.526186150019326,0.377503562781159,0.650152771822157
0.525817273524011,0.374107598857014,0.650051321671041
0.52509815303827,0.370681996603248,0.649938085928218
0.524023472916165,0.367218395749691,0.64981344120169
0.522593531277885,0.363713382169993,0.649680047282908
0.52081434130282,0.36017000203146,0.649543065791347
0.518697640721819,0.356598523110377,0.64941019425499
0.516260666211585,0.353016041409639,0.649291414569089
0.513525380677175,0.349444438272038,0.649198312414861
0.510516649759853,0.34590620122937,0.649142802949835
0.507258745047666,0.342417870413963,0.649135143262927
0.503769752719108,0.338981595061551,0.649181314591302
0.500054396481786,0.335576737001329,0.649280334933143
0.496097643920108,0.332155410401502,0.649422778653259
0.491863271317572,0.328646617271805,0.649592169226587
0.487300749500605,0.324970477916779,0.649769940811421
0.482359054582665,0.321057304697658,0.649942270071873
0.477001028460359,0.31686222322704,0.650105400185691
0.471212002873415,0.31236961068084,0.650267107395405
0.465000882018904,0.307588601262386,0.650444523168261
0.458395803876623,0.302544550143894,0.650660129258974
0.451437529394411,0.297270723051071,0.650937729166486
0.444172904144802,0.291802381380591,0.651299427623335
0.436649592761682,0.286173780932908,0.651763904539976
0.428912429819365,0.280417716203339,0.652345807474663
0.421001231282938,0.274566854925204,0.65305588641054
0.412949693737255,0.268655947769487,0.653901470371984
0.404784990504445,0.262723884795049,0.654886956913131
0.39652777307453,0.256814415611292,0.656014100340862
0.388192436156042,0.250974220215082,0.657282025591148
0.379787676069991,0.245247220268372,0.658687064879669
0.371317581271391,0.239665103415932,0.660222691192114
0.362783736402992,0.234236403306279,0.661879901547923
0.354188919408271,0.228939355472334,0.663648202468697
0.345542519487082,0.223724291829426,0.665516811009972
0.336866600544486,0.218526860232691,0.667475189081505
0.328200228783926,0.21328646881698,0.669512240607961
0.319599516764432,0.207961887039686,0.671614452353892
0.311132491384196,0.202539583686096,0.673764012461726
0.30287071851335,0.19703500840388,0.675937717155794
0.294881745918864,0.191489069588943,0.678106585611626
0.287226078737989,0.185962305143036,0.680235451658886
0.279959811997959,0.180528942495977,0.682281898105853
0.273141299286694,0.175272344245354,0.684194530155227
0.266838908179496,0.170282239793683,0.685911269511772
0.261136919243347,0.165652973921394,0.687358810926176
0.256137364704713,0.161481286025101,0.68845445960255
0.251956993055296,0.157862425698048,0.689111039142745
0.24872040381884,0.154884792621661,0.689244451144656
0.246551540968375,0.152625110735486,0.688782413329835
0.245564953719813,0.151147862353775,0.68767258920134
0.245856319436744,0.150514150127839,0.685888535200704
0.247491815702034,0.150803841516262,0.68343188494843
0.25050092683021,0.152143875552463,0.680329575030578
0.254883504816472,0.154714852115963,0.676628202990729
0.260635648775007,0.158707269733434,0.672392677511473
0.26777770792195,0.164245840951918,0.667714103035514
0.276361231969861,0.171335861700849,0.662721609547238
0.286449884942412,0.179852610737068,0.65758953932664
0.298076645225709,0.189570874247695,0.65253478591334
0.311174432235657,0.20026934011102,0.647795675631528
0.325501327189188,0.211933052374584,0.64358572280103
0.34064977325292,0.224875569488112,0.640050632161739
0.356221535435506,0.239500372547663,0.637284995360597
0.371991125555377,0.255939775049755,0.635390135494241
0.3878403004019,0.274016605115268,0.634488688935626
0.40360418453781,0.293406084988258,0.634686885514314
0.419022236959951,0.313760058652469,0.636031599184099
0.433795230716257,0.33476398704629,0.63849395112495
0.447663755453286,0.356150234246791,0.641982564991111
0.4604539576526,0.377678956395796,0.646369540906562
0.472076880092986,0.399103836278825,0.651508373421438
0.482491408401464,0.420148495683894,0.657233782223593
0.49165687587628,0.440511170462377,0.66335026120259
0.499503298306986,0.459892687569923,0.66962539537818
0.505930178528071,0.478027293204198,0.675798223495124
0.51082503423658,0.494700420589961,0.681600772101907
0.51408767430953,0.509751320921112,0.686784810910756
0.515653973082479,0.523066445696022,0.69114739987444
0.515522096303006,0.534568594780692,0.694551865665626
0.513787024637938,0.544201581203874,0.696940570001914
0.510679165731128,0.551905702136496,0.698331077732555
0.506569601175525,0.557584835621468,0.698783206203717
0.501854650302498,0.561097922954533,0.698338813323603
0.496658259897856,0.562352466643748,0.6969862974685
0.490581377846179,0.561488902627552,0.694728487120007
0.483012332565249,0.558846893007784,0.691691015281043
0.473759887177209,0.554601433883626,0.688080634071316
0.463152268360981,0.548585827173838,0.684055357045121
0.451723000121824,0.540464062972232,0.679690860308791
0.439977999868382,0.529946019075904,0.675030358143718
0.428305619947587,0.516882579455295,0.670133337465541
0.416910544594058,0.501270784546487,0.66510087980846
0.405782166423263,0.48322819310637,0.660090958405341
0.394806160138624,0.4629477020836,0.655311115636207
0.383949938700328,0.440645724176003,0.650979984426595
0.37332781072415,0.416546599618213,0.647292641645748
0.363138858021381,0.390904375075318,0.644411107275226
0.353587138394627,0.364025372100933,0.642465967482178
0.344835793477399,0.336274535964995,0.641555411061881
0.336993107163733,0.308071511190463,0.641738907932109
0.33012017210065,0.279884470443464,0.643025881166534
0.324256492275423,0.252220789596916,0.645359593784669
0.319461890197542,0.225603029404841,0.648599912912824
0.315861128782778,0.200514660508925,0.65251814199025
0.3136556914773,0.177315521384688,0.656825312015408
0.313064428103535,0.156163801206787,0.661243137522897
0.314200311570509,0.137006160074663,0.665587757644955
0.316958131056782,0.119668047857492,0.669805397320872
0.321008307791326,0.103996282301618,0.673924927458537
0.325917212441335,0.089943418206516,0.677969609030556
0.331290494220168,0.0775328487723399,0.681911350033101
0.336821497220846,0.0667714527595705,0.68568987248751
0.342250766512535,0.0576092180641427,0.689244959812798
0.347323300902976,0.0499648230349099,0.692519922426727
0.35180006633556,0.0437739974064768,0.695443097667299
0.355518626004544,0.0390145815895764,0.697916924709998
0.358453654538082,0.0356872325822294,0.699834903889589
0.360720141533031,0.0337658720185346,0.701120091452717
0.362507176995643,0.0331610772206343,0.701755123053211
0.363993412320529,0.0337284286496629,0.701779843476932
0.365300656158639,0.0353073609369876,0.701264663378002
0.366492976411668,0.0377549678056101,0.700284254256964
0.367596325567004,0.0409594158527592,0.698904124573773
0.36861795797085,0.0448386256081102,0.697177888086224
0.369558815476227,0.049333494115181,0.695149352913973
0.370419590441872,0.054400902096811,0.692855637770068
0.371202898935312,0.0600082491841788,0.690329797854748
0.371913532042936,0.0661296505551687,0.687602632810228
0.372557965207117,0.0727434364170099,0.684703786505296
0.373143722063621,0.0798305498362023,0.681662344929919
0.37367884501375,0.0873735215835404,0.678507115303143
0.374171545861474,0.0953557975479111,0.675266718483947
0.374630027379216,0.103761272435157,0.671969579692205
0.375062435548266,0.112573939892281,0.668643867060876
0.375476896248106,0.121777606788543,0.665317403911732
0.375881595173314,0.131355643712383,0.662017566146214
0.376284868296768,0.141290758472917,0.658771168288568
0.376695278660695,0.151564787728558,0.655604338193051
0.377121662137252,0.162158506145122,0.652542379463974
0.377573129704058,0.173051454233148,0.64960962103025
0.378059017073145,0.184221786711697,0.646829254147246
0.378588774923538,0.195646143602999,0.644223157941538
0.379171795469173,0.207299547190147,0.641811715179361
0.379817174553291,0.219155329366898,0.639613620350702
0.380533413562931,0.231185096333965,0.637645682453134
0.381328072198708,0.24335873993033,0.635922625466644
0.382207390706588,0.255644507065032,0.634456890538473
0.38317590683492,0.2680091393561,0.633258445590086
0.38423609637553,0.280418094070087,0.632334610252748
0.385388064910159,0.292835854673185,0.631689906485375
0.386629311952473,0.305226335596122,0.631325947516367
0.387954578733489,0.317553382690673,0.63124137953109
0.389355780834956,0.329781368981695,0.631431891682852
0.390822020811475,0.341875884831037,0.631890310528887
0.392339676966463,0.35380452094502,0.632606794857054
0.393892573392344,0.365537738997947,0.63356914569029
0.395462251197929,0.377049814557631,0.634763243059424
0.397028376945634,0.388319818311105,0.636173614432841
0.39856933546631,0.399332573990946,0.637784127893927
0.400063054222587,0.410079499033298,0.639578785505855
0.401488090944409,0.420559203994844,0.64154256968391
0.402824985454833,0.430777709962297,0.643662271140744
0.404057835845817,0.440748147700994,0.645927206022553
0.405176018088339,0.450489830703273,0.648329717105642
0.406175935278197,0.460026639395858,0.65086535149693
0.407062658020411,0.469384702675184,0.653532613522252
0.407851287437744,0.478589408572921,0.656332203780092
0.408567814217307,0.487661831453504,0.659265677332429
0.409249147991985,0.496614767427377,0.662333503326789
0.409941881390615,0.505448770107574,0.665532616868051
0.41069933634967,0.514148872947324,0.668853745214569
0.41157667776086,0.522682947855606,0.672279032829158
0.412624465945857,0.531002620590948,0.675780653824696
0.413881788962375,0.539047113327887,0.679321002479752
0.41537060366659,0.5467494236301,0.682854623451568
0.417092691865352,0.554043407470292,0.686331472352583
0.419029766363234,0.560870153834439,0.68970072276581
0.421146284004874,0.567182557531702,0.692914341006903
0.423393951937492,0.572947770902806,0.695929928249905
0.425716852630934,0.578147794428892,0.698712649768785
0.428056357092344,0.582778711254623,0.70123628903551
0.430355315784584,0.586849078635944,0.703483566007687
0.432561297843311,0.590377895833695,0.705445886735207
0.434628860864804,0.593392447256604,0.707122680813173
0.436520971720922,0.59592619757704,0.708520451618152
0.438209762313285,0.598016804710777,0.709651622672304
0.43967680135513,0.59970423501139,0.710533226443272
0.440913018548439,0.601028929011056,0.711185463851525
0.441918365852375,0.602029977176551,0.71163016920568
0.44270127120992,0.602743303607084,0.711889236654797
0.443277941642206,0.603199888235064,0.711983080186347
0.443671588523344,0.603424056979495,0.711929191431339
0.44391164834865,0.603431830279406,0.711740825658852
0.444033033522635,0.60322926760147,0.711425803771867
0.444075364914829,0.602810719893676,0.710985396371484
0.444082029784871,0.602156945261963,0.710413284338278
0.444098815516362,0.601233182784618,0.709694686574196
0.444171852291516,0.599987513051839,0.708805904088829
0.444344726980925,0.598350107313238,0.707714706009289
0.44465494727235,0.596234156444827,0.706382082504926
0.445130384869809,0.593539204911472,0.704765785051082
0.445786720192548,0.59015716021427,0.70282567664468
0.446626984220123,0.585980428901375,0.700530270093485
0.447643854549955,0.580910720470399,0.697863188471234
0.448824438458729,0.574866556898558,0.694828023747255
0.450156176826999,0.567787867305264,0.691450467087584
0.451631723353498,0.559637188072463,0.687777494559708
0.45325054858449,0.550398375107849,0.683874309426122
0.455015538755509,0.540074819531103,0.679820201167339
0.4569236948023,0.528689750416534,0.675704322100885
0.458951115852196,0.516291157175828,0.671621659903666
0.461034435699265,0.502962454449064,0.667668382885918
0.463054788698688,0.488836257333465,0.663934907221875
0.464835117607547,0.474104043599761,0.660495998559366
0.466162506221898,0.459014740806879,0.657400831529012
0.466842462124592,0.443860262775785,0.654669117218289
0.46678419923915,0.42894055997143,0.65229727696654
0.466092377796029,0.414483831332246,0.650271906899402
0.465090148928257,0.400519696764065,0.648582745364529
0.464191568384827,0.386801934418784,0.647229385648051
0.46368112658683,0.372911276430793,0.646222369033735
0.463591433806289,0.358478124106613,0.645580251589216
0.463749119726769,0.343326454976988,0.645321636566523
0.463888779750503,0.327477648901277,0.645454473315457
0.463745662209109,0.311085172279391,0.645968529863029
0.46310609712697,0.294363473619277,0.646834413469522
0.461822169681095,0.277535651186845,0.6480077442254
0.459802568030233,0.260805200561593,0.649434728123027
0.456993022573123,0.244348898773559,0.651056157661535
0.453357648040403,0.228324061514785,0.652808879516482
0.448867954271806,0.212883272708798,0.65462522917782
0.443502704189166,0.198191098953502,0.65643162915616
0.43726009001802,0.184437424929582,0.658148136403726
0.430182038172836,0.171839551898649,0.659691685811158
0.42238636651872,0.160620977007817,0.660986914243389
0.41409442755416,0.15095285534557,0.661988382023285
0.405629303214779,0.142855330885918,0.662712887558502
0.397349100488997,0.136100362571899,0.663264577779625
0.38950704854333,0.130222255969204,0.663818151911536
0.382119098116332,0.124697528378499,0.664551136807213
0.374947606641286,0.119166555970851,0.665578495458908
0.36759930348391,0.113529546616613,0.666938409427495
0.359666866049122,0.107902333150097,0.668620472762012
0.350855181676811,0.102512181425379,0.670603065022661
0.341037025792332,0.0976277560439845,0.672867990296923
0.33023480751769,0.0935563655781023,0.67538607255122
0.318597885050412,0.0906573081570396,0.678094927368061
0.306423824989309,0.0893286924645397,0.680879846131245
0.294203867512868,0.0899510207105861,0.683561050426806
0.282619995710453,0.0927760537932785,0.685905727979468
0.272428165115136,0.0977923026545712,0.687683950147489
0.264247258141879,0.104648827659705,0.688754455371316
0.258339588516494,0.112724900191321,0.689130420924595
0.254505933977376,0.121379797302926,0.688967813381802
0.252209300671029,0.130253396106706,0.688468931956958
0.250862515985404,0.139385549675749,0.687777050998047
0.250063444213113,0.149101574152133,0.686937504506541
0.249660291568915,0.159820375852241,0.685923122333551
0.249696671566464,0.171933983293853,0.684679128681648
0.250350026118122,0.185792984130907,0.68315041979052
0.251959565955329,0.201740207717558,0.681273413752543
0.255173502717315,0.22006448882474,0.678935109243543
0.261069774218769,0.240701925517099,0.675945625631231
0.270814952046572,0.262682208961412,0.67213252500426
0.284533596206014,0.284008820378159,0.667611046552305
0.300616992353807,0.303053344157052,0.662908053344003
0.317159131930286,0.319928617200788,0.658584402740078
0.333346383664835,0.335704619346135,0.654929553572815
0.349246504370763,0.351242795384655,0.652039207398324
0.365199858708976,0.366918460980324,0.649961286109257
0.381565467036838,0.382802986676524,0.648760615704223
0.398771368676254,0.398769055094053,0.64851330327291
0.417355747866854,0.414331169567106,0.649254077608133
0.43764896124379,0.42839536892152,0.65088898937945
0.459086146976656,0.439461869091146,0.653131106737746
0.479962633205911,0.446540262532665,0.655564372533136
0.498240633240123,0.449838454508252,0.657801574759491
0.512439059236072,0.4504780317972,0.659572612259473
0.521858470486036,0.44993686816291,0.660753447653234
0.526580971177565,0.449722947403613,0.661416378705345
0.527569428268947,0.451048660583442,0.661853095219935
0.52666608780931,0.454267964158143,0.662445767582097
0.526041758904213,0.458212785922815,0.663324510445635
0.526850506131683,0.460125099880707,0.664009931059488
0.527927394672884,0.456947144573822,0.663535752694524
0.526058323461005,0.447324719918655,0.661199311612755
0.517934139610771,0.43263071431631,0.657297741549152
0.502531863768077,0.416142371339078,0.653160925590685
0.482060748697516,0.400461485869752,0.650314633858265
0.459661365629166,0.385654899820181,0.649539336320639
0.436908860433178,0.370630066536823,0.650945191390666
0.414081730635984,0.354857359201891,0.654459703131941
0.39119289650824,0.338560806876996,0.659949854339841
0.368416329147132,0.322300014281814,0.667148418612398
0.346079430093078,0.306642373817563,0.675616904830297
0.324559642341521,0.292028204550901,0.684774625742462
0.304229540447267,0.278745567346432,0.693952651614184
0.285457777602841,0.266938108187352,0.702446816726771
0.268621472367265,0.256624324094492,0.709569286088645
0.254103876240245,0.247744186388604,0.714697102488563
0.242291832478789,0.240232256448266,0.717305880808901
0.233582026620767,0.234080350940637,0.716996712690336
0.228373266171745,0.22936742874786,0.713545674583216
0.227021044074092,0.226293038702457,0.706977143900967
0.229737795341284,0.225216915927158,0.69764716964022
0.236469497458111,0.226529074689531,0.686329102603985
0.24693154168809,0.230223999355768,0.674175748127811
0.260911534042347,0.235601780896848,0.662422269425005
0.278426656647639,0.241536489309167,0.652100233529291
0.299416136516897,0.246608230521771,0.644053276144412
0.323187503123183,0.248314200266331,0.639019622047528
0.347261126831191,0.242262060513648,0.637633072969038
0.366450090060927,0.225824321222523,0.64028559515433
0.378234166087105,0.20381552470874,0.646499386338334
0.386314721802547,0.181857631469359,0.655304738081516
0.393148231493994,0.160944504406917,0.666322037893411
0.398028616747791,0.141400287076225,0.679164643976781
0.400618830620206,0.124674373852651,0.692703594505558
0.401625451172899,0.111818987702013,0.705605010358176
0.401820624270151,0.103014948650376,0.716838622579235
0.401654489105652,0.0979787982571581,0.725743859801109
0.401319500666151,0.0963050449216304,0.731956646541904
0.400892812559313,0.0976063101968218,0.735346745198781
0.400449531954937,0.101532034556951,0.735988452343471
0.400121010509357,0.107732334955204,0.734149116697774
0.400083620633735,0.115821780110166,0.730261045375338
0.400491945717399,0.125385762480429,0.724850397139556
0.401409867898701,0.13603711258931,0.718435072533888
0.402797532324069,0.147483158365515,0.711439309719554
0.404556655508037,0.159549070467297,0.704166721601424
0.406585043607369,0.172149554349794,0.69682522108005
0.408804539439214,0.185242981948937,0.689566526109381
0.411162659011185,0.198795711377564,0.682515019844574
0.413621924000426,0.212763208027062,0.675781472158977
0.416148058619442,0.227084564105222,0.669466068658417
0.418703399851711,0.241685785444241,0.663656008510607
0.421249335142146,0.256487866531261,0.658421726063222
0.423759870500329,0.271415337352943,0.653814660550989
0.426245009705567,0.28639975621482,0.649868289292886
0.428776156156691,0.301372251396689,0.64660229578146
0.431498676520765,0.316241853698083,0.644027352728364
0.434616949633982,0.33086262057366,0.642146216278394
0.438350735542862,0.344999632011341,0.640947340828737
0.442877990541467,0.358307876569133,0.640390818591945
0.448279516839024,0.370338953203177,0.640391990070663
0.45449172408831,0.380588878030034,0.640812910304935
0.461278723544943,0.388587222991253,0.641471972745338
0.468245348733761,0.394000021401756,0.642173738020697
0.474899425666512,0.396703183099124,0.642748548604373
0.480743878612657,0.396801645390961,0.643086173240066
0.48536725802563,0.394597546371408,0.643152346976313
0.48850572335279,0.390523734116725,0.642984785400773
0.490062836333595,0.385064741567232,0.64267285883719
0.490093759561414,0.378687220145225,0.642330892010778
0.48877080312507,0.371789845236851,0.64207462733964
0.486339190249845,0.364672431056793,0.642005005142795
0.483065439538023,0.357525899939625,0.642199396577283
0.47918846112323,0.35044612874201,0.642709428472981
0.474889338457118,0.343465723470709,0.643563799398099
0.470286577612163,0.336589053042701,0.644773399720289
0.465449798101745,0.329818037554233,0.646336165030986
0.460419830029051,0.323164784266851,0.648240458765852
0.455226575371709,0.316653596943915,0.650467087920688
0.449901155408396,0.310316745643389,0.652990602748749
0.444482114650706,0.304187611681023,0.655780493194872
0.439016594562398,0.2982935157137,0.658802643444229
0.433557429977736,0.292649654650034,0.662021143262827
0.428156953713689,0.287255226959016,0.665400326734319
0.422858413941109,0.282092738205337,0.668906716250308
0.417686454082365,0.277131271130514,0.67251041924206
0.412638947697409,0.272333863315682,0.676185523227011
0.407683223774136,0.267667926958049,0.679909233920744
0.402759604386758,0.263116079694774,0.68365991601915
0.397793271811239,0.258683613178475,0.687414698918547
0.392711729604518,0.254399330424348,0.691147602031161
0.38746163549521,0.250309179385899,0.694828927215567
0.382018726854814,0.246465544965454,0.69842602297433
0.376388424516808,0.242916664506552,0.701904907393668
0.370599251241935,0.239699488649334,0.705232038926451
0.36469324336298,0.236836920167455,0.708375713030644
0.358716873875965,0.234338571747703,0.711306860615768
0.352714300521951,0.232203578113846,0.713999235381884
0.346723342999069,0.230424190948829,0.716429068812285
0.340773872120165,0.228989340801849,0.718574290250267
0.33488810872507,0.227887753023414,0.720413413318051
0.329082403627703,0.227110446179063,0.721924227817631
0.323370157486554,0.226652523952234,0.723082536987536
0.317765475353942,0.226514159523954,0.723861318279729
0.312286928055271,0.226700672784419,0.72423074430899
0.306960643514052,0.227221710533215,0.724159322935217
0.301822174841173,0.228089735360363,0.723616001053733
0.296917140703124,0.229318164617245,0.722572689584545
0.292301048252478,0.230919486861498,0.721006593134492
0.288038634378624,0.23290360963339,0.718901962270308
0.284202591360042,0.235276705663057,0.716251211794918
0.280870981089993,0.238040952678085,0.713055626392387
0.278122212921071,0.241195696648075,0.709326118416295
0.276026428449735,0.244740519830723,0.705084709566659
0.274633141318984,0.248680205142174,0.700367359091957
0.273958010478341,0.253030355222443,0.695227998839577
0.2739764648621,0.257820487960233,0.689741979265951
0.274633901731309,0.263090184985939,0.684005815989847
0.275873686201657,0.268876172019787,0.678131667132456
0.277667970448212,0.275194580903114,0.672239178897594
0.280031169012702,0.282027393246007,0.666449230209134
0.283009948688522,0.289319278884451,0.660881269790746
0.286659804505469,0.29698379085701,0.655652508375848
0.291022201738876,0.304913928740008,0.650876428240355
0.296111971115926,0.312993339978721,0.646658997586959
0.30192153315857,0.321106369355465,0.643092132009899
0.308450612749042,0.329142474324951,0.640244682796626
0.315774560609564,0.336979506648823,0.638151431847845
0.324153740182428,0.344413721909506,0.636801957696952
0.334107048347027,0.351023739097882,0.636141758740448
0.346212603382767,0.356127835756047,0.636121163093535
0.36059208491112,0.359146575359106,0.636791775171347
0.376762048152048,0.360029572258336,0.638318872830865
0.39404709704101,0.359060879541062,0.640867932079606
0.411845586022706,0.356499127729155,0.644519332856297
0.42963947655048,0.352529031493787,0.649258600885049
0.446989774358612,0.34734478387969,0.65499572723515
0.463559900782492,0.341178567139199,0.661588239170452
0.47912089715914,0.334268319247191,0.668859478106763
0.493527415555024,0.326819192530634,0.676608988793051
0.506684376589708,0.318988718626295,0.684616805515775
0.518523220588412,0.310894349452897,0.692646238788767
0.528994510573034,0.302630383986864,0.700449812553922
0.53807412429485,0.294281959144427,0.707780978668208
0.545774139699469,0.285927518973703,0.714410069511515
0.552145102787407,0.277626404065291,0.720136818852822
0.55725571747995,0.269396477915331,0.724786663274615
0.56114297779208,0.261196119844092,0.728179865031607
0.563738879116059,0.252929381050128,0.730075459355317
0.56479293262965,0.244489844073694,0.730116181441886
0.563827846317224,0.235844762290667,0.727835182946796
0.560181497881978,0.227119794977656,0.722791450016258
0.553133857508775,0.218617164648808,0.714792399875028
0.542039461041908,0.210773863701237,0.704057448110885
0.52643735749587,0.204121662114703,0.691261678729963
0.506170554996431,0.199253468261318,0.677489848979087
0.481486954336421,0.1967363373618,0.664114416709892
0.45306528473948,0.196880662014783,0.652623268091743
0.422035921069772,0.199188313558086,0.644477349635527
0.390085886853012,0.201740213119197,0.64093659707592
0.359001994173952,0.203956732781716,0.642329218302032
0.329594985250984,0.207337162528929,0.648089174137324
0.30216759668472,0.212804228036329,0.657521899940621
0.277249722094108,0.221092040351028,0.669710662745755
0.255743693758147,0.232459666311537,0.683412514649846
0.238448079330058,0.246623509100825,0.697170848174618
0.22581539597232,0.263050209548436,0.709507031431425
0.217993982642489,0.281065055165509,0.719129613650437
0.214878501612583,0.29991645315478,0.725146738895199
0.216185161643855,0.318944570193778,0.727176502404564
0.221582989226043,0.337700470743909,0.725307909891952
0.23079702375218,0.355915469886992,0.719992175097528
0.24363024607608,0.373397263767959,0.711935487558628
0.259924276680893,0.389943294554291,0.702003957304039
0.279492454125655,0.405294503114097,0.691139385160332
0.302052333245771,0.419125401098569,0.680284550494053
0.327185577942204,0.431070804286163,0.670312007923884
0.354339400865373,0.440790938423677,0.6619623503881
0.382843459728034,0.448077707095034,0.655810762973853
0.411863552467473,0.453028101533058,0.65226685930563
0.4401641221898,0.456348760457946,0.651569864430555
0.465532484672496,0.459698549262963,0.653668303788232
0.484278256489875,0.465099503528682,0.657851452451264
0.492893569339087,0.472458263734795,0.662594249815724
0.491380658012568,0.479006217641573,0.66656527110938
0.482765041930007,0.482239026996013,0.669466701777844
0.470231512612183,0.481289963163228,0.671581221938464
0.455883416410739,0.476298563480475,0.673208961755743
0.440932367001534,0.46769734165404,0.674506640002119
0.426099987963057,0.455942173331778,0.675519016675499
0.411849594682338,0.441457592382075,0.676233953685502
0.398488834081286,0.424632669548022,0.676623193820592
0.386213509345797,0.405824826937289,0.676671819348524
0.375130467172652,0.385368331293775,0.676399914311972
0.365278773954435,0.363587825235353,0.675873315742033
0.356656693901276,0.340811982717514,0.675198092702343
0.349250551497018,0.317380197315506,0.674499634787787
0.34305554809493,0.293639993555734,0.673896117688628
0.338083063903282,0.269939181893752,0.673477541243125
0.334357825598797,0.246617779995192,0.673294935212294
0.331911666266463,0.224001194853567,0.673358205795894
0.330777317284761,0.202394031992591,0.673640045990692
0.330981713088398,0.182075741949952,0.674084220061934
0.332537456122926,0.163302201362497,0.67461573345388
0.335431861564303,0.146317966321802,0.675148473893781
0.339611883603568,0.131382741222364,0.675585146927424
0.344957948595618,0.11881427218308,0.675805573212458
0.351230081169676,0.109044965199155,0.675643538889212
0.357963084809862,0.102666721069048,0.674864875660953
0.364318943569662,0.10038286958685,0.673187915380359
0.369032288242595,0.102754150555719,0.670407753039454
0.370716176533948,0.109797179374594,0.666607776881025
0.368552599083382,0.120805599355476,0.662271101979739
0.362812813419542,0.134662580084001,0.658113579436954
0.354630725100757,0.15036948516228,0.65475956571068
0.345307655718837,0.167286162787716,0.652566708994765
0.335871835339777,0.185017762406701,0.651659737648312
0.327012106340872,0.203244869270183,0.652015576329282
0.319109298042828,0.221654971622302,0.653524016477918
0.312251821322896,0.239969380347039,0.656035636503679
0.306309218308497,0.258006527749152,0.659402333745061
0.301104153798188,0.275697201585464,0.66349193692407
0.296563668347515,0.293021440541733,0.668171737303066
0.292736410508677,0.309934189397315,0.673286087761311
0.289719080874214,0.326342360178048,0.678651304294713
0.287585838905491,0.342126125337305,0.684068325320115
0.28635843779119,0.357169955383357,0.689341786614955
0.286008955479417,0.371383049816719,0.694295961484977
0.286476943468481,0.384706120691472,0.698783770568725
0.287688173317088,0.397108838467944,0.702689282105492
0.28956893210409,0.40858285628516,0.705925903574455
0.29205438968912,0.419133795958381,0.708432592976926
0.295091956307641,0.428774027396208,0.710169788599286
0.298641353289143,0.437517008647547,0.711115983694561
0.302672972618649,0.445373334584433,0.711265266101355
0.307165589301922,0.452348336006921,0.710625782208224
0.312103995501728,0.458440960664244,0.709218925388779
0.317476791113032,0.463643664431478,0.707079011092591
0.323274385781398,0.467943083160341,0.704253216676119
0.329487185539152,0.471321307279409,0.700801594336654
0.336103904229231,0.473757628334475,0.69679699423807
0.343109929824281,0.475230665633644,0.692324757466017
0.350485681348278,0.475720808518667,0.687482052459136
0.358204916734437,0.475212917604761,0.682376731903275
0.366233008077071,0.47369920422579,0.677125580218052
0.374525309261999,0.471182133321663,0.67185181312928
0.383025920960672,0.467677045767827,0.666681701628997
0.391667387380207,0.463213941602792,0.661740258133396
0.400371985439826,0.457837502643801,0.657146089048476
0.409054912253269,0.451604081502894,0.653005817221664
0.417628285617122,0.444574440023208,0.649408867445084
0.426002167921233,0.436802189838141,0.64642367977681
0.434075931061445,0.428320766379637,0.644096191496132
0.441715123166683,0.419136140443553,0.642450655320181
0.448728527698422,0.409237267854782,0.641493194093981
0.454904230599804,0.398635174606017,0.641222098884468
0.460138644872881,0.387411598140317,0.641645233211187
0.464498418862697,0.375724381939144,0.642782675304833
0.468102236808971,0.363779250254499,0.644642344124823
0.471010876852995,0.351818349086196,0.647194528950338
0.473230631997177,0.340116133592197,0.650361721818973
0.474772743849408,0.328951052469636,0.654023184434109
0.475711149282835,0.318539441072508,0.658035786475847
0.476200123444967,0.308951448374505,0.662269797040492
0.476429403981092,0.300072897203903,0.666642584035598
0.476541598158363,0.29167330521044,0.671123047388494
0.476581457690885,0.283541476695924,0.675701819727059
0.47651264115407,0.275577020669308,0.68035552556489
0.476267556227196,0.267792659275467,0.685030197211626
0.475786506163582,0.260267972691453,0.689644138427223
0.475033579555472,0.253101814493037,0.694099538672117
0.473996219128593,0.246382418061973,0.698294500092411
0.472677871756197,0.240175197485769,0.702131731841027
0.471089741020311,0.23452220319688,0.705523180174307
0.469244299423296,0.229447399932965,0.708391296485054
0.467151209739408,0.22496392458094,0.710668102710403
0.46481548321996,0.221081266211883,0.712293306597897
0.462237515657499,0.217811198173518,0.713212874681529
0.459414490242242,0.215171377268329,0.713379598658028
0.4563421979801,0.213185601305656,0.712756604306123
0.453015947248657,0.211880630094944,0.711323145123341
0.449429483696969,0.211280872030595,0.709080533245675
0.445571625402585,0.211403166058375,0.706055840822633
0.441421436384255,0.212254683449564,0.702301486237144
0.43694488599649,0.213838449990293,0.697889215666924
0.432099740930843,0.216171828269139,0.692898171685074
0.426858839242156,0.219318516663043,0.68740076800525
0.4212559986209,0.22341746853916,0.681457567022644
0.415431135939746,0.228668833925582,0.675136135269877
0.409620014943806,0.235249796497831,0.668551999638544
0.404069406277497,0.243209961366162,0.661896973074735
0.398951130406237,0.252437598518939,0.65542240644247
0.394358255287909,0.262709998969046,0.649391051514804
0.390389497552657,0.273759956373021,0.644033348672858
0.387291290485513,0.285288222184581,0.639523766328643
0.385640504539555,0.296862123170938,0.635968830105956
0.386457458785471,0.307664728481422,0.6333951120166
0.390750222051824,0.31641970789391,0.631766870008262
0.398417308465527,0.322295629812457,0.631089223905579
0.408355712359545,0.325698195635931,0.631475596802412
0.419517483807344,0.327481647985173,0.633064698575688
0.431195802101901,0.328257271054023,0.635930766115752
0.442910512990548,0.3283635320046,0.640062432718431
0.454316559742011,0.327996651743266,0.645375696031216
0.465148595265482,0.327311981250405,0.651731325482065
0.475179703880014,0.326476401290131,0.658944300782007
0.484202536173939,0.32566346114669,0.666785846129444
0.492041708890413,0.324988257401891,0.674987578107855
0.498576584574359,0.324421690201418,0.683254205024982
0.503746655640935,0.323769169194576,0.691284654614347
0.507544015767272,0.322766450164154,0.698802156586828
0.510000975879021,0.321222073909268,0.70558062779491
0.511169872313519,0.31908458340447,0.711447927747066
0.511103832251295,0.316413614757142,0.716271071041621
0.509844537316386,0.313316274892175,0.719939969297669
0.507411638721215,0.309897219413218,0.722355585784871
0.503788765478384,0.306234307884653,0.723420568376842
0.498906147797391,0.302373691574518,0.723030161346627
0.492626663405445,0.298336397910149,0.72106619024751
0.484762807498551,0.294132068360178,0.717414578106492
0.475178247148835,0.28976025615147,0.71204963453384
0.463953562257145,0.285121150446641,0.705160738509533
0.451420861195167,0.279797848651679,0.697149449136265
0.437782539473655,0.273050921113417,0.688396304937338
0.422308786434552,0.264865259552368,0.679026678720645
0.403744492511845,0.257293003763835,0.669276728097245
0.382361705708341,0.252251079529408,0.660040762227411
0.359488005320398,0.249459380255891,0.652380242446036
0.336207005343135,0.248006806692064,0.647051800912241
0.313438542747379,0.247543631516835,0.644473863425024
0.292311325681016,0.248272741737782,0.644676663264824
0.274153476226007,0.250946159935418,0.64718891852255
0.259916527586573,0.2570526408067,0.651159580510684
0.249632130459277,0.267505711950798,0.655971543206965
0.242535990198799,0.281087203041495,0.661636022684966
0.23806390278349,0.295943282478693,0.668197592699592
0.236440592361126,0.310744077715013,0.675208586853556
0.238144716435392,0.324913706417878,0.681901224014363
0.243392073078546,0.338253169213444,0.687558576951378
0.252104132891706,0.350656482846808,0.691676348467482
0.264047274862094,0.362038139930936,0.693977401022424
0.278933180295869,0.372325741222313,0.694390489025653
0.29645285593516,0.381453007814407,0.693028212728888
0.316264037838188,0.389339384940238,0.690161982268313
0.337953049152471,0.395846303392423,0.686179841378051
0.361005928363505,0.400704882159028,0.681508988602073
0.38487523284439,0.403471185792464,0.676505498283535
0.409255721129613,0.403685385748491,0.6713969658559
0.434386113683376,0.401316003558631,0.666428925823536
0.460685881020164,0.397021983956369,0.662110271761871
0.487880341644945,0.391776078067042,0.659125784778666
0.514957681226723,0.386196788025533,0.657935667930544
0.540972017852448,0.380401706437635,0.65863061856478
0.565388225922302,0.374648327139679,0.661141309632493
0.587865750088466,0.369697995490233,0.66534036944176
0.60798796161789,0.366129885764715,0.670919960392619
0.625298414295666,0.36356238539203,0.67734788748215
0.639521420605573,0.361278694798146,0.684049635530341
0.650574997760537,0.358894847026319,0.690524379052502
0.658527043063764,0.356360927193632,0.69637730772166
0.663598587479168,0.353804837023754,0.701357671277265
0.66617633017888,0.351389466107343,0.705394449023559
0.666772174162308,0.349156735871707,0.708578277940826
0.665866813821711,0.346874815610834,0.711036864607734
0.663641045952705,0.344030209484523,0.712719156842045
0.659797313258168,0.340142998900145,0.713270240727865
0.653767796157858,0.335196458105593,0.712224776982298
0.645180232865022,0.329629433185292,0.709373952237373
0.634072427368559,0.323939197411198,0.704891474956454
0.620750877506591,0.318418090434013,0.699173373089269
0.60558121027899,0.313150110198573,0.692647038505236
0.588872333224855,0.30810655544933,0.685677796586644
0.570852677189862,0.303227918573285,0.678557135491446
0.551692561871892,0.298464384011042,0.67152342081737
0.531535346935523,0.293786260063978,0.664782670889506
0.510520997922959,0.289181135475574,0.658519406771146
0.48879971814332,0.284647930312427,0.65289898480231
0.46653792676785,0.280192008155837,0.648065115340905
0.443918789156569,0.275822891104693,0.644135339396986
0.421138191450001,0.271555782353755,0.641196090400208
0.398395849920247,0.267418632926779,0.639298381730423
0.375881020517656,0.2634661868332,0.638455171539368
0.353754422035329,0.259798222531317,0.638641880138154
0.332133249493339,0.256567535007,0.639801835146808
0.31109114046147,0.253947609335198,0.641857705804301
0.290684060278922,0.25203311713975,0.6447269034723
0.271006232709938,0.250706184318369,0.648330665281739
0.25224973530575,0.249605306637824,0.652580044586536
0.234676653896415,0.248300938862149,0.657351003722145
0.218490347631995,0.246517013699666,0.662492990552813
0.203774650289561,0.24418069431674,0.667858301289615
0.190543314542452,0.241349688279498,0.673310364677052
0.178787151475186,0.238145289558529,0.6787195132834
0.168479593569396,0.234716291664024,0.683965036762517
0.159570203519923,0.231215153349108,0.688941844657777
0.151986644968681,0.227779337042471,0.693564605582168
0.145643800428252,0.224520042065644,0.697767762177246
0.140453240426518,0.221518982085389,0.701503348876283
0.13632964643691,0.218830828077375,0.704738407374553
0.13319408507473,0.216488326921217,0.707452700307745
0.13097523557998,0.214507994622114,0.709636741961417
0.129609649816894,0.212895361672661,0.711289955842789
0.129041732949269,0.211649489121417,0.712418795936277
0.129223736969927,0.210766844936216,0.713034779392313
0.130115744595928,0.210244750102142,0.71315250915621
0.131685410693726,0.210084593892109,0.712787872695162
0.133907176409515,0.210294969761341,0.711956627735371
0.136760838148127,0.210894840791273,0.71067348183075
0.140229728702113,0.211916773751249,0.708951571826991
0.144299240469741,0.213410062634899,0.706802085454071
0.148956841622486,0.215443035257223,0.704233805094186
0.154194947919995,0.218102882507665,0.701252699314788
0.160017692851557,0.221489969815057,0.697862375578711
0.166451060637135,0.225702067415826,0.694067182148993
0.173552026201148,0.230803438012063,0.689880580809084
0.181406540862788,0.236777905330506,0.685340522589966
0.190103711114864,0.24348140330773,0.680527701116009
0.19968709553039,0.250638342121917,0.675571218854471
0.210115672939939,0.257924637436055,0.670624651570843
0.221272502558533,0.265096545158855,0.665823563748567
0.233008807767439,0.272059862887987,0.661259943300725
0.245180889464167,0.278846706401394,0.656986016776699
0.257664359570122,0.285549760068425,0.653030887462207
0.270354579711849,0.292260383259932,0.649414502307715
0.283162335181727,0.299028459122675,0.646154387708771
0.296008507736448,0.305846949121328,0.643266210463993
0.308819318640467,0.31265658319969,0.640760899607401
0.321522819219617,0.31936171574376,0.638641174898192
0.33404663603069,0.32584834004102,0.636899386951638
0.346317386278175,0.331998355254604,0.635517226705818
0.358263843340005,0.337697836198187,0.634466972271988
0.369827594542075,0.342840050956283,0.633713897848443
0.380984296051433,0.347326074205561,0.633219997014374
0.39177236828953,0.351066527598951,0.632949483707687
0.402312341873593,0.353986174239388,0.632875686190115
0.412790092286891,0.356029021775825,0.632986947846012
0.423397262091032,0.357159679034992,0.633288353038853
0.434265845094629,0.357361099363722,0.633798800817243
0.445440170384215,0.356633411277729,0.63454618762931
0.456888770274348,0.354996380969649,0.635563129806545
0.468531641922889,0.352494407820491,0.636883484924693
0.480264192630714,0.349203317740763,0.638538910104256
0.491972890476172,0.3452404103853,0.640554776794322
0.503545318118187,0.340778847917587,0.64294500445245
0.514880021627255,0.336060877964813,0.645705899410266
0.525901405060629,0.331390198530625,0.648811002932816
0.536578186403392,0.327069556143501,0.65221222226723
0.546924310653178,0.323260098262363,0.655852224324255
0.55694568027289,0.319816256938974,0.659682214101447
0.566547095788183,0.316286736038437,0.66366628975223
0.575509831663886,0.31219943532175,0.667766064082292
0.583578463331565,0.307350468545737,0.671925291382692
0.590546116296326,0.301826444669626,0.67606620617486
0.596273516655787,0.295868526642554,0.680091194508485
0.600662373522014,0.289744537983602,0.683884304219287
0.603610579082315,0.283680767327903,0.687309834104103
0.604957469757414,0.277846938164844,0.690203056756457
0.604406187397781,0.27237883126199,0.692343023847735
0.60138900239394,0.267442481485571,0.693387636041769
0.59488007649972,0.263393066774601,0.692759843713602
0.583517341529052,0.261053333800843,0.689658399075372
0.566518311583609,0.261735135909128,0.683568211907581
0.54441191751991,0.266655718892718,0.674804621591828
0.518845168631889,0.275665981695336,0.664558360214377
0.491235487895009,0.286780826806779,0.654365061224956
0.462148637953501,0.298350678634381,0.645408437795455
0.432218232685563,0.309490276738967,0.638536385638711
0.402146415754657,0.319113133418541,0.63431377238899
0.372474122764464,0.325804474888897,0.63290599928497
0.343441411411196,0.32767838550273,0.634028917973298
0.314063282813882,0.323124474549243,0.637272980134363
0.282742553048892,0.31377870925876,0.642653984589512
0.25149796056086,0.304714024245646,0.649780582561258
0.227375401188044,0.298426064000817,0.656392175496448
0.216717871552877,0.290534944678045,0.659978043526
0.219255315988497,0.275907069899719,0.661236980585707
0.231476079409464,0.255614849501915,0.662926307677764
0.250719769193174,0.233964967991257,0.666775915937868
0.275284579922239,0.214592498972865,0.67290912440397
0.303462633631302,0.199279359152905,0.680570561404963
0.333271261632833,0.189195891014523,0.688366718375162
0.362588924396141,0.186040899578059,0.694159416541609
0.389042664665078,0.190807497315931,0.695670600109753
0.411315062327275,0.200787169763932,0.692515361150928
0.430321199493679,0.213022657315401,0.686041769956034
0.446743990794456,0.228197067163955,0.677061380659139
0.460230147040222,0.247333729334638,0.666409971380464
0.470443385653635,0.270127721118683,0.655622430101316
0.477318014471845,0.294888590653017,0.646521418623197
0.480030352019089,0.318923049959514,0.640267497755934
0.47573542143941,0.341716116652218,0.636975770385103
0.465795573955312,0.36705843988331,0.637880647559711
0.459002067774971,0.390314340214971,0.643691869923027
0.45367198287944,0.40776018328194,0.652436851896053
0.447796638971956,0.419752406964896,0.662681092660101
0.441943293373868,0.42707743766303,0.673232347178872
0.436853498616847,0.430328424622918,0.682912531199387
0.432872119852896,0.43011752378638,0.690781833331294
0.430061371354527,0.42714524864653,0.696284943161863
0.428371678884545,0.422170952897396,0.699276503009799
0.427694065891433,0.415982353400426,0.700010247034017
0.427813252393148,0.409348432203795,0.699086355085217
0.428439815936524,0.402807228935778,0.697202826110278
0.429340401095227,0.396530414005414,0.69484692093186
0.430376786372481,0.390501464094855,0.692268709144478
0.431469662044286,0.384673909484405,0.689591187470881
0.432569530860667,0.379015713198181,0.686880550368321
0.433644215273872,0.373511624128607,0.684175665280219
0.434674839076601,0.368157074434965,0.681499826685393
0.4356552209314,0.362951481267394,0.678865881229934
0.436592112834886,0.357892447794105,0.67627907676962
0.437504728799936,0.352971436414564,0.673739375321502
0.438422573484768,0.348171570658082,0.671243873236788
0.439381282611796,0.343468118826159,0.668789361472483
0.440417112115534,0.338831606826572,0.666374667410114
0.441561471187326,0.334232618857006,0.664002282863851
0.442836968814816,0.329646755456603,0.661678948000882
0.444255762014847,0.325058359160401,0.659415209848377
0.445820059660743,0.320462346531176,0.657224275977721
0.447524024714786,0.315864280908524,0.655120588349535
0.449356209000567,0.311279289111991,0.653118465717075
0.45130186740155,0.306730516968766,0.651231010028373
0.453344783557389,0.302247684518541,0.649469330947789
0.455468454898904,0.297866098812908,0.647842048682718
0.457656598343908,0.293626292692455,0.646354988904558
0.459892968639057,0.289574296893004,0.645010972676072
0.462160461698594,0.285762398686799,0.643809618567036
0.464439442194359,0.282250059104679,0.642747109070029
0.466705237971739,0.279104432360962,0.641815929939521
0.468924858424212,0.276399686104131,0.641004670367964
0.471053312575595,0.274214185958199,0.640298065549631
0.473030474632676,0.272624813564765,0.639677541354557
0.474780130654748,0.271698463505261,0.639122528704831
0.476213151855114,0.271482076803472,0.63861268867087
0.477235949544074,0.271993857955075,0.638130894753534
0.47776319037529,0.273218644790822,0.637666412345078
0.477731185300942,0.275109199471229,0.637217387043741
0.477107324656547,0.277593032847446,0.636791765419405
0.475892435175963,0.280582553672103,0.636406246682106
0.474116007558201,0.28398567703344,0.6360836020834
0.471826915590169,0.287714490981879,0.635849271863575
0.469083189140915,0.291690712073077,0.63572823490795
0.465943607070928,0.295847906409269,0.635742783733925
0.462462292310785,0.300131305961696,0.635911341598359
0.458686145207628,0.304496301596925,0.636248115867225
0.454654299825422,0.308906498618218,0.636763271169011
0.450398725436094,0.31333186954767,0.637463350486076
0.44594531455452,0.317747236212863,0.638351768373909
0.441315061791631,0.322131125087833,0.639429285662547
0.436525139592107,0.326464950284147,0.640694430333391
0.431589800663923,0.330732449799719,0.642143858180374
0.426521100644501,0.334919301431896,0.64377265862889
0.421329460970816,0.339012856773922,0.64557461374656
0.416024098478408,0.343001945902424,0.647542417186145
0.410613345552213,0.346876718422983,0.649667857461348
0.405104878691512,0.35062849755675,0.651941967972835
0.399505867177718,0.354249633030089,0.654355145156222
0.393823048557309,0.357733346016399,0.656897236165415
0.38806273465175,0.361073565408026,0.659557598437572
0.382230750890295,0.364264759427883,0.662325135042395
0.376332313250378,0.367301769805034,0.665188311328043
0.370371850691769,0.370179657496133,0.668135159619217
0.364352787035296,0.372893568900356,0.671153278845587
0.358277304631008,0.375438629673592,0.674229834442066
0.35214612335477,0.377809869198317,0.67735155983075
0.345958342576449,0.380002172050833,0.680504753483071
0.339711410789551,0.382010242372548,0.683675253879108
0.333401306247041,0.383828551308784,0.686848357503201
0.327023028245469,0.385451214369518,0.690008621344812
0.320571502812391,0.386871712464876,0.693139461545264
0.314042979965133,0.388082326613153,0.696222427062855
0.307436911844246,0.389073106017301,0.699236001200103
0.300758118893799,0.389830144995897,0.702153781390441
0.294018770602858,0.390332927874039,0.704941927198667
0.287239422728396,0.390550527286605,0.707555841537853
0.280448324605595,0.390436479657947,0.709936085451321
0.273678813052898,0.389922105385513,0.712003365132484
0.266966081573162,0.388907799861777,0.713651960313787
0.260346817553891,0.387251685053395,0.714740498896593
0.253867685820892,0.38475634435734,0.715079940965145
0.247610106648725,0.381160100078486,0.714424293355356
0.241734232160175,0.376150447206866,0.712482544388728
0.236527988713098,0.369418183904057,0.70897715754681
0.232434968053525,0.360730530021755,0.703739090144403
0.230055575603976,0.349956106532779,0.696778027744566
0.230104569597651,0.337027146348016,0.688310809613846
0.233256510065122,0.321933670991334,0.678808045794639
0.239904404022104,0.304834021319457,0.669044180959136
0.249974072421114,0.28621073037137,0.66003201074787
0.26278860888385,0.266966682833416,0.652809385285308
0.27681994182661,0.248596730428635,0.648141680096089
0.289562108882624,0.233870896213201,0.646078165506364
0.299218888830223,0.227736977091573,0.645328241021187
0.308303746677684,0.234924888160444,0.643759426428129
0.322804809851338,0.255320719218255,0.640705394082168
0.3475725572456,0.284324123405863,0.637817276033711
0.38334500055891,0.315700102240643,0.637867839898683
0.426404812444938,0.344469033036368,0.642941147281159
0.471567689904518,0.368539480375984,0.653306444433297
0.514952981377132,0.387627010045879,0.667723252784695
0.554114907430449,0.401673259676559,0.684045240679702
0.587273815118538,0.41066948528553,0.699586100984036
0.613105510739299,0.415199084280644,0.711713884598789
0.630792055135093,0.416167495681923,0.718431421924364
0.639639020876593,0.414169122442875,0.718498304642846
0.63870689081508,0.409597521606922,0.711592031152272
0.627081199857392,0.403194369551244,0.698787758578984
0.604813913388014,0.396660471424691,0.68284336291323
0.57484492478571,0.393059599821853,0.667801555278862
0.544504643607807,0.394011739532629,0.657042181740605
0.520027322477037,0.394798119553798,0.650338651641278
0.500724658592101,0.388545426548201,0.645091998378638
0.48268797483548,0.370955771006162,0.639794283997576
0.462016451353852,0.341249493881019,0.635369236199987
0.437660046263779,0.302982165016502,0.634776794694899
0.410776996335879,0.260956863885386,0.640378010305638
0.381977946930647,0.218622915819655,0.652663187751527
0.350195247282971,0.179895823020829,0.670297905916148
0.316853653288177,0.149870864267161,0.689733042230492
0.285741656593212,0.130052748830468,0.707065256777993
0.258889005244588,0.119551580937723,0.719526699051214
0.237040060896482,0.117390123127708,0.725543519744495
0.220644325361966,0.122633004746205,0.724870458457911
0.209942767265721,0.134102482142398,0.718567859488459
0.204965593326761,0.150380814504625,0.708409646685828
0.205519713288253,0.169549307221753,0.696424499799073
0.210497475724364,0.189702093634685,0.684441055861504
0.21823769137946,0.211538781995201,0.673147340879086
0.228574705889967,0.237388992719642,0.662673119731044
0.241355440507513,0.266227079318134,0.654221743418769
0.254103383156938,0.294170368381628,0.649155754094501
0.263962082660488,0.316892093313011,0.647568109234682
0.27118690449859,0.331911771578158,0.64824506320075
0.278995436224362,0.339984301565943,0.649683586857894
0.290239369003622,0.343471207259229,0.650917690385223
0.305597944435961,0.343934101908182,0.651715752196519
0.324194808699503,0.342071442058706,0.652368647108694
0.344976803915901,0.338703617579675,0.653228000193757
0.367345347951554,0.334760420042469,0.654432353945929
0.390869728912654,0.330911540192408,0.655994816437735
0.414973231406418,0.327493551372033,0.657915676093026
0.43891714603317,0.324596460280107,0.660182024082618
0.462023324006058,0.32217289917124,0.662722347363166
0.48396227234472,0.320175968103161,0.665407804720531
0.50480103230374,0.318682819631622,0.668120754572861
0.524675474374055,0.317849600227687,0.670813614814243
0.543460490297535,0.317746413308124,0.673482697322896
0.560821267583322,0.318311306583707,0.676103934300888
0.576453554258767,0.319411240163256,0.678617334908787
0.59021789073617,0.320889124588103,0.680954690570489
0.602132594506526,0.322579667436843,0.683063932341262
0.612305892092522,0.324317619430017,0.684912494019863
0.620870794449035,0.325952657222036,0.686477590344941
0.627946427560337,0.32737559090432,0.687735133772137
0.633624631875304,0.328551732337237,0.688653995047334
0.63797223097842,0.32954492252289,0.689197508385372
0.64103837105181,0.330507097840108,0.689330512436835
0.64285731479561,0.33162234941906,0.68902678695658
0.643442367565432,0.333033320370368,0.688270873613851
0.642776888376904,0.334796002558817,0.687053636511383
0.640813304489202,0.336878722127402,0.685367654740032
0.637484478742405,0.339187094571845,0.683208213438696
0.632722516602211,0.34159374809044,0.680580043936303
0.62647695567528,0.343963611540096,0.677505963830858
0.618726939606782,0.346173425112466,0.674033450124347
0.609486295232269,0.348125732250562,0.670237153921466
0.598803632712098,0.349756966108511,0.666217354556101
0.586760894158747,0.351039053235142,0.662095383052726
0.573473061386832,0.351974661520137,0.658006959736077
0.559089091947781,0.35258704629119,0.654093586190003
0.543790640907372,0.352905921629004,0.65049159611527
0.527783141004778,0.352951480117126,0.64731930504959
0.511275913654484,0.35272034527352,0.64466495390282
0.494454391229848,0.352179111781956,0.64258008261586
0.477454591679862,0.351270507831354,0.641082174845523
0.460351925857189,0.349931845756904,0.640166226452411
0.443170070232498,0.348117738700085,0.639819871874855
0.425904822294571,0.345815983661536,0.640034940486088
0.408551086509456,0.343050450455934,0.640811248424696
0.391122638469458,0.339872817360579,0.642153205853109
0.373660539417465,0.336349425271134,0.644062791053418
0.356231620233976,0.332549051069618,0.646532612196533
0.338921038076248,0.328534606177508,0.649541317666101
0.321822951804912,0.324359143882885,0.653051952053477
0.305032100841961,0.320065106673598,0.657012757736805
0.288637588397281,0.315685386988994,0.661359514502218
0.272719073859324,0.311245041684969,0.666018568270423
0.25734503059966,0.306762963415274,0.670909936108136
0.242572616049499,0.302253234966564,0.675950086884177
0.2284488565907,0.297726201767012,0.681054093297675
0.215013119740282,0.293189487051812,0.686136822683343
0.202301109071506,0.28864923499514,0.691112736017562
0.190350713267007,0.284111769846556,0.695893838950828
0.179209724167339,0.279585602308359,0.700385634196834
0.16894444815994,0.275083400959629,0.70448187194477
0.159646697557879,0.270623393959122,0.708060478963715
0.151435701534003,0.266229852712191,0.710984306950709
0.144452968332439,0.261932767518542,0.71310943441737
0.138852197566194,0.257767240374594,0.71430005388229
0.134789619731113,0.253773098840467,0.714445166206211
0.132419173524841,0.249994476009442,0.713472020751715
0.131892670603746,0.246477731242726,0.711354561606848
0.133360869793584,0.243264818332044,0.70811908219091
0.136968381031248,0.240378932997376,0.703851544927435
0.142832636721844,0.237801223043689,0.698710801340718
0.150995709909942,0.235444983536691,0.69294778806622
0.161347604194583,0.233152387841859,0.686918094326178
0.173565808536136,0.23075593581434,0.681051927660685
0.187192528217894,0.228187667795863,0.675744621348433
0.201915547411722,0.225457541374002,0.671227827973374
0.217851755336642,0.222523502648952,0.667558139599952
0.235533654096231,0.219514712406987,0.664705143565625
0.255356253028276,0.216838171866187,0.662713213108018
0.277104692302758,0.214912037773287,0.661738806522172
0.300184596956249,0.21412368196799,0.661869235559924
0.324017436992802,0.214875566453878,0.663010015940331
0.348265812772593,0.217545515595005,0.664929689570123
0.372939858920402,0.222354560681251,0.667402601997098
0.398314629016416,0.22912137605824,0.670379464634642
0.424307445277483,0.2370703615435,0.673962602090153
0.449522151060659,0.245408987500516,0.677865778193535
0.472065641718359,0.254550003045632,0.681080806928668
0.491376046358578,0.26567070950015,0.682713280489866
0.50791059256432,0.27937335180695,0.682590904682788
0.522067541312854,0.295421603679805,0.681003232626273
0.533797315985771,0.313178958610336,0.67831442894648
0.542789193697129,0.331999001763453,0.674860231221678
0.5487948679204,0.351388208103719,0.671029184643289
0.551829632473779,0.371118100958003,0.667327417212439
0.552019002898629,0.391336332131138,0.664314766596316
0.549228641739929,0.412506713951579,0.662530457094579
0.543712063320927,0.435136119157538,0.662769912065063
0.536146325263262,0.457920428216594,0.665600319991131
0.526373085481404,0.477908138785936,0.670462058279675
0.514301366104395,0.493797865483296,0.676653008468762
0.500245061817487,0.505225983258031,0.683580129128138
0.48463516782037,0.511909667101849,0.690537456356939
0.467937097194915,0.513616560257554,0.696734156081066
0.450674585506947,0.510167372435646,0.701367422922899
0.433455355633698,0.501417989700747,0.703684575824934
0.416872478395078,0.487484746252169,0.703206314245107
0.401272455013995,0.469118700233138,0.700083581146238
0.386672685511159,0.447237081960569,0.694896425217062
0.373052537567077,0.422156769585565,0.688130646561506
0.360590994041357,0.393920311389162,0.680266976296249
0.349661600227214,0.362766455399532,0.671970407591105
0.3407322724902,0.329245214741851,0.66405642004694
0.334250055724531,0.294188844225225,0.657366999617542
0.330537910506926,0.258666922884919,0.652644339408786
0.329728873769349,0.22395601471659,0.650411373524923
0.331769174944475,0.19154752159962,0.650840655377802
0.336491270816789,0.163267287939869,0.653587565345708
0.343636260987121,0.141715952955154,0.657548443994207
0.352217873128544,0.130915767182332,0.660723964809451
0.359175072948784,0.133864496744336,0.661610386352163
0.362468387084897,0.147916244254565,0.661201986579159
0.363257820298835,0.169111229426201,0.661177407888998
0.362994969018031,0.194792481694359,0.662573781654467
0.362410476599285,0.222895160378624,0.665795130527522
0.361740669837466,0.2517818714481,0.670688497855571
0.361071552941155,0.280184770208715,0.676692731236108
0.360442257436795,0.307067804835581,0.682981479878538
0.359778009166485,0.331588057693827,0.688589789350069
0.358855483049409,0.353180408704834,0.692597067762644
0.357418709470903,0.371637527209119,0.694356627968469
0.355353342890393,0.387025991328897,0.693623607172954
0.352722136864719,0.399462241996928,0.690498890588944
0.349668206322843,0.408994548092176,0.685319629706163
0.346450385917606,0.415633430144713,0.678583928734164
0.343659961004663,0.419212842190709,0.670807450683113
0.342073405948942,0.419123390133988,0.662401287946672
0.342283213323051,0.414636268554283,0.653873397297753
0.345575311908848,0.405480848691016,0.645946317711769
0.35611223962239,0.392297128609116,0.639322828436206
0.377137799009156,0.377321103354055,0.635231888359854
0.403988665546088,0.361443716518354,0.635262028973884
0.432163576419071,0.344817454511557,0.640039549422301
0.459306752272049,0.328085163073251,0.649230061536872
0.484027170563993,0.311961426774295,0.661853014624988
0.505421456502026,0.296959555954554,0.676551453084216
0.522878658184771,0.283369050128494,0.691804544530634
0.536020129074642,0.271395846997835,0.706069879513393
0.544798907824654,0.261325005226438,0.717926610694103
0.549631395064268,0.253515405443716,0.726306579602048
0.5513093434618,0.248193356799298,0.730741389774666
0.550684312255812,0.245264407707102,0.731430108368979
0.548390614161914,0.244359820828352,0.72901929695722
0.544764730598259,0.245080147462541,0.724211080777997
0.539946830939557,0.247159831840056,0.717567029292909
0.534026619526493,0.250442162733657,0.709558306464218
0.527123065776111,0.25478362380526,0.700639558546852
0.519368733766566,0.259967330694897,0.691257427802798
0.510781571209195,0.26569626917013,0.681788042994828
0.501097387908624,0.271756098736444,0.672456626814977
0.489824736543959,0.278266815843231,0.663373021248999
0.476652738396636,0.285662484515643,0.654728410416572
0.461793191729161,0.294316026659751,0.646923776721266
0.445924706526362,0.304272744231465,0.640459709768541
0.430025605855696,0.315312976243206,0.6357381568546
0.415401624989769,0.327060159859001,0.632934423843144
0.403798190377204,0.338802227551953,0.631925070741496
0.397094284163622,0.348986476642708,0.632241871725236
0.396079709519121,0.355029085775968,0.633174312289828
0.399417927930878,0.354503371175056,0.634154994802479
0.404651346434351,0.34664424591209,0.635139798814614
0.409619327177231,0.332360161747543,0.636560969498607
0.412897570130651,0.313665700586075,0.638959027786841
0.413905196603704,0.29301040203924,0.642617268270955
0.412850161391664,0.272623873464539,0.647433244418279
0.410643074222302,0.25400482537972,0.653066201270329
0.408546235050197,0.23747579776973,0.65923776819441
0.407394325591494,0.222268302670134,0.665919476217756
0.407029170065122,0.207330481823892,0.673214969804324
0.406481169261821,0.192129734549526,0.681097164415716
0.404635232406089,0.176929458768104,0.689248954298849
0.40089535924991,0.162541174871676,0.697123333123144
0.395384857851016,0.149805947246951,0.704157173067249
0.388662759930295,0.139240458054889,0.709939861894679
0.381358957406937,0.130994991879497,0.714255608302702
0.373968059048359,0.124972348389128,0.717048758491149
0.366795288596482,0.120963549553701,0.718367145733617
0.359983319018125,0.118745747726194,0.718310448643327
0.353566989181806,0.118136333052294,0.716994314054968
0.347526513911563,0.119012122662141,0.71453309079637
0.341826211778589,0.121305798031352,0.711037865636894
0.336437010378161,0.124991137920926,0.706622814338573
0.331346622214661,0.130065296139441,0.70141328582874
0.326562121498879,0.136532898675309,0.695551391948553
0.322108709071782,0.14439534170174,0.689196737844806
0.318028238027667,0.153649226406002,0.682521101260452
0.314382598865017,0.164297492016174,0.67569775706332
0.311268985441371,0.176369896871925,0.668890162704138
0.308851653894513,0.18993317161035,0.662249006626829
0.307405541528179,0.205059599829116,0.655923067515298
0.307361231960615,0.221741993883078,0.650073368701482
0.309335011474214,0.239777231474371,0.644871690719091
0.314045054964462,0.258648071355139,0.640490351274671
0.3218760932501,0.277501576369991,0.637114943454261
0.332266819100004,0.295468136391476,0.634940760744168
0.343895677011401,0.312251265022328,0.634084606079027
0.355730224976381,0.328383016210559,0.634553247497771
0.367700974232307,0.344745395932669,0.636365726398319
0.38027927250391,0.361727870524242,0.639624865478716
0.393701411062936,0.379007066129756,0.644417990662853
0.407778269698922,0.395984240981881,0.6507091291327
0.422128671223354,0.412162170668677,0.658331594945787
0.436403282635552,0.427235224723631,0.667036477032524
0.450370130119636,0.441035329474041,0.676537623642202
0.463908693170507,0.453461790216203,0.686534533744225
0.476972187751329,0.464435865828195,0.696717769320688
0.489546689297529,0.473881002524576,0.706766043124183
0.501616824927355,0.481722050513634,0.716343363248721
0.513142496769902,0.487896103102428,0.725102743405614
0.524049698611786,0.492365887418886,0.732699203157571
0.534235300937186,0.495125847210474,0.738809366387618
0.54358094210358,0.496194371431453,0.743151114992272
0.551968599890055,0.495592204403078,0.745497709389568
0.559292078963699,0.493312360428153,0.745685417616563
0.56546063852925,0.489287322625871,0.743615760989858
0.570385298548625,0.483357940109631,0.739249318379109
0.573925762799951,0.475256927214366,0.73258860503525
0.575778370554665,0.464647794913907,0.723669435222396
0.575343295669115,0.451292459023945,0.712617349862082
0.571758764999394,0.435371374143867,0.699826540767214
0.564368403490761,0.417660706840549,0.686148857829211
0.553303754081843,0.399056789428108,0.672728158072082
0.539334902270705,0.379950388224156,0.66055948254691
0.523294745780933,0.360310721647685,0.650331505410119
0.505824558537068,0.340062187236239,0.64251742927025
0.487310950317923,0.319239760688252,0.637429163719427
0.467622414202656,0.298049439244977,0.635220051387722
0.446104599458548,0.276869581385448,0.635984552104699
0.422562392451609,0.25594393477772,0.639913907358576
0.397220376073693,0.236020955201673,0.647096647639018
0.370824382150911,0.218702790488172,0.657151771742891
0.344894436802393,0.205087745116683,0.669187113146797
0.320706123156535,0.19505100804731,0.682214200874448
0.298792630692425,0.18812231697687,0.695345016893441
0.279314508423665,0.184071704373414,0.707702721547001
0.262433470199816,0.182812399844078,0.718366675029292
0.248424057519739,0.184096588924922,0.726465891745419
0.237552211581616,0.187377052644466,0.731377742726322
0.229894981853797,0.19201282522122,0.732852308708916
0.225335320060899,0.197629246195225,0.730927757902686
0.223749856240504,0.204269505331655,0.725754381138084
0.225190383884387,0.212265625444577,0.717528500014646
0.229932657456416,0.222022768136376,0.70656587862849
0.238418949330216,0.233853788349283,0.693419297855164
0.251151312867215,0.247849842303534,0.678962536227193
0.268538870256212,0.263684779002021,0.664412266199981
0.290554588382973,0.280189336610803,0.651278395781973
0.315806327070263,0.294857364745465,0.641134401297764
0.340981098463073,0.304922515462631,0.634854595906305
0.365321985603293,0.311002357092917,0.631930207010932
0.393647226536372,0.316046453076084,0.632094189751426
0.426097869750067,0.319448666054589,0.636369909042338
0.458443968150348,0.320741024939404,0.644986873843168
0.487703378476273,0.320745517002993,0.656931117693424
0.512628252034394,0.32020717102942,0.670705089009446
0.532888300932555,0.319564151475261,0.684795879677875
0.548936861628296,0.319044288572534,0.698081580078979
0.561593904593273,0.318603166243215,0.709956305890808
0.571358825461853,0.318060689465914,0.719972284121007
0.578367274500689,0.317285015894008,0.727643190409389
0.582648332669798,0.316174650728681,0.732553539176714
0.584187292056061,0.314647931635141,0.734436620320132
0.582907146102257,0.312747022263504,0.73318104303653
0.578714445179972,0.310741580307741,0.728855975467354
0.571590208654863,0.309110681856108,0.721753639727305
0.561669186715755,0.308413756748939,0.712404910755263
0.549295033018453,0.309132432045085,0.701547691843776
0.535056567037631,0.311511552365969,0.690050181153173
0.519763399835677,0.315356456148334,0.67878926022701
0.504215163467661,0.319832290132711,0.668459328314118
0.488693982667246,0.323575130670141,0.659363739655035
0.472523736568208,0.325388995175988,0.65140263765614
0.454320433175845,0.325256075238943,0.644397519837755
0.433220959004572,0.324732455975247,0.638534641577621
0.410069940610199,0.325760960679506,0.634389762083312
0.38696584095109,0.329290126097035,0.632406928500001
0.366415541185527,0.335691265905758,0.63251251055102
0.351528838112267,0.345184809542578,0.634108193861976
0.345524767080557,0.356678099169902,0.636331437833816
0.34960871095328,0.3671676800703,0.638598652435418
0.361817174934346,0.373309865495073,0.640899395710631
0.377764573043823,0.373625708169519,0.643568167678536
0.393683786923019,0.369647731165821,0.646986221227089
0.408465662880899,0.363596754984228,0.651357603004309
0.422241853653253,0.356569880775966,0.656663462265769
0.435147996453152,0.348848952442817,0.662735118875818
0.447122222864931,0.340469984932096,0.669322640134064
0.458022710416525,0.331458812265194,0.676143130871014
0.467717281512602,0.321870402164244,0.682911713573908
0.476104334806554,0.311781428840916,0.689357186851957
0.483104404065128,0.301292424883943,0.695228788266932
0.48865600038867,0.290539078852231,0.700302559674371
0.492724344856987,0.279692374559049,0.704391643884487
0.495310940467629,0.268935981821766,0.70735731020546
0.496449009378654,0.258431386595895,0.709113883672764
0.496182722542112,0.248292748099934,0.709624553049047
0.494540861672159,0.238585032472225,0.708891701513696
0.491517287313024,0.229343635925548,0.70694846579045
0.487064539505755,0.220606327183875,0.70385578420135
0.481101299013038,0.212451856274595,0.699704005085526
0.47353445910471,0.205048282625299,0.694614070811891
0.464303901429716,0.19871926819289,0.688732163138605
0.453472054959053,0.19402048681503,0.682216513054112
0.441378193364829,0.191739086212262,0.675233088714706
0.428759858172548,0.192565233523931,0.668001740977843
0.416424225977362,0.196227747108834,0.660900826921136
0.404307601430807,0.201190939151355,0.65442553145806
0.391587789556098,0.206621902681547,0.648861301421034
0.378265716892132,0.213683066300124,0.644207397623497
0.366064495534125,0.224586161478967,0.64028994621155
0.35791634585325,0.240900209444037,0.636943882751234
0.355488336799555,0.261946848357615,0.634464786133657
0.357873701256024,0.285870852328584,0.633556040887497
0.363497752331636,0.311297944559114,0.634822023111914
0.371047299631132,0.33709123392741,0.638572600984992
0.379477625229609,0.362149973851023,0.644768511929181
0.388229221320343,0.385707752718825,0.653091876677969
0.39716049224135,0.407310358771134,0.663079214541807
0.406269636858504,0.426709106227198,0.674213939141179
0.415499986434255,0.443788084685122,0.685966494473535
0.424720123334468,0.458485596085056,0.697785521389447
0.433787623563834,0.470761745969609,0.709093726556249
0.442593972601715,0.480630702365873,0.719330987894988
0.45107485006073,0.488217293992293,0.728039734321186
0.459204783317576,0.493755107315516,0.734928677852192
0.466978060657153,0.497465902815465,0.739823320572884
0.474376213719732,0.499412616583544,0.742534298736024
0.481353145391917,0.499466293486216,0.742799965622436
0.487856004392422,0.497351023109721,0.74034686253344
0.493841946806217,0.492653212431287,0.734973548750743
0.49919141193425,0.484777000106326,0.726581731605692
0.503419353285882,0.472973123331869,0.715199105218799
0.505284849072939,0.456697882725493,0.701147810864669
0.502919939094575,0.436486360671117,0.685445883709782
0.49559562553396,0.414515618945423,0.670032942802634
0.485528929203717,0.392482190959697,0.656709501824667
0.475141232006756,0.369249263217956,0.645971994944024
0.464190525241215,0.343354230013749,0.638000340053422
0.451212144582068,0.315612144689134,0.63340858398276
0.434642452101489,0.288580214176253,0.632606560763785
0.412576932552027,0.265086638032044,0.635503875645584
0.385825059812096,0.245601293416448,0.642201000474776
0.356948970379909,0.230526115405219,0.652526221093397
0.329088483035139,0.220760377933326,0.665353065354153
0.304325299622488,0.214939228993224,0.679483556072817
0.283085255138615,0.2116403079456,0.693938846091711
0.265185344352725,0.210268888715151,0.707793496225375
0.250357192879094,0.210649943885707,0.720170940759183
0.238417584765685,0.21275264036161,0.730251537575388
0.229367633276413,0.216547237979418,0.737266586281756
0.223377764622942,0.221923054911313,0.740570958495665
0.220679989624872,0.228723961210677,0.739776201074608
0.22148906267359,0.236850908434446,0.734839883700557
0.226008801018774,0.246298235506939,0.726069568026543
0.234476344545454,0.257096605547625,0.714076723646419
0.247161342353658,0.269223319063282,0.6997312199431
0.26425742751404,0.28244296343643,0.684151758460422
0.285648076394706,0.296108865886614,0.668696657372729
0.310770812080502,0.30928037144842,0.654790884611653
0.338827258054179,0.320989447991292,0.643624157101316
0.368868807860677,0.329555951507067,0.635978463786237
0.399261556394042,0.330705690954312,0.632042017297166
0.427283741981934,0.321167828222002,0.631728584373504
0.452018558304166,0.305027348885281,0.635370496976375
0.47338054996422,0.286418046889209,0.643028212274167
0.491055974731574,0.267520014645217,0.654138471626907
0.504847320673864,0.249655013460422,0.667715137101465
0.514721240181868,0.233737050900592,0.6825139427285
0.520910921864,0.220395674779055,0.697226019355103
0.523927938213666,0.209941053815213,0.710702504678024
0.524386179169264,0.202344448883294,0.722094059343139
0.522795855922508,0.197337402579938,0.730851533224405
0.519483897032206,0.194575181834677,0.73665500631628
0.514637476969479,0.193761266060786,0.739361460311661
0.50838479166911,0.194694121405461,0.738997598698381
0.500847184757927,0.19726235196856,0.735764453457634
0.492138050468697,0.201433924871582,0.730000915871694
0.482344601057075,0.207252333295823,0.722113021160271
0.471548968217541,0.21480459272949,0.712549244018935
0.45986584293145,0.2241540123249,0.701821369240968
0.447458585039423,0.235261275574921,0.690512069891869
0.434516622344988,0.24792314030852,0.679240383169827
0.421182479473902,0.261786616493826,0.668584604088769
0.407461149420976,0.276510546336918,0.658999369635277
0.393236508232521,0.292020811279052,0.650807784155286
0.378499278300432,0.308552674989876,0.6443043424619
0.363626209685886,0.326305074970433,0.639831001263458
0.349498161606168,0.345125925805129,0.637666204284589
0.337668627860659,0.364488127851407,0.637781138620045
0.33071286622999,0.383178914915483,0.63955695109346
0.331599575435215,0.39822815302354,0.641653499970947
0.340701900618933,0.40492045080866,0.64269794402326
0.354292644199674,0.400236290326323,0.64258140586848
0.368071828355968,0.385539677953348,0.642554950982196
0.380146551117877,0.364628196710386,0.644026515370486
0.390341486969958,0.340854444499638,0.647721276490639
0.398925566204826,0.316346591511261,0.653697352633763
0.406194819273551,0.292339347369008,0.661629240117935
0.412431754820914,0.269510718319332,0.67102850679158
0.417879473339184,0.248137918024507,0.681387400877251
0.422648424316776,0.228187685686948,0.692260650149636
0.426591290515153,0.209463255346912,0.703258260892238
0.429274139352668,0.191859126044941,0.713929690308968
0.430198171044401,0.17560942399603,0.723627365296241
0.429190292422839,0.161271164975202,0.731542617042984
0.426562229368789,0.149414971903882,0.736941598691003
0.422881806974151,0.140371066386381,0.739364749272891
0.418660705739701,0.134230277367289,0.738653007557932
0.414205589084182,0.130978187389006,0.734878878542025
0.409633014198156,0.130616729589744,0.728276368104253
0.40496318887035,0.133221527859069,0.719206117496249
0.400224780436903,0.13893502643098,0.708154156127557
0.395549725946723,0.147923551888304,0.695735073795708
0.391274521057118,0.160345717311449,0.682660285099838
0.388054198759168,0.176384447161566,0.669651228769578
0.386900916929971,0.196286153618592,0.657370899986348
0.388973230421937,0.219898671077804,0.646586820593712
0.395670658277323,0.244997729616006,0.638412982949665
0.409834522782675,0.266341309190889,0.633691494691573
0.432853473857087,0.278331507476139,0.632636423647742
0.460710059077937,0.280995616389663,0.635420672916405
0.488889790747247,0.278699717971344,0.64208228594095
0.514685783730542,0.274512197977868,0.652064514188225
0.536206705947025,0.270431659335873,0.664042458851064
0.552725434433936,0.268468942829898,0.676363761842867
0.565576121449831,0.269378463496026,0.688277388760393
0.576786685189327,0.271093071055939,0.700309931784264
0.586426028554476,0.271525128310799,0.712498167679931
0.593443930061814,0.270604312943407,0.723845876382061
0.597233001898963,0.269047201183822,0.733227213931408
0.597741454362627,0.267451387584961,0.739851360379467
0.595156591406089,0.266200495594337,0.743290024749214
0.589731973558935,0.265597511251037,0.743425962113039
0.581755520987474,0.265949623672703,0.740425668002194
0.571558617757565,0.267576985338881,0.734700327724007
0.559537274905561,0.270774047254074,0.726839511227767
0.546199267253884,0.275705382825715,0.717554831104005
0.532157218761941,0.282194424192932,0.707610794979299
0.517886972421879,0.289508118570078,0.697650133243421
0.503262249975461,0.296509241488252,0.687951132921909
0.487397044925952,0.302365029589117,0.678419372568433
0.469218805500238,0.307145102586716,0.668961052077648
0.448206166414044,0.311634058933286,0.659836543896845
0.424615393146191,0.316721747505403,0.651648114475036
0.39925332721811,0.323002397566117,0.645086833258892
0.373176228868315,0.330746357021202,0.640696139777498
0.34755882473949,0.340061155808885,0.638751988009241
0.323752306558774,0.35102285382538,0.639211265529345
0.303442582156369,0.363645391054235,0.641658485181481
0.288729241781164,0.377559249766885,0.645245559585438
0.281657266367473,0.391350814249283,0.648758224037896
0.282822366268338,0.402275661377154,0.651045013511762
0.290275449407927,0.407545578676545,0.651661174426037
0.300490884230701,0.406324066404463,0.651060698495873
0.31062248147745,0.400249160239713,0.650133909960892
0.320054842293611,0.392052293145826,0.649588573721462
0.330203066664745,0.383546812041913,0.649700756603736
0.343027601163014,0.374531940346014,0.650512494589198
0.359201931016166,0.362907625916143,0.652111114319828
0.375766409779921,0.346794441170356,0.654582317969626
0.388529983326409,0.32845841047514,0.657743271537274
0.39793062502982,0.311307534781589,0.661360007514761
0.406187546754175,0.296449724256414,0.665299019192026
0.414812790067425,0.283405349882419,0.669550454052273
0.424353731031783,0.270900629821187,0.674239242672218
0.434259525921994,0.257130068829618,0.679522378835913
0.442481529913173,0.240682169165668,0.685127298045671
0.446641238744602,0.223517086632288,0.689598274949541
0.448050129648032,0.210551662932486,0.691447990793839
0.449979933547036,0.20275535571755,0.691113163779976
0.453873122073346,0.197755118327676,0.68989442635139
0.458744323296084,0.192519852954784,0.688758712304545
0.461423733830708,0.185342344528251,0.687537411591943
0.45817381780886,0.177893159509635,0.684622665999801
0.449516183595437,0.175832384404671,0.678159985881595
0.442216660711962,0.182422213755568,0.668981245656914
0.440437279387381,0.193232715575482,0.660190129352832
0.441326515161573,0.202263884437556,0.653575759637834
0.439563873967856,0.209322643036166,0.648371033516959
0.435422746460662,0.220882489417008,0.643015385090654
0.438962709233032,0.239426302708533,0.63813811399764
0.456630704892487,0.256899247583668,0.63615133403003
0.483984806492872,0.266795959258839,0.63852255494881
0.51386688561518,0.270298597288741,0.645314028164266
0.542246728342264,0.270687247601146,0.655916698960162
0.567424130816883,0.269896818249933,0.669429744258439
0.588613279274606,0.268679238802059,0.68476962866311
0.605291616350546,0.2671419095424,0.700671279834232
0.616807748028437,0.265192266619871,0.715529363892913
0.622379292730444,0.263243654801567,0.727316147894
0.621943038415565,0.262758744674551,0.734322037349088
0.617178733984439,0.265246615377466,0.736651616385655
0.610532473037592,0.270135642481906,0.736136376461547
0.602603297061467,0.275431589392145,0.733738155103471
0.592343046612702,0.279963849658263,0.72895626948835
0.578514912623323,0.283621505632393,0.721104420147509
0.560226027029892,0.286821595175658,0.710066257829193
0.536935568036157,0.290174909306866,0.696436225891774
0.508369042027728,0.294474519309487,0.681364846205559
0.474699096494448,0.300970815062881,0.666400772912226
0.437412752733848,0.311320760489765,0.653450881276286
0.400030473698977,0.325668777628515,0.644376710704334
0.365604600971756,0.340887864141962,0.639818249928111
0.334273841813505,0.35374173473602,0.639160072825021
0.305020789340968,0.363745138774758,0.641689063883629
0.278484538776953,0.373917955560669,0.646870395411762
0.26009684908031,0.388362025739848,0.653285460589099
0.256465645439639,0.404762338066446,0.65832376584517
0.266915265267686,0.416646534130429,0.660996756862007
0.285866203899214,0.421442956801079,0.662651965801697
0.308882638967569,0.419977194111963,0.664794271310476
0.333554656204981,0.413472211869039,0.668130767848018
0.358460703620685,0.402821089353463,0.672777746258973
0.382594114574748,0.388732226121271,0.678518106201774
0.405189449692955,0.371869814936094,0.684938011697042
0.42567863593375,0.35290293417401,0.691504573339154
0.443666717991822,0.332500442569465,0.697619830682509
0.458889926860399,0.311303616164192,0.702663979157458
0.471150612065852,0.289912081471757,0.70603732694317
0.48025471050142,0.268903989736893,0.707215601722351
0.485986804086676,0.248868181735555,0.705826194763308
0.488122698846868,0.230429443061151,0.701724597883734
0.486464577395064,0.214278394117681,0.695046793316795
0.480906590420959,0.201203843094372,0.686232962584798
0.47155159701103,0.192122530432438,0.676016630445436
0.458939979585795,0.188141394082654,0.665358070226783
0.444664230798574,0.190745387841921,0.65528379040038
0.433194963252479,0.201848618666337,0.646627056541458
0.434252433908364,0.220898069288634,0.640170162691648
0.455589471753757,0.238574586774984,0.637819455464588
0.490102493192357,0.246612860217365,0.641561239675928
0.526732265983312,0.248268722528725,0.651484578937135
0.560403362129467,0.247967028134645,0.666488643401299
0.588632110445697,0.247591075507952,0.684637818825057
0.60969419821916,0.247923407281915,0.703268056135591
0.623474120083179,0.249218699563518,0.720104812309333
0.630697650182086,0.251419466810445,0.733551417038203
0.632138820112865,0.254400911153278,0.742488900160072
0.628434989944375,0.258038074639195,0.746281753435066
0.620065144934398,0.262225410453004,0.74482317259406
0.607360805753723,0.266945806406496,0.738500442792517
0.590549277587095,0.272332234523082,0.728099942881551
0.569817940237307,0.278634148296304,0.714695359373788
0.545364107851161,0.286083708212408,0.699531988723568
0.517420155926237,0.294776372727098,0.6839132059821
0.486304220860578,0.304669943842227,0.669118609158507
0.452515900597606,0.315658181688156,0.656350326220896
0.416820402071147,0.32761565548714,0.646661014463199
0.380287775924862,0.3404129970998,0.640841076464827
0.344340794910204,0.353993781620062,0.639276786089529
0.310940577661424,0.368541979275456,0.641774975294805
0.282998059330905,0.384455923377702,0.647305664072587
0.264276508738161,0.401285197479035,0.653805988465233
0.257095302228053,0.41612502595765,0.658834963031717
0.260091986215575,0.424872272642691,0.66106561049316
0.269627385038025,0.425111217046703,0.660831190985429
0.282195282579791,0.417194899483435,0.659510846032491
0.29568762148253,0.403332648176723,0.658562080217976
0.309261841847507,0.38589656071572,0.658888542681736
0.322718564849979,0.366544322687134,0.660812802752948
0.336112386602572,0.346213184556415,0.664316714170581
0.349489410502727,0.325423755277423,0.669233952320611
0.36257021812641,0.30469107419593,0.675272444835648
0.374710512608886,0.284734607636671,0.681939917322872
0.385439955483071,0.266174523490177,0.688642841019642
0.394747764878157,0.249275920603446,0.694878870919297
0.402834530984561,0.234073412093836,0.700275983284841
0.409892223967337,0.220542401595249,0.704550198882736
0.416047373415694,0.208674232110617,0.707475598007478
0.421372306092845,0.19849886366998,0.708874298552983
0.425907917580371,0.190093088290593,0.708617523690859
0.429682081541042,0.183580508409046,0.706635203360312
0.432718888562036,0.17912053922555,0.702932394116113
0.435035069405425,0.17688634037649,0.69760748543267
0.436621636246581,0.177035540247182,0.690864419858353
0.437417870770134,0.179681991709225,0.683011232224249
0.437317579925601,0.184887158820127,0.67444104305527
0.4363119214743,0.192698088203708,0.665603107748396
0.434860583546094,0.203206498378938,0.656988575196887
0.434243728180201,0.216477179860135,0.649138475572003
0.436500641890122,0.232206548014517,0.642643898266626
0.444404817346573,0.248991991723004,0.638166851738818
0.460554631866768,0.263374005850144,0.636446309730969
0.483807775329316,0.271626616662552,0.637970621350391
0.509814190699421,0.274008933817546,0.642637428708657
0.535674373980432,0.273152632700256,0.650136595962222
0.560182210307701,0.271115787645838,0.660139288705094
0.582536934268957,0.269006172197789,0.672141562300225
0.602061888800302,0.267276131725334,0.68542094937237
0.618325672423052,0.266023179842472,0.69914930416512
0.631172657888348,0.265220555269537,0.712515822684867
0.640656512210742,0.264833260328932,0.724800847598886
0.646958140094672,0.264849144107046,0.7354122044083
0.650319704886475,0.265274829429468,0.743900704665478
0.650996448364561,0.266124424674063,0.749962030567908
0.649222426648052,0.267410752135966,0.753428140797982
0.645187294336695,0.269141124829897,0.75425103095918
0.639022239519634,0.271316569783208,0.752482177704715
0.630793863725951,0.273931676679748,0.748251753605315
0.620505413652049,0.276972055354819,0.741752500702994
0.608102944892432,0.280409043211442,0.73323103585062
0.593480591838586,0.284196577619312,0.722984503691724
0.576483480431869,0.288278951823085,0.711362069267741
0.556922424414599,0.292613928271716,0.698779027602049
0.53462447255895,0.297199267926597,0.685747509204846
0.509523416775245,0.302073692173717,0.67290299887063
0.48175526559723,0.307271763546518,0.660988651775297
0.451712395252567,0.312749426735512,0.650779185037111
0.420034669423611,0.318341763435493,0.64296270712314
0.387535552907762,0.323860594531816,0.638022053845861
0.355084998479319,0.329423629187099,0.636171265884826
0.323596842523329,0.335828131514599,0.637377624042933
0.294421316674627,0.344461609868483,0.641351910096951
0.270088797280977,0.356677540607201,0.647317188354297
0.25399060727126,0.372447880159848,0.653886884426013
0.247441268257022,0.389370532128406,0.659880814214669
0.248468963055976,0.405045536415335,0.665188152032966
0.254334079185028,0.418698688941985,0.670306741271909
0.263015024334932,0.430236161966557,0.675640102625209
0.27339098725174,0.4395019972805,0.681224870192091
0.284969443017778,0.446271875754851,0.686830000613558
0.297513664090487,0.450399584668031,0.692153241379769
0.310841342456742,0.451848562466069,0.69692287208908
0.324774471955113,0.450650491315963,0.700916257575944
0.339142156699001,0.446856275387094,0.703949611717061
0.353783303390014,0.44049574685157,0.705862006234814
0.368528605429361,0.431545010567287,0.706496436248991
0.383148028247624,0.419911701676288,0.705681349297759
0.397266669563135,0.405472313766945,0.703234389201212
0.410331104847632,0.388181725826249,0.699028733826099
0.421763021961756,0.368192323099273,0.693127164740116
0.431222208952633,0.345907792971707,0.685900965234448
0.438607197331591,0.321937299700341,0.677986417171193
0.443693287213317,0.296975769918448,0.670061520520409
0.445978192205531,0.271827594064145,0.662706720806577
0.444980931440773,0.247709964576063,0.656409617661168
0.440657367055462,0.226681101586842,0.651465748667887
0.433945021890174,0.211918568562929,0.647722020422633
0.428164467880644,0.207322701716075,0.644470089669379
0.430397096706277,0.214095403678072,0.641248378590133
0.447166812266293,0.225822759552306,0.639278757301174
0.477683670608373,0.23168119186452,0.641043155208618
0.513205316220243,0.225704534398268,0.648208452482249
0.544926589275452,0.212013139778906,0.660234336377404
0.56950727943499,0.196904995378257,0.675279287363501
0.586427102574092,0.183765473518605,0.691122046275701
0.596145628044457,0.174023658909292,0.705679125036828
0.599593333136065,0.168206396993783,0.717372682615384
0.597625602101372,0.166324636973925,0.725147242049761
0.590746043972241,0.168196683107731,0.728321927865521
0.579225616741621,0.173706853398551,0.726593547828981
0.563238373465835,0.182870504008409,0.720127705343197
0.542927318531907,0.195793759590973,0.709607330942364
0.51853659584219,0.212626446653548,0.696223855093418
0.490662917937639,0.233601543058077,0.681563007831298
0.460465736857825,0.259272701215104,0.667304202568813
0.429346007550899,0.290236479715661,0.655022308675092
0.397680748231143,0.324520117204285,0.646497906412472
0.365777228219462,0.358427504843417,0.64306643330555
0.335902236713025,0.39076877077114,0.644674565941455
0.310622674770332,0.420708803828007,0.650210899804302
0.291383602377593,0.446954612384926,0.657820349385603
0.277770273358809,0.467840334298794,0.665500188039219
0.267900309143245,0.483063203041621,0.672135699733812
0.261222434372093,0.494911575200471,0.677779777563748
0.259062214354219,0.505004738270734,0.682427706853575
0.262362711454732,0.512813423601444,0.685671045307289
0.270658869569108,0.516981931867938,0.687183164358621
0.282767604263076,0.516641287885039,0.686967908144352
0.29762287370163,0.511622295231189,0.685266566997836
0.314565732783821,0.502089337260933,0.682387549306389
0.333197857012576,0.488211701519617,0.678626472470764
0.353146125867596,0.470101003811454,0.674289797912937
0.373953318885946,0.447902332300523,0.669737972668364
0.395085027282743,0.421885467022786,0.665392197496079
0.415973323721883,0.392485908582117,0.66170355198451
0.436047942260192,0.360303883720675,0.65909987005669
0.454743407937831,0.326076501159485,0.657923634396909
0.471504137728739,0.290635374498463,0.658377124315524
0.485824401231713,0.25486257771011,0.660495744065163
0.497317489763808,0.219654689645892,0.66415481788416
0.50576182733923,0.185894469022124,0.669089654863714
0.511102794492776,0.154423296154265,0.674913025290828
0.513432566081623,0.126013052131756,0.681134836881499
0.512966474632767,0.101340923005989,0.687193040400205
0.510015602867549,0.0809611828668435,0.692501678959828
0.504941939754867,0.0652610172472148,0.696520990829657
0.498092432697163,0.0544294985956467,0.698833920073006
0.489779815731802,0.0485348415104648,0.699175664244085
0.480395306269716,0.0476903506069026,0.697404741225507
0.470529656024309,0.0520704880635834,0.693509100587699
0.460907337249691,0.0617304809372337,0.687671707446265
0.452205013584967,0.0764783076069117,0.680291986272385
0.444992171569338,0.0959300764530394,0.671922040208862
0.439966587696528,0.119568574718902,0.663215488691361
0.438100328503358,0.146293474129004,0.655005467717509
0.439024353110139,0.173729374555327,0.648162360751223
0.439049598145606,0.200417092089313,0.642670774236888
0.435451904770292,0.22851461885231,0.637847531420741
0.429593215032401,0.260728483337935,0.633820097848117
0.424476590664513,0.29738048437552,0.631552790594462
0.422023495904869,0.336584066096178,0.632005512510117
0.422151487424595,0.376051211936467,0.635605395159886
0.423874737645936,0.414640214558889,0.642386817034139
0.427186002175837,0.451959518439469,0.652315564013591
0.433076690102228,0.485919095462542,0.664676340304694
0.440700646477175,0.513694381030499,0.677645594687317
0.448012957941138,0.535093464620418,0.689785656250245
0.453909215887272,0.551085896497689,0.700341031642591
0.458124020702516,0.562422075348465,0.708813225452179
0.460681092617174,0.569533371136566,0.714824406103892
0.461644333783988,0.572687739487735,0.718140444522811
0.461058669390567,0.572079083871656,0.718699171569807
0.458948165974641,0.567856777262869,0.716609634724101
0.455321207623773,0.56013891917585,0.712132343643973
0.450175158612465,0.549037772045328,0.705657207678704
0.443514747823971,0.534707021702251,0.69768728349936
0.435404758235502,0.517385806803466,0.688815616217899
0.426045747467026,0.497373165012563,0.679667322816938
0.415790373539355,0.474899985996831,0.670810289038977
0.40502006328357,0.450031161708162,0.662707453322495
0.393984518339176,0.422787694956297,0.655763194471767
0.382798232040713,0.393383599201838,0.650378828237979
0.37155024307669,0.362300378014652,0.646923013998471
0.360346072042584,0.330186595774073,0.645660183891191
0.349270005255561,0.297762682191978,0.6467084828537
0.338377598867206,0.265801421365242,0.650023230446835
0.327749664880661,0.235112846414326,0.655380047617689
0.317537009335921,0.206480125699784,0.662368835539812
0.307946732955289,0.180582031390389,0.670420206799971
0.29919778196856,0.157954316168249,0.678859371454396
0.2914952447874,0.138996472426295,0.686966460121681
0.285045547182663,0.123995339710401,0.694031492769115
0.280102085859029,0.113133141724335,0.699409433741597
0.277003804463868,0.106467437257673,0.702588067193773
0.276158221834656,0.103907338927239,0.703266391573016
0.277956623636592,0.105233081158636,0.701411157611669
0.282682129873835,0.110169405517037,0.697253737253949
0.290490763137809,0.118456985873828,0.691229554397979
0.301481685325334,0.129862858616879,0.683897500788819
0.315810895572481,0.144128536543245,0.675870643430331
0.333720609031319,0.160899399111948,0.667789810855568
0.355125593749651,0.179705061728948,0.660391994918988
0.378721368581853,0.200106409032414,0.65454211767757
0.402777253489834,0.22200843453074,0.650845756916122
0.426960756587774,0.245434147908364,0.649516056307405
0.451574320607123,0.270024805558361,0.650720756335819
0.476540135530684,0.295191301602891,0.654601208393138
0.501255525297894,0.320400902285179,0.661144660417293
0.524668118749848,0.345014512061224,0.670028437308331
0.545636730548069,0.367985737606812,0.680438925577976
0.563510853590313,0.388208145867667,0.691203717980895
0.578125627994947,0.405031619021552,0.701141423433002
0.5894448577377,0.418224511854888,0.709218009409745
0.597428876955396,0.427745317175965,0.714595585102418
0.602029720575001,0.433663424740038,0.71671591764162
0.603111744573436,0.436196726024209,0.715357687168251
0.600336425384484,0.435704289643313,0.710593092915136
0.593190604663983,0.432538459444833,0.702713977135036
0.581210697956642,0.426881378806003,0.692261334843503
0.564273896528884,0.418720124444585,0.680124616586701
0.542770849783729,0.407872801041678,0.667496973875916
0.517182394311104,0.394201916442981,0.655571434809228
0.487063307004919,0.378581104387478,0.645328951491653
0.451898894922735,0.363188667679269,0.637754682267798
0.413144794657905,0.349721698969283,0.633673759452149
0.373040751860132,0.338468085887696,0.633259415494025
0.333142932959957,0.329153493496019,0.636318034908617
0.295405316773219,0.320917020549623,0.642497016706224
0.261125106413994,0.311832292537826,0.651343214121309
0.230016307502072,0.301232209005439,0.662633947494376
0.201751664676673,0.290272839696029,0.676032124486917
0.176768478511072,0.280420838916809,0.690642500498377
0.155740378160087,0.272420904224825,0.705186378628468
0.138983103174696,0.266371049362393,0.718455415396238
0.126376342560386,0.262111948656432,0.729572001050902
0.11752284465708,0.259445140880803,0.738045115244629
0.111901739970781,0.258180112797135,0.743740220157844
0.108970603204402,0.258112555593561,0.746810550668338
0.108244500974471,0.259015415056035,0.747582111044695
0.109359966541585,0.260662398758032,0.746415251267232
0.112090527503622,0.262848514280599,0.743619878792275
0.116310418822793,0.265392621919589,0.739449130525207
0.121944459962184,0.268138994196358,0.734125314090929
0.128932652374651,0.270967170014093,0.727858671308272
0.137215849727734,0.273803151141805,0.720850672102451
0.146736456718655,0.276621763715246,0.713289483371577
0.1574443390232,0.279437317767993,0.705346587927028
0.169300604083261,0.282287342878028,0.697178223902299
0.182276789831631,0.285215878796842,0.688930379645053
0.196350517144957,0.288259965134934,0.680744392144604
0.211499897204639,0.291439511847363,0.672760829354373
0.227698841861078,0.29474863875035,0.665120583515661
0.244914727747228,0.29814610768882,0.657963137289858
0.26310865373053,0.301543803810577,0.651422746589917
0.282236327165845,0.304796252113179,0.645623980349256
0.30224441123755,0.307701606319678,0.640678516773726
0.323055002174079,0.310032252303703,0.636684518300431
0.344535296885285,0.311607605549674,0.633727082372099
0.366471467548816,0.312379163901099,0.631873593154806
0.388603798983201,0.31243303218015,0.631160498526458
0.410741899125558,0.311870922415604,0.631589357228899
0.432827410855691,0.31072824195871,0.633150325601057
0.454854998145597,0.309019667665381,0.635843992869736
0.476764629068663,0.306779981597253,0.639670504020083
0.49840978137334,0.304054177219294,0.644602417182811
0.519589076819071,0.300890405197608,0.650568060078468
0.54009025976027,0.297342811141902,0.657450521910671
0.559718565469693,0.293471089706864,0.665094619474743
0.578306520300685,0.289337414731113,0.673314434866668
0.595711909567691,0.285005894934236,0.681897890335812
0.611810897689883,0.280546009406944,0.690607939673911
0.626490588752123,0.276037739687487,0.699181679777371
0.639641909720565,0.271574423642231,0.707328912281624
0.651150013905501,0.267259891287674,0.714730238850043
0.660876416344785,0.263198102371822,0.721032614570542
0.668626239259641,0.259472388871923,0.725840433003072
0.674096482789358,0.256103324638714,0.728706631703002
0.676805726927426,0.252973203705637,0.729136831975005
0.675991208839492,0.249811807594496,0.726587641178992
0.670432562509473,0.246697525498887,0.720362617955384
0.65847364693241,0.245108537932941,0.709696459041484
0.63882438310591,0.247357323268845,0.694791506175488
0.611654530872535,0.255338116572021,0.67762476794562
0.580267958428008,0.271519748287849,0.661589290622733
0.55046768474765,0.297202638769409,0.650175951236995
0.522149102100973,0.32857593560048,0.64461832571138
0.491235869721365,0.36122785255109,0.644706982726284
0.457227301200068,0.391090338524653,0.64992254164598
0.422594118357747,0.415354269119986,0.658892553405876
0.387544125071052,0.433669404409826,0.669890350121644
0.351857009237011,0.445559864651002,0.681082705823292
0.317500909522716,0.450719137190853,0.690572334903069
0.287082883373821,0.449537966532165,0.696800161460106
0.261102577962991,0.442163382357541,0.698885516863707
0.239444540207646,0.428370550700701,0.696693697539523
0.222376987882178,0.408169441573287,0.690996363930884
0.210280989881331,0.383546914818341,0.683807937050966
0.204226539703392,0.359507774611615,0.67704770713963
0.206825501679763,0.334654090821421,0.669639428962803
0.215813473694882,0.303365364394224,0.662655979510957
0.226443399727684,0.271454330253458,0.65888605387458
0.239071150468305,0.244716228236918,0.657205536036733
0.255417336548817,0.221254296886758,0.656408623825953
0.274213717574929,0.198724292077013,0.657353549406058
0.293908178742409,0.178473158210372,0.660447219234036
0.31405295687077,0.162415217528703,0.664964410957308
0.334357154510163,0.151742037129994,0.669717303161549
0.354607630744164,0.147219209798287,0.673403283454416
0.374859760877286,0.148732841254868,0.675197707406211
0.395245026783574,0.154952716146902,0.675257539536698
0.415601044840843,0.164551081014758,0.67412710220393
0.435471108226628,0.177140644344841,0.672045895371314
0.454370614304965,0.192685691402333,0.669148802686675
0.47187868690179,0.210970184387512,0.665721710847163
0.487694186504105,0.231537172110319,0.662190626560772
0.501805711422283,0.253750276446533,0.659039882062799
0.514704599393498,0.276827296624334,0.656754623408878
0.52716714995978,0.299882276602084,0.655722447185146
0.539018244744621,0.322234195123314,0.655966540604103
0.548523473301956,0.343865913503246,0.657038928328904
0.554700950812039,0.364919017106926,0.658591507005826
0.558113355441985,0.385157455133617,0.660591587185435
0.559652005399291,0.404097173417753,0.663023604048067
0.559875822433971,0.421318635388227,0.665744885075536
0.559005430535133,0.436662806739615,0.668553366343215
0.557085456836192,0.450214155569603,0.671283266682247
0.554092334217493,0.462180323009457,0.673838521948143
0.550005852937666,0.472780294351824,0.676184385223401
0.54486963782262,0.482172398552028,0.678324692372313
0.538803049164932,0.490428883155252,0.680272500448076
0.531963222706999,0.497553462337846,0.682026605112354
0.524501789568335,0.503516551891761,0.683564116993621
0.516543652968667,0.50828331530234,0.684845636982288
0.508186751602898,0.511826991164291,0.685824412245714
0.499513744874656,0.51413168333288,0.686454229496176
0.490609727947425,0.515190828090593,0.68669468064708
0.481582862322567,0.515005462773862,0.686513979104825
0.472582848523106,0.513584040474027,0.685889564615537
0.463805205418384,0.51094362639242,0.684806723816069
0.455460510288268,0.507110319402178,0.683256135576263
0.447685314852032,0.50211454195734,0.681232320992002
0.440398668400177,0.495976802149727,0.678735787022155
0.433209960627608,0.488687698569739,0.675781605500319
0.425572492561574,0.480200163117098,0.672411733477511
0.417118339236961,0.470441916443418,0.668697412487755
0.407810529314038,0.459331705348354,0.664727744652213
0.397840614827302,0.446796601844934,0.660602468813884
0.387468649424482,0.432792772102809,0.656436660571317
0.376922035734559,0.417316606929475,0.652366582909277
0.366364610876567,0.400398177406073,0.648547930919179
0.355908610681281,0.382085693438732,0.645148486172035
0.345638739935806,0.362436790573018,0.642341612971087
0.335628742414396,0.34153186387089,0.640303930327385
0.325941988417411,0.319518270633012,0.639213393198592
0.316613959490175,0.29666842327056,0.639237104534842
0.307620258388402,0.273391053875427,0.640503242842127
0.298848163904591,0.250145198664851,0.643074808879909
0.290096581138747,0.227319618374109,0.64695177598353
0.281102111804598,0.205190588726947,0.652097170774551
0.271577005335072,0.183973266946348,0.658457742883172
0.261273380938773,0.163936648480469,0.665949068773976
0.250102636393956,0.145594151884834,0.67436301602947
0.238299535838953,0.129830987530562,0.683209680853406
0.226484576558561,0.117577795575744,0.691722157485603
0.215522944297103,0.109333769681244,0.69909092554081
0.20642112946059,0.105216145989576,0.704568013276435
0.200384486608898,0.105295053640908,0.707380147397167
0.198854991512073,0.109986719649968,0.706651541254242
0.203218949796854,0.120820708452483,0.701491579045391
0.21491362796854,0.140914213265525,0.691284766427807
0.238581283932501,0.16916701572389,0.676538399600728
0.276572632549742,0.201470523123524,0.660389152992644
0.325333884420867,0.239736026168289,0.647116452048924
0.378655576555404,0.279973119396749,0.640537547936011
0.43100080742518,0.317223283582182,0.640993883753126
0.476976298006206,0.349751910490501,0.646397276421219
0.516137725381433,0.377912269076598,0.6549278301753
0.548379140729415,0.404299649839528,0.665412067614706
0.563070374849383,0.429489596479596,0.672625301183869
0.566371794058981,0.452187048143834,0.677794508244115
0.561494477263017,0.469073213600126,0.680966045446028
0.547224095632,0.480702497635011,0.681684851190981
0.524338669023753,0.491293281165287,0.681664131537025
0.491515193839916,0.492949863071152,0.679823658512442
0.455845939822923,0.483661572348281,0.676824206842053
0.422105873818773,0.465270798242486,0.672552581565857
0.392416142815247,0.436871632552392,0.665811181448497
0.368224008343201,0.397949913646422,0.656715000354598
0.350268703486941,0.348973346176935,0.64740505517845
0.337642422840659,0.291162528845492,0.64164289760156
0.32480330619048,0.226718749938357,0.643967522499204
0.30064840306319,0.162747284932275,0.657832484266476
0.266334024519923,0.111087761444336,0.681046240287235
0.234403516069233,0.0765189078401017,0.706649883405379
0.211004582937897,0.0587495432802693,0.727383016421589
0.198067930781916,0.0570757362233573,0.737110942779169
0.196673527063445,0.0712896856502901,0.7320552271008
0.20625736532935,0.0988581692381477,0.714862955071261
0.225865789167303,0.134702256414327,0.69230798270064
0.256206227710866,0.178704083979172,0.668142871636624
0.297546322246387,0.229632903810312,0.64706199259573
0.347821901640494,0.281804006894896,0.634103737365871
0.40067274611704,0.327470758856696,0.631267648552836
0.448003897839453,0.361619484331693,0.635978462150636
0.482782793199983,0.38603414813768,0.643739996852824
0.503631563224594,0.407508999347144,0.65175642493859
0.515610533901415,0.430477888352376,0.659978823287807
0.524553011916248,0.451767460248072,0.66858236198229
0.528548826133447,0.465137412418907,0.675550919483223
0.524616404040694,0.471159773015963,0.679828441079675
0.513091140883808,0.472100973733447,0.681773823610082
0.495105625611096,0.470936366493762,0.682298373204167
0.476303515279788,0.470101934595832,0.682210060537615
0.461375934195202,0.465547754551041,0.680184969530656
0.448499538848771,0.453062601299634,0.675131872993375
0.435848268473065,0.433646751193588,0.667783888899441
0.423229337084845,0.408788601940996,0.659211596839513
0.409083216311373,0.379912680607097,0.650795903427273
0.394239666399938,0.351519446390723,0.64368791920548
0.385459619960445,0.323660311893952,0.637606975296094
0.383310629377511,0.290457997463542,0.633619085779602
0.383111859856183,0.249862381315509,0.634225027483573
