0.34056891366788,-0.00249079286432795,-0.120058086423999
0.567105259367271,-0.00409636988787593,-0.198499584745175
0.792802675220273,-0.00562845882724233,-0.274739718862903
1.01727686459054,-0.00706327194536981,-0.34801147846799
1.24012610481366,-0.00837885475285798,-0.417578555396322
1.46092804336615,-0.00955548094700643,-0.482743106529067
1.67923720764321,-0.0105759907887243,-0.542853150516465
1.89458335393593,-0.0114260588987602,-0.597309537103494
2.10647070168611,-0.0120943793531112,-0.645572409930658
2.31437813654974,-0.0125727611099539,-0.687167115273722
2.51776038878691,-0.0128561325032298,-0.72168950058604
2.71605017654704,-0.0129424603478568,-0.748810559613336
2.90866127374685,-0.0128325953728975,-0.768280386903182
3.09499245584093,-0.0125300601402262,-0.779931406327632
3.27443224258562,-0.0120407979442233,-0.783680838965204
3.44636434017428,-0.0113729003702478,-0.779532360098144
3.6101736780865,-0.0105363285297674,-0.767576889691335
3.76525292208036,-0.00954263828654594,-0.747992437785775
3.91100933222691,-0.00840471503567938,-0.721042917612406
4.04687181714765,-0.00713651912785505,-0.687075826565952
4.17229802905301,-0.00575284015660903,-0.646518698863246
4.28678133297196,-0.00426905723163431,-0.599874249322367
4.38985747449799,-0.0027009031076247,-0.547714162809165
4.48111076553733,-0.00106423209204209,-0.490671536668413
4.56017961585478,0.000625205864336421,-0.429432044702761
4.62676124992113,0.00235197999261254,-0.364723970848605
4.68061546993919,0.00410117608946088,-0.297307332274975
4.72156736058812,0.00585856981319579,-0.227962376541303
4.74950887048197,0.00761077015840168,-0.157477785494587
4.7643992510314,0.00934532932186534,-0.0866389372816717
4.76626437990582,0.0110508175810102,-0.0162165701014672
4.75519503861893,0.0127168641942481,0.0530438432743241
4.73134424972052,0.0143341673605465,0.120431760728439
4.6949238052917,0.0158944776352718,0.185280097584186
4.64620013289661,0.0173905599238392,0.246972515782408
4.58548964975057,0.0188161392514401,0.304949444763026
4.51315375204607,0.0201658352279813,0.358712865432467
4.42959357500133,0.0214350895997456,0.407829931867589
4.33524464807519,0.0226200905616594,0.451935525237736
4.23057155351811,0.0237176967959262,0.490733849498619
4.11606268483667,0.02472536335842,0.523999162914138
3.99222519297103,0.0256410706143345,0.551575729296817
3.85958019982903,0.0264632564680315,0.573377049145292
3.71865835204689,0.0271907510806633,0.589384412959173
3.56999578166254,0.0278227122281043,0.599644799776338
3.41413053417417,0.0283585583877997,0.604268134543032
3.25159951382344,0.0287978956097255,0.603423913986251
3.0829359841054,0.0291404331263104,0.597337213890247
2.90866764199244,0.0293858813249703,0.586284101295083
2.72931526894559,0.0295338240513661,0.570586486388593
2.54539193576426,0.0295835547351608,0.550606469158275
2.35740271951334,0.0295338627793527,0.526740247813373
2.1658448708657,0.0293827524224992,0.499411677353246
1.97120835018392,0.0291270719014062,0.469065576765894
1.77397663847156,0.0287620268622402,0.436160897323836
1.57462772115519,0.0282805517040515,0.40116387035591
1.37363514148623,0.0276725204524647,0.364541258801593
1.17146902452218,0.0269238033476202,0.326753835749938
0.968596989316628,0.0260152279794867,0.288250210805191
0.765484882255567,0.0249215975167581,0.249461117003595
0.562597293863828,0.023611060369061,0.210794258031155
0.360397843232316,0.0220452990864956,0.172629798780232
0.15934922979878,0.0201811490515879,0.135316553997481
-0.040086951057777,0.0179742398043608,0.0991688966369223
-0.237450662490576,0.0153849048936755,0.0644643627521864
-0.432284232696579,0.0123858321924061,0.0314418896157636
-0.624133627456764,0.00896988991389755,0.000300598570921157
-0.812550279692794,0.00515578869431895,-0.0288009508117171
-0.99709346715107,0.000989392287610321,-0.0557450583066376
-1.17733307342067,-0.00346018601220166,-0.0804546862473524
-1.35285246766796,-0.00810864510502598,-0.10289268021223
-1.52325123112997,-0.0128662364992294,-0.123060333487225
-1.68814755496671,-0.0176465304358386,-0.14099527094475
-1.84718027890989,-0.0223724706987948,-0.156768693295144
-2.00001052827426,-0.0269794047948767,-0.170482054515756
-2.14632313349963,-0.0314154552452943,-0.182263265879732
-2.28582774512886,-0.0356403541369495,-0.192262497271846
-2.41825970473215,-0.0396235395386291,-0.200647652604351
-2.54338063421049,-0.0433421420787079,-0.20759959394987
-2.66097870987373,-0.0467791937723666,-0.213307195168878
-2.77086859801213,-0.0499221822388064,-0.217962324671957
-2.87289103875209,-0.0527619511593414,-0.22175486955917
-2.96691208886037,-0.0552918918579306,-0.224867922046713
-3.05282206222297,-0.0575073555678571,-0.227473250067353
-3.13053422813505,-0.0594052207963112,-0.229727168537495
-3.19998334396608,-0.0609835633349788,-0.231766910372342
-3.26112410980602,-0.0622413903512273,-0.233707576324355
-3.31392963553499,-0.0631784121986527,-0.235639715677592
-3.35839000938784,-0.0637948347838905,-0.237627562700535
-3.39451104827821,-0.0640911615403593,-0.239707928537075
-3.42231329658021,-0.0640680229827873,-0.241889725970702
-3.44183132032834,-0.0637258933379599,-0.244154085590882
-3.4531133401063,-0.0630649766904372,-0.246455012776132
-3.45622120816168,-0.0620849523728395,-0.248720523208059
-3.45123073500537,-0.0607847305638679,-0.250854200248331
-3.43823235574424,-0.0591622034194266,-0.252737118589844
-3.41733206231268,-0.0572138383415017,-0.254230080623047
-3.3886526355674,-0.0549343413143194,-0.255176136763219
-3.35233505004412,-0.0523161403823167,-0.255403347411568
-3.30854002209714,-0.0493487542348432,-0.254727772261831
-3.25744962752633,-0.0460179873744042,-0.25295667053386
-3.19926891793222,-0.0423049050153452,-0.249891903476383
-3.13422746343052,-0.0381845401963202,-0.245333530844636
-3.0625807505395,-0.0336242985744406,-0.239083595146652
-2.98461136556889,-0.0285820677280435,-0.230950080394488
-2.90062989110215,-0.0230041378583856,-0.220751027971882
-2.8109754383642,-0.0168232512375738,-0.208318783915594
-2.71601571656578,-0.00995750062063047,-0.193504339398907
-2.61614649628467,-0.00231150500332227,-0.176181720880955
-2.5117902432622,0.00621760854812547,-0.156252378102176
-2.40339357633216,0.015725502113504,-0.133649527560283
-2.29142308524951,0.0262723407085071,-0.108342433401443
-2.17635908599041,0.0378375260879146,-0.0803406539437726
-2.05868742002099,0.0502613131127162,-0.0496983083183294
-1.93889075630432,0.0631925095072829,-0.0165183335305814
-1.81744268880706,0.0760789078026486,0.0190436160253442
-1.69480835530619,0.0882364610270235,0.0567764565289873
-1.57145203508092,0.0989944777349857,0.0964131852347749
-1.44784601350564,0.107854454768941,0.137633053125677
-1.32447276159467,0.114579693433969,0.180065871047688
-1.2018169051875,0.119180861477766,0.223297427392184
-1.0803508277664,0.121831551331987,0.26687546466598
-0.960520278380123,0.122773261767662,0.310316259763351
-0.842733896356773,0.122247970250963,0.353112013340141
-0.727357168803286,0.120465304899798,0.394739047937169
-0.614709644047906,0.117594491249313,0.434666588443051
-0.505064107583034,0.113768869703307,0.472365797542499
-0.398646898819985,0.109094538471401,0.507318743485416
-0.29563898636101,0.1036588340833,0.539027030224594
-0.196177665421788,0.097537072089336,0.567019882861268
-0.100358838282188,0.0907973475056097,0.590861540107665
-0.00823982679361858,0.0835035484393735,0.61015785063091
0.0801572861965539,0.0757172862884537,0.624562018418529
0.164841911246159,0.0674988187995887,0.63377945788344
0.245850862232031,0.0589074169785431,0.637571748741219
0.323244033279339,0.0500013598540564,0.635759693247343
0.397099951851295,0.0408377100112441,0.628225485784466
0.46751131608669,0.0314719759860598,0.614914015728193
0.534580622842679,0.0219577339917214,0.595833331388701
0.598415984785263,0.0123462582942394,0.571054299511113
0.659127224467942,0.0026861932945714,0.540709505005709
0.716822325473079,-0.00697671188899751,0.504991443755749
0.771604309050819,-0.0165997939705832,0.46415006498117
0.823568592853996,-0.0261435858079566,0.418489724610177
0.872800880507981,-0.0355718470607297,0.368365604000482
0.919375621670523,-0.0448515208655083,0.314179633997123
0.963355078133237,-0.053952627830912,0.256375933756155
1.00478901776265,-0.0628481108269084,0.195435740077658
1.0437149875953,-0.0715136318028458,0.131871866920639
1.08015888266543,-0.0799272659442774,0.0662231919023925
1.11413502296766,-0.0880689105775475,-0.000948990970382979
1.14564510279847,-0.09591927018508,-0.0690602799650152
1.17467777946613,-0.103458850195827,-0.137500501548869
1.20121180671549,-0.1106676045129,-0.205636451342131
1.22522172480668,-0.117525064157762,-0.272821045454683
1.24668294960723,-0.124010344609957,-0.338402918912818
1.26557553843046,-0.130101870596472,-0.401733644889038
1.28188740466072,-0.13577697229093,-0.462173477883163
1.29561747203302,-0.14101147851913,-0.519096726752437
1.30677885709812,-0.145779357062392,-0.571897252628035
1.31540202819358,-0.150052446840363,-0.61999426207779
1.32153774391205,-0.153800149649457,-0.66283843048684
1.32525980504272,-0.156989334994466,-0.699918338047144
1.32666735393716,-0.159584212300574,-0.730767144580843
1.32588667316019,-0.161546271744037,-0.754969397227984
1.32307235885147,-0.162834251578745,-0.772167814957489
1.31840776639469,-0.163404098404486,-0.782069854696381
1.3121046404789,-0.163208868947041,-0.784453835190155
1.30440186360921,-0.162198496305495,-0.779174382788198
1.29556328697316,-0.160319308281631,-0.766166977671076
1.28587464577262,-0.157513135954649,-0.745451420117102
1.27563960641483,-0.153715781235187,-0.717134101926468
1.26517504280585,-0.148854515034251,-0.681409049578881
1.2548056918427,-0.142844144355742,-0.638557792567143
1.24485839340696,-0.135581006227951,-0.588948177924406
1.2356561814979,-0.126934022591226,-0.533032292277251
1.2275125711365,-0.116731715538091,-0.471343643910268
1.22072649647989,-0.104743967337429,-0.404493691855722
1.21557851501787,-0.0906576779584968,-0.33316767840129
1.21232908250136,-0.0740471983385793,-0.258119500077388
1.21121977674164,-0.0543453446190649,-0.180164997168535
1.21247780375977,-0.0308320830588438,-0.100172478562335
1.21632173624442,-0.00267885123961911,-0.0190485233886855
1.22296030473643,0.0308867670808073,0.0622834682205536
1.23256617940912,0.0702273301086691,0.142913345780399
1.24520306970162,0.114772044023427,0.221978775834738
1.26071255069626,0.162573026614073,0.298690429794196
1.27863443782691,0.21039953933652,0.372329937966541
1.29826389703982,0.254603326556525,0.442219277720554
1.31884332674943,0.292300064562107,0.507688248002225
1.33974727970487,0.322065108656156,0.568070371755784
1.36054174104761,0.343839628721405,0.622729381071432
1.38093493289903,0.358393548365196,0.67109497509828
1.4007007527384,0.366798548646941,0.712689254557303
1.41962557055918,0.370107243370831,0.747139096879507
1.43748568706711,0.369220922777424,0.77417804350942
1.45404468335122,0.364865813478292,0.793642439185664
1.46905964000522,0.357614380090213,0.805465004713886
1.48228966482817,0.347917768278051,0.809667489386013
1.49350377082872,0.336135591085835,0.806353160364371
1.50248710297222,0.322559249661455,0.795699469977494
1.50904536915799,0.307428953505471,0.777951056158145
1.51300763730412,0.290945770281092,0.753413143511152
1.51422773486095,0.273280103563519,0.722445363048401
1.51258447850651,0.254577730120282,0.685455972211268
1.50798093092109,0.234964221047096,0.642896430456267
1.50034284980576,0.214548314522368,0.595256268345766
1.48961646557776,0.193424615438232,0.543058175454721
1.47576569709114,0.171675858840284,0.486853219246926
1.45876890281811,0.149374895159866,0.427216099091974
1.43861511776514,0.126586378908234,0.364740340973621
1.41529998991748,0.10336838533454,0.300033329564185
1.38882116325973,0.0797737596959583,0.233711184619042
1.35917328607171,0.0558514034075218,0.166393745659947
1.32634309108757,0.0316478534049405,0.0987007428213365
1.29030629315706,0.00721023099338895,0.0312518130977818
1.25102982916041,-0.0174077891888008,-0.0353263026559638
1.20848115795792,-0.0421374509350402,-0.10038832949286
1.16263762456626,-0.0668893778730074,-0.163269856479013
1.11348575984501,-0.0915554595273898,-0.223308032703814
1.06101214660434,-0.116014073399928,-0.279871250921112
1.00519539203714,-0.140132731919701,-0.332380667535913
0.946003180226958,-0.163767445376971,-0.380321411540213
0.883392940355077,-0.186760575267733,-0.423248757220755
0.817314304624583,-0.208938309953639,-0.460792612009834
0.74771249541676,-0.23010804708853,-0.492661138160503
0.674532336444635,-0.25005562274222,-0.518643280555038
0.597722858927583,-0.26854206490374,-0.538609764929724
0.517242290053181,-0.285299983692815,-0.55251228569069
0.433063372751793,-0.30002936737553,-0.560380791626629
0.345178673074922,-0.312393401485263,-0.56231910301998
0.253605326296291,-0.322015813926506,-0.558499363788453
0.158388214327005,-0.328483327547241,-0.549156091845748
0.0595998887552644,-0.331360380144981,-0.53458074552243
-0.0426652336768103,-0.330228317188753,-0.515117688114575
-0.148305060855135,-0.324765343445069,-0.491162046669996
-0.257232927514125,-0.314878609783514,-0.463158965734499
-0.36940340727766,-0.300871356730769,-0.431602109530881
-0.484823953428363,-0.283568726641345,-0.397027745642063
-0.603530521305488,-0.264273144875982,-0.360001467697754
-0.725521482130819,-0.244469088917642,-0.321099180593054
-0.850678938275082,-0.225384355505026,-0.280889343130193
-0.978723527350894,-0.207670991519758,-0.239923017294211
-1.10922374977108,-0.1913812816368,-0.198731288703615
-1.24164085225185,-0.176174436754797,-0.157824036009314
-1.3753774357922,-0.161568749626157,-0.117685023388521
-1.5098118740776,-0.147114862492363,-0.0787625705802916
-1.64431727492933,-0.132470954907039,-0.0414579183108558
-1.77827069415482,-0.117413086924425,-0.00611391975092407
-1.91105796950831,-0.101816764172886,0.0269939482078482
-2.04207711886504,-0.0856316780845424,0.057663080756635
-2.17074135951709,-0.0688590981656292,0.085765273149191
-2.29648188139898,-0.0515344943404564,0.111244345052687
-2.41875022794795,-0.0337151142041772,0.134110333860315
-2.53702016457578,-0.015471432138591,0.154431010715234
-2.65078902504391,0.00311861021263202,0.172321624438169
-2.7595786262797,0.0219734213350244,0.187933821062045
-2.86293589378555,0.0410102426486283,0.201444626049423
-2.96043334093225,0.0601467168104758,0.213046251176874
-3.05166951212699,0.0793018306968819,0.222937309735406
-3.13626944646719,0.0983964357500362,0.231315821376302
-3.21388516148604,0.117353490516849,0.238374169513003
-3.28419610833655,0.136098130268069,0.244295964731581
-3.34690952261948,0.154557638810548,0.249254576411401
-3.40176058923612,0.17266137322948,0.253412941182681
-3.44851235762497,0.190340672120741,0.256924155495639
-3.48695538900582,0.207528780756491,0.259932319184732
-3.51690710871747,0.224160691766954,0.262573110149242
-3.53821102117098,0.240173121020445,0.264973667495089
-3.55073579409394,0.255504373191047,0.267251460286222
-3.55437438366829,0.270094223359164,0.269511987259146
-3.54904331640486,0.283883792839818,0.271845310045827
-3.53468223698069,0.296815434082766,0.274321588573783
-3.51125379617022,0.308832681888223,0.276985933746203
-3.4787439310105,0.319880142731343,0.279853032591261
-3.43716249374118,0.329903662067452,0.282902079261661
-3.38654420256925,0.338850509263924,0.286072639044183
-3.32694979668129,0.346669741522004,0.289262057113904
-3.25846726222065,0.353312726682415,0.292324976489109
-3.18121296684067,0.358733810154257,0.295075389910657
-3.09533252880498,0.362891087781344,0.297291429648427
-3.00100125232272,0.365747225061922,0.298722813463231
-2.89842398287964,0.367270248562505,0.29910054795448
-2.78783428864467,0.367434231969023,0.298148187922026
-2.66949293205301,0.366219807202588,0.295593741507628
-2.54368567427217,0.363614453041899,0.291181202355707
-2.41072053685381,0.359612540450866,0.284680757780979
-2.27092470272249,0.35421514514927,0.275896907243692
-2.12464128784536,0.347429664541871,0.264674022312002
-1.97222622273592,0.339269294840242,0.250899217919192
-1.81404545039204,0.32975243321614,0.234502725245302
-1.65047260262014,0.318902073698604,0.215456211836235
-1.48188722662384,0.306745258804333,0.193769671262882
-1.30867354699571,0.293312650423923,0.169487564663443
-1.13121967563358,0.278638281490197,0.14268489128219
-0.94991711464745,0.262759558892148,0.113463772125408
-0.765160366337246,0.245717596677461,0.0819509958675473
-0.57734646826754,0.22755797000808,0.0482967994843759
-0.386874324769553,0.208331979453249,0.0126749688183405
-0.194143773565731,0.188098488213429,-0.0247158475173993
0.000445572109092224,0.166926335134941,-0.0636498950951034
0.196495555182632,0.144897213563582,-0.103871564340373
0.393610562233219,0.122108742593779,-0.145092656566983
0.591398201864508,0.0986772722922934,-0.186990228867448
0.789469332280416,0.0747397879293321,-0.229205558307469
0.987437303417314,0.0504541968157545,-0.271344692868235
1.18491641719268,0.0259973667198636,-0.312980922426642
1.38151977195226,0.00156057978284899,-0.353659323448708
1.57685678278705,-0.0226574472693832,-0.3929033228803
1.77053072864094,-0.0464592709036165,-0.430223012531056
1.96213663848349,-0.0696579884222215,-0.465124762911507
2.15125971685406,-0.0920857089824252,-0.497121559019082
2.33747438567121,-0.113600023169271,-0.525743440783404
2.52034390694293,-0.13408770930345,-0.55054746761536
2.69942050881262,-0.153465498583551,-0.571126722088587
2.87424594027115,-0.171678253265542,-0.58711799638021
3.04435241191546,-0.188695258869138,-0.598207930019168
3.20926394639587,-0.204505544056368,-0.604137499442109
3.36849811518187,-0.219112853709005,-0.604704842418964
3.52156822945814,-0.23253105430066,-0.599766538925606
3.6679859444518,-0.24478025463043,-0.589237535985667
3.80726424213257,-0.255883837356763,-0.573090003229481
3.93892072153508,-0.265866411736631,-0.551351472752339
4.06248110985013,-0.274752588520989,-0.524102651623969
4.17748291136525,-0.282566417263996,-0.491475289055092
4.28347912471339,-0.289331304707164,-0.453650427903401
4.38004198050128,-0.295070240301387,-0.410857271944997
4.46676667260644,-0.299806181250142,-0.363372771441344
4.54327507256653,-0.303562486880938,-0.311521878895911
4.60921942428998,-0.306363333395418,-0.255678276717191
4.66428601275806,-0.308234079113438,-0.196265241902348
4.7081987870893,-0.309201582162163,-0.13375620853606
4.74072289833388,-0.309294493082745,-0.0686745238792789
4.7616680857641,-0.308543551998367,-0.0015918901060172
4.77089181614452,-0.306981913061523,0.0668749632439812
4.76830205214053,-0.304645501021379,0.136069702516198
4.75385950296296,-0.301573379675779,0.205304053036274
4.72757919920952,-0.297808087588462,0.273867611198691
4.68953123907726,-0.293395878833043,0.341039469200515
4.6398405766938,-0.288386776947953,0.406101084901923
4.57868579334451,-0.282834511427153,0.468349668807097
4.50629680994769,-0.276796072182426,0.527111271282127
4.42295163406375,-0.270331114765313,0.58175279429853
4.3289722662026,-0.263501150682701,0.631692273042989
4.22471996243441,-0.256368612098584,0.676406977538728
4.1105900772853,-0.248995871369368,0.715439130539547
3.98700671504589,-0.241444293083354,0.748399273221814
3.854417389842,-0.233773378352628,0.774967521644413
3.71328784959412,-0.226040038299544,0.794893099199671
3.56409715423212,-0.218298008075478,0.807992618224619
3.40733304231953,-0.210597396525409,0.814147591115396
3.243487562199,-0.202984354877395,0.8133016206795
3.07305290209225,-0.195500848710332,0.805457629393405
2.89651733208725,-0.1881845215859,0.79067538020827
2.71436116537342,-0.181068646921458,0.769069413110017
2.5270526481929,-0.174182169386327,0.740807396243295
2.33504370585212,-0.167549840361869,0.706108770044183
2.13876547718278,-0.161192447224566,0.665243470531905
1.93862355444118,-0.155127130224509,0.618530445581258
1.73499281411871,-0.149367772378779,0.566335644847084
1.528211647196,-0.143925440847472,0.509069164054638
1.31857531296912,-0.138808858155379,0.447181266964998
1.10632813116277,-0.134024889591133,0.381157128781049
0.891654507117846,-0.129579051237293,0.311510424278574
0.674669893514691,-0.125476064736204,0.238776526045769
0.455416012499594,-0.121720483979359,0.163507531914628
0.233871493402817,-0.118317290081205,0.0862740349254333
0.00999792409619371,-0.115271939094492,0.00768139669710397
-0.216161902056008,-0.112588794583308,-0.071594787486486
-0.44435721969342,-0.110267307263627,-0.150767371756959
-0.674055025693442,-0.108297808574817,-0.228925300538012
-0.904480665171676,-0.106659078400723,-0.30507240396888
-1.13473417778148,-0.105317366102985,-0.378196458356456
-1.36389516920026,-0.104225306405052,-0.447330659138257
-1.59107655810627,-0.103320644323221,-0.511590843354475
-1.81543922802168,-0.102525270192051,-0.570192923641581
-2.0361901252514,-0.101744929728152,-0.622459378314075
-2.25257757040889,-0.100869885969289,-0.667820453002383
-2.46388902079674,-0.0997768591862987,-0.705812616855718
-2.66945208295559,-0.0983325903122717,-0.73607527725293
-2.86863777723606,-0.0963993232865551,-0.758346195999885
-3.06086449799869,-0.0938423270231692,-0.772455919882112
-3.24560104008338,-0.0905392994011549,-0.778321533154931
-3.42236725292728,-0.0863911339452633,-0.775940070826048
-3.59073126096778,-0.0813331497443828,-0.765381960014752
-3.75030269941086,-0.0753455518775944,-0.746784887124964
-3.90072203039654,-0.0684617077655051,-0.72034848765565
-4.0416466687574,-0.0607728370493579,-0.686330227931341
-4.17273524442465,-0.0524279650423277,-0.645042761117787
-4.293631790511,-0.0436284617230067,-0.596852890570568
-4.40395188248002,-0.0346171182607567,-0.542182076822818
-4.50327272073191,-0.0256624167605715,-0.481508197905312
-4.59112884090847,-0.0170393138516241,-0.415368062803075
-4.66701458486238,-0.00900838898602051,-0.344360011769126
-4.73039373952286,-0.00179551319718074,-0.269145849315131
-4.7807159375642,0.00442577973402361,-0.190451357607717
-4.81743861851341,0.00954731127968787,-0.109064733541761
-4.84005267960457,0.0135333045314915,-0.0258324709995454
-4.8481095019359,0.0164208467774578,0.0583475545116151
-4.84124688807259,0.018313997764606,0.142535767465075
-4.81921162134773,0.0193725564379168,0.225763056960389
-4.78187682042962,0.0197971066998227,0.307044923926389
-4.72925293048404,0.0198122729913277,0.385396992000824
-4.66149193683624,0.0196501117509467,0.459851238637044
-4.57888507623488,0.0195352675188301,0.529472375627533
-4.48185485350544,0.019673036386442,0.593373933296951
-4.37094249680456,0.0202409180591832,0.650733741857544
-4.24679210140466,0.0213837194036775,0.700808606764856
-4.11013267934415,0.0232118809329856,0.742947997693439
-3.9617592057115,0.0258024465683189,0.776606536092971
-3.80251359507572,0.0292019997619332,0.801354972166726
-3.63326638917184,0.0334308928606556,0.816889251426057
-3.45489980919997,0.0384881758869435,0.823037214809816
-3.2682927009626,0.0443567357572292,0.819762505185608
-3.07430778626326,0.0510082812631529,0.807165353753119
-2.87378150088074,0.0584079167907795,0.785480100970173
-2.66751655366613,0.066518151906222,0.755069509743109
-2.45627719067409,0.0753022751527987,0.716416129046009
-2.2407869992833,0.0847270866047044,0.670111119224826
-2.02172894498744,0.0947650302322284,0.616841039002174
-1.79974720795879,0.105395799431398,0.557373110617925
-1.57545028541611,0.11660750680366,0.492539441175972
-1.34941475109454,0.128397517482551,0.423220608012989
-1.1221890222483,0.140773046793736,0.350328944510282
-0.89429653159898,0.153751615642103,0.274791832290892
-0.666237887032031,0.167361433714796,0.197535354111889
-0.438491966748621,0.181641732127211,0.11946879812496
-0.211516448291604,0.196642982666571,0.0414706994787605
0.0142511420405906,0.212426828882925,-0.0356227497182541
0.238390483186363,0.229065457484487,-0.111026169516256
0.460492477371021,0.246640082812334,-0.184009972548473
0.680149970275798,0.265238255277284,-0.253902131783598
0.896946068375629,0.284949769757442,-0.320087653001826
1.11044176573339,0.305860990402847,-0.38200699660516
1.32016484405816,0.328047427041231,-0.43915463289759
1.52560174581973,0.351564407814989,-0.491078573889597
1.72619357560277,0.376435754655356,-0.537381293685306
1.92133698031155,0.4026406132614,-0.577722114577609
2.11039040995454,0.430098927476361,-0.611820931596426
2.29268604930201,0.458656548465818,-0.639463015628015
2.46754745861404,0.488071508689662,-0.660504543691776
2.63431250901976,0.518003469317015,-0.674878399643662
2.79236054859402,0.5480086257679,-0.682599662016631
2.94114193408393,0.577542216845766,-0.68377007736334
3.08020729186702,0.605970190668933,-0.678580729563387
3.20923339999267,0.63259050621852,-0.667312110332881
3.32804257693343,0.656663134746616,-0.650330903612648
3.43661302852551,0.677446424111131,-0.628082996171599
3.53507870091296,0.694236384325035,-0.601082517748619
3.62371855219022,0.706404950649036,-0.569897042112416
3.70293649265608,0.713433466658368,-0.53512942312205
3.77323425891004,0.714938426299927,-0.497397069676642
3.83518002612692,0.710687682051426,-0.45730976788512
3.88937561897746,0.700606585326832,-0.415447418621928
3.93642486504294,0.684774646862774,-0.372339229567312
3.97690511126647,0.663414143866562,-0.328445931490914
4.01134333963001,0.636872610882061,-0.284146448260374
4.04019774343422,0.605601364817556,-0.239730118201181
4.06384511310375,0.570132173799065,-0.195395093460089
4.08257392452977,0.531053948926554,-0.151253009112649
4.09658263263327,0.488990970562642,-0.107339511132824
4.10598235718475,0.444583704466769,-0.0636298297031614
4.1108029391626,0.398472767586568,-0.0200583223768297
4.111001254246,0.351286114716396,0.0234592396193017
4.10647072048291,0.303629081232086,0.067001953107438
4.09705111726706,0.256076580776169,0.110620024917803
4.08253811918061,0.20916656000079,0.154312481732071
4.06269229621581,0.163393791452844,0.198007992945992
4.0372476773375,0.119203260568987,0.24155054594294
4.00592024552447,0.0769827626387263,0.284691658717117
3.96841686254624,0.0370548186418095,0.32709049852313
3.92444506738391,-0.00033145198088777,0.36832262777788
3.87372395331282,-0.0350074298376701,0.407897145576536
3.81599595995568,-0.0668897849411713,0.445280873277077
3.75103901870098,-0.0959817780771587,0.479927182977048
3.67867818248339,-0.122370306429101,0.511306348844956
3.5987957527549,-0.146218550724112,0.538934113094492
3.5113390246411,-0.16775475599305,0.562395560493971
3.41632507328529,-0.187258223827804,0.581362272454968
3.31384241022298,-0.205043881642119,0.595601854971458
3.20404973491994,-0.221446782038667,0.604980024140141
3.08717229731688,-0.236807619870091,0.609456271689135
2.96349652316967,-0.251459944753139,0.609074602414653
2.8333635359932,-0.265719315263293,0.603950951386992
2.69716206890896,-0.279874292497699,0.594258741740547
2.5553210554628,-0.294178964834624,0.580213766103871
2.40830197386142,-0.308846648170636,0.562059285348651
2.2565908449901,-0.324044496432053,0.540052014248347
2.10068967605572,-0.339888940492358,0.514449535332756
1.9411071276198,-0.356442097589047,0.485499631581471
1.77834825904205,-0.373709497367354,0.453432020307769
1.61290336841,-0.391639609634675,0.418452947352758
1.4452361657533,-0.41012569093688,0.380743024328603
1.27577175920416,-0.429010378061804,0.340458531985914
1.10488515319787,-0.448093251233105,0.297736173687739
0.932891095680833,-0.467141302764072,0.252700969518231
0.760036138018,-0.485901933380031,0.205476683495983
0.586493670235069,-0.50411782190045,0.156197933493298
0.41236246360687,-0.521542835309033,0.105022990155679
0.237668945043596,-0.537958098501845,0.052146253851207
0.0623731072270401,-0.553187424340135,-0.00219050065728054
-0.113622308839743,-0.567111479592758,-0.057688845017729
-0.290459855651747,-0.579680268895347,-0.113986912961103
-0.468313093954221,-0.590923690239349,-0.170655458773363
-0.647370217494385,-0.600959997341797,-0.227196989784154
-0.82781549000922,-0.610001956291122,-0.283048163451793
-1.00980804912765,-0.618360284816404,-0.337585665829866
-1.19345740805429,-0.626443606347743,-0.390135838914061
-1.37879504562848,-0.634753655955322,-0.439988324556584
-1.56574191321839,-0.6438738888943,-0.486413829271095
-1.75407263885432,-0.6544490887782,-0.52868569783223
-1.94337870135186,-0.667153248560144,-0.566104269659082
-2.13303479633398,-0.68264321842835,-0.598022042955816
-2.32217470568616,-0.701496756937975,-0.623866700090737
-2.50968465059101,-0.724136077227421,-0.643158405463391
-2.69422239593957,-0.750741875513515,-0.655517875773498
-2.87426835220228,-0.781167921805013,-0.660662830733719
-3.04820987667198,-0.814871546572038,-0.658392544674788
-3.21445202563361,-0.850878985472185,-0.648562918981395
-3.37153863847364,-0.887804202281379,-0.631057132869453
-3.51825975616448,-0.923933288099772,-0.605758971302715
-3.65371886982835,-0.957373099354632,-0.57253721717448
-3.77733976037548,-0.986244670118749,-0.531250079824489
-3.88880839824989,-1.0088850350973,-0.481778108812558
-3.98796648281153,-1.02401337596526,-0.424091085295944
-4.07469131500218,-1.03082476212409,-0.35834720122614
-4.14880275708574,-1.02899620845167,-0.285010998810293
-4.21002775677856,-1.01861660671385,-0.204962906769161
-4.25803003193653,-1.00007241252878,-0.119564181798928
-4.29248715790988,-0.97392671012004,-0.0306439851328084
-4.31318070377531,-0.940820488794133,0.0596064497450776
-4.32006397263591,-0.90140851342286,0.148818788841447
-4.31328541992923,-0.856326889025688,0.234670844210354
-4.2931661925928,-0.806181171310898,0.315095137875333
-4.26014727942386,-0.751543489612209,0.388428427819303
-4.21472866608886,-0.692951475905106,0.453481490103128
-4.15741930865395,-0.630906693669459,0.50953451143902
-4.08870743640834,-0.56587316690819,0.556280739603142
-4.00905147723932,-0.498277198012744,0.593745450657011
-3.91888629662054,-0.428508978007691,0.622201611176897
-3.81863793690635,-0.356925685294253,0.642093695815688
-3.70874118996106,-0.283855422429639,0.653972154151147
-3.58965632259072,-0.209601454348039,0.658435776710636
-3.46188285016464,-0.134446526040095,0.65607819574444
-3.3259689848893,-0.0586572657986154,0.64743702880656
-3.18251548601421,0.0175113334153575,0.632948130014415
-3.03217262395799,0.0938116213776056,0.612911280156672
-2.87562935809831,0.169999840054043,0.587475725337491
-2.71359490270591,0.24583444911428,0.55665299707355
-2.54677449750073,0.321077110102659,0.52036005532351
-2.37584268887051,0.395496596184608,0.478488818714843
-2.20141891144429,0.468875274397584,0.430991244611725
-2.02404915639863,0.541016529349834,0.377964127846346
-1.844196928813,0.611751552846316,0.319718122946874
-1.66224407178017,0.680944001093111,0.256819811400741
-1.47850011822572,0.748492015005323,0.190102934728136
-1.29321750119873,0.814328120351882,0.120651876726554
-1.10660975355537,0.878418214180025,0.0497647992537064
-0.91887062643849,0.940760916692755,-0.0210954664794553
-0.730193504629642,1.00138798158389,-0.0903570504161956
-0.54079206565139,1.06036541357755,-0.156399483126819
-0.350924271299494,1.11779369642836,-0.217621162571072
-0.160922035003697,1.17380438010415,-0.272518269823888
0.0287722534290862,1.22854964501388,-0.319778671511595
0.217564024496522,1.28218173836724,-0.358389472428447
0.404665683234097,1.33482084885511,-0.387748121769156
0.589067489431569,1.38651309579767,-0.407756430005949
0.769534170055657,1.43718424890011,-0.418869139173313
0.944640126766474,1.48659791070343,-0.422070117794486
1.11284921872576,1.53432726651352,-0.418764210066739
1.27263416430917,1.57974634507652,-0.410598869782955
1.42262038560376,1.6220418077244,-0.399255811866913
1.56173447077961,1.66024343134397,-0.386264348616494
1.68933910413441,1.69327328257082,-0.372877108985199
1.80533991518412,1.7200184748355,-0.360021210691891
1.91025006905448,1.73943457818851,-0.348309074104823
2.00519523287866,1.75068061770391,-0.338077111151995
2.0918407734826,1.75327165957509,-0.329422366146316
2.17223185333786,1.74721794607171,-0.322221899365025
2.24855713385215,1.73311069894756,-0.316137703309808
2.32287085652664,1.71212144756474,-0.310622431995096
2.39682440721892,1.68590290144602,-0.304943766854924
2.47145868410191,1.65640572725253,-0.29823848553592
2.54709297591394,1.62564575029408,-0.289595497751615
2.6233224557508,1.59546332686032,-0.278155610179387
2.69911437412925,1.56731148280139,-0.263208770036212
2.77297867786494,1.54209757324646,-0.244269009547456
2.84318291913592,1.52009128378173,-0.221112974039251
2.90798108019144,1.50090378043523,-0.193777572458382
2.96582763192315,1.48353871902229,-0.162522555230319
3.0155499163302,1.46651232858357,-0.127771289029696
3.0564550010058,1.44803291604028,-0.0900455840303315
3.08835479048012,1.42621873660225,-0.0499082137236903
3.11150758812986,1.39932099117487,-0.00792159134502118
3.12649324211134,1.36591290101308,0.0353747410505811
3.13405541139551,1.3250120463453,0.0794699307979233
3.13495048336158,1.27612083102174,0.12387605814028
3.1298351345889,1.21919183107319,0.168117026192148
3.11920757212885,1.15454155394868,0.211717715062067
3.10339945840275,1.08274217672627,0.254197228061293
3.08260353761856,1.00451664248752,0.295067858398322
3.05691846537749,0.920652774625251,0.333839550107144
3.02639534616238,0.831942037558656,0.370028544140671
2.9910763475673,0.739141404334608,0.403168578373267
2.95102142148841,0.642953242766105,0.432823180257523
2.90632314453064,0.544017397438519,0.458597931402917
2.85711179999062,0.442910492801575,0.480151886793037
2.80355352013939,0.340148887527331,0.497207531492261
2.74584418168263,0.2361930569838,0.50955877926756
2.68420125519265,0.131452212935671,0.517076618291309
2.61885523147846,0.0262886500423606,0.519712131516117
2.55004170770302,-0.0789783012889336,0.517496779743575
2.47799477315211,-0.184068653507766,0.510540013896014
2.40294199352273,-0.288738348374143,0.499024451833447
2.32510104236965,-0.392775932773533,0.483198986563418
2.24467786397774,-0.49599923858933,0.463370267901167
2.16186615178861,-0.598252018476535,0.439893020529299
2.07684787711512,-0.69940052582419,0.413159637887328
1.98979459291037,-0.799330056151856,0.383589442559359
1.90086924576298,-0.897941492480827,0.351617950162629
1.81022825448018,-0.995147919201534,0.317686427964054
1.71802364382862,-1.09087138453569,0.282232012672648
1.62440505162829,-1.18503990634057,0.245678641464787
1.52952146142866,-1.27758482167875,0.208429050546668
1.43352254818752,-1.36843857483585,0.170858096739129
1.33655956020039,-1.45753302384256,0.133307643853834
1.23878570125902,-1.54479831657012,0.0960832165142589
1.14035602103473,-1.63016234556383,0.0594525532128476
1.04142686347331,-1.71355074405669,0.0236460857970338
0.942154961962304,-1.79488733678053,-0.0111407573174595
0.842696299174862,-1.87409491820896,-0.0447436662486402
0.743204866219377,-1.9510962030321,-0.0770243547069528
0.643831456918195,-2.02581478520508,-0.107864724734054
0.544722619087168,-2.09817595308088,-0.137160812062416
0.44601985521537,-2.168107241211,-0.164817028485653
0.34785912753211,-2.23553864258586,-0.190741159909709
0.250370683370214,-2.30040245543911,-0.214840476353094
0.153679177450709,-2.36263278883892,-0.237019183103637
0.0579040381222838,-2.42216479085708,-0.257177308093224
-0.0368399964942168,-2.47893369517135,-0.275210996518614
-0.130442256786999,-2.53287379596222,-0.291014084609943
-0.222795515252839,-2.58391746445965,-0.304480752547202
-0.313795427267502,-2.63199431224494,-0.315509016058135
-0.403340094791451,-2.67703059177416,-0.324004799853255
-0.491329791635476,-2.71894890429314,-0.329886338560295
-0.577666869178882,-2.75766825939319,-0.33308866430974
-0.662255844011984,-2.79310451080243,-0.333567954951708
-0.745003660112765,-2.82517116537078,-0.331305535952075
-0.825820105210583,-2.85378054074146,-0.326311341799933
-0.904618359153693,-2.87884522820504,-0.318626655507214
-0.981315653235195,-2.90027979464698,-0.308325962210531
-1.05583401577583,-2.91800264736874,-0.295517770004317
-1.12810108648902,-2.93193797216368,-0.280344284277968
-1.19805097701962,-2.94201765335508,-0.262979862186861
-1.26562515280794,-2.94818308750503,-0.243628228334557
-1.33077330465711,-2.95038680770273,-0.222518501692908
-1.3934541570251,-2.9485938537071,-0.199900150745263
-1.45363615164858,-2.9427828337518,-0.176037069063527
-1.51129792284976,-2.93294663948387,-0.151201025864904
-1.56642847049829,-2.91909278501587,-0.125664795789121
-1.61902693690275,-2.90124334463529,-0.0996953041998088
-1.66910190280282,-2.87943446613537,-0.0735471288968472
-1.71667015799755,-2.85371543166371,-0.0474566888503019
-1.76175494211102,-2.8241472443438,-0.0216374096548573
-1.80438372253893,-2.79080072709529,0.0037238967459356
-1.8445856398088,-2.75375414713739,0.0284692728425652
-1.88238881760952,-2.71309041832393,0.0524703908566458
-1.91781777832749,-2.66889398760834,0.07562786284515
-1.95089121911462,-2.62124757174539,0.0978691741785068
-1.98162038831826,-2.57022896353793,0.119145408882927
-2.0100082440743,-2.51590816643987,0.139427006141445
-2.03604949269156,-2.45834512666489,0.158698839944267
-2.05973150068205,-2.39758830801054,0.176954945579792
-2.08103597116825,-2.33367429359357,0.194193223069041
-2.09994118605721,-2.26662850764725,0.21041043005442
-2.11642455702201,-2.1964670398596,0.225597736849971
-2.13046520566653,-2.12319944094373,0.239737061403353
-2.14204631346315,-2.04683225586292,0.252798336273178
-2.15115703140552,-1.96737298841542,0.264737793783972
-2.15779381262317,-1.88483415323527,0.275497293760822
-2.16196111412622,-1.79923707467852,0.285004664359306
-2.16367148495545,-1.71061513471614,0.293174986017161
-2.16294512207131,-1.61901623946769,0.299912714726389
-2.15980900671585,-1.52450436368158,0.305114518988033
-2.15429575559357,-1.427160121572,0.308672683558658
-2.14644231150188,-1.32708040415743,0.310478919883729
-2.13628858112021,-1.22437719242132,0.310428410913629
-2.12387610755332,-1.11917570829842,0.308423908391951
-2.10924683546108,-1.01161210019576,0.304379700622145
-2.09244200985225,-0.901830867597821,0.298225273831375
-2.07350123145233,-0.789982224623634,0.289908508143157
-2.05246168200742,-0.676219579301933,0.279398276578629
-2.02935752707439,-0.560697273674523,0.266686352523797
-2.00421950084451,-0.443568693297197,0.25178857475692
-1.97707467185179,-0.324984813316199,0.23474526555728
-1.94794639073616,-0.205093208829368,0.215620940029358
-1.9168544131592,-0.0840375257707522,0.194503384571596
-1.88381518901,0.038042623756182,0.171502210935185
-1.84884230437893,0.161011397837889,0.146747012269838
-1.81194705738554,0.284736163523345,0.120385257205022
-1.77313914569831,0.409086716241922,0.0925800580638113
-1.73242744031476,0.533934357347807,0.0635079421704106
-1.68982081657381,0.659150904087046,0.0333567412870438
-1.64532901430383,0.784607696966303,0.00232369536171315
-1.59896349908338,0.910174654676351,-0.0293861546365736
-1.55073829727748,1.03571941559665,-0.0615612357119118
-1.50067078480056,1.16110658682043,-0.0939843516401051
-1.44878241307567,1.28619710531154,-0.126433237303014
-1.39509936425774,1.41084770391818,-0.158680794277406
-1.33965313658119,1.53491046123477,-0.190495070930886
-1.28248107098052,1.65823240371763,-0.221639075341634
-1.22362683753499,1.78065512595222,-0.251870530234222
-1.16314090925225,1.90201439302362,-0.280941693281947
-1.10108105525062,2.02213969246514,-0.308599371074317
-1.03751288687163,2.1408537129819,-0.334585251933417
-0.972510488832123,2.25797173689822,-0.358636669353738
-0.906157160486632,2.37330094942917,-0.380487886432831
-0.838546284258559,2.48663967737029,-0.399871963885926
-0.769782325710904,2.59777658417109,-0.416523241778957
-0.699981955675984,2.70648985403163,-0.430180433755238
-0.62927527071024,2.81254639983516,-0.440590301855678
-0.557807071279605,2.91570112618033,-0.447511856310779
-0.485738140493629,3.01569626592704,-0.450721008086201
-0.413246446589102,3.1122607924659,-0.450015594375076
-0.340528167254724,3.20510989026376,-0.445220699175433
-0.267798401851371,3.29394444627264,-0.436194200727607
-0.195291395827933,3.37845050977155,-0.422832492532259
-0.123260048052009,3.45829867018246,-0.405076338861173
-0.051974406180794,3.5331433257053,-0.382916833755631
0.0182812142711138,3.60262187283044,-0.356401424392472
0.0872129137023742,3.66635394995513,-0.325639924848208
0.154524154006463,3.72394102079347,-0.290810375299162
0.219925391474007,3.77496678720986,-0.252164483877276
0.283146680414363,3.81899915496237,-0.210032222900203
0.343953226175835,3.85559470591246,-0.164824940094387
0.402163361312506,3.88430677890234,-0.117036113135889
0.457667695530882,3.90469823501153,-0.0672386562064718
0.510447303234412,3.91635965353663,-0.0160775427338485
0.560587902336469,3.91893295616451,0.0357434763087065
0.608286288152999,3.91213924489967,0.0874820157446076
0.653845162121298,3.89580803399867,0.138384411903626
0.697653263582702,3.86990334688819,0.187719661721936
0.740149595573195,3.83454080700864,0.234818011495098
0.781773443922855,3.78998948710018,0.279110823137477
0.822905352299764,3.73665342903736,0.320167093787427
0.863807393034867,3.67503062917998,0.3577213305599
0.904572966795795,3.60565160667349,0.391687714498754
0.945096129460863,3.52900459146065,0.422156761214386
0.985067755042272,3.44545864613859,0.449372826977619
1.02400105465975,3.35519840593074,0.473693376000137
1.0612831234477,3.25818366625651,0.4955333343124
1.09624372410628,3.15414353350356,0.515299623441527
1.12822889646695,3.04260884269952,0.53332190388991
1.15666622959774,2.92297929182684,0.549785845185762
1.18111096589635,2.79461489788099,0.564675339314964
1.2012668833868,2.65693646978384,0.577730351937799
1.21698173319633,2.50951792524991,0.588427508435715
1.22822232061557,2.35215478350789,0.595990232712007
1.23503774083586,2.18489781531996,0.59943310202446
1.23752017864402,2.00804771687288,0.597640131170548
1.23577112882772,1.82211451043454,0.589469471938322
1.2298777055798,1.62775231402441,0.573869763389485
1.21990007649126,1.42568431063035,0.549989302861759
1.20586815045521,1.2166330139214,0.517260610578624
1.18778421023923,1.00126752299859,0.475449603917984
1.16562823860871,0.780174069664118,0.424667790021719
1.13936376225383,0.553850930376594,0.365354002214993
1.10894341929599,0.322725221748991,0.298236671612403
1.07431458492533,0.0871873340784377,0.224287789381668
1.03542597151285,-0.152362181279416,0.144676607117311
0.992236024011497,-0.395459814607258,0.0607266231976665
0.94472328745157,-0.641528954233186,-0.0261244087310936
0.892897934846983,-0.889842170537667,-0.114363012395506
0.836812795198668,-1.1395039697293,-0.202436869865923
0.776571958971349,-1.38945676922463,-0.288786616771582
0.712335640710504,-1.63850634535314,-0.371867546737745
0.644321210167547,-1.88535864277419,-0.450158417021656
0.572801491740025,-2.12865895638885,-0.522159572579381
0.498102395953077,-2.36702632814732,-0.586387242095032
0.420601558838682,-2.59907838681547,-0.641372579138919
0.340729424540302,-2.82344477751338,-0.685672284987174
0.25897303210883,-3.03876952970655,-0.717894157566971
0.17588184036472,-3.24370466514218,-0.736737728642325
0.0920740895483919,-3.43689861132774,-0.741048654236729
0.00824166356858998,-3.61698387221905,-0.729885721864505
-0.0748487581581174,-3.78256929471611,-0.702599965056263
-0.156360207648283,-3.93224334273176,-0.658924400105036
-0.235396762128054,-4.0645955282402,-0.599068486702293
-0.311021552198928,-4.17826214601438,-0.523803241906157
-0.382279642935343,-4.27199809298118,-0.434513592660144
-0.448222555728838,-4.34476833407943,-0.333189925742354
-0.507930807081208,-4.39584260254087,-0.222337738068859
-0.560532308985526,-4.42486967195088,-0.104805595034241
-0.60521816644091,-4.43190715020029,0.01643872182065
-0.641262793943722,-4.41738978300953,0.138529807450789
-0.66806037438492,-4.38203100420027,0.258864808358589
-0.685190178009386,-4.326667907723,0.375161248351249
-0.692512508568986,-4.25208246946089,0.485406399451155
-0.69027123187593,-4.15886062411184,0.587731660954862
-0.679149165898789,-4.04736391069824,0.680276711966392
-0.660220120992022,-3.91785122581934,0.76111632820097
-0.63478910230371,-3.77070209956334,0.828296804075148
-0.60418231863459,-3.60662411748993,0.879977543150766
-0.56957725778013,-3.42674304629079,0.914626621726598
-0.531925773906685,-3.23255786935378,0.931203618401368
-0.491962375756464,-3.0258164388643,0.929280128454899
-0.450256584230595,-2.80838421005414,0.90908036569285
-0.407271543479653,-2.58215319809384,0.871452578342712
-0.363410401753441,-2.34900641206148,0.817797410100034
-0.319048399363567,-2.11083463238354,0.749981548280161
-0.274556338217673,-1.86959877087853,0.670258826115268
-0.230322568907861,-1.62743521129649,0.581211890844658
-0.186778365223041,-1.38680401982446,0.485717543632347
-0.144427295848015,-1.1506665642519,0.386924598314733
-0.103866164458988,-0.922614789438808,0.288199129386948
-0.065757795682573,-0.706714156698772,0.192922506044804
-0.0306923459358888,-0.506677510306566,0.1039853913282
0.00104910433926053,-0.324442790319227,0.0230718873115204
0.0296288862908523,-0.159346683988224,-0.0496666150498941
0.0555248324441661,-0.00884730715763652,-0.115154261261763
0.079286590957509,0.130069689812177,-0.174637716196589
0.101386754448848,0.260025638171165,-0.229230299322846
0.122186602888079,0.383039645444439,-0.279790166842658
0.141951271114799,0.500604942651967,-0.326944528962983
0.160873778414971,0.613819431707271,-0.371144872046211
0.179095191787409,0.723496897967488,-0.412715857817592
0.196719219052238,0.830248221724817,-0.45189158020263
0.213822304438467,0.934538045632078,-0.488841088866713
0.230460546049146,1.03672401497066,-0.523686179432605
0.246674455997996,1.13708416720366,-0.55651388118658
0.262492265145873,1.23583632068806,-0.587385345857721
0.277932240986906,1.33315203111132,-0.616342280206333
0.293004330459647,1.42916681283803,-0.643411683610296
0.307711337966193,1.52398775073049,-0.668609395146681
0.322049784263134,1.61769925724864,-0.691942792406923
0.336010550283055,1.71036748396098,-0.713412872489047
0.349579383587842,1.8020437359729,-0.733015876754845
0.362737327620996,1.89276712685562,-0.750744570366141
0.375461122448648,1.98256663954771,-0.766589257571019
0.387723616460092,2.07146270494337,-0.780538590381504
0.399494221150861,2.15946837770502,-0.792580214595908
0.410739433365489,2.246590167477,-0.802701287520246
0.421423440176096,2.33282856860234,-0.810888896304769
0.431508811476512,2.41817832718357,-0.817130401504966
0.440957273950225,2.50262848633826,-0.821413729911113
0.449730547604451,2.58616225326657,-0.823727639275327
0.457791214300533,2.66875673767953,-0.824061977072383
0.465103578154064,2.75038261868364,-0.822407953725551
0.471634471557532,2.8310038004193,-0.818758449417375
0.477353959464872,2.91057711582118,-0.813108369340576
0.482235899365817,2.98905213389364,-0.805455057574761
0.48625832447924,3.06637111390406,-0.795798774439056
0.489403632211102,3.14246913527245,-0.78414323474012
0.491658576828677,3.21727441434066,-0.770496198751727
0.493014081990425,3.29070880100776,-0.75487010132459
0.493464903089207,3.3626884329669,-0.737282700193048
0.493009179321402,3.43312451355285,-0.717757721342005
0.491647920104642,3.50192417297139,-0.696325477746178
0.489384469935625,3.56899137141165,-0.673023437915665
0.486223990799403,3.63422780581086,-0.647896721826632
0.482172993103048,3.69753378941143,-0.620998503215919
0.477238936742573,3.75880908001012,-0.592390301595645
0.471429914049898,3.8179536415819,-0.562142148680232
0.464754417978445,3.87486833127299,-0.530332619068314
0.457221191930444,3.92945550889128,-0.497048718312297
0.448839152766947,3.98161957035599,-0.462385625945991
0.439617375688391,4.03126740837999,-0.426446296174357
0.429565128367079,4.07830880462635,-0.389340923507643
0.418691941801896,4.12265675760717,-0.351186286035323
0.407007706350611,4.16422774989696,-0.31210498416899
0.394522782667562,4.20294195817348,-0.272224596300712
0.381248119312767,4.23872340856295,-0.231676778473792
0.367195370137485,4.27150008016667,-0.190596335592996
0.352377034271903,4.30120396797588,-0.14912029224185
0.336806477208965,4.32777106783877,-0.107387003483665
0.320498100995157,4.35114137133487,-0.0655353132474189
0.30346739562834,4.3712587907466,-0.0237038026363904
0.285731000974193,4.38807106286403,0.0179698595029912
0.267306752784013,4.40152962880785,0.0593494490656303
0.248213712222638,4.41158949593898,0.100300594474423
0.228472178725638,4.41820908711915,0.140691058133093
0.208103686117161,4.42135008177821,0.180390896653801
0.187130982079183,4.42097725206428,0.219272510396481
0.165577991153877,4.41705829581628,0.257210598083782
0.143469761789591,4.40956366648536,0.294082035270936
0.120832397994332,4.39846639840175,0.329765699152174
0.0976929767262915,4.38374192442627,0.364142261899247
0.0740794244730448,4.36536789054606,0.397093974805762
0.050020495397547,4.34332391749462,0.428504477360389
0.0255455673063613,4.31759139116491,0.458258626918684
0.000684547930087147,4.28815318974313,0.486242393455147
-0.0245322526941753,4.25499338371763,0.51234282187892
-0.0500742507098843,4.21809689561362,0.536448076169586
-0.075910714260511,4.1774491155329,0.558447574612203
-0.102010882847836,4.13303547024981,0.578232221143459
-0.128344076315223,4.08484094521386,0.595694735855337
-0.154879789319508,4.03284956129514,0.61073008408938
-0.181587767182153,3.97704381005858,0.623236003305174
-0.208438059273014,3.91740405345306,0.633113625181055
-0.235401045685585,3.85390789728053,0.640268190493951
-0.262447433305766,3.78652954962065,0.64460985710511
-0.289548217547647,3.71523917833352,0.646054602527687
-0.31667460582179,3.64000228476927,0.644525227468142
-0.343797898863265,3.56077911419925,0.639952470781612
-0.370889325794325,3.47752412715822,0.632276252725327
-0.397919828473403,3.39018556111366,0.621447069054818
-0.424859790285339,3.29870511695265,0.607427566241484
-0.45167870478738,3.20301780951464,0.590194333598172
-0.478344778979823,3.10305203054886,0.569739952930369
-0.504824466211122,2.99872987907406,0.5460753508549
-0.531081924950365,2.88996782203182,0.51923249680886
-0.55707840125805,2.77667775471617,0.489267485260616
-0.582771536122881,2.65876853704588,0.456264025943186
-0.608114603607303,2.5361480839022,0.420337344220831
-0.633055693811989,2.40872608446588,0.381638456076474
-0.657536864108978,2.27641742126427,0.340358733095518
-0.68149329563248,2.13914634634077,0.296734607077068
-0.704852509360725,1.99685145183592,0.251052182087421
-0.727533715350884,1.84949145835124,0.203651430149128
-0.749447392047925,1.6970518286807,0.154929551407685
-0.770495179310172,1.53955221688347,0.105342994682616
-0.790570407755464,1.37705477193334,0.0554075313355241
-0.809559137900756,1.2096733492119,0.00569580577510279
-0.82734219955856,1.03758381004577,-0.0431682526549592
-0.843798352965166,0.861035639870075,-0.0905186287209406
-0.858808876260517,0.680365260994322,-0.135660303329446
-0.872263887923802,0.496011536752036,-0.177886144392782
-0.884070715555841,0.308534065449699,-0.216497042064135
-0.894164552896847,0.118634943124831,-0.250824095458116
-0.902521416898246,-0.0728152744976388,-0.280250947225893
-0.909172842641563,-0.264746686875679,-0.304233713391098
-0.914220519747246,-0.455853687223843,-0.322315595509563
-0.917846685518825,-0.644553303229911,-0.334133502200341
-0.920311940301936,-0.828940683420805,-0.339415170191461
-0.92192590129406,-1.0067498748919,-0.337967616474359
-0.922968857260029,-1.17533997779719,-0.329661392676096
-0.923539230685242,-1.33174706474309,-0.314420009412225
-0.923313785837342,-1.47286721748572,-0.292229633954099
-0.921251845388598,-1.59584669416841,-0.263189119364901
-0.915356685878593,-1.69871170287363,-0.227619992760399
-0.902686141842221,-1.78113479514446,-0.186241625313071
-0.879779832547697,-1.84504246721312,-0.14038016068224
-0.843466694400796,-1.89467991885699,-0.0921258020732715
-0.791734949015931,-1.9359362712514,-0.0443136588459839
-0.724244957558974,-1.97513122764279,-0.000230538338545132
-0.642268954074985,-2.01775402614467,0.0369292891020789
-0.548171203530687,-2.06760593233866,0.0646795013564238
-0.44473341562209,-2.12652712987038,0.0816818967809747
-0.334602435470598,-2.1946204246495,0.0878587817522311
-0.219987221489497,-2.27074854028781,0.0842028579018988
-0.102587920456918,-2.35308217569577,0.0724321025484576
0.0163317452014067,-2.43955497210286,0.0546434098916441
0.135819344547612,-2.52817305767267,0.033050998969356
0.255114447337986,-2.61718883186067,0.00982185018330764
0.373559932255953,-2.70517273611385,-0.0130229163980925
0.490546523901199,-2.79101544840324,-0.0336823214078528
0.605482819587279,-2.87388242155359,-0.0506559377766734
0.717780007153497,-2.95313416600281,-0.0628391177840541
0.826841211103514,-3.02822413920032,-0.0696173047522967
0.932048423193343,-3.09859136443057,-0.0709244472003368
1.03274473537632,-3.16357223371377,-0.0672255327383006
1.12821475583625,-3.22235772838197,-0.0593996213857958
1.21766906626646,-3.27401215019202,-0.0485350116445301
1.30023715550984,-3.31754823840456,-0.0356859999835666
1.37496805578407,-3.35203116730129,-0.0216583393394468
1.44083280501277,-3.37667307521573,-0.0068755625734821
1.49672208595197,-3.39088570262586,0.00866007445986462
1.54143699669452,-3.39427519014903,0.0253360968967022
1.57367837630894,-3.38657880523817,0.043867422168569
1.59204703799006,-3.36755191717228,0.0652289037240298
1.59507170912559,-3.33681787894768,0.0905725846039856
1.58128259771215,-3.29370251744736,0.121078314144773
1.54934450025141,-3.23709489986868,0.157665899751355
1.49825076406286,-3.1654003758865,0.200530131569292
1.42755669378679,-3.0766554314187,0.248570750239614
1.33760578405044,-2.96882472295731,0.298951263738788
1.22969299026199,-2.84019982763001,0.34711890668602
1.10612845857002,-2.68973778515264,0.387499090964712
0.970193953660847,-2.51721200836609,0.414722758676221
0.825986362879311,-2.32319063068747,0.424894834779756
0.678123219049333,-2.1089604483281,0.416377712374929
0.531301443220616,-1.87647002916807,0.389871642344114
0.389776422947611,-1.62825323694753,0.34793887498857
0.256901520600396,-1.36726094278881,0.294282543402999
0.134862880055812,-1.09659651866905,0.233041383084435
0.0246626055749448,-0.819229332202091,0.168229286772979
-0.0736909135789363,-0.537777979553824,0.103342501484929
-0.160879318963424,-0.254414504370455,0.041109814580713
-0.237952382006011,0.0291157591534291,-0.0166401569994851
-0.30605385394449,0.311401933831737,-0.0690008443366918
-0.366226477972302,0.591254323859795,-0.115889815117836
-0.419301868631254,0.867607413248127,-0.157829333511548
-0.465866007493519,1.13945507104551,-0.195634993762525
-0.506282064170094,1.40581693164214,-0.230078755211953
-0.540746116725002,1.66572657047519,-0.261607747446001
-0.569349801701066,1.91823087149172,-0.290180234144987
-0.592129531801958,2.16239271019411,-0.315236791226475
-0.609093286099526,2.39729308903845,-0.335784047420958
-0.62022803107051,2.62203191322554,-0.350549839778515
-0.625499004220903,2.83572732623602,-0.358174066886141
-0.624854851078968,3.03751222207496,-0.357416151383407
-0.618250364221857,3.22652539076407,-0.347371298267347
-0.605691638106852,3.40189622554461,-0.327682717561624
-0.587297112572947,3.56272699202101,-0.298716055280378
-0.56335491895961,3.70808326946364,-0.26163918685028
-0.534349126112771,3.83700621257001,-0.218348198849583
-0.500933396860825,3.94855455058844,-0.171216783661492
-0.463852228168113,4.04186985872619,-0.122714698276839
-0.42383672054974,4.11624391436184,-0.0750038678690857
-0.381515747469936,4.1711632541242,-0.029634101621381
-0.337374632147376,4.20631700658338,0.0125867592475217
-0.291769432517892,4.22157152031372,0.0515470917070353
-0.244982417343045,4.21692762783379,0.08766171180217
-0.197294148611324,4.19247901380678,0.121640404537379
-0.14904903648364,4.1483864659982,0.154239387277796
-0.100697769807422,4.08487738551087,0.186021392247909
-0.0528071499081222,4.00227363328956,0.217147430686758
-0.00603537211420602,3.90104180405598,0.247235376088163
0.0389200863974914,3.78184864779587,0.275330042257882
0.0813855561004518,3.64559601165691,0.300016353144236
0.120764307390186,3.49341226506986,0.319665313980154
0.156563370201605,3.32659353315391,0.332749749746649
0.188390004269297,3.14651051073635,0.338136007578954
0.215926520100587,2.9545112400063,0.33527067163791
0.238897967509655,2.7518483468981,0.324229231960877
0.257044573825851,2.53964441675424,0.305645823440848
0.270103801738493,2.31889256345505,0.280572524034005
0.277800505201969,2.0904797517929,0.25031688137573
0.2798402635112,1.85521982307641,0.216288547889046
0.275900279088927,1.61388790421504,0.17986579763798
0.265613072484863,1.36725348385573,0.142280724296401
0.248539975563701,1.11611327738526,0.104521133514093
0.224134323074381,0.861326591714856,0.0672550314065602
0.191698910857475,0.603856145181521,0.0307943617152289
0.150349171278375,0.344817307906316,-0.00487892642030122
0.0990023571556361,0.0855385773962163,-0.040005424078923
0.0364223067706169,-0.172366313320562,-0.0748569241623887
-0.0386448760492301,-0.426923304871174,-0.109484192183698
-0.127214600895872,-0.67574753432158,-0.143453815375233
-0.229686185646509,-0.916069289227509,-0.175645270793787
-0.345401812211746,-1.14489858782578,-0.204188845203626
-0.472273968970245,-1.35935943000648,-0.226615214234067
-0.606655018672222,-1.55714226697168,-0.240247782702296
-0.743576060546395,-1.73692808328154,-0.242794167428565
-0.877341977545491,-1.89860659860919,-0.232997679636074
-1.00231309084391,-2.04319109161176,-0.211133646036462
-1.11363693777601,-2.17247756573812,-0.179135238330267
-1.20774960921332,-2.288600272355,-0.140248075385922
-1.28258059123688,-2.39363611540083,-0.0983130354253381
-1.33748724504521,-2.48933955796645,-0.056948704327363
-1.37299228696734,-2.57701880265204,-0.0189275659905202
-1.3904173814884,-2.65752733824805,0.0140967972695325
-1.39150652202827,-2.73133300339082,0.0415367818815667
-1.37811117260393,-2.79862472895491,0.063624278475134
-1.35197300541116,-2.85942203775526,0.0811046244298247
-1.31460716709516,-2.91366393744513,0.0949506515310257
-1.26727026940115,-2.96126790084631,0.106123678877368
-1.21099115365461,-3.00216102276438,0.115383447242709
-1.1466415841363,-3.03629170255447,0.123149165577354
-1.07502323312457,-3.06363160689656,0.129423543592668
-0.996946581583189,-3.08417569364582,0.133795847638095
-0.913279995858392,-3.09794436882951,0.1355308219535
-0.824956046015447,-3.10498806714087,0.1337296772084
-0.732936080818072,-3.10539212434653,0.127527355562227
-0.638147933741289,-3.09927951258911,0.116279066697673
-0.541419162328154,-3.08681044508136,0.0996950862324734
-0.443426460138903,-3.06817974778242,0.077902711659618
-0.344673074260958,-3.04361398679309,0.0514378434778443
-0.245495230350405,-3.01337023825849,0.0211856656728146
-0.146091137017646,-2.97773748264384,-0.0117042505499909
-0.0465629269679644,-2.93704074172327,-0.0459070820880752
0.0530369658477421,-2.89164765078234,-0.0800037222417957
0.152660807611235,-2.84197728689189,-0.112550438197266
0.252225084457828,-2.78851149663213,-0.142140630868763
0.351576035691288,-2.7318093698047,-0.167464767571465
0.450462105408762,-2.67252559195611,-0.187373285465779
0.54851409820967,-2.61143291376658,-0.200942729412475
0.645233325782516,-2.54944765022467,-0.207538898422113
0.739986465185278,-2.48765474214256,-0.206864450746165
0.832003145528221,-2.42732531974567,-0.198975148661987
0.920369497165982,-2.36991497156267,-0.184251571012397
1.00401036820389,-2.31702551613714,-0.163323015565539
1.08165777466146,-2.27030839877172,-0.136955616410656
1.15181584344085,-2.23128696138732,-0.105932079910298
1.2127523190297,-2.20108344831478,-0.0709587171469878
1.26256656754562,-2.18006229950245,-0.0326308396312671
1.29938837848612,-2.16744852401831,0.00853129826167005
1.321730293205,-2.16103912708306,0.051992181754689
1.32893894883068,-2.15716316646201,0.097099158778997
1.32159337766587,-2.15101380524131,0.14302199364053
1.30164817394962,-2.1373502014705,0.188770250210614
1.27218565119788,-2.1113937409131,0.233286415300838
1.23681812908454,-2.06962806962481,0.275574225430932
1.19896236502815,-2.01024318268508,0.314807725077301
1.16126299137975,-1.9331280721503,0.350383906376782
1.12533682698132,-1.83950704022517,0.381914617568988
1.09183537480229,-1.73142009322889,0.40917893333446
1.06070001395585,-1.61123506022516,0.432063993406743
1.03146355486425,-1.48129565731417,0.450514552710441
1.003500924625,-1.34372364803748,0.464499655830737
0.976194127850453,-1.20034250912477,0.473996198140833
0.949018358519096,-1.0526761468362,0.478985295279078
0.921572469315276,-0.901983643826386,0.479456807610822
0.893577132536751,-0.749304805395871,0.475418145631639
0.864857843512427,-0.595503348188559,0.46690447704141
0.835323227410753,-0.441302584508541,0.45398828464456
0.804944080895707,-0.287312829933587,0.436786872830335
0.773735439902743,-0.134051698981982,0.415466963494395
0.741742249498417,0.0180409854319678,0.390246011390358
0.709028405633139,0.168592045650126,0.361390293643299
0.675668633569273,0.317286289531447,0.329210169597309
0.641742617766734,0.463859448788046,0.294053133064636
0.607330857589546,0.608092151891611,0.256295386593862
0.572511816880107,0.749804606966045,0.216332669448911
0.537360030373544,0.888851826745589,0.174570992921942
0.501944912900853,1.02511931203146,0.13141781356672
0.46633008181033,1.15851915153666,0.0872740351786509
0.430573054207706,1.28898650915071,0.0425270933674618
0.394725217235166,1.41647646786649,-0.00245474065902166
0.358831974006899,1.5409612054228,-0.0473268047439773
0.32293313219216,1.66242740903582,-0.0917712267396343
0.287063234673381,1.78087401366891,-0.135499019207085
0.25125207642859,1.89631008852492,-0.178251099742856
0.215525233833122,2.00875292836771,-0.219798433228345
0.179904616948667,2.11822631254771,-0.259941429960196
0.14440902671558,2.22475892193088,-0.298508747979939
0.10905470131055,2.32838291077977,-0.335355642094076
0.0738558384947992,2.42913263400161,-0.37036199127535
0.0388250828900717,2.52704353192142,-0.403430121211917
0.00397396944079388,2.62215117414223,-0.434482522677383
-0.0306866829270153,2.71449046055175,-0.463459548290386
-0.0651464313373917,2.80409497516347,-0.490317153730203
-0.0993949236891238,2.89099648327298,-0.515024733656544
-0.133421666796256,2.97522455902623,-0.53756308850484
-0.167215845168712,3.05680632893675,-0.557922547379447
-0.200766185757732,3.13576631421657,-0.576101262790275
-0.234060862852383,3.21212635432371,-0.592103685455267
-0.267087436825417,3.28590559496517,-0.605939222142973
-0.299832819953645,3.3571205245355,-0.617621075260368
-0.332283262567996,3.42578504473613,-0.627165259767806
-0.364424353139352,3.49191056326078,-0.634589790844218
-0.396241026612091,3.55550609908317,-0.639914033949825
-0.427717576295039,3.61657839359826,-0.643158207774342
-0.458837664914416,3.67513202168984,-0.644343030094659
-0.489584331645328,3.73116949987833,-0.643489494878307
-0.519939993171684,3.78469139045695,-0.640618769864202
-0.549886437430069,3.83569640165585,-0.63575220262266
-0.579404809414245,3.88418148441153,-0.628911424183768
-0.608475589347524,3.93014192790515,-0.620118538063882
-0.637078564451571,3.9735714564341,-0.609396384136314
-0.665192795425193,4.01446232956686,-0.596768866671095
-0.692796579715167,4.05280544860989,-0.582261335678168
-0.719867413971777,4.08859047193934,-0.565901012024614
-0.746381958174474,4.12180594158112,-0.547717446129534
-0.77231600413755,4.15243942306124,-0.527743000959236
-0.797644451092034,4.18047766031834,-0.506013349331922
-0.822341291093184,4.20590674710546,-0.482567975803746
-0.846379606767498,4.22871231588012,-0.45745067267783
-0.869731583671239,4.24887974472835,-0.430710019350544
-0.892368539090945,4.26639438237805,-0.402399833434072
-0.914260968569373,4.28124179081254,-0.372579581647044
-0.935378610841693,4.2934080045433,-0.341314737513385
-0.955690531069655,4.30287980489921,-0.308677073046275
-0.975165221356421,4.30964500710888,-0.274744871113843
-0.993770716448782,4.31369275718533,-0.239603046664254
-1.01147472165633,4.31501383523615,-0.20334316460234
-1.02824474908248,4.31360096103281,-0.166063345210596
-1.04404825714315,4.3094490972127,-0.127868049981269
-1.05885278774636,4.30255574513529,-0.0888677438198786
-1.07262609497626,4.29292122810571,-0.0491784335125172
-1.08533625888785,4.28054895658494,-0.00892108660342814
-1.09695178546725,4.26544564114579,0.0317790602116348
-1.10744165074091,4.24762159111097,0.0727932919488146
-1.11677535760963,4.22709081051431,0.113990285763289
-1.12492293002348,4.20387116762301,0.155237041168253
-1.13185488010036,4.17798449421709,0.196399845647595
-1.13754214344624,4.14945663766916,0.237345250136608
-1.1419559885429,4.1183174608194,0.277941026818568
-1.14506790996009,4.08460078393948,0.318057082768136
-1.14684951972406,4.0483442616267,0.357566303642011
-1.14727245598911,4.0095891856531,0.396345304185544
-1.14630833328045,3.96838020248014,0.434275064919745
-1.14392876358903,3.92476493199108,0.471241437667757
-1.14010548198744,3.87879347174215,0.507135507085611
-1.13481061363361,3.8305177695931,0.541853799294846
-1.12801711992525,3.77999084816448,0.57529833314712
-1.11969945893317,3.72726586761861,0.60737651470906
-1.10983448761469,3.67239501970545,0.638000881048874
-1.09840261945474,3.61542825734168,0.667088704752909
-1.08538922959777,3.55641188012434,0.694561477559909
-1.07078627027977,3.49538701633812,0.720344298374643
-1.05459402372952,3.43238806565142,0.744365197416947
-1.03682288058667,3.36744119034797,0.766554434537818
-1.0174949944732,3.30056296125254,0.786843814503843
-0.996645635556519,3.23175927307827,0.805166062642632
-0.974324056072846,3.16102463895242,0.821454300105784
-0.950593694106257,3.08834194886827,0.835641650765666
-0.925531585414863,3.01368273333084,0.847660995781474
-0.899226922286841,2.93700791658463,0.857444874294042
-0.871778786145629,2.8582689776344,0.864925508317637
-0.84329318735235,2.77740939192242,0.870034915170203
-0.81387954276194,2.69436608283819,0.87270502193875
-0.783646996418428,2.60907082717887,0.872867769995326
-0.752700697224353,2.5214512394251,0.870455084026503
-0.721138367004792,2.43143122026241,0.865398667265433
-0.689047335339858,2.33893069385126,0.857629556602607
-0.656502156591663,2.24386451534716,0.847077386224449
-0.623562838468035,2.14614045779063,0.833669312281246
-0.590273631340457,2.04565619875045,0.817328548659831
-0.556662282287692,1.94229522816098,0.79797246449003
-0.522739472915078,1.83592143405441,0.775510100241401
-0.488498453645091,1.72637228384086,0.749839073364613
-0.453914432885963,1.61345005374593,0.720841585748831
-0.418943560377996,1.49691054481441,0.688379279198808
-0.383521179950045,1.37644830983079,0.652286490488767
-0.34755897573101,1.25167692606837,0.612361247606831
-0.310940508154345,1.12210207503193,0.568353025714619
-0.273514441675752,0.98708400834472,0.519945797966267
-0.235084470736129,0.845784192220145,0.466734238260937
-0.195394562092783,0.697088310867957,0.408190069156579
-0.154107817580497,0.539494613582027,0.343614897622095
-0.110777729297941,0.370954944182048,0.272077197072596
-0.0648144607027266,0.188665380834033,0.192340816513993
-0.0154638057668352,-0.0111423420199872,0.102830617352603
0.0381410553237943,-0.233174194673383,0.00179339920438784
0.0967274451692501,-0.48220946031042,-0.111987826264782
0.1603622779796,-0.760827244170108,-0.23766049806579
0.228005929842092,-1.06698270467976,-0.370842811273247
0.297672926460483,-1.39429982445727,-0.503990031735431
0.367038283601649,-1.73489784053763,-0.628411372658076
0.433851712843375,-2.08155513184555,-0.736035423530444
0.495980482549568,-2.42806735136113,-0.820184800518864
0.551336260678066,-2.76880510318972,-0.875807249043391
0.597921333167913,-3.09826113013712,-0.899530145257718
0.634134086123292,-3.41079028947141,-0.889623504563814
0.659379772610471,-3.70054265179734,-0.845877608806732
0.674772830028941,-3.9616054311894,-0.769432926542328
0.6832832644705,-4.18839134717785,-0.662640921864796
0.68866828777688,-4.3761693436091,-0.529027513283632
0.693628118812426,-4.52143785919698,-0.373357147369231
0.698732573060941,-4.62196663269471,-0.201684810181876
0.702884940426572,-4.67667775345946,-0.0212239362165443
0.70449140883508,-4.68558103084943,0.16007403193744
0.702297162732099,-4.64976196175296,0.334180942538874
0.695637587662896,-4.57131635327871,0.493721523403825
0.684346089520778,-4.45318469538178,0.632567773121035
0.668574159469855,-4.29892203212484,0.746164342564463
0.648645216120933,-4.11246950857376,0.831573350934989
0.624965323025303,-3.8979748670162,0.887326983740856
0.597975318869524,-3.65967203246244,0.913208794670455
0.56812578020541,-3.40180177361991,0.910056968551709
0.535864094360798,-3.12854777288981,0.879628564982854
0.501629106050193,-2.84397226132991,0.824513060123591
0.465850725456226,-2.55195052840185,0.748052926317283
0.428951344384977,-2.25611053177021,0.654222848603691
0.391345130559939,-1.95977656733,0.547433463218227
0.35343096450771,-1.66590272148385,0.432253156583708
0.315577609427646,-1.3769816634481,0.313077283209171
0.278103692815417,-1.09493995626636,0.193809889108704
0.241260019915416,-0.821067408035339,0.0776388381393029
0.205222827128058,-0.556033444861966,-0.0330421100720926
0.170101237988017,-0.300001414808782,-0.136571949993615
0.135955091844048,-0.0527985156631154,-0.231880204526009
0.102815828466169,0.185917701624886,-0.318329531565734
0.0707046918380539,0.416533746117959,-0.395583559699043
0.0396460672565966,0.639403300141551,-0.463511669268434
0.00967636230287221,0.854809538294968,-0.522126073836782
-0.0191501489910335,1.06295302874694,-0.571541779985014
-0.0467570892407086,1.26395395919334,-0.611950995263804
-0.0730422718608868,1.45786116213584,-0.64360608175993
-0.0978738545236417,1.64466345891476,-0.666807419155079
-0.121086071278826,1.82430086299639,-0.681894125227021
-0.142474680367148,1.99667439457346,-0.689236555599231
-0.161792790046072,2.16165396249847,-0.689230054001738
-0.178748437748283,2.31908423526497,-0.682289708579319
-0.19300625641497,2.4687888189277,-0.668846019893026
-0.204196695543236,2.61057352715174,-0.649341472756814
-0.211937292273002,2.7442301666039,-0.624228085919472
-0.215870730342611,2.86954302844087,-0.593966103134679
-0.215722744168761,2.98630092291244,-0.559024043968075
-0.211378031993672,3.09431751124753,-0.519880260427164
-0.202963739410469,3.19346100399685,-0.477025804113735
-0.190919688909654,3.28369041060512,-0.430967749787505
-0.176027712457903,3.36509016204921,-0.382231323954713
-0.159376322755246,3.43789086697967,-0.331358769636566
-0.142254995540545,3.50246500390043,-0.278903418709873
-0.125998691424822,3.55929414757768,-0.225419018280568
-0.111823850069022,3.6089156172961,-0.171446245313224
-0.100699373722417,3.6518645146283,-0.11749940575796
-0.0932793581664099,3.68862719777585,-0.0640559639686088
-0.0898997360766068,3.71961526947292,-0.0115501755792357
-0.0906220139501208,3.74516028330967,0.0396293763146714
-0.0953003714212278,3.7655233306285,0.0891394229106067
-0.103651681498778,3.78091195148756,0.136680074229219
-0.115315841282749,3.79149819387832,0.181992273273502
-0.129901383719184,3.79743414982506,0.224855194713022
-0.147016443798975,3.79886352546412,0.265083815188483
-0.166287655020197,3.79592924327668,0.302526681267882
-0.187370214855379,3.78877776201905,0.33706381984075
-0.209952054064446,3.7775609876456,0.368604722434896
-0.233754384929741,3.76243657484561,0.397086353834104
-0.258530225554685,3.74356724878399,0.422471160935806
-0.284061939311553,3.72111959772951,0.444745079669464
-0.310158420956804,3.69526263681802,0.463915551781204
-0.336652285714695,3.6661663306198,0.480009569062649
-0.363397242414161,3.63400018349421,0.49307176334322
-0.390265726457723,3.59893195595232,0.503162556938435
-0.41714680854823,3.56112653161469,0.510356386093936
-0.443944365159031,3.52074494169473,0.514740003263026
-0.470575481663345,3.47794354285273,0.516410862335964
-0.496969055606434,3.43287333917472,0.515475587921001
-0.523064568483011,3.38567943689732,0.512048528603397
-0.548810997851489,3.3365006203064,0.506250393603231
-0.57416584586765,3.28546903785139,0.498206972708938
-0.599094264782804,3.23270998834261,0.48804794007921
-0.623568263983573,3.17834179824324,0.475905743193724
-0.647565986568514,3.12247578194465,0.461914579063459
-0.671071046338078,3.06521627795778,0.446209460066751
-0.69407190552407,3.0066607303063,0.428925365681595
-0.71656135433451,2.94689993570949,0.410196515537121
-0.738535953799693,2.88601818245175,0.390155693833373
-0.759995576760956,2.82409356012283,0.368933700732819
-0.780942975488392,2.76119828338589,0.346658889319375
-0.80138338859844,2.69739905724348,0.323456793610598
-0.821324186100718,2.6327574788552,0.299449843806906
-0.840774551921541,2.56733047070355,0.274757162723023
-0.859745203087294,2.50117074052322,0.249494436649764
-0.878248145058745,2.43432726282499,0.223773852619402
-0.89629646218712,2.3668457787413,0.197704093522156
-0.913904142680551,2.29876930994254,0.171390382719972
-0.931085937168569,2.23013868338736,0.144934568586566
-0.947857222557976,2.16099307355023,0.118435250082999
-0.964234001235881,2.09137052200454,0.0919878936015044
-0.980232782914411,2.02130849931178,0.0656850105241139
-0.995870589821892,1.9508444512707,0.0396163175086526
-1.01116496762239,1.88001635531069,0.0138689072567575
-1.0261340228607,1.80886328440662,-0.01147258097538
-1.04079648535819,1.73742598045501,-0.0363257948407899
-1.05517179347181,1.66574743963209,-0.0606105094040125
-1.0692801995173,1.5938735133635,-0.084248476675599
-1.08314289176194,1.52185352908181,-0.107163285563741
-1.0967821286671,1.44974093442478,-0.129280233181043
-1.11022137913874,1.3775939680687,-0.150526208523652
-1.12348546028249,1.30547636084807,-0.170829588991658
-1.13660066200603,1.23345806821658,-0.190120150552102
-1.14959484316957,1.1616160327655,-0.208328993442733
-1.16249748021745,1.09003497227475,-0.225388485450728
-1.17533964233562,1.01880818226163,-0.241232227201461
-1.18815386076148,0.948038334619874,-0.255795045204024
-1.20097385062413,0.877838241506012,-0.269013021977919
-1.21383403359209,0.808331539461515,-0.280823575993155
-1.22676879938619,0.739653228121576,-0.291165608744405
-1.23981143280252,0.671949971292834,-0.299979742581209
-1.25299262378327,0.605380036824028,-0.307208679425161
-1.26633847301645,0.540112713375554,-0.312797718090508
-1.27986790747564,0.476327000010681,-0.316695475945824
-1.29358943647379,0.414209322330667,-0.318854866899436
-1.30749721302718,0.353949992165703,-0.319234392011361
-1.32156642599332,0.295738110746998,-0.317799797601784
-1.33574814370524,0.23975463294216,-0.314526144447205
-1.34996385954693,0.186163382813481,-0.309400308348107
-1.3641001543548,0.135099966193965,-0.302423890230403
-1.37800407406912,0.0866587825942582,-0.293616450692975
-1.39147999033317,0.0408787056022963,-0.283018901313461
-1.40428882549055,-0.00227153425659638,-0.270696784297947
-1.41615051242449,-0.0429067314778886,-0.256743072911764
-1.42675037265018,-0.0812353817526158,-0.241280043679447
-1.4357496900474,-0.117564459674813,-0.224459741488215
-1.44280015046179,-0.152296752661537,-0.206462608036871
-1.44756109681787,-0.185919339842125,-0.18749399129237
-1.449717871221,-0.218982935580192,-0.16777849742418
-1.44899907291643,-0.252073293794405,-0.147552455650934
-1.44519052119398,-0.28577737879421,-0.127055077817317
-1.43814413797354,-0.320648161420186,-0.106519137199315
-1.42778078415465,-0.357172341111466,-0.0861620967806966
-1.41408709296681,-0.395744863689191,-0.0661785555418319
-1.39710728382796,-0.436652893905297,-0.0467346652963
-1.3769315876587,-0.480070238339711,-0.0279648559874873
-1.35368315450033,-0.52606153660714,-0.0099708739839633
-1.32750516570917,-0.574594232309162,0.00717714328193603
-1.29854945289013,-0.625555627868568,0.0234380111237071
-1.26696739417574,-0.678772233343798,0.0387957820939011
-1.23290335352979,-0.734029009128935,0.0532554624050961
-1.19649054141379,-0.79108675609556,0.0668385599492992
-1.15784893548257,-0.84969662350391,0.0795787459435174
-1.11708479625258,-0.909611335124971,0.0915177991459523
-1.07429130965684,-0.970593203798218,0.102701909562183
-1.02954994679687,-1.03241929738453,0.113178355490152
-0.982932215572667,-1.09488426019094,0.122992534149997
-0.934501566252135,-1.15780132596109,0.132185313678904
-0.88431528976573,-1.22100201903191,0.140790680971566
-0.83242630742065,-1.2843349686014,0.148833674912723
-0.77888479371021,-1.34766417705243,0.156328616141963
-0.723739601526274,-1.41086700498615,0.163277665220214
-0.667039476214728,-1.47383206686644,0.16966975847723
-0.608834052320504,-1.53645717678049,0.175479983479881
-0.549174631103231,-1.59864744186541,0.18066945670333
-0.488114737976609,-1.66031356724615,0.185185761073256
-0.42571046013225,-1.72137041250424,0.188963981237883
-0.362020567266256,-1.7817358180592,0.191928348798133
-0.297106421929682,-1.84132970386381,0.193994474046312
-0.231031693421816,-1.90007342653108,0.195072101895797
-0.163861896275239,-1.95788936820279,0.195068291964012
-0.0956637830783427,-2.01470071960631,0.193890887933378
-0.0265046288786329,-2.07043138524265,0.191452120013035
0.0435485363168897,-2.12500609343078,0.187672159219413
0.114429731059972,-2.17835036982281,0.182482478534077
0.186074767641616,-2.23039063131854,0.175828850345762
0.258421920690354,-2.28105419116912,0.167673871522398
0.33141247102271,-2.33026917401357,0.157998934461221
0.404991091786633,-2.37796431462744,0.146805607567829
0.479106064814436,-2.42406859837225,0.134116430167088
0.553709263064614,-2.46851086960532,0.119975174632942
0.628755998172151,-2.51121915938639,0.104446632069821
0.704204634838168,-2.55211998567426,0.0876160310254549
0.780016031098475,-2.59113752592617,0.0695881807660418
0.856152805146378,-2.62819270247783,0.050486437209456
0.932578438717592,-2.6632022004955,0.0304515749133407
1.00925622474689,-2.69607743924236,0.0096406275390977
1.08614806390167,-2.72672351873671,-0.0117742677713536
1.16321310910591,-2.75503816549322,-0.0336070175104391
1.24040625382888,-2.78091070506649,-0.0556587368772817
1.31767645815568,-2.80422109577818,-0.0777189916495537
1.39496490627944,-2.82483906667978,-0.0995672025420567
1.47220298625018,-2.84262343678271,-0.120974316170696
1.54931012721605,-2.8574215667153,-0.141704874642309
1.6261914505578,-2.86906927129031,-0.161519567179337
1.70273533090816,-2.87739103238621,-0.180178379890746
1.77881089213145,-2.88220074665665,-0.197444367981575
1.85426552296287,-2.88330307974562,-0.213088015529816
1.92892251323734,-2.88049550832896,-0.226892042257859
2.00257893202754,-2.87357113822384,-0.238656399852257
2.07500385828862,-2.86232208447427,-0.248203071529792
2.14593711160321,-2.84654370459793,-0.255380209723775
2.21508855046971,-2.82603916410309,-0.260065065082863
2.28213801283166,-2.80062424980973,-0.26216521457229
2.34673591096961,-2.77013209931763,-0.261617704110889
2.40850445365749,-2.73441753445771,-0.258385935262687
2.46703943991611,-2.69336073170952,-0.252454397004085
2.52191256832902,-2.64687006265111,-0.243821625390897
2.57267423900692,-2.59488407621521,-0.232492003768472
2.61885688845784,-2.53737274278258,-0.218467145606231
2.65997897804957,-2.4743382035921,-0.201737617182355
2.69554983525063,-2.40581533525771,-0.182275694961568
2.72507559095877,-2.33187244174141,-0.16002981571899
2.74806643871204,-2.25261233850906,-0.134921478520625
2.76404533729838,-2.16817403565519,-0.106845721984886
2.77255807191508,-2.07873521543285,-0.0756769473404808
2.77318428808652,-1.98451578557101,-0.0412826612852485
2.76554875705545,-1.8857829938878,-0.00354829153346947
2.74933180782497,-1.7828588632699,0.0375840597435287
2.72427769957884,-1.67613090165865,0.0820620250992375
2.69019985400177,-1.56606691470826,0.129657914077721
2.64698240096294,-1.45323400386854,0.179901990928494
2.59457830395201,-1.33832025580606,0.232030842670364
2.53300502703627,-1.2221552532479,0.284971676392109
2.46233865211994,-1.10572264245276,0.337380423750438
2.38270603891964,-0.990154829411374,0.387739034057296
2.29427227510315,-0.87669631108673,0.434497428018794
2.19721883733743,-0.766618112116683,0.476225921118664
2.09170938972385,-0.661063860216693,0.511734702209188
1.97784765802698,-0.560817407500061,0.540125516323021
1.85564437343343,-0.466017573016574,0.560767086583859
1.72501890776401,-0.375911306054791,0.57322070374732
1.58585103315967,-0.288793865677699,0.577167013151373
1.43806580312603,-0.202253300464521,0.572378190242952
1.28170552097986,-0.113680906178371,0.558738885528932
1.11695122343542,-0.0208344805679373,0.536275670562102
0.944097124820792,0.0777856189323912,0.505148007508268
0.763512584013337,0.182843535100064,0.465587440396668
0.57562249684696,0.294287491783176,0.417812049191306
0.380913305302359,0.411550458721427,0.361960940052731
0.17995221396496,0.53373835558416,0.298086097449
-0.0265988190366974,0.659774424373762,0.226217977270001
-0.23798756475993,0.788505538546075,0.14649740338858
-0.453396732871811,0.918783053899496,0.0593465889283107
-0.671980735803009,1.04952272953794,-0.034358466066307
-0.892897877754691,1.1797404117253,-0.133150981431812
-1.11532229608132,1.30855961361027,-0.234898339720178
-1.33842685578201,1.43519270875179,-0.336801641221912
-1.56133716179152,1.55890380844571,-0.435470650897812
-1.78306317412815,1.67896367162907,-0.527068258456434
-2.00241695771722,1.79460430787109,-0.607518307650408
-2.21792655265086,1.90497691281928,-0.672775538205742
-2.4277606667545,2.00911699937129,-0.719159612655207
-2.62968896450601,2.10592717205667,-0.7437432484426
-2.82110889008053,2.19419696690896,-0.744746095747581
-2.99916019536148,2.27267986110703,-0.721829613263483
-3.1609152576434,2.34022985482671,-0.676153917110338
-3.30359043166844,2.3959658770259,-0.610099685437893
-3.42470442775423,2.43940069228848,-0.526691755918903
-3.5221396319385,2.47046265593322,-0.428917891628061
-3.59412592641395,2.48935444758108,-0.319204629921973
-3.63921393130569,2.49622904569247,-0.199246741463798
-3.65629934588456,2.49075699591188,-0.0702523318588893
-3.64471038060022,2.47184266750351,0.0664593992910455
-3.60431471945711,2.43784755667131,0.208685653928539
-3.5355871711301,2.3873716493905,0.352686704989278
-3.43961784610973,2.32009351658106,0.492994094629085
-3.31807410631801,2.23707405005117,0.62291262933454
-3.17311134801053,2.14040441995683,0.735647927538418
-3.00721326504824,2.03252653204756,0.825615077015091
-2.82298153146066,1.91563761123621,0.889339447305298
-2.62294236101418,1.79141149457601,0.925633399985261
-2.40943314632593,1.66102984970381,0.935178758517303
-2.18458574685127,1.52537754778539,0.919879994089973
-1.95038335855822,1.38525802477509,0.882290369729482
-1.70875851523138,1.24155455338835,0.825233284535314
-1.46170794980639,1.09532371604406,0.751610825152656
-1.21140781428809,0.947834060698628,0.664347019775268
-0.960315593724265,0.800568226652463,0.566415515710396
-0.711245925079276,0.655204860127191,0.460909394339318
-0.467403035713767,0.513588687193221,0.351106172238371
-0.232326735105599,0.377674578573816,0.240462053460029
-0.00965139047331142,0.249392142121219,0.132447049582615
0.19744750435598,0.130362274455207,0.03015310595002
0.387047767519945,0.0215038042418058,-0.0642384239559722
0.559028693710256,-0.0772234018476122,-0.149803253182559
0.71487046262578,-0.166697863988614,-0.226744357251312
0.856876335394175,-0.248228109546702,-0.295910230222378
0.987430585145551,-0.323161515953773,-0.358329384775522
1.10861315982897,-0.392676728509185,-0.414952270179292
1.22210300181292,-0.457729268102137,-0.466566059675861
1.3292134346349,-0.519069724026567,-0.513793643573913
1.43096311297514,-0.577282437504964,-0.557120028047963
1.52814407567255,-0.632823236909894,-0.596922031393977
1.62137660000265,-0.686050168743268,-0.633493674778794
1.71115072245206,-0.737246930431819,-0.667066022413211
1.79785696896991,-0.786640310908066,-0.697822180237665
1.88180899817167,-0.834413098103279,-0.725908532631631
1.96326035452136,-0.880713663219801,-0.751443182897487
2.04241696723696,-0.925663131367682,-0.774522348307697
2.11944656971912,-0.969360798303573,-0.795225264703621
2.19448587426569,-1.0118882630392,-0.81361800084524
2.2676460972498,-1.05331261334215,-0.829756471457465
2.33901725998071,-1.09368890525012,-0.843688856493046
2.40867157170868,-1.13306211106384,-0.85545757664231
2.47666611755808,-1.17146866275349,-0.865100933649977
2.54304501567085,-1.20893768452701,-0.872654494322458
2.60784116622528,-1.24549198473836,-0.878152275418272
2.67107768512245,-1.28114886041788,-0.881627770444222
2.73276909189876,-1.31592075544239,-0.883114847652645
2.79292230548328,-1.34981580353062,-0.882648538677735
2.85153749039307,-1.38283828175686,-0.880265730508153
2.90860878541999,-1.41498899554167,-0.876005768515255
2.96412494041193,-1.44626561142008,-0.869910973102065
3.01806988085047,-1.4766629528437,-0.862027070738685
3.07042321602114,-1.50617327067701,-0.852403536672022
3.1211607030206,-1.53478650042622,-0.841093846584051
3.17025467573386,-1.56249051559563,-0.828155633127972
3.21767444577047,-1.58927138659291,-0.813650744199836
3.26338668109527,-1.61511365283529,-0.797645199822591
3.30735576678332,-1.6400006161811,-0.780209046859901
3.34954415099838,-1.66391466199437,-0.761416112519847
3.38991267948751,-1.68683761290906,-0.741343659446894
3.42842092185924,-1.70875112004321,-0.720071948308153
3.46502749278853,-1.72963709443257,-0.697683716459845
3.49969037232437,-1.74947817891199,-0.674263582934469
3.53236722992379,-1.76825826045303,-0.649897393792289
3.56301575739184,-1.78596301809987,-0.624671522464647
3.59159401681586,-1.80258050081884,-0.598672142286878
3.61806080952951,-1.81810172542487,-0.571984489163468
3.64237607213754,-1.83252128177177,-0.544692132954396
3.66450130484063,-1.84583792946308,-0.516876276674028
3.68440003580656,-1.85805516666101,-0.48861510203372
3.70203832328688,-1.86918174928209,-0.459983179363656
3.71738529428682,-1.87923213763054,-0.431050959868622
3.73041371487131,-1.88822684465362,-0.401884365943227
3.74110058387134,-1.89619266272431,-0.372544495229379
3.74942773735634,-1.90316274590631,-0.343087451921596
3.75538244789096,-1.90917652904181,-0.313564317226396
3.7589579995665,-1.91427946995476,-0.284021268452399
3.76015421804699,-1.91852260804815,-0.254499853288153
3.75897793420957,-1.92196193980691,-0.225037421334605
3.75544336133837,-1.92465762110657,-0.195667710013798
3.7495723687411,-1.92667301506633,-0.166421575821742
3.74139463841881,-1.92807361104013,-0.137327853555716
3.73094769741872,-1.92892584871447,-0.108414318269889
3.71827682372978,-1.92929588453378,-0.0797087150656647
3.70343482966487,-1.92924834090765,-0.0512398132427531
3.68648173091531,-1.92884507722479,-0.0230384329883076
3.66748431303194,-1.92814401944077,0.00486161283105269
3.64651560786763,-1.9271980789376,0.0324227224115
3.62365429200125,-1.92605418519477,0.0596029135775433
3.59898401631782,-1.92475244891481,0.0863554907801271
3.5725926717519,-1.92332546478749,0.112629013609205
3.54457159200058,-1.92179775717043,0.138367594359508
3.51501468997381,-1.92018536701897,0.163511532968924
3.4840175224286,-1.91849557579541,0.187998275764438
3.45167627712445,-1.91672676125728,0.211763661830851
3.41808667906587,-1.91486838055281,0.234743399702695
3.3833428179227,-1.91290107825851,0.256874698983695
3.34753590602215,-1.91079691881433,0.278097968819333
3.31075298524014,-1.90851974456657,0.298358488894464
3.27307560984161,-1.90602566096742,0.317607959763493
3.23457854107549,-1.90326365020604,0.335805847036356
3.19532849534232,-1.90017631180319,0.352920448171112
3.15538299059953,-1.89670072475897,0.368929629659408
3.11478933672628,-1.89276942185748,0.383821203519512
3.07358381134765,-1.88831146053489,0.397592934670042
3.03179105691438,-1.88325357021003,0.410252191545735
2.98942372567385,-1.87752135092486,0.421815270663863
2.94648238896804,-1.87104049479019,0.432306439961517
2.90295571661535,-1.86373799960944,0.441756755174578
2.85882092094229,-1.85554334295622,0.450202708539222
2.81404445041921,-1.84638958592395,0.457684769524687
2.76858290901492,-1.83621437740907,0.464245874382092
2.72238417101541,-1.82496083313845,0.469929915486108
2.67538865521334,-1.81257826689293,0.474780274430412
2.62753071949911,-1.79902275636115,0.478838434739161
2.57874013394513,-1.78425753010414,0.482142702682983
2.52894359031003,-1.76825316789435,0.484727057642961
2.47806620524967,-1.75098761122759,0.486620148229609
2.42603297531591,-1.73244598647462,0.487844446198095
2.37277014354265,-1.71262024880757,0.488415567524963
2.31820643893569,-1.69150866025264,0.488341768605138
2.26227415358633,-1.66911512159082,0.487623624550265
2.20491002574485,-1.64544838321309,0.486253896103526
2.14605590228222,-1.62052116581946,0.48421759070871
2.08565916076594,-1.59434922715711,0.481492221573037
2.02367287945448,-1.56695041524724,0.478048265772587
1.96005575311841,-1.53834375165865,0.473849818295911
1.89477176431257,-1.5085485902979,0.468855433525579
1.82778963107636,-1.47758389586404,0.463019139424555
1.75908206449392,-1.44546768343608,0.45629160283717
1.68862488225296,-1.41221665547729,0.448621417949847
1.61639603402459,-1.37784606365701,0.439956484678295
1.54237460271593,-1.34236981283232,0.43024544017019
1.46653985219484,-1.30580081319761,0.419439105816627
1.38887039110395,-1.26815157147596,0.40749191400493
1.30934352150867,-1.22943500026372,0.394363283600707
1.22793483506593,-1.18966541132522,0.38001892086258
1.14461810593542,-1.14885964508866,0.364432031377687
1.05936551952956,-1.10703828157778,0.347584439101
0.972148257565519,-1.06422686849323,0.329467618500789
0.882937442504781,-1.02045709881148,0.310083654360839
0.791705427518172,-0.975767869861158,0.289446150602317
0.698427398977054,-0.930206157520423,0.267581112993666
0.603083240021031,-0.883827644484763,0.244527830708356
0.505659590182864,-0.83669705185845,0.22033977940722
0.406152019119292,-0.788888133762498,0.195085562616665
0.304567223342351,-0.740483311373444,0.168849901320854
0.200925143382768,-0.691572939311718,0.14173467293758
0.0952608933257746,-0.6422542179666,0.113859992296263
-0.0123736076971242,-0.592629787333569,0.0853653189766725
-0.121908411425105,-0.542806060621622,0.0564105670249879
-0.233254824489098,-0.492891379411273,0.027177184469758
-0.346305287256672,-0.442994093602555,-0.00213084158269974
-0.46093391142178,-0.393220687792639,-0.0312861161375163
-0.576997702807913,-0.343674090052566,-0.0600371928846715
-0.694338452835345,-0.294452303448158,-0.0881082899442571
-0.81278521632608,-0.245647496572445,-0.115199563110289
-0.932157221910428,-0.197345669675179,-0.140988226750498
-1.05226696546504,-0.149626979068716,-0.165130927836443
-1.17292314471786,-0.102566748307058,-0.187267912992523
-1.29393298310699,-0.056237123915424,-0.207029654927124
-1.41510341002642,-0.0107092448590747,-0.224046686338567
-1.53624051443981,0.033944304904579,-0.237963357040166
-1.65714671418245,0.0776470901118463,-0.248455995140787
-1.77761523378739,0.120316873524243,-0.255255414509525
-1.89742179484762,0.161864563779991,-0.258172784959757
-2.01631393691864,0.202194456317542,-0.257126561857264
-2.13399906210754,0.241205998615962,-0.252166602022102
-2.25013303296364,0.278797012181571,-0.243490141052049
-2.36431171130166,0.314867894665812,-0.231443574073477
-2.47606790898703,0.349325892686741,-0.216504671483093
-2.58487553939519,0.382088242839496,-0.199242480911257
-2.69016127042924,0.413083014608594,-0.180256617955732
-2.79132197171042,0.442246997754547,-0.160102975168774
-2.88774442075322,0.469520920806751,-0.139217419017052
-2.97882280921426,0.494843431867222,-0.117851154556024
-3.0639700354698,0.51814620590808,-0.0960303680816731
-3.14262039149729,0.539352890403536,-0.0735491716650867
-3.21422335543556,0.558384152022727,-0.0500004412150964
-3.27822997607332,0.575169867852342,-0.0248454310921672
-3.33407432750153,0.589667699538681,0.00247964786301347
-3.38115286426925,0.601885145710428,0.0324250776295926
-3.41880477547302,0.611900045976111,0.0651683575206242
-3.44629709462645,0.619873054165398,0.100456524825552
-3.46281918277737,0.626045839844969,0.137486317631032
-3.46749115304164,0.630721743049534,0.174867489915923
-3.45938833404019,0.63423134375175,0.210707115417662
-3.43757870486941,0.636891861170971,0.242821334775044
-3.40116466059529,0.638972858240707,0.269033259552041
-3.34931857234147,0.6406786018282,0.28747615803235
-3.28130574630296,0.642150425557042,0.296815803610752
-3.19649632442037,0.643484596689362,0.296340944829818
-3.09437391442746,0.644756702850581,0.285925390556323
-2.97454922198558,0.646043806937797,0.265908513770776
-2.83678211349698,0.647439207507547,0.236954822739967
-2.68100925070699,0.649059137841057,0.199939886457055
-2.50737060547614,0.651044193943479,0.155883948895758
-2.31622820753406,0.653559789581526,0.105930939819861
-2.10817317673921,0.656799650483706,0.0513574428926395
-1.88402009694996,0.660995202074222,-0.00640580788832987
-1.64478930081271,0.666432927734619,-0.0657522029433644
-1.39167740543773,0.673482609859127,-0.124882800059075
-1.12601595226356,0.682642879305845,-0.181796936384042
-0.84922048240889,0.694617357829067,-0.234294790478077
-0.562742625966115,0.710444177422255,-0.280009095762483
-0.268061092998343,0.731709455289325,-0.316503721401671
0.0332144031603686,0.760870392760555,-0.341493940025174
0.33900696098744,0.801676034160715,-0.353225536942806
0.646051776191364,0.85957224199198,-0.350951820238519
0.948650965196191,0.941761933021058,-0.335259789386461
1.23692348197054,1.05619973864651,-0.307840767913432
1.49522307149614,1.2083632371518,-0.270441917549123
1.7029655451075,1.39517613700831,-0.223289443549436
1.84116765095699,1.59888085402528,-0.163741797290719
1.90368917064105,1.78831941876152,-0.0857627405841566
1.90292228068045,1.93146273399164,0.0185327881685579
1.86134340967866,2.00904269660902,0.151738484076951
1.79888913832527,2.01574586718501,0.299605314581902
1.73176166168995,1.9532322909115,0.430683987361568
1.67638671291142,1.82827964805814,0.516240522545999
1.64547538450755,1.6535913899786,0.548291975143174
1.64247268763934,1.44386614239522,0.536769698706469
1.66281873006623,1.21106194152937,0.496741179468173
1.69886420356451,0.963330108908498,0.440251275709673
1.74346449193864,0.706342128184332,0.374713927526585
1.79125665502766,0.444694682814776,0.304233325831835
1.83862147336497,0.182635485100277,0.231255298649194
1.88322215694681,-0.0756985820591832,0.157763591666312
1.92349487466702,-0.326214224563073,0.0859952171771989
1.95818844575234,-0.564791573440872,0.0187251283282612
1.98597001849909,-0.787182397185959,-0.04085877424822
2.0050973906245,-0.988940240300552,-0.0896111722442113
2.013156083654,-1.16548382898451,-0.125057635976975
2.00687408813531,-1.31238901213815,-0.146015272781136
1.98206671196807,-1.42596303570235,-0.153051304450632
1.93381526096981,-1.50407113799138,-0.14865575256082
1.85700403514481,-1.5470451155122,-0.137019581608545
1.74726143973069,-1.55832656128468,-0.123331481524472
1.60212634223046,-1.54438853254497,-0.112583154436169
1.42196861118055,-1.51361106431797,-0.108049131797821
1.21008652435935,-1.47424949882041,-0.109899101216547
0.971737746766169,-1.43227190112125,-0.114770766880148
0.71256542672205,-1.39028337890719,-0.117349238176465
0.437458547294934,-1.34858297236028,-0.114357824545584
0.150686706584079,-1.30815484582964,-0.10900586259229
-0.143112506219052,-1.27322138919691,-0.111201766685675
-0.438784226651685,-1.25050801044152,-0.130881379050436
-0.731946036910833,-1.24615252398706,-0.169499965416705
-1.0195782337421,-1.26408704085665,-0.217329541517504
-1.29808643599526,-1.30643351703639,-0.257528679954416
-1.56036304317886,-1.3733712436339,-0.273226986090112
-1.794990391127,-1.4617943074893,-0.25452765305526
-1.98906838809611,-1.56416504603011,-0.202375692288234
-2.13338015679003,-1.66800987618928,-0.126408208082672
-2.22739306736562,-1.75588448269216,-0.0383712151005081
-2.28141120558581,-1.80809365417547,0.0530669921311755
-2.31269024968949,-1.80987554259587,0.14304764432518
-2.33624507281347,-1.7578328287982,0.228912216582242
-2.35813937569828,-1.65898265899599,0.308834040081795
-2.3765125932255,-1.52444753177104,0.381136292538823
-2.38659029968897,-1.36433973380549,0.443944341710744
-2.38437428038109,-1.18620461368192,0.495104077723294
-2.36782152594099,-0.995482350602879,0.532390998953703
-2.33663201481946,-0.796308367727044,0.553872959283202
-2.29166997653495,-0.592041230317011,0.55823919715685
-2.23444979603828,-0.3855106661321,0.545004997337859
-2.16677424359354,-0.179109300468769,0.514603096222688
-2.0904925413459,0.0251799924136394,0.468410900483972
-2.00732535244754,0.22577383799709,0.408746992382914
-1.91872003310548,0.421473323190616,0.338829866832212
-1.8257296300692,0.611432942995555,0.262651074357866
-1.72894104730454,0.795107339487341,0.184697087189969
-1.62849648141503,0.972175393844375,0.109479945650704
-1.52424144609112,1.14244970871635,0.0409117235831563
-1.41598742752926,1.30578804893676,-0.0183415067406897
-1.30381475265452,1.46202657599692,-0.0673170859747419
-1.18829885903042,1.61094933936795,-0.106828952671786
-1.0705578668492,1.75229667595959,-0.139087097574551
-0.952097358725838,1.885803101172,-0.166984822335937
-0.834527067044053,2.01124767798345,-0.193318806817498
-0.719277441444295,2.12849807081303,-0.220207284531827
-0.607419516106599,2.23753376133691,-0.248838484749672
-0.49961916690721,2.33844323263211,-0.279518610820231
-0.396193271105119,2.43140033959227,-0.311893381550966
-0.297211524102938,2.5166313974991,-0.345210948136905
-0.202597519943977,2.5943846362543,-0.378539127316353
-0.11220477388665,2.66490952573391,-0.410902007504097
-0.0258620851529738,2.72844840327453,-0.441337336733837
0.0566069083338404,2.78523903916396,-0.468894068926138
0.135381472261542,2.83552483362336,-0.492594961540171
0.210650399921066,2.87956882359419,-0.511388612673739
0.282620589505606,2.91766790347576,-0.524112855720342
0.351522282744451,2.95016409870168,-0.529488687732328
0.417607066448822,2.97745006109773,-0.526160937470724
0.481135980589833,2.99996610896385,-0.512797575167727
0.542356562063436,3.01818630570817,-0.488251972594101
0.601469920800416,3.03259177435906,-0.45177923456663
0.658592386550856,3.04363146614076,-0.403277765152086
0.713720566650476,3.05167453677544,-0.34350334593638
0.766712098990824,3.05696382169242,-0.274184971121761
0.817293980685287,3.05958414912487,-0.197975234783928
0.865103623432881,3.05945855652952,-0.118205503517245
0.909755846361667,3.05637764913344,-0.0384815236855888
0.950917740972622,3.05005501899172,0.0377814447747761
0.988369847390957,3.04019182848602,0.107760697521061
1.0220387090516,3.02653229620594,0.169472188451041
1.05199805838683,3.00889874537293,0.221831668395506
1.07844629499414,2.98720464070093,0.264562676201755
1.10167220791948,2.96145105810647,0.298014716209783
1.12201948305457,2.93171427599391,0.322954918047817
1.13985641850078,2.89813087800271,0.340378022135387
1.15555319811852,2.86088414283091,0.351357331117498
1.16946637359283,2.82019314767962,0.356941914434902
1.18192897365571,2.77630452669051,0.358095146930654
1.1932444678457,2.72948616138229,0.355665377422816
1.20368313627261,2.68002196910106,0.350378975101019
1.21347988610503,2.62820712622999,0.342847307064585
1.22283299244231,2.5743433290786,0.333581143057143
1.23190355590369,2.51873394816283,0.323007904267494
1.24081564108743,2.46167912110171,0.311488790191195
1.24965712893376,2.40347094270425,0.299334050213677
1.25848130254173,2.34438895243579,0.28681554184905
1.26730914606259,2.28469610608835,0.27417629449185
1.27613228116389,2.22463536979019,0.261637152879202
1.28491642415177,2.16442700773777,0.249400772710396
1.29360522458001,2.10426656769952,0.237653338767091
1.30212434172738,2.04432351056152,0.226564416179376
1.31038563096596,1.98474039072921,0.216285356855982
1.31829133473055,1.92563247666875,0.206946685455488
1.32573819849344,1.86708770422779,0.198654890686833
1.33262145574814,1.80916687841027,0.191489049307048
1.33883863733242,1.75190407592159,0.185497708477527
1.34429316351952,1.69530724390047,0.180696437404017
1.34889766729415,1.63935903215767,0.177066423223561
1.35257698302501,1.58401792892603,0.174554419163791
1.35527071415251,1.52921978634213,0.173074252893325
1.35693528250989,1.47487981585121,0.172509969276834
1.35754535832209,1.42089510626083,0.172720526683822
1.35709458450262,1.36714766946411,0.173545804825229
1.35559553930058,1.31350795967901,0.174813537860269
1.35307892613925,1.25983875048763,0.176346681476193
1.34959203624289,1.20599920192177,0.177970673511488
1.3451965810909,1.15184891817539,0.179520066122837
1.33996604098562,1.09725178757264,0.180844086729459
1.33398270497723,1.04207941563984,0.181810814326644
1.32733458833001,0.986214001228069,0.182309813149154
1.32011240618796,0.929550558999215,0.182253222424529
1.31240675485137,0.871998450309446,0.181575438315036
1.30430561749531,0.813482237916902,0.180231624639111
1.29589226850887,0.753941924151459,0.178195347780195
1.28724361344884,0.693332661777458,0.175455647416562
1.27842896503012,0.631624043673783,0.172013838028605
1.26950923109493,0.568799079894545,0.167880294428676
1.26053647240125,0.504852965188844,0.163071420565281
1.25155377837853,0.439791727844909,0.157606943259722
1.24259540488387,0.373630834954565,0.151507618621243
1.23368712027763,0.306393812553742,0.14479339247995
1.22484671001945,0.238110924362494,0.137482019974152
1.21608459505363,0.168817939175213,0.129588123110271
1.20740452657065,0.0985550057423231,0.121122647404055
1.19880432438003,0.0273656451620693,0.112092668787903
1.19027663395686,-0.044704135429628,0.10250149711419
1.18180967931241,-0.117606608403047,0.0923490226896581
1.17338799545255,-0.191292974450093,0.0816322542118889
1.16499312558193,-0.26571390025964,0.0703460011304255
1.15660427256016,-0.34081995206398,0.0584836585951273
1.14819889557138,-0.41656193212562,0.0460380595382889
1.13975324477939,-0.49289112608407,0.0330023649448619
1.13124282870004,-0.569759469293152,0.0193709701207531
1.12264280975506,-0.647119640537738,0.00514041176692197
1.11392832447184,-0.724925092284248,-0.00968973251591656
1.10507472536524,-0.803130027515897,-0.0251159539860933
1.09605774192823,-0.881689334452126,-0.0411299271585819
1.0868535585266,-0.960558491805256,-0.0577176184180596
1.07743880668527,-1.03969345946841,-0.0748583734309527
1.06779046994455,-1.11905057172206,-0.0925239640805234
1.05788569953735,-1.19858645214286,-0.110677572945286
1.04770154003095,-1.27825797152501,-0.129272692392366
1.03721456439352,-1.35802227359339,-0.148251916711407
1.02640042179324,-1.437836894196,-0.167545609675555
1.0152333027489,-1.51766000155893,-0.187070436942322
1.0036853328702,-1.59745078530094,-0.206727764383772
0.991725912422661,-1.67717001978465,-0.226401939585208
0.97932102905791,-1.75678082272678,-0.245958496440016
0.966432583213688,-1.83624962074058,-0.265242352519141
0.953017780790392,-1.91554731951918,-0.284076107444343
0.939028666727082,-1.99465065313944,-0.302258598593017
0.924411891946147,-2.07354365614472,-0.319563928937174
0.909108828232577,-2.15221915782254,-0.335741251100264
0.893056161768789,-2.23068014279987,-0.350515669232344
0.876187107897069,-2.30894075391794,-0.36359070330006
0.85843338625387,-2.38702663424905,-0.374652838223403
0.839728070846593,-2.46497422367501,-0.383378738396891
0.82000937256072,-2.54282855500725,-0.389445719355771
0.799225313301651,-2.62063905701166,-0.392545993290701
0.77733910296678,-2.69845290021229,-0.392404988375194
0.754334832932423,-2.77630556045823,-0.388803618233929
0.730222866892965,-2.85420857119782,-0.381603686185703
0.705044078531823,-2.93213492105581,-0.370774625630624
0.678871915927367,-3.01000322937717,-0.356418564178252
0.651811257971993,-3.08766261456404,-0.338789470532899
0.62399325803511,-3.16488087577312,-0.318301288339566
0.595565907538268,-3.24133895438989,-0.295520017251245
0.566680871330196,-3.31663430431132,-0.271136172367015
0.537478088637303,-3.39029458540488,-0.245917112155458
0.508070425120644,-3.46180109457245,-0.220642934617303
0.478530995967192,-3.53061904386325,-0.196033862503619
0.448885465566843,-3.59622994620142,-0.172679769208159
0.41911071396458,-3.65816068361818,-0.150982549940372
0.389140038188985,-3.7160045951096,-0.131119197543398
0.358873938972528,-3.76943181840276,-0.113028638155333
0.328194864470341,-3.81818839797034,-0.0964202801494725
0.29698416020278,-3.86208551324961,-0.0807984440479589
0.265139792840115,-3.90098107083975,-0.0654953121761555
0.232593905557036,-3.93475576925391,-0.0497058851377551
0.199329612525925,-3.96328489379542,-0.0325211916025703
0.165396373740773,-3.98640606582692,-0.0129599750763065
0.1309226228092,-4.00388258770288,0.00999645189929171
0.0961230138545696,-4.01536253508099,0.0373573482598592
0.0612959500868271,-4.02033592217888,0.0700521904988146
0.02680563597998,-4.01809633279918,0.108825979862689
-0.00695697050977877,-4.00771876525484,0.154095709954695
-0.0396365356111703,-3.98806996065614,0.205777665444187
-0.0709933137119464,-3.95786720652603,0.263116939788337
-0.100983167707345,-3.9157917922531,0.324573967318457
-0.129809201175357,-3.86064194776185,0.38783469003724
-0.157914926429838,-3.79148300411228,0.449994295187686
-0.185903939807581,-3.70773511855288,0.507911004603418
-0.214401049999016,-3.60914880865621,0.558651517686263
-0.243899883736503,-3.49565968266293,0.599893259019556
-0.274652206905658,-3.36716643487972,0.630150736172005
-0.306635809641235,-3.22330785824671,0.648760322799712
-0.339601775839834,-3.06330556498942,0.655652474149643
-0.373170321364356,-2.88589765264969,0.651009927974383
-0.406933081566805,-2.6893419319061,0.634924741519108
-0.440529324678884,-2.47143991858213,0.607133284881977
-0.473683149280621,-2.22953285461721,0.566856976317868
-0.506205736780389,-1.96044385877478,0.512738913972458
-0.537973714223095,-1.66038166418659,0.442863881230334
-0.568889745749616,-1.32489319278431,0.354898027398252
-0.598812569689585,-0.949086429304201,0.246506742216425
-0.627406125575447,-0.528535166813213,0.116395177553452
-0.653825610855012,-0.0612587070568904,-0.0336744192838577
-0.676289698211271,0.449646496050923,-0.196363608832094
-0.692006090711165,0.9944206548634,-0.357912328883624
-0.697948389984967,1.55751926860461,-0.501241010696935
-0.692101983070562,2.12063484223479,-0.611390313298321
-0.674395388258957,2.66636139085556,-0.676868045573394
-0.646965022174661,3.17923897832196,-0.682631413533439
-0.613043824560657,3.64007151351562,-0.604743956225779
-0.573959915584928,4.01997039699045,-0.430067041319338
-0.529890613802838,4.29349290368906,-0.190115905024327
-0.487330471066533,4.45441859517685,0.0576510183217161
-0.455529398316553,4.49942517385712,0.283715206019959
-0.432102708575053,4.41648405503206,0.485897923090565
-0.403267433966299,4.2015847521676,0.656439054505129
-0.359890513895269,3.87029292843411,0.773558015737299
-0.305363743911546,3.44679791641479,0.816568040050752
-0.245407755388868,2.95021226185143,0.778079159887565
-0.178460050265258,2.39575749961576,0.663164671056286
-0.0974709553944445,1.80146454583986,0.485957174973521
0.00367459819389083,1.18931506901029,0.269548056468972
0.125121760263038,0.580792614623656,0.045341422736999
0.259492410499302,-0.00950557069451898,-0.152341140789882
0.394389847214683,-0.576137564409091,-0.297158005889949
0.517505637014706,-1.11631869630567,-0.382651281437271
0.621796204731692,-1.62145212836909,-0.424133365722256
0.706935392202067,-2.07923763096137,-0.443097490153655
0.775894388160795,-2.48278532287458,-0.448624060475406
0.831050350833832,-2.83251508398929,-0.43521778720633
0.872725835824146,-3.13136551577235,-0.393074072804016
0.899761557841702,-3.3813111764176,-0.318157655721524
0.911365388954033,-3.58300572579536,-0.217108350708902
0.908758150043544,-3.73706428170132,-0.105531045706169
0.89490709559283,-3.84542421594193,-0.000668561174099441
0.872775928479489,-3.9115992286457,0.085906537939962
0.84413722490749,-3.93989982462495,0.150364555485963
0.809713311533247,-3.93460904176199,0.194121427952032
0.769838970579198,-3.89965359818227,0.220526798686649
0.724903875644766,-3.83861439167017,0.232915183769842
0.675471999229487,-3.75479111229365,0.2340388509788
0.622243108661311,-3.65120526030806,0.226176765957969
0.565985415262911,-3.53055474815973,0.21138306889819
0.507482362713551,-3.39516602771086,0.19164347250554
0.447491647430858,-3.24697934143603,0.168891487112021
0.386706101005455,-3.087585539284,0.144912330484714
0.325713608078827,-2.91831659165987,0.121188915388705
0.264963124574924,-2.74037500161891,0.0987526576394752
0.204748747357447,-2.55497169305139,0.0780977251445171
0.145220597280849,-2.36343426904387,0.0591978345967416
0.0864213200053469,-2.1672541369797,0.0416312184747353
0.028335613942227,-1.96806181561416,0.0247829095316367
-0.0290660183879956,-1.7675458531855,0.00807022594530053
-0.0858056546359348,-1.56734890835942,-0.00886162958860794
-0.141905943163034,-1.36897592211377,-0.026004222729669
-0.197425638896763,-1.17373596995749,-0.0429117294615152
-0.252514802500305,-0.982721914387401,-0.0586700248918339
-0.307479317325072,-0.796821174411648,-0.0718920773851216
-0.362841201239263,-0.616750606909949,-0.0807416373237969
-0.419373021628593,-0.443114022890824,-0.0830136824059868
-0.478070998624346,-0.27648233615145,-0.0763197501727207
-0.540019073290035,-0.117484242067612,-0.0584246849546238
-0.606103244310353,0.0331312812505396,-0.0277469205907426
-0.676587119775384,0.174523545599881,0.0160383131989353
-0.750664588993154,0.305930112041792,0.0714575617928225
-0.826213844993497,0.426954985647591,0.135020789007063
-0.899975514852471,0.537848784667316,0.201582345135922
-0.968190791955941,0.639609436340559,0.265327143551963
-1.02745871802815,0.733809155981927,0.321064295124574
-1.07543144334633,0.822213435048727,0.365278348820526
-1.11108656293656,0.906377274432452,0.396531732588534
-1.13457865836517,0.987390862015463,0.415209453920991
-1.14686016182851,1.06583104850266,0.422902388305089
-1.14927976632846,1.14186405596711,0.421762422029277
-1.14327821600093,1.21540669353927,0.414022503095822
-1.13020742505403,1.28627544175877,0.401720443396577
-1.11124794292076,1.3542915131023,0.386579118578264
-1.08738825166724,1.41933817671398,0.36997594179915
-1.05943680747985,1.48137967374638,0.352949940993692
-1.02804872561602,1.54045430126166,0.336219166366352
-0.993757166060846,1.59665327049642,0.320200917712764
-0.957004036793612,1.6500947173356,0.305038118900328
-0.918166844898021,1.70089976915123,0.290637621778459
-0.87757975253153,1.74917503164317,0.276722980312323
-0.835547937409183,1.79500333858928,0.262898718389915
-0.792355423329438,1.83844238301869,0.248718436036723
-0.748267495657646,1.87952926372647,0.233747245092463
-0.703529418789987,1.91828825802851,0.217610419349058
-0.658363308391047,1.95473924485015,0.200023781266641
-0.612964763912865,1.98890485580986,0.180805598127429
-0.56750023366312,2.02081543981948,0.159873124259768
-0.522105912584189,2.05051135283158,0.137228787350408
-0.476888036287364,2.07804316869266,0.112941141080622
-0.431924542969752,2.10347023069,0.0871248896447281
-0.387267760713551,2.12685822949946,0.0599228936134128
-0.342947756609444,2.14827638639722,0.0314916985741104
-0.298976002111135,2.16779468516154,0.00199103769270688
-0.255349059470623,2.1854814482952,-0.0284229592256551
-0.212052065108233,2.2014014170604,-0.0596014970441201
-0.169061861093443,2.21561438852694,-0.0914045494893323
-0.126349693424734,2.22817438920327,-0.123700719562776
-0.0838834545754455,2.23912932026274,-0.15636612385509
-0.0416294899178332,2.24852098931304,-0.189282749651295
0.00044598376759438,2.25638543975543,-0.222336592075668
0.0423757846802617,2.26275349548403,-0.255415760100569
0.0841909303873053,2.26765145001022,-0.288408651333547
0.125919995329202,2.27110184111179,-0.321202231526947
0.167588601962184,2.2731242627096,-0.353680411915104
0.209218994792854,2.27373617393601,-0.385722491724373
0.250829654909756,2.27295366993323,-0.417201620726742
0.292434919428636,2.27079218053466,-0.44798323175196
0.334044578134521,2.26726706172953,-0.477923397708232
0.375663424568826,2.26239404089726,-0.506867078713633
0.417290744613718,2.25618947185074,-0.534646242576866
0.458919728365547,2.24867031751772,-0.561077874990992
0.500536811052267,2.239853961041,-0.585961902156006
0.542120920723903,2.22975748937295,-0.609079169445053
0.583642667794502,2.21839668709632,-0.630189591403352
0.625063487262408,2.20578456103962,-0.649030732843691
0.666334773937954,2.19192941006783,-0.665317149074901
0.70739706479743,2.1768324707656,-0.678740924360204
0.748179339872543,2.16048523552734,-0.688973959469721
0.788598528255618,2.14286662951056,-0.695672664814629
0.828559314106503,2.12394034841064,-0.698485789955897
0.867954338724318,2.10365279396865,-0.697066127476602
0.906664882355969,2.08193218307404,-0.691086722150164
0.944562085329919,2.05868952521245,-0.680261921891308
0.981508733762809,2.03382221505561,-0.664373061522146
1.01736159549335,2.00722091761007,-0.643297707489509
1.05197425302678,1.97878016017843,-0.617040213353989
1.08520033946271,1.94841252845242,-0.585759946391331
1.11689702618533,1.91606556555492,-0.549792222237108
1.14692850295521,1.88173943892885,-0.509656192395361
1.17516898508585,1.84550232308771,-0.466044248331185
1.20150444856735,1.80749951275124,-0.419789417064507
1.22583187226085,1.76795188275189,-0.371810803825525
1.24805443659799,1.7271398425701,-0.323041794009556
1.268071259126,1.68537079780379,-0.274350196030729
1.2857613385471,1.64293168685583,-0.226462241583166
1.30096377497071,1.60003344923293,-0.179902188930931
1.31345965527505,1.55676030205608,-0.13495597967185
1.3229635929125,1.51304056757059,-0.0916618983589347
1.32913223300388,1.46865323936684,-0.0498252714977645
1.33159157935766,1.42327319652937,-0.00905000404622772
1.32997676809261,1.37654199195185,0.0312212632851521
1.32397208598892,1.32814030330324,0.0716641730149597
1.31333973423353,1.27784020525843,0.113028139700635
1.29793211975031,1.22552834399211,0.156087150975794
1.27768941487761,1.17120504120095,0.201580118987422
1.25262768027805,1.11497102687712,0.250135266891484
1.22282256018729,1.05701182455009,0.302176602559976
1.18839152729712,0.997583908106613,0.357817534652902
1.14947601625589,0.937001184326398,0.416756372305304
1.10622440099333,0.875617685333669,0.478198279943319
1.05877727018295,0.813803142261231,0.540833543693457
1.00725686379706,0.751911566880192,0.602897199710542
0.951762006740616,0.690247306685978,0.66231725573052
0.892368313030618,0.629035943265226,0.716931591100315
0.829131654722236,0.568407097203615,0.764728166789667
0.762092062537763,0.508392646684436,0.804052469637892
0.691275891372437,0.448938931188947,0.833736511417754
0.616695680609993,0.389927699313823,0.85312998789266
0.538348516508304,0.33119933155103,0.862043280979137
0.456214070615915,0.272572998435613,0.860631745275594
0.370252869507525,0.213860650946037,0.849256380492406
0.280404311082703,0.154873854927565,0.828350154732294
0.186583027943309,0.0954238259295922,0.798307841993753
0.088671603465863,0.0353154844495288,0.759405576740011
-0.0134927990920826,-0.0256639293087591,0.71174733626785
-0.120141040283606,-0.0877620371991293,0.655229920506963
-0.231608567851426,-0.151286212438241,0.589515001680937
-0.348394038778228,-0.216640637696767,0.513995190132235
-0.471254852457701,-0.284384375940778,0.427739760330666
-0.60136722097425,-0.355326961930284,0.329405797605953
-0.74059947011685,-0.430689607522589,0.217114545358793
-0.89196012301233,-0.512360100344202,0.0883927697948779
-1.06012436949486,-0.60311610162871,-0.0591726012187102
-1.2507712774292,-0.705600525740142,-0.223763020142233
-1.46465446376652,-0.816200732748857,-0.387947937191305
-1.68608608995319,-0.917126449208418,-0.51637883515534
-1.87619974486378,-0.985310232323461,-0.582037263893808
-1.98490756585982,-1.01458135957782,-0.584744380241582
-1.96981561345223,-1.01816586593244,-0.524795810647641
-1.79978677331346,-0.99476376874346,-0.355660556365476
-1.44912727577304,-0.89532874737894,-0.0353241677380231
-0.877686151897817,-0.758895546921366,0.243430613334399
-0.0641306093461178,-0.789521215768541,0.277438965348234
0.828838877970829,-1.12944889896773,0.191755127799117
1.48655464876219,-1.59420582463487,0.206177669972822
1.83634724682758,-1.8211083127922,0.379655812805897
1.97106195391589,-1.80413976276582,0.594797840529905
1.97919909089135,-1.69079087676159,0.701332016876752
1.92058009668329,-1.52357863019326,0.635229255470082
1.79169934837109,-1.29761001080536,0.421210174801705
1.5791080248849,-1.01176100314705,0.142464348706544
1.30688019553284,-0.673138165485278,-0.0741383450043285
1.02506686549814,-0.312189526590613,-0.17873547319599
0.747616143895107,0.0566593127283539,-0.287977820880287
0.46991731947359,0.464023867459928,-0.465230728772919
0.228019405788438,0.940374704480548,-0.629680264684962
0.0834548603230805,1.50327422643529,-0.68187908434748
0.0943755126241578,2.12900553202468,-0.56221872237344
0.234549084156918,2.6827643159629,-0.29937520080374
0.311202281201179,3.00578024302147,0.00646010754749195
0.241733245787785,3.11916858274393,0.286401523726823
0.114498861787999,3.09854777630325,0.520254116940967
-0.0145333105042927,2.97977458064183,0.704504202585384
-0.125929975244519,2.77578599217738,0.844490237757022
-0.206835111968796,2.49888641154867,0.942405859149612
-0.255093985329765,2.17949041647108,0.979044162890465
-0.284990529090492,1.85757414186361,0.93030607144741
-0.310392785673129,1.55875212140283,0.801592093484722
-0.333715277656351,1.29453826149674,0.62897544531281
-0.352041118347314,1.07655515986071,0.45798355493584
-0.363719934227869,0.918117372471977,0.324521698727363
-0.369841471386249,0.820985903617359,0.240796573298599
-0.372689455405858,0.769713091569356,0.196338909905604
-0.373985198047105,0.744557145795216,0.174507397456046
-0.374590407976914,0.732343631826216,0.16391183159301
-0.3748834360967,0.726315643692511,0.158685748695053
-0.37503035040137,0.723263971279292,0.156041874996216
-0.375106453707259,0.721675016372534,0.154666206637521
-0.37514711246688,0.720823618133883,0.153929593503821
-0.375169485976695,0.720354264073466,0.153523788183765
-0.375182153145904,0.72008820031526,0.153293898673031
-0.37519013500772,0.719919616556302,0.153149069053362
-0.375196834049006,0.719777074395914,0.153027595760937
-0.375203532380807,0.719634530490496,0.152906120937415
-0.375210230240753,0.719491984688135,0.15278464455731
-0.37521692738169,0.719349437137134,0.152663166650875
-0.375223623813098,0.719206887780459,0.152541687215791
-0.375230319531895,0.719064336671547,0.152420206258501
-0.37523701476747,0.718921783658412,0.152298723753456
-0.375243709292223,0.718779228897668,0.152177239735902
-0.37525040310552,0.718636672387539,0.15205575420825
-0.375257096205228,0.718494114062706,0.151934267162876
-0.375263788583797,0.718351553984864,0.15181277861199
-0.375270480484268,0.718208992057253,0.151691288533608
-0.375277171668656,0.718066428309512,0.151569796943988
-0.375283862137389,0.717923862803326,0.151448303855009
-0.375290551881573,0.717781295536862,0.15132680926903
-0.375297241141865,0.717638726351525,0.151205313155543
-0.375303929687635,0.717496155410616,0.151083815554818
-0.375310617515671,0.717353582702375,0.150962316462306
-0.375317304626419,0.717211008171473,0.150840815877347
-0.375323991254679,0.717068431786242,0.150719313788699
-0.375330677153559,0.716925853629906,0.150597810216207
-0.375337362333734,0.716783273708928,0.150476305167216
-0.375344047027885,0.716640691864727,0.150354798611548
-0.375350731001751,0.716498108252306,0.15023329058384
-0.375357414254415,0.716355522869824,0.150111781086123
-0.375364096785086,0.716212935715492,0.149990270120625
-0.375370827174632,0.716069268801596,0.149867885546771
-0.375377708911816,0.715922311193858,0.149742747188879
-0.375384853538615,0.715769674882054,0.149612823753269
-0.375392383714133,0.715608738056218,0.149475887428324
-0.375400438745769,0.715436516159996,0.149329404294251
-0.37540918181059,0.715249506845445,0.149170402880434
-0.375418809407974,0.715043496163843,0.148995310084124
-0.37542956246367,0.714813309527891,0.148799740312421
-0.375441741811511,0.714552484429371,0.148578218597409
-0.375455728227113,0.714252833719154,0.1483238112589
-0.375472009979347,0.713903855527013,0.148027626960967
-0.375491220013174,0.713491927472542,0.147678135573764
-0.375514187402157,0.712999195770136,0.147260229436376
-0.375542008588397,0.712402030592849,0.146753918297092
-0.375576147366465,0.711668859604759,0.146132499462297
-0.375618575993038,0.7107571041647,0.145359970724898
-0.375671975722842,0.709608809944956,0.144387342091599
-0.375740024706752,0.708144362439741,0.143147333130842
-0.375827813756361,0.706253369528634,0.141546684035107
-0.375942451884161,0.703781315676781,0.139454909323891
-0.376093954123054,0.700509847360199,0.136687703181824
-0.376296551393453,0.696127374106962,0.132982236743296
-0.376570631254832,0.69018480257135,0.127960072394751
-0.37694561424459,0.682028239681408,0.121071069677724
-0.377464181716064,0.670695757650801,0.11150812419638
-0.378188319447407,0.654757946272877,0.0980777404733626
-0.379207305097713,0.632071385812159,0.0790066493299773
-0.380645901960512,0.599402467283808,0.0516675022017909
-0.382663958216917,0.551880478846081,0.0122465032832327
-0.385416616051225,0.482309682021034,-0.0444546521401714
-0.388894165646158,0.380665199103316,-0.124388350856988
-0.392531382319619,0.234803070545688,-0.231255443329123
-0.394779067388549,0.0339566631411722,-0.360100708990104
-0.393670473424493,-0.225139695367631,-0.492153849265984
-0.388975804733265,-0.53362161770266,-0.602057609119599
-0.383058291905864,-0.872996594423242,-0.678301161644753
-0.377372544646036,-1.22473330614566,-0.73131326662008
-0.370254282932824,-1.57548098857292,-0.77023642337884
-0.361466361640847,-1.91102001026947,-0.779980142647594
-0.354784546404264,-2.21041833939783,-0.727472595023502
-0.350385308681203,-2.44980503338834,-0.577219166733124
-0.333319887698647,-2.61214638012286,-0.30549372950838
-0.281409396600136,-2.69071112019506,0.0641334667350353
-0.206805384109195,-2.67940998566115,0.434486018134254
-0.168141247379724,-2.58399052596632,0.703947949131035
-0.185352121754182,-2.42677901618071,0.852409064120949
-0.223851195084364,-2.21575773653785,0.913165255473597
-0.268241541088321,-1.94667634976545,0.928986902740358
-0.329166990271237,-1.61276392812267,0.923853726805028
-0.408970693505017,-1.22980202366124,0.867766293580199
-0.482770080233983,-0.838948503892143,0.704932968927289
-0.531415962809514,-0.462949748461075,0.429752078109555
-0.561989677141518,-0.0931331325736537,0.0906948960480914
-0.589688603679738,0.280879383755972,-0.246621044451109
-0.623025663495857,0.654344678356069,-0.520236330028672
-0.661989332619371,1.01457411151706,-0.688638242675739
-0.700281128791047,1.34505420610036,-0.745292338184363
-0.73531021164314,1.62888668363987,-0.722155213081152
-0.778000344095806,1.84878350271444,-0.659151601232568
-0.844581283805105,1.97160129714001,-0.57057301903107
-0.936425555449462,1.94458078668132,-0.453065576820953
-1.01061021268068,1.74467573475153,-0.303427552142424
-0.991172896852224,1.48162473518298,-0.114991982586163
-0.866230508226983,1.32049617806524,0.114250858398107
-0.675545444815233,1.27121160117465,0.352140760894775
-0.444514054058395,1.25669694855504,0.546809552728072
-0.190355600749214,1.22949993087513,0.666678711953211
0.071925187273189,1.17916113184925,0.711433974358156
0.33337543198803,1.10936102043572,0.698750574293301
0.592285711215341,1.02435607775722,0.652064138265314
0.851901363030239,0.926091427133386,0.592498547223288
1.11416435232416,0.816133564646658,0.530106075894671
1.37274765305446,0.697867822632775,0.459615516192309
1.61410539987611,0.576042671022899,0.368697240733692
1.82691715259231,0.454376535546441,0.252185854001299
2.00815225802625,0.334564164595843,0.11720403491561
2.16081509594264,0.217325297819058,-0.0223053765709034
2.28949680189377,0.103526674353032,-0.152528079889433
2.39816111994437,-0.00561615196922307,-0.263308478499775
2.48976822427364,-0.108884960097893,-0.34880037293156
2.56637003452081,-0.205374288213767,-0.406865157649912
2.62918739368215,-0.294576045700124,-0.438244637861159
2.67875399895183,-0.376341421545317,-0.44586604915719
2.71519690380683,-0.45082687127106,-0.434204224245352
2.73856557530398,-0.518426703585055,-0.408551963457117
2.74907745327456,-0.579671872447135,-0.374214560705633
2.7472081732773,-0.635108750081676,-0.335796590691459
2.73364189446311,-0.685193793354922,-0.296754811104798
2.70915104218157,-0.730230725938376,-0.259279624770673
2.67447655264727,-0.77035389874239,-0.224441512675034
2.63024877855441,-0.805545123367754,-0.192474183641228
2.57695534484954,-0.835667681639389,-0.163073305926711
2.51494244578881,-0.860506015160372,-0.135636866560211
2.44443163674546,-0.879806330256977,-0.109424983548703
2.36553893011192,-0.893318179929183,-0.0836539732937848
2.27829072385935,-0.900838867170682,-0.0575575752701751
2.18263804856089,-0.902261475730793,-0.0304505709352689
2.07847506284568,-0.897624133118545,-0.00182058340222702
1.96566872568769,-0.887153845502292,0.028544568911387
1.84410351027169,-0.871294719272737,0.0604110666539581
1.71373815570886,-0.850710206993975,0.0929766512985508
1.57466307697849,-0.826254400424898,0.124827963764971
1.42714184081872,-0.798917851616521,0.154026455002671
1.27162298654651,-0.769764082870676,0.178336601781196
1.10872018580637,-0.739876406581736,0.195558224702025
0.93917313543884,-0.710326790851917,0.203881168608004
0.763808799996909,-0.682163350547723,0.202170034968396
0.583517155771311,-0.656401021774278,0.190114574594806
0.399241630149116,-0.633999590706625,0.168230559383342
0.211972378051133,-0.615824071673465,0.137740643657968
0.0227284061054466,-0.602596293801682,0.100387808424939
-0.167477799936941,-0.594854373325853,0.0582335673187656
-0.357688457064442,-0.592934990796101,0.0134775989105503
-0.547049172453706,-0.596984822011023,-0.0316845806907256
-0.734844381495525,-0.606997667270386,-0.0751662543071379
-0.920509141741458,-0.622866978892247,-0.115067156172712
-1.10361216564342,-0.64444076107503,-0.1497381574407
-1.2838101580797,-0.671566166995236,-0.177844394612906
-1.4607782819871,-0.704113094359382,-0.198431389296715
-1.63412648406783,-0.741969094997707,-0.21098945293378
-1.8033166779931,-0.785002400568067,-0.215502312766649
-1.96760017316841,-0.83299649339172,-0.212459479644666
-2.12599556986237,-0.885568119885044,-0.202811974230974
-2.27732156155933,-0.942088696047806,-0.187860344300653
-2.4202857194226,-1.00163272903622,-0.169081939812346
-2.55361267835549,-1.06297254989997,-0.147925588550544
-2.67618053695737,-1.12462598624005,-0.125616536207802
-2.78713039230591,-1.18494722792497,-0.103014101230392
-2.88592327707418,-1.24223849707536,-0.0805473461238684
-2.97233642949025,-1.29485673375974,-0.0582278493848683
-3.046407729371,-1.34129533395626,-0.0357159812082784
-3.10834630532054,-1.38023115441104,-0.0124080254890475
-3.15842791200488,-1.41053597947628,0.0124811276993338
-3.19689015205839,-1.43125678520028,0.0398451064847243
-3.22384095605113,-1.441571773466,0.0706036453116766
-3.23919758268667,-1.44073277881361,0.10557119677633
-3.24268129893689,-1.42801214724797,0.145233606052393
-3.23389657595433,-1.40268233282566,0.189417108649139
-3.21250883794171,-1.36406105106363,0.236901498630013
-3.17848965221007,-1.31163939031754,0.285124070120401
-3.13233233989626,-1.24526487869263,0.3301862660434
-3.07510178795416,-1.16529180839001,0.367323053473333
-3.00823238267067,-1.07258739571541,0.391786851291874
-2.93313102951497,-0.968341349502778,0.399839612903327
-2.85077686471357,-0.853744633073441,0.389450593049433
-2.76151366827021,-0.729685529626544,0.360469722387149
-2.66510210696267,-0.596589045302872,0.314352029835873
-2.56095519540469,-0.45443139476999,0.253713867351784
-2.4484274779922,-0.302879913230523,0.182005742212479
-2.32707498724809,-0.141489210269545,0.103453081619179
-2.19689641365381,0.0300824095174512,0.0232413792658927
-2.0586538295899,0.211819898269087,-0.0522627622232833
-1.91440897140659,0.403003515696244,-0.115663943516493
-1.76832645908607,0.601694610244956,-0.159596057865234
-1.62749224934529,0.803991970792994,-0.178920141475394
-1.50199379432429,1.00296498614763,-0.173190483252724
-1.40314076539987,1.18712049385024,-0.147254393247404
-1.33898678847507,1.33874903883775,-0.108731919178044
-1.30763981185457,1.43427083252234,-0.0646436336403287
-1.29153281082545,1.45004618123303,-0.0206374845194444
-1.2582984421213,1.37366917953256,0.0178877977075606
-1.17115631401335,1.21374595228969,0.0463326559494208
-1.0036030053065,1.00027583388457,0.0631225016738179
-0.749338593963935,0.775336020757671,0.0699220602613169
-0.422631245491454,0.579157434456013,0.0690641370896312
-0.0496652597498392,0.436983789969041,0.0618218368410657
0.3440865646527,0.353307180352899,0.0490220952276024
0.742123048417738,0.317172800117369,0.0317052669610049
1.1367996548456,0.312860693431705,0.0109933789687366
1.52477469992825,0.327395510052362,-0.011891070503369
1.90316644690168,0.352550077306455,-0.0353070818120808
2.26790774843603,0.383825342239508,-0.056957001402436
2.61349347751533,0.418885544956785,-0.0738672322343461
2.93319823247488,0.45642121520806,-0.0825541996688574
3.2193290868277,0.49551054798933,-0.0793366230664685
3.46341175590947,0.535298665560379,-0.0607773625784565
3.65634537729013,0.574824046416666,-0.0242514537612686
3.78860287566228,0.612879824660565,0.0313614418221699
3.85056423834439,0.647848553890024,0.104895338833483
3.8330629111319,0.677498235731344,0.19215279770772
3.72818090835978,0.698780920650545,0.285433779357218
3.53023283329168,0.707704727368958,0.373612573420358
3.23677120117748,0.699342770257473,0.442986749764269
2.84936103577108,0.668069241738584,0.479077269772051
2.37380685832077,0.608144827804838,0.469361467038604
1.81962840699759,0.514576366102547,0.406337538790788
1.19905225698227,0.38386751711684,0.289909075397035
0.526230826291362,0.214370805790713,0.128518062902189
-0.182705996572445,0.00638353688448222,-0.0608677246193524
-0.908632443469299,-0.237617726883156,-0.25378445174806
-1.62773009110399,-0.512188906682016,-0.420580741907631
-2.30992818610418,-0.80728917396184,-0.530474882587802
-2.91908706492481,-1.10636486600202,-0.557769789778995
-3.41651022029212,-1.38609786721621,-0.489837758353402
-3.76770717446384,-1.61935549720127,-0.333824322170458
-3.94971339633934,-1.7804612035493,-0.116437222718712
-3.95489345111202,-1.84954532997122,0.123403514095732
-3.79255622470885,-1.81377964921747,0.341332760864965
-3.48953806829261,-1.66830604620032,0.495781510469711
-3.08280427998162,-1.41587121229805,0.563056872631616
-2.60985380925687,-1.06447195994075,0.545874842021575
-2.10397425001732,-0.635339702726329,0.467793364202959
-1.57803113507439,-0.181216582807718,0.361186968635219
-1.01312670104982,0.227288810223306,0.252004891210791
-0.404091454131381,0.55510090626763,0.154289144472978
0.211825868523561,0.807847101178566,0.0760365312393857
0.791238099147039,0.996896156314476,0.0205081658469472
1.30694452544638,1.12751771160644,-0.0136122501600464
1.74579760338585,1.20381589766002,-0.0326251190050044
2.10410164635887,1.23367843182911,-0.047213895931873
2.38463885774492,1.22791428455129,-0.0664010090872823
2.59391268221508,1.19571492211937,-0.0922953970124758
2.73973830278897,1.14298175272502,-0.12214785694356
2.8296552733007,1.07383990716249,-0.152937078318858
2.87013752692652,0.99193286668798,-0.182946909151413
2.86635533935686,0.900549467710032,-0.210748289118194
2.82234369823236,0.802397380877236,-0.234033926417074
2.74147856511436,0.699665393003631,-0.249465946906022
2.62704446030251,0.594389011867126,-0.25331134926399
2.48264848641973,0.488851073053795,-0.242251964362456
2.31236134763746,0.385835878504283,-0.21400179330087
2.12059702121688,0.288736104293884,-0.167677271774469
1.9117981396377,0.201618326701769,-0.10401039182197
1.69001031749075,0.129378349735951,-0.025479618377408
1.45850237769622,0.0780389187713452,0.0636841290573094
1.21989876382407,0.0547206753098229,0.15783521789897
0.977872262156446,0.0650476042682153,0.250924049367668
0.740436890944,0.10462690288017,0.338048664404482
0.519366517900537,0.152292887201265,0.416155269698769
0.322369154942559,0.184762601569077,0.48337605058925
0.149480648031968,0.195741020079171,0.538965871013388
-0.00294064093619173,0.191176582260896,0.583326958591184
-0.138686442862894,0.1777336005657,0.616475276370988
-0.260428645874378,0.159001795642485,0.636195491788213
-0.369488642933891,0.136251987873835,0.638080887369107
-0.466261594584054,0.109942293536562,0.617826545745502
-0.550949520184087,0.0806712755756616,0.57388599692069
-0.624042165622696,0.0494086983794288,0.508463417712789
-0.686340689766075,0.0173336688620483,0.426656964385257
-0.738756304203397,-0.0143638607138365,0.334906364867218
-0.782164785170951,-0.0445939892048587,0.239693549954327
-0.817434141828058,-0.0724541987057129,0.146632300714927
-0.845579223945043,-0.0973876305095379,0.0596713650674749
-0.867845240072328,-0.119347199382761,-0.0194703385060707
-0.885550428361851,-0.138736823520909,-0.0910433094791776
-0.899825654004689,-0.156128761607954,-0.156261646974117
-0.911495734909123,-0.172032571257693,-0.216416664492183
-0.921114789259459,-0.186826647035632,-0.27251766605744
-0.929046702302271,-0.20077447505987,-0.325257554968482
-0.935532492376736,-0.214057176696863,-0.375075104567542
-0.940735712179047,-0.226800272922087,-0.422222404485544
-0.94477136194589,-0.239092251236132,-0.466816816794945
-0.947724339261044,-0.250996948152611,-0.508877797700278
-0.949661522689525,-0.262561865080352,-0.548352723875316
-0.950639973079504,-0.273823914928345,-0.585135378355149
-0.950712737243331,-0.284813544336218,-0.61907966863336
-0.949933008815854,-0.295557943416028,-0.650010298624596
-0.948357357409913,-0.306083548838389,-0.677731465806169
-0.946048140512255,-0.316418299847779,-0.702034341478636
-0.943075372561172,-0.326593755324054,-0.72270379852027
-0.939518145226016,-0.336647250810796,-0.739524715543423
-0.935465667771325,-0.346624237619007,-0.752288079683951
-0.931017974109496,-0.356580934515349,-0.760797035588783
-0.926286336214597,-0.366587406173847,-0.764872961239897
-0.921393430827034,-0.376731139425478,-0.76436157995591
-0.916473329689895,-0.387121082327481,-0.759139025197768
-0.911671427188001,-0.397891876386305,-0.749117651060115
-0.907144486928823,-0.409207546347628,-0.734251210609166
-0.903061077810899,-0.421263063300532,-0.714538805195665
-0.899602753277381,-0.434280813445908,-0.690026741593954
-0.896966318519737,-0.448497093097426,-0.66080715380696
-0.895367239023936,-0.464131890236415,-0.627012050209059
-0.895043370917161,-0.481335284545589,-0.588801549520629
-0.896256525772909,-0.500109507165024,-0.546345867545492
-0.899287381418508,-0.520221067379978,-0.499802584501136
-0.904418801132228,-0.541140419499546,-0.449293944732198
-0.911906493101738,-0.56206066381874,-0.394892250001239
-0.921944279995074,-0.582024456900529,-0.336622264113761
-0.934637978846945,-0.600124558965687,-0.274486109033085
-0.94999900995519,-0.615685411044771,-0.208510117105245
-0.967957413367891,-0.628341905552588,-0.138808480289404
-0.988384793237634,-0.638002594039907,-0.0656562218032387
-1.01111780734999,-0.644749475264102,0.0104391469323966
-1.03597812385311,-0.648738127086679,0.088683571987443
-1.06278828080058,-0.650134045475456,0.167980720386438
-1.09138277310291,-0.649089170930238,0.246972283940465
-1.12161247252482,-0.645744988096917,0.324138537389623
-1.15334076426027,-0.640244815905155,0.397942899390568
-1.18643200785782,-0.632741827783951,0.466986154435828
-1.2207356538636,-0.623396176365203,0.530129993739809
-1.25607072517817,-0.612361411051332,0.586559078845137
-1.29221460025497,-0.599765237602056,0.635770798043278
-1.32889774360502,-0.585691553525059,0.677502604603715
-1.36580356923725,-0.570169682500296,0.711620616255429
-1.4025710757483,-0.553173794201236,0.737997708128739
-1.43879757093077,-0.534631927925037,0.756406551953165
-1.47403936523115,-0.514440951233902,0.766445983233806
-1.50780911951089,-0.492481884052082,0.767509908419237
-1.5395689465201,-0.468629582921332,0.758797927053046
-1.56871786468899,-0.442751656492717,0.739357013097608
-1.59457032070425,-0.414693018070761,0.708135373699272
-1.6163185339082,-0.384243454917546,0.664024245247922
-1.63296361389368,-0.351084154823279,0.605860906629237
-1.64318368321098,-0.314702287072154,0.532364417973043
-1.6450663957916,-0.274244108021479,0.441970930038801
-1.63551988691541,-0.22822920438401,0.332532871176815
-1.60882431958067,-0.173921450719806,0.200937815646213
-1.55265630227953,-0.105864761084244,0.0436793366438149
-1.43789730637831,-0.0136113025709261,-0.133909424874434
-1.20976866202865,0.111369128538362,-0.284403198246754
-0.833059355894097,0.242445344533602,-0.339716671031296
-0.335326200514961,0.328680840866839,-0.307399688900229
0.225507649410866,0.352325969780004,-0.214946751722029
0.842598957391746,0.346483070857972,-0.059758162914582
1.51202868626365,0.322265775451105,0.0255204742999907
2.17629213280565,0.263749691890495,-0.0223796175129987
2.81510938032036,0.250020916230785,0.0840846739294152
3.22517721216176,0.408389479460294,0.370011012232904
3.44282578734401,0.470400360985889,0.386450271029981
3.52510333549609,0.523390190638005,0.31769299828959
3.31281989824119,0.611664074768348,0.367544297135921
2.8342026458412,0.596622831470198,0.466176458287823
2.28771352177106,0.52935818431205,0.485746957784666
1.64468285647687,0.503653612799763,0.387902894068599
0.89714930829006,0.459341824636053,0.18966921975467
0.147828039168147,0.343739053840175,-0.0442238558020426
-0.560891450368855,0.164828332724123,-0.235129323072767
-1.25698690962346,-0.0380064863710479,-0.316049917990889
-1.93735659160804,-0.226291890137404,-0.311350124880499
-2.53324556498127,-0.407131383967351,-0.336885891768982
-3.01717060657375,-0.597459723549042,-0.42626018712708
-3.41843600598261,-0.792552117676359,-0.513883043385881
-3.75701322235345,-0.984667339619837,-0.518062343013292
-4.02340105425311,-1.15467781598739,-0.376309278345938
-4.19271319132373,-1.28270034779273,-0.119205511354773
-4.26360244275098,-1.38063490182104,0.127290245422504
-4.25607750765241,-1.46640728262487,0.290240624411888
-4.18139743316766,-1.53456250658027,0.389640114085166
-4.04438911150301,-1.57429923523833,0.461090439225508
-3.85242660411097,-1.582060219376,0.520385587404036
-3.61604012652818,-1.55939246514253,0.569460780146209
-3.3469163535232,-1.50976067747943,0.606101619220185
-3.05635601757791,-1.43756499915606,0.627978786546878
-2.75430453608477,-1.34789823109726,0.633485454319624
-2.44880783480131,-1.24609879162387,0.621922432556465
-2.14593143016974,-1.13711973171891,0.593789279860942
-1.85006222468438,-1.02505936138404,0.550983937422261
-1.56434620505614,-0.913022316944543,0.49663232069634
-1.29104758878375,-0.803220558754052,0.434557195847773
-1.03176221979734,-0.697149447015119,0.368612045108149
-0.787519627235132,-0.595745070888894,0.302118926350691
-0.558829980171036,-0.499507317234854,0.237543934031039
-0.345718625148407,-0.408601452777018,0.176425638582999
-0.147774531765247,-0.322946669365051,0.11949209592766
0.0357756232638217,-0.242291790717421,0.0668720027298727
0.205970698034032,-0.166276686679247,0.0183168197286502
0.364009788213095,-0.0944800159999572,-0.0266165364061438
0.511155126508523,-0.0264550117658275,-0.0684393651927125
0.648655085636851,0.0382445034728323,-0.107656239382565
0.777691342788444,0.100046397746618,-0.144727612348339
0.899348101501727,0.159349205504677,-0.180055860592998
1.01459827419981,0.216516211814259,-0.213983996138213
1.12430109984658,0.271873126216667,-0.246800081389762
1.22920658231451,0.325708046424754,-0.278743330687824
1.32996342350993,0.37827271414064,-0.310009794768285
1.42712830063849,0.429784372787658,-0.340756606452166
1.52117523658524,0.480427805629164,-0.371104311365796
1.6125044328213,0.530357345834042,-0.401137031295593
1.701450340049,0.579698817159768,-0.430900265053525
1.78828899805385,0.62855149895597,-0.460396110697367
1.87324484176585,0.676990330654839,-0.489575660638474
1.95649727241817,0.725068685186067,-0.51832832595736
2.03818734834188,0.772822150882354,-0.546467944744621
2.1184249683556,0.820273863988262,-0.573715795876924
2.19729687950301,0.867442000217411,-0.599681169364428
2.27487570550887,0.914350014061695,-0.623841047101408
2.35122993413987,0.961040039720005,-0.645521843076893
2.42643436198329,1.00758942167193,-0.663888108981644
2.5005798426745,1.0541294920904,-0.677945552895053
2.57378033847941,1.10086433488157,-0.686568283544024
2.64617435317222,1.14808533998138,-0.688561989741693
2.717917140934,1.1961751065916,-0.682774178378006
2.78916006840786,1.24559223989206,-0.668257178601145
2.86001520530204,1.29682875905158,-0.644476957486339
2.93050658810105,1.35033515634962,-0.611539494253702
3.0005153779593,1.40641750233799,-0.57038056145739
3.06973209982354,1.46512485734292,-0.522845107605823
3.13763227277021,1.52615892937321,-0.471586642894827
3.20348817204312,1.58884204434774,-0.41975875203692
3.26641817383757,1.65216621620947,-0.370543929841943
3.32546047208966,1.71491741602218,-0.326636107177918
3.37964809296918,1.77583944169056,-0.289819517942352
3.42806314441071,1.83378851949197,-0.260748804553625
3.46985917646045,1.88783941818141,-0.238955500903932
3.50425466475674,1.93732777685749,-0.223029118870715
3.53051121715882,1.9818366856146,-0.210880793229353
3.54791449317679,2.02114838597523,-0.200000275744736
3.55577501774038,2.05518280083671,-0.187650618484429
3.55346167298234,2.08393711083668,-0.17099384940519
3.54047230206469,2.10742933839789,-0.147194205065758
3.51653075193778,2.12563782157398,-0.113591183154731
3.48167542195857,2.13842183919219,-0.0680488202589125
3.43627670789872,2.14541276826855,-0.00952876335411934
3.3809133021213,2.14588704635409,0.0612311806234429
3.31608692226654,2.13867018447846,0.141275833424524
3.24186869873342,2.1221494935902,0.225656057280731
3.15767020914222,2.09444832518073,0.308460112507934
3.06229677448015,2.0537268137851,0.38423638713285
2.95426532129728,1.99848875502916,0.449068770046665
2.83221170099848,1.92776855169436,0.500846001276655
2.69520234445586,1.84114044640521,0.53884578970233
2.54286718555804,1.73857219479169,0.56306967240182
2.37538107452336,1.62020268542934,0.573674008993083
2.19337951276091,1.48615574726258,0.570616309780278
1.9978842127795,1.33650223606563,0.553524746934827
1.79023201720595,1.17143597309078,0.521840152462323
1.57184797675602,0.991626280279654,0.475398819398191
1.34348933540423,0.798495788357226,0.415736339089345
1.10344819396495,0.593690247508727,0.348316658121676
0.844809660832827,0.37629358834968,0.285000889458718
0.554750071930263,0.137137954420471,0.242903321057119
0.223569563960121,-0.142957994334797,0.230362593898091
-0.13535181931938,-0.473319985106024,0.218545416205191
-0.487983495512426,-0.823619135117575,0.144114034521026
-0.828071880521452,-1.1506217318094,-0.0211134218035628
-1.19372383625004,-1.45422792615184,-0.221075801706235
-1.58226366078494,-1.78008572605278,-0.304270663709179
-1.84323203223505,-2.08048244290453,-0.204311300712567
-2.03977378509139,-2.16914743273202,-0.179320996284555
-2.24000393813613,-2.09890166109354,-0.212307407400285
-2.32694286464772,-1.88435041326809,-0.180378653920583
-2.29896196209393,-1.49737268768244,-0.0962613744689542
-2.21550070155956,-0.952736404956823,0.0144229826864611
-2.18985449445499,-0.296673900513794,0.158422711227188
-2.34794334749835,0.316339493477823,0.293777095267369
-2.50067059593714,0.60481937190793,0.428075225615465
-2.28592401298107,0.613538259226308,0.674190507248613
-1.70086991931607,0.578620473367388,0.719772619726839
-0.947373127297413,0.700422073251442,0.482643720195831
-0.132807110498568,0.827007480958883,0.191434938227383
0.719494105646962,0.930382650553413,-0.111094425168346
1.53149776758274,1.06962183952136,-0.393214670774331
2.25476067338367,1.26041854775698,-0.566945950654487
2.83804937185576,1.52136011964063,-0.567372390102806
3.18108553868629,1.84976772631831,-0.385050958935905
3.23364729507257,2.11538307121381,-0.085182270286632
3.14637500947759,2.14556339283392,0.224888177859818
3.04674300652741,1.9630410617575,0.482964143771371
2.8991241036804,1.67312431794528,0.665153193413387
2.67281601183611,1.33196033708221,0.756455256475454
2.37850118981057,0.966111836021811,0.756057263241487
2.03978531063759,0.59507183713393,0.679296875402089
1.6804368610014,0.235380603707472,0.549916089723146
1.32173339878674,-0.100079088034606,0.391192163635517
0.980832441413971,-0.402778148798184,0.222178812911458
0.668988002386646,-0.668467195921071,0.0575537167825371
0.391062419221446,-0.896889223310617,-0.0927233749031957
0.146640081769862,-1.09118268992248,-0.223764342070671
-0.0679123302850504,-1.25649822796556,-0.334702106893593
-0.257380504646878,-1.39836569929177,-0.426814949237018
-0.426357069947906,-1.52166077989682,-0.502041928228346
-0.578692386037541,-1.63028914766917,-0.562246088175558
-0.717420570394506,-1.7272568941044,-0.608985602429991
-0.844867920741527,-1.81485192156459,-0.643516375678758
-0.962796681855579,-1.89481706887037,-0.666873005159947
-1.07253304248396,-1.96848413129909,-0.679963487619181
-1.17506936260614,-2.03687025063623,-0.683653564910004
-1.27114389088424,-2.100746046676,-0.678831698749568
-1.36130369525404,-2.16068478442851,-0.666450768302253
-1.44595551820977,-2.21709983824524,-0.647544801783497
-1.52540750467497,-2.27027548585771,-0.623221166262592
-1.5999031879741,-2.3203940557011,-0.594631328682824
-1.66964811416841,-2.36756076473662,-0.562926197073629
-1.73482911364341,-2.4118263176245,-0.529204290924074
-1.79562640438144,-2.45320658969644,-0.49446175273184
-1.85221921179024,-2.49169851600471,-0.459552136469912
-1.90478614708569,-2.52729156098955,-0.425161291349529
-1.95350196583112,-2.55997465784363,-0.391799296197415
-1.99853242580125,-2.58973904917365,-0.359808249445059
-2.04002877544613,-2.61657786372327,-0.329382482872707
-2.07812303924902,-2.64048344465382,-0.300596734617986
-2.11292483395268,-2.66144342266064,-0.273437858634192
-2.14452005947221,-2.67943636525521,-0.247836414898658
-2.17297150397717,-2.69442761705045,-0.223695567754025
-2.19832120701608,-2.70636573322023,-0.200915804036745
-2.22059431182569,-2.71517973835704,-0.179414870103304
-2.23980408990265,-2.72077732076357,-0.159142947134084
-2.25595780249643,-2.7230439914798,-0.140093437800554
-2.26906305637798,-2.72184317950541,-0.122309868408466
-2.27913430651978,-2.71701717786705,-0.105889374009411
-2.28619915698375,-2.70838878077996,-0.0909830767877251
-2.29030412645316,-2.69576334775669,-0.0777934226807668
-2.29151959811043,-2.67893089394024,-0.0665682229695173
-2.28994380512835,-2.6576676507853,-0.0575907614056305
-2.28570592931253,-2.63173640885528,-0.051164858450246
-2.27896874957693,-2.60088491462386,-0.0475932262152222
-2.26993175103497,-2.56484176342526,-0.0471467985805197
-2.25883612511656,-2.52330977095052,-0.0500220219061537
-2.24597350409424,-2.47595791839897,-0.0562824791546682
-2.2317002571356,-2.42241486426441,-0.0657809944083814
-2.21645822305408,-2.36226983369149,-0.0780591158424285
-2.20080014443766,-2.29509032228232,-0.0922236150250804
-2.1854129119358,-2.22046977653793,-0.106805899121152
-2.17112338647155,-2.13812042190384,-0.119621982255881
-2.15886048803121,-2.04802315803841,-0.12766972227252
-2.14953678210345,-1.95063250548417,-0.127126539825656
-2.14381174453872,-1.84710427718686,-0.113540370170275
-2.14172306664281,-1.73946647690902,-0.0823262140635947
-2.14224021982549,-1.63060465332502,-0.029665409290812
-2.14290886497938,-1.52392039011239,0.0461830840352257
-2.13986886878621,-1.42259975869545,0.14335470916003
-2.1285218281181,-1.32862363687058,0.255165952883115
-2.10485325985058,-1.24189799357546,0.37008052904215
-2.06690688203891,-1.15999425836624,0.473627155584277
-2.01555599225522,-1.07876525095866,0.55207548930367
-1.95402585547522,-0.993584593708019,0.596271414559992
-1.88647010787719,-0.900565595082772,0.603635927565342
-1.81646477029954,-0.797224517370664,0.57758181155159
-1.7460868514943,-0.682498602478334,0.525204496087144
-1.6757025233758,-0.556365891830153,0.454635357151705
-1.60423866452294,-0.419367639552542,0.372985720116696
-1.52964023001651,-0.272224799019243,0.285176159455518
-1.44927038859633,-0.115605478062972,0.193579683010388
-1.36008263949167,0.0500195657094106,0.0983119052925196
-1.25847285528075,0.224623299478019,-0.00190977948535802
-1.13986894131276,0.409320174077631,-0.108168401458631
-0.998511037445282,0.607986261907442,-0.218459118280773
-0.828804813118009,0.829902030918799,-0.322706420735362
-0.630969478660673,1.09127447265291,-0.396031540929801
-0.422400895364576,1.40765811781045,-0.397033999952688
-0.242563564519771,1.76691937523856,-0.29199129607121
-0.119464073059827,2.10649858844786,-0.11329667802178
-0.0213778659963788,2.36461391149504,0.0363963349025771
0.104919614913282,2.55138348203296,0.0961616428326961
0.267236672127747,2.7112970171036,0.100644444726988
0.438507244997428,2.85913744203155,0.113111105951052
0.59426959104851,2.97721479825242,0.164988307923283
0.724482446975196,3.04159354600628,0.24994475573681
0.827584732110811,3.03566400403749,0.340760854111231
0.907395111536838,2.94876787154252,0.401574578648532
0.977447979464118,2.7736309771143,0.40019330321667
1.05280963454066,2.51191714340823,0.35158839310635
1.06929320076904,2.16744795460771,0.357672075499572
0.915404053182195,1.6746370822741,0.364487037265315
0.775494268974696,1.01502815892834,0.122648116759353
0.716996331579264,0.324315556438631,-0.244373072688758
0.532046923067721,-0.43494647857969,-0.421471564641751
0.40947833101479,-1.36232831256092,-0.325997252945914
