0
0
5.55111512312578e-08
9.99200722162641e-08
8.88178419700125e-08
-9.99200722162641e-08
-5.55111512312578e-07
-1.46549439250521e-06
-2.94209101525666e-06
-5.09592368302947e-06
-8.11573031000989e-06
-1.20792265079217e-05
-1.70419234279962e-05
-2.30704344517108e-05
-3.0142555118573e-05
-3.82360809680904e-05
-4.72621941582929e-05
-5.70765656959793e-05
-6.75126621274558e-05
-7.84039499990286e-05
-8.94728735545414e-05
-0.000100508490419315
-0.000111266551527933
-0.000121480603354485
-0.000130917499063798
-0.000139421807432427
-0.000146815892776431
-0.000152988732793347
-0.00015789591856219
-0.000161515245622468
-0.000163880020664919
-0.000165079061531515
-0.000165234492754962
-0.000164479541098217
-0.000162969637784727
-0.000160860214037939
-0.000158273394390562
-0.000155309098914813
-0.000152033940992169
-0.000148436818392383
-0.000144528833345703
-0.000140210065779911
-0.000135425004543777
-0.000130051525104591
-0.000123978605159891
-0.000117106324637462
-0.000109368070155824
-0.000100663921642763
-9.09827768680316e-05
-8.02913291408913e-05
-6.86561918428197e-05
-5.61328761250479e-05
-4.28768132110235e-05
-2.90323320939478e-05
-1.48547840694846e-05
-5.77315972805081e-07
1.34892097491957e-05
2.70228284193763e-05
3.96904731303493e-05
5.11701792049735e-05
6.10955730451224e-05
6.91779966643935e-05
7.50621786949068e-05
7.83484388477973e-05
7.86370968341998e-05
7.55728812862344e-05
6.8933747598976e-05
5.89195359168571e-05
4.59188242984965e-05
3.0409008644483e-05
1.29007915461443e-05
-6.29496454962464e-06
-2.68118860446975e-05
-4.83058038014406e-05
-7.03992419914812e-05
-9.26592136352156e-05
-0.000114674936213532
-0.000135969013825843
-0.000156130663953036
-0.000174738001845753
-0.000191457960596608
-0.000206046291140183
-0.000218314255562291
-0.000228184138251208
-0.000235733654818659
-0.000241084929797353
-0.000244471110022459
-0.000246225262401367
-0.000246758169453187
-0.000246525022618016
-0.000245958808875457
-0.000245514719665607
-0.000245603537507577
-0.000246536124848262
-0.000248612241904311
-0.000251909604287448
-0.000256472620918657
-0.000262156962804738
-0.000268762789801258
-0.00027592372831009
-0.000283195689121385
-0.000290079071874061
-0.000296029867286052
-0.000300504066075291
-0.000303002067880698
-0.000303046476801683
-0.000300259817009874
-0.000294386737209607
-0.000285271806177434
-0.000272881717222617
-0.000257371901568604
-0.000238908892669087
-0.000217847961891948
-0.000194477767223589
-0.000169164682262135
-0.000142363898447684
-0.000115052412041905
-8.91287044169076e-05
-6.60138610442118e-05
-4.49751347275651e-05
-2.44027020812609e-05
-4.14113188185183e-06
1.47659662275146e-05
3.12638803734444e-05
4.48197035041176e-05
5.52780043960865e-05
6.27609075820601e-05
6.7523764357702e-05
6.99218460908924e-05
7.03659353007424e-05
6.92113033551323e-05
6.69020394639119e-05
6.37601083042227e-05
6.01185767834522e-05
5.62994095787417e-05
5.25024468345237e-05
4.89386309254769e-05
4.57522908448027e-05
4.30322444344711e-05
4.0867309536452e-05
3.93018950717305e-05
3.83137965798142e-05
3.79141162909491e-05
3.80917519748891e-05
3.87689880199105e-05
3.99014155050281e-05
4.14668299697496e-05
4.33764135721049e-05
4.55746551608627e-05
4.8017145815038e-05
5.06039654624146e-05
5.30686605770825e-05
5.49116307979602e-05
5.57665025269216e-05
5.54445378497803e-05
5.39124300757976e-05
5.11590769747272e-05
4.71511718558304e-05
4.18887147191072e-05
3.53828077948037e-05
2.76889622341514e-05
1.88848936488739e-05
9.12603326241879e-06
-1.3988810110277e-06
-1.24233956455555e-05
-2.36366481942696e-05
-3.47166739800286e-05
-4.53082016349526e-05
-5.5122573172639e-05
-6.39155395276703e-05
-7.15205672463526e-05
-7.78821451774547e-05
-8.29891710907305e-05
-8.67972360651947e-05
-8.93396467915863e-05
-9.06164032699053e-05
-9.07052211118753e-05
-8.96838159292201e-05
-8.77409256361261e-05
-8.44102565622507e-05
-7.71160912904634e-05
-5.65547608744055e-05
3.38618022510673e-06
0.000159716684322575
0.000485478324208088
0.000934974320188076
0.0011770362462471
0.000937594446526191
0.000461253257810768
8.77964367873574e-05
-0.00011403100685925
-0.000205713224232795
-0.000243405295918819
-0.000256128451781024
-0.000256628052142105
-0.000250521825506667
-0.000240718556199226
-0.000228972396598692
-0.000216437978650674
-0.000203703720558224
-0.000190947258005281
-0.000178013159768398
-0.000164690483472896
-0.000150801593434835
-0.000136357591884462
-0.000121602727887193
-0.000106969988422634
-9.29922805426031e-05
-8.01803068384288e-05
-6.90003609804535e-05
-5.97633054155722e-05
-5.26356735974787e-05
-4.76285677564192e-05
-4.45976588991925e-05
-4.33320046511199e-05
-4.35429470257986e-05
-4.48974191158413e-05
-4.71067629348454e-05
-4.9960036108132e-05
-5.33351141029925e-05
-5.70876679262255e-05
-6.11621864265999e-05
-6.54809539923917e-05
-7.01327884655711e-05
-7.52953255300781e-05
-8.12572231723152e-05
-8.84514683718862e-05
-9.73665592596262e-05
-0.000108435482815139
-0.000122168941629752
-0.000138977718222577
-0.000159339208494202
-0.000183697501654478
-0.000212385664610792
-0.000245170550527973
-0.000280242495875882
-0.000311839443156714
-0.00032568392427379
-0.000290401036551202
-0.000145716771982052
0.000201216820983063
0.000833355606744135
0.00168903779851348
0.00243376430120179
0.00265700794699342
0.00231740182599083
0.00174343872672011
0.00122807319868912
0.000858924043001252
0.000609756689584628
0.000435795843856113
0.000305400149613888
0.000200850447384937
0.000112942988295117
3.7070346792234e-05
-2.92321722383804e-05
-8.72413252750448e-05
-0.000137689859514012
-0.000181021864165132
-0.000217559303905546
-0.000247613041182149
-0.000271516142902328
-0.000289657187124703
-0.000302546876440601
-0.000310740322362335
-0.000314892556474433
-0.000315658610361425
-0.0003138045379103
-0.00030998537070559
-0.000304878344792314
-0.000299094082834017
-0.000293054469580056
-0.000287203594240282
-0.000281752399189372
-0.000276845213420529
-0.000272504241394245
-0.000268629563038303
-0.000265087951589749
-0.000261690669134396
-0.000258248977758058
-0.000254596344007041
-0.000250632847809129
-0.000246347386934076
-0.000241828779223852
-0.000237310171513627
-0.000233113528480544
-0.000229738450485684
-0.000227828866883328
-0.000228084218178992
-0.000231359376101636
-0.0002385758257617
-0.000250677256730114
-0.000268640665268549
-0.000293332025336213
-0.00032550628858985
-0.000365596442009064
-0.000413635792284595
-0.000468891592220189
-0.000529676302818416
-0.000592803583998602
-0.00065323302322895
-0.000703559432935208
-0.000733935134888952
-0.000732303107042753
-0.00068575145562022
-0.000582922599079438
-0.000417432755028813
-0.000191435756136116
8.23341395062016e-05
0.000381494835721696
0.000678246347973754
0.000945499234461522
0.00116242571124303
0.00131745725440169
0.00140827349781603
0.00143972611610366
0.00142098555144798
0.00136283206941812
0.00127592381105046
0.00116975318320556
0.00105218056489775
0.000929456511755689
0.000806377187245744
0.000686573020658443
0.000572708547252887
0.000466771066243155
0.000370270480942736
0.000284350321066995
0.000209920969496125
0.000147726275656623
9.83879644422814e-05
6.23501250629488e-05
3.99125177352744e-05
3.12083692222132e-05
3.62376795237651e-05
5.47895062652515e-05
8.65085780787922e-05
0.000130895294603306
0.000187327930945003
0.000254973819835413
0.000332900373933853
0.00041989745014348
0.000514521758532283
0.000614919226649135
0.00071883610175405
0.000823341395062016
0.00092486018843374
0.00101877395408678
0.00109946496351654
0.00116002762950984
0.00119229071060545
0.00118708376461996
0.00113489218023233
0.00102702291115975
0.000857647286522933
0.000626143581428096
0.000339772654456283
1.51545442861334e-05
-0.000322220028436959
-0.000641497965858662
-0.00091248120170917
-0.00111227693722071
-0.00122991616890999
-0.00126723076476765
-0.00123626664461085
-0.00115457643445893
-0.00104073416551387
-0.000911337671993806
-0.000779321052135629
-0.000653743725820277
-0.000540190114861616
-0.000441569003584164
-0.000358735263716881
-0.000291289214970902
-0.000238031816479634
-0.000197397653778353
-0.000167710290099876
-0.000147337697598005
-0.000134814381880233
-0.000128841382007749
-0.000128241861574452
-0.000131961108706946
-0.000139022127143562
-0.000148514534004107
-0.000159738888783068
-0.000172051262126161
-0.000185029769284029
-0.000198396854500515
-0.000212063699933651
-0.000225996998892697
-0.000240207853607899
-0.000254662957388518
-0.000269162470090123
-0.00028341773372631
-0.000296962454626737
-0.000309297032430322
-0.000319844151164261
-0.000328059801546488
-0.000333366667604196
-0.000335198535594827
-0.000332889271703607
-0.000325617310892312
-0.000312394554669027
-0.00029206637108814
-0.000263333799210841
-0.000224886775868072
-0.00017545964681176
-0.000113997700168511
-3.97015753605956e-05
4.7928327973068e-05
0.000149369405733069
0.000265287791734181
0.000397015753605956
0.000547040190923553
0.000719535542259564
0.000921229759143216
0.00116254783577574
0.00145979894838888
0.0018375301280571
0.00232888153206545
0.00296676017086384
0.00375238728977934
0.00459515758777229
0.00525813836915745
0.00540139044602483
0.00477464734416344
0.00342516015550132
0.0017055801215804
6.83675338564171e-05
-0.0011623702000918
-0.00188589144300977
-0.00217731388474363
-0.00218278728425503
-0.00203838057544203
-0.00183788539942498
-0.00163401514541306
-0.00145129464002025
-0.00129828370276641
-0.00117515996933548
-0.00107748254762896
-0.000997735227770136
-0.000926747567575603
-0.000855970849755749
-0.000780142617173851
-0.00069878547392932
-0.000615674178305881
-0.000536670707873554
-0.000467659244662855
-0.000413113987463021
-0.000375388609086258
-0.000354349882769611
-0.000347533113398413
-0.000350974804774751
-0.000360134144727908
-0.000371003228138989
-0.000380884213058152
-0.000389110965670625
-0.000397637478499746
-0.000411437550695837
-0.000438471481345459
-0.000488808993281964
-0.000572097924589343
-0.000693223256575948
-0.000847022452177271
-0.00101479935565862
-0.00116654463866439
-0.00127067245614398
-0.00130798705200164
-0.00128108634811497
-0.00121294085886348
-0.00113518083821873
-0.00107313047337243
-0.0010356049351401
-0.00101267882968159
-0.000978328529299688
-0.000890099105532727
-0.00068033356726005
-0.000249478215863519
0.00048606674241114
0.00141625600136308
0.00208345563024182
0.00204614103438416
0.00146175294091222
0.000826805290898847
0.000397393229434329
0.000161659574615669
4.0911718457437e-05
-2.00839345154691e-05
-4.99378316476395e-05
-6.35380636992977e-05
-6.9200201124886e-05
-7.114309141798e-05
-7.08211267408387e-05
-6.83897383169096e-05
-6.37934149949615e-05
-5.71875879984418e-05
-4.89164264649844e-05
-3.92241794600068e-05
-2.80553358322777e-05
-1.51545442861334e-05
-3.44169137633799e-07
1.6064927166326e-05
3.30513394430909e-05
4.89941420767082e-05
6.22168982999938e-05
7.14872605556138e-05
7.64943663966733e-05
7.76378961120372e-05
7.58837437331294e-05
7.21755988308814e-05
6.72351063712995e-05
6.12843109593086e-05
5.40234523782601e-05
4.49085213460876e-05
3.33510996597397e-05
1.91069382537989e-05
2.57571741713036e-06
-1.51101353651484e-05
-3.22408766351145e-05
-4.68514116391816e-05
-5.72542013799193e-05
-6.25166585166426e-05
-6.27276008913213e-05
-5.89195359168571e-05
-5.26689802882174e-05
-4.55524507003702e-05
-3.86135567964629e-05
-3.20299342604358e-05
-2.52020626589911e-05
-1.69753100465186e-05
-6.10622663543836e-06
8.30446822419617e-06
2.66453525910038e-05
4.87943019322756e-05
7.43960448801317e-05
0.00010325074129014
0.000135180755478359
0.000170230496365775
0.000208655315248052
0.000252009524359664
0.000304700709108374
0.000375999231749802
0.000482425210890369
0.000651934062290138
0.000931210664134596
0.00139440681223846
0.00214360751371601
0.0032782998538039
0.00480682160741708
0.00651938503182237
0.00794689869465515
0.00853698223224342
0.00795237209416655
0.00623845419767122
0.00378346243223859
0.00115961684699073
-0.0010868528299568
-0.0026233015759658
-0.0033991365278041
-0.00357253115979006
-0.00337639916025978
-0.00301655367351827
-0.0026310065237567
-0.0022892132633956
-0.00200762739765992
-0.0017716161870851
-0.00155894186448791
-0.00135670363832219
-0.00116553433571198
-0.000993882753874686
-0.00084989792981105
-0.000736766203601746
-0.000652167209125309
-0.000590161253199994
-0.000543831646382387
-0.00050709436649754
-0.000475708361591387
-0.000447708536910341
-0.000423261425908095
-0.000404076772042572
-0.000392863519493858
-0.000392319510211792
-0.000403987954200602
-0.000427158308724529
-0.000458044713269601
-0.000489730478392403
-0.000513311615435441
-0.000520261611569595
-0.000505351316348879
-0.000468980410062159
-0.000417865742008416
-0.000363731267327694
-0.000320732329583961
-0.000303079783492421
-0.000323141513547398
-0.0003897770994854
-0.000504540853540902
-0.000653099796465995
-0.000795041810164321
-0.000871447358719024
-0.000869071481446326
-0.000926692056424372
-0.00129835031614789
-0.00203458361269782
-0.00279235523592547
-0.00317958992468448
-0.00312884163022886
-0.00282565082443398
-0.00246885845101019
-0.0021627366564303
-0.00193014493277133
-0.00175621739373355
-0.00161949342825096
-0.00150437440282758
-0.00140263356485093
-0.00131091804078665
-0.00122838406113601
-0.0011554091017274
-0.00109284803428977
-0.00104151132163111
-0.00100166541727731
-0.000972477653959913
-0.000951827505701885
-0.000936528632422551
-0.000922806275838184
-0.000907252051263185
-0.00088742346804338
-0.00086236573437759
-0.000832678370699114
-0.000800182142768335
-0.000767430563541893
-0.000736977145976425
-0.00071098682496995
-0.000690814072612511
-0.000677069511567652
-0.000669608812842171
-0.000667865762693509
-0.000671007693853198
-0.000678290756894739
-0.000689026613542865
-0.000702737867896985
-0.000719035941898483
-0.000737521155258491
-0.000757927054451102
-0.00078035355954853
-0.000806221756022296
-0.000839417424458588
-0.000887445672503873
-0.000961830615153758
-0.00107721609410305
-0.00124993349004399
-0.00149702472640456
-0.0018375079235966
-0.00229484209413044
-0.00289854806823087
-0.00368063357569781
-0.00466006122579188
-0.00580576697828405
-0.00697069069133249
-0.00781629205803824
-0.00781730236099065
-0.00648866516073099
-0.00380701026259089
-0.000422728518856275
0.00268296496130915
0.00477435868617704
0.00564031044092417
0.00551333423359779
0.00483189044331311
0.00400040001125035
0.00325444116100471
0.00266421329442323
0.00221006546397007
0.00184913195866443
0.00154655177553309
0.00128126398379891
0.00104287689595139
0.000827260482338943
0.000633537666772099
0.000462307969684161
0.000314392956113352
0.000189959159513364
8.77631300966186e-05
4.94049245958195e-06
-6.24389429049188e-05
-0.000118549614569474
-0.000166877622831407
-0.000209654515970215
-0.000247768472405596
-0.000281097367604843
-0.000308875147680965
-0.000330058202990813
-0.000343480799358531
-0.000348066020450233
-0.000343014505688188
-0.000328070903776734
-0.000303690406155965
-0.000271171973764694
-0.000232702745961433
-0.000190736315630602
-0.000147171164144311
-0.000102584607475364
-5.55666623824891e-05
-2.93098878501041e-06
5.95412608106471e-05
0.00013603562720732
0.000230082619623317
0.000344202444324537
0.000480315787143581
0.000640265618301328
0.000826594348524168
0.00104355413199642
0.00129846133845035
0.00160366164791981
0.00197931671053198
0.00245590214831282
0.00307337488791859
0.00387078147312536
0.00485861351151584
0.00597428773119191
0.00704212244073688
0.0077765793804474
0.00785149723014911
0.00702016222930979
0.00525217647151521
0.00283550960489265
0.000335254046746059
-0.00166087144037874
-0.00284519074966738
-0.00327052829263152
-0.00319232418277693
-0.0028765434478828
-0.00250548470859258
-0.00217185158746247
-0.00190774063213439
-0.00171411773663976
-0.00157983626181135
-0.00149140699789996
-0.00143647316264151
-0.0014046430685255
-0.00138723477149938
-0.00137779787579007
-0.00137362343721747
-0.00137798661370425
-0.00140141231952384
-0.00145836676068711
-0.00155784274369353
-0.00169041447506402
-0.00182053261355009
-0.00189297466590688
-0.0018558932168844
-0.00168967062563752
-0.00141909817230612
-0.00109898756761595
-0.000787037102156773
-0.000523914245320611
-0.000327404769961959
-0.000197086791331458
-0.000122013510406305
-8.74966765707086e-05
-7.93143328792212e-05
-8.57869331127858e-05
-9.83990666725276e-05
-0.000111588516205074
-0.000122291066162461
-0.000129352084599077
-0.000133137945113049
-0.000135103039866635
-0.000137634348362781
-0.000143951517372898
-0.000158095758706622
-0.000185096382665506
-0.000230959695812771
-0.00030293545449922
-0.000409605682705205
-0.000561095614415308
-0.000769595498439912
-0.00105022657237441
-0.00142172940087448
-0.00190423232737658
-0.00250609533125612
-0.00318329806958673
-0.0037530756280546
-0.00380455666970647
-0.00286058954301893
-0.00112325704293426
-8.65973959207622e-07
-0.000620958839903096
-0.00216976436817617
-0.003212841104272
-0.00335627081682333
-0.00299451574647946
-0.00258703058975129
-0.00240718556199226
-0.00256025201039733
-0.00301729752294477
-0.00361800589487871
-0.0040923708866103
-0.00415433243361463
-0.00365165675475509
-0.00266729971443169
-0.00147254430871158
-0.000367250674315756
0.000454836168728434
0.000938560340557615
0.0011268430633038
0.00110452758050883
0.000957800505574369
0.000754596385377226
0.00054017901263137
0.000340572015034013
0.000168065561467756
2.647881913731e-05
-8.52096171399808e-05
-0.000170463643200947
-0.00023383517344655
-0.000280131473573419
-0.000314104298126949
-0.000340072414672932
-0.000361943808258047
-0.000383049147956172
-0.000406241706940591
-0.000433875158023511
-0.000467981209339996
-0.000510236297657229
-0.000561950486144269
-0.000623656681852935
-0.000694144741686387
-0.000768479724300164
-0.000834904367863487
-0.000871064331775528
-0.000842431679970446
-0.000708910707913901
-0.000447786252522064
-9.47852907273727e-05
0.000215416573468019
0.00025811019987998
-0.000165001345919791
-0.00102302055715597
-0.00207587835809875
-0.00336370375997319
-0.00497012986322432
-0.00593708970875184
-0.00524438270588234
-0.00322387117002165
-0.000844752046091912
0.00125263688310895
0.00286491941281497
0.00398311383875694
0.00459735027824593
0.00462520022281865
0.00396419563841732
0.00263877808492907
0.000908972896951354
-0.000791022802815178
-0.00200948147011104
-0.00239808173319034
-0.0018181123273564
-0.000431321645066873
0.00131660238267273
0.00284671175521112
0.00366530139572774
0.00352569085038112
0.00244971820606565
0.000665489885420811
-0.00145704559528781
-0.00345541373292235
-0.00479630779537388
-0.00499263963504859
-0.00392129662074581
-0.00194647631346356
0.000354094531473947
0.00248910891897935
0.00414797640679865
0.00516646725401415
0.00546472311846458
0.00498643348834094
0.00365686370074059
0.0014033219031262
-0.00171166969487047
-0.00523315279998826
-0.00809541322865925
-0.00903496166770879
-0.00795321031255014
-0.00595495874833318
-0.00348281958828522
-0.000771888108985763
0.0014715173524138
0.00279058998131632
0.00325253157740235
0.00315699133501823
0.00274519296183939
0.00210447770321309
0.00120181087304161
-4.30044888588554e-05
-0.00165453761802326
-0.0034285407846113
-0.00471955252656642
-0.00446309100787801
-0.00199458782823569
0.00144042555660917
0.00346447870391842
0.00410583234078388
0.00471370720234177
0.00534096655790961
0.00557569546089098
0.00538123989812789
0.0049781678779226
0.00458693083515982
0.00431096824904387
0.00413296064039059
0.00396606636421382
0.00370275476946347
0.00323329696350072
0.00245913289731448
0.00134398048245998
-2.47524223340179e-05
-0.00153597690122353
-0.00324915649940749
-0.00486839457636279
-0.00527934362892779
-0.00386848886257951
-0.00129411481530894
0.00128101418361837
0.00300598990143897
0.00364118735163288
0.00340968364653804
0.00268049471507936
0.00176884062952354
0.000897060203897126
0.000212835304935766
-0.000202970973361971
-0.000333566507748628
-0.000203331795844974
0.000155370161181168
0.000712208070297038
0.00142433842498235
0.00222704077401659
0.00304165026498993
0.00378461151306908
0.00436100600076372
0.00464328020477467
0.00445652958980247
0.00360830254564348
0.00199691374547228
-0.000207261985352147
-0.00242955655593846
-0.00396043753347897
-0.00472787364813598
-0.00515186782124033
-0.00492891283343511
-0.00367989527738644
-0.00185487181170174
-0.000136612943180126
0.00111170517236303
0.00185029214172516
0.00219184115302085
0.00227506902206187
0.00221795914967515
0.00212531658938531
0.00211839989994189
0.0023462010112496
0.00289567259059709
0.00352289863947419
0.00349331119586793
0.00224157359340893
0.000250371945398342
-0.00148667189669993
-0.00244955722372708
-0.00263683519463598
-0.00222837304164614
-0.00141938683029252
-0.000370731223497955
0.000830591151412818
0.00218527973494531
0.00371623842809754
0.00529731258858135
0.00647663034314405
0.00667051969216459
0.00584079451471098
0.00465079086353626
0.00371895292339275
0.0031736890893086
0.00284267609451661
0.00249926745965467
0.00194522176144574
0.00103519970373611
-0.000248540077407711
-0.00164252500489681
-0.00244761433343399
-0.00169980696185235
0.000757377494053912
0.00291268675844947
0.00246827558392226
0.000338590266935057
-0.00149276702110512
-0.00252792231592025
-0.00300234281880307
-0.00311544678943676
-0.00298683300314906
-0.00272808442502992
-0.00243978726111038
-0.0021797563753978
-0.00194176341672403
-0.00164985247685934
-0.00116159304397456
-0.000276867417881022
0.00122682974890154
0.00343207129382961
0.00580967496333074
0.00670599686891649
0.00445176118191171
-1.32671651442706e-05
-0.00393792221053957
-0.005844447148462
-0.00587532800189194
-0.00468821093058125
-0.0028534286045101
-0.000760591589710202
0.00130820909660656
0.00310164671724067
0.00437627711846744
0.00494139729134702
0.00473857064697825
0.00388192256117748
0.00261015098423911
0.00118134391158264
-0.0002115474462272
-0.00146035405990119
-0.00250898191112015
-0.00330259708469782
-0.0037403524721924
-0.00362770924411393
-0.00261579646831933
-0.000204508632251077
0.00382197051784772
0.0081072093482959
0.00937513955356906
0.00640273944974012
0.00209256501015886
-0.00093796637123944
-0.00230960250924284
-0.00258507659722795
-0.00232676100608842
-0.00189534499206445
-0.00148410173039792
-0.00117496568030617
-0.000981908998554104
-0.000886751783113482
-0.000869471161735191
-0.000922978360407001
-0.00103140274099189
-0.00111768927446576
-0.00107560627071734
-0.000990341142426132
-0.00118162701845392
-0.00181055170855871
-0.00268860489427425
-0.00335118599537054
-0.00334426930592713
-0.00262732058331494
-0.00153453361129152
-0.000486821694067885
0.00018471335572201
0.00032113756098795
-9.79771819231701e-06
-0.000534022825959823
-0.000932737220793456
-0.00108817954647122
-0.00114120934924244
-0.00122551413461736
-0.00129058985720576
-0.00124336652085333
-0.00108326125847213
-0.000877053984993381
-0.000690802970382265
-0.000562527802117074
-0.00050657811279109
-0.000512911935146576
-0.000530403498899545
-0.000453675985667701
-0.000148780987530017
0.000430500080028651
0.00106871178573442
0.001381311731663
0.00132091004800827
0.00129497523815303
0.00161696767086994
0.00221923035503835
0.00283288392743941
0.00319969051254532
0.00315306669662618
0.00262064259182182
0.00160961799444692
0.000204769534661864
-0.00141588962776495
-0.00297868396614831
-0.00417634815619294
-0.00478667105952013
-0.00472441530341428
-0.00393542975984928
-0.00241948683310511
-0.000452526904837214
0.00149408818650443
0.00305746539197571
0.00410070866152523
0.00462815896717927
0.0046584347490608
0.00414394629721926
0.00295992674814727
0.000975663994040588
-0.00178340675560662
-0.00491197083007933
-0.00747910067211421
-0.00833415558787465
-0.00713508696570386
-0.0047784054491018
-0.00207776573724061
0.0005802969216262
0.0026807445152599
0.00385708132100149
0.00410124156857705
0.00360680374456024
0.00258803534158858
0.00121764820448789
-0.000346300765841079
-0.0019096391135065
-0.00321421778082254
-0.00395494192950707
-0.00385054210738645
-0.00277389222702595
-0.000907840469466237
0.00121184728918422
0.00291858204271023
0.00377540221307981
0.00371994657299979
0.00292321167272291
0.00160388924363986
-3.96682686698568e-05
-0.00177380332644361
-0.0032167768448943
-0.00384259291053013
-0.00324704152454558
-0.00152384216356438
0.000605687722199377
0.0022029211788066
0.00280816481179613
0.00262898591785188
0.00211646256076392
0.00158451585186015
0.00114624976177424
0.000795485899374171
0.000482841544524604
0.000155853108196879
-0.000220112816862184
-0.000639499564414336
-0.00101620378778478
-0.00111690101611828
-0.00051208481899323
0.00124776300403084
0.00390616983203529
0.00584541859360854
0.00562223045896815
0.00398294175418812
0.00237956876425471
0.00131425426097564
0.000680944189923594
0.000308214564981313
6.92779167366098e-05
-0.000149880108324396
-0.000452343718038151
-0.000886524187393434
-0.00138568601038003
-0.00174645853334709
-0.00173269176784174
-0.0012744694188882
-0.000468719507651372
0.000630862029282753
0.00197000749047049
0.00334688943226524
0.00449096870802634
0.0051732007566585
0.00520877230236749
0.00442818559598379
0.00270379829636624
5.62938584636186e-05
-0.0031869396011075
-0.00627242702222475
-0.00817802492392161
-0.00826408941279055
-0.00672896183218086
-0.00408472700108575
-0.000935024280224184
0.00191310856045845
0.00387520571187849
0.00482985873517805
0.00493654006561428
0.00439585035039158
0.00334562932913229
0.00188201676465383
0.000139416256317304
-0.00163811741948905
-0.00309605119319656
-0.00387154752701235
-0.00375703357313739
-0.00280488410275836
-0.00127688970508189
0.000504757347030704
0.00225624519067935
0.0037235492467147
0.00462964666603227
0.00467406668924752
0.00366779939753314
0.00177031167503117
-0.000406763511762165
-0.00197625249498401
-0.0021191215449079
-0.00061569083165125
0.00158530966132275
0.00293598478862123
0.00297186719677711
0.00238330466473258
0.00177122205791136
0.00127551857964647
0.000836070102039344
0.000379907216796482
-0.000136751721058204
-0.000728417326456565
-0.00135727540317987
-0.00186138882085629
-0.00183889015126226
-0.000580957504325852
0.00256313303914624
0.00683680334567782
0.00926367871301181
0.00807104383326873
0.00517034748348522
0.002630839990303
0.000819705414656369
-0.000607780492600796
-0.00192354465688993
-0.00317217918599511
-0.004233563499767
-0.0048972492727728
-0.00493539098478379
-0.00428129198759564
-0.00320976023537867
-0.00202093342061005
-0.000632072172379594
0.00102240993449243
0.00268655653279382
0.00406252254059325
0.00501236274708106
0.00550711698465989
0.005512712508704
0.00492468288371128
0.00358398866140419
0.00138077882461118
-0.00158403845595956
-0.00485394502369729
-0.00759489138246749
-0.00885291284724588
-0.00811088973762253
-0.00558308399511986
-0.00185528814533598
0.00234989250280648
0.00615539841319901
0.00871671068658486
0.00943273237297149
0.00809495803721916
0.00501901853411368
0.00104609654272281
-0.00265930610865439
-0.00500879338005689
-0.00554815082765003
-0.00468110550322365
-0.00311962677912447
-0.0013619882999194
0.000266092703427034
0.00152075574355592
0.00226540453063251
0.00247123987939801
0.00217248441458651
0.00142221789900532
0.000288657986402541
-0.00108463238390755
-0.00235578778706724
-0.0028820168473942
-0.00193203786302831
0.000382888165617601
0.00233807417870935
0.0024177326807262
0.00132451272172318
0.000323374660382569
-0.000223787655073693
-0.000487426765616306
-0.000705213665241899
-0.00106001318833648
-0.00166041069782352
-0.00251155207742215
-0.0034831970641136
-0.00435487201855267
-0.00494183582944174
-0.00500053332075368
-0.00410299572095596
-0.00217785789402569
0.000208366657261649
0.00238747355219004
0.00399796862282642
0.00494226326530622
0.00519392306941313
0.00466612859462145
0.00319530513159805
0.000647715214796563
-0.00287025403444829
-0.006772971072877
-0.00987814829933598
-0.0106966602242409
-0.00839400216001707
-0.00369587693782591
0.00177367009968066
0.00672926159239751
0.0102903574550339
0.0117374998609421
0.0106213093875596
0.00708292868800697
0.00205629402394436
-0.00299504310241616
-0.00661705135129864
-0.00785310150241969
-0.0066512240159966
-0.00390209531353491
-0.000829392110546223
0.0017036594357478
0.00336838335002199
0.00417902379368229
0.00427959889748308
0.00382676113019897
0.0029456048711296
0.00172676872800537
0.000259459120854899
-0.00128745347716119
-0.00252552423418706
-0.00269880229275543
-0.000888689122291453
0.00259148813519516
0.00467332283982103
0.00301709213168522
-0.00022252200082562
-0.00249135712060422
-0.00336028982417247
-0.00329644089802628
-0.00274717470993835
-0.00203747574367696
-0.00146818668333992
-0.00130397359576762
-0.0016357526444466
-0.00229292140829784
-0.00294054225413731
-0.00318402526566786
-0.00265182320546842
-0.00137826416946041
9.49185174903278e-05
0.00118694498674188
0.00157597268568566
0.00113488107800208
-0.000182531767478622
-0.0023243795777006
-0.00500388619428804
-0.00752575224360896
-0.00865666982541313
-0.00676633193918974
-0.00103889674640811
0.00602408123384635
0.0097472363513873
0.00943960465349392
0.00732001681491568
0.00440008585123053
0.000923194853896803
-0.00255986343233872
-0.00517743070638232
-0.0061641580728633
-0.0052354676149946
-0.00279472556208304
0.0001599387289275
0.00256948906596222
0.00391247034770004
0.00428553859066483
0.00404015709776218
0.00346186412869542
0.0026829760635394
0.00172734049286305
0.000584837733796917
-0.000697797375437403
-0.00188501436682031
-0.00239430142379149
-0.00129450339336756
0.0019406032336633
0.00556831247777723
0.00606991124030287
0.00348278073047936
0.00108857367564497
0.000393396426545678
0.000878735972875688
0.00163187241497553
0.00202758365652755
0.00175173209271406
0.000721772641654184
-0.000871314131956069
-0.00256022980593684
-0.00398898136744208
-0.00507905384417029
-0.00511691244931001
-0.00335572125642614
-0.0004929223695882
0.00220065077272125
0.00402570199398156
0.00488603046910896
0.00489703277928299
0.00411197187411005
0.00245739539828094
-0.000148780987530017
-0.00353447826562103
-0.00702080615866407
-0.00948817135970614
-0.0099783958873445
-0.00844692094048582
-0.00571527269954686
-0.00265703015145391
0.000211264339355921
0.00260400589979781
0.00437376246331667
0.00550702261570279
0.00606628636212747
0.00608500472232265
0.00552555778909891
0.00438488134690829
0.00293943203111269
0.0019631685166388
0.00240737429990645
0.00405221967092473
0.00498163177375943
0.00436010672011378
0.00345888873098943
0.00316471848726962
0.00332645022638189
0.00353864160196338
0.00352118334490115
0.00311708991951321
0.0022643942276801
0.00104908859377417
-0.000252176057813358
-0.00132517885553796
-0.00209715578236569
-0.00254534726629174
-0.00231504815317862
-0.00124735222151173
0.000239580577598986
0.00161959334832318
0.00263146171519679
0.0032552072148917
0.00356953355762357
0.00365670826951714
0.00356727980488358
0.0033168023882979
0.0028959168396625
0.00228822516490368
0.00149596446341604
0.000568850522242315
-0.000378935771649935
-0.00118400289572662
-0.00168670077904665
-0.00179330439387115
-0.00150635059981141
-0.000913713549266504
-0.000153921320134032
0.000628957996795521
0.00132578392708638
0.00188047910576472
0.00228271290758641
0.00254806731270207
0.00270012345815474
0.00276174638713655
0.00275492406665023
0.00270407030100728
0.00263745136841465
0.00258409404985116
0.00256659138386794
0.00259381960354688
0.00265826249901124
0.0027407298652804
0.00281961676229514
0.00287841417367929
0.00290738544350688
0.00290102386557578
0.00285269030619872
0.00274666400734702
0.00254962717605167
0.00221198614980267
0.00168965952340727
0.000981620340567702
0.000159067203853169
-0.000637173647177747
-0.00123512866601061
-0.00149385503966926
-0.00136360367442023
-0.000907240949032939
-0.000263966626334877
0.000416983114703839
0.00102102770682677
0.00147089007640488
0.00171020975159308
0.00169615432810133
0.00140833456008238
0.000873495720199458
0.000204225525379798
-0.000373528985520011
-0.000576200198665333
-0.000249117393380516
0.000472183403488202
0.00128375643448919
0.00197480365393687
0.00246290210448308
0.00267146860188916
0.00247584730495021
0.00174760761417758
0.00046743720005793
-0.00113620224340139
-0.0025272617332206
-0.00293126634076657
-0.0016201984198716
0.00113639098131557
0.00308300607265721
0.00231932251182343
0.000416783274559407
-0.000449351666986786
0.000121735954650148
0.00176775816207453
0.0039917458227734
0.00603845307090012
0.00707305325420293
0.00666114940983675
0.00489005502757323
0.00216054396595666
-0.000941918765207106
-0.00369417274548312
-0.00537158095781365
-0.00544455036610714
-0.00373895914229649
-0.00059615645753297
0.00301082492271121
0.00558241786130509
0.0059807436780801
0.00491682250469694
0.00447170078743397
0.0054499904589278
0.00610884676177648
0.00459835503008321
0.00181151205147501
-0.000421562784680418
-0.00155757073905249
-0.00190584770187741
-0.00180958026341216
-0.00143902667559814
-0.000875532979449645
-0.000199112948351399
0.000494704277542724
0.00112047593425757
0.00162698188255206
0.00200022221008567
0.00225127139152903
0.00240139574891884
0.00247062370561935
0.0024710455903687
0.00240704123299906
0.00228478902464246
0.00212633799456796
0.0019745705071017
0.00187822535302473
0.00186552440162302
0.00193216553867614
0.00205499506300555
0.0022106982910941
0.00237868613695014
0.00253154164298053
0.0026295188249037
0.00262806443274144
0.00249631426640917
0.0022405577393414
0.00192340032789673
0.00166445746074828
0.0016081969089754
0.00186216597697353
0.00243556286250168
0.00321640492018105
0.00399739685796874
0.00451483295194066
0.00444505543484297
0.00339975825269789
0.001146238659544
-0.00195394256330417
-0.00491766072308053
-0.00671189215317725
-0.00671808164653953
-0.0048032744448534
-0.00126265664590619
0.0032376601399875
0.00765831287274921
0.0104497133168735
0.00954047951751136
0.00337261885086093
-0.00621551143886734
-0.0130340849224808
-0.0127911070624265
-0.00711855019375207
0.000274835709745958
0.00674510447495891
0.0108617781435782
0.0119544707466446
0.0100486008403067
0.00588720738825543
0.000713162862098216
-0.00406216726922537
-0.0071775585475109
-0.00791654519716189
-0.00648054387930586
-0.0038780645361669
-0.00124674714996331
0.000740707495339166
0.00194904647976557
0.00250345300045751
0.00268212119181044
0.00282655010508392
0.00293648438898231
0.00260109711547329
0.00158681956463624
0.0003644529122937
-0.000199529281985633
0.000424349444472227
0.00212694306611638
0.00426499946470926
0.00580007153416773
0.00564506219546956
0.00347382123067064
0.000186906046195645
-0.00257708299145065
-0.00317242898617565
-0.00142875711262036
0.000320510284979036
0.000937327993000281
0.00135902400444365
0.00164384061918099
0.00120933263403344
-0.000127198251931304
-0.0018994361639102
-0.00330854232899469
-0.00374023034765969
-0.00299030800121614
-0.00118580700814164
0.0012331580201419
0.00344811956765056
0.0045733639097989
0.00437828662214201
0.00340956152200533
0.00230487851027306
0.00136586297827535
0.000660527188500737
0.00020978774273317
4.68070027181966e-05
0.000185640391947572
0.000578070924461827
0.00110638165295995
0.00161743951565541
0.00197241112331881
0.0020818680113166
0.00191352489409269
0.00147769574354584
0.000805622235588999
-6.06070749142873e-05
-0.0010505596392818
-0.00202285965755777
-0.00273756572966022
-0.00291153767761898
-0.00237739827824157
-0.0012374545832472
0.000151700874084781
0.00137747591111292
0.00218096651849464
0.00253178589204595
0.00256779042473454
0.00247690756793872
0.00239305242288879
0.00235322872299548
0.00232601715666192
0.002272459997954
0.00218289830655749
0.00207289740927763
0.00196268556962309
0.00186582971295479
0.00179048997850373
0.00174350534010159
0.00172895031624876
0.00174028569333018
0.0017519319328585
0.00171888059341541
0.00158756341406274
0.00131646915590977
0.000898814356276034
0.000379096753988506
-0.000143851597300682
-0.000536082289670503
-0.000672684130620382
-0.000494015939267456
-3.85802501057242e-05
0.000576338976543411
0.0012104983682093
0.00174937841990186
0.00212717621295155
0.00233157937401529
0.00239607222951577
0.00238106201422283
0.00234947616917225
0.00234666730491995
0.00239270825375115
0.00248812082048744
0.00262534438633111
0.00279316569873345
0.0029597657658087
0.00303348457464381
0.0028328561718638
0.00213267181692345
0.000829947222058536
-0.00084865448002347
-0.00232307506564666
-0.00297287749972952
-0.00257089904920349
-0.00143265399543679
-0.000139099842755286
0.000891064999564151
0.00157163171365937
0.00202228234158497
0.00237491137866641
0.00266959787609267
0.00285914625308692
0.00287246892938242
0.00267486033322939
0.00229088970016278
0.00178859149713162
0.00124298349390983
0.000702715663436493
0.000181543668986706
-0.000308852943220472
-0.000678701539413851
-0.000657873755471883
0.000193756122257582
0.00199774641274075
0.0035826452915444
0.003187683450534
0.00140050193664365
0.000369682062739685
0.000791022802815178
0.00201098027119428
0.00321783710788281
0.00386707332822311
0.00363650221046896
0.00236093367078638
0.000105049302590032
-0.00264613886358234
-0.00483256767935814
-0.00504293273806411
-0.00257817101001478
0.00123387966510791
0.00400446342752048
0.00484254858434952
0.00431270574807741
0.00308959524630836
0.0015936252317772
0.00013514744878762
-0.000935307387095463
-0.00114719345134517
-2.47468712188947e-05
0.00237694308680148
0.00462402338641255
0.00449001946734029
0.0019223622693687
-0.000719169168661438
-0.00173542291648232
-0.00104461994610006
0.000671263045148862
0.00263308264081275
0.00416749967868668
0.00470150585130114
0.00379434261787992
0.00143852707523706
-0.00147565293318053
-0.0033955838141253
-0.00325142135437773
-0.00112213571767938
0.00173995262642279
0.00386498610893682
0.0047010173531703
0.00450068871060694
0.00370810049332704
0.00264868127430873
0.00151160195471789
0.000417177403733149
-0.000531252819513384
-0.00122547527681149
-0.00155255808209631
-0.00141440192891196
-0.000770061792110255
0.000305699909830537
0.00157520663179866
0.00265782951203164
0.00318206572202939
0.00302547986663626
0.002416866706767
0.00175996994755678
0.00136868294475789
0.00134641187088391
0.00161424207334449
0.00199456007266008
0.00229829488773703
0.002396127740667
0.00225326424185823
0.0019185208977035
0.00148538958910649
0.00105742081757398
0.000722233384209403
0.000513089570830516
0.00038175018701736
0.000245781173191517
9.47575351517571e-05
4.0911718457437e-05
0.000212641015906456
0.000534772226501445
0.00067417182947338
0.000383393317093805
-0.00017750245717707
-0.000644617692557858
-0.000803535016302703
-0.000656097398632483
-0.000311872749847453
0.000105315756115942
0.000494160268260657
0.000775490782700672
0.000876776429237225
0.000725741688967219
0.000278110867668602
-0.000415434353584487
-0.00113664633261124
-0.00150310874857951
-0.00117469367566514
-0.000297706304053236
0.000325262039524432
0.000106881170580664
-0.000507283104411727
-0.000798971999671494
-0.00061123328620738
-0.000179334325167702
0.000251165754860949
0.000537669908595717
0.000602184968556685
0.000405109279455473
-3.43503003819023e-05
-0.000615152373484307
-0.00117037490809935
-0.00152379220352827
-0.00155810919721944
-0.00126075816453408
-0.00071812555901829
-6.10844708148761e-05
0.0005925149260122
0.00115771836561862
0.00156640256321339
0.00174874559277782
0.00164623870091418
0.00126062493777113
0.00069958483450705
0.000151656465163796
-0.000223288054712611
-0.000385469434149854
-0.000378774789311365
-0.000227984298106776
8.25117751901416e-05
0.000570321567749943
0.00126413324252894
0.00219565476911043
0.00324716920019341
0.00393853838431824
0.00346421780150763
0.00120550236459849
-0.00259502419552859
-0.00667260691145088
-0.00934580191014334
-0.00957541823609631
-0.00749170725455883
-0.00396328525553713
-0.00066490146721776
0.000597411009550797
0.000229238850124602
0.000895228335906495
0.00292936785939446
0.00356866758366436
0.00172967196121476
-0.000572675240562148
-0.00150167656087774
-0.000875921557508264
0.000620559159614231
0.00220712337295481
0.0032994718068835
0.00359603458122137
0.00306132896810141
0.00189477322720677
0.000618705087163107
3.96460642093643e-05
0.000556066304113756
0.00153379531298015
0.00214637196904732
0.00222586393761048
0.001964439722002
0.00158288937512907
0.00123309140676042
0.000980593384269923
0.00084284801360468
0.000830091551051737
0.000955735490748566
0.0012227885370919
0.00160436108842532
0.00203248529118127
0.00239916975175447
0.00256180632263181
0.00234815500377294
0.00157859281202377
0.000149391610193561
-0.00180442327746277
-0.00377585740451991
-0.00500660624069837
-0.00490952833942515
-0.00346705997245067
-0.00124581456262263
0.000966215996101027
0.0025880408927037
0.00344710926469816
0.00370528052684449
0.0036634917321976
0.00360382834685424
0.00371772612695054
0.00408872935508953
0.00468298733125039
0.00532168753508699
0.00567697000519729
0.0054142246241895
0.00446942483023349
0.00308335579290997
0.0013883671989845
-0.000905420183272554
-0.00408820755026795
-0.00756693596670743
-0.0096505470281727
-0.00867759197831219
-0.00480767647914604
-0.000505384623039618
0.00180849779596315
0.00199723571014943
0.00126020305302177
0.000521915843876286
6.83564316261709e-05
-0.00019746426715983
-0.000468691752075756
-0.000853117576582463
-0.00131512578604998
-0.00171080927202638
-0.00184456894203322
-0.00148185907988818
-0.000323152615777644
0.00166434643844582
0.00309252623509337
0.00195824467752459
-0.000559108315201229
-0.00189772642045227
-0.00172608594084522
-0.00112005960062334
-0.00102576835914192
-0.00168041136561214
-0.00247672993225478
-0.0021591839427515
-4.26547686060985e-05
0.00221018758850278
0.00256002996579241
0.00167503788617296
0.000666178223696079
-0.000125421895091904
-0.000594713167600958
-0.000779498687819569
-0.00085899065638273
-0.00103483888125311
-0.00137494460261678
-0.00171724856556921
-0.00165837343857334
-0.000572075720128851
0.00223537854893152
0.00622814022577245
0.00645944409072285
-0.000620548057383985
-0.00704138969354062
-0.00767904628773408
-0.00493405316603912
-0.00178297376862702
0.000458555415860928
0.00158212332124208
0.00176545444929843
0.0011919909503888
-2.55462317966249e-05
-0.00169064762189919
-0.00326271232253816
-0.00386117804396235
-0.00301982883144092
-0.00154277701724936
-0.000589106541326601
-0.0003521627434111
-0.000475097738927843
-0.000623845419767122
-0.000649158504728575
-0.000588795678879706
-0.000557376367282814
-0.000626265705960805
-0.000763011875903885
-0.00084838802649756
-0.000761468665899656
-0.000488353801841868
-0.000192124094411383
-0.000222621920897836
-0.00107601705323646
-0.0031749380902113
-0.0061302629639215
-0.0079273476671915
-0.0067289951388716
-0.00400353084017979
-0.00163946634046397
-8.6985973979381e-05
0.000450295356557717
5.95412608106471e-05
-0.000944544442660344
-0.00172296621414603
-0.000470845584743529
0.00458842963624306
0.00953914724988181
0.00485863571597633
-0.00319975157481167
-0.00575263170432549
-0.00460168569915709
-0.00269551048148742
-0.00117279519429303
-0.000221089813123854
0.000248978615502438
0.000394384525037594
0.000386679577246696
0.000325028892689261
0.000148026035873272
-0.000281419332281985
-0.000893463081297341
-0.00138767886070923
-0.00170387037812247
-0.00182777126767064
-0.00145966572162592
-0.000772448771613199
-0.000423061585763662
-0.000860445048544989
-0.00194082527826822
-0.00282316392485882
-0.00207326378287576
0.0012932876991556
0.00495163909874918
0.00399335009504398
-0.000450606219004612
-0.0037286618237431
-0.00469910776956795
-0.0042678416356523
-0.00338451489056979
-0.00248358000831672
-0.00143554057530082
0.000190902849084296
0.00249230636129028
0.00427593516150182
0.00291567880950083
-0.00271038747001739
-0.00829311064265426
-0.00702030655830299
0.000669642119532909
0.00812732103838698
0.0114463882816551
0.0111927467294493
0.00933033650341031
0.00726632087832968
0.0056698423733792
0.00453325155191919
0.00289610557757669
-0.000735989047484509
-0.00603537220200678
-0.00960368451430327
-0.00955380219380686
-0.00763371588163864
-0.00558965096431052
-0.00368870489708684
-0.00174299463751026
7.98472399310413e-05
0.0012882472866238
0.00149212864286596
0.00078722584007096
-0.000147848400189332
-0.000428701518728758
0.000348698847574269
0.00179862791327423
0.00311568548738705
0.00358031382319268
0.0027442825789592
0.000477673456344974
-0.0026945223829955
-0.0052188808830067
-0.00543440847877719
-0.00324071880442034
-3.49387185849537e-05
0.00263724597715509
0.00389031029612852
0.00349591466886068
0.00163613567139009
-0.00122707399796695
-0.00434510205593597
-0.00669452271395699
-0.00725781656996105
-0.00566691138459419
-0.00265311106417698
0.0003915534563248
0.00224604779219817
0.00241394682021223
0.00134410260699269
-5.38236122338276e-05
-0.00114379616888982
-0.00179888326456989
-0.00215113482582296
-0.00231558106023044
-0.00232209806938499
-0.00207595052259535
-0.00137923006349183
-0.000498101559998076
-0.000619737594576009
-0.00209789963179219
-0.0020544788092991
-0.000195465865715505
-0.0013822720745793
-0.000743605177433437
0.00176901826520748
0.00137053701720902
-0.000856748005872987
-0.00129785071578681
-0.00107230890833421
-0.00183864035108172
-0.00205294670152512
0.000528110888353694
0.00654096776742108
0.0133772215527017
0.0156810120444106
0.00877361516771202
-0.00908917385800123
-0.029442837057303
-0.0361493501799259
-0.0205745975812022
0.00328874705246562
0.0161363922224211
0.0147215684087598
0.00702377045413982
-0.000804711852708806
-0.00636183328239781
-0.00876152483897386
-0.00811165579150952
-0.00560922419623466
-0.00274957834278666
-0.000227473595515448
0.00208205674923079
0.00407197608964793
0.00502371477750785
0.0045526249436989
0.00328961302642483
0.00248554510307031
0.00292029733728327
0.00408688638486865
0.00491697793592039
0.00465768534851918
0.00308971737084107
0.00147384326965039
0.0017474688362995
0.00338272743150014
0.00496496177504469
0.00525526289152367
0.00215107931467173
-0.00514391862438401
-0.0128794197529203
-0.0120134568959429
0.00318656212527912
0.0149297130214165
0.0116825882301441
0.00363552521420729
-0.00198018268449118
-0.00310703685002522
-0.000585864690094695
0.00267529332020899
0.00261904942178148
-0.00084989792981105
-0.00361464191911409
-0.00377818887287162
-0.00261926036415616
-0.00183406623222027
-0.0020978774273317
-0.00295056201693455
-0.00326469962175224
-0.00228753682662841
-0.000521149789989295
0.00116434639707563
0.00235680364113477
0.00268525202073988
0.00124688037672627
-0.0028060442858191
-0.00821903656245127
-0.0107714059893738
-0.0076378126045995
-0.0015429546529333
0.00625779428276019
0.0153319579254685
0.0170584324443723
0.0085950913053523
-0.000495925522869811
-0.00606077410481021
-0.00664220900503665
-0.00244027020812609
0.00256206167392747
0.00490657514617965
0.0041945336093363
0.00171038738727702
-0.00125446319998446
-0.00409424716352191
-0.00630178131899584
-0.00621005469270131
-0.00281307199756498
-0.000201305638825033
-0.00148793199983288
-0.00338233885344152
-0.00369906327790659
-0.00242503794822824
-5.53779244683028e-05
0.00214024353795139
0.0020073831485945
-0.000496380714309907
-0.000568900482278423
0.00435202984760963
0.00761111174085727
0.00250230947074215
-0.00489077667253923
-0.00736634087061816
-0.00417162970833829
-0.000118105525359624
0.0019684476271209
0.000840960634462817
-0.00249246179251372
-0.00554994938894993
-0.00711681824583366
-0.00744675432429176
-0.00688966661499535
-0.00552412560139715
-0.00353459483903862
-0.00148853152026618
-0.000491884311060176
-0.00141539002740387
-0.00331127347763527
-0.00401205735300891
-0.0024911850360354
0.000411259915011897
0.00275576228503382
0.00250666154499868
-0.00124869004025641
-0.0068985372969621
-0.00996309701406517
-0.00753506146367044
-0.00117051923709255
0.00565751889780586
0.00913554787373982
0.00632072172379594
-0.00372135655624106
-0.016671275471225
-0.0211471840039223
-0.00842239611387186
0.00787436782445639
0.0125236376824489
0.00821720469446063
0.000984989867447439
-0.0032229219293356
-0.00226068053166273
0.00172356573457932
0.00386124465734383
0.00056120663671777
-0.00542009770398977
-0.00833700886104793
-0.00712830905413853
-0.00482325290818153
-0.00431612523499325
-0.00602516925241048
-0.00744546646558319
-0.0059772631288979
-0.00214710471624358
0.0014880319199051
0.00334664518319983
0.00354619666964595
0.00277763367861894
0.00160742530397329
0.00049086290587752
-0.000163058455626697
-0.000123978605159891
0.000529376542601767
0.0014600209929938
0.0021433410601901
0.00172034608780791
-0.000869548877346915
-0.00534706723342993
-0.0087338358767397
-0.00804962763112371
-0.00388190590783211
0.000609290395914286
0.00295999891264387
0.00292336155283124
0.00159989799186633
-0.000158284496620809
-0.00211650696968491
-0.00352797790981185
-0.00237594388607931
0.00242905695557738
0.00710644876278366
0.00654092335850009
0.00226495489030754
-0.00131863409080779
-0.00274639200270599
-0.00263881139161981
-0.00165865099432949
-4.28768132110235e-05
0.00214211981486301
0.00442345049478376
0.00515266718181806
0.00330282468041787
-0.000176414438612937
-0.00510713693557818
-0.0039374503657541
0.00111749498543645
0.00353697071631132
0.00159999791193854
-0.00201246797004728
-0.00159889879114417
0.000736166683168449
-0.00165815139396841
-0.00226426655203227
-0.001050703968275
8.13016320933002e-05
0.000821964718511481
0.00125517374272022
0.00143377532069167
0.00129154464900694
0.00050380810634465
-0.00210689243829165
-0.00662432331210994
-0.00809599054463206
-0.00445684600336449
0.000790068011014
0.00459134952279783
0.00593159965589507
0.00463810101436479
0.000829480928388193
-0.003871847287229
-0.00490318896595454
-0.000757605089773961
0.000800159938307843
-0.000754440954153779
-0.00179147807699565
-0.00182815984572926
-0.00107850395281162
9.74997860225812e-05
0.000607158767707006
-0.000762190310865662
-0.00277204925680508
-0.00259682275682849
0.000697530921911493
0.00592367266349925
0.0106946895783722
0.0113967613124544
0.00428512780814572
-0.00994125892717079
-0.0224978147222998
-0.0228969176951921
-0.0106584741033089
0.00578094239145344
0.0178613457357812
0.0186186177586478
0.00169058100851771
-0.0268808975079082
-0.0389230980779587
-0.0191960780604461
-0.000715205672463526
0.0126953003665164
0.021685886419931
0.0191235249857868
0.00719989623476636
-0.00554621903958719
-0.0158055235566223
-0.0184842474659774
-0.00616160455990666
0.0149385614989228
0.0175574776939413
0.00632910390763186
-0.00153411727765729
-0.00625377527541104
-0.00695432600394952
-0.0076083583877562
-0.00705824287905443
0.00130691013566775
0.0157710511317077
0.0242346587242537
0.00761413154748425
-0.022971347046763
-0.0235995001318656
-0.0075985884251395
0.00496175323050352
0.0118165810469861
0.011331868776665
-0.000694422297442543
-0.00677446987396024
-0.00228334018359533
0.00542971223538302
0.0100127794944171
0.00565053559498097
-0.00712815362291508
-0.0170155445289311
-0.0181683890154716
-0.00515176790116811
0.02023005096774
0.0240393815964524
0.00691127155505455
-0.00643120001697639
-0.0120434773265288
-0.00946746014918176
0.00108040243418372
0.0115113474308259
0.00941324795888931
0.00182054371578033
0.00652946585688596
-0.00360772522967068
-0.0139996791936881
-0.00563582513990468
0.00180327974774741
0.00114946940854566
-0.000556099610804495
0.00249023024423423
-0.000625433038692336
-0.00261688448688346
0.00434611235888838
0.0111382791878611
0.0104377395615529
-0.000182109882729264
-0.016153745008296
-0.0240029773834749
-0.016670775870864
0.00865633120739062
0.0308499670254037
0.0270305444693975
0.0104497188679886
-0.00605506755846363
-0.0118727250253414
-0.00565415492204124
-0.000270994338080754
-0.00280583334344442
-0.00256037413493004
0.0253091436697161
0.0346235040638021
-0.00480998574303726
-0.0188340010254251
-0.0175401138058362
-0.0126544663636707
-0.00438433733762622
0.00982960379758424
0.0169060543342425
0.00840004732438615
0.00473397987477142
0.00359959839713042
-0.00387447851579736
-0.0154053658718567
-0.0185634507765542
-0.0141846423495906
-0.00927957710672445
0.0132492572468834
0.0273535305517214
0.017077217417949
-0.000244326781029258
-0.016050272222401
-0.0254338661243025
-0.020574364434367
0.00119546594845588
0.0251537901618804
0.0200606753431032
0.00138594691279081
-0.00558050272658761
-0.0137804656574758
-0.0053718585135698
0.0041379788484619
0.00399290600583413
-0.00426254587182484
-0.012976519858654
-0.00953038759021752
0.0088468454784163
0.0220919282867271
0.0214685824673211
0.00281150658310025
-0.0258453924928403
-0.0382274212284983
-0.0181330062076768
0.00518234344326629
0.0145819800678737
0.0162635904743524
0.00946042133520564
-0.00284580137233093
-0.0139883327143764
-0.0148469236904702
-0.00349010820244189
0.00446955805699645
0.00928922494480844
0.00777917730232502
-0.00393671761855785
-0.0115460863092665
-0.0157854951332581
-0.0172612923954318
-0.0109761755240356
-0.00373776565254502
0.00176932912765437
0.00506350517071041
0.00629162277832052
0.00379534181860208
-0.00724007520602754
-0.0149953272021719
-0.00867100835577617
0.00351993989511357
0.0100477293152323
0.00468447503010339
-0.00862729887529667
-0.0207516115402484
-0.024148649746536
0.000114375175996884
0.0280926615303656
0.0261778265731039
0.00571763747458931
-0.0114420584118591
-0.01741043975656
-0.0121062271318806
-0.00138772326963021
0.0070408567864888
0.00837326874503219
0.000764288632382204
-0.00746046557864588
0.000675293154728251
0.00860231885724261
0.00592516036235224
0.00304145597596062
-0.00444149161893392
-0.0136825994978551
-0.0152506562933752
-0.00644102549074432
0.00452143877893718
0.0144851575178961
0.0167271529960544
0.00612847550485185
-0.0136078592838373
-0.0249657960971206
-0.00897001362076821
0.0119812493259985
0.0154823598386145
0.0116989418152968
-0.00390468768429741
-0.0167046931842663
-0.00841706704335365
0.000579192249716698
-0.00209704476006323
-0.00309403613840686
-0.00229091190462327
-0.00191893168022261
-0.000884570194870093
0.00672020217251657
0.0215502393707823
0.00996024374089188
-0.0140480627131012
-0.0243708497826844
-0.024521140673528
-0.0105314978959825
0.0315407922002464
0.0307567638024864
-0.0056181614915829
-0.00301370040034499
0.00768157759623023
0.0116797682636616
0.00868412008969699
0.000802169441982414
-0.00874395000849404
-0.00628795904233925
0.0115951581669549
0.0227440954958524
0.0120153331728545
0.00289465118541443
-0.0161421875866097
-0.0187353799141476
0.00374844599804192
0.0205213734894016
0.0151613943621953
-0.00360430574275483
-0.0152152512811199
-0.0105849773390787
0.0100927044499599
0.023142898708528
0.0111524456336554
-0.0163897784233313
-0.0276161093992755
-0.0104990016680517
0.0113250964162148
0.0320083182181463
0.023026891504685
-0.00279903877853371
-0.0189252613580493
-0.0167947433737936
-0.00348779893855067
0.0143115186368448
0.0278060574565586
0.0227292851207039
0.0016171730621295
-0.00621739326689408
-0.0126917365506074
-0.0176908043769686
-0.0112674647390065
-0.00647666364983479
-0.00094672047978861
0.0130079835791719
0.0223138840738102
-0.00101656461026778
-0.0123728027823233
-0.00915651998667499
-0.00381499276613795
-0.000692124135781569
0.00129561916750731
0.00694129198564042
0.0104356856489574
-0.00167783564819501
-0.00782833797785543
-0.00682218725955863
-0.00121357368598751
0.00696969149061033
0.0063581584441863
0.00248715492645601
-7.14761583253676e-05
-0.0041901149216983
-0.0109504516565551
-0.0115948362022777
0.0147252543492016
0.0387262333312322
0.0156009427598747
-0.00611344308509842
-0.0250539256008153
-0.0357039176002161
-0.0158831170438134
0.0113878240171061
0.00719549975158884
0.0110600195668553
0.0163037583433834
0.0191367810487009
0.0197948324398567
0.0174375180961306
0.00990005855072695
0.0008783307414717
-0.00371032093937629
-0.0034677150040352
-0.00144471101748422
0.000109923181668137
0.00056532556413913
-0.000211075601441735
-0.0018506862708989
-0.00291501267568606
-0.00239117614597717
-0.000673483491198112
0.00161481938931729
0.00347708528636304
0.00438004077452092
0.00445248282687771
0.00396805921454302
0.00310699244110424
0.00198819849472898
0.000794175836205113
-0.00012063683385577
-0.000362221364014204
4.9293902293357e-06
0.000365119046108475
0.000349831275059387
0.000173583369900143
0.000324340554413993
0.000953226386712913
0.00139497302598102
0.00139436240331747
0.00141370248840644
0.00151924028912731
0.00143384193407314
0.001058864107506
0.000375466324697982
-0.000516997555877197
-0.00107501785251429
-0.00022358781492926
0.000597788485379169
-0.005528988378245
-0.0116396559057819
-0.00743644035239299
0.00184643411671459
0.0141948897081079
0.0169529723592632
-0.000928157550816877
-0.00757086615621461
-0.00336791705635164
0.00209929851280322
0.00484033924053051
0.00383072462639689
0.000206623607112988
-0.0033159142098782
-0.007273504021299
-0.00388123977401733
0.00576816372444
0.0125769727965519
0.0121884169423936
0.00149302792351591
-0.0190206739247856
-0.0354407059255379
-0.0285761636575899
0.00255833132456473
0.0344619888181796
0.0329656524300503
0.0070994987666495
-0.0159961377477202
-0.0231365149261364
-0.014347190102626
0.000822297785418868
0.0116420761919755
0.0150724877023833
0.0125008892126743
0.00491469087648966
-0.00245423681377588
-0.00110706999123522
-0.00135431665881924
-0.000367972319281762
0.000988731319040426
-0.000468491911931324
0.000298872038229092
0.0161313296054288
0.0169487868184603
-0.00224722462860427
-0.004016975641008
-0.000118127729820117
0.00287101453722016
0.00516051645860216
0.00796649413103978
0.00876202443933494
0.00228889129871845
-0.00441774394843719
-0.00456635840251352
-0.00125472965351037
0.00197093452669606
0.00368135522066382
0.00405914191148327
0.00582458525855145
0.00288133961134918
-0.00296530577870158
0.00144607659180451
0.00368501895664508
-0.00319523296710145
-0.0102678088254038
-0.00609748918023456
0.000577471404028529
0.00900992613850349
0.012921608227856
0.00944236910882523
0.00176808567786679
-0.00702421454334967
-0.0123962284881429
-0.00955560075510675
-0.00145042866606104
0.00653223031221728
0.0124698806835966
0.0142588274520961
0.00802272692723704
-0.00866087201956134
-0.0190189863857881
-0.0191884730327274
-0.0171251124392313
-0.000891198226327106
0.0110885634008184
0.0124285692848503
0.0119106946527836
0.0070017547315615
-0.00358124641053337
-0.00116977538766605
0.0052034931918854
0.00782335307647486
0.00412327949561586
-0.00333540972619062
-0.0039436898191525
-0.00411385370213679
-0.000243383091458327
0.0132195809854352
0.0132391653195896
0.0030545344031907
-0.00395561361443697
-0.00971938085569946
-0.00421338519629444
0.00651583231814357
0.0114383391647266
0.00720024040390399
-0.00295699020824713
-0.00611777295489446
0.000411093381558203
0.00760860263682162
0.0138794753468119
0.00587261350659674
-0.0129571575691045
-0.0183387305341398
-0.0106913700115285
0.00139647182706426
0.0138239864000411
0.0169160130347734
0.0134688704633845
0.0064153349299545
-0.00301477731667887
-0.0144013800884579
-0.023433965878894
-0.0148797085763874
0.0068661076824128
0.0236877739645536
0.0242249997839394
0.0103965724917998
-0.0235873320875157
-0.0176861858491861
0.00259063881458133
0.0132512889550185
0.0103913544435841
0.00321971338479443
0.00146562761926816
0.000660715926414923
0.000125899290992493
-0.006807776564699
-0.0121382903728318
0.00532422994581339
0.0162236002410054
0.00212740935978672
-0.00127859944853981
-0.00313784553895857
-0.00497228924700721
-0.000291611179648044
0.0140573330753568
0.0123692833753353
-0.00227000640506958
-0.00740711936231264
-0.00855828741208597
-0.00368043373555338
0.0353846063561036
0.0199630978414689
-0.00790574272713229
-0.000545696821063757
0.00948126022137785
0.0104952935231495
0.001880762212636
-0.000840350011799273
0.00753932472008501
0.0150340406790406
0.00908406683208796
-0.00493645124777231
-0.00366382479910499
0.00828588309076395
0.00811934963707017
0.00606699135374811
-0.000768740626710951
-0.0081121553918706
-0.00667383925900822
0.0128171251390086
0.0158260737848082
-0.000808975109123367
-0.00950584055914305
-0.0162602598052786
0.00332396332680673
0.0168612457329687
-0.00683606504736645
-0.00716642301057391
-0.000243338682537342
0.00288817858518087
0.00424775770113683
0.00827402590886095
0.00433659774756734
0.00641637853959764
0.000423594492815482
-0.0175184755590863
-0.0227904362049003
-0.0147561518559769
0.00608624262099511
0.0213198125820213
0.0195987004403264
0.00387365695075914
-0.0218372431248781
-0.0381826126272244
-0.0214312345647727
0.0270217181963517
0.0511073183773192
0.0140686351457475
-0.0271563660447782
-0.0422865298332908
-0.0151476831078412
0.0159577018266077
0.0217612816655333
0.00572439873280928
-0.0116888720924635
-0.0107302611240812
0.00162700963812767
0.0163247859674698
0.0107838182827891
-0.0132843513966918
-0.0197397653778353
-0.00267503796891333
0.00258824073284813
0.0123058896406292
0.00443394210236647
-0.00638753494541788
-0.00633781915837517
-0.0044892534134533
-0.00109805498027526
0.00567224045511239
0.0124369181619954
0.0202682759464778
0.0160920610170479
-0.0244005038396722
-0.0145646161797686
0.0236172192913386
0.0368780339599084
0.0138598910126575
-0.0124336763107635
-0.0207972972177117
-0.00190696347601715
0.00777489184144997
0.000318522985764957
-0.0171462399833899
-0.0140851996732749
0.0168637104280833
0.0322164295241123
0.0146006096102269
-0.0319805293358399
-0.026788282703194
-0.00562621060851143
0.00679991618568465
0.00948450207260976
-0.000688582524333015
-0.0106362696428164
0.0102575281601958
0.0160964130913044
-0.0121975984868072
-0.034320346564698
-0.0388304277620932
0.0186998194706689
-0.00634230445939465
-0.0136258115901455
0.00595172799933152
0.0178867587408149
0.0203509875618124
0.00751008144561638
-0.009064682338078
-0.00380626641316439
0.0136868738564999
0.0238458364165695
0.00951123624304273
-0.00583932902031847
-0.0179712911219099
-0.00333164607013714
0.00923219278803344
-0.00683275658275306
-0.0259821719694742
-0.019719781363392
0.0012812861882594
0.0160365720702771
0.0154241730498939
0.00188702387049489
-0.0171421543626593
-0.0230443442106321
0.00101891828307998
0.0203798311559922
0.0182725834463326
-0.009966560909902
-0.0203087990868767
-0.00731599225645141
-0.0160906621360368
-0.0154667612051185
-0.0118683063377034
-0.00896178686815574
-0.00711557479604608
-0.00457238691353723
-0.0012685408279367
-0.0022779556019259
-0.00592004223420872
-0.00698876512217339
-0.00658604282222086
-0.00609039485510721
-0.00557314194793435
-0.00482303086357661
-0.00477526906905723
-0.00723510140687722
-0.0110617515147737
-0.00974698100009164
-0.00460436133664643
-0.000575295366900264
0.00190027993340891
0.00116158194174432
-0.00651045883870438
-0.0231531682715058
-0.0283606693685101
-0.029978086679705
-0.0145153444819357
0.00182349690902583
0.00556956702979505
0.00643893827145803
0.00175561787330025
-0.0102958530590058
-0.0117629461726665
-0.00785658205160189
-0.00472479833035777
-0.00320141690934861
-0.0028229196757934
-0.00319719806185503
-0.00405717681672968
-0.00517090814611265
-0.0063229199653847
-0.00763360485933617
-0.00958808588080728
-0.0119950938071156
-0.0140403244586196
-0.0140429889938787
-0.00823237034097701
0.00274638090047574
-0.00436231051281766
-0.0124216192887161
-0.0164795510571025
-0.026826696419846
-0.0341067174502996
-0.0220816032125981
0.000616684481258289
0.0105448760834292
0.00846263059628427
-0.00226945129355727
-0.0166222813291483
-0.0244348319355936
-0.0178081993595924
-0.00517434983748899
0.000744559969234615
0.000866173799352055
-0.000939825994805688
-0.00336621841512397
-0.00602522476356171
-0.00773889841099162
-0.00757585105759517
-0.00727211624251822
-0.00785285170223915
-0.00909718966823903
-0.0110807807374158
-0.0104770636610851
-0.00388629128877938
-0.00689963641775648
-0.00846349657024348
-0.00337683214723938
0.00262392330085959
0.00685453915849621
0.00730286942030034
0.00124975585436005
-0.010819700690945
-0.0189006588158236
-0.0149413370564844
-0.00824695867152059
-0.00539075450944893
-0.00533308952554989
-0.00714182046834821
-0.0110160547350802
-0.0145256473516042
-0.0132633459770659
-0.00653170850739571
0.00279611889197895
0.0125308652343392
0.0206319628048846
0.0229021912545591
0.0131396227232017
-0.0092521768024767
-0.021591839427515
-0.0214314344049171
-0.00666755539668884
0.00525144372431896
0.0076347150823608
0.00554962742427278
0.00180342407674061
-0.00150148782296355
-0.000774069697229152
-6.63469279515994e-05
-0.00170725655834758
-0.00132758248838627
-0.000588773474419213
-0.000722710780109992
-0.00217077467112858
-0.00515727460737025
-0.00672373268173487
0.00401616517820003
0.00528557198009594
-0.00585107517991901
-0.00347839534953209
0.000913136233293699
0.00346758177727224
0.00480562256655048
0.0054328763710032
0.00381410458771825
0.000769939667577546
-0.000332578409256712
-0.00159372515184941
-0.00317736947863523
-0.000845945535843384
-0.000519184695235708
-0.00959430312974519
-0.0127776234037924
-0.00206534789271018
-0.0118570708806942
-0.0155272461555001
-0.0116028964214365
-0.00779576403431292
-0.00551390044734035
-0.00420452561655793
-0.00347057937943873
-0.00336812799872632
-0.00379463127586632
-0.00404560829281309
-0.00371216390959717
-0.00306175085285076
-0.00243647324538188
-0.00208026929016114
-0.00234006147792343
-0.00361868313092373
-0.00573809888493315
-0.00748665573979679
-0.00707485181550283
-0.00411957135071361
-0.00070841110755282
0.00140145672844483
0.00176443304411578
0.000641753317154325
-0.00159470214811108
-0.00409228206876833
-0.00367752495122886
-0.00649482689851766
-0.0100854880002998
-0.0119880105842185
-0.0137940325828367
-0.0131678001835667
-0.00905804320439074
-0.00442210712492397
-0.00172128977737884
-0.000720423720679264
-0.000471156447190424
-0.000397615274039254
-0.000303801428458428
-0.00022832846724441
-0.000411803924293963
-0.00127777788350159
-0.00317383896941692
-0.00573316949470382
-0.0076006534399653
-0.00771391839293756
-0.0069606098662689
-0.00730879801125184
-0.00959672341593887
-0.0126563426405824
-0.0124069865492515
-0.00676101397090179
-0.00657447429830427
-0.00641673381096552
-0.0041809222750544
-0.00265536481691697
-0.00191431315244017
-0.00157822643842565
-0.00142745815168155
-0.00137592159887845
-0.00141129330444301
-0.00155730983664171
-0.00184472437325667
-0.00228093099963189
-0.00281763501419618
-0.00333160166121615
-0.00364788199647137
-0.00362407881482341
-0.00327406990408008
-0.00284672285744136
-0.00273627787095165
-0.0031981972625772
-0.0041299630382241
-0.00520987697427699
-0.00620035134346608
-0.0070207173408221
-0.00760258522802815
-0.0078521189550429
-0.00792668153337672
-0.0084746876183317
-0.00891087204024643
-0.00697322199982864
-0.0032358116186515
-0.000428257429518908
0.000181143988697841
-0.000505417929730356
-0.000988964465875597
-0.000310884651355536
0.0017166712495964
0.00434277058758425
0.00643254338683619
0.00749067474714593
0.0076790018788131
0.00731400495723733
0.00664521770943338
0.00584300385852998
0.00501749752856995
0.00422943902123052
0.0035011771259974
0.00283401080380941
0.00222721840970053
0.00169088076873436
0.00124661392320036
0.000911615227749962
0.000669886368598327
0.00047090109589476
0.000296362934193439
0.000214805950804475
0.000310984571427753
0.000585675952180509
0.00094689811547255
0.00125602861444918
0.00141755496230189
0.00149805723381746
0.00167819091956289
0.00203926875386173
0.00250178766592057
0.00294086976992958
0.00327812221811996
0.00349208439942572
0.0035967118172664
0.00362400109921168
0.00361471963472582
0.0036052827390165
0.0035864866632096
0.00341330297359832
0.00271423994391284
0.00103365094261676
-0.00154246615480247
-0.00382111009500363
-0.00433402203015021
-0.00303937985890457
-0.00125575105869302
-7.12208070297038e-05
0.000299749114418546
6.42375042048116e-05
-0.000441258141137268
-0.000628608276542764
7.62057084102707e-05
0.00144627643194895
0.00262730948108469
0.00313801207241227
0.00310079739662683
0.00286136669913617
0.0026595725621803
0.00256304977241939
0.00254877230432271
0.00257829313454749
0.00262577737331071
0.00267887934057853
0.00273309153087098
0.00278707057432825
0.00284045009735223
0.0028931301798707
0.0029453883776398
0.00299825719807245
0.00305081515605821
0.00308986169983427
0.0030889069080331
0.00304172242948653
0.00298140401255864
0.0029621416430814
0.00301854097273235
0.00311835002264615
0.00317496029467179
0.00313963299802822
0.0030498048531058
0.00297029068008214
0.00292953439284815
0.00291401347496389
0.00289355206462005
0.00284814394291288
0.00278416179000374
0.00273041589338163
0.00271602740298249
0.00274955613832617
0.00281680234692772
0.00289409607390212
0.00296206392746967
0.00301151326098648
0.00304248848337352
0.00306157321716682
0.00307912584318615
0.00310729220132089
0.00315742987311296
0.00323647775246627
0.00334426930592713
0.00347423201318975
0.00361805030379969
0.00377030628939679
0.00392846866148489
0.00408851841271485
0.00424174029234337
0.00437547775788971
0.00447707426687316
0.004537525910564
0.00455333548643466
0.00452633486247578
0.00446235270956663
0.00436981562046412
0.00425814938864733
0.00413690193212801
0.00401494393287294
0.00389982490744956
0.00379712927767173
0.00370971031671274
0.00363741259334915
0.00357710527865152
0.00352362583555532
0.00347087913965538
0.00341344730259152
0.0033498315232805
0.00328780336289469
0.00324552607011697
0.00323854276729207
0.00325716120741504
0.00326891846924582
0.00325621751784411
0.00323838733606863
0.00325206528373201
0.00332799343638612
0.00348371331782005
0.00372341046883662
0.00404054567582079
0.00442627046126631
0.00488111773222499
0.00542268452363714
0.00608587624739698
0.0069191319340689
0.00796580579276451
0.0091690766090835
0.0101188168954991
0.00984899939382444
0.00736525285205403
0.00278809197951091
-0.00241114905819018
-0.00642157438335289
-0.00816072764919795
-0.00767266250534249
-0.00580591130727726
-0.00356340512652764
-0.00159215973738469
-4.439781875476e-05
0.00119904086659517
0.00213886686140086
0.00258039145606404
0.00259550159142918
0.00257434074057983
0.00269458899637698
0.0028627655801472
0.0029744096075035
0.00301156877213771
0.00300617308823803
0.00297942781557481
0.00287742052407225
0.00250287568448471
0.0015034196110264
-0.000433431068813661
-0.00312441184036061
-0.0056378457458095
-0.00697638613544882
-0.00712760961363301
-0.00675369760116951
-0.00587283555120166
-0.00370586894504754
0.000302691205433803
0.00590837379021991
0.0122380883205153
0.017925627648907
0.0212381778830206
0.0210169437409036
0.0177678316504171
0.013338641302596
0.0094565466568497
0.00678800349263042
0.00518655118852962
0.00428453938994267
0.0037883363113167
0.00352043949547465
0.00338382655229452
0.00332617267062574
0.0033180014291645
0.0033416713840495
0.00338608030503451
0.00344426709375512
0.00351192408487577
0.00358580942716458
0.00366257024708716
0.00373795439045921
0.00380692144474892
0.00386418674835909
0.00390479870659988
0.00392582633068628
0.00392955668004902
0.0039235281690253
0.00391207066741117
0.00389411836110298
0.00386674026131573
0.00382701648149464
0.00377242681537382
0.00370093955481821
0.00361098928536308
0.00350143247729306
0.00337128103211626
0.00321924709112409
0.00304315461718829
0.00283968404346524
0.00260557131426253
0.00234348096483927
0.00208111305965986
0.00192657001463203
0.00221266338584769
0.00377271547336022
0.00792987897568764
0.0143457912216149
0.0175528036550077
0.0135595090711149
0.00750568496243886
0.00382845977142665
0.00233508767877311
0.00191403559668402
0.00192804661125479
0.0020944690426461
0.00230101493414736
0.00251323406530446
0.00272543099200107
0.00293647328675206
0.00314054338090841
0.00332592842156032
0.00347827322499938
0.00358576501824359
0.00364315244638647
0.00365274477331923
0.00362173624424145
0.00355824258946313
0.00346946915641411
0.00336468630734998
0.0032563840512978
0.00315047987697881
0.00304074543322486
0.00291503488014655
0.00276169087598532
0.00257309729079225
0.00234918751118585
0.00210579331749727
0.00189920301707502
0.00188569160286534
0.00240336639478755
0.00391475740713076
0.0064570793156804
0.00886271056543819
0.00955756584986034
0.00858453308438811
0.00715377757032343
0.00596062088575877
0.00501388930373992
0.00415399936670724
0.00337316841125812
0.00280592216128639
0.00251441090171056
0.00240785169580704
0.00235091945910426
0.00225989227331524
0.00212353468143078
0.00199095184783005
0.00193861593444922
0.00201817451639386
0.00221689333557151
0.00246633824474429
0.00268922661916804
0.00284124945792996
0.00291983104361293
0.00294697599656502
0.00294662072519714
0.00293044477572835
0.00289377410922498
0.00281897838405598
0.00268327582375605
0.00246989095842309
0.00217942330849041
0.00183534298869859
0.00147626355584407
0.00113682396829518
0.000831723578897936
0.000556876766921732
0.000303335134788085
7.07767178198537e-05
-0.000118693943562675
-0.000202771133217539
-8.57203197313083e-05
0.000288269408343922
0.000839595060142528
0.00136413103035693
0.00168119962395963
0.00176334502555164
0.00172268865838987
0.00170864433712836
0.00182658332903429
0.0021082247059212
0.00250965914716517
0.00292031954174377
0.0031937341660182
0.00321758175658715
0.00300315328161105
0.00271622724312692
0.00258683074960686
0.00274926748033977
0.0031524227672719
0.0036159408800529
0.00396545019043515
0.00412602174648669
0.00412445633202196
0.00403902467027706
0.00394766441758065
0.0038814729208525
0.00376865205709009
0.00344003714403129
0.00284626766600127
0.00222317719789089
0.00180343517897086
0.00156810120444106
0.00138267175486817
0.00116535670002804
0.000909072817023571
0.000643551878454218
0.000412769818325387
0.000266542343752008
0.000238520314610469
0.000320110604690171
0.000468380889628861
0.000640587582978469
0.000815680856192103
0.000992317339409965
0.00117648113473479
0.00136805011763386
0.00155324642037158
0.00170656822007231
0.00180052639464634
0.00181961112843965
0.00177755588026685
0.00173321357266332
0.00177406977996952
0.00190724103177331
0.00184905424305271
0.000961231094720461
-0.00114260823025347
-0.00387366805298939
-0.00652778942011878
-0.00905694408359636
-0.0115538245637481
-0.0136786471038874
-0.0140300104867208
-0.0115778164833102
-0.00818836110028087
-0.00782316433856067
-0.0128586030712086
-0.020634960407051
-0.024829072131638
-0.0227174945521824
-0.0172834635492336
-0.0119231402528897
-0.00789965870495735
-0.00519450038538594
-0.00345925510458756
-0.00237105890477096
-0.00169790848048024
-0.00128510535546411
-0.00103264063966435
-0.000877897754492096
-0.000784061704450778
-0.000731914528984134
-0.000713951120445699
-0.00073014927437498
-0.000785005394021709
-0.000884770035014526
-0.00103267394635509
-0.00122194476759319
-0.00143020040255237
-0.00162221347466129
-0.00176507697347006
-0.00184841031369842
-0.0018942514223852
-0.00195388150103781
-0.00211107797909449
-0.00249121834272614
-0.0031704971981128
-0.00376652042888281
-0.003441646967417
-0.00290623081156127
-0.00268344235720974
-0.00214720463631579
-0.00153217438736419
-0.00107434061646927
-0.000791322563031827
-0.00063771210534469
-0.000568323166305618
-0.000548450174164827
-0.000553512791157118
-0.000567967894937738
-0.00058519855627992
-0.000607869310442766
-0.000648148201776166
-0.00072553074659254
-0.000863953353302804
-0.00108903996931531
-0.0014275913784445
-0.00190953919343428
-0.00256650256602597
-0.00339511752045496
-0.00420034007575509
-0.00434609015442788
-0.00341202621712
-0.00253733700716907
-0.00200379712822496
-0.00133165700688664
-0.000733013649778513
-0.000325173221682462
-5.10813613630035e-05
0.000174638081773537
0.000408473255220088
0.000660227428284088
0.000899769148077212
0.00108244524454904
0.00117417187084357
0.00116158194174432
0.00104787289956221
0.000843258796123791
0.000557309753901336
0.00019613199953028
-0.000237543318348798
-0.000741517958147142
-0.00131077371179344
-0.00193256521896501
-0.00258053578505724
-0.00320841131440375
-0.00374742459285926
-0.00411393141774852
-0.00423432400253887
-0.00408399980500462
-0.00371567221435498
-0.00323752136210942
-0.00273128186734084
-0.00218428608533827
-0.00153302925909315
-0.000773359154493392
2.19602114270856e-05
0.000794297960737822
0.00155149226799267
0.00232436292435523
0.0031048941195877
0.00383322262820229
0.00442990089055684
0.00483819651009298
0.005042521955545
0.00505424591068504
0.00488382667640508
0.00452258230865255
0.00394584365182027
0.0031344926654242
0.00210504946807077
0.000932232069317251
-0.000256727972214321
-0.00132975852551453
-0.00221993534665899
-0.00296009883271608
-0.00363822305615713
-0.00431068514217259
-0.00494557728103473
-0.00542039746420642
-0.00558724178034709
-0.0053875792715985
-0.00489441820406
-0.00422779589115407
-0.00346005446516529
-0.00263298272074053
-0.00181759052253483
-0.00109598996544946
-0.000519273513077678
-9.03055408230102e-05
0.000230082619623317
0.000491073848252199
0.000717337300670806
0.000896127616556441
0.000991073889622385
0.000975086678067782
0.000861444249267151
0.000704902802795004
0.000561106716645554
0.000423883150801885
0.000183475457049553
-0.000369615449358207
-0.00150328638426345
-0.00340281136601561
-0.00568596281169675
-0.00710818071070207
-0.00792648169323229
-0.0109743547582752
-0.0134941058327342
-0.0118981491326053
-0.00853346282525536
-0.00584445825069224
-0.00448334702696229
-0.00413549194888674
-0.00397077926095335
-0.00311553005616361
-0.00146214151897084
0.000204858352503834
0.00111621822895813
0.00116375797887258
0.000693556323483335
6.22168982999938e-05
-0.000580913095404867
-0.00129845023622011
-0.00230562235969956
-0.00391919829922927
-0.00643149977719304
-0.00963622515115503
-0.0120518928170554
-0.0121237686556697
-0.0114869225242842
-0.0107340136779044
-0.0085327522825196
-0.00632722763072024
-0.00541342526361177
-0.00546749312491102
-0.00549361667268045
-0.00479686290688619
-0.00342459394175876
-0.00190957250012502
-0.000728261895233118
-4.52526904837214e-05
0.000207633910065397
0.000170996550252767
-3.42836870004248e-05
-0.000329181126801359
-0.00067186256558216
-0.00105127018201756
-0.00148454581960777
-0.00201361149976265
-0.00269730904278731
-0.00359645646597073
-0.00474835726294032
-0.00612641049002605
-0.00758679785661798
-0.00883235706794494
-0.00947721900956822
-0.00929323284992734
-0.00851221315656403
-0.00777704567411774
-0.00758102469688993
-0.00777922171124601
-0.00777897746218059
-0.00712938597047241
-0.00583468828807554
-0.00421807033745836
-0.00263870036931735
-0.00132827082666154
-0.000373601150016611
0.000237321273743873
0.00056834537076611
0.000705335789774608
0.000740085770445376
0.00075529582588274
0.000787703235971549
0.00074504846736545
0.000323296944770846
-0.00085060847254681
-0.00268439714901092
-0.00430312452337489
-0.00484445816795187
-0.00458352245047422
-0.00457210935778107
-0.00538984412656873
-0.00685933532196259
-0.0084021234414422
-0.0092594265588275
-0.00880495676369719
-0.00702840008415251
-0.00462720972649322
-0.00252017295920837
-0.00132088784354778
-0.00115847331727537
-0.00176412218166888
-0.0026563085064879
-0.0033499758522737
-0.00353543860853733
-0.00315819592699995
-0.00237053709994939
-0.001406874616805
-0.00047072346021082
0.00031694646906999
0.00091532337265221
0.00133806299373873
0.00162651003776659
0.00182888149069527
0.00198420169184033
0.00210794715016505
0.00218174367461188
0.00215490958410669
0.00196646032790682
0.00158985047349347
0.00108193454195771
0.000590250071041964
0.000278022049826632
0.000201982874870055
0.000252686760404686
0.000216116013973533
-8.52540260609658e-05
-0.000623845419767122
-0.00107611697330867
-0.00101828545595595
-0.000332811556091883
0.000667965682765725
0.00155885304664594
0.0021328050436864
0.00242641462477877
0.00256469290249584
0.002644184871059
0.00270672373403613
0.00275708345043313
0.00278330691827477
0.00276925149478302
0.00270157229920187
0.00257425192273786
0.00239306352511903
0.00217944551295091
0.00197042382410473
0.00180878645394955
0.0017237988814145
0.00171558323103227
0.0017576939903563
0.0018130941192851
0.00184879889175704
0.00184138260195255
0.00177682313307059
0.00165172320265583
0.00147863943311677
0.00129228849843344
0.0011475598249433
0.00110281783705091
0.00119343424032081
0.0014139800441626
0.00172318825875095
0.00206717976070081
0.00240172326471111
0.00269918531969893
0.00293812751905875
0.00308536529658454
0.00308670866644434
0.0028852809030866
0.00247766251959547
0.00197756255815307
0.00160509383562157
0.001555700013256
0.00185548243436529
0.00236325403690785
0.00294048119187096
0.00364089869364648
0.00450525172723815
0.00451844117677069
0.00194259053287738
-0.0019633850101286
-0.00406723543733278
-0.00391289223244939
-0.00274149591916739
-0.00143585143774771
-0.000286803913951417
0.00066614491700534
0.00138492550760816
0.00172246661378495
0.00148704382141318
0.000687006007638047
-0.000277866618603184
-0.00081441520194403
-0.000654587495318992
-6.84452494681409e-05
0.000503430630516277
0.000828959123566619
0.000899547103472287
0.000779143416451689
0.000534217114989133
0.000266675570514963
0.000127886590206572
0.000241373587783755
0.000613431527796138
0.00114068754442087
0.00171456182584961
0.00233221220113933
0.00307135428201377
0.00378420628166509
0.00413119538578144
0.00421740420364358
0.00428169721899962
0.00443018954854324
0.00469574379380333
0.00498151520034185
0.00498576735452616
0.00435539382337424
0.00320306003942505
0.00227393659457675
0.00204466443776141
0.00227609042724453
0.00256398235976008
0.00268977062845011
0.00255868659593261
0.00211132222815991
0.00137955202816897
0.000600941518769105
0.000172595271408227
0.000363342689269075
0.00106069597549663
0.00186702875382139
0.0024334534387549
0.00267050825897286
0.00269674282904475
0.00267934563424888
0.00273527867022949
0.00291926482987037
0.00324834603659951
0.00372497588330134
0.00435002034393506
0.00513062925477925
0.00608951777891775
0.00728164195606951
0.00881966721877347
0.0108988817970612
0.0137570843605772
0.0173618008858512
0.0206322847695617
0.0211242801029243
0.016963919158286
0.00912055986290738
0.000458943993919547
-0.00652432552428195
-0.0104824926516756
-0.0109563580430461
-0.00820320478212011
-0.00337730954313997
0.00140447653507181
0.00378964637448576
0.00290597546026561
0.00127584609543874
0.00313788994787956
0.00731374960594167
0.00956685841657645
0.00954373247097351
0.00849176284845043
0.00729970528468016
0.00631207308643411
0.00553053158824923
0.00487242468594218
0.00428727053858324
0.0037653657969372
0.00332187610752044
0.00298487901062572
0.0027816082770471
0.00271542788254919
0.0027500668409175
0.00283704171266663
0.00297258884174312
0.00320923287944197
0.0036168290584726
0.00426054747038052
0.00515303355541619
0.0061001870221844
0.00679006850745623
0.00739320826781409
0.00842326208783106
0.00990274529044655
0.0113956066805088
0.0124553478642042
0.012797218840177
0.0123084320513556
0.0110660702823395
0.00926544396762097
0.00680193679158947
0.00321130899649802
-0.00063673510908302
-0.00247541986908573
-0.00193193239184097
-0.000989375248394708
-0.00146600509509653
-0.0038398728641198
-0.0073278716428149
-0.0106882391825991
-0.0132250765894071
-0.0144897982501391
-0.0134411926033806
-0.00974493818972633
-0.00483565409936659
-0.000613931128157219
0.00202596828202672
0.00329151150779694
0.0037665648378038
0.00390028009888965
0.00391515708741963
0.00388846732590764
0.00383044707064073
0.00372096797818244
0.00351765283568284
0.00315024673014364
0.00250888199104793
0.00143430822774349
-0.000270827804627061
-0.00276296763246364
-0.00594962967781498
-0.00919667675347569
-0.0113117848421496
-0.0111675002578693
-0.00836928304437379
-0.00310490522181794
0.00420196100137105
0.0122262533430728
0.0188071669349199
0.0224133933635073
0.0226723528840012
0.0203398520248754
0.0169207980960095
0.0136122779714754
0.0104329322958563
0.0064129590526818
0.00109597886321922
-0.00382138765075979
-0.00572160097078722
-0.0042291947721651
-0.00156012980312425
0.000242639242031828
0.000850175485567206
0.000855882031913779
0.000877309336289045
0.00125648380588927
0.00201958449963513
0.00297606383981019
0.0038986591732737
0.00463585836385505
0.00508062480975013
0.00502887731457236
0.00399628108382899
0.00120868870467916
-0.00359809959604718
-0.00793413112987196
-0.00538287192597409
0.00350832696227599
0.00653206377876359
0.00520976595197453
0.00299935631886683
0.000863753513158372
-0.00107717168518207
-0.00309414716070933
-0.00474371653069738
-0.00406640277006431
0.00177834413861433
0.0115291665103712
0.0170455538572867
0.0148688839018973
0.010132339411939
0.00631247276672298
0.00344884121261657
0.00111100018074239
-0.000640398845064283
-0.00150348622440788
-0.00151012535809514
-0.00073266948064088
0.000537847544279657
0.00171087588540786
0.00247456499735677
0.00284041679066149
0.00295243829384617
0.00309732239855975
0.00406361611027251
0.00594644333773431
0.00457083260130275
0.00104072306328362
0.000465427696383358
0.00157709401094053
0.00268278732562521
0.00343196582264227
0.003905165080198
0.00420745660534294
0.00440742997653842
0.0045428549810822
0.00460260718426753
0.00450093295967235
0.00414352996358502
0.00355750984226688
0.0029263036438465
0.00258066901182019
0.00267803557107982
0.00241462405625725
0.00124642518528617
0.000353206353054247
0.000373501229944395
0.000897615315409439
0.00153133061786548
0.00215376605439133
0.00267879052273656
0.0026703750322099
0.000969446745102687
-0.00373001629583314
-0.0102346575658885
-0.0134941169349645
-0.0102003072655066
-0.00369453356796612
0.00058306692807264
0.00157935886591076
0.000981636993913071
-2.91322521661641e-05
-0.00108657527420064
-0.00206119565859808
-0.00282527334860561
-0.00335820260488617
-0.00420101731180011
-0.00681601441954172
-0.0115142784196109
-0.0130670141373912
-0.00762720997471433
-0.00110187414747998
0.00270359290510669
0.00356472629192695
0.00279860579155411
0.00165178981603731
0.000609090555769853
-0.000219091411679528
-0.00060054183848024
-0.000112287956710588
0.000934430310906009
0.000735433935972196
-0.000958078061330525
-0.00204334327236211
-0.00170681246913773
-0.00049897863618753
0.000338928884957568
0.000211763939717002
0.000672417677094472
0.00250697240744557
0.00431445990045631
0.00385484977272199
-0.00130382371565929
-0.00947124600969573
-0.0125395249739313
-0.00831221758090805
-0.000616329209890409
0.00483935114203859
0.00655555609796465
0.00616560136279531
0.0050309534316284
0.00361572993767822
0.00195550242665377
5.71098723867181e-05
-0.00185249593442904
-0.00324535953666327
-0.00369482222595252
-0.00348656659099333
-0.00324640314630642
-0.00321243032175289
-0.00322772919503223
-0.00315349968360579
-0.00295470314881641
-0.0025098589873096
-0.00176099135273944
-0.000775668418384612
0.000383071352416664
0.00163149493914716
0.00273281397511482
0.0033791414111306
0.00382824882905197
0.00694408974766247
0.0148715928460774
0.0119437792989174
0.00412543332828363
0.00243280950940061
0.00375959263720915
0.00459958737764055
0.00502480279607198
0.00710940195602916
0.00946200895413085
0.00832158786323589
0.00596105387273838
0.00434134950211273
0.0032719382758728
0.0021707302622076
0.000651478870850042
-0.00138022926421399
-0.00309061665149102
-0.00104791730848319
0.00876052563825169
0.00880358008714666
-0.00765529861723735
-0.0104416253421391
-0.0038370639998675
0.00385111942335925
0.0104453112825809
0.0101405550623213
0.00256563659206677
0.00122970522653532
0.00506481523387947
0.00885178597087588
0.0111794573598445
0.0122600152252517
0.011887224538043
0.0077591044700398
-0.00300763858263053
-0.0165658819994974
-0.0209821715557723
-0.00933364496802369
0.00161304303247789
0.00825324253383997
0.0102676311897199
0.00314790415956168
-0.0102325481421417
-0.019080248492287
-0.0174102288141853
-0.00997675275726806
-0.000755662199480867
0.00875477468298413
0.012983192299032
0.0061689098274087
-0.00728552773665569
-0.0159728230642031
-0.0100177643957977
0.00235453878616454
0.011567524715872
0.0158890456347649
0.0131884503318247
-0.000994382354235768
-0.0210158335178789
-0.0282551093633288
-0.0167365898917637
-0.0018075985153132
0.0010315970300212
-0.00307596170756597
-0.0112214459946358
-0.0215365059119677
-0.0274892553164818
-0.0231900720848444
-0.010502665404033
0.00481261697160562
0.0172906133855122
0.0203439487478363
0.0129839250462283
0.00473354688779182
0.000902011798586955
7.99582622335038e-05
0.000634492458573277
0.00176931802542413
0.00182978077134521
-0.000955324708229455
-0.00597684124414855
-0.00795750132454032
